[
  {
    "label_id": "-kZBe1CSBNx4Vln1QEyrHA",
    "size": [
      2.153597138417444,
      4.662434529255965,
      1.5800000000000125
    ],
    "obj_class": "vehicle",
    "point_num_in_lidar": 281,
    "speed": 0.007861335176835743,
    "if_vehicle": true,
    "motion_state": false,
    "pose": [
      [
        -0.05715040508655961,
        -0.9982270836246809,
        0.016628912069237486,
        10.086589054352544
      ],
      [
        0.9977474393320823,
        -0.057693128430604604,
        -0.034227916065145636,
        -12.380794039466622
      ],
      [
        0.03512660679193245,
        0.014635315167568224,
        0.9992757022189775,
        1.1036540651272162
      ],
      [
        0.0,
        0.0,
        0.0,
        1.0
      ]
    ],
    "location": [
      10.086589054352544,
      -12.380794039466622,
      1.1036540651272162
    ],
    "rotation": [
      0.014644876113508332,
      -0.0351338344666287,
      1.628013236974977
    ]
  },
  {
    "label_id": "5oX9fmLl0Z74-llNDr8wpg",
    "size": [
      2.0139788798168072,
      4.430995565915478,
      1.8100000000000023
    ],
    "obj_class": "vehicle",
    "point_num_in_lidar": 2018,
    "speed": 0.0019899795434006476,
    "if_vehicle": true,
    "motion_state": false,
    "pose": [
      [
        -0.9952826878829308,
        0.09558164302794799,
        0.016628912069237486,
        -2.0072477662217807
      ],
      [
        -0.09610547665110973,
        -0.9947824823143502,
        -0.034227916065145636,
        -12.385729944579055
      ],
      [
        0.013270589971493805,
        -0.03566458182255296,
        0.9992757022189775,
        1.1298756004775612
      ],
      [
        0.0,
        0.0,
        0.0,
        1.0
      ]
    ],
    "location": [
      -2.0072477662217807,
      -12.385729944579055,
      1.1298756004775612
    ],
    "rotation": [
      -0.035675289654747304,
      -0.013270979513109692,
      -3.0453301130909027
    ]
  },
  {
    "label_id": "6OjFlL7Q_guovcwo3zdcBQ",
    "size": [
      2.155029449602778,
      4.70536948148588,
      1.755650015166566
    ],
    "obj_class": "vehicle",
    "point_num_in_lidar": 40,
    "speed": 0.017920467335115615,
    "if_vehicle": true,
    "motion_state": false,
    "pose": [
      [
        -0.07460707094127023,
        -0.9970743524175907,
        0.016628912069237486,
        7.211097626545211
      ],
      [
        0.9965852858231373,
        -0.07514131914368519,
        -0.034227916065145636,
        22.74625622133027
      ],
      [
        0.03537729563406559,
        0.014018484525404691,
        0.9992757022189775,
        0.6659299170361237
      ],
      [
        0.0,
        0.0,
        0.0,
        1.0
      ]
    ],
    "location": [
      7.211097626545211,
      22.74625622133027,
      0.6659299170361237
    ],
    "rotation": [
      0.014027725258154662,
      -0.03538467922026994,
      1.6455196467529756
    ]
  },
  {
    "label_id": "6_1JJIYW81d3Ggc94_e4oQ",
    "size": [
      2.1065520253788157,
      4.845271544164966,
      1.4721932968977
    ],
    "obj_class": "vehicle",
    "point_num_in_lidar": 153,
    "speed": 0.004468499258465517,
    "if_vehicle": true,
    "motion_state": false,
    "pose": [
      [
        0.9993378815399193,
        -0.032361671815586024,
        0.016628912069237486,
        23.35142452280786
      ],
      [
        0.03291613046709042,
        0.9988718527002904,
        -0.034227916065145636,
        -2.236776559932025
      ],
      [
        -0.015502479620357801,
        0.03475261256926561,
        0.9992757022189775,
        0.6915487787617565
      ],
      [
        0.0,
        0.0,
        0.0,
        1.0
      ]
    ],
    "location": [
      23.35142452280786,
      -2.236776559932025,
      0.6915487787617565
    ],
    "rotation": [
      0.03476379102194237,
      0.015503100631266056,
      0.03292603548957811
    ]
  },
  {
    "label_id": "9dK1E7yukLqZV3xaj_wIig",
    "size": [
      2.095558623976749,
      4.606271177782434,
      1.8262575940847512
    ],
    "obj_class": "vehicle",
    "point_num_in_lidar": 417,
    "speed": 0.0023114316662009747,
    "if_vehicle": true,
    "motion_state": false,
    "pose": [
      [
        -0.016806899584597173,
        -0.9997204646348633,
        0.016628912069237486,
        10.868915303638119
      ],
      [
        0.9992631202412056,
        -0.017368543049068853,
        -0.034227916065145636,
        -22.23435595227747
      ],
      [
        0.03450716812726423,
        0.01604139341222597,
        0.9992757022189775,
        2.2533545380660485
      ],
      [
        0.0,
        0.0,
        0.0,
        1.0
      ]
    ],
    "location": [
      10.868915303638119,
      -22.23435595227747,
      2.2533545380660485
    ],
    "rotation": [
      0.016051641840953913,
      -0.03451402000369355,
      1.5876140344498655
    ]
  },
  {
    "label_id": "B9tn9-kjeoeV8sqY20oAJw",
    "size": [
      0.7410014254288284,
      0.0564697773877908,
      0.7199999999999989
    ],
    "obj_class": "sign",
    "point_num_in_lidar": 202,
    "speed": 0.004049795146477588,
    "if_vehicle": false,
    "motion_state": false,
    "pose": [
      [
        -0.03633989581172284,
        -0.9992011265284817,
        0.016628912069237486,
        -6.690423950886611
      ],
      [
        0.998732894017537,
        -0.03689249475425557,
        -0.034227916065145636,
        12.753106580496379
      ],
      [
        0.03481405434229916,
        0.015364002571612915,
        0.9992757022189775,
        2.6680106521556866
      ],
      [
        0.0,
        0.0,
        0.0,
        1.0
      ]
    ],
    "location": [
      -6.690423950886611,
      12.753106580496379,
      2.6680106521556866
    ],
    "rotation": [
      0.015373927387551438,
      -0.03482109072629989,
      1.6071662826294
    ]
  },
  {
    "label_id": "FJYkxRLHRb93ZMGg32MbWQ",
    "size": [
      2.2091201469361645,
      4.612479673477537,
      1.9199999999999875
    ],
    "obj_class": "vehicle",
    "point_num_in_lidar": 973,
    "speed": 3.580361673049448e-14,
    "if_vehicle": true,
    "motion_state": false,
    "pose": [
      [
        -0.9968295653822916,
        0.07780936231036333,
        0.016628912069237486,
        -2.0495949042256143
      ],
      [
        -0.07834203683882333,
        -0.9963387852662275,
        -0.034227916065145636,
        -19.595771345239683
      ],
      [
        0.013904777729121364,
        -0.035422141537078435,
        0.9992757022189775,
        2.0053754875211496
      ],
      [
        0.0,
        0.0,
        0.0,
        1.0
      ]
    ],
    "location": [
      -2.0495949042256143,
      -19.595771345239683,
      2.0053754875211496
    ],
    "rotation": [
      -0.03543298020507093,
      -0.013905225832987266,
      -3.0631626596775656
    ]
  },
  {
    "label_id": "JCDdYUT-UV2oxkxdT7TaPw",
    "size": [
      3.5590816235393254,
      6.254139630824458,
      2.4000000000000057
    ],
    "obj_class": "vehicle",
    "point_num_in_lidar": 138,
    "speed": 0.020302524717711355,
    "if_vehicle": true,
    "motion_state": false,
    "pose": [
      [
        -0.10468896494125284,
        -0.9943659788543264,
        0.016628912069237486,
        5.379630229457462
      ],
      [
        0.9938609988049856,
        -0.10520819747621339,
        -0.034227916065145636,
        55.7129575994704
      ],
      [
        0.03578457312705719,
        0.01294354205321647,
        0.9992757022189775,
        0.5385376253080381
      ],
      [
        0.0,
        0.0,
        0.0,
        1.0
      ]
    ],
    "location": [
      5.379630229457462,
      55.7129575994704,
      0.5385376253080381
    ],
    "rotation": [
      0.012952199493881775,
      -0.03579221476838145,
      1.6757449334205268
    ]
  },
  {
    "label_id": "M1ux1dJCnlFsX4da4hqWLg",
    "size": [
      2.0481922760723217,
      4.507813116800472,
      1.3662575940847432
    ],
    "obj_class": "vehicle",
    "point_num_in_lidar": 37,
    "speed": 0.040676677215976724,
    "if_vehicle": true,
    "motion_state": false,
    "pose": [
      [
        -0.09523253050840223,
        -0.9953161529968052,
        0.016628912069237486,
        11.49498222350212
      ],
      [
        0.994816131199553,
        -0.09575653955209003,
        -0.034227916065145636,
        -28.61240546372639
      ],
      [
        0.035659924819324465,
        0.013283098909863377,
        0.9992757022189775,
        2.801876647573039
      ],
      [
        0.0,
        0.0,
        0.0,
        1.0
      ]
    ],
    "location": [
      11.49498222350212,
      -28.61240546372639,
      2.801876647573039
    ],
    "rotation": [
      0.013291943958903032,
      -0.03566748685382267,
      1.6662342806527288
    ]
  },
  {
    "label_id": "NPVkr0F4V6lVcMg8i5hp5Q",
    "size": [
      0.7340305106376801,
      0.7444603608569043,
      1.8600000000000136
    ],
    "obj_class": "pedestrian",
    "point_num_in_lidar": 38,
    "speed": 1.1049531596455697,
    "if_vehicle": false,
    "motion_state": true,
    "pose": [
      [
        -0.45562149259325646,
        -0.8900182777732639,
        0.016628912069237486,
        -9.165286193451038
      ],
      [
        0.8893602385853054,
        -0.4559241338044369,
        -0.034227916065145636,
        18.584725675628107
      ],
      [
        0.038044993239346,
        -0.0008058810006472428,
        0.9992757022189775,
        0.5659499483060983
      ],
      [
        0.0,
        0.0,
        0.0,
        1.0
      ]
    ],
    "location": [
      -9.165286193451038,
      18.584725675628107,
      0.5659499483060983
    ],
    "rotation": [
      -0.0008064649467074455,
      -0.03805417707933456,
      2.044237444256342
    ]
  },
  {
    "label_id": "NjQjKUN8pI-ZQimlGuoBsQ",
    "size": [
      1.9460049702311972,
      4.277104600442166,
      1.4499999999999886
    ],
    "obj_class": "vehicle",
    "point_num_in_lidar": 272,
    "speed": 0.006757473124615342,
    "if_vehicle": true,
    "motion_state": false,
    "pose": [
      [
        -0.998340759255519,
        0.055129009536788266,
        0.016628912069237486,
        -5.491694612125798
      ],
      [
        -0.05567270298475297,
        -0.9978622148895151,
        -0.034227916065145636,
        23.703182146838515
      ],
      [
        0.014706411917432506,
        -0.035096900194801904,
        0.9992757022189775,
        0.2584759134357455
      ],
      [
        0.0,
        0.0,
        0.0,
        1.0
      ]
    ],
    "location": [
      -5.491694612125798,
      23.703182146838515,
      0.2584759134357455
    ],
    "rotation": [
      -0.03510790785033578,
      -0.01470694208261048,
      -3.0858851205570303
    ]
  },
  {
    "label_id": "Q175aDJRl7PlCgCobA9ChQ",
    "size": [
      0.8168809500625255,
      0.09569916411282975,
      0.8100000000000023
    ],
    "obj_class": "sign",
    "point_num_in_lidar": 78,
    "speed": 0.0010810877511236703,
    "if_vehicle": false,
    "motion_state": false,
    "pose": [
      [
        -0.9979190922919455,
        -0.06229738776716983,
        0.016628912069237486,
        14.613513001875958
      ],
      [
        0.06170133899585731,
        -0.9975075912131977,
        -0.034227916065145636,
        10.72347211989252
      ],
      [
        0.018719775782253673,
        -0.03313066479005871,
        0.9992757022189775,
        2.9747358713522374
      ],
      [
        0.0,
        0.0,
        0.0,
        1.0
      ]
    ],
    "location": [
      14.613513001875958,
      10.72347211989252,
      2.9747358713522374
    ],
    "rotation": [
      -0.03314253842036829,
      -0.018720869283221666,
      3.0798412628135274
    ]
  },
  {
    "label_id": "T3cNiktshsWqVrlPYROiKA",
    "size": [
      2.097513946648858,
      4.8260551870852515,
      1.4499999999999886
    ],
    "obj_class": "vehicle",
    "point_num_in_lidar": 4343,
    "speed": 0.013258059336961113,
    "if_vehicle": true,
    "motion_state": false,
    "pose": [
      [
        0.9965588180067575,
        -0.08120345766263937,
        0.016628912069237486,
        -16.743959002057636
      ],
      [
        0.08173445782795234,
        0.9960662267968974,
        -0.034227916065145636,
        -5.410649147296965
      ],
      [
        -0.013784072567466341,
        0.03546928668896386,
        0.9992757022189775,
        0.5881541139411013
      ],
      [
        0.0,
        0.0,
        0.0,
        1.0
      ]
    ],
    "location": [
      -16.743959002057636,
      -5.410649147296965,
      0.5881541139411013
    ],
    "rotation": [
      0.03548010024142479,
      0.013784509101930811,
      0.08183352928472823
    ]
  },
  {
    "label_id": "YKPb1MkzJMFBs5crX5wDgA",
    "size": [
      2.1866969615546603,
      4.975542376081814,
      1.5300000000000011
    ],
    "obj_class": "vehicle",
    "point_num_in_lidar": 60,
    "speed": 7.744549462661215,
    "if_vehicle": true,
    "motion_state": true,
    "pose": [
      [
        -0.9976383642195497,
        0.06664213022356683,
        0.016628912069237486,
        36.56733593568924
      ],
      [
        -0.0671802670393298,
        -0.9971535796868813,
        -0.034227916065145636,
        6.163850437121951
      ],
      [
        0.014300557956443794,
        -0.03526421694726085,
        0.9992757022189775,
        0.697986011006293
      ],
      [
        0.0,
        0.0,
        0.0,
        1.0
      ]
    ],
    "location": [
      36.56733593568924,
      6.163850437121951,
      0.697986011006293
    ],
    "rotation": [
      -0.03527513860047896,
      -0.014301045426189655,
      -3.0743548647850303
    ]
  },
  {
    "label_id": "ZFvMr9wN9-CPPx0LnQsiyw",
    "size": [
      0.910674913970319,
      0.6788900799441303,
      1.740000000000009
    ],
    "obj_class": "pedestrian",
    "point_num_in_lidar": 31,
    "speed": 0.007062621343878394,
    "if_vehicle": false,
    "motion_state": false,
    "pose": [
      [
        -0.9686471482886092,
        -0.24788340282426904,
        0.016628912069237486,
        36.00781075577231
      ],
      [
        0.24722089531509603,
        -0.9683544179077409,
        -0.034227916065145636,
        -5.133286363731457
      ],
      [
        0.024587212773057237,
        -0.029043758758492296,
        0.9992757022189775,
        0.9426182875517952
      ],
      [
        0.0,
        0.0,
        0.0,
        1.0
      ]
    ],
    "location": [
      36.00781075577231,
      -5.133286363731457,
      0.9426182875517952
    ],
    "rotation": [
      -0.02905663018783632,
      -0.02458969073607067,
      2.8917044306114543
    ]
  },
  {
    "label_id": "_8n2ltih6YGV4VvLcYeuvA",
    "size": [
      0.41565201678288494,
      0.05391781688397976,
      0.18345640068281455
    ],
    "obj_class": "sign",
    "point_num_in_lidar": 36,
    "speed": 0.004001246622048219,
    "if_vehicle": false,
    "motion_state": false,
    "pose": [
      [
        -0.036339895814284075,
        -0.9992011265283886,
        0.016628912069237486,
        -6.6889867915482455
      ],
      [
        0.9987328940174424,
        -0.03689249475681561,
        -0.034227916065145636,
        12.75368216135891
      ],
      [
        0.034814054342338537,
        0.015364002571523677,
        0.9992757022189775,
        2.201261326055544
      ],
      [
        0.0,
        0.0,
        0.0,
        1.0
      ]
    ],
    "location": [
      -6.6889867915482455,
      12.75368216135891,
      2.201261326055544
    ],
    "rotation": [
      0.015373927387462157,
      -0.03482109072633929,
      1.6071662826319646
    ]
  },
  {
    "label_id": "_SFSfPAKVug3laTRe36P7A",
    "size": [
      1.512476999956423,
      4.834983194317003,
      1.5800000000000125
    ],
    "obj_class": "vehicle",
    "point_num_in_lidar": 1031,
    "speed": 1.7763568394002505e-14,
    "if_vehicle": true,
    "motion_state": false,
    "pose": [
      [
        0.9957703029280163,
        0.09036029598247468,
        0.016628912069237486,
        -4.071180151369731
      ],
      [
        -0.0897529011799926,
        0.9953757413618296,
        -0.034227916065145636,
        13.389026192550375
      ],
      [
        -0.019644860305467797,
        0.032590649247103726,
        0.9992757022189775,
        2.439733122162579
      ],
      [
        0.0,
        0.0,
        0.0,
        1.0
      ]
    ],
    "location": [
      -4.071180151369731,
      13.389026192550375,
      2.439733122162579
    ],
    "rotation": [
      0.032602715233631174,
      0.01964612408412443,
      -0.08989123607497923
    ]
  },
  {
    "label_id": "_cqh80UXdkf7A2Uf9Nd09w",
    "size": [
      2.744648731977091,
      7.000101787777974,
      2.3102425954895978
    ],
    "obj_class": "vehicle",
    "point_num_in_lidar": 3197,
    "speed": 3.7221458391556904e-14,
    "if_vehicle": true,
    "motion_state": false,
    "pose": [
      [
        0.998644853614779,
        -0.049314659403774073,
        0.016628912069237486,
        -3.0104291858052648
      ],
      [
        0.04986113023467749,
        0.9981694833311415,
        -0.034227916065145636,
        13.273276314099334
      ],
      [
        -0.014910534545656138,
        0.035010668578761554,
        0.9992757022189775,
        0.9566461380969429
      ],
      [
        0.0,
        0.0,
        0.0,
        1.0
      ]
    ],
    "location": [
      -3.0104291858052648,
      13.273276314099334,
      0.9566461380969429
    ],
    "rotation": [
      0.03502171979040327,
      0.01491108709598582,
      0.049887364103598716
    ]
  },
  {
    "label_id": "aLKLRVALSecdklsZzsqb1w",
    "size": [
      2.2791812515326493,
      4.723665906330695,
      1.6483726207747225
    ],
    "obj_class": "vehicle",
    "point_num_in_lidar": 24,
    "speed": 0.01226722101909551,
    "if_vehicle": true,
    "motion_state": false,
    "pose": [
      [
        0.9940296173269759,
        -0.10783598267823025,
        0.016628912069237486,
        28.78218071339984
      ],
      [
        0.10835361416020073,
        0.9935229962412846,
        -0.034227916065145636,
        -1.7467849472619719
      ],
      [
        -0.012830205579348723,
        0.035825365030390625,
        0.9992757022189775,
        0.725481078734191
      ],
      [
        0.0,
        0.0,
        0.0,
        1.0
      ]
    ],
    "location": [
      28.78218071339984,
      -1.7467849472619719,
      0.725481078734191
    ],
    "rotation": [
      0.03583598378442999,
      0.01283055761104478,
      0.10857573544481644
    ]
  },
  {
    "label_id": "auXhaEEj7_TnIkSP3tzCWw",
    "size": [
      1.9383903580787674,
      4.5786654796276824,
      1.5670055110724945
    ],
    "obj_class": "vehicle",
    "point_num_in_lidar": 512,
    "speed": 0.027081067381043607,
    "if_vehicle": true,
    "motion_state": false,
    "pose": [
      [
        -0.3428706757574745,
        0.9392354225586929,
        0.016628912069237486,
        3.355283384426116
      ],
      [
        -0.9390099448625123,
        -0.34218236835222665,
        -0.034227916065145636,
        14.369872602218805
      ],
      [
        -0.026457950693777925,
        -0.027350462516284858,
        0.9992757022189775,
        0.7421502288666488
      ],
      [
        0.0,
        0.0,
        0.0,
        1.0
      ]
    ],
    "location": [
      3.355283384426116,
      14.369872602218805,
      0.7421502288666488
    ],
    "rotation": [
      -0.027363455166644055,
      0.02646103852959685,
      -1.9208952670012314
    ]
  },
  {
    "label_id": "djwJETMnF8x4cVGX3MsC8A",
    "size": [
      1.9823390091466784,
      4.458846597593478,
      1.4782598895759236
    ],
    "obj_class": "vehicle",
    "point_num_in_lidar": 28,
    "speed": 0.008224153855829808,
    "if_vehicle": true,
    "motion_state": false,
    "pose": [
      [
        -0.9960792732328121,
        0.0868882081722619,
        0.016628912069237486,
        18.07063604380312
      ],
      [
        -0.08741638911316499,
        -0.9955836603099978,
        -0.034227916065145636,
        9.418734903619736
      ],
      [
        0.013581470848493472,
        -0.03554735720641703,
        0.9992757022189775,
        0.5860345076937108
      ],
      [
        0.0,
        0.0,
        0.0,
        1.0
      ]
    ],
    "location": [
      18.07063604380312,
      9.418734903619736,
      0.5860345076937108
    ],
    "rotation": [
      -0.03555812882182921,
      -0.01358188841457894,
      -3.054056451641384
    ]
  },
  {
    "label_id": "eYuikztkR3GVWeq2x3R4vg",
    "size": [
      2.0826523780188433,
      4.727294552036573,
      1.6500000000000057
    ],
    "obj_class": "vehicle",
    "point_num_in_lidar": 56,
    "speed": 0.01596827639725777,
    "if_vehicle": true,
    "motion_state": false,
    "pose": [
      [
        -0.9985640711519146,
        0.050924209251668386,
        0.016628912069237486,
        -5.545566376128818
      ],
      [
        -0.05146991317180189,
        -0.998087820685096,
        -0.034227916065145636,
        26.353918794961984
      ],
      [
        0.014854085047599315,
        -0.03503465587340303,
        0.9992757022189775,
        0.46244218158247463
      ],
      [
        0.0,
        0.0,
        0.0,
        1.0
      ]
    ],
    "location": [
      -5.545566376128818,
      26.353918794961984,
      0.46244218158247463
    ],
    "rotation": [
      -0.035045695021231386,
      -0.014854631345576704,
      -3.0900943012758573
    ]
  },
  {
    "label_id": "hIXIgHw3ha67NHMRblswLg",
    "size": [
      2.014083700009068,
      3.9843474780506,
      1.6662575940847546
    ],
    "obj_class": "vehicle",
    "point_num_in_lidar": 418,
    "speed": 0.02953193773269921,
    "if_vehicle": true,
    "motion_state": false,
    "pose": [
      [
        -0.05715040508654985,
        -0.9982270836246815,
        0.016628912069237486,
        10.33011572243629
      ],
      [
        0.9977474393320829,
        -0.05769312843059486,
        -0.034227916065145636,
        -16.983283203430858
      ],
      [
        0.0351266067919323,
        0.014635315167568566,
        0.9992757022189775,
        1.7522803034853212
      ],
      [
        0.0,
        0.0,
        0.0,
        1.0
      ]
    ],
    "location": [
      10.33011572243629,
      -16.983283203430858,
      1.7522803034853212
    ],
    "rotation": [
      0.014644876113508676,
      -0.03513383446662855,
      1.6280132369749671
    ]
  },
  {
    "label_id": "hb0ASarWGWDxr2SxCcea0A",
    "size": [
      0.4288018488109255,
      0.07469978022218265,
      0.6044489512381972
    ],
    "obj_class": "sign",
    "point_num_in_lidar": 22,
    "speed": 0.005673844792861007,
    "if_vehicle": false,
    "motion_state": false,
    "pose": [
      [
        -0.8858011268192049,
        -0.4637670137140204,
        0.016628912069237486,
        25.9066194021583
      ],
      [
        0.4630549784989923,
        -0.8856684123582229,
        -0.034227916065145636,
        -3.6066496039894673
      ],
      [
        0.03060148057079279,
        -0.022619026098496774,
        0.9992757022189775,
        2.5162790732268547
      ],
      [
        0.0,
        0.0,
        0.0,
        1.0
      ]
    ],
    "location": [
      25.9066194021583,
      -3.6066496039894673,
      2.5162790732268547
    ],
    "rotation": [
      -0.022631556226335,
      -0.030606258713796675,
      2.659908963403685
    ]
  },
  {
    "label_id": "hmBHz0-xRezKX2tSDNT3Gw",
    "size": [
      1.7247351383281222,
      3.647309105144183,
      1.3923338815695843
    ],
    "obj_class": "vehicle",
    "point_num_in_lidar": 38,
    "speed": 8.881784197001252e-14,
    "if_vehicle": true,
    "motion_state": false,
    "pose": [
      [
        -0.0746070709412844,
        -0.9970743524175896,
        0.016628912069237486,
        5.469483484186412
      ],
      [
        0.9965852858231362,
        -0.07514131914369934,
        -0.034227916065145636,
        48.95112011296436
      ],
      [
        0.03537729563406579,
        0.01401848452540419,
        0.9992757022189775,
        -0.41539421930758635
      ],
      [
        0.0,
        0.0,
        0.0,
        1.0
      ]
    ],
    "location": [
      5.469483484186412,
      48.95112011296436,
      -0.41539421930758635
    ],
    "rotation": [
      0.014027725258154159,
      -0.035384679220270145,
      1.6455196467529898
    ]
  },
  {
    "label_id": "i4WEZxXNh4J1GX9xl5n5eQ",
    "size": [
      1.93229812372947,
      4.718592850396311,
      1.4782598895759236
    ],
    "obj_class": "vehicle",
    "point_num_in_lidar": 27,
    "speed": 0.0014572509071652357,
    "if_vehicle": true,
    "motion_state": false,
    "pose": [
      [
        -0.996079273232816,
        0.08688820817221721,
        0.016628912069237486,
        24.231400586493237
      ],
      [
        -0.08741638911312034,
        -0.9955836603100017,
        -0.034227916065145636,
        9.776800970289258
      ],
      [
        0.013581470848495068,
        -0.03554735720641642,
        0.9992757022189775,
        0.5860345076937108
      ],
      [
        0.0,
        0.0,
        0.0,
        1.0
      ]
    ],
    "location": [
      24.231400586493237,
      9.776800970289258,
      0.5860345076937108
    ],
    "rotation": [
      -0.0355581288218286,
      -0.013581888414580535,
      -3.054056451641429
    ]
  },
  {
    "label_id": "nBHdqL99senel5XF57qANg",
    "size": [
      2.790137765875429,
      6.283840489035793,
      3.4623338815695774
    ],
    "obj_class": "vehicle",
    "point_num_in_lidar": 41,
    "speed": 1.0660453750117864e-13,
    "if_vehicle": true,
    "motion_state": false,
    "pose": [
      [
        -0.0746070709412791,
        -0.9970743524175901,
        0.016628912069237486,
        3.6637623073957
      ],
      [
        0.9965852858231367,
        -0.07514131914369404,
        -0.034227916065145636,
        68.76485101343393
      ],
      [
        0.03537729563406571,
        0.01401848452540438,
        0.9992757022189775,
        0.5912884894325146
      ],
      [
        0.0,
        0.0,
        0.0,
        1.0
      ]
    ],
    "location": [
      3.6637623073957,
      68.76485101343393,
      0.5912884894325146
    ],
    "rotation": [
      0.014027725258154348,
      -0.03538467922027007,
      1.6455196467529847
    ]
  },
  {
    "label_id": "nsj7sgrIH9erlwVfmWHNxQ",
    "size": [
      2.1981467431112782,
      4.580517552099105,
      1.710000000000008
    ],
    "obj_class": "vehicle",
    "point_num_in_lidar": 3304,
    "speed": 0.003992262020462835,
    "if_vehicle": true,
    "motion_state": false,
    "pose": [
      [
        -0.9974486444775263,
        0.06942392176576381,
        0.016628912069237486,
        -18.48155848133638
      ],
      [
        -0.06996070460131666,
        -0.996962361161907,
        -0.034227916065145636,
        6.507170311911665
      ],
      [
        0.014202163272988934,
        -0.03530395888758725,
        0.9992757022189775,
        0.7855429920560084
      ],
      [
        0.0,
        0.0,
        0.0,
        1.0
      ]
    ],
    "location": [
      -18.48155848133638,
      6.507170311911665,
      0.7855429920560084
    ],
    "rotation": [
      -0.03531485982334398,
      -0.014202640749129712,
      -3.071567678485159
    ]
  },
  {
    "label_id": "wXzm9HyGat82X2noN_2ETQ",
    "size": [
      0.4928979879515032,
      0.060914065595576425,
      0.612229061401024
    ],
    "obj_class": "sign",
    "point_num_in_lidar": 31,
    "speed": 0.003872503600791254,
    "if_vehicle": false,
    "motion_state": false,
    "pose": [
      [
        -0.03633989581433378,
        -0.9992011265283868,
        0.016628912069237486,
        -6.689043680467762
      ],
      [
        0.9987328940174406,
        -0.03689249475686528,
        -0.034227916065145636,
        12.752962924336785
      ],
      [
        0.03481405434233931,
        0.015364002571521946,
        0.9992757022189775,
        3.3576011205073826
      ],
      [
        0.0,
        0.0,
        0.0,
        1.0
      ]
    ],
    "location": [
      -6.689043680467762,
      12.752962924336785,
      3.3576011205073826
    ],
    "rotation": [
      0.015373927387460424,
      -0.034821090726340063,
      1.6071662826320143
    ]
  },
  {
    "label_id": "yprhc4wCTTWWmKyZH8Fnbw",
    "size": [
      2.121634649929325,
      4.232958032311484,
      1.6466765708208584
    ],
    "obj_class": "vehicle",
    "point_num_in_lidar": 513,
    "speed": 5.996183066552858,
    "if_vehicle": true,
    "motion_state": true,
    "pose": [
      [
        -0.9977113074893966,
        0.06554102677859389,
        0.016628912069237486,
        4.022458886558184
      ],
      [
        -0.0660796983084248,
        -0.9972271171770777,
        -0.034227916065145636,
        3.9048232900454423
      ],
      [
        0.014339469281195637,
        -0.035248412382726316,
        0.9992757022189775,
        0.9096509546776872
      ],
      [
        0.0,
        0.0,
        0.0,
        1.0
      ]
    ],
    "location": [
      4.022458886558184,
      3.9048232900454423,
      0.9096509546776872
    ],
    "rotation": [
      -0.03525934224390386,
      -0.014339960741190061,
      -3.075457961149891
    ]
  },
  {
    "label_id": "zkifBz685RBOb_ccW22PWw",
    "size": [
      2.012493013272186,
      4.458576926140719,
      1.5999999999999943
    ],
    "obj_class": "vehicle",
    "point_num_in_lidar": 113,
    "speed": 0.019321170765387648,
    "if_vehicle": true,
    "motion_state": false,
    "pose": [
      [
        -0.9985169665941258,
        0.05183962487382613,
        0.016628912069237486,
        -1.4698046436594723
      ],
      [
        -0.05238489196040333,
        -0.9980402160515048,
        -0.034227916065145636,
        -22.049031839679742
      ],
      [
        0.014821960665253297,
        -0.035048258684373626,
        0.9992757022189775,
        1.673729445429501
      ],
      [
        0.0,
        0.0,
        0.0,
        1.0
      ]
    ],
    "location": [
      -1.4698046436594723,
      -22.049031839679742,
      1.673729445429501
    ],
    "rotation": [
      -0.03505929097309899,
      -0.014822503426282059,
      -3.089178009998738
    ]
  }
]