[
  {
    "label_id": "-kZBe1CSBNx4Vln1QEyrHA",
    "size": [
      2.1535971384174433,
      4.662434529255965,
      1.5800000000000125
    ],
    "obj_class": "vehicle",
    "point_num_in_lidar": 268,
    "speed": 0.007861335242557771,
    "if_vehicle": true,
    "motion_state": false,
    "pose": [
      [
        -0.05715274979545561,
        -0.9982680378737285,
        0.013945886510151141,
        10.092378269470487
      ],
      [
        0.9977462782294141,
        -0.05760361690425498,
        -0.03441202695135187,
        -12.36283689486649
      ],
      [
        0.03515576012790486,
        0.011947714395808003,
        0.9993104245681346,
        1.1036540651271878
      ],
      [
        0.0,
        0.0,
        0.0,
        1.0
      ]
    ],
    "location": [
      10.092378269470487,
      -12.36283689486649,
      1.1036540651271878
    ],
    "rotation": [
      0.01195538929887328,
      -0.03516300582005896,
      1.6280156457343458
    ]
  },
  {
    "label_id": "5oX9fmLl0Z74-llNDr8wpg",
    "size": [
      2.013978879816805,
      4.430995565915478,
      1.8100000000000023
    ],
    "obj_class": "vehicle",
    "point_num_in_lidar": 2013,
    "speed": 0.0019899795599069266,
    "if_vehicle": true,
    "motion_state": false,
    "pose": [
      [
        -0.9953235213322943,
        0.09558556445472281,
        0.013945886510151141,
        -2.0025873840877466
      ],
      [
        -0.09601598688237586,
        -0.9947847720306655,
        -0.03441202695135187,
        -12.386774317727742
      ],
      [
        0.010583862512590131,
        -0.035590127897623135,
        0.9993104245681346,
        1.1385397360344314
      ],
      [
        0.0,
        0.0,
        0.0,
        1.0
      ]
    ],
    "location": [
      -2.0025873840877466,
      -12.386774317727742,
      1.1385397360344314
    ],
    "rotation": [
      -0.035599640400171335,
      -0.010584060119993462,
      -3.0454231184254223
    ]
  },
  {
    "label_id": "6OjFlL7Q_guovcwo3zdcBQ",
    "size": [
      2.155029449602775,
      4.70536948148588,
      1.755650015166566
    ],
    "obj_class": "vehicle",
    "point_num_in_lidar": 94,
    "speed": 0.008238110326907596,
    "if_vehicle": true,
    "motion_state": false,
    "pose": [
      [
        -0.07461013184455996,
        -0.9971152593735507,
        0.013945886510151141,
        7.2175655357214055
      ],
      [
        0.9965856910307017,
        -0.07505180100409507,
        -0.03441202695135187,
        22.706778224407714
      ],
      [
        0.035359421078352396,
        0.011330785076875802,
        0.9993104245681346,
        0.6631818144527131
      ],
      [
        0.0,
        0.0,
        0.0,
        1.0
      ]
    ],
    "location": [
      7.2175655357214055,
      22.706778224407714,
      0.6631818144527131
    ],
    "rotation": [
      0.011338118025177866,
      -0.03536679347423024,
      1.6455226707555939
    ]
  },
  {
    "label_id": "6_1JJIYW81d3Ggc94_e4oQ",
    "size": [
      2.106552025378817,
      4.845271544164966,
      1.4721932968977
    ],
    "obj_class": "vehicle",
    "point_num_in_lidar": 147,
    "speed": 0.004468499295825397,
    "if_vehicle": true,
    "motion_state": false,
    "pose": [
      [
        0.999378881361658,
        -0.03236299951745944,
        0.013945886510151141,
        23.350363391297492
      ],
      [
        0.03282667531807991,
        0.9988684707150691,
        -0.03441202695135187,
        -2.226104747824536
      ],
      [
        -0.01281642991953918,
        0.03484845008852078,
        0.9993104245681346,
        0.6915487787617565
      ],
      [
        0.0,
        0.0,
        0.0,
        1.0
      ]
    ],
    "location": [
      23.350363391297492,
      -2.226104747824536,
      0.6915487787617565
    ],
    "rotation": [
      0.034858371567221665,
      0.012816780818478046,
      0.03283527165383332
    ]
  },
  {
    "label_id": "9dK1E7yukLqZV3xaj_wIig",
    "size": [
      2.095558623976749,
      4.606271177782434,
      1.8262575940847512
    ],
    "obj_class": "vehicle",
    "point_num_in_lidar": 424,
    "speed": 0.005025070401222917,
    "if_vehicle": true,
    "motion_state": false,
    "pose": [
      [
        -0.016807589121040824,
        -0.9997614801528334,
        0.013945886510151141,
        10.869307663172435
      ],
      [
        0.9992583466398515,
        -0.01727915135908236,
        -0.03441202695135187,
        -22.233655962210236
      ],
      [
        0.03464479208378823,
        0.013357160286740132,
        0.9993104245681346,
        2.2815597897274813
      ],
      [
        0.0,
        0.0,
        0.0,
        1.0
      ]
    ],
    "location": [
      10.869307663172435,
      -22.233655962210236,
      2.2815597897274813
    ],
    "rotation": [
      0.013365581485004585,
      -0.034651726298770634,
      1.5876148046283933
    ]
  },
  {
    "label_id": "B9tn9-kjeoeV8sqY20oAJw",
    "size": [
      0.7410014254288282,
      0.0564697773877908,
      0.7199999999999989
    ],
    "obj_class": "sign",
    "point_num_in_lidar": 208,
    "speed": 0.003881106939658429,
    "if_vehicle": false,
    "motion_state": false,
    "pose": [
      [
        -0.03634138672813031,
        -0.9992421207395746,
        0.013945886510151141,
        -6.688920018183353
      ],
      [
        0.9987298681904798,
        -0.0368030268500632,
        -0.03441202695135187,
        12.743914102063528
      ],
      [
        0.034899197625497265,
        0.012677592616544716,
        0.9993104245681346,
        2.6424790739456796
      ],
      [
        0.0,
        0.0,
        0.0,
        1.0
      ]
    ],
    "location": [
      -6.688920018183353,
      12.743914102063528,
      2.6424790739456796
    ],
    "rotation": [
      0.012685660277588577,
      -0.03490628578058377,
      1.607167883560007
    ]
  },
  {
    "label_id": "FJYkxRLHRb93ZMGg32MbWQ",
    "size": [
      2.2091201469361637,
      4.612479673477537,
      1.9199999999999875
    ],
    "obj_class": "vehicle",
    "point_num_in_lidar": 987,
    "speed": 3.580361673049448e-14,
    "if_vehicle": true,
    "motion_state": false,
    "pose": [
      [
        -0.9968704622953771,
        0.0778125545940177,
        0.013945886510151141,
        -2.0495949042255006
      ],
      [
        -0.07825252046258893,
        -0.9963394780105582,
        -0.03441202695135187,
        -19.595771345239655
      ],
      [
        0.011217149560075596,
        -0.03539563398501966,
        0.9993104245681346,
        1.9906659335624397
      ],
      [
        0.0,
        0.0,
        0.0,
        1.0
      ]
    ],
    "location": [
      -2.0495949042255006,
      -19.595771345239655,
      1.9906659335624397
    ],
    "rotation": [
      -0.035405257488295434,
      -0.011217384805330579,
      -3.0632551109493487
    ]
  },
  {
    "label_id": "JCDdYUT-UV2oxkxdT7TaPw",
    "size": [
      3.5590816235393268,
      6.254139630824458,
      2.4000000000000057
    ],
    "obj_class": "vehicle",
    "point_num_in_lidar": 122,
    "speed": 0.03094333486960845,
    "if_vehicle": true,
    "motion_state": false,
    "pose": [
      [
        -0.10469326001400138,
        -0.9944067746938808,
        0.013945886510151141,
        5.353051880965495
      ],
      [
        0.9938641076604977,
        -0.10511873241864289,
        -0.03441202695135187,
        55.78230292686908
      ],
      [
        0.03568552664377406,
        0.01025760876671923,
        0.9993104245681346,
        0.5385376253080096
      ],
      [
        0.0,
        0.0,
        0.0,
        1.0
      ]
    ],
    "location": [
      5.353051880965495,
      55.78230292686908,
      0.5385376253080096
    ],
    "rotation": [
      0.01026432655669754,
      -0.03569310498355237,
      1.675748881704897
    ]
  },
  {
    "label_id": "M1ux1dJCnlFsX4da4hqWLg",
    "size": [
      2.0481922760723146,
      4.507813116800472,
      1.3662575940847432
    ],
    "obj_class": "vehicle",
    "point_num_in_lidar": 43,
    "speed": 0.010382325181522292,
    "if_vehicle": true,
    "motion_state": false,
    "pose": [
      [
        -0.09523643761214244,
        -0.9953569878191414,
        0.013945886510151141,
        11.506444762791716
      ],
      [
        0.9948183895261808,
        -0.09566704898571741,
        -0.03441202695135187,
        -28.580357093496588
      ],
      [
        0.03558641329896459,
        0.01059634550068366,
        0.9993104245681346,
        2.8200977213256238
      ],
      [
        0.0,
        0.0,
        0.0,
        1.0
      ]
    ],
    "location": [
      11.506444762791716,
      -28.580357093496588,
      2.8200977213256238
    ],
    "rotation": [
      0.01060326013277322,
      -0.035593928645572294,
      1.6662379571018529
    ]
  },
  {
    "label_id": "NjQjKUN8pI-ZQimlGuoBsQ",
    "size": [
      1.946004970231198,
      4.277104600442166,
      1.4499999999999886
    ],
    "obj_class": "vehicle",
    "point_num_in_lidar": 268,
    "speed": 0.010299008755740397,
    "if_vehicle": true,
    "motion_state": false,
    "pose": [
      [
        -0.9983817181683352,
        0.05513127131391908,
        0.013945886510151141,
        -5.476641928780964
      ],
      [
        -0.05558319399298894,
        -0.9978608725401741,
        -0.03441202695135187,
        23.68357648357147
      ],
      [
        0.012018875687048782,
        -0.035131495508643674,
        0.9993104245681346,
        0.2584759134357455
      ],
      [
        0.0,
        0.0,
        0.0,
        1.0
      ]
    ],
    "location": [
      -5.476641928780964,
      23.68357648357147,
      0.2584759134357455
    ],
    "rotation": [
      -0.03514126547665367,
      -0.012019165067048377,
      -3.0859767778572604
    ]
  },
  {
    "label_id": "Q175aDJRl7PlCgCobA9ChQ",
    "size": [
      0.8168809500625269,
      0.09569916411282975,
      0.8100000000000023
    ],
    "obj_class": "sign",
    "point_num_in_lidar": 79,
    "speed": 0.0010810877601384768,
    "if_vehicle": false,
    "motion_state": false,
    "pose": [
      [
        -0.9979600339050374,
        -0.062299943641249064,
        0.013945886510151141,
        14.616000817394251
      ],
      [
        0.061790073313047415,
        -0.9974957640216162,
        -0.03441202695135187,
        10.722735351093874
      ],
      [
        0.016054830059052328,
        -0.033480110233234495,
        0.9993104245681346,
        2.9754295210082375
      ],
      [
        0.0,
        0.0,
        0.0,
        1.0
      ]
    ],
    "location": [
      14.616000817394251,
      10.722735351093874,
      2.9754295210082375
    ],
    "rotation": [
      -0.033490686263475025,
      -0.016055519848056955,
      3.0797552131292374
    ]
  },
  {
    "label_id": "T3cNiktshsWqVrlPYROiKA",
    "size": [
      2.097513946648859,
      4.8260551870852515,
      1.4499999999999886
    ],
    "obj_class": "vehicle",
    "point_num_in_lidar": 4407,
    "speed": 0.015252036370185582,
    "if_vehicle": true,
    "motion_state": false,
    "pose": [
      [
        0.9965997038118941,
        -0.08120678919579782,
        0.013945886510151141,
        -16.71628224897927
      ],
      [
        0.08164494432978352,
        0.9960672243711697,
        -0.03441202695135187,
        -5.426348683299608
      ],
      [
        -0.011096550249123038,
        0.03543362699503496,
        0.9993104245681346,
        0.5934874357244269
      ],
      [
        0.0,
        0.0,
        0.0,
        1.0
      ]
    ],
    "location": [
      -16.71628224897927,
      -5.426348683299608,
      0.5934874357244269
    ],
    "rotation": [
      0.0354432290259302,
      0.011096777987786412,
      0.08174096754738044
    ]
  },
  {
    "label_id": "YKPb1MkzJMFBs5crX5wDgA",
    "size": [
      2.186696961554697,
      4.975542376081814,
      1.5300000000000011
    ],
    "obj_class": "vehicle",
    "point_num_in_lidar": 179,
    "speed": 4.42154796940201,
    "if_vehicle": true,
    "motion_state": true,
    "pose": [
      [
        -0.9978358646342049,
        0.06425806952558145,
        0.013945886510151141,
        21.325607240482896
      ],
      [
        -0.06470521075084512,
        -0.9973109084446977,
        -0.03441202695135187,
        5.1906798943431625
      ],
      [
        0.011697134324149337,
        -0.035239926192564455,
        0.9993104245681346,
        0.697986011006293
      ],
      [
        0.0,
        0.0,
        0.0,
        1.0
      ]
    ],
    "location": [
      21.325607240482896,
      5.1906798943431625,
      0.697986011006293
    ],
    "rotation": [
      -0.03524963663077158,
      -0.011697401079980761,
      -3.076837770318438
    ]
  },
  {
    "label_id": "ZFvMr9wN9-CPPx0LnQsiyw",
    "size": [
      0.910674913970275,
      0.6788900799441303,
      1.740000000000009
    ],
    "obj_class": "pedestrian",
    "point_num_in_lidar": 31,
    "speed": 0.007062621402857941,
    "if_vehicle": false,
    "motion_state": false,
    "pose": [
      [
        -0.9753244697649709,
        -0.22033540552331649,
        0.013945886510151141,
        35.9993970164752
      ],
      [
        0.21975814362597146,
        -0.9749472656052565,
        -0.03441202695135187,
        -5.118571626105535
      ],
      [
        0.021178691832718498,
        -0.03049816980917586,
        0.9993104245681346,
        0.9476183508823226
      ],
      [
        0.0,
        0.0,
        0.0,
        1.0
      ]
    ],
    "location": [
      35.9993970164752,
      -5.118571626105535,
      0.9476183508823226
    ],
    "rotation": [
      -0.03050974497418463,
      -0.02118027539014033,
      2.919975569767698
    ]
  },
  {
    "label_id": "_8n2ltih6YGV4VvLcYeuvA",
    "size": [
      0.41565201678288477,
      0.05391781688397976,
      0.18345640068281455
    ],
    "obj_class": "sign",
    "point_num_in_lidar": 34,
    "speed": 0.0036929055631238876,
    "if_vehicle": false,
    "motion_state": false,
    "pose": [
      [
        -0.03634138673070053,
        -0.999242120739481,
        0.013945886510151141,
        -6.686083599399353
      ],
      [
        0.9987298681903851,
        -0.036803026852632106,
        -0.03441202695135187,
        12.745308132718009
      ],
      [
        0.03489919762552988,
        0.012677592616454951,
        0.9993104245681346,
        2.1765407079044223
      ],
      [
        0.0,
        0.0,
        0.0,
        1.0
      ]
    ],
    "location": [
      -6.686083599399353,
      12.745308132718009,
      2.1765407079044223
    ],
    "rotation": [
      0.012685660277498763,
      -0.0349062857806164,
      1.6071678835625804
    ]
  },
  {
    "label_id": "_SFSfPAKVug3laTRe36P7A",
    "size": [
      1.5124769999564214,
      4.834983194317003,
      1.5800000000000125
    ],
    "obj_class": "vehicle",
    "point_num_in_lidar": 1033,
    "speed": 1.7763568394002505e-14,
    "if_vehicle": true,
    "motion_state": false,
    "pose": [
      [
        0.9958111563827554,
        0.09036400319311513,
        0.013945886510151141,
        -4.071180151369958
      ],
      [
        -0.08984126745227085,
        0.9953614213257761,
        -0.03441202695135187,
        13.389026192550375
      ],
      [
        -0.01699080593170553,
        0.03301496423208275,
        0.9993104245681346,
        2.451617977273628
      ],
      [
        0.0,
        0.0,
        0.0,
        1.0
      ]
    ],
    "location": [
      -4.071180151369958,
      13.389026192550375,
      2.451617977273628
    ],
    "rotation": [
      0.0330257339633321,
      0.016991623543434257,
      -0.08997559032183386
    ]
  },
  {
    "label_id": "_cqh80UXdkf7A2Uf9Nd09w",
    "size": [
      2.74464873197709,
      7.000101787777974,
      2.3102425954895978
    ],
    "obj_class": "vehicle",
    "point_num_in_lidar": 3153,
    "speed": 3.7221458391556904e-14,
    "if_vehicle": true,
    "motion_state": false,
    "pose": [
      [
        0.9986858250036703,
        -0.049316682635638015,
        0.013945886510151141,
        -3.0104291858052648
      ],
      [
        0.04977163057707342,
        0.9981676197867766,
        -0.03441202695135187,
        13.273276314099348
      ],
      [
        -0.012223245331645236,
        0.03506091303741242,
        0.9993104245681346,
        0.986646355058582
      ],
      [
        0.0,
        0.0,
        0.0,
        1.0
      ]
    ],
    "location": [
      -3.0104291858052648,
      13.273276314099348,
      0.986646355058582
    ],
    "rotation": [
      0.03507072131220893,
      0.012223549726660331,
      0.04979592585593587
    ]
  },
  {
    "label_id": "auXhaEEj7_TnIkSP3tzCWw",
    "size": [
      1.9383903580787913,
      4.5786654796276824,
      1.5670055110724945
    ],
    "obj_class": "vehicle",
    "point_num_in_lidar": 703,
    "speed": 2.410725652976778,
    "if_vehicle": true,
    "motion_state": true,
    "pose": [
      [
        -0.10580572820084942,
        0.9942890224322776,
        0.013945886510151141,
        3.393392335600538
      ],
      [
        -0.9938474531331227,
        -0.10527607658867758,
        -0.03441202695135187,
        12.609854072220259
      ],
      [
        -0.032747332421033164,
        -0.017501073360252323,
        0.9993104245681346,
        0.7221515497197686
      ],
      [
        0.0,
        0.0,
        0.0,
        1.0
      ]
    ],
    "location": [
      3.393392335600538,
      12.609854072220259,
      0.7221515497197686
    ],
    "rotation": [
      -0.017511359839103215,
      0.032753188220522825,
      -1.6768575681590192
    ]
  },
  {
    "label_id": "cCz-sprxe54IkoqPBqzeQA",
    "size": [
      2.0277817520855974,
      4.262423525941018,
      1.4748355270341733
    ],
    "obj_class": "vehicle",
    "point_num_in_lidar": 22,
    "speed": 5.333694441429199e-14,
    "if_vehicle": true,
    "motion_state": false,
    "pose": [
      [
        -0.9986050392265448,
        0.050926298518515704,
        0.013945886510151141,
        -5.895563794706845
      ],
      [
        -0.05138041062679942,
        -0.9980861013985322,
        -0.03441202695135187,
        29.308640558764026
      ],
      [
        0.01216671834031138,
        -0.03508056889906596,
        0.9993104245681346,
        0.36250614306462126
      ],
      [
        0.0,
        0.0,
        0.0,
        1.0
      ]
    ],
    "location": [
      -5.895563794706845,
      29.308640558764026,
      0.36250614306462126
    ],
    "rotation": [
      -0.03509036654127111,
      -0.012167018531571325,
      -3.0901858007917005
    ]
  },
  {
    "label_id": "djwJETMnF8x4cVGX3MsC8A",
    "size": [
      1.9823390091466795,
      4.458846597593478,
      1.4782598895759236
    ],
    "obj_class": "vehicle",
    "point_num_in_lidar": 159,
    "speed": 0.008224153924647783,
    "if_vehicle": true,
    "motion_state": false,
    "pose": [
      [
        -0.9961201393636719,
        0.086891772933603,
        0.013945886510151141,
        18.066725677049703
      ],
      [
        -0.08732688276393463,
        -0.9955851686057973,
        -0.03441202695135187,
        9.399388085701403
      ],
      [
        0.010894195740524242,
        -0.03549636387887817,
        0.9993104245681346,
        0.5860345076937392
      ],
      [
        0.0,
        0.0,
        0.0,
        1.0
      ]
    ],
    "location": [
      18.066725677049703,
      9.399388085701403,
      0.5860345076937392
    ],
    "rotation": [
      -0.03550593022910705,
      -0.01089441124558225,
      -3.05414919348733
    ]
  },
  {
    "label_id": "eYuikztkR3GVWeq2x3R4vg",
    "size": [
      2.0826523780188473,
      4.727294552036573,
      1.6500000000000057
    ],
    "obj_class": "vehicle",
    "point_num_in_lidar": 66,
    "speed": 0.01596827666414322,
    "if_vehicle": true,
    "motion_state": false,
    "pose": [
      [
        -0.9986050392265449,
        0.05092629851851305,
        0.013945886510151141,
        -5.583592192530659
      ],
      [
        -0.05138041062679676,
        -0.9980861013985324,
        -0.03441202695135187,
        26.349147348333815
      ],
      [
        0.012166718340311473,
        -0.035080568899065925,
        0.9993104245681346,
        0.46244218158247463
      ],
      [
        0.0,
        0.0,
        0.0,
        1.0
      ]
    ],
    "location": [
      -5.583592192530659,
      26.349147348333815,
      0.46244218158247463
    ],
    "rotation": [
      -0.035090366541271074,
      -0.012167018531571419,
      -3.090185800791703
    ]
  },
  {
    "label_id": "hIXIgHw3ha67NHMRblswLg",
    "size": [
      2.01408370000907,
      3.9843474780506,
      1.6662575940847546
    ],
    "obj_class": "vehicle",
    "point_num_in_lidar": 419,
    "speed": 0.00569762436715273,
    "if_vehicle": true,
    "motion_state": false,
    "pose": [
      [
        -0.05715274979544319,
        -0.9982680378737293,
        0.013945886510151141,
        10.338284436897084
      ],
      [
        0.9977462782294149,
        -0.057603616904242566,
        -0.03441202695135187,
        -17.039393112737173
      ],
      [
        0.035155760127904716,
        0.01194771439580844,
        0.9993104245681346,
        1.7522803034853496
      ],
      [
        0.0,
        0.0,
        0.0,
        1.0
      ]
    ],
    "location": [
      10.338284436897084,
      -17.039393112737173,
      1.7522803034853496
    ],
    "rotation": [
      0.011955389298873718,
      -0.03516300582005882,
      1.6280156457343333
    ]
  },
  {
    "label_id": "hb0ASarWGWDxr2SxCcea0A",
    "size": [
      0.4288018488109228,
      0.07469978022218265,
      0.6044489512381972
    ],
    "obj_class": "sign",
    "point_num_in_lidar": 26,
    "speed": 0.0067071591798862785,
    "if_vehicle": false,
    "motion_state": false,
    "pose": [
      [
        -0.8858374685700664,
        -0.46378604067697254,
        0.013945886510151141,
        25.920310386376286
      ],
      [
        0.46313117964577616,
        -0.8856214331422944,
        -0.03441202695135187,
        -3.588053322397485
      ],
      [
        0.028310593728996598,
        -0.02402468797229803,
        0.9993104245681346,
        2.516279073226883
      ],
      [
        0.0,
        0.0,
        0.0,
        1.0
      ]
    ],
    "location": [
      25.920310386376286,
      -3.588053322397485,
      2.516279073226883
    ],
    "rotation": [
      -0.024036636034200885,
      -0.028314376868582545,
      2.6598582485007882
    ]
  },
  {
    "label_id": "hmBHz0-xRezKX2tSDNT3Gw",
    "size": [
      1.7247351383281193,
      3.647309105144183,
      1.3923338815695843
    ],
    "obj_class": "vehicle",
    "point_num_in_lidar": 41,
    "speed": 8.881784197001252e-14,
    "if_vehicle": true,
    "motion_state": false,
    "pose": [
      [
        -0.07461013184457413,
        -0.9971152593735496,
        0.013945886510151141,
        5.469483484186526
      ],
      [
        0.9965856910307007,
        -0.07505180100410924,
        -0.03441202695135187,
        48.95112011296433
      ],
      [
        0.035359421078352556,
        0.011330785076875299,
        0.9993104245681346,
        -0.4153942193076148
      ],
      [
        0.0,
        0.0,
        0.0,
        1.0
      ]
    ],
    "location": [
      5.469483484186526,
      48.95112011296433,
      -0.4153942193076148
    ],
    "rotation": [
      0.011338118025177363,
      -0.0353667934742304,
      1.645522670755608
    ]
  },
  {
    "label_id": "i4WEZxXNh4J1GX9xl5n5eQ",
    "size": [
      1.9322981237294692,
      4.718592850396311,
      1.4782598895759236
    ],
    "obj_class": "vehicle",
    "point_num_in_lidar": 49,
    "speed": 0.001457250882751885,
    "if_vehicle": true,
    "motion_state": false,
    "pose": [
      [
        -0.9961201393636758,
        0.08689177293355832,
        0.013945886510151141,
        24.230388644461982
      ],
      [
        -0.08732688276388997,
        -0.9955851686058012,
        -0.03441202695135187,
        9.780148788354126
      ],
      [
        0.010894195740525834,
        -0.035496363878877675,
        0.9993104245681346,
        0.5860345076937108
      ],
      [
        0.0,
        0.0,
        0.0,
        1.0
      ]
    ],
    "location": [
      24.230388644461982,
      9.780148788354126,
      0.5860345076937108
    ],
    "rotation": [
      -0.03550593022910656,
      -0.010894411245583843,
      -3.054149193487375
    ]
  },
  {
    "label_id": "nBHdqL99senel5XF57qANg",
    "size": [
      2.7901377658754334,
      6.283840489035793,
      3.4623338815695774
    ],
    "obj_class": "vehicle",
    "point_num_in_lidar": 42,
    "speed": 1.0660453750117864e-13,
    "if_vehicle": true,
    "motion_state": false,
    "pose": [
      [
        -0.07461013184456261,
        -0.9971152593735505,
        0.013945886510151141,
        3.6637623073957
      ],
      [
        0.9965856910307016,
        -0.07505180100409772,
        -0.03441202695135187,
        68.76485101343395
      ],
      [
        0.035359421078352424,
        0.011330785076875708,
        0.9993104245681346,
        0.5912884894324861
      ],
      [
        0.0,
        0.0,
        0.0,
        1.0
      ]
    ],
    "location": [
      3.6637623073957,
      68.76485101343395,
      0.5912884894324861
    ],
    "rotation": [
      0.011338118025177773,
      -0.03536679347423027,
      1.6455226707555966
    ]
  },
  {
    "label_id": "nsj7sgrIH9erlwVfmWHNxQ",
    "size": [
      2.1981467431112773,
      4.580517552099105,
      1.710000000000008
    ],
    "obj_class": "vehicle",
    "point_num_in_lidar": 3035,
    "speed": 0.003992262053706471,
    "if_vehicle": true,
    "motion_state": false,
    "pose": [
      [
        -0.9974895667895617,
        0.06942677002006159,
        0.013945886510151141,
        -18.478865185741938
      ],
      [
        -0.06987118556478013,
        -0.996962301107154,
        -0.03441202695135187,
        6.516365453092433
      ],
      [
        0.011514407225063831,
        -0.035300053480270835,
        0.9993104245681346,
        0.8040042527439653
      ],
      [
        0.0,
        0.0,
        0.0,
        1.0
      ]
    ],
    "location": [
      -18.478865185741938,
      6.516365453092433,
      0.8040042527439653
    ],
    "rotation": [
      -0.035309730551000895,
      -0.011514661673283378,
      -3.0716598474860426
    ]
  },
  {
    "label_id": "wXzm9HyGat82X2noN_2ETQ",
    "size": [
      0.49289798795150225,
      0.060914065595576425,
      0.612229061401024
    ],
    "obj_class": "sign",
    "point_num_in_lidar": 38,
    "speed": 0.003531192072574254,
    "if_vehicle": false,
    "motion_state": false,
    "pose": [
      [
        -0.03634138673074756,
        -0.9992421207394794,
        0.013945886510151141,
        -6.685743790562469
      ],
      [
        0.9987298681903835,
        -0.03680302685267912,
        -0.03441202695135187,
        12.745156867147372
      ],
      [
        0.034899197625530474,
        0.012677592616453308,
        0.9993104245681346,
        3.3304315343277437
      ],
      [
        0.0,
        0.0,
        0.0,
        1.0
      ]
    ],
    "location": [
      -6.685743790562469,
      12.745156867147372,
      3.3304315343277437
    ],
    "rotation": [
      0.01268566027749712,
      -0.034906285780617,
      1.6071678835626275
    ]
  },
  {
    "label_id": "yprhc4wCTTWWmKyZH8Fnbw",
    "size": [
      2.1216346499293137,
      4.232958032311484,
      1.6466765708208584
    ],
    "obj_class": "vehicle",
    "point_num_in_lidar": 3803,
    "speed": 8.014366236470766,
    "if_vehicle": true,
    "motion_state": true,
    "pose": [
      [
        -0.9969846645595788,
        0.07633538420987993,
        0.013945886510151141,
        -13.142076125364156
      ],
      [
        -0.07677613636661217,
        -0.996454332764786,
        -0.03441202695135187,
        2.679356189386482
      ],
      [
        0.011269583738513897,
        -0.035378974431365395,
        0.9993104245681346,
        0.8799466010011656
      ],
      [
        0.0,
        0.0,
        0.0,
        1.0
      ]
    ],
    "location": [
      -13.142076125364156,
      2.679356189386482,
      0.8799466010011656
    ],
    "rotation": [
      -0.035388607317844975,
      -0.011269822298277738,
      -3.064735999006805
    ]
  },
  {
    "label_id": "zkifBz685RBOb_ccW22PWw",
    "size": [
      2.012493013272185,
      4.458576926140719,
      1.5999999999999943
    ],
    "obj_class": "vehicle",
    "point_num_in_lidar": 114,
    "speed": 0.019321170927121475,
    "if_vehicle": true,
    "motion_state": false,
    "pose": [
      [
        -0.9985579327361981,
        0.05184175169741423,
        0.013945886510151141,
        -1.5047697909960789
      ],
      [
        -0.052295387876846074,
        -0.9980385788174272,
        -0.03441202695135187,
        -22.079490114262967
      ],
      [
        0.012134552996323662,
        -0.03509170803813909,
        0.9993104245681346,
        1.599883930029364
      ],
      [
        0.0,
        0.0,
        0.0,
        1.0
      ]
    ],
    "location": [
      -1.5047697909960789,
      -22.079490114262967,
      1.599883930029364
    ],
    "rotation": [
      -0.035101499642738954,
      -0.012134850812906595,
      -3.089269544145537
    ]
  }
]