[
  {
    "label_id": "-kZBe1CSBNx4Vln1QEyrHA",
    "size": [
      2.1535971384174446,
      4.662434529255965,
      1.5800000000000125
    ],
    "obj_class": "vehicle",
    "point_num_in_lidar": 260,
    "speed": 0.00786133524257112,
    "if_vehicle": true,
    "motion_state": false,
    "pose": [
      [
        -0.05715068457736792,
        -0.9982319653975169,
        0.016332253700844748,
        10.081523437136639
      ],
      [
        0.9977671383983331,
        -0.0576751112497763,
        -0.03367965372042005,
        -12.396506708453018
      ],
      [
        0.03456207147639848,
        0.01437097077223675,
        0.9992992236634249,
        1.1036540651271878
      ],
      [
        0.0,
        0.0,
        0.0,
        1.0
      ]
    ],
    "location": [
      10.081523437136639,
      -12.396506708453018,
      1.1036540651271878
    ],
    "rotation": [
      0.01438005739042232,
      -0.0345689561221133,
      1.6280123889969775
    ]
  },
  {
    "label_id": "5cjibmhwtBR2EX0sNuSdWA",
    "size": [
      2.060188482654588,
      4.5995315342593805,
      1.3618057153942402
    ],
    "obj_class": "vehicle",
    "point_num_in_lidar": 77,
    "speed": 3.8051998491767782,
    "if_vehicle": true,
    "motion_state": true,
    "pose": [
      [
        -0.00696000268521177,
        0.9998423955062483,
        0.016332253700844748,
        0.8383685939247698
      ],
      [
        -0.9994121437713102,
        -0.006406856304507488,
        -0.03367965372042005,
        31.515026508861098
      ],
      [
        -0.03356970725305563,
        -0.016557063164109292,
        0.9992992236634249,
        0.34442873906871796
      ],
      [
        0.0,
        0.0,
        0.0,
        1.0
      ]
    ],
    "location": [
      0.8383685939247698,
      31.515026508861098,
      0.34442873906871796
    ],
    "rotation": [
      -0.016567158199078568,
      0.033576015544379355,
      -1.5777603107878584
    ]
  },
  {
    "label_id": "5oX9fmLl0Z74-llNDr8wpg",
    "size": [
      2.013978879816805,
      4.430995565915478,
      1.8100000000000023
    ],
    "obj_class": "vehicle",
    "point_num_in_lidar": 1139,
    "speed": 0.038795937774328035,
    "if_vehicle": true,
    "motion_state": false,
    "pose": [
      [
        -0.9952875552563667,
        0.09558211046454324,
        0.016332253700844748,
        -2.032899433366765
      ],
      [
        -0.0960882320994867,
        -0.9948028611625862,
        -0.03367965372042005,
        -12.396451780687329
      ],
      [
        0.013028200328520841,
        -0.035090277597592326,
        0.9992992236634249,
        1.145683582065999
      ],
      [
        0.0,
        0.0,
        0.0,
        1.0
      ]
    ],
    "location": [
      -2.032899433366765,
      -12.396451780687329,
      1.145683582065999
    ],
    "rotation": [
      -0.03510046308318158,
      -0.013028568911441355,
      -3.0453477471251382
    ]
  },
  {
    "label_id": "6_1JJIYW81d3Ggc94_e4oQ",
    "size": [
      2.1065520253788157,
      4.845271544164966,
      1.4721932968977
    ],
    "obj_class": "vehicle",
    "point_num_in_lidar": 123,
    "speed": 0.004468499295826151,
    "if_vehicle": true,
    "motion_state": false,
    "pose": [
      [
        0.9993427687450495,
        -0.03236183007850493,
        0.016332253700844748,
        23.352353022775333
      ],
      [
        0.03289762999964687,
        0.9988910986016839,
        -0.03367965372042005,
        -2.2461144950472374
      ],
      [
        -0.01522420761107511,
        0.03419481083864982,
        0.9992992236634249,
        0.6915487787617565
      ],
      [
        0.0,
        0.0,
        0.0,
        1.0
      ]
    ],
    "location": [
      23.352353022775333,
      -2.2461144950472374,
      0.6915487787617565
    ],
    "rotation": [
      0.03420544404648234,
      0.015224795774674895,
      0.03290738200056511
    ]
  },
  {
    "label_id": "9dK1E7yukLqZV3xaj_wIig",
    "size": [
      2.0955586239767476,
      4.606271177782434,
      1.8262575940847512
    ],
    "obj_class": "vehicle",
    "point_num_in_lidar": 330,
    "speed": 0.0023114316279278535,
    "if_vehicle": true,
    "motion_state": false,
    "pose": [
      [
        -0.01680698177778493,
        -0.9997253537109941,
        0.016332253700844748,
        10.873761471889793
      ],
      [
        0.999282075923583,
        -0.017349745333204197,
        -0.03367965372042005,
        -22.234632915997423
      ],
      [
        0.033953764170937664,
        0.015754475056329556,
        0.9992992236634249,
        2.2468559626609306
      ],
      [
        0.0,
        0.0,
        0.0,
        1.0
      ]
    ],
    "location": [
      10.873761471889793,
      -22.234632915997423,
      2.2468559626609306
    ],
    "rotation": [
      0.01576421717401708,
      -0.03396029153649458,
      1.5876137977188347
    ]
  },
  {
    "label_id": "B9tn9-kjeoeV8sqY20oAJw",
    "size": [
      0.7410014254288262,
      0.0564697773877908,
      0.7199999999999989
    ],
    "obj_class": "sign",
    "point_num_in_lidar": 178,
    "speed": 0.007879963930203664,
    "if_vehicle": false,
    "motion_state": false,
    "pose": [
      [
        -0.03634007352990286,
        -0.9992060130648196,
        0.016332253700844748,
        -6.700543835348867
      ],
      [
        0.9987522134189281,
        -0.03687407105357903,
        -0.03367965372042005,
        12.762095543066792
      ],
      [
        0.03425514919881466,
        0.015087953441176442,
        0.9992992236634249,
        2.6890276640590685
      ],
      [
        0.0,
        0.0,
        0.0,
        1.0
      ]
    ],
    "location": [
      -6.700543835348867,
      12.762095543066792,
      2.6890276640590685
    ],
    "rotation": [
      0.015097386977385795,
      -0.03426185199113054,
      1.6071657574309455
    ]
  },
  {
    "label_id": "FJYkxRLHRb93ZMGg32MbWQ",
    "size": [
      2.209120146936166,
      4.612479673477537,
      1.9199999999999875
    ],
    "obj_class": "vehicle",
    "point_num_in_lidar": 250,
    "speed": 8.461711078544495e-29,
    "if_vehicle": true,
    "motion_state": false,
    "pose": [
      [
        -0.9968344403206437,
        0.07780974283263126,
        0.016332253700844748,
        -2.049594904225387
      ],
      [
        -0.0783244314482565,
        -0.9963588532068052,
        -0.03367965372042005,
        -19.595771345239655
      ],
      [
        0.013652180372978318,
        -0.03485225325197535,
        0.9992992236634249,
        2.018246484410554
      ],
      [
        0.0,
        0.0,
        0.0,
        1.0
      ]
    ],
    "location": [
      -2.049594904225387,
      -19.595771345239655,
      2.018246484410554
    ],
    "rotation": [
      -0.03486256317715629,
      -0.01365260449539746,
      -3.063180594569156
    ]
  },
  {
    "label_id": "M1ux1dJCnlFsX4da4hqWLg",
    "size": [
      2.048192276072322,
      4.507813116800472,
      1.3662575940847432
    ],
    "obj_class": "vehicle",
    "point_num_in_lidar": 37,
    "speed": 0.041633982113526494,
    "if_vehicle": true,
    "motion_state": false,
    "pose": [
      [
        -0.09523299623768297,
        -0.9953210205339003,
        0.016332253700844748,
        11.490821115980452
      ],
      [
        0.9948365039978142,
        -0.09573928785341716,
        -0.03367965372042005,
        -28.600019128127656
      ],
      [
        0.03508570565059706,
        0.013040507838110527,
        0.9992992236634249,
        2.824317052824057
      ],
      [
        0.0,
        0.0,
        0.0,
        1.0
      ]
    ],
    "location": [
      11.490821115980452,
      -28.600019128127656,
      2.824317052824057
    ],
    "rotation": [
      0.013048912044884856,
      -0.035092908097823096,
      1.6662328019642878
    ]
  },
  {
    "label_id": "NPVkr0F4V6lVcMg8i5hp5Q",
    "size": [
      0.7340305106377956,
      0.7444603608569043,
      1.8600000000000136
    ],
    "obj_class": "pedestrian",
    "point_num_in_lidar": 30,
    "speed": 0.8933512213554685,
    "if_vehicle": false,
    "motion_state": false,
    "pose": [
      [
        -0.7043600146730282,
        -0.7096550057731312,
        0.016332253700844748,
        -7.965693340386565
      ],
      [
        0.7089593623941147,
        -0.7044446773161133,
        -0.03367965372042005,
        16.929786001426038
      ],
      [
        0.035406104043538215,
        -0.012143697218487754,
        0.9992992236634249,
        0.5659499483060983
      ],
      [
        0.0,
        0.0,
        0.0,
        1.0
      ]
    ],
    "location": [
      -7.965693340386565,
      16.929786001426038,
      0.5659499483060983
    ],
    "rotation": [
      -0.012151615057031962,
      -0.03541350568902031,
      2.352940214082127
    ]
  },
  {
    "label_id": "NjQjKUN8pI-ZQimlGuoBsQ",
    "size": [
      1.9460049702311948,
      4.277104600442166,
      1.4499999999999886
    ],
    "obj_class": "vehicle",
    "point_num_in_lidar": 109,
    "speed": 1.319566276412956e-30,
    "if_vehicle": true,
    "motion_state": false,
    "pose": [
      [
        -0.9983456415842792,
        0.055129279142080934,
        0.016332253700844748,
        -5.49294900551979
      ],
      [
        -0.05565464595285018,
        -0.9978818774329633,
        -0.03367965372042005,
        23.704815956168346
      ],
      [
        0.01444092495434876,
        -0.03453290129918174,
        0.9992992236634249,
        0.2584759134357455
      ],
      [
        0.0,
        0.0,
        0.0,
        1.0
      ]
    ],
    "location": [
      -5.49294900551979,
      23.704815956168346,
      0.2584759134357455
    ],
    "rotation": [
      -0.034543371985349104,
      -0.014441426920625904,
      -3.0859034233280913
    ]
  },
  {
    "label_id": "Q175aDJRl7PlCgCobA9ChQ",
    "size": [
      0.8168809500625245,
      0.09569916411282975,
      0.8100000000000023
    ],
    "obj_class": "sign",
    "point_num_in_lidar": 65,
    "speed": 0.0010810877600917932,
    "if_vehicle": false,
    "motion_state": false,
    "pose": [
      [
        -0.9979239725585657,
        -0.06229769242903151,
        0.016332253700844748,
        14.611336140097137
      ],
      [
        0.06172157674890336,
        -0.9975250011347594,
        -0.03367965372042005,
        10.724116799462138
      ],
      [
        0.018389996100059352,
        -0.03260168138479919,
        0.9992992236634249,
        2.9741289214345557
      ],
      [
        0.0,
        0.0,
        0.0,
        1.0
      ]
    ],
    "location": [
      14.611336140097137,
      10.724116799462138,
      2.9741289214345557
    ],
    "rotation": [
      -0.03261297651679279,
      -0.01839103281596818,
      3.0798213614400995
    ]
  },
  {
    "label_id": "T3cNiktshsWqVrlPYROiKA",
    "size": [
      2.097513946648858,
      4.8260551870852515,
      1.4499999999999886
    ],
    "obj_class": "vehicle",
    "point_num_in_lidar": 4214,
    "speed": 0.05097712583073725,
    "if_vehicle": true,
    "motion_state": false,
    "pose": [
      [
        0.9965636916210352,
        -0.08120385478353556,
        0.016332253700844748,
        -16.77902898172738
      ],
      [
        0.08171692087768226,
        0.9960863545735095,
        -0.03367965372042005,
        -5.404820865566222
      ],
      [
        -0.013533417340971403,
        0.03489854152756609,
        0.9992992236634249,
        0.5928607049640675
      ],
      [
        0.0,
        0.0,
        0.0,
        1.0
      ]
    ],
    "location": [
      -16.77902898172738,
      -5.404820865566222,
      0.5928607049640675
    ],
    "rotation": [
      0.03490882756319992,
      0.013533830490222934,
      0.08181565100439764
    ]
  },
  {
    "label_id": "YKPb1MkzJMFBs5crX5wDgA",
    "size": [
      2.1866969615546363,
      4.975542376081814,
      1.5300000000000011
    ],
    "obj_class": "vehicle",
    "point_num_in_lidar": 21,
    "speed": 9.545403502891116,
    "if_vehicle": true,
    "motion_state": true,
    "pose": [
      [
        -0.9970573985540031,
        0.074898607982895,
        0.016332253700844748,
        54.6365528626103
      ],
      [
        -0.07541468314080815,
        -0.9965833163825513,
        -0.03367965372042005,
        7.431499064531636
      ],
      [
        0.013753892376183664,
        -0.03481223966050615,
        0.9992992236634249,
        0.6979860110063214
      ],
      [
        0.0,
        0.0,
        0.0,
        1.0
      ]
    ],
    "location": [
      54.6365528626103,
      7.431499064531636,
      0.6979860110063214
    ],
    "rotation": [
      -0.03482257011652579,
      -0.013754326049386196,
      -3.0660991471476424
    ]
  },
  {
    "label_id": "_8n2ltih6YGV4VvLcYeuvA",
    "size": [
      0.41565201678288555,
      0.05391781688397976,
      0.18345640068281455
    ],
    "obj_class": "sign",
    "point_num_in_lidar": 22,
    "speed": 0.008624181016542588,
    "if_vehicle": false,
    "motion_state": false,
    "pose": [
      [
        -0.0363400735324712,
        -0.9992060130647262,
        0.016332253700844748,
        -6.700416117183067
      ],
      [
        0.9987522134188334,
        -0.0368740710561462,
        -0.03367965372042005,
        12.763040755453375
      ],
      [
        0.03425514919885344,
        0.015087953441088394,
        0.9992992236634249,
        2.220246376373723
      ],
      [
        0.0,
        0.0,
        0.0,
        1.0
      ]
    ],
    "location": [
      -6.700416117183067,
      12.763040755453375,
      2.220246376373723
    ],
    "rotation": [
      0.015097386977297705,
      -0.034261851991169344,
      1.607165757433517
    ]
  },
  {
    "label_id": "_SFSfPAKVug3laTRe36P7A",
    "size": [
      1.5124769999564212,
      4.834983194317003,
      1.5800000000000125
    ],
    "obj_class": "vehicle",
    "point_num_in_lidar": 833,
    "speed": 1.7763568394002505e-14,
    "if_vehicle": true,
    "motion_state": false,
    "pose": [
      [
        0.9957751726861057,
        0.09036073788436835,
        0.016332253700844748,
        -4.071180151369731
      ],
      [
        -0.08977362093760487,
        0.9953925747708909,
        -0.03367965372042005,
        13.389026192550375
      ],
      [
        -0.019300322424962435,
        0.03207115744666308,
        0.9992992236634249,
        2.4293337631068255
      ],
      [
        0.0,
        0.0,
        0.0,
        1.0
      ]
    ],
    "location": [
      -4.071180151369731,
      13.389026192550375,
      2.4293337631068255
    ],
    "rotation": [
      0.03208263587728667,
      0.019301520862080354,
      -0.08991143878047672
    ]
  },
  {
    "label_id": "_cqh80UXdkf7A2Uf9Nd09w",
    "size": [
      2.74464873197709,
      7.000101787777974,
      2.3102425954895978
    ],
    "obj_class": "vehicle",
    "point_num_in_lidar": 2561,
    "speed": 3.7221458391556904e-14,
    "if_vehicle": true,
    "motion_state": false,
    "pose": [
      [
        0.9986497374306954,
        -0.04931490057431422,
        0.016332253700844748,
        -3.0104291858053784
      ],
      [
        0.04984295901240337,
        0.9981890403937325,
        -0.03367965372042005,
        13.273276314099348
      ],
      [
        -0.014641767874513358,
        0.034448225196445595,
        0.9992992236634249,
        1.0249764423770387
      ],
      [
        0.0,
        0.0,
        0.0,
        1.0
      ]
    ],
    "location": [
      -3.0104291858053784,
      13.273276314099348,
      1.0249764423770387
    ],
    "rotation": [
      0.034458737324604194,
      0.014642291078690079,
      0.049868969977000875
    ]
  },
  {
    "label_id": "auXhaEEj7_TnIkSP3tzCWw",
    "size": [
      1.9383903580787336,
      4.5786654796276824,
      1.5670055110724945
    ],
    "obj_class": "vehicle",
    "point_num_in_lidar": 236,
    "speed": 1.2495350316607576,
    "if_vehicle": true,
    "motion_state": true,
    "pose": [
      [
        -0.5660223113264733,
        0.8242281241074513,
        0.016332253700844748,
        3.5860596280102754
      ],
      [
        -0.8241817177070695,
        -0.5653230732268911,
        -0.03367965372042005,
        15.165728207387176
      ],
      [
        -0.018526717951687536,
        -0.032524180352697274,
        0.9992992236634249,
        0.7202959503022441
      ],
      [
        0.0,
        0.0,
        0.0,
        1.0
      ]
    ],
    "location": [
      3.5860596280102754,
      15.165728207387176,
      0.7202959503022441
    ],
    "rotation": [
      -0.03253550339920142,
      0.018527777964971983,
      -2.172587003851576
    ]
  },
  {
    "label_id": "djwJETMnF8x4cVGX3MsC8A",
    "size": [
      1.9823390091466777,
      4.458846597593478,
      1.4782598895759236
    ],
    "obj_class": "vehicle",
    "point_num_in_lidar": 127,
    "speed": 0.00822415392466658,
    "if_vehicle": true,
    "motion_state": false,
    "pose": [
      [
        -0.9960841445019034,
        0.08688863309410702,
        0.016332253700844748,
        18.074057651178805
      ],
      [
        -0.08739896729154494,
        -0.995603887819671,
        -0.03367965372042005,
        9.435663549719123
      ],
      [
        0.013334076206568088,
        -0.03497519117022229,
        0.9992992236634249,
        0.5860345076937108
      ],
      [
        0.0,
        0.0,
        0.0,
        1.0
      ]
    ],
    "location": [
      18.074057651178805,
      9.435663549719123,
      0.5860345076937108
    ],
    "rotation": [
      -0.03498543731785829,
      -0.013334471365950428,
      -3.0540742342064595
    ]
  },
  {
    "label_id": "hIXIgHw3ha67NHMRblswLg",
    "size": [
      2.014083700009064,
      3.9843474780506,
      1.6662575940847546
    ],
    "obj_class": "vehicle",
    "point_num_in_lidar": 354,
    "speed": 0.029531937979757655,
    "if_vehicle": true,
    "motion_state": false,
    "pose": [
      [
        -0.05715068457735728,
        -0.9982319653975176,
        0.016332253700844748,
        10.322744230114836
      ],
      [
        0.9977671383983338,
        -0.05767511124976567,
        -0.03367965372042005,
        -16.921704890646822
      ],
      [
        0.03456207147639833,
        0.01437097077223712,
        0.9992992236634249,
        1.7522803034853212
      ],
      [
        0.0,
        0.0,
        0.0,
        1.0
      ]
    ],
    "location": [
      10.322744230114836,
      -16.921704890646822,
      1.7522803034853212
    ],
    "rotation": [
      0.014380057390422689,
      -0.034568956122113144,
      1.6280123889969669
    ]
  },
  {
    "label_id": "i4WEZxXNh4J1GX9xl5n5eQ",
    "size": [
      1.9322981237294712,
      4.718592850396311,
      1.4782598895759236
    ],
    "obj_class": "vehicle",
    "point_num_in_lidar": 45,
    "speed": 0.0014572508827591503,
    "if_vehicle": true,
    "motion_state": false,
    "pose": [
      [
        -0.9960841445019073,
        0.08688863309406412,
        0.016332253700844748,
        24.23228604520773
      ],
      [
        -0.08739896729150204,
        -0.9956038878196748,
        -0.03367965372042005,
        9.773871598262104
      ],
      [
        0.013334076206569597,
        -0.03497519117022172,
        0.9992992236634249,
        0.5860345076936824
      ],
      [
        0.0,
        0.0,
        0.0,
        1.0
      ]
    ],
    "location": [
      24.23228604520773,
      9.773871598262104,
      0.5860345076936824
    ],
    "rotation": [
      -0.03498543731785772,
      -0.013334471365951936,
      -3.0540742342065026
    ]
  },
  {
    "label_id": "nsj7sgrIH9erlwVfmWHNxQ",
    "size": [
      2.1981467431112782,
      4.580517552099105,
      1.710000000000008
    ],
    "obj_class": "vehicle",
    "point_num_in_lidar": 4176,
    "speed": 0.07087914356933084,
    "if_vehicle": true,
    "motion_state": false,
    "pose": [
      [
        -0.9974535224434499,
        0.0694242612795083,
        0.016332253700844748,
        -18.529473724202603
      ],
      [
        -0.06994293107491231,
        -0.9969822803429972,
        -0.03367965372042005,
        6.496216681515136
      ],
      [
        0.013944782458118747,
        -0.03473621493300478,
        0.9992992236634249,
        0.7873377576877658
      ],
      [
        0.0,
        0.0,
        0.0,
        1.0
      ]
    ],
    "location": [
      -18.529473724202603,
      6.496216681515136,
      0.7873377576877658
    ],
    "rotation": [
      -0.034746584090153895,
      -0.01394523444099992,
      -3.0715857515108036
    ]
  },
  {
    "label_id": "t5v4y6X8z48VmitR76SdpQ",
    "size": [
      2.215672452107685,
      4.476737709080531,
      1.3845306017165626
    ],
    "obj_class": "vehicle",
    "point_num_in_lidar": 25,
    "speed": 0.008184766455130905,
    "if_vehicle": true,
    "motion_state": false,
    "pose": [
      [
        -0.07460743580295093,
        -0.9970792285530573,
        0.016332253700844748,
        6.346379192686982
      ],
      [
        0.9966052971103763,
        -0.07512364938427345,
        -0.03367965372042005,
        33.735398387641794
      ],
      [
        0.03480822165016779,
        0.013764057949200569,
        0.9992992236634249,
        0.18669485825398624
      ],
      [
        0.0,
        0.0,
        0.0,
        1.0
      ]
    ],
    "location": [
      6.346379192686982,
      33.735398387641794,
      0.18669485825398624
    ],
    "rotation": [
      0.013772839311628095,
      -0.034815254496880416,
      1.6455185159926062
    ]
  },
  {
    "label_id": "wXzm9HyGat82X2noN_2ETQ",
    "size": [
      0.49289798795150364,
      0.060914065595576425,
      0.612229061401024
    ],
    "obj_class": "sign",
    "point_num_in_lidar": 31,
    "speed": 0.008391109258380278,
    "if_vehicle": false,
    "motion_state": false,
    "pose": [
      [
        -0.03634007353250492,
        -0.9992060130647249,
        0.016332253700844748,
        -6.700009187211549
      ],
      [
        0.998752213418832,
        -0.036874071056179916,
        -0.03367965372042005,
        12.762370558151417
      ],
      [
        0.034255149198853946,
        0.015087953441087237,
        0.9992992236634249,
        3.3790276640590378
      ],
      [
        0.0,
        0.0,
        0.0,
        1.0
      ]
    ],
    "location": [
      -6.700009187211549,
      12.762370558151417,
      3.3790276640590378
    ],
    "rotation": [
      0.015097386977296548,
      -0.03426185199116986,
      1.6071657574335507
    ]
  },
  {
    "label_id": "yprhc4wCTTWWmKyZH8Fnbw",
    "size": [
      2.121634649929338,
      4.232958032311484,
      1.6466765708208584
    ],
    "obj_class": "vehicle",
    "point_num_in_lidar": 131,
    "speed": 2.914324724354835,
    "if_vehicle": true,
    "motion_state": true,
    "pose": [
      [
        -0.9976950144333975,
        0.06586285496236963,
        0.016332253700844748,
        13.735372918524263
      ],
      [
        -0.0663832038126641,
        -0.9972256270156914,
        -0.03367965372042005,
        4.533049776466314
      ],
      [
        0.014068703789233394,
        -0.034686209930849615,
        0.9992992236634249,
        0.90405993781917
      ],
      [
        0.0,
        0.0,
        0.0,
        1.0
      ]
    ],
    "location": [
      13.735372918524263,
      4.533049776466314,
      0.90405993781917
    ],
    "rotation": [
      -0.034696604324635325,
      -0.014069167929974776,
      -3.0751540123024226
    ]
  }
]