[
  {
    "label_id": "-kZBe1CSBNx4Vln1QEyrHA",
    "size": [
      2.153597138417445,
      4.662434529255965,
      1.5800000000000125
    ],
    "obj_class": "vehicle",
    "point_num_in_lidar": 283,
    "speed": 0.007861335242618952,
    "if_vehicle": true,
    "motion_state": false,
    "pose": [
      [
        -0.05714867804448401,
        -0.9981969179561916,
        0.01835596852602387,
        10.083935610917138
      ],
      [
        0.9977655399714404,
        -0.05774207966157449,
        -0.0336121924583406,
        -12.389024562342485
      ],
      [
        0.03461149871456095,
        0.016394060482896034,
        0.9992663703625851,
        1.1036540651271878
      ],
      [
        0.0,
        0.0,
        0.0,
        1.0
      ]
    ],
    "location": [
      10.083935610917138,
      -12.389024562342485,
      1.1036540651271878
    ],
    "rotation": [
      0.01640462476419236,
      -0.034618412950391884,
      1.628010476007188
    ]
  },
  {
    "label_id": "5cjibmhwtBR2EX0sNuSdWA",
    "size": [
      2.060188482654655,
      4.5995315342593805,
      1.3618057153942402
    ],
    "obj_class": "vehicle",
    "point_num_in_lidar": 42,
    "speed": 0.3123391517099837,
    "if_vehicle": true,
    "motion_state": false,
    "pose": [
      [
        0.12099236759895785,
        0.9924837053585669,
        0.01835596852602387,
        0.996821696689949
      ],
      [
        -0.9920151906670183,
        0.12155690849977614,
        -0.0336121924583406,
        29.762252886854412
      ],
      [
        -0.0355908481028218,
        -0.014142580871494895,
        0.9992663703625851,
        0.33026402133577903
      ],
      [
        0.0,
        0.0,
        0.0,
        1.0
      ]
    ],
    "location": [
      0.996821696689949,
      29.762252886854412,
      0.33026402133577903
    ],
    "rotation": [
      -0.014152019042471197,
      0.03559836626055193,
      -1.4494295211373713
    ]
  },
  {
    "label_id": "5oX9fmLl0Z74-llNDr8wpg",
    "size": [
      2.013978879816805,
      4.430995565915478,
      1.8100000000000023
    ],
    "obj_class": "vehicle",
    "point_num_in_lidar": 1966,
    "speed": 0.009834588062527802,
    "if_vehicle": true,
    "motion_state": false,
    "pose": [
      [
        -0.9952526111918568,
        0.09557875462288956,
        0.01835596852602387,
        -2.009383817504954
      ],
      [
        -0.09615508914577653,
        -0.994798682824576,
        -0.0336121924583406,
        -12.385251263960185
      ],
      [
        0.015047881816344847,
        -0.035217642102023605,
        0.9992663703625851,
        1.1259044587682752
      ],
      [
        0.0,
        0.0,
        0.0,
        1.0
      ]
    ],
    "location": [
      -2.009383817504954,
      -12.385251263960185,
      1.1259044587682752
    ],
    "rotation": [
      -0.03522891661032693,
      -0.015048449778138247,
      -3.045277833576597
    ]
  },
  {
    "label_id": "6OjFlL7Q_guovcwo3zdcBQ",
    "size": [
      2.1550294496027766,
      4.70536948148588,
      1.755650015166566
    ],
    "obj_class": "vehicle",
    "point_num_in_lidar": 47,
    "speed": 0.017920467485026546,
    "if_vehicle": true,
    "motion_state": false,
    "pose": [
      [
        -0.07460481637193693,
        -0.9970442215837677,
        0.01835596852602387,
        7.208169031346188
      ],
      [
        0.996602527219779,
        -0.07519057957811684,
        -0.0336121924583406,
        22.76575045148944
      ],
      [
        0.03489303817753939,
        0.015785973176389412,
        0.9992663703625851,
        0.6671894892945147
      ],
      [
        0.0,
        0.0,
        0.0,
        1.0
      ]
    ],
    "location": [
      7.208169031346188,
      22.76575045148944,
      0.6671894892945147
    ],
    "rotation": [
      0.01579624877103452,
      -0.034900122578897096,
      1.6455161091849853
    ]
  },
  {
    "label_id": "6_1JJIYW81d3Ggc94_e4oQ",
    "size": [
      2.1065520253788166,
      4.845271544164966,
      1.4721932968977
    ],
    "obj_class": "vehicle",
    "point_num_in_lidar": 149,
    "speed": 0.004468499295858842,
    "if_vehicle": true,
    "motion_state": false,
    "pose": [
      [
        0.999307682303956,
        -0.03236069387031009,
        0.01835596852602387,
        23.35191088449642
      ],
      [
        0.032964617454180486,
        0.9988911624968174,
        -0.0336121924583406,
        -2.241667905167276
      ],
      [
        -0.01724790086926067,
        0.034194019623160196,
        0.9992663703625851,
        0.6915487787617565
      ],
      [
        0.0,
        0.0,
        0.0,
        1.0
      ]
    ],
    "location": [
      23.35191088449642,
      -2.241667905167276,
      0.6915487787617565
    ],
    "rotation": [
      0.03420577688594603,
      0.017248756163678547,
      0.032975497715382225
    ]
  },
  {
    "label_id": "9dK1E7yukLqZV3xaj_wIig",
    "size": [
      2.095558623976747,
      4.606271177782434,
      1.8262575940847512
    ],
    "obj_class": "vehicle",
    "point_num_in_lidar": 390,
    "speed": 0.0023114316278571682,
    "if_vehicle": true,
    "motion_state": false,
    "pose": [
      [
        -0.01680639169278749,
        -0.9996902538375275,
        0.01835596852602387,
        10.871453796537935
      ],
      [
        0.9992831822132863,
        -0.01741672368247107,
        -0.0336121924583406,
        -22.234501029872774
      ],
      [
        0.03392148204245623,
        0.01777791096918383,
        0.9992663703625851,
        2.2499504904418757
      ],
      [
        0.0,
        0.0,
        0.0,
        1.0
      ]
    ],
    "location": [
      10.871453796537935,
      -22.234501029872774,
      2.2499504904418757
    ],
    "rotation": [
      0.017789086247785885,
      -0.03392799080126862,
      1.5876131887627098
    ]
  },
  {
    "label_id": "B9tn9-kjeoeV8sqY20oAJw",
    "size": [
      0.7410014254288286,
      0.0564697773877908,
      0.7199999999999989
    ],
    "obj_class": "sign",
    "point_num_in_lidar": 196,
    "speed": 0.007161864658885653,
    "if_vehicle": false,
    "motion_state": false,
    "pose": [
      [
        -0.03633879764748705,
        -0.9991709314251526,
        0.01835596852602387,
        -6.694047825868211
      ],
      [
        0.9987520106287006,
        -0.03694105823161459,
        -0.0336121924583406,
        12.75763502788186
      ],
      [
        0.034262414548059186,
        0.017111633812171456,
        0.9992663703625851,
        2.679271753654433
      ],
      [
        0.0,
        0.0,
        0.0,
        1.0
      ]
    ],
    "location": [
      -6.694047825868211,
      12.75763502788186,
      2.679271753654433
    ],
    "rotation": [
      0.01712252310241877,
      -0.03426912160767165,
      1.6071644890212835
    ]
  },
  {
    "label_id": "FJYkxRLHRb93ZMGg32MbWQ",
    "size": [
      2.209120146936162,
      4.612479673477537,
      1.9199999999999875
    ],
    "obj_class": "vehicle",
    "point_num_in_lidar": 856,
    "speed": 3.580361673049448e-14,
    "if_vehicle": true,
    "motion_state": false,
    "pose": [
      [
        -0.996799441945748,
        0.0778070109702036,
        0.01835596852602387,
        -2.0495949042255006
      ],
      [
        -0.07839135239976981,
        -0.9963558683457827,
        -0.0336121924583406,
        -19.595771345239655
      ],
      [
        0.01567381273273567,
        -0.0349435638824096,
        0.9992663703625851,
        2.0121175015242727
      ],
      [
        0.0,
        0.0,
        0.0,
        1.0
      ]
    ],
    "location": [
      -2.0495949042255006,
      -19.595771345239655,
      2.0121175015242727
    ],
    "rotation": [
      -0.034954974794234255,
      -0.015674454563790362,
      -3.063111129225741
    ]
  },
  {
    "label_id": "JCDdYUT-UV2oxkxdT7TaPw",
    "size": [
      3.5590816235393277,
      6.254139630824458,
      2.4000000000000057
    ],
    "obj_class": "vehicle",
    "point_num_in_lidar": 77,
    "speed": 7.136584070361083e-14,
    "if_vehicle": true,
    "motion_state": false,
    "pose": [
      [
        -0.10468580131980687,
        -0.9943359298655067,
        0.01835596852602387,
        5.38184509733253
      ],
      [
        0.9938767444581865,
        -0.10525795619971072,
        -0.0336121924583406,
        55.707178807835504
      ],
      [
        0.035353922373997954,
        0.014724850938404588,
        0.9992663703625851,
        0.5385376253080381
      ],
      [
        0.0,
        0.0,
        0.0,
        1.0
      ]
    ],
    "location": [
      5.38184509733253,
      55.707178807835504,
      0.5385376253080381
    ],
    "rotation": [
      0.01473459502951683,
      -0.035361291329700735,
      1.6757401347530607
    ]
  },
  {
    "label_id": "M1ux1dJCnlFsX4da4hqWLg",
    "size": [
      2.048192276072318,
      4.507813116800472,
      1.3662575940847432
    ],
    "obj_class": "vehicle",
    "point_num_in_lidar": 27,
    "speed": 0.020146482546927146,
    "if_vehicle": true,
    "motion_state": false,
    "pose": [
      [
        -0.09522965265326046,
        -0.9952860752944407,
        0.01835596852602387,
        11.496493819419698
      ],
      [
        0.9948323491109249,
        -0.09580614636119293,
        -0.0336121924583406,
        -28.641265012208322
      ],
      [
        0.0352123617211089,
        0.015060233876228214,
        0.9992663703625851,
        2.8112866034922774
      ],
      [
        0.0,
        0.0,
        0.0,
        1.0
      ]
    ],
    "location": [
      11.496493819419698,
      -28.641265012208322,
      2.8112866034922774
    ],
    "rotation": [
      0.015070149660449767,
      -0.035219642479900753,
      1.6662298677016174
    ]
  },
  {
    "label_id": "NPVkr0F4V6lVcMg8i5hp5Q",
    "size": [
      0.7340305106377621,
      0.7444603608569043,
      1.8600000000000136
    ],
    "obj_class": "pedestrian",
    "point_num_in_lidar": 122,
    "speed": 0.9894139397094137,
    "if_vehicle": false,
    "motion_state": false,
    "pose": [
      [
        -0.594140518058956,
        -0.8041517911564379,
        0.01835596852602387,
        -8.589437049385083
      ],
      [
        0.8034659872696414,
        -0.5944010664685623,
        -0.0336121924583406,
        17.570044664539708
      ],
      [
        0.037940112038001454,
        -0.005221969066243581,
        0.9992663703625851,
        0.5659499483060983
      ],
      [
        0.0,
        0.0,
        0.0,
        1.0
      ]
    ],
    "location": [
      -8.589437049385083,
      17.570044664539708,
      0.5659499483060983
    ],
    "rotation": [
      -0.005225755300377061,
      -0.03794922010134894,
      2.2075253301319218
    ]
  },
  {
    "label_id": "NjQjKUN8pI-ZQimlGuoBsQ",
    "size": [
      1.946004970231197,
      4.277104600442166,
      1.4499999999999886
    ],
    "obj_class": "vehicle",
    "point_num_in_lidar": 236,
    "speed": 1.9539925233402755e-13,
    "if_vehicle": true,
    "motion_state": false,
    "pose": [
      [
        -0.9983105901518378,
        0.055127343579762046,
        0.01835596852602387,
        -5.492949005519677
      ],
      [
        -0.055721617463962106,
        -0.9978804146115623,
        -0.0336121924583406,
        23.704815956168375
      ],
      [
        0.01646411060122546,
        -0.03457823194577078,
        0.9992663703625851,
        0.2584759134357739
      ],
      [
        0.0,
        0.0,
        0.0,
        1.0
      ]
    ],
    "location": [
      -5.492949005519677,
      23.704815956168375,
      0.2584759134357739
    ],
    "rotation": [
      -0.03458981652269679,
      -0.01646485450464475,
      -3.0858345953315087
    ]
  },
  {
    "label_id": "Q175aDJRl7PlCgCobA9ChQ",
    "size": [
      0.816880950062526,
      0.09569916411282975,
      0.8100000000000023
    ],
    "obj_class": "sign",
    "point_num_in_lidar": 72,
    "speed": 0.0010810877602589642,
    "if_vehicle": false,
    "motion_state": false,
    "pose": [
      [
        -0.9978889359307213,
        -0.06229550518716898,
        0.01835596852602387,
        14.612372730246534
      ],
      [
        0.06165489560288768,
        -0.997531400190661,
        -0.0336121924583406,
        10.723809812359022
      ],
      [
        0.020404543495260975,
        -0.03240949964339022,
        0.9992663703625851,
        2.9744179422222032
      ],
      [
        0.0,
        0.0,
        0.0,
        1.0
      ]
    ],
    "location": [
      14.612372730246534,
      10.723809812359022,
      2.9744179422222032
    ],
    "rotation": [
      -0.0324219284468869,
      -0.020405959650222412,
      3.0798857659362042
    ]
  },
  {
    "label_id": "T3cNiktshsWqVrlPYROiKA",
    "size": [
      2.0975139466488577,
      4.8260551870852515,
      1.4499999999999886
    ],
    "obj_class": "vehicle",
    "point_num_in_lidar": 4407,
    "speed": 0.01373039292024123,
    "if_vehicle": true,
    "motion_state": false,
    "pose": [
      [
        0.9965287027519948,
        -0.08120100375548303,
        0.01835596852602387,
        -16.756644434759323
      ],
      [
        0.08178383127670287,
        0.9960831418410048,
        -0.0336121924583406,
        -5.40345338243074
      ],
      [
        -0.015554727034896723,
        0.03499673598001334,
        0.9992663703625851,
        0.5857096258044976
      ],
      [
        0.0,
        0.0,
        0.0,
        1.0
      ]
    ],
    "location": [
      -16.756644434759323,
      -5.40345338243074,
      0.5857096258044976
    ],
    "rotation": [
      0.035008120840719234,
      0.015555354346356437,
      0.08188520544528045
    ]
  },
  {
    "label_id": "YKPb1MkzJMFBs5crX5wDgA",
    "size": [
      2.1866969615546967,
      4.975542376081814,
      1.5300000000000011
    ],
    "obj_class": "vehicle",
    "point_num_in_lidar": 37,
    "speed": 8.660887081955007,
    "if_vehicle": true,
    "motion_state": true,
    "pose": [
      [
        -0.9974809459579896,
        0.06851876290641912,
        0.01835596852602387,
        45.48972552793259
      ],
      [
        -0.06910721073398574,
        -0.9970428345576293,
        -0.0336121924583406,
        6.777688939793208
      ],
      [
        0.015998621044419504,
        -0.03479605131422192,
        0.9992663703625851,
        0.6979860110063214
      ],
      [
        0.0,
        0.0,
        0.0,
        1.0
      ]
    ],
    "location": [
      45.48972552793259,
      6.777688939793208,
      0.6979860110063214
    ],
    "rotation": [
      -0.0348075334650271,
      -0.015999303613216363,
      -3.072421450091956
    ]
  },
  {
    "label_id": "ZFvMr9wN9-CPPx0LnQsiyw",
    "size": [
      0.9106749139701027,
      0.6788900799441303,
      1.740000000000009
    ],
    "obj_class": "pedestrian",
    "point_num_in_lidar": 30,
    "speed": 0.007063768262895471,
    "if_vehicle": false,
    "motion_state": false,
    "pose": [
      [
        -0.9653152981699048,
        -0.26044084460510386,
        0.01835596852602387,
        36.011667130229284
      ],
      [
        0.25974171083653513,
        -0.9650929821368786,
        -0.0336121924583406,
        -5.140030753629702
      ],
      [
        0.026469204197670588,
        -0.02767855291605624,
        0.9992663703625851,
        0.9403265459337149
      ],
      [
        0.0,
        0.0,
        0.0,
        1.0
      ]
    ],
    "location": [
      36.011667130229284,
      -5.140030753629702,
      0.9403265459337149
    ],
    "rotation": [
      -0.027691793109695145,
      -0.02647229597609267,
      2.8787436548786833
    ]
  },
  {
    "label_id": "_8n2ltih6YGV4VvLcYeuvA",
    "size": [
      0.41565201678288705,
      0.05391781688397976,
      0.18345640068281455
    ],
    "obj_class": "sign",
    "point_num_in_lidar": 31,
    "speed": 0.007835671997465661,
    "if_vehicle": false,
    "motion_state": false,
    "pose": [
      [
        -0.036338797650045544,
        -0.9991709314250595,
        0.01835596852602387,
        -6.693280364514976
      ],
      [
        0.998752010628606,
        -0.036941058234172014,
        -0.0336121924583406,
        12.758197395568075
      ],
      [
        0.034262414548103005,
        0.017111633812083724,
        0.9992663703625851,
        2.2117099547696455
      ],
      [
        0.0,
        0.0,
        0.0,
        1.0
      ]
    ],
    "location": [
      -6.693280364514976,
      12.758197395568075,
      2.2117099547696455
    ],
    "rotation": [
      0.017122523102331,
      -0.034269121607715496,
      1.6071644890238452
    ]
  },
  {
    "label_id": "_SFSfPAKVug3laTRe36P7A",
    "size": [
      1.512476999956423,
      4.834983194317003,
      1.5800000000000125
    ],
    "obj_class": "vehicle",
    "point_num_in_lidar": 1014,
    "speed": 1.7763568394002505e-14,
    "if_vehicle": true,
    "motion_state": false,
    "pose": [
      [
        0.9957402115015839,
        0.09035756536257995,
        0.01835596852602387,
        -4.071180151369731
      ],
      [
        -0.08970714631829897,
        0.9954008481097305,
        -0.0336121924583406,
        13.389026192550418
      ],
      [
        -0.02130866251571381,
        0.03182235007312189,
        0.9992663703625851,
        2.4342857877423683
      ],
      [
        0.0,
        0.0,
        0.0,
        1.0
      ]
    ],
    "location": [
      -4.071180151369731,
      13.389026192550418,
      2.4342857877423683
    ],
    "rotation": [
      0.03183495414061241,
      0.021310275410640525,
      -0.0898483575267214
    ]
  },
  {
    "label_id": "_cqh80UXdkf7A2Uf9Nd09w",
    "size": [
      2.7446487319770894,
      7.000101787777974,
      2.3102425954895978
    ],
    "obj_class": "vehicle",
    "point_num_in_lidar": 3067,
    "speed": 3.7221458391556904e-14,
    "if_vehicle": true,
    "motion_state": false,
    "pose": [
      [
        0.998614675321596,
        -0.04931316915201631,
        0.01835596852602387,
        -3.0104291858053784
      ],
      [
        0.04990993790618779,
        0.9981879675774218,
        -0.0336121924583406,
        13.273276314099334
      ],
      [
        -0.016665183183638615,
        0.03448177390797458,
        0.9992663703625851,
        0.964721384353993
      ],
      [
        0.0,
        0.0,
        0.0,
        1.0
      ]
    ],
    "location": [
      -3.0104291858053784,
      13.273276314099334,
      0.964721384353993
    ],
    "rotation": [
      0.03449340279352683,
      0.016665954678979553,
      0.049937622923437515
    ]
  },
  {
    "label_id": "aLKLRVALSecdklsZzsqb1w",
    "size": [
      2.2791812515326497,
      4.723665906330695,
      1.6483726207747225
    ],
    "obj_class": "vehicle",
    "point_num_in_lidar": 27,
    "speed": 0.012267221121850346,
    "if_vehicle": true,
    "motion_state": false,
    "pose": [
      [
        0.9939995785027476,
        -0.10783272395628349,
        0.01835596852602387,
        28.795533789099295
      ],
      [
        0.10840342247532712,
        0.9935385843105337,
        -0.0336121924583406,
        -1.7448380203350666
      ],
      [
        -0.014612868712068754,
        0.035400354947214156,
        0.9992663703625851,
        0.724416555018081
      ],
      [
        0.0,
        0.0,
        0.0,
        1.0
      ]
    ],
    "location": [
      28.795533789099295,
      -1.7448380203350666,
      0.724416555018081
    ],
    "rotation": [
      0.035411535586840535,
      0.014613388824138408,
      0.10862851117902655
    ]
  },
  {
    "label_id": "auXhaEEj7_TnIkSP3tzCWw",
    "size": [
      1.938390358078712,
      4.5786654796276824,
      1.5670055110724945
    ],
    "obj_class": "vehicle",
    "point_num_in_lidar": 468,
    "speed": 0.3850661390699672,
    "if_vehicle": true,
    "motion_state": false,
    "pose": [
      [
        -0.3693767975624942,
        0.9290984015926128,
        0.01835596852602387,
        3.3751486294264623
      ],
      [
        -0.928957691644184,
        -0.36865678842692245,
        -0.0336121924583406,
        14.405986819565541
      ],
      [
        -0.02446198188179789,
        -0.029467482159144496,
        0.9992663703625851,
        0.7421502288666488
      ],
      [
        0.0,
        0.0,
        0.0,
        1.0
      ]
    ],
    "location": [
      3.3751486294264623,
      14.405986819565541,
      0.7421502288666488
    ],
    "rotation": [
      -0.02948057271583474,
      0.02446442216730485,
      -1.9492536105915408
    ]
  },
  {
    "label_id": "djwJETMnF8x4cVGX3MsC8A",
    "size": [
      1.9823390091466793,
      4.458846597593478,
      1.4782598895759236
    ],
    "obj_class": "vehicle",
    "point_num_in_lidar": 144,
    "speed": 0.008224153924638242,
    "if_vehicle": true,
    "motion_state": false,
    "pose": [
      [
        -0.996049172469531,
        0.08688558247623364,
        0.01835596852602387,
        18.072428331148103
      ],
      [
        -0.08746585827050549,
        -0.9956002933683514,
        -0.0336121924583406,
        9.427602372863788
      ],
      [
        0.015354792729523403,
        -0.03508491702453182,
        0.9992663703625851,
        0.5860345076937392
      ],
      [
        0.0,
        0.0,
        0.0,
        1.0
      ]
    ],
    "location": [
      18.072428331148103,
      9.427602372863788,
      0.5860345076937392
    ],
    "rotation": [
      -0.035096258245589464,
      -0.01535539615925689,
      -3.054004534230494
    ]
  },
  {
    "label_id": "eYuikztkR3GVWeq2x3R4vg",
    "size": [
      2.082652378018849,
      4.727294552036573,
      1.6500000000000057
    ],
    "obj_class": "vehicle",
    "point_num_in_lidar": 21,
    "speed": 0.015968276664370964,
    "if_vehicle": true,
    "motion_state": false,
    "pose": [
      [
        -0.9985338952999165,
        0.05092267036052906,
        0.01835596852602387,
        -5.528137527682247
      ],
      [
        -0.051518750572786265,
        -0.9981062262392529,
        -0.0336121924583406,
        26.35610575182507
      ],
      [
        0.01660958387782545,
        -0.03450859002901145,
        0.9992663703625851,
        0.46244218158250305
      ],
      [
        0.0,
        0.0,
        0.0,
        1.0
      ]
    ],
    "location": [
      -5.528137527682247,
      26.35610575182507,
      0.46244218158250305
    ],
    "rotation": [
      -0.0345202066608648,
      -0.01661034767654707,
      -3.0900439683576795
    ]
  },
  {
    "label_id": "hIXIgHw3ha67NHMRblswLg",
    "size": [
      2.014083700009068,
      3.9843474780506,
      1.6662575940847546
    ],
    "obj_class": "vehicle",
    "point_num_in_lidar": 408,
    "speed": 0.029531937979758647,
    "if_vehicle": true,
    "motion_state": false,
    "pose": [
      [
        -0.05714867804447514,
        -0.9981969179561921,
        0.01835596852602387,
        10.326254428328184
      ],
      [
        0.9977655399714409,
        -0.057742079661565616,
        -0.0336121924583406,
        -16.95102759412191
      ],
      [
        0.034611498714560804,
        0.01639406048289634,
        0.9992663703625851,
        1.7522803034853496
      ],
      [
        0.0,
        0.0,
        0.0,
        1.0
      ]
    ],
    "location": [
      10.326254428328184,
      -16.95102759412191,
      1.7522803034853496
    ],
    "rotation": [
      0.016404624764192664,
      -0.03461841295039174,
      1.6280104760071792
    ]
  },
  {
    "label_id": "hb0ASarWGWDxr2SxCcea0A",
    "size": [
      0.42880184881092437,
      0.07469978022218265,
      0.6044489512381972
    ],
    "obj_class": "sign",
    "point_num_in_lidar": 20,
    "speed": 0.002440447680259952,
    "if_vehicle": false,
    "motion_state": false,
    "pose": [
      [
        -0.8857743585781992,
        -0.4637529990251834,
        0.01835596852602387,
        25.905417589415492
      ],
      [
        0.46302227862494916,
        -0.8857090888181648,
        -0.0336121924583406,
        -3.606003678593538
      ],
      [
        0.03184580321392662,
        -0.0212735958419062,
        0.9992663703625851,
        2.532643039433225
      ],
      [
        0.0,
        0.0,
        0.0,
        1.0
      ]
    ],
    "location": [
      25.905417589415492,
      -3.606003678593538,
      2.532643039433225
    ],
    "rotation": [
      -0.021285998806698625,
      -0.03185118843633604,
      2.6599255499986634
    ]
  },
  {
    "label_id": "hmBHz0-xRezKX2tSDNT3Gw",
    "size": [
      1.7247351383281222,
      3.647309105144183,
      1.3923338815695843
    ],
    "obj_class": "vehicle",
    "point_num_in_lidar": 24,
    "speed": 7.03769939331843e-30,
    "if_vehicle": true,
    "motion_state": false,
    "pose": [
      [
        -0.07460481637194932,
        -0.9970442215837669,
        0.01835596852602387,
        5.469483484186412
      ],
      [
        0.9966025272197782,
        -0.07519057957812923,
        -0.0336121924583406,
        48.95112011296436
      ],
      [
        0.03489303817753959,
        0.015785973176388978,
        0.9992663703625851,
        -0.41539421930758635
      ],
      [
        0.0,
        0.0,
        0.0,
        1.0
      ]
    ],
    "location": [
      5.469483484186412,
      48.95112011296436,
      -0.41539421930758635
    ],
    "rotation": [
      0.015796248771034086,
      -0.0349001225788973,
      1.6455161091849977
    ]
  },
  {
    "label_id": "i4WEZxXNh4J1GX9xl5n5eQ",
    "size": [
      1.9322981237294699,
      4.718592850396311,
      1.4782598895759236
    ],
    "obj_class": "vehicle",
    "point_num_in_lidar": 45,
    "speed": 0.0014572508827612757,
    "if_vehicle": true,
    "motion_state": false,
    "pose": [
      [
        -0.9960491724695344,
        0.08688558247619428,
        0.01835596852602387,
        24.231864402552105
      ],
      [
        -0.08746585827046614,
        -0.9956002933683549,
        -0.0336121924583406,
        9.775266522926927
      ],
      [
        0.015354792729524789,
        -0.03508491702453121,
        0.9992663703625851,
        0.5860345076937392
      ],
      [
        0.0,
        0.0,
        0.0,
        1.0
      ]
    ],
    "location": [
      24.231864402552105,
      9.775266522926927,
      0.5860345076937392
    ],
    "rotation": [
      -0.03509625824558885,
      -0.015355396159258275,
      -3.054004534230533
    ]
  },
  {
    "label_id": "nBHdqL99senel5XF57qANg",
    "size": [
      2.7901377658754325,
      6.283840489035793,
      3.4623338815695774
    ],
    "obj_class": "vehicle",
    "point_num_in_lidar": 147,
    "speed": 7.03769142283391e-29,
    "if_vehicle": true,
    "motion_state": false,
    "pose": [
      [
        -0.07460481637194401,
        -0.9970442215837673,
        0.01835596852602387,
        3.6637623073957
      ],
      [
        0.9966025272197785,
        -0.07519057957812392,
        -0.0336121924583406,
        68.76485101343395
      ],
      [
        0.034893038177539505,
        0.015785973176389162,
        0.9992663703625851,
        0.5912884894325146
      ],
      [
        0.0,
        0.0,
        0.0,
        1.0
      ]
    ],
    "location": [
      3.6637623073957,
      68.76485101343395,
      0.5912884894325146
    ],
    "rotation": [
      0.01579624877103427,
      -0.034900122578897214,
      1.6455161091849924
    ]
  },
  {
    "label_id": "nsj7sgrIH9erlwVfmWHNxQ",
    "size": [
      2.198146743111276,
      4.580517552099105,
      1.710000000000008
    ],
    "obj_class": "vehicle",
    "point_num_in_lidar": 3504,
    "speed": 0.01713582143024445,
    "if_vehicle": true,
    "motion_state": false,
    "pose": [
      [
        -0.99741850233288,
        0.06942182382728455,
        0.01835596852602387,
        -18.482792933221162
      ],
      [
        -0.07000987476089991,
        -0.9969798583492581,
        -0.0336121924583406,
        6.502955787747609
      ],
      [
        0.015967111197647016,
        -0.034810521719544546,
        0.9992663703625851,
        0.7770814113430333
      ],
      [
        0.0,
        0.0,
        0.0,
        1.0
      ]
    ],
    "location": [
      -18.482792933221162,
      6.502955787747609,
      0.7770814113430333
    ],
    "rotation": [
      -0.034821996949161695,
      -0.015967789741044493,
      -3.0715165133281297
    ]
  },
  {
    "label_id": "wXzm9HyGat82X2noN_2ETQ",
    "size": [
      0.49289798795150125,
      0.060914065595576425,
      0.612229061401024
    ],
    "obj_class": "sign",
    "point_num_in_lidar": 27,
    "speed": 0.007643767441904157,
    "if_vehicle": false,
    "motion_state": false,
    "pose": [
      [
        -0.0363387976501121,
        -0.9991709314250571,
        0.01835596852602387,
        -6.693248773617142
      ],
      [
        0.9987520106286035,
        -0.036941058234238544,
        -0.0336121924583406,
        12.757399834523326
      ],
      [
        0.03426241454810414,
        0.01711163381208144,
        0.9992663703625851,
        3.369271753654459
      ],
      [
        0.0,
        0.0,
        0.0,
        1.0
      ]
    ],
    "location": [
      -6.693248773617142,
      12.757399834523326,
      3.369271753654459
    ],
    "rotation": [
      0.017122523102328716,
      -0.034269121607716634,
      1.6071644890239118
    ]
  },
  {
    "label_id": "yprhc4wCTTWWmKyZH8Fnbw",
    "size": [
      2.1216346499293928,
      4.232958032311484,
      1.6466765708208584
    ],
    "obj_class": "vehicle",
    "point_num_in_lidar": 246,
    "speed": 4.5984759173468275,
    "if_vehicle": true,
    "motion_state": true,
    "pose": [
      [
        -0.9978751491480938,
        0.06251595901960946,
        0.01835596852602387,
        9.862048566667909
      ],
      [
        -0.06310703218957059,
        -0.9974405862036937,
        -0.0336121924583406,
        4.283027567373537
      ],
      [
        0.016207689560648955,
        -0.03469916225920359,
        0.9992663703625851,
        0.8942570205659024
      ],
      [
        0.0,
        0.0,
        0.0,
        1.0
      ]
    ],
    "location": [
      9.862048566667909,
      4.283027567373537,
      0.8942570205659024
    ],
    "rotation": [
      -0.034710690376943784,
      -0.016208399242046864,
      -3.0784353519269554
    ]
  }
]