[
  {
    "label_id": "-kZBe1CSBNx4Vln1QEyrHA",
    "size": [
      2.1535971384174433,
      4.662434529255965,
      1.5800000000000125
    ],
    "obj_class": "vehicle",
    "point_num_in_lidar": 137,
    "speed": 0.007861335242577793,
    "if_vehicle": true,
    "motion_state": false,
    "pose": [
      [
        -0.05714705331211194,
        -0.998168539297202,
        0.019843927409482643,
        10.077905196306688
      ],
      [
        0.9976847241263453,
        -0.05783083289526425,
        -0.03578807079989534,
        -12.407729866075186
      ],
      [
        0.03687011720459993,
        0.017752800453173657,
        0.9991623654508754,
        1.1036540651271878
      ],
      [
        0.0,
        0.0,
        0.0,
        1.0
      ]
    ],
    "location": [
      10.077905196306688,
      -12.407729866075186,
      1.1036540651271878
    ],
    "rotation": [
      0.017765813935931345,
      -0.0368784758925057,
      1.6280134772615835
    ]
  },
  {
    "label_id": "5oX9fmLl0Z74-llNDr8wpg",
    "size": [
      2.0139788798168055,
      4.430995565915478,
      1.8100000000000023
    ],
    "obj_class": "vehicle",
    "point_num_in_lidar": 304,
    "speed": 0.04237600291487831,
    "if_vehicle": true,
    "motion_state": false,
    "pose": [
      [
        -0.9952243162392742,
        0.0955760373264981,
        0.019843927409482643,
        -2.0897475692272565
      ],
      [
        -0.09624066162699939,
        -0.9947145062971682,
        -0.03578807079989534,
        -12.424888738004
      ],
      [
        0.016318560465506216,
        -0.03752695099451534,
        0.9991623654508754,
        1.198742495420845
      ],
      [
        0.0,
        0.0,
        0.0,
        1.0
      ]
    ],
    "location": [
      -2.0897475692272565,
      -12.424888738004,
      1.198742495420845
    ],
    "rotation": [
      -0.037540765755944644,
      -0.01631928481195051,
      -3.045189924979611
    ]
  },
  {
    "label_id": "6_1JJIYW81d3Ggc94_e4oQ",
    "size": [
      2.106552025378817,
      4.845271544164966,
      1.4721932968977
    ],
    "obj_class": "vehicle",
    "point_num_in_lidar": 105,
    "speed": 0.00446849929587918,
    "if_vehicle": true,
    "motion_state": false,
    "pose": [
      [
        0.9992792720660243,
        -0.03235977385835623,
        0.019843927409482643,
        23.353016226556292
      ],
      [
        0.03305534881260711,
        0.9988125739613507,
        -0.03578807079989534,
        -2.2527843432922907
      ],
      [
        -0.018662270335456102,
        0.03641822527989926,
        0.9991623654508754,
        0.6915487787617849
      ],
      [
        0.0,
        0.0,
        0.0,
        1.0
      ]
    ],
    "location": [
      23.353016226556292,
      -2.2527843432922907,
      0.6915487787617849
    ],
    "rotation": [
      0.03643262800334275,
      0.018663353788894683,
      0.03306713237914437
    ]
  },
  {
    "label_id": "8OfIKSWREwC1OC68A-zLAw",
    "size": [
      2.2308369026882473,
      4.909505990367738,
      1.4753320494008335
    ],
    "obj_class": "vehicle",
    "point_num_in_lidar": 482,
    "speed": 8.840934159764123,
    "if_vehicle": true,
    "motion_state": true,
    "pose": [
      [
        -0.9961412849187532,
        0.08549128040556109,
        0.019843927409482643,
        -8.79456541380489
      ],
      [
        -0.08616103408551745,
        -0.9956382325893959,
        -0.03578807079989534,
        3.255973310148704
      ],
      [
        0.01669780481768164,
        -0.03735974813729003,
        0.9991623654508754,
        0.9545129412308029
      ],
      [
        0.0,
        0.0,
        0.0,
        1.0
      ]
    ],
    "location": [
      -8.79456541380489,
      3.255973310148704,
      0.9545129412308029
    ],
    "rotation": [
      -0.03737365740643665,
      -0.01669858085281915,
      -3.055312596903422
    ]
  },
  {
    "label_id": "B9tn9-kjeoeV8sqY20oAJw",
    "size": [
      0.7410014254288273,
      0.0564697773877908,
      0.7199999999999989
    ],
    "obj_class": "sign",
    "point_num_in_lidar": 75,
    "speed": 0.00787996393008067,
    "if_vehicle": false,
    "motion_state": false,
    "pose": [
      [
        -0.036337764538438615,
        -0.9991425250750346,
        0.019843927409482643,
        -6.71028779613755
      ],
      [
        0.9986730615039185,
        -0.03703147600099487,
        -0.03578807079989534,
        12.76878627915464
      ],
      [
        0.036492233348201286,
        0.018517137248277984,
        0.9991623654508754,
        2.7036614494197124
      ],
      [
        0.0,
        0.0,
        0.0,
        1.0
      ]
    ],
    "location": [
      -6.71028779613755,
      12.76878627915464,
      2.7036614494197124
    ],
    "rotation": [
      0.01853053954283386,
      -0.036500337554019636,
      1.6071663284222177
    ]
  },
  {
    "label_id": "M7QqgrsM8fak_dnz6nI4cg",
    "size": [
      2.0266134630628887,
      4.768749904609435,
      1.4399999999999977
    ],
    "obj_class": "vehicle",
    "point_num_in_lidar": 3108,
    "speed": 0.0952937670547062,
    "if_vehicle": true,
    "motion_state": false,
    "pose": [
      [
        -0.9945944407911812,
        0.1019221118906238,
        0.019843927409482643,
        -24.12607979765619
      ],
      [
        -0.10258347085811682,
        -0.9940804019268883,
        -0.03578807079989534,
        6.0802920507237985
      ],
      [
        0.01607886357861,
        -0.03763027521333836,
        0.9991623654508754,
        0.6940063547100124
      ],
      [
        0.0,
        0.0,
        0.0,
        1.0
      ]
    ],
    "location": [
      -24.12607979765619,
      6.0802920507237985,
      0.6940063547100124
    ],
    "rotation": [
      -0.037644030524996604,
      -0.016079556470265148,
      -3.0388150713612148
    ]
  },
  {
    "label_id": "Q175aDJRl7PlCgCobA9ChQ",
    "size": [
      0.8168809500625261,
      0.09569916411282975,
      0.8100000000000023
    ],
    "obj_class": "sign",
    "point_num_in_lidar": 50,
    "speed": 0.0010810877600482707,
    "if_vehicle": false,
    "motion_state": false,
    "pose": [
      [
        -0.9978605660276367,
        -0.062293734130903354,
        0.019843927409482643,
        14.609781263399327
      ],
      [
        0.06155713830181298,
        -0.9974617449870011,
        -0.03578807079989534,
        10.72457727759172
      ],
      [
        0.022022931028724563,
        -0.034489969201424046,
        0.9991623654508754,
        2.973695392630475
      ],
      [
        0.0,
        0.0,
        0.0,
        1.0
      ]
    ],
    "location": [
      14.609781263399327,
      10.72457727759172,
      2.973695392630475
    ],
    "rotation": [
      -0.03450518284112451,
      -0.022024711639139553,
      3.0799816109173146
    ]
  },
  {
    "label_id": "T3cNiktshsWqVrlPYROiKA",
    "size": [
      2.097513946648859,
      4.8260551870852515,
      1.4499999999999886
    ],
    "obj_class": "vehicle",
    "point_num_in_lidar": 4861,
    "speed": 0.07360338762303764,
    "if_vehicle": true,
    "motion_state": false,
    "pose": [
      [
        0.9965003715202309,
        -0.0811986952174048,
        0.019843927409482643,
        -16.877715028869375
      ],
      [
        0.08187061004023942,
        0.9960002094377595,
        -0.03578807079989534,
        -5.454321484070078
      ],
      [
        -0.0168586112026128,
        0.037287460290696614,
        0.9991623654508754,
        0.6598218969251946
      ],
      [
        0.0,
        0.0,
        0.0,
        1.0
      ]
    ],
    "location": [
      -16.877715028869375,
      -5.454321484070078,
      0.6598218969251946
    ],
    "rotation": [
      0.03730140977180466,
      0.01685940987686682,
      0.08197402337707282
    ]
  },
  {
    "label_id": "_SFSfPAKVug3laTRe36P7A",
    "size": [
      1.5124769999564234,
      4.834983194317003,
      1.5800000000000125
    ],
    "obj_class": "vehicle",
    "point_num_in_lidar": 451,
    "speed": 1.7763568394002505e-14,
    "if_vehicle": true,
    "motion_state": false,
    "pose": [
      [
        0.9957119026865632,
        0.09035499650418508,
        0.019843927409482643,
        -4.071180151369958
      ],
      [
        -0.08960746722045163,
        0.9953339719947055,
        -0.03578807079989534,
        13.389026192550347
      ],
      [
        -0.02298496610047104,
        0.03385644399477499,
        0.9991623654508754,
        2.421905766885942
      ],
      [
        0.0,
        0.0,
        0.0,
        1.0
      ]
    ],
    "location": [
      -4.071180151369958,
      13.389026192550347,
      2.421905766885942
    ],
    "rotation": [
      0.03387186737958495,
      0.022986990441238076,
      -0.08975159501535612
    ]
  },
  {
    "label_id": "_cqh80UXdkf7A2Uf9Nd09w",
    "size": [
      2.7446487319770894,
      7.000101787777974,
      2.3102425954895978
    ],
    "obj_class": "vehicle",
    "point_num_in_lidar": 1349,
    "speed": 3.7221458391556904e-14,
    "if_vehicle": true,
    "motion_state": false,
    "pose": [
      [
        0.9985862847857977,
        -0.049311767182539774,
        0.019843927409482643,
        -3.010429185805492
      ],
      [
        0.04999932264132319,
        0.9981078507475184,
        -0.03578807079989534,
        13.27327631409932
      ],
      [
        -0.018041606721871804,
        0.0367296595887363,
        0.9991623654508754,
        1.115358533789248
      ],
      [
        0.0,
        0.0,
        0.0,
        1.0
      ]
    ],
    "location": [
      -3.010429185805492,
      13.27327631409932,
      1.115358533789248
    ],
    "rotation": [
      0.03674390631562445,
      0.01804258562114369,
      0.050028328159687246
    ]
  },
  {
    "label_id": "djwJETMnF8x4cVGX3MsC8A",
    "size": [
      1.9823390091466786,
      4.458846597593478,
      1.4782598895759236
    ],
    "obj_class": "vehicle",
    "point_num_in_lidar": 84,
    "speed": 0.008224153924632223,
    "if_vehicle": true,
    "motion_state": false,
    "pose": [
      [
        -0.9960208548707747,
        0.08688311232603493,
        0.019843927409482643,
        18.07650161782317
      ],
      [
        -0.08755216243351793,
        -0.9955168671808815,
        -0.03578807079989534,
        9.447755248695657
      ],
      [
        0.016645585472013585,
        -0.037383043628161534,
        0.9991623654508754,
        0.5860345076937108
      ],
      [
        0.0,
        0.0,
        0.0,
        1.0
      ]
    ],
    "location": [
      18.07650161782317,
      9.447755248695657,
      0.5860345076937108
    ],
    "rotation": [
      -0.0373969398554682,
      -0.016646354248568047,
      -3.053916071533297
    ]
  },
  {
    "label_id": "hIXIgHw3ha67NHMRblswLg",
    "size": [
      2.014083700009065,
      3.9843474780506,
      1.6662575940847546
    ],
    "obj_class": "vehicle",
    "point_num_in_lidar": 129,
    "speed": 0.029531937979746164,
    "if_vehicle": true,
    "motion_state": false,
    "pose": [
      [
        -0.057147053312101306,
        -0.9981685392972026,
        0.019843927409482643,
        10.317478961667348
      ],
      [
        0.997684724126346,
        -0.05783083289525363,
        -0.03578807079989534,
        -16.87772107662539
      ],
      [
        0.03687011720459974,
        0.01775280045317405,
        0.9991623654508754,
        1.7522803034853496
      ],
      [
        0.0,
        0.0,
        0.0,
        1.0
      ]
    ],
    "location": [
      10.317478961667348,
      -16.87772107662539,
      1.7522803034853496
    ],
    "rotation": [
      0.017765813935931737,
      -0.036878475892505515,
      1.6280134772615729
    ]
  },
  {
    "label_id": "i4WEZxXNh4J1GX9xl5n5eQ",
    "size": [
      1.9322981237294707,
      4.718592850396311,
      1.4782598895759236
    ],
    "obj_class": "vehicle",
    "point_num_in_lidar": 21,
    "speed": 0.0014572508827070572,
    "if_vehicle": true,
    "motion_state": false,
    "pose": [
      [
        -0.9960208548707784,
        0.08688311232599202,
        0.019843927409482643,
        24.23291850572275
      ],
      [
        -0.08755216243347506,
        -0.9955168671808852,
        -0.03578807079989534,
        9.771779222738601
      ],
      [
        0.016645585472015195,
        -0.03738304362816082,
        0.9991623654508754,
        0.5860345076937392
      ],
      [
        0.0,
        0.0,
        0.0,
        1.0
      ]
    ],
    "location": [
      24.23291850572275,
      9.771779222738601,
      0.5860345076937392
    ],
    "rotation": [
      -0.037396939855467486,
      -0.016646354248569657,
      -3.05391607153334
    ]
  },
  {
    "label_id": "jKWAMeZYC4hsnOFThiEMlQ",
    "size": [
      0.48670584035539965,
      0.0674641199295769,
      0.46999999999999886
    ],
    "obj_class": "sign",
    "point_num_in_lidar": 30,
    "speed": 0.03057551562505179,
    "if_vehicle": false,
    "motion_state": false,
    "pose": [
      [
        0.9975874449614458,
        -0.06652449323566256,
        0.019843927409482643,
        -24.783800002717044
      ],
      [
        0.06720369613169491,
        0.9970972255575986,
        -0.03578807079989534,
        7.950952415679126
      ],
      [
        -0.017405541690316474,
        0.03703531537705321,
        0.9991623654508754,
        3.2192375747021345
      ],
      [
        0.0,
        0.0,
        0.0,
        1.0
      ]
    ],
    "location": [
      -24.783800002717044,
      7.950952415679126,
      3.2192375747021345
    ],
    "rotation": [
      0.03704940207564285,
      0.017406420653318006,
      0.06726459013582375
    ]
  },
  {
    "label_id": "nsj7sgrIH9erlwVfmWHNxQ",
    "size": [
      2.198146743111277,
      4.580517552099105,
      1.710000000000008
    ],
    "obj_class": "vehicle",
    "point_num_in_lidar": 3650,
    "speed": 0.08524965722348815,
    "if_vehicle": true,
    "motion_state": false,
    "pose": [
      [
        -0.9973901458041847,
        0.06941985017035418,
        0.019843927409482643,
        -18.648401024670875
      ],
      [
        -0.0700976272746998,
        -0.996897956984003,
        -0.03578807079989534,
        6.485500709270241
      ],
      [
        0.017297968180237343,
        -0.037085681380374214,
        0.9991623654508754,
        0.8204328172342343
      ],
      [
        0.0,
        0.0,
        0.0,
        1.0
      ]
    ],
    "location": [
      -18.648401024670875,
      6.485500709270241,
      0.8204328172342343
    ],
    "rotation": [
      -0.03709974104705498,
      -0.017298830945230097,
      -3.0714269773010594
    ]
  },
  {
    "label_id": "p_DEk8_sjwYUYGBZau4oJg",
    "size": [
      1.8965503319773456,
      4.0060659652564485,
      1.4045306017165728
    ],
    "obj_class": "vehicle",
    "point_num_in_lidar": 30,
    "speed": 8.709389069487393e-30,
    "if_vehicle": true,
    "motion_state": false,
    "pose": [
      [
        -0.07460269536292193,
        -0.9970158756958457,
        0.019843927409482643,
        6.555915992543419
      ],
      [
        0.9965201708804352,
        -0.0752779052368617,
        -0.03578807079989534,
        28.622488995439284
      ],
      [
        0.03717508403508078,
        0.01710498738952532,
        0.9991623654508754,
        0.3232737208440426
      ],
      [
        0.0,
        0.0,
        0.0,
        1.0
      ]
    ],
    "location": [
      6.555915992543419,
      28.622488995439284,
      0.3232737208440426
    ],
    "rotation": [
      0.01711765502856792,
      -0.03718365194417301,
      1.6455201448069499
    ]
  },
  {
    "label_id": "rt4PwXQrSFVv5Wfts37zdw",
    "size": [
      0.49381232016086857,
      0.059380021361224763,
      0.46999999999999886
    ],
    "obj_class": "sign",
    "point_num_in_lidar": 49,
    "speed": 0.030395240819252628,
    "if_vehicle": false,
    "motion_state": false,
    "pose": [
      [
        0.9975874449614242,
        -0.06652449323598462,
        0.019843927409482643,
        -24.783749379339724
      ],
      [
        0.06720369613201682,
        0.9970972255575768,
        -0.03578807079989534,
        7.954158035375102
      ],
      [
        -0.017405541690304522,
        0.03703531537705882,
        0.9991623654508754,
        2.739237574702088
      ],
      [
        0.0,
        0.0,
        0.0,
        1.0
      ]
    ],
    "location": [
      -24.783749379339724,
      7.954158035375102,
      2.739237574702088
    ],
    "rotation": [
      0.03704940207564846,
      0.01740642065330605,
      0.06726459013614644
    ]
  },
  {
    "label_id": "yprhc4wCTTWWmKyZH8Fnbw",
    "size": [
      2.1216346499293994,
      4.232958032311484,
      1.6466765708208584
    ],
    "obj_class": "vehicle",
    "point_num_in_lidar": 76,
    "speed": 1.2281117379094086,
    "if_vehicle": true,
    "motion_state": true,
    "pose": [
      [
        -0.9951777302883952,
        0.09605989633039054,
        0.019843927409482643,
        16.310620216506777
      ],
      [
        -0.09672427268672142,
        -0.9946675972713932,
        -0.03578807079989534,
        4.732865140256976
      ],
      [
        0.01630031322591542,
        -0.037534880515970544,
        0.9991623654508754,
        0.9187642354032732
      ],
      [
        0.0,
        0.0,
        0.0,
        1.0
      ]
    ],
    "location": [
      16.310620216506777,
      4.732865140256976,
      0.9187642354032732
    ],
    "rotation": [
      -0.03754869074338813,
      -0.016301035145013038,
      -3.0447040107594012
    ]
  }
]