[
  {
    "label_id": "-kZBe1CSBNx4Vln1QEyrHA",
    "size": [
      2.1535971384174397,
      4.662434529255965,
      1.5800000000000125
    ],
    "obj_class": "vehicle",
    "point_num_in_lidar": 270,
    "speed": 0.007861335176820729,
    "if_vehicle": true,
    "motion_state": false,
    "pose": [
      [
        -0.057152742035014546,
        -0.9982679023247051,
        0.013955617725923991,
        10.094066817744306
      ],
      [
        0.99774293832458,
        -0.05760507895716264,
        -0.03450628785847713,
        -12.357599309995663
      ],
      [
        0.035250434058492236,
        0.011951990067436498,
        0.9993070383181115,
        1.1036540651271594
      ],
      [
        0.0,
        0.0,
        0.0,
        1.0
      ]
    ],
    "location": [
      10.094066817744306,
      -12.357599309995663,
      1.1036540651271594
    ],
    "rotation": [
      0.011959707831838248,
      -0.03525773846797701,
      1.628015829103382
    ]
  },
  {
    "label_id": "5oX9fmLl0Z74-llNDr8wpg",
    "size": [
      2.0139788798168077,
      4.430995565915478,
      1.8100000000000023
    ],
    "obj_class": "vehicle",
    "point_num_in_lidar": 2017,
    "speed": 0.002034540629245828,
    "if_vehicle": true,
    "motion_state": false,
    "pose": [
      [
        -0.9953233861830896,
        0.09558555147571378,
        0.013955617725923991,
        -2.00122808407059
      ],
      [
        -0.09601731912222504,
        -0.9947813782569559,
        -0.03450628785847713,
        -12.387078931469233
      ],
      [
        0.010584486081489609,
        -0.035684896276645714,
        0.9993070383181115,
        1.1410668162758384
      ],
      [
        0.0,
        0.0,
        0.0,
        1.0
      ]
    ],
    "location": [
      -2.00122808407059,
      -12.387078931469233,
      1.1410668162758384
    ],
    "rotation": [
      -0.03569447457023535,
      -0.010584683723823448,
      -3.045421779289264
    ]
  },
  {
    "label_id": "6OjFlL7Q_guovcwo3zdcBQ",
    "size": [
      2.1550294496027758,
      4.70536948148588,
      1.755650015166566
    ],
    "obj_class": "vehicle",
    "point_num_in_lidar": 95,
    "speed": 0.003916478016040035,
    "if_vehicle": true,
    "motion_state": false,
    "pose": [
      [
        -0.07461012171368318,
        -0.9971151239810563,
        0.013955617725923991,
        7.219703498950935
      ],
      [
        0.9965823260564094,
        -0.07505320439677696,
        -0.03450628785847713,
        22.70506217222824
      ],
      [
        0.0354541553257985,
        0.011333403637847022,
        0.9993070383181115,
        0.6623802716219416
      ],
      [
        0.0,
        0.0,
        0.0,
        1.0
      ]
    ],
    "location": [
      7.219703498950935,
      22.70506217222824,
      0.6623802716219416
    ],
    "rotation": [
      0.011340776482080626,
      -0.03546158715895433,
      1.6455229120229458
    ]
  },
  {
    "label_id": "6_1JJIYW81d3Ggc94_e4oQ",
    "size": [
      2.106552025378817,
      4.845271544164966,
      1.4721932968977
    ],
    "obj_class": "vehicle",
    "point_num_in_lidar": 146,
    "speed": 0.004468499258479778,
    "if_vehicle": true,
    "motion_state": false,
    "pose": [
      [
        0.9993787456617995,
        -0.03236299512307382,
        0.013955617725923991,
        23.350053889621904
      ],
      [
        0.032828219800928655,
        0.9988651681197667,
        -0.03450628785847713,
        -2.222992085823847
      ],
      [
        -0.012823053620340986,
        0.03494298876361423,
        0.9993070383181115,
        0.691548778761728
      ],
      [
        0.0,
        0.0,
        0.0,
        1.0
      ]
    ],
    "location": [
      23.350053889621904,
      -2.222992085823847,
      0.691548778761728
    ],
    "rotation": [
      0.03495297860474176,
      0.012823405063635596,
      0.03283681988639568
    ]
  },
  {
    "label_id": "9dK1E7yukLqZV3xaj_wIig",
    "size": [
      2.0955586239767494,
      4.606271177782434,
      1.8262575940847512
    ],
    "obj_class": "vehicle",
    "point_num_in_lidar": 417,
    "speed": 0.005142310274191128,
    "if_vehicle": true,
    "motion_state": false,
    "pose": [
      [
        -0.016807586838834102,
        -0.999761344401024,
        0.013955617725923991,
        10.872881833350903
      ],
      [
        0.9992550684783746,
        -0.017280747047126288,
        -0.03450628785847713,
        -22.23322810105526
      ],
      [
        0.03473921623948792,
        0.013365254316709034,
        0.9993070383181115,
        2.301907563083944
      ],
      [
        0.0,
        0.0,
        0.0,
        1.0
      ]
    ],
    "location": [
      10.872881833350903,
      -22.23322810105526,
      2.301907563083944
    ],
    "rotation": [
      0.013373724965196567,
      -0.03474620732724233,
      1.5876148575095148
    ]
  },
  {
    "label_id": "B9tn9-kjeoeV8sqY20oAJw",
    "size": [
      0.7410014254288275,
      0.0564697773877908,
      0.7199999999999989
    ],
    "obj_class": "sign",
    "point_num_in_lidar": 203,
    "speed": 0.0038811069071787167,
    "if_vehicle": false,
    "motion_state": false,
    "pose": [
      [
        -0.036341381793546124,
        -0.9992419850582859,
        0.013955617725923991,
        -6.688481364079394
      ],
      [
        0.9987265594725832,
        -0.036804558172659554,
        -0.03450628785847713,
        12.741232919334493
      ],
      [
        0.034993761921126486,
        0.012683839895383738,
        0.9993070383181115,
        2.635032243687448
      ],
      [
        0.0,
        0.0,
        0.0,
        1.0
      ]
    ],
    "location": [
      -6.688481364079394,
      12.741232919334493,
      2.635032243687448
    ],
    "rotation": [
      0.012691953864053085,
      -0.03500090787282006,
      1.6071679990160888
    ]
  },
  {
    "label_id": "FJYkxRLHRb93ZMGg32MbWQ",
    "size": [
      2.2091201469361623,
      4.612479673477537,
      1.9199999999999875
    ],
    "obj_class": "vehicle",
    "point_num_in_lidar": 998,
    "speed": 0.005528128489371453,
    "if_vehicle": true,
    "motion_state": false,
    "pose": [
      [
        -0.9968703269361222,
        0.0778125440283043,
        0.013955617725923991,
        -2.0495949042255006
      ],
      [
        -0.07825391303948763,
        -0.9963361085458241,
        -0.03450628785847713,
        -19.595771345239683
      ],
      [
        0.011219463814159138,
        -0.035490376154768834,
        0.9993070383181115,
        1.9863755778858376
      ],
      [
        0.0,
        0.0,
        0.0,
        1.0
      ]
    ],
    "location": [
      -2.0495949042255006,
      -19.595771345239683,
      1.9863755778858376
    ],
    "rotation": [
      -0.03550006611648478,
      -0.011219699205052775,
      -3.063253711962306
    ]
  },
  {
    "label_id": "JCDdYUT-UV2oxkxdT7TaPw",
    "size": [
      3.559081623539324,
      6.254139630824458,
      2.4000000000000057
    ],
    "obj_class": "vehicle",
    "point_num_in_lidar": 126,
    "speed": 0.02646920747063738,
    "if_vehicle": true,
    "motion_state": false,
    "pose": [
      [
        -0.10469324579831035,
        -0.9944066396691559,
        0.013955617725923991,
        5.345299737790583
      ],
      [
        0.9938607018329935,
        -0.10512003353432432,
        -0.03450628785847713,
        55.802528973143836
      ],
      [
        0.035780296760146185,
        0.010257364751244984,
        0.9993070383181115,
        0.5385376253080096
      ],
      [
        0.0,
        0.0,
        0.0,
        1.0
      ]
    ],
    "location": [
      5.345299737790583,
      55.802528973143836,
      0.5385376253080096
    ],
    "rotation": [
      0.01026411717697321,
      -0.03578793566114566,
      1.675749224581416
    ]
  },
  {
    "label_id": "M1ux1dJCnlFsX4da4hqWLg",
    "size": [
      2.048192276072318,
      4.507813116800472,
      1.3662575940847432
    ],
    "obj_class": "vehicle",
    "point_num_in_lidar": 40,
    "speed": 0.010382325268270348,
    "if_vehicle": true,
    "motion_state": false,
    "pose": [
      [
        -0.09523642468053842,
        -0.9953568526653925,
        0.013955617725923991,
        11.510435686648634
      ],
      [
        0.9948149962199782,
        -0.09566838241588821,
        -0.03450628785847713,
        -28.574283129962254
      ],
      [
        0.03568118145343349,
        0.0105970023106237,
        0.9993070383181115,
        2.8262770306363336
      ],
      [
        0.0,
        0.0,
        0.0,
        1.0
      ]
    ],
    "location": [
      11.510435686648634,
      -28.574283129962254,
      2.8262770306363336
    ],
    "rotation": [
      0.010603953251770003,
      -0.03568875702419792,
      1.6662382677981624
    ]
  },
  {
    "label_id": "NjQjKUN8pI-ZQimlGuoBsQ",
    "size": [
      1.946004970231196,
      4.277104600442166,
      1.4499999999999886
    ],
    "obj_class": "vehicle",
    "point_num_in_lidar": 264,
    "speed": 0.010299008497255303,
    "if_vehicle": true,
    "motion_state": false,
    "pose": [
      [
        -0.9983815826038757,
        0.055131263827962844,
        0.013955617725923991,
        -5.4722514920880485
      ],
      [
        -0.05558466280576677,
        -0.9978575356026516,
        -0.03450628785847713,
        23.67785807301138
      ],
      [
        0.01202334305215386,
        -0.035226160587472966,
        0.9993070383181115,
        0.2584759134357171
      ],
      [
        0.0,
        0.0,
        0.0,
        1.0
      ]
    ],
    "location": [
      -5.4722514920880485,
      23.67785807301138,
      0.2584759134357171
    ],
    "rotation": [
      -0.03523599793044935,
      -0.01202363275497137,
      -3.0859753036732998
    ]
  },
  {
    "label_id": "Q175aDJRl7PlCgCobA9ChQ",
    "size": [
      0.8168809500625274,
      0.09569916411282975,
      0.8100000000000023
    ],
    "obj_class": "sign",
    "point_num_in_lidar": 75,
    "speed": 0.0010810877508549356,
    "if_vehicle": false,
    "motion_state": false,
    "pose": [
      [
        -0.9979598983978337,
        -0.06229993518193581,
        0.013955617725923991,
        14.616726441941523
      ],
      [
        0.061788223404936365,
        -0.9974926223018843,
        -0.03450628785847713,
        10.722520456732937
      ],
      [
        0.016070365218226922,
        -0.03357359869952896,
        0.9993070383181115,
        2.975631838749962
      ],
      [
        0.0,
        0.0,
        0.0,
        1.0
      ]
    ],
    "location": [
      14.616726441941523,
      10.722520456732937,
      2.975631838749962
    ],
    "rotation": [
      -0.03358424777411482,
      -0.016071057011709834,
      3.079757051364876
    ]
  },
  {
    "label_id": "T3cNiktshsWqVrlPYROiKA",
    "size": [
      2.097513946648859,
      4.8260551870852515,
      1.4499999999999886
    ],
    "obj_class": "vehicle",
    "point_num_in_lidar": 4405,
    "speed": 0.018431397178878612,
    "if_vehicle": true,
    "motion_state": false,
    "pose": [
      [
        0.996599568489404,
        -0.08120677816919834,
        0.013955617725923991,
        -16.706814688023883
      ],
      [
        0.08164632542442225,
        0.9960638501837706,
        -0.03450628785847713,
        -5.4341433975670554
      ],
      [
        -0.011098541860210875,
        0.0355283764962791,
        0.9993070383181115,
        0.5952832699803992
      ],
      [
        0.0,
        0.0,
        0.0,
        1.0
      ]
    ],
    "location": [
      -16.706814688023883,
      -5.4341433975670554,
      0.5952832699803992
    ],
    "rotation": [
      0.035538044854601956,
      0.011098769721524538,
      0.08174235516517832
    ]
  },
  {
    "label_id": "YKPb1MkzJMFBs5crX5wDgA",
    "size": [
      2.186696961554723,
      4.975542376081814,
      1.5300000000000011
    ],
    "obj_class": "vehicle",
    "point_num_in_lidar": 214,
    "speed": 3.225573417536543,
    "if_vehicle": true,
    "motion_state": true,
    "pose": [
      [
        -0.9976996874919475,
        0.06633682470814006,
        0.013955617725923991,
        18.706717411753857
      ],
      [
        -0.06678431152592933,
        -0.9971705831161665,
        -0.03450628785847713,
        5.029653411959956
      ],
      [
        0.011627093896509516,
        -0.035358928934654706,
        0.9993070383181115,
        0.6979860110062646
      ],
      [
        0.0,
        0.0,
        0.0,
        1.0
      ]
    ],
    "location": [
      18.706717411753857,
      5.029653411959956,
      0.6979860110062646
    ],
    "rotation": [
      -0.035368692835350574,
      -0.011627355888919853,
      -3.0747540727249043
    ]
  },
  {
    "label_id": "ZFvMr9wN9-CPPx0LnQsiyw",
    "size": [
      0.9106749139702603,
      0.6788900799441303,
      1.740000000000009
    ],
    "obj_class": "pedestrian",
    "point_num_in_lidar": 33,
    "speed": 0.007062621343703154,
    "if_vehicle": false,
    "motion_state": false,
    "pose": [
      [
        -0.9771128980988052,
        -0.2122631034891417,
        0.013955617725923991,
        35.99694296965254
      ],
      [
        0.2116867061110963,
        -0.9767282398671916,
        -0.03450628785847713,
        -5.114279758501624
      ],
      [
        0.020955257688431168,
        -0.030762320183881725,
        0.9993070383181115,
        0.9490767261772248
      ],
      [
        0.0,
        0.0,
        0.0,
        1.0
      ]
    ],
    "location": [
      35.99694296965254,
      -5.114279758501624,
      0.9490767261772248
    ],
    "rotation": [
      -0.030773933729655346,
      -0.020956791646893836,
      2.9282446262212334
    ]
  },
  {
    "label_id": "_8n2ltih6YGV4VvLcYeuvA",
    "size": [
      0.4156520167828859,
      0.05391781688397976,
      0.18345640068281455
    ],
    "obj_class": "sign",
    "point_num_in_lidar": 27,
    "speed": 0.003692905532337762,
    "if_vehicle": false,
    "motion_state": false,
    "pose": [
      [
        -0.03634138179610835,
        -0.9992419850581926,
        0.013955617725923991,
        -6.685236821383114
      ],
      [
        0.9987265594724888,
        -0.03680455817522048,
        -0.03450628785847713,
        12.742865668356671
      ],
      [
        0.03499376192115901,
        0.012683839895294008,
        0.9993070383181115,
        2.169330411473169
      ],
      [
        0.0,
        0.0,
        0.0,
        1.0
      ]
    ],
    "location": [
      -6.685236821383114,
      12.742865668356671,
      2.169330411473169
    ],
    "rotation": [
      0.012691953863963308,
      -0.0350009078728526,
      1.6071679990186543
    ]
  },
  {
    "label_id": "_SFSfPAKVug3laTRe36P7A",
    "size": [
      1.512476999956424,
      4.834983194317003,
      1.5800000000000125
    ],
    "obj_class": "vehicle",
    "point_num_in_lidar": 1025,
    "speed": 1.7763568394002505e-14,
    "if_vehicle": true,
    "motion_state": false,
    "pose": [
      [
        0.9958110211673378,
        0.09036399092311106,
        0.013955617725923991,
        -4.071180151369731
      ],
      [
        -0.08983932984968178,
        0.9953583329185465,
        -0.03450628785847713,
        13.38902619255036
      ],
      [
        -0.017008966277357904,
        0.03310797840490887,
        0.9993070383181115,
        2.455084449182607
      ],
      [
        0.0,
        0.0,
        0.0,
        1.0
      ]
    ],
    "location": [
      -4.071180151369731,
      13.38902619255036,
      2.455084449182607
    ],
    "rotation": [
      0.03311882269521833,
      0.017009786513790575,
      -0.08997367242921983
    ]
  },
  {
    "label_id": "_cqh80UXdkf7A2Uf9Nd09w",
    "size": [
      2.7446487319770925,
      7.000101787777974,
      2.3102425954895978
    ],
    "obj_class": "vehicle",
    "point_num_in_lidar": 3135,
    "speed": 3.7221458391556904e-14,
    "if_vehicle": true,
    "motion_state": false,
    "pose": [
      [
        0.9986856893979179,
        -0.04931667593921237,
        0.013955617725923991,
        -3.0104291858052648
      ],
      [
        0.04977311879619526,
        0.9981642914588399,
        -0.03450628785847713,
        13.273276314099348
      ],
      [
        -0.012228263863085651,
        0.03515555049745295,
        0.9993070383181115,
        0.9953965592796408
      ],
      [
        0.0,
        0.0,
        0.0,
        1.0
      ]
    ],
    "location": [
      -3.0104291858052648,
      13.273276314099348,
      0.9953965592796408
    ],
    "rotation": [
      0.035165426393222704,
      0.01222856863320043,
      0.04979741909178935
    ]
  },
  {
    "label_id": "auXhaEEj7_TnIkSP3tzCWw",
    "size": [
      1.9383903580787962,
      4.5786654796276824,
      1.5670055110724945
    ],
    "obj_class": "vehicle",
    "point_num_in_lidar": 874,
    "speed": 3.554355690063798,
    "if_vehicle": true,
    "motion_state": true,
    "pose": [
      [
        -0.0069763651763214835,
        0.9998782781232997,
        0.013955617725923991,
        3.4390713453188937
      ],
      [
        -0.9993833994818884,
        -0.0064912971163128335,
        -0.03450628785847713,
        10.493959862733291
      ],
      [
        -0.03441149762726038,
        -0.014187741149783623,
        0.9993070383181115,
        0.7571506103364243
      ],
      [
        0.0,
        0.0,
        0.0,
        1.0
      ]
    ],
    "location": [
      3.4390713453188937,
      10.493959862733291,
      0.7571506103364243
    ],
    "rotation": [
      -0.014196625702375417,
      0.034418292651257947,
      -1.5777768828701892
    ]
  },
  {
    "label_id": "cCz-sprxe54IkoqPBqzeQA",
    "size": [
      2.0277817520855943,
      4.262423525941018,
      1.4748355270341733
    ],
    "obj_class": "vehicle",
    "point_num_in_lidar": 21,
    "speed": 5.333694441429199e-14,
    "if_vehicle": true,
    "motion_state": false,
    "pose": [
      [
        -0.9986049036317616,
        0.05092629160353276,
        0.013955617725923991,
        -5.895563794706732
      ],
      [
        -0.051381893479398505,
        -0.9980827706762098,
        -0.03450628785847713,
        29.30864055876401
      ],
      [
        0.012171584328751994,
        -0.035175214325037014,
        0.9993070383181115,
        0.36250614306462126
      ],
      [
        0.0,
        0.0,
        0.0,
        1.0
      ]
    ],
    "location": [
      -5.895563794706732,
      29.30864055876401,
      0.36250614306462126
    ],
    "rotation": [
      -0.03518507951967974,
      -0.012171884880349808,
      -3.0901843128203557
    ]
  },
  {
    "label_id": "djwJETMnF8x4cVGX3MsC8A",
    "size": [
      1.982339009146679,
      4.458846597593478,
      1.4782598895759236
    ],
    "obj_class": "vehicle",
    "point_num_in_lidar": 162,
    "speed": 0.008224153855864166,
    "if_vehicle": true,
    "motion_state": false,
    "pose": [
      [
        -0.9961200041062994,
        0.08689176113506993,
        0.013955617725923991,
        18.06558513504274
      ],
      [
        -0.0873282445839661,
        -0.9955817865932014,
        -0.03450628785847713,
        9.393745172917434
      ],
      [
        0.010895646706330399,
        -0.035591123201369215,
        0.9993070383181115,
        0.5860345076936824
      ],
      [
        0.0,
        0.0,
        0.0,
        1.0
      ]
    ],
    "location": [
      18.06558513504274,
      9.393745172917434,
      0.5860345076936824
    ],
    "rotation": [
      -0.035600755663315976,
      -0.010895862297510394,
      -3.0541478249769245
    ]
  },
  {
    "label_id": "eYuikztkR3GVWeq2x3R4vg",
    "size": [
      2.082652378018846,
      4.727294552036573,
      1.6500000000000057
    ],
    "obj_class": "vehicle",
    "point_num_in_lidar": 65,
    "speed": 0.01596827626350978,
    "if_vehicle": true,
    "motion_state": false,
    "pose": [
      [
        -0.998604903631762,
        0.05092629160352656,
        0.013955617725923991,
        -5.5946832342925745
      ],
      [
        -0.05138189347939231,
        -0.9980827706762102,
        -0.03450628785847713,
        26.34775565398435
      ],
      [
        0.012171584328752214,
        -0.035175214325036945,
        0.9993070383181115,
        0.4624421815824462
      ],
      [
        0.0,
        0.0,
        0.0,
        1.0
      ]
    ],
    "location": [
      -5.5946832342925745,
      26.34775565398435,
      0.4624421815824462
    ],
    "rotation": [
      -0.03518507951967967,
      -0.012171884880350028,
      -3.090184312820362
    ]
  },
  {
    "label_id": "hIXIgHw3ha67NHMRblswLg",
    "size": [
      2.014083700009066,
      3.9843474780506,
      1.6662575940847546
    ],
    "obj_class": "vehicle",
    "point_num_in_lidar": 413,
    "speed": 0.00310152229192261,
    "if_vehicle": true,
    "motion_state": false,
    "pose": [
      [
        -0.057152742035005685,
        -0.9982679023247057,
        0.013955617725923991,
        10.340383529478117
      ],
      [
        0.9977429383245807,
        -0.057605078957153784,
        -0.03450628785847713,
        -17.039947660432404
      ],
      [
        0.03525043405849214,
        0.011951990067436812,
        0.9993070383181115,
        1.7522803034852927
      ],
      [
        0.0,
        0.0,
        0.0,
        1.0
      ]
    ],
    "location": [
      10.340383529478117,
      -17.039947660432404,
      1.7522803034852927
    ],
    "rotation": [
      0.011959707831838562,
      -0.03525773846797691,
      1.628015829103373
    ]
  },
  {
    "label_id": "hb0ASarWGWDxr2SxCcea0A",
    "size": [
      0.4288018488109236,
      0.07469978022218265,
      0.6044489512381972
    ],
    "obj_class": "sign",
    "point_num_in_lidar": 26,
    "speed": 0.005484873953604123,
    "if_vehicle": false,
    "motion_state": false,
    "pose": [
      [
        -0.885837348287312,
        -0.4637859777022064,
        0.013955617725923991,
        25.923337667662395
      ],
      [
        0.4631282095128925,
        -0.8856193186982826,
        -0.03450628785847713,
        -3.5875988482411856
      ],
      [
        0.028362897113764073,
        -0.02410371828573849,
        0.9993070383181115,
        2.5128504585906626
      ],
      [
        0.0,
        0.0,
        0.0,
        1.0
      ]
    ],
    "location": [
      25.923337667662395,
      -3.5875988482411856,
      2.5128504585906626
    ],
    "rotation": [
      -0.02411575673565564,
      -0.028366701265064975,
      2.659860825918683
    ]
  },
  {
    "label_id": "hmBHz0-xRezKX2tSDNT3Gw",
    "size": [
      1.724735138328125,
      3.647309105144183,
      1.3923338815695843
    ],
    "obj_class": "vehicle",
    "point_num_in_lidar": 42,
    "speed": 8.881784197001252e-14,
    "if_vehicle": true,
    "motion_state": false,
    "pose": [
      [
        -0.0746101217136947,
        -0.9971151239810555,
        0.013955617725923991,
        5.469483484186526
      ],
      [
        0.9965823260564086,
        -0.07505320439678846,
        -0.03450628785847713,
        48.95112011296433
      ],
      [
        0.03545415532579863,
        0.011333403637846613,
        0.9993070383181115,
        -0.4153942193076432
      ],
      [
        0.0,
        0.0,
        0.0,
        1.0
      ]
    ],
    "location": [
      5.469483484186526,
      48.95112011296433,
      -0.4153942193076432
    ],
    "rotation": [
      0.011340776482080216,
      -0.03546158715895446,
      1.6455229120229573
    ]
  },
  {
    "label_id": "i4WEZxXNh4J1GX9xl5n5eQ",
    "size": [
      1.9322981237294705,
      4.718592850396311,
      1.4782598895759236
    ],
    "obj_class": "vehicle",
    "point_num_in_lidar": 50,
    "speed": 0.0014572508827373548,
    "if_vehicle": true,
    "motion_state": false,
    "pose": [
      [
        -0.996120004106303,
        0.08689176113502833,
        0.013955617725923991,
        24.230093489948672
      ],
      [
        -0.08732824458392453,
        -0.9955817865932051,
        -0.03450628785847713,
        9.781125251017698
      ],
      [
        0.010895646706331884,
        -0.03559112320136876,
        0.9993070383181115,
        0.5860345076936824
      ],
      [
        0.0,
        0.0,
        0.0,
        1.0
      ]
    ],
    "location": [
      24.230093489948672,
      9.781125251017698,
      0.5860345076936824
    ],
    "rotation": [
      -0.03560075566331552,
      -0.010895862297511879,
      -3.0541478249769662
    ]
  },
  {
    "label_id": "nBHdqL99senel5XF57qANg",
    "size": [
      2.790137765875435,
      6.283840489035793,
      3.4623338815695774
    ],
    "obj_class": "vehicle",
    "point_num_in_lidar": 41,
    "speed": 1.0660453750117864e-13,
    "if_vehicle": true,
    "motion_state": false,
    "pose": [
      [
        -0.07461012171369293,
        -0.9971151239810556,
        0.013955617725923991,
        3.663762307395814
      ],
      [
        0.9965823260564087,
        -0.0750532043967867,
        -0.03450628785847713,
        68.76485101343393
      ],
      [
        0.03545415532579861,
        0.011333403637846675,
        0.9993070383181115,
        0.5912884894324577
      ],
      [
        0.0,
        0.0,
        0.0,
        1.0
      ]
    ],
    "location": [
      3.663762307395814,
      68.76485101343393,
      0.5912884894324577
    ],
    "rotation": [
      0.011340776482080279,
      -0.03546158715895444,
      1.6455229120229555
    ]
  },
  {
    "label_id": "nsj7sgrIH9erlwVfmWHNxQ",
    "size": [
      2.1981467431112782,
      4.580517552099105,
      1.710000000000008
    ],
    "obj_class": "vehicle",
    "point_num_in_lidar": 3227,
    "speed": 0.004773362684640606,
    "if_vehicle": true,
    "motion_state": false,
    "pose": [
      [
        -0.9974894313462422,
        0.06942676059300389,
        0.013955617725923991,
        -18.478079628540286
      ],
      [
        -0.06987260642744723,
        -0.9969589434722289,
        -0.03450628785847713,
        6.519047412468765
      ],
      [
        0.011517518117435723,
        -0.03539477283863749,
        0.9993070383181115,
        0.8093888738420105
      ],
      [
        0.0,
        0.0,
        0.0,
        1.0
      ]
    ],
    "location": [
      -18.478079628540286,
      6.519047412468765,
      0.8093888738420105
    ],
    "rotation": [
      -0.03540451669846623,
      -0.011517772771955015,
      -3.071658420537533
    ]
  },
  {
    "label_id": "wXzm9HyGat82X2noN_2ETQ",
    "size": [
      0.4928979879515028,
      0.060914065595576425,
      0.612229061401024
    ],
    "obj_class": "sign",
    "point_num_in_lidar": 35,
    "speed": 0.0035311920430669023,
    "if_vehicle": false,
    "motion_state": false,
    "pose": [
      [
        -0.03634138179614208,
        -0.9992419850581915,
        0.013955617725923991,
        -6.684781307170397
      ],
      [
        0.9987265594724876,
        -0.03680455817525418,
        -0.03450628785847713,
        12.74288006379436
      ],
      [
        0.03499376192115944,
        0.01268383989529283,
        0.9993070383181115,
        3.3225069440496213
      ],
      [
        0.0,
        0.0,
        0.0,
        1.0
      ]
    ],
    "location": [
      -6.684781307170397,
      12.74288006379436,
      3.3225069440496213
    ],
    "rotation": [
      0.012691953863962128,
      -0.03500090787285303,
      1.607167999018688
    ]
  },
  {
    "label_id": "zkifBz685RBOb_ccW22PWw",
    "size": [
      2.0124930132721834,
      4.458576926140719,
      1.5999999999999943
    ],
    "obj_class": "vehicle",
    "point_num_in_lidar": 114,
    "speed": 0.019321170765405685,
    "if_vehicle": true,
    "motion_state": false,
    "pose": [
      [
        -0.9985577971478116,
        0.05184174465812189,
        0.013955617725923991,
        -1.5149681232350076
      ],
      [
        -0.05229686767536567,
        -0.9980352467370945,
        -0.03450628785847713,
        -22.088373920775666
      ],
      [
        0.012139332216202297,
        -0.03518635788524984,
        0.9993070383181115,
        1.5783453077789886
      ],
      [
        0.0,
        0.0,
        0.0,
        1.0
      ]
    ],
    "location": [
      -1.5149681232350076,
      -22.088373920775666,
      1.5783453077789886
    ],
    "rotation": [
      -0.03519621700345622,
      -0.012139630384826518,
      -3.0892680591715944
    ]
  }
]