[
  {
    "label_id": "-kZBe1CSBNx4Vln1QEyrHA",
    "size": [
      2.153597138417441,
      4.662434529255965,
      1.5800000000000125
    ],
    "obj_class": "vehicle",
    "point_num_in_lidar": 280,
    "speed": 0.007861335176823846,
    "if_vehicle": true,
    "motion_state": false,
    "pose": [
      [
        -0.05715268616309567,
        -0.998266926428523,
        0.014025479075326912,
        10.086830323432423
      ],
      [
        0.9977564423226337,
        -0.057602803961569485,
        -0.034117426330923344,
        -12.380045664485152
      ],
      [
        0.03486620524266556,
        0.012044109544284925,
        0.9993194119786033,
        1.1036540651271878
      ],
      [
        0.0,
        0.0,
        0.0,
        1.0
      ]
    ],
    "location": [
      10.086830323432423,
      -12.380045664485152,
      1.1036540651271878
    ],
    "rotation": [
      0.012051728688612361,
      -0.03487327330680077,
      1.6280150005486567
    ]
  },
  {
    "label_id": "5oX9fmLl0Z74-llNDr8wpg",
    "size": [
      2.0139788798168063,
      4.430995565915478,
      1.8100000000000023
    ],
    "obj_class": "vehicle",
    "point_num_in_lidar": 2032,
    "speed": 0.0019899795432927613,
    "if_vehicle": true,
    "motion_state": false,
    "pose": [
      [
        -0.9953224131654353,
        0.09558545803228626,
        0.014025479075326912,
        -2.007053541946675
      ],
      [
        -0.09601556628854789,
        -0.9947949599042224,
        -0.034117426330923344,
        -12.38577346946866
      ],
      [
        0.010691346071653257,
        -0.035304503422574275,
        0.9993194119786033,
        1.1302366836247018
      ],
      [
        0.0,
        0.0,
        0.0,
        1.0
      ]
    ],
    "location": [
      -2.007053541946675,
      -12.38577346946866,
      1.1302366836247018
    ],
    "rotation": [
      -0.03531386067849971,
      -0.010691549760970401,
      -3.0454234306859536
    ]
  },
  {
    "label_id": "6OjFlL7Q_guovcwo3zdcBQ",
    "size": [
      2.1550294496027784,
      4.70536948148588,
      1.755650015166566
    ],
    "obj_class": "vehicle",
    "point_num_in_lidar": 58,
    "speed": 0.01792046733511912,
    "if_vehicle": true,
    "motion_state": false,
    "pose": [
      [
        -0.07461004877561565,
        -0.9971141492118181,
        0.014025479075326912,
        7.211363914290359
      ],
      [
        0.9965958677916574,
        -0.0750511660212373,
        -0.034117426330923344,
        22.74448367366182
      ],
      [
        0.03507159708786526,
        0.011432231647620493,
        0.9993194119786033,
        0.6658153881805617
      ],
      [
        0.0,
        0.0,
        0.0,
        1.0
      ]
    ],
    "location": [
      7.211363914290359,
      22.74448367366182,
      0.6658153881805617
    ],
    "rotation": [
      0.011439518558776788,
      -0.03507879084669564,
      1.645521827635198
    ]
  },
  {
    "label_id": "6_1JJIYW81d3Ggc94_e4oQ",
    "size": [
      2.106552025378816,
      4.845271544164966,
      1.4721932968977
    ],
    "obj_class": "vehicle",
    "point_num_in_lidar": 145,
    "speed": 0.004468499258467374,
    "if_vehicle": true,
    "motion_state": false,
    "pose": [
      [
        0.9993777686796687,
        -0.03236296348535119,
        0.014025479075326912,
        23.351380299503376
      ],
      [
        0.03282561040244607,
        0.9988786115050522,
        -0.034117426330923344,
        -2.2363318056370076
      ],
      [
        -0.01290561004189388,
        0.03455659231152548,
        0.9993194119786033,
        0.691548778761728
      ],
      [
        0.0,
        0.0,
        0.0,
        1.0
      ]
    ],
    "location": [
      23.351380299503376,
      -2.2363318056370076,
      0.691548778761728
    ],
    "rotation": [
      0.0345663535446386,
      0.012905968317233705,
      0.03283424375526636
    ]
  },
  {
    "label_id": "9dK1E7yukLqZV3xaj_wIig",
    "size": [
      2.0955586239767525,
      4.606271177782434,
      1.8262575940847512
    ],
    "obj_class": "vehicle",
    "point_num_in_lidar": 437,
    "speed": 0.0023114316279813107,
    "if_vehicle": true,
    "motion_state": false,
    "pose": [
      [
        -0.016807570407913804,
        -0.9997603670448686,
        0.014025479075326912,
        10.86868448664086
      ],
      [
        0.9992684696306464,
        -0.017277928769963428,
        -0.034117426330923344,
        -22.23434276083819
      ],
      [
        0.0343515818996583,
        0.013441787966244772,
        0.9993194119786033,
        2.25366405717142
      ],
      [
        0.0,
        0.0,
        0.0,
        1.0
      ]
    ],
    "location": [
      10.86868448664086,
      -22.23434276083819,
      2.25366405717142
    ],
    "rotation": [
      0.013450131387925815,
      -0.03435834147932045,
      1.587614615561057
    ]
  },
  {
    "label_id": "B9tn9-kjeoeV8sqY20oAJw",
    "size": [
      0.7410014254288286,
      0.0564697773877908,
      0.7199999999999989
    ],
    "obj_class": "sign",
    "point_num_in_lidar": 192,
    "speed": 0.003961298519421593,
    "if_vehicle": false,
    "motion_state": false,
    "pose": [
      [
        -0.03634134626660348,
        -0.9992410082098503,
        0.014025479075326912,
        -6.690361273571739
      ],
      [
        0.998740013139653,
        -0.03680200231454641,
        -0.034117426330923344,
        12.752723478336776
      ],
      [
        0.03460769719782994,
        0.01276793395196451,
        0.9993194119786033,
        2.666946608022016
      ],
      [
        0.0,
        0.0,
        0.0,
        1.0
      ]
    ],
    "location": [
      -6.690361273571739,
      12.752723478336776,
      2.666946608022016
    ],
    "rotation": [
      0.012775934412449482,
      -0.03461460915483895,
      1.6071674739736423
    ]
  },
  {
    "label_id": "FJYkxRLHRb93ZMGg32MbWQ",
    "size": [
      2.209120146936166,
      4.612479673477537,
      1.9199999999999875
    ],
    "obj_class": "vehicle",
    "point_num_in_lidar": 981,
    "speed": 3.580361673049448e-14,
    "if_vehicle": true,
    "motion_state": false,
    "pose": [
      [
        -0.9968693524061951,
        0.07781246795957937,
        0.014025479075326912,
        -2.0495949042256143
      ],
      [
        -0.07825191817151116,
        -0.9963496567586266,
        -0.034117426330923344,
        -19.595771345239655
      ],
      [
        0.01131952011933899,
        -0.035108137333192346,
        0.9993194119786033,
        2.004762457865411
      ],
      [
        0.0,
        0.0,
        0.0,
        1.0
      ]
    ],
    "location": [
      -2.0495949042256143,
      -19.595771345239655,
      2.004762457865411
    ],
    "rotation": [
      -0.03511760444243234,
      -0.011319761864527522,
      -3.0632556245691265
    ]
  },
  {
    "label_id": "JCDdYUT-UV2oxkxdT7TaPw",
    "size": [
      3.5590816235393294,
      6.254139630824458,
      2.4000000000000057
    ],
    "obj_class": "vehicle",
    "point_num_in_lidar": 135,
    "speed": 0.022582588769134465,
    "if_vehicle": true,
    "motion_state": false,
    "pose": [
      [
        -0.1046931434512986,
        -0.9944056675477032,
        0.014025479075326912,
        5.378522560532133
      ],
      [
        0.993874298957479,
        -0.10511840510744883,
        -0.034117426330923344,
        55.71584760839227
      ],
      [
        0.03540089809687767,
        0.010367702574480856,
        0.9993194119786033,
        0.5385376253079812
      ],
      [
        0.0,
        0.0,
        0.0,
        1.0
      ]
    ],
    "location": [
      5.378522560532133,
      55.71584760839227,
      0.5385376253079812
    ],
    "rotation": [
      0.010374391306584324,
      -0.03540829647670223,
      1.6757476974011272
    ]
  },
  {
    "label_id": "Ji9qNAyVM781UZPbq91ksQ",
    "size": [
      2.1530767782148836,
      4.794953077068618,
      1.5705168509874454
    ],
    "obj_class": "vehicle",
    "point_num_in_lidar": 20,
    "speed": 0.0015658694844485773,
    "if_vehicle": true,
    "motion_state": false,
    "pose": [
      [
        -0.9988789200381892,
        0.045212708833340394,
        0.014025479075326912,
        49.03013769075653
      ],
      [
        -0.045668898117301605,
        -0.9983738543077466,
        -0.034117426330923344,
        11.701476892905362
      ],
      [
        0.012460130340103803,
        -0.034719706142852635,
        0.9993194119786033,
        0.5411078025007328
      ],
      [
        0.0,
        0.0,
        0.0,
        1.0
      ]
    ],
    "location": [
      49.03013769075653,
      11.701476892905362,
      0.5411078025007328
    ],
    "rotation": [
      -0.03472938259552904,
      -0.0124604527785719,
      -3.0959043164031903
    ]
  },
  {
    "label_id": "M1ux1dJCnlFsX4da4hqWLg",
    "size": [
      2.04819227607232,
      4.507813116800472,
      1.3662575940847432
    ],
    "obj_class": "vehicle",
    "point_num_in_lidar": 60,
    "speed": 0.039496814626896394,
    "if_vehicle": true,
    "motion_state": false,
    "pose": [
      [
        -0.09523633157841535,
        -0.9953558796150217,
        0.014025479075326912,
        11.4944420199364
      ],
      [
        0.994828577251583,
        -0.09566662481840453,
        -0.034117426330923344,
        -28.605924500816286
      ],
      [
        0.03530075114041459,
        0.010703728867125348,
        0.9993194119786033,
        2.801276860232093
      ],
      [
        0.0,
        0.0,
        0.0,
        1.0
      ]
    ],
    "location": [
      11.4944420199364,
      -28.605924500816286,
      2.801276860232093
    ],
    "rotation": [
      0.0107106090758221,
      -0.035308086885621634,
      1.6662368800217753
    ]
  },
  {
    "label_id": "NjQjKUN8pI-ZQimlGuoBsQ",
    "size": [
      1.9460049702311957,
      4.277104600442166,
      1.4499999999999886
    ],
    "obj_class": "vehicle",
    "point_num_in_lidar": 266,
    "speed": 0.007516352834684772,
    "if_vehicle": true,
    "motion_state": false,
    "pose": [
      [
        -0.9983806065965609,
        0.05513120993222154,
        0.014025479075326912,
        -5.4910672823433515
      ],
      [
        -0.05558236047102151,
        -0.9978710349664547,
        -0.034117426330923344,
        23.702365068833558
      ],
      [
        0.012114684327399585,
        -0.03484174602952431,
        0.9993194119786033,
        0.2584759134357171
      ],
      [
        0.0,
        0.0,
        0.0,
        1.0
      ]
    ],
    "location": [
      -5.4910672823433515,
      23.702365068833558,
      0.2584759134357171
    ],
    "rotation": [
      -0.03485135784312725,
      -0.012114980683410631,
      -3.085977548357837
    ]
  },
  {
    "label_id": "Q175aDJRl7PlCgCobA9ChQ",
    "size": [
      0.8168809500625261,
      0.09569916411282975,
      0.8100000000000023
    ],
    "obj_class": "sign",
    "point_num_in_lidar": 78,
    "speed": 0.0010810877510814088,
    "if_vehicle": false,
    "motion_state": false,
    "pose": [
      [
        -0.9979589228027546,
        -0.06229987427814954,
        0.014025479075326912,
        14.61361668310883
      ],
      [
        0.06179209253695658,
        -0.9975057586402488,
        -0.034117426330923344,
        10.723441414602277
      ],
      [
        0.01611600751643746,
        -0.033181126329112846,
        0.9993194119786033,
        2.974764779625815
      ],
      [
        0.0,
        0.0,
        0.0,
        1.0
      ]
    ],
    "location": [
      14.61361668310883,
      10.723441414602277,
      2.974764779625815
    ],
    "rotation": [
      -0.03319153022323141,
      -0.016116705221536836,
      3.07975312883009
    ]
  },
  {
    "label_id": "T3cNiktshsWqVrlPYROiKA",
    "size": [
      2.097513946648858,
      4.8260551870852515,
      1.4499999999999886
    ],
    "obj_class": "vehicle",
    "point_num_in_lidar": 4415,
    "speed": 0.013258059337042747,
    "if_vehicle": true,
    "motion_state": false,
    "pose": [
      [
        0.9965985942241675,
        -0.08120669878230855,
        0.014025479075326912,
        -16.74280555644941
      ],
      [
        0.08164437670432567,
        0.9960774051112274,
        -0.034117426330923344,
        -5.4113034350596365
      ],
      [
        -0.011199899239510556,
        0.03514648061702943,
        0.9993194119786033,
        0.5883763833875548
      ],
      [
        0.0,
        0.0,
        0.0,
        1.0
      ]
    ],
    "location": [
      -16.74280555644941,
      -5.4113034350596365,
      0.5883763833875548
    ],
    "rotation": [
      0.035155926488946,
      0.011200133401075538,
      0.08174049238518963
    ]
  },
  {
    "label_id": "YKPb1MkzJMFBs5crX5wDgA",
    "size": [
      2.186696961554736,
      4.975542376081814,
      1.5300000000000011
    ],
    "obj_class": "vehicle",
    "point_num_in_lidar": 60,
    "speed": 7.668922682870036,
    "if_vehicle": true,
    "motion_state": true,
    "pose": [
      [
        -0.9976803817965633,
        0.06661187367857906,
        0.014025479075326912,
        35.807472414899394
      ],
      [
        -0.0670571327974011,
        -0.9971656543230647,
        -0.034117426330923344,
        6.113121697490939
      ],
      [
        0.01171310032634912,
        -0.03497879534065309,
        0.9993194119786033,
        0.6979860110062646
      ],
      [
        0.0,
        0.0,
        0.0,
        1.0
      ]
    ],
    "location": [
      35.807472414899394,
      6.113121697490939,
      0.6979860110062646
    ],
    "rotation": [
      -0.034988333328503,
      -0.011713368176042276,
      -3.0744805524550807
    ]
  },
  {
    "label_id": "ZFvMr9wN9-CPPx0LnQsiyw",
    "size": [
      0.9106749139701412,
      0.6788900799441303,
      1.740000000000009
    ],
    "obj_class": "pedestrian",
    "point_num_in_lidar": 30,
    "speed": 0.007062621343661281,
    "if_vehicle": false,
    "motion_state": false,
    "pose": [
      [
        -0.9689780206649189,
        -0.24674861986443505,
        0.014025479075326912,
        36.00746010804244
      ],
      [
        0.24616544109263572,
        -0.9686271608994981,
        -0.034117426330923344,
        -5.132673118043272
      ],
      [
        0.022003887837471096,
        -0.029606447993205904,
        0.9993194119786033,
        0.9428266682484434
      ],
      [
        0.0,
        0.0,
        0.0,
        1.0
      ]
    ],
    "location": [
      36.00746010804244,
      -5.132673118043272,
      0.9428266682484434
    ],
    "rotation": [
      -0.029617947956669444,
      -0.022005663832136292,
      2.89280919350475
    ]
  },
  {
    "label_id": "_8n2ltih6YGV4VvLcYeuvA",
    "size": [
      0.4156520167828849,
      0.05391781688397976,
      0.18345640068281455
    ],
    "obj_class": "sign",
    "point_num_in_lidar": 35,
    "speed": 0.0038471472082159714,
    "if_vehicle": false,
    "motion_state": false,
    "pose": [
      [
        -0.036341346269150615,
        -0.9992410082097577,
        0.014025479075326912,
        -6.688865799240489
      ],
      [
        0.9987400131395592,
        -0.036802002317092276,
        -0.034117426330923344,
        12.753333168594821
      ],
      [
        0.03460769719786248,
        0.012767933951876292,
        0.9993194119786033,
        2.2002310791781667
      ],
      [
        0.0,
        0.0,
        0.0,
        1.0
      ]
    ],
    "location": [
      -6.688865799240489,
      12.753333168594821,
      2.2002310791781667
    ],
    "rotation": [
      0.012775934412361219,
      -0.034614609154871516,
      1.6071674739761928
    ]
  },
  {
    "label_id": "_SFSfPAKVug3laTRe36P7A",
    "size": [
      1.5124769999564212,
      4.834983194317003,
      1.5800000000000125
    ],
    "obj_class": "vehicle",
    "point_num_in_lidar": 1027,
    "speed": 1.7763568394002505e-14,
    "if_vehicle": true,
    "motion_state": false,
    "pose": [
      [
        0.9958100476729768,
        0.09036390258422494,
        0.014025479075326912,
        -4.071180151369958
      ],
      [
        -0.08984356718631462,
        0.9953713551513286,
        -0.034117426330923344,
        13.38902619255036
      ],
      [
        -0.01704354390324678,
        0.03271437686945166,
        0.9993194119786033,
        2.440228430766524
      ],
      [
        0.0,
        0.0,
        0.0,
        1.0
      ]
    ],
    "location": [
      -4.071180151369958,
      13.38902619255036,
      2.440228430766524
    ],
    "rotation": [
      0.03272497005809628,
      0.017044369152683248,
      -0.0899779807227672
    ]
  },
  {
    "label_id": "_cqh80UXdkf7A2Uf9Nd09w",
    "size": [
      2.74464873197709,
      7.000101787777974,
      2.3102425954895978
    ],
    "obj_class": "vehicle",
    "point_num_in_lidar": 3168,
    "speed": 3.7221458391556904e-14,
    "if_vehicle": true,
    "motion_state": false,
    "pose": [
      [
        0.9986847130933116,
        -0.04931662772774958,
        0.014025479075326912,
        -3.010429185805492
      ],
      [
        0.04977073789264346,
        0.998177777187098,
        -0.034117426330923344,
        13.273276314099334
      ],
      [
        -0.012317365114002906,
        0.034770610569657225,
        0.9993194119786033,
        0.9578964154829919
      ],
      [
        0.0,
        0.0,
        0.0,
        1.0
      ]
    ],
    "location": [
      -3.010429185805492,
      13.273276314099334,
      0.9578964154829919
    ],
    "rotation": [
      0.03478026018641888,
      0.012317676595208528,
      0.049795089560326224
    ]
  },
  {
    "label_id": "aLKLRVALSecdklsZzsqb1w",
    "size": [
      2.279181251532649,
      4.723665906330695,
      1.6483726207747225
    ],
    "obj_class": "vehicle",
    "point_num_in_lidar": 20,
    "speed": 0.012267221019152088,
    "if_vehicle": true,
    "motion_state": false,
    "pose": [
      [
        0.9940692925949647,
        -0.10784028679697569,
        0.014025479075326912,
        28.780966561160653
      ],
      [
        0.10826386434125848,
        0.9935365805537568,
        -0.034117426330923344,
        -1.746961975067478
      ],
      [
        -0.010255593480827104,
        0.03543353842187414,
        0.9993194119786033,
        0.7255778724529307
      ],
      [
        0.0,
        0.0,
        0.0,
        1.0
      ]
    ],
    "location": [
      28.780966561160653,
      -1.746961975067478,
      0.7255778724529307
    ],
    "rotation": [
      0.0354428220108341,
      0.010255773265100125,
      0.10848220989158742
    ]
  },
  {
    "label_id": "auXhaEEj7_TnIkSP3tzCWw",
    "size": [
      1.9383903580788377,
      4.5786654796276824,
      1.5670055110724945
    ],
    "obj_class": "vehicle",
    "point_num_in_lidar": 504,
    "speed": 0.0366605222953064,
    "if_vehicle": true,
    "motion_state": false,
    "pose": [
      [
        -0.3448368237650978,
        0.9385578569871473,
        0.014025479075326912,
        3.3556288687735787
      ],
      [
        -0.9382686653828737,
        -0.34422073264287134,
        -0.034117426330923344,
        14.366482892836459
      ],
      [
        -0.027193317860091992,
        -0.02492461246435772,
        0.9993194119786033,
        0.7418168511681529
      ],
      [
        0.0,
        0.0,
        0.0,
        1.0
      ]
    ],
    "location": [
      3.3556288687735787,
      14.366482892836459,
      0.7418168511681529
    ],
    "rotation": [
      -0.024936417428841274,
      0.027196670445916546,
      -1.922997176925924
    ]
  },
  {
    "label_id": "eYuikztkR3GVWeq2x3R4vg",
    "size": [
      2.082652378018848,
      4.727294552036573,
      1.6500000000000057
    ],
    "obj_class": "vehicle",
    "point_num_in_lidar": 65,
    "speed": 0.015968276263507292,
    "if_vehicle": true,
    "motion_state": false,
    "pose": [
      [
        -0.9986039274061309,
        0.05092624181851912,
        0.014025479075326912,
        -5.547151125279015
      ],
      [
        -0.05137953431520339,
        -0.998096260224487,
        -0.034117426330923344,
        26.35371994200615
      ],
      [
        0.012261305909386476,
        -0.03479041851048732,
        0.9993194119786033,
        0.46244218158247463
      ],
      [
        0.0,
        0.0,
        0.0,
        1.0
      ]
    ],
    "location": [
      -5.547151125279015,
      26.35371994200615,
      0.46244218158247463
    ],
    "rotation": [
      -0.034800057636183206,
      -0.012261613156856931,
      -3.0901866188771323
    ]
  },
  {
    "label_id": "hIXIgHw3ha67NHMRblswLg",
    "size": [
      2.0140837000090657,
      3.9843474780506,
      1.6662575940847546
    ],
    "obj_class": "vehicle",
    "point_num_in_lidar": 419,
    "speed": 0.02953193773268903,
    "if_vehicle": true,
    "motion_state": false,
    "pose": [
      [
        -0.057152686163085914,
        -0.9982669264285235,
        0.014025479075326912,
        10.330466817494425
      ],
      [
        0.9977564423226343,
        -0.05760280396155973,
        -0.034117426330923344,
        -16.986216102273715
      ],
      [
        0.03486620524266544,
        0.012044109544285267,
        0.9993194119786033,
        1.7522803034853212
      ],
      [
        0.0,
        0.0,
        0.0,
        1.0
      ]
    ],
    "location": [
      10.330466817494425,
      -16.986216102273715,
      1.7522803034853212
    ],
    "rotation": [
      0.012051728688612703,
      -0.03487327330680065,
      1.628015000548647
    ]
  },
  {
    "label_id": "hb0ASarWGWDxr2SxCcea0A",
    "size": [
      0.42880184881092936,
      0.07469978022218265,
      0.6044489512381972
    ],
    "obj_class": "sign",
    "point_num_in_lidar": 24,
    "speed": 0.006513787875982312,
    "if_vehicle": false,
    "motion_state": false,
    "pose": [
      [
        -0.8858364823020298,
        -0.4637855243099694,
        0.014025479075326912,
        25.907189982296927
      ],
      [
        0.46313709852481405,
        -0.8856297359453164,
        -0.034117426330923344,
        -3.6058745925831204
      ],
      [
        0.02824454978898237,
        -0.023726741241816382,
        0.9993194119786033,
        2.5162790732268547
      ],
      [
        0.0,
        0.0,
        0.0,
        1.0
      ]
    ],
    "location": [
      25.907189982296927,
      -3.6058745925831204,
      2.5162790732268547
    ],
    "rotation": [
      -0.023738440392474455,
      -0.02824830650764737,
      2.6598525440030425
    ]
  },
  {
    "label_id": "hmBHz0-xRezKX2tSDNT3Gw",
    "size": [
      1.7247351383281235,
      3.647309105144183,
      1.3923338815695843
    ],
    "obj_class": "vehicle",
    "point_num_in_lidar": 43,
    "speed": 8.881784197001252e-14,
    "if_vehicle": true,
    "motion_state": false,
    "pose": [
      [
        -0.07461004877562274,
        -0.9971141492118176,
        0.014025479075326912,
        5.469483484186412
      ],
      [
        0.996595867791657,
        -0.07505116602124438,
        -0.034117426330923344,
        48.95112011296432
      ],
      [
        0.03507159708786534,
        0.011432231647620245,
        0.9993194119786033,
        -0.4153942193076432
      ],
      [
        0.0,
        0.0,
        0.0,
        1.0
      ]
    ],
    "location": [
      5.469483484186412,
      48.95112011296432,
      -0.4153942193076432
    ],
    "rotation": [
      0.01143951855877654,
      -0.035078790846695726,
      1.645521827635205
    ]
  },
  {
    "label_id": "nBHdqL99senel5XF57qANg",
    "size": [
      2.7901377658754347,
      6.283840489035793,
      3.4623338815695774
    ],
    "obj_class": "vehicle",
    "point_num_in_lidar": 41,
    "speed": 1.0660453750117864e-13,
    "if_vehicle": true,
    "motion_state": false,
    "pose": [
      [
        -0.07461004877562274,
        -0.9971141492118176,
        0.014025479075326912,
        3.6637623073955865
      ],
      [
        0.996595867791657,
        -0.07505116602124438,
        -0.034117426330923344,
        68.76485101343393
      ],
      [
        0.03507159708786534,
        0.011432231647620245,
        0.9993194119786033,
        0.5912884894324861
      ],
      [
        0.0,
        0.0,
        0.0,
        1.0
      ]
    ],
    "location": [
      3.6637623073955865,
      68.76485101343393,
      0.5912884894324861
    ],
    "rotation": [
      0.01143951855877654,
      -0.035078790846695726,
      1.645521827635205
    ]
  },
  {
    "label_id": "nsj7sgrIH9erlwVfmWHNxQ",
    "size": [
      2.198146743111278,
      4.580517552099105,
      1.710000000000008
    ],
    "obj_class": "vehicle",
    "point_num_in_lidar": 3308,
    "speed": 0.003992262020398528,
    "if_vehicle": true,
    "motion_state": false,
    "pose": [
      [
        -0.9974884562110851,
        0.06942669272213468,
        0.014025479075326912,
        -18.481446236595616
      ],
      [
        -0.06987049769833899,
        -0.996972474430433,
        -0.034117426330923344,
        6.507553525042937
      ],
      [
        0.011614356504453853,
        -0.03501170612417888,
        0.9993194119786033,
        0.7863123763836484
      ],
      [
        0.0,
        0.0,
        0.0,
        1.0
      ]
    ],
    "location": [
      -18.481446236595616,
      6.507553525042937,
      0.7863123763836484
    ],
    "rotation": [
      -0.035021226188258744,
      -0.011614617636740288,
      -3.071660456109602
    ]
  },
  {
    "label_id": "wXzm9HyGat82X2noN_2ETQ",
    "size": [
      0.49289798795150175,
      0.060914065595576425,
      0.612229061401024
    ],
    "obj_class": "sign",
    "point_num_in_lidar": 31,
    "speed": 0.003704362668514252,
    "if_vehicle": false,
    "motion_state": false,
    "pose": [
      [
        -0.03634134626919855,
        -0.999241008209756,
        0.014025479075326912,
        -6.688906155538234
      ],
      [
        0.9987400131395574,
        -0.03680200231714018,
        -0.034117426330923344,
        12.752637602130235
      ],
      [
        0.0346076971978631,
        0.012767933951874632,
        0.9993194119786033,
        3.3564688113899592
      ],
      [
        0.0,
        0.0,
        0.0,
        1.0
      ]
    ],
    "location": [
      -6.688906155538234,
      12.752637602130235,
      3.3564688113899592
    ],
    "rotation": [
      0.012775934412359559,
      -0.034614609154872134,
      1.6071674739762407
    ]
  },
  {
    "label_id": "yprhc4wCTTWWmKyZH8Fnbw",
    "size": [
      2.121634649929368,
      4.232958032311484,
      1.6466765708208584
    ],
    "obj_class": "vehicle",
    "point_num_in_lidar": 551,
    "speed": 6.117303809720681,
    "if_vehicle": true,
    "motion_state": true,
    "pose": [
      [
        -0.9977745028598917,
        0.06518686508341595,
        0.014025479075326912,
        3.3955931086610462
      ],
      [
        -0.06563285890949033,
        -0.9972604118543567,
        -0.034117426330923344,
        3.864560016341997
      ],
      [
        0.011763046971887896,
        -0.034962030385484955,
        0.9993194119786033,
        0.9096509546776872
      ],
      [
        0.0,
        0.0,
        0.0,
        1.0
      ]
    ],
    "location": [
      3.3955931086610462,
      3.864560016341997,
      0.9096509546776872
    ],
    "rotation": [
      -0.03497157747469,
      -0.011763318262825529,
      -3.0759080312270277
    ]
  },
  {
    "label_id": "zkifBz685RBOb_ccW22PWw",
    "size": [
      2.0124930132721817,
      4.458576926140719,
      1.5999999999999943
    ],
    "obj_class": "vehicle",
    "point_num_in_lidar": 119,
    "speed": 0.019321170765593206,
    "if_vehicle": true,
    "motion_state": false,
    "pose": [
      [
        -0.9985568209682313,
        0.051841693978178977,
        0.014025479075326912,
        -1.4712618375549482
      ],
      [
        -0.05229452087875934,
        -0.9980487384424747,
        -0.034117426330923344,
        -22.05030120689733
      ],
      [
        0.012229406522010558,
        -0.03480164448496393,
        0.9993194119786033,
        1.6706518884208776
      ],
      [
        0.0,
        0.0,
        0.0,
        1.0
      ]
    ],
    "location": [
      -1.4712618375549482,
      -22.05030120689733,
      1.6706518884208776
    ],
    "rotation": [
      -0.03481127765282661,
      -0.012229711377574047,
      -3.089270351872886
    ]
  }
]