[
  {
    "label_id": "-kZBe1CSBNx4Vln1QEyrHA",
    "size": [
      2.1535971384174424,
      4.662434529255965,
      1.5800000000000125
    ],
    "obj_class": "vehicle",
    "point_num_in_lidar": 268,
    "speed": 0.007861335176761996,
    "if_vehicle": true,
    "motion_state": false,
    "pose": [
      [
        -0.057156321011339266,
        -0.99833041511167,
        0.00833889869284793,
        10.09864998996727
      ],
      [
        0.9977505452621827,
        -0.057412194661511255,
        -0.03460764847784502,
        -12.34338310198433
      ],
      [
        0.035028622545942176,
        0.0063420948518278265,
        0.9993661858575285,
        1.1036540651272162
      ],
      [
        0.0,
        0.0,
        0.0,
        1.0
      ]
    ],
    "location": [
      10.09864998996727,
      -12.34338310198433,
      1.1036540651272162
    ],
    "rotation": [
      0.006346031919841263,
      -0.03503578988309076,
      1.6280189691216846
    ]
  },
  {
    "label_id": "004tDnXYniPAfSyhfxtVgg",
    "size": [
      2.3134237013329395,
      4.899153226705302,
      1.5648355270341767
    ],
    "obj_class": "vehicle",
    "point_num_in_lidar": 33,
    "speed": 2.220446049250313e-14,
    "if_vehicle": true,
    "motion_state": false,
    "pose": [
      [
        0.9994584338671109,
        -0.03183240079686793,
        0.00833889869284793,
        -5.912609375541024
      ],
      [
        0.03210289070145402,
        0.9988852361885446,
        -0.03460764847784502,
        32.192800534846754
      ],
      [
        -0.00722795825337387,
        0.034856608900797476,
        0.9993661858575285,
        0.15929631236483033
      ],
      [
        0.0,
        0.0,
        0.0,
        1.0
      ]
    ],
    "location": [
      -5.912609375541024,
      32.192800534846754,
      0.15929631236483033
    ],
    "rotation": [
      0.034864582231198926,
      0.007228021190349061,
      0.03210924649037185
    ]
  },
  {
    "label_id": "5oX9fmLl0Z74-llNDr8wpg",
    "size": [
      2.013978879816807,
      4.430995565915478,
      1.8100000000000023
    ],
    "obj_class": "vehicle",
    "point_num_in_lidar": 2076,
    "speed": 0.004817550473066315,
    "if_vehicle": true,
    "motion_state": false,
    "pose": [
      [
        -0.9953857145807639,
        0.09559153716272462,
        0.00833889869284793,
        -1.9945271544473826
      ],
      [
        -0.09582487133034931,
        -0.9947964136954636,
        -0.03460764847784502,
        -12.388687048843138
      ],
      [
        0.004987308198230477,
        -0.03524703280435862,
        0.9993661858575285,
        1.1479259888257616
      ],
      [
        0.0,
        0.0,
        0.0,
        1.0
      ]
    ],
    "location": [
      -1.9945271544473826,
      -12.388687048843138,
      1.1479259888257616
    ],
    "rotation": [
      -0.03525477373363127,
      -0.004987328873550072,
      -3.0456193252067307
    ]
  },
  {
    "label_id": "6OjFlL7Q_guovcwo3zdcBQ",
    "size": [
      2.1550294496027775,
      4.70536948148588,
      1.755650015166566
    ],
    "obj_class": "vehicle",
    "point_num_in_lidar": 100,
    "speed": 0.0039163247482123355,
    "if_vehicle": true,
    "motion_state": false,
    "pose": [
      [
        -0.07461479389299819,
        -0.9971775645795967,
        0.00833889869284793,
        7.225506503721476
      ],
      [
        0.9965933066169004,
        -0.07486048272103635,
        -0.03460764847784502,
        22.700404347039267
      ],
      [
        0.03513422460647269,
        0.005728248063552927,
        0.9993661858575285,
        0.6602046697190929
      ],
      [
        0.0,
        0.0,
        0.0,
        1.0
      ]
    ],
    "location": [
      7.225506503721476,
      22.700404347039267,
      0.6602046697190929
    ],
    "rotation": [
      0.005731818239419608,
      -0.03514145698627257,
      1.6455267537589924
    ]
  },
  {
    "label_id": "6_1JJIYW81d3Ggc94_e4oQ",
    "size": [
      2.1065520253788157,
      4.845271544164966,
      1.4721932968977
    ],
    "obj_class": "vehicle",
    "point_num_in_lidar": 137,
    "speed": 0.004468499258439052,
    "if_vehicle": true,
    "motion_state": false,
    "pose": [
      [
        0.999441328011166,
        -0.03236502173438485,
        0.00833889869284793,
        23.349213819186843
      ],
      [
        0.03263520613545628,
        0.9988679862661183,
        -0.03460764847784502,
        -2.2145434875551757
      ],
      [
        -0.007209381649840771,
        0.03486045583182481,
        0.9993661858575285,
        0.6915487787617849
      ],
      [
        0.0,
        0.0,
        0.0,
        1.0
      ]
    ],
    "location": [
      23.349213819186843,
      -2.2145434875551757,
      0.6915487787617849
    ],
    "rotation": [
      0.03486842692433118,
      0.0072094441027908416,
      0.032641850566581934
    ]
  },
  {
    "label_id": "9dK1E7yukLqZV3xaj_wIig",
    "size": [
      2.0955586239767467,
      4.606271177782434,
      1.8262575940847512
    ],
    "obj_class": "vehicle",
    "point_num_in_lidar": 465,
    "speed": 0.005142310360313838,
    "if_vehicle": true,
    "motion_state": false,
    "pose": [
      [
        -0.016808639350984252,
        -0.9998239507092032,
        0.00833889869284793,
        10.88258308840966
      ],
      [
        0.9992548827675205,
        -0.01708771289854086,
        -0.03460764847784502,
        -22.232066771295734
      ],
      [
        0.03474404853262775,
        0.00775097775368225,
        0.9993661858575285,
        2.3571368692888086
      ],
      [
        0.0,
        0.0,
        0.0,
        1.0
      ]
    ],
    "location": [
      10.88258308840966,
      -22.232066771295734,
      2.3571368692888086
    ],
    "rotation": [
      0.007755738038604746,
      -0.034751042539267765,
      1.5876159136336885
    ]
  },
  {
    "label_id": "B9tn9-kjeoeV8sqY20oAJw",
    "size": [
      0.7410014254288274,
      0.0564697773877908,
      0.7199999999999989
    ],
    "obj_class": "sign",
    "point_num_in_lidar": 173,
    "speed": 0.009747202464473578,
    "if_vehicle": false,
    "motion_state": false,
    "pose": [
      [
        -0.03634365753642995,
        -0.9993045588435315,
        0.00833889869284793,
        -6.678890799339797
      ],
      [
        0.9987301460064747,
        -0.036611557256140764,
        -0.03460764847784502,
        12.754236914345611
      ],
      [
        0.034888880961711284,
        0.007070540984621262,
        0.9993661858575285,
        2.6190114488694576
      ],
      [
        0.0,
        0.0,
        0.0,
        1.0
      ]
    ],
    "location": [
      -6.678890799339797,
      12.754236914345611,
      2.6190114488694576
    ],
    "rotation": [
      0.007074907190107137,
      -0.03489596283030251,
      1.6071701441403312
    ]
  },
  {
    "label_id": "E4SZTBYIAyuKYLygem9hXw",
    "size": [
      1.9715589224219279,
      4.224433822501395,
      1.3100000000000023
    ],
    "obj_class": "vehicle",
    "point_num_in_lidar": 24,
    "speed": 0.009517529576017474,
    "if_vehicle": true,
    "motion_state": false,
    "pose": [
      [
        -0.9986203280883512,
        0.05184499105317916,
        0.00833889869284793,
        -1.4482566782670574
      ],
      [
        -0.052103945644345305,
        -0.9980418275378669,
        -0.03460764847784502,
        -24.453128354958437
      ],
      [
        0.006528336465357631,
        -0.03499439080153777,
        0.9993661858575285,
        2.6900301942777958
      ],
      [
        0.0,
        0.0,
        0.0,
        1.0
      ]
    ],
    "location": [
      -1.4482566782670574,
      -24.453128354958437,
      2.6900301942777958
    ],
    "rotation": [
      -0.03500228333559817,
      -0.006528382838301567,
      -3.089463991755644
    ]
  },
  {
    "label_id": "FJYkxRLHRb93ZMGg32MbWQ",
    "size": [
      2.20912014693616,
      4.612479673477537,
      1.9199999999999875
    ],
    "obj_class": "vehicle",
    "point_num_in_lidar": 1134,
    "speed": 0.027406974846940164,
    "if_vehicle": true,
    "motion_state": false,
    "pose": [
      [
        -0.996932752205165,
        0.07781741674731714,
        0.00833889869284793,
        -2.022439157316853
      ],
      [
        -0.07806122762831302,
        -0.9963477080858844,
        -0.03460764847784502,
        -19.564906463597225
      ],
      [
        0.00561536479633429,
        -0.035152442913398765,
        0.9993661858575285,
        1.959055492706966
      ],
      [
        0.0,
        0.0,
        0.0,
        1.0
      ]
    ],
    "location": [
      -2.022439157316853,
      -19.564906463597225,
      1.959055492706966
    ],
    "rotation": [
      -0.03516024112885824,
      -0.005615394307668005,
      -3.0634506948576172
    ]
  },
  {
    "label_id": "GR2S0cRLIKCA7TZlaRQUiw",
    "size": [
      1.9826283569096097,
      4.669387331335671,
      2.2548355270341744
    ],
    "obj_class": "vehicle",
    "point_num_in_lidar": 37,
    "speed": 3.614624287906422e-14,
    "if_vehicle": true,
    "motion_state": false,
    "pose": [
      [
        0.9994863570010097,
        -0.030943253504447443,
        0.00833889869284793,
        -6.670389460592787
      ],
      [
        0.031214253228100713,
        0.9989134001815403,
        -0.03460764847784502,
        40.6482226546936
      ],
      [
        -0.007258964406999363,
        0.034850164996934885,
        0.9993661858575285,
        0.41403777247001017
      ],
      [
        0.0,
        0.0,
        0.0,
        1.0
      ]
    ],
    "location": [
      -6.670389460592787,
      40.6482226546936,
      0.41403777247001017
    ],
    "rotation": [
      0.03485814207367169,
      0.007259028157419085,
      0.031220147093287926
    ]
  },
  {
    "label_id": "JCDdYUT-UV2oxkxdT7TaPw",
    "size": [
      3.5590816235393237,
      6.254139630824458,
      2.4000000000000057
    ],
    "obj_class": "vehicle",
    "point_num_in_lidar": 140,
    "speed": 0.008970949040296708,
    "if_vehicle": true,
    "motion_state": false,
    "pose": [
      [
        -0.10469980182055509,
        -0.9944689106590144,
        0.00833889869284793,
        5.333384804383627
      ],
      [
        0.9938774984070464,
        -0.10492773144877134,
        -0.03460764847784502,
        55.82526976627027
      ],
      [
        0.03529121220485429,
        0.0046644298352116805,
        0.9993661858575285,
        0.5385376253080381
      ],
      [
        0.0,
        0.0,
        0.0,
        1.0
      ]
    ],
    "location": [
      5.333384804383627,
      55.82526976627027,
      0.5385376253080381
    ],
    "rotation": [
      0.004667354199978976,
      -0.03529854200267064,
      1.6757539878817624
    ]
  },
  {
    "label_id": "M1ux1dJCnlFsX4da4hqWLg",
    "size": [
      2.0481922760723186,
      4.507813116800472,
      1.3662575940847432
    ],
    "obj_class": "vehicle",
    "point_num_in_lidar": 67,
    "speed": 0.010382325181532046,
    "if_vehicle": true,
    "motion_state": false,
    "pose": [
      [
        -0.09524238850479275,
        -0.9954191831587799,
        0.00833889869284793,
        11.52126812280062
      ],
      [
        0.9948299641543252,
        -0.09547592936200232,
        -0.03460764847784502,
        -28.557796766268382
      ],
      [
        0.03524528128141792,
        0.004999671186128239,
        0.9993661858575285,
        2.843049330979852
      ],
      [
        0.0,
        0.0,
        0.0,
        1.0
      ]
    ],
    "location": [
      11.52126812280062,
      -28.557796766268382,
      2.843049330979852
    ],
    "rotation": [
      0.005002800321045516,
      -0.035252582486982265,
      1.6662427808834686
    ]
  },
  {
    "label_id": "NjQjKUN8pI-ZQimlGuoBsQ",
    "size": [
      1.9460049702311957,
      4.277104600442166,
      1.4499999999999886
    ],
    "obj_class": "vehicle",
    "point_num_in_lidar": 291,
    "speed": 0.010304187452234399,
    "if_vehicle": true,
    "motion_state": false,
    "pose": [
      [
        -0.9984441025096421,
        0.055134716216788254,
        0.00833889869284793,
        -5.4603346711055565
      ],
      [
        -0.05539176350248966,
        -0.9978647519593616,
        -0.03460764847784502,
        23.662336775310067
      ],
      [
        0.006413010197996594,
        -0.0350157088286966,
        0.9993661858575285,
        0.2584759134357455
      ],
      [
        0.0,
        0.0,
        0.0,
        1.0
      ]
    ],
    "location": [
      -5.4603346711055565,
      23.662336775310067,
      0.2584759134357455
    ],
    "rotation": [
      -0.035023588743211535,
      -0.006413054156467677,
      -3.0861713841392318
    ]
  },
  {
    "label_id": "Q175aDJRl7PlCgCobA9ChQ",
    "size": [
      0.8168809500625261,
      0.09569916411282975,
      0.8100000000000023
    ],
    "obj_class": "sign",
    "point_num_in_lidar": 75,
    "speed": 0.0010810877508423253,
    "if_vehicle": false,
    "motion_state": false,
    "pose": [
      [
        -0.9980223918972074,
        -0.06230383648193295,
        0.00833889869284793,
        14.618695981291353
      ],
      [
        0.0619806384338627,
        -0.9974771732356409,
        -0.03460764847784502,
        10.721937175886723
      ],
      [
        0.010474050367828204,
        -0.034022357846978615,
        0.9993661858575285,
        2.9761809832836263
      ],
      [
        0.0,
        0.0,
        0.0,
        1.0
      ]
    ],
    "location": [
      14.618695981291353,
      10.721937175886723,
      2.9761809832836263
    ],
    "rotation": [
      -0.03403079232478346,
      -0.010474241887842111,
      3.079568855618353
    ]
  },
  {
    "label_id": "YKPb1MkzJMFBs5crX5wDgA",
    "size": [
      2.1866969615547185,
      4.975542376081814,
      1.5300000000000011
    ],
    "obj_class": "vehicle",
    "point_num_in_lidar": 75,
    "speed": 2.870536104065002,
    "if_vehicle": true,
    "motion_state": true,
    "pose": [
      [
        -0.9971268199533714,
        0.07528989107620633,
        0.00833889869284793,
        13.970081790734525
      ],
      [
        -0.07553518429060624,
        -0.9965423957870624,
        -0.03460764847784502,
        4.691883734085664
      ],
      [
        0.005704459997295687,
        -0.0351380947223227,
        0.9993661858575285,
        0.7100208896368656
      ],
      [
        0.0,
        0.0,
        0.0,
        1.0
      ]
    ],
    "location": [
      13.970081790734525,
      4.691883734085664,
      0.7100208896368656
    ],
    "rotation": [
      -0.03514590157247758,
      -0.005704490935758096,
      -3.065984223237019
    ]
  },
  {
    "label_id": "ZFvMr9wN9-CPPx0LnQsiyw",
    "size": [
      0.9106749139702364,
      0.6788900799441303,
      1.740000000000009
    ],
    "obj_class": "pedestrian",
    "point_num_in_lidar": 40,
    "speed": 0.007062621343887212,
    "if_vehicle": false,
    "motion_state": false,
    "pose": [
      [
        -0.9816918973342976,
        -0.1902931461634316,
        0.00833889869284793,
        35.9902820293604
      ],
      [
        0.18990243482047056,
        -0.9811928331964573,
        -0.03460764847784502,
        -5.1026304804242955
      ],
      [
        0.014767665944340915,
        -0.03239047093100103,
        0.9993661858575285,
        0.9530351472937184
      ],
      [
        0.0,
        0.0,
        0.0,
        1.0
      ]
    ],
    "location": [
      35.9902820293604,
      -5.1026304804242955,
      0.9530351472937184
    ],
    "rotation": [
      -0.0323996716639879,
      -0.014768202762196592,
      2.9505087868693414
    ]
  },
  {
    "label_id": "_8n2ltih6YGV4VvLcYeuvA",
    "size": [
      0.4156520167828859,
      0.05391781688397976,
      0.18345640068281455
    ],
    "obj_class": "sign",
    "point_num_in_lidar": 27,
    "speed": 0.007592816163937576,
    "if_vehicle": false,
    "motion_state": false,
    "pose": [
      [
        -0.036343657538971036,
        -0.999304558843439,
        0.00833889869284793,
        -6.677942600186952
      ],
      [
        0.9987301460063815,
        -0.03661155725868037,
        -0.03460764847784502,
        12.754207829734185
      ],
      [
        0.03488888096172926,
        0.007070540984532544,
        0.9993661858575285,
        2.1534420704981585
      ],
      [
        0.0,
        0.0,
        0.0,
        1.0
      ]
    ],
    "location": [
      -6.677942600186952,
      12.754207829734185,
      2.1534420704981585
    ],
    "rotation": [
      0.007074907190018367,
      -0.034895962830320496,
      1.6071701441428756
    ]
  },
  {
    "label_id": "_SFSfPAKVug3laTRe36P7A",
    "size": [
      1.5124769999564216,
      4.834983194317003,
      1.5800000000000125
    ],
    "obj_class": "vehicle",
    "point_num_in_lidar": 1013,
    "speed": 1.7763568394002505e-14,
    "if_vehicle": true,
    "motion_state": false,
    "pose": [
      [
        0.9958733801013259,
        0.09036964962945575,
        0.00833889869284793,
        -4.071180151369845
      ],
      [
        -0.09003123381544989,
        0.9953374742289681,
        -0.03460764847784502,
        13.389026192550375
      ],
      [
        -0.011427499430232723,
        0.03371407452901088,
        0.9993661858575285,
        2.4644933822956716
      ],
      [
        0.0,
        0.0,
        0.0,
        1.0
      ]
    ],
    "location": [
      -4.071180151369845,
      13.389026192550375,
      2.4644933822956716
    ],
    "rotation": [
      0.033722667376043486,
      0.011427748160076372,
      -0.09015920918290851
    ]
  },
  {
    "label_id": "_cqh80UXdkf7A2Uf9Nd09w",
    "size": [
      2.7446487319770894,
      7.000101787777974,
      2.3102425954895978
    ],
    "obj_class": "vehicle",
    "point_num_in_lidar": 3151,
    "speed": 3.7221458391556904e-14,
    "if_vehicle": true,
    "motion_state": false,
    "pose": [
      [
        0.9987482283472329,
        -0.049319764211258416,
        0.00833889869284793,
        -3.0104291858053784
      ],
      [
        0.049580180741979965,
        0.9981703844256383,
        -0.03460764847784502,
        13.273276314099334
      ],
      [
        -0.006616800651093037,
        0.03497777170889198,
        0.9993661858575285,
        1.0191469569185756
      ],
      [
        0.0,
        0.0,
        0.0,
        1.0
      ]
    ],
    "location": [
      -3.0104291858053784,
      13.273276314099334,
      1.0191469569185756
    ],
    "rotation": [
      0.03498567405883661,
      0.006616848934894763,
      0.049601602931170996
    ]
  },
  {
    "label_id": "aLKLRVALSecdklsZzsqb1w",
    "size": [
      2.279181251532649,
      4.723665906330695,
      1.6483726207747225
    ],
    "obj_class": "vehicle",
    "point_num_in_lidar": 21,
    "speed": 0.01226722101911629,
    "if_vehicle": true,
    "motion_state": false,
    "pose": [
      [
        0.9941325143131975,
        -0.10784714532110112,
        0.00833889869284793,
        28.721485774850066
      ],
      [
        0.1080732017652808,
        0.9935403835411195,
        -0.03460764847784502,
        -1.7556344897081715
      ],
      [
        -0.004552696510990936,
        0.03530580007667976,
        0.9993661858575285,
        0.7303197543315036
      ],
      [
        0.0,
        0.0,
        0.0,
        1.0
      ]
    ],
    "location": [
      28.721485774850066,
      -1.7556344897081715,
      0.7303197543315036
    ],
    "rotation": [
      0.03531350509754156,
      0.004552712238462268,
      0.1082858210875055
    ]
  },
  {
    "label_id": "auXhaEEj7_TnIkSP3tzCWw",
    "size": [
      1.9383903580788395,
      4.5786654796276824,
      1.5670055110724945
    ],
    "obj_class": "vehicle",
    "point_num_in_lidar": 1521,
    "speed": 5.826155387219611,
    "if_vehicle": true,
    "motion_state": true,
    "pose": [
      [
        -0.010077877082925556,
        0.9999144459212957,
        0.00833889869284793,
        3.3783046763107905
      ],
      [
        -0.9993530866223223,
        -0.009783604922073101,
        -0.03460764847784502,
        1.4117155598602835
      ],
      [
        -0.03452310316206735,
        -0.008682275775217244,
        0.9993661858575285,
        0.7926450738017081
      ],
      [
        0.0,
        0.0,
        0.0,
        1.0
      ]
    ],
    "location": [
      3.3783046763107905,
      1.4117155598602835,
      0.7926450738017081
    ],
    "rotation": [
      -0.008687563646815673,
      0.03452996453864615,
      -1.5808803857876228
    ]
  },
  {
    "label_id": "cCz-sprxe54IkoqPBqzeQA",
    "size": [
      2.0277817520855956,
      4.262423525941018,
      1.4748355270341733
    ],
    "obj_class": "vehicle",
    "point_num_in_lidar": 24,
    "speed": 5.333694441429199e-14,
    "if_vehicle": true,
    "motion_state": false,
    "pose": [
      [
        -0.9986674375221706,
        0.050929480671728256,
        0.00833889869284793,
        -5.895563794706845
      ],
      [
        -0.05118896549643163,
        -0.9980891746122884,
        -0.03460764847784502,
        29.308640558763997
      ],
      [
        0.006560414949273705,
        -0.03498839122150396,
        0.9993661858575285,
        0.3625061430646497
      ],
      [
        0.0,
        0.0,
        0.0,
        1.0
      ]
    ],
    "location": [
      -5.895563794706845,
      29.308640558763997,
      0.3625061430646497
    ],
    "rotation": [
      -0.03499628730137819,
      -0.006560462009183426,
      -3.0903802034872396
    ]
  },
  {
    "label_id": "djwJETMnF8x4cVGX3MsC8A",
    "size": [
      1.9823390091466782,
      4.458846597593478,
      1.4782598895759236
    ],
    "obj_class": "vehicle",
    "point_num_in_lidar": 148,
    "speed": 0.008224153855830318,
    "if_vehicle": true,
    "motion_state": false,
    "pose": [
      [
        -0.9961823823891861,
        0.08689720240603772,
        0.00833889869284793,
        18.062489398587786
      ],
      [
        -0.08713567285328898,
        -0.9955951412011002,
        -0.03460764847784502,
        9.378428796399447
      ],
      [
        0.005294859186991302,
        -0.03520214525800385,
        0.9993661858575285,
        0.5860345076937392
      ],
      [
        0.0,
        0.0,
        0.0,
        1.0
      ]
    ],
    "location": [
      18.062489398587786,
      9.378428796399447,
      0.5860345076937392
    ],
    "rotation": [
      -0.03520991345087176,
      -0.005294883928004062,
      -3.0543451113934594
    ]
  },
  {
    "label_id": "eYuikztkR3GVWeq2x3R4vg",
    "size": [
      2.082652378018846,
      4.727294552036573,
      1.6500000000000057
    ],
    "obj_class": "vehicle",
    "point_num_in_lidar": 52,
    "speed": 0.027920267165984638,
    "if_vehicle": true,
    "motion_state": false,
    "pose": [
      [
        -0.9986674375221709,
        0.05092948067172116,
        0.00833889869284793,
        -5.606798733841629
      ],
      [
        -0.05118896549642453,
        -0.9980891746122887,
        -0.03460764847784502,
        26.344501729468632
      ],
      [
        0.006560414949273955,
        -0.03498839122150391,
        0.9993661858575285,
        0.46244218158247463
      ],
      [
        0.0,
        0.0,
        0.0,
        1.0
      ]
    ],
    "location": [
      -5.606798733841629,
      26.344501729468632,
      0.46244218158247463
    ],
    "rotation": [
      -0.03499628730137814,
      -0.006560462009183676,
      -3.0903802034872467
    ]
  },
  {
    "label_id": "hIXIgHw3ha67NHMRblswLg",
    "size": [
      2.0140837000090652,
      3.9843474780506,
      1.6662575940847546
    ],
    "obj_class": "vehicle",
    "point_num_in_lidar": 387,
    "speed": 0.003101522292021119,
    "if_vehicle": true,
    "motion_state": false,
    "pose": [
      [
        -0.05715632101132773,
        -0.9983304151116706,
        0.00833889869284793,
        10.346081028898652
      ],
      [
        0.9977505452621833,
        -0.05741219466149973,
        -0.03460764847784502,
        -17.041452851390005
      ],
      [
        0.0350286225459421,
        0.006342094851828231,
        0.9993661858575285,
        1.7522803034853496
      ],
      [
        0.0,
        0.0,
        0.0,
        1.0
      ]
    ],
    "location": [
      10.346081028898652,
      -17.041452851390005,
      1.7522803034853496
    ],
    "rotation": [
      0.0063460319198416675,
      -0.03503578988309068,
      1.628018969121673
    ]
  },
  {
    "label_id": "hb0ASarWGWDxr2SxCcea0A",
    "size": [
      0.4288018488109246,
      0.07469978022218265,
      0.6044489512381972
    ],
    "obj_class": "sign",
    "point_num_in_lidar": 26,
    "speed": 0.009159981324522727,
    "if_vehicle": false,
    "motion_state": false,
    "pose": [
      [
        -0.8858928205320923,
        -0.46381502056130597,
        0.00833889869284793,
        25.92805850741877
      ],
      [
        0.46329760495369465,
        -0.8855267584387296,
        -0.03460764847784502,
        -3.6043505547285974
      ],
      [
        0.02343586511875672,
        -0.026795275529673347,
        0.9993661858575285,
        2.4911357466397135
      ],
      [
        0.0,
        0.0,
        0.0,
        1.0
      ]
    ],
    "location": [
      25.92805850741877,
      -3.6043505547285974,
      2.4911357466397135
    ],
    "rotation": [
      -0.02680584720142711,
      -0.023438010967372167,
      2.6597363756368773
    ]
  },
  {
    "label_id": "hmBHz0-xRezKX2tSDNT3Gw",
    "size": [
      1.7247351383281222,
      3.647309105144183,
      1.3923338815695843
    ],
    "obj_class": "vehicle",
    "point_num_in_lidar": 37,
    "speed": 8.881784197001252e-14,
    "if_vehicle": true,
    "motion_state": false,
    "pose": [
      [
        -0.07461479389300706,
        -0.9971775645795962,
        0.00833889869284793,
        5.469483484186526
      ],
      [
        0.9965933066168998,
        -0.0748604827210452,
        -0.03460764847784502,
        48.95112011296435
      ],
      [
        0.035134224606472746,
        0.0057282480635526154,
        0.9993661858575285,
        -0.41539421930758635
      ],
      [
        0.0,
        0.0,
        0.0,
        1.0
      ]
    ],
    "location": [
      5.469483484186526,
      48.95112011296435,
      -0.41539421930758635
    ],
    "rotation": [
      0.0057318182394192965,
      -0.03514145698627263,
      1.6455267537590013
    ]
  },
  {
    "label_id": "i4WEZxXNh4J1GX9xl5n5eQ",
    "size": [
      1.9322981237294703,
      4.718592850396311,
      1.4782598895759236
    ],
    "obj_class": "vehicle",
    "point_num_in_lidar": 45,
    "speed": 0.0014572509071306874,
    "if_vehicle": true,
    "motion_state": false,
    "pose": [
      [
        -0.9961823823891901,
        0.0868972024059917,
        0.00833889869284793,
        24.229292361554826
      ],
      [
        -0.08713567285324299,
        -0.9955951412011042,
        -0.03460764847784502,
        9.783775632192132
      ],
      [
        0.005294859186992926,
        -0.03520214525800361,
        0.9993661858575285,
        0.5860345076937108
      ],
      [
        0.0,
        0.0,
        0.0,
        1.0
      ]
    ],
    "location": [
      24.229292361554826,
      9.783775632192132,
      0.5860345076937108
    ],
    "rotation": [
      -0.035209913450871516,
      -0.005294883928005686,
      -3.0543451113935056
    ]
  },
  {
    "label_id": "nBHdqL99senel5XF57qANg",
    "size": [
      2.79013776587543,
      6.283840489035793,
      3.4623338815695774
    ],
    "obj_class": "vehicle",
    "point_num_in_lidar": 126,
    "speed": 1.0660453750117864e-13,
    "if_vehicle": true,
    "motion_state": false,
    "pose": [
      [
        -0.07461479389300706,
        -0.9971775645795962,
        0.00833889869284793,
        3.6637623073957
      ],
      [
        0.9965933066168998,
        -0.0748604827210452,
        -0.03460764847784502,
        68.76485101343394
      ],
      [
        0.035134224606472746,
        0.0057282480635526154,
        0.9993661858575285,
        0.5912884894325146
      ],
      [
        0.0,
        0.0,
        0.0,
        1.0
      ]
    ],
    "location": [
      3.6637623073957,
      68.76485101343394,
      0.5912884894325146
    ],
    "rotation": [
      0.0057318182394192965,
      -0.03514145698627263,
      1.6455267537590013
    ]
  },
  {
    "label_id": "nsj7sgrIH9erlwVfmWHNxQ",
    "size": [
      2.1981467431112764,
      4.580517552099105,
      1.710000000000008
    ],
    "obj_class": "vehicle",
    "point_num_in_lidar": 3152,
    "speed": 0.021222008895509074,
    "if_vehicle": true,
    "motion_state": false,
    "pose": [
      [
        -0.9975518953843789,
        0.06943110818375028,
        0.00833889869284793,
        -18.450257225880364
      ],
      [
        -0.06967983028487895,
        -0.9969689222429676,
        -0.03460764847784502,
        6.526250536091055
      ],
      [
        0.005910775457051433,
        -0.03510397837955105,
        0.9993661858575285,
        0.8140044278866014
      ],
      [
        0.0,
        0.0,
        0.0,
        1.0
      ]
    ],
    "location": [
      -18.450257225880364,
      6.526250536091055,
      0.8140044278866014
    ],
    "rotation": [
      -0.035111805702757064,
      -0.005910809875315451,
      -3.071855093709292
    ]
  },
  {
    "label_id": "wXzm9HyGat82X2noN_2ETQ",
    "size": [
      0.4928979879515025,
      0.060914065595576425,
      0.612229061401024
    ],
    "obj_class": "sign",
    "point_num_in_lidar": 48,
    "speed": 0.007337870743366101,
    "if_vehicle": false,
    "motion_state": false,
    "pose": [
      [
        -0.03634365753901719,
        -0.9993045588434375,
        0.00833889869284793,
        -6.677336586339607
      ],
      [
        0.99873014600638,
        -0.03661155725872651,
        -0.03460764847784502,
        12.754677175105272
      ],
      [
        0.034888880961729596,
        0.0070705409845309335,
        0.9993661858575285,
        3.3053941512952463
      ],
      [
        0.0,
        0.0,
        0.0,
        1.0
      ]
    ],
    "location": [
      -6.677336586339607,
      12.754677175105272,
      3.3053941512952463
    ],
    "rotation": [
      0.007074907190016756,
      -0.03489596283032083,
      1.6071701441429218
    ]
  },
  {
    "label_id": "zkifBz685RBOb_ccW22PWw",
    "size": [
      2.0124930132721848,
      4.458576926140719,
      1.5999999999999943
    ],
    "obj_class": "vehicle",
    "point_num_in_lidar": 54,
    "speed": 0.012252912876162628,
    "if_vehicle": true,
    "motion_state": false,
    "pose": [
      [
        -0.9986203280883535,
        0.051844991053134816,
        0.00833889869284793,
        -1.5426491281360768
      ],
      [
        -0.052103945644300965,
        -0.9980418275378691,
        -0.03460764847784502,
        -22.112486950813718
      ],
      [
        0.006528336465359185,
        -0.034994390801537475,
        0.9993661858575285,
        1.5198837187564322
      ],
      [
        0.0,
        0.0,
        0.0,
        1.0
      ]
    ],
    "location": [
      -1.5426491281360768,
      -22.112486950813718,
      1.5198837187564322
    ],
    "rotation": [
      -0.03500228333559788,
      -0.0065283828383031215,
      -3.0894639917556885
    ]
  }
]