[
  {
    "label_id": "-kZBe1CSBNx4Vln1QEyrHA",
    "size": [
      2.1535971384174486,
      4.662434529255965,
      1.5800000000000125
    ],
    "obj_class": "vehicle",
    "point_num_in_lidar": 87,
    "speed": 0.007861335242574473,
    "if_vehicle": true,
    "motion_state": false,
    "pose": [
      [
        -0.057154993323048034,
        -0.998307224822672,
        0.010769939883645371,
        10.076457735955273
      ],
      [
        0.9977522756210521,
        -0.057494556974733414,
        -0.0344205231118172,
        -12.4122196378853
      ],
      [
        0.03498146982695757,
        0.008778427258577364,
        0.9993494063557609,
        1.1036540651271878
      ],
      [
        0.0,
        0.0,
        0.0,
        1.0
      ]
    ],
    "location": [
      10.076457735955273,
      -12.4122196378853,
      1.1036540651271878
    ],
    "rotation": [
      0.008783916244585473,
      -0.034988608248155924,
      1.628017543772464
    ]
  },
  {
    "label_id": "0FwOooymBByA7qRyABSe6g",
    "size": [
      1.2014669624584147,
      2.3613717211360448,
      1.4799999999999898
    ],
    "obj_class": "vehicle",
    "point_num_in_lidar": 727,
    "speed": 2.1992771289287747e-30,
    "if_vehicle": true,
    "motion_state": false,
    "pose": [
      [
        0.09097779301165959,
        0.9957946824389203,
        0.010769939883645371,
        -31.72092976703368
      ],
      [
        -0.9952285368014803,
        0.09129834130307908,
        -0.0344205231118172,
        5.502565538870442
      ],
      [
        -0.03525905152882423,
        -0.007587048284820338,
        0.9993494063557609,
        0.7080950538351942
      ],
      [
        0.0,
        0.0,
        0.0,
        1.0
      ]
    ],
    "location": [
      -31.72092976703368,
      5.502565538870442,
      0.7080950538351942
    ],
    "rotation": [
      -0.0075918417257096905,
      0.03526636129861981,
      -1.4796357202915371
    ]
  },
  {
    "label_id": "5oX9fmLl0Z74-llNDr8wpg",
    "size": [
      2.013978879816807,
      4.430995565915478,
      1.8100000000000023
    ],
    "obj_class": "vehicle",
    "point_num_in_lidar": 60,
    "speed": 0.04237600291490055,
    "if_vehicle": true,
    "motion_state": false,
    "pose": [
      [
        -0.9953625926944261,
        0.09558931666003591,
        0.010769939883645371,
        -2.112489400575896
      ],
      [
        -0.09590723913825949,
        -0.9947949683575935,
        -0.0344205231118172,
        -12.43626481001732
      ],
      [
        0.007423647722424602,
        -0.03529381632640224,
        0.9993494063557609,
        1.2199684659967716
      ],
      [
        0.0,
        0.0,
        0.0,
        1.0
      ]
    ],
    "location": [
      -2.112489400575896,
      -12.43626481001732,
      1.2199684659967716
    ],
    "rotation": [
      -0.03530212092479319,
      -0.007423715910994947,
      -3.0455351184479156
    ]
  },
  {
    "label_id": "6_1JJIYW81d3Ggc94_e4oQ",
    "size": [
      2.1065520253788157,
      4.845271544164966,
      1.4721932968977
    ],
    "obj_class": "vehicle",
    "point_num_in_lidar": 73,
    "speed": 0.004468499295850955,
    "if_vehicle": true,
    "motion_state": false,
    "pose": [
      [
        0.9994181119166925,
        -0.03236426992496673,
        0.010769939883645371,
        23.353281538132933
      ],
      [
        0.032717500146722645,
        0.998871759923594,
        -0.0344205231118172,
        -2.2554525849436686
      ],
      [
        -0.009643793704898753,
        0.03475285972932059,
        0.9993494063557609,
        0.6915487787617565
      ],
      [
        0.0,
        0.0,
        0.0,
        1.0
      ]
    ],
    "location": [
      23.353281538132933,
      -2.2554525849436686,
      0.6915487787617565
    ],
    "rotation": [
      0.034761476205864804,
      0.009643943194388944,
      0.03272486228206475
    ]
  },
  {
    "label_id": "8OfIKSWREwC1OC68A-zLAw",
    "size": [
      2.230836902688299,
      4.909505990367738,
      1.4753320494008335
    ],
    "obj_class": "vehicle",
    "point_num_in_lidar": 129,
    "speed": 8.17418698196764,
    "if_vehicle": true,
    "motion_state": true,
    "pose": [
      [
        -0.9954207216112767,
        0.09498207926650054,
        0.010769939883645371,
        -3.620948545568922
      ],
      [
        -0.09530034796402581,
        -0.9948532913282463,
        -0.0344205231118172,
        3.709996657533935
      ],
      [
        0.007445177286050913,
        -0.035289280972665746,
        0.9993494063557609,
        0.8926743143847489
      ],
      [
        0.0,
        0.0,
        0.0,
        1.0
      ]
    ],
    "location": [
      -3.620948545568922,
      3.709996657533935,
      0.8926743143847489
    ],
    "rotation": [
      -0.03529758827120649,
      -0.007445246069621095,
      -3.046144803939969
    ]
  },
  {
    "label_id": "B7SandOJCoy-G7aLDvDcaw",
    "size": [
      0.4393943099284464,
      0.06778819648743653,
      0.1699999999999875
    ],
    "obj_class": "sign",
    "point_num_in_lidar": 25,
    "speed": 0.009078223266357325,
    "if_vehicle": false,
    "motion_state": false,
    "pose": [
      [
        -0.9964260980773765,
        0.08377970795602652,
        0.010769939883645371,
        -11.218372871110205
      ],
      [
        -0.08410433890212313,
        -0.9958622835344983,
        -0.0344205231118172,
        -6.541665408009351
      ],
      [
        0.007841635552054643,
        -0.03520330621201977,
        0.9993494063557609,
        2.4706669798208054
      ],
      [
        0.0,
        0.0,
        0.0,
        1.0
      ]
    ],
    "location": [
      -11.218372871110205,
      -6.541665408009351,
      2.4706669798208054
    ],
    "rotation": [
      -0.035211664421896834,
      -0.007841715919604766,
      -3.057386250020789
    ]
  },
  {
    "label_id": "B9tn9-kjeoeV8sqY20oAJw",
    "size": [
      0.7410014254288304,
      0.0564697773877908,
      0.7199999999999989
    ],
    "obj_class": "sign",
    "point_num_in_lidar": 52,
    "speed": 0.007879963930145945,
    "if_vehicle": false,
    "motion_state": false,
    "pose": [
      [
        -0.03634281330704306,
        -0.9992813459260771,
        0.010769939883645371,
        -6.714185822160289
      ],
      [
        0.998733592012004,
        -0.03669386563867188,
        -0.0344205231118172,
        12.771462876890112
      ],
      [
        0.03479097738968339,
        0.009505362100362952,
        0.9993494063557609,
        2.709515626933637
      ],
      [
        0.0,
        0.0,
        0.0,
        1.0
      ]
    ],
    "location": [
      -6.714185822160289,
      12.771462876890112,
      2.709515626933637
    ],
    "rotation": [
      0.009511263434729285,
      -0.03479799978539835,
      1.6071691745656556
    ]
  },
  {
    "label_id": "JbcpfJIpIE06IymgXs9tuw",
    "size": [
      1.071078582304564,
      2.335469278335322,
      1.305050990915504
    ],
    "obj_class": "vehicle",
    "point_num_in_lidar": 715,
    "speed": 0.0034800032979926706,
    "if_vehicle": true,
    "motion_state": false,
    "pose": [
      [
        0.027495574774231375,
        0.9995639057922896,
        0.010769939883645371,
        -30.532966220291655
      ],
      [
        -0.9990192809170203,
        0.027851462165357263,
        -0.0344205231118172,
        5.685002348708224
      ],
      [
        -0.034705471094254293,
        -0.009812965531089807,
        0.9993494063557609,
        0.5906209185968407
      ],
      [
        0.0,
        0.0,
        0.0,
        1.0
      ]
    ],
    "location": [
      -30.532966220291655,
      5.685002348708224,
      0.5906209185968407
    ],
    "rotation": [
      -0.009819038365517965,
      0.034712441821326635,
      -1.5432807063292895
    ]
  },
  {
    "label_id": "M7QqgrsM8fak_dnz6nI4cg",
    "size": [
      2.0266134630628874,
      4.768749904609435,
      1.4399999999999977
    ],
    "obj_class": "vehicle",
    "point_num_in_lidar": 3139,
    "speed": 0.09529376705494291,
    "if_vehicle": true,
    "motion_state": false,
    "pose": [
      [
        -0.9947326297314456,
        0.1019362729476879,
        0.010769939883645371,
        -24.182917153800872
      ],
      [
        -0.10225056837777276,
        -0.9941629890793217,
        -0.0344205231118172,
        6.074017392383567
      ],
      [
        0.007198375788001086,
        -0.035340449946247104,
        0.9993494063557609,
        0.7240081165296033
      ],
      [
        0.0,
        0.0,
        0.0,
        1.0
      ]
    ],
    "location": [
      -24.182917153800872,
      6.074017392383567,
      0.7240081165296033
    ],
    "rotation": [
      -0.03534872669682972,
      -0.007198437955360603,
      -3.039160403813678
    ]
  },
  {
    "label_id": "Q175aDJRl7PlCgCobA9ChQ",
    "size": [
      0.8168809500625283,
      0.09569916411282975,
      0.8100000000000023
    ],
    "obj_class": "sign",
    "point_num_in_lidar": 40,
    "speed": 0.0010810877601325232,
    "if_vehicle": false,
    "motion_state": false,
    "pose": [
      [
        -0.997999208763304,
        -0.06230238922161816,
        0.010769939883645371,
        14.609159242235705
      ],
      [
        0.06189907019824441,
        -0.9974887130676224,
        -0.0344205231118172,
        10.724761489717721
      ],
      [
        0.01288737430247722,
        -0.033685005565923944,
        0.9993494063557609,
        2.9735219614563277
      ],
      [
        0.0,
        0.0,
        0.0,
        1.0
      ]
    ],
    "location": [
      14.609159242235705,
      10.724761489717721,
      2.9735219614563277
    ],
    "rotation": [
      -0.03369417831668589,
      -0.012887731061147973,
      3.079648836667637
    ]
  },
  {
    "label_id": "T3cNiktshsWqVrlPYROiKA",
    "size": [
      2.0975139466488586,
      4.8260551870852515,
      1.4499999999999886
    ],
    "obj_class": "vehicle",
    "point_num_in_lidar": 2539,
    "speed": 0.07360338762289795,
    "if_vehicle": true,
    "motion_state": false,
    "pose": [
      [
        0.996638825270489,
        -0.08120997696319301,
        0.010769939883645371,
        -16.91719392130085
      ],
      [
        0.08153606072068444,
        0.9960758497177119,
        -0.0344205231118172,
        -5.474123975403103
      ],
      [
        -0.00793238713203901,
        0.03518296819166824,
        0.9993494063557609,
        0.6866094091531352
      ],
      [
        0.0,
        0.0,
        0.0,
        1.0
      ]
    ],
    "location": [
      -16.91719392130085,
      -5.474123975403103,
      0.6866094091531352
    ],
    "rotation": [
      0.03519133836890775,
      0.00793247032235063,
      0.08162924971231271
    ]
  },
  {
    "label_id": "ZFvMr9wN9-CPPx0LnQsiyw",
    "size": [
      0.9106749139702179,
      0.6788900799441303,
      1.740000000000009
    ],
    "obj_class": "pedestrian",
    "point_num_in_lidar": 23,
    "speed": 0.024485741530128308,
    "if_vehicle": false,
    "motion_state": false,
    "pose": [
      [
        -0.9547146698133739,
        -0.2973279462782518,
        0.010769939883645371,
        35.97996185036175
      ],
      [
        0.29681501527880777,
        -0.9543144525227258,
        -0.0344205231118172,
        -5.152436898208521
      ],
      [
        0.020512092730423415,
        -0.029665098486386123,
        0.9993494063557609,
        1.0294032622640827
      ],
      [
        0.0,
        0.0,
        0.0,
        1.0
      ]
    ],
    "location": [
      35.97996185036175,
      -5.152436898208521,
      1.0294032622640827
    ],
    "rotation": [
      -0.029675696635001473,
      -0.020513531399482282,
      2.840171616041927
    ]
  },
  {
    "label_id": "_SFSfPAKVug3laTRe36P7A",
    "size": [
      1.5124769999564234,
      4.834983194317003,
      1.5800000000000125
    ],
    "obj_class": "vehicle",
    "point_num_in_lidar": 298,
    "speed": 3.87697065734791e-29,
    "if_vehicle": true,
    "motion_state": false,
    "pose": [
      [
        0.9958502468869708,
        0.09036755042636664,
        0.010769939883645371,
        -4.071180151369845
      ],
      [
        -0.08995002269762781,
        0.995351305321596,
        -0.0344205231118172,
        13.389026192550375
      ],
      [
        -0.013830372079430598,
        0.03330893010189585,
        0.9993494063557609,
        2.450266756621204
      ],
      [
        0.0,
        0.0,
        0.0,
        1.0
      ]
    ],
    "location": [
      -4.071180151369845,
      13.389026192550375,
      2.450266756621204
    ],
    "rotation": [
      0.033318280349956986,
      0.01383081302778563,
      -0.09008040322169729
    ]
  },
  {
    "label_id": "_cqh80UXdkf7A2Uf9Nd09w",
    "size": [
      2.7446487319770894,
      7.000101787777974,
      2.3102425954895978
    ],
    "obj_class": "vehicle",
    "point_num_in_lidar": 975,
    "speed": 1.0881422275307216e-29,
    "if_vehicle": true,
    "motion_state": false,
    "pose": [
      [
        0.9987250283528212,
        -0.04931861855890859,
        0.010769939883645371,
        -3.0104291858052648
      ],
      [
        0.049662526939152886,
        0.9981727611023689,
        -0.0344205231118172,
        13.273276314099377
      ],
      [
        -0.009052687980615017,
        0.034911500350373166,
        0.9993494063557609,
        1.1515154674994221
      ],
      [
        0.0,
        0.0,
        0.0,
        1.0
      ]
    ],
    "location": [
      -3.0104291858052648,
      13.273276314099377,
      1.1515154674994221
    ],
    "rotation": [
      0.03492002748658804,
      0.00905281163155477,
      0.04968500155272481
    ]
  },
  {
    "label_id": "d3dpsLfzLp5y0r9I76vQrQ",
    "size": [
      0.8945749927156884,
      2.163806997654317,
      1.1200000000000045
    ],
    "obj_class": "vehicle",
    "point_num_in_lidar": 475,
    "speed": 0.014437713372388677,
    "if_vehicle": true,
    "motion_state": false,
    "pose": [
      [
        -0.9982539433870667,
        0.058078162049721056,
        0.010769939883645371,
        -30.487076045764297
      ],
      [
        -0.05841721236218038,
        -0.997698680408339,
        -0.0344205231118172,
        7.372476588663659
      ],
      [
        0.008746074090865837,
        -0.034989572795128016,
        0.9993494063557609,
        0.6442502706186701
      ],
      [
        0.0,
        0.0,
        0.0,
        1.0
      ]
    ],
    "location": [
      -30.487076045764297,
      7.372476588663659,
      0.6442502706186701
    ],
    "rotation": [
      -0.03499805531954489,
      -0.008746185598128751,
      -3.0831399263946295
    ]
  },
  {
    "label_id": "dI7gqzSadDRS5pcIqf0_Rw",
    "size": [
      0.4753770914610425,
      0.07479108250000141,
      0.46000000000000796
    ],
    "obj_class": "sign",
    "point_num_in_lidar": 30,
    "speed": 0.007479306844555269,
    "if_vehicle": false,
    "motion_state": false,
    "pose": [
      [
        -0.8997599623649598,
        0.43625224185086847,
        0.010769939883645371,
        -16.613595984238827
      ],
      [
        -0.43635257943569933,
        -0.8991171525493886,
        -0.0344205231118172,
        -7.155017257539555
      ],
      [
        -0.005332592691898565,
        -0.03566969962826695,
        0.9993494063557609,
        2.6995683050959087
      ],
      [
        0.0,
        0.0,
        0.0,
        1.0
      ]
    ],
    "location": [
      -16.613595984238827,
      -7.155017257539555,
      2.6995683050959087
    ],
    "rotation": [
      -0.03567777538065731,
      0.0053326179656404925,
      -2.6900447878085663
    ]
  },
  {
    "label_id": "hIXIgHw3ha67NHMRblswLg",
    "size": [
      2.0140837000090643,
      3.9843474780506,
      1.6662575940847546
    ],
    "obj_class": "vehicle",
    "point_num_in_lidar": 37,
    "speed": 0.02953193797976057,
    "if_vehicle": true,
    "motion_state": false,
    "pose": [
      [
        -0.057154993323038285,
        -0.9983072248226725,
        0.010769939883645371,
        10.315372615606748
      ],
      [
        0.9977522756210526,
        -0.05749455697472367,
        -0.0344205231118172,
        -16.860125557169567
      ],
      [
        0.03498146982695749,
        0.008778427258577706,
        0.9993494063557609,
        1.7522803034853212
      ],
      [
        0.0,
        0.0,
        0.0,
        1.0
      ]
    ],
    "location": [
      10.315372615606748,
      -16.860125557169567,
      1.7522803034853212
    ],
    "rotation": [
      0.008783916244585814,
      -0.03498860824815584,
      1.6280175437724542
    ]
  },
  {
    "label_id": "ku_iR8PIizMJ288TQDmyZg",
    "size": [
      0.8247420178066205,
      0.08983785362352277,
      0.7700000000000102
    ],
    "obj_class": "sign",
    "point_num_in_lidar": 35,
    "speed": 0.0018882323567173391,
    "if_vehicle": false,
    "motion_state": false,
    "pose": [
      [
        -0.9964260980773606,
        0.08377970795621592,
        0.010769939883645371,
        -11.220947106796757
      ],
      [
        -0.08410433890231242,
        -0.9958622835344825,
        -0.0344205231118172,
        -6.533707886448411
      ],
      [
        0.007841635552047952,
        -0.035203306212021265,
        0.9993494063557609,
        2.955666979820876
      ],
      [
        0.0,
        0.0,
        0.0,
        1.0
      ]
    ],
    "location": [
      -11.220947106796757,
      -6.533707886448411,
      2.955666979820876
    ],
    "rotation": [
      -0.03521166442189832,
      -0.007841715919598074,
      -3.0573862500205995
    ]
  },
  {
    "label_id": "nsj7sgrIH9erlwVfmWHNxQ",
    "size": [
      2.1981467431112787,
      4.580517552099105,
      1.710000000000008
    ],
    "obj_class": "vehicle",
    "point_num_in_lidar": 2353,
    "speed": 0.08894346460690551,
    "if_vehicle": true,
    "motion_state": false,
    "pose": [
      [
        -0.9975287231796717,
        0.06942949536354497,
        0.010769939883645371,
        -18.701330378249622
      ],
      [
        -0.0697622076507282,
        -0.996969639443652,
        -0.0344205231118172,
        6.48489486389451
      ],
      [
        0.00834750353282503,
        -0.03508679525345612,
        0.9993494063557609,
        0.8332901782965791
      ],
      [
        0.0,
        0.0,
        0.0,
        1.0
      ]
    ],
    "location": [
      -18.701330378249622,
      6.48489486389451,
      0.8332901782965791
    ],
    "rotation": [
      -0.03509522162733739,
      -0.008347600479340168,
      -3.0717712989932293
    ]
  },
  {
    "label_id": "rt4PwXQrSFVv5Wfts37zdw",
    "size": [
      0.4938123201608705,
      0.059380021361224763,
      0.46999999999999886
    ],
    "obj_class": "sign",
    "point_num_in_lidar": 67,
    "speed": 0.03039524081928033,
    "if_vehicle": false,
    "motion_state": false,
    "pose": [
      [
        0.9977260497496555,
        -0.06653373614829203,
        0.010769939883645371,
        -24.80196296898464
      ],
      [
        0.06686806985266121,
        0.9971679341128497,
        -0.0344205231118172,
        7.953192101344754
      ],
      [
        -0.008449312701486406,
        0.035062417647118656,
        0.9993494063557609,
        2.7649532149428637
      ],
      [
        0.0,
        0.0,
        0.0,
        1.0
      ]
    ],
    "location": [
      -24.80196296898464,
      7.953192101344754,
      2.7649532149428637
    ],
    "rotation": [
      0.03507085816241554,
      0.0084494132387017,
      0.06692039438672241
    ]
  },
  {
    "label_id": "uqe6oM-asNiPJc4ACa3Mmg",
    "size": [
      2.064246142428483,
      4.773214041914815,
      1.4399999999999977
    ],
    "obj_class": "vehicle",
    "point_num_in_lidar": 4738,
    "speed": 0.057765175339542084,
    "if_vehicle": true,
    "motion_state": false,
    "pose": [
      [
        0.9980701559533799,
        -0.06115531203500347,
        0.010769939883645371,
        -27.756741233573052
      ],
      [
        0.06149264896678645,
        0.9975138503859264,
        -0.0344205231118172,
        -6.18525850163374
      ],
      [
        -0.008638166370448822,
        0.035016369002866705,
        0.9993494063557609,
        0.7840953728180295
      ],
      [
        0.0,
        0.0,
        0.0,
        1.0
      ]
    ],
    "location": [
      -27.756741233573052,
      -6.18525850163374,
      0.7840953728180295
    ],
    "rotation": [
      0.035024836117290695,
      0.008638273801054839,
      0.06153376792784392
    ]
  },
  {
    "label_id": "wXzm9HyGat82X2noN_2ETQ",
    "size": [
      0.4928979879515006,
      0.060914065595576425,
      0.612229061401024
    ],
    "obj_class": "sign",
    "point_num_in_lidar": 32,
    "speed": 0.008391109258344114,
    "if_vehicle": false,
    "motion_state": false,
    "pose": [
      [
        -0.036342813309569004,
        -0.9992813459259852,
        0.010769939883645371,
        -6.71420643759518
      ],
      [
        0.9987335920119113,
        -0.036693865641196435,
        -0.0344205231118172,
        12.77280935852255
      ],
      [
        0.03479097738970742,
        0.00950536210027501,
        0.9993494063557609,
        3.3995156269335496
      ],
      [
        0.0,
        0.0,
        0.0,
        1.0
      ]
    ],
    "location": [
      -6.71420643759518,
      12.77280935852255,
      3.3995156269335496
    ],
    "rotation": [
      0.009511263434641294,
      -0.03479799978542239,
      1.6071691745681846
    ]
  },
  {
    "label_id": "yprhc4wCTTWWmKyZH8Fnbw",
    "size": [
      2.121634649929361,
      4.232958032311484,
      1.6466765708208584
    ],
    "obj_class": "vehicle",
    "point_num_in_lidar": 45,
    "speed": 1.2476300775572728,
    "if_vehicle": true,
    "motion_state": true,
    "pose": [
      [
        -0.9941102012452829,
        0.10783745256155475,
        0.010769939883645371,
        16.987542456304254
      ],
      [
        -0.10814836207767227,
        -0.9935387055211415,
        -0.0344205231118172,
        4.793309137327498
      ],
      [
        0.00698853060232305,
        -0.03538254451574775,
        0.9993494063557609,
        0.9246466177308719
      ],
      [
        0.0,
        0.0,
        0.0,
        1.0
      ]
    ],
    "location": [
      16.987542456304254,
      4.793309137327498,
      0.9246466177308719
    ],
    "rotation": [
      -0.03539079599715086,
      -0.006988587489699905,
      -3.033229699064223
    ]
  }
]