[
  {
    "label_id": "-kZBe1CSBNx4Vln1QEyrHA",
    "size": [
      2.1535971384174455,
      4.662434529255965,
      1.5800000000000125
    ],
    "obj_class": "vehicle",
    "point_num_in_lidar": 151,
    "speed": 0.00786133524253597,
    "if_vehicle": true,
    "motion_state": false,
    "pose": [
      [
        -0.057152362041208486,
        -0.9982612650994968,
        0.014424081082098958,
        10.077422736936228
      ],
      [
        0.9977488073360953,
        -0.057618819899214135,
        -0.034313103223422466,
        -12.40922637164715
      ],
      [
        0.03508454036338445,
        0.012430534798400972,
        0.9993070383181115,
        1.1036540651271878
      ],
      [
        0.0,
        0.0,
        0.0,
        1.0
      ]
    ],
    "location": [
      10.077422736936228,
      -12.40922637164715,
      1.1036540651271878
    ],
    "rotation": [
      0.012438513134706583,
      -0.035091742092733275,
      1.6280151136523036
    ]
  },
  {
    "label_id": "5oX9fmLl0Z74-llNDr8wpg",
    "size": [
      2.013978879816806,
      4.430995565915478,
      1.8100000000000023
    ],
    "obj_class": "vehicle",
    "point_num_in_lidar": 160,
    "speed": 0.04237600291509874,
    "if_vehicle": true,
    "motion_state": false,
    "pose": [
      [
        -0.9953167685352078,
        0.09558491595209345,
        0.014424081082098958,
        -2.0973277489712245
      ],
      [
        -0.09603127605811808,
        -0.9947867133038258,
        -0.034313103223422466,
        -12.428680546558013
      ],
      [
        0.011069069124422772,
        -0.03553756993103159,
        0.9993070383181115,
        1.205817416949344
      ],
      [
        0.0,
        0.0,
        0.0,
        1.0
      ]
    ],
    "location": [
      -2.0973277489712245,
      -12.428680546558013,
      1.205817416949344
    ],
    "rotation": [
      -0.035547233047434894,
      -0.011069295175194782,
      -3.0454072505118575
    ]
  },
  {
    "label_id": "6_1JJIYW81d3Ggc94_e4oQ",
    "size": [
      2.1065520253788157,
      4.845271544164966,
      1.4721932968977
    ],
    "obj_class": "vehicle",
    "point_num_in_lidar": 84,
    "speed": 0.004468499295839458,
    "if_vehicle": true,
    "motion_state": false,
    "pose": [
      [
        0.9993721010508809,
        -0.03236277994988805,
        0.014424081082098958,
        23.35310465872385
      ],
      [
        0.0328418108712786,
        0.998871376307217,
        -0.034313103223422466,
        -2.253673706642445
      ],
      [
        -0.013297334313425661,
        0.034765271004857747,
        0.9993070383181115,
        0.6915487787617565
      ],
      [
        0.0,
        0.0,
        0.0,
        1.0
      ]
    ],
    "location": [
      23.35310465872385,
      -2.253673706642445,
      0.6915487787617565
    ],
    "rotation": [
      0.03477535368941124,
      0.013297726215056795,
      0.0328506229991374
    ]
  },
  {
    "label_id": "8OfIKSWREwC1OC68A-zLAw",
    "size": [
      2.2308369026882606,
      4.909505990367738,
      1.4753320494008335
    ],
    "obj_class": "vehicle",
    "point_num_in_lidar": 292,
    "speed": 8.620790474795054,
    "if_vehicle": true,
    "motion_state": true,
    "pose": [
      [
        -0.9960996233090074,
        0.08704875834031713,
        0.014424081082098958,
        -6.969956913554711
      ],
      [
        -0.08749964609797008,
        -0.9955734141086275,
        -0.034313103223422466,
        3.4041348187774503
      ],
      [
        0.011373318617882867,
        -0.03544137118538629,
        0.9993070383181115,
        0.9426743143847034
      ],
      [
        0.0,
        0.0,
        0.0,
        1.0
      ]
    ],
    "location": [
      -6.969956913554711,
      3.4041348187774503,
      0.9426743143847034
    ],
    "rotation": [
      -0.03545108885544616,
      -0.011373563826454807,
      -3.0539752872794845
    ]
  },
  {
    "label_id": "B7SandOJCoy-G7aLDvDcaw",
    "size": [
      0.4393943099284462,
      0.06778819648743653,
      0.1699999999999875
    ],
    "obj_class": "sign",
    "point_num_in_lidar": 28,
    "speed": 0.007941220307836297,
    "if_vehicle": false,
    "motion_state": false,
    "pose": [
      [
        -0.9963802249568662,
        0.08377585093475298,
        0.014424081082098958,
        -11.22003712576543
      ],
      [
        -0.08422846498870731,
        -0.9958554998757726,
        -0.034313103223422466,
        -6.538633274599533
      ],
      [
        0.011489691055508101,
        -0.03540381571713969,
        0.9993070383181115,
        2.44672001560275
      ],
      [
        0.0,
        0.0,
        0.0,
        1.0
      ]
    ],
    "location": [
      -11.22003712576543,
      -6.538633274599533,
      2.44672001560275
    ],
    "rotation": [
      -0.03541355450660154,
      -0.011489943868625575,
      -3.057258697078747
    ]
  },
  {
    "label_id": "B9tn9-kjeoeV8sqY20oAJw",
    "size": [
      0.741001425428828,
      0.0564697773877908,
      0.7199999999999989
    ],
    "obj_class": "sign",
    "point_num_in_lidar": 57,
    "speed": 0.007879963930062255,
    "if_vehicle": false,
    "motion_state": false,
    "pose": [
      [
        -0.03634114016911541,
        -0.9992353413566526,
        0.014424081082098958,
        -6.711587064320838
      ],
      [
        0.9987327135032015,
        -0.03681817385084122,
        -0.034313103223422466,
        12.769678427707959
      ],
      [
        0.03481793373738195,
        0.013158824345035167,
        0.9993070383181115,
        2.7056127310525824
      ],
      [
        0.0,
        0.0,
        0.0,
        1.0
      ]
    ],
    "location": [
      -6.711587064320838,
      12.769678427707959,
      2.7056127310525824
    ],
    "rotation": [
      0.013167188223428796,
      -0.03482497247473342,
      1.6071675334861624
    ]
  },
  {
    "label_id": "M7QqgrsM8fak_dnz6nI4cg",
    "size": [
      2.026613463062887,
      4.768749904609435,
      1.4399999999999977
    ],
    "obj_class": "vehicle",
    "point_num_in_lidar": 3199,
    "speed": 0.09529376705499139,
    "if_vehicle": true,
    "motion_state": false,
    "pose": [
      [
        -0.9946868345742443,
        0.10193158004076558,
        0.014424081082098958,
        -24.145024506600066
      ],
      [
        -0.10237455011968612,
        -0.994153943026416,
        -0.034313103223422466,
        6.078200616778929
      ],
      [
        0.010842168254636075,
        -0.03560745084139515,
        0.9993070383181115,
        0.7040063737824767
      ],
      [
        0.0,
        0.0,
        0.0,
        1.0
      ]
    ],
    "location": [
      -24.145024506600066,
      6.078200616778929,
      0.7040063737824767
    ],
    "rotation": [
      -0.03561707391665208,
      -0.010842380686740826,
      -3.0390323817067313
    ]
  },
  {
    "label_id": "Q175aDJRl7PlCgCobA9ChQ",
    "size": [
      0.8168809500625271,
      0.09569916411282975,
      0.8100000000000023
    ],
    "obj_class": "sign",
    "point_num_in_lidar": 48,
    "speed": 0.0010810877599757194,
    "if_vehicle": false,
    "motion_state": false,
    "pose": [
      [
        -0.9979532632204657,
        -0.062299520965742046,
        0.014424081082098958,
        14.60957393479191
      ],
      [
        0.06177528040477043,
        -0.9975000880591894,
        -0.034313103223422466,
        10.724638678144942
      ],
      [
        0.01652571204323388,
        -0.033351821679607326,
        0.9993070383181115,
        2.973637585523676
      ],
      [
        0.0,
        0.0,
        0.0,
        1.0
      ]
    ],
    "location": [
      14.60957393479191,
      10.724638678144942,
      2.973637585523676
    ],
    "rotation": [
      -0.03336256553927834,
      -0.016526464328698254,
      3.0797695613078013
    ]
  },
  {
    "label_id": "T3cNiktshsWqVrlPYROiKA",
    "size": [
      2.097513946648858,
      4.8260551870852515,
      1.4499999999999886
    ],
    "obj_class": "vehicle",
    "point_num_in_lidar": 4363,
    "speed": 0.07360338762292844,
    "if_vehicle": true,
    "motion_state": false,
    "pose": [
      [
        0.996592942356516,
        -0.0812062382463254,
        0.014424081082098958,
        -16.890873911992458
      ],
      [
        0.08166020388740203,
        0.9960693861615498,
        -0.034313103223422466,
        -5.4609219394767194
      ],
      [
        -0.011580947554058732,
        0.03537406990486607,
        0.9993070383181115,
        0.6687505603415218
      ],
      [
        0.0,
        0.0,
        0.0,
        1.0
      ]
    ],
    "location": [
      -16.890873911992458,
      -5.4609219394767194,
      0.6687505603415218
    ],
    "rotation": [
      0.03538382535110153,
      0.011581206439272596,
      0.08175672928399953
    ]
  },
  {
    "label_id": "_SFSfPAKVug3laTRe36P7A",
    "size": [
      1.5124769999564232,
      4.834983194317003,
      1.5800000000000125
    ],
    "obj_class": "vehicle",
    "point_num_in_lidar": 392,
    "speed": 1.7763568394002505e-14,
    "if_vehicle": true,
    "motion_state": false,
    "pose": [
      [
        0.9958044002772973,
        0.0903633901162938,
        0.014424081082098958,
        -4.071180151369845
      ],
      [
        -0.08982660210971338,
        0.9953661600137921,
        -0.034313103223422466,
        13.389026192550403
      ],
      [
        -0.017457890531095206,
        0.03287347298489326,
        0.9993070383181115,
        2.4209153114270237
      ],
      [
        0.0,
        0.0,
        0.0,
        1.0
      ]
    ],
    "location": [
      -4.071180151369845,
      13.389026192550403,
      2.4209153114270237
    ],
    "rotation": [
      0.03288441014607918,
      0.017458777449398864,
      -0.08996158923259823
    ]
  },
  {
    "label_id": "_cqh80UXdkf7A2Uf9Nd09w",
    "size": [
      2.74464873197709,
      7.000101787777974,
      2.3102425954895978
    ],
    "obj_class": "vehicle",
    "point_num_in_lidar": 1200,
    "speed": 3.7221458391556904e-14,
    "if_vehicle": true,
    "motion_state": false,
    "pose": [
      [
        0.9986790493949513,
        -0.04931634804538442,
        0.014424081082098958,
        -3.010429185805492
      ],
      [
        0.04978681325567973,
        0.9981702681271482,
        -0.034313103223422466,
        13.273276314099348
      ],
      [
        -0.012705491940122937,
        0.03498590634017763,
        0.9993070383181115,
        1.1274101602529356
      ],
      [
        0.0,
        0.0,
        0.0,
        1.0
      ]
    ],
    "location": [
      -3.010429185805492,
      13.273276314099348,
      1.1274101602529356
    ],
    "rotation": [
      0.03499587342994112,
      0.012705833805213455,
      0.049811428224297356
    ]
  },
  {
    "label_id": "djwJETMnF8x4cVGX3MsC8A",
    "size": [
      1.9823390091466793,
      4.458846597593478,
      1.4782598895759236
    ],
    "obj_class": "vehicle",
    "point_num_in_lidar": 27,
    "speed": 0.00822415392469168,
    "if_vehicle": true,
    "motion_state": false,
    "pose": [
      [
        -0.9961133811619112,
        0.08689118341421184,
        0.014424081082098958,
        18.076827498455373
      ],
      [
        -0.08734215440769907,
        -0.9955872432944289,
        -0.034313103223422466,
        9.44936756632525
      ],
      [
        0.01137892497588504,
        -0.03543957158710288,
        0.9993070383181115,
        0.5860345076937108
      ],
      [
        0.0,
        0.0,
        0.0,
        1.0
      ]
    ],
    "location": [
      18.076827498455373,
      9.44936756632525,
      0.5860345076937108
    ],
    "rotation": [
      -0.03544929027144958,
      -0.01137917054726883,
      -3.0541333889616684
    ]
  },
  {
    "label_id": "hIXIgHw3ha67NHMRblswLg",
    "size": [
      2.014083700009063,
      3.9843474780506,
      1.6662575940847546
    ],
    "obj_class": "vehicle",
    "point_num_in_lidar": 108,
    "speed": 0.029531937979773052,
    "if_vehicle": true,
    "motion_state": false,
    "pose": [
      [
        -0.05715236204119784,
        -0.9982612650994974,
        0.014424081082098958,
        10.31677688620573
      ],
      [
        0.9977488073360959,
        -0.057618819899203505,
        -0.034313103223422466,
        -16.8718562367134
      ],
      [
        0.03508454036338432,
        0.012430534798401347,
        0.9993070383181115,
        1.7522803034853212
      ],
      [
        0.0,
        0.0,
        0.0,
        1.0
      ]
    ],
    "location": [
      10.31677688620573,
      -16.8718562367134,
      1.7522803034853212
    ],
    "rotation": [
      0.012438513134706957,
      -0.03509174209273314,
      1.628015113652293
    ]
  },
  {
    "label_id": "nsj7sgrIH9erlwVfmWHNxQ",
    "size": [
      2.1981467431112782,
      4.580517552099105,
      1.710000000000008
    ],
    "obj_class": "vehicle",
    "point_num_in_lidar": 3262,
    "speed": 0.08666652224641397,
    "if_vehicle": true,
    "motion_state": false,
    "pose": [
      [
        -0.9974827992968861,
        0.0694262989924213,
        0.014424081082098958,
        -18.666043140106012
      ],
      [
        -0.06988641851684935,
        -0.9969646430310689,
        -0.034313103223422466,
        6.485298772285731
      ],
      [
        0.011998067083318837,
        -0.03523477762308699,
        0.9993070383181115,
        0.8247183607505519
      ],
      [
        0.0,
        0.0,
        0.0,
        1.0
      ]
    ],
    "location": [
      -18.666043140106012,
      6.485298772285731,
      0.8247183607505519
    ],
    "rotation": [
      -0.0352446102371752,
      -0.011998354962820226,
      -3.071644177755929
    ]
  },
  {
    "label_id": "p_DEk8_sjwYUYGBZau4oJg",
    "size": [
      1.8965503319773422,
      4.0060659652564485,
      1.4045306017165728
    ],
    "obj_class": "vehicle",
    "point_num_in_lidar": 23,
    "speed": 1.451564383474455e-29,
    "if_vehicle": true,
    "motion_state": false,
    "pose": [
      [
        -0.07460962565025327,
        -0.9971084944203745,
        0.014424081082098958,
        6.555915992543532
      ],
      [
        0.9965879537520478,
        -0.0750670459221953,
        -0.034313103223422466,
        28.622488995439284
      ],
      [
        0.03529665985097307,
        0.011814777663964575,
        0.9993070383181115,
        0.3232737208440142
      ],
      [
        0.0,
        0.0,
        0.0,
        1.0
      ]
    ],
    "location": [
      6.555915992543532,
      28.622488995439284,
      0.3232737208440142
    ],
    "rotation": [
      0.011822419693725132,
      -0.03530399304492524,
      1.6455219966262915
    ]
  },
  {
    "label_id": "uqe6oM-asNiPJc4ACa3Mmg",
    "size": [
      2.0642461424284826,
      4.773214041914815,
      1.4399999999999977
    ],
    "obj_class": "vehicle",
    "point_num_in_lidar": 4573,
    "speed": 0.057510037976365246,
    "if_vehicle": true,
    "motion_state": false,
    "pose": [
      [
        0.9980242071442993,
        -0.06115249658787286,
        0.014424081082098958,
        -27.73373473923357
      ],
      [
        0.06161689699403215,
        0.9975098841374984,
        -0.034313103223422466,
        -6.186955143610106
      ],
      [
        -0.012289831521204744,
        0.03513407475748597,
        0.9993070383181115,
        0.755826651310116
      ],
      [
        0.0,
        0.0,
        0.0,
        1.0
      ]
    ],
    "location": [
      -27.73373473923357,
      -6.186955143610106,
      0.755826651310116
    ],
    "rotation": [
      0.03514396230938487,
      0.012290140918175436,
      0.06166061600232752
    ]
  },
  {
    "label_id": "wXzm9HyGat82X2noN_2ETQ",
    "size": [
      0.4928979879514994,
      0.060914065595576425,
      0.612229061401024
    ],
    "obj_class": "sign",
    "point_num_in_lidar": 24,
    "speed": 0.008391109258330925,
    "if_vehicle": false,
    "motion_state": false,
    "pose": [
      [
        -0.036341140171664316,
        -0.9992353413565598,
        0.014424081082098958,
        -6.711501903699514
      ],
      [
        0.9987327135031077,
        -0.03681817385338884,
        -0.034313103223422466,
        12.77082079815564
      ],
      [
        0.03481793373741552,
        0.01315882434494635,
        0.9993070383181115,
        3.3956127310525233
      ],
      [
        0.0,
        0.0,
        0.0,
        1.0
      ]
    ],
    "location": [
      -6.711501903699514,
      12.77082079815564,
      3.3956127310525233
    ],
    "rotation": [
      0.013167188223339933,
      -0.034824972474767006,
      1.6071675334887146
    ]
  },
  {
    "label_id": "yprhc4wCTTWWmKyZH8Fnbw",
    "size": [
      2.121634649929331,
      4.232958032311484,
      1.6466765708208584
    ],
    "obj_class": "vehicle",
    "point_num_in_lidar": 63,
    "speed": 1.2174925121088784,
    "if_vehicle": true,
    "motion_state": true,
    "pose": [
      [
        -0.9945217563506968,
        0.10352981227676525,
        0.014424081082098958,
        16.51382100464616
      ],
      [
        -0.10397192547951661,
        -0.9939881536815519,
        -0.034313103223422466,
        4.747197487969274
      ],
      [
        0.010784936587994348,
        -0.035624827166979366,
        0.9993070383181115,
        0.9207249165484086
      ],
      [
        0.0,
        0.0,
        0.0,
        1.0
      ]
    ],
    "location": [
      16.51382100464616,
      4.747197487969274,
      0.9207249165484086
    ],
    "rotation": [
      -0.035634440231817464,
      -0.010785145673664967,
      -3.037426405174466
    ]
  }
]