[
  {
    "label_id": "-kZBe1CSBNx4Vln1QEyrHA",
    "size": [
      2.153597138417445,
      4.662434529255965,
      1.5800000000000125
    ],
    "obj_class": "vehicle",
    "point_num_in_lidar": 277,
    "speed": 0.00786133524256389,
    "if_vehicle": true,
    "motion_state": false,
    "pose": [
      [
        -0.05715250837850864,
        -0.9982638211243887,
        0.014245498242563074,
        10.08827757387121
      ],
      [
        0.9977396216187749,
        -0.05761601781953574,
        -0.03458383932767968,
        -12.375556543789571
      ],
      [
        0.035344564476993114,
        0.012236744859369597,
        0.9993002671055273,
        1.1036540651271878
      ],
      [
        0.0,
        0.0,
        0.0,
        1.0
      ]
    ],
    "location": [
      10.08827757387121,
      -12.375556543789571,
      1.1036540651271878
    ],
    "rotation": [
      0.01224470131077321,
      -0.03535192758054174,
      1.6280157854787318
    ]
  },
  {
    "label_id": "5oX9fmLl0Z74-llNDr8wpg",
    "size": [
      2.0139788798168046,
      4.430995565915478,
      1.8100000000000023
    ],
    "obj_class": "vehicle",
    "point_num_in_lidar": 2042,
    "speed": 0.0019899795599965086,
    "if_vehicle": true,
    "motion_state": false,
    "pose": [
      [
        -0.9953193170207842,
        0.09558516069506076,
        0.014245498242563074,
        -2.005888489353083
      ],
      [
        -0.0960281220242168,
        -0.9947776424095283,
        -0.03458383932767968,
        -12.386034553133129
      ],
      [
        0.01086540131709755,
        -0.03578993178311529,
        0.9993002671055273,
        1.1324026376838958
      ],
      [
        0.0,
        0.0,
        0.0,
        1.0
      ]
    ],
    "location": [
      -2.005888489353083,
      -12.386034553133129,
      1.1324026376838958
    ],
    "rotation": [
      -0.03579969102587428,
      -0.010865615117805072,
      -3.0454106349161223
    ]
  },
  {
    "label_id": "6OjFlL7Q_guovcwo3zdcBQ",
    "size": [
      2.1550294496027784,
      4.70536948148588,
      1.755650015166566
    ],
    "obj_class": "vehicle",
    "point_num_in_lidar": 57,
    "speed": 0.017920467485033134,
    "if_vehicle": true,
    "motion_state": false,
    "pose": [
      [
        -0.07460981668649458,
        -0.9971110474936223,
        0.014245498242563074,
        7.212961238970479
      ],
      [
        0.9965788184672248,
        -0.07506408355416931,
        -0.03458383932767968,
        22.73385106217745
      ],
      [
        0.03555325352872435,
        0.011616467894497074,
        0.9993002671055273,
        0.6651283878553329
      ],
      [
        0.0,
        0.0,
        0.0,
        1.0
      ]
    ],
    "location": [
      7.212961238970479,
      22.73385106217745,
      0.6651283878553329
    ],
    "rotation": [
      0.01162407843722012,
      -0.03556074787831714,
      1.645522869686531
    ]
  },
  {
    "label_id": "6_1JJIYW81d3Ggc94_e4oQ",
    "size": [
      2.1065520253788166,
      4.845271544164966,
      1.4721932968977
    ],
    "obj_class": "vehicle",
    "point_num_in_lidar": 147,
    "speed": 0.0044684992958207775,
    "if_vehicle": true,
    "motion_state": false,
    "pose": [
      [
        0.9993746599200427,
        -0.03236286281403678,
        0.014245498242563074,
        23.351115026403022
      ],
      [
        0.03283923759924438,
        0.9988621238846018,
        -0.03458383932767968,
        -2.2336639509386487
      ],
      [
        -0.013110056582616528,
        0.03503002396833643,
        0.9993002671055273,
        0.6915487787617565
      ],
      [
        0.0,
        0.0,
        0.0,
        1.0
      ]
    ],
    "location": [
      23.351115026403022,
      -2.2336639509386487,
      0.6915487787617565
    ],
    "rotation": [
      0.03504020477118544,
      0.013110432157066358,
      0.032847966841869615
    ]
  },
  {
    "label_id": "9dK1E7yukLqZV3xaj_wIig",
    "size": [
      2.0955586239767534,
      4.606271177782434,
      1.8262575940847512
    ],
    "obj_class": "vehicle",
    "point_num_in_lidar": 427,
    "speed": 0.0023114316085530153,
    "if_vehicle": true,
    "motion_state": false,
    "pose": [
      [
        -0.0168075181246855,
        -0.9997572570950959,
        0.014245498242563074,
        10.867299932927608
      ],
      [
        0.9992521960615032,
        -0.017291810883203897,
        -0.03458383932767968,
        -22.234263632106604
      ],
      [
        0.03482177480760596,
        0.01365357689655025,
        0.9993002671055273,
        2.2555207047828674
      ],
      [
        0.0,
        0.0,
        0.0,
        1.0
      ]
    ],
    "location": [
      10.867299932927608,
      -22.234263632106604,
      2.2555207047828674
    ],
    "rotation": [
      0.013662287320947231,
      -0.03482881587557642,
      1.5876148371002607
    ]
  },
  {
    "label_id": "B9tn9-kjeoeV8sqY20oAJw",
    "size": [
      0.7410014254288274,
      0.0564697773877908,
      0.7199999999999989
    ],
    "obj_class": "sign",
    "point_num_in_lidar": 188,
    "speed": 0.00388110693964715,
    "if_vehicle": false,
    "motion_state": false,
    "pose": [
      [
        -0.03634123321975863,
        -0.9992378998756444,
        0.014245498242563074,
        -6.689985304252787
      ],
      [
        0.9987234713984046,
        -0.03681556376422283,
        -0.03458383932767968,
        12.75042544342665
      ],
      [
        0.03508193902832957,
        0.012970494085970596,
        0.9993002671055273,
        2.6605639487136443
      ],
      [
        0.0,
        0.0,
        0.0,
        1.0
      ]
    ],
    "location": [
      -6.689985304252787,
      12.75042544342665,
      2.6605639487136443
    ],
    "rotation": [
      0.01297884750899636,
      -0.035089139155293596,
      1.6071679628119377
    ]
  },
  {
    "label_id": "FJYkxRLHRb93ZMGg32MbWQ",
    "size": [
      2.209120146936162,
      4.612479673477537,
      1.9199999999999875
    ],
    "obj_class": "vehicle",
    "point_num_in_lidar": 978,
    "speed": 3.580361673049448e-14,
    "if_vehicle": true,
    "motion_state": false,
    "pose": [
      [
        -0.9968662514494877,
        0.0778122259087092,
        0.014245498242563074,
        -2.0495949042256143
      ],
      [
        -0.07826478087412048,
        -0.9963325660300797,
        -0.03458383932767968,
        -19.595771345239683
      ],
      [
        0.011502208299833947,
        -0.03559038306971228,
        0.9993002671055273,
        2.00108520490744
      ],
      [
        0.0,
        0.0,
        0.0,
        1.0
      ]
    ],
    "location": [
      -2.0495949042256143,
      -19.595771345239683,
      2.00108520490744
    ],
    "rotation": [
      -0.03560025697701412,
      -0.011502461940153341,
      -3.0632425577777878
    ]
  },
  {
    "label_id": "JCDdYUT-UV2oxkxdT7TaPw",
    "size": [
      3.5590816235393232,
      6.254139630824458,
      2.4000000000000057
    ],
    "obj_class": "vehicle",
    "point_num_in_lidar": 127,
    "speed": 0.03094320246353801,
    "if_vehicle": true,
    "motion_state": false,
    "pose": [
      [
        -0.1046928177828385,
        -0.9944025742547686,
        0.014245498242563074,
        5.371878218298207
      ],
      [
        0.993856867246817,
        -0.1051308017837786,
        -0.03458383932767968,
        55.73318330130445
      ],
      [
        0.035887899507108044,
        0.010537306666760041,
        0.9993002671055273,
        0.5385376253080381
      ],
      [
        0.0,
        0.0,
        0.0,
        1.0
      ]
    ],
    "location": [
      5.371878218298207,
      55.73318330130445,
      0.5385376253080381
    ],
    "rotation": [
      0.010544294333347286,
      -0.03589560756017148,
      1.6757492006181611
    ]
  },
  {
    "label_id": "M1ux1dJCnlFsX4da4hqWLg",
    "size": [
      2.0481922760723155,
      4.507813116800472,
      1.3662575940847432
    ],
    "obj_class": "vehicle",
    "point_num_in_lidar": 48,
    "speed": 0.01706415043054391,
    "if_vehicle": true,
    "motion_state": false,
    "pose": [
      [
        -0.09523603532721629,
        -0.9953527833662668,
        0.014245498242563074,
        11.49675267157238
      ],
      [
        0.9948112641620201,
        -0.09567918662760827,
        -0.03458383932767968,
        -28.59510791580007
      ],
      [
        0.03578611841925119,
        0.010877954371340334,
        0.9993002671055273,
        2.8050910633031947
      ],
      [
        0.0,
        0.0,
        0.0,
        1.0
      ]
    ],
    "location": [
      11.49675267157238,
      -28.59510791580007,
      2.8050910633031947
    ],
    "rotation": [
      0.010885141429930127,
      -0.035793761050970374,
      1.666238235850702
    ]
  },
  {
    "label_id": "NjQjKUN8pI-ZQimlGuoBsQ",
    "size": [
      1.9460049702311937,
      4.277104600442166,
      1.4499999999999886
    ],
    "obj_class": "vehicle",
    "point_num_in_lidar": 266,
    "speed": 0.010298983684059558,
    "if_vehicle": true,
    "motion_state": false,
    "pose": [
      [
        -0.9983775009388024,
        0.05513103843583002,
        0.014245498242563074,
        -5.487304250199941
      ],
      [
        -0.05559560836160805,
        -0.9978542410534016,
        -0.03458383932767968,
        23.69746383366045
      ],
      [
        0.012308287862027464,
        -0.035319714222047424,
        0.9993002671055273,
        0.2584759134357455
      ],
      [
        0.0,
        0.0,
        0.0,
        1.0
      ]
    ],
    "location": [
      -5.487304250199941,
      23.69746383366045,
      0.2584759134357455
    ],
    "rotation": [
      -0.03532973913616313,
      -0.012308598655073255,
      -3.0859641473025112
    ]
  },
  {
    "label_id": "Q175aDJRl7PlCgCobA9ChQ",
    "size": [
      0.8168809500625247,
      0.09569916411282975,
      0.8100000000000023
    ],
    "obj_class": "sign",
    "point_num_in_lidar": 77,
    "speed": 0.0010810877600514234,
    "if_vehicle": false,
    "motion_state": false,
    "pose": [
      [
        -0.9979558184567257,
        -0.06229968048223135,
        0.014245498242563074,
        14.614238614066153
      ],
      [
        0.061776967079460066,
        -0.9974906337383929,
        -0.03458383932767968,
        10.72325722919112
      ],
      [
        0.016364313209856676,
        -0.033633100005669145,
        0.9993002671055273,
        2.9749381856486536
      ],
      [
        0.0,
        0.0,
        0.0,
        1.0
      ]
    ],
    "location": [
      14.614238614066153,
      10.72325722919112,
      2.9749381856486536
    ],
    "rotation": [
      -0.033643950885472784,
      -0.016365043666493693,
      3.0797680355230863
    ]
  },
  {
    "label_id": "T3cNiktshsWqVrlPYROiKA",
    "size": [
      2.0975139466488595,
      4.8260551870852515,
      1.4499999999999886
    ],
    "obj_class": "vehicle",
    "point_num_in_lidar": 4392,
    "speed": 0.013258059447736815,
    "if_vehicle": true,
    "motion_state": false,
    "pose": [
      [
        0.9965954941097063,
        -0.08120644617302085,
        0.014245498242563074,
        -16.73588662318923
      ],
      [
        0.081657181132563,
        0.9960602706798626,
        -0.03458383932767968,
        -5.4152281744071615
      ],
      [
        -0.011380944148637263,
        0.0356293456732962,
        0.9993002671055273,
        0.5897096646930038
      ],
      [
        0.0,
        0.0,
        0.0,
        1.0
      ]
    ],
    "location": [
      -16.73588662318923,
      -5.4152281744071615,
      0.5897096646930038
    ],
    "rotation": [
      0.03563919741501544,
      0.011381189850778128,
      0.08175350802654169
    ]
  },
  {
    "label_id": "YKPb1MkzJMFBs5crX5wDgA",
    "size": [
      2.1866969615546465,
      4.975542376081814,
      1.5300000000000011
    ],
    "obj_class": "vehicle",
    "point_num_in_lidar": 80,
    "speed": 7.087173490417719,
    "if_vehicle": true,
    "motion_state": true,
    "pose": [
      [
        -0.9976890652109813,
        0.0664348924757127,
        0.014245498242563074,
        31.313600669794027
      ],
      [
        -0.06689350628557476,
        -0.9971605772763878,
        -0.03458383932767968,
        5.811634314467938
      ],
      [
        0.01190747560401224,
        -0.03545684965646955,
        0.9993002671055273,
        0.697986011006293
      ],
      [
        0.0,
        0.0,
        0.0,
        1.0
      ]
    ],
    "location": [
      31.313600669794027,
      5.811634314467938,
      0.697986011006293
    ],
    "rotation": [
      -0.03546679871138952,
      -0.011907757011443755,
      -3.074644404557593
    ]
  },
  {
    "label_id": "ZFvMr9wN9-CPPx0LnQsiyw",
    "size": [
      0.9106749139703639,
      0.6788900799441303,
      1.740000000000009
    ],
    "obj_class": "pedestrian",
    "point_num_in_lidar": 30,
    "speed": 0.00706262140285462,
    "if_vehicle": false,
    "motion_state": false,
    "pose": [
      [
        -0.9706994151391914,
        -0.2398743655088074,
        0.014245498242563074,
        36.00535675074116
      ],
      [
        0.23927684630656376,
        -0.9703352765302014,
        -0.03458383932767968,
        -5.128994569216189
      ],
      [
        0.022118685992093642,
        -0.030161894715100245,
        0.9993002671055273,
        0.9440766380112962
      ],
      [
        0.0,
        0.0,
        0.0,
        1.0
      ]
    ],
    "location": [
      36.00535675074116,
      -5.128994569216189,
      0.9440766380112962
    ],
    "rotation": [
      -0.030173854050025924,
      -0.02212048993317631,
      2.8999113546008135
    ]
  },
  {
    "label_id": "_8n2ltih6YGV4VvLcYeuvA",
    "size": [
      0.41565201678288644,
      0.05391781688397976,
      0.18345640068281455
    ],
    "obj_class": "sign",
    "point_num_in_lidar": 36,
    "speed": 0.00369290556315975,
    "if_vehicle": false,
    "motion_state": false,
    "pose": [
      [
        -0.03634123322228002,
        -0.9992378998755527,
        0.014245498242563074,
        -6.688140027952386
      ],
      [
        0.9987234713983116,
        -0.036815563766742936,
        -0.03458383932767968,
        12.751239738591636
      ],
      [
        0.0350819390283623,
        0.012970494085882075,
        0.9993002671055273,
        2.1940511524124986
      ],
      [
        0.0,
        0.0,
        0.0,
        1.0
      ]
    ],
    "location": [
      -6.688140027952386,
      12.751239738591636,
      2.1940511524124986
    ],
    "rotation": [
      0.01297884750890779,
      -0.03508913915532635,
      1.6071679628144624
    ]
  },
  {
    "label_id": "_SFSfPAKVug3laTRe36P7A",
    "size": [
      1.5124769999564223,
      4.834983194317003,
      1.5800000000000125
    ],
    "obj_class": "vehicle",
    "point_num_in_lidar": 1032,
    "speed": 1.7763568394002505e-14,
    "if_vehicle": true,
    "motion_state": false,
    "pose": [
      [
        0.9958069500114434,
        0.09036362148966687,
        0.014245498242563074,
        -4.071180151369731
      ],
      [
        -0.08982802201335413,
        0.9953566619652101,
        -0.03458383932767968,
        13.389026192550347
      ],
      [
        -0.01730447254541475,
        0.03315918263085836,
        0.9993002671055273,
        2.4431995350390707
      ],
      [
        0.0,
        0.0,
        0.0,
        1.0
      ]
    ],
    "location": [
      -4.071180151369731,
      13.389026192550347,
      2.4431995350390707
    ],
    "rotation": [
      0.03317023075302401,
      0.017305336284109168,
      -0.0899627745030207
    ]
  },
  {
    "label_id": "_cqh80UXdkf7A2Uf9Nd09w",
    "size": [
      2.74464873197709,
      7.000101787777974,
      2.3102425954895978
    ],
    "obj_class": "vehicle",
    "point_num_in_lidar": 3148,
    "speed": 3.7221458391556904e-14,
    "if_vehicle": true,
    "motion_state": false,
    "pose": [
      [
        0.9986816064895703,
        -0.049316474318753224,
        0.014245498242563074,
        -3.0104291858052648
      ],
      [
        0.04978408335087875,
        0.9981610607022646,
        -0.03458383932767968,
        13.273276314099334
      ],
      [
        -0.012513748611981602,
        0.03524744329022689,
        0.9993002671055273,
        0.9653961933059065
      ],
      [
        0.0,
        0.0,
        0.0,
        1.0
      ]
    ],
    "location": [
      -3.0104291858052648,
      13.273276314099334,
      0.9653961933059065
    ],
    "rotation": [
      0.03525750764780573,
      0.01251407523112356,
      0.049808574162144174
    ]
  },
  {
    "label_id": "auXhaEEj7_TnIkSP3tzCWw",
    "size": [
      1.9383903580786987,
      4.5786654796276824,
      1.5670055110724945
    ],
    "obj_class": "vehicle",
    "point_num_in_lidar": 503,
    "speed": 0.19476956499253242,
    "if_vehicle": true,
    "motion_state": false,
    "pose": [
      [
        -0.34944736474870375,
        0.9368476957595656,
        0.014245498242563074,
        3.3588926671052377
      ],
      [
        -0.9365543716851262,
        -0.3488120796859474,
        -0.03458383932767968,
        14.329434332620508
      ],
      [
        -0.02743078831650482,
        -0.025426915171855476,
        0.9993002671055273,
        0.7414840464567192
      ],
      [
        0.0,
        0.0,
        0.0,
        1.0
      ]
    ],
    "location": [
      3.3588926671052377,
      14.329434332620508,
      0.7414840464567192
    ],
    "rotation": [
      -0.025439230554513814,
      0.027434229522806684,
      -1.9279179452066817
    ]
  },
  {
    "label_id": "eYuikztkR3GVWeq2x3R4vg",
    "size": [
      2.0826523780188437,
      4.727294552036573,
      1.6500000000000057
    ],
    "obj_class": "vehicle",
    "point_num_in_lidar": 62,
    "speed": 0.015968276263491878,
    "if_vehicle": true,
    "motion_state": false,
    "pose": [
      [
        -0.9986008210536892,
        0.05092608340250438,
        0.014245498242563074,
        -5.556657229015059
      ],
      [
        -0.05139285281250512,
        -0.9980795222511828,
        -0.03458383932767968,
        26.352527124312502
      ],
      [
        0.012456920594187192,
        -0.035267567142230644,
        0.9993002671055273,
        0.46244218158250305
      ],
      [
        0.0,
        0.0,
        0.0,
        1.0
      ]
    ],
    "location": [
      -5.556657229015059,
      26.352527124312502,
      0.46244218158250305
    ],
    "rotation": [
      -0.035277620553777665,
      -0.01245724278352616,
      -3.090173157314126
    ]
  },
  {
    "label_id": "hIXIgHw3ha67NHMRblswLg",
    "size": [
      2.014083700009067,
      3.9843474780506,
      1.6662575940847546
    ],
    "obj_class": "vehicle",
    "point_num_in_lidar": 430,
    "speed": 0.02953193797977647,
    "if_vehicle": true,
    "motion_state": false,
    "pose": [
      [
        -0.057152508378497995,
        -0.9982638211243894,
        0.014245498242563074,
        10.332572858089293
      ],
      [
        0.9977396216187756,
        -0.0576160178195251,
        -0.03458383932767968,
        -17.003809069996578
      ],
      [
        0.03534456447699298,
        0.012236744859369974,
        0.9993002671055273,
        1.7522803034853496
      ],
      [
        0.0,
        0.0,
        0.0,
        1.0
      ]
    ],
    "location": [
      10.332572858089293,
      -17.003809069996578,
      1.7522803034853496
    ],
    "rotation": [
      0.012244701310773586,
      -0.0353519275805416,
      1.6280157854787212
    ]
  },
  {
    "label_id": "hb0ASarWGWDxr2SxCcea0A",
    "size": [
      0.42880184881092265,
      0.07469978022218265,
      0.6044489512381972
    ],
    "obj_class": "sign",
    "point_num_in_lidar": 28,
    "speed": 0.009621595201676183,
    "if_vehicle": false,
    "motion_state": false,
    "pose": [
      [
        -0.8858337267347605,
        -0.4637840816145234,
        0.014245498242563074,
        25.910612602205106
      ],
      [
        0.463117120541435,
        -0.8856220924970013,
        -0.03458383932767968,
        -3.601225693528505
      ],
      [
        0.02865556212353322,
        -0.02403819714966078,
        0.9993002671055273,
        2.5162790732268263
      ],
      [
        0.0,
        0.0,
        0.0,
        1.0
      ]
    ],
    "location": [
      25.910612602205106,
      -3.601225693528505,
      2.5162790732268263
    ],
    "rotation": [
      -0.024050391085523704,
      -0.028659485284005942,
      2.6598689783268634
    ]
  },
  {
    "label_id": "hmBHz0-xRezKX2tSDNT3Gw",
    "size": [
      1.7247351383281262,
      3.647309105144183,
      1.3923338815695843
    ],
    "obj_class": "vehicle",
    "point_num_in_lidar": 43,
    "speed": 8.881784197001252e-14,
    "if_vehicle": true,
    "motion_state": false,
    "pose": [
      [
        -0.07460981668650699,
        -0.9971110474936214,
        0.014245498242563074,
        5.469483484186526
      ],
      [
        0.996578818467224,
        -0.07506408355418172,
        -0.03458383932767968,
        48.95112011296433
      ],
      [
        0.035553253528724495,
        0.011616467894496631,
        0.9993002671055273,
        -0.4153942193076148
      ],
      [
        0.0,
        0.0,
        0.0,
        1.0
      ]
    ],
    "location": [
      5.469483484186526,
      48.95112011296433,
      -0.4153942193076148
    ],
    "rotation": [
      0.011624078437219678,
      -0.035560747878317284,
      1.6455228696865434
    ]
  },
  {
    "label_id": "i4WEZxXNh4J1GX9xl5n5eQ",
    "size": [
      1.9322981237294694,
      4.718592850396311,
      1.4782598895759236
    ],
    "obj_class": "vehicle",
    "point_num_in_lidar": 40,
    "speed": 0.0014572508705854386,
    "if_vehicle": true,
    "motion_state": false,
    "pose": [
      [
        -0.9961159316871995,
        0.08689140589703859,
        0.014245498242563074,
        24.231105437006363
      ],
      [
        -0.08733907969175929,
        -0.9955781452080765,
        -0.03458383932767968,
        9.777777416324128
      ],
      [
        0.011177468297396478,
        -0.03569370203946809,
        0.9993002671055273,
        0.5860345076937392
      ],
      [
        0.0,
        0.0,
        0.0,
        1.0
      ]
    ],
    "location": [
      24.231105437006363,
      9.777777416324128,
      0.5860345076937392
    ],
    "rotation": [
      -0.03570351693239192,
      -0.011177701054801963,
      -3.0541366749137318
    ]
  },
  {
    "label_id": "nBHdqL99senel5XF57qANg",
    "size": [
      2.7901377658754356,
      6.283840489035793,
      3.4623338815695774
    ],
    "obj_class": "vehicle",
    "point_num_in_lidar": 47,
    "speed": 1.0660453750117864e-13,
    "if_vehicle": true,
    "motion_state": false,
    "pose": [
      [
        -0.07460981668650521,
        -0.9971110474936216,
        0.014245498242563074,
        3.663762307395814
      ],
      [
        0.9965788184672241,
        -0.07506408355417994,
        -0.03458383932767968,
        68.7648510134339
      ],
      [
        0.035553253528724474,
        0.011616467894496696,
        0.9993002671055273,
        0.5912884894324861
      ],
      [
        0.0,
        0.0,
        0.0,
        1.0
      ]
    ],
    "location": [
      3.663762307395814,
      68.7648510134339,
      0.5912884894324861
    ],
    "rotation": [
      0.011624078437219743,
      -0.03556074787831726,
      1.6455228696865416
    ]
  },
  {
    "label_id": "nsj7sgrIH9erlwVfmWHNxQ",
    "size": [
      2.198146743111278,
      4.580517552099105,
      1.710000000000008
    ],
    "obj_class": "vehicle",
    "point_num_in_lidar": 3295,
    "speed": 0.0039922620538318425,
    "if_vehicle": true,
    "motion_state": false,
    "pose": [
      [
        -0.9974853533285345,
        0.06942647675685396,
        0.014245498242563074,
        -18.48077293751237
      ],
      [
        -0.06988350366805965,
        -0.9969554924731764,
        -0.03458383932767968,
        6.509852225615461
      ],
      [
        0.011801093598694315,
        -0.03549239851991533,
        0.9993002671055273,
        0.790927521456382
      ],
      [
        0.0,
        0.0,
        0.0,
        1.0
      ]
    ],
    "location": [
      -18.48077293751237,
      6.509852225615461,
      0.790927521456382
    ],
    "rotation": [
      -0.035502327692911055,
      -0.011801367530671937,
      -3.071647264196654
    ]
  },
  {
    "label_id": "wXzm9HyGat82X2noN_2ETQ",
    "size": [
      0.49289798795150297,
      0.060914065595576425,
      0.612229061401024
    ],
    "obj_class": "sign",
    "point_num_in_lidar": 36,
    "speed": 0.003531192072589352,
    "if_vehicle": false,
    "motion_state": false,
    "pose": [
      [
        -0.0363412332223448,
        -0.9992378998755503,
        0.014245498242563074,
        -6.688081213466489
      ],
      [
        0.9987234713983092,
        -0.03681556376680768,
        -0.03458383932767968,
        12.750686159756711
      ],
      [
        0.03508193902836314,
        0.012970494085879799,
        0.9993002671055273,
        3.3496766651816188
      ],
      [
        0.0,
        0.0,
        0.0,
        1.0
      ]
    ],
    "location": [
      -6.688081213466489,
      12.750686159756711,
      3.3496766651816188
    ],
    "rotation": [
      0.012978847508905515,
      -0.03508913915532719,
      1.6071679628145272
    ]
  },
  {
    "label_id": "yprhc4wCTTWWmKyZH8Fnbw",
    "size": [
      2.1216346499293937,
      4.232958032311484,
      1.6466765708208584
    ],
    "obj_class": "vehicle",
    "point_num_in_lidar": 955,
    "speed": 6.805826429477937,
    "if_vehicle": true,
    "motion_state": true,
    "pose": [
      [
        -0.9978976671788653,
        0.06322429611154155,
        0.014245498242563074,
        -0.44568360521270733
      ],
      [
        -0.06368460805671536,
        -0.9973706576564301,
        -0.03458383932767968,
        3.6266679883835877
      ],
      [
        0.012021503052501456,
        -0.035418351559330506,
        0.9993002671055273,
        0.9096509546776872
      ],
      [
        0.0,
        0.0,
        0.0,
        1.0
      ]
    ],
    "location": [
      -0.44568360521270733,
      3.6266679883835877,
      0.9096509546776872
    ],
    "rotation": [
      -0.035428322044604256,
      -0.01202179262232901,
      -3.077860307255042
    ]
  },
  {
    "label_id": "zkifBz685RBOb_ccW22PWw",
    "size": [
      2.012493013272185,
      4.458576926140719,
      1.5999999999999943
    ],
    "obj_class": "vehicle",
    "point_num_in_lidar": 113,
    "speed": 0.01932117092703819,
    "if_vehicle": true,
    "motion_state": false,
    "pose": [
      [
        -0.9985537147623236,
        0.051841532714469826,
        0.014245498242563074,
        -1.4800028022252718
      ],
      [
        -0.052307824025868456,
        -0.9980319882664264,
        -0.03458383932767968,
        -22.05791549490513
      ],
      [
        0.012424583696973234,
        -0.035278972246630694,
        0.9993002671055273,
        1.6521911899723989
      ],
      [
        0.0,
        0.0,
        0.0,
        1.0
      ]
    ],
    "location": [
      -1.4800028022252718,
      -22.05791549490513,
      1.6521911899723989
    ],
    "rotation": [
      -0.03528901944188652,
      -0.01242490338359207,
      -3.0892569034433683
    ]
  }
]