[
  {
    "label_id": "-kZBe1CSBNx4Vln1QEyrHA",
    "size": [
      2.1535971384174446,
      4.662434529255965,
      1.5800000000000125
    ],
    "obj_class": "vehicle",
    "point_num_in_lidar": 203,
    "speed": 0.007861335242561997,
    "if_vehicle": true,
    "motion_state": false,
    "pose": [
      [
        -0.05714784743998902,
        -0.9981824100642204,
        0.01913112049411987,
        10.079111333518881
      ],
      [
        0.997923613881204,
        -0.057682267413545714,
        -0.028656881971175805,
        -12.40398863693079
      ],
      [
        0.029708321919176755,
        0.017453717782094338,
        0.9994062153820786,
        1.1036540651271878
      ],
      [
        0.0,
        0.0,
        0.0,
        1.0
      ]
    ],
    "location": [
      10.079111333518881,
      -12.40398863693079,
      1.1036540651271878
    ],
    "rotation": [
      0.017462312530824288,
      -0.029712693672567368,
      1.6280006032732361
    ]
  },
  {
    "label_id": "5oX9fmLl0Z74-llNDr8wpg",
    "size": [
      2.0139788798168077,
      4.430995565915478,
      1.8100000000000023
    ],
    "obj_class": "vehicle",
    "point_num_in_lidar": 790,
    "speed": 0.04237600291473533,
    "if_vehicle": true,
    "motion_state": false,
    "pose": [
      [
        -0.9952381460927292,
        0.09557736547188908,
        0.01913112049411987,
        -2.070797296064711
      ],
      [
        -0.09610141382940585,
        -0.994958944567905,
        -0.028656881971175805,
        -12.415409304757844
      ],
      [
        0.016295730173787062,
        -0.0303589498134168,
        0.9994062153820786,
        1.1810553560527808
      ],
      [
        0.0,
        0.0,
        0.0,
        1.0
      ]
    ],
    "location": [
      -2.070797296064711,
      -12.415409304757844,
      1.1810553560527808
    ],
    "rotation": [
      -0.030367648800958925,
      -0.016296451484075606,
      -3.04532987598467
    ]
  },
  {
    "label_id": "6_1JJIYW81d3Ggc94_e4oQ",
    "size": [
      2.1065520253788166,
      4.845271544164966,
      1.4721932968977
    ],
    "obj_class": "vehicle",
    "point_num_in_lidar": 108,
    "speed": 0.004468499295815505,
    "if_vehicle": true,
    "motion_state": false,
    "pose": [
      [
        0.9992931582680269,
        -0.03236022353680451,
        0.01913112049411987,
        23.352795148193422
      ],
      [
        0.03290090100037326,
        0.999047703480196,
        -0.028656881971175805,
        -2.250560955589549
      ],
      [
        -0.018185558888198297,
        0.029266057192493592,
        0.9994062153820786,
        0.691548778761728
      ],
      [
        0.0,
        0.0,
        0.0,
        1.0
      ]
    ],
    "location": [
      23.352795148193422,
      -2.250560955589549,
      0.691548778761728
    ],
    "rotation": [
      0.029275079174261,
      0.018186561408895806,
      0.03291228429735984
    ]
  },
  {
    "label_id": "8OfIKSWREwC1OC68A-zLAw",
    "size": [
      2.2308369026882318,
      4.909505990367738,
      1.4753320494008335
    ],
    "obj_class": "vehicle",
    "point_num_in_lidar": 2770,
    "speed": 9.269796599497548,
    "if_vehicle": true,
    "motion_state": true,
    "pose": [
      [
        -0.9947147240546884,
        0.10087922470679947,
        0.01913112049411987,
        -13.297681330847809
      ],
      [
        -0.10140177787389613,
        -0.9944327340547994,
        -0.028656881971175805,
        2.814955567165981
      ],
      [
        0.01613372842273295,
        -0.030445352073049395,
        0.9994062153820786,
        0.9474170964298878
      ],
      [
        0.0,
        0.0,
        0.0,
        1.0
      ]
    ],
    "location": [
      -13.297681330847809,
      2.814955567165981,
      0.9474170964298878
    ],
    "rotation": [
      -0.03045402246607663,
      -0.01613442843210045,
      -3.040003024159061
    ]
  },
  {
    "label_id": "9dK1E7yukLqZV3xaj_wIig",
    "size": [
      2.095558623976752,
      4.606271177782434,
      1.8262575940847512
    ],
    "obj_class": "vehicle",
    "point_num_in_lidar": 218,
    "speed": 0.0023114316279182825,
    "if_vehicle": true,
    "motion_state": false,
    "pose": [
      [
        -0.016806147427041642,
        -0.9996757242412663,
        0.01913112049411987,
        10.876069080118441
      ],
      [
        0.9994387127405983,
        -0.017350578984752323,
        -0.028656881971175805,
        -22.23476479828591
      ],
      [
        0.028979525256231695,
        0.018638770656721527,
        0.9994062153820786,
        2.252191907084466
      ],
      [
        0.0,
        0.0,
        0.0,
        1.0
      ]
    ],
    "location": [
      10.876069080118441,
      -22.23476479828591,
      2.252191907084466
    ],
    "rotation": [
      0.018647682856219202,
      -0.028983583019692498,
      1.5876103279178342
    ]
  },
  {
    "label_id": "B9tn9-kjeoeV8sqY20oAJw",
    "size": [
      0.7410014254288284,
      0.0564697773877908,
      0.7199999999999989
    ],
    "obj_class": "sign",
    "point_num_in_lidar": 115,
    "speed": 0.007879963930045537,
    "if_vehicle": false,
    "motion_state": false,
    "pose": [
      [
        -0.03633826949584941,
        -0.9991564093767736,
        0.01913112049411987,
        -6.707039655880408
      ],
      [
        0.9989088040341628,
        -0.03687796549063796,
        -0.028656881971175805,
        12.766555928508964
      ],
      [
        0.0293382240956334,
        0.01806890319263541,
        0.9994062153820786,
        2.698783290694024
      ],
      [
        0.0,
        0.0,
        0.0,
        1.0
      ]
    ],
    "location": [
      -6.707039655880408,
      12.766555928508964,
      2.698783290694024
    ],
    "rotation": [
      0.0180776690729563,
      -0.02934243444837902,
      1.6071582575054038
    ]
  },
  {
    "label_id": "M7QqgrsM8fak_dnz6nI4cg",
    "size": [
      2.026613463062887,
      4.768749904609435,
      1.4399999999999977
    ],
    "obj_class": "vehicle",
    "point_num_in_lidar": 3151,
    "speed": 0.07806965657816838,
    "if_vehicle": true,
    "motion_state": false,
    "pose": [
      [
        -0.9946082618917498,
        0.10192352822244787,
        0.01913112049411987,
        -24.078718465657516
      ],
      [
        -0.10244578503793267,
        -0.9943257234144411,
        -0.028656881971175805,
        6.085520586971555
      ],
      [
        0.016101754706688086,
        -0.030462274226263575,
        0.9994062153820786,
        0.6690065394745943
      ],
      [
        0.0,
        0.0,
        0.0,
        1.0
      ]
    ],
    "location": [
      -24.078718465657516,
      6.085520586971555,
      0.6690065394745943
    ],
    "rotation": [
      -0.030470938965776902,
      -0.01610245056215343,
      -3.0389534665597195
    ]
  },
  {
    "label_id": "Q175aDJRl7PlCgCobA9ChQ",
    "size": [
      0.8168809500625265,
      0.09569916411282975,
      0.8100000000000023
    ],
    "obj_class": "sign",
    "point_num_in_lidar": 54,
    "speed": 0.0010810877601586616,
    "if_vehicle": false,
    "motion_state": false,
    "pose": [
      [
        -0.9978744325149904,
        -0.06229459977819385,
        0.01913112049411987,
        14.610299580098967
      ],
      [
        0.06173313157055353,
        -0.9976812134054559,
        -0.028656881971175805,
        10.724423777635963
      ],
      [
        0.020871928501664833,
        -0.027414945856080498,
        0.9994062153820786,
        2.973839909053652
      ],
      [
        0.0,
        0.0,
        0.0,
        1.0
      ]
    ],
    "location": [
      14.610299580098967,
      10.724423777635963,
      2.973839909053652
    ],
    "rotation": [
      -0.027424356788279234,
      -0.020873444230931144,
      3.079806767270258
    ]
  },
  {
    "label_id": "T3cNiktshsWqVrlPYROiKA",
    "size": [
      2.0975139466488595,
      4.8260551870852515,
      1.4499999999999886
    ],
    "obj_class": "vehicle",
    "point_num_in_lidar": 4518,
    "speed": 0.07360338762277768,
    "if_vehicle": true,
    "motion_state": false,
    "pose": [
      [
        0.9965142191060274,
        -0.08119982357212517,
        0.01913112049411987,
        -16.844818126932864
      ],
      [
        0.08172784796309579,
        0.9962426120092491,
        -0.028656881971175805,
        -5.4378204989778
      ],
      [
        -0.016732303691538965,
        0.03012053566662694,
        0.9994062153820786,
        0.6375004459270315
      ],
      [
        0.0,
        0.0,
        0.0,
        1.0
      ]
    ],
    "location": [
      -16.844818126932864,
      -5.4378204989778,
      0.6375004459270315
    ],
    "rotation": [
      0.030129311209502272,
      0.016733084547060895,
      0.08183058674113296
    ]
  },
  {
    "label_id": "_SFSfPAKVug3laTRe36P7A",
    "size": [
      1.5124769999564236,
      4.834983194317003,
      1.5800000000000125
    ],
    "obj_class": "vehicle",
    "point_num_in_lidar": 566,
    "speed": 1.7763568394002505e-14,
    "if_vehicle": true,
    "motion_state": false,
    "pose": [
      [
        0.9957257393156255,
        0.09035625209685706,
        0.01913112049411987,
        -4.071180151369845
      ],
      [
        -0.08978956795684415,
        0.9955483999293121,
        -0.028656881971175805,
        13.389026192550375
      ],
      [
        -0.021635284848473345,
        0.026816619943532294,
        0.9994062153820786,
        2.4243818825105734
      ],
      [
        0.0,
        0.0,
        0.0,
        1.0
      ]
    ],
    "location": [
      -4.071180151369845,
      13.389026192550375,
      2.4243818825105734
    ],
    "rotation": [
      0.02682611579464971,
      0.02163697306480387,
      -0.08993176478189772
    ]
  },
  {
    "label_id": "_cqh80UXdkf7A2Uf9Nd09w",
    "size": [
      2.7446487319770925,
      7.000101787777974,
      2.3102425954895978
    ],
    "obj_class": "vehicle",
    "point_num_in_lidar": 1805,
    "speed": 3.7221458391556904e-14,
    "if_vehicle": true,
    "motion_state": false,
    "pose": [
      [
        0.9986001613578983,
        -0.049312452429576124,
        0.01913112049411987,
        -3.010429185805492
      ],
      [
        0.04984888695195061,
        0.9983455672187571,
        -0.028656881971175805,
        13.273276314099348
      ],
      [
        -0.017686328212248904,
        0.029570432023205927,
        0.9994062153820786,
        1.0852297477643162
      ],
      [
        0.0,
        0.0,
        0.0,
        1.0
      ]
    ],
    "location": [
      -3.010429185805492,
      13.273276314099348,
      1.0852297477643162
    ],
    "rotation": [
      0.029579371185700268,
      0.017687250407602197,
      0.04987736314283427
    ]
  },
  {
    "label_id": "djwJETMnF8x4cVGX3MsC8A",
    "size": [
      1.9823390091466795,
      4.458846597593478,
      1.4782598895759236
    ],
    "obj_class": "vehicle",
    "point_num_in_lidar": 97,
    "speed": 0.008224153924593696,
    "if_vehicle": true,
    "motion_state": false,
    "pose": [
      [
        -0.9960346957931032,
        0.08688431967265518,
        0.01913112049411987,
        18.075686923817784
      ],
      [
        -0.08741078575818667,
        -0.9957600803651584,
        -0.028656881971175805,
        9.443724492099435
      ],
      [
        0.016560172386695143,
        -0.030215514991364517,
        0.9994062153820786,
        0.5860345076937108
      ],
      [
        0.0,
        0.0,
        0.0,
        1.0
      ]
    ],
    "location": [
      18.075686923817784,
      9.443724492099435,
      0.5860345076937108
    ],
    "rotation": [
      -0.03022426044799614,
      -0.016560929388492063,
      -3.05405813661477
    ]
  },
  {
    "label_id": "hIXIgHw3ha67NHMRblswLg",
    "size": [
      2.014083700009064,
      3.9843474780506,
      1.6662575940847546
    ],
    "obj_class": "vehicle",
    "point_num_in_lidar": 117,
    "speed": 0.02953193797977802,
    "if_vehicle": true,
    "motion_state": false,
    "pose": [
      [
        -0.05714784743997927,
        -0.9981824100642209,
        0.01913112049411987,
        10.319234134002272
      ],
      [
        0.9979236138812045,
        -0.057682267413535965,
        -0.028656881971175805,
        -16.89238304007972
      ],
      [
        0.02970832191917658,
        0.01745371778209463,
        0.9994062153820786,
        1.7522803034853212
      ],
      [
        0.0,
        0.0,
        0.0,
        1.0
      ]
    ],
    "location": [
      10.319234134002272,
      -16.89238304007972,
      1.7522803034853212
    ],
    "rotation": [
      0.01746231253082458,
      -0.029712693672567195,
      1.6280006032732264
    ]
  },
  {
    "label_id": "i4WEZxXNh4J1GX9xl5n5eQ",
    "size": [
      1.9322981237294699,
      4.718592850396311,
      1.4782598895759236
    ],
    "obj_class": "vehicle",
    "point_num_in_lidar": 26,
    "speed": 0.0014572508827497596,
    "if_vehicle": true,
    "motion_state": false,
    "pose": [
      [
        -0.9960346957931073,
        0.08688431967260742,
        0.01913112049411987,
        24.23270767559893
      ],
      [
        -0.0874107857581389,
        -0.9957600803651625,
        -0.028656881971175805,
        9.772476714171319
      ],
      [
        0.01656017238669659,
        -0.030215514991363723,
        0.9994062153820786,
        0.5860345076937108
      ],
      [
        0.0,
        0.0,
        0.0,
        1.0
      ]
    ],
    "location": [
      24.23270767559893,
      9.772476714171319,
      0.5860345076937108
    ],
    "rotation": [
      -0.030224260447995345,
      -0.01656092938849351,
      -3.054058136614818
    ]
  },
  {
    "label_id": "jKWAMeZYC4hsnOFThiEMlQ",
    "size": [
      0.4867058403553993,
      0.0674641199295769,
      0.46999999999999886
    ],
    "obj_class": "sign",
    "point_num_in_lidar": 46,
    "speed": 0.02632396196453868,
    "if_vehicle": false,
    "motion_state": false,
    "pose": [
      [
        0.9976013076534513,
        -0.06652541767447766,
        0.01913112049411987,
        -24.768564994111216
      ],
      [
        0.06705738209833104,
        0.9973375008600692,
        -0.028656881971175805,
        7.952229697756508
      ],
      [
        -0.017173772859877683,
        0.029871025784659,
        0.9994062153820786,
        3.197809291305049
      ],
      [
        0.0,
        0.0,
        0.0,
        1.0
      ]
    ],
    "location": [
      -24.768564994111216,
      7.952229697756508,
      3.197809291305049
    ],
    "rotation": [
      0.02987987777937679,
      0.017174617173002386,
      0.0671176535423879
    ]
  },
  {
    "label_id": "nsj7sgrIH9erlwVfmWHNxQ",
    "size": [
      2.198146743111277,
      4.580517552099105,
      1.710000000000008
    ],
    "obj_class": "vehicle",
    "point_num_in_lidar": 4356,
    "speed": 0.08111536867620582,
    "if_vehicle": true,
    "motion_state": false,
    "pose": [
      [
        -0.9974040057544781,
        0.06942081484368358,
        0.01913112049411987,
        -18.606526401249766
      ],
      [
        -0.0699520112904074,
        -0.9971386559712331,
        -0.028656881971175805,
        6.487539186024051
      ],
      [
        0.017086995679412107,
        -0.029920749227286842,
        0.9994062153820786,
        0.8095598362674821
      ],
      [
        0.0,
        0.0,
        0.0,
        1.0
      ]
    ],
    "location": [
      -18.606526401249766,
      6.487539186024051,
      0.8095598362674821
    ],
    "rotation": [
      -0.029929586284067295,
      -0.01708782725732199,
      -3.0715732280296435
    ]
  },
  {
    "label_id": "rt4PwXQrSFVv5Wfts37zdw",
    "size": [
      0.49381232016087045,
      0.059380021361224763,
      0.46999999999999886
    ],
    "obj_class": "sign",
    "point_num_in_lidar": 121,
    "speed": 0.026119343218397657,
    "if_vehicle": false,
    "motion_state": false,
    "pose": [
      [
        0.9976013076534299,
        -0.06652541767479797,
        0.01913112049411987,
        -24.768572391446696
      ],
      [
        0.06705738209865125,
        0.9973375008600477,
        -0.028656881971175805,
        7.954962927182237
      ],
      [
        -0.01717377285986809,
        0.029871025784664513,
        0.9994062153820786,
        2.717809291304974
      ],
      [
        0.0,
        0.0,
        0.0,
        1.0
      ]
    ],
    "location": [
      -24.768572391446696,
      7.954962927182237,
      2.717809291304974
    ],
    "rotation": [
      0.0298798777793823,
      0.017174617172992793,
      0.06711765354270888
    ]
  },
  {
    "label_id": "t5v4y6X8z48VmitR76SdpQ",
    "size": [
      2.215672452107684,
      4.476737709080531,
      1.3845306017165626
    ],
    "obj_class": "vehicle",
    "point_num_in_lidar": 55,
    "speed": 0.008184766455156178,
    "if_vehicle": true,
    "motion_state": false,
    "pose": [
      [
        -0.07460373205825238,
        -0.997029730445196,
        0.01913112049411987,
        6.345945296278501
      ],
      [
        0.9967616234335243,
        -0.07513354221554706,
        -0.028656881971175805,
        33.74357143981368
      ],
      [
        0.03000915215639688,
        0.016931256377618723,
        0.9994062153820786,
        0.18537912516839583
      ],
      [
        0.0,
        0.0,
        0.0,
        1.0
      ]
    ],
    "location": [
      6.345945296278501,
      33.74357143981368,
      0.18537912516839583
    ],
    "rotation": [
      0.016939695384005565,
      -0.030013658102384502,
      1.645503145482215
    ]
  },
  {
    "label_id": "yprhc4wCTTWWmKyZH8Fnbw",
    "size": [
      2.1216346499294008,
      4.232958032311484,
      1.6466765708208584
    ],
    "obj_class": "vehicle",
    "point_num_in_lidar": 98,
    "speed": 1.4638505927285312,
    "if_vehicle": true,
    "motion_state": true,
    "pose": [
      [
        -0.9966252732681501,
        0.07982521476215848,
        0.01913112049411987,
        15.694924154591604
      ],
      [
        -0.08035361328926051,
        -0.9963543947547229,
        -0.028656881971175805,
        4.68049275228384
      ],
      [
        0.016773834223135543,
        -0.030097427483510963,
        0.9994062153820786,
        0.9138625699354179
      ],
      [
        0.0,
        0.0,
        0.0,
        1.0
      ]
    ],
    "location": [
      15.694924154591604,
      4.68049275228384,
      0.9138625699354179
    ],
    "rotation": [
      -0.030106210264023714,
      -0.016774620907977517,
      -3.06114097490832
    ]
  }
]