[
  {
    "label_id": "-kZBe1CSBNx4Vln1QEyrHA",
    "size": [
      2.153597138417441,
      4.662434529255965,
      1.5800000000000125
    ],
    "obj_class": "vehicle",
    "point_num_in_lidar": 278,
    "speed": 0.007861335176822509,
    "if_vehicle": true,
    "motion_state": false,
    "pose": [
      [
        -0.05715598768648762,
        -0.9983245930375271,
        0.009011104706873078,
        10.098891169906096
      ],
      [
        0.997747375523201,
        -0.057435788519209996,
        -0.034659844687205475,
        -12.342635003503517
      ],
      [
        0.03511933524636672,
        0.007009788415689888,
        0.9993585418448279,
        1.1036540651272162
      ],
      [
        0.0,
        0.0,
        0.0,
        1.0
      ]
    ],
    "location": [
      10.098891169906096,
      -12.342635003503517,
      1.1036540651272162
    ],
    "rotation": [
      0.007014172756324925,
      -0.03512655843173565,
      1.628018817530766
    ]
  },
  {
    "label_id": "004tDnXYniPAfSyhfxtVgg",
    "size": [
      2.313423701332942,
      4.899153226705302,
      1.5648355270341767
    ],
    "obj_class": "vehicle",
    "point_num_in_lidar": 36,
    "speed": 2.220446049250313e-14,
    "if_vehicle": true,
    "motion_state": false,
    "pose": [
      [
        0.9994526052145759,
        -0.03183221515632797,
        0.009011104706873078,
        -5.91260937554091
      ],
      [
        0.032126557324382535,
        0.9988826655222034,
        -0.034659844687205475,
        32.19280053484678
      ],
      [
        -0.007897736655533017,
        0.034930367840881466,
        0.9993585418448279,
        0.15998787163849215
      ],
      [
        0.0,
        0.0,
        0.0,
        1.0
      ]
    ],
    "location": [
      -5.91260937554091,
      32.19280053484678,
      0.15998787163849215
    ],
    "rotation": [
      0.03493856510612383,
      0.007897818760396826,
      0.03213308877922999
    ]
  },
  {
    "label_id": "5oX9fmLl0Z74-llNDr8wpg",
    "size": [
      2.013978879816806,
      4.430995565915478,
      1.8100000000000023
    ],
    "obj_class": "vehicle",
    "point_num_in_lidar": 2114,
    "speed": 0.004817550473061036,
    "if_vehicle": true,
    "motion_state": false,
    "pose": [
      [
        -0.9953799096795575,
        0.09559097969096121,
        0.009011104706873078,
        -1.994059284943205
      ],
      [
        -0.09584832548914693,
        -0.9947923369564049,
        -0.034659844687205475,
        -12.38880157350576
      ],
      [
        0.005651009400322601,
        -0.03536341237121923,
        0.9993585418448279,
        1.1482869385642687
      ],
      [
        0.0,
        0.0,
        0.0,
        1.0
      ]
    ],
    "location": [
      -1.994059284943205,
      -12.38880157350576,
      1.1482869385642687
    ],
    "rotation": [
      -0.03537135227775515,
      -0.005651039477223152,
      -3.0455954223392756
    ]
  },
  {
    "label_id": "6OjFlL7Q_guovcwo3zdcBQ",
    "size": [
      2.1550294496027775,
      4.70536948148588,
      1.755650015166566
    ],
    "obj_class": "vehicle",
    "point_num_in_lidar": 108,
    "speed": 0.003916324748112539,
    "if_vehicle": true,
    "motion_state": false,
    "pose": [
      [
        -0.07461435875363416,
        -0.9971717492286601,
        0.009011104706873078,
        7.225811874819783
      ],
      [
        0.9965897245547546,
        -0.07488401750799228,
        -0.034659844687205475,
        22.700159238642954
      ],
      [
        0.0352366056773702,
        0.0063942522719203036,
        0.9993585418448279,
        0.6600901831783119
      ],
      [
        0.0,
        0.0,
        0.0,
        1.0
      ]
    ],
    "location": [
      7.225811874819783,
      22.700159238642954,
      0.6600901831783119
    ],
    "rotation": [
      0.006398269238018704,
      -0.035243901490690566,
      1.6455265871706044
    ]
  },
  {
    "label_id": "6_1JJIYW81d3Ggc94_e4oQ",
    "size": [
      2.1065520253788166,
      4.845271544164966,
      1.4721932968977
    ],
    "obj_class": "vehicle",
    "point_num_in_lidar": 137,
    "speed": 0.004468499258461048,
    "if_vehicle": true,
    "motion_state": false,
    "pose": [
      [
        0.9994354994583893,
        -0.032364832987698565,
        0.009011104706873078,
        23.349169612221544
      ],
      [
        0.032658871385078135,
        0.9988654029878659,
        -0.034659844687205475,
        -2.2140988975826303
      ],
      [
        -0.007879120649715656,
        0.03493457169576664,
        0.9993585418448279,
        0.6915487787617849
      ],
      [
        0.0,
        0.0,
        0.0,
        1.0
      ]
    ],
    "location": [
      23.349169612221544,
      -2.2140988975826303,
      0.6915487787617849
    ],
    "rotation": [
      0.03494276652585542,
      0.007879202175340211,
      0.03266569417086542
    ]
  },
  {
    "label_id": "9dK1E7yukLqZV3xaj_wIig",
    "size": [
      2.0955586239767467,
      4.606271177782434,
      1.8262575940847512
    ],
    "obj_class": "vehicle",
    "point_num_in_lidar": 459,
    "speed": 0.005142310274513884,
    "if_vehicle": true,
    "motion_state": false,
    "pose": [
      [
        -0.016808541326177474,
        -0.9998181199250432,
        0.009011104706873078,
        10.883093596849449
      ],
      [
        0.999252668060725,
        -0.017111415481522566,
        -0.034659844687205475,
        -22.232005658724233
      ],
      [
        0.03480773350864258,
        0.008421788988733695,
        0.9993585418448279,
        2.3600431970544946
      ],
      [
        0.0,
        0.0,
        0.0,
        1.0
      ]
    ],
    "location": [
      10.883093596849449,
      -22.232005658724233,
      2.3600431970544946
    ],
    "rotation": [
      0.008426995196911785,
      -0.03481476605937123,
      1.5876158528346014
    ]
  },
  {
    "label_id": "ASh_4SoPlz5qkwL5QzxKGw",
    "size": [
      2.0609696780805478,
      5.122046726895162,
      1.7199999999999989
    ],
    "obj_class": "vehicle",
    "point_num_in_lidar": 23,
    "speed": 0.005944389550176055,
    "if_vehicle": true,
    "motion_state": false,
    "pose": [
      [
        0.9884938998153304,
        -0.150992085951023,
        0.009011104706873078,
        -1.5476257281809467
      ],
      [
        0.15121623947022275,
        0.9878928808766378,
        -0.034659844687205475,
        -27.409730243701972
      ],
      [
        -0.0036686439406942396,
        0.03562367040909517,
        0.9993585418448279,
        2.8283498353908385
      ],
      [
        0.0,
        0.0,
        0.0,
        1.0
      ]
    ],
    "location": [
      -1.5476257281809467,
      -27.409730243701972,
      2.8283498353908385
    ],
    "rotation": [
      0.035631449277206656,
      0.0036686521700923084,
      0.15179957483399661
    ]
  },
  {
    "label_id": "B9tn9-kjeoeV8sqY20oAJw",
    "size": [
      0.7410014254288286,
      0.0564697773877908,
      0.7199999999999989
    ],
    "obj_class": "sign",
    "point_num_in_lidar": 165,
    "speed": 0.008106647926181551,
    "if_vehicle": false,
    "motion_state": false,
    "pose": [
      [
        -0.03634344558707626,
        -0.9992987310883673,
        0.009011104706873078,
        -6.678461167859496
      ],
      [
        0.9987274685345806,
        -0.03663521203387575,
        -0.034659844687205475,
        12.753636966573197
      ],
      [
        0.03496566254724007,
        0.007739979613149428,
        0.9993585418448279,
        2.619344745935166
      ],
      [
        0.0,
        0.0,
        0.0,
        1.0
      ]
    ],
    "location": [
      -6.678461167859496,
      12.753636966573197,
      2.619344745935166
    ],
    "rotation": [
      0.007744792820368116,
      -0.034972791292221035,
      1.6071700296295504
    ]
  },
  {
    "label_id": "FJYkxRLHRb93ZMGg32MbWQ",
    "size": [
      2.2091201469361614,
      4.612479673477537,
      1.9199999999999875
    ],
    "obj_class": "vehicle",
    "point_num_in_lidar": 1256,
    "speed": 0.027406974847099374,
    "if_vehicle": true,
    "motion_state": false,
    "pose": [
      [
        -0.9969269382819278,
        0.07781696293086152,
        0.009011104706873078,
        -2.0206290507193216
      ],
      [
        -0.07808475078801126,
        -0.9963440504467486,
        -0.034659844687205475,
        -19.562849119121438
      ],
      [
        0.006281036713431998,
        -0.035256962710703756,
        0.9993585418448279,
        1.95739785510699
      ],
      [
        0.0,
        0.0,
        0.0,
        1.0
      ]
    ],
    "location": [
      -2.0206290507193216,
      -19.562849119121438,
      1.95739785510699
    ],
    "rotation": [
      -0.03526496710287073,
      -0.006281078013470408,
      -3.063426789158833
    ]
  },
  {
    "label_id": "GR2S0cRLIKCA7TZlaRQUiw",
    "size": [
      1.9826283569096168,
      4.669387331335671,
      2.2548355270341744
    ],
    "obj_class": "vehicle",
    "point_num_in_lidar": 46,
    "speed": 3.614624287906422e-14,
    "if_vehicle": true,
    "motion_state": false,
    "pose": [
      [
        0.9994805281856325,
        -0.03094307304924453,
        0.009011104706873078,
        -6.670389460592787
      ],
      [
        0.0312379221285695,
        0.998910850570434,
        -0.034659844687205475,
        40.64822265469354
      ],
      [
        -0.00792880816129016,
        0.0349233280619258,
        0.9993585418448279,
        0.41403777246998175
      ],
      [
        0.0,
        0.0,
        0.0,
        1.0
      ]
    ],
    "location": [
      -6.670389460592787,
      40.64822265469354,
      0.41403777246998175
    ],
    "rotation": [
      0.0349315294023151,
      0.007928891239047896,
      0.03124398715597516
    ]
  },
  {
    "label_id": "JCDdYUT-UV2oxkxdT7TaPw",
    "size": [
      3.5590816235393286,
      6.254139630824458,
      2.4000000000000057
    ],
    "obj_class": "vehicle",
    "point_num_in_lidar": 139,
    "speed": 0.008970948965195185,
    "if_vehicle": true,
    "motion_state": false,
    "pose": [
      [
        -0.10469919123111199,
        -0.9944631111044355,
        0.009011104706873078,
        5.332885882388837
      ],
      [
        0.9938732071274438,
        -0.10495114730420056,
        -0.034659844687205475,
        55.826015160683596
      ],
      [
        0.03541366275549951,
        0.005327037827834785,
        0.9993585418448279,
        0.5385376253080381
      ],
      [
        0.0,
        0.0,
        0.0,
        1.0
      ]
    ],
    "location": [
      5.332885882388837,
      55.826015160683596,
      0.5385376253080381
    ],
    "rotation": [
      0.005330406607736283,
      -0.0354210691442253,
      1.6757538301296198
    ]
  },
  {
    "label_id": "M1ux1dJCnlFsX4da4hqWLg",
    "size": [
      2.048192276072321,
      4.507813116800472,
      1.3662575940847432
    ],
    "obj_class": "vehicle",
    "point_num_in_lidar": 68,
    "speed": 0.010382325268314457,
    "if_vehicle": true,
    "motion_state": false,
    "pose": [
      [
        -0.09524183306919871,
        -0.995413378062391,
        0.009011104706873078,
        11.521838157300863
      ],
      [
        0.9948258956423282,
        -0.09549938494931981,
        -0.034659844687205475,
        -28.556929205550148
      ],
      [
        0.03536142804042932,
        0.005663413168838631,
        0.9993585418448279,
        2.843931938521621
      ],
      [
        0.0,
        0.0,
        0.0,
        1.0
      ]
    ],
    "location": [
      11.521838157300863,
      -28.556929205550148,
      2.843931938521621
    ],
    "rotation": [
      0.005666987677805243,
      -0.035368801692197194,
      1.6662426156083092
    ]
  },
  {
    "label_id": "NjQjKUN8pI-ZQimlGuoBsQ",
    "size": [
      1.9460049702311957,
      4.277104600442166,
      1.4499999999999886
    ],
    "obj_class": "vehicle",
    "point_num_in_lidar": 300,
    "speed": 0.010446463453231084,
    "if_vehicle": true,
    "motion_state": false,
    "pose": [
      [
        -0.9984382797724957,
        0.05513439468155338,
        0.009011104706873078,
        -5.459707573101241
      ],
      [
        -0.05541536373012389,
        -0.9978616300013329,
        -0.034659844687205475,
        23.661519999189437
      ],
      [
        0.007080886074327325,
        -0.03510506935161691,
        0.9993585418448279,
        0.2584759134357739
      ],
      [
        0.0,
        0.0,
        0.0,
        1.0
      ]
    ],
    "location": [
      -5.459707573101241,
      23.661519999189437,
      0.2584759134357739
    ],
    "rotation": [
      -0.03511316437640142,
      -0.007080945247025058,
      -3.086147497009414
    ]
  },
  {
    "label_id": "Q175aDJRl7PlCgCobA9ChQ",
    "size": [
      0.8168809500625274,
      0.09569916411282975,
      0.8100000000000023
    ],
    "obj_class": "sign",
    "point_num_in_lidar": 76,
    "speed": 0.0010810877509098242,
    "if_vehicle": false,
    "motion_state": false,
    "pose": [
      [
        -0.9980165716193969,
        -0.06230347313775482,
        0.009011104706873078,
        14.618799624217331
      ],
      [
        0.06195683494398338,
        -0.9974768397160823,
        -0.034659844687205475,
        10.721906481941147
      ],
      [
        0.011147796947790533,
        -0.03403279984059889,
        0.9993585418448279,
        2.9762098808765245
      ],
      [
        0.0,
        0.0,
        0.0,
        1.0
      ]
    ],
    "location": [
      14.618799624217331,
      10.721906481941147,
      2.9762098808765245
    ],
    "rotation": [
      -0.03404148901885795,
      -0.011148027856432284,
      3.0795922540270957
    ]
  },
  {
    "label_id": "YKPb1MkzJMFBs5crX5wDgA",
    "size": [
      2.1866969615547114,
      4.975542376081814,
      1.5300000000000011
    ],
    "obj_class": "vehicle",
    "point_num_in_lidar": 165,
    "speed": 2.992130215174003,
    "if_vehicle": true,
    "motion_state": true,
    "pose": [
      [
        -0.9970944545972195,
        0.0756402578223731,
        0.009011104706873078,
        13.711565600813174
      ],
      [
        -0.07590931761885543,
        -0.9965121527933809,
        -0.034659844687205475,
        4.672788671414153
      ],
      [
        0.006357995762269028,
        -0.03524316574410427,
        0.9993585418448279,
        0.7089099657252689
      ],
      [
        0.0,
        0.0,
        0.0,
        1.0
      ]
    ],
    "location": [
      13.711565600813174,
      4.672788671414153,
      0.7089099657252689
    ],
    "rotation": [
      -0.035251178435758986,
      -0.006358038599101736,
      -3.0656087064294266
    ]
  },
  {
    "label_id": "ZFvMr9wN9-CPPx0LnQsiyw",
    "size": [
      0.9106749139701036,
      0.6788900799441303,
      1.740000000000009
    ],
    "obj_class": "pedestrian",
    "point_num_in_lidar": 35,
    "speed": 0.007062621343758845,
    "if_vehicle": false,
    "motion_state": false,
    "pose": [
      [
        -0.981910234888719,
        -0.18913246842555193,
        0.009011104706873078,
        35.9899315111835
      ],
      [
        0.18871979827937502,
        -0.981419142315683,
        -0.034659844687205475,
        -5.1020174613108225
      ],
      [
        0.015398972633673612,
        -0.03233228237546503,
        0.9993585418448279,
        0.9532434510003895
      ],
      [
        0.0,
        0.0,
        0.0,
        1.0
      ]
    ],
    "location": [
      35.9899315111835,
      -5.1020174613108225,
      0.9532434510003895
    ],
    "rotation": [
      -0.032341754399991575,
      -0.015399581287473627,
      2.951711508449214
    ]
  },
  {
    "label_id": "_8n2ltih6YGV4VvLcYeuvA",
    "size": [
      0.4156520167828856,
      0.05391781688397976,
      0.18345640068281455
    ],
    "obj_class": "sign",
    "point_num_in_lidar": 32,
    "speed": 0.006206274695019175,
    "if_vehicle": false,
    "motion_state": false,
    "pose": [
      [
        -0.03634344558964751,
        -0.9992987310882737,
        0.009011104706873078,
        -6.677555728679181
      ],
      [
        0.9987274685344864,
        -0.03663521203644553,
        -0.034659844687205475,
        12.753613877558777
      ],
      [
        0.03496566254725999,
        0.007739979613059459,
        0.9993585418448279,
        2.1537753675638385
      ],
      [
        0.0,
        0.0,
        0.0,
        1.0
      ]
    ],
    "location": [
      -6.677555728679181,
      12.753613877558777,
      2.1537753675638385
    ],
    "rotation": [
      0.007744792820278095,
      -0.03497279129224097,
      1.607170029632125
    ]
  },
  {
    "label_id": "_SFSfPAKVug3laTRe36P7A",
    "size": [
      1.512476999956422,
      4.834983194317003,
      1.5800000000000125
    ],
    "obj_class": "vehicle",
    "point_num_in_lidar": 1013,
    "speed": 1.7763568394002505e-14,
    "if_vehicle": true,
    "motion_state": false,
    "pose": [
      [
        0.9958675723561463,
        0.09036912261075396,
        0.009011104706873078,
        -4.071180151369845
      ],
      [
        -0.09000743036877086,
        0.9953378108183522,
        -0.034659844687205475,
        13.389026192550375
      ],
      [
        -0.012101272986201759,
        0.03370554900743881,
        0.9993585418448279,
        2.4649885078988802
      ],
      [
        0.0,
        0.0,
        0.0,
        1.0
      ]
    ],
    "location": [
      -4.071180151369845,
      13.389026192550375,
      2.4649885078988802
    ],
    "rotation": [
      0.033714403824261205,
      0.012101568359032184,
      -0.09013602363093767
    ]
  },
  {
    "label_id": "_cqh80UXdkf7A2Uf9Nd09w",
    "size": [
      2.7446487319770907,
      7.000101787777974,
      2.3102425954895978
    ],
    "obj_class": "vehicle",
    "point_num_in_lidar": 3174,
    "speed": 3.7221458391556904e-14,
    "if_vehicle": true,
    "motion_state": false,
    "pose": [
      [
        0.9987424038364823,
        -0.049319476587721935,
        0.009011104706873078,
        -3.0104291858053784
      ],
      [
        0.04960379874889113,
        0.9981673999464911,
        -0.034659844687205475,
        13.273276314099348
      ],
      [
        -0.0072851855573203795,
        0.03506324162388364,
        0.9993585418448279,
        1.0203967723670644
      ],
      [
        0.0,
        0.0,
        0.0,
        1.0
      ]
    ],
    "location": [
      -3.0104291858053784,
      13.273276314099348,
      1.0203967723670644
    ],
    "rotation": [
      0.03507136132208626,
      0.007285250001095876,
      0.04962548131041079
    ]
  },
  {
    "label_id": "aLKLRVALSecdklsZzsqb1w",
    "size": [
      2.2791812515326497,
      4.723665906330695,
      1.6483726207747225
    ],
    "obj_class": "vehicle",
    "point_num_in_lidar": 23,
    "speed": 0.012267221019121416,
    "if_vehicle": true,
    "motion_state": false,
    "pose": [
      [
        0.9941267167204177,
        -0.10784651637695179,
        0.009011104706873078,
        28.72027207120152
      ],
      [
        0.10809660391989316,
        0.993536018163028,
        -0.034659844687205475,
        -1.7558114521075652
      ],
      [
        -0.0052149135820354865,
        0.035430347417310736,
        0.9993585418448279,
        0.730416512288059
      ],
      [
        0.0,
        0.0,
        0.0,
        1.0
      ]
    ],
    "location": [
      28.72027207120152,
      -1.7558114521075652,
      0.730416512288059
    ],
    "rotation": [
      0.035438246365563524,
      0.005214937219201884,
      0.1083097130672074
    ]
  },
  {
    "label_id": "auXhaEEj7_TnIkSP3tzCWw",
    "size": [
      1.9383903580787682,
      4.5786654796276824,
      1.5670055110724945
    ],
    "obj_class": "vehicle",
    "point_num_in_lidar": 1579,
    "speed": 5.933136640005758,
    "if_vehicle": true,
    "motion_state": true,
    "pose": [
      [
        -0.008771677478079382,
        0.9999209257067191,
        0.009011104706873078,
        3.362588422343947
      ],
      [
        -0.9993634061919329,
        -0.008454438521661285,
        -0.034659844687205475,
        0.8369655098528881
      ],
      [
        -0.034580920153725096,
        -0.009309393272449328,
        0.9993585418448279,
        0.7943701232758542
      ],
      [
        0.0,
        0.0,
        0.0,
        1.0
      ]
    ],
    "location": [
      3.362588422343947,
      0.8369655098528881,
      0.7943701232758542
    ],
    "rotation": [
      -0.009315099255257295,
      0.03458781607340661,
      -1.5795733664346827
    ]
  },
  {
    "label_id": "cCz-sprxe54IkoqPBqzeQA",
    "size": [
      2.027781752085601,
      4.262423525941018,
      1.4748355270341733
    ],
    "obj_class": "vehicle",
    "point_num_in_lidar": 21,
    "speed": 5.333694441429199e-14,
    "if_vehicle": true,
    "motion_state": false,
    "pose": [
      [
        -0.9986616134825769,
        0.05092918366062809,
        0.009011104706873078,
        -5.895563794706845
      ],
      [
        -0.051212578662284576,
        -0.9980861520695585,
        -0.034659844687205475,
        29.308640558763983
      ],
      [
        0.007228661227055306,
        -0.03507493832701496,
        0.9993585418448279,
        0.36250614306462126
      ],
      [
        0.0,
        0.0,
        0.0,
        1.0
      ]
    ],
    "location": [
      -5.895563794706845,
      29.308640558763983,
      0.36250614306462126
    ],
    "rotation": [
      -0.035083051137901604,
      -0.007228724182395861,
      -3.090356322523002
    ]
  },
  {
    "label_id": "djwJETMnF8x4cVGX3MsC8A",
    "size": [
      1.9823390091466793,
      4.458846597593478,
      1.4782598895759236
    ],
    "obj_class": "vehicle",
    "point_num_in_lidar": 152,
    "speed": 0.008224153855839857,
    "if_vehicle": true,
    "motion_state": false,
    "pose": [
      [
        -0.9961765728419638,
        0.0868966956379905,
        0.009011104706873078,
        18.06232649187325
      ],
      [
        -0.08715916171203578,
        -0.9955912693951842,
        -0.034659844687205475,
        9.37762280383133
      ],
      [
        0.0059595511991245706,
        -0.03531272562808553,
        0.9993585418448279,
        0.5860345076937392
      ],
      [
        0.0,
        0.0,
        0.0,
        1.0
      ]
    ],
    "location": [
      18.06232649187325,
      9.37762280383133,
      0.5860345076937392
    ],
    "rotation": [
      -0.03532069633964894,
      -0.005959586476507258,
      -3.054321205227745
    ]
  },
  {
    "label_id": "eYuikztkR3GVWeq2x3R4vg",
    "size": [
      2.0826523780188495,
      4.727294552036573,
      1.6500000000000057
    ],
    "obj_class": "vehicle",
    "point_num_in_lidar": 47,
    "speed": 0.032019046372217905,
    "if_vehicle": true,
    "motion_state": false,
    "pose": [
      [
        -0.9986616134825772,
        0.050929183660622775,
        0.009011104706873078,
        -5.602388217150292
      ],
      [
        -0.05121257866227926,
        -0.998086152069559,
        -0.034659844687205475,
        26.344477408382474
      ],
      [
        0.007228661227055493,
        -0.03507493832701492,
        0.9993585418448279,
        0.46244218158250305
      ],
      [
        0.0,
        0.0,
        0.0,
        1.0
      ]
    ],
    "location": [
      -5.602388217150292,
      26.344477408382474,
      0.46244218158250305
    ],
    "rotation": [
      -0.03508305113790157,
      -0.0072287241823960485,
      -3.0903563225230073
    ]
  },
  {
    "label_id": "hIXIgHw3ha67NHMRblswLg",
    "size": [
      2.0140837000090643,
      3.9843474780506,
      1.6662575940847546
    ],
    "obj_class": "vehicle",
    "point_num_in_lidar": 404,
    "speed": 0.0031015222918023893,
    "if_vehicle": true,
    "motion_state": false,
    "pose": [
      [
        -0.05715598768647432,
        -0.9983245930375279,
        0.009011104706873078,
        10.346380847996556
      ],
      [
        0.9977473755232018,
        -0.0574357885191967,
        -0.034659844687205475,
        -17.041532058944398
      ],
      [
        0.03511933524636662,
        0.007009788415690356,
        0.9993585418448279,
        1.7522803034853496
      ],
      [
        0.0,
        0.0,
        0.0,
        1.0
      ]
    ],
    "location": [
      10.346380847996556,
      -17.041532058944398,
      1.7522803034853496
    ],
    "rotation": [
      0.007014172756325393,
      -0.03512655843173555,
      1.6280188175307526
    ]
  },
  {
    "label_id": "hb0ASarWGWDxr2SxCcea0A",
    "size": [
      0.4288018488109232,
      0.07469978022218265,
      0.6044489512381972
    ],
    "obj_class": "sign",
    "point_num_in_lidar": 23,
    "speed": 0.009159981324527002,
    "if_vehicle": false,
    "motion_state": false,
    "pose": [
      [
        -0.8858876541727355,
        -0.46381231567983344,
        0.009011104706873078,
        25.928306931826228
      ],
      [
        0.4632757339572475,
        -0.8855361593366091,
        -0.034659844687205475,
        -3.6052320785614143
      ],
      [
        0.02405532187898057,
        -0.026530102357097574,
        0.9993585418448279,
        2.489993054931233
      ],
      [
        0.0,
        0.0,
        0.0,
        1.0
      ]
    ],
    "location": [
      25.928306931826228,
      -3.6052320785614143,
      2.489993054931233
    ],
    "rotation": [
      -0.02654089750150199,
      -0.02405764245275575,
      2.6597533670159677
    ]
  },
  {
    "label_id": "hmBHz0-xRezKX2tSDNT3Gw",
    "size": [
      1.7247351383281206,
      3.647309105144183,
      1.3923338815695843
    ],
    "obj_class": "vehicle",
    "point_num_in_lidar": 32,
    "speed": 8.881784197001252e-14,
    "if_vehicle": true,
    "motion_state": false,
    "pose": [
      [
        -0.07461435875364567,
        -0.9971717492286593,
        0.009011104706873078,
        5.469483484186526
      ],
      [
        0.9965897245547537,
        -0.07488401750800378,
        -0.034659844687205475,
        48.95112011296433
      ],
      [
        0.035236605677370275,
        0.006394252271919897,
        0.9993585418448279,
        -0.4153942193076148
      ],
      [
        0.0,
        0.0,
        0.0,
        1.0
      ]
    ],
    "location": [
      5.469483484186526,
      48.95112011296433,
      -0.4153942193076148
    ],
    "rotation": [
      0.006398269238018298,
      -0.03524390149069064,
      1.645526587170616
    ]
  },
  {
    "label_id": "i4WEZxXNh4J1GX9xl5n5eQ",
    "size": [
      1.9322981237294694,
      4.718592850396311,
      1.4782598895759236
    ],
    "obj_class": "vehicle",
    "point_num_in_lidar": 51,
    "speed": 0.001457250882768193,
    "if_vehicle": true,
    "motion_state": false,
    "pose": [
      [
        -0.9961765728419675,
        0.0868966956379476,
        0.009011104706873078,
        24.229250203833544
      ],
      [
        -0.08715916171199288,
        -0.9955912693951878,
        -0.034659844687205475,
        9.783915103008027
      ],
      [
        0.005959551199126091,
        -0.035312725628085274,
        0.9993585418448279,
        0.5860345076937392
      ],
      [
        0.0,
        0.0,
        0.0,
        1.0
      ]
    ],
    "location": [
      24.229250203833544,
      9.783915103008027,
      0.5860345076937392
    ],
    "rotation": [
      -0.03532069633964868,
      -0.005959586476508779,
      -3.054321205227788
    ]
  },
  {
    "label_id": "nBHdqL99senel5XF57qANg",
    "size": [
      2.7901377658754334,
      6.283840489035793,
      3.4623338815695774
    ],
    "obj_class": "vehicle",
    "point_num_in_lidar": 153,
    "speed": 1.0660453750117864e-13,
    "if_vehicle": true,
    "motion_state": false,
    "pose": [
      [
        -0.0746143587536377,
        -0.9971717492286597,
        0.009011104706873078,
        3.6637623073957
      ],
      [
        0.9965897245547543,
        -0.07488401750799581,
        -0.034659844687205475,
        68.76485101343391
      ],
      [
        0.03523660567737022,
        0.006394252271920178,
        0.9993585418448279,
        0.591288489432543
      ],
      [
        0.0,
        0.0,
        0.0,
        1.0
      ]
    ],
    "location": [
      3.6637623073957,
      68.76485101343391,
      0.591288489432543
    ],
    "rotation": [
      0.006398269238018579,
      -0.035243901490690586,
      1.645526587170608
    ]
  },
  {
    "label_id": "nsj7sgrIH9erlwVfmWHNxQ",
    "size": [
      2.198146743111277,
      4.580517552099105,
      1.710000000000008
    ],
    "obj_class": "vehicle",
    "point_num_in_lidar": 3121,
    "speed": 0.021222008895525373,
    "if_vehicle": true,
    "motion_state": false,
    "pose": [
      [
        -0.9975460778504158,
        0.0694307032746599,
        0.009011104706873078,
        -18.448169140465325
      ],
      [
        -0.06970338337118646,
        -0.9969654625476593,
        -0.034659844687205475,
        6.526627729075429
      ],
      [
        0.006577302780129948,
        -0.03520289661260747,
        0.9993585418448279,
        0.8140044278866299
      ],
      [
        0.0,
        0.0,
        0.0,
        1.0
      ]
    ],
    "location": [
      -18.448169140465325,
      6.526627729075429,
      0.8140044278866299
    ],
    "rotation": [
      -0.035210933451262874,
      -0.006577350204405825,
      -3.071831191984087
    ]
  },
  {
    "label_id": "wXzm9HyGat82X2noN_2ETQ",
    "size": [
      0.4928979879515036,
      0.060914065595576425,
      0.612229061401024
    ],
    "obj_class": "sign",
    "point_num_in_lidar": 53,
    "speed": 0.005814359150422632,
    "if_vehicle": false,
    "motion_state": false,
    "pose": [
      [
        -0.03634344558968479,
        -0.9992987310882724,
        0.009011104706873078,
        -6.67701962468675
      ],
      [
        0.998727468534485,
        -0.03663521203648278,
        -0.034659844687205475,
        12.754073677916622
      ],
      [
        0.03496566254726027,
        0.007739979613058155,
        0.9993585418448279,
        3.305727448360898
      ],
      [
        0.0,
        0.0,
        0.0,
        1.0
      ]
    ],
    "location": [
      -6.67701962468675,
      12.754073677916622,
      3.305727448360898
    ],
    "rotation": [
      0.0077447928202767895,
      -0.034972791292241255,
      1.6071700296321623
    ]
  }
]