[
  {
    "label_id": "-kZBe1CSBNx4Vln1QEyrHA",
    "size": [
      2.1535971384174433,
      4.662434529255965,
      1.5800000000000125
    ],
    "obj_class": "vehicle",
    "point_num_in_lidar": 270,
    "speed": 0.00786133517680738,
    "if_vehicle": true,
    "motion_state": false,
    "pose": [
      [
        -0.05715258847768185,
        -0.9982652201899385,
        0.01414679431654204,
        10.092860706986926
      ],
      [
        0.9977430145260882,
        -0.05761150947484851,
        -0.03449334632104826,
        -12.361340457081752
      ],
      [
        0.03524852613507523,
        0.012143481179762154,
        0.9993047969814522,
        1.1036540651271878
      ],
      [
        0.0,
        0.0,
        0.0,
        1.0
      ]
    ],
    "location": [
      10.092860706986926,
      -12.361340457081752,
      1.1036540651271878
    ],
    "rotation": [
      0.012151331134672242,
      -0.035255829358132186,
      1.6280156713414893
    ]
  },
  {
    "label_id": "5oX9fmLl0Z74-llNDr8wpg",
    "size": [
      2.013978879816805,
      4.430995565915478,
      1.8100000000000023
    ],
    "obj_class": "vehicle",
    "point_num_in_lidar": 2005,
    "speed": 0.001989979543245616,
    "if_vehicle": true,
    "motion_state": false,
    "pose": [
      [
        -0.9953207119596151,
        0.09558529465754884,
        0.01414679431654204,
        -2.002199016556574
      ],
      [
        -0.09602374779886735,
        -0.9947812065566155,
        -0.03449334632104826,
        -12.386861349350852
      ],
      [
        0.010775908447295687,
        -0.0356903702277494,
        0.9993047969814522,
        1.1392617517060728
      ],
      [
        0.0,
        0.0,
        0.0,
        1.0
      ]
    ],
    "location": [
      -2.002199016556574,
      -12.386861349350852,
      1.1392617517060728
    ],
    "rotation": [
      -0.035700025343175644,
      -0.010776117008306529,
      -3.045415123145986
    ]
  },
  {
    "label_id": "6OjFlL7Q_guovcwo3zdcBQ",
    "size": [
      2.155029449602779,
      4.70536948148588,
      1.755650015166566
    ],
    "obj_class": "vehicle",
    "point_num_in_lidar": 92,
    "speed": 0.006282460572144064,
    "if_vehicle": true,
    "motion_state": false,
    "pose": [
      [
        -0.07460992125206271,
        -0.9971124449435612,
        0.01414679431654204,
        7.218176376220754
      ],
      [
        0.9965822897351257,
        -0.07505963526337038,
        -0.03449334632104826,
        22.706287928711276
      ],
      [
        0.03545559810601099,
        0.011524898819657793,
        0.9993047969814522,
        0.6629528045163227
      ],
      [
        0.0,
        0.0,
        0.0,
        1.0
      ]
    ],
    "location": [
      7.218176376220754,
      22.706287928711276,
      0.6629528045163227
    ],
    "rotation": [
      0.011532405254832378,
      -0.03546303084684485,
      1.6455227147083393
    ]
  },
  {
    "label_id": "6_1JJIYW81d3Ggc94_e4oQ",
    "size": [
      2.1065520253788157,
      4.845271544164966,
      1.4721932968977
    ],
    "obj_class": "vehicle",
    "point_num_in_lidar": 149,
    "speed": 0.004468499258458587,
    "if_vehicle": true,
    "motion_state": false,
    "pose": [
      [
        0.9993760605424317,
        -0.0323629081705501,
        0.01414679431654204,
        23.350274963135803
      ],
      [
        0.032834646447433925,
        0.9988654038719372,
        -0.03449334632104826,
        -2.2252154247598526
      ],
      [
        -0.013014438419002926,
        0.03493632955100321,
        0.9993047969814522,
        0.6915487787617849
      ],
      [
        0.0,
        0.0,
        0.0,
        1.0
      ]
    ],
    "location": [
      23.350274963135803,
      -2.2252154247598526,
      0.6915487787617849
    ],
    "rotation": [
      0.034946401227926596,
      0.013014805835076327,
      0.03284333177486253
    ]
  },
  {
    "label_id": "9dK1E7yukLqZV3xaj_wIig",
    "size": [
      2.095558623976753,
      4.606271177782434,
      1.8262575940847512
    ],
    "obj_class": "vehicle",
    "point_num_in_lidar": 420,
    "speed": 0.0051423102744256955,
    "if_vehicle": true,
    "motion_state": false,
    "pose": [
      [
        -0.016807541680404086,
        -0.9997586582536941,
        0.01414679431654204,
        10.870328844391679
      ],
      [
        0.9992554042080558,
        -0.017287169246903784,
        -0.03449334632104826,
        -22.23353371739418
      ],
      [
        0.0347295796642624,
        0.013556512317036813,
        0.9993047969814522,
        2.287373380845594
      ],
      [
        0.0,
        0.0,
        0.0,
        1.0
      ]
    ],
    "location": [
      10.870328844391679,
      -22.23353371739418,
      2.287373380845594
    ],
    "rotation": [
      0.013565111291733871,
      -0.03473656493359146,
      1.5876148066805948
    ]
  },
  {
    "label_id": "B9tn9-kjeoeV8sqY20oAJw",
    "size": [
      0.7410014254288279,
      0.0564697773877908,
      0.7199999999999989
    ],
    "obj_class": "sign",
    "point_num_in_lidar": 206,
    "speed": 0.0038811069071660845,
    "if_vehicle": false,
    "motion_state": false,
    "pose": [
      [
        -0.03634128415195464,
        -0.9992393003063642,
        0.01414679431654204,
        -6.688794689698739
      ],
      [
        0.9987267696376569,
        -0.03681098570680855,
        -0.03449334632104826,
        12.74314805755212
      ],
      [
        0.03498786468645275,
        0.012875249688483404,
        0.9993047969814522,
        2.6403514295352295
      ],
      [
        0.0,
        0.0,
        0.0,
        1.0
      ]
    ],
    "location": [
      -6.688794689698739,
      12.74314805755212,
      2.6403514295352295
    ],
    "rotation": [
      0.0128834939608887,
      -0.03499500702466751,
      1.6071678937322438
    ]
  },
  {
    "label_id": "FJYkxRLHRb93ZMGg32MbWQ",
    "size": [
      2.209120146936164,
      4.612479673477537,
      1.9199999999999875
    ],
    "obj_class": "vehicle",
    "point_num_in_lidar": 996,
    "speed": 3.580361673049448e-14,
    "if_vehicle": true,
    "motion_state": false,
    "pose": [
      [
        -0.9968676485563449,
        0.07781233496245178,
        0.01414679431654204,
        -2.0495949042256143
      ],
      [
        -0.07826034375623894,
        -0.9963360515683107,
        -0.03449334632104826,
        -19.595771345239655
      ],
      [
        0.011410953373783256,
        -0.03549243402416442,
        0.9993047969814522,
        1.9894401299711149
      ],
      [
        0.0,
        0.0,
        0.0,
        1.0
      ]
    ],
    "location": [
      -2.0495949042256143,
      -19.595771345239655,
      1.9894401299711149
    ],
    "rotation": [
      -0.03550220237927059,
      -0.011411201024728812,
      -3.06324709093012
    ]
  },
  {
    "label_id": "JCDdYUT-UV2oxkxdT7TaPw",
    "size": [
      3.559081623539323,
      6.254139630824458,
      2.4000000000000057
    ],
    "obj_class": "vehicle",
    "point_num_in_lidar": 123,
    "speed": 0.03094333409299297,
    "if_vehicle": true,
    "motion_state": false,
    "pose": [
      [
        -0.10469296450969927,
        -0.9944039679087852,
        0.01414679431654204,
        5.350837005169524
      ],
      [
        0.9938604712884516,
        -0.10512646036975293,
        -0.03449334632104826,
        55.78808173917045
      ],
      [
        0.035787522860179284,
        0.010448728984448992,
        0.9993047969814522,
        0.5385376253080096
      ],
      [
        0.0,
        0.0,
        0.0,
        1.0
      ]
    ],
    "location": [
      5.350837005169524,
      55.78808173917045,
      0.5385376253080096
    ],
    "rotation": [
      0.010455617006748007,
      -0.03579516639209454,
      1.6757489688286877
    ]
  },
  {
    "label_id": "M1ux1dJCnlFsX4da4hqWLg",
    "size": [
      2.048192276072321,
      4.507813116800472,
      1.3662575940847432
    ],
    "obj_class": "vehicle",
    "point_num_in_lidar": 38,
    "speed": 0.010382325268417092,
    "if_vehicle": true,
    "motion_state": false,
    "pose": [
      [
        -0.09523616880040514,
        -0.9953541783520006,
        0.01414679431654204,
        11.507585015293898
      ],
      [
        0.9948148267745792,
        -0.09567481115236263,
        -0.03449334632104826,
        -28.578621692780416
      ],
      [
        0.03568658826064446,
        0.010788426584704186,
        0.9993047969814522,
        2.8218632205326344
      ],
      [
        0.0,
        0.0,
        0.0,
        1.0
      ]
    ],
    "location": [
      11.507585015293898,
      -28.578621692780416,
      2.8218632205326344
    ],
    "rotation": [
      0.01079551254883085,
      -0.035694167277050826,
      1.666238029078171
    ]
  },
  {
    "label_id": "NjQjKUN8pI-ZQimlGuoBsQ",
    "size": [
      1.9460049702311977,
      4.277104600442166,
      1.4499999999999886
    ],
    "obj_class": "vehicle",
    "point_num_in_lidar": 266,
    "speed": 0.010299008497233166,
    "if_vehicle": true,
    "motion_state": false,
    "pose": [
      [
        -0.9983789001636743,
        0.055131115701912876,
        0.01414679431654204,
        -5.475387530901116
      ],
      [
        -0.05559109315596998,
        -0.997857624824955,
        -0.03449334632104826,
        23.681942668398733
      ],
      [
        0.012214829908619952,
        -0.03522386492368211,
        0.9993047969814522,
        0.2584759134357455
      ],
      [
        0.0,
        0.0,
        0.0,
        1.0
      ]
    ],
    "location": [
      -5.475387530901116,
      23.681942668398733,
      0.2584759134357455
    ],
    "rotation": [
      -0.035233782485742944,
      -0.012215133675332801,
      -3.0859687336625408
    ]
  },
  {
    "label_id": "Q175aDJRl7PlCgCobA9ChQ",
    "size": [
      0.816880950062526,
      0.09569916411282975,
      0.8100000000000023
    ],
    "obj_class": "sign",
    "point_num_in_lidar": 80,
    "speed": 0.0010810877510170624,
    "if_vehicle": false,
    "motion_state": false,
    "pose": [
      [
        -0.9979572170906108,
        -0.062299767795143554,
        0.01414679431654204,
        14.61620813661034
      ],
      [
        0.06178184786193108,
        -0.997493464807836,
        -0.03449334632104826,
        10.722673953321944
      ],
      [
        0.016260262345010098,
        -0.03354886880849735,
        0.9993047969814522,
        2.975487325496516
      ],
      [
        0.0,
        0.0,
        0.0,
        1.0
      ]
    ],
    "location": [
      14.61620813661034,
      10.722673953321944,
      2.975487325496516
    ],
    "rotation": [
      -0.03355960382957209,
      -0.016260978955351366,
      3.0797632498477436
    ]
  },
  {
    "label_id": "T3cNiktshsWqVrlPYROiKA",
    "size": [
      2.097513946648858,
      4.8260551870852515,
      1.4499999999999886
    ],
    "obj_class": "vehicle",
    "point_num_in_lidar": 4395,
    "speed": 0.01619509207418714,
    "if_vehicle": true,
    "motion_state": false,
    "pose": [
      [
        0.9965968908370976,
        -0.08120655998375818,
        0.01414679431654204,
        -16.713975838913143
      ],
      [
        0.0816527559098608,
        0.9960637713077918,
        -0.03449334632104826,
        -5.427656985894515
      ],
      [
        -0.011290023301789751,
        0.03553108644135954,
        0.9993047969814522,
        0.5939318818996071
      ],
      [
        0.0,
        0.0,
        0.0,
        1.0
      ]
    ],
    "location": [
      -16.713975838913143,
      -5.427656985894515,
      0.5939318818996071
    ],
    "rotation": [
      0.03554083290224827,
      0.011290263161981407,
      0.08174898323530043
    ]
  },
  {
    "label_id": "YKPb1MkzJMFBs5crX5wDgA",
    "size": [
      2.1866969615547367,
      4.975542376081814,
      1.5300000000000011
    ],
    "obj_class": "vehicle",
    "point_num_in_lidar": 195,
    "speed": 4.055147181483348,
    "if_vehicle": true,
    "motion_state": true,
    "pose": [
      [
        -0.997722790161093,
        0.0659477232641809,
        0.01414679431654204,
        20.467457422572124
      ],
      [
        -0.06640202442885254,
        -0.9971965604690614,
        -0.03449334632104826,
        5.142744825213768
      ],
      [
        0.011832376976482945,
        -0.035354173515226114,
        0.9993047969814522,
        0.697986011006293
      ],
      [
        0.0,
        0.0,
        0.0,
        1.0
      ]
    ],
    "location": [
      20.467457422572124,
      5.142744825213768,
      0.697986011006293
    ],
    "rotation": [
      -0.035364019319446216,
      -0.01183265309282148,
      -3.075137076047603
    ]
  },
  {
    "label_id": "ZFvMr9wN9-CPPx0LnQsiyw",
    "size": [
      0.9106749139702651,
      0.6788900799441303,
      1.740000000000009
    ],
    "obj_class": "pedestrian",
    "point_num_in_lidar": 29,
    "speed": 0.007062621343884463,
    "if_vehicle": false,
    "motion_state": false,
    "pose": [
      [
        -0.9758395378325216,
        -0.2180299626504951,
        0.01414679431654204,
        35.99869586728482
      ],
      [
        0.21744572467600254,
        -0.9754627444857669,
        -0.03449334632104826,
        -5.117345390539356
      ],
      [
        0.02132025381975849,
        -0.030583811190226,
        0.9993047969814522,
        0.9480350253514302
      ],
      [
        0.0,
        0.0,
        0.0,
        1.0
      ]
    ],
    "location": [
      35.99869586728482,
      -5.117345390539356,
      0.9480350253514302
    ],
    "rotation": [
      -0.030595537669513936,
      -0.02132186934858298,
      2.922345191163881
    ]
  },
  {
    "label_id": "_8n2ltih6YGV4VvLcYeuvA",
    "size": [
      0.41565201678288505,
      0.05391781688397976,
      0.18345640068281455
    ],
    "obj_class": "sign",
    "point_num_in_lidar": 29,
    "speed": 0.003692905532330321,
    "if_vehicle": false,
    "motion_state": false,
    "pose": [
      [
        -0.036341284154502655,
        -0.9992393003062715,
        0.01414679431654204,
        -6.685841665254202
      ],
      [
        0.998726769637563,
        -0.03681098570935526,
        -0.03449334632104826,
        12.744610292769224
      ],
      [
        0.034987864686485584,
        0.012875249688394187,
        0.9993047969814522,
        2.1744806439083675
      ],
      [
        0.0,
        0.0,
        0.0,
        1.0
      ]
    ],
    "location": [
      -6.685841665254202,
      12.744610292769224,
      2.1744806439083675
    ],
    "rotation": [
      0.012883493960799436,
      -0.03499500702470036,
      1.607167893734795
    ]
  },
  {
    "label_id": "_SFSfPAKVug3laTRe36P7A",
    "size": [
      1.5124769999564227,
      4.834983194317003,
      1.5800000000000125
    ],
    "obj_class": "vehicle",
    "point_num_in_lidar": 1031,
    "speed": 1.7763568394002505e-14,
    "if_vehicle": true,
    "motion_state": false,
    "pose": [
      [
        0.9958083456336911,
        0.09036374813417518,
        0.01414679431654204,
        -4.071180151369958
      ],
      [
        -0.08983298054589553,
        0.9953593545377554,
        -0.03449334632104826,
        13.389026192550375
      ],
      [
        -0.017198092118951756,
        0.03307791343670832,
        0.9993047969814522,
        2.4526083878678264
      ],
      [
        0.0,
        0.0,
        0.0,
        1.0
      ]
    ],
    "location": [
      -4.071180151369958,
      13.389026192550375,
      2.4526083878678264
    ],
    "rotation": [
      0.03308884399705182,
      0.017198940024295714,
      -0.0899675883108366
    ]
  },
  {
    "label_id": "_cqh80UXdkf7A2Uf9Nd09w",
    "size": [
      2.744648731977091,
      7.000101787777974,
      2.3102425954895978
    ],
    "obj_class": "vehicle",
    "point_num_in_lidar": 3150,
    "speed": 3.7221458391556904e-14,
    "if_vehicle": true,
    "motion_state": false,
    "pose": [
      [
        0.9986830061406456,
        -0.049316543435732316,
        0.01414679431654204,
        -3.010429185805492
      ],
      [
        0.049779548517830056,
        0.998164418124057,
        -0.03449334632104826,
        13.273276314099348
      ],
      [
        -0.01241973410520617,
        0.035152139829806923,
        0.9993047969814522,
        0.9891463882883045
      ],
      [
        0.0,
        0.0,
        0.0,
        1.0
      ]
    ],
    "location": [
      -3.010429185805492,
      13.273276314099348,
      0.9891463882883045
    ],
    "rotation": [
      0.03516209637866646,
      0.012420053417611363,
      0.04980397491262026
    ]
  },
  {
    "label_id": "auXhaEEj7_TnIkSP3tzCWw",
    "size": [
      1.9383903580788215,
      4.5786654796276824,
      1.5670055110724945
    ],
    "obj_class": "vehicle",
    "point_num_in_lidar": 748,
    "speed": 2.7520653264508637,
    "if_vehicle": true,
    "motion_state": true,
    "pose": [
      [
        -0.06315048823619226,
        0.9979037448802845,
        0.01414679431654204,
        3.41240621725467
      ],
      [
        -0.9974404342847463,
        -0.06263217314953186,
        -0.03449334632104826,
        12.074993171070972
      ],
      [
        -0.03353499499608217,
        -0.01628885632790294,
        0.9993047969814522,
        0.7371506103364425
      ],
      [
        0.0,
        0.0,
        0.0,
        1.0
      ]
    ],
    "location": [
      3.41240621725467,
      12.074993171070972,
      0.7371506103364425
    ],
    "rotation": [
      -0.016298744865731764,
      0.033541283732051785,
      -1.6340244748803485
    ]
  },
  {
    "label_id": "cCz-sprxe54IkoqPBqzeQA",
    "size": [
      2.027781752085596,
      4.262423525941018,
      1.4748355270341733
    ],
    "obj_class": "vehicle",
    "point_num_in_lidar": 21,
    "speed": 5.333694441429199e-14,
    "if_vehicle": true,
    "motion_state": false,
    "pose": [
      [
        -0.9986022205915438,
        0.05092615477535222,
        0.01414679431654204,
        -5.895563794706959
      ],
      [
        -0.05138832339683663,
        -0.9980828869778493,
        -0.03449334632104826,
        29.30864055876404
      ],
      [
        0.01236305981947058,
        -0.03517211227319894,
        0.9993047969814522,
        0.36250614306462126
      ],
      [
        0.0,
        0.0,
        0.0,
        1.0
      ]
    ],
    "location": [
      -5.895563794706959,
      29.30864055876404,
      0.36250614306462126
    ],
    "rotation": [
      -0.0351820580022147,
      -0.012363374780291746,
      -3.09017775302636
    ]
  },
  {
    "label_id": "djwJETMnF8x4cVGX3MsC8A",
    "size": [
      1.9823390091466786,
      4.458846597593478,
      1.4782598895759236
    ],
    "obj_class": "vehicle",
    "point_num_in_lidar": 158,
    "speed": 0.008224153855858795,
    "if_vehicle": true,
    "motion_state": false,
    "pose": [
      [
        -0.996117327742481,
        0.08689152767528131,
        0.01414679431654204,
        18.06639981117894
      ],
      [
        -0.08733467451468674,
        -0.9955816710280427,
        -0.03449334632104826,
        9.397775841105087
      ],
      [
        0.011087109568884515,
        -0.03559492563927995,
        0.9993047969814522,
        0.5860345076937108
      ],
      [
        0.0,
        0.0,
        0.0,
        1.0
      ]
    ],
    "location": [
      18.06639981117894,
      9.397775841105087,
      0.5860345076937108
    ],
    "rotation": [
      -0.035604635706757266,
      -0.011087336726757,
      -3.054141185469972
    ]
  },
  {
    "label_id": "eYuikztkR3GVWeq2x3R4vg",
    "size": [
      2.0826523780188455,
      4.727294552036573,
      1.6500000000000057
    ],
    "obj_class": "vehicle",
    "point_num_in_lidar": 65,
    "speed": 0.015968276263507015,
    "if_vehicle": true,
    "motion_state": false,
    "pose": [
      [
        -0.998602220591544,
        0.050926154775348675,
        0.01414679431654204,
        -5.586761029766535
      ],
      [
        -0.05138832339683309,
        -0.9980828869778495,
        -0.03449334632104826,
        26.34874972537196
      ],
      [
        0.012363059819470707,
        -0.0351721122731989,
        0.9993047969814522,
        0.46244218158247463
      ],
      [
        0.0,
        0.0,
        0.0,
        1.0
      ]
    ],
    "location": [
      -5.586761029766535,
      26.34874972537196,
      0.46244218158247463
    ],
    "rotation": [
      -0.03518205800221466,
      -0.012363374780291873,
      -3.0901777530263637
    ]
  },
  {
    "label_id": "hIXIgHw3ha67NHMRblswLg",
    "size": [
      2.014083700009068,
      3.9843474780506,
      1.6662575940847546
    ],
    "obj_class": "vehicle",
    "point_num_in_lidar": 431,
    "speed": 0.003677543452540387,
    "if_vehicle": true,
    "motion_state": false,
    "pose": [
      [
        -0.05715258847766944,
        -0.9982652201899391,
        0.01414679431654204,
        10.338884171608584
      ],
      [
        0.9977430145260888,
        -0.05761150947483612,
        -0.03449334632104826,
        -17.03955155334387
      ],
      [
        0.035248526135075085,
        0.012143481179762593,
        0.9993047969814522,
        1.7522803034853212
      ],
      [
        0.0,
        0.0,
        0.0,
        1.0
      ]
    ],
    "location": [
      10.338884171608584,
      -17.03955155334387,
      1.7522803034853212
    ],
    "rotation": [
      0.012151331134672682,
      -0.03525582935813204,
      1.6280156713414768
    ]
  },
  {
    "label_id": "hb0ASarWGWDxr2SxCcea0A",
    "size": [
      0.428801848810929,
      0.07469978022218265,
      0.6044489512381972
    ],
    "obj_class": "sign",
    "point_num_in_lidar": 25,
    "speed": 0.005035828645836396,
    "if_vehicle": false,
    "motion_state": false,
    "pose": [
      [
        -0.8858349682296566,
        -0.46378473160737926,
        0.01414679431654204,
        25.92145130864128
      ],
      [
        0.46312273150932864,
        -0.8856226875023666,
        -0.03449334632104826,
        -3.586503622874062
      ],
      [
        0.028526209367906917,
        -0.02400371031646273,
        0.9993047969814522,
        2.5162790732268547
      ],
      [
        0.0,
        0.0,
        0.0,
        1.0
      ]
    ],
    "location": [
      25.92145130864128,
      -3.586503622874062,
      2.5162790732268547
    ],
    "rotation": [
      -0.024015791210416273,
      -0.02853007962687688,
      2.659864579303855
    ]
  },
  {
    "label_id": "hmBHz0-xRezKX2tSDNT3Gw",
    "size": [
      1.7247351383281244,
      3.647309105144183,
      1.3923338815695843
    ],
    "obj_class": "vehicle",
    "point_num_in_lidar": 42,
    "speed": 8.881784197001252e-14,
    "if_vehicle": true,
    "motion_state": false,
    "pose": [
      [
        -0.07460992125207688,
        -0.9971124449435602,
        0.01414679431654204,
        5.469483484186526
      ],
      [
        0.9965822897351246,
        -0.07505963526338455,
        -0.03449334632104826,
        48.95112011296436
      ],
      [
        0.03545559810601115,
        0.011524898819657289,
        0.9993047969814522,
        -0.4153942193076148
      ],
      [
        0.0,
        0.0,
        0.0,
        1.0
      ]
    ],
    "location": [
      5.469483484186526,
      48.95112011296436,
      -0.4153942193076148
    ],
    "rotation": [
      0.011532405254831872,
      -0.03546303084684501,
      1.6455227147083535
    ]
  },
  {
    "label_id": "i4WEZxXNh4J1GX9xl5n5eQ",
    "size": [
      1.9322981237294694,
      4.718592850396311,
      1.4782598895759236
    ],
    "obj_class": "vehicle",
    "point_num_in_lidar": 49,
    "speed": 0.0014572508826877352,
    "if_vehicle": true,
    "motion_state": false,
    "pose": [
      [
        -0.9961173277424845,
        0.08689152767524105,
        0.01414679431654204,
        24.230304315448166
      ],
      [
        -0.0873346745146465,
        -0.9955816710280463,
        -0.03449334632104826,
        9.780427774883492
      ],
      [
        0.011087109568885955,
        -0.0355949256392795,
        0.9993047969814522,
        0.5860345076937108
      ],
      [
        0.0,
        0.0,
        0.0,
        1.0
      ]
    ],
    "location": [
      24.230304315448166,
      9.780427774883492,
      0.5860345076937108
    ],
    "rotation": [
      -0.035604635706756815,
      -0.011087336726758441,
      -3.0541411854700122
    ]
  },
  {
    "label_id": "nBHdqL99senel5XF57qANg",
    "size": [
      2.790137765875432,
      6.283840489035793,
      3.4623338815695774
    ],
    "obj_class": "vehicle",
    "point_num_in_lidar": 45,
    "speed": 1.0660453750117864e-13,
    "if_vehicle": true,
    "motion_state": false,
    "pose": [
      [
        -0.07460992125207334,
        -0.9971124449435604,
        0.01414679431654204,
        3.6637623073955865
      ],
      [
        0.9965822897351249,
        -0.07505963526338101,
        -0.03449334632104826,
        68.76485101343394
      ],
      [
        0.03545559810601111,
        0.011524898819657414,
        0.9993047969814522,
        0.5912884894324861
      ],
      [
        0.0,
        0.0,
        0.0,
        1.0
      ]
    ],
    "location": [
      3.6637623073955865,
      68.76485101343394,
      0.5912884894324861
    ],
    "rotation": [
      0.011532405254831997,
      -0.03546303084684497,
      1.64552271470835
    ]
  },
  {
    "label_id": "nsj7sgrIH9erlwVfmWHNxQ",
    "size": [
      2.1981467431112782,
      4.580517552099105,
      1.710000000000008
    ],
    "obj_class": "vehicle",
    "point_num_in_lidar": 1284,
    "speed": 0.003992262020404316,
    "if_vehicle": true,
    "motion_state": false,
    "pose": [
      [
        -0.9974867513030623,
        0.06942657405797871,
        0.01414679431654204,
        -18.47864074308245
      ],
      [
        -0.06987903739595777,
        -0.9969589405748818,
        -0.03449334632104826,
        6.517131719500881
      ],
      [
        0.011709018211484748,
        -0.03539522033243243,
        0.9993047969814522,
        0.8055427004572095
      ],
      [
        0.0,
        0.0,
        0.0,
        1.0
      ]
    ],
    "location": [
      -18.47864074308245,
      6.517131719500881,
      0.8055427004572095
    ],
    "rotation": [
      -0.0354050432847915,
      -0.011709285781220304,
      -3.0716518175622176
    ]
  },
  {
    "label_id": "wXzm9HyGat82X2noN_2ETQ",
    "size": [
      0.4928979879515032,
      0.060914065595576425,
      0.612229061401024
    ],
    "obj_class": "sign",
    "point_num_in_lidar": 47,
    "speed": 0.003531192043056378,
    "if_vehicle": false,
    "motion_state": false,
    "pose": [
      [
        -0.03634128415453016,
        -0.9992393003062705,
        0.01414679431654204,
        -6.685468798070815
      ],
      [
        0.9987267696375619,
        -0.03681098570938276,
        -0.03449334632104826,
        12.74450635843965
      ],
      [
        0.03498786468648594,
        0.012875249688393223,
        0.9993047969814522,
        3.3281673884259817
      ],
      [
        0.0,
        0.0,
        0.0,
        1.0
      ]
    ],
    "location": [
      -6.685468798070815,
      12.74450635843965,
      3.3281673884259817
    ],
    "rotation": [
      0.012883493960798471,
      -0.034995007024700715,
      1.6071678937348226
    ]
  },
  {
    "label_id": "yprhc4wCTTWWmKyZH8Fnbw",
    "size": [
      2.1216346499294034,
      4.232958032311484,
      1.6466765708208584
    ],
    "obj_class": "vehicle",
    "point_num_in_lidar": 4238,
    "speed": 8.182611475824768,
    "if_vehicle": true,
    "motion_state": true,
    "pose": [
      [
        -0.9957560421938753,
        0.0909382903124685,
        0.01414679431654204,
        -14.750621934249011
      ],
      [
        -0.0913792569831914,
        -0.9952185892821618,
        -0.03449334632104826,
        2.549690114078885
      ],
      [
        0.010942386740981871,
        -0.035639681568009327,
        0.9993047969814522,
        0.912986011006268
      ],
      [
        0.0,
        0.0,
        0.0,
        1.0
      ]
    ],
    "location": [
      -14.750621934249011,
      2.549690114078885,
      0.912986011006268
    ],
    "rotation": [
      -0.03564936594816117,
      -0.010942605118703886,
      -3.050080250160634
    ]
  },
  {
    "label_id": "zkifBz685RBOb_ccW22PWw",
    "size": [
      2.0124930132721826,
      4.458576926140719,
      1.5999999999999943
    ],
    "obj_class": "vehicle",
    "point_num_in_lidar": 114,
    "speed": 0.019321170765516947,
    "if_vehicle": true,
    "motion_state": false,
    "pose": [
      [
        -0.9985551142341589,
        0.051841605370316124,
        0.01414679431654204,
        -1.5076835709310217
      ],
      [
        -0.052303297696725315,
        -0.9980353571440362,
        -0.03449334632104826,
        -22.082028319192432
      ],
      [
        0.01233081047027583,
        -0.03518343137052518,
        0.9993047969814522,
        1.5937300997887007
      ],
      [
        0.0,
        0.0,
        0.0,
        1.0
      ]
    ],
    "location": [
      -1.5076835709310217,
      -22.082028319192432,
      1.5937300997887007
    ],
    "rotation": [
      -0.035193370955097045,
      -0.012331122972659344,
      -3.0892614971332724
    ]
  }
]