[
  {
    "label_id": "-CJmjwPI6Q0mh62S9ssgAw",
    "size": [
      1.7466551828369503,
      4.143167420510736,
      1.5699999999999932
    ],
    "obj_class": "vehicle",
    "point_num_in_lidar": 41,
    "speed": 7.254277194438198e-30,
    "if_vehicle": true,
    "motion_state": false,
    "pose": [
      [
        0.9955205706551461,
        -0.09408941793827362,
        0.009272261562822695,
        94.16426961042544
      ],
      [
        0.09433104289693671,
        0.9950745409174744,
        -0.030468218915029044,
        -4.556445015160847
      ],
      [
        -0.006359854434561554,
        0.031206400784369873,
        0.9994927277382545,
        0.7808468389137033
      ],
      [
        0.0,
        0.0,
        0.0,
        1.0
      ]
    ],
    "location": [
      94.16426961042544,
      -4.556445015160847,
      0.7808468389137033
    ],
    "rotation": [
      0.031212099450324,
      0.006359897308973972,
      0.09447342078428446
    ]
  },
  {
    "label_id": "-TktN3WB6zg7mbcqtA_YxQ",
    "size": [
      2.2190962183035596,
      5.258057719348935,
      1.9457144510971034
    ],
    "obj_class": "vehicle",
    "point_num_in_lidar": 8802,
    "speed": 0.13070059731600786,
    "if_vehicle": true,
    "motion_state": false,
    "pose": [
      [
        0.9983617428651563,
        -0.05646109765810757,
        0.009272261562822695,
        52.1526057851421
      ],
      [
        0.056719379420921055,
        0.9979251473102838,
        -0.030468218915029044,
        -0.18530390194925417
      ],
      [
        -0.007532753902349264,
        0.030944221059677278,
        0.9994927277382545,
        0.7053850461086597
      ],
      [
        0.0,
        0.0,
        0.0,
        1.0
      ]
    ],
    "location": [
      52.1526057851421,
      -0.18530390194925417,
      0.7053850461086597
    ],
    "rotation": [
      0.030950039984328527,
      0.007532825141900743,
      0.05675144726459165
    ]
  },
  {
    "label_id": "-Uk68IlUXVX2NqKU8eqqpQ",
    "size": [
      2.8997645626808914,
      6.3550293086473815,
      4.300000000000011
    ],
    "obj_class": "vehicle",
    "point_num_in_lidar": 409,
    "speed": 4.39855065787699e-30,
    "if_vehicle": true,
    "motion_state": false,
    "pose": [
      [
        0.9975910994641107,
        -0.06874607941910171,
        0.009272261562822695,
        116.96598561310543
      ],
      [
        0.06899896737304954,
        0.9971513576872866,
        -0.030468218915029044,
        7.456509771362164
      ],
      [
        -0.007151277608909126,
        0.031034600479204623,
        0.9994927277382545,
        1.8244134808151387
      ],
      [
        0.0,
        0.0,
        0.0,
        1.0
      ]
    ],
    "location": [
      116.96598561310543,
      7.456509771362164,
      1.8244134808151387
    ],
    "rotation": [
      0.031040378430004706,
      0.0071513385639541995,
      0.06905560265503716
    ]
  },
  {
    "label_id": "2C_tR9AEISq4vJhgMpXBbg",
    "size": [
      1.7966459929087888,
      4.328494415249116,
      1.3000000000000114
    ],
    "obj_class": "vehicle",
    "point_num_in_lidar": 29,
    "speed": 1.4075365228319075e-29,
    "if_vehicle": true,
    "motion_state": false,
    "pose": [
      [
        0.9925748254282132,
        -0.12128166016205012,
        0.009272261562822695,
        94.4473361217955
      ],
      [
        0.1215109958420466,
        0.9921223541104294,
        -0.030468218915029044,
        -9.495650947760055
      ],
      [
        -0.0055039817974398,
        0.03136866880690005,
        0.9994927277382545,
        1.156373547549208
      ],
      [
        0.0,
        0.0,
        0.0,
        1.0
      ]
    ],
    "location": [
      94.4473361217955,
      -9.495650947760055,
      1.156373547549208
    ],
    "rotation": [
      0.03137429089633883,
      0.005504009587253602,
      0.12181387124114024
    ]
  },
  {
    "label_id": "7V3I41HYEccgGPXN1dbm1w",
    "size": [
      0.22378149047487106,
      0.07777568235119064,
      0.30902990718337264
    ],
    "obj_class": "sign",
    "point_num_in_lidar": 23,
    "speed": 0.0017241453787274791,
    "if_vehicle": false,
    "motion_state": false,
    "pose": [
      [
        0.0011815543370466035,
        0.9999563135931786,
        0.009272261562822695,
        58.7497975241439
      ],
      [
        -0.999534664519601,
        0.001463577751478125,
        -0.030468218915029044,
        17.592587682170702
      ],
      [
        -0.03048045854375163,
        -0.009231946994332834,
        0.9994927277382545,
        1.3950851122343977
      ],
      [
        0.0,
        0.0,
        0.0,
        1.0
      ]
    ],
    "location": [
      58.7497975241439,
      17.592587682170702,
      1.3950851122343977
    ],
    "rotation": [
      -0.009236369819625976,
      0.030485180205468528,
      -1.5696142229333379
    ]
  },
  {
    "label_id": "7qjAkzTWMDLeVh79NmZ-dQ",
    "size": [
      0.986026803801978,
      1.0558502950810307,
      1.6999999999999886
    ],
    "obj_class": "pedestrian",
    "point_num_in_lidar": 78,
    "speed": 1.4314176671656351,
    "if_vehicle": false,
    "motion_state": true,
    "pose": [
      [
        -0.9996930531215499,
        -0.02297443592397277,
        0.009272261562822695,
        72.40261679749096
      ],
      [
        0.022682309157887763,
        -0.9992783398470177,
        -0.030468218915029044,
        -1.8827798573554162
      ],
      [
        0.009965560284305687,
        -0.030248550486980396,
        0.9994927277382545,
        0.5670214309433561
      ],
      [
        0.0,
        0.0,
        0.0,
        1.0
      ]
    ],
    "location": [
      72.40261679749096,
      -1.8827798573554162,
      0.5670214309433561
    ],
    "rotation": [
      -0.030254667991763774,
      -0.009965725242282404,
      3.118907272331072
    ]
  },
  {
    "label_id": "8GBSIuKZfKIUqTUQt4DFvQ",
    "size": [
      1.9687537487994036,
      4.479833154242696,
      1.6599999999999966
    ],
    "obj_class": "vehicle",
    "point_num_in_lidar": 55,
    "speed": 0.15090594079520395,
    "if_vehicle": true,
    "motion_state": false,
    "pose": [
      [
        -0.9949129699971218,
        0.1003105542653268,
        0.009272261562822695,
        83.58372141170548
      ],
      [
        -0.10054938638231296,
        -0.9944654385820989,
        -0.030468218915029044,
        -21.424495628416935
      ],
      [
        0.006164659734876531,
        -0.031245546381792156,
        0.9994927277382545,
        2.0663724794338805
      ],
      [
        0.0,
        0.0,
        0.0,
        1.0
      ]
    ],
    "location": [
      83.58372141170548,
      -21.424495628416935,
      2.0663724794338805
    ],
    "rotation": [
      -0.03125122672506313,
      -0.006164698781502062,
      -3.040871142611767
    ]
  },
  {
    "label_id": "92Ylj-kmScTI3SbTsEi34Q",
    "size": [
      2.3035025746619158,
      4.824207576419324,
      1.8880545684315848
    ],
    "obj_class": "vehicle",
    "point_num_in_lidar": 66,
    "speed": 3.518844721090384e-29,
    "if_vehicle": true,
    "motion_state": false,
    "pose": [
      [
        0.9975409065986948,
        -0.06947060405498716,
        0.009272261562822695,
        83.17534411701706
      ],
      [
        0.06972317256115439,
        0.9971009812672703,
        -0.030468218915029044,
        -13.4565598530302
      ],
      [
        -0.007128735530350649,
        0.031039786211922417,
        0.9994927277382545,
        1.4676647955213298
      ],
      [
        0.0,
        0.0,
        0.0,
        1.0
      ]
    ],
    "location": [
      83.17534411701706,
      -13.4565598530302,
      1.4676647955213298
    ],
    "rotation": [
      0.03104556179639125,
      0.0071287959107791425,
      0.0697815636338828
    ]
  },
  {
    "label_id": "BOk7wftIowzDn3hlyO4s8g",
    "size": [
      2.140278195945736,
      4.608048584790058,
      1.8700000000000045
    ],
    "obj_class": "vehicle",
    "point_num_in_lidar": 122,
    "speed": 0.07937282119481891,
    "if_vehicle": true,
    "motion_state": false,
    "pose": [
      [
        -0.9954833800714666,
        0.0944820891333296,
        0.009272261562822695,
        83.30484958071486
      ],
      [
        -0.09472353813881534,
        -0.9950372550606386,
        -0.030468218915029044,
        -16.078134950291968
      ],
      [
        0.006347544718411788,
        -0.031208906972069614,
        0.9994927277382545,
        1.6966920797371472
      ],
      [
        0.0,
        0.0,
        0.0,
        1.0
      ]
    ],
    "location": [
      83.30484958071486,
      -16.078134950291968,
      1.6966920797371472
    ],
    "rotation": [
      -0.031214604467830635,
      -0.006347587344348073,
      -3.0467249715654328
    ]
  },
  {
    "label_id": "EKbHTcx2VGWx8CSDOMujpg",
    "size": [
      2.1189626550484046,
      4.581618389407152,
      1.6779523893837904
    ],
    "obj_class": "vehicle",
    "point_num_in_lidar": 98,
    "speed": 2.6391341258720576e-30,
    "if_vehicle": true,
    "motion_state": false,
    "pose": [
      [
        0.9983548738475054,
        -0.05658242686949858,
        0.009272261562822695,
        82.01612523619485
      ],
      [
        0.05684065557150422,
        0.9979182469072041,
        -0.030468218915029044,
        -3.1107001051663588
      ],
      [
        -0.007528993235033571,
        0.030945136277133304,
        0.9994927277382545,
        0.5306845995616811
      ],
      [
        0.0,
        0.0,
        0.0,
        1.0
      ]
    ],
    "location": [
      82.01612523619485,
      -3.1107001051663588,
      0.5306845995616811
    ],
    "rotation": [
      0.030950954789402435,
      0.007529064367939162,
      0.056872921229654726
    ]
  },
  {
    "label_id": "Ga8vVYz55cr0VoklMBg4Nw",
    "size": [
      2.1012883788885826,
      5.006721862458587,
      2.469999999999999
    ],
    "obj_class": "vehicle",
    "point_num_in_lidar": 110,
    "speed": 0.0014888868831936478,
    "if_vehicle": true,
    "motion_state": false,
    "pose": [
      [
        -0.9964369925392462,
        0.08382926138797246,
        0.009272261562822695,
        101.38464035900358
      ],
      [
        -0.0840754682158194,
        -0.995993475521018,
        -0.030468218915029044,
        15.56262042703662
      ],
      [
        0.006680983732441785,
        -0.031139230156032777,
        0.9994927277382545,
        0.9413733186673596
      ],
      [
        0.0,
        0.0,
        0.0,
        1.0
      ]
    ],
    "location": [
      101.38464035900358,
      15.56262042703662,
      0.9413733186673596
    ],
    "rotation": [
      -0.031144960039511827,
      -0.006681033434996934,
      -3.057415935372816
    ]
  },
  {
    "label_id": "HIko6-fK5hHb4g5v7PVLew",
    "size": [
      1.8162157217575186,
      4.070324299453466,
      1.2800000000000011
    ],
    "obj_class": "vehicle",
    "point_num_in_lidar": 48,
    "speed": 0.02879244315385255,
    "if_vehicle": true,
    "motion_state": false,
    "pose": [
      [
        0.9925748254282195,
        -0.12128166016199768,
        0.009272261562822695,
        94.78495515396253
      ],
      [
        0.12151099584199418,
        0.9921223541104358,
        -0.030468218915029044,
        -14.989248183813373
      ],
      [
        -0.005503981797441457,
        0.03136866880689976,
        0.9994927277382545,
        1.7063735475491058
      ],
      [
        0.0,
        0.0,
        0.0,
        1.0
      ]
    ],
    "location": [
      94.78495515396253,
      -14.989248183813373,
      1.7063735475491058
    ],
    "rotation": [
      0.03137429089633854,
      0.00550400958725526,
      0.12181387124108745
    ]
  },
  {
    "label_id": "HLHTpMbBSXiAzDkKL7CorQ",
    "size": [
      1.7741679865707727,
      3.888164446010762,
      1.4000000000000057
    ],
    "obj_class": "vehicle",
    "point_num_in_lidar": 20,
    "speed": 8.797141959389937e-31,
    "if_vehicle": true,
    "motion_state": false,
    "pose": [
      [
        0.9968557687928079,
        -0.07869308349537785,
        0.009272261562822695,
        114.88073479694356
      ],
      [
        0.07894157268616687,
        0.9964135264728097,
        -0.030468218915029044,
        4.6002146282208685
      ],
      [
        -0.006841368747154615,
        0.03110438670041557,
        0.9994927277382545,
        0.5063727846098232
      ],
      [
        0.0,
        0.0,
        0.0,
        1.0
      ]
    ],
    "location": [
      114.88073479694356,
      4.6002146282208685,
      0.5063727846098232
    ],
    "rotation": [
      0.031110132666700877,
      0.0068414221158879076,
      0.07902564770091819
    ]
  },
  {
    "label_id": "IVW-Adl1uVdcbpaNAxmNrA",
    "size": [
      1.795146936326602,
      4.085098999815888,
      1.5500000000000114
    ],
    "obj_class": "vehicle",
    "point_num_in_lidar": 32,
    "speed": 1.5736787183421547e-29,
    "if_vehicle": true,
    "motion_state": false,
    "pose": [
      [
        -0.9991085933671782,
        0.04118305264753297,
        0.009272261562822695,
        90.86862925485627
      ],
      [
        -0.04144798257518666,
        -0.9986759996998992,
        -0.030468218915029044,
        14.805386809866235
      ],
      [
        0.008005210822076702,
        -0.030825375878286366,
        0.9994927277382545,
        0.6013725557278917
      ],
      [
        0.0,
        0.0,
        0.0,
        1.0
      ]
    ],
    "location": [
      90.86862925485627,
      14.805386809866235,
      0.6013725557278917
    ],
    "rotation": [
      -0.030831247912948966,
      -0.008005296324730684,
      -3.1001314650690275
    ]
  },
  {
    "label_id": "Ji9qNAyVM781UZPbq91ksQ",
    "size": [
      2.1530767782148823,
      4.794953077068618,
      1.5705168509874454
    ],
    "obj_class": "vehicle",
    "point_num_in_lidar": 3558,
    "speed": 0.10565603724646182,
    "if_vehicle": true,
    "motion_state": false,
    "pose": [
      [
        -0.9989342369290408,
        0.04521521266681842,
        0.009272261562822695,
        49.22081657889146
      ],
      [
        -0.04547839444821868,
        -0.9985005775033674,
        -0.030468218915029044,
        11.66713579504598
      ],
      [
        0.007880731527418519,
        -0.03085743458125261,
        0.9994927277382545,
        0.5016089588529837
      ],
      [
        0.0,
        0.0,
        0.0,
        1.0
      ]
    ],
    "location": [
      49.22081657889146,
      11.66713579504598,
      0.5016089588529837
    ],
    "rotation": [
      -0.03086329237526456,
      -0.007880813103057709,
      -3.0960971537229187
    ]
  },
  {
    "label_id": "Q45qOQ6Sw52_SfUE9vEVug",
    "size": [
      1.9820717617255945,
      4.160475567186468,
      1.460000000000008
    ],
    "obj_class": "vehicle",
    "point_num_in_lidar": 167,
    "speed": 0.03553745546826933,
    "if_vehicle": true,
    "motion_state": false,
    "pose": [
      [
        0.9974081350545835,
        -0.07135150518698553,
        0.009272261562822695,
        93.86398510727679
      ],
      [
        0.07160324369379054,
        0.9969677342465371,
        -0.030468218915029044,
        -2.2459498321948104
      ],
      [
        -0.00707019232167469,
        0.031053173410749264,
        0.9994927277382545,
        0.546372021670237
      ],
      [
        0.0,
        0.0,
        0.0,
        1.0
      ]
    ],
    "location": [
      93.86398510727679,
      -2.2459498321948104,
      0.546372021670237
    ],
    "rotation": [
      0.03105894287871384,
      0.007070251226680288,
      0.07166636486527743
    ]
  },
  {
    "label_id": "RQk7gQTbuU86pW7OGRO9mA",
    "size": [
      2.0643344717405747,
      4.21803561067237,
      1.4833326921443302
    ],
    "obj_class": "vehicle",
    "point_num_in_lidar": 4895,
    "speed": 0.18195302431455687,
    "if_vehicle": true,
    "motion_state": false,
    "pose": [
      [
        0.9965296495825078,
        -0.08272050935816817,
        0.009272261562822695,
        58.07595887352966
      ],
      [
        0.08296720951928296,
        0.9960864067844362,
        -0.030468218915029044,
        0.12930662812047444
      ],
      [
        -0.006715627114990121,
        0.031131777186597334,
        0.9994927277382545,
        0.43063250802757125
      ],
      [
        0.0,
        0.0,
        0.0,
        1.0
      ]
    ],
    "location": [
      58.07595887352966,
      0.12930662812047444,
      0.43063250802757125
    ],
    "rotation": [
      0.031137510516518793,
      0.0067156775947505975,
      0.08306456794138509
    ]
  },
  {
    "label_id": "VB-58XURwVRpb2EmYLe7Yw",
    "size": [
      1.9608529155743195,
      4.521745131018506,
      1.6200000000000045
    ],
    "obj_class": "vehicle",
    "point_num_in_lidar": 104,
    "speed": 1.4075365228319075e-29,
    "if_vehicle": true,
    "motion_state": false,
    "pose": [
      [
        -0.9991085933671767,
        0.04118305264756315,
        0.009272261562822695,
        83.54589316325178
      ],
      [
        -0.041447982575216834,
        -0.9986759996998978,
        -0.030468218915029044,
        14.112183211252983
      ],
      [
        0.00800521082207577,
        -0.030825375878286605,
        0.9994927277382545,
        0.3963727083158233
      ],
      [
        0.0,
        0.0,
        0.0,
        1.0
      ]
    ],
    "location": [
      83.54589316325178,
      14.112183211252983,
      0.3963727083158233
    ],
    "rotation": [
      -0.030831247912949205,
      -0.008005296324729752,
      -3.1001314650689973
    ]
  },
  {
    "label_id": "ViGnKuIITDtLefPMiRM3HA",
    "size": [
      1.7884989346075755,
      3.8648780815574977,
      1.2800000000000011
    ],
    "obj_class": "vehicle",
    "point_num_in_lidar": 48,
    "speed": 1.813568896205688e-29,
    "if_vehicle": true,
    "motion_state": false,
    "pose": [
      [
        0.9925748254282182,
        -0.12128166016200824,
        0.009272261562822695,
        94.54648735132116
      ],
      [
        0.12151099584200474,
        0.9921223541104344,
        -0.030468218915029044,
        -12.265045613719252
      ],
      [
        -0.0055039817974411225,
        0.03136866880689981,
        0.9994927277382545,
        1.436373547549067
      ],
      [
        0.0,
        0.0,
        0.0,
        1.0
      ]
    ],
    "location": [
      94.54648735132116,
      -12.265045613719252,
      1.436373547549067
    ],
    "rotation": [
      0.03137429089633859,
      0.005504009587254925,
      0.12181387124109809
    ]
  },
  {
    "label_id": "WJ02kR_Js_1nz4ry9ukSuw",
    "size": [
      2.068082846525288,
      4.142795328816451,
      1.4499999999999886
    ],
    "obj_class": "vehicle",
    "point_num_in_lidar": 1152,
    "speed": 0.086907073148657,
    "if_vehicle": true,
    "motion_state": false,
    "pose": [
      [
        -0.996100219031431,
        0.08774040580625159,
        0.009272261562822695,
        60.91206293912603
      ],
      [
        -0.08798486958751303,
        -0.9956557388775571,
        -0.030468218915029044,
        12.465034480717463
      ],
      [
        0.006558686545599842,
        -0.031165218259144284,
        0.9994927277382545,
        0.43026139782168116
      ],
      [
        0.0,
        0.0,
        0.0,
        1.0
      ]
    ],
    "location": [
      60.91206293912603,
      12.465034480717463,
      0.43026139782168116
    ],
    "rotation": [
      -0.03117093609800803,
      -0.00655873356832374,
      -3.053491966795893
    ]
  },
  {
    "label_id": "Xbw6pFmkQlZzShwDh1kA-w",
    "size": [
      0.5283680437403475,
      0.0917780648195321,
      0.5200000000000102
    ],
    "obj_class": "sign",
    "point_num_in_lidar": 145,
    "speed": 0.027188883455503063,
    "if_vehicle": false,
    "motion_state": false,
    "pose": [
      [
        0.9994420386488666,
        0.032087950182398337,
        0.009272261562822695,
        49.843194552495106
      ],
      [
        -0.0317920545060933,
        0.9990300060090426,
        -0.030468218915029044,
        13.826077469599554
      ],
      [
        -0.01024093021551603,
        0.030156434581436572,
        0.9994927277382545,
        2.5050259084143534
      ],
      [
        0.0,
        0.0,
        0.0,
        1.0
      ]
    ],
    "location": [
      49.843194552495106,
      13.826077469599554,
      2.5050259084143534
    ],
    "rotation": [
      0.030162589413214803,
      0.010241109229709822,
      -0.031799080595548875
    ]
  },
  {
    "label_id": "aFwmS_LxN-2ibTsHMVRa0w",
    "size": [
      0.33730376758812963,
      0.08861196967180238,
      0.5
    ],
    "obj_class": "sign",
    "point_num_in_lidar": 49,
    "speed": 0.022960813599291967,
    "if_vehicle": false,
    "motion_state": false,
    "pose": [
      [
        0.0011815543368951726,
        0.9999563135931787,
        0.009272261562822695,
        51.83870845476781
      ],
      [
        -0.9995346645196012,
        0.0014635777513267532,
        -0.030468218915029044,
        17.130057942054748
      ],
      [
        -0.03048045854375023,
        -0.00923194699433745,
        0.9994927277382545,
        1.1382844124750875
      ],
      [
        0.0,
        0.0,
        0.0,
        1.0
      ]
    ],
    "location": [
      51.83870845476781,
      17.130057942054748,
      1.1382844124750875
    ],
    "rotation": [
      -0.009236369819630594,
      0.030485180205467127,
      -1.5696142229334893
    ]
  },
  {
    "label_id": "eNNkfbxQJ_QKNxKtMrl5kQ",
    "size": [
      1.8380364869456796,
      4.242712689121765,
      1.3600000000000136
    ],
    "obj_class": "vehicle",
    "point_num_in_lidar": 42,
    "speed": 0.10448815653694338,
    "if_vehicle": true,
    "motion_state": false,
    "pose": [
      [
        -0.9901790161555071,
        0.139497459227122,
        0.009272261562822695,
        84.04825933457732
      ],
      [
        -0.13971844308140122,
        -0.9897224076977621,
        -0.030468218915029044,
        -24.034012518893007
      ],
      [
        0.004926725912937999,
        -0.031464496978695175,
        0.9994927277382545,
        2.0863722505520457
      ],
      [
        0.0,
        0.0,
        0.0,
        1.0
      ]
    ],
    "location": [
      84.04825933457732,
      -24.034012518893007,
      2.0863722505520457
    ],
    "rotation": [
      -0.03147007307055371,
      -0.004926745843920105,
      -3.001413878083729
    ]
  },
  {
    "label_id": "gUZr5WnTDZlzLkJcEjLozg",
    "size": [
      1.947515174200037,
      4.409887397377804,
      1.3867488165983843
    ],
    "obj_class": "vehicle",
    "point_num_in_lidar": 620,
    "speed": 2.7203539473679504e-30,
    "if_vehicle": true,
    "motion_state": false,
    "pose": [
      [
        0.9965287132219355,
        -0.08273178887068762,
        0.009272261562822695,
        69.08051132179844
      ],
      [
        0.08297848401481091,
        0.9960854676315429,
        -0.030468218915029044,
        1.171347051247892
      ],
      [
        -0.00671527474026215,
        0.031131853197429955,
        0.9994927277382545,
        0.36830226937095745
      ],
      [
        0.0,
        0.0,
        0.0,
        1.0
      ]
    ],
    "location": [
      69.08051132179844,
      1.171347051247892,
      0.36830226937095745
    ],
    "rotation": [
      0.031137586492219524,
      0.006715325212076787,
      0.08307588150789788
    ]
  },
  {
    "label_id": "kE3oOR1I9KfUcj8qqnc7oA",
    "size": [
      2.0913455513372616,
      5.14052396980888,
      2.0
    ],
    "obj_class": "vehicle",
    "point_num_in_lidar": 1099,
    "speed": 0.05640083288791023,
    "if_vehicle": true,
    "motion_state": false,
    "pose": [
      [
        -0.9961002190314286,
        0.08774040580627858,
        0.009272261562822695,
        68.1095770307362
      ],
      [
        -0.08798486958754001,
        -0.9956557388775548,
        -0.030468218915029044,
        13.068790607206552
      ],
      [
        0.0065586865455989985,
        -0.031165218259144464,
        0.9994927277382545,
        0.639520367617564
      ],
      [
        0.0,
        0.0,
        0.0,
        1.0
      ]
    ],
    "location": [
      68.1095770307362,
      13.068790607206552,
      0.639520367617564
    ],
    "rotation": [
      -0.03117093609800821,
      -0.006558733568322896,
      -3.0534919667958658
    ]
  },
  {
    "label_id": "koNr8QHsB4v_CDKS60snIQ",
    "size": [
      0.33730376758812874,
      0.08861196967180238,
      0.46999999999999886
    ],
    "obj_class": "sign",
    "point_num_in_lidar": 23,
    "speed": 0.0013210007451145765,
    "if_vehicle": false,
    "motion_state": false,
    "pose": [
      [
        0.0011815543369058238,
        0.9999563135931787,
        0.009272261562822695,
        58.60645369216547
      ],
      [
        -0.9995346645196012,
        0.0014635777513373946,
        -0.030468218915029044,
        17.593378283446555
      ],
      [
        -0.030480458543750328,
        -0.009231946994337126,
        0.9994927277382545,
        0.8553593631177137
      ],
      [
        0.0,
        0.0,
        0.0,
        1.0
      ]
    ],
    "location": [
      58.60645369216547,
      17.593378283446555,
      0.8553593631177137
    ],
    "rotation": [
      -0.00923636981963027,
      0.030485180205467224,
      -1.5696142229334786
    ]
  },
  {
    "label_id": "kxcHgdzT0k4G_N-nuOlSxw",
    "size": [
      1.913218138448616,
      3.842970712096971,
      1.5
    ],
    "obj_class": "vehicle",
    "point_num_in_lidar": 74,
    "speed": 5.440707894735901e-30,
    "if_vehicle": true,
    "motion_state": false,
    "pose": [
      [
        -0.9954833800714704,
        0.09448208913328981,
        0.009272261562822695,
        83.53838500416623
      ],
      [
        -0.09472353813877557,
        -0.9950372550606423,
        -0.030468218915029044,
        -18.780071202761064
      ],
      [
        0.006347544718413034,
        -0.03120890697206936,
        0.9994927277382545,
        1.5316920797370983
      ],
      [
        0.0,
        0.0,
        0.0,
        1.0
      ]
    ],
    "location": [
      83.53838500416623,
      -18.780071202761064,
      1.5316920797370983
    ],
    "rotation": [
      -0.031214604467830382,
      -0.006347587344349319,
      -3.0467249715654727
    ]
  },
  {
    "label_id": "tDH6kie0QuZbzKxrWj2JBg",
    "size": [
      2.014545391128209,
      4.495980776823411,
      1.6100000000000136
    ],
    "obj_class": "vehicle",
    "point_num_in_lidar": 93,
    "speed": 0.05035823305912345,
    "if_vehicle": true,
    "motion_state": false,
    "pose": [
      [
        0.9908250539291668,
        -0.13483225753422035,
        0.009272261562822695,
        84.13848792516751
      ],
      [
        0.13505538952233193,
        0.990369491350131,
        -0.030468218915029044,
        -26.4287060708711
      ],
      [
        -0.005074866228277882,
        0.03144094354672928,
        0.9994927277382545,
        2.4413732423733734
      ],
      [
        0.0,
        0.0,
        0.0,
        1.0
      ]
    ],
    "location": [
      84.13848792516751,
      -26.4287060708711,
      2.4413732423733734
    ],
    "rotation": [
      0.03144653099771993,
      0.005074888011773845,
      0.13547111918595953
    ]
  },
  {
    "label_id": "vJQ_clDIded5uOENI4I4YQ",
    "size": [
      2.178727820478575,
      4.716290994184759,
      1.8791319242467068
    ],
    "obj_class": "vehicle",
    "point_num_in_lidar": 3749,
    "speed": 0.14313854988065944,
    "if_vehicle": true,
    "motion_state": false,
    "pose": [
      [
        0.995756842229019,
        -0.0915550999103998,
        0.009272261562822695,
        63.667604201810036
      ],
      [
        0.09179785941718625,
        0.9953114289721426,
        -0.030468218915029044,
        0.6137700379825333
      ],
      [
        -0.0064392670790391114,
        0.031190111218595166,
        0.9994927277382545,
        0.5780741218378296
      ],
      [
        0.0,
        0.0,
        0.0,
        1.0
      ]
    ],
    "location": [
      63.667604201810036,
      0.6137700379825333,
      0.5780741218378296
    ],
    "rotation": [
      0.031195817480949847,
      0.0064393115796700755,
      0.09192918983083637
    ]
  },
  {
    "label_id": "xRwpyKJ4OoZj-m2rjG9MqA",
    "size": [
      0.5647919387993398,
      0.09147087482449624,
      0.6371681415929515
    ],
    "obj_class": "sign",
    "point_num_in_lidar": 24,
    "speed": 0.0015794330488456774,
    "if_vehicle": false,
    "motion_state": false,
    "pose": [
      [
        -0.994681815237459,
        0.10257734448416983,
        0.009272261562822695,
        99.79725425714855
      ],
      [
        -0.1028151562171731,
        -0.9942337407713462,
        -0.030468218915029044,
        17.26969661001307
      ],
      [
        0.006093446311549542,
        -0.03125951231852148,
        0.9994927277382545,
        2.883329247878521
      ],
      [
        0.0,
        0.0,
        0.0,
        1.0
      ]
    ],
    "location": [
      99.79725425714855,
      17.26969661001307,
      2.883329247878521
    ],
    "rotation": [
      -0.031265186101666335,
      -0.006093484020545854,
      -3.038593568817165
    ]
  },
  {
    "label_id": "xVS8fOJBF86-8T0YnGcckA",
    "size": [
      1.868321420234923,
      4.020142356091427,
      1.4099999999999966
    ],
    "obj_class": "vehicle",
    "point_num_in_lidar": 64,
    "speed": 2.199275328938495e-30,
    "if_vehicle": true,
    "motion_state": false,
    "pose": [
      [
        0.9968557687928058,
        -0.07869308349540574,
        0.009272261562822695,
        104.26521567856912
      ],
      [
        0.07894157268619474,
        0.9964135264728075,
        -0.030468218915029044,
        3.7049032646507243
      ],
      [
        -0.006841368747153745,
        0.03110438670041576,
        0.9994927277382545,
        0.4413720979642619
      ],
      [
        0.0,
        0.0,
        0.0,
        1.0
      ]
    ],
    "location": [
      104.26521567856912,
      3.7049032646507243,
      0.4413720979642619
    ],
    "rotation": [
      0.031110132666701068,
      0.006841422115887038,
      0.07902564770094614
    ]
  }
]