[
  {
    "label_id": "-TktN3WB6zg7mbcqtA_YxQ",
    "size": [
      2.219096218303532,
      5.258057719348935,
      1.9457144510971034
    ],
    "obj_class": "vehicle",
    "point_num_in_lidar": 118,
    "speed": 0.038539419609254374,
    "if_vehicle": true,
    "motion_state": false,
    "pose": [
      [
        0.9984662080062933,
        -0.05528288044906243,
        0.0030057609333101545,
        51.986592657599886
      ],
      [
        0.05531953935185242,
        0.9983717334908153,
        -0.013915111657593614,
        -0.3183297807664758
      ],
      [
        -0.0022315992992457275,
        0.014060046080974173,
        0.9998986623997297,
        0.7558399465812897
      ],
      [
        0.0,
        0.0,
        0.0,
        1.0
      ]
    ],
    "location": [
      51.986592657599886,
      -0.3183297807664758,
      0.7558399465812897
    ],
    "rotation": [
      0.014060544378667954,
      0.0022316011514904753,
      0.0553479315200923
    ]
  },
  {
    "label_id": "16CCR-nUo0Ke5k_DRrXysw",
    "size": [
      2.259362929070248,
      4.788477913614035,
      1.758372620774736
    ],
    "obj_class": "vehicle",
    "point_num_in_lidar": 111,
    "speed": 0.021327662990155906,
    "if_vehicle": true,
    "motion_state": false,
    "pose": [
      [
        0.9971693875600552,
        -0.07512774397195889,
        0.0030057609333101545,
        41.23428557886007
      ],
      [
        0.0751625168770802,
        0.9970742027172599,
        -0.013915111657593614,
        -1.0057640162237647
      ],
      [
        -0.0019515557401859958,
        0.014101643926310803,
        0.9998986623997297,
        0.7137621515921069
      ],
      [
        0.0,
        0.0,
        0.0,
        1.0
      ]
    ],
    "location": [
      41.23428557886007,
      -1.0057640162237647,
      0.7137621515921069
    ],
    "rotation": [
      0.01410213819136656,
      0.0019515569789608303,
      0.0752336115067679
    ]
  },
  {
    "label_id": "2tqrXtsaOb8Er6hnMeD4yA",
    "size": [
      0.43025061392045416,
      0.09447742826333183,
      0.18999999999999773
    ],
    "obj_class": "sign",
    "point_num_in_lidar": 48,
    "speed": 0.0009546364820252295,
    "if_vehicle": false,
    "motion_state": false,
    "pose": [
      [
        -0.9980525850311286,
        -0.062305721357621593,
        0.0030057609333101545,
        14.623019481836991
      ],
      [
        0.06225822587602795,
        -0.9979630669410198,
        -0.013915111657593614,
        10.720115076631586
      ],
      [
        0.003866629469095923,
        -0.013700879817742736,
        0.9998986623997297,
        2.467828419916401
      ],
      [
        0.0,
        0.0,
        0.0,
        1.0
      ]
    ],
    "location": [
      14.623019481836991,
      10.720115076631586,
      2.467828419916401
    ],
    "rotation": [
      -0.013701410925840277,
      -0.0038666391040431698,
      3.0792936713695376
    ]
  },
  {
    "label_id": "6OjFlL7Q_guovcwo3zdcBQ",
    "size": [
      2.155029449602778,
      4.70536948148588,
      1.755650015166566
    ],
    "obj_class": "vehicle",
    "point_num_in_lidar": 291,
    "speed": 0.029730518839424003,
    "if_vehicle": true,
    "motion_state": false,
    "pose": [
      [
        -0.07461705121155303,
        -0.997207732154993,
        0.0030057609333101545,
        7.27500306462116
      ],
      [
        0.9971125651330169,
        -0.07465187285937115,
        -0.013915111657593614,
        22.72894785240743
      ],
      [
        0.014100642621791568,
        0.0019587773952203583,
        0.9998986623997297,
        0.6669899393870367
      ],
      [
        0.0,
        0.0,
        0.0,
        1.0
      ]
    ],
    "location": [
      7.27500306462116,
      22.72894785240743,
      0.6669899393870367
    ],
    "rotation": [
      0.0019589734072308967,
      -0.014101109930986901,
      1.645490232843838
    ]
  },
  {
    "label_id": "6_1JJIYW81d3Ggc94_e4oQ",
    "size": [
      2.1065520253788166,
      4.845271544164966,
      1.4721932968977
    ],
    "obj_class": "vehicle",
    "point_num_in_lidar": 4817,
    "speed": 0.1269673729895138,
    "if_vehicle": true,
    "motion_state": false,
    "pose": [
      [
        0.9994715640721122,
        -0.03236600087216862,
        0.0030057609333101545,
        23.362953409152624
      ],
      [
        0.032404817140738215,
        0.9993779552769974,
        -0.013915111657593614,
        -2.2073797930568446
      ],
      [
        -0.002553514699536983,
        0.014005159546065862,
        0.9998986623997297,
        0.6915487787617849
      ],
      [
        0.0,
        0.0,
        0.0,
        1.0
      ]
    ],
    "location": [
      23.362953409152624,
      -2.2073797930568446,
      0.6915487787617849
    ],
    "rotation": [
      0.014005663090221429,
      0.0025535174745505494,
      0.03241059675787162
    ]
  },
  {
    "label_id": "Fa_9NGKVySbo9u6RqA4V2Q",
    "size": [
      0.4066769035776417,
      0.07669842641051185,
      0.5699999999999932
    ],
    "obj_class": "sign",
    "point_num_in_lidar": 29,
    "speed": 0.009132138947459189,
    "if_vehicle": false,
    "motion_state": false,
    "pose": [
      [
        -0.9750959981965197,
        -0.22176284563096818,
        0.0030057609333101545,
        38.26718663381723
      ],
      [
        0.22170159182459523,
        -0.9750152685214716,
        -0.013915111657593614,
        -2.7596137574057593
      ],
      [
        0.006016517561963368,
        -0.012902187708218231,
        0.9998986623997297,
        2.5756583199007252
      ],
      [
        0.0,
        0.0,
        0.0,
        1.0
      ]
    ],
    "location": [
      38.26718663381723,
      -2.7596137574057593,
      2.5756583199007252
    ],
    "rotation": [
      -0.012902779244189849,
      -0.006016553860690009,
      2.918029395736686
    ]
  },
  {
    "label_id": "HU0fq4SmLbWf8TBk8acnew",
    "size": [
      1.9934661963053786,
      4.4272923870399845,
      1.4483726207747338
    ],
    "obj_class": "vehicle",
    "point_num_in_lidar": 596,
    "speed": 0.07729622699168433,
    "if_vehicle": true,
    "motion_state": false,
    "pose": [
      [
        0.9982768836512526,
        -0.05860229491031267,
        0.0030057609333101545,
        35.206257505018016
      ],
      [
        0.05863863949975941,
        0.9981822877737182,
        -0.013915111657593614,
        -1.141165905939772
      ],
      [
        -0.002184839847844166,
        0.014067388032992604,
        0.9998986623997297,
        0.5863153519403284
      ],
      [
        0.0,
        0.0,
        0.0,
        1.0
      ]
    ],
    "location": [
      35.206257505018016,
      -1.141165905939772,
      0.5863153519403284
    ],
    "rotation": [
      0.014067885622472284,
      0.0021848415860792306,
      0.05867243653164541
    ]
  },
  {
    "label_id": "J25g562mY2rUDBNO8fK1nQ",
    "size": [
      2.0637308691718186,
      4.517605396935919,
      1.5844394309837924
    ],
    "obj_class": "vehicle",
    "point_num_in_lidar": 23,
    "speed": 0.00993686531561942,
    "if_vehicle": true,
    "motion_state": false,
    "pose": [
      [
        0.9955007771110689,
        -0.09470569239739449,
        0.0030057609333101545,
        46.807644891884365
      ],
      [
        0.09473858839169146,
        0.9954049274225573,
        -0.013915111657593614,
        -0.6627713367893477
      ],
      [
        -0.0016741089593516937,
        0.014137266016586433,
        0.9998986623997297,
        0.5519769605509168
      ],
      [
        0.0,
        0.0,
        0.0,
        1.0
      ]
    ],
    "location": [
      46.807644891884365,
      -0.6627713367893477,
      0.5519769605509168
    ],
    "rotation": [
      0.014137756789533608,
      0.0016741097413403609,
      0.09488101667914453
    ]
  },
  {
    "label_id": "Ji9qNAyVM781UZPbq91ksQ",
    "size": [
      2.1530767782148836,
      4.794953077068618,
      1.5705168509874454
    ],
    "obj_class": "vehicle",
    "point_num_in_lidar": 107,
    "speed": 0.0015658694976009781,
    "if_vehicle": true,
    "motion_state": false,
    "pose": [
      [
        -0.9989726686117965,
        0.04521695221747705,
        0.0030057609333101545,
        49.01356989166243
      ],
      [
        -0.04525456142720871,
        -0.9988785683643372,
        -0.013915111657593614,
        11.700469594581818
      ],
      [
        0.0023731912389880327,
        -0.0140368406194094,
        0.9998986623997297,
        0.5349805219195787
      ],
      [
        0.0,
        0.0,
        0.0,
        1.0
      ]
    ],
    "location": [
      49.01356989166243,
      11.700469594581818,
      0.5349805219195787
    ],
    "rotation": [
      -0.014037341145569694,
      -0.002373193466643687,
      -3.096322503636558
    ]
  },
  {
    "label_id": "Pq9W_07CA8LHuQphLoWheQ",
    "size": [
      1.9662448774428212,
      4.400241273176624,
      1.4223564566902667
    ],
    "obj_class": "vehicle",
    "point_num_in_lidar": 362,
    "speed": 0.02601474404791494,
    "if_vehicle": true,
    "motion_state": false,
    "pose": [
      [
        -0.9968294931667556,
        0.07951054618175381,
        0.0030057609333101545,
        31.687583542053858
      ],
      [
        -0.07954490032104027,
        -0.9967341563829708,
        -0.013915111657593614,
        10.237125977150043
      ],
      [
        0.00188954646007643,
        -0.014110086654826888,
        0.9998986623997297,
        0.5841810131703369
      ],
      [
        0.0,
        0.0,
        0.0,
        1.0
      ]
    ],
    "location": [
      31.687583542053858,
      10.237125977150043,
      0.5841810131703369
    ],
    "rotation": [
      -0.014110580095463116,
      -0.001889547584479886,
      -3.0619634857784823
    ]
  },
  {
    "label_id": "Q175aDJRl7PlCgCobA9ChQ",
    "size": [
      0.8168809500625278,
      0.09569916411282975,
      0.8100000000000023
    ],
    "obj_class": "sign",
    "point_num_in_lidar": 106,
    "speed": 0.0010810877601239663,
    "if_vehicle": false,
    "motion_state": false,
    "pose": [
      [
        -0.9980525850311338,
        -0.06230572135753736,
        0.0030057609333101545,
        14.624604610214988
      ],
      [
        0.06225822587594375,
        -0.997963066941025,
        -0.013915111657593614,
        10.7201873301277
      ],
      [
        0.0038666294690947673,
        -0.013700879817743062,
        0.9998986623997297,
        2.9778284199164204
      ],
      [
        0.0,
        0.0,
        0.0,
        1.0
      ]
    ],
    "location": [
      14.624604610214988,
      10.7201873301277,
      2.9778284199164204
    ],
    "rotation": [
      -0.013701410925840603,
      -0.003866639104042014,
      3.079293671369622
    ]
  },
  {
    "label_id": "QTfMbm_waW5SFGml-dr_Aw",
    "size": [
      0.5296632865314534,
      0.09912161717784329,
      0.5200000000000102
    ],
    "obj_class": "sign",
    "point_num_in_lidar": 34,
    "speed": 0.0016030549120079015,
    "if_vehicle": false,
    "motion_state": false,
    "pose": [
      [
        0.9994804898681179,
        0.03208918469202592,
        0.0030057609333101545,
        49.7963639617833
      ],
      [
        -0.03204441858928742,
        0.9993895761437736,
        -0.013915111657593614,
        13.838025020603936
      ],
      [
        -0.0034504507331210334,
        0.013811564754574906,
        0.9998986623997297,
        3.061692079736787
      ],
      [
        0.0,
        0.0,
        0.0,
        1.0
      ]
    ],
    "location": [
      49.7963639617833,
      13.838025020603936,
      3.061692079736787
    ],
    "rotation": [
      0.013812086132523308,
      0.0034504575797779905,
      -0.032050096086065384
    ]
  },
  {
    "label_id": "WJ02kR_Js_1nz4ry9ukSuw",
    "size": [
      2.0680828465252903,
      4.142795328816451,
      1.4499999999999886
    ],
    "obj_class": "vehicle",
    "point_num_in_lidar": 27,
    "speed": 0.004378782992731115,
    "if_vehicle": true,
    "motion_state": false,
    "pose": [
      [
        -0.9961385416819073,
        0.08774378141529357,
        0.0030057609333101545,
        60.90874670686196
      ],
      [
        -0.0877773466957384,
        -0.9960429243133114,
        -0.013915111657593614,
        12.455704182454937
      ],
      [
        0.0017729023941476568,
        -0.014125216753463883,
        0.9998986623997297,
        0.42692847172818915
      ],
      [
        0.0,
        0.0,
        0.0,
        1.0
      ]
    ],
    "location": [
      60.90874670686196,
      12.455704182454937,
      0.42692847172818915
    ],
    "rotation": [
      -0.014125708711636303,
      -0.0017729033229083849,
      -3.0537020570576714
    ]
  },
  {
    "label_id": "Xbw6pFmkQlZzShwDh1kA-w",
    "size": [
      0.5283680437403485,
      0.0917780648195321,
      0.5200000000000102
    ],
    "obj_class": "sign",
    "point_num_in_lidar": 24,
    "speed": 0.0015323026185866968,
    "if_vehicle": false,
    "motion_state": false,
    "pose": [
      [
        0.9994804898681175,
        0.032089184692034804,
        0.0030057609333101545,
        49.79798658916809
      ],
      [
        -0.03204441858929631,
        0.9993895761437732,
        -0.013915111657593614,
        13.837866467230342
      ],
      [
        -0.0034504507331211557,
        0.013811564754574873,
        0.9998986623997297,
        2.5316920797369846
      ],
      [
        0.0,
        0.0,
        0.0,
        1.0
      ]
    ],
    "location": [
      49.79798658916809,
      13.837866467230342,
      2.5316920797369846
    ],
    "rotation": [
      0.013812086132523275,
      0.0034504575797781128,
      -0.03205009608607428
    ]
  },
  {
    "label_id": "ZFvMr9wN9-CPPx0LnQsiyw",
    "size": [
      0.910674913970265,
      0.6788900799441303,
      1.740000000000009
    ],
    "obj_class": "pedestrian",
    "point_num_in_lidar": 139,
    "speed": 0.0506598881854432,
    "if_vehicle": false,
    "motion_state": false,
    "pose": [
      [
        -0.9998965866173237,
        -0.014063480089816333,
        0.0030057609333101545,
        35.471630562852056
      ],
      [
        0.014020360425137187,
        -0.9998048805447521,
        -0.013915111657593614,
        -4.958224566099375
      ],
      [
        0.0032008693466183805,
        -0.013871530797189979,
        0.9998986623997297,
        0.9873391432577137
      ],
      [
        0.0,
        0.0,
        0.0,
        1.0
      ]
    ],
    "location": [
      35.471630562852056,
      -4.958224566099375,
      0.9873391432577137
    ],
    "rotation": [
      -0.013872046762458672,
      -0.003200874812429178,
      3.1275717619615957
    ]
  },
  {
    "label_id": "aLKLRVALSecdklsZzsqb1w",
    "size": [
      2.2791812515326497,
      4.723665906330695,
      1.6483726207747225
    ],
    "obj_class": "vehicle",
    "point_num_in_lidar": 2955,
    "speed": 0.07340201574285936,
    "if_vehicle": true,
    "motion_state": false,
    "pose": [
      [
        0.994162589766802,
        -0.1078504080167391,
        0.0030057609333101545,
        28.652293165598508
      ],
      [
        0.10788203473250993,
        0.9940663138088577,
        -0.013915111657593614,
        -1.7657230234009091
      ],
      [
        -0.0014871752212963427,
        0.014158151047812472,
        0.9998986623997297,
        0.7358358747510465
      ],
      [
        0.0,
        0.0,
        0.0,
        1.0
      ]
    ],
    "location": [
      28.652293165598508,
      -1.7657230234009091,
      0.7358358747510465
    ],
    "rotation": [
      0.014158639756679274,
      0.0014871757694920168,
      0.10809252315578052
    ]
  },
  {
    "label_id": "djwJETMnF8x4cVGX3MsC8A",
    "size": [
      1.9823390091466784,
      4.458846597593478,
      1.4782598895759236
    ],
    "obj_class": "vehicle",
    "point_num_in_lidar": 3657,
    "speed": 0.10514672365648624,
    "if_vehicle": true,
    "motion_state": false,
    "pose": [
      [
        -0.9962125198573729,
        0.08689983130383629,
        0.0030057609333101545,
        18.20755087399391
      ],
      [
        -0.08693347757831536,
        -0.9961169309592611,
        -0.013915111657593614,
        9.313973976797698
      ],
      [
        0.001784868500467225,
        -0.014123709699209735,
        0.9998986623997297,
        0.5860345076937392
      ],
      [
        0.0,
        0.0,
        0.0,
        1.0
      ]
    ],
    "location": [
      18.20755087399391,
      9.313973976797698,
      0.5860345076937392
    ],
    "rotation": [
      -0.014124201805334857,
      -0.001784869448161043,
      -3.0545491639995834
    ]
  },
  {
    "label_id": "fry9BMc6wlzy3IkT7E6Lqg",
    "size": [
      1.990341975147653,
      4.870454643302343,
      1.4605168509874602
    ],
    "obj_class": "vehicle",
    "point_num_in_lidar": 105,
    "speed": 0.018403081505800643,
    "if_vehicle": true,
    "motion_state": false,
    "pose": [
      [
        -0.9968294931667582,
        0.07951054618172239,
        0.0030057609333101545,
        37.11692652658223
      ],
      [
        -0.07954490032100883,
        -0.9967341563829734,
        -0.013915111657593614,
        10.75985765972041
      ],
      [
        0.0018895464600768752,
        -0.014110086654826829,
        0.9998986623997297,
        0.5333236086941895
      ],
      [
        0.0,
        0.0,
        0.0,
        1.0
      ]
    ],
    "location": [
      37.11692652658223,
      10.75985765972041,
      0.5333236086941895
    ],
    "rotation": [
      -0.014110580095463057,
      -0.0018895475844803312,
      -3.061963485778514
    ]
  },
  {
    "label_id": "hb0ASarWGWDxr2SxCcea0A",
    "size": [
      0.4288018488109265,
      0.07469978022218265,
      0.6044489512381972
    ],
    "obj_class": "sign",
    "point_num_in_lidar": 134,
    "speed": 0.03366264628458476,
    "if_vehicle": false,
    "motion_state": false,
    "pose": [
      [
        -0.8859196214143141,
        -0.46382905233968497,
        0.0030057609333101545,
        25.95289607275015
      ],
      [
        0.46374918477416577,
        -0.8858572476922303,
        -0.013915111657593614,
        -3.650031552551212
      ],
      [
        0.009116908160945512,
        -0.010933751269184623,
        0.9998986623997297,
        2.5859116610862714
      ],
      [
        0.0,
        0.0,
        0.0,
        1.0
      ]
    ],
    "location": [
      25.95289607275015,
      -3.650031552551212,
      2.5859116610862714
    ],
    "rotation": [
      -0.010934423581622678,
      -0.009117034462220286,
      2.6593486184796915
    ]
  },
  {
    "label_id": "i4WEZxXNh4J1GX9xl5n5eQ",
    "size": [
      1.9322981237294703,
      4.718592850396311,
      1.4782598895759236
    ],
    "obj_class": "vehicle",
    "point_num_in_lidar": 2828,
    "speed": 0.11102200323439616,
    "if_vehicle": true,
    "motion_state": false,
    "pose": [
      [
        -0.9962125198573768,
        0.08689983130379116,
        0.0030057609333101545,
        24.338746423222574
      ],
      [
        -0.08693347757827022,
        -0.996116930959265,
        -0.013915111657593614,
        9.745090007502753
      ],
      [
        0.0017848685004678644,
        -0.014123709699209654,
        0.9998986623997297,
        0.5860345076937392
      ],
      [
        0.0,
        0.0,
        0.0,
        1.0
      ]
    ],
    "location": [
      24.338746423222574,
      9.745090007502753,
      0.5860345076937392
    ],
    "rotation": [
      -0.014124201805334776,
      -0.0017848694481616824,
      -3.0545491639996287
    ]
  },
  {
    "label_id": "svvZ-n56c1SWAdlNP4Um4w",
    "size": [
      2.114824979337721,
      4.587304606114616,
      1.4477359653949975
    ],
    "obj_class": "vehicle",
    "point_num_in_lidar": 1710,
    "speed": 7.147249097905721,
    "if_vehicle": true,
    "motion_state": true,
    "pose": [
      [
        -0.9974049642011145,
        0.07193262672936067,
        0.0030057609333101545,
        29.77171074430919
      ],
      [
        -0.07196770440925764,
        -0.997309891252272,
        -0.013915111657593614,
        5.7619958317744135
      ],
      [
        0.001996724576766821,
        -0.014095319159070028,
        0.9998986623997297,
        0.7028665275726098
      ],
      [
        0.0,
        0.0,
        0.0,
        1.0
      ]
    ],
    "location": [
      29.77171074430919,
      5.7619958317744135,
      0.7028665275726098
    ],
    "rotation": [
      -0.014095814040412586,
      -0.0019967259035624106,
      -3.069562535773793
    ]
  },
  {
    "label_id": "vJQ_clDIded5uOENI4I4YQ",
    "size": [
      2.1787278204785747,
      4.716290994184759,
      1.8791319242467068
    ],
    "obj_class": "vehicle",
    "point_num_in_lidar": 79,
    "speed": 0.021155658287947784,
    "if_vehicle": true,
    "motion_state": false,
    "pose": [
      [
        0.9957951516688677,
        -0.09155862228096576,
        0.0030057609333101545,
        63.725861696861216
      ],
      [
        0.0915918210743788,
        0.9956994064374226,
        -0.013915111657593614,
        0.6042372819013337
      ],
      [
        -0.0017187859249346374,
        0.014131903841158764,
        0.9998986623997297,
        0.6571152177578483
      ],
      [
        0.0,
        0.0,
        0.0,
        1.0
      ]
    ],
    "location": [
      63.725861696861216,
      0.6042372819013337,
      0.6571152177578483
    ],
    "rotation": [
      0.014132395142062762,
      0.0017187867712158366,
      0.09172050438036197
    ]
  }
]