[
  {
    "label_id": "-JGnzjUpLFz8AkqgGh5IIQ",
    "size": [
      1.9429862470348205,
      4.467121733532059,
      1.5911670861936216
    ],
    "obj_class": "vehicle",
    "point_num_in_lidar": 26,
    "speed": 3.580361673049448e-14,
    "if_vehicle": true,
    "motion_state": false,
    "pose": [
      [
        -0.9960522176768237,
        0.08847052006720826,
        0.007276451066243964,
        -7.017123994105077
      ],
      [
        -0.08855644499559331,
        -0.995992940436577,
        -0.012482734085273539,
        51.209827467713765
      ],
      [
        0.006142939917026376,
        -0.013077831606917745,
        0.9998956118563761,
        -0.1529225170030486
      ],
      [
        0.0,
        0.0,
        0.0,
        1.0
      ]
    ],
    "location": [
      -7.017123994105077,
      51.209827467713765,
      -0.1529225170030486
    ],
    "rotation": [
      -0.013078451197226865,
      -0.00614297855238317,
      -3.0529183738229198
    ]
  },
  {
    "label_id": "-TktN3WB6zg7mbcqtA_YxQ",
    "size": [
      2.219096218303531,
      5.258057719348935,
      1.9457144510971034
    ],
    "obj_class": "vehicle",
    "point_num_in_lidar": 35,
    "speed": 0.0824317477979968,
    "if_vehicle": true,
    "motion_state": false,
    "pose": [
      [
        0.9984442851729366,
        -0.05528166662994279,
        0.007276451066243964,
        52.089300055752005
      ],
      [
        0.055369516212933186,
        0.998387899578166,
        -0.012482734085273539,
        -0.2925359676611663
      ],
      [
        -0.006574654352078302,
        0.012866208086059799,
        0.9998956118563761,
        0.7558399465812897
      ],
      [
        0.0,
        0.0,
        0.0,
        1.0
      ]
    ],
    "location": [
      52.089300055752005,
      -0.2925359676611663,
      0.7558399465812897
    ],
    "rotation": [
      0.012866841199613236,
      0.006574701719088681,
      0.05539904572014635
    ]
  },
  {
    "label_id": "-kZBe1CSBNx4Vln1QEyrHA",
    "size": [
      2.153597138417442,
      4.662434529255965,
      1.5800000000000125
    ],
    "obj_class": "vehicle",
    "point_num_in_lidar": 1129,
    "speed": 0.0345917889205947,
    "if_vehicle": true,
    "motion_state": false,
    "pose": [
      [
        -0.05715679516806766,
        -0.998338697049251,
        0.007276451066243964,
        10.109225871050171
      ],
      [
        0.9982821465594188,
        -0.05724453869562933,
        -0.012482734085273539,
        -12.32368361653323
      ],
      [
        0.012878533566932715,
        0.006550478114495161,
        0.9998956118563761,
        1.1036540651271878
      ],
      [
        0.0,
        0.0,
        0.0,
        1.0
      ]
    ],
    "location": [
      10.109225871050171,
      -12.32368361653323,
      1.1036540651271878
    ],
    "rotation": [
      0.006551068260226977,
      -0.012878889591861446,
      1.627989036987552
    ]
  },
  {
    "label_id": "004tDnXYniPAfSyhfxtVgg",
    "size": [
      2.3134237013329373,
      4.899153226705302,
      1.5648355270341767
    ],
    "obj_class": "vehicle",
    "point_num_in_lidar": 71,
    "speed": 2.220446049250313e-14,
    "if_vehicle": true,
    "motion_state": false,
    "pose": [
      [
        0.9994667251624966,
        -0.031832664871718944,
        0.007276451066243964,
        -5.9126093755411375
      ],
      [
        0.03192181364128633,
        0.9994124169548863,
        -0.012482734085273539,
        32.19280053484674
      ],
      [
        -0.006874816856149543,
        0.012708354872189196,
        0.9998956118563761,
        0.18579119828905277
      ],
      [
        0.0,
        0.0,
        0.0,
        1.0
      ]
    ],
    "location": [
      -5.9126093755411375,
      32.19280053484674,
      0.18579119828905277
    ],
    "rotation": [
      0.01270899732150879,
      0.0068748710115019065,
      0.03192799230188107
    ]
  },
  {
    "label_id": "16CCR-nUo0Ke5k_DRrXysw",
    "size": [
      2.259362929070248,
      4.788477913614035,
      1.758372620774736
    ],
    "obj_class": "vehicle",
    "point_num_in_lidar": 25,
    "speed": 0.021327663525205678,
    "if_vehicle": true,
    "motion_state": false,
    "pose": [
      [
        0.9971474932003497,
        -0.07512609442889467,
        0.007276451066243964,
        41.25759552827128
      ],
      [
        0.07521280533875858,
        0.997089371753019,
        -0.012482734085273539,
        -1.020779071159211
      ],
      [
        -0.006317492962611739,
        0.012994409299019478,
        0.9998956118563761,
        0.7114266937430784
      ],
      [
        0.0,
        0.0,
        0.0,
        1.0
      ]
    ],
    "location": [
      41.25759552827128,
      -1.020779071159211,
      0.7114266937430784
    ],
    "rotation": [
      0.012995034359021902,
      0.006317534985979123,
      0.07528540438868749
    ]
  },
  {
    "label_id": "2tqrXtsaOb8Er6hnMeD4yA",
    "size": [
      0.4302506139204514,
      0.09447742826333183,
      0.18999999999999773
    ],
    "obj_class": "sign",
    "point_num_in_lidar": 34,
    "speed": 0.0009546364820394283,
    "if_vehicle": false,
    "motion_state": false,
    "pose": [
      [
        -0.998030671279489,
        -0.06230435334142708,
        0.007276451066243964,
        14.621812075439948
      ],
      [
        0.062210492218796924,
        -0.9979849878668774,
        -0.012482734085273539,
        10.720402256742105
      ],
      [
        0.008039517604175369,
        -0.01200547987609188,
        0.9998956118563761,
        2.467452675686218
      ],
      [
        0.0,
        0.0,
        0.0,
        1.0
      ]
    ],
    "location": [
      14.621812075439948,
      10.720402256742105,
      2.467452675686218
    ],
    "rotation": [
      -0.012006156316456263,
      -0.008039604210847885,
      3.07933994959978
    ]
  },
  {
    "label_id": "6OjFlL7Q_guovcwo3zdcBQ",
    "size": [
      2.1550294496027775,
      4.70536948148588,
      1.755650015166566
    ],
    "obj_class": "vehicle",
    "point_num_in_lidar": 428,
    "speed": 0.02561979057945735,
    "if_vehicle": true,
    "motion_state": false,
    "pose": [
      [
        -0.07461541288151734,
        -0.9971858369533741,
        0.007276451066243964,
        7.247859966044416
      ],
      [
        0.9971277599211456,
        -0.07470215354589543,
        -0.012482734085273539,
        22.701430612961232
      ],
      [
        0.012991172201109655,
        0.006324146994196801,
        0.9998956118563761,
        0.6588650415777408
      ],
      [
        0.0,
        0.0,
        0.0,
        1.0
      ]
    ],
    "location": [
      7.247859966044416,
      22.701430612961232,
      0.6588650415777408
    ],
    "rotation": [
      0.006324722893625405,
      -0.01299153765008909,
      1.6454874649453515
    ]
  },
  {
    "label_id": "6_1JJIYW81d3Ggc94_e4oQ",
    "size": [
      2.1065520253788157,
      4.845271544164966,
      1.4721932968977
    ],
    "obj_class": "vehicle",
    "point_num_in_lidar": 831,
    "speed": 0.0317885304801789,
    "if_vehicle": true,
    "motion_state": false,
    "pose": [
      [
        0.9994496191646454,
        -0.032365290227743204,
        0.007276451066243964,
        23.31712669715739
      ],
      [
        0.03245441004304385,
        0.9993952634561134,
        -0.012482734085273539,
        -2.2081111032728415
      ],
      [
        -0.006868043418868783,
        0.0127120167542222,
        0.9998956118563761,
        0.6915487787617565
      ],
      [
        0.0,
        0.0,
        0.0,
        1.0
      ]
    ],
    "location": [
      23.31712669715739,
      -2.2081111032728415,
      0.6915487787617565
    ],
    "rotation": [
      0.012712658994176335,
      0.006868097414306293,
      0.03246087592400683
    ]
  },
  {
    "label_id": "7smZ5cUZsVHoEo6NaA-_8A",
    "size": [
      2.060188482654666,
      4.5995315342593805,
      1.5218057153942368
    ],
    "obj_class": "vehicle",
    "point_num_in_lidar": 2240,
    "speed": 2.2808890026551425,
    "if_vehicle": true,
    "motion_state": true,
    "pose": [
      [
        0.05019021508191145,
        0.9987131698189987,
        0.007276451066243964,
        2.929541886957054
      ],
      [
        -0.9986572328727421,
        0.05027835101427003,
        -0.012482734085273539,
        9.882809281666312
      ],
      [
        -0.012832518887157968,
        -0.0066401693783989255,
        0.9998956118563761,
        0.8155654636143481
      ],
      [
        0.0,
        0.0,
        0.0,
        1.0
      ]
    ],
    "location": [
      2.929541886957054,
      9.882809281666312,
      0.8155654636143481
    ],
    "rotation": [
      -0.006640764985283268,
      0.012832871109313505,
      -1.5205808775559007
    ]
  },
  {
    "label_id": "9dK1E7yukLqZV3xaj_wIig",
    "size": [
      2.0955586239767507,
      4.606271177782434,
      1.8262575940847512
    ],
    "obj_class": "vehicle",
    "point_num_in_lidar": 163,
    "speed": 0.08257254017470794,
    "if_vehicle": true,
    "motion_state": false,
    "pose": [
      [
        -0.016808778791894245,
        -0.9998322450368391,
        0.007276451066243964,
        10.834241909655248
      ],
      [
        0.9997792827172627,
        -0.016898733654099198,
        -0.012482734085273539,
        -22.23785365651392
      ],
      [
        0.012603602853192458,
        0.007065025511779251,
        0.9998956118563761,
        2.4417741343788464
      ],
      [
        0.0,
        0.0,
        0.0,
        1.0
      ]
    ],
    "location": [
      10.834241909655248,
      -22.23785365651392,
      2.4417741343788464
    ],
    "rotation": [
      0.007065645511100833,
      -0.012603936559123537,
      1.5876072325907233
    ]
  },
  {
    "label_id": "ASh_4SoPlz5qkwL5QzxKGw",
    "size": [
      2.0609696780805424,
      5.122046726895162,
      1.7199999999999989
    ],
    "obj_class": "vehicle",
    "point_num_in_lidar": 171,
    "speed": 0.045054827831789414,
    "if_vehicle": true,
    "motion_state": false,
    "pose": [
      [
        0.9885078649421533,
        -0.15099421911909838,
        0.007276451066243964,
        -1.5469803475311892
      ],
      [
        0.15107624228047892,
        0.9884432964860282,
        -0.012482734085273539,
        -27.301735979717478
      ],
      [
        -0.005307538592960229,
        0.013438579703500311,
        0.9998956118563761,
        3.0459956721707897
      ],
      [
        0.0,
        0.0,
        0.0,
        1.0
      ]
    ],
    "location": [
      -1.5469803475311892,
      -27.301735979717478,
      3.0459956721707897
    ],
    "rotation": [
      0.013439173530636832,
      0.005307563512139662,
      0.15165907378706261
    ]
  },
  {
    "label_id": "E4SZTBYIAyuKYLygem9hXw",
    "size": [
      1.9715589224219294,
      4.224433822501395,
      1.3100000000000023
    ],
    "obj_class": "vehicle",
    "point_num_in_lidar": 109,
    "speed": 0.009517529416769787,
    "if_vehicle": true,
    "motion_state": false,
    "pose": [
      [
        -0.9986286124309891,
        0.051845421148237904,
        0.007276451066243964,
        -1.4122093899525225
      ],
      [
        -0.051933464249210345,
        -0.9985725294843797,
        -0.012482734085273539,
        -24.431813951954837
      ],
      [
        0.0066188915411560766,
        -0.012843506730231635,
        0.9998956118563761,
        2.6900301942777958
      ],
      [
        0.0,
        0.0,
        0.0,
        1.0
      ]
    ],
    "location": [
      -1.4122093899525225,
      -24.431813951954837,
      2.6900301942777958
    ],
    "rotation": [
      -0.01284414122568026,
      -0.006618939870745499,
      -3.0896346769662215
    ]
  },
  {
    "label_id": "ESbEQaOTeTHhYC0unOGdsQ",
    "size": [
      1.9232519189919755,
      4.1528109903756585,
      1.5148355270341654
    ],
    "obj_class": "vehicle",
    "point_num_in_lidar": 35,
    "speed": 0.013440444166706318,
    "if_vehicle": true,
    "motion_state": false,
    "pose": [
      [
        0.9978202860349491,
        -0.06558757532500249,
        0.007276451066243964,
        -6.122917126207085
      ],
      [
        0.06567483804866889,
        0.9977629964059789,
        -0.012482734085273539,
        37.668717203705654
      ],
      [
        -0.006441461356977204,
        0.012933405040810487,
        0.9998956118563761,
        0.3948584955145691
      ],
      [
        0.0,
        0.0,
        0.0,
        1.0
      ]
    ],
    "location": [
      -6.122917126207085,
      37.668717203705654,
      0.3948584955145691
    ],
    "rotation": [
      0.012934033986085329,
      0.006441505903117034,
      0.06572350669377733
    ]
  },
  {
    "label_id": "FLen59IAM_bXFeBGOY6Esw",
    "size": [
      0.5005876084273094,
      0.11481350884087005,
      0.5
    ],
    "obj_class": "sign",
    "point_num_in_lidar": 27,
    "speed": 0.015878559966376667,
    "if_vehicle": false,
    "motion_state": false,
    "pose": [
      [
        0.9883611065480437,
        -0.15195188818506813,
        0.007276451066243964,
        38.321899139403854
      ],
      [
        0.15203384874922804,
        0.9882964586520854,
        -0.012482734085273539,
        -3.076737013484262
      ],
      [
        -0.005294515806354678,
        0.013443715734102428,
        0.9998956118563761,
        3.1397876040673793
      ],
      [
        0.0,
        0.0,
        0.0,
        1.0
      ]
    ],
    "location": [
      38.321899139403854,
      -3.076737013484262,
      3.1397876040673793
    ],
    "rotation": [
      0.013444309169414507,
      0.00529454054255422,
      0.15262787439538994
    ]
  },
  {
    "label_id": "GR2S0cRLIKCA7TZlaRQUiw",
    "size": [
      1.982628356909609,
      4.669387331335671,
      2.2548355270341744
    ],
    "obj_class": "vehicle",
    "point_num_in_lidar": 198,
    "speed": 3.614624287906422e-14,
    "if_vehicle": true,
    "motion_state": false,
    "pose": [
      [
        0.9994946485280399,
        -0.030943510203120042,
        0.007276451066243964,
        -6.670389460592787
      ],
      [
        0.031032707250887085,
        0.9994404196501345,
        -0.012482734085273539,
        40.64822265469357
      ],
      [
        -0.006886119697680041,
        0.012702233892993613,
        0.9998956118563761,
        0.41403777246998175
      ],
      [
        0.0,
        0.0,
        0.0,
        1.0
      ]
    ],
    "location": [
      -6.670389460592787,
      40.64822265469357,
      0.41403777246998175
    ],
    "rotation": [
      0.01270287669151484,
      0.006886174120584991,
      0.03103842645493302
    ]
  },
  {
    "label_id": "HU0fq4SmLbWf8TBk8acnew",
    "size": [
      1.9934661963053788,
      4.4272923870399845,
      1.4483726207747338
    ],
    "obj_class": "vehicle",
    "point_num_in_lidar": 96,
    "speed": 0.07266726146810769,
    "if_vehicle": true,
    "motion_state": false,
    "pose": [
      [
        0.9982549649747983,
        -0.05860100820843419,
        0.007276451066243964,
        35.341570405031916
      ],
      [
        0.058688669833929036,
        0.9981982876076679,
        -0.012482734085273539,
        -1.1398636958560644
      ],
      [
        -0.006531840191590899,
        0.012887996511273989,
        0.9998956118563761,
        0.5854309478931725
      ],
      [
        0.0,
        0.0,
        0.0,
        1.0
      ]
    ],
    "location": [
      35.341570405031916,
      -1.1398636958560644,
      0.5854309478931725
    ],
    "rotation": [
      0.012888628286033385,
      0.006531886639240267,
      0.05872366715427778
    ]
  },
  {
    "label_id": "JCDdYUT-UV2oxkxdT7TaPw",
    "size": [
      3.559081623539326,
      6.254139630824458,
      2.4000000000000057
    ],
    "obj_class": "vehicle",
    "point_num_in_lidar": 77,
    "speed": 0.13973939082022546,
    "if_vehicle": true,
    "motion_state": false,
    "pose": [
      [
        -0.10470067038792423,
        -0.9944771605623731,
        0.007276451066243964,
        5.325471028229458
      ],
      [
        0.9944164900868934,
        -0.10478561730037135,
        -0.012482734085273539,
        55.81506856696157
      ],
      [
        0.013176261365910298,
        0.005928872302581025,
        0.9998956118563761,
        0.5385376253080096
      ],
      [
        0.0,
        0.0,
        0.0,
        1.0
      ]
    ],
    "location": [
      5.325471028229458,
      55.81506856696157,
      0.5385376253080096
    ],
    "rotation": [
      0.0059294217812355604,
      -0.013176642659307288,
      1.675698379344664
    ]
  },
  {
    "label_id": "Ji9qNAyVM781UZPbq91ksQ",
    "size": [
      2.153076778214884,
      4.794953077068618,
      1.5705168509874454
    ],
    "obj_class": "vehicle",
    "point_num_in_lidar": 61,
    "speed": 0.0015658694978295923,
    "if_vehicle": true,
    "motion_state": false,
    "pose": [
      [
        -0.9989507346583328,
        0.04521595941100762,
        0.007276451066243964,
        49.015601871374656
      ],
      [
        -0.045304372818765946,
        -0.9988952373263448,
        -0.012482734085273539,
        11.700593136021823
      ],
      [
        0.00670399351697117,
        -0.012799291436931237,
        0.9998956118563761,
        0.53573201037986
      ],
      [
        0.0,
        0.0,
        0.0,
        1.0
      ]
    ],
    "location": [
      49.015601871374656,
      11.700593136021823,
      0.53573201037986
    ],
    "rotation": [
      -0.012799928585910008,
      -0.0067040437348414045,
      -3.096271749522872
    ]
  },
  {
    "label_id": "K0UQcsCsOoetZk_y1Ie_4w",
    "size": [
      1.78519490290333,
      4.155807753026481,
      1.5048355270341744
    ],
    "obj_class": "vehicle",
    "point_num_in_lidar": 52,
    "speed": 0.021205168984578745,
    "if_vehicle": true,
    "motion_state": false,
    "pose": [
      [
        -0.9998735655430967,
        0.014138818480168618,
        0.007276451066243964,
        -6.313757271752479
      ],
      [
        -0.014228914449492211,
        -0.9998208436231689,
        -0.012482734085273539,
        43.80806930127402
      ],
      [
        0.007098656332266852,
        -0.012584691837286301,
        0.9998956118563761,
        -0.07238965817208509
      ],
      [
        0.0,
        0.0,
        0.0,
        1.0
      ]
    ],
    "location": [
      -6.313757271752479,
      43.80806930127402,
      -0.07238965817208509
    ],
    "rotation": [
      -0.012585341157483988,
      -0.007098715951591382,
      -3.127362900406884
    ]
  },
  {
    "label_id": "NjQjKUN8pI-ZQimlGuoBsQ",
    "size": [
      1.9460049702311963,
      4.277104600442166,
      1.4499999999999886
    ],
    "obj_class": "vehicle",
    "point_num_in_lidar": 90,
    "speed": 0.02154291750935558,
    "if_vehicle": true,
    "motion_state": false,
    "pose": [
      [
        -0.9984523853903499,
        0.05513517360271165,
        0.007276451066243964,
        -5.377042928651804
      ],
      [
        -0.05522303145768971,
        -0.9983960126855372,
        -0.012482734085273539,
        23.67684902107048
      ],
      [
        0.006576542020211357,
        -0.01286524330976632,
        0.9998956118563761,
        0.3686265664640018
      ],
      [
        0.0,
        0.0,
        0.0,
        1.0
      ]
    ],
    "location": [
      -5.377042928651804,
      23.67684902107048,
      0.3686265664640018
    ],
    "rotation": [
      -0.012865876482318041,
      -0.0065765894280330195,
      -3.0863403195856236
    ]
  },
  {
    "label_id": "PXj8sfLxm4G0QYW3eph7tg",
    "size": [
      1.9427759387686019,
      4.908776685589363,
      1.556547947574785
    ],
    "obj_class": "vehicle",
    "point_num_in_lidar": 23,
    "speed": 3.7221458391556904e-14,
    "if_vehicle": true,
    "motion_state": false,
    "pose": [
      [
        0.9995944863784264,
        -0.027530275366048636,
        0.007276451066243964,
        -7.306603528444612
      ],
      [
        0.027619657073455626,
        0.9995405624049987,
        -0.012482734085273539,
        47.63834429088615
      ],
      [
        -0.006929454884377202,
        0.012678645249728917,
        0.9998956118563761,
        0.12035841012212245
      ],
      [
        0.0,
        0.0,
        0.0,
        1.0
      ]
    ],
    "location": [
      -7.306603528444612,
      47.63834429088615,
      0.12035841012212245
    ],
    "rotation": [
      0.012679289385083673,
      0.0069295103412464806,
      0.027623833256051118
    ]
  },
  {
    "label_id": "Pq9W_07CA8LHuQphLoWheQ",
    "size": [
      1.9662448774428223,
      4.400241273176624,
      1.4223564566902667
    ],
    "obj_class": "vehicle",
    "point_num_in_lidar": 121,
    "speed": 0.011151810015578792,
    "if_vehicle": true,
    "motion_state": false,
    "pose": [
      [
        -0.996807606269945,
        0.0795088004076465,
        0.007276451066243964,
        31.69516879058517
      ],
      [
        -0.07959525497946031,
        -0.9967491042055222,
        -0.012482734085273539,
        10.249481470127094
      ],
      [
        0.006260308869146249,
        -0.01302205526120902,
        0.9998956118563761,
        0.5850251975486742
      ],
      [
        0.0,
        0.0,
        0.0,
        1.0
      ]
    ],
    "location": [
      31.69516879058517,
      10.249481470127094,
      0.5850251975486742
    ],
    "rotation": [
      -0.013022678528661399,
      -0.006260349761648992,
      -3.0619115486683306
    ]
  },
  {
    "label_id": "Q175aDJRl7PlCgCobA9ChQ",
    "size": [
      0.8168809500625249,
      0.09569916411282975,
      0.8100000000000023
    ],
    "obj_class": "sign",
    "point_num_in_lidar": 84,
    "speed": 0.0010810877601214442,
    "if_vehicle": false,
    "motion_state": false,
    "pose": [
      [
        -0.9980306712794937,
        -0.06230435334134816,
        0.007276451066243964,
        14.623256981309737
      ],
      [
        0.062210492218718015,
        -0.9979849878668823,
        -0.012482734085273539,
        10.720586431637585
      ],
      [
        0.008039517604174418,
        -0.012005479876092514,
        0.9998956118563761,
        2.977452675686294
      ],
      [
        0.0,
        0.0,
        0.0,
        1.0
      ]
    ],
    "location": [
      14.623256981309737,
      10.720586431637585,
      2.977452675686294
    ],
    "rotation": [
      -0.012006156316456896,
      -0.008039604210846934,
      3.0793399495998592
    ]
  },
  {
    "label_id": "TxDpQtbbV3Ouw__NmluJlQ",
    "size": [
      1.0547902872618058,
      1.036722019424516,
      1.8600000000000136
    ],
    "obj_class": "pedestrian",
    "point_num_in_lidar": 27,
    "speed": 1.6019633717544488,
    "if_vehicle": false,
    "motion_state": true,
    "pose": [
      [
        -0.04412024982367243,
        -0.9989997281357875,
        0.007276451066243964,
        -10.892470507609687
      ],
      [
        0.9989443278119484,
        -0.04420872404956763,
        -0.012482734085273539,
        35.46987485669379
      ],
      [
        0.012791930574827354,
        0.006718028172900873,
        0.9998956118563761,
        0.34134696171702217
      ],
      [
        0.0,
        0.0,
        0.0,
        1.0
      ]
    ],
    "location": [
      -10.892470507609687,
      35.46987485669379,
      0.34134696171702217
    ],
    "rotation": [
      0.0067186284338876,
      -0.01279227946522121,
      1.6149345169628457
    ]
  },
  {
    "label_id": "ZFvMr9wN9-CPPx0LnQsiyw",
    "size": [
      0.9106749139702874,
      0.6788900799441303,
      1.740000000000009
    ],
    "obj_class": "pedestrian",
    "point_num_in_lidar": 100,
    "speed": 0.2123810075158388,
    "if_vehicle": false,
    "motion_state": false,
    "pose": [
      [
        -0.9971189142358803,
        -0.07550446432456717,
        0.007276451066243964,
        35.61170471088383
      ],
      [
        0.07541000695302788,
        -0.9970744767574289,
        -0.012482734085273539,
        -4.989911305117886
      ],
      [
        0.008197665789940831,
        -0.01189805303230434,
        0.9998956118563761,
        0.9855968060406894
      ],
      [
        0.0,
        0.0,
        0.0,
        1.0
      ]
    ],
    "location": [
      35.61170471088383,
      -4.989911305117886,
      0.9855968060406894
    ],
    "rotation": [
      -0.011898733605483798,
      -0.008197757608930397,
      3.0661084499534264
    ]
  },
  {
    "label_id": "ZPbRMB_zowfPYYe8Mud0Lw",
    "size": [
      1.7903741045858252,
      3.7045016183721193,
      1.5148355270341654
    ],
    "obj_class": "vehicle",
    "point_num_in_lidar": 45,
    "speed": 7.191640501203643e-14,
    "if_vehicle": true,
    "motion_state": false,
    "pose": [
      [
        -0.9986757222556185,
        0.050929903171902435,
        0.007276451066243964,
        -5.955982986245999
      ],
      [
        -0.05101799765011032,
        -0.9986197200463897,
        -0.012482734085273539,
        35.04190942961361
      ],
      [
        0.006630663088420215,
        -0.012837433441734157,
        0.9998956118563761,
        0.3048598688055506
      ],
      [
        0.0,
        0.0,
        0.0,
        1.0
      ]
    ],
    "location": [
      -5.955982986245999,
      35.04190942961361,
      0.3048598688055506
    ],
    "rotation": [
      -0.012838068304635466,
      -0.006630711676331126,
      -3.0905513750423625
    ]
  },
  {
    "label_id": "_cqh80UXdkf7A2Uf9Nd09w",
    "size": [
      2.74464873197709,
      7.000101787777974,
      2.3102425954895978
    ],
    "obj_class": "vehicle",
    "point_num_in_lidar": 2988,
    "speed": 3.7221458391556904e-14,
    "if_vehicle": true,
    "motion_state": false,
    "pose": [
      [
        0.9987565137509041,
        -0.04932017335757081,
        0.007276451066243964,
        -3.0104291858053784
      ],
      [
        0.049408357985604556,
        0.9987006536049342,
        -0.012482734085273539,
        13.273276314099348
      ],
      [
        -0.006651345826720019,
        0.012826729476233097,
        0.9998956118563761,
        1.0741474137896887
      ],
      [
        0.0,
        0.0,
        0.0,
        1.0
      ]
    ],
    "location": [
      -3.0104291858053784,
      13.273276314099348,
      1.0741474137896887
    ],
    "rotation": [
      0.012827364984452253,
      0.00665139487073117,
      0.049429576893914536
    ]
  },
  {
    "label_id": "aLKLRVALSecdklsZzsqb1w",
    "size": [
      2.2791812515326493,
      4.723665906330695,
      1.6483726207747225
    ],
    "obj_class": "vehicle",
    "point_num_in_lidar": 321,
    "speed": 0.012267221121746162,
    "if_vehicle": true,
    "motion_state": false,
    "pose": [
      [
        0.9941407614258829,
        -0.10784803999816811,
        0.007276451066243964,
        28.668074484999238
      ],
      [
        0.1079327944401796,
        0.9940798223654327,
        -0.012482734085273539,
        -1.7634220497244542
      ],
      [
        -0.005887134778467487,
        0.013194962465397591,
        0.9998956118563761,
        0.7345777684426196
      ],
      [
        0.0,
        0.0,
        0.0,
        1.0
      ]
    ],
    "location": [
      28.668074484999238,
      -1.7634220497244542,
      0.7345777684426196
    ],
    "rotation": [
      0.013195574068402214,
      0.005887168785399935,
      0.10814534241780221
    ]
  },
  {
    "label_id": "auXhaEEj7_TnIkSP3tzCWw",
    "size": [
      1.9383903580788202,
      4.5786654796276824,
      1.5670055110724945
    ],
    "obj_class": "vehicle",
    "point_num_in_lidar": 35,
    "speed": 9.16040654797993,
    "if_vehicle": true,
    "motion_state": true,
    "pose": [
      [
        0.056402897182016354,
        0.9983815735726274,
        0.007276451066243964,
        4.889430318126529
      ],
      [
        -0.9983250893572325,
        0.05649068338788298,
        -0.012482734085273539,
        -33.01408258414682
      ],
      [
        -0.012873583391914679,
        -0.006560201293749402,
        0.9998956118563761,
        3.7225453682623026
      ],
      [
        0.0,
        0.0,
        0.0,
        1.0
      ]
    ],
    "location": [
      4.889430318126529,
      -33.01408258414682,
      3.7225453682623026
    ],
    "rotation": [
      -0.006560792036629712,
      0.012873939006440481,
      -1.5143587992504226
    ]
  },
  {
    "label_id": "cCz-sprxe54IkoqPBqzeQA",
    "size": [
      2.0277817520856,
      4.262423525941018,
      1.4748355270341733
    ],
    "obj_class": "vehicle",
    "point_num_in_lidar": 28,
    "speed": 5.333694441429199e-14,
    "if_vehicle": true,
    "motion_state": false,
    "pose": [
      [
        -0.9986757222556183,
        0.05092990317190776,
        0.007276451066243964,
        -5.895563794706845
      ],
      [
        -0.05101799765011564,
        -0.9986197200463894,
        -0.012482734085273539,
        29.30864055876401
      ],
      [
        0.006630663088420146,
        -0.012837433441734191,
        0.9998956118563761,
        0.36250614306459283
      ],
      [
        0.0,
        0.0,
        0.0,
        1.0
      ]
    ],
    "location": [
      -5.895563794706845,
      29.30864055876401,
      0.36250614306459283
    ],
    "rotation": [
      -0.0128380683046355,
      -0.006630711676331057,
      -3.090551375042357
    ]
  },
  {
    "label_id": "djwJETMnF8x4cVGX3MsC8A",
    "size": [
      1.9823390091466784,
      4.458846597593478,
      1.4782598895759236
    ],
    "obj_class": "vehicle",
    "point_num_in_lidar": 1364,
    "speed": 0.06782181135870928,
    "if_vehicle": true,
    "motion_state": false,
    "pose": [
      [
        -0.996190646507143,
        0.08689792328681487,
        0.007276451066243964,
        18.075905960465434
      ],
      [
        -0.08698394169022583,
        -0.9961315049920808,
        -0.012482734085273539,
        9.340491488832242
      ],
      [
        0.006163578482667023,
        -0.013068117333843342,
        0.9998956118563761,
        0.5860345076937108
      ],
      [
        0.0,
        0.0,
        0.0,
        1.0
      ]
    ],
    "location": [
      18.075905960465434,
      9.340491488832242,
      0.5860345076937108
    ],
    "rotation": [
      -0.013068737570423053,
      -0.006163617508750144,
      -3.054496988418885
    ]
  },
  {
    "label_id": "eYuikztkR3GVWeq2x3R4vg",
    "size": [
      2.0826523780188504,
      4.727294552036573,
      1.6500000000000057
    ],
    "obj_class": "vehicle",
    "point_num_in_lidar": 72,
    "speed": 0.03366358788333389,
    "if_vehicle": true,
    "motion_state": false,
    "pose": [
      [
        -0.9986757222556186,
        0.050929903171900666,
        0.007276451066243964,
        -5.412705731263259
      ],
      [
        -0.051017997650108546,
        -0.9986197200463898,
        -0.012482734085273539,
        26.343431434767737
      ],
      [
        0.0066306630884202375,
        -0.012837433441734145,
        0.9998956118563761,
        0.4624421815824462
      ],
      [
        0.0,
        0.0,
        0.0,
        1.0
      ]
    ],
    "location": [
      -5.412705731263259,
      26.343431434767737,
      0.4624421815824462
    ],
    "rotation": [
      -0.012838068304635453,
      -0.006630711676331148,
      -3.0905513750423643
    ]
  },
  {
    "label_id": "fry9BMc6wlzy3IkT7E6Lqg",
    "size": [
      1.990341975147653,
      4.870454643302343,
      1.4605168509874602
    ],
    "obj_class": "vehicle",
    "point_num_in_lidar": 47,
    "speed": 0.018403081659765487,
    "if_vehicle": true,
    "motion_state": false,
    "pose": [
      [
        -0.9968076062699476,
        0.07950880040761464,
        0.007276451066243964,
        37.13853030666439
      ],
      [
        -0.07959525497942843,
        -0.9967491042055248,
        -0.012482734085273539,
        10.770138312414431
      ],
      [
        0.006260308869146666,
        -0.013022055261208821,
        0.9998956118563761,
        0.5325161167812382
      ],
      [
        0.0,
        0.0,
        0.0,
        1.0
      ]
    ],
    "location": [
      37.13853030666439,
      10.770138312414431,
      0.5325161167812382
    ],
    "rotation": [
      -0.0130226785286612,
      -0.0062603497616494095,
      -3.0619115486683626
    ]
  },
  {
    "label_id": "hIXIgHw3ha67NHMRblswLg",
    "size": [
      2.014083700009066,
      3.9843474780506,
      1.6662575940847546
    ],
    "obj_class": "vehicle",
    "point_num_in_lidar": 473,
    "speed": 0.050909153400773295,
    "if_vehicle": true,
    "motion_state": false,
    "pose": [
      [
        -0.057156795168056135,
        -0.9983386970492517,
        0.007276451066243964,
        10.354747445544717
      ],
      [
        0.9982821465594195,
        -0.05724453869561781,
        -0.012482734085273539,
        -16.95913340195915
      ],
      [
        0.012878533566932639,
        0.00655047811449531,
        0.9998956118563761,
        1.7522803034853212
      ],
      [
        0.0,
        0.0,
        0.0,
        1.0
      ]
    ],
    "location": [
      10.354747445544717,
      -16.95913340195915,
      1.7522803034853212
    ],
    "rotation": [
      0.0065510682602271265,
      -0.01287888959186137,
      1.6279890369875405
    ]
  },
  {
    "label_id": "hMTaiHjlyCYTfWVtqZpX8g",
    "size": [
      2.210470675764812,
      5.235724388199792,
      2.0
    ],
    "obj_class": "vehicle",
    "point_num_in_lidar": 154,
    "speed": 0.04450304513960678,
    "if_vehicle": true,
    "motion_state": false,
    "pose": [
      [
        -0.9932999279837362,
        0.11533562471060209,
        0.007276451066243964,
        -0.4753863298122951
      ],
      [
        -0.11541991758340384,
        -0.9932383520458705,
        -0.012482734085273539,
        -29.84976488610468
      ],
      [
        0.005787546331957223,
        -0.013238946250307885,
        0.9998956118563761,
        3.5505101420201868
      ],
      [
        0.0,
        0.0,
        0.0,
        1.0
      ]
    ],
    "location": [
      -0.4753863298122951,
      -29.84976488610468,
      3.5505101420201868
    ],
    "rotation": [
      -0.013239554760672154,
      -0.005787578642089659,
      -3.0259129753386893
    ]
  },
  {
    "label_id": "hTFKTsmDpSki6iawT_rpqQ",
    "size": [
      1.9303536955907183,
      4.696774753138751,
      1.681167086193625
    ],
    "obj_class": "vehicle",
    "point_num_in_lidar": 23,
    "speed": 0.019848873114560472,
    "if_vehicle": true,
    "motion_state": false,
    "pose": [
      [
        -0.9960522176768284,
        0.08847052006715296,
        0.007276451066243964,
        -7.518990741889752
      ],
      [
        -0.08855644499553803,
        -0.9959929404365818,
        -0.012482734085273539,
        54.090598637605126
      ],
      [
        0.006142939917027101,
        -0.013077831606917402,
        0.9998956118563761,
        -0.06792251700309748
      ],
      [
        0.0,
        0.0,
        0.0,
        1.0
      ]
    ],
    "location": [
      -7.518990741889752,
      54.090598637605126,
      -0.06792251700309748
    ],
    "rotation": [
      -0.013078451197226521,
      -0.006142978552383895,
      -3.052918373822975
    ]
  },
  {
    "label_id": "hb0ASarWGWDxr2SxCcea0A",
    "size": [
      0.4288018488109265,
      0.07469978022218265,
      0.6044489512381972
    ],
    "obj_class": "sign",
    "point_num_in_lidar": 59,
    "speed": 0.01650350185791611,
    "if_vehicle": false,
    "motion_state": false,
    "pose": [
      [
        -0.8859001697112326,
        -0.4638188682724,
        0.007276451066243964,
        25.981909954204184
      ],
      [
        0.46371453693910814,
        -0.8858967262503598,
        -0.012482734085273539,
        -3.6230746374496334
      ],
      [
        0.012235911774683353,
        -0.0076842601078606155,
        0.9998956118563761,
        2.5712223865923534
      ],
      [
        0.0,
        0.0,
        0.0,
        1.0
      ]
    ],
    "location": [
      25.981909954204184,
      -3.6230746374496334,
      2.5712223865923534
    ],
    "rotation": [
      -0.007684911048883009,
      -0.012236217117017821,
      2.6593702954887646
    ]
  },
  {
    "label_id": "i4WEZxXNh4J1GX9xl5n5eQ",
    "size": [
      1.9322981237294699,
      4.718592850396311,
      1.4782598895759236
    ],
    "obj_class": "vehicle",
    "point_num_in_lidar": 677,
    "speed": 0.036956934514891744,
    "if_vehicle": true,
    "motion_state": false,
    "pose": [
      [
        -0.996190646507147,
        0.08689792328676973,
        0.007276451066243964,
        24.227437132503496
      ],
      [
        -0.0869839416901807,
        -0.9961315049920847,
        -0.012482734085273539,
        9.789913305240475
      ],
      [
        0.0061635784826676145,
        -0.013068117333843063,
        0.9998956118563761,
        0.5860345076937108
      ],
      [
        0.0,
        0.0,
        0.0,
        1.0
      ]
    ],
    "location": [
      24.227437132503496,
      9.789913305240475,
      0.5860345076937108
    ],
    "rotation": [
      -0.013068737570422774,
      -0.006163617508750736,
      -3.05449698841893
    ]
  },
  {
    "label_id": "iefMuR4TcszCUDTBg14MBA",
    "size": [
      1.8792008332705725,
      3.5256488099086702,
      1.4911670861936273
    ],
    "obj_class": "vehicle",
    "point_num_in_lidar": 28,
    "speed": 1.7763568394002505e-14,
    "if_vehicle": true,
    "motion_state": false,
    "pose": [
      [
        -0.9891769279958383,
        0.14654712000103107,
        0.007276451066243964,
        -6.904858972764487
      ],
      [
        -0.14662943271376225,
        -0.989112729071766,
        -0.012482734085273539,
        59.01337342118346
      ],
      [
        0.005367921642154188,
        -0.013414574447472623,
        0.9998956118563761,
        -0.3564209000767278
      ],
      [
        0.0,
        0.0,
        0.0,
        1.0
      ]
    ],
    "location": [
      -6.904858972764487,
      59.01337342118346,
      -0.3564209000767278
    ],
    "rotation": [
      -0.013415170096558522,
      -0.005367947421558858,
      -2.9944305088490464
    ]
  },
  {
    "label_id": "nBHdqL99senel5XF57qANg",
    "size": [
      2.790137765875432,
      6.283840489035793,
      3.4623338815695774
    ],
    "obj_class": "vehicle",
    "point_num_in_lidar": 103,
    "speed": 1.0660453750117864e-13,
    "if_vehicle": true,
    "motion_state": false,
    "pose": [
      [
        -0.07461541288152178,
        -0.9971858369533739,
        0.007276451066243964,
        3.6637623073957
      ],
      [
        0.9971277599211453,
        -0.07470215354589986,
        -0.012482734085273539,
        68.76485101343391
      ],
      [
        0.012991172201109685,
        0.006324146994196744,
        0.9998956118563761,
        0.49128717624964224
      ],
      [
        0.0,
        0.0,
        0.0,
        1.0
      ]
    ],
    "location": [
      3.6637623073957,
      68.76485101343391,
      0.49128717624964224
    ],
    "rotation": [
      0.006324722893625348,
      -0.012991537650089119,
      1.6454874649453561
    ]
  },
  {
    "label_id": "svvZ-n56c1SWAdlNP4Um4w",
    "size": [
      2.11482497933764,
      4.587304606114616,
      1.4477359653949975
    ],
    "obj_class": "vehicle",
    "point_num_in_lidar": 200,
    "speed": 10.089650835198194,
    "if_vehicle": true,
    "motion_state": true,
    "pose": [
      [
        -0.9977577077731095,
        0.06653277267054757,
        0.007276451066243964,
        41.20534412339498
      ],
      [
        -0.06661998108507668,
        -0.9977003355065991,
        -0.012482734085273539,
        6.536179726782549
      ],
      [
