[
  {
    "label_id": "-TktN3WB6zg7mbcqtA_YxQ",
    "size": [
      2.2190962183035325,
      5.258057719348935,
      1.9457144510971034
    ],
    "obj_class": "vehicle",
    "point_num_in_lidar": 105,
    "speed": 0.03300115832321504,
    "if_vehicle": true,
    "motion_state": false,
    "pose": [
      [
        0.9984694795239719,
        -0.05528306158580679,
        0.0015752970604342707,
        51.98404819201164
      ],
      [
        0.055299668592056275,
        0.9983727650821468,
        -0.013920078873239336,
        -0.31923284032203014
      ],
      [
        -0.0008031891044229626,
        0.013985887312871972,
        0.9999018701069292,
        0.7558399465812897
      ],
      [
        0.0,
        0.0,
        0.0,
        1.0
      ]
    ],
    "location": [
      51.98404819201164,
      -0.31923284032203014,
      0.7558399465812897
    ],
    "rotation": [
      0.013986347816374731,
      0.0008031891907809079,
      0.05532791020274465
    ]
  },
  {
    "label_id": "16CCR-nUo0Ke5k_DRrXysw",
    "size": [
      2.2593629290702473,
      4.788477913614035,
      1.758372620774736
    ],
    "obj_class": "vehicle",
    "point_num_in_lidar": 136,
    "speed": 0.021327663168226603,
    "if_vehicle": true,
    "motion_state": false,
    "pose": [
      [
        0.9971726548286451,
        -0.07512799013126013,
        0.0015752970604342707,
        41.23249289615137
      ],
      [
        0.07514267056130165,
        0.9970756292604279,
        -0.013920078873239336,
        -1.004609263423447
      ],
      [
        -0.0005249027595895155,
        0.013999094033500605,
        0.9999018701069292,
        0.7139417630888545
      ],
      [
        0.0,
        0.0,
        0.0,
        1.0
      ]
    ],
    "location": [
      41.23249289615137,
      -1.004609263423447,
      0.7139417630888545
    ],
    "rotation": [
      0.013999553247108361,
      0.0005249027836933075,
      0.07521357575117184
    ]
  },
  {
    "label_id": "2tqrXtsaOb8Er6hnMeD4yA",
    "size": [
      0.4302506139204531,
      0.09447742826333183,
      0.18999999999999773
    ],
    "obj_class": "sign",
    "point_num_in_lidar": 51,
    "speed": 0.0009546364979099277,
    "if_vehicle": false,
    "motion_state": false,
    "pose": [
      [
        -0.9980558551935531,
        -0.06230592550501519,
        0.0015752970604342707,
        14.623112339034492
      ],
      [
        0.06227808035043384,
        -0.9979617588425057,
        -0.013920078873239336,
        10.720092990662735
      ],
      [
        0.0024393896224304,
        -0.01379490974728707,
        0.9999018701069292,
        2.4678573170268976
      ],
      [
        0.0,
        0.0,
        0.0,
        1.0
      ]
    ],
    "location": [
      14.623112339034492,
      10.720092990662735,
      2.4678573170268976
    ],
    "rotation": [
      -0.013795388360477747,
      -0.0024393920417510274,
      3.079274058949578
    ]
  },
  {
    "label_id": "6OjFlL7Q_guovcwo3zdcBQ",
    "size": [
      2.155029449602776,
      4.70536948148588,
      1.755650015166566
    ],
    "obj_class": "vehicle",
    "point_num_in_lidar": 264,
    "speed": 0.02973051883941993,
    "if_vehicle": true,
    "motion_state": false,
    "pose": [
      [
        -0.07461729569754517,
        -0.997210999549221,
        0.0015752970604342707,
        7.2770905407725195
      ],
      [
        0.9971139815120537,
        -0.07463202581561383,
        -0.013920078873239336,
        22.731064102360804
      ],
      [
        0.013998823377868584,
        0.0005320720825761992,
        0.9999018701069292,
        0.6676147954756004
      ],
      [
        0.0,
        0.0,
        0.0,
        1.0
      ]
    ],
    "location": [
      7.2770905407725195,
      22.731064102360804,
      0.6676147954756004
    ],
    "rotation": [
      0.0005321242496520776,
      -0.013999280636227194,
      1.6454903709651307
    ]
  },
  {
    "label_id": "6_1JJIYW81d3Ggc94_e4oQ",
    "size": [
      2.1065520253788157,
      4.845271544164966,
      1.4721932968977
    ],
    "obj_class": "vehicle",
    "point_num_in_lidar": 4290,
    "speed": 0.13408816867831158,
    "if_vehicle": true,
    "motion_state": false,
    "pose": [
      [
        0.9994748388838833,
        -0.03236610692076892,
        0.0015752970604342707,
        23.381287230320368
      ],
      [
        0.032384927946787184,
        0.9993785308110456,
        -0.013920078873239336,
        -2.2052433501045243
      ],
      [
        -0.0011237793006909599,
        0.013963784470878784,
        0.9999018701069292,
        0.6915487787617565
      ],
      [
        0.0,
        0.0,
        0.0,
        1.0
      ]
    ],
    "location": [
      23.381287230320368,
      -2.2052433501045243,
      0.6915487787617565
    ],
    "rotation": [
      0.013964247122245284,
      0.0011237795372241457,
      0.032390611876632905
    ]
  },
  {
    "label_id": "Fa_9NGKVySbo9u6RqA4V2Q",
    "size": [
      0.406676903577642,
      0.07669842641051185,
      0.5699999999999932
    ],
    "obj_class": "sign",
    "point_num_in_lidar": 32,
    "speed": 0.007783542471001825,
    "if_vehicle": false,
    "motion_state": false,
    "pose": [
      [
        -0.9750991931406938,
        -0.22176357224652363,
        0.0015752970604342707,
        38.26745163806061
      ],
      [
        0.22172097859700776,
        -0.9750107891988415,
        -0.013920078873239336,
        -2.7591347222961815
      ],
      [
        0.004622898046999553,
        -0.01322418127193002,
        0.9999018701069292,
        2.574605830893205
      ],
      [
        0.0,
        0.0,
        0.0,
        1.0
      ]
    ],
    "location": [
      38.26745163806061,
      -2.7591347222961815,
      2.574605830893205
    ],
    "rotation": [
      -0.013224708063643497,
      -0.004622914513293852,
      2.9180111995729225
    ]
  },
  {
    "label_id": "HU0fq4SmLbWf8TBk8acnew",
    "size": [
      1.993466196305379,
      4.4272923870399845,
      1.4483726207747338
    ],
    "obj_class": "vehicle",
    "point_num_in_lidar": 726,
    "speed": 0.06998412014632235,
    "if_vehicle": true,
    "motion_state": false,
    "pose": [
      [
        0.9982801545486015,
        -0.05860248692326683,
        0.0015752970604342707,
        35.1958510862022
      ],
      [
        0.058618772279653446,
        0.9981833854260392,
        -0.013920078873239336,
        -1.1412660541408286
      ],
      [
        -0.0007566841126961174,
        0.013988480468564492,
        0.9999018701069292,
        0.5863833682115853
      ],
      [
        0.0,
        0.0,
        0.0,
        1.0
      ]
    ],
    "location": [
      35.1958510862022,
      -1.1412660541408286,
      0.5863833682115853
    ],
    "rotation": [
      0.013988940719179832,
      0.0007566841849053464,
      0.05865241169057199
    ]
  },
  {
    "label_id": "J25g562mY2rUDBNO8fK1nQ",
    "size": [
      2.063730869171819,
      4.517605396935919,
      1.5844394309837924
    ],
    "obj_class": "vehicle",
    "point_num_in_lidar": 31,
    "speed": 0.009936865232472876,
    "if_vehicle": true,
    "motion_state": false,
    "pose": [
      [
        0.9955040389123847,
        -0.09470600270468892,
        0.0015752970604342707,
        46.80730439758793
      ],
      [
        0.09471877393589882,
        0.9954067436320907,
        -0.013920078873239336,
        -0.6637046883399478
      ],
      [
        -0.0002497462897615949,
        0.014006704946437876,
        0.9999018701069292,
        0.5519769605508884
      ],
      [
        0.0,
        0.0,
        0.0,
        1.0
      ]
    ],
    "location": [
      46.80730439758793,
      -0.6637046883399478,
      0.5519769605508884
    ],
    "rotation": [
      0.014007163414473356,
      0.00024974629235784124,
      0.09486098232585194
    ]
  },
  {
    "label_id": "Ji9qNAyVM781UZPbq91ksQ",
    "size": [
      2.1530767782148836,
      4.794953077068618,
      1.5705168509874454
    ],
    "obj_class": "vehicle",
    "point_num_in_lidar": 141,
    "speed": 0.0015658695238674881,
    "if_vehicle": true,
    "motion_state": false,
    "pose": [
      [
        -0.9989759417889149,
        0.04521710037277701,
        0.0015752970604342707,
        49.013413619556104
      ],
      [
        -0.0452346812796816,
        -0.9988793996342543,
        -0.013920078873239336,
        11.700460093462851
      ],
      [
        0.0009441061783639546,
        -0.013977081962619807,
        0.9999018701069292,
        0.5349227276985005
      ],
      [
        0.0,
        0.0,
        0.0,
        1.0
      ]
    ],
    "location": [
      49.013413619556104,
      11.700460093462851,
      0.5349227276985005
    ],
    "rotation": [
      -0.013977543323426704,
      -0.0009441063186167231,
      -3.0963425115520415
    ]
  },
  {
    "label_id": "Pq9W_07CA8LHuQphLoWheQ",
    "size": [
      1.9662448774428214,
      4.400241273176624,
      1.4223564566902667
    ],
    "obj_class": "vehicle",
    "point_num_in_lidar": 375,
    "speed": 0.03437945707236681,
    "if_vehicle": true,
    "motion_state": false,
    "pose": [
      [
        -0.9968327593216672,
        0.07951080670149503,
        0.0015752970604342707,
        31.687000188411957
      ],
      [
        -0.07952506046806546,
        -0.996735670156192,
        -0.013920078873239336,
        10.236175761504796
      ],
      [
        0.0004633580706673348,
        -0.014001266227172612,
        0.9999018701069292,
        0.5841160900462228
      ],
      [
        0.0,
        0.0,
        0.0,
        1.0
      ]
    ],
    "location": [
      31.687000188411957,
      10.236175761504796,
      0.5841160900462228
    ],
    "rotation": [
      -0.014001725228155616,
      -0.00046335808724788684,
      -3.061983522572956
    ]
  },
  {
    "label_id": "Q175aDJRl7PlCgCobA9ChQ",
    "size": [
      0.8168809500625245,
      0.09569916411282975,
      0.8100000000000023
    ],
    "obj_class": "sign",
    "point_num_in_lidar": 122,
    "speed": 0.0010810877780829192,
    "if_vehicle": false,
    "motion_state": false,
    "pose": [
      [
        -0.998055855193558,
        -0.062305925504938964,
        0.0015752970604342707,
        14.624708251411107
      ],
      [
        0.06227808035035763,
        -0.9979617588425105,
        -0.013920078873239336,
        10.720156636694483
      ],
      [
        0.0024393896224293465,
        -0.013794909747287257,
        0.9999018701069292,
        2.9778573170269453
      ],
      [
        0.0,
        0.0,
        0.0,
        1.0
      ]
    ],
    "location": [
      14.624708251411107,
      10.720156636694483,
      2.9778573170269453
    ],
    "rotation": [
      -0.013795388360477934,
      -0.002439392041749974,
      3.0792740589496543
    ]
  },
  {
    "label_id": "QTfMbm_waW5SFGml-dr_Aw",
    "size": [
      0.529663286531454,
      0.09912161717784329,
      0.5200000000000102
    ],
    "obj_class": "sign",
    "point_num_in_lidar": 37,
    "speed": 0.0016030549388303945,
    "if_vehicle": false,
    "motion_state": false,
    "pose": [
      [
        0.9994837647091348,
        0.03208928983362252,
        0.0015752970604342707,
        49.79652136815196
      ],
      [
        -0.0320643035453734,
        0.9993888691807172,
        -0.013920078873239336,
        13.837994813654987
      ],
      [
        -0.0020210197933213767,
        0.013862382034153443,
        0.9999018701069292,
        3.0616920797367584
      ],
      [
        0.0,
        0.0,
        0.0,
        1.0
      ]
    ],
    "location": [
      49.79652136815196,
      13.837994813654987,
      3.0616920797367584
    ],
    "rotation": [
      0.013862854364862526,
      0.002021021169140205,
      -0.032069865929401475
    ]
  },
  {
    "label_id": "WJ02kR_Js_1nz4ry9ukSuw",
    "size": [
      2.068082846525289,
      4.142795328816451,
      1.4499999999999886
    ],
    "obj_class": "vehicle",
    "point_num_in_lidar": 35,
    "speed": 0.004378782955986561,
    "if_vehicle": true,
    "motion_state": false,
    "pose": [
      [
        -0.9961418055728868,
        0.08774406891158007,
        0.0015752970604342707,
        60.90844509389524
      ],
      [
        -0.08775752002694637,
        -0.9960446019545925,
        -0.013920078873239336,
        12.45602151928496
      ],
      [
        0.00034766177361235097,
        -0.014004616665835079,
        0.9999018701069292,
        0.42705190919309644
      ],
      [
        0.0,
        0.0,
        0.0,
        1.0
      ]
    ],
    "location": [
      60.90844509389524,
      12.45602151928496,
      0.42705190919309644
    ],
    "rotation": [
      -0.014005075338601998,
      -0.00034766178061592295,
      -3.0537220936950003
    ]
  },
  {
    "label_id": "Xbw6pFmkQlZzShwDh1kA-w",
    "size": [
      0.5283680437403453,
      0.0917780648195321,
      0.5200000000000102
    ],
    "obj_class": "sign",
    "point_num_in_lidar": 29,
    "speed": 0.0015323026442414856,
    "if_vehicle": false,
    "motion_state": false,
    "pose": [
      [
        0.9994837647091351,
        0.03208928983361452,
        0.0015752970604342707,
        49.7981334197317
      ],
      [
        -0.032064303545365415,
        0.9993888691807176,
        -0.013920078873239336,
        13.83782273603434
      ],
      [
        -0.002021019793321266,
        0.01386238203415346,
        0.9999018701069292,
        2.531692079736928
      ],
      [
        0.0,
        0.0,
        0.0,
        1.0
      ]
    ],
    "location": [
      49.7981334197317,
      13.83782273603434,
      2.531692079736928
    ],
    "rotation": [
      0.013862854364862544,
      0.0020210211691400943,
      -0.03206986592939349
    ]
  },
  {
    "label_id": "ZFvMr9wN9-CPPx0LnQsiyw",
    "size": [
      0.9106749139701653,
      0.6788900799441303,
      1.740000000000009
    ],
    "obj_class": "pedestrian",
    "point_num_in_lidar": 126,
    "speed": 0.042945925929661274,
    "if_vehicle": false,
    "motion_state": false,
    "pose": [
      [
        -0.999955205638556,
        -0.009333014278602229,
        0.0015752970604342707,
        35.46594839710008
      ],
      [
        0.00931019425765476,
        -0.9998597660107379,
        -0.013920078873239336,
        -4.959007527573988
      ],
      [
        0.0017049924451264253,
        -0.013904789010548804,
        0.9999018701069292,
        0.9862281523932381
      ],
      [
        0.0,
        0.0,
        0.0,
        1.0
      ]
    ],
    "location": [
      35.46594839710008,
      -4.959007527573988,
      0.9862281523932381
    ],
    "rotation": [
      -0.01390525732810913,
      -0.001704993271196129,
      3.132282311293078
    ]
  },
  {
    "label_id": "aLKLRVALSecdklsZzsqb1w",
    "size": [
      2.2791812515326493,
      4.723665906330695,
      1.6483726207747225
    ],
    "obj_class": "vehicle",
    "point_num_in_lidar": 3671,
    "speed": 0.08871976413301319,
    "if_vehicle": true,
    "motion_state": false,
    "pose": [
      [
        0.9941658471834893,
        -0.10785076139326097,
        0.0015752970604342707,
        28.65107948510297
      ],
      [
        0.10786224600281649,
        0.9940683916569274,
        -0.013920078873239336,
        -1.765899982424429
      ],
      [
        -6.46619101146726e-05,
        0.014008782084935051,
        0.9999018701069292,
        0.735932630861754
      ],
      [
        0.0,
        0.0,
        0.0,
        1.0
      ]
    ],
    "location": [
      28.65107948510297,
      -1.765899982424429,
      0.735932630861754
    ],
    "rotation": [
      0.014009240349210268,
      6.466191015973292e-05,
      0.10807249850209273
    ]
  },
  {
    "label_id": "djwJETMnF8x4cVGX3MsC8A",
    "size": [
      1.982339009146679,
      4.458846597593478,
      1.4782598895759236
    ],
    "obj_class": "vehicle",
    "point_num_in_lidar": 3655,
    "speed": 0.10622974049059071,
    "if_vehicle": true,
    "motion_state": false,
    "pose": [
      [
        -0.9962157839907447,
        0.08690011603488908,
        0.0015752970604342707,
        18.217675177281194
      ],
      [
        -0.0869136494953628,
        -0.9961185918029839,
        -0.013920078873239336,
        9.311934617075735
      ],
      [
        0.00035952622021185986,
        -0.014004317104478787,
        0.9999018701069292,
        0.5860345076937108
      ],
      [
        0.0,
        0.0,
        0.0,
        1.0
      ]
    ],
    "location": [
      18.217675177281194,
      9.311934617075735,
      0.5860345076937108
    ],
    "rotation": [
      -0.01400477580660417,
      -0.0003595262279571997,
      -3.0545692007797434
    ]
  },
  {
    "label_id": "fry9BMc6wlzy3IkT7E6Lqg",
    "size": [
      1.9903419751476539,
      4.870454643302343,
      1.4605168509874602
    ],
    "obj_class": "vehicle",
    "point_num_in_lidar": 73,
    "speed": 0.016110875555894306,
    "if_vehicle": true,
    "motion_state": false,
    "pose": [
      [
        -0.9968327593216697,
        0.07951080670146271,
        0.0015752970604342707,
        37.11526505909808
      ],
      [
        -0.07952506046803313,
        -0.9967356701561946,
        -0.013920078873239336,
        10.759067012430876
      ],
      [
        0.00046335807066778876,
        -0.014001266227172597,
        0.9999018701069292,
        0.5333857099353168
      ],
      [
        0.0,
        0.0,
        0.0,
        1.0
      ]
    ],
    "location": [
      37.11526505909808,
      10.759067012430876,
      0.5333857099353168
    ],
    "rotation": [
      -0.0140017252281556,
      -0.0004633580872483408,
      -3.0619835225729886
    ]
  },
  {
    "label_id": "hb0ASarWGWDxr2SxCcea0A",
    "size": [
      0.4288018488109262,
      0.07469978022218265,
      0.6044489512381972
    ],
    "obj_class": "sign",
    "point_num_in_lidar": 110,
    "speed": 0.03124326186894019,
    "if_vehicle": false,
    "motion_state": false,
    "pose": [
      [
        -0.8859225241682402,
        -0.4638305720956148,
        0.0015752970604342707,
        25.947537086031048
      ],
      [
        0.463766780577792,
        -0.8858479579683372,
        -0.013920078873239336,
        -3.6535872635068074
      ],
      [
        0.007852031831569906,
        -0.011601540965829923,
        0.9999018701069292,
        2.5859116610862714
      ],
      [
        0.0,
        0.0,
        0.0,
        1.0
      ]
    ],
    "location": [
      25.947537086031048,
      -3.6535872635068074,
      2.5859116610862714
    ],
    "rotation": [
      -0.011602158918275146,
      -0.00785211251919887,
      2.6593343751307477
    ]
  },
  {
    "label_id": "i4WEZxXNh4J1GX9xl5n5eQ",
    "size": [
      1.932298123729471,
      4.718592850396311,
      1.4782598895759236
    ],
    "obj_class": "vehicle",
    "point_num_in_lidar": 3109,
    "speed": 0.11234931464919713,
    "if_vehicle": true,
    "motion_state": false,
    "pose": [
      [
        -0.9962157839907487,
        0.08690011603484352,
        0.0015752970604342707,
        24.34887114182891
      ],
      [
        -0.08691364949531724,
        -0.996118591802988,
        -0.013920078873239336,
        9.740990595475395
      ],
      [
        0.00035952622021250046,
        -0.014004317104478772,
        0.9999018701069292,
        0.5860345076936824
      ],
      [
        0.0,
        0.0,
        0.0,
        1.0
      ]
    ],
    "location": [
      24.34887114182891,
      9.740990595475395,
      0.5860345076936824
    ],
    "rotation": [
      -0.014004775806604154,
      -0.0003595262279578403,
      -3.054569200779789
    ]
  },
  {
    "label_id": "kE3oOR1I9KfUcj8qqnc7oA",
    "size": [
      2.091345551337261,
      5.14052396980888,
      2.0
    ],
    "obj_class": "vehicle",
    "point_num_in_lidar": 20,
    "speed": 0.003654334146138207,
    "if_vehicle": true,
    "motion_state": false,
    "pose": [
      [
        -0.9961418055728838,
        0.08774406891161503,
        0.0015752970604342707,
        68.09367483240806
      ],
      [
        -0.08775752002698133,
        -0.9960446019545894,
        -0.013920078873239336,
        13.095005757696924
      ],
      [
        0.00034766177361185966,
        -0.014004616665835093,
        0.9999018701069292,
        0.639520367617564
      ],
      [
        0.0,
        0.0,
        0.0,
        1.0
      ]
    ],
    "location": [
      68.09367483240806,
      13.095005757696924,
      0.639520367617564
    ],
    "rotation": [
      -0.014005075338602012,
      -0.00034766178061543165,
      -3.053722093694965
    ]
  },
  {
    "label_id": "svvZ-n56c1SWAdlNP4Um4w",
    "size": [
      2.1148249793376777,
      4.587304606114616,
      1.4477359653949975
    ],
    "obj_class": "vehicle",
    "point_num_in_lidar": 2346,
    "speed": 6.891321041316873,
    "if_vehicle": true,
    "motion_state": true,
    "pose": [
      [
        -0.9972423207237143,
        0.07419752150006023,
        0.0015752970604342707,
        29.08068857243086
      ],
      [
        -0.07421229245575098,
        -0.9971453088956618,
        -0.013920078873239336,
        5.711620766532036
      ],
      [
        0.0005379647224494493,
        -0.013998598166359975,
        0.9999018701069292,
        0.7051564414338998
      ],
      [
        0.0,
        0.0,
        0.0,
        1.0
      ]
    ],
    "location": [
      29.08068857243086,
      5.711620766532036,
      0.7051564414338998
    ],
    "rotation": [
      -0.01399905742848707,
      -0.0005379647483978262,
      -3.067312060724418
    ]
  },
  {
    "label_id": "vJQ_clDIded5uOENI4I4YQ",
    "size": [
      2.178727820478575,
      4.716290994184759,
      1.8791319242467068
    ],
    "obj_class": "vehicle",
    "point_num_in_lidar": 73,
    "speed": 0.02115565846505414,
    "if_vehicle": true,
    "motion_state": false,
    "pose": [
      [
        0.9957984144347145,
        -0.09155892227675028,
        0.0015752970604342707,
        63.7237484287175
      ],
      [
        0.09157200097686036,
        0.9957011600079898,
        -0.013920078873239336,
        0.6041466491570588
      ],
      [
        -0.00029401769079042604,
        0.01400584557473483,
        0.9999018701069292,
        0.6550312556969686
      ],
      [
        0.0,
        0.0,
        0.0,
        1.0
      ]
    ],
    "location": [
      63.7237484287175,
      0.6041466491570588,
      0.6550312556969686
    ],
    "rotation": [
      0.014006304127036424,
      0.0002940176950265548,
      0.09170046875021962
    ]
  }
]