[
  {
    "label_id": "-TktN3WB6zg7mbcqtA_YxQ",
    "size": [
      2.2190962183035317,
      5.258057719348935,
      1.9457144510971034
    ],
    "obj_class": "vehicle",
    "point_num_in_lidar": 1410,
    "speed": 0.08433502751085156,
    "if_vehicle": true,
    "motion_state": false,
    "pose": [
      [
        0.998451903839165,
        -0.05528208845875278,
        0.006138926256698076,
        51.93316023936404
      ],
      [
        0.055398225892063724,
        0.9982495013495611,
        -0.0207115818653371,
        -0.3372935490669988
      ],
      [
        -0.004983200573770316,
        0.021019603968469833,
        0.9997666447531895,
        0.7558399465813181
      ],
      [
        0.0,
        0.0,
        0.0,
        1.0
      ]
    ],
    "location": [
      51.93316023936404,
      -0.3372935490669988,
      0.7558399465813181
    ],
    "rotation": [
      0.02102141314796735,
      0.00498322119804605,
      0.05542728985446992
    ]
  },
  {
    "label_id": "-Uk68IlUXVX2NqKU8eqqpQ",
    "size": [
      2.8997645626808914,
      6.3550293086473815,
      4.300000000000011
    ],
    "obj_class": "vehicle",
    "point_num_in_lidar": 36,
    "speed": 1.897149936107019e-14,
    "if_vehicle": true,
    "motion_state": false,
    "pose": [
      [
        0.9976151872927237,
        -0.06874773936151225,
        0.006138926256698076,
        116.96598561310543
      ],
      [
        0.06886113549744663,
        0.9974112363486978,
        -0.0207115818653371,
        7.456509771362107
      ],
      [
        -0.004699159595703892,
        0.02108492205448817,
        0.9997666447531895,
        1.8404947400005938
      ],
      [
        0.0,
        0.0,
        0.0,
        1.0
      ]
    ],
    "location": [
      116.96598561310543,
      7.456509771362107,
      1.8404947400005938
    ],
    "rotation": [
      0.021086717523571517,
      0.004699176890428477,
      0.06891643567184567
    ]
  },
  {
    "label_id": "16CCR-nUo0Ke5k_DRrXysw",
    "size": [
      2.259362929070248,
      4.788477913614035,
      1.758372620774736
    ],
    "obj_class": "vehicle",
    "point_num_in_lidar": 6302,
    "speed": 0.17641761877905135,
    "if_vehicle": true,
    "motion_state": false,
    "pose": [
      [
        0.9971551019713588,
        -0.07512666768134857,
        0.006138926256698076,
        41.27439021323585
      ],
      [
        0.07523875711217883,
        0.996950429963722,
        -0.0207115818653371,
        -0.895691167582271
      ],
      [
        -0.004564213043178503,
        0.021114544708475645,
        0.9997666447531895,
        0.7102771865154978
      ],
      [
        0.0,
        0.0,
        0.0,
        1.0
      ]
    ],
    "location": [
      41.27439021323585,
      -0.895691167582271,
      0.7102771865154978
    ],
    "rotation": [
      0.02111633390044229,
      0.00456422889030571,
      0.07531071062607399
    ]
  },
  {
    "label_id": "8GBSIuKZfKIUqTUQt4DFvQ",
    "size": [
      1.968753748799404,
      4.479833154242696,
      1.6599999999999966
    ],
    "obj_class": "vehicle",
    "point_num_in_lidar": 23,
    "speed": 0.05115769547187772,
    "if_vehicle": true,
    "motion_state": false,
    "pose": [
      [
        -0.9949369931596366,
        0.10031297636336098,
        0.006138926256698076,
        83.51374170944291
      ],
      [
        -0.10041985539664633,
        -0.9947295527020157,
        -0.0207115818653371,
        -21.437763766145025
      ],
      [
        0.00402893094729056,
        -0.021223189071666447,
        0.9997666447531895,
        2.066372479433852
      ],
      [
        0.0,
        0.0,
        0.0,
        1.0
      ]
    ],
    "location": [
      83.51374170944291,
      -21.437763766145025,
      2.066372479433852
    ],
    "rotation": [
      -0.02122495492409726,
      -0.0040289418471624585,
      -3.041002433744366
    ]
  },
  {
    "label_id": "92Ylj-kmScTI3SbTsEi34Q",
    "size": [
      2.3035025746619207,
      4.824207576419324,
      1.8880545684315848
    ],
    "obj_class": "vehicle",
    "point_num_in_lidar": 34,
    "speed": 0.0,
    "if_vehicle": true,
    "motion_state": false,
    "pose": [
      [
        0.997564993215351,
        -0.0694722814917687,
        0.006138926256698076,
        83.17534411701695
      ],
      [
        0.06958552946978772,
        0.997360959966373,
        -0.0207115818653371,
        -13.4565598530302
      ],
      [
        -0.004683844539054655,
        0.02108832945692251,
        0.9997666447531895,
        1.4676647955213582
      ],
      [
        0.0,
        0.0,
        0.0,
        1.0
      ]
    ],
    "location": [
      83.17534411701695,
      -13.4565598530302,
      1.4676647955213582
    ],
    "rotation": [
      0.021090124205852556,
      0.004683861665232642,
      0.06964257456770982
    ]
  },
  {
    "label_id": "BOk7wftIowzDn3hlyO4s8g",
    "size": [
      2.1402781959457338,
      4.608048584790058,
      1.8700000000000045
    ],
    "obj_class": "vehicle",
    "point_num_in_lidar": 42,
    "speed": 0.011158290760872663,
    "if_vehicle": true,
    "motion_state": false,
    "pose": [
      [
        -0.9955074170071002,
        0.0944843704972749,
        0.006138926256698076,
        83.24649332585761
      ],
      [
        -0.09459246258038215,
        -0.9953006060480495,
        -0.0207115818653371,
        -16.01318660396626
      ],
      [
        0.004153156249226728,
        -0.021199229517113272,
        0.9997666447531895,
        1.6966920797371756
      ],
      [
        0.0,
        0.0,
        0.0,
        1.0
      ]
    ],
    "location": [
      83.24649332585761,
      -16.01318660396626,
      1.6966920797371756
    ],
    "rotation": [
      -0.02120100055962162,
      -0.004153168188748496,
      -3.0468577357890037
    ]
  },
  {
    "label_id": "Ga8vVYz55cr0VoklMBg4Nw",
    "size": [
      2.101288378888583,
      5.006721862458587,
      2.469999999999999
    ],
    "obj_class": "vehicle",
    "point_num_in_lidar": 45,
    "speed": 0.0014888868832595417,
    "if_vehicle": true,
    "motion_state": false,
    "pose": [
      [
        -0.9964610525008007,
        0.08383128552880122,
        0.006138926256698076,
        101.3870220267047
      ],
      [
        -0.08394158342349403,
        -0.9962554094954728,
        -0.0207115818653371,
        15.562677508241947
      ],
      [
        0.004379659958623036,
        -0.0211535958549976,
        0.9997666447531895,
        0.9413733186673596
      ],
      [
        0.0,
        0.0,
        0.0,
        1.0
      ]
    ],
    "location": [
      101.3870220267047,
      15.562677508241947,
      0.9413733186673596
    ],
    "rotation": [
      -0.021155376715303337,
      -0.0043796739600944,
      -3.0575513703071087
    ]
  },
  {
    "label_id": "HIko6-fK5hHb4g5v7PVLew",
    "size": [
      1.8162157217575148,
      4.070324299453466,
      1.2800000000000011
    ],
    "obj_class": "vehicle",
    "point_num_in_lidar": 51,
    "speed": 1.7763568394002505e-14,
    "if_vehicle": true,
    "motion_state": false,
    "pose": [
      [
        0.9925987921339094,
        -0.12128458862822931,
        0.006138926256698076,
        94.77685464759463
      ],
      [
        0.12138706670984724,
        0.992389142631163,
        -0.0207115818653371,
        -14.990737735031331
      ],
      [
        -0.0035802080781832334,
        0.02130347739376483,
        0.9997666447531895,
        1.7063735475491342
      ],
      [
        0.0,
        0.0,
        0.0,
        1.0
      ]
    ],
    "location": [
      94.77685464759463,
      -14.990737735031331,
      1.7063735475491342
    ],
    "rotation": [
      0.021305225676520424,
      0.003580215726679501,
      0.1216879473713718
    ]
  },
  {
    "label_id": "HU0fq4SmLbWf8TBk8acnew",
    "size": [
      1.9934661963053795,
      4.4272923870399845,
      1.4483726207747338
    ],
    "obj_class": "vehicle",
    "point_num_in_lidar": 4530,
    "speed": 0.167749771058076,
    "if_vehicle": true,
    "motion_state": false,
    "pose": [
      [
        0.9982625821964117,
        -0.05860145536560657,
        0.006138926256698076,
        35.448959046325285
      ],
      [
        0.0587169192052341,
        0.9980597946895174,
        -0.0207115818653371,
        -1.1053103980702303
      ],
      [
        -0.004913286639141511,
        0.02103605603128522,
        0.9997666447531895,
        0.5703292898412258
      ],
      [
        0.0,
        0.0,
        0.0,
        1.0
      ]
    ],
    "location": [
      35.448959046325285,
      -1.1053103980702303,
      0.5703292898412258
    ],
    "rotation": [
      0.021037861774374906,
      0.004913306407461929,
      0.05875142111189694
    ]
  },
  {
    "label_id": "J25g562mY2rUDBNO8fK1nQ",
    "size": [
      2.063730869171843,
      4.517605396935919,
      1.5844394309837924
    ],
    "obj_class": "vehicle",
    "point_num_in_lidar": 3213,
    "speed": 0.0650643657201814,
    "if_vehicle": true,
    "motion_state": false,
    "pose": [
      [
        0.9954180466854337,
        -0.09542130745997267,
        0.006138926256698076,
        46.795178798563484
      ],
      [
        0.09552920484322495,
        0.995211134080933,
        -0.0207115818653371,
        -0.6747240023179586
      ],
      [
        -0.004133201540812983,
        0.02120312910805287,
        0.9997666447531895,
        0.541978158430453
      ],
      [
        0.0,
        0.0,
        0.0,
        1.0
      ]
    ],
    "location": [
      46.795178798563484,
      -0.6747240023179586,
      0.541978158430453
    ],
    "rotation": [
      0.02120489930749725,
      0.0041332133090616376,
      0.09567592172225656
    ]
  },
  {
    "label_id": "Ji9qNAyVM781UZPbq91ksQ",
    "size": [
      2.1530767782148827,
      4.794953077068618,
      1.5705168509874454
    ],
    "obj_class": "vehicle",
    "point_num_in_lidar": 1462,
    "speed": 0.082343270030205,
    "if_vehicle": true,
    "motion_state": false,
    "pose": [
      [
        -0.9989583571890426,
        0.04521630443306987,
        0.006138926256698076,
        49.03493550601763
      ],
      [
        -0.04533447589719194,
        -0.9987571354797734,
        -0.0207115818653371,
        11.693547634226192
      ],
      [
        0.0051947952121478074,
        -0.020968312799402433,
        0.9997666447531895,
        0.5312158110444898
      ],
      [
        0.0,
        0.0,
        0.0,
        1.0
      ]
    ],
    "location": [
      49.03493550601763,
      11.693547634226192,
      0.5312158110444898
    ],
    "rotation": [
      -0.020970132619308895,
      -0.005194818576799886,
      -3.096242022295399
    ]
  },
  {
    "label_id": "Pq9W_07CA8LHuQphLoWheQ",
    "size": [
      1.9662448774428216,
      4.400241273176624,
      1.4223564566902667
    ],
    "obj_class": "vehicle",
    "point_num_in_lidar": 2243,
    "speed": 0.15932187041500484,
    "if_vehicle": true,
    "motion_state": false,
    "pose": [
      [
        -0.9968152124474342,
        0.07950940710250325,
        0.006138926256698076,
        32.06750840696509
      ],
      [
        -0.07962059571799453,
        -0.9966100496754723,
        -0.0207115818653371,
        10.253013481593044
      ],
      [
        0.00447135000737402,
        -0.021134404842845567,
        0.9997666447531895,
        0.5252292611319547
      ],
      [
        0.0,
        0.0,
        0.0,
        1.0
      ]
    ],
    "location": [
      32.06750840696509,
      10.253013481593044,
      0.5252292611319547
    ],
    "rotation": [
      -0.02113618980565574,
      -0.004471364906769823,
      -3.061886893513443
    ]
  },
  {
    "label_id": "Q45qOQ6Sw52_SfUE9vEVug",
    "size": [
      1.9820717617255932,
      4.160475567186468,
      1.460000000000008
    ],
    "obj_class": "vehicle",
    "point_num_in_lidar": 29,
    "speed": 0.002119178201676378,
    "if_vehicle": true,
    "motion_state": false,
    "pose": [
      [
        0.997432218465339,
        -0.07135322803999303,
        0.006138926256698076,
        94.01138540142108
      ],
      [
        0.071466091078998,
        0.9972279720317336,
        -0.0207115818653371,
        -2.2513976576462653
      ],
      [
        -0.004644070757513001,
        0.021097124110858102,
        0.9997666447531895,
        0.5463720216702654
      ],
      [
        0.0,
        0.0,
        0.0,
        1.0
      ]
    ],
    "location": [
      94.01138540142108,
      -2.2513976576462653,
      0.5463720216702654
    ],
    "rotation": [
      0.021098916998778337,
      0.004644087451091699,
      0.07152783832461884
    ]
  },
  {
    "label_id": "QTfMbm_waW5SFGml-dr_Aw",
    "size": [
      0.5296632865314509,
      0.09912161717784329,
      0.5200000000000102
    ],
    "obj_class": "sign",
    "point_num_in_lidar": 31,
    "speed": 0.015019010584565345,
    "if_vehicle": false,
    "motion_state": false,
    "pose": [
      [
        0.9994661711702452,
        0.0320887249778645,
        0.006138926256698076,
        49.79966941144505
      ],
      [
        -0.03195536218952306,
        0.9992746795571136,
        -0.0207115818653371,
        13.837390690810722
      ],
      [
        -0.006799081822320049,
        0.020504353813839995,
        0.9997666447531895,
        3.061692079736787
      ],
      [
        0.0,
        0.0,
        0.0,
        1.0
      ]
    ],
    "location": [
      49.79966941144505,
      13.837390690810722,
      3.061692079736787
    ],
    "rotation": [
      0.020506264903685022,
      0.006799134207517725,
      -0.03196154221226586
    ]
  },
  {
    "label_id": "RQk7gQTbuU86pW7OGRO9mA",
    "size": [
      2.064334471740575,
      4.21803561067237,
      1.4833326921443302
    ],
    "obj_class": "vehicle",
    "point_num_in_lidar": 276,
    "speed": 0.008013240043325967,
    "if_vehicle": true,
    "motion_state": false,
    "pose": [
      [
        0.9965537117813581,
        -0.0827225067270847,
        0.006138926256698076,
        57.969683164201
      ],
      [
        0.0828330333651881,
        0.9963481916278852,
        -0.0207115818653371,
        0.1257072128766481
      ],
      [
        -0.004403194104214156,
        0.021148709668212654,
        0.9997666447531895,
        0.45118843067746184
      ],
      [
        0.0,
        0.0,
        0.0,
        1.0
      ]
    ],
    "location": [
      57.969683164201,
      0.1257072128766481,
      0.45118843067746184
    ],
    "rotation": [
      0.021150491574526878,
      0.004403208332613007,
      0.08292885667578315
    ]
  },
  {
    "label_id": "VB-58XURwVRpb2EmYLe7Yw",
    "size": [
      1.9608529155743193,
      4.521745131018506,
      1.6200000000000045
    ],
    "obj_class": "vehicle",
    "point_num_in_lidar": 27,
    "speed": 6.661338147750939e-15,
    "if_vehicle": true,
    "motion_state": false,
    "pose": [
      [
        -0.9991327178371882,
        0.04118404705330066,
        0.006138926256698076,
        83.54589316325189
      ],
      [
        -0.04130302970449348,
        -0.998931974717931,
        -0.0207115818653371,
        14.112183211252969
      ],
      [
        0.005279382966160834,
        -0.020947175333355772,
        0.9997666447531895,
        0.3963727083158233
      ],
      [
        0.0,
        0.0,
        0.0,
        1.0
      ]
    ],
    "location": [
      83.54589316325189,
      14.112183211252969,
      0.3963727083158233
    ],
    "rotation": [
      -0.02094899950614141,
      -0.005279407490860479,
      -3.1002772953438558
    ]
  },
  {
    "label_id": "WJ02kR_Js_1nz4ry9ukSuw",
    "size": [
      2.0680828465252903,
      4.142795328816451,
      1.4499999999999886
    ],
    "obj_class": "vehicle",
    "point_num_in_lidar": 154,
    "speed": 0.004378782956040341,
    "if_vehicle": true,
    "motion_state": false,
    "pose": [
      [
        -0.996124270861254,
        0.08774252438555472,
        0.006138926256698076,
        60.90241299566537
      ],
      [
        -0.08785201412152259,
        -0.9959181964355442,
        -0.0207115818653371,
        12.462368086379968
      ],
      [
        0.004296581888738801,
        -0.021170626420186515,
        0.9997666447531895,
        0.42952059255841846
      ],
      [
        0.0,
        0.0,
        0.0,
        1.0
      ]
    ],
    "location": [
      60.90241299566537,
      12.462368086379968,
      0.42952059255841846
    ],
    "rotation": [
      -0.02117240362678515,
      -0.004296595108439962,
      -3.0536264244852176
    ]
  },
  {
    "label_id": "Xbw6pFmkQlZzShwDh1kA-w",
    "size": [
      0.5283680437403452,
      0.0917780648195321,
      0.5200000000000102
    ],
    "obj_class": "sign",
    "point_num_in_lidar": 111,
    "speed": 0.014362755204192237,
    "if_vehicle": false,
    "motion_state": false,
    "pose": [
      [
        0.9994661711702453,
        0.032088724977855636,
        0.006138926256698076,
        49.8010699525729
      ],
      [
        -0.03195536218951419,
        0.9992746795571138,
        -0.0207115818653371,
        13.836948135472369
      ],
      [
        -0.006799081822319866,
        0.020504353813840054,
        0.9997666447531895,
        2.531692079736928
      ],
      [
        0.0,
        0.0,
        0.0,
        1.0
      ]
    ],
    "location": [
      49.8010699525729,
      13.836948135472369,
      2.531692079736928
    ],
    "rotation": [
      0.02050626490368508,
      0.006799134207517542,
      -0.03196154221225699
    ]
  },
  {
    "label_id": "aFwmS_LxN-2ibTsHMVRa0w",
    "size": [
      0.33730376758813035,
      0.08861196967180238,
      0.5
    ],
    "obj_class": "sign",
    "point_num_in_lidar": 31,
    "speed": 0.03257236166852192,
    "if_vehicle": false,
    "motion_state": false,
    "pose": [
      [
        0.0011815828667089481,
        0.9999804585322375,
        0.006138926256698076,
        51.796613780165444
      ],
      [
        -0.9997846359102481,
        0.0013085008399482505,
        -0.0207115818653371,
        17.10473427037742
      ],
      [
        -0.02071920992079104,
        -0.006113131702158226,
        0.9997666447531895,
        1.1710881977324732
      ],
      [
        0.0,
        0.0,
        0.0,
        1.0
      ]
    ],
    "location": [
      51.796613780165444,
      17.10473427037742,
      1.1710881977324732
    ],
    "rotation": [
      -0.006114482364839518,
      0.020720692617184063,
      -1.5696144899530928
    ]
  },
  {
    "label_id": "eLnJNAwofrhpmrFD8ZUIaA",
    "size": [
      1.7497899447811147,
      3.6417105607107083,
      1.3599999999999852
    ],
    "obj_class": "vehicle",
    "point_num_in_lidar": 21,
    "speed": 5.347542221830668e-14,
    "if_vehicle": true,
    "motion_state": false,
    "pose": [
      [
        0.9923782766381899,
        -0.12307586945063963,
        0.006138926256698076,
        83.99328904716845
      ],
      [
        0.12317796898231055,
        0.9921684425207388,
        -0.0207115818653371,
        -28.808697654021103
      ],
      [
        -0.003541752957083335,
        0.021309904386006266,
        0.9997666447531895,
        2.582896450991427
      ],
      [
        0.0,
        0.0,
        0.0,
        1.0
      ]
    ],
    "location": [
      83.99328904716845,
      -28.808697654021103,
      2.582896450991427
    ],
    "rotation": [
      0.021311651250471936,
      0.0035417603617582515,
      0.12349238639423916
    ]
  },
  {
    "label_id": "fry9BMc6wlzy3IkT7E6Lqg",
    "size": [
      1.990341975147654,
      4.870454643302343,
      1.4605168509874602
    ],
    "obj_class": "vehicle",
    "point_num_in_lidar": 3865,
    "speed": 0.11660212345429054,
    "if_vehicle": true,
    "motion_state": false,
    "pose": [
      [
        -0.9968152124474369,
        0.07950940710246959,
        0.006138926256698076,
        37.24948616846302
      ],
      [
        -0.07962059571796089,
        -0.996610049675475,
        -0.0207115818653371,
        10.785385233919953
      ],
      [
        0.004471350007374733,
        -0.021134404842845414,
        0.9997666447531895,
        0.5238824849164416
      ],
      [
        0.0,
        0.0,
        0.0,
        1.0
      ]
    ],
    "location": [
      37.24948616846302,
      10.785385233919953,
      0.5238824849164416
    ],
    "rotation": [
      -0.021136189805655587,
      -0.004471364906770536,
      -3.061886893513477
    ]
  },
  {
    "label_id": "gUZr5WnTDZlzLkJcEjLozg",
    "size": [
      1.9475151742000367,
      4.409887397377804,
      1.3867488165983843
    ],
    "obj_class": "vehicle",
    "point_num_in_lidar": 78,
    "speed": 1.7763568394002505e-14,
    "if_vehicle": true,
    "motion_state": false,
    "pose": [
      [
        0.9965527753981767,
        -0.08273378651195741,
        0.006138926256698076,
        69.08051132179855
      ],
      [
        0.08284431082381262,
        0.9963472539936882,
        -0.0207115818653371,
        1.1713470512478352
      ],
      [
        -0.00440295472595915,
        0.021148759505722592,
        0.9997666447531895,
        0.41261242019410815
      ],
      [
        0.0,
        0.0,
        0.0,
        1.0
      ]
    ],
    "location": [
      69.08051132179855,
      1.1713470512478352,
      0.41261242019410815
    ],
    "rotation": [
      0.02115054140137297,
      0.004402968952037546,
      0.08294017305188574
    ]
  },
  {
    "label_id": "kE3oOR1I9KfUcj8qqnc7oA",
    "size": [
      2.09134555133726,
      5.14052396980888,
      2.0
    ],
    "obj_class": "vehicle",
    "point_num_in_lidar": 197,
    "speed": 0.003652435762861076,
    "if_vehicle": true,
    "motion_state": false,
    "pose": [
      [
        -0.9961242708612514,
        0.0877425243855848,
        0.006138926256698076,
        68.09119702886142
      ],
      [
        -0.08785201412155266,
        -0.9959181964355416,
        -0.0207115818653371,
        13.101880082350917
      ],
      [
        0.004296581888738162,
        -0.021170626420186647,
        0.9997666447531895,
        0.639520367617564
      ],
      [
        0.0,
        0.0,
        0.0,
        1.0
      ]
    ],
    "location": [
      68.09119702886142,
      13.101880082350917,
      0.639520367617564
    ],
    "rotation": [
      -0.021172403626785283,
      -0.004296595108439323,
      -3.0536264244851874
    ]
  },
  {
    "label_id": "kxcHgdzT0k4G_N-nuOlSxw",
    "size": [
      1.9132181384486149,
      3.842970712096971,
      1.5
    ],
    "obj_class": "vehicle",
    "point_num_in_lidar": 33,
    "speed": 5.3290705182007514e-14,
    "if_vehicle": true,
    "motion_state": false,
    "pose": [
      [
        -0.9955074170071033,
        0.09448437049724175,
        0.006138926256698076,
        83.53838500416623
      ],
      [
        -0.09459246258034901,
        -0.9953006060480527,
        -0.0207115818653371,
        -18.780071202761064
      ],
      [
        0.0041531562492274346,
        -0.021199229517113137,
        0.9997666447531895,
        1.5316920797370983
      ],
      [
        0.0,
        0.0,
        0.0,
        1.0
      ]
    ],
    "location": [
      83.53838500416623,
      -18.780071202761064,
      1.5316920797370983
    ],
    "rotation": [
      -0.021201000559621486,
      -0.0041531681887492025,
      -3.0468577357890365
    ]
  },
  {
    "label_id": "tDH6kie0QuZbzKxrWj2JBg",
    "size": [
      2.014545391128208,
      4.495980776823411,
      1.6100000000000136
    ],
    "obj_class": "vehicle",
    "point_num_in_lidar": 56,
    "speed": 0.04594882714542992,
    "if_vehicle": true,
    "motion_state": false,
    "pose": [
      [
        0.9908489783848852,
        -0.13483551319309056,
        0.006138926256698076,
        84.06172623913358
      ],
      [
        0.13493511718947507,
        0.9906379482564244,
        -0.0207115818653371,
        -26.453209184970063
      ],
      [
        -0.003288796541579438,
        0.02135040646586928,
        0.9997666447531895,
        2.4413732423733734
      ],
      [
        0.0,
        0.0,
        0.0,
        1.0
      ]
    ],
    "location": [
      84.06172623913358,
      -26.453209184970063,
      2.4413732423733734
    ],
    "rotation": [
      0.021352144351936598,
      0.0032888024703123333,
      0.13534871698012338
    ]
  },
  {
    "label_id": "vJQ_clDIded5uOENI4I4YQ",
    "size": [
      2.1787278204785756,
      4.716290994184759,
      1.8791319242467068
    ],
    "obj_class": "vehicle",
    "point_num_in_lidar": 379,
    "speed": 0.02115565846505376,
    "if_vehicle": true,
    "motion_state": false,
    "pose": [
      [
        0.9957808857676677,
        -0.09155731059928643,
        0.006138926256698076,
        63.68148419464046
      ],
      [
        0.09166601021037639,
        0.9955743934778288,
        -0.0207115818653371,
        0.6023340426812069
      ],
      [
        -0.004215461050770089,
        0.021186928212442172,
        0.9997666447531895,
        0.6133531276226449
      ],
      [
        0.0,
        0.0,
        0.0,
        1.0
      ]
    ],
    "location": [
      63.68148419464046,
      0.6023340426812069,
      0.6133531276226449
    ],
    "rotation": [
      0.02118870191018211,
      0.004215473535739003,
      0.09179568898131345
    ]
  },
  {
    "label_id": "xVS8fOJBF86-8T0YnGcckA",
    "size": [
      1.8683214202349234,
      4.020142356091427,
      1.4099999999999966
    ],
    "obj_class": "vehicle",
    "point_num_in_lidar": 39,
    "speed": 1.831026719408895e-14,
    "if_vehicle": true,
    "motion_state": false,
    "pose": [
      [
        0.9968798388661292,
        -0.07869498361811306,
        0.006138926256698076,
        104.265215678569
      ],
      [
        0.07880633981425826,
        0.9966747670036175,
        -0.0207115818653371,
        3.7049032646506816
      ],
      [
        -0.0044886153009490335,
        0.02113074470125991,
        0.9997666447531895,
        0.44137209796429033
      ],
      [
        0.0,
        0.0,
        0.0,
        1.0
      ]
    ],
    "location": [
      104.265215678569,
      3.7049032646506816,
      0.44137209796429033
    ],
    "rotation": [
      0.02113253044473878,
      0.004488630373606991,
      0.078888935325962
    ]
  }
]