[
  {
    "label_id": "-CJmjwPI6Q0mh62S9ssgAw",
    "size": [
      1.7466551828369485,
      4.143167420510736,
      1.5699999999999932
    ],
    "obj_class": "vehicle",
    "point_num_in_lidar": 80,
    "speed": 2.901712607331389e-29,
    "if_vehicle": true,
    "motion_state": false,
    "pose": [
      [
        0.995525546526241,
        -0.09408988822168428,
        0.008716601864278726,
        94.16426961042544
      ],
      [
        0.09430605537236318,
        0.9951183226277553,
        -0.029084220646725747,
        -4.556445015160875
      ],
      [
        -0.0059375191565297835,
        0.029776112992692946,
        0.9995389582008859,
        0.7697954984653848
      ],
      [
        0.0,
        0.0,
        0.0,
        1.0
      ]
    ],
    "location": [
      94.16426961042544,
      -4.556445015160875,
      0.7697954984653848
    ],
    "rotation": [
      0.029781039862234328,
      0.005937554044098988,
      0.09444807485108182
    ]
  },
  {
    "label_id": "-Uk68IlUXVX2NqKU8eqqpQ",
    "size": [
      2.899764562680891,
      6.3550293086473815,
      4.300000000000011
    ],
    "obj_class": "vehicle",
    "point_num_in_lidar": 456,
    "speed": 1.759422360545192e-29,
    "if_vehicle": true,
    "motion_state": false,
    "pose": [
      [
        0.9975960856842475,
        -0.06874642302991021,
        0.008716601864278726,
        116.96598561310543
      ],
      [
        0.06897287469781042,
        0.9971944898891553,
        -0.029084220646725747,
        7.456509771362093
      ],
      [
        -0.006692711213541228,
        0.029615513760526176,
        0.9995389582008859,
        1.8213985448370238
      ],
      [
        0.0,
        0.0,
        0.0,
        1.0
      ]
    ],
    "location": [
      116.96598561310543,
      7.456509771362093,
      1.8213985448370238
    ],
    "rotation": [
      0.02962050824733687,
      0.006692761178296115,
      0.06902922752528898
    ]
  },
  {
    "label_id": "2C_tR9AEISq4vJhgMpXBbg",
    "size": [
      1.7966459929087903,
      4.328494415249116,
      1.3000000000000114
    ],
    "obj_class": "vehicle",
    "point_num_in_lidar": 56,
    "speed": 3.518844662911547e-29,
    "if_vehicle": true,
    "motion_state": false,
    "pose": [
      [
        0.9925797865757063,
        -0.1212822663593705,
        0.008716601864278726,
        94.44733612179539
      ],
      [
        0.12148721509245086,
        0.9921668028504346,
        -0.029084220646725747,
        -9.495650947760055
      ],
      [
        -0.005120922808070666,
        0.029927365207808677,
        0.9995389582008859,
        1.1563735475491796
      ],
      [
        0.0,
        0.0,
        0.0,
        1.0
      ]
    ],
    "location": [
      94.44733612179539,
      -9.495650947760055,
      1.1563735475491796
    ],
    "rotation": [
      0.02993222699167414,
      0.005120945190053734,
      0.12178966354970577
    ]
  },
  {
    "label_id": "7V3I41HYEccgGPXN1dbm1w",
    "size": [
      0.22378149047487048,
      0.07777568235119064,
      0.30902990718337264
    ],
    "obj_class": "sign",
    "point_num_in_lidar": 26,
    "speed": 0.0027828643019974964,
    "if_vehicle": false,
    "motion_state": false,
    "pose": [
      [
        0.0011815602427620799,
        0.9999613116352716,
        0.008716601864278726,
        58.74975342519565
      ],
      [
        -0.9995759350571571,
        0.0014346302598943757,
        -0.029084220646725747,
        17.592943479926888
      ],
      [
        -0.029095600526587467,
        -0.008678540700199475,
        0.9995389582008859,
        1.3950851122343977
      ],
      [
        0.0,
        0.0,
        0.0,
        1.0
      ]
    ],
    "location": [
      58.74975342519565,
      17.592943479926888,
      1.3950851122343977
    ],
    "rotation": [
      -0.008682325543260209,
      0.029099707257258585,
      -1.5696142658318386
    ]
  },
  {
    "label_id": "7qjAkzTWMDLeVh79NmZ-dQ",
    "size": [
      0.9860268038019001,
      1.0558502950810307,
      1.6999999999999886
    ],
    "obj_class": "pedestrian",
    "point_num_in_lidar": 153,
    "speed": 1.419000264504307,
    "if_vehicle": false,
    "motion_state": true,
    "pose": [
      [
        -0.9994739232758114,
        -0.03123935888582568,
        0.008716601864278726,
        71.96801083804166
      ],
      [
        0.030973927404949333,
        -0.9990969542194018,
        -0.029084220646725747,
        -1.8729424969424713
      ],
      [
        0.009617302780441641,
        -0.028798932721840323,
        0.9995389582008859,
        0.5385239993079267
      ],
      [
        0.0,
        0.0,
        0.0,
        1.0
      ]
    ],
    "location": [
      71.96801083804166,
      -1.8729424969424713,
      0.5385239993079267
    ],
    "rotation": [
      -0.028804247565641577,
      -0.009617451041362624,
      3.1106123381808706
    ]
  },
  {
    "label_id": "8GBSIuKZfKIUqTUQt4DFvQ",
    "size": [
      1.9687537487994051,
      4.479833154242696,
      1.6599999999999966
    ],
    "obj_class": "vehicle",
    "point_num_in_lidar": 54,
    "speed": 0.19103090255179409,
    "if_vehicle": true,
    "motion_state": false,
    "pose": [
      [
        -0.9949179428312699,
        0.10031105564360329,
        0.008716601864278726,
        83.63609865227181
      ],
      [
        -0.10052467302433449,
        -0.994509375633394,
        -0.029084220646725747,
        -21.422152802972732
      ],
      [
        0.005751273402044173,
        -0.029812646526981047,
        0.9995389582008859,
        2.066372479433852
      ],
      [
        0.0,
        0.0,
        0.0,
        1.0
      ]
    ],
    "location": [
      83.63609865227181,
      -21.422152802972732,
      2.066372479433852
    ],
    "rotation": [
      -0.029817557800702922,
      -0.005751305108467539,
      -3.040896231159226
    ]
  },
  {
    "label_id": "92Ylj-kmScTI3SbTsEi34Q",
    "size": [
      2.3035025746619198,
      4.824207576419324,
      1.8880545684315848
    ],
    "obj_class": "vehicle",
    "point_num_in_lidar": 39,
    "speed": 8.797109705331564e-29,
    "if_vehicle": true,
    "motion_state": false,
    "pose": [
      [
        0.9975458925679546,
        -0.06947095128715892,
        0.008716601864278726,
        83.17534411701706
      ],
      [
        0.06969711121938522,
        0.997144132408673,
        -0.029084220646725747,
        -13.4565598530302
      ],
      [
        -0.006671199927734366,
        0.0296203668142711,
        0.9995389582008859,
        1.4676647955213582
      ],
      [
        0.0,
        0.0,
        0.0,
        1.0
      ]
    ],
    "location": [
      83.17534411701706,
      -13.4565598530302,
      1.4676647955213582
    ],
    "rotation": [
      0.029625359280213235,
      0.00667124941224911,
      0.06975521748608175
    ]
  },
  {
    "label_id": "9_5AoCiRvE0bL7z3ocqJqg",
    "size": [
      1.7839907995983306,
      4.136937415017847,
      1.4499999999999886
    ],
    "obj_class": "vehicle",
    "point_num_in_lidar": 41,
    "speed": 0.0,
    "if_vehicle": true,
    "motion_state": false,
    "pose": [
      [
        0.9906353796066675,
        -0.13625551557090707,
        0.008716601864278726,
        94.33666739393311
      ],
      [
        0.1364542052519489,
        0.990219348416517,
        -0.029084220646725747,
        -7.125933886259702
      ],
      [
        -0.004668462339254642,
        0.030001274940821047,
        0.9995389582008859,
        0.8313735475492194
      ],
      [
        0.0,
        0.0,
        0.0,
        1.0
      ]
    ],
    "location": [
      94.33666739393311,
      -7.125933886259702,
      0.8313735475492194
    ],
    "rotation": [
      0.030006104423015306,
      0.004668479297252968,
      0.1368827514257363
    ]
  },
  {
    "label_id": "BOk7wftIowzDn3hlyO4s8g",
    "size": [
      2.1402781959457333,
      4.608048584790058,
      1.8700000000000045
    ],
    "obj_class": "vehicle",
    "point_num_in_lidar": 122,
    "speed": 0.07937282119481746,
    "if_vehicle": true,
    "motion_state": false,
    "pose": [
      [
        -0.9954883557566729,
        0.09448256137941936,
        0.008716601864278726,
        83.32076350869397
      ],
      [
        -0.09469856788568631,
        -0.9950810466237273,
        -0.029084220646725747,
        -16.095846561640315
      ],
      [
        0.005925773643681967,
        -0.02977845270345019,
        0.9995389582008859,
        1.6966920797371472
      ],
      [
        0.0,
        0.0,
        0.0,
        1.0
      ]
    ],
    "location": [
      83.32076350869397,
      -16.095846561640315,
      1.6966920797371472
    ],
    "rotation": [
      -0.029783378576573528,
      -0.005925808324616069,
      -3.046750301306938
    ]
  },
  {
    "label_id": "EKbHTcx2VGWx8CSDOMujpg",
    "size": [
      2.1189626550484073,
      4.581618389407152,
      1.6779523893837904
    ],
    "obj_class": "vehicle",
    "point_num_in_lidar": 219,
    "speed": 6.59783688772629e-30,
    "if_vehicle": true,
    "motion_state": false,
    "pose": [
      [
        0.9983598638851856,
        -0.05658270968320319,
        0.008716601864278726,
        82.01612523619485
      ],
      [
        0.056814039143089246,
        0.9979610578903467,
        -0.029084220646725747,
        -3.1107001051663588
      ],
      [
        -0.00705316520446866,
        0.029531743925583675,
        0.9995389582008859,
        0.5306845995616811
      ],
      [
        0.0,
        0.0,
        0.0,
        1.0
      ]
    ],
    "location": [
      82.01612523619485,
      -3.1107001051663588,
      0.5306845995616811
    ],
    "rotation": [
      0.029536773075550086,
      0.0070532236849099325,
      0.05684606352233421
    ]
  },
  {
    "label_id": "Ga8vVYz55cr0VoklMBg4Nw",
    "size": [
      2.1012883788885834,
      5.006721862458587,
      2.469999999999999
    ],
    "obj_class": "vehicle",
    "point_num_in_lidar": 128,
    "speed": 0.001488886883176375,
    "if_vehicle": true,
    "motion_state": false,
    "pose": [
      [
        -0.9964419729908559,
        0.08382968038845418,
        0.008716601864278726,
        101.3841938407578
      ],
      [
        -0.08405003100819741,
        -0.9960369975040554,
        -0.029084220646725747,
        15.562609725375879
      ],
      [
        0.006243937028172135,
        -0.02971336886110353,
        0.9995389582008859,
        0.9413733186673596
      ],
      [
        0.0,
        0.0,
        0.0,
        1.0
      ]
    ],
    "location": [
      101.3841938407578,
      15.562609725375879,
      0.9413733186673596
    ],
    "rotation": [
      -0.02971832233016851,
      -0.0062439776006855295,
      -3.0574417017586035
    ]
  },
  {
    "label_id": "HIko6-fK5hHb4g5v7PVLew",
    "size": [
      1.816215721757521,
      4.070324299453466,
      1.2800000000000011
    ],
    "obj_class": "vehicle",
    "point_num_in_lidar": 88,
    "speed": 0.04108330325601045,
    "if_vehicle": true,
    "motion_state": false,
    "pose": [
      [
        0.9925797865757123,
        -0.12128226635932157,
        0.008716601864278726,
        94.79710290128298
      ],
      [
        0.12148721509240197,
        0.9921668028504406,
        -0.029084220646725747,
        -14.98701441088673
      ],
      [
        -0.005120922808072142,
        0.029927365207808428,
        0.9995389582008859,
        1.7063735475490773
      ],
      [
        0.0,
        0.0,
        0.0,
        1.0
      ]
    ],
    "location": [
      94.79710290128298,
      -14.98701441088673,
      1.7063735475490773
    ],
    "rotation": [
      0.02993222699167389,
      0.00512094519005521,
      0.12178966354965651
    ]
  },
  {
    "label_id": "HLHTpMbBSXiAzDkKL7CorQ",
    "size": [
      1.7741679865707722,
      3.888164446010762,
      1.4000000000000057
    ],
    "obj_class": "vehicle",
    "point_num_in_lidar": 29,
    "speed": 3.518852588957803e-30,
    "if_vehicle": true,
    "motion_state": false,
    "pose": [
      [
        0.9968607513375703,
        -0.07869347682390608,
        0.008716601864278726,
        114.88073479694367
      ],
      [
        0.07891591152898933,
        0.9964569167891412,
        -0.029084220646725747,
        4.600214628220854
      ],
      [
        -0.006396979775153177,
        0.029680796627517547,
        0.9995389582008859,
        0.5063727846097947
      ],
      [
        0.0,
        0.0,
        0.0,
        1.0
      ]
    ],
    "location": [
      114.88073479694367,
      4.600214628220854,
      0.5063727846097947
    ],
    "rotation": [
      0.02968576381289331,
      0.006397023404798251,
      0.07899967275909463
    ]
  },
  {
    "label_id": "IVW-Adl1uVdcbpaNAxmNrA",
    "size": [
      1.795146936326603,
      4.085098999815888,
      1.5500000000000114
    ],
    "obj_class": "vehicle",
    "point_num_in_lidar": 51,
    "speed": 3.934195857870001e-29,
    "if_vehicle": true,
    "motion_state": false,
    "pose": [
      [
        -0.9991135871721446,
        0.04118325849115624,
        0.008716601864278726,
        90.86862925485639
      ],
      [
        -0.041420709250224334,
        -0.9987183952218868,
        -0.029084220646725747,
        14.805386809866263
      ],
      [
        0.007507647648772627,
        -0.02941948785192656,
        0.9995389582008859,
        0.6013725557278633
      ],
      [
        0.0,
        0.0,
        0.0,
        1.0
      ]
    ],
    "location": [
      90.86862925485639,
      14.805386809866263,
      0.6013725557278633
    ],
    "rotation": [
      -0.029424562802975736,
      -0.007507718178371084,
      -3.1001589227191237
    ]
  },
  {
    "label_id": "Ji9qNAyVM781UZPbq91ksQ",
    "size": [
      2.153076778214883,
      4.794953077068618,
      1.5705168509874454
    ],
    "obj_class": "vehicle",
    "point_num_in_lidar": 2802,
    "speed": 0.10952865183096236,
    "if_vehicle": true,
    "motion_state": false,
    "pose": [
      [
        -0.9989392298625283,
        0.04521543866422851,
        0.008716601864278726,
        49.248516200911354
      ],
      [
        -0.04545129245768049,
        -0.998543082757724,
        -0.029084220646725747,
        11.684538970135677
      ],
      [
        0.007388846701979687,
        -0.029449549794562557,
        0.9995389582008859,
        0.4893384364556539
      ],
      [
        0.0,
        0.0,
        0.0,
        1.0
      ]
    ],
    "location": [
      49.248516200911354,
      11.684538970135677,
      0.4893384364556539
    ],
    "rotation": [
      -0.029454612552961706,
      -0.0073889139360475585,
      -3.09612445549283
    ]
  },
  {
    "label_id": "Q45qOQ6Sw52_SfUE9vEVug",
    "size": [
      1.9820717617255943,
      4.160475567186468,
      1.460000000000008
    ],
    "obj_class": "vehicle",
    "point_num_in_lidar": 216,
    "speed": 0.10143044669666422,
    "if_vehicle": true,
    "motion_state": false,
    "pose": [
      [
        0.9974131203602166,
        -0.07135186182038883,
        0.008716601864278726,
        93.87994904244306
      ],
      [
        0.07157726376680551,
        0.9970109344540959,
        -0.029084220646725747,
        -2.2397803977032993
      ],
      [
        -0.006615334077229973,
        0.02963289377928547,
        0.9995389582008859,
        0.5463720216702654
      ],
      [
        0.0,
        0.0,
        0.0,
        1.0
      ]
    ],
    "location": [
      93.87994904244306,
      -2.2397803977032993,
      0.5463720216702654
    ],
    "rotation": [
      0.029637881022405218,
      0.006615382328932953,
      0.0716400940792506
    ]
  },
  {
    "label_id": "RQk7gQTbuU86pW7OGRO9mA",
    "size": [
      2.0643344717405747,
      4.21803561067237,
      1.4833326921443302
    ],
    "obj_class": "vehicle",
    "point_num_in_lidar": 5099,
    "speed": 0.22720966039684998,
    "if_vehicle": true,
    "motion_state": false,
    "pose": [
      [
        0.9965346304972417,
        -0.08272092281681892,
        0.008716601864278726,
        58.14405733642707
      ],
      [
        0.08294172390203879,
        0.9961299004374532,
        -0.029084220646725747,
        0.13725334902534314
      ],
      [
        -0.006276994175911756,
        0.02970640306067609,
        0.9995389582008859,
        0.4289661088883179
      ],
      [
        0.0,
        0.0,
        0.0,
        1.0
      ]
    ],
    "location": [
      58.14405733642707,
      0.13725334902534314,
      0.4289661088883179
    ],
    "rotation": [
      0.029711359468365835,
      0.006277035396257195,
      0.08303875642502358
    ]
  },
  {
    "label_id": "VB-58XURwVRpb2EmYLe7Yw",
    "size": [
      1.9608529155743184,
      4.521745131018506,
      1.6200000000000045
    ],
    "obj_class": "vehicle",
    "point_num_in_lidar": 135,
    "speed": 3.518844662911547e-29,
    "if_vehicle": true,
    "motion_state": false,
    "pose": [
      [
        -0.9991135871721434,
        0.04118325849118553,
        0.008716601864278726,
        83.54589316325178
      ],
      [
        -0.041420709250253616,
        -0.9987183952218857,
        -0.029084220646725747,
        14.11218321125294
      ],
      [
        0.007507647648771765,
        -0.029419487851926784,
        0.9995389582008859,
        0.3963727083158233
      ],
      [
        0.0,
        0.0,
        0.0,
        1.0
      ]
    ],
    "location": [
      83.54589316325178,
      14.11218321125294,
      0.3963727083158233
    ],
    "rotation": [
      -0.029424562802975958,
      -0.007507718178370222,
      -3.1001589227190944
    ]
  },
  {
    "label_id": "ViGnKuIITDtLefPMiRM3HA",
    "size": [
      1.788498934607576,
      3.8648780815574977,
      1.2800000000000011
    ],
    "obj_class": "vehicle",
    "point_num_in_lidar": 47,
    "speed": 7.254284232601385e-29,
    "if_vehicle": true,
    "motion_state": false,
    "pose": [
      [
        0.9925797865757116,
        -0.12128226635932819,
        0.008716601864278726,
        94.54648735132116
      ],
      [
        0.12148721509240856,
        0.9921668028504398,
        -0.029084220646725747,
        -12.26504561371928
      ],
      [
        -0.005120922808071943,
        0.029927365207808462,
        0.9995389582008859,
        1.4363735475490387
      ],
      [
        0.0,
        0.0,
        0.0,
        1.0
      ]
    ],
    "location": [
      94.54648735132116,
      -12.26504561371928,
      1.4363735475490387
    ],
    "rotation": [
      0.029932226991673926,
      0.005120945190055011,
      0.12178966354966314
    ]
  },
  {
    "label_id": "WJ02kR_Js_1nz4ry9ukSuw",
    "size": [
      2.0680828465252885,
      4.142795328816451,
      1.4499999999999886
    ],
    "obj_class": "vehicle",
    "point_num_in_lidar": 1997,
    "speed": 0.12973020900120602,
    "if_vehicle": true,
    "motion_state": false,
    "pose": [
      [
        -0.9961051977997591,
        0.08774084435565177,
        0.008716601864278726,
        60.95457967727111
      ],
      [
        -0.08795960343354993,
        -0.9956993603860481,
        -0.029084220646725747,
        12.458751685465614
      ],
      [
        0.006127240824032365,
        -0.029737652203428687,
        0.9995389582008859,
        0.4269285995431744
      ],
      [
        0.0,
        0.0,
        0.0,
        1.0
      ]
    ],
    "location": [
      60.95457967727111,
      12.458751685465614,
      0.4269285995431744
    ],
    "rotation": [
      -0.02974259540566739,
      -0.006127279163928954,
      -3.053517573505106
    ]
  },
  {
    "label_id": "XlvjSYB_MzEeLkgenPAcRQ",
    "size": [
      1.7434011794423263,
      3.7503595634871942,
      1.210000000000008
    ],
    "obj_class": "vehicle",
    "point_num_in_lidar": 22,
    "speed": 0.13838908167764605,
    "if_vehicle": true,
    "motion_state": false,
    "pose": [
      [
        -0.9936355943592218,
        0.11230461466180333,
        0.008716601864278726,
        95.42509019267845
      ],
      [
        -0.11251328829997578,
        -0.9932244801983583,
        -0.029084220646725747,
        -20.146553317815403
      ],
      [
        0.005391250163274879,
        -0.029879850407335783,
        0.9995389582008859,
        2.301373547548991
      ],
      [
        0.0,
        0.0,
        0.0,
        1.0
      ]
    ],
    "location": [
      95.42509019267845,
      -20.146553317815403,
      2.301373547548991
    ],
    "rotation": [
      -0.029884732784528648,
      -0.005391276280250457,
      -3.0288389682838974
    ]
  },
  {
    "label_id": "aFwmS_LxN-2ibTsHMVRa0w",
    "size": [
      0.33730376758812963,
      0.08861196967180238,
      0.5
    ],
    "obj_class": "sign",
    "point_num_in_lidar": 29,
    "speed": 0.021037643538809405,
    "if_vehicle": false,
    "motion_state": false,
    "pose": [
      [
        0.0011815602426153067,
        0.9999613116352717,
        0.008716601864278726,
        51.84525139802008
      ],
      [
        -0.9995759350571572,
        0.0014346302597476614,
        -0.029084220646725747,
        17.135239908639875
      ],
      [
        -0.029095600526586194,
        -0.008678540700203746,
        0.9995389582008859,
        1.135812671502606
      ],
      [
        0.0,
        0.0,
        0.0,
        1.0
      ]
    ],
    "location": [
      51.84525139802008,
      17.135239908639875,
      1.135812671502606
    ],
    "rotation": [
      -0.008682325543264481,
      0.02909970725725731,
      -1.5696142658319856
    ]
  },
  {
    "label_id": "eNNkfbxQJ_QKNxKtMrl5kQ",
    "size": [
      1.8380364869456787,
      4.242712689121765,
      1.3600000000000136
    ],
    "obj_class": "vehicle",
    "point_num_in_lidar": 49,
    "speed": 0.1044881565369512,
    "if_vehicle": true,
    "motion_state": false,
    "pose": [
      [
        -0.9901839653281211,
        0.13949815647175393,
        0.008716601864278726,
        84.0740037655861
      ],
      [
        -0.13969548298877307,
        -0.9897672858515308,
        -0.029084220646725747,
        -24.05189373248848
      ],
      [
        0.004570212206419584,
        -0.03001639883590417,
        0.9995389582008859,
        2.0863722505520457
      ],
      [
        0.0,
        0.0,
        0.0,
        1.0
      ]
    ],
    "location": [
      84.0740037655861,
      -24.05189373248848,
      2.0863722505520457
    ],
    "rotation": [
      -0.030021221667963643,
      -0.004570228116117346,
      -3.0014373047053198
    ]
  },
  {
    "label_id": "gUZr5WnTDZlzLkJcEjLozg",
    "size": [
      1.9475151742000367,
      4.409887397377804,
      1.3867488165983843
    ],
    "obj_class": "vehicle",
    "point_num_in_lidar": 1099,
    "speed": 1.0881422275307216e-29,
    "if_vehicle": true,
    "motion_state": false,
    "pose": [
      [
        0.9965336941319892,
        -0.08273220238571409,
        0.008716601864278726,
        69.08051132179855
      ],
      [
        0.082952998889862,
        0.996128961573024,
        -0.029084220646725747,
        1.1713470512478352
      ],
      [
        -0.0062766579347337745,
        0.029706474106802366,
        0.9995389582008859,
        0.3599949430371794
      ],
      [
        0.0,
        0.0,
        0.0,
        1.0
      ]
    ],
    "location": [
      69.08051132179855,
      1.1713470512478352,
      0.3599949430371794
    ],
    "rotation": [
      0.029711430484534812,
      0.006276699148455311,
      0.08305007045035247
    ]
  },
  {
    "label_id": "kE3oOR1I9KfUcj8qqnc7oA",
    "size": [
      2.0913455513372594,
      5.14052396980888,
      2.0
    ],
    "obj_class": "vehicle",
    "point_num_in_lidar": 1557,
    "speed": 0.06604328221236533,
    "if_vehicle": true,
    "motion_state": false,
    "pose": [
      [
        -0.9961051977997566,
        0.08774084435568053,
        0.008716601864278726,
        68.11793145599086
      ],
      [
        -0.08795960343357866,
        -0.9956993603860456,
        -0.029084220646725747,
        13.053284603443373
      ],
      [
        0.006127240824031506,
        -0.029737652203428864,
        0.9995389582008859,
        0.6395203676175925
      ],
      [
        0.0,
        0.0,
        0.0,
        1.0
      ]
    ],
    "location": [
      68.11793145599086,
      13.053284603443373,
      0.6395203676175925
    ],
    "rotation": [
      -0.029742595405667566,
      -0.006127279163928095,
      -3.053517573505077
    ]
  },
  {
    "label_id": "koNr8QHsB4v_CDKS60snIQ",
    "size": [
      0.33730376758812874,
      0.08861196967180238,
      0.46999999999999886
    ],
    "obj_class": "sign",
    "point_num_in_lidar": 23,
    "speed": 0.0013584556069956802,
    "if_vehicle": false,
    "motion_state": false,
    "pose": [
      [
        0.0011815602426150846,
        0.9999613116352717,
        0.008716601864278726,
        58.60645369216547
      ],
      [
        -0.9995759350571572,
        0.0014346302597474402,
        -0.029084220646725747,
        17.593378283446583
      ],
      [
        -0.029095600526586194,
        -0.008678540700203753,
        0.9995389582008859,
        0.848360218655472
      ],
      [
        0.0,
        0.0,
        0.0,
        1.0
      ]
    ],
    "location": [
      58.60645369216547,
      17.593378283446583,
      0.848360218655472
    ],
    "rotation": [
      -0.008682325543264488,
      0.02909970725725731,
      -1.5696142658319858
    ]
  },
  {
    "label_id": "kxcHgdzT0k4G_N-nuOlSxw",
    "size": [
      1.9132181384486169,
      3.842970712096971,
      1.5
    ],
    "obj_class": "vehicle",
    "point_num_in_lidar": 82,
    "speed": 1.3601776222675165e-29,
    "if_vehicle": true,
    "motion_state": false,
    "pose": [
      [
        -0.9954883557566766,
        0.09448256137938,
        0.008716601864278726,
        83.53838500416634
      ],
      [
        -0.09469856788564697,
        -0.995081046623731,
        -0.029084220646725747,
        -18.780071202761007
      ],
      [
        0.005925773643683144,
        -0.029778452703449955,
        0.9995389582008859,
        1.5316920797370415
      ],
      [
        0.0,
        0.0,
        0.0,
        1.0
      ]
    ],
    "location": [
      83.53838500416634,
      -18.780071202761007,
      1.5316920797370415
    ],
    "rotation": [
      -0.029783378576573292,
      -0.005925808324617246,
      -3.0467503013069774
    ]
  },
  {
    "label_id": "mNetYMNfWgsDdRNdiKss4A",
    "size": [
      1.9249407308266913,
      4.068092933622189,
      1.3700000000000045
    ],
    "obj_class": "vehicle",
    "point_num_in_lidar": 21,
    "speed": 0.030750650536895244,
    "if_vehicle": true,
    "motion_state": false,
    "pose": [
      [
        -0.9964419729908625,
        0.08382968038837452,
        0.008716601864278726,
        107.58263962333035
      ],
      [
        -0.0840500310081178,
        -0.996036997504062,
        -0.029084220646725747,
        15.808490938516755
      ],
      [
        0.006243937028174509,
        -0.029713368861103026,
        0.9995389582008859,
        0.421372326846182
      ],
      [
        0.0,
        0.0,
        0.0,
        1.0
      ]
    ],
    "location": [
      107.58263962333035,
      15.808490938516755,
      0.421372326846182
    ],
    "rotation": [
      -0.029718322330168006,
      -0.0062439776006879034,
      -3.0574417017586835
    ]
  },
  {
    "label_id": "tDH6kie0QuZbzKxrWj2JBg",
    "size": [
      2.0145453911282067,
      4.495980776823411,
      1.6100000000000136
    ],
    "obj_class": "vehicle",
    "point_num_in_lidar": 96,
    "speed": 0.050358233059122376,
    "if_vehicle": true,
    "motion_state": false,
    "pose": [
      [
        0.9908300063308457,
        -0.13483293146096093,
        0.008716601864278726,
        84.15287930872137
      ],
      [
        0.1350322183122893,
        0.9904142608661463,
        -0.029084220646725747,
        -26.42411219427089
      ],
      [
        -0.00471153606361865,
        0.029994540613401576,
        0.9995389582008859,
        2.4413732423733734
      ],
      [
        0.0,
        0.0,
        0.0,
        1.0
      ]
    ],
    "location": [
      84.15287930872137,
      -26.42411219427089,
      2.4413732423733734
    ],
    "rotation": [
      0.029999373052335236,
      0.0047115534953549336,
      0.1354474911554638
    ]
  },
  {
    "label_id": "vJQ_clDIded5uOENI4I4YQ",
    "size": [
      2.178727820478575,
      4.716290994184759,
      1.8791319242467068
    ],
    "obj_class": "vehicle",
    "point_num_in_lidar": 6409,
    "speed": 0.24098267598774056,
    "if_vehicle": true,
    "motion_state": false,
    "pose": [
      [
        0.9957618192810602,
        -0.09155555752663418,
        0.008716601864278726,
        63.681198598604055
      ],
      [
        0.09177276053093501,
        0.9953551469369635,
        -0.029084220646725747,
        0.6263814057871002
      ],
      [
        -0.00601329249287154,
        0.02976090307908936,
        0.9995389582008859,
        0.5698937670715338
      ],
      [
        0.0,
        0.0,
        0.0,
        1.0
      ]
    ],
    "location": [
      63.681198598604055,
      0.6263814057871002,
      0.5698937670715338
    ],
    "rotation": [
      0.029765836418168073,
      0.006013328733256576,
      0.09190373957261945
    ]
  },
  {
    "label_id": "xRwpyKJ4OoZj-m2rjG9MqA",
    "size": [
      0.5647919387993391,
      0.09147087482449624,
      0.6371681415929515
    ],
    "obj_class": "sign",
    "point_num_in_lidar": 21,
    "speed": 0.0015794330488181896,
    "if_vehicle": false,
    "motion_state": false,
    "pose": [
      [
        -0.9946867869162315,
        0.10257785719249353,
        0.008716601864278726,
        99.79683150420817
      ],
      [
        -0.10279054304020982,
        -0.9942777340214711,
        -0.029084220646725747,
        17.269910561038586
      ],
      [
        0.005683326117927578,
        -0.029825674224148866,
        0.9995389582008859,
        2.8833292478784927
      ],
      [
        0.0,
        0.0,
        0.0,
        1.0
      ]
    ],
    "location": [
      99.79683150420817,
      17.269910561038586,
      2.8833292478784927
    ],
    "rotation": [
      -0.029830579917233847,
      -0.0056833567137966595,
      -3.0386185631283187
    ]
  },
  {
    "label_id": "xVS8fOJBF86-8T0YnGcckA",
    "size": [
      1.8683214202349234,
      4.020142356091427,
      1.4099999999999966
    ],
    "obj_class": "vehicle",
    "point_num_in_lidar": 78,
    "speed": 8.79711180272596e-30,
    "if_vehicle": true,
    "motion_state": false,
    "pose": [
      [
        0.9968607513375684,
        -0.07869347682393087,
        0.008716601864278726,
        104.26521567856912
      ],
      [
        0.07891591152901412,
        0.9964569167891392,
        -0.029084220646725747,
        3.7049032646506816
      ],
      [
        -0.006396979775152438,
        0.029680796627517707,
        0.9995389582008859,
        0.4413720979642619
      ],
      [
        0.0,
        0.0,
        0.0,
        1.0
      ]
    ],
    "location": [
      104.26521567856912,
      3.7049032646506816,
      0.4413720979642619
    ],
    "rotation": [
      0.029685763812893468,
      0.006397023404797512,
      0.0789996727591195
    ]
  }
]