[
  {
    "label_id": "-TktN3WB6zg7mbcqtA_YxQ",
    "size": [
      2.2190962183035317,
      5.258057719348935,
      1.9457144510971034
    ],
    "obj_class": "vehicle",
    "point_num_in_lidar": 162,
    "speed": 0.027004202136150044,
    "if_vehicle": true,
    "motion_state": false,
    "pose": [
      [
        0.9984036477518088,
        -0.05527941662520982,
        0.011590610573167404,
        51.97641415209182
      ],
      [
        0.05539516505008926,
        0.9984152787395996,
        -0.009914982017199564,
        -0.3219422472517124
      ],
      [
        -0.011024148264410845,
        0.01054121799909755,
        0.9998836686725812,
        0.7558399465812613
      ],
      [
        0.0,
        0.0,
        0.0,
        1.0
      ]
    ],
    "location": [
      51.97641415209182,
      -0.3219422472517124,
      0.7558399465812613
    ],
    "rotation": [
      0.010542053868255966,
      0.011024371574136658,
      0.05542690702458447
    ]
  },
  {
    "label_id": "16CCR-nUo0Ke5k_DRrXysw",
    "size": [
      2.2593629290702477,
      4.788477913614035,
      1.758372620774736
    ],
    "obj_class": "vehicle",
    "point_num_in_lidar": 297,
    "speed": 0.02132766298983699,
    "if_vehicle": true,
    "motion_state": false,
    "pose": [
      [
        0.9971069085596146,
        -0.07512303674126661,
        0.011590610573167404,
        41.22711439489501
      ],
      [
        0.07523899357394857,
        0.9971162354397697,
        -0.009914982017199564,
        -1.0011447131403486
      ],
      [
        -0.010812342422797992,
        0.010758362942026712,
        0.9998836686725812,
        0.7144806429788844
      ],
      [
        0.0,
        0.0,
        0.0,
        1.0
      ]
    ],
    "location": [
      41.22711439489501,
      -1.0011447131403486,
      0.7144806429788844
    ],
    "rotation": [
      0.010759199440074913,
      0.010812553106514858,
      0.07531457269351746
    ]
  },
  {
    "label_id": "6_1JJIYW81d3Ggc94_e4oQ",
    "size": [
      2.1065520253788166,
      4.845271544164966,
      1.4721932968977
    ],
    "obj_class": "vehicle",
    "point_num_in_lidar": 4009,
    "speed": 0.13906773734269945,
    "if_vehicle": true,
    "motion_state": false,
    "pose": [
      [
        0.9994089408256801,
        -0.032363972936485436,
        0.011590610573167404,
        23.43629332799196
      ],
      [
        0.03247942412205075,
        0.9994232237347194,
        -0.009914982017199564,
        -2.198833481227325
      ],
      [
        -0.011263037174418303,
        0.010285578032754511,
        0.9998836686725812,
        0.691548778761728
      ],
      [
        0.0,
        0.0,
        0.0,
        1.0
      ]
    ],
    "location": [
      23.43629332799196,
      -2.198833481227325,
      0.691548778761728
    ],
    "rotation": [
      0.01028641188888352,
      0.011263275318665696,
      0.03248719871768622
    ]
  },
  {
    "label_id": "Fa_9NGKVySbo9u6RqA4V2Q",
    "size": [
      0.4066769035776407,
      0.07669842641051185,
      0.5699999999999932
    ],
    "obj_class": "sign",
    "point_num_in_lidar": 43,
    "speed": 0.002923419331461559,
    "if_vehicle": false,
    "motion_state": false,
    "pose": [
      [
        -0.975034902234225,
        -0.22174895077911125,
        0.011590610573167404,
        38.26824671777433
      ],
      [
        0.22164087847538103,
        -0.9750779528428792,
        -0.009914982017199564,
        -2.7576974958837184
      ],
      [
        0.013500385689190863,
        -0.007098500412291413,
        0.9998836686725812,
        2.5714480978371625
      ],
      [
        0.0,
        0.0,
        0.0,
        1.0
      ]
    ],
    "location": [
      38.26824671777433,
      -2.7576974958837184,
      2.5714480978371625
    ],
    "rotation": [
      -0.007099207020240716,
      -0.013500795820476497,
      2.918075056996139
    ]
  },
  {
    "label_id": "HU0fq4SmLbWf8TBk8acnew",
    "size": [
      1.9934661963053792,
      4.4272923870399845,
      1.4483726207747338
    ],
    "obj_class": "vehicle",
    "point_num_in_lidar": 1424,
    "speed": 0.01922570265485641,
    "if_vehicle": true,
    "motion_state": false,
    "pose": [
      [
        0.9982143352591424,
        -0.058598623104043526,
        0.011590610573167404,
        35.17454464252717
      ],
      [
        0.058714409560091246,
        0.9982255813400139,
        -0.009914982017199564,
        -1.1412418180246675
      ],
      [
        -0.010989039683176497,
        0.010577813039649688,
        0.9998836686725812,
        0.5865874342176483
      ],
      [
        0.0,
        0.0,
        0.0,
        1.0
      ]
    ],
    "location": [
      35.17454464252717,
      -1.1412418180246675,
      0.5865874342176483
    ],
    "rotation": [
      0.010578649085009498,
      0.010989260866090781,
      0.05875174876231234
    ]
  },
  {
    "label_id": "J25g562mY2rUDBNO8fK1nQ",
    "size": [
      2.0637308691718195,
      4.517605396935919,
      1.5844394309837924
    ],
    "obj_class": "vehicle",
    "point_num_in_lidar": 48,
    "speed": 0.009936865481832816,
    "if_vehicle": true,
    "motion_state": false,
    "pose": [
      [
        0.9954384026596793,
        -0.0946997584837869,
        0.011590610573167404,
        46.80628282863336
      ],
      [
        0.09481587618710968,
        0.9954454494117041,
        -0.009914982017199564,
        -0.6665049789113198
      ],
      [
        -0.010598874148562785,
        0.010968727758639024,
        0.9998836686725812,
        0.5519769605508884
      ],
      [
        0.0,
        0.0,
        0.0,
        1.0
      ]
    ],
    "location": [
      46.80628282863336,
      -0.6665049789113198,
      0.5519769605508884
    ],
    "rotation": [
      0.010969563898498135,
      0.010599072598017869,
      0.09496387077709961
    ]
  },
  {
    "label_id": "Ji9qNAyVM781UZPbq91ksQ",
    "size": [
      2.1530767782148827,
      4.794953077068618,
      1.5705168509874454
    ],
    "obj_class": "vehicle",
    "point_num_in_lidar": 206,
    "speed": 0.001565869484503252,
    "if_vehicle": true,
    "motion_state": false,
    "pose": [
      [
        -0.9989100766243361,
        0.045214119088006675,
        0.011590610573167404,
        49.012944763736414
      ],
      [
        -0.0453297444101769,
        -0.9989228736010138,
        -0.009914982017199564,
        11.700431587704259
      ],
      [
        0.01112982884285757,
        -0.010429574861369303,
        0.9998836686725812,
        0.5347493304269904
      ],
      [
        0.0,
        0.0,
        0.0,
        1.0
      ]
    ],
    "location": [
      49.012944763736414,
      11.700431587704259,
      0.5347493304269904
    ],
    "rotation": [
      -0.010430410018914356,
      -0.011130058636715628,
      -3.0962445602712387
    ]
  },
  {
    "label_id": "Pq9W_07CA8LHuQphLoWheQ",
    "size": [
      1.9662448774428214,
      4.400241273176624,
      1.4223564566902667
    ],
    "obj_class": "vehicle",
    "point_num_in_lidar": 267,
    "speed": 0.07903514138457193,
    "if_vehicle": true,
    "motion_state": false,
    "pose": [
      [
        -0.9967670354628594,
        0.07950556434064335,
        0.011590610573167404,
        31.69691601200418
      ],
      [
        -0.07962156105361076,
        -0.9967758525099738,
        -0.009914982017199564,
        10.23528403610895
      ],
      [
        0.010764944494475272,
        -0.010805789739351646,
        0.9998836686725812,
        0.581128716226857
      ],
      [
        0.0,
        0.0,
        0.0,
        1.0
      ]
    ],
    "location": [
      31.69691601200418,
      10.23528403610895,
      0.581128716226857
    ],
    "rotation": [
      -0.010806626240456236,
      -0.010765152419510024,
      -3.061882095045998
    ]
  },
  {
    "label_id": "QTfMbm_waW5SFGml-dr_Aw",
    "size": [
      0.5296632865314513,
      0.09912161717784329,
      0.5200000000000102
    ],
    "obj_class": "sign",
    "point_num_in_lidar": 39,
    "speed": 0.0016030548984231833,
    "if_vehicle": false,
    "motion_state": false,
    "pose": [
      [
        0.9994178660624282,
        0.032087174100623575,
        0.011590610573167404,
        49.79699362704457
      ],
      [
        -0.03197288287003728,
        0.9994395568980536,
        -0.009914982017199564,
        13.83790418517276
      ],
      [
        -0.011902258449614761,
        0.009538624935428841,
        0.9998836686725812,
        3.061692079736787
      ],
      [
        0.0,
        0.0,
        0.0,
        1.0
      ]
    ],
    "location": [
      49.79699362704457,
      13.83790418517276,
      3.061692079736787
    ],
    "rotation": [
      0.00953944532848751,
      0.01190253948730412,
      -0.031980598937270587
    ]
  },
  {
    "label_id": "RQk7gQTbuU86pW7OGRO9mA",
    "size": [
      2.0643344717405747,
      4.21803561067237,
      1.4833326921443302
    ],
    "obj_class": "vehicle",
    "point_num_in_lidar": 24,
    "speed": 0.006370066512580171,
    "if_vehicle": true,
    "motion_state": false,
    "pose": [
      [
        0.9965055474353481,
        -0.08271850867320142,
        0.011590610573167404,
        57.959081970527905
      ],
      [
        0.0828345332076232,
        0.9965139904887809,
        -0.009914982017199564,
        0.12790588669687963
      ],
      [
        -0.010730053068484147,
        0.010840437399280747,
        0.9998836686725812,
        0.4618113355386697
      ],
      [
        0.0,
        0.0,
        0.0,
        1.0
      ]
    ],
    "location": [
      57.959081970527905,
      0.12790588669687963,
      0.4618113355386697
    ],
    "rotation": [
      0.010841273871898451,
      0.010730258978210385,
      0.08293434131711819
    ]
  },
  {
    "label_id": "WJ02kR_Js_1nz4ry9ukSuw",
    "size": [
      2.0680828465252885,
      4.142795328816451,
      1.4499999999999886
    ],
    "obj_class": "vehicle",
    "point_num_in_lidar": 36,
    "speed": 0.004378783065917469,
    "if_vehicle": true,
    "motion_state": false,
    "pose": [
      [
        -0.9960761272705133,
        0.0877382837096628,
        0.011590610573167404,
        60.90754017875736
      ],
      [
        -0.08785434931113457,
        -0.9960839856351049,
        -0.009914982017199564,
        12.456973609986846
      ],
      [
        0.010675298070463714,
        -0.010894362439673304,
        0.9998836686725812,
        0.427422252788773
      ],
      [
        0.0,
        0.0,
        0.0,
        1.0
      ]
    ],
    "location": [
      60.90754017875736,
      12.456973609986846,
      0.427422252788773
    ],
    "rotation": [
      -0.01089519881614088,
      -0.01067550084389605,
      -3.05361986840066
    ]
  },
  {
    "label_id": "Xbw6pFmkQlZzShwDh1kA-w",
    "size": [
      0.5283680437403451,
      0.0917780648195321,
      0.5200000000000102
    ],
    "obj_class": "sign",
    "point_num_in_lidar": 35,
    "speed": 0.0015323026056212044,
    "if_vehicle": false,
    "motion_state": false,
    "pose": [
      [
        0.999417866062428,
        0.03208717410062846,
        0.011590610573167404,
        49.79857394853593
      ],
      [
        -0.031972882870042164,
        0.9994395568980535,
        -0.009914982017199564,
        13.837691531392451
      ],
      [
        -0.011902258449614806,
        0.009538624935428782,
        0.9998836686725812,
        2.531692079736928
      ],
      [
        0.0,
        0.0,
        0.0,
        1.0
      ]
    ],
    "location": [
      49.79857394853593,
      13.837691531392451,
      2.531692079736928
    ],
    "rotation": [
      0.009539445328487451,
      0.011902539487304166,
      -0.03198059893727547
    ]
  },
  {
    "label_id": "ZFvMr9wN9-CPPx0LnQsiyw",
    "size": [
      0.9106749139702834,
      0.6788900799441303,
      1.740000000000009
    ],
    "obj_class": "pedestrian",
    "point_num_in_lidar": 75,
    "speed": 0.015981382723137563,
    "if_vehicle": false,
    "motion_state": false,
    "pose": [
      [
        -0.9999210148532283,
        0.004860226479450406,
        0.011590610573167404,
        35.44890046358512
      ],
      [
        -0.004975241086324851,
        -0.9999384681607824,
        -0.009914982017199564,
        -4.961356609904158
      ],
      [
        0.011541708323437913,
        -0.009971864962828909,
        0.9998836686725812,
        0.9828948989789978
      ],
      [
        0.0,
        0.0,
        0.0,
        1.0
      ]
    ],
    "location": [
      35.44890046358512,
      -4.961356609904158,
      0.9828948989789978
    ],
    "rotation": [
      -0.009972694514694874,
      -0.011541964585944111,
      -3.1366170605621524
    ]
  },
  {
    "label_id": "aLKLRVALSecdklsZzsqb1w",
    "size": [
      2.279181251532649,
      4.723665906330695,
      1.6483726207747225
    ],
    "obj_class": "vehicle",
    "point_num_in_lidar": 6494,
    "speed": 0.13667375118082276,
    "if_vehicle": true,
    "motion_state": false,
    "pose": [
      [
        0.9941002991613557,
        -0.10784365050314619,
        0.011590610573167404,
        28.70021777972363
      ],
      [
        0.10795985117549774,
        0.9941058111014961,
        -0.009914982017199564,
        -1.7229025475235176
      ],
      [
        -0.010453025469592307,
        0.011107807181989851,
        0.9998836686725812,
        0.7246821703589035
      ],
      [
        0.0,
        0.0,
        0.0,
        1.0
      ]
    ],
    "location": [
      28.70021777972363,
      -1.7229025475235176,
      0.7246821703589035
    ],
    "rotation": [
      0.011108642553048793,
      0.010453215838549237,
      0.10817661007664453
    ]
  },
  {
    "label_id": "djwJETMnF8x4cVGX3MsC8A",
    "size": [
      1.9823390091466777,
      4.458846597593478,
      1.4782598895759236
    ],
    "obj_class": "vehicle",
    "point_num_in_lidar": 3223,
    "speed": 0.10855382235663771,
    "if_vehicle": true,
    "motion_state": false,
    "pose": [
      [
        -0.9961501008107763,
        0.08689438647704308,
        0.011590610573167404,
        18.250705046423946
      ],
      [
        -0.0870104453793349,
        -0.996158057502166,
        -0.009914982017199564,
        9.324520539216493
      ],
      [
        0.010684523834515037,
        -0.010885314524160103,
        0.9998836686725812,
        0.5860345076937108
      ],
      [
        0.0,
        0.0,
        0.0,
        1.0
      ]
    ],
    "location": [
      18.250705046423946,
      9.324520539216493,
      0.5860345076937108
    ],
    "rotation": [
      -0.01088615092117598,
      -0.010684727134140039,
      -3.0544670565901364
    ]
  },
  {
    "label_id": "fry9BMc6wlzy3IkT7E6Lqg",
    "size": [
      1.9903419751476545,
      4.870454643302343,
      1.4605168509874602
    ],
    "obj_class": "vehicle",
    "point_num_in_lidar": 496,
    "speed": 0.004694190948168467,
    "if_vehicle": true,
    "motion_state": false,
    "pose": [
      [
        -0.9967670354628622,
        0.07950556434060838,
        0.011590610573167404,
        37.110280236683366
      ],
      [
        -0.07962156105357579,
        -0.9967758525099766,
        -0.009914982017199564,
        10.756694870713417
      ],
      [
        0.010764944494475652,
        -0.010805789739351267,
        0.9998836686725812,
        0.5335720293559234
      ],
      [
        0.0,
        0.0,
        0.0,
        1.0
      ]
    ],
    "location": [
      37.110280236683366,
      10.756694870713417,
      0.5335720293559234
    ],
    "rotation": [
      -0.010806626240455858,
      -0.010765152419510404,
      -3.061882095046033
    ]
  },
  {
    "label_id": "hb0ASarWGWDxr2SxCcea0A",
    "size": [
      0.4288018488109256,
      0.07469978022218265,
      0.6044489512381972
    ],
    "obj_class": "sign",
    "point_num_in_lidar": 69,
    "speed": 0.026513039915374296,
    "if_vehicle": false,
    "motion_state": false,
    "pose": [
      [
        -0.8858641129188546,
        -0.46379999050132803,
        0.011590610573167404,
        25.941339930193408
      ],
      [
        0.46370652729270856,
        -0.8859333776744928,
        -0.009914982017199564,
        -3.6353314932563876
      ],
      [
        0.014867077339793883,
        -0.003408684971187281,
        0.9998836686725812,
        2.5859116610862714
      ],
      [
        0.0,
        0.0,
        0.0,
        1.0
      ]
    ],
    "location": [
      25.941339930193408,
      -3.6353314932563876,
      2.5859116610862714
    ],
    "rotation": [
      -0.003409068347665084,
      -0.014867625072597606,
      2.6593606693926564
    ]
  },
  {
    "label_id": "i4WEZxXNh4J1GX9xl5n5eQ",
    "size": [
      1.9322981237294707,
      4.718592850396311,
      1.4782598895759236
    ],
    "obj_class": "vehicle",
    "point_num_in_lidar": 3797,
    "speed": 0.11960735930542794,
    "if_vehicle": true,
    "motion_state": false,
    "pose": [
      [
        -0.9961501008107803,
        0.08689438647699839,
        0.011590610573167404,
        24.379247856833558
      ],
      [
        -0.08701044537929023,
        -0.99615805750217,
        -0.009914982017199564,
        9.728691323200593
      ],
      [
        0.010684523834515524,
        -0.010885314524159624,
        0.9998836686725812,
        0.5860345076936824
      ],
      [
        0.0,
        0.0,
        0.0,
        1.0
      ]
    ],
    "location": [
      24.379247856833558,
      9.728691323200593,
      0.5860345076936824
    ],
    "rotation": [
      -0.010886150921175501,
      -0.010684727134140527,
      -3.0544670565901813
    ]
  },
  {
    "label_id": "kE3oOR1I9KfUcj8qqnc7oA",
    "size": [
      2.0913455513372616,
      5.14052396980888,
      2.0
    ],
    "obj_class": "vehicle",
    "point_num_in_lidar": 36,
    "speed": 0.003654334115578572,
    "if_vehicle": true,
    "motion_state": false,
    "pose": [
      [
        -0.9960761272705111,
        0.08773828370969067,
        0.011590610573167404,
        68.09330312063344
      ],
      [
        -0.08785434931116246,
        -0.9960839856351026,
        -0.009914982017199564,
        13.09603702081715
      ],
      [
        0.010675298070463411,
        -0.010894362439673603,
        0.9998836686725812,
        0.639520367617564
      ],
      [
        0.0,
        0.0,
        0.0,
        1.0
      ]
    ],
    "location": [
      68.09330312063344,
      13.09603702081715,
      0.639520367617564
    ],
    "rotation": [
      -0.010895198816141179,
      -0.010675500843895746,
      -3.053619868400632
    ]
  },
  {
    "label_id": "svvZ-n56c1SWAdlNP4Um4w",
    "size": [
      2.114824979337688,
      4.587304606114616,
      1.4477359653949975
    ],
    "obj_class": "vehicle",
    "point_num_in_lidar": 3869,
    "speed": 6.17264421786377,
    "if_vehicle": true,
    "motion_state": true,
    "pose": [
      [
        -0.9970033588144962,
        0.07648503290941501,
        0.011590610573167404,
        27.212637058586438
      ],
      [
        -0.07660100237459759,
        -0.9970125272867968,
        -0.009914982017199564,
        5.585753997747986
      ],
      [
        0.010797636214468935,
        -0.010773122761771526,
        0.9998836686725812,
        0.7120268109795234
      ],
      [
        0.0,
        0.0,
        0.0,
        1.0
      ]
    ],
    "location": [
      27.212637058586438,
      5.585753997747986,
      0.7120268109795234
    ],
    "rotation": [
      -0.010773959265968752,
      -0.010797846039651803,
      -3.0649120616284278
    ]
  },
  {
    "label_id": "vJQ_clDIded5uOENI4I4YQ",
    "size": [
      2.178727820478575,
      4.716290994184759,
      1.8791319242467068
    ],
    "obj_class": "vehicle",
    "point_num_in_lidar": 106,
    "speed": 0.021155658288143003,
    "if_vehicle": true,
    "motion_state": false,
    "pose": [
      [
        0.9957327587730408,
        -0.09155288555130824,
        0.011590610573167404,
        63.717408090123854
      ],
      [
        0.09166898040107443,
        0.99574017251682,
        -0.009914982017199564,
        0.6038747280150858
      ],
      [
        -0.010633491357837036,
        0.010935171850639379,
        0.9998836686725812,
        0.6487788427594126
      ],
      [
        0.0,
        0.0,
        0.0,
        1.0
      ]
    ],
    "location": [
      63.717408090123854,
      0.6038747280150858,
      0.6487788427594126
    ],
    "rotation": [
      0.010936008112236396,
      0.010633691758196244,
      0.09180305873216066
    ]
  }
]