[
  {
    "label_id": "-kZBe1CSBNx4Vln1QEyrHA",
    "size": [
      2.153597138417442,
      4.662434529255965,
      1.5800000000000125
    ],
    "obj_class": "vehicle",
    "point_num_in_lidar": 492,
    "speed": 0.007861335176840083,
    "if_vehicle": true,
    "motion_state": false,
    "pose": [
      [
        -0.05715142684335937,
        -0.9982449303102757,
        -0.015516878539226486,
        10.104921194019994
      ],
      [
        0.99818786097695,
        -0.05684115661198964,
        -0.01975036995280392,
        -12.323930911022302
      ],
      [
        0.018833709353961517,
        -0.01661752162159658,
        0.9996845249213006,
        1.1036540651272162
      ],
      [
        0.0,
        0.0,
        0.0,
        1.0
      ]
    ],
    "location": [
      10.104921194019994,
      -12.323930911022302,
      1.1036540651272162
    ],
    "rotation": [
      -0.01662123489643857,
      -0.01883482294485896,
      1.6279890669543633
    ]
  },
  {
    "label_id": "2tqrXtsaOb8Er6hnMeD4yA",
    "size": [
      0.43025061392045216,
      0.09447742826333183,
      0.18999999999999773
    ],
    "obj_class": "sign",
    "point_num_in_lidar": 20,
    "speed": 0.0009546364742007679,
    "if_vehicle": false,
    "motion_state": false,
    "pose": [
      [
        -0.9979369334711476,
        -0.0622985015437883,
        -0.015516878539226486,
        14.620140183108788
      ],
      [
        0.0625997521176071,
        -0.9978432712212584,
        -0.01975036995280392,
        10.720799914254528
      ],
      [
        -0.01425299438772955,
        -0.020680976375816434,
        0.9996845249213006,
        2.466932383679932
      ],
      [
        0.0,
        0.0,
        0.0,
        1.0
      ]
    ],
    "location": [
      14.620140183108788,
      10.720799914254528,
      2.466932383679932
    ],
    "rotation": [
      -0.020684552295682862,
      0.014253477009375766,
      3.0789455719917527
    ]
  },
  {
    "label_id": "4idfo9w6rTtwdYwoHQQ6Pw",
    "size": [
      0.7716969465414073,
      0.11330106014725061,
      0.6999999999999886
    ],
    "obj_class": "sign",
    "point_num_in_lidar": 72,
    "speed": 0.0014883495503276707,
    "if_vehicle": false,
    "motion_state": false,
    "pose": [
      [
        0.06043509022506952,
        0.9980515148778077,
        -0.015516878539226486,
        11.26792672802685
      ],
      [
        -0.9979954665636664,
        0.060124633929011004,
        -0.01975036995280392,
        -8.364525292345746
      ],
      [
        -0.01877894000890117,
        0.016679389827443283,
        0.9996845249213006,
        2.9534163066198005
      ],
      [
        0.0,
        0.0,
        0.0,
        1.0
      ]
    ],
    "location": [
      11.26792672802685,
      -8.364525292345746,
      2.9534163066198005
    ],
    "rotation": [
      0.01668310546674422,
      0.01878004391186983,
      -1.5103137086011316
    ]
  },
  {
    "label_id": "5oX9fmLl0Z74-llNDr8wpg",
    "size": [
      2.013978879816807,
      4.430995565915478,
      1.8100000000000023
    ],
    "obj_class": "vehicle",
    "point_num_in_lidar": 3483,
    "speed": 0.06949149422948882,
    "if_vehicle": true,
    "motion_state": false,
    "pose": [
      [
        -0.9953004819274923,
        0.09558335187311943,
        -0.015516878539226486,
        -1.9182353867070105
      ],
      [
        -0.09527111261063936,
        -0.9952554134435334,
        -0.01975036995280392,
        -12.400209298407077
      ],
      [
        -0.017331063926734086,
        -0.018179242449595748,
        0.9996845249213006,
        1.184791944265129
      ],
      [
        0.0,
        0.0,
        0.0,
        1.0
      ]
    ],
    "location": [
      -1.9182353867070105,
      -12.400209298407077,
      1.184791944265129
    ],
    "rotation": [
      -0.018182975203696813,
      0.017331931653771795,
      -3.0461624496721074
    ]
  },
  {
    "label_id": "6OjFlL7Q_guovcwo3zdcBQ",
    "size": [
      2.1550294496027775,
      4.70536948148588,
      1.755650015166566
    ],
    "obj_class": "vehicle",
    "point_num_in_lidar": 50,
    "speed": 0.003916324748059906,
    "if_vehicle": true,
    "motion_state": false,
    "pose": [
      [
        -0.07460840479501794,
        -0.9970921784942162,
        -0.015516878539226486,
        7.233446817823847
      ],
      [
        0.9970405465193115,
        -0.07429718354823699,
        -0.01975036995280392,
        22.69403099452697
      ],
      [
        0.01854007902938336,
        -0.0169445006553143,
        0.9996845249213006,
        0.6572277701380926
      ],
      [
        0.0,
        0.0,
        0.0,
        1.0
      ]
    ],
    "location": [
      7.233446817823847,
      22.69403099452697,
      0.6572277701380926
    ],
    "rotation": [
      -0.016948224974237976,
      -0.01854114133793653,
      1.6454869843285846
    ]
  },
  {
    "label_id": "6_1JJIYW81d3Ggc94_e4oQ",
    "size": [
      2.106552025378817,
      4.845271544164966,
      1.4721932968977
    ],
    "obj_class": "vehicle",
    "point_num_in_lidar": 182,
    "speed": 0.004337561687454629,
    "if_vehicle": true,
    "motion_state": false,
    "pose": [
      [
        0.9993557480847841,
        -0.0323622503899305,
        -0.015516878539226486,
        23.348064341737313
      ],
      [
        0.0320534918869145,
        0.9992909969296146,
        -0.01975036995280392,
        -2.202983179296382
      ],
      [
        0.016145043442405776,
        0.01924027559876827,
        0.9996845249213006,
        0.691548778761728
      ],
      [
        0.0,
        0.0,
        0.0,
        1.0
      ]
    ],
    "location": [
      23.348064341737313,
      -2.202983179296382,
      0.691548778761728
    ],
    "rotation": [
      0.01924397144697797,
      -0.016145744925728202,
      0.03206316372895549
    ]
  },
  {
    "label_id": "7smZ5cUZsVHoEo6NaA-_8A",
    "size": [
      2.06018848265472,
      4.5995315342593805,
      1.5218057153942368
    ],
    "obj_class": "vehicle",
    "point_num_in_lidar": 1187,
    "speed": 1.8055954525724132,
    "if_vehicle": true,
    "motion_state": true,
    "pose": [
      [
        0.057271747408381916,
        0.998238034453301,
        -0.015516878539226486,
        2.7956660903513466
      ],
      [
        -0.9981810025180436,
        0.05696147030055526,
        -0.01975036995280392,
        12.42234273709849
      ],
      [
        -0.018831706265343046,
        0.01661979157539489,
        0.9996845249213006,
        0.7923927168975524
      ],
      [
        0.0,
        0.0,
        0.0,
        1.0
      ]
    ],
    "location": [
      2.7956660903513466,
      12.42234273709849,
      0.7923927168975524
    ],
    "rotation": [
      0.01662350493924112,
      0.01883281950092737,
      -1.5134830493859415
    ]
  },
  {
    "label_id": "9dK1E7yukLqZV3xaj_wIig",
    "size": [
      2.0955586239767507,
      4.606271177782434,
      1.8262575940847512
    ],
    "obj_class": "vehicle",
    "point_num_in_lidar": 694,
    "speed": 0.005142310274421473,
    "if_vehicle": true,
    "motion_state": false,
    "pose": [
      [
        -0.016807200064778868,
        -0.9997383380196948,
        -0.015516878539226486,
        10.895857420483821
      ],
      [
        0.9996687900651497,
        -0.01649948654980258,
        -0.01975036995280392,
        -22.230477711243026
      ],
      [
        0.019489181503137422,
        -0.015843687614046597,
        0.9996845249213006,
        2.4327077254650646
      ],
      [
        0.0,
        0.0,
        0.0,
        1.0
      ]
    ],
    "location": [
      10.895857420483821,
      -22.230477711243026,
      2.4327077254650646
    ],
    "rotation": [
      -0.015847360717424253,
      -0.019490415470836346,
      1.5876075115337398
    ]
  },
  {
    "label_id": "ASh_4SoPlz5qkwL5QzxKGw",
    "size": [
      2.0609696780805433,
      5.122046726895162,
      1.7199999999999989
    ],
    "obj_class": "vehicle",
    "point_num_in_lidar": 122,
    "speed": 0.055633236447400765,
    "if_vehicle": true,
    "motion_state": false,
    "pose": [
      [
        0.988415021542192,
        -0.15098003732330814,
        -0.015516878539226486,
        -1.5468181969682746
      ],
      [
        0.150665769499995,
        0.9883874487202385,
        -0.01975036995280392,
        -27.29448740432116
      ],
      [
        0.018318599584111365,
        0.01718369989701643,
        0.9996845249213006,
        2.9401038222685827
      ],
      [
        0.0,
        0.0,
        0.0,
        1.0
      ]
    ],
    "location": [
      -1.5468181969682746,
      -27.29448740432116,
      2.9401038222685827
    ],
    "rotation": [
      0.01718743000348339,
      -0.018319624270927606,
      0.15126727337559745
    ]
  },
  {
    "label_id": "B9tn9-kjeoeV8sqY20oAJw",
    "size": [
      0.741001425428828,
      0.0564697773877908,
      0.7199999999999989
    ],
    "obj_class": "sign",
    "point_num_in_lidar": 91,
    "speed": 0.0054214911614565075,
    "if_vehicle": false,
    "motion_state": false,
    "pose": [
      [
        -0.036340545510275706,
        -0.9992189906283881,
        -0.015516878539226486,
        -6.667719444484078
      ],
      [
        0.9991554691898975,
        -0.03603153167218339,
        -0.01975036995280392,
        12.738636964691864
      ],
      [
        0.019175847828238415,
        -0.016221513275338138,
        0.9996845249213006,
        2.6276778989899015
      ],
      [
        0.0,
        0.0,
        0.0,
        1.0
      ]
    ],
    "location": [
      -6.667719444484078,
      12.738636964691864,
      2.6276778989899015
    ],
    "rotation": [
      -0.016225208421518637,
      -0.01917702322461201,
      1.6071515635395615
    ]
  },
  {
    "label_id": "FJYkxRLHRb93ZMGg32MbWQ",
    "size": [
      2.209120146936162,
      4.612479673477537,
      1.9199999999999875
    ],
    "obj_class": "vehicle",
    "point_num_in_lidar": 1927,
    "speed": 0.024832708007999242,
    "if_vehicle": true,
    "motion_state": false,
    "pose": [
      [
        -0.9968473870825206,
        0.07781075341590357,
        -0.015516878539226486,
        -1.9960759723262527
      ],
      [
        -0.0774993679289208,
        -0.9967967550395344,
        -0.01975036995280392,
        -19.53362593158903
      ],
      [
        -0.017003965342514044,
        -0.018485556402345824,
        0.9996845249213006,
        1.9563340460452139
      ],
      [
        0.0,
        0.0,
        0.0,
        1.0
      ]
    ],
    "location": [
      -1.9960759723262527,
      -19.53362593158903,
      1.9563340460452139
    ],
    "rotation": [
      -0.018489282811083155,
      0.017004784855604915,
      -3.064004256275158
    ]
  },
  {
    "label_id": "FLen59IAM_bXFeBGOY6Esw",
    "size": [
      0.5005876084273101,
      0.11481350884087005,
      0.5
    ],
    "obj_class": "sign",
    "point_num_in_lidar": 20,
    "speed": 0.011683547531927704,
    "if_vehicle": false,
    "motion_state": false,
    "pose": [
      [
        0.9882682769320378,
        -0.1519376164423426,
        -0.015516878539226486,
        38.30220033818273
      ],
      [
        0.1516233220519333,
        0.9882410086090657,
        -0.01975036995280392,
        -3.0919275621670863
      ],
      [
        0.018335239832553037,
        0.01716594341003395,
        0.9996845249213006,
        3.105263208090861
      ],
      [
        0.0,
        0.0,
        0.0,
        1.0
      ]
    ],
    "location": [
      38.30220033818273,
      -3.0919275621670863,
      3.105263208090861
    ],
    "rotation": [
      0.01716967315412859,
      -0.018336267314603555,
      0.1522361676713939
    ]
  },
  {
    "label_id": "JCDdYUT-UV2oxkxdT7TaPw",
    "size": [
      3.5590816235393277,
      6.254139630824458,
      2.4000000000000057
    ],
    "obj_class": "vehicle",
    "point_num_in_lidar": 90,
    "speed": 0.008970948965272386,
    "if_vehicle": true,
    "motion_state": false,
    "pose": [
      [
        -0.10469083661061049,
        -0.9943837565096132,
        -0.015516878539226486,
        5.320411745123465
      ],
      [
        0.9943415483121908,
        -0.10437819785205549,
        -0.01975036995280392,
        55.84465164558499
      ],
      [
        0.018019823247910058,
        -0.01749675978539477,
        0.9996845249213006,
        0.5385376253080096
      ],
      [
        0.0,
        0.0,
        0.0,
        1.0
      ]
    ],
    "location": [
      5.320411745123465,
      55.84465164558499,
      0.5385376253080096
    ],
    "rotation": [
      -0.017500494490296826,
      -0.018020798605341396,
      1.6756964464467807
    ]
  },
  {
    "label_id": "Ji9qNAyVM781UZPbq91ksQ",
    "size": [
      2.153076778214883,
      4.794953077068618,
      1.5705168509874454
    ],
    "obj_class": "vehicle",
    "point_num_in_lidar": 24,
    "speed": 0.0015658694846974826,
    "if_vehicle": true,
    "motion_state": false,
    "pose": [
      [
        -0.9988569104350877,
        0.045211712602710084,
        -0.015516878539226486,
        49.018415548116536
      ],
      [
        -0.04490214690630963,
        -0.9987961353999784,
        -0.01975036995280392,
        11.700764203515376
      ],
      [
        -0.016391146368553645,
        -0.019031052351312003,
        0.9996845249213006,
        0.536772594392545
      ],
      [
        0.0,
        0.0,
        0.0,
        1.0
      ]
    ],
    "location": [
      49.018415548116536,
      11.700764203515376,
      0.536772594392545
    ],
    "rotation": [
      -0.01903475883123733,
      0.016391880424645115,
      -3.0966693651077426
    ]
  },
  {
    "label_id": "M1ux1dJCnlFsX4da4hqWLg",
    "size": [
      2.048192276072317,
      4.507813116800472,
      1.3662575940847432
    ],
    "obj_class": "vehicle",
    "point_num_in_lidar": 244,
    "speed": 0.0556034027007291,
    "if_vehicle": true,
    "motion_state": false,
    "pose": [
      [
        -0.09523423311200563,
        -0.9953339476396689,
        -0.015516878539226486,
        11.536090262181801
      ],
      [
        0.9952887696370358,
        -0.09492200967701307,
        -0.01975036995280392,
        -28.535238296767517
      ],
      [
        0.018185320397610734,
        -0.017324686286047733,
        0.9996845249213006,
        2.8659990506866677
      ],
      [
        0.0,
        0.0,
        0.0,
        1.0
      ]
    ],
    "location": [
      11.536090262181801,
      -28.535238296767517,
      2.8659990506866677
    ],
    "rotation": [
      -0.017328418884111872,
      -0.018186322878862824,
      1.6661909291391785
    ]
  },
  {
    "label_id": "Pq9W_07CA8LHuQphLoWheQ",
    "size": [
      1.966244877442821,
      4.400241273176624,
      1.4223564566902667
    ],
    "obj_class": "vehicle",
    "point_num_in_lidar": 28,
    "speed": 0.01115181029547431,
    "if_vehicle": true,
    "motion_state": false,
    "pose": [
      [
        -0.9967139833352618,
        0.07950133272061921,
        -0.015516878539226486,
        31.705672063451402
      ],
      [
        -0.0791898618076165,
        -0.9966638794867697,
        -0.01975036995280392,
        10.266590087411899
      ],
      [
        -0.01703529309540365,
        -0.018456690440797344,
        0.9996845249213006,
        0.5861941373452169
      ],
      [
        0.0,
        0.0,
        0.0,
        1.0
      ]
    ],
    "location": [
      31.705672063451402,
      10.266590087411899,
      0.5861941373452169
    ],
    "rotation": [
      -0.018460417594691955,
      0.017036117146802074,
      -3.062308261074806
    ]
  },
  {
    "label_id": "Q175aDJRl7PlCgCobA9ChQ",
    "size": [
      0.8168809500625279,
      0.09569916411282975,
      0.8100000000000023
    ],
    "obj_class": "sign",
    "point_num_in_lidar": 111,
    "speed": 0.0010810877509470416,
    "if_vehicle": false,
    "motion_state": false,
    "pose": [
      [
        -0.9979369334711524,
        -0.06229850154371032,
        -0.015516878539226486,
        14.621390923255376
      ],
      [
        0.0625997521175291,
        -0.9978432712212633,
        -0.01975036995280392,
        10.721139066405186
      ],
      [
        -0.014252994387731165,
        -0.02068097637581532,
        0.9996845249213006,
        2.9769323836799515
      ],
      [
        0.0,
        0.0,
        0.0,
        1.0
      ]
    ],
    "location": [
      14.621390923255376,
      10.721139066405186,
      2.9769323836799515
    ],
    "rotation": [
      -0.02068455229568175,
      0.014253477009377381,
      3.078945571991831
    ]
  },
  {
    "label_id": "TxDpQtbbV3Ouw__NmluJlQ",
    "size": [
      1.0547902872618002,
      1.036722019424516,
      1.8600000000000136
    ],
    "obj_class": "pedestrian",
    "point_num_in_lidar": 29,
    "speed": 1.4552159119906882,
    "if_vehicle": false,
    "motion_state": true,
    "pose": [
      [
        -0.04179162639538272,
        -0.9990058490537619,
        -0.015516878539226486,
        -10.778136849548787
      ],
      [
        0.9989440145039895,
        -0.04148227059095214,
        -0.01975036995280392,
        32.6667085796567
      ],
      [
        0.01908705974953566,
        -0.016325893022783873,
        0.9996845249213006,
        0.30015645780284217
      ],
      [
        0.0,
        0.0,
        0.0,
        1.0
      ]
    ],
    "location": [
      -10.778136849548787,
      32.6667085796567,
      0.30015645780284217
    ],
    "rotation": [
      -0.016329593446377133,
      -0.01908821889264384,
      1.6126077493024258
    ]
  },
  {
    "label_id": "YKPb1MkzJMFBs5crX5wDgA",
    "size": [
      2.1866969615546306,
      4.975542376081814,
      1.5300000000000011
    ],
    "obj_class": "vehicle",
    "point_num_in_lidar": 3981,
    "speed": 5.98950240580587,
    "if_vehicle": true,
    "motion_state": true,
    "pose": [
      [
        -0.994396491383047,
        0.104569806375861,
        -0.015516878539226486,
        2.1406272925187295
      ],
      [
        -0.10425717275690928,
        -0.9943542451337268,
        -0.01975036995280392,
        3.687265708818259
      ],
      [
        -0.017494566408520606,
        -0.01802195269807326,
        0.9996845249213006,
        0.8183347749662175
      ],
      [
        0.0,
        0.0,
        0.0,
        1.0
      ]
    ],
    "location": [
      2.1406272925187295,
      3.687265708818259,
      0.8183347749662175
    ],
    "rotation": [
      -0.0180256873808385,
      0.017495458928856438,
      -3.037129633831231
    ]
  },
  {
    "label_id": "ZFvMr9wN9-CPPx0LnQsiyw",
    "size": [
      0.9106749139701314,
      0.6788900799441303,
      1.740000000000009
    ],
    "obj_class": "pedestrian",
    "point_num_in_lidar": 57,
    "speed": 0.09590916895828812,
    "if_vehicle": false,
    "motion_state": false,
    "pose": [
      [
        -0.98698752143347,
        -0.16004642768588948,
        -0.015516878539226486,
        35.981167793653526
      ],
      [
        0.16033701816894488,
        -0.9868647138749156,
        -0.01975036995280392,
        -5.08669064887647
      ],
      [
        -0.012152083743424566,
        -0.02198129872338129,
        0.9996845249213006,
        0.9584514971629687
      ],
      [
        0.0,
        0.0,
        0.0,
        1.0
      ]
    ],
    "location": [
      35.981167793653526,
      -5.08669064887647,
      0.9584514971629687
    ],
    "rotation": [
      -0.021984692848971105,
      0.012152382852694259,
      2.980548579300352
    ]
  },
  {
    "label_id": "_SFSfPAKVug3laTRe36P7A",
    "size": [
      1.5124769999564218,
      4.834983194317003,
      1.5800000000000125
    ],
    "obj_class": "vehicle",
    "point_num_in_lidar": 1578,
    "speed": 1.7763568394002505e-14,
    "if_vehicle": true,
    "motion_state": false,
    "pose": [
      [
        0.995788105690346,
        0.09036191147840554,
        -0.015516878539226486,
        -4.071180151369958
      ],
      [
        -0.0906604064697233,
        0.9956860015012123,
        -0.01975036995280392,
        13.38902619255036
      ],
      [
        0.013665257567161358,
        0.021073949997493742,
        0.9996845249213006,
        2.477367727094048
      ],
      [
        0.0,
        0.0,
        0.0,
        1.0
      ]
    ],
    "location": [
      -4.071180151369958,
      13.38902619255036,
      2.477367727094048
    ],
    "rotation": [
      0.021077478552539945,
      -0.013665682909595921,
      -0.09079356353289224
    ]
  },
  {
    "label_id": "_cqh80UXdkf7A2Uf9Nd09w",
    "size": [
      2.74464873197709,
      7.000101787777974,
      2.3102425954895978
    ],
    "obj_class": "vehicle",
    "point_num_in_lidar": 5108,
    "speed": 3.7221458391556904e-14,
    "if_vehicle": true,
    "motion_state": false,
    "pose": [
      [
        0.9986627077694255,
        -0.0493155410701169,
        -0.015516878539226486,
        -3.010429185805492
      ],
      [
        0.049005728267978665,
        0.9986032052240033,
        -0.01975036995280392,
        13.27327631409932
      ],
      [
        0.016469204824900618,
        0.018963542003254497,
        0.9996845249213006,
        1.0516448825205487
      ],
      [
        0.0,
        0.0,
        0.0,
        1.0
      ]
    ],
    "location": [
      -3.010429185805492,
      13.27327631409932,
      1.0516448825205487
    ],
    "rotation": [
      0.018967251557224184,
      -0.016469949419111854,
      0.04903201991762313
    ]
  },
  {
    "label_id": "aLKLRVALSecdklsZzsqb1w",
    "size": [
      2.2791812515326497,
      4.723665906330695,
      1.6483726207747225
    ],
    "obj_class": "vehicle",
    "point_num_in_lidar": 40,
    "speed": 0.012267221019262038,
    "if_vehicle": true,
    "motion_state": false,
    "pose": [
      [
        0.9940473889686627,
        -0.107837910611172,
        -0.015516878539226486,
        28.68992683474994
      ],
      [
        0.10752513981406407,
        0.9940061706019202,
        -0.01975036995280392,
        -1.760235897776937
      ],
      [
        0.01755371164597968,
        0.01796434914834169,
        0.9996845249213006,
        0.7328356720832119
      ],
      [
        0.0,
        0.0,
        0.0,
        1.0
      ]
    ],
    "location": [
      28.68992683474994,
      -1.760235897776937,
      0.7328356720832119
    ],
    "rotation": [
      0.01796808431386937,
      -0.017554613250032988,
      0.10775008652853281
    ]
  },
  {
    "label_id": "aoApLNN6cPWzIZjuLDC5zQ",
    "size": [
      2.10465111812358,
      4.262437253195594,
      1.4045306017165728
    ],
    "obj_class": "vehicle",
    "point_num_in_lidar": 64,
    "speed": 0.030100228188178865,
    "if_vehicle": true,
    "motion_state": false,
    "pose": [
      [
        -0.0746084047950516,
        -0.9970921784942137,
        -0.015516878539226486,
        6.381656823945946
      ],
      [
        0.997040546519309,
        -0.07429718354827063,
        -0.01975036995280392,
        39.153477726056764
      ],
      [
        0.01854007902938279,
        -0.01694450065531493,
        0.9996845249213006,
        0.13316632948661322
      ],
      [
        0.0,
        0.0,
        0.0,
        1.0
      ]
    ],
    "location": [
      6.381656823945946,
      39.153477726056764,
      0.13316632948661322
    ],
    "rotation": [
      -0.016948224974238604,
      -0.018541141337935958,
      1.6454869843286184
    ]
  },
  {
    "label_id": "auXhaEEj7_TnIkSP3tzCWw",
    "size": [
      1.9383903580788042,
      4.5786654796276824,
      1.5670055110724945
    ],
    "obj_class": "vehicle",
    "point_num_in_lidar": 1370,
    "speed": 8.22220488006075,
    "if_vehicle": true,
    "motion_state": true,
    "pose": [
      [
        0.052192966113872225,
        0.998516459938761,
        -0.015516878539226486,
        3.955567687178018
      ],
      [
        -0.9984578503607351,
        0.051882983142333326,
        -0.01975036995280392,
        -17.344652511160007
      ],
      [
        -0.01891600754008232,
        0.016523779580267833,
        0.9996845249213006,
        1.8322071032326335
      ],
      [
        0.0,
        0.0,
        0.0,
        1.0
      ]
    ],
    "location": [
      3.955567687178018,
      -17.344652511160007,
      1.8322071032326335
    ],
    "rotation": [
      0.016527489030162882,
      0.01891713579470869,
      -1.5185702820804767
    ]
  },
  {
    "label_id": "djwJETMnF8x4cVGX3MsC8A",
    "size": [
      1.9823390091466793,
      4.458846597593478,
      1.4782598895759236
    ],
    "obj_class": "vehicle",
    "point_num_in_lidar": 300,
    "speed": 0.008224153855846246,
    "if_vehicle": true,
    "motion_state": false,
    "pose": [
      [
        -0.9960970815190314,
        0.08688976159287866,
        -0.015516878539226486,
        18.058253468961425
      ],
      [
        -0.08657792772358439,
        -0.9960492885986203,
        -0.01975036995280392,
        9.357471232987464
      ],
      [
        -0.017171680766838022,
        -0.018329866680244365,
        0.9996845249213006,
        0.5860345076937392
      ],
      [
        0.0,
        0.0,
        0.0,
        1.0
      ]
    ],
    "location": [
      18.058253468961425,
      9.357471232987464,
      0.5860345076937392
    ],
    "rotation": [
      -0.018333596744134626,
      0.0171725247714127,
      -3.0548933830682157
    ]
  },
  {
    "label_id": "hIXIgHw3ha67NHMRblswLg",
    "size": [
      2.0140837000090666,
      3.9843474780506,
      1.6662575940847546
    ],
    "obj_class": "vehicle",
    "point_num_in_lidar": 553,
    "speed": 0.017760397518466923,
    "if_vehicle": true,
    "motion_state": false,
    "pose": [
      [
        -0.05715142684334785,
        -0.9982449303102765,
        -0.015516878539226486,
        10.353876978890753
      ],
      [
        0.9981878609769508,
        -0.05684115661197813,
        -0.01975036995280392,
        -17.043512420433984
      ],
      [
        0.01883370935396171,
        -0.016617521621596364,
        0.9996845249213006,
        1.7522803034853212
      ],
      [
        0.0,
        0.0,
        0.0,
        1.0
      ]
    ],
    "location": [
      10.353876978890753,
      -17.043512420433984,
      1.7522803034853212
    ],
    "rotation": [
      -0.016621234896438356,
      -0.018834822944859154,
      1.6279890669543517
    ]
  },
  {
    "label_id": "hb0ASarWGWDxr2SxCcea0A",
    "size": [
      0.4288018488109272,
      0.07469978022218265,
      0.6044489512381972
    ],
    "obj_class": "sign",
    "point_num_in_lidar": 41,
    "speed": 0.01366557606772849,
    "if_vehicle": false,
    "motion_state": false,
    "pose": [
      [
        -0.8858169635105372,
        -0.4637753051180827,
        -0.015516878539226486,
        25.93451808344446
      ],
      [
        0.4640121885060676,
        -0.8856086109588915,
        -0.01975036995280392,
        -3.627272095639796
      ],
      [
        -0.004582147398485548,
        -0.024695233509571833,
        0.9996845249213006,
        2.5180639608907995
      ],
      [
        0.0,
        0.0,
        0.0,
        1.0
      ]
    ],
    "location": [
      25.93451808344446,
      -3.627272095639796,
      2.5180639608907995
    ],
    "rotation": [
      -0.02469800361678716,
      0.004582163433155288,
      2.6590679961817214
    ]
  },
  {
    "label_id": "hmBHz0-xRezKX2tSDNT3Gw",
    "size": [
      1.7247351383281235,
      3.647309105144183,
      1.3923338815695843
    ],
    "obj_class": "vehicle",
    "point_num_in_lidar": 42,
    "speed": 8.881784197001252e-14,
    "if_vehicle": true,
    "motion_state": false,
    "pose": [
      [
        -0.07460840479502857,
        -0.9970921784942154,
        -0.015516878539226486,
        5.469483484186526
      ],
      [
        0.9970405465193106,
        -0.07429718354824762,
        -0.01975036995280392,
        48.95112011296433
      ],
      [
        0.01854007902938318,
        -0.0169445006553145,
        0.9996845249213006,
        -0.4153942193076148
      ],
      [
        0.0,
        0.0,
        0.0,
        1.0
      ]
    ],
    "location": [
      5.469483484186526,
      48.95112011296433,
      -0.4153942193076148
    ],
    "rotation": [
      -0.016948224974238174,
      -0.01854114133793635,
      1.6454869843285953
    ]
  },
  {
    "label_id": "i4WEZxXNh4J1GX9xl5n5eQ",
    "size": [
      1.9322981237294712,
      4.718592850396311,
      1.4782598895759236
    ],
    "obj_class": "vehicle",
    "point_num_in_lidar": 104,
    "speed": 0.00145725088271981,
    "if_vehicle": true,
    "motion_state": false,
    "pose": [
      [
        -0.9960970815190352,
        0.08688976159283486,
        -0.015516878539226486,
        24.22819616892093
      ],
      [
        -0.0865779277235406,
        -0.9960492885986241,
        -0.01975036995280392,
        9.78740217737814
      ],
      [
        -0.017171680766837217,
        -0.01832986668024512,
        0.9996845249213006,
        0.5860345076937392
      ],
      [
        0.0,
        0.0,
        0.0,
        1.0
      ]
    ],
    "location": [
      24.22819616892093,
      9.78740217737814,
      0.5860345076937392
    ],
    "rotation": [
      -0.018333596744135382,
      0.017172524771411894,
      -3.054893383068259
    ]
  },
  {
    "label_id": "nBHdqL99senel5XF57qANg",
    "size": [
      2.790137765875431,
      6.283840489035793,
      3.4623338815695774
    ],
    "obj_class": "vehicle",
    "point_num_in_lidar": 92,
    "speed": 1.0660453750117864e-13,
    "if_vehicle": true,
    "motion_state": false,
    "pose": [
      [
        -0.07460840479502857,
        -0.9970921784942154,
        -0.015516878539226486,
        3.6637623073957
      ],
      [
        0.9970405465193106,
        -0.07429718354824762,
        -0.01975036995280392,
        68.76485101343393
      ],
      [
        0.01854007902938318,
        -0.0169445006553145,
        0.9996845249213006,
        0.5912884894324861
      ],
      [
        0.0,
        0.0,
        0.0,
        1.0
      ]
    ],
    "location": [
      3.6637623073957,
      68.76485101343393,
      0.5912884894324861
    ],
    "rotation": [
      -0.016948224974238174,
      -0.01854114133793635,
      1.6454869843285953
    ]
  },
  {
    "label_id": "p_DEk8_sjwYUYGBZau4oJg",
    "size": [
      1.8965503319773458,
      4.0060659652564485,
      1.4045306017165728
    ],
    "obj_class": "vehicle",
    "point_num_in_lidar": 74,
    "speed": 1.2442425513123378e-13,
    "if_vehicle": true,
    "motion_state": false,
    "pose": [
      [
        -0.07460840479500112,
        -0.9970921784942174,
        -0.015516878539226486,
        6.555915992543419
      ],
      [
        0.9970405465193127,
        -0.07429718354822017,
        -0.01975036995280392,
        28.622488995439255
      ],
      [
        0.018540079029383646,
        -0.01694450065531399,
        0.9996845249213006,
        0.3232737208440426
      ],
      [
        0.0,
        0.0,
        0.0,
        1.0
      ]
    ],
    "location": [
      6.555915992543419,
      28.622488995439255,
      0.3232737208440426
    ],
    "rotation": [
      -0.016948224974237664,
      -0.018541141337936815,
      1.6454869843285678
    ]
  },
  {
    "label_id": "svvZ-n56c1SWAdlNP4Um4w",
    "size": [
      2.1148249793376928,
      4.587304606114616,
      1.4477359653949975
    ],
    "obj_class": "vehicle",
    "point_num_in_lidar": 35,
    "speed": 12.242346547703951,
    "if_vehicle": true,
    "motion_state": true,
    "pose": [
      [
        -0.9976376879435849,
        0.06691987802572251,
        -0.015516878539226486,
        61.655749123828286
      ],
      [
        -0.06660906404287885,
        -0.9975836583836262,
        -0.01975036995280392,
        7.924701149576137
      ],
      [
        -0.016801076808060467,
        -0.018670148659380843,
        0.9996845249213006,
        0.63186077948464
      ],
      [
        0.0,
        0.0,
        0.0,
        1.0
      ]
    ],
    "location": [
      61.655749123828286,
      7.924701149576137,
      0.63186077948464
    ],
    "rotation": [
      -0.018673869572365064,
      0.01680186733244927,
      -3.074924812127021
    ]
  },
  {
    "label_id": "t5v4y6X8z48VmitR76SdpQ",
    "size": [
      2.215672452107686,
      4.476737709080531,
      1.3845306017165626
    ],
    "obj_class": "vehicle",
    "point_num_in_lidar": 99,
    "speed": 0.008184766386662573,
    "if_vehicle": true,
    "motion_state": false,
    "pose": [
      [
        -0.07460840479505691,
        -0.9970921784942133,
        -0.015516878539226486,
        6.350588051129307
      ],
      [
        0.9970405465193086,
        -0.07429718354827594,
        -0.01975036995280392,
        33.656118589580956
      ],
      [
        0.0185400790293827,
        -0.01694450065531503,
        0.9996845249213006,
        0.1994576610760248
      ],
      [
        0.0,
        0.0,
        0.0,
        1.0
      ]
    ],
    "location": [
      6.350588051129307,
      33.656118589580956,
      0.1994576610760248
    ],
    "rotation": [
      -0.016948224974238705,
      -0.018541141337935867,
      1.6454869843286237
    ]
  },
  {
    "label_id": "uQ_zHhguiIMjPdjbx6NKcA",
    "size": [
      2.048192276072317,
      4.507813116800472,
      1.506257594084758
    ],
    "obj_class": "vehicle",
    "point_num_in_lidar": 55,
    "speed": 0.0012924789054089359,
    "if_vehicle": true,
    "motion_state": false,
    "pose": [
      [
        -0.09523423311200563,
        -0.9953339476396689,
        -0.015516878539226486,
        11.68625483905987
      ],
      [
        0.9952887696370358,
        -0.09492200967701307,
        -0.01975036995280392,
        -34.1920551751993
      ],
      [
        0.018185320397610734,
        -0.017324686286047733,
        0.9996845249213006,
        3.5919096975921434
      ],
      [
        0.0,
        0.0,
        0.0,
        1.0
      ]
    ],
    "location": [
      11.68625483905987,
      -34.1920551751993,
      3.5919096975921434
    ],
    "rotation": [
      -0.017328418884111872,
      -0.018186322878862824,
      1.6661909291391785
    ]
  },
  {
    "label_id": "vJQ_clDIded5uOENI4I4YQ",
    "size": [
      2.178727820478575,
      4.716290994184759,
      1.8791319242467068
    ],
    "obj_class": "vehicle",
    "point_num_in_lidar": 20,
    "speed": 0.021155658288089383,
    "if_vehicle": true,
    "motion_state": false,
    "pose": [
      [
        0.9956797616939923,
        -0.09154801272225287,
        -0.015516878539226486,
        63.79138952300207
      ],
      [
        0.09123595871487425,
        0.9956334278860395,
        -0.01975036995280392,
        0.6070476052066454
      ],
      [
        0.017257230089809877,
        0.018249346358187406,
        0.9996845249213006,
        0.7217343263247642
      ],
      [
        0.0,
        0.0,
        0.0,
        1.0
      ]
    ],
    "location": [
      63.79138952300207,
      0.6070476052066454,
      0.7217343263247642
    ],
    "rotation": [
      0.018253077963265946,
      -0.0172580867729638,
      0.09137665542645215
    ]
  },
  {
    "label_id": "zkifBz685RBOb_ccW22PWw",
    "size": [
      2.0124930132721848,
      4.458576926140719,
      1.5999999999999943
    ],
    "obj_class": "vehicle",
    "point_num_in_lidar": 31,
    "speed": 0.028684288372601688,
    "if_vehicle": true,
    "motion_state": false,
    "pose": [
      [
        -0.9985348184623593,
        0.05184055168246603,
        -0.015516878539226486,
        -1.4846785334887045
      ],
      [
        -0.05153058941559148,
        -0.9984760994842137,
        -0.01975036995280392,
        -22.13787014672951
      ],
      [
        -0.016517102434303318,
        -0.018921838178371012,
        0.9996845249213006,
        2.0873131434800882
      ],
      [
        0.0,
        0.0,
        0.0,
        1.0
      ]
    ],
    "location": [
      -1.4846785334887045,
      -22.13787014672951,
      2.0873131434800882
    ],
    "rotation": [
      -0.01892554954486905,
      0.016517853544500992,
      -3.0900321912010114
    ]
  }
]