[
  {
    "label_id": "-JGnzjUpLFz8AkqgGh5IIQ",
    "size": [
      1.9429862470348231,
      4.467121733532059,
      1.5911670861936216
    ],
    "obj_class": "vehicle",
    "point_num_in_lidar": 30,
    "speed": 6.789503013884067e-29,
    "if_vehicle": true,
    "motion_state": false,
    "pose": [
      [
        -0.9960732387384055,
        0.08847238718242224,
        0.0032771596584429256,
        -7.017123994105077
      ],
      [
        -0.08852457596502925,
        -0.9958076880255501,
        -0.023031455000072188,
        51.209827467713765
      ],
      [
        0.00122577297862373,
        -0.02323112514391311,
        0.9997293695321512,
        -0.15292251700302018
      ],
      [
        0.0,
        0.0,
        0.0,
        1.0
      ]
    ],
    "location": [
      -7.017123994105077,
      51.209827467713765,
      -0.15292251700302018
    ],
    "rotation": [
      -0.023233232691195958,
      -0.0012257732855818833,
      -3.0529519792512922
    ]
  },
  {
    "label_id": "-TktN3WB6zg7mbcqtA_YxQ",
    "size": [
      2.219096218303532,
      5.258057719348935,
      1.9457144510971034
    ],
    "obj_class": "vehicle",
    "point_num_in_lidar": 57,
    "speed": 0.07783779354198181,
    "if_vehicle": true,
    "motion_state": false,
    "pose": [
      [
        0.9984653567176132,
        -0.05528283331507714,
        0.0032771596584429256,
        52.001862254313664
      ],
      [
        0.05534382840009286,
        0.9982016894088092,
        -0.023031455000072188,
        -0.3129104285515041
      ],
      [
        -0.0019980222197474333,
        0.023177480494149305,
        0.9997293695321512,
        0.7558399465812897
      ],
      [
        0.0,
        0.0,
        0.0,
        1.0
      ]
    ],
    "location": [
      52.001862254313664,
      -0.3129104285515041,
      0.7558399465812897
    ],
    "rotation": [
      0.023179602411944274,
      0.001998023549131505,
      0.05537223051589189
    ]
  },
  {
    "label_id": "-kZBe1CSBNx4Vln1QEyrHA",
    "size": [
      2.1535971384174415,
      4.662434529255965,
      1.5800000000000125
    ],
    "obj_class": "vehicle",
    "point_num_in_lidar": 1024,
    "speed": 0.04970029183682507,
    "if_vehicle": true,
    "motion_state": false,
    "pose": [
      [
        -0.0571580014266235,
        -0.9983597663655559,
        0.0032771596584429256,
        10.110722522443439
      ],
      [
        0.9980959849639965,
        -0.057218501197858,
        -0.023031455000072188,
        -12.363165106248431
      ],
      [
        0.02318119219677307,
        0.001954487959426525,
        0.9997293695321512,
        1.1036540651271878
      ],
      [
        0.0,
        0.0,
        0.0,
        1.0
      ]
    ],
    "location": [
      10.110722522443439,
      -12.363165106248431,
      1.1036540651271878
    ],
    "rotation": [
      0.001955014555858767,
      -0.023183268836188636,
      1.6280008857404804
    ]
  },
  {
    "label_id": "004tDnXYniPAfSyhfxtVgg",
    "size": [
      2.3134237013329395,
      4.899153226705302,
      1.5648355270341767
    ],
    "obj_class": "vehicle",
    "point_num_in_lidar": 89,
    "speed": 2.220446049250313e-14,
    "if_vehicle": true,
    "motion_state": false,
    "pose": [
      [
        0.9994878182851319,
        -0.03183333668028096,
        0.0032771596584429256,
        -5.912609375541024
      ],
      [
        0.03190050331059893,
        0.9992256551796046,
        -0.023031455000072188,
        32.19280053484677
      ],
      [
        -0.002541453945581763,
        0.023124201752487864,
        0.9997293695321512,
        0.18994394680467508
      ],
      [
        0.0,
        0.0,
        0.0,
        1.0
      ]
    ],
    "location": [
      -5.912609375541024,
      32.19280053484677,
      0.18994394680467508
    ],
    "rotation": [
      0.023126337810772057,
      0.0025414566814598713,
      0.03190601941450581
    ]
  },
  {
    "label_id": "16CCR-nUo0Ke5k_DRrXysw",
    "size": [
      2.2593629290702473,
      4.788477913614035,
      1.758372620774736
    ],
    "obj_class": "vehicle",
    "point_num_in_lidar": 47,
    "speed": 0.021327662989871665,
    "if_vehicle": true,
    "motion_state": false,
    "pose": [
      [
        0.9971685373770395,
        -0.07512767991831601,
        0.0032771596584429256,
        41.24504365862401
      ],
      [
        0.07518341957495214,
        0.9969037092425709,
        -0.023031455000072188,
        -1.0126938106992327
      ],
      [
        -0.0015367128399833472,
        0.023212630365701908,
        0.9997293695321512,
        0.7126842838807192
      ],
      [
        0.0,
        0.0,
        0.0,
        1.0
      ]
    ],
    "location": [
      41.24504365862401,
      -1.0126938106992327,
      0.7126842838807192
    ],
    "rotation": [
      0.023214742882511817,
      0.0015367134448050566,
      0.07525451900360024
    ]
  },
  {
    "label_id": "2tqrXtsaOb8Er6hnMeD4yA",
    "size": [
      0.43025061392045494,
      0.09447742826333183,
      0.18999999999999773
    ],
    "obj_class": "sign",
    "point_num_in_lidar": 22,
    "speed": 0.0009546364740106717,
    "if_vehicle": false,
    "motion_state": false,
    "pose": [
      [
        -0.9980517340951001,
        -0.06230566823601748,
        0.0032771596584429256,
        14.62246223591194
      ],
      [
        0.0622141438853424,
        -0.9977970496955749,
        -0.023031455000072188,
        10.720247616882162
      ],
      [
        0.004704930432802973,
        -0.022782697919029704,
        0.9997293695321512,
        2.4676550052801076
      ],
      [
        0.0,
        0.0,
        0.0,
        1.0
      ]
    ],
    "location": [
      14.62246223591194,
      10.720247616882162,
      2.4676550052801076
    ],
    "rotation": [
      -0.022784921510552097,
      -0.004704947791322999,
      3.079337615351421
    ]
  },
  {
    "label_id": "6OjFlL7Q_guovcwo3zdcBQ",
    "size": [
      2.155029449602778,
      4.70536948148588,
      1.755650015166566
    ],
    "obj_class": "vehicle",
    "point_num_in_lidar": 369,
    "speed": 0.029730518590650706,
    "if_vehicle": true,
    "motion_state": false,
    "pose": [
      [
        -0.07461698759332627,
        -0.9972068819392848,
        0.0032771596584429256,
        7.262475898029379
      ],
      [
        0.9969420823856385,
        -0.0746728628697624,
        -0.023031455000072188,
        22.716248011167195
      ],
      [
        0.02321184032092416,
        0.0015486005822016593,
        0.9997293695321512,
        0.6632401114846687
      ],
      [
        0.0,
        0.0,
        0.0,
        1.0
      ]
    ],
    "location": [
      7.262475898029379,
      22.716248011167195,
      0.6632401114846687
    ],
    "rotation": [
      0.0015490185552168307,
      -0.023213925209216273,
      1.6455028949992947
    ]
  },
  {
    "label_id": "6_1JJIYW81d3Ggc94_e4oQ",
    "size": [
      2.106552025378816,
      4.845271544164966,
      1.4721932968977
    ],
    "obj_class": "vehicle",
    "point_num_in_lidar": 2532,
    "speed": 0.042978834666658375,
    "if_vehicle": true,
    "motion_state": false,
    "pose": [
      [
        0.9994707119262694,
        -0.032365973277033354,
        0.0032771596584429256,
        23.295719468338802
      ],
      [
        0.03243300018740726,
        0.9992085130639267,
        -0.023031455000072188,
        -2.2141904478800143
      ],
      [
        -0.002529130372322309,
        0.023125552845436426,
        0.9997293695321512,
        0.6915487787617565
      ],
      [
        0.0,
        0.0,
        0.0,
        1.0
      ]
    ],
    "location": [
      23.295719468338802,
      -2.2141904478800143,
      0.6915487787617565
    ],
    "rotation": [
      0.02312768854675589,
      0.0025291330685939936,
      0.03243879270734286
    ]
  },
  {
    "label_id": "9dK1E7yukLqZV3xaj_wIig",
    "size": [
      2.0955586239767507,
      4.606271177782434,
      1.8262575940847512
    ],
    "obj_class": "vehicle",
    "point_num_in_lidar": 401,
    "speed": 0.08397875401160919,
    "if_vehicle": true,
    "motion_state": false,
    "pose": [
      [
        -0.016809133530700283,
        -0.9998533458735437,
        0.0032771596584429256,
        10.775868936080656
      ],
      [
        0.9995922217750844,
        -0.016880232443011553,
        -0.023031455000072188,
        -22.244841440151504
      ],
      [
        0.02308339655894551,
        0.0028886845015921128,
        0.9997293695321512,
        2.4242750235652863
      ],
      [
        0.0,
        0.0,
        0.0,
        1.0
      ]
    ],
    "location": [
      10.775868936080656,
      -22.244841440151504,
      2.4242750235652863
    ],
    "rotation": [
      0.002889458437896373,
      -0.023085447022444743,
      1.5876107327278033
    ]
  },
  {
    "label_id": "ESbEQaOTeTHhYC0unOGdsQ",
    "size": [
      1.9232519189919715,
      4.1528109903756585,
      1.5148355270341654
    ],
    "obj_class": "vehicle",
    "point_num_in_lidar": 40,
    "speed": 0.034376798638005426,
    "if_vehicle": true,
    "motion_state": false,
    "pose": [
      [
        0.9978413444105123,
        -0.06558895950992441,
        0.0032771596584429256,
        -6.123771063146705
      ],
      [
        0.06564722900034672,
        0.9975770613868162,
        -0.023031455000072188,
        37.684346083370414
      ],
      [
        -0.0017586101323105354,
        0.023196874471570747,
        0.9997293695321512,
        0.3948584955145975
      ],
      [
        0.0,
        0.0,
        0.0,
        1.0
      ]
    ],
    "location": [
      -6.123771063146705,
      37.684346083370414,
      0.3948584955145975
    ],
    "rotation": [
      0.023198991209448648,
      0.001758611038790203,
      0.06569457417488919
    ]
  },
  {
    "label_id": "FLen59IAM_bXFeBGOY6Esw",
    "size": [
      0.50058760842731,
      0.11481350884087005,
      0.5
    ],
    "obj_class": "sign",
    "point_num_in_lidar": 24,
    "speed": 0.015134381558132912,
    "if_vehicle": false,
    "motion_state": false,
    "pose": [
      [
        0.988381965293516,
        -0.15195509503501348,
        0.0032771596584429256,
        38.328446309934975
      ],
      [
        0.15199020454923806,
        0.9881136219087663,
        -0.023031455000072188,
        -3.0677538637927455
      ],
      [
        0.00026154083365327054,
        0.023261970923367774,
        0.9997293695321512,
        3.148120738738868
      ],
      [
        0.0,
        0.0,
        0.0,
        1.0
      ]
    ],
    "location": [
      38.328446309934975,
      -3.0677538637927455,
      3.148120738738868
    ],
    "rotation": [
      0.023264070147069427,
      -0.00026154083663499343,
      0.1525815662795821
    ]
  },
  {
    "label_id": "Fa_9NGKVySbo9u6RqA4V2Q",
    "size": [
      0.406676903577641,
      0.07669842641051185,
      0.5699999999999932
    ],
    "obj_class": "sign",
    "point_num_in_lidar": 30,
    "speed": 0.014736002566241534,
    "if_vehicle": false,
    "motion_state": false,
    "pose": [
      [
        -0.9750951668331966,
        -0.2217626565567644,
        0.0032771596584429256,
        38.26113724968195
      ],
      [
        0.22163142310268036,
        -0.9748584842806982,
        -0.023031455000072188,
        -2.7640944967534438
      ],
      [
        0.008302283542559104,
        -0.021731538896871253,
        0.9997293695321512,
        2.578641034807049
      ],
      [
        0.0,
        0.0,
        0.0,
        1.0
      ]
    ],
    "location": [
      38.26113724968195,
      -2.7640944967534438,
      2.578641034807049
    ],
    "rotation": [
      -0.021733998919570455,
      -0.008302378922029173,
      2.918097636249053
    ]
  },
  {
    "label_id": "GR2S0cRLIKCA7TZlaRQUiw",
    "size": [
      1.9826283569096061,
      4.669387331335671,
      2.2548355270341744
    ],
    "obj_class": "vehicle",
    "point_num_in_lidar": 185,
    "speed": 3.614624287906422e-14,
    "if_vehicle": true,
    "motion_state": false,
    "pose": [
      [
        0.9995157422399804,
        -0.030944163246628437,
        0.0032771596584429256,
        -6.6703894605926735
      ],
      [
        0.031011563074987685,
        0.9992536389907347,
        -0.023031455000072188,
        40.64822265469357
      ],
      [
        -0.0025620246109231163,
        0.02312193168271847,
        0.9997293695321512,
        0.41403777246998175
      ],
      [
        0.0,
        0.0,
        0.0,
        1.0
      ]
    ],
    "location": [
      -6.6703894605926735,
      40.64822265469357,
      0.41403777246998175
    ],
    "rotation": [
      0.023124068340575097,
      0.0025620274137735555,
      0.03101663778117549
    ]
  },
  {
    "label_id": "HU0fq4SmLbWf8TBk8acnew",
    "size": [
      1.9934661963053792,
      4.4272923870399845,
      1.4483726207747338
    ],
    "obj_class": "vehicle",
    "point_num_in_lidar": 205,
    "speed": 0.10408619898911659,
    "if_vehicle": true,
    "motion_state": false,
    "pose": [
      [
        0.9982760325239897,
        -0.05860224494620838,
        0.0032771596584429256,
        35.268707532074586
      ],
      [
        0.05866236304785309,
        0.9980121638748807,
        -0.023031455000072188,
        -1.1405649059245775
      ],
      [
        -0.0019209502347042827,
        0.023183995450376225,
        0.9997293695321512,
        0.585907179056079
      ],
      [
        0.0,
        0.0,
        0.0,
        1.0
      ]
    ],
    "location": [
      35.268707532074586,
      -1.1405649059245775,
      0.585907179056079
    ],
    "rotation": [
      0.023186115630043323,
      0.0019209514161065843,
      0.05869616921068415
    ]
  },
  {
    "label_id": "JCDdYUT-UV2oxkxdT7TaPw",
    "size": [
      3.559081623539326,
      6.254139630824458,
      2.4000000000000057
    ],
    "obj_class": "vehicle",
    "point_num_in_lidar": 77,
    "speed": 0.26559671618775393,
    "if_vehicle": true,
    "motion_state": false,
    "pose": [
      [
        -0.10470288003035001,
        -0.9944981483833559,
        0.0032771596584429256,
        5.37111109442526
      ],
      [
        0.9942317819718971,
        -0.10475073172806887,
        -0.023031455000072188,
        55.66981888365203
      ],
      [
        0.02324802422435798,
        0.00084679661722316,
        0.9997293695321512,
        0.5385376253080096
      ],
      [
        0.0,
        0.0,
        0.0,
        1.0
      ]
    ],
    "location": [
      5.37111109442526,
      55.66981888365203,
      0.5385376253080096
    ],
    "rotation": [
      0.0008470256456578136,
      -0.023250118879560577,
      1.6757199234054998
    ]
  },
  {
    "label_id": "Ji9qNAyVM781UZPbq91ksQ",
    "size": [
      2.153076778214883,
      4.794953077068618,
      1.5705168509874454
    ],
    "obj_class": "vehicle",
    "point_num_in_lidar": 70,
    "speed": 0.0015658694848362299,
    "if_vehicle": true,
    "motion_state": false,
    "pose": [
      [
        -0.99897181689131,
        0.0452169136656649,
        0.0032771596584429256,
        49.014507697208046
      ],
      [
        -0.045280563044491684,
        -0.9987087777179859,
        -0.023031455000072188,
        11.700526611808328
      ],
      [
        0.0022315168045373163,
        -0.02315616608159355,
        0.9997293695321512,
        0.5353273511921088
      ],
      [
        0.0,
        0.0,
        0.0,
        1.0
      ]
    ],
    "location": [
      49.014507697208046,
      11.700526611808328,
      0.5353273511921088
    ],
    "rotation": [
      -0.023158293672127895,
      -0.002231518656576658,
      -3.0962964900492884
    ]
  },
  {
    "label_id": "K0UQcsCsOoetZk_y1Ie_4w",
    "size": [
      1.7851949029033327,
      4.155807753026481,
      1.5048355270341744
    ],
    "obj_class": "vehicle",
    "point_num_in_lidar": 67,
    "speed": 0.18336236366595277,
    "if_vehicle": true,
    "motion_state": false,
    "pose": [
      [
        -0.999894667251845,
        0.014139116871126383,
        0.0032771596584429256,
        -6.309427128327002
      ],
      [
        -0.014210912822246995,
        -0.9996337339432569,
        -0.023031455000072188,
        43.77175687968504
      ],
      [
        0.0029503149121394017,
        -0.023075600463833737,
        0.9997293695321512,
        -0.07238965817208509
      ],
      [
        0.0,
        0.0,
        0.0,
        1.0
      ]
    ],
    "location": [
      -6.309427128327002,
      43.77175687968504,
      -0.07238965817208509
    ],
    "rotation": [
      -0.023077749306706113,
      -0.0029503191922557416,
      -3.1273812005532426
    ]
  },
  {
    "label_id": "M1ux1dJCnlFsX4da4hqWLg",
    "size": [
      2.048192276072319,
      4.507813116800472,
      1.3662575940847432
    ],
    "obj_class": "vehicle",
    "point_num_in_lidar": 87,
    "speed": 0.14919456444518156,
    "if_vehicle": true,
    "motion_state": false,
    "pose": [
      [
        -0.09524518866342273,
        -0.9954484488214556,
        0.0032771596584429256,
        11.311915579655192
      ],
      [
        0.9951825492860858,
        -0.09529557008081209,
        -0.023031455000072188,
        -28.60873521650899
      ],
      [
        0.023238924951820176,
        0.001067736826631743,
        0.9997293695321512,
        2.948414976923857
      ],
      [
        0.0,
        0.0,
        0.0,
        1.0
      ]
    ],
    "location": [
      11.311915579655192,
      -28.60873521650899,
      2.948414976923857
    ],
    "rotation": [
      0.001068025460880425,
      -0.02324101714804389,
      1.6662119580457468
    ]
  },
  {
    "label_id": "PXj8sfLxm4G0QYW3eph7tg",
    "size": [
      1.9427759387685992,
      4.908776685589363,
      1.556547947574785
    ],
    "obj_class": "vehicle",
    "point_num_in_lidar": 22,
    "speed": 1.9398560218319158e-29,
    "if_vehicle": true,
    "motion_state": false,
    "pose": [
      [
        0.9996155821973828,
        -0.02753085637536024,
        0.0032771596584429256,
        -7.306603528444498
      ],
      [
        0.02759915083570972,
        0.99935371063189,
        -0.023031455000072188,
        47.63834429088615
      ],
      [
        -0.0026409659852755156,
        0.02311304812247605,
        0.9997293695321512,
        0.12035841012215087
      ],
      [
        0.0,
        0.0,
        0.0,
        1.0
      ]
    ],
    "location": [
      -7.306603528444498,
      47.63834429088615,
      0.12035841012215087
    ],
    "rotation": [
      0.023115187124374693,
      0.0026409690552766487,
      0.02760275209492459
    ]
  },
  {
    "label_id": "Pq9W_07CA8LHuQphLoWheQ",
    "size": [
      1.9662448774428214,
      4.400241273176624,
      1.4223564566902667
    ],
    "obj_class": "vehicle",
    "point_num_in_lidar": 197,
    "speed": 0.011151810295494285,
    "if_vehicle": true,
    "motion_state": false,
    "pose": [
      [
        -0.9968286432735326,
        0.0795104783913505,
        0.0032771596584429256,
        31.691084309356825
      ],
      [
        -0.07956505333250402,
        -0.9965635726679836,
        -0.023031455000072188,
        10.242828322385648
      ],
      [
        0.0014346559323166696,
        -0.023219161423340517,
        0.9997293695321512,
        0.5845706237489594
      ],
      [
        0.0,
        0.0,
        0.0,
        1.0
      ]
    ],
    "location": [
      31.691084309356825,
      10.242828322385648,
      0.5845706237489594
    ],
    "rotation": [
      -0.02322127218707615,
      -0.0014346564244609333,
      -3.0619433290008784
    ]
  },
  {
    "label_id": "Q175aDJRl7PlCgCobA9ChQ",
    "size": [
      0.8168809500625276,
      0.09569916411282975,
      0.8100000000000023
    ],
    "obj_class": "sign",
    "point_num_in_lidar": 42,
    "speed": 0.0010810877512794834,
    "if_vehicle": false,
    "motion_state": false,
    "pose": [
      [
        -0.998051734095106,
        -0.062305668235925246,
        0.0032771596584429256,
        14.6239826483652
      ],
      [
        0.06221414388525021,
        -0.9977970496955807,
        -0.023031455000072188,
        10.720371524687764
      ],
      [
        0.004704930432800868,
        -0.022782697919030138,
        0.9997293695321512,
        2.9776550052801554
      ],
      [
        0.0,
        0.0,
        0.0,
        1.0
      ]
    ],
    "location": [
      14.6239826483652,
      10.720371524687764,
      2.9776550052801554
    ],
    "rotation": [
      -0.02278492151055253,
      -0.004704947791320893,
      3.0793376153515135
    ]
  },
  {
    "label_id": "QTfMbm_waW5SFGml-dr_Aw",
    "size": [
      0.5296632865314541,
      0.09912161717784329,
      0.5200000000000102
    ],
    "obj_class": "sign",
    "point_num_in_lidar": 20,
    "speed": 0.001603054898267013,
    "if_vehicle": false,
    "motion_state": false,
    "pose": [
      [
        0.9994796377146645,
        0.03208915733290739,
        0.0032771596584429256,
        49.79541934941017
      ],
      [
        -0.032005378280396415,
        0.9992223015133862,
        -0.023031455000072188,
        13.838206295720113
      ],
      [
        -0.004013670999439256,
        0.02291458356496003,
        0.9997293695321512,
        3.0616920797368152
      ],
      [
        0.0,
        0.0,
        0.0,
        1.0
      ]
    ],
    "location": [
      49.79541934941017,
      13.838206295720113,
      3.0616920797368152
    ],
    "rotation": [
      0.02291677398600096,
      0.004013681775926259,
      -0.03201110281956099
    ]
  },
  {
    "label_id": "Xbw6pFmkQlZzShwDh1kA-w",
    "size": [
      0.5283680437403477,
      0.0917780648195321,
      0.5200000000000102
    ],
    "obj_class": "sign",
    "point_num_in_lidar": 24,
    "speed": 0.0015323026056401304,
    "if_vehicle": false,
    "motion_state": false,
    "pose": [
      [
        0.9994796377146645,
        0.032089157332906494,
        0.0032771596584429256,
        49.797105443326814
      ],
      [
        -0.03200537828039551,
        0.9992223015133862,
        -0.023031455000072188,
        13.838128902792874
      ],
      [
        -0.004013670999439235,
        0.022914583564960032,
        0.9997293695321512,
        2.531692079736928
      ],
      [
        0.0,
        0.0,
        0.0,
        1.0
      ]
    ],
    "location": [
      49.797105443326814,
      13.838128902792874,
      2.531692079736928
    ],
    "rotation": [
      0.022916773986000963,
      0.004013681775926238,
      -0.03201110281956009
    ]
  },
  {
    "label_id": "ZFvMr9wN9-CPPx0LnQsiyw",
    "size": [
      0.9106749139702874,
      0.6788900799441303,
      1.740000000000009
    ],
    "obj_class": "pedestrian",
    "point_num_in_lidar": 149,
    "speed": 0.1033980616083064,
    "if_vehicle": false,
    "motion_state": false,
    "pose": [
      [
        -0.9990935857662812,
        -0.04244133722266156,
        0.0032771596584429256,
        35.50572984438418
      ],
      [
        0.04235489684470337,
        -0.9988371312650798,
        -0.023031455000072188,
        -4.953525930945233
      ],
      [
        0.004250834500323398,
        -0.022871775202159893,
        0.9997293695321512,
        0.9940063176978811
      ],
      [
        0.0,
        0.0,
        0.0,
        1.0
      ]
    ],
    "location": [
      35.50572984438418,
      -4.953525930945233,
      0.9940063176978811
    ],
    "rotation": [
      -0.022873976477043777,
      -0.00425084730223639,
      3.0992246998228903
    ]
  },
  {
    "label_id": "ZPbRMB_zowfPYYe8Mud0Lw",
    "size": [
      1.7903741045858286,
      3.7045016183721193,
      1.5148355270341654
    ],
    "obj_class": "vehicle",
    "point_num_in_lidar": 45,
    "speed": 7.191640501203643e-14,
    "if_vehicle": true,
    "motion_state": false,
    "pose": [
      [
        -0.9986967986846305,
        0.05093097801577896,
        0.0032771596584429256,
        -5.9559829862458855
      ],
      [
        -0.05099312158853636,
        -0.9984333996973641,
        -0.023031455000072188,
        35.041909429613625
      ],
      [
        0.0020990111308501437,
        -0.023168552978549247,
        0.9997293695321512,
        0.304859868805579
      ],
      [
        0.0,
        0.0,
        0.0,
        1.0
      ]
    ],
    "location": [
      -5.9559829862458855,
      35.041909429613625,
      0.304859868805579
    ],
    "rotation": [
      -0.023170677274925434,
      -0.0020990126721737697,
      -3.0905772940652074
    ]
  },
  {
    "label_id": "aLKLRVALSecdklsZzsqb1w",
    "size": [
      2.2791812515326497,
      4.723665906330695,
      1.6483726207747225
    ],
    "obj_class": "vehicle",
    "point_num_in_lidar": 853,
    "speed": 0.006358843545772043,
    "if_vehicle": true,
    "motion_state": false,
    "pose": [
      [
        0.9941617421473712,
        -0.10785031606387069,
        0.0032771596584429256,
        28.65957660881395
      ],
      [
        0.10789732437201409,
        0.9938952256017433,
        -0.023031455000072188,
        -1.7646610709312256
      ],
      [
        -0.0007732036368924627,
        0.023250588185746445,
        0.9997293695321512,
        0.7352552296463273
      ],
      [
        0.0,
        0.0,
        0.0,
        1.0
      ]
    ],
    "location": [
      28.65957660881395,
      -1.7646610709312256,
      0.7352552296463273
    ],
    "rotation": [
      0.023252690486172626,
      0.0007732037139349918,
      0.10810781500777755
    ]
  },
  {
    "label_id": "djwJETMnF8x4cVGX3MsC8A",
    "size": [
      1.982339009146679,
      4.458846597593478,
      1.4782598895759236
    ],
    "obj_class": "vehicle",
    "point_num_in_lidar": 2900,
    "speed": 0.10316598958989229,
    "if_vehicle": true,
    "motion_state": false,
    "pose": [
      [
        -0.9962116704901791,
        0.0868997572133543,
        0.0032771596584429256,
        18.14679370737622
      ],
      [
        -0.08695236516087249,
        -0.9959462024996681,
        -0.023031455000072188,
        9.326212420758736
      ],
      [
        0.0012624468690347731,
        -0.02322916104275271,
        0.9997293695321512,
        0.5860345076937392
      ],
      [
        0.0,
        0.0,
        0.0,
        1.0
      ]
    ],
    "location": [
      18.14679370737622,
      9.326212420758736,
      0.5860345076937392
    ],
    "rotation": [
      -0.023231269118541276,
      -0.0012624472043771128,
      -3.0545302740697826
    ]
  },
  {
    "label_id": "fry9BMc6wlzy3IkT7E6Lqg",
    "size": [
      1.9903419751476532,
      4.870454643302343,
      1.4605168509874602
    ],
    "obj_class": "vehicle",
    "point_num_in_lidar": 91,
    "speed": 0.01840308165965416,
    "if_vehicle": true,
    "motion_state": false,
    "pose": [
      [
        -0.9968286432735354,
        0.07951047839131598,
        0.0032771596584429256,
        37.12689716981379
      ],
      [
        -0.0795650533324695,
        -0.9965635726679863,
        -0.023031455000072188,
        10.764602418267685
      ],
      [
        0.0014346559323174738,
        -0.02321916142334047,
        0.9997293695321512,
        0.5329509325354138
      ],
      [
        0.0,
        0.0,
        0.0,
        1.0
      ]
    ],
    "location": [
      37.12689716981379,
      10.764602418267685,
      0.5329509325354138
    ],
    "rotation": [
      -0.023221272187076102,
      -0.0014346564244617375,
      -3.061943329000913
    ]
  },
  {
    "label_id": "hIXIgHw3ha67NHMRblswLg",
    "size": [
      2.014083700009067,
      3.9843474780506,
      1.6662575940847546
    ],
    "obj_class": "vehicle",
    "point_num_in_lidar": 751,
    "speed": 0.016836169301506516,
    "if_vehicle": true,
    "motion_state": false,
    "pose": [
      [
        -0.05715800142661286,
        -0.9983597663655565,
        0.0032771596584429256,
        10.354865839934519
      ],
      [
        0.9980959849639971,
        -0.057218501197847355,
        -0.023031455000072188,
        -16.92214898608455
      ],
      [
        0.02318119219677305,
        0.0019544879594267724,
        0.9997293695321512,
        1.7522803034853496
      ],
      [
        0.0,
        0.0,
        0.0,
        1.0
      ]
    ],
    "location": [
      10.354865839934519,
      -16.92214898608455,
      1.7522803034853496
    ],
    "rotation": [
      0.0019550145558590143,
      -0.023183268836188615,
      1.6280008857404697
    ]
  },
  {
    "label_id": "hTFKTsmDpSki6iawT_rpqQ",
    "size": [
      1.9303536955907212,
      4.696774753138751,
      1.681167086193625
    ],
    "obj_class": "vehicle",
    "point_num_in_lidar": 26,
    "speed": 0.01872485728450606,
    "if_vehicle": true,
    "motion_state": false,
    "pose": [
      [
        -0.9960732387384105,
        0.0884723871823674,
        0.0032771596584429256,
        -7.530110948574247
      ],
      [
        -0.08852457596497441,
        -0.9958076880255551,
        -0.023031455000072188,
        54.08305871250752
      ],
      [
        0.0012257729786250091,
        -0.02323112514391304,
        0.9997293695321512,
        -0.06792251700309748
      ],
      [
        0.0,
        0.0,
        0.0,
        1.0
      ]
    ],
    "location": [
      -7.530110948574247,
      54.08305871250752,
      -0.06792251700309748
    ],
    "rotation": [
      -0.023233232691195888,
      -0.0012257732855831625,
      -3.0529519792513473
    ]
  },
  {
    "label_id": "hb0ASarWGWDxr2SxCcea0A",
    "size": [
      0.4288018488109255,
      0.07469978022218265,
      0.6044489512381972
    ],
    "obj_class": "sign",
    "point_num_in_lidar": 103,
    "speed": 0.03190348762697176,
    "if_vehicle": false,
    "motion_state": false,
    "pose": [
      [
        -0.8859188660824487,
        -0.46382865688070773,
        0.0032771596584429256,
        25.985055922505012
      ],
      [
        0.46364124294981984,
        -0.885723630663948,
        -0.023031455000072188,
        -3.628693352608309
      ],
      [
        0.013585306589633434,
        -0.01888457412050741,
        0.9997293695321512,
        2.5859116610862714
      ],
      [
        0.0,
        0.0,
        0.0,
        1.0
      ]
    ],
    "location": [
      25.985055922505012,
      -3.628693352608309,
      2.5859116610862714
    ],
    "rotation": [
      -0.01888743998518674,
      -0.013585724509631204,
      2.6594439087291595
    ]
  },
  {
    "label_id": "i4WEZxXNh4J1GX9xl5n5eQ",
    "size": [
      1.932298123729471,
      4.718592850396311,
      1.4782598895759236
    ],
    "obj_class": "vehicle",
    "point_num_in_lidar": 1363,
    "speed": 0.09377393311226125,
    "if_vehicle": true,
    "motion_state": false,
    "pose": [
      [
        -0.9962116704901832,
        0.08689975721330874,
        0.0032771596584429256,
        24.277986909111178
      ],
      [
        -0.08695236516082694,
        -0.9959462024996721,
        -0.023031455000072188,
        9.769691015453247
      ],
      [
        0.0012624468690358359,
        -0.023229161042752654,
        0.9997293695321512,
        0.5860345076937392
      ],
      [
        0.0,
        0.0,
        0.0,
        1.0
      ]
    ],
    "location": [
      24.277986909111178,
      9.769691015453247,
      0.5860345076937392
    ],
    "rotation": [
      -0.02323126911854122,
      -0.0012624472043781755,
      -3.0545302740698284
    ]
  },
  {
    "label_id": "svvZ-n56c1SWAdlNP4Um4w",
    "size": [
      2.1148249793377154,
      4.587304606114616,
      1.4477359653949975
    ],
    "obj_class": "vehicle",
    "point_num_in_lidar": 437,
    "speed": 8.667666510597932,
    "if_vehicle": true,
    "motion_state": true,
    "pose": [
      [
        -0.9976925786182171,
        0.0678142963887835,
        0.0032771596584429256,
        34.57655610238817
      ],
      [
        -0.06787197630002349,
        -0.997428166292545,
        -0.023031455000072188,
        6.097938896238986
      ],
      [
        0.0017068694331288051,
        -0.023200739031020684,
        0.9997293695321512,
        0.6891243960448321
      ],
      [
        0.0,
        0.0,
        0.0,
        1.0
      ]
    ],
    "location": [
      34.57655610238817,
      6.097938896238986,
      0.6891243960448321
    ],
    "rotation": [
      -0.023202854734633446,
      -0.001706870261929721,
      -3.0736683599728556
    ]
  },
  {
    "label_id": "vJQ_clDIded5uOENI4I4YQ",
    "size": [
      2.1787278204785747,
      4.716290994184759,
      1.8791319242467068
    ],
    "obj_class": "vehicle",
    "point_num_in_lidar": 61,
    "speed": 0.021155658288001023,
    "if_vehicle": true,
    "motion_state": false,
    "pose": [
      [
        0.9957943026575204,
        -0.09155854421841675,
        0.0032771596584429256,
        63.73854364394458
      ],
      [
        0.09160990987522533,
        0.9955285914996278,
        -0.023031455000072188,
        0.6047811786478974
      ],
      [
        -0.001153779647850502,
        0.023234811971941625,
        0.9997293695321512,
        0.6696212959184038
      ],
      [
        0.0,
        0.0,
        0.0,
        1.0
      ]
    ],
    "location": [
      63.73854364394458,
      0.6047811786478974,
      0.6696212959184038
    ],
    "rotation": [
      0.023236918526678814,
      0.0011537799038373374,
      0.09173859492180375
    ]
  }
]