[
  {
    "label_id": "-kZBe1CSBNx4Vln1QEyrHA",
    "size": [
      2.1535971384174393,
      4.662434529255965,
      1.5800000000000125
    ],
    "obj_class": "vehicle",
    "point_num_in_lidar": 300,
    "speed": 0.007861335242558326,
    "if_vehicle": true,
    "motion_state": false,
    "pose": [
      [
        -0.05715531034861807,
        -0.9983127622026583,
        0.01024203701670909,
        10.100338432421722
      ],
      [
        0.9977873383358584,
        -0.05746823931045263,
        -0.0334339487228089,
        -12.33814584534656
      ],
      [
        0.033966129535112154,
        0.008308447138607577,
        0.999388448877887,
        1.1036540651271878
      ],
      [
        0.0,
        0.0,
        0.0,
        1.0
      ]
    ],
    "location": [
      10.100338432421722,
      -12.33814584534656,
      1.1036540651271878
    ],
    "rotation": [
      0.00831333976657997,
      -0.03397266403719371,
      1.628015854067663
    ]
  },
  {
    "label_id": "004tDnXYniPAfSyhfxtVgg",
    "size": [
      2.3134237013329373,
      4.899153226705302,
      1.5648355270341767
    ],
    "obj_class": "vehicle",
    "point_num_in_lidar": 34,
    "speed": 2.220446049250313e-14,
    "if_vehicle": true,
    "motion_state": false,
    "pose": [
      [
        0.9994407610119851,
        -0.03183183792262877,
        0.01024203701670909,
        -5.912609375541024
      ],
      [
        0.032157984716483796,
        0.9989234380530746,
        -0.0334339487228089,
        32.19280053484674
      ],
      [
        -0.00916674679253997,
        0.03374461442500881,
        0.999388448877887,
        0.16384237407859814
      ],
      [
        0.0,
        0.0,
        0.0,
        1.0
      ]
    ],
    "location": [
      -5.912609375541024,
      32.19280053484674,
      0.16384237407859814
    ],
    "rotation": [
      0.03375244053322097,
      0.009166875176532667,
      0.032164881808906684
    ]
  },
  {
    "label_id": "5oX9fmLl0Z74-llNDr8wpg",
    "size": [
      2.0139788798168046,
      4.430995565915478,
      1.8100000000000023
    ],
    "obj_class": "vehicle",
    "point_num_in_lidar": 2373,
    "speed": 0.0048175505136072525,
    "if_vehicle": true,
    "motion_state": false,
    "pose": [
      [
        -0.9953681137412173,
        0.0955898468719331,
        0.01024203701670909,
        -1.9912517131401728
      ],
      [
        -0.09588229241686712,
        -0.9948310193563964,
        -0.0334339487228089,
        -12.389488808323932
      ],
      [
        0.006993150086881286,
        -0.03426111646332336,
        0.999388448877887,
        1.150452910698192
      ],
      [
        0.0,
        0.0,
        0.0,
        1.0
      ]
    ],
    "location": [
      -1.9912517131401728,
      -12.389488808323932,
      1.150452910698192
    ],
    "rotation": [
      -0.034268661038612036,
      -0.006993207087143658,
      -3.0455604803085605
    ]
  },
  {
    "label_id": "6OjFlL7Q_guovcwo3zdcBQ",
    "size": [
      2.1550294496027806,
      4.70536948148588,
      1.755650015166566
    ],
    "obj_class": "vehicle",
    "point_num_in_lidar": 117,
    "speed": 0.003916324780974301,
    "if_vehicle": true,
    "motion_state": false,
    "pose": [
      [
        -0.07461347452202913,
        -0.9971599320557856,
        0.01024203701670909,
        7.227644332967543
      ],
      [
        0.9966291134770102,
        -0.07491716253856043,
        -0.0334339487228089,
        22.69868840240275
      ],
      [
        0.034106298388699496,
        0.007712889190961375,
        0.999388448877887,
        0.6594031771200832
      ],
      [
        0.0,
        0.0,
        0.0,
        1.0
      ]
    ],
    "location": [
      7.227644332967543,
      22.69868840240275,
      0.6594031771200832
    ],
    "rotation": [
      0.007717455684733834,
      -0.03411291415178222,
      1.64552276237625
    ]
  },
  {
    "label_id": "6_1JJIYW81d3Ggc94_e4oQ",
    "size": [
      2.106552025378816,
      4.845271544164966,
      1.4721932968977
    ],
    "obj_class": "vehicle",
    "point_num_in_lidar": 141,
    "speed": 0.0044684992958129435,
    "if_vehicle": true,
    "motion_state": false,
    "pose": [
      [
        0.9994236554585137,
        -0.03236444944210499,
        0.01024203701670909,
        23.348904336907253
      ],
      [
        0.032690320500966194,
        0.9989061587648483,
        -0.0334339487228089,
        -2.2114310206212053
      ],
      [
        -0.009148762511198987,
        0.033749494721621164,
        0.999388448877887,
        0.6915487787617565
      ],
      [
        0.0,
        0.0,
        0.0,
        1.0
      ]
    ],
    "location": [
      23.348904336907253,
      -2.2114310206212053,
      0.6915487787617565
    ],
    "rotation": [
      0.03375731825435036,
      0.009148890141022893,
      0.032697514664788506
    ]
  },
  {
    "label_id": "7smZ5cUZsVHoEo6NaA-_8A",
    "size": [
      2.0601884826546195,
      4.5995315342593805,
      1.5218057153942368
    ],
    "obj_class": "vehicle",
    "point_num_in_lidar": 79,
    "speed": 3.503934281642354,
    "if_vehicle": true,
    "motion_state": true,
    "pose": [
      [
        0.0707873188017882,
        0.9974388483383843,
        0.01024203701670909,
        2.435054283601062
      ],
      [
        -0.9969091987659627,
        0.07109304107018143,
        -0.0334339487228089,
        17.91876179016242
      ],
      [
        -0.034076456867754325,
        -0.00784368132901468,
        0.999388448877887,
        0.6383317223563552
      ],
      [
        0.0,
        0.0,
        0.0,
        1.0
      ]
    ],
    "location": [
      2.435054283601062,
      17.91876179016242,
      0.6383317223563552
    ],
    "rotation": [
      -0.007848319930419725,
      0.034083055274469004,
      -1.4999085182875067
    ]
  },
  {
    "label_id": "9dK1E7yukLqZV3xaj_wIig",
    "size": [
      2.0955586239767507,
      4.606271177782434,
      1.8262575940847512
    ],
    "obj_class": "vehicle",
    "point_num_in_lidar": 455,
    "speed": 0.0051423102313082605,
    "if_vehicle": true,
    "motion_state": false,
    "pose": [
      [
        -0.01680834213337164,
        -0.999806271390851,
        0.01024203701670909,
        10.886157034599364
      ],
      [
        0.9992939082875452,
        -0.017142226582438483,
        -0.0334339487228089,
        -22.23163893695431
      ],
      [
        0.03360304292963062,
        0.009672835950250362,
        0.999388448877887,
        2.377483367475122
      ],
      [
        0.0,
        0.0,
        0.0,
        1.0
      ]
    ],
    "location": [
      10.886157034599364,
      -22.23163893695431,
      2.377483367475122
    ],
    "rotation": [
      0.009678452790953305,
      -0.033609370038942876,
      1.5876149595571347
    ]
  },
  {
    "label_id": "ASh_4SoPlz5qkwL5QzxKGw",
    "size": [
      2.0609696780805438,
      5.122046726895162,
      1.7199999999999989
    ],
    "obj_class": "vehicle",
    "point_num_in_lidar": 86,
    "speed": 0.030559734940072338,
    "if_vehicle": true,
    "motion_state": false,
    "pose": [
      [
        0.9884821854809556,
        -0.15099029659068175,
        0.01024203701670909,
        -1.547228851583327
      ],
      [
        0.1512523122455791,
        0.9879296073674309,
        -0.0334339487228089,
        -27.409328961353395
      ],
      [
        -0.0050702097747055445,
        0.034597994483662416,
        0.999388448877887,
        2.8283498353908385
      ],
      [
        0.0,
        0.0,
        0.0,
        1.0
      ]
    ],
    "location": [
      -1.547228851583327,
      -27.409328961353395,
      2.8283498353908385
    ],
    "rotation": [
      0.034605345607418736,
      0.005070231498293578,
      0.15183700468297556
    ]
  },
  {
    "label_id": "B9tn9-kjeoeV8sqY20oAJw",
    "size": [
      0.7410014254288279,
      0.0564697773877908,
      0.7199999999999989
    ],
    "obj_class": "sign",
    "point_num_in_lidar": 179,
    "speed": 0.00738027907530563,
    "if_vehicle": false,
    "motion_state": false,
    "pose": [
      [
        -0.03634301489219084,
        -0.9992868887092907,
        0.01024203701670909,
        -6.6758830531950935
      ],
      [
        0.9987680987859947,
        -0.03666682315404391,
        -0.0334339487228089,
        12.750036825007015
      ],
      [
        0.03378564955651052,
        0.009014329342536532,
        0.999388448877887,
        2.6213447810636694
      ],
      [
        0.0,
        0.0,
        0.0,
        1.0
      ]
    ],
    "location": [
      -6.6758830531950935,
      12.750036825007015,
      2.6213447810636694
    ],
    "rotation": [
      0.009019600840048261,
      -0.03379208041189444,
      1.607168120582847
    ]
  },
  {
    "label_id": "E4SZTBYIAyuKYLygem9hXw",
    "size": [
      1.9715589224219332,
      4.224433822501395,
      1.3100000000000023
    ],
    "obj_class": "vehicle",
    "point_num_in_lidar": 23,
    "speed": 0.009517529337315006,
    "if_vehicle": true,
    "motion_state": false,
    "pose": [
      [
        -0.9986026700529735,
        0.051844074307683466,
        0.01024203701670909,
        -1.442522155587426
      ],
      [
        -0.05215979378319039,
        -0.9980789182150355,
        -0.0334339487228089,
        -24.449737588741613
      ],
      [
        0.008489009103970777,
        -0.03392145300372252,
        0.999388448877887,
        2.690030194277824
      ],
      [
        0.0,
        0.0,
        0.0,
        1.0
      ]
    ],
    "location": [
      -1.442522155587426,
      -24.449737588741613,
      2.690030194277824
    ],
    "rotation": [
      -0.03392918476125291,
      -0.008489111064910975,
      -3.0894072973646294
    ]
  },
  {
    "label_id": "FJYkxRLHRb93ZMGg32MbWQ",
    "size": [
      2.209120146936166,
      4.612479673477537,
      1.9199999999999875
    ],
    "obj_class": "vehicle",
    "point_num_in_lidar": 1537,
    "speed": 0.027406975076253393,
    "if_vehicle": true,
    "motion_state": false,
    "pose": [
      [
        -0.9969151240102319,
        0.07781604074618848,
        0.01024203701670909,
        -2.009767038557129
      ],
      [
        -0.07811802216771237,
        -0.9963833327015287,
        -0.0334339487228089,
        -19.550503492211703
      ],
      [
        0.007603297460240954,
        -0.03413089681186458,
        0.999388448877887,
        1.9474507725443573
      ],
      [
        0.0,
        0.0,
        0.0,
        1.0
      ]
    ],
    "location": [
      -2.009767038557129,
      -19.550503492211703,
      1.9474507725443573
    ],
    "rotation": [
      -0.03413851407848895,
      -0.007603370720085436,
      -3.063392695851682
    ]
  },
  {
    "label_id": "GR2S0cRLIKCA7TZlaRQUiw",
    "size": [
      1.98262835690961,
      4.669387331335671,
      2.2548355270341744
    ],
    "obj_class": "vehicle",
    "point_num_in_lidar": 95,
    "speed": 3.614624287906422e-14,
    "if_vehicle": true,
    "motion_state": false,
    "pose": [
      [
        0.9994686836521353,
        -0.030942706352488445,
        0.01024203701670909,
        -6.6703894605926735
      ],
      [
        0.03126931323631519,
        0.9989516510434974,
        -0.0334339487228089,
        40.64822265469354
      ],
      [
        -0.009196762930356133,
        0.033736446182932214,
        0.999388448877887,
        0.41403777247001017
      ],
      [
        0.0,
        0.0,
        0.0,
        1.0
      ]
    ],
    "location": [
      -6.6703894605926735,
      40.64822265469354,
      0.41403777247001017
    ],
    "rotation": [
      0.03374427659818259,
      0.009196892579679544,
      0.0312757342960489
    ]
  },
  {
    "label_id": "JCDdYUT-UV2oxkxdT7TaPw",
    "size": [
      3.5590816235393277,
      6.254139630824458,
      2.4000000000000057
    ],
    "obj_class": "vehicle",
    "point_num_in_lidar": 113,
    "speed": 0.008970948965177923,
    "if_vehicle": true,
    "motion_state": false,
    "pose": [
      [
        -0.10469795047349746,
        -0.9944513260307905,
        0.01024203701670909,
        5.329891972092923
      ],
      [
        0.9939115769558696,
        -0.10498546692707877,
        -0.0334339487228089,
        55.83048809238535
      ],
      [
        0.0343236996803264,
        0.006679213255003625,
        0.999388448877887,
        0.5385376253080096
      ],
      [
        0.0,
        0.0,
        0.0,
        1.0
      ]
    ],
    "location": [
      5.329891972092923,
      55.83048809238535,
      0.5385376253080096
    ],
    "rotation": [
      0.006683200930993909,
      -0.03433044280784349,
      1.6757485732909057
    ]
  },
  {
    "label_id": "M1ux1dJCnlFsX4da4hqWLg",
    "size": [
      2.048192276072319,
      4.507813116800472,
      1.3662575940847432
    ],
    "obj_class": "vehicle",
    "point_num_in_lidar": 70,
    "speed": 0.010382325442085597,
    "if_vehicle": true,
    "motion_state": false,
    "pose": [
      [
        -0.09524070438779753,
        -0.9954015817274275,
        0.01024203701670909,
        11.525258796551043
      ],
      [
        0.9948645899542236,
        -0.0955333383066606,
        -0.0334339487228089,
        -28.55172318338191
      ],
      [
        0.0342586614293443,
        0.007005167130098448,
        0.999388448877887,
        2.8492282530407635
      ],
      [
        0.0,
        0.0,
        0.0,
        1.0
      ]
    ],
    "location": [
      11.525258796551043,
      -28.55172318338191,
      2.8492282530407635
    ],
    "rotation": [
      0.007009338975606643,
      -0.03426536628433954,
      1.6662378016148574
    ]
  },
  {
    "label_id": "NjQjKUN8pI-ZQimlGuoBsQ",
    "size": [
      1.9460049702311977,
      4.277104600442166,
      1.4499999999999886
    ],
    "obj_class": "vehicle",
    "point_num_in_lidar": 354,
    "speed": 0.014764575811798636,
    "if_vehicle": true,
    "motion_state": false,
    "pose": [
      [
        -0.9984264475903609,
        0.055133741300955025,
        0.01024203701670909,
        -5.454479063323902
      ],
      [
        -0.05544773353540787,
        -0.9979016584406435,
        -0.0334339487228089,
        23.65794631782778
      ],
      [
        0.008377207045231722,
        -0.033949236391594646,
        0.999388448877887,
        0.26137418962440506
      ],
      [
        0.0,
        0.0,
        0.0,
        1.0
      ]
    ],
    "location": [
      -5.454479063323902,
      23.65794631782778,
      0.26137418962440506
    ],
    "rotation": [
      -0.033956953133065314,
      -0.008377305030370678,
      -3.0861145200881905
    ]
  },
  {
    "label_id": "Q175aDJRl7PlCgCobA9ChQ",
    "size": [
      0.8168809500625249,
      0.09569916411282975,
      0.8100000000000023
    ],
    "obj_class": "sign",
    "point_num_in_lidar": 83,
    "speed": 0.001081087760110717,
    "if_vehicle": false,
    "motion_state": false,
    "pose": [
      [
        -0.9980047444347971,
        -0.06230273479859223,
        0.01024203701670909,
        14.619421560364572
      ],
      [
        0.06192938133974747,
        -0.9975203871599199,
        -0.0334339487228089,
        10.721722294992986
      ],
      [
        0.01229966717076078,
        -0.03273295643444943,
        0.999388448877887,
        2.9763832883463976
      ],
      [
        0.0,
        0.0,
        0.0,
        1.0
      ]
    ],
    "location": [
      14.619421560364572,
      10.721722294992986,
      2.9763832883463976
    ],
    "rotation": [
      -0.03274128208199795,
      -0.01229997731119843,
      3.079618924078691
    ]
  },
  {
    "label_id": "YKPb1MkzJMFBs5crX5wDgA",
    "size": [
      2.1866969615547487,
      4.975542376081814,
      1.5300000000000011
    ],
    "obj_class": "vehicle",
    "point_num_in_lidar": 390,
    "speed": 3.827885841697235,
    "if_vehicle": true,
    "motion_state": true,
    "pose": [
      [
        -0.9969130328214502,
        0.07784282669897377,
        0.01024203701670909,
        11.669261758308267
      ],
      [
        -0.07814479383175818,
        -0.9963812333990401,
        -0.0334339487228089,
        4.517283623090577
      ],
      [
        0.007602380398935241,
        -0.034131101091540245,
        0.999388448877887,
        0.7405759307492019
      ],
      [
        0.0,
        0.0,
        0.0,
        1.0
      ]
    ],
    "location": [
      11.669261758308267,
      4.517283623090577,
      0.7405759307492019
    ],
    "rotation": [
      -0.03413871824503862,
      -0.007602453632274052,
      -3.0633658418631198
    ]
  },
  {
    "label_id": "ZFvMr9wN9-CPPx0LnQsiyw",
    "size": [
      0.9106749139700658,
      0.6788900799441303,
      1.740000000000009
    ],
    "obj_class": "pedestrian",
    "point_num_in_lidar": 49,
    "speed": 0.007062621402742781,
    "if_vehicle": false,
    "motion_state": false,
    "pose": [
      [
        -0.9832143475883764,
        -0.18216653747083122,
        0.01024203701670909,
        35.98782813632977
      ],
      [
        0.18173751366217616,
        -0.9827785341574625,
        -0.0334339487228089,
        -5.098338881786503
      ],
      [
        0.01615620079887925,
        -0.031011375738547106,
        0.999388448877887,
        0.9544934311940665
      ],
      [
        0.0,
        0.0,
        0.0,
        1.0
      ]
    ],
    "location": [
      35.98782813632977,
      -5.098338881786503,
      0.9544934311940665
    ],
    "rotation": [
      -0.03102039860478544,
      -0.01615690373764338,
      2.958815426211986
    ]
  },
  {
    "label_id": "_8n2ltih6YGV4VvLcYeuvA",
    "size": [
      0.41565201678288616,
      0.05391781688397976,
      0.18345640068281455
    ],
    "obj_class": "sign",
    "point_num_in_lidar": 28,
    "speed": 0.007089433561199026,
    "if_vehicle": false,
    "motion_state": false,
    "pose": [
      [
        -0.036343014894731886,
        -0.9992868887091982,
        0.01024203701670909,
        -6.67523420627424
      ],
      [
        0.9987680987859014,
        -0.036666823156583636,
        -0.0334339487228089,
        12.750049714120948
      ],
      [
        0.03378564955653344,
        0.009014329342450621,
        0.999388448877887,
        2.155775402692342
      ],
      [
        0.0,
        0.0,
        0.0,
        1.0
      ]
    ],
    "location": [
      -6.67523420627424,
      12.750049714120948,
      2.155775402692342
    ],
    "rotation": [
      0.009019600839962304,
      -0.03379208041191737,
      1.6071681205853912
    ]
  },
  {
    "label_id": "_SFSfPAKVug3laTRe36P7A",
    "size": [
      1.5124769999564216,
      4.834983194317003,
      1.5800000000000125
    ],
    "obj_class": "vehicle",
    "point_num_in_lidar": 1104,
    "speed": 1.7763568394002505e-14,
    "if_vehicle": true,
    "motion_state": false,
    "pose": [
      [
        0.9958557706386671,
        0.09036805167433234,
        0.01024203701670909,
        -4.071180151369845
      ],
      [
        -0.08998121333446106,
        0.9953821137229957,
        -0.0334339487228089,
        13.389026192550375
      ],
      [
        -0.013216101260380834,
        0.0323737998530666,
        0.999388448877887,
        2.4679596369650767
      ],
      [
        0.0,
        0.0,
        0.0,
        1.0
      ]
    ],
    "location": [
      -4.071180151369845,
      13.389026192550375,
      2.4679596369650767
    ],
    "rotation": [
      0.032382286628719566,
      0.013216486023077272,
      -0.09011097315695381
    ]
  },
  {
    "label_id": "_cqh80UXdkf7A2Uf9Nd09w",
    "size": [
      2.74464873197709,
      7.000101787777974,
      2.3102425954895978
    ],
    "obj_class": "vehicle",
    "point_num_in_lidar": 3412,
    "speed": 3.7221458391556904e-14,
    "if_vehicle": true,
    "motion_state": false,
    "pose": [
      [
        0.9987305680502674,
        -0.049318892117914716,
        0.01024203701670909,
        -3.0104291858052648
      ],
      [
        0.04963593491667259,
        0.9982076161990291,
        -0.0334339487228089,
        13.273276314099363
      ],
      [
        -0.008574754045335295,
        0.03389987968286998,
        0.999388448877887,
        1.0278966127750095
      ],
      [
        0.0,
        0.0,
        0.0,
        1.0
      ]
    ],
    "location": [
      -3.0104291858052648,
      13.273276314099363,
      1.0278966127750095
    ],
    "rotation": [
      0.033907623064006936,
      0.008574859127288054,
      0.04965816623279698
    ]
  },
  {
    "label_id": "aLKLRVALSecdklsZzsqb1w",
    "size": [
      2.2791812515326497,
      4.723665906330695,
      1.6483726207747225
    ],
    "obj_class": "vehicle",
    "point_num_in_lidar": 27,
    "speed": 0.012267221121920016,
    "if_vehicle": true,
    "motion_state": false,
    "pose": [
      [
        0.9941149356332784,
        -0.1078452383213617,
        0.01024203701670909,
        28.712988928976074
      ],
      [
        0.10813104482576841,
        0.9935742791647175,
        -0.0334339487228089,
        -1.7568733606918272
      ],
      [
        -0.006570532378019579,
        0.034344669946302454,
        0.999388448877887,
        0.7309971333974374
      ],
      [
        0.0,
        0.0,
        0.0,
        1.0
      ]
    ],
    "location": [
      28.712988928976074,
      -1.7568733606918272,
      0.7309971333974374
    ],
    "rotation": [
      0.034352167268923914,
      0.0065705796559945235,
      0.10834522643689343
    ]
  },
  {
    "label_id": "auXhaEEj7_TnIkSP3tzCWw",
    "size": [
      1.9383903580788748,
      4.5786654796276824,
      1.5670055110724945
    ],
    "obj_class": "vehicle",
    "point_num_in_lidar": 1882,
    "speed": 6.615694979563103,
    "if_vehicle": true,
    "motion_state": true,
    "pose": [
      [
        -5.738739384746008e-05,
        0.9999475473165756,
        0.01024203701670909,
        3.3776251201101104
      ],
      [
        -0.9994408885950693,
        0.00028509138634096276,
        -0.0334339487228089,
        -2.9633390909061177
      ],
      [
        -0.03343511493901297,
        -0.01023822926418656,
        0.999388448877887,
        0.7632638830049245
      ],
      [
        0.0,
        0.0,
        0.0,
        1.0
      ]
    ],
    "location": [
      3.3776251201101104,
      -2.9633390909061177,
      0.7632638830049245
    ],
    "rotation": [
      -0.010244135933325318,
      0.03344134763260603,
      -1.5708537462925771
    ]
  },
  {
    "label_id": "cCz-sprxe54IkoqPBqzeQA",
    "size": [
      2.0277817520855956,
      4.262423525941018,
      1.4748355270341733
    ],
    "obj_class": "vehicle",
    "point_num_in_lidar": 25,
    "speed": 5.333694441429199e-14,
    "if_vehicle": true,
    "motion_state": false,
    "pose": [
      [
        -0.9986497786537836,
        0.05092858011468024,
        0.01024203701670909,
        -5.895563794706845
      ],
      [
        -0.0512447796088016,
        -0.9981263164728428,
        -0.0334339487228089,
        29.308640558764054
      ],
      [
        0.008520103144586667,
        -0.03391365642122151,
        0.999388448877887,
        0.36250614306462126
      ],
      [
        0.0,
        0.0,
        0.0,
        1.0
      ]
    ],
    "location": [
      -5.895563794706845,
      29.308640558764054,
      0.36250614306462126
    ],
    "rotation": [
      -0.03392139238315568,
      -0.00852020623006584,
      -3.090323556536343
    ]
  },
  {
    "label_id": "djwJETMnF8x4cVGX3MsC8A",
    "size": [
      1.9823390091466793,
      4.458846597593478,
      1.4782598895759236
    ],
    "obj_class": "vehicle",
    "point_num_in_lidar": 176,
    "speed": 0.008224153924643615,
    "if_vehicle": true,
    "motion_state": false,
    "pose": [
      [
        -0.9961647674626157,
        0.08689566585222265,
        0.01024203701670909,
        18.061348928056987
      ],
      [
        -0.0871927896098803,
        -0.995630246885282,
        -0.0334339487228089,
        9.372786237249969
      ],
      [
        0.0072920166072167215,
        -0.03419875353358848,
        0.999388448877887,
        0.5860345076937392
      ],
      [
        0.0,
        0.0,
        0.0,
        1.0
      ]
    ],
    "location": [
      18.061348928056987,
      9.372786237249969,
      0.5860345076937392
    ],
    "rotation": [
      -0.03420633306580969,
      -0.007292081232444804,
      -3.0542866754255225
    ]
  },
  {
    "label_id": "eYuikztkR3GVWeq2x3R4vg",
    "size": [
      2.0826523780188486,
      4.727294552036573,
      1.6500000000000057
    ],
    "obj_class": "vehicle",
    "point_num_in_lidar": 81,
    "speed": 0.044112505043788414,
    "if_vehicle": true,
    "motion_state": false,
    "pose": [
      [
        -0.9986497786537838,
        0.05092858011467669,
        0.01024203701670909,
        -5.575921772570382
      ],
      [
        -0.05124477960879806,
        -0.998126316472843,
        -0.0334339487228089,
        26.34433146342306
      ],
      [
        0.008520103144586786,
        -0.03391365642122148,
        0.999388448877887,
        0.46244218158247463
      ],
      [
        0.0,
        0.0,
        0.0,
        1.0
      ]
    ],
    "location": [
      -5.575921772570382,
      26.34433146342306,
      0.46244218158247463
    ],
    "rotation": [
      -0.033921392383155655,
      -0.00852020623006596,
      -3.0903235565363465
    ]
  },
  {
    "label_id": "hIXIgHw3ha67NHMRblswLg",
    "size": [
      2.014083700009064,
      3.9843474780506,
      1.6662575940847546
    ],
    "obj_class": "vehicle",
    "point_num_in_lidar": 430,
    "speed": 0.0031015223178102367,
    "if_vehicle": true,
    "motion_state": false,
    "pose": [
      [
        -0.057155310348607435,
        -0.998312762202659,
        0.01024203701670909,
        10.348179989932078
      ],
      [
        0.997787338335859,
        -0.05746823931044199,
        -0.0334339487228089,
        -17.04200736433239
      ],
      [
        0.03396612953511206,
        0.008308447138607938,
        0.999388448877887,
        1.7522803034853496
      ],
      [
        0.0,
        0.0,
        0.0,
        1.0
      ]
    ],
    "location": [
      10.348179989932078,
      -17.04200736433239,
      1.7522803034853496
    ],
    "rotation": [
      0.008313339766580332,
      -0.03397266403719362,
      1.6280158540676524
    ]
  },
  {
    "label_id": "hb0ASarWGWDxr2SxCcea0A",
    "size": [
      0.428801848810926,
      0.07469978022218265,
      0.6044489512381972
    ],
    "obj_class": "sign",
    "point_num_in_lidar": 23,
    "speed": 0.009159981401204526,
    "if_vehicle": false,
    "motion_state": false,
    "pose": [
      [
        -0.8858771557931208,
        -0.46380681918406425,
        0.01024203701670909,
        25.92979766664689
      ],
      [
        0.46326842169053567,
        -0.8855871162890527,
        -0.0334339487228089,
        -3.610521890004833
      ],
      [
        0.024577109436442247,
        -0.02487355907786813,
        0.999388448877887,
        2.483136038193436
      ],
      [
        0.0,
        0.0,
        0.0,
        1.0
      ]
    ],
    "location": [
      25.92979766664689,
      -3.610521890004833,
      2.483136038193436
    ],
    "rotation": [
      -0.02488364261880421,
      -0.024579584345435963,
      2.659754982173368
    ]
  },
  {
    "label_id": "i4WEZxXNh4J1GX9xl5n5eQ",
    "size": [
      1.9322981237294705,
      4.718592850396311,
      1.4782598895759236
    ],
    "obj_class": "vehicle",
    "point_num_in_lidar": 55,
    "speed": 0.0014572508705460983,
    "if_vehicle": true,
    "motion_state": false,
    "pose": [
      [
        -0.9961647674626197,
        0.08689566585217576,
        0.01024203701670909,
        24.22899722553848
      ],
      [
        -0.08719278960983344,
        -0.995630246885286,
        -0.0334339487228089,
        9.784752033662045
      ],
      [
        0.007292016607218332,
        -0.03419875353358813,
        0.999388448877887,
        0.5860345076937392
      ],
      [
        0.0,
        0.0,
        0.0,
        1.0
      ]
    ],
    "location": [
      24.22899722553848,
      9.784752033662045,
      0.5860345076937392
    ],
    "rotation": [
      -0.03420633306580934,
      -0.007292081232446414,
      -3.0542866754255695
    ]
  },
  {
    "label_id": "nBHdqL99senel5XF57qANg",
    "size": [
      2.79013776587543,
      6.283840489035793,
      3.4623338815695774
    ],
    "obj_class": "vehicle",
    "point_num_in_lidar": 162,
    "speed": 1.0660453750117864e-13,
    "if_vehicle": true,
    "motion_state": false,
    "pose": [
      [
        -0.07461347452203974,
        -0.9971599320557848,
        0.01024203701670909,
        3.6637623073957
      ],
      [
        0.9966291134770094,
        -0.07491716253857104,
        -0.0334339487228089,
        68.76485101343391
      ],
      [
        0.03410629838869958,
        0.007712889190961012,
        0.999388448877887,
        0.5912884894325146
      ],
      [
        0.0,
        0.0,
        0.0,
        1.0
      ]
    ],
    "location": [
      3.6637623073957,
      68.76485101343391,
      0.5912884894325146
    ],
    "rotation": [
      0.00771745568473347,
      -0.0341129141517823,
      1.6455227623762607
    ]
  },
  {
    "label_id": "wXzm9HyGat82X2noN_2ETQ",
    "size": [
      0.4928979879515019,
      0.060914065595576425,
      0.612229061401024
    ],
    "obj_class": "sign",
    "point_num_in_lidar": 32,
    "speed": 0.006817727301512385,
    "if_vehicle": false,
    "motion_state": false,
    "pose": [
      [
        -0.03634301489479845,
        -0.9992868887091958,
        0.01024203701670909,
        -6.675117614421993
      ],
      [
        0.998768098785899,
        -0.036666823156650166,
        -0.0334339487228089,
        12.750452237161696
      ],
      [
        0.03378564955653404,
        0.00901432934244837,
        0.999388448877887,
        3.3077274834894297
      ],
      [
        0.0,
        0.0,
        0.0,
        1.0
      ]
    ],
    "location": [
      -6.675117614421993,
      12.750452237161696,
      3.3077274834894297
    ],
    "rotation": [
      0.009019600839960052,
      -0.033792080411917974,
      1.6071681205854578
    ]
  },
  {
    "label_id": "zkifBz685RBOb_ccW22PWw",
    "size": [
      2.012493013272185,
      4.458576926140719,
      1.5999999999999943
    ],
    "obj_class": "vehicle",
    "point_num_in_lidar": 129,
    "speed": 0.021225919422732668,
    "if_vehicle": true,
    "motion_state": false,
    "pose": [
      [
        -0.9986026700529755,
        0.051844074307642665,
        0.01024203701670909,
        -1.5361773792228632
      ],
      [
        -0.05215979378314962,
        -0.9980789182150375,
        -0.0334339487228089,
        -22.120046527480923
      ],
      [
        0.008489009103972163,
        -0.03392145300372217,
        0.999388448877887,
        1.6109446713540478
      ],
      [
        0.0,
        0.0,
        0.0,
        1.0
      ]
    ],
    "location": [
      -1.5361773792228632,
      -22.120046527480923,
      1.6109446713540478
    ],
    "rotation": [
      -0.03392918476125256,
      -0.00848911106491236,
      -3.0894072973646702
    ]
  }
]