[
  {
    "label_id": "-CJmjwPI6Q0mh62S9ssgAw",
    "size": [
      1.74665518283695,
      4.143167420510736,
      1.5699999999999932
    ],
    "obj_class": "vehicle",
    "point_num_in_lidar": 93,
    "speed": 5.07799749521896e-29,
    "if_vehicle": true,
    "motion_state": false,
    "pose": [
      [
        0.995533993619461,
        -0.0940906865799582,
        0.007681812741737652,
        94.16426961042544
      ],
      [
        0.09425087914927197,
        0.9952547854915506,
        -0.02418023440244311,
        -4.556445015160847
      ],
      [
        -0.005370226035874169,
        0.024796262925687724,
        0.999678101199203,
        0.7587413473926006
      ],
      [
        0.0,
        0.0,
        0.0,
        1.0
      ]
    ],
    "location": [
      94.16426961042544,
      -4.556445015160847,
      0.7587413473926006
    ],
    "rotation": [
      0.024799162316772816,
      0.005370251848493882,
      0.09439234711347182
    ]
  },
  {
    "label_id": "-Uk68IlUXVX2NqKU8eqqpQ",
    "size": [
      2.899764562680892,
      6.3550293086473815,
      4.300000000000011
    ],
    "obj_class": "vehicle",
    "point_num_in_lidar": 489,
    "speed": 3.078988606605487e-29,
    "if_vehicle": true,
    "motion_state": false,
    "pose": [
      [
        0.9976045503461148,
        -0.06874700634738241,
        0.007681812741737652,
        116.96598561310543
      ],
      [
        0.06891424649785857,
        0.9973295056769731,
        -0.02418023440244311,
        7.4565097713621356
      ],
      [
        -0.005998979776474334,
        0.024651698205147413,
        0.999678101199203,
        1.8183828420873738
      ],
      [
        0.0,
        0.0,
        0.0,
        1.0
      ]
    ],
    "location": [
      116.96598561310543,
      7.4565097713621356,
      1.8183828420873738
    ],
    "rotation": [
      0.024654639446440398,
      0.005999015758696149,
      0.06897015404442695
    ]
  },
  {
    "label_id": "2C_tR9AEISq4vJhgMpXBbg",
    "size": [
      1.7966459929087923,
      4.328494415249116,
      1.3000000000000114
    ],
    "obj_class": "vehicle",
    "point_num_in_lidar": 110,
    "speed": 5.630151125075297e-29,
    "if_vehicle": true,
    "motion_state": false,
    "pose": [
      [
        0.9925882086739783,
        -0.12128329544658599,
        0.007681812741737652,
        94.44733612179562
      ],
      [
        0.1214357917623645,
        0.9923047237332344,
        -0.02418023440244311,
        -9.495650947760026
      ],
      [
        -0.00469004055746121,
        0.024933862563301042,
        0.999678101199203,
        1.1563735475491796
      ],
      [
        0.0,
        0.0,
        0.0,
        1.0
      ]
    ],
    "location": [
      94.44733612179562,
      -9.495650947760026,
      1.1563735475491796
    ],
    "rotation": [
      0.024936721158119846,
      0.00469005775169563,
      0.12173759735909123
    ]
  },
  {
    "label_id": "7V3I41HYEccgGPXN1dbm1w",
    "size": [
      0.22378149047487078,
      0.07777568235119064,
      0.30902990718337264
    ],
    "obj_class": "sign",
    "point_num_in_lidar": 34,
    "speed": 0.006610583336778941,
    "if_vehicle": false,
    "motion_state": false,
    "pose": [
      [
        0.001181570268364393,
        0.9999697963662213,
        0.007681812741737652,
        58.749709315032305
      ],
      [
        -0.9997066807517426,
        0.0013670130125527954,
        -0.02418023440244311,
        17.59329936817116
      ],
      [
        -0.024190005209476482,
        -0.007650988872146982,
        0.999678101199203,
        1.3950851122343977
      ],
      [
        0.0,
        0.0,
        0.0,
        1.0
      ]
    ],
    "location": [
      58.749709315032305,
      17.59329936817116,
      1.3950851122343977
    ],
    "rotation": [
      -0.007653303080067702,
      0.024192364986774056,
      -1.5696144103978922
    ]
  },
  {
    "label_id": "7qjAkzTWMDLeVh79NmZ-dQ",
    "size": [
      0.9860268038019459,
      1.0558502950810307,
      1.6999999999999886
    ],
    "obj_class": "pedestrian",
    "point_num_in_lidar": 338,
    "speed": 1.4065867174023248,
    "if_vehicle": false,
    "motion_state": true,
    "pose": [
      [
        -0.9990782232462452,
        -0.04223379675244529,
        0.007681812741737652,
        71.55401182545188
      ],
      [
        0.042037105549386916,
        -0.9988234068248865,
        -0.02418023440244311,
        -1.8597664736674915
      ],
      [
        0.008693997478472491,
        -0.02383502445143554,
        0.999678101199203,
        0.5128542000630603
      ],
      [
        0.0,
        0.0,
        0.0,
        1.0
      ]
    ],
    "location": [
      71.55401182545188,
      -1.8597664736674915,
      0.5128542000630603
    ],
    "rotation": [
      -0.02383818294077309,
      -0.008694107005689206,
      3.099541567233273
    ]
  },
  {
    "label_id": "8GBSIuKZfKIUqTUQt4DFvQ",
    "size": [
      1.9687537487994085,
      4.479833154242696,
      1.6599999999999966
    ],
    "obj_class": "vehicle",
    "point_num_in_lidar": 21,
    "speed": 0.2312070100754312,
    "if_vehicle": true,
    "motion_state": false,
    "pose": [
      [
        -0.9949263847689364,
        0.10031190678885256,
        0.007681812741737652,
        83.68848921364338
      ],
      [
        -0.10047035090525745,
        -0.9946461807362543,
        -0.02418023440244311,
        -21.41980938169121
      ],
      [
        0.00521512028518997,
        -0.02482934761863904,
        0.999678101199203,
        2.066372479433852
      ],
      [
        0.0,
        0.0,
        0.0,
        1.0
      ]
    ],
    "location": [
      83.68848921364338,
      -21.41980938169121,
      2.066372479433852
    ],
    "rotation": [
      -0.02483223728651504,
      -0.005215143925167216,
      -3.0409511274876677
    ]
  },
  {
    "label_id": "92Ylj-kmScTI3SbTsEi34Q",
    "size": [
      2.3035025746619207,
      4.824207576419324,
      1.8880545684315848
    ],
    "obj_class": "vehicle",
    "point_num_in_lidar": 113,
    "speed": 1.4075374689572745e-28,
    "if_vehicle": true,
    "motion_state": false,
    "pose": [
      [
        0.9975543568039305,
        -0.06947154075229499,
        0.007681812741737652,
        83.17534411701706
      ],
      [
        0.06963858109582688,
        0.9972791907420926,
        -0.02418023440244311,
        -13.4565598530302
      ],
      [
        -0.00598107385482305,
        0.02465604871627586,
        0.999678101199203,
        1.4676647955213298
      ],
      [
        0.0,
        0.0,
        0.0,
        1.0
      ]
    ],
    "location": [
      83.17534411701706,
      -13.4565598530302,
      1.4676647955213298
    ],
    "rotation": [
      0.024658988713198417,
      0.005981109515799975,
      0.06969623870154974
    ]
  },
  {
    "label_id": "9_5AoCiRvE0bL7z3ocqJqg",
    "size": [
      1.7839907995983306,
      4.136937415017847,
      1.4499999999999886
    ],
    "obj_class": "vehicle",
    "point_num_in_lidar": 58,
    "speed": 0.0,
    "if_vehicle": true,
    "motion_state": false,
    "pose": [
      [
        0.9906437852065317,
        -0.1362566717070249,
        0.007681812741737652,
        94.336667393933
      ],
      [
        0.13640487026712733,
        0.9903580300233099,
        -0.02418023440244311,
        -7.1259338862596735
      ],
      [
        -0.0043130266731426625,
        0.02500183560607053,
        0.999678101199203,
        0.831373547549191
      ],
      [
        0.0,
        0.0,
        0.0,
        1.0
      ]
    ],
    "location": [
      94.336667393933,
      -7.1259338862596735,
      0.831373547549191
    ],
    "rotation": [
      0.025004673699892503,
      0.004313040045218071,
      0.13683273045450756
    ]
  },
  {
    "label_id": "BOk7wftIowzDn3hlyO4s8g",
    "size": [
      2.1402781959457338,
      4.608048584790058,
      1.8700000000000045
    ],
    "obj_class": "vehicle",
    "point_num_in_lidar": 146,
    "speed": 0.07937282119481603,
    "if_vehicle": true,
    "motion_state": false,
    "pose": [
      [
        -0.9954968025343272,
        0.09448336306954784,
        0.007681812741737652,
        83.33668148397135
      ],
      [
        -0.09464344549403657,
        -0.9952175312409144,
        -0.02418023440244311,
        -16.113562677481838
      ],
      [
        0.005360444846134342,
        -0.02479837925768069,
        0.999678101199203,
        1.6966920797371472
      ],
      [
        0.0,
        0.0,
        0.0,
        1.0
      ]
    ],
    "location": [
      83.33668148397135,
      -16.113562677481838,
      1.6966920797371472
    ],
    "rotation": [
      -0.024801278028425723,
      -0.005360470517966282,
      -3.046805976681156
    ]
  },
  {
    "label_id": "EKbHTcx2VGWx8CSDOMujpg",
    "size": [
      2.118962655048406,
      4.581618389407152,
      1.6779523893837904
    ],
    "obj_class": "vehicle",
    "point_num_in_lidar": 364,
    "speed": 1.055653650348823e-29,
    "if_vehicle": true,
    "motion_state": false,
    "pose": [
      [
        0.9983683350277561,
        -0.05658318979084772,
        0.007681812741737652,
        82.01612523619485
      ],
      [
        0.056753769738051366,
        0.9980953490948464,
        -0.02418023440244311,
        -3.1107001051663588
      ],
      [
        -0.006298986777765257,
        0.024576752192463403,
        0.999678101199203,
        0.5306845995616811
      ],
      [
        0.0,
        0.0,
        0.0,
        1.0
      ]
    ],
    "location": [
      82.01612523619485,
      -3.1107001051663588,
      0.5306845995616811
    ],
    "rotation": [
      0.024579714724128482,
      0.006299028432904842,
      0.05678540897546317
    ]
  },
  {
    "label_id": "Ga8vVYz55cr0VoklMBg4Nw",
    "size": [
      2.1012883788885834,
      5.006721862458587,
      2.469999999999999
    ],
    "obj_class": "vehicle",
    "point_num_in_lidar": 148,
    "speed": 0.0014888868831591019,
    "if_vehicle": true,
    "motion_state": false,
    "pose": [
      [
        -0.9964504278600086,
        0.08383039168825902,
        0.007681812741737652,
        101.38374720895172
      ],
      [
        -0.08399345196673993,
        -0.9961728847398699,
        -0.02418023440244311,
        15.562599020993488
      ],
      [
        0.005625375037897565,
        -0.024739626885610367,
        0.999678101199203,
        0.941373318667388
      ],
      [
        0.0,
        0.0,
        0.0,
        1.0
      ]
    ],
    "location": [
      101.38374720895172,
      15.562599020993488,
      0.941373318667388
    ],
    "rotation": [
      -0.0247425427954461,
      -0.005625404707339614,
      -3.0574987921385413
    ]
  },
  {
    "label_id": "HIko6-fK5hHb4g5v7PVLew",
    "size": [
      1.816215721757519,
      4.070324299453466,
      1.2800000000000011
    ],
    "obj_class": "vehicle",
    "point_num_in_lidar": 118,
    "speed": 0.05337416335816835,
    "if_vehicle": true,
    "motion_state": false,
    "pose": [
      [
        0.9925882086739841,
        -0.12128329544653838,
        0.007681812741737652,
        94.80925373807133
      ],
      [
        0.1214357917623169,
        0.9923047237332402,
        -0.02418023440244311,
        -14.984780069857266
      ],
      [
        -0.0046900405574624065,
        0.024933862563300817,
        0.999678101199203,
        1.7063735475490773
      ],
      [
        0.0,
        0.0,
        0.0,
        1.0
      ]
    ],
    "location": [
      94.80925373807133,
      -14.984780069857266,
      1.7063735475490773
    ],
    "rotation": [
      0.02493672115811962,
      0.004690057751696826,
      0.12173759735904328
    ]
  },
  {
    "label_id": "HLHTpMbBSXiAzDkKL7CorQ",
    "size": [
      1.7741679865707722,
      3.888164446010762,
      1.4000000000000057
    ],
    "obj_class": "vehicle",
    "point_num_in_lidar": 31,
    "speed": 6.157990981976613e-30,
    "if_vehicle": true,
    "motion_state": false,
    "pose": [
      [
        0.9968692097600824,
        -0.07869414454271571,
        0.007681812741737652,
        114.88073479694367
      ],
      [
        0.07885863295396922,
        0.9965925106445834,
        -0.02418023440244311,
        4.600214628220883
      ],
      [
        -0.005752794185447273,
        0.024710308411998835,
        0.999678101199203,
        0.5063727846097947
      ],
      [
        0.0,
        0.0,
        0.0,
        1.0
      ]
    ],
    "location": [
      114.88073479694367,
      4.600214628220883,
      0.5063727846097947
    ],
    "rotation": [
      0.024713232810655197,
      0.005752825917029502,
      0.07894190435371644
    ]
  },
  {
    "label_id": "IVW-Adl1uVdcbpaNAxmNrA",
    "size": [
      1.7951469363266026,
      4.085098999815888,
      1.5500000000000114
    ],
    "obj_class": "vehicle",
    "point_num_in_lidar": 59,
    "speed": 6.294712997397846e-29,
    "if_vehicle": true,
    "motion_state": false,
    "pose": [
      [
        -0.9991220647101021,
        0.04118360793354097,
        0.007681812741737652,
        90.86862925485627
      ],
      [
        -0.041358376505525665,
        -0.998851741229433,
        -0.02418023440244311,
        14.805386809866235
      ],
      [
        0.006677162739511762,
        -0.02447671302496093,
        0.999678101199203,
        0.6013725557278917
      ],
      [
        0.0,
        0.0,
        0.0,
        1.0
      ]
    ],
    "location": [
      90.86862925485627,
      14.805386809866235,
      0.6013725557278917
    ],
    "rotation": [
      -0.02447970354538924,
      -0.006677212356836772,
      -3.1002215545182725
    ]
  },
  {
    "label_id": "Q45qOQ6Sw52_SfUE9vEVug",
    "size": [
      1.982071761725595,
      4.160475567186468,
      1.460000000000008
    ],
    "obj_class": "vehicle",
    "point_num_in_lidar": 282,
    "speed": 0.1691873069257689,
    "if_vehicle": true,
    "motion_state": false,
    "pose": [
      [
        0.9974215834696126,
        -0.07135246724516126,
        0.007681812741737652,
        93.89591703762642
      ],
      [
        0.07151898842162581,
        0.9971461029154105,
        -0.02418023440244311,
        -2.233609394174664
      ],
      [
        -0.005934570255569001,
        0.024667283162884638,
        0.999678101199203,
        0.546372021670237
      ],
      [
        0.0,
        0.0,
        0.0,
        1.0
      ]
    ],
    "location": [
      93.89591703762642,
      -2.233609394174664,
      0.546372021670237
    ],
    "rotation": [
      0.02467021994211831,
      0.005934605091182169,
      0.07158136139972154
    ]
  },
  {
    "label_id": "RQk7gQTbuU86pW7OGRO9mA",
    "size": [
      2.0643344717405743,
      4.21803561067237,
      1.4833326921443302
    ],
    "obj_class": "vehicle",
    "point_num_in_lidar": 4385,
    "speed": 0.2724935988275569,
    "if_vehicle": true,
    "motion_state": false,
    "pose": [
      [
        0.9965430861525988,
        -0.0827216247087481,
        0.007681812741737652,
        58.212173118418605
      ],
      [
        0.08288499369868944,
        0.9962657246356572,
        -0.02418023440244311,
        0.14520209097446468
      ],
      [
        -0.005652898462054228,
        0.024733352415997334,
        0.999678101199203,
        0.4272992859432918
      ],
      [
        0.0,
        0.0,
        0.0,
        1.0
      ]
    ],
    "location": [
      58.212173118418605,
      0.14520209097446468,
      0.4272992859432918
    ],
    "rotation": [
      0.02473627014610669,
      0.005652928569128146,
      0.08298151944402848
    ]
  },
  {
    "label_id": "VB-58XURwVRpb2EmYLe7Yw",
    "size": [
      1.960852915574319,
      4.521745131018506,
      1.6200000000000045
    ],
    "obj_class": "vehicle",
    "point_num_in_lidar": 167,
    "speed": 5.630151125075297e-29,
    "if_vehicle": true,
    "motion_state": false,
    "pose": [
      [
        -0.9991220647101007,
        0.041183607933574694,
        0.007681812741737652,
        83.54589316325178
      ],
      [
        -0.04135837650555939,
        -0.9988517412294317,
        -0.02418023440244311,
        14.112183211253011
      ],
      [
        0.006677162739510936,
        -0.024476713024961155,
        0.999678101199203,
        0.3963727083158517
      ],
      [
        0.0,
        0.0,
        0.0,
        1.0
      ]
    ],
    "location": [
      83.54589316325178,
      14.112183211253011,
      0.3963727083158517
    ],
    "rotation": [
      -0.024479703545389465,
      -0.006677212356835946,
      -3.1002215545182388
    ]
  },
  {
    "label_id": "ViGnKuIITDtLefPMiRM3HA",
    "size": [
      1.7884989346075724,
      3.8648780815574977,
      1.2800000000000011
    ],
    "obj_class": "vehicle",
    "point_num_in_lidar": 46,
    "speed": 1.2694995245107766e-28,
    "if_vehicle": true,
    "motion_state": false,
    "pose": [
      [
        0.9925882086739838,
        -0.12128329544654147,
        0.007681812741737652,
        94.54648735132105
      ],
      [
        0.12143579176232,
        0.9923047237332399,
        -0.02418023440244311,
        -12.265045613719252
      ],
      [
        -0.004690040557462329,
        0.02493386256330083,
        0.999678101199203,
        1.4363735475490387
      ],
      [
        0.0,
        0.0,
        0.0,
        1.0
      ]
    ],
    "location": [
      94.54648735132105,
      -12.265045613719252,
      1.4363735475490387
    ],
    "rotation": [
      0.024936721158119634,
      0.004690057751696749,
      0.12173759735904639
    ]
  },
  {
    "label_id": "WJ02kR_Js_1nz4ry9ukSuw",
    "size": [
      2.068082846525289,
      4.142795328816451,
      1.4499999999999886
    ],
    "obj_class": "vehicle",
    "point_num_in_lidar": 2961,
    "speed": 0.1725599275173362,
    "if_vehicle": true,
    "motion_state": false,
    "pose": [
      [
        -0.9961136498113546,
        0.08774158884191205,
        0.007681812741737652,
        60.99710722845623
      ],
      [
        -0.08790355829119952,
        -0.9958354686914846,
        -0.02418023440244311,
        12.4524672923462
      ],
      [
        0.005528209407028313,
        -0.024761520218037097,
        0.999678101199203,
        0.42359495365309385
      ],
      [
        0.0,
        0.0,
        0.0,
        1.0
      ]
    ],
    "location": [
      60.99710722845623,
      12.4524672923462,
      0.42359495365309385
    ],
    "rotation": [
      -0.024764429761186806,
      -0.0055282375654416216,
      -3.0535741457247334
    ]
  },
  {
    "label_id": "XlvjSYB_MzEeLkgenPAcRQ",
    "size": [
      1.7434011794423288,
      3.7503595634871942,
      1.210000000000008
    ],
    "obj_class": "vehicle",
    "point_num_in_lidar": 47,
    "speed": 0.13838908167764227,
    "if_vehicle": true,
    "motion_state": false,
    "pose": [
      [
        -0.9936440254160859,
        0.11230556757310807,
        0.007681812741737652,
        95.46415208702047
      ],
      [
        -0.11246062029752071,
        -0.9933619305905275,
        -0.02418023440244311,
        -20.13246316666644
      ],
      [
        0.0049152453869502595,
        -0.02489044687309331,
        0.999678101199203,
        2.301373547548991
      ],
      [
        0.0,
        0.0,
        0.0,
        1.0
      ]
    ],
    "location": [
      95.46415208702047,
      -20.13246316666644,
      2.301373547548991
    ],
    "rotation": [
      -0.02489331844170663,
      -0.0049152651789229965,
      -3.028892251109773
    ]
  },
  {
    "label_id": "aFwmS_LxN-2ibTsHMVRa0w",
    "size": [
      0.33730376758813,
      0.08861196967180238,
      0.5
    ],
    "obj_class": "sign",
    "point_num_in_lidar": 25,
    "speed": 0.019131381956763803,
    "if_vehicle": false,
    "motion_state": false,
    "pose": [
      [
        0.0011815702682122788,
        0.9999697963662214,
        0.007681812741737652,
        51.85179600530182
      ],
      [
        -0.9997066807517427,
        0.0013670130124007317,
        -0.02418023440244311,
        17.140423193125073
      ],
      [
        -0.024190005209475316,
        -0.007650988872150662,
        0.999678101199203,
        1.1333403019063155
      ],
      [
        0.0,
        0.0,
        0.0,
        1.0
      ]
    ],
    "location": [
      51.85179600530182,
      17.140423193125073,
      1.1333403019063155
    ],
    "rotation": [
      -0.007653303080071382,
      0.02419236498677289,
      -1.5696144103980443
    ]
  },
  {
    "label_id": "eNNkfbxQJ_QKNxKtMrl5kQ",
    "size": [
      1.8380364869456756,
      4.242712689121765,
      1.3600000000000136
    ],
    "obj_class": "vehicle",
    "point_num_in_lidar": 43,
    "speed": 0.10448815653695905,
    "if_vehicle": true,
    "motion_state": false,
    "pose": [
      [
        -0.9901923670977082,
        0.13949934012187537,
        0.007681812741737652,
        84.09975474402916
      ],
      [
        -0.13964660231628698,
        -0.9899061282393194,
        -0.02418023440244311,
        -24.069779493711223
      ],
      [
        0.004231146765899907,
        -0.0250158225889462,
        0.999678101199203,
        2.0863722505520457
      ],
      [
        0.0,
        0.0,
        0.0,
        1.0
      ]
    ],
    "location": [
      84.09975474402916,
      -24.069779493711223,
      2.0863722505520457
    ],
    "rotation": [
      -0.025018656435594117,
      -0.00423115939075838,
      -3.001486880214214
    ]
  },
  {
    "label_id": "gUZr5WnTDZlzLkJcEjLozg",
    "size": [
      1.9475151742000365,
      4.409887397377804,
      1.3867488165983843
    ],
    "obj_class": "vehicle",
    "point_num_in_lidar": 2028,
    "speed": 1.904249060324648e-29,
    "if_vehicle": true,
    "motion_state": false,
    "pose": [
      [
        0.9965421497794015,
        -0.08273290437335062,
        0.007681812741737652,
        69.08051132179855
      ],
      [
        0.08289627022388253,
        0.996264786413337,
        -0.02418023440244311,
        1.171347051247892
      ],
      [
        -0.005652618509871984,
        0.024733416398428847,
        0.999678101199203,
        0.3516855039482891
      ],
      [
        0.0,
        0.0,
        0.0,
        1.0
      ]
    ],
    "location": [
      69.08051132179855,
      1.171347051247892,
      0.3516855039482891
    ],
    "rotation": [
      0.024736334109986217,
      0.005652648612473044,
      0.08299283496010464
    ]
  },
  {
    "label_id": "hPrIWHZClhmgINdSu7I9HQ",
    "size": [
      2.5000000000000226,
      5.0,
      1.8899999999999864
    ],
    "obj_class": "vehicle",
    "point_num_in_lidar": 23,
    "speed": 1.146518004092713,
    "if_vehicle": true,
    "motion_state": true,
    "pose": [
      [
        -0.9973853008119314,
        0.0718578560582906,
        0.007681812741737652,
        122.79807911363412
      ],
      [
        -0.07202423762615036,
        -0.99710973591607,
        -0.02418023440244311,
        14.48597083522617
      ],
      [
        0.005922070471124248,
        -0.024670287069494236,
        0.999678101199203,
        0.6913733186673596
      ],
      [
        0.0,
        0.0,
        0.0,
        1.0
      ]
    ],
    "location": [
      122.79807911363412,
      14.48597083522617,
      0.6913733186673596
    ],
    "rotation": [
      -0.024673222987316064,
      -0.005922105087079193,
      -3.0695047330047767
    ]
  },
  {
    "label_id": "kE3oOR1I9KfUcj8qqnc7oA",
    "size": [
      2.0913455513372594,
      5.14052396980888,
      2.0
    ],
    "obj_class": "vehicle",
    "point_num_in_lidar": 2292,
    "speed": 0.07568581679822538,
    "if_vehicle": true,
    "motion_state": false,
    "pose": [
      [
        -0.996113649811352,
        0.08774158884194123,
        0.007681812741737652,
        68.12628800597918
      ],
      [
        -0.0879035582912287,
        -0.995835468691482,
        -0.02418023440244311,
        13.037774656126544
      ],
      [
        0.005528209407027587,
        -0.02476152021803726,
        0.999678101199203,
        0.6395203676175925
      ],
      [
        0.0,
        0.0,
        0.0,
        1.0
      ]
    ],
    "location": [
      68.12628800597918,
      13.037774656126544,
      0.6395203676175925
    ],
    "rotation": [
      -0.02476442976118697,
      -0.005528237565440896,
      -3.053574145724704
    ]
  },
  {
    "label_id": "koNr8QHsB4v_CDKS60snIQ",
    "size": [
      0.33730376758812974,
      0.08861196967180238,
      0.46999999999999886
    ],
    "obj_class": "sign",
    "point_num_in_lidar": 24,
    "speed": 0.0040379098296667035,
    "if_vehicle": false,
    "motion_state": false,
    "pose": [
      [
        0.0011815702682225107,
        0.9999697963662214,
        0.007681812741737652,
        58.60645369216547
      ],
      [
        -0.9997066807517427,
        0.0013670130124109495,
        -0.02418023440244311,
        17.59337828344657
      ],
      [
        -0.024190005209475396,
        -0.007650988872150415,
        0.999678101199203,
        0.8413592941406876
      ],
      [
        0.0,
        0.0,
        0.0,
        1.0
      ]
    ],
    "location": [
      58.60645369216547,
      17.59337828344657,
      0.8413592941406876
    ],
    "rotation": [
      -0.007653303080071136,
      0.02419236498677297,
      -1.569614410398034
    ]
  },
  {
    "label_id": "kxcHgdzT0k4G_N-nuOlSxw",
    "size": [
      1.9132181384486178,
      3.842970712096971,
      1.5
    ],
    "obj_class": "vehicle",
    "point_num_in_lidar": 51,
    "speed": 2.1762851036449844e-29,
    "if_vehicle": true,
    "motion_state": false,
    "pose": [
      [
        -0.9954968025343308,
        0.0944833630695085,
        0.007681812741737652,
        83.53838500416623
      ],
      [
        -0.09464344549399724,
        -0.995217531240918,
        -0.02418023440244311,
        -18.780071202761036
      ],
      [
        0.005360444846135322,
        -0.02479837925768048,
        0.999678101199203,
        1.5916924134549788
      ],
      [
        0.0,
        0.0,
        0.0,
        1.0
      ]
    ],
    "location": [
      83.53838500416623,
      -18.780071202761036,
      1.5916924134549788
    ],
    "rotation": [
      -0.02480127802842551,
      -0.005360470517967262,
      -3.0468059766811955
    ]
  },
  {
    "label_id": "mNetYMNfWgsDdRNdiKss4A",
    "size": [
      1.9249407308266895,
      4.068092933622189,
      1.3700000000000045
    ],
    "obj_class": "vehicle",
    "point_num_in_lidar": 21,
    "speed": 0.030750650536903044,
    "if_vehicle": true,
    "motion_state": false,
    "pose": [
      [
        -0.9964504278600153,
        0.08383039168818025,
        0.007681812741737652,
        107.5734430537143
      ],
      [
        -0.08399345196666119,
        -0.9961728847398765,
        -0.02418023440244311,
        15.807740501180305
      ],
      [
        0.00562537503789952,
        -0.024739626885609923,
        0.999678101199203,
        0.42137232684615356
      ],
      [
        0.0,
        0.0,
        0.0,
        1.0
      ]
    ],
    "location": [
      107.5734430537143,
      15.807740501180305,
      0.42137232684615356
    ],
    "rotation": [
      -0.024742542795445657,
      -0.0056254047073415695,
      -3.0574987921386203
    ]
  },
  {
    "label_id": "o111jvb8ao87CQyagOsvnA",
    "size": [
      0.2311595976801392,
      0.08622300807022376,
      0.3199999999999932
    ],
    "obj_class": "sign",
    "point_num_in_lidar": 21,
    "speed": 0.019520717145406475,
    "if_vehicle": false,
    "motion_state": false,
    "pose": [
      [
        0.0011815702696450952,
        0.9999697963662196,
        0.007681812741737652,
        51.85169634576209
      ],
      [
        -0.9997066807517409,
        0.001367013013833169,
        -0.02418023440244311,
        17.14015714532384
      ],
      [
        -0.02419000520948628,
        -0.007650988872116001,
        0.999678101199203,
        1.5713308910357568
      ],
      [
        0.0,
        0.0,
        0.0,
        1.0
      ]
    ],
    "location": [
      51.85169634576209,
      17.14015714532384,
      1.5713308910357568
    ],
    "rotation": [
      -0.007653303080036713,
      0.024192364986783853,
      -1.569614410396611
    ]
  },
  {
    "label_id": "tDH6kie0QuZbzKxrWj2JBg",
    "size": [
      2.01454539112821,
      4.495980776823411,
      1.6100000000000136
    ],
    "obj_class": "vehicle",
    "point_num_in_lidar": 121,
    "speed": 0.0503582330591213,
    "if_vehicle": true,
    "motion_state": false,
    "pose": [
      [
        0.9908384135821294,
        -0.1348340755263679,
        0.007681812741737652,
        84.16727435235362
      ],
      [
        0.13498268424676446,
        0.9905528714903519,
        -0.02418023440244311,
        -26.419517149336286
      ],
      [
        -0.00434892211791511,
        0.024995616799121503,
        0.999678101199203,
        2.441373242373345
      ],
      [
        0.0,
        0.0,
        0.0,
        1.0
      ]
    ],
    "location": [
      84.16727435235362,
      -26.419517149336286,
      2.441373242373345
    ],
    "rotation": [
      0.024998456778155025,
      0.004348935826648699,
      0.13539727503495938
    ]
  },
  {
    "label_id": "vJQ_clDIded5uOENI4I4YQ",
    "size": [
      2.1787278204785756,
      4.716290994184759,
      1.8791319242467068
    ],
    "obj_class": "vehicle",
    "point_num_in_lidar": 8918,
    "speed": 0.33892715763581627,
    "if_vehicle": true,
    "motion_state": false,
    "pose": [
      [
        0.9957702683790687,
        -0.09155633438096253,
        0.007681812741737652,
        63.792736992689356
      ],
      [
        0.09171723713194047,
        0.9954914689122788,
        -0.02418023440244311,
        0.6973634927115313
      ],
      [
        -0.00543332542382134,
        0.02478251314122668,
        0.999678101199203,
        0.567711378218462
      ],
      [
        0.0,
        0.0,
        0.0,
        1.0
      ]
    ],
    "location": [
      63.792736992689356,
      0.6973634927115313,
      0.567711378218462
    ],
    "rotation": [
      0.024785416557246778,
      0.005433352157065903,
      0.09184767425354103
    ]
  },
  {
    "label_id": "xRwpyKJ4OoZj-m2rjG9MqA",
    "size": [
      0.5647919387993372,
      0.09147087482449624,
      0.6371681415929515
    ],
    "obj_class": "sign",
    "point_num_in_lidar": 26,
    "speed": 0.0015794330487907016,
    "if_vehicle": false,
    "motion_state": false,
    "pose": [
      [
        -0.9946952268925303,
        0.10257872757164843,
        0.007681812741737652,
        99.79640864375142
      ],
      [
        -0.1027365327919938,
        -0.9944146625498452,
        -0.02418023440244311,
        17.270124566477108
      ],
      [
        0.005158529547959336,
        -0.024841166551896204,
        0.999678101199203,
        2.8833292478784927
      ],
      [
        0.0,
        0.0,
        0.0,
        1.0
      ]
    ],
    "location": [
      99.79640864375142,
      17.270124566477108,
      2.8833292478784927
    ],
    "rotation": [
      -0.02484405273315426,
      -0.0051585524266790465,
      -3.038673155566389
    ]
  },
  {
    "label_id": "xSESZf13mU1_i7DksyqR2Q",
    "size": [
      1.7434011794423514,
      3.7503595634871942,
      1.210000000000008
    ],
    "obj_class": "vehicle",
    "point_num_in_lidar": 24,
    "speed": 0.05532415572592594,
    "if_vehicle": true,
    "motion_state": false,
    "pose": [
      [
        0.991176992828517,
        -0.13232217743227737,
        0.007681812741737652,
        84.20029506299693
      ],
      [
        0.13247150943504118,
        0.9908918283305423,
        -0.02418023440244311,
        -31.274305684076012
      ],
      [
        -0.0044122642055991436,
        0.02498451334999753,
        0.999678101199203,
        2.6104960183783135
      ],
      [
        0.0,
        0.0,
        0.0,
        1.0
      ]
    ],
    "location": [
      84.20029506299693,
      -31.274305684076012,
      2.6104960183783135
    ],
    "rotation": [
      0.024987356690200437,
      0.00441227852210662,
      0.13286335289372603
    ]
  },
  {
    "label_id": "xVS8fOJBF86-8T0YnGcckA",
    "size": [
      1.8683214202349234,
      4.020142356091427,
      1.4099999999999966
    ],
    "obj_class": "vehicle",
    "point_num_in_lidar": 83,
    "speed": 1.5394943033027436e-29,
    "if_vehicle": true,
    "motion_state": false,
    "pose": [
      [
        0.9968692097600805,
        -0.07869414454273874,
        0.007681812741737652,
        104.265215678569
      ],
      [
        0.07885863295399223,
        0.9965925106445817,
        -0.02418023440244311,
        3.7049032646507243
      ],
      [
        -0.005752794185446702,
        0.024710308411998966,
        0.999678101199203,
        0.4413720979642619
      ],
      [
        0.0,
        0.0,
        0.0,
        1.0
      ]
    ],
    "location": [
      104.265215678569,
      3.7049032646507243,
      0.4413720979642619
    ],
    "rotation": [
      0.02471323281065533,
      0.005752825917028931,
      0.07894190435373952
    ]
  }
]