[
  {
    "label_id": "-CJmjwPI6Q0mh62S9ssgAw",
    "size": [
      1.7466551828369494,
      4.143167420510736,
      1.5699999999999932
    ],
    "obj_class": "vehicle",
    "point_num_in_lidar": 28,
    "speed": 2.220446049250313e-14,
    "if_vehicle": true,
    "motion_state": false,
    "pose": [
      [
        0.9955254710246733,
        -0.09408988108582284,
        0.008725297608569948,
        94.16426961042544
      ],
      [
        0.09431526392929612,
        0.9950717399215621,
        -0.03060822437552247,
        -4.5564450151608185
      ],
      [
        -0.005802372880952051,
        0.03129419573548482,
        0.9994933745564397,
        0.7845313744184921
      ],
      [
        0.0,
        0.0,
        0.0,
        1.0
      ]
    ],
    "location": [
      94.16426961042544,
      -4.5564450151608185,
      0.7845313744184921
    ],
    "rotation": [
      0.031299832931936805,
      0.005802405440040192,
      0.09445724964118128
    ]
  },
  {
    "label_id": "-TktN3WB6zg7mbcqtA_YxQ",
    "size": [
      2.2190962183035032,
      5.258057719348935,
      1.9457144510971034
    ],
    "obj_class": "vehicle",
    "point_num_in_lidar": 9065,
    "speed": 0.1227172467500339,
    "if_vehicle": true,
    "motion_state": false,
    "pose": [
      [
        0.9983888291486033,
        -0.05606794996183484,
        0.008725297608569948,
        52.14376100941115
      ],
      [
        0.05631046705196078,
        0.9979440204244764,
        -0.03060822437552247,
        -0.16966611465801407
      ],
      [
        -0.006991218182188956,
        0.031050234880101547,
        0.9994933745564397,
        0.707203274027961
      ],
      [
        0.0,
        0.0,
        0.0,
        1.0
      ]
    ],
    "location": [
      52.14376100941115,
      -0.16966611465801407,
      0.707203274027961
    ],
    "rotation": [
      0.031055985606758957,
      0.006991275135223569,
      0.05634164682911557
    ]
  },
  {
    "label_id": "-Uk68IlUXVX2NqKU8eqqpQ",
    "size": [
      2.8997645626808914,
      6.3550293086473815,
      4.300000000000011
    ],
    "obj_class": "vehicle",
    "point_num_in_lidar": 390,
    "speed": 1.897149936107019e-14,
    "if_vehicle": true,
    "motion_state": false,
    "pose": [
      [
        0.9975960100256479,
        -0.0687464178161239,
        0.008725297608569948,
        116.96598561310543
      ],
      [
        0.06898326472738099,
        0.9971481563880714,
        -0.03060822437552247,
        7.4565097713621356
      ],
      [
        -0.006596208642793437,
        0.031136542025748157,
        0.9994933745564397,
        1.8254186655443903
      ],
      [
        0.0,
        0.0,
        0.0,
        1.0
      ]
    ],
    "location": [
      116.96598561310543,
      7.4565097713621356,
      1.8254186655443903
    ],
    "rotation": [
      0.031142253012114634,
      0.006596256477201682,
      0.0690395982543899
    ]
  },
  {
    "label_id": "7V3I41HYEccgGPXN1dbm1w",
    "size": [
      0.2237814904748705,
      0.07777568235119064,
      0.30902990718337264
    ],
    "obj_class": "sign",
    "point_num_in_lidar": 23,
    "speed": 0.0028830283940935553,
    "if_vehicle": false,
    "motion_state": false,
    "pose": [
      [
        0.0011815601531525118,
        0.9999612357972915,
        0.008725297608569948,
        58.74981222680742
      ],
      [
        -0.9995304095063254,
        0.0014481273061836206,
        -0.03060822437552247,
        17.592469058599946
      ],
      [
        -0.030619673213829773,
        -0.008685034833477613,
        0.9994933745564397,
        1.395085112234426
      ],
      [
        0.0,
        0.0,
        0.0,
        1.0
      ]
    ],
    "location": [
      58.74981222680742,
      17.592469058599946,
      1.395085112234426
    ],
    "rotation": [
      -0.008689218430855893,
      0.030624459886149136,
      -1.5696142120822816
    ]
  },
  {
    "label_id": "7qjAkzTWMDLeVh79NmZ-dQ",
    "size": [
      0.9860268038019957,
      1.0558502950810307,
      1.6999999999999886
    ],
    "obj_class": "pedestrian",
    "point_num_in_lidar": 67,
    "speed": 1.4355576375949581,
    "if_vehicle": false,
    "motion_state": true,
    "pose": [
      [
        -0.9997575078557919,
        -0.020218671262423972,
        0.008725297608569948,
        72.54751515580949
      ],
      [
        0.019942945136289577,
        -0.9993324849817845,
        -0.03060822437552247,
        -1.8860596498732605
      ],
      [
        0.009338330967953029,
        -0.030426793990057734,
        0.9994933745564397,
        0.5765225226115263
      ],
      [
        0.0,
        0.0,
        0.0,
        1.0
      ]
    ],
    "location": [
      72.54751515580949,
      -1.8860596498732605,
      0.5765225226115263
    ],
    "rotation": [
      -0.030432818126487193,
      -0.009338466697243553,
      3.121647516475568
    ]
  },
  {
    "label_id": "8GBSIuKZfKIUqTUQt4DFvQ",
    "size": [
      1.9687537487994076,
      4.479833154242696,
      1.6599999999999966
    ],
    "obj_class": "vehicle",
    "point_num_in_lidar": 53,
    "speed": 0.13755009048210395,
    "if_vehicle": true,
    "motion_state": false,
    "pose": [
      [
        -0.9949178673757835,
        0.10031104803591973,
        0.008725297608569948,
        83.56625875155044
      ],
      [
        -0.10053359021400109,
        -0.9944627362748495,
        -0.03060822437552247,
        -21.425276730362953
      ],
      [
        0.005606640269003628,
        -0.03132985481412946,
        0.9994933745564397,
        2.0663724794338805
      ],
      [
        0.0,
        0.0,
        0.0,
        1.0
      ]
    ],
    "location": [
      83.56625875155044,
      -21.425276730362953,
      2.0663724794338805
    ],
    "rotation": [
      -0.031335475104979894,
      -0.0056066696429954,
      -3.040887351415666
    ]
  },
  {
    "label_id": "92Ylj-kmScTI3SbTsEi34Q",
    "size": [
      2.3035025746619144,
      4.824207576419324,
      1.8880545684315848
    ],
    "obj_class": "vehicle",
    "point_num_in_lidar": 79,
    "speed": 1.759420263150796e-29,
    "if_vehicle": true,
    "motion_state": false,
    "pose": [
      [
        0.9975458169131619,
        -0.0694709460184193,
        0.008725297608569948,
        83.17534411701718
      ],
      [
        0.06970746759454437,
        0.997097791373611,
        -0.03060822437552247,
        -13.4565598530302
      ],
      [
        -0.006573592671270959,
        0.03114132458924406,
        0.9994933745564397,
        1.4676647955213298
      ],
      [
        0.0,
        0.0,
        0.0,
        1.0
      ]
    ],
    "location": [
      83.17534411701718,
      -13.4565598530302,
      1.4676647955213298
    ],
    "rotation": [
      0.03114703335992308,
      0.006573640015338147,
      0.06976555417185602
    ]
  },
  {
    "label_id": "BOk7wftIowzDn3hlyO4s8g",
    "size": [
      2.1402781959457338,
      4.608048584790058,
      1.8700000000000045
    ],
    "obj_class": "vehicle",
    "point_num_in_lidar": 103,
    "speed": 0.07937282119481938,
    "if_vehicle": true,
    "motion_state": false,
    "pose": [
      [
        -0.9954882802579258,
        0.09448255421377545,
        0.008725297608569948,
        83.29954385034375
      ],
      [
        -0.0947077580675667,
        -0.9950344602888851,
        -0.03060822437552247,
        -16.072229869259957
      ],
      [
        0.005790028577855594,
        -0.03129648202031755,
        0.9994933745564397,
        1.6966920797371472
      ],
      [
        0.0,
        0.0,
        0.0,
        1.0
      ]
    ],
    "location": [
      83.29954385034375,
      -16.072229869259957,
      1.6966920797371472
    ],
    "rotation": [
      -0.03130211813525311,
      -0.005790060929579181,
      -3.0467411451240287
    ]
  },
  {
    "label_id": "EKbHTcx2VGWx8CSDOMujpg",
    "size": [
      2.1189626550484073,
      4.581618389407152,
      1.6779523893837904
    ],
    "obj_class": "vehicle",
    "point_num_in_lidar": 73,
    "speed": 1.3195686359821747e-30,
    "if_vehicle": true,
    "motion_state": false,
    "pose": [
      [
        0.9983597881686607,
        -0.0565827053919178,
        0.008725297608569948,
        82.01612523619485
      ],
      [
        0.05682499310928098,
        0.9979148544633994,
        -0.03060822437552247,
        -3.1107001051663588
      ],
      [
        -0.006975207950796022,
        0.031053835380248862,
        0.9994933745564397,
        0.5306845995616811
      ],
      [
        0.0,
        0.0,
        0.0,
        1.0
      ]
    ],
    "location": [
      82.01612523619485,
      -3.1107001051663588,
      0.5306845995616811
    ],
    "rotation": [
      0.03105958445830047,
      0.0069752645134446,
      0.05685700436258521
    ]
  },
  {
    "label_id": "Ga8vVYz55cr0VoklMBg4Nw",
    "size": [
      2.101288378888583,
      5.006721862458587,
      2.469999999999999
    ],
    "obj_class": "vehicle",
    "point_num_in_lidar": 106,
    "speed": 0.0014888868831994053,
    "if_vehicle": true,
    "motion_state": false,
    "pose": [
      [
        -0.996441897419786,
        0.08382967403073008,
        0.008725297608569948,
        101.3847892289383
      ],
      [
        -0.08405971893933059,
        -0.9959905121297181,
        -0.03060822437552247,
        15.562623994988328
      ],
      [
        0.006124436161584293,
        -0.031232763238034554,
        0.9994933745564397,
        0.941373318667388
      ],
      [
        0.0,
        0.0,
        0.0,
        1.0
      ]
    ],
    "location": [
      101.3847892289383,
      15.562623994988328,
      0.941373318667388
    ],
    "rotation": [
      -0.031238429372476582,
      -0.006124474448855664,
      -3.0574320415761598
    ]
  },
  {
    "label_id": "HIko6-fK5hHb4g5v7PVLew",
    "size": [
      1.8162157217575199,
      4.070324299453466,
      1.2800000000000011
    ],
    "obj_class": "vehicle",
    "point_num_in_lidar": 58,
    "speed": 0.024695483274533542,
    "if_vehicle": true,
    "motion_state": false,
    "pose": [
      [
        0.9925797112975533,
        -0.12128225716116706,
        0.008725297608569948,
        94.78090507456125
      ],
      [
        0.12149514616985223,
        0.9921199857163163,
        -0.03060822437552247,
        -14.989992927466574
      ],
      [
        -0.0049443075988262085,
        0.03144118382231549,
        0.9994933745564397,
        1.7063735475490773
      ],
      [
        0.0,
        0.0,
        0.0,
        1.0
      ]
    ],
    "location": [
      94.78090507456125,
      -14.989992927466574,
      1.7063735475490773
    ],
    "rotation": [
      0.03144675082036455,
      0.0049443277439514596,
      0.12179754512183313
    ]
  },
  {
    "label_id": "HLHTpMbBSXiAzDkKL7CorQ",
    "size": [
      1.774167986570773,
      3.888164446010762,
      1.4000000000000057
    ],
    "obj_class": "vehicle",
    "point_num_in_lidar": 20,
    "speed": 5.691449808321057e-14,
    "if_vehicle": true,
    "motion_state": false,
    "pose": [
      [
        0.9968606757347399,
        -0.07869347085571679,
        0.008725297608569948,
        114.88073479694367
      ],
      [
        0.07892583889043334,
        0.996410481958123,
        -0.03060822437552247,
        4.600214628220897
      ],
      [
        -0.006285310582542823,
        0.031200786667348938,
        0.9994933745564397,
        0.5063727846098232
      ],
      [
        0.0,
        0.0,
        0.0,
        1.0
      ]
    ],
    "location": [
      114.88073479694367,
      4.600214628220897,
      0.5063727846098232
    ],
    "rotation": [
      0.031206467771186873,
      0.0062853519669462165,
      0.07900957532056302
    ]
  },
  {
    "label_id": "IVW-Adl1uVdcbpaNAxmNrA",
    "size": [
      1.795146936326604,
      4.085098999815888,
      1.5500000000000114
    ],
    "obj_class": "vehicle",
    "point_num_in_lidar": 26,
    "speed": 7.86838421185691e-30,
    "if_vehicle": true,
    "motion_state": false,
    "pose": [
      [
        -0.9991135113984567,
        0.04118325536777753,
        0.008725297608569948,
        90.8686292548565
      ],
      [
        -0.041432374279419384,
        -0.9986723661752875,
        -0.03060822437552247,
        14.805386809866235
      ],
      [
        0.007453167287522754,
        -0.03094260032971768,
        0.9994933745564397,
        0.6013725557278917
      ],
      [
        0.0,
        0.0,
        0.0,
        1.0
      ]
    ],
    "location": [
      90.8686292548565,
      14.805386809866235,
      0.6013725557278917
    ],
    "rotation": [
      -0.03094839996915501,
      -0.007453236292785445,
      -3.100147264238984
    ]
  },
  {
    "label_id": "Ji9qNAyVM781UZPbq91ksQ",
    "size": [
      2.153076778214884,
      4.794953077068618,
      1.5705168509874454
    ],
    "obj_class": "vehicle",
    "point_num_in_lidar": 3743,
    "speed": 0.10578876772151971,
    "if_vehicle": true,
    "motion_state": false,
    "pose": [
      [
        -0.9989391541020639,
        0.04521543523504824,
        0.008725297608569948,
        49.21158147829169
      ],
      [
        -0.045462771614341216,
        -0.9984970070048883,
        -0.03060822437552247,
        11.661333547181698
      ],
      [
        0.0073282193604727415,
        -0.03097242997869616,
        0.9994933745564397,
        0.5056999716714188
      ],
      [
        0.0,
        0.0,
        0.0,
        1.0
      ]
    ],
    "location": [
      49.21158147829169,
      11.661333547181698,
      0.5056999716714188
    ],
    "rotation": [
      -0.0309782161344241,
      -0.007328284953039765,
      -3.09611298444836
    ]
  },
  {
    "label_id": "Q45qOQ6Sw52_SfUE9vEVug",
    "size": [
      1.982071761725593,
      4.160475567186468,
      1.460000000000008
    ],
    "obj_class": "vehicle",
    "point_num_in_lidar": 160,
    "speed": 0.017989149103271897,
    "if_vehicle": true,
    "motion_state": false,
    "pose": [
      [
        0.9974130447154937,
        -0.07135185640899788,
        0.008725297608569948,
        93.85866270442511
      ],
      [
        0.07158753274003805,
        0.9969645739728025,
        -0.03060822437552247,
        -2.248006732037368
      ],
      [
        -0.006514858982537183,
        0.031153664795944933,
        0.9994933745564397,
        0.546372021670237
      ],
      [
        0.0,
        0.0,
        0.0,
        1.0
      ]
    ],
    "location": [
      93.85866270442511,
      -2.248006732037368,
      0.546372021670237
    ],
    "rotation": [
      0.03115936784301978,
      0.006514905068864867,
      0.07165034234405894
    ]
  },
  {
    "label_id": "RQk7gQTbuU86pW7OGRO9mA",
    "size": [
      2.0643344717405743,
      4.21803561067237,
      1.4833326921443302
    ],
    "obj_class": "vehicle",
    "point_num_in_lidar": 4486,
    "speed": 0.16687736188936128,
    "if_vehicle": true,
    "motion_state": false,
    "pose": [
      [
        0.9965345549191441,
        -0.08272091654318844,
        0.008725297608569948,
        58.05325478551299
      ],
      [
        0.08295146354980852,
        0.9960834258713084,
        -0.03060822437552247,
        0.1266571843122506
      ],
      [
        -0.0061591839595883085,
        0.0312259294614651,
        0.9994933745564397,
        0.43118808698076805
      ],
      [
        0.0,
        0.0,
        0.0,
        1.0
      ]
    ],
    "location": [
      58.05325478551299,
      0.1266571843122506,
      0.43118808698076805
    ],
    "rotation": [
      0.031231598800408416,
      0.006159222902255248,
      0.08304846896545831
    ]
  },
  {
    "label_id": "VB-58XURwVRpb2EmYLe7Yw",
    "size": [
      1.9608529155743193,
      4.521745131018506,
      1.6200000000000045
    ],
    "obj_class": "vehicle",
    "point_num_in_lidar": 100,
    "speed": 7.037682614159538e-30,
    "if_vehicle": true,
    "motion_state": false,
    "pose": [
      [
        -0.9991135113984553,
        0.04118325536781303,
        0.008725297608569948,
        83.54589316325189
      ],
      [
        -0.041432374279454856,
        -0.9986723661752861,
        -0.03060822437552247,
        14.112183211252983
      ],
      [
        0.007453167287521654,
        -0.030942600329717948,
        0.9994933745564397,
        0.3963727083158517
      ],
      [
        0.0,
        0.0,
        0.0,
        1.0
      ]
    ],
    "location": [
      83.54589316325189,
      14.112183211252983,
      0.3963727083158517
    ],
    "rotation": [
      -0.03094839996915528,
      -0.007453236292784346,
      -3.1001472642389483
    ]
  },
  {
    "label_id": "ViGnKuIITDtLefPMiRM3HA",
    "size": [
      1.7884989346075746,
      3.8648780815574977,
      1.2800000000000011
    ],
    "obj_class": "vehicle",
    "point_num_in_lidar": 22,
    "speed": 7.160723346098895e-14,
    "if_vehicle": true,
    "motion_state": false,
    "pose": [
      [
        0.9925797112975522,
        -0.12128225716117588,
        0.008725297608569948,
        94.54648735132116
      ],
      [
        0.12149514616986105,
        0.9921199857163153,
        -0.03060822437552247,
        -12.26504561371928
      ],
      [
        -0.004944307598825929,
        0.03144118382231553,
        0.9994933745564397,
        1.436373547549067
      ],
      [
        0.0,
        0.0,
        0.0,
        1.0
      ]
    ],
    "location": [
      94.54648735132116,
      -12.26504561371928,
      1.436373547549067
    ],
    "rotation": [
      0.03144675082036459,
      0.00494432774395118,
      0.12179754512184203
    ]
  },
  {
    "label_id": "WJ02kR_Js_1nz4ry9ukSuw",
    "size": [
      2.0680828465252903,
      4.142795328816451,
      1.4499999999999886
    ],
    "obj_class": "vehicle",
    "point_num_in_lidar": 1002,
    "speed": 0.07263616308884302,
    "if_vehicle": true,
    "motion_state": false,
    "pose": [
      [
        -0.9961051222542302,
        0.08774083770130628,
        0.008725297608569948,
        60.89788782086407
      ],
      [
        -0.08796910879877508,
        -0.9956528373372553,
        -0.03060822437552247,
        12.467129170235012
      ],
      [
        0.006001776073326753,
        -0.0312565657381947,
        0.9994933745564397,
        0.43137255572804634
      ],
      [
        0.0,
        0.0,
        0.0,
        1.0
      ]
    ],
    "location": [
      60.89788782086407,
      12.467129170235012,
      0.43137255572804634
    ],
    "rotation": [
      -0.03126222068837491,
      -0.0060018121058896135,
      -3.0535080981679195
    ]
  },
  {
    "label_id": "Xbw6pFmkQlZzShwDh1kA-w",
    "size": [
      0.5283680437403465,
      0.0917780648195321,
      0.5200000000000102
    ],
    "obj_class": "sign",
    "point_num_in_lidar": 114,
    "speed": 0.02718888391038809,
    "if_vehicle": false,
    "motion_state": false,
    "pose": [
      [
        0.9994469583215027,
        0.03208810813273678,
        0.008725297608569948,
        49.840561487255854
      ],
      [
        -0.03180735483228323,
        0.9990252393103745,
        -0.03060822437552247,
        13.826756957891192
      ],
      [
        -0.009698952544968666,
        0.03031376811468495,
        0.9994933745564397,
        2.50669271994272
      ],
      [
        0.0,
        0.0,
        0.0,
        1.0
      ]
    ],
    "location": [
      49.840561487255854,
      13.826756957891192,
      2.50669271994272
    ],
    "rotation": [
      0.030319839272587308,
      0.00969910461430052,
      -0.03181421748396255
    ]
  },
  {
    "label_id": "aFwmS_LxN-2ibTsHMVRa0w",
    "size": [
      0.33730376758812963,
      0.08861196967180238,
      0.5
    ],
    "obj_class": "sign",
    "point_num_in_lidar": 48,
    "speed": 0.02360491550248611,
    "if_vehicle": false,
    "motion_state": false,
    "pose": [
      [
        0.0011815601530032992,
        0.9999612357972916,
        0.008725297608569948,
        51.83652703167627
      ],
      [
        -0.9995304095063258,
        0.001448127306034482,
        -0.03060822437552247,
        17.128330269792585
      ],
      [
        -0.03061967321382848,
        -0.008685034833482184,
        0.9994933745564397,
        1.1391084931107969
      ],
      [
        0.0,
        0.0,
        0.0,
        1.0
      ]
    ],
    "location": [
      51.83652703167627,
      17.128330269792585,
      1.1391084931107969
    ],
    "rotation": [
      -0.008689218430860466,
      0.03062445988614784,
      -1.5696142120824308
    ]
  },
  {
    "label_id": "eNNkfbxQJ_QKNxKtMrl5kQ",
    "size": [
      1.8380364869456776,
      4.242712689121765,
      1.3600000000000136
    ],
    "obj_class": "vehicle",
    "point_num_in_lidar": 48,
    "speed": 0.10448815653694075,
    "if_vehicle": true,
    "motion_state": false,
    "pose": [
      [
        -0.9901838902316638,
        0.1394981458920879,
        0.008725297608569948,
        84.03967609795143
      ],
      [
        -0.1397025525707844,
        -0.9897203309045363,
        -0.03060822437552247,
        -24.02805089218637
      ],
      [
        0.004365813886960015,
        -0.03152671703309546,
        0.9994933745564397,
        2.086372250552074
      ],
      [
        0.0,
        0.0,
        0.0,
        1.0
      ]
    ],
    "location": [
      84.03967609795143,
      -24.02805089218637,
      2.086372250552074
    ],
    "rotation": [
      -0.03153224255767162,
      -0.004365827756055192,
      -3.0014302938879034
    ]
  },
  {
    "label_id": "gUZr5WnTDZlzLkJcEjLozg",
    "size": [
      1.9475151742000372,
      4.409887397377804,
      1.3867488165983843
    ],
    "obj_class": "vehicle",
    "point_num_in_lidar": 501,
    "speed": 1.7763568394002505e-14,
    "if_vehicle": true,
    "motion_state": false,
    "pose": [
      [
        0.9965336185539628,
        -0.08273219611122727,
        0.008725297608569948,
        69.08051132179878
      ],
      [
        0.08296273801159401,
        0.9960824868966411,
        -0.03060822437552247,
        1.1713470512478352
      ],
      [
        -0.006158830519205498,
        0.031225999174023994,
        0.9994933745564397,
        0.3710719459518259
      ],
      [
        0.0,
        0.0,
        0.0,
        1.0
      ]
    ],
    "location": [
      69.08051132179878,
      1.1713470512478352,
      0.3710719459518259
    ],
    "rotation": [
      0.031231668480292345,
      0.0061588694551686545,
      0.08305978245823703
    ]
  },
  {
    "label_id": "kE3oOR1I9KfUcj8qqnc7oA",
    "size": [
      2.09134555133726,
      5.14052396980888,
      2.0
    ],
    "obj_class": "vehicle",
    "point_num_in_lidar": 978,
    "speed": 0.05318671262938548,
    "if_vehicle": true,
    "motion_state": false,
    "pose": [
      [
        -0.9961051222542279,
        0.08774083770133283,
        0.008725297608569948,
        68.1067916512958
      ],
      [
        -0.08796910879880161,
        -0.995652837337253,
        -0.03060822437552247,
        13.073960334957675
      ],
      [
        0.00600177607332592,
        -0.03125656573819486,
        0.9994933745564397,
        0.639520367617564
      ],
      [
        0.0,
        0.0,
        0.0,
        1.0
      ]
    ],
    "location": [
      68.1067916512958,
      13.073960334957675,
      0.639520367617564
    ],
    "rotation": [
      -0.03126222068837507,
      -0.006001812105888781,
      -3.053508098167893
    ]
  },
  {
    "label_id": "koNr8QHsB4v_CDKS60snIQ",
    "size": [
      0.3373037675881305,
      0.08861196967180238,
      0.46999999999999886
    ],
    "obj_class": "sign",
    "point_num_in_lidar": 27,
    "speed": 0.0022141514115217578,
    "if_vehicle": false,
    "motion_state": false,
    "pose": [
      [
        0.0011815601530037433,
        0.9999612357972916,
        0.008725297608569948,
        58.60645369216559
      ],
      [
        -0.9995304095063257,
        0.0014481273060349242,
        -0.03060822437552247,
        17.593378283446597
      ],
      [
        -0.030619673213828483,
        -0.00868503483348217,
        0.9994933745564397,
        0.8576928896609104
      ],
      [
        0.0,
        0.0,
        0.0,
        1.0
      ]
    ],
    "location": [
      58.60645369216559,
      17.593378283446597,
      0.8576928896609104
    ],
    "rotation": [
      -0.008689218430860452,
      0.030624459886147842,
      -1.5696142120824303
    ]
  },
  {
    "label_id": "kxcHgdzT0k4G_N-nuOlSxw",
    "size": [
      1.9132181384486164,
      3.842970712096971,
      1.5
    ],
    "obj_class": "vehicle",
    "point_num_in_lidar": 62,
    "speed": 2.7203539473679504e-30,
    "if_vehicle": true,
    "motion_state": false,
    "pose": [
      [
        -0.9954882802579293,
        0.09448255421373832,
        0.008725297608569948,
        83.53838500416657
      ],
      [
        -0.09470775806752958,
        -0.9950344602888886,
        -0.03060822437552247,
        -18.780071202761036
      ],
      [
        0.005790028577856762,
        -0.03129648202031733,
        0.9994933745564397,
        1.53169207973707
      ],
      [
        0.0,
        0.0,
        0.0,
        1.0
      ]
    ],
    "location": [
      83.53838500416657,
      -18.780071202761036,
      1.53169207973707
    ],
    "rotation": [
      -0.031302118135252896,
      -0.005790060929580348,
      -3.046741145124066
    ]
  },
  {
    "label_id": "o111jvb8ao87CQyagOsvnA",
    "size": [
      0.23115959768014013,
      0.08622300807022376,
      0.3199999999999932
    ],
    "obj_class": "sign",
    "point_num_in_lidar": 21,
    "speed": 0.024620995954535832,
    "if_vehicle": false,
    "motion_state": false,
    "pose": [
      [
        0.0011815601544307728,
        0.9999612357972899,
        0.008725297608569948,
        51.83720954713942
      ],
      [
        -0.9995304095063237,
        0.0014481273074613463,
        -0.03060822437552247,
        17.12703351913271
      ],
      [
        -0.030619673213840876,
        -0.008685034833438472,
        0.9994933745564397,
        1.5791084931106525
      ],
      [
        0.0,
        0.0,
        0.0,
        1.0
      ]
    ],
    "location": [
      51.83720954713942,
      17.12703351913271,
      1.5791084931106525
    ],
    "rotation": [
      -0.008689218430816735,
      0.030624459886160242,
      -1.5696142120810026
    ]
  },
  {
    "label_id": "tDH6kie0QuZbzKxrWj2JBg",
    "size": [
      2.014545391128207,
      4.495980776823411,
      1.6100000000000136
    ],
    "obj_class": "vehicle",
    "point_num_in_lidar": 93,
    "speed": 0.050358233059123805,
    "if_vehicle": true,
    "motion_state": false,
    "pose": [
      [
        0.9908299311853923,
        -0.13483292123510632,
        0.008725297608569948,
        84.13368981367034
      ],
      [
        0.13503950896947595,
        0.9903673397370596,
        -0.03060822437552247,
        -26.430237677060973
      ],
      [
        -0.004514253474642265,
        0.031505804756379804,
        0.9994933745564397,
        2.441373242373402
      ],
      [
        0.0,
        0.0,
        0.0,
        1.0
      ]
    ],
    "location": [
      84.13368981367034,
      -26.430237677060973,
      2.441373242373402
    ],
    "rotation": [
      0.031511340463468984,
      0.004514268807056895,
      0.13545472525843094
    ]
  },
  {
    "label_id": "vJQ_clDIded5uOENI4I4YQ",
    "size": [
      2.1787278204785756,
      4.716290994184759,
      1.8791319242467068
    ],
    "obj_class": "vehicle",
    "point_num_in_lidar": 3128,
    "speed": 0.1105921882813657,
    "if_vehicle": true,
    "motion_state": false,
    "pose": [
      [
        0.9957617437615734,
        -0.09155555058297826,
        0.008725297608569948,
        63.66307181064178
      ],
      [
        0.09178208763036531,
        0.9953085878212795,
        -0.03060822437552247,
        0.6095653900733566
      ],
      [
        -0.005882010806037847,
        0.03127932490732654,
        0.9994933745564397,
        0.5808014637168526
      ],
      [
        0.0,
        0.0,
        0.0,
        1.0
      ]
    ],
    "location": [
      63.66307181064178,
      0.6095653900733566,
      0.5808014637168526
    ],
    "rotation": [
      0.03128496913037485,
      0.005882044724251021,
      0.09191303440158922
    ]
  },
  {
    "label_id": "xVS8fOJBF86-8T0YnGcckA",
    "size": [
      1.868321420234923,
      4.020142356091427,
      1.4099999999999966
    ],
    "obj_class": "vehicle",
    "point_num_in_lidar": 64,
    "speed": 1.831026719408895e-14,
    "if_vehicle": true,
    "motion_state": false,
    "pose": [
      [
        0.9968606757347379,
        -0.07869347085574203,
        0.008725297608569948,
        104.26521567856923
      ],
      [
        0.07892583889045855,
        0.996410481958121,
        -0.03060822437552247,
        3.70490326465071
      ],
      [
        -0.0062853105825420325,
        0.031200786667349097,
        0.9994933745564397,
        0.44137209796429033
      ],
      [
        0.0,
        0.0,
        0.0,
        1.0
      ]
    ],
    "location": [
      104.26521567856923,
      3.70490326465071,
      0.44137209796429033
    ],
    "rotation": [
      0.031206467771187033,
      0.006285351966945426,
      0.07900957532058832
    ]
  }
]