[
  {
    "label_id": "-kZBe1CSBNx4Vln1QEyrHA",
    "size": [
      2.153597138417444,
      4.662434529255965,
      1.5800000000000125
    ],
    "obj_class": "vehicle",
    "point_num_in_lidar": 311,
    "speed": 0.007861335374137194,
    "if_vehicle": true,
    "motion_state": false,
    "pose": [
      [
        -0.05715543203233386,
        -0.99831488761159,
        0.010032036794969959,
        10.100579702076857
      ],
      [
        0.9977937353745729,
        -0.05745979453003487,
        -0.03325708435541128,
        -12.337397468581202
      ],
      [
        0.03377748120351831,
        0.00810908044259893,
        0.9993964801708687,
        1.1036540651271878
      ],
      [
        0.0,
        0.0,
        0.0,
        1.0
      ]
    ],
    "location": [
      10.100579702076857,
      -12.337397468581202,
      1.1036540651271878
    ],
    "rotation": [
      0.008113799330239967,
      -0.033783907394070854,
      1.6280156095768947
    ]
  },
  {
    "label_id": "004tDnXYniPAfSyhfxtVgg",
    "size": [
      2.3134237013329377,
      4.899153226705302,
      1.5648355270341767
    ],
    "obj_class": "vehicle",
    "point_num_in_lidar": 53,
    "speed": 2.220446049250313e-14,
    "if_vehicle": true,
    "motion_state": false,
    "pose": [
      [
        0.9994428888224275,
        -0.031831905692643055,
        0.010032036794969959,
        -5.9126093755407965
      ],
      [
        0.03214938049810556,
        0.9989296189791176,
        -0.03325708435541128,
        32.19280053484681
      ],
      [
        -0.008962662320370102,
        0.033561080230075896,
        0.9993964801708687,
        0.1644357083208945
      ],
      [
        0.0,
        0.0,
        0.0,
        1.0
      ]
    ],
    "location": [
      -5.9126093755407965,
      32.19280053484681,
      0.1644357083208945
    ],
    "rotation": [
      0.033568732467915585,
      0.008962782318796639,
      0.03215621326387221
    ]
  },
  {
    "label_id": "5oX9fmLl0Z74-llNDr8wpg",
    "size": [
      2.0139788798168063,
      4.430995565915478,
      1.8100000000000023
    ],
    "obj_class": "vehicle",
    "point_num_in_lidar": 2421,
    "speed": 0.0058330108156197545,
    "if_vehicle": true,
    "motion_state": false,
    "pose": [
      [
        -0.9953702328809892,
        0.09559005038281844,
        0.010032036794969959,
        -1.9907836695936112
      ],
      [
        -0.09587410046597379,
        -0.9948377371209928,
        -0.03325708435541128,
        -12.389603375588536
      ],
      [
        0.006801202414703042,
        -0.034064924303347725,
        0.9993964801708687,
        1.1508139947060556
      ],
      [
        0.0,
        0.0,
        0.0,
        1.0
      ]
    ],
    "location": [
      -1.9907836695936112,
      -12.389603375588536,
      1.1508139947060556
    ],
    "rotation": [
      -0.03407230435514556,
      -0.006801254848932564,
      -3.045568837900905
    ]
  },
  {
    "label_id": "6OjFlL7Q_guovcwo3zdcBQ",
    "size": [
      2.155029449602778,
      4.70536948148588,
      1.755650015166566
    ],
    "obj_class": "vehicle",
    "point_num_in_lidar": 97,
    "speed": 0.003916324846491328,
    "if_vehicle": true,
    "motion_state": false,
    "pose": [
      [
        -0.07461363337419409,
        -0.9971620550103407,
        0.010032036794969959,
        7.227949817660601
      ],
      [
        0.9966356572900442,
        -0.07490883097618531,
        -0.03325708435541128,
        22.69844320282874
      ],
      [
        0.03391419072811545,
        0.007516853685923489,
        0.9993964801708687,
        0.6592886479915592
      ],
      [
        0.0,
        0.0,
        0.0,
        1.0
      ]
    ],
    "location": [
      7.227949817660601,
      22.69844320282874,
      0.6592886479915592
    ],
    "rotation": [
      0.007521251168761356,
      -0.03392069528927012,
      1.6455224320542299
    ]
  },
  {
    "label_id": "6_1JJIYW81d3Ggc94_e4oQ",
    "size": [
      2.1065520253788166,
      4.845271544164966,
      1.4721932968977
    ],
    "obj_class": "vehicle",
    "point_num_in_lidar": 163,
    "speed": 0.004468499370658399,
    "if_vehicle": true,
    "motion_state": false,
    "pose": [
      [
        0.9994257832325382,
        -0.032364518346054215,
        0.010032036794969959,
        23.34886011349738
      ],
      [
        0.03268171957771662,
        0.9989123442753226,
        -0.03325708435541128,
        -2.2109862652660013
      ],
      [
        -0.008944775875962752,
        0.03356585179326406,
        0.9993964801708687,
        0.6915487787617565
      ],
      [
        0.0,
        0.0,
        0.0,
        1.0
      ]
    ],
    "location": [
      23.34886011349738,
      -2.2109862652660013,
      0.6915487787617565
    ],
    "rotation": [
      0.03357350153370279,
      0.00894489515737599,
      0.03268884843164954
    ]
  },
  {
    "label_id": "7smZ5cUZsVHoEo6NaA-_8A",
    "size": [
      2.060188482654642,
      4.5995315342593805,
      1.5218057153942368
    ],
    "obj_class": "vehicle",
    "point_num_in_lidar": 128,
    "speed": 3.4804713090051482,
    "if_vehicle": true,
    "motion_state": true,
    "pose": [
      [
        0.07015631828759517,
        0.9974855634253933,
        0.010032036794969959,
        2.4598374307579434
      ],
      [
        -0.9969604902752038,
        0.07045386554620284,
        -0.03325708435541128,
        17.563634856514497
      ],
      [
        -0.03388025729765063,
        -0.007668349726216497,
        0.9993964801708687,
        0.6488253095602374
      ],
      [
        0.0,
        0.0,
        0.0,
        1.0
      ]
    ],
    "location": [
      2.4598374307579434,
      17.563634856514497,
      0.6488253095602374
    ],
    "rotation": [
      -0.007672829946132507,
      0.03388674234686172,
      -1.5005419306341292
    ]
  },
  {
    "label_id": "9dK1E7yukLqZV3xaj_wIig",
    "size": [
      2.095558623976753,
      4.606271177782434,
      1.8262575940847512
    ],
    "obj_class": "vehicle",
    "point_num_in_lidar": 460,
    "speed": 0.00514231023139856,
    "if_vehicle": true,
    "motion_state": false,
    "pose": [
      [
        -0.016808377918350992,
        -0.9998083999794652,
        0.010032036794969959,
        10.886667732942783
      ],
      [
        0.9992999592087463,
        -0.017133530446905704,
        -0.03325708435541128,
        -22.231577801649593
      ],
      [
        0.033422596505236955,
        0.009466016317685889,
        0.9993964801708687,
        2.380390776363356
      ],
      [
        0.0,
        0.0,
        0.0,
        1.0
      ]
    ],
    "location": [
      10.886667732942783,
      -22.231577801649593,
      2.380390776363356
    ],
    "rotation": [
      0.009471449463304183,
      -0.03342882219835995,
      1.5876148935367442
    ]
  },
  {
    "label_id": "ASh_4SoPlz5qkwL5QzxKGw",
    "size": [
      2.0609696780805455,
      5.122046726895162,
      1.7199999999999989
    ],
    "obj_class": "vehicle",
    "point_num_in_lidar": 82,
    "speed": 0.03527826655290812,
    "if_vehicle": true,
    "motion_state": false,
    "pose": [
      [
        0.9884842899605791,
        -0.15099061804918296,
        0.010032036794969959,
        -1.5472072318573282
      ],
      [
        0.15124450796611785,
        0.9879367718382912,
        -0.03325708435541128,
        -27.403282900016762
      ],
      [
        -0.004889510324848215,
        0.034391395884171026,
        0.9993964801708687,
        2.8342333454785376
      ],
      [
        0.0,
        0.0,
        0.0,
        1.0
      ]
    ],
    "location": [
      -1.5472072318573282,
      -27.403282900016762,
      2.8342333454785376
    ],
    "rotation": [
      0.034398590356416826,
      0.004889529807565322,
      0.15182897178507493
    ]
  },
  {
    "label_id": "B9tn9-kjeoeV8sqY20oAJw",
    "size": [
      0.7410014254288284,
      0.0564697773877908,
      0.7199999999999989
    ],
    "obj_class": "sign",
    "point_num_in_lidar": 184,
    "speed": 0.007380279198826295,
    "if_vehicle": false,
    "motion_state": false,
    "pose": [
      [
        -0.036343092266516344,
        -0.9992890161921385,
        0.010032036794969959,
        -6.675453261896564
      ],
      [
        0.9987743184887272,
        -0.0366582469241974,
        -0.03325708435541128,
        12.749436654060531
      ],
      [
        0.03360119598892054,
        0.008811075427705924,
        0.9993964801708687,
        2.621678202112264
      ],
      [
        0.0,
        0.0,
        0.0,
        1.0
      ]
    ],
    "location": [
      -6.675453261896564,
      12.749436654060531,
      2.621678202112264
    ],
    "rotation": [
      0.008816167878915928,
      -0.033607522054656364,
      1.6071679716500291
    ]
  },
  {
    "label_id": "ESbEQaOTeTHhYC0unOGdsQ",
    "size": [
      1.9232519189919808,
      4.1528109903756585,
      1.5148355270341654
    ],
    "obj_class": "vehicle",
    "point_num_in_lidar": 25,
    "speed": 0.006094265730291003,
    "if_vehicle": true,
    "motion_state": false,
    "pose": [
      [
        0.9977964889609027,
        -0.06558601112310318,
        0.010032036794969959,
        -6.132399037477967
      ],
      [
        0.06588596066675631,
        0.997272784411164,
        -0.03325708435541128,
        37.648932449760665
      ],
      [
        -0.007823477763378953,
        0.03384477238458679,
        0.9993964801708687,
        0.3948584955145975
      ],
      [
        0.0,
        0.0,
        0.0,
        1.0
      ]
    ],
    "location": [
      -6.132399037477967,
      37.648932449760665,
      0.3948584955145975
    ],
    "rotation": [
      0.033852273478045036,
      0.00782355757392262,
      0.06593574289378039
    ]
  },
  {
    "label_id": "FJYkxRLHRb93ZMGg32MbWQ",
    "size": [
      2.2091201469361654,
      4.612479673477537,
      1.9199999999999875
    ],
    "obj_class": "vehicle",
    "point_num_in_lidar": 1535,
    "speed": 0.027406975534848235,
    "if_vehicle": true,
    "motion_state": false,
    "pose": [
      [
        -0.9969172464435905,
        0.07781620641662167,
        0.010032036794969959,
        -2.0079562586197426
      ],
      [
        -0.07810971166752816,
        -0.9963899032423967,
        -0.03325708435541128,
        -19.548445382426053
      ],
      [
        0.007407880030448597,
        -0.033938160461831963,
        0.9993964801708687,
        1.945792518321099
      ],
      [
        0.0,
        0.0,
        0.0,
        1.0
      ]
    ],
    "location": [
      -2.0079562586197426,
      -19.548445382426053,
      1.945792518321099
    ],
    "rotation": [
      -0.0339456106113199,
      -0.007407947785440187,
      -3.063401146991466
    ]
  },
  {
    "label_id": "GR2S0cRLIKCA7TZlaRQUiw",
    "size": [
      1.982628356909604,
      4.669387331335671,
      2.2548355270341744
    ],
    "obj_class": "vehicle",
    "point_num_in_lidar": 85,
    "speed": 3.614624287906422e-14,
    "if_vehicle": true,
    "motion_state": false,
    "pose": [
      [
        0.9994708115220249,
        -0.030942772229546008,
        0.010032036794969959,
        -6.670389460592787
      ],
      [
        0.03126070352269337,
        0.99895782431264,
        -0.03325708435541128,
        40.64822265469357
      ],
      [
        -0.008992515263899251,
        0.03355309361753566,
        0.9993964801708687,
        0.41403777247001017
      ],
      [
        0.0,
        0.0,
        0.0,
        1.0
      ]
    ],
    "location": [
      -6.670389460592787,
      40.64822265469357,
      0.41403777247001017
    ],
    "rotation": [
      0.03356075003209134,
      0.008992636465429967,
      0.03126706190247299
    ]
  },
  {
    "label_id": "JCDdYUT-UV2oxkxdT7TaPw",
    "size": [
      3.55908162353933,
      6.254139630824458,
      2.4000000000000057
    ],
    "obj_class": "vehicle",
    "point_num_in_lidar": 93,
    "speed": 0.00897094904016945,
    "if_vehicle": true,
    "motion_state": false,
    "pose": [
      [
        -0.10469817337554636,
        -0.9944534432187202,
        0.010032036794969959,
        5.329392864504257
      ],
      [
        0.9939183694322796,
        -0.1049773368173128,
        -0.03325708435541128,
        55.83123376407738
      ],
      [
        0.03412575855424342,
        0.006489069669533151,
        0.9993964801708687,
        0.5385376253080096
      ],
      [
        0.0,
        0.0,
        0.0,
        1.0
      ]
    ],
    "location": [
      5.329392864504257,
      55.83123376407738,
      0.5385376253080096
    ],
    "rotation": [
      0.006492897073298142,
      -0.03413238565209826,
      1.6757480831032965
    ]
  },
  {
    "label_id": "M1ux1dJCnlFsX4da4hqWLg",
    "size": [
      2.048192276072319,
      4.507813116800472,
      1.3662575940847432
    ],
    "obj_class": "vehicle",
    "point_num_in_lidar": 72,
    "speed": 0.010382325268216485,
    "if_vehicle": true,
    "motion_state": false,
    "pose": [
      [
        -0.09524090715536035,
        -0.9954037009384527,
        0.010032036794969959,
        11.525829043098042
      ],
      [
        0.9948713048449872,
        -0.09552514399994164,
        -0.03325708435541128,
        -28.55085529994048
      ],
      [
        0.034062536609250925,
        0.006813150653112973,
        0.9993964801708687,
        2.850111188903071
      ],
      [
        0.0,
        0.0,
        0.0,
        1.0
      ]
    ],
    "location": [
      11.525829043098042,
      -28.55085529994048,
      2.850111188903071
    ],
    "rotation": [
      0.006817159399641164,
      -0.03406912693009061,
      1.6662373632987038
    ]
  },
  {
    "label_id": "NjQjKUN8pI-ZQimlGuoBsQ",
    "size": [
      1.9460049702311917,
      4.277104600442166,
      1.4499999999999886
    ],
    "obj_class": "vehicle",
    "point_num_in_lidar": 352,
    "speed": 0.015897344794696653,
    "if_vehicle": true,
    "motion_state": false,
    "pose": [
      [
        -0.9984285732413289,
        0.05513385868074993,
        0.010032036794969959,
        -5.452385761657752
      ],
      [
        -0.05543927581914311,
        -0.9979080383666754,
        -0.03325708435541128,
        23.658457307436947
      ],
      [
        0.008177458769905756,
        -0.03376099213804394,
        0.9993964801708687,
        0.2642735024593321
      ],
      [
        0.0,
        0.0,
        0.0,
        1.0
      ]
    ],
    "location": [
      -5.452385761657752,
      23.658457307436947,
      0.2642735024593321
    ],
    "rotation": [
      -0.03376853843215071,
      -0.008177549911560247,
      -3.0861230829450874
    ]
  },
  {
    "label_id": "Q175aDJRl7PlCgCobA9ChQ",
    "size": [
      0.8168809500625265,
      0.09569916411282975,
      0.8100000000000023
    ],
    "obj_class": "sign",
    "point_num_in_lidar": 87,
    "speed": 0.0010810877781523096,
    "if_vehicle": false,
    "motion_state": false,
    "pose": [
      [
        -0.9980068691879578,
        -0.06230286744119396,
        0.010032036794969959,
        14.619525241844713
      ],
      [
        0.061938528714793405,
        -0.9975257314981022,
        -0.03325708435541128,
        10.721691589629586
      ],
      [
        0.012079226560394079,
        -0.032569429036770715,
        0.9993964801708687,
        2.9764121966888695
      ],
      [
        0.0,
        0.0,
        0.0,
        1.0
      ]
    ],
    "location": [
      14.619525241844713,
      10.721691589629586,
      2.9764121966888695
    ],
    "rotation": [
      -0.03257756747385423,
      -0.012079520321738726,
      3.0796099252024587
    ]
  },
  {
    "label_id": "YKPb1MkzJMFBs5crX5wDgA",
    "size": [
      2.1866969615546896,
      4.975542376081814,
      1.5300000000000011
    ],
    "obj_class": "vehicle",
    "point_num_in_lidar": 413,
    "speed": 3.987807072294963,
    "if_vehicle": true,
    "motion_state": true,
    "pose": [
      [
        -0.9968851175957031,
        0.0782267253177957,
        0.010032036794969959,
        11.289670621835057
      ],
      [
        -0.07852001338654341,
        -0.9963576535752381,
        -0.03325708435541128,
        4.487694393975659
      ],
      [
        0.0073939038388752005,
        -0.03394120811196973,
        0.9993964801708687,
        0.74557680987823
      ],
      [
        0.0,
        0.0,
        0.0,
        1.0
      ]
    ],
    "location": [
      11.289670621835057,
      4.487694393975659,
      0.74557680987823
    ],
    "rotation": [
      -0.03394865658897848,
      -0.007393971211090573,
      -3.0629895780018996
    ]
  },
  {
    "label_id": "ZFvMr9wN9-CPPx0LnQsiyw",
    "size": [
      0.9106749139704065,
      0.6788900799441303,
      1.740000000000009
    ],
    "obj_class": "pedestrian",
    "point_num_in_lidar": 50,
    "speed": 0.007062621521048997,
    "if_vehicle": false,
    "motion_state": false,
    "pose": [
      [
        -0.9834309856198399,
        -0.18100512357536955,
        0.010032036794969959,
        35.98747748776418
      ],
      [
        0.1805859496129303,
        -0.9829967859268784,
        -0.03325708435541128,
        -5.097725634636561
      ],
      [
        0.01588116258926336,
        -0.030894402355312767,
        0.9993964801708687,
        0.9547018123874409
      ],
      [
        0.0,
        0.0,
        0.0,
        1.0
      ]
    ],
    "location": [
      35.98747748776418,
      -5.097725634636561,
      0.9547018123874409
    ],
    "rotation": [
      -0.03090321762440091,
      -0.015881830233217476,
      2.9599873327639905
    ]
  },
  {
    "label_id": "_8n2ltih6YGV4VvLcYeuvA",
    "size": [
      0.4156520167828852,
      0.05391781688397976,
      0.18345640068281455
    ],
    "obj_class": "sign",
    "point_num_in_lidar": 32,
    "speed": 0.0070894336798547385,
    "if_vehicle": false,
    "motion_state": false,
    "pose": [
      [
        -0.0363430922690645,
        -0.9992890161920458,
        0.010032036794969959,
        -6.674847190854734
      ],
      [
        0.9987743184886338,
        -0.036658246926744235,
        -0.03325708435541128,
        12.749455541001694
      ],
      [
        0.03360119598894301,
        0.008811075427620245,
        0.9993964801708687,
        2.1561088237409365
      ],
      [
        0.0,
        0.0,
        0.0,
        1.0
      ]
    ],
    "location": [
      -6.674847190854734,
      12.749455541001694,
      2.1561088237409365
    ],
    "rotation": [
      0.008816167878830203,
      -0.033607522054678846,
      1.6071679716525804
    ]
  },
  {
    "label_id": "_SFSfPAKVug3laTRe36P7A",
    "size": [
      1.5124769999564238,
      4.834983194317003,
      1.5800000000000125
    ],
    "obj_class": "vehicle",
    "point_num_in_lidar": 1133,
    "speed": 1.7763568394002505e-14,
    "if_vehicle": true,
    "motion_state": false,
    "pose": [
      [
        0.9958578908166611,
        0.09036824406801108,
        0.010032036794969959,
        -4.071180151369731
      ],
      [
        -0.08999050750806428,
        0.9953871984803794,
        -0.03325708435541128,
        13.389026192550375
      ],
      [
        -0.01299114531641747,
        0.03221654179837274,
        0.9993964801708687,
        2.468454946749688
      ],
      [
        0.0,
        0.0,
        0.0,
        1.0
      ]
    ],
    "location": [
      -4.071180151369731,
      13.389026192550375,
      2.468454946749688
    ],
    "rotation": [
      0.032224837704492325,
      0.01299151076312795,
      -0.09012003959404845
    ]
  },
  {
    "label_id": "_cqh80UXdkf7A2Uf9Nd09w",
    "size": [
      2.7446487319770916,
      7.000101787777974,
      2.3102425954895978
    ],
    "obj_class": "vehicle",
    "point_num_in_lidar": 3492,
    "speed": 3.7221458391556904e-14,
    "if_vehicle": true,
    "motion_state": false,
    "pose": [
      [
        0.9987326943487083,
        -0.04931899711788732,
        0.010032036794969959,
        -3.0104291858052648
      ],
      [
        0.04962744019299717,
        0.9982139467669582,
        -0.03325708435541128,
        13.273276314099377
      ],
      [
        -0.008373912995744442,
        0.033712801770518504,
        0.9993964801708687,
        1.0291468931413874
      ],
      [
        0.0,
        0.0,
        0.0,
        1.0
      ]
    ],
    "location": [
      -3.0104291858052648,
      13.273276314099377,
      1.0291468931413874
    ],
    "rotation": [
      0.03372037384933758,
      0.008374010865338522,
      0.04964957613480531
    ]
  },
  {
    "label_id": "aLKLRVALSecdklsZzsqb1w",
    "size": [
      2.2791812515326484,
      4.723665906330695,
      1.6483726207747225
    ],
    "obj_class": "vehicle",
    "point_num_in_lidar": 28,
    "speed": 0.012267221326755968,
    "if_vehicle": true,
    "motion_state": false,
    "pose": [
      [
        0.994117052105033,
        -0.10784546792398624,
        0.010032036794969959,
        28.711774773842876
      ],
      [
        0.1081229362574711,
        0.9935810973419532,
        -0.03325708435541128,
        -1.7570503889192821
      ],
      [
        -0.006381016303224289,
        0.034146127935925016,
        0.9993964801708687,
        0.731093927346933
      ],
      [
        0.0,
        0.0,
        0.0,
        1.0
      ]
    ],
    "location": [
      28.711774773842876,
      -1.7570503889192821,
      0.731093927346933
    ],
    "rotation": [
      0.03415346250912322,
      0.006381059607050377,
      0.10833693638401698
    ]
  },
  {
    "label_id": "auXhaEEj7_TnIkSP3tzCWw",
    "size": [
      1.938390358078694,
      4.5786654796276824,
      1.5670055110724945
    ],
    "obj_class": "vehicle",
    "point_num_in_lidar": 1931,
    "speed": 6.730718740397869,
    "if_vehicle": true,
    "motion_state": true,
    "pose": [
      [
        0.005163141931082981,
        0.9999363480757884,
        0.010032036794969959,
        3.3975188749402605
      ],
      [
        -0.9994317286207389,
        0.005494193875255541,
        -0.03325708435541128,
        -3.61807684514892
      ],
      [
        -0.03331008543311365,
        -0.009854624828842695,
        0.9993964801708687,
        0.7697043791201281
      ],
      [
        0.0,
        0.0,
        0.0,
        1.0
      ]
    ],
    "location": [
      3.3975188749402605,
      -3.61807684514892,
      0.7697043791201281
    ],
    "rotation": [
      -0.009860256316147942,
      0.03331624844383007,
      -1.5656302950870418
    ]
  },
  {
    "label_id": "cCz-sprxe54IkoqPBqzeQA",
    "size": [
      2.0277817520855983,
      4.262423525941018,
      1.4748355270341733
    ],
    "obj_class": "vehicle",
    "point_num_in_lidar": 27,
    "speed": 5.333694441429199e-14,
    "if_vehicle": true,
    "motion_state": false,
    "pose": [
      [
        -0.9986519047802236,
        0.05092868854168251,
        0.010032036794969959,
        -5.895563794706732
      ],
      [
        -0.051236295099760125,
        -0.9981326607243285,
        -0.03325708435541128,
        29.308640558764026
      ],
      [
        0.008319563887706525,
        -0.033726255036646786,
        0.9993964801708687,
        0.3625061430646497
      ],
      [
        0.0,
        0.0,
        0.0,
        1.0
      ]
    ],
    "location": [
      -5.895563794706732,
      29.308640558764026,
      0.3625061430646497
    ],
    "rotation": [
      -0.033733819932925645,
      -0.008319659863996999,
      -3.090332139150839
    ]
  },
  {
    "label_id": "djwJETMnF8x4cVGX3MsC8A",
    "size": [
      1.9823390091466777,
      4.458846597593478,
      1.4782598895759236
    ],
    "obj_class": "vehicle",
    "point_num_in_lidar": 165,
    "speed": 0.008224154062279238,
    "if_vehicle": true,
    "motion_state": false,
    "pose": [
      [
        -0.9961668882984646,
        0.08689585085318646,
        0.010032036794969959,
        18.061185960743046
      ],
      [
        -0.08718453931857031,
        -0.9956368928700794,
        -0.03325708435541128,
        9.371979944861309
      ],
      [
        0.007098363301742538,
        -0.03400424474260601,
        0.9993964801708687,
        0.5860345076937108
      ],
      [
        0.0,
        0.0,
        0.0,
        1.0
      ]
    ],
    "location": [
      18.061185960743046,
      9.371979944861309,
      0.5860345076937108
    ],
    "rotation": [
      -0.034011658485181756,
      -0.007098422913684054,
      -3.054295079431802
    ]
  },
  {
    "label_id": "eYuikztkR3GVWeq2x3R4vg",
    "size": [
      2.082652378018846,
      4.727294552036573,
      1.6500000000000057
    ],
    "obj_class": "vehicle",
    "point_num_in_lidar": 85,
    "speed": 0.044112505412778835,
    "if_vehicle": true,
    "motion_state": false,
    "pose": [
      [
        -0.9986519047802239,
        0.0509286885416763,
        0.010032036794969959,
        -5.5715096152143815
      ],
      [
        -0.051236295099753915,
        -0.9981326607243287,
        -0.03325708435541128,
        26.34430713328966
      ],
      [
        0.008319563887706735,
        -0.03372625503664673,
        0.9993964801708687,
        0.46244218158250305
      ],
      [
        0.0,
        0.0,
        0.0,
        1.0
      ]
    ],
    "location": [
      -5.5715096152143815,
      26.34430713328966,
      0.46244218158250305
    ],
    "rotation": [
      -0.03373381993292559,
      -0.008319659863997209,
      -3.090332139150845
    ]
  },
  {
    "label_id": "hIXIgHw3ha67NHMRblswLg",
    "size": [
      2.014083700009066,
      3.9843474780506,
      1.6662575940847546
    ],
    "obj_class": "vehicle",
    "point_num_in_lidar": 440,
    "speed": 0.0031015223697972547,
    "if_vehicle": true,
    "motion_state": false,
    "pose": [
      [
        -0.05715543203232499,
        -0.9983148876115906,
        0.010032036794969959,
        10.348479920559498
      ],
      [
        0.9977937353745734,
        -0.057459794530026004,
        -0.03325708435541128,
        -17.042086601351116
      ],
      [
        0.033777481203518235,
        0.00810908044259923,
        0.9993964801708687,
        1.7522803034853212
      ],
      [
        0.0,
        0.0,
        0.0,
        1.0
      ]
    ],
    "location": [
      10.348479920559498,
      -17.042086601351116,
      1.7522803034853212
    ],
    "rotation": [
      0.008113799330240267,
      -0.03378390739407078,
      1.6280156095768858
    ]
  },
  {
    "label_id": "hb0ASarWGWDxr2SxCcea0A",
    "size": [
      0.42880184881092814,
      0.07469978022218265,
      0.6044489512381972
    ],
    "obj_class": "sign",
    "point_num_in_lidar": 22,
    "speed": 0.00915998155440756,
    "if_vehicle": false,
    "motion_state": false,
    "pose": [
      [
        -0.8858790418265376,
        -0.4638078066292546,
        0.010032036794969959,
        25.930046183465606
      ],
      [
        0.4632789532309167,
        -0.8855882665400683,
        -0.03325708435541128,
        -3.611403741754941
      ],
      [
        0.02430914942489103,
        -0.024814122517568357,
        0.9993964801708687,
        2.4819929214159515
      ],
      [
        0.0,
        0.0,
        0.0,
        1.0
      ]
    ],
    "location": [
      25.930046183465606,
      -3.611403741754941,
      2.4819929214159515
    ],
    "rotation": [
      -0.024824007008768273,
      -0.024311544248617933,
      2.659746521206756
    ]
  },
  {
    "label_id": "i4WEZxXNh4J1GX9xl5n5eQ",
    "size": [
      1.9322981237294707,
      4.718592850396311,
      1.4782598895759236
    ],
    "obj_class": "vehicle",
    "point_num_in_lidar": 49,
    "speed": 0.0014572508704943535,
    "if_vehicle": true,
    "motion_state": false,
    "pose": [
      [
        -0.9961668882984686,
        0.08689585085313913,
        0.010032036794969959,
        24.22895505213512
      ],
      [
        -0.08718453931852299,
        -0.9956368928700834,
        -0.03325708435541128,
        9.784891556359554
      ],
      [
        0.007098363301744154,
        -0.03400424474260567,
        0.9993964801708687,
        0.5860345076937108
      ],
      [
        0.0,
        0.0,
        0.0,
        1.0
      ]
    ],
    "location": [
      24.22895505213512,
      9.784891556359554,
      0.5860345076937108
    ],
    "rotation": [
      -0.034011658485181416,
      -0.007098422913685671,
      -3.054295079431849
    ]
  },
  {
    "label_id": "nBHdqL99senel5XF57qANg",
    "size": [
      2.7901377658754343,
      6.283840489035793,
      3.4623338815695774
    ],
    "obj_class": "vehicle",
    "point_num_in_lidar": 160,
    "speed": 1.0660453750117864e-13,
    "if_vehicle": true,
    "motion_state": false,
    "pose": [
      [
        -0.07461363337420472,
        -0.9971620550103399,
        0.010032036794969959,
        3.663762307395814
      ],
      [
        0.9966356572900434,
        -0.07490883097619594,
        -0.03325708435541128,
        68.76485101343394
      ],
      [
        0.03391419072811552,
        0.007516853685923126,
        0.9993964801708687,
        0.5912884894325146
      ],
      [
        0.0,
        0.0,
        0.0,
        1.0
      ]
    ],
    "location": [
      3.663762307395814,
      68.76485101343394,
      0.5912884894325146
    ],
    "rotation": [
      0.0075212511687609935,
      -0.0339206952892702,
      1.6455224320542405
    ]
  },
  {
    "label_id": "vJQ_clDIded5uOENI4I4YQ",
    "size": [
      2.1787278204785756,
      4.716290994184759,
      1.8791319242467068
    ],
    "obj_class": "vehicle",
    "point_num_in_lidar": 20,
    "speed": 0.021155658465160432,
    "if_vehicle": true,
    "motion_state": false,
    "pose": [
      [
        0.995749539227528,
        -0.09155442843418521,
        0.010032036794969959,
        63.829431201815055
      ],
      [
        0.09184063471047153,
        0.9952181992689618,
        -0.03325708435541128,
        0.6086791169298067
      ],
      [
        -0.006939232244542805,
        0.03403707504964066,
        0.9993964801708687,
        0.7592484560929904
      ],
      [
        0.0,
        0.0,
        0.0,
        1.0
      ]
    ],
    "location": [
      63.829431201815055,
      0.6086791169298067,
      0.7592484560929904
    ],
    "rotation": [
      0.034044470595128856,
      0.006939287936493371,
      0.09197245596041409
    ]
  },
  {
    "label_id": "wXzm9HyGat82X2noN_2ETQ",
    "size": [
      0.49289798795150347,
      0.060914065595576425,
      0.612229061401024
    ],
    "obj_class": "sign",
    "point_num_in_lidar": 34,
    "speed": 0.006817727415670489,
    "if_vehicle": false,
    "motion_state": false,
    "pose": [
      [
        -0.0363430922691071,
        -0.9992890161920442,
        0.010032036794969959,
        -6.6748005348626975
      ],
      [
        0.9987743184886323,
        -0.03665824692678682,
        -0.03325708435541128,
        12.749848515478604
      ],
      [
        0.033601195988943386,
        0.008811075427618813,
        0.9993964801708687,
        3.3080609045380243
      ],
      [
        0.0,
        0.0,
        0.0,
        1.0
      ]
    ],
    "location": [
      -6.6748005348626975,
      12.749848515478604,
      3.3080609045380243
    ],
    "rotation": [
      0.008816167878828772,
      -0.03360752205467921,
      1.607167971652623
    ]
  },
  {
    "label_id": "zkifBz685RBOb_ccW22PWw",
    "size": [
      2.0124930132721857,
      4.458576926140719,
      1.5999999999999943
    ],
    "obj_class": "vehicle",
    "point_num_in_lidar": 121,
    "speed": 0.023425265256798545,
    "if_vehicle": true,
    "motion_state": false,
    "pose": [
      [
        -0.9986047960791214,
        0.05184418468373038,
        0.010032036794969959,
        -1.5334661081953982
      ],
      [
        -0.052151315093785025,
        -0.99808527024206,
        -0.03325708435541128,
        -22.12098489147303
      ],
      [
        0.008288641732221536,
        -0.03373386785284855,
        0.9993964801708687,
        1.6360241467946253
      ],
      [
        0.0,
        0.0,
        0.0,
        1.0
      ]
    ],
    "location": [
      -1.5334661081953982,
      -22.12098489147303,
      1.6360241467946253
    ],
    "rotation": [
      -0.03374142867932864,
      -0.008288736642288725,
      -3.089415875703358
    ]
  }
]