[
  {
    "label_id": "-TktN3WB6zg7mbcqtA_YxQ",
    "size": [
      2.219096218303531,
      5.258057719348935,
      1.9457144510971034
    ],
    "obj_class": "vehicle",
    "point_num_in_lidar": 7853,
    "speed": 0.1480552861507082,
    "if_vehicle": true,
    "motion_state": false,
    "pose": [
      [
        0.99843647530949,
        -0.055281234214959424,
        0.008281902875125804,
        52.093494916661484
      ],
      [
        0.05548676469984543,
        0.9980922413155778,
        -0.027075759800796812,
        -0.17168959060421685
      ],
      [
        -0.006769321583896411,
        0.02749296217793303,
        0.999599076288077,
        0.7183398407835
      ],
      [
        0.0,
        0.0,
        0.0,
        1.0
      ]
    ],
    "location": [
      52.093494916661484,
      -0.17168959060421685,
      0.7183398407835
    ],
    "rotation": [
      0.027497057016555904,
      0.006769373284206015,
      0.055516549462322325
    ]
  },
  {
    "label_id": "-Uk68IlUXVX2NqKU8eqqpQ",
    "size": [
      2.8997645626808914,
      6.3550293086473815,
      4.300000000000011
    ],
    "obj_class": "vehicle",
    "point_num_in_lidar": 354,
    "speed": 1.897149936107019e-14,
    "if_vehicle": true,
    "motion_state": false,
    "pose": [
      [
        0.9975997716923701,
        -0.06874667704040686,
        0.008281902875125804,
        116.9659856131052
      ],
      [
        0.06894754456229645,
        0.9972527961003869,
        -0.027075759800796812,
        7.456509771362079
      ],
      [
        -0.006397782284602032,
        0.0275817886632157,
        0.999599076288077,
        1.8294391792221063
      ],
      [
        0.0,
        0.0,
        0.0,
        1.0
      ]
    ],
    "location": [
      116.9659856131052,
      7.456509771362079,
      1.8294391792221063
    ],
    "rotation": [
      0.027585851741019265,
      0.0063978259306695555,
      0.06900370295263693
    ]
  },
  {
    "label_id": "7qjAkzTWMDLeVh79NmZ-dQ",
    "size": [
      0.9860268038019862,
      1.0558502950810307,
      1.6999999999999886
    ],
    "obj_class": "pedestrian",
    "point_num_in_lidar": 45,
    "speed": 1.4491211962214696,
    "if_vehicle": false,
    "motion_state": true,
    "pose": [
      [
        -0.9999234328284232,
        -0.009194485596740444,
        0.008281902875125804,
        73.1270761206423
      ],
      [
        0.008967192724825868,
        -0.9995931635849884,
        -0.027075759800796812,
        -1.8991780850176667
      ],
      [
        0.008527481178959845,
        -0.02699942126724103,
        0.999599076288077,
        0.6145247603048176
      ],
      [
        0.0,
        0.0,
        0.0,
        1.0
      ]
    ],
    "location": [
      73.1270761206423,
      -1.8991780850176667,
      0.6145247603048176
    ],
    "rotation": [
      -0.027003684715475273,
      -0.008527584532479305,
      3.1326250146157126
    ]
  },
  {
    "label_id": "8GBSIuKZfKIUqTUQt4DFvQ",
    "size": [
      1.9687537487994085,
      4.479833154242696,
      1.6599999999999966
    ],
    "obj_class": "vehicle",
    "point_num_in_lidar": 41,
    "speed": 0.08806996247915774,
    "if_vehicle": true,
    "motion_state": false,
    "pose": [
      [
        -0.9949216189439481,
        0.10031142628195551,
        0.008281902875125804,
        83.51119120837052
      ],
      [
        -0.10050120246434087,
        -0.9945684549262716,
        -0.027075759800796812,
        -21.428968250291888
      ],
      [
        0.005520911263077755,
        -0.027770599972789262,
        0.999599076288077,
        2.066372479433852
      ],
      [
        0.0,
        0.0,
        0.0,
        1.0
      ]
    ],
    "location": [
      83.51119120837052,
      -21.428968250291888,
      2.066372479433852
    ],
    "rotation": [
      -0.027774594092026764,
      -0.005520939310116022,
      -3.0409199527343627
    ]
  },
  {
    "label_id": "92Ylj-kmScTI3SbTsEi34Q",
    "size": [
      2.303502574661917,
      4.824207576419324,
      1.8880545684315848
    ],
    "obj_class": "vehicle",
    "point_num_in_lidar": 44,
    "speed": 0.0,
    "if_vehicle": true,
    "motion_state": false,
    "pose": [
      [
        0.9975495783906192,
        -0.06947120797470714,
        0.008281902875125804,
        83.17534411701695
      ],
      [
        0.06967182343790543,
        0.9972024570016096,
        -0.027075759800796812,
        -13.456559853030228
      ],
      [
        -0.0063777481555297765,
        0.02758642804873618,
        0.999599076288077,
        1.4676647955213582
      ],
      [
        0.0,
        0.0,
        0.0,
        1.0
      ]
    ],
    "location": [
      83.17534411701695,
      -13.456559853030228,
      1.4676647955213582
    ],
    "rotation": [
      0.02759048945573576,
      0.006377791392852717,
      0.0697297337869813
    ]
  },
  {
    "label_id": "BOk7wftIowzDn3hlyO4s8g",
    "size": [
      2.140278195945735,
      4.608048584790058,
      1.8700000000000045
    ],
    "obj_class": "vehicle",
    "point_num_in_lidar": 85,
    "speed": 0.07242280374631378,
    "if_vehicle": true,
    "motion_state": false,
    "pose": [
      [
        -0.9954920339769652,
        0.09448291048211833,
        0.008281902875125804,
        83.27832211775308
      ],
      [
        -0.09467475172812095,
        -0.9951399874472076,
        -0.027075759800796812,
        -16.04861086832696
      ],
      [
        0.005683456133697662,
        -0.027737790294105915,
        0.999599076288077,
        1.6966920797371756
      ],
      [
        0.0,
        0.0,
        0.0,
        1.0
      ]
    ],
    "location": [
      83.27832211775308,
      -16.04861086832696,
      1.6966920797371756
    ],
    "rotation": [
      -0.027741796537965456,
      -0.005683486731666609,
      -3.0467743591476166
    ]
  },
  {
    "label_id": "EKbHTcx2VGWx8CSDOMujpg",
    "size": [
      2.118962655048405,
      4.581618389407152,
      1.6779523893837904
    ],
    "obj_class": "vehicle",
    "point_num_in_lidar": 20,
    "speed": 1.3322676295501878e-14,
    "if_vehicle": true,
    "motion_state": false,
    "pose": [
      [
        0.9983635527153849,
        -0.056582918750110886,
        0.008281902875125804,
        82.01612523619474
      ],
      [
        0.05678800025836202,
        0.9980190510495608,
        -0.027075759800796812,
        -3.1107001051664156
      ],
      [
        -0.006733471331411681,
        0.027501764449804282,
        0.999599076288077,
        0.5306845995616811
      ],
      [
        0.0,
        0.0,
        0.0,
        1.0
      ]
    ],
    "location": [
      82.01612523619474,
      -3.1107001051664156,
      0.5306845995616811
    ],
    "rotation": [
      0.02750585616046748,
      0.006733522214639904,
      0.05681985652160622
    ]
  },
  {
    "label_id": "Ga8vVYz55cr0VoklMBg4Nw",
    "size": [
      2.1012883788885826,
      5.006721862458587,
      2.469999999999999
    ],
    "obj_class": "vehicle",
    "point_num_in_lidar": 85,
    "speed": 0.0014888869078867183,
    "if_vehicle": true,
    "motion_state": false,
    "pose": [
      [
        -0.9964456547346588,
        0.08382999012992803,
        0.008281902875125804,
        101.38538467531816
      ],
      [
        -0.0840255857976993,
        -0.9960956802248281,
        -0.027075759800796812,
        15.562638265995588
      ],
      [
        0.0059798070010933,
        -0.027675414942745433,
        0.999599076288077,
        0.9413733186673596
      ],
      [
        0.0,
        0.0,
        0.0,
        1.0
      ]
    ],
    "location": [
      101.38538467531816,
      15.562638265995588,
      0.9413733186673596
    ],
    "rotation": [
      -0.027679444072474794,
      -0.005979842639414683,
      -3.0574663703649914
    ]
  },
  {
    "label_id": "HIko6-fK5hHb4g5v7PVLew",
    "size": [
      1.81621572175752,
      4.070324299453466,
      1.2800000000000011
    ],
    "obj_class": "vehicle",
    "point_num_in_lidar": 67,
    "speed": 0.011135125160566386,
    "if_vehicle": true,
    "motion_state": false,
    "pose": [
      [
        0.9925834540491604,
        -0.12128271448399158,
        0.008281902875125804,
        94.77685464759463
      ],
      [
        0.12146499637719414,
        0.9922263642366584,
        -0.027075759800796812,
        -14.990737735031331
      ],
      [
        -0.004933700733390029,
        0.027880912486803737,
        0.999599076288077,
        1.7063735475491058
      ],
      [
        0.0,
        0.0,
        0.0,
        1.0
      ]
    ],
    "location": [
      94.77685464759463,
      -14.990737735031331,
      1.7063735475491058
    ],
    "rotation": [
      0.027884865402002024,
      0.004933720749142187,
      0.12176716358206172
    ]
  },
  {
    "label_id": "J25g562mY2rUDBNO8fK1nQ",
    "size": [
      2.063730869171808,
      4.517605396935919,
      1.5844394309837924
    ],
    "obj_class": "vehicle",
    "point_num_in_lidar": 4853,
    "speed": 0.15884676916799806,
    "if_vehicle": true,
    "motion_state": false,
    "pose": [
      [
        0.99501686249718,
        -0.09936223342414853,
        0.008281902875125804,
        46.96641907387982
      ],
      [
        0.09955234643580452,
        0.9946638796851603,
        -0.027075759800796812,
        -0.6518223044605236
      ],
      [
        -0.005547401679485368,
        0.027765320430888328,
        0.999599076288077,
        0.48697788740685155
      ],
      [
        0.0,
        0.0,
        0.0,
        1.0
      ]
    ],
    "location": [
      46.96641907387982,
      -0.6518223044605236,
      0.48697788740685155
    ],
    "rotation": [
      0.027769316505182353,
      0.0055474301321932346,
      0.09971906203605162
    ]
  },
  {
    "label_id": "Ji9qNAyVM781UZPbq91ksQ",
    "size": [
      2.1530767782148823,
      4.794953077068618,
      1.5705168509874454
    ],
    "obj_class": "vehicle",
    "point_num_in_lidar": 3955,
    "speed": 0.11160194474845535,
    "if_vehicle": true,
    "motion_state": false,
    "pose": [
      [
        -0.9989429208334217,
        0.04521560573031521,
        0.008281902875125804,
        49.16877640607618
      ],
      [
        -0.045424595165723815,
        -0.9986007757784087,
        -0.027075759800796812,
        11.656469566635678
      ],
      [
        0.007046067756020516,
        -0.027423340664496546,
        0.999599076288077,
        0.5165490634232413
      ],
      [
        0.0,
        0.0,
        0.0,
        1.0
      ]
    ],
    "location": [
      49.16877640607618,
      11.656469566635678,
      0.5165490634232413
    ],
    "rotation": [
      -0.027427460093742265,
      -0.0070461260600939235,
      -3.0961512936233295
    ]
  },
  {
    "label_id": "Q45qOQ6Sw52_SfUE9vEVug",
    "size": [
      1.9820717617255947,
      4.160475567186468,
      1.460000000000008
    ],
    "obj_class": "vehicle",
    "point_num_in_lidar": 132,
    "speed": 0.077306754340392,
    "if_vehicle": true,
    "motion_state": false,
    "pose": [
      [
        0.9974168056923025,
        -0.07135212545769516,
        0.008281902875125804,
        93.83737428564814
      ],
      [
        0.07155208601073257,
        0.9970693066275395,
        -0.027075759800796812,
        -2.2562338705029674
      ],
      [
        -0.006325718147089439,
        0.027598405279056343,
        0.999599076288077,
        0.546372021670237
      ],
      [
        0.0,
        0.0,
        0.0,
        1.0
      ]
    ],
    "location": [
      93.83737428564814,
      -2.2562338705029674,
      0.546372021670237
    ],
    "rotation": [
      0.027602462367149968,
      0.006325760334812048,
      0.07161471660598387
    ]
  },
  {
    "label_id": "RQk7gQTbuU86pW7OGRO9mA",
    "size": [
      2.064334471740575,
      4.21803561067237,
      1.4833326921443302
    ],
    "obj_class": "vehicle",
    "point_num_in_lidar": 2431,
    "speed": 0.1069921892176396,
    "if_vehicle": true,
    "motion_state": false,
    "pose": [
      [
        0.9965383125834039,
        -0.08272122846155694,
        0.008281902875125804,
        58.00834836197566
      ],
      [
        0.08291721341248998,
        0.9961885559225809,
        -0.027075759800796812,
        0.12552287774221327
      ],
      [
        -0.006010596753210695,
        0.027668744291957936,
        0.999599076288077,
        0.43976003299434296
      ],
      [
        0.0,
        0.0,
        0.0,
        1.0
      ]
    ],
    "location": [
      58.00834836197566,
      0.12552287774221327,
      0.43976003299434296
    ],
    "rotation": [
      0.02767277585643575,
      0.006010632944877705,
      0.08301402454082733
    ]
  },
  {
    "label_id": "VB-58XURwVRpb2EmYLe7Yw",
    "size": [
      1.9608529155743184,
      4.521745131018506,
      1.6200000000000045
    ],
    "obj_class": "vehicle",
    "point_num_in_lidar": 71,
    "speed": 6.661338147750939e-15,
    "if_vehicle": true,
    "motion_state": false,
    "pose": [
      [
        -0.9991172787872677,
        0.04118341065880871,
        0.008281902875125804,
        83.54589316325178
      ],
      [
        -0.04139377932133608,
        -0.9987759800198972,
        -0.027075759800796812,
        14.11218321125294
      ],
      [
        0.0071566935257579,
        -0.0273946787132435,
        0.999599076288077,
        0.3963727083158233
      ],
      [
        0.0,
        0.0,
        0.0,
        1.0
      ]
    ],
    "location": [
      83.54589316325178,
      14.11218321125294,
      0.3963727083158233
    ],
    "rotation": [
      -0.027398808188749207,
      -0.007156754619400284,
      -3.100185983141919
    ]
  },
  {
    "label_id": "ViGnKuIITDtLefPMiRM3HA",
    "size": [
      1.788498934607579,
      3.8648780815574977,
      1.2800000000000011
    ],
    "obj_class": "vehicle",
    "point_num_in_lidar": 28,
    "speed": 7.160723346098895e-14,
    "if_vehicle": true,
    "motion_state": false,
    "pose": [
      [
        0.992583454049159,
        -0.12128271448400217,
        0.008281902875125804,
        94.54648735132105
      ],
      [
        0.12146499637720472,
        0.9922263642366571,
        -0.027075759800796812,
        -12.26504561371928
      ],
      [
        -0.004933700733389732,
        0.02788091248680379,
        0.999599076288077,
        1.4363735475490387
      ],
      [
        0.0,
        0.0,
        0.0,
        1.0
      ]
    ],
    "location": [
      94.54648735132105,
      -12.26504561371928,
      1.4363735475490387
    ],
    "rotation": [
      0.027884865402002076,
      0.004933720749141889,
      0.12176716358207237
    ]
  },
  {
    "label_id": "WJ02kR_Js_1nz4ry9ukSuw",
    "size": [
      2.068082846525289,
      4.142795328816451,
      1.4499999999999886
    ],
    "obj_class": "vehicle",
    "point_num_in_lidar": 531,
    "speed": 0.026259276899925414,
    "if_vehicle": true,
    "motion_state": false,
    "pose": [
      [
        -0.9961088782992148,
        0.08774116854844817,
        0.008281902875125804,
        60.89909460285401
      ],
      [
        -0.08793538878675737,
        -0.9957581386210868,
        -0.027075759800796812,
        12.46585947558198
      ],
      [
        0.005871113386916887,
        -0.027698677073489036,
        0.999599076288077,
        0.4308786707628087
      ],
      [
        0.0,
        0.0,
        0.0,
        1.0
      ]
    ],
    "location": [
      60.89909460285401,
      12.46585947558198,
      0.4308786707628087
    ],
    "rotation": [
      -0.027702697693409085,
      -0.005871147116959495,
      -3.0535420184560915
    ]
  },
  {
    "label_id": "Xbw6pFmkQlZzShwDh1kA-w",
    "size": [
      0.5283680437403475,
      0.0917780648195321,
      0.5200000000000102
    ],
    "obj_class": "sign",
    "point_num_in_lidar": 27,
    "speed": 0.027188883455353276,
    "if_vehicle": false,
    "motion_state": false,
    "pose": [
      [
        0.999450726967654,
        0.032088229128371414,
        0.008281902875125804,
        49.830029816308524
      ],
      [
        -0.03185343337612769,
        0.9991257488491437,
        -0.027075759800796812,
        13.829474758799876
      ],
      [
        -0.009143475596318663,
        0.026797080774647576,
        0.999599076288077,
        2.5133595925612155
      ],
      [
        0.0,
        0.0,
        0.0,
        1.0
      ]
    ],
    "location": [
      49.830029816308524,
      13.829474758799876,
      2.5133595925612155
    ],
    "rotation": [
      0.02680140953466345,
      0.009143603004999522,
      -0.03186015475470556
    ]
  },
  {
    "label_id": "aFwmS_LxN-2ibTsHMVRa0w",
    "size": [
      0.33730376758812913,
      0.08861196967180238,
      0.5
    ],
    "obj_class": "sign",
    "point_num_in_lidar": 33,
    "speed": 0.027185332121873948,
    "if_vehicle": false,
    "motion_state": false,
    "pose": [
      [
        0.0011815646083583188,
        0.9999650063826451,
        0.008281902875125804,
        51.828860601267365
      ],
      [
        -0.9996323964491843,
        0.0014054182546218304,
        -0.027075759800796812,
        17.138666401009885
      ],
      [
        -0.027086451859502456,
        -0.008246866658696367,
        0.999599076288077,
        1.1476368999190356
      ],
      [
        0.0,
        0.0,
        0.0,
        1.0
      ]
    ],
    "location": [
      51.828860601267365,
      17.138666401009885,
      1.1476368999190356
    ],
    "rotation": [
      -0.008249987173122642,
      0.027089765066196425,
      -1.5696143282299315
    ]
  },
  {
    "label_id": "eNNkfbxQJ_QKNxKtMrl5kQ",
    "size": [
      1.8380364869456791,
      4.242712689121765,
      1.3600000000000136
    ],
    "obj_class": "vehicle",
    "point_num_in_lidar": 40,
    "speed": 0.10448815653706318,
    "if_vehicle": true,
    "motion_state": false,
    "pose": [
      [
        -0.990187623949272,
        0.13949867190214443,
        0.008281902875125804,
        84.00534507475652
      ],
      [
        -0.13967436232685201,
        -0.9898272454018412,
        -0.027075759800796812,
        -24.004205721225276
      ],
      [
        0.004420620576618739,
        -0.02796685176670833,
        0.999599076288077,
        2.0863722505520457
      ],
      [
        0.0,
        0.0,
        0.0,
        1.0
      ]
    ],
    "location": [
      84.00534507475652,
      -24.004205721225276,
      2.0863722505520457
    ],
    "rotation": [
      -0.027970772111851925,
      -0.004420634974622787,
      -3.001458729572031
    ]
  },
  {
    "label_id": "gUZr5WnTDZlzLkJcEjLozg",
    "size": [
      1.9475151742000363,
      4.409887397377804,
      1.3867488165983843
    ],
    "obj_class": "vehicle",
    "point_num_in_lidar": 278,
    "speed": 1.7763568394002505e-14,
    "if_vehicle": true,
    "motion_state": false,
    "pose": [
      [
        0.9965373762146917,
        -0.08273250807212976,
        0.008281902875125804,
        69.08051132179844
      ],
      [
        0.08292848906422526,
        0.9961876173355771,
        -0.027075759800796812,
        1.1713470512478352
      ],
      [
        -0.006010283575897773,
        0.027668812322916125,
        0.999599076288077,
        0.3821500316534241
      ],
      [
        0.0,
        0.0,
        0.0,
        1.0
      ]
    ],
    "location": [
      69.08051132179844,
      1.1713470512478352,
      0.3821500316534241
    ],
    "rotation": [
      0.027672843862575465,
      0.006010319761907803,
      0.0830253392096123
    ]
  },
  {
    "label_id": "kE3oOR1I9KfUcj8qqnc7oA",
    "size": [
      2.0913455513372603,
      5.14052396980888,
      2.0
    ],
    "obj_class": "vehicle",
    "point_num_in_lidar": 650,
    "speed": 0.037291223622116454,
    "if_vehicle": true,
    "motion_state": false,
    "pose": [
      [
        -0.9961088782992124,
        0.0877411685484747,
        0.008281902875125804,
        68.09565075767466
      ],
      [
        -0.08793538878678389,
        -0.9957581386210844,
        -0.027075759800796812,
        13.094638087543188
      ],
      [
        0.005871113386916149,
        -0.027698677073489192,
        0.999599076288077,
        0.6395203676175925
      ],
      [
        0.0,
        0.0,
        0.0,
        1.0
      ]
    ],
    "location": [
      68.09565075767466,
      13.094638087543188,
      0.6395203676175925
    ],
    "rotation": [
      -0.02770269769340924,
      -0.005871147116958757,
      -3.053542018456065
    ]
  },
  {
    "label_id": "koNr8QHsB4v_CDKS60snIQ",
    "size": [
      0.3373037675881309,
      0.08861196967180238,
      0.46999999999999886
    ],
    "obj_class": "sign",
    "point_num_in_lidar": 20,
    "speed": 0.00868215458848136,
    "if_vehicle": false,
    "motion_state": false,
    "pose": [
      [
        0.001181564608337654,
        0.999965006382645,
        0.008281902875125804,
        58.60645369216547
      ],
      [
        -0.9996323964491843,
        0.001405418254601172,
        -0.027075759800796812,
        17.59337828344654
      ],
      [
        -0.027086451859502283,
        -0.008246866658696925,
        0.999599076288077,
        0.867026472943337
      ],
      [
        0.0,
        0.0,
        0.0,
        1.0
      ]
    ],
    "location": [
      58.60645369216547,
      17.59337828344654,
      0.867026472943337
    ],
    "rotation": [
      -0.0082499871731232,
      0.02708976506619625,
      -1.5696143282299522
    ]
  },
  {
    "label_id": "kxcHgdzT0k4G_N-nuOlSxw",
    "size": [
      1.9132181384486162,
      3.842970712096971,
      1.5
    ],
    "obj_class": "vehicle",
    "point_num_in_lidar": 57,
    "speed": 5.3290705182007514e-14,
    "if_vehicle": true,
    "motion_state": false,
    "pose": [
      [
        -0.9954920339769687,
        0.09448291048208077,
        0.008281902875125804,
        83.53838500416623
      ],
      [
        -0.09467475172808337,
        -0.9951399874472111,
        -0.027075759800796812,
        -18.780071202761064
      ],
      [
        0.005683456133698709,
        -0.0277377902941057,
        0.999599076288077,
        1.5316920797370983
      ],
      [
        0.0,
        0.0,
        0.0,
        1.0
      ]
    ],
    "location": [
      83.53838500416623,
      -18.780071202761064,
      1.5316920797370983
    ],
    "rotation": [
      -0.02774179653796524,
      -0.005683486731667656,
      -3.0467743591476544
    ]
  },
  {
    "label_id": "tDH6kie0QuZbzKxrWj2JBg",
    "size": [
      2.0145453911282116,
      4.495980776823411,
      1.6100000000000136
    ],
    "obj_class": "vehicle",
    "point_num_in_lidar": 91,
    "speed": 0.0503582339016643,
    "if_vehicle": true,
    "motion_state": false,
    "pose": [
      [
        0.990833667339048,
        -0.13483342965385053,
        0.008281902875125804,
        84.11449844282879
      ],
      [
        0.13501081548051727,
        0.9904741202749799,
        -0.027075759800796812,
        -26.436363758622576
      ],
      [
        -0.004552292910017767,
        0.027945720840315852,
        0.999599076288077,
        2.441373242373402
      ],
      [
        0.0,
        0.0,
        0.0,
        1.0
      ]
    ],
    "location": [
      84.11449844282879,
      -26.436363758622576,
      2.441373242373402
    ],
    "rotation": [
      0.027949649232088227,
      0.004552308633306676,
      0.13542578976773026
    ]
  },
  {
    "label_id": "vJQ_clDIded5uOENI4I4YQ",
    "size": [
      2.178727820478575,
      4.716290994184759,
      1.8791319242467068
    ],
    "obj_class": "vehicle",
    "point_num_in_lidar": 1583,
    "speed": 0.018285132791749748,
    "if_vehicle": true,
    "motion_state": false,
    "pose": [
      [
        0.9957654985117699,
        -0.09155589581437894,
        0.008281902875125804,
        63.658233689560234
      ],
      [
        0.09174877119857316,
        0.9954140174895878,
        -0.027075759800796812,
        0.6013368871194018
      ],
      [
        -0.0057649767699706434,
        0.027720961867604102,
        0.999599076288077,
        0.5904250526276087
      ],
      [
        0.0,
        0.0,
        0.0,
        1.0
      ]
    ],
    "location": [
      63.658233689560234,
      0.6013368871194018,
      0.5904250526276087
    ],
    "rotation": [
      0.0277249743071419,
      0.00576500870357423,
      0.09187951341763953
    ]
  },
  {
    "label_id": "xVS8fOJBF86-8T0YnGcckA",
    "size": [
      1.8683214202349236,
      4.020142356091427,
      1.4099999999999966
    ],
    "obj_class": "vehicle",
    "point_num_in_lidar": 56,
    "speed": 1.831026719408895e-14,
    "if_vehicle": true,
    "motion_state": false,
    "pose": [
      [
        0.9968644346287117,
        -0.07869376758769456,
        0.008281902875125804,
        104.26521567856912
      ],
      [
        0.07889116422603866,
        0.9965154727540712,
        -0.027075759800796812,
        3.704903264650696
      ],
      [
        -0.0061223508098851446,
        0.027644230945789765,
        0.999599076288077,
        0.44137209796429033
      ],
      [
        0.0,
        0.0,
        0.0,
        1.0
      ]
    ],
    "location": [
      104.26521567856912,
      3.704903264650696,
      0.44137209796429033
    ],
    "rotation": [
      0.02764827143635613,
      0.006122389058059296,
      0.0789747114952631
    ]
  }
]