[
  {
    "label_id": "-JGnzjUpLFz8AkqgGh5IIQ",
    "size": [
      1.9429862470348234,
      4.467121733532059,
      1.5911670861936216
    ],
    "obj_class": "vehicle",
    "point_num_in_lidar": 29,
    "speed": 3.580361673049448e-14,
    "if_vehicle": true,
    "motion_state": false,
    "pose": [
      [
        -0.9960422862177044,
        0.08846963794342055,
        0.008537401734060325,
        -7.017123994105191
      ],
      [
        -0.08856290360873799,
        -0.9960071011554176,
        -0.011245734852430786,
        51.20982746771378
      ],
      [
        0.007508406661738401,
        -0.011957324539455935,
        0.9999003181413936,
        -0.15292251700302018
      ],
      [
        0.0,
        0.0,
        0.0,
        1.0
      ]
    ],
    "location": [
      -7.017123994105191,
      51.20982746771378,
      -0.15292251700302018
    ],
    "rotation": [
      -0.011957946588507436,
      -0.007508477212730722,
      -3.052911060868142
    ]
  },
  {
    "label_id": "-TktN3WB6zg7mbcqtA_YxQ",
    "size": [
      2.2190962183035325,
      5.258057719348935,
      1.9457144510971034
    ],
    "obj_class": "vehicle",
    "point_num_in_lidar": 38,
    "speed": 0.0784541989459825,
    "if_vehicle": true,
    "motion_state": false,
    "pose": [
      [
        0.9984343298629388,
        -0.055281115426296906,
        0.008537401734060325,
        52.09431822196643
      ],
      [
        0.055375500105935616,
        0.9984022673430016,
        -0.011245734852430786,
        -0.2913584486449281
      ],
      [
        -0.007902084482073145,
        0.0117008906318319,
        0.9999003181413936,
        0.7558399465813181
      ],
      [
        0.0,
        0.0,
        0.0,
        1.0
      ]
    ],
    "location": [
      52.09431822196643,
      -0.2913584486449281,
      0.7558399465813181
    ],
    "rotation": [
      0.011701523005869898,
      0.007902166722614165,
      0.05540557186942229
    ]
  },
  {
    "label_id": "-kZBe1CSBNx4Vln1QEyrHA",
    "size": [
      2.153597138417442,
      4.662434529255965,
      1.5800000000000125
    ],
    "obj_class": "vehicle",
    "point_num_in_lidar": 1098,
    "speed": 0.030153643299018762,
    "if_vehicle": true,
    "motion_state": false,
    "pose": [
      [
        -0.05715622526784935,
        -0.9983287427920535,
        0.008537401734060325,
        10.109003453242735
      ],
      [
        0.9982965030602776,
        -0.05725054956286523,
        -0.011245734852430786,
        -12.317822240479956
      ],
      [
        0.011715711278113917,
        0.007880094541805133,
        0.9999003181413936,
        1.1036540651271878
      ],
      [
        0.0,
        0.0,
        0.0,
        1.0
      ]
    ],
    "location": [
      10.109003453242735,
      -12.317822240479956,
      1.1036540651271878
    ],
    "rotation": [
      0.007880716972715482,
      -0.011715979306972449,
      1.6279876472841401
    ]
  },
  {
    "label_id": "004tDnXYniPAfSyhfxtVgg",
    "size": [
      2.3134237013329373,
      4.899153226705302,
      1.5648355270341767
    ],
    "obj_class": "vehicle",
    "point_num_in_lidar": 57,
    "speed": 2.220446049250313e-14,
    "if_vehicle": true,
    "motion_state": false,
    "pose": [
      [
        0.9994567596579317,
        -0.03183234747389165,
        0.008537401734060325,
        -5.91260937554091
      ],
      [
        0.031927458670377384,
        0.9994269212055878,
        -0.011245734852430786,
        32.192800534846754
      ],
      [
        -0.008174530990745325,
        0.01151220325659936,
        0.9999003181413936,
        0.18519788809001625
      ],
      [
        0.0,
        0.0,
        0.0,
        1.0
      ]
    ],
    "location": [
      -5.91260937554091,
      32.192800534846754,
      0.18519788809001625
    ],
    "rotation": [
      0.011512842243231791,
      0.00817462203453844,
      0.03193395277760364
    ]
  },
  {
    "label_id": "16CCR-nUo0Ke5k_DRrXysw",
    "size": [
      2.259362929070248,
      4.788477913614035,
      1.758372620774736
    ],
    "obj_class": "vehicle",
    "point_num_in_lidar": 20,
    "speed": 0.021327663168348478,
    "if_vehicle": true,
    "motion_state": false,
    "pose": [
      [
        0.9971375508204334,
        -0.07512534535999596,
        0.008537401734060325,
        41.25938883510207
      ],
      [
        0.07521907377007654,
        0.997103617679126,
        -0.011245734852430786,
        -1.021934225986115
      ],
      [
        -0.0076678344399957864,
        0.011855719958767885,
        0.9999003181413936,
        0.7112470197146763
      ],
      [
        0.0,
        0.0,
        0.0,
        1.0
      ]
    ],
    "location": [
      41.25938883510207,
      -1.021934225986115,
      0.7112470197146763
    ],
    "rotation": [
      0.01185634628503023,
      0.007667909581246954,
      0.07529240307895588
    ]
  },
  {
    "label_id": "2tqrXtsaOb8Er6hnMeD4yA",
    "size": [
      0.4302506139204535,
      0.09447742826333183,
      0.18999999999999773
    ],
    "obj_class": "sign",
    "point_num_in_lidar": 37,
    "speed": 0.0009546364981722327,
    "if_vehicle": false,
    "motion_state": false,
    "pose": [
      [
        -0.9980207200935609,
        -0.0623037321158316,
        0.008537401734060325,
        14.621719185914685
      ],
      [
        0.062206236277325376,
        -0.9979999587253692,
        -0.011245734852430786,
        10.720424350400265
      ],
      [
        0.009220977829905616,
        -0.010692396765940824,
        0.9999003181413936,
        2.4674237685152036
      ],
      [
        0.0,
        0.0,
        0.0,
        1.0
      ]
    ],
    "location": [
      14.621719185914685,
      10.720424350400265,
      2.4674237685152036
    ],
    "rotation": [
      -0.01069305513847234,
      -0.009221108506046547,
      3.0793435783632703
    ]
  },
  {
    "label_id": "6OjFlL7Q_guovcwo3zdcBQ",
    "size": [
      2.155029449602778,
      4.70536948148588,
      1.755650015166566
    ],
    "obj_class": "vehicle",
    "point_num_in_lidar": 442,
    "speed": 0.02382590549984871,
    "if_vehicle": true,
    "motion_state": false,
    "pose": [
      [
        -0.07461466890453554,
        -0.9971758941911391,
        0.008537401734060325,
        7.245771763139373
      ],
      [
        0.997142009055652,
        -0.074708414680591,
        -0.011245734852430786,
        22.69931362623643
      ],
      [
        0.011851791456352102,
        0.007673905134613799,
        0.9999003181413936,
        0.6582399679457751
      ],
      [
        0.0,
        0.0,
        0.0,
        1.0
      ]
    ],
    "location": [
      7.245771763139373,
      22.69931362623643,
      0.6582399679457751
    ],
    "rotation": [
      0.007674519484529063,
      -0.011852068934128523,
      1.6454856596210605
    ]
  },
  {
    "label_id": "6_1JJIYW81d3Ggc94_e4oQ",
    "size": [
      2.1065520253788166,
      4.845271544164966,
      1.4721932968977
    ],
    "obj_class": "vehicle",
    "point_num_in_lidar": 767,
    "speed": 0.031788217054032106,
    "if_vehicle": true,
    "motion_state": false,
    "pose": [
      [
        0.9994396538306414,
        -0.03236496751920343,
        0.008537401734060325,
        23.32018518411951
      ],
      [
        0.032460062800852535,
        0.99940976469644,
        -0.011245734852430786,
        -2.2072425370340056
      ],
      [
        -0.008168394814927711,
        0.011516557944428308,
        0.9999003181413936,
        0.6915487787617849
      ],
      [
        0.0,
        0.0,
        0.0,
        1.0
      ]
    ],
    "location": [
      23.32018518411951,
      -2.2072425370340056,
      0.6915487787617849
    ],
    "rotation": [
      0.011517196787742573,
      0.008168485653845717,
      0.0324668493298459
    ]
  },
  {
    "label_id": "7smZ5cUZsVHoEo6NaA-_8A",
    "size": [
      2.060188482654696,
      4.5995315342593805,
      1.5218057153942368
    ],
    "obj_class": "vehicle",
    "point_num_in_lidar": 2201,
    "speed": 2.1057680202186067,
    "if_vehicle": true,
    "motion_state": true,
    "pose": [
      [
        0.054233932055777485,
        0.9984917592976922,
        0.008537401734060325,
        2.9211017038117006
      ],
      [
        -0.9984597957855722,
        0.05432835031051765,
        -0.011245734852430786,
        10.092901721283965
      ],
      [
        -0.011692596529548639,
        -0.007914351972025242,
        0.9999003181413936,
        0.8132034629118721
      ],
      [
        0.0,
        0.0,
        0.0,
        1.0
      ]
    ],
    "location": [
      2.9211017038117006,
      10.092901721283965,
      0.8132034629118721
    ],
    "rotation": [
      -0.007914975681107729,
      0.011692862975031418,
      -1.5165320597443563
    ]
  },
  {
    "label_id": "9dK1E7yukLqZV3xaj_wIig",
    "size": [
      2.0955586239767503,
      4.606271177782434,
      1.8262575940847512
    ],
    "obj_class": "vehicle",
    "point_num_in_lidar": 194,
    "speed": 0.07991539825954559,
    "if_vehicle": true,
    "motion_state": false,
    "pose": [
      [
        -0.016808611194556202,
        -0.9998222758877408,
        0.008537401734060325,
        10.84258175504715
      ],
      [
        0.9997938701652007,
        -0.016904160071379553,
        -0.011245734852430786,
        -22.23685530005551
      ],
      [
        0.011388053819693664,
        0.008346616736119687,
        0.9999003181413936,
        2.44427426191632
      ],
      [
        0.0,
        0.0,
        0.0,
        1.0
      ]
    ],
    "location": [
      10.84258175504715,
      -22.23685530005551,
      2.44427426191632
    ],
    "rotation": [
      0.008347254950300273,
      -0.011388299982610251,
      1.5876068197736346
    ]
  },
  {
    "label_id": "ASh_4SoPlz5qkwL5QzxKGw",
    "size": [
      2.060969678080545,
      5.122046726895162,
      1.7199999999999989
    ],
    "obj_class": "vehicle",
    "point_num_in_lidar": 212,
    "speed": 0.04505482783178829,
    "if_vehicle": true,
    "motion_state": false,
    "pose": [
      [
        0.9884980087064303,
        -0.1509927135826534,
        0.008537401734060325,
        -1.5469518487628875
      ],
      [
        0.15108357946913745,
        0.9884570225672039,
        -0.011245734852430786,
        -27.29722977492537
      ],
      [
        -0.006740830676909807,
        0.01240624772141619,
        0.9999003181413936,
        3.0401123724483625
      ],
      [
        0.0,
        0.0,
        0.0,
        1.0
      ]
    ],
    "location": [
      -1.5469518487628875,
      -27.29722977492537,
      3.0401123724483625
    ],
    "rotation": [
      0.012406847888488943,
      0.00674088172716115,
      0.15166781602056711
    ]
  },
  {
    "label_id": "E4SZTBYIAyuKYLygem9hXw",
    "size": [
      1.97155892242193,
      4.224433822501395,
      1.3100000000000023
    ],
    "obj_class": "vehicle",
    "point_num_in_lidar": 107,
    "speed": 0.009517529337273654,
    "if_vehicle": true,
    "motion_state": false,
    "pose": [
      [
        -0.9986186552830968,
        0.05184490420678499,
        0.008537401734060325,
        -1.4130287902463579
      ],
      [
        -0.051939398663399014,
        -0.998586917756343,
        -0.011245734852430786,
        -24.432298455197838
      ],
      [
        0.00794230363710378,
        -0.01167362812821964,
        0.9999003181413936,
        2.6900301942777958
      ],
      [
        0.0,
        0.0,
        0.0,
        1.0
      ]
    ],
    "location": [
      -1.4130287902463579,
      -24.432298455197838,
      2.6900301942777958
    ],
    "rotation": [
      -0.011674261508857127,
      -0.007942387139807308,
      -3.0896282332368457
    ]
  },
  {
    "label_id": "ESbEQaOTeTHhYC0unOGdsQ",
    "size": [
      1.9232519189919783,
      4.1528109903756585,
      1.5148355270341654
    ],
    "obj_class": "vehicle",
    "point_num_in_lidar": 31,
    "speed": 0.011089804433159314,
    "if_vehicle": true,
    "motion_state": false,
    "pose": [
      [
        0.9978103369467354,
        -0.06558692136298065,
        0.008537401734060325,
        -6.123180557983574
      ],
      [
        0.06568096996870633,
        0.9977773016217591,
        -0.011245734852430786,
        37.66816753257572
      ],
      [
        -0.007780852537636328,
        0.011781855309223205,
        0.9999003181413936,
        0.3948584955145975
      ],
      [
        0.0,
        0.0,
        0.0,
        1.0
      ]
    ],
    "location": [
      -6.123180557983574,
      37.66816753257572,
      0.3948584955145975
    ],
    "rotation": [
      0.011782484591154467,
      0.007780931050738202,
      0.06573027899824352
    ]
  },
  {
    "label_id": "FJYkxRLHRb93ZMGg32MbWQ",
    "size": [
      2.209120146936165,
      4.612479673477537,
      1.9199999999999875
    ],
    "obj_class": "vehicle",
    "point_num_in_lidar": 1511,
    "speed": 0.03335301670806017,
    "if_vehicle": true,
    "motion_state": false,
    "pose": [
      [
        -0.9969310822267965,
        0.07781728639408851,
        0.008537401734060325,
        -2.0357026836227305
      ],
      [
        -0.07791092284498506,
        -0.996896896147777,
        -0.011245734852430786,
        -19.574188254413656
      ],
      [
        0.007635796720127797,
        -0.011876379464668442,
        0.9999003181413936,
        2.065469594576143
      ],
      [
        0.0,
        0.0,
        0.0,
        1.0
      ]
    ],
    "location": [
      -2.0357026836227305,
      -19.574188254413656,
      2.065469594576143
    ],
    "rotation": [
      -0.011877004941129745,
      -0.0076358709234276454,
      -3.063600414984198
    ]
  },
  {
    "label_id": "FLen59IAM_bXFeBGOY6Esw",
    "size": [
      0.5005876084273104,
      0.11481350884087005,
      0.5
    ],
    "obj_class": "sign",
    "point_num_in_lidar": 28,
    "speed": 0.015878560232010046,
    "if_vehicle": false,
    "motion_state": false,
    "pose": [
      [
        0.9883512517756227,
        -0.15195037309987428,
        0.008537401734060325,
        38.32096373408456
      ],
      [
        0.15204119923328974,
        0.9883101776180048,
        -0.011245734852430786,
        -3.0780204512632565
      ],
      [
        -0.006728807417576303,
        0.012412772916519613,
        0.9999003181413936,
        3.1385970350328876
      ],
      [
        0.0,
        0.0,
        0.0,
        1.0
      ]
    ],
    "location": [
      38.32096373408456,
      -3.0780204512632565,
      3.1385970350328876
    ],
    "rotation": [
      0.012413372729101407,
      0.006728858195144076,
      0.15263663790815205
    ]
  },
  {
    "label_id": "Fa_9NGKVySbo9u6RqA4V2Q",
    "size": [
      0.4066769035776425,
      0.07669842641051185,
      0.5699999999999932
    ],
    "obj_class": "sign",
    "point_num_in_lidar": 25,
    "speed": 0.010353903704136245,
    "if_vehicle": false,
    "motion_state": false,
    "pose": [
      [
        -0.975064866196492,
        -0.22175576538355918,
        0.008537401734060325,
        38.2499903452059
      ],
      [
        0.22165620091275842,
        -0.9750600299697203,
        -0.011245734852430786,
        -2.77107891331093
      ],
      [
        0.010818285730177757,
        -0.009072952915128845,
        0.9999003181413936,
        2.5770659187353147
      ],
      [
        0.0,
        0.0,
        0.0,
        1.0
      ]
    ],
    "location": [
      38.2499903452059,
      -2.77107891331093,
      2.5770659187353147
    ],
    "rotation": [
      -0.00907360839472319,
      -0.01081849676152249,
      2.918066757081759
    ]
  },
  {
    "label_id": "GR2S0cRLIKCA7TZlaRQUiw",
    "size": [
      1.9826283569096055,
      4.669387331335671,
      2.2548355270341744
    ],
    "obj_class": "vehicle",
    "point_num_in_lidar": 188,
    "speed": 3.614624287906422e-14,
    "if_vehicle": true,
    "motion_state": false,
    "pose": [
      [
        0.9994846827450561,
        -0.030943201670897685,
        0.008537401734060325,
        -6.6703894605926735
      ],
      [
        0.031038339374526082,
        0.9994549289170076,
        -0.011245734852430786,
        40.64822265469357
      ],
      [
        -0.00818476920177499,
        0.011504926503615235,
        0.9999003181413936,
        0.41403777247001017
      ],
      [
        0.0,
        0.0,
        0.0,
        1.0
      ]
    ],
    "location": [
      -6.6703894605926735,
      40.64822265469357,
      0.41403777247001017
    ],
    "rotation": [
      0.011505565728760278,
      0.00818486058808767,
      0.031044365337327295
    ]
  },
  {
    "label_id": "HU0fq4SmLbWf8TBk8acnew",
    "size": [
      1.993466196305379,
      4.4272923870399845,
      1.4483726207747338
    ],
    "obj_class": "vehicle",
    "point_num_in_lidar": 84,
    "speed": 0.06561438761701736,
    "if_vehicle": true,
    "motion_state": false,
    "pose": [
      [
        0.9982450115524782,
        -0.058600423908226854,
        0.008537401734060325,
        35.35198044683807
      ],
      [
        0.058694701464085085,
        0.9982126353977246,
        -0.011245734852430786,
        -1.13976351278842
      ],
      [
        -0.007863137454893495,
        0.01172709896374051,
        0.9999003181413936,
        0.5853629079420841
      ],
      [
        0.0,
        0.0,
        0.0,
        1.0
      ]
    ],
    "location": [
      35.35198044683807,
      -1.13976351278842,
      0.5853629079420841
    ],
    "rotation": [
      0.011727730353704332,
      0.007863218485378073,
      0.058730272757267055
    ]
  },
  {
    "label_id": "JCDdYUT-UV2oxkxdT7TaPw",
    "size": [
      3.559081623539326,
      6.254139630824458,
      2.4000000000000057
    ],
    "obj_class": "vehicle",
    "point_num_in_lidar": 104,
    "speed": 0.1222884295349517,
    "if_vehicle": true,
    "motion_state": false,
    "pose": [
      [
        -0.1046996264362033,
        -0.9944672448078673,
        0.008537401734060325,
        5.318950354835351
      ],
      [
        0.9944305436069788,
        -0.10479230596354652,
        -0.011245734852430786,
        55.835820634704774
      ],
      [
        0.012078168969186015,
        0.007312428809342676,
        0.9999003181413936,
        0.5385376253080381
      ],
      [
        0.0,
        0.0,
        0.0,
        1.0
      ]
    ],
    "location": [
      5.318950354835351,
      55.835820634704774,
      0.5385376253080381
    ],
    "rotation": [
      0.007313027427910791,
      -0.012078462653373616,
      1.675695869407926
    ]
  },
  {
    "label_id": "Ji9qNAyVM781UZPbq91ksQ",
    "size": [
      2.1530767782148836,
      4.794953077068618,
      1.5705168509874454
    ],
    "obj_class": "vehicle",
    "point_num_in_lidar": 59,
    "speed": 0.001565869524008661,
    "if_vehicle": true,
    "motion_state": false,
    "pose": [
      [
        -0.9989407742986172,
        0.04521550857073689,
        0.008537401734060325,
        49.01575819788718
      ],
      [
        -0.04531021160119735,
        -0.9989096646705765,
        -0.011245734852430786,
        11.700602640448636
      ],
      [
        0.008019611482723878,
        -0.011620654560138857,
        0.9999003181413936,
        0.5357898247219168
      ],
      [
        0.0,
        0.0,
        0.0,
        1.0
      ]
    ],
    "location": [
      49.01575819788718,
      11.700602640448636,
      0.5357898247219168
    ],
    "rotation": [
      -0.011621289847109932,
      -0.008019697447652322,
      -3.096265465275721
    ]
  },
  {
    "label_id": "K0UQcsCsOoetZk_y1Ie_4w",
    "size": [
      1.7851949029033336,
      4.155807753026481,
      1.5048355270341744
    ],
    "obj_class": "vehicle",
    "point_num_in_lidar": 57,
    "speed": 0.036344812654386306,
    "if_vehicle": true,
    "motion_state": false,
    "pose": [
      [
        -0.9998635959819991,
        0.014138677504526277,
        0.008537401734060325,
        -6.314375926662024
      ],
      [
        -0.014234301893855153,
        -0.9998354455095216,
        -0.011245734852430786,
        43.813257318318605
      ],
      [
        0.008376997047888036,
        -0.011365724842683278,
        0.9999003181413936,
        -0.07238965817208509
      ],
      [
        0.0,
        0.0,
        0.0,
        1.0
      ]
    ],
    "location": [
      -6.314375926662024,
      43.813257318318605,
      -0.07238965817208509
    ],
    "rotation": [
      -0.011366368396790887,
      -0.008377095025658234,
      -3.127357371454348
    ]
  },
  {
    "label_id": "NjQjKUN8pI-ZQimlGuoBsQ",
    "size": [
      1.9460049702311932,
      4.277104600442166,
      1.4499999999999886
    ],
    "obj_class": "vehicle",
    "point_num_in_lidar": 93,
    "speed": 0.021542917148859198,
    "if_vehicle": true,
    "motion_state": false,
    "pose": [
      [
        -0.9984424299995859,
        0.05513462385972428,
        0.008537401734060325,
        -5.379136145492566
      ],
      [
        -0.05522901324258205,
        -0.9984103813281788,
        -0.011245734852430786,
        23.676338052167736
      ],
      [
        0.00790380115974006,
        -0.011699731106619688,
        0.9999003181413936,
        0.3657273711157245
      ],
      [
        0.0,
        0.0,
        0.0,
        1.0
      ]
    ],
    "location": [
      -5.379136145492566,
      23.676338052167736,
      0.3657273711157245
    ],
    "rotation": [
      -0.011700363523824118,
      -0.007903883453892434,
      -3.0863337969465814
    ]
  },
  {
    "label_id": "PXj8sfLxm4G0QYW3eph7tg",
    "size": [
      1.9427759387685934,
      4.908776685589363,
      1.556547947574785
    ],
    "obj_class": "vehicle",
    "point_num_in_lidar": 22,
    "speed": 3.7221458391556904e-14,
    "if_vehicle": true,
    "motion_state": false,
    "pose": [
      [
        0.9995845195999774,
        -0.02753000086657844,
        0.008537401734060325,
        -7.306603528444612
      ],
      [
        0.0276252396182976,
        0.9995550908197409,
        -0.011245734852430786,
        47.63834429088615
      ],
      [
        -0.00822400827542055,
        0.011476910238636834,
        0.9999003181413936,
        0.12035841012215087
      ],
      [
        0.0,
        0.0,
        0.0,
        1.0
      ]
    ],
    "location": [
      -7.306603528444612,
      47.63834429088615,
      0.12035841012215087
    ],
    "rotation": [
      0.011477550370711163,
      0.008224100982432578,
      0.02762968915472051
    ]
  },
  {
    "label_id": "Pq9W_07CA8LHuQphLoWheQ",
    "size": [
      1.966244877442821,
      4.400241273176624,
      1.4223564566902667
    ],
    "obj_class": "vehicle",
    "point_num_in_lidar": 99,
    "speed": 0.011151810015612015,
    "if_vehicle": true,
    "motion_state": false,
    "pose": [
      [
        -0.9967976672789807,
        0.07950800763956903,
        0.008537401734060325,
        31.695752347321672
      ],
      [
        -0.07960158597489582,
        -0.9967633224381355,
        -0.011245734852430786,
        10.250432016589542
      ],
      [
        0.0076156429448714326,
        -0.011889312985876968,
        0.9999003181413936,
        0.5850901432757212
      ],
      [
        0.0,
        0.0,
        0.0,
        1.0
      ]
    ],
    "location": [
      31.695752347321672,
      10.250432016589542,
      0.5850901432757212
    ],
    "rotation": [
      -0.011889937925176267,
      -0.007615716562158213,
      -3.061904446442274
    ]
  },
  {
    "label_id": "Q175aDJRl7PlCgCobA9ChQ",
    "size": [
      0.8168809500625264,
      0.09569916411282975,
      0.8100000000000023
    ],
    "obj_class": "sign",
    "point_num_in_lidar": 88,
    "speed": 0.0010810877780665174,
    "if_vehicle": false,
    "motion_state": false,
    "pose": [
      [
        -0.9980207200935655,
        -0.062303732115759757,
        0.008537401734060325,
        14.623153304031007
      ],
      [
        0.06220623627725355,
        -0.9979999587253736,
        -0.011245734852430786,
        10.720617135756711
      ],
      [
        0.009220977829904848,
        -0.010692396765941489,
        0.9999003181413936,
        2.97742376851528
      ],
      [
        0.0,
        0.0,
        0.0,
        1.0
      ]
    ],
    "location": [
      14.623153304031007,
      10.720617135756711,
      2.97742376851528
    ],
    "rotation": [
      -0.010693055138473004,
      -0.009221108506045779,
      3.0793435783633423
    ]
  },
  {
    "label_id": "TxDpQtbbV3Ouw__NmluJlQ",
    "size": [
      1.0547902872616655,
      1.036722019424516,
      1.8600000000000136
    ],
    "obj_class": "pedestrian",
    "point_num_in_lidar": 32,
    "speed": 1.6125826295620385,
    "if_vehicle": false,
    "motion_state": true,
    "pose": [
      [
        -0.04247909484833704,
        -0.9990608786618047,
        0.008537401734060325,
        -10.88577183575785
      ],
      [
        0.9990300285558478,
        -0.042573882737319074,
        -0.011245734852430786,
        35.3059858512961
      ],
      [
        0.01159864408317445,
        0.008051412060735374,
        0.9999003181413936,
        0.3390584373360923
      ],
      [
        0.0,
        0.0,
        0.0,
        1.0
      ]
    ],
    "location": [
      -10.88577183575785,
      35.3059858512961,
      0.3390584373360923
    ],
    "rotation": [
      0.008052040696967331,
      -0.01159890415703698,
      1.6132910676239762
    ]
  },
  {
    "label_id": "ZFvMr9wN9-CPPx0LnQsiyw",
    "size": [
      0.9106749139701704,
      0.6788900799441303,
      1.740000000000009
    ],
    "obj_class": "pedestrian",
    "point_num_in_lidar": 81,
    "speed": 0.22150870178005055,
    "if_vehicle": false,
    "motion_state": false,
    "pose": [
      [
        -0.9967404868441806,
        -0.08022165952694507,
        0.008537401734060325,
        35.63945520901473
      ],
      [
        0.0801238064725329,
        -0.9967214801959378,
        -0.011245734852430786,
        -5.003085818945323
      ],
      [
        0.009411563205861975,
        -0.010525030107414315,
        0.9999003181413936,
        0.9813113164973686
      ],
      [
        0.0,
        0.0,
        0.0,
        1.0
      ]
    ],
    "location": [
      35.63945520901473,
      -5.003085818945323,
      0.9813113164973686
    ],
    "rotation": [
      -0.010525690635014098,
      -0.00941170215355827,
      3.061379308104714
    ]
  },
  {
    "label_id": "ZPbRMB_zowfPYYe8Mud0Lw",
    "size": [
      1.790374104585835,
      3.7045016183721193,
      1.5148355270341654
    ],
    "obj_class": "vehicle",
    "point_num_in_lidar": 36,
    "speed": 7.191640501203643e-14,
    "if_vehicle": true,
    "motion_state": false,
    "pose": [
      [
        -0.9986657646380027,
        0.05092939535891341,
        0.008537401734060325,
        -5.9559829862458855
      ],
      [
        -0.05102391887130512,
        -0.9986341137527014,
        -0.011245734852430786,
        35.041909429613625
      ],
      [
        0.007953002138043149,
        -0.01166634208876946,
        0.9999003181413936,
        0.304859868805579
      ],
      [
        0.0,
        0.0,
        0.0,
        1.0
      ]
    ],
    "location": [
      -5.9559829862458855,
      35.041909429613625,
      0.304859868805579
    ],
    "rotation": [
      -0.011666975735485394,
      -0.00795308597864914,
      -3.0905449533005402
    ]
  },
  {
    "label_id": "_cqh80UXdkf7A2Uf9Nd09w",
    "size": [
      2.7446487319770894,
      7.000101787777974,
      2.3102425954895978
    ],
    "obj_class": "vehicle",
    "point_num_in_lidar": 3315,
    "speed": 3.7221458391556904e-14,
    "if_vehicle": true,
    "motion_state": false,
    "pose": [
      [
        0.9987465553277305,
        -0.04931968159491393,
        0.008537401734060325,
        -3.0104291858052648
      ],
      [
        0.04941425599936222,
        0.9987150568363623,
        -0.011245734852430786,
        13.273276314099334
      ],
      [
        -0.007971795595844202,
        0.011653508300850508,
        0.9999003181413936,
        1.072897184087509
      ],
      [
        0.0,
        0.0,
        0.0,
        1.0
      ]
    ],
    "location": [
      -3.0104291858052648,
      13.273276314099334,
      1.072897184087509
    ],
    "rotation": [
      0.011654142413230779,
      0.00797188003222949,
      0.049435959946925075
    ]
  },
  {
    "label_id": "aLKLRVALSecdklsZzsqb1w",
    "size": [
      2.279181251532649,
      4.723665906330695,
      1.6483726207747225
    ],
    "obj_class": "vehicle",
    "point_num_in_lidar": 293,
    "speed": 0.012267221326982556,
    "if_vehicle": true,
    "motion_state": false,
    "pose": [
      [
        0.9941308490255532,
        -0.10784696466458536,
        0.008537401734060325,
        28.669288590932297
      ],
      [
        0.10793952755452066,
        0.9940938546429788,
        -0.011245734852430786,
        -1.7632450286705819
      ],
      [
        -0.00727416022919028,
        0.012101255046480887,
        0.9999003181413936,
        0.734480978415462
      ],
      [
        0.0,
        0.0,
        0.0,
        1.0
      ]
    ],
    "location": [
      28.669288590932297,
      -1.7632450286705819,
      0.734480978415462
    ],
    "rotation": [
      0.012101870613466953,
      0.0072742243808179875,
      0.10815310629423579
    ]
  },
  {
    "label_id": "auXhaEEj7_TnIkSP3tzCWw",
    "size": [
      1.9383903580788586,
      4.5786654796276824,
      1.5670055110724945
    ],
    "obj_class": "vehicle",
    "point_num_in_lidar": 104,
    "speed": 9.116360695629437,
    "if_vehicle": true,
    "motion_state": true,
    "pose": [
      [
        0.05735889347007272,
        0.9983171190115494,
        0.008537401734060325,
        4.8402477942792075
      ],
      [
        -0.9982848601317892,
        0.05745321121820019,
        -0.011245734852430786,
        -32.09669648154593
      ],
      [
        -0.01171731076412807,
        -0.007877715988582043,
        0.9999003181413936,
        3.6367120117036222
      ],
      [
        0.0,
        0.0,
        0.0,
        1.0
      ]
    ],
    "location": [
      4.8402477942792075,
      -32.09669648154593,
      3.6367120117036222
    ],
    "rotation": [
      -0.007878338330058946,
      0.01171757890278393,
      -1.5134019900114613
    ]
  },
  {
    "label_id": "djwJETMnF8x4cVGX3MsC8A",
    "size": [
      1.982339009146679,
      4.458846597593478,
      1.4782598895759236
    ],
    "obj_class": "vehicle",
    "point_num_in_lidar": 1231,
    "speed": 0.059888787844100524,
    "if_vehicle": true,
    "motion_state": false,
    "pose": [
      [
        -0.9961807136677744,
        0.08689705684311201,
        0.008537401734060325,
        18.065778108255927
      ],
      [
        -0.08699037793952911,
        -0.9961456758896096,
        -0.011245734852430786,
        9.342531563421176
      ],
      [
        0.007527274560002402,
        -0.011945455974480563,
        0.9999003181413936,
        0.5860345076937392
      ],
      [
        0.0,
        0.0,
        0.0,
        1.0
      ]
    ],
    "location": [
      18.065778108255927,
      9.342531563421176,
      0.5860345076937392
    ],
    "rotation": [
      -0.011946078535853605,
      -0.007527345644204858,
      -3.0544897123456707
    ]
  },
  {
    "label_id": "eYuikztkR3GVWeq2x3R4vg",
    "size": [
      2.082652378018849,
      4.727294552036573,
      1.6500000000000057
    ],
    "obj_class": "vehicle",
    "point_num_in_lidar": 64,
    "speed": 0.036764946297026466,
    "if_vehicle": true,
    "motion_state": false,
    "pose": [
      [
        -0.9986657646380028,
        0.05092939535891252,
        0.008537401734060325,
        -5.417117709828858
      ],
      [
        -0.05102391887130423,
        -0.9986341137527014,
        -0.011245734852430786,
        26.343455763915188
      ],
      [
        0.00795300213804316,
        -0.011666342088769455,
        0.9999003181413936,
        0.46244218158247463
      ],
      [
        0.0,
        0.0,
        0.0,
        1.0
      ]
    ],
    "location": [
      -5.417117709828858,
      26.343455763915188,
      0.46244218158247463
    ],
    "rotation": [
      -0.01166697573548539,
      -0.00795308597864915,
      -3.090544953300541
    ]
  },
  {
    "label_id": "fry9BMc6wlzy3IkT7E6Lqg",
    "size": [
      1.990341975147653,
      4.870454643302343,
      1.4605168509874602
    ],
    "obj_class": "vehicle",
    "point_num_in_lidar": 43,
    "speed": 0.018403081505785734,
    "if_vehicle": true,
    "motion_state": false,
    "pose": [
      [
        -0.9967976672789832,
        0.07950800763953626,
        0.008537401734060325,
        37.14019235258786
      ],
      [
        -0.07960158597486307,
        -0.9967633224381379,
        -0.011245734852430786,
        10.770929234967468
      ],
      [
        0.007615642944871823,
        -0.011889312985876716,
        0.9999003181413936,
        0.5324539939195461
      ],
      [
        0.0,
        0.0,
        0.0,
        1.0
      ]
    ],
    "location": [
      37.14019235258786,
      10.770929234967468,
      0.5324539939195461
    ],
    "rotation": [
      -0.011889937925176015,
      -0.007615716562158603,
      -3.061904446442307
    ]
  },
  {
    "label_id": "hIXIgHw3ha67NHMRblswLg",
    "size": [
      2.0140837000090666,
      3.9843474780506,
      1.6662575940847546
    ],
    "obj_class": "vehicle",
    "point_num_in_lidar": 553,
    "speed": 0.05283100917140845,
    "if_vehicle": true,
    "motion_state": false,
    "pose": [
      [
        -0.0571562252678396,
        -0.9983287427920541,
        0.008537401734060325,
        10.354730530338202
      ],
      [
        0.9982965030602782,
        -0.05725054956285548,
        -0.011245734852430786,
        -16.964417427963156
      ],
      [
        0.011715711278113841,
        0.007880094541805247,
        0.9999003181413936,
        1.7522803034853212
      ],
      [
        0.0,
        0.0,
        0.0,
        1.0
      ]
    ],
    "location": [
      10.354730530338202,
      -16.964417427963156,
      1.7522803034853212
    ],
    "rotation": [
      0.007880716972715597,
      -0.011715979306972372,
      1.6279876472841304
    ]
  },
  {
    "label_id": "hMTaiHjlyCYTfWVtqZpX8g",
    "size": [
      2.2104706757648125,
      5.235724388199792,
      2.0
    ],
    "obj_class": "vehicle",
    "point_num_in_lidar": 176,
    "speed": 0.04450304588418957,
    "if_vehicle": true,
    "motion_state": false,
    "pose": [
      [
        -0.9932900239672069,
        0.11533447471964638,
        0.008537401734060325,
        -0.47467800867389087
      ],
      [
        -0.11542675623693731,
        -0.9932523331924509,
        -0.011245734852430786,
        -29.854159272482065
      ],
      [
        0.0071827732697151685,
        -0.012155720829954015,
        0.9999003181413936,
        3.551302927193973
      ],
      [
        0.0,
        0.0,
        0.0,
        1.0
      ]
    ],
    "location": [
      -0.47467800867389087,
      -29.854159272482065,
      3.551302927193973
    ],
    "rotation": [
      -0.012156333813572251,
      -0.0071828350336997585,
      -3.0259050390462137
    ]
  },
  {
    "label_id": "hTFKTsmDpSki6iawT_rpqQ",
    "size": [
      1.9303536955907168,
      4.696774753138751,
      1.681167086193625
    ],
    "obj_class": "vehicle",
    "point_num_in_lidar": 24,
    "speed": 0.020417233718409027,
    "if_vehicle": true,
    "motion_state": false,
    "pose": [
      [
        -0.9960422862177091,
        0.08846963794336793,
        0.008537401734060325,
        -7.517062030186139
      ],
      [
        -0.08856290360868535,
        -0.9960071011554223,
        -0.011245734852430786,
        54.091453304969576
      ],
      [
        0.007508406661739034,
        -0.01195732453945554,
        0.9999003181413936,
        -0.06792251700306906
      ],
      [
        0.0,
        0.0,
        0.0,
        1.0
      ]
    ],
    "location": [
      -7.517062030186139,
      54.091453304969576,
      -0.06792251700306906
    ],
    "rotation": [
      -0.01195794658850704,
      -0.007508477212731356,
      -3.052911060868195
    ]
  },
  {
    "label_id": "hb0ASarWGWDxr2SxCcea0A",
    "size": [
      0.42880184881092437,
      0.07469978022218265,
      0.6044489512381972
    ],
    "obj_class": "sign",
    "point_num_in_lidar": 75,
    "speed": 0.020607252988137984,
    "if_vehicle": false,
    "motion_state": false,
    "pose": [
      [
        -0.8858913365585324,
        -0.4638142436171709,
        0.008537401734060325,
        25.979136605926556
      ],
      [
        0.4637167549234209,
        -0.8859121314503605,
        -0.011245734852430786,
        -3.6233734408266116
      ],
      [
        0.012779319771768827,
        -0.006003562851406739,
        0.9999003181413936,
        2.568284322985477
      ],
      [
        0.0,
        0.0,
        0.0,
        1.0
      ]
    ],
    "location": [
      25.979136605926556,
      -3.6233734408266116,
      2.568284322985477
    ],
    "rotation": [
      -0.006004089209017984,
      -0.012779667631278274,
      2.6593642335659937
    ]
  },
  {
    "label_id": "hnsLLQtV8qYTclQo4NOOyQ",
    "size": [
      0.4994892580245968,
      0.10617673472904698,
      0.1599999999999966
    ],
    "obj_class": "sign",
    "point_num_in_lidar": 37,
    "speed": 0.005696614697731734,
    "if_vehicle": false,
    "motion_state": false,
    "pose": [
      [
        0.060440164344816055,
        0.9981353111204928,
        0.008537401734060325,
        11.267811908526596
      ],
      [
        -0.998102761260166,
        0.06053438206888072,
        -0.011245734852430786,
        -8.357146434659256
      ],
      [
        -0.011741571394154705,
        -0.007841510182093796,
        0.9999003181413936,
        2.493416306619764
      ],
      [
        0.0,
        0.0,
        0.0,
        1.0
      ]
    ],
    "location": [
      11.267811908526596,
      -8.357146434659256,
      2.493416306619764
    ],
    "rotation": [
      -0.007842131151243556,
      0.011741841201869552,
      -1.5103151293657513
    ]
  },
  {
    "label_id": "i4WEZxXNh4J1GX9xl5n5eQ",
    "size": [
      1.9322981237294699,
      4.718592850396311,
      1.4782598895759236
    ],
    "obj_class": "vehicle",
    "point_num_in_lidar": 620,
    "speed": 0.028845201544790484,
    "if_vehicle": true,
    "motion_state": false,
    "pose": [
      [
        -0.9961807136677783,
        0.08689705684306732,
        0.008537401734060325,
        24.227479304198027
      ],
      [
        -0.08699037793948443,
        -0.9961456758896134,
        -0.011245734852430786,
        9.789773788196754
      ],
      [
        0.007527274560002938,
        -0.011945455974480225,
        0.9999003181413936,
        0.5860345076937108
      ],
      [
        0.0,
        0.0,
        0.0,
        1.0
      ]
    ],
    "location": [
      24.227479304198027,
      9.789773788196754,
      0.5860345076937108
    ],
    "rotation": [
      -0.011946078535853267,
      -0.007527345644205394,
      -3.0544897123457155
    ]
  },
  {
    "label_id": "iefMuR4TcszCUDTBg14MBA",
    "size": [
      1.879200833270583,
      3.5256488099086702,
      1.4911670861936273
    ],
    "obj_class": "vehicle",
    "point_num_in_lidar": 30,
    "speed": 1.7763568394002505e-14,
    "if_vehicle": true,
    "motion_state": false,
    "pose": [
      [
        -0.9891670650890073,
        0.14654565880581696,
        0.008537401734060325,
        -6.904858972764373
      ],
      [
        -0.14663670809852994,
        -0.9891264880113441,
        -0.011245734852430786,
        59.01337342118347
      ],
      [
