[
  {
    "label_id": "-JGnzjUpLFz8AkqgGh5IIQ",
    "size": [
      1.9429862470348227,
      4.467121733532059,
      1.5911670861936216
    ],
    "obj_class": "vehicle",
    "point_num_in_lidar": 34,
    "speed": 9.699303234067451e-30,
    "if_vehicle": true,
    "motion_state": false,
    "pose": [
      [
        -0.9960602544289838,
        0.08847123390091202,
        0.0060671508072773425,
        -7.017123994105077
      ],
      [
        -0.08856447973403388,
        -0.9959190164136372,
        -0.017367949652550813,
        51.20982746771382
      ],
      [
        0.00450582692832677,
        -0.017836858404543982,
        0.999830757681493,
        -0.15292251700302018
      ],
      [
        0.0,
        0.0,
        0.0,
        1.0
      ]
    ],
    "location": [
      -7.017123994105077,
      51.20982746771382,
      -0.15292251700302018
    ],
    "rotation": [
      -0.017837985447620577,
      -0.0045058421750401425,
      -3.0529110822984844
    ]
  },
  {
    "label_id": "-TktN3WB6zg7mbcqtA_YxQ",
    "size": [
      2.219096218303531,
      5.258057719348935,
      1.9457144510971034
    ],
    "obj_class": "vehicle",
    "point_num_in_lidar": 37,
    "speed": 0.08516388478534484,
    "if_vehicle": true,
    "motion_state": false,
    "pose": [
      [
        0.9984523412257456,
        -0.05528211267588479,
        0.0060671508072773425,
        52.08428169814454
      ],
      [
        0.055380006045454136,
        0.9983142838080963,
        -0.017367949652550813,
        -0.29371353158811075
      ],
      [
        -0.005096786363281385,
        0.017677068841265933,
        0.999830757681493,
        0.7558399465813181
      ],
      [
        0.0,
        0.0,
        0.0,
        1.0
      ]
    ],
    "location": [
      52.08428169814454,
      -0.29371353158811075,
      0.7558399465813181
    ],
    "rotation": [
      0.017678219229851466,
      0.005096808430272327,
      0.05540907352071174
    ]
  },
  {
    "label_id": "-kZBe1CSBNx4Vln1QEyrHA",
    "size": [
      2.1535971384174424,
      4.662434529255965,
      1.5800000000000125
    ],
    "obj_class": "vehicle",
    "point_num_in_lidar": 1211,
    "speed": 0.03863904574138278,
    "if_vehicle": true,
    "motion_state": false,
    "pose": [
      [
        -0.05715725634368385,
        -0.9983467522501109,
        0.0060671508072773425,
        10.109448297341032
      ],
      [
        0.9982085112177297,
        -0.05725489024834724,
        -0.017367949652550813,
        -12.329545216139934
      ],
      [
        0.01768661018245838,
        0.005063577224210722,
        0.999830757681493,
        1.1036540651271878
      ],
      [
        0.0,
        0.0,
        0.0,
        1.0
      ]
    ],
    "location": [
      10.109448297341032,
      -12.329545216139934,
      1.1036540651271878
    ],
    "rotation": [
      0.0050643910431135185,
      -0.01768753242192374,
      1.6279937072488544
    ]
  },
  {
    "label_id": "004tDnXYniPAfSyhfxtVgg",
    "size": [
      2.3134237013329377,
      4.899153226705302,
      1.5648355270341767
    ],
    "obj_class": "vehicle",
    "point_num_in_lidar": 85,
    "speed": 2.220446049250313e-14,
    "if_vehicle": true,
    "motion_state": false,
    "pose": [
      [
        0.9994747894649698,
        -0.031832921716927386,
        0.0060671508072773425,
        -5.9126093755411375
      ],
      [
        0.031934028367455916,
        0.9993390676627694,
        -0.017367949652550813,
        32.192800534846754
      ],
      [
        -0.005510268249440772,
        0.017552576388410644,
        0.999830757681493,
        0.1863845311169996
      ],
      [
        0.0,
        0.0,
        0.0,
        1.0
      ]
    ],
    "location": [
      -5.9126093755411375,
      32.192800534846754,
      0.1863845311169996
    ],
    "rotation": [
      0.017553744339590262,
      0.005510296134585851,
      0.03193994355094936
    ]
  },
  {
    "label_id": "16CCR-nUo0Ke5k_DRrXysw",
    "size": [
      2.2593629290702473,
      4.788477913614035,
      1.758372620774736
    ],
    "obj_class": "vehicle",
    "point_num_in_lidar": 20,
    "speed": 0.021327663168385056,
    "if_vehicle": true,
    "motion_state": false,
    "pose": [
      [
        0.9971555387898561,
        -0.07512670059169158,
        0.0060671508072773425,
        41.25580215304399
      ],
      [
        0.07522182915180804,
        0.9970155619366845,
        -0.017367949652550813,
        -1.019623872274508
      ],
      [
        -0.004744247018033471,
        0.017774929374927667,
        0.999830757681493,
        0.7116063746243242
      ],
      [
        0.0,
        0.0,
        0.0,
        1.0
      ]
    ],
    "location": [
      41.25580215304399,
      -1.019623872274508,
      0.7116063746243242
    ],
    "rotation": [
      0.017776065573571285,
      0.004744264815370644,
      0.07529379759183788
    ]
  },
  {
    "label_id": "2tqrXtsaOb8Er6hnMeD4yA",
    "size": [
      0.4302506139204524,
      0.09447742826333183,
      0.18999999999999773
    ],
    "obj_class": "sign",
    "point_num_in_lidar": 37,
    "speed": 0.0009546364741133329,
    "if_vehicle": false,
    "motion_state": false,
    "pose": [
      [
        -0.9980387239950104,
        -0.06230485605065915,
        0.0060671508072773425,
        14.621904968508375
      ],
      [
        0.06219143341654814,
        -0.9979131124173395,
        -0.017367949652550813,
        10.72038016224137
      ],
      [
        0.00713659694859278,
        -0.016956561504182448,
        0.999830757681493,
        2.467481583959824
      ],
      [
        0.0,
        0.0,
        0.0,
        1.0
      ]
    ],
    "location": [
      14.621904968508375,
      10.72038016224137,
      2.467481583959824
    ],
    "rotation": [
      -0.01695780606787459,
      -0.007136657529003467,
      3.0793594729604874
    ]
  },
  {
    "label_id": "6OjFlL7Q_guovcwo3zdcBQ",
    "size": [
      2.155029449602778,
      4.70536948148588,
      1.755650015166566
    ],
    "obj_class": "vehicle",
    "point_num_in_lidar": 416,
    "speed": 0.027159831533678264,
    "if_vehicle": true,
    "motion_state": false,
    "pose": [
      [
        -0.07461601492382998,
        -0.9971938828522608,
        0.0060671508072773425,
        7.249948248594137
      ],
      [
        0.9970539547358787,
        -0.07471121515817503,
        -0.017367949652550813,
        22.703547680428102
      ],
      [
        0.017772497360569312,
        0.004753349515903794,
        0.999830757681493,
        0.6594901390500922
      ],
      [
        0.0,
        0.0,
        0.0,
        1.0
      ]
    ],
    "location": [
      7.249948248594137,
      22.703547680428102,
      0.6594901390500922
    ],
    "rotation": [
      0.004754118302687663,
      -0.01777343310200657,
      1.6454935737431022
    ]
  },
  {
    "label_id": "6_1JJIYW81d3Ggc94_e4oQ",
    "size": [
      2.1065520253788157,
      4.845271544164966,
      1.4721932968977
    ],
    "obj_class": "vehicle",
    "point_num_in_lidar": 940,
    "speed": 0.028421965064891495,
    "if_vehicle": true,
    "motion_state": false,
    "pose": [
      [
        0.9994576833290971,
        -0.0323655513704954,
        0.0060671508072773425,
        23.314068093544506
      ],
      [
        0.03246658567860946,
        0.9993219076650127,
        -0.017367949652550813,
        -2.2089797026388283
      ],
      [
        -0.005500913452139905,
        0.017555510395424346,
        0.999830757681493,
        0.6915487787617565
      ],
      [
        0.0,
        0.0,
        0.0,
        1.0
      ]
    ],
    "location": [
      23.314068093544506,
      -2.2089797026388283,
      0.6915487787617565
    ],
    "rotation": [
      0.01755667793896777,
      0.005500941195502613,
      0.03247278360164305
    ]
  },
  {
    "label_id": "7smZ5cUZsVHoEo6NaA-_8A",
    "size": [
      2.0601884826546404,
      4.5995315342593805,
      1.5218057153942368
    ],
    "obj_class": "vehicle",
    "point_num_in_lidar": 2229,
    "speed": 2.4754367777542123,
    "if_vehicle": true,
    "motion_state": true,
    "pose": [
      [
        0.04614536182058466,
        0.9989163104402337,
        0.0060671508072773425,
        2.9379823718918487
      ],
      [
        -0.9987791543871013,
        0.04624451412495929,
        -0.017367949652550813,
        9.672709329929518
      ],
      [
        -0.01762970062804319,
        -0.005258293432032829,
        0.999830757681493,
        0.8179275487731843
      ],
      [
        0.0,
        0.0,
        0.0,
        1.0
      ]
    ],
    "location": [
      2.9379823718918487,
      9.672709329929518,
      0.8179275487731843
    ],
    "rotation": [
      -0.005259135021309435,
      0.017630613992928465,
      -1.524627391857635
    ]
  },
  {
    "label_id": "9dK1E7yukLqZV3xaj_wIig",
    "size": [
      2.09555862397675,
      4.606271177782434,
      1.8262575940847512
    ],
    "obj_class": "vehicle",
    "point_num_in_lidar": 132,
    "speed": 0.08397875541680856,
    "if_vehicle": true,
    "motion_state": false,
    "pose": [
      [
        -0.016808914415296028,
        -0.999840312288548,
        0.0060671508072773425,
        10.825901746181216
      ],
      [
        0.9997061252752162,
        -0.016912049316404845,
        -0.017367949652550813,
        -22.238852051049804
      ],
      [
        0.01746778415808092,
        0.005773431445724735,
        0.999830757681493,
        2.439273911486339
      ],
      [
        0.0,
        0.0,
        0.0,
        1.0
      ]
    ],
    "location": [
      10.825901746181216,
      -22.238852051049804,
      2.439273911486339
    ],
    "rotation": [
      0.005774344541092912,
      -0.017468672585263904,
      1.5876085981882557
    ]
  },
  {
    "label_id": "ASh_4SoPlz5qkwL5QzxKGw",
    "size": [
      2.060969678080541,
      5.122046726895162,
      1.7199999999999989
    ],
    "obj_class": "vehicle",
    "point_num_in_lidar": 127,
    "speed": 0.045054828208664695,
    "if_vehicle": true,
    "motion_state": false,
    "pose": [
      [
        0.9885158408219094,
        -0.150995437431849,
        0.0060671508072773425,
        -1.5470088473862234
      ],
      [
        0.15107960774079038,
        0.9883690132990591,
        -0.017367949652550813,
        -27.3062423563766
      ],
      [
        -0.003374102701844057,
        0.018085116118211533,
        0.999830757681493,
        3.0518791962828686
      ],
      [
        0.0,
        0.0,
        0.0,
        1.0
      ]
    ],
    "location": [
      -1.5470088473862234,
      -27.3062423563766,
      3.0518791962828686
    ],
    "rotation": [
      0.018086205080801818,
      0.003374109103994383,
      0.15166119564707187
    ]
  },
  {
    "label_id": "E4SZTBYIAyuKYLygem9hXw",
    "size": [
      1.971558922421929,
      4.224433822501395,
      1.3100000000000023
    ],
    "obj_class": "vehicle",
    "point_num_in_lidar": 107,
    "speed": 0.009517529576080366,
    "if_vehicle": true,
    "motion_state": false,
    "pose": [
      [
        -0.9986366699710614,
        0.051845839468478185,
        0.0060671508072773425,
        -1.4113899584061755
      ],
      [
        -0.05194420735149815,
        -0.9984989502485675,
        -0.017367949652550813,
        -24.431329430232836
      ],
      [
        0.005157587782483415,
        -0.01765942474481442,
        0.999830757681493,
        2.6900301942777958
      ],
      [
        0.0,
        0.0,
        0.0,
        1.0
      ]
    ],
    "location": [
      -1.4113899584061755,
      -24.431329430232836,
      2.6900301942777958
    ],
    "rotation": [
      -0.017660577655747987,
      -0.005157610648674772,
      -3.089624366689884
    ]
  },
  {
    "label_id": "ESbEQaOTeTHhYC0unOGdsQ",
    "size": [
      1.9232519189919792,
      4.1528109903756585,
      1.5148355270341654
    ],
    "obj_class": "vehicle",
    "point_num_in_lidar": 41,
    "speed": 0.016103180245593318,
    "if_vehicle": true,
    "motion_state": false,
    "pose": [
      [
        0.997828337052955,
        -0.06558810452525844,
        0.0060671508072773425,
        -6.1226536843829535
      ],
      [
        0.06568456724525994,
        0.9976892762532179,
        -0.017367949652550813,
        37.66926689580015
      ],
      [
        -0.00491400040063073,
        0.017728750495011967,
        0.999830757681493,
        0.39485849551462593
      ],
      [
        0.0,
        0.0,
        0.0,
        1.0
      ]
    ],
    "location": [
      -6.1226536843829535,
      37.66926689580015,
      0.39485849551462593
    ],
    "rotation": [
      0.017729893431972777,
      0.0049140201775677945,
      0.06573268623547125
    ]
  },
  {
    "label_id": "FLen59IAM_bXFeBGOY6Esw",
    "size": [
      0.5005876084273105,
      0.11481350884087005,
      0.5
    ],
    "obj_class": "sign",
    "point_num_in_lidar": 28,
    "speed": 0.015878559833654445,
    "if_vehicle": false,
    "motion_state": false,
    "pose": [
      [
        0.988369081243666,
        -0.15195311422486102,
        0.0060671508072773425,
        38.322834580399444
      ],
      [
        0.15203714223687237,
        0.9882221722392752,
        -0.017367949652550813,
        -3.0754535267548135
      ],
      [
        -0.003356578912665199,
        0.018088376711436472,
        0.999830757681493,
        3.1409782185102983
      ],
      [
        0.0,
        0.0,
        0.0,
        1.0
      ]
    ],
    "location": [
      38.322834580399444,
      -3.0754535267548135,
      3.1409782185102983
    ],
    "rotation": [
      0.018089465159118735,
      0.0033565852155814564,
      0.15262991716695345
    ]
  },
  {
    "label_id": "Fa_9NGKVySbo9u6RqA4V2Q",
    "size": [
      0.4066769035776422,
      0.07669842641051185,
      0.5699999999999932
    ],
    "obj_class": "sign",
    "point_num_in_lidar": 20,
    "speed": 0.012673850180338099,
    "if_vehicle": false,
    "motion_state": false,
    "pose": [
      [
        -0.9750824559833612,
        -0.22175976577039022,
        0.0060671508072773425,
        38.25062894076518
      ],
      [
        0.2216276445085295,
        -0.9749766876774375,
        -0.017367949652550813,
        -2.7701812728218442
      ],
      [
        0.009766843044580352,
        -0.015590534660309708,
        0.999830757681493,
        2.578290760485089
      ],
      [
        0.0,
        0.0,
        0.0,
        1.0
      ]
    ],
    "location": [
      38.25062894076518,
      -2.7701812728218442,
      2.578290760485089
    ],
    "rotation": [
      -0.015591910058045428,
      -0.009766998329763462,
      2.9180985036854774
    ]
  },
  {
    "label_id": "GR2S0cRLIKCA7TZlaRQUiw",
    "size": [
      1.982628356909611,
      4.669387331335671,
      2.2548355270341744
    ],
    "obj_class": "vehicle",
    "point_num_in_lidar": 197,
    "speed": 3.614624287906422e-14,
    "if_vehicle": true,
    "motion_state": false,
    "pose": [
      [
        0.999502713055816,
        -0.030943759874088674,
        0.0060671508072773425,
        -6.6703894605926735
      ],
      [
        0.031044987224960623,
        0.9993670812534645,
        -0.017367949652550813,
        40.6482226546936
      ],
      [
        -0.005525881130239565,
        0.017547667417245186,
        0.999830757681493,
        0.41403777247001017
      ],
      [
        0.0,
        0.0,
        0.0,
        1.0
      ]
    ],
    "location": [
      -6.6703894605926735,
      40.6482226546936,
      0.41403777247001017
    ],
    "rotation": [
      0.017548836049776903,
      0.005525909253089691,
      0.031050450427833144
    ]
  },
  {
    "label_id": "HU0fq4SmLbWf8TBk8acnew",
    "size": [
      1.9934661963053792,
      4.4272923870399845,
      1.4483726207747338
    ],
    "obj_class": "vehicle",
    "point_num_in_lidar": 103,
    "speed": 0.07939964907613467,
    "if_vehicle": true,
    "motion_state": false,
    "pose": [
      [
        0.9982630195000568,
        -0.05860148103683841,
        0.0060671508072773425,
        35.33115996618585
      ],
      [
        0.0586989148493201,
        0.9981246373676881,
        -0.017367949652550813,
        -1.1399638827446381
      ],
      [
        -0.005037985127156053,
        0.017693917031294693,
        0.999830757681493,
        0.5854989904393904
      ],
      [
        0.0,
        0.0,
        0.0,
        1.0
      ]
    ],
    "location": [
      35.33115996618585,
      -1.1399638827446381,
      0.5854989904393904
    ],
    "rotation": [
      0.017695065001041264,
      0.005038006439163203,
      0.05873342191427242
    ]
  },
  {
    "label_id": "JCDdYUT-UV2oxkxdT7TaPw",
    "size": [
      3.5590816235393263,
      6.254139630824458,
      2.4000000000000057
    ],
    "obj_class": "vehicle",
    "point_num_in_lidar": 60,
    "speed": 0.15639784552795868,
    "if_vehicle": true,
    "motion_state": false,
    "pose": [
      [
        -0.10470151517630286,
        -0.9944851846060193,
        0.0060671508072773425,
        5.331991950323072
      ],
      [
        0.9943424448758721,
        -0.10479244554422862,
        -0.017367949652550813,
        55.79431570773252
      ],
      [
        0.017907960187025274,
        0.004214374923010961,
        0.999830757681493,
        0.5385376253080096
      ],
      [
        0.0,
        0.0,
        0.0,
        1.0
      ]
    ],
    "location": [
      5.331991950323072,
      55.79431570773252,
      0.5385376253080096
    ],
    "rotation": [
      0.004215063331477898,
      -0.017908917490845163,
      1.6757069741236525
    ]
  },
  {
    "label_id": "Ji9qNAyVM781UZPbq91ksQ",
    "size": [
      2.153076778214884,
      4.794953077068618,
      1.5705168509874454
    ],
    "obj_class": "vehicle",
    "point_num_in_lidar": 55,
    "speed": 0.0015658694845190964,
    "if_vehicle": true,
    "motion_state": false,
    "pose": [
      [
        -0.9989587947974824,
        0.045216324240736294,
        0.0060671508072773425,
        49.01544553889994
      ],
      [
        -0.04531560406085459,
        -0.9988217310178361,
        -0.017367949652550813,
        11.700583631232547
      ],
      [
        0.005274687228784496,
        -0.017624802656775584,
        0.999830757681493,
        0.5356741938327332
      ],
      [
        0.0,
        0.0,
        0.0,
        1.0
      ]
    ],
    "location": [
      49.01544553889994,
      11.700583631232547,
      0.5356741938327332
    ],
    "rotation": [
      -0.017625960485238908,
      -0.005274711688101438,
      -3.096260894829959
    ]
  },
  {
    "label_id": "K0UQcsCsOoetZk_y1Ie_4w",
    "size": [
      1.7851949029033225,
      4.155807753026481,
      1.5048355270341744
    ],
    "obj_class": "vehicle",
    "point_num_in_lidar": 60,
    "speed": 0.02404243660149348,
    "if_vehicle": true,
    "motion_state": false,
    "pose": [
      [
        -0.9998816331282045,
        0.014138932560711937,
        0.0060671508072773425,
        -6.313138593247231
      ],
      [
        -0.014242425420174093,
        -0.999747721999414,
        -0.017367949652550813,
        43.80288108635794
      ],
      [
        0.005820055929747173,
        -0.017452304805566535,
        0.999830757681493,
        -0.07238965817205667
      ],
      [
        0.0,
        0.0,
        0.0,
        1.0
      ]
    ],
    "location": [
      -6.313138593247231,
      43.80288108635794,
      -0.07238965817205667
    ],
    "rotation": [
      -0.017453486506686756,
      -0.0058200887874232665,
      -3.1273495053730724
    ]
  },
  {
    "label_id": "NjQjKUN8pI-ZQimlGuoBsQ",
    "size": [
      1.946004970231193,
      4.277104600442166,
      1.4499999999999886
    ],
    "obj_class": "vehicle",
    "point_num_in_lidar": 94,
    "speed": 0.02154291714900515,
    "if_vehicle": true,
    "motion_state": false,
    "pose": [
      [
        -0.9984604415085158,
        0.055135618466663205,
        0.0060671508072773425,
        -5.374949631975369
      ],
      [
        -0.055233532091058156,
        -0.998322398455335,
        -0.017367949652550813,
        23.677360009461694
      ],
      [
        0.005099379900120081,
        -0.0176763208469986,
        0.999830757681493,
        0.371525872387906
      ],
      [
        0.0,
        0.0,
        0.0,
        1.0
      ]
    ],
    "location": [
      -5.374949631975369,
      23.677360009461694,
      0.371525872387906
    ],
    "rotation": [
      -0.01767747134273849,
      -0.005099402000815278,
      -3.0863302797388026
    ]
  },
  {
    "label_id": "Pq9W_07CA8LHuQphLoWheQ",
    "size": [
      1.9662448774428205,
      4.400241273176624,
      1.4223564566902667
    ],
    "obj_class": "vehicle",
    "point_num_in_lidar": 124,
    "speed": 0.011151810108905123,
    "if_vehicle": true,
    "motion_state": false,
    "pose": [
      [
        -0.9968156491170377,
        0.0795094419327719,
        0.0060671508072773425,
        31.694585211592084
      ],
      [
        -0.0796039542394803,
        -0.9966752554339379,
        -0.017367949652550813,
        10.248530887410794
      ],
      [
        0.004666063096208573,
        -0.017795613201965994,
        0.999830757681493,
        0.58496024934459
      ],
      [
        0.0,
        0.0,
        0.0,
        1.0
      ]
    ],
    "location": [
      31.694585211592084,
      10.248530887410794,
      0.58496024934459
    ],
    "rotation": [
      -0.017796746357905062,
      -0.004666080028074706,
      -3.061903517107422
    ]
  },
  {
    "label_id": "Q175aDJRl7PlCgCobA9ChQ",
    "size": [
      0.8168809500625255,
      0.09569916411282975,
      0.8100000000000023
    ],
    "obj_class": "sign",
    "point_num_in_lidar": 90,
    "speed": 0.0010810877509949861,
    "if_vehicle": false,
    "motion_state": false,
    "pose": [
      [
        -0.998038723995015,
        -0.06230485605058291,
        0.0060671508072773425,
        14.623360662542723
      ],
      [
        0.06219143341647191,
        -0.9979131124173443,
        -0.017367949652550813,
        10.720555726347428
      ],
      [
        0.007136596948591485,
        -0.016956561504182996,
        0.999830757681493,
        2.977481583959843
      ],
      [
        0.0,
        0.0,
        0.0,
        1.0
      ]
    ],
    "location": [
      14.623360662542723,
      10.720555726347428,
      2.977481583959843
    ],
    "rotation": [
      -0.01695780606787514,
      -0.007136657529002172,
      3.079359472960564
    ]
  },
  {
    "label_id": "TxDpQtbbV3Ouw__NmluJlQ",
    "size": [
      1.0547902872618353,
      1.036722019424516,
      1.8600000000000136
    ],
    "obj_class": "pedestrian",
    "point_num_in_lidar": 23,
    "speed": 1.5872780439507626,
    "if_vehicle": false,
    "motion_state": true,
    "pose": [
      [
        -0.0457612940397553,
        -0.9989339786236571,
        0.0060671508072773425,
        -10.899169434949272
      ],
      [
        0.9987968607028422,
        -0.045860499070701624,
        -0.017367949652550813,
        35.633770112834284
      ],
      [
        0.01762767761091689,
        0.005265071328801281,
        0.999830757681493,
        0.3436355733824996
      ],
      [
        0.0,
        0.0,
        0.0,
        1.0
      ]
    ],
    "location": [
      -10.899169434949272,
      35.633770112834284,
      0.3436355733824996
    ],
    "rotation": [
      0.005265913877640774,
      -0.017628590661381678,
      1.6165807262626244
    ]
  },
  {
    "label_id": "ZFvMr9wN9-CPPx0LnQsiyw",
    "size": [
      0.9106749139702451,
      0.6788900799441303,
      1.740000000000009
    ],
    "obj_class": "pedestrian",
    "point_num_in_lidar": 116,
    "speed": 0.20105357507987787,
    "if_vehicle": false,
    "motion_state": false,
    "pose": [
      [
        -0.9974731322137608,
        -0.07078516929944502,
        0.0060671508072773425,
        35.58395315434632
      ],
      [
        0.07067068315999661,
        -0.9973484891784646,
        -0.017367949652550813,
        -4.976736288813157
      ],
      [
        0.007280456947796006,
        -0.016895293447675742,
        0.999830757681493,
        0.9898824590330264
      ],
      [
        0.0,
        0.0,
        0.0,
        1.0
      ]
    ],
    "location": [
      35.58395315434632,
      -4.976736288813157,
      0.9898824590330264
    ],
    "rotation": [
      -0.0168965451968704,
      -0.0072805212661650005,
      3.070861134472072
    ]
  },
  {
    "label_id": "ZPbRMB_zowfPYYe8Mud0Lw",
    "size": [
      1.790374104585833,
      3.7045016183721193,
      1.5148355270341654
    ],
    "obj_class": "vehicle",
    "point_num_in_lidar": 48,
    "speed": 7.191640501203643e-14,
    "if_vehicle": true,
    "motion_state": false,
    "pose": [
      [
        -0.9986837801758017,
        0.050930314105184234,
        0.0060671508072773425,
        -5.955982986245999
      ],
      [
        -0.051028808201893996,
        -0.9985461506902729,
        -0.017367949652550813,
        35.04190942961364
      ],
      [
        0.005173774953096733,
        -0.017654689087788968,
        0.999830757681493,
        0.304859868805579
      ],
      [
        0.0,
        0.0,
        0.0,
        1.0
      ]
    ],
    "location": [
      -5.955982986245999,
      35.04190942961364,
      0.304859868805579
    ],
    "rotation": [
      -0.01765584267384628,
      -0.005173798035263957,
      -3.090540989538402
    ]
  },
  {
    "label_id": "aLKLRVALSecdklsZzsqb1w",
    "size": [
      2.2791812515326497,
      4.723665906330695,
      1.6483726207747225
    ],
    "obj_class": "vehicle",
    "point_num_in_lidar": 359,
    "speed": 0.012267221019137072,
    "if_vehicle": true,
    "motion_state": false,
    "pose": [
      [
        0.9941487827552574,
        -0.10784891018142928,
        0.0060671508072773425,
        28.66686033276028
      ],
      [
        0.10793938826889399,
        0.994005755911405,
        -0.017367949652550813,
        -1.7635990775299888
      ],
      [
        -0.004157668382302668,
        0.017921210552710627,
        0.999830757681493,
        0.7346745621613877
      ],
      [
        0.0,
        0.0,
        0.0,
        1.0
      ]
    ],
    "location": [
      28.66686033276028,
      -1.7635990775299888,
      0.7346745621613877
    ],
    "rotation": [
      0.017922324905038728,
      0.004157680360781463,
      0.10815103199497808
    ]
  },
  {
    "label_id": "cCz-sprxe54IkoqPBqzeQA",
    "size": [
      2.0277817520855943,
      4.262423525941018,
      1.4748355270341733
    ],
    "obj_class": "vehicle",
    "point_num_in_lidar": 34,
    "speed": 5.333694441429199e-14,
    "if_vehicle": true,
    "motion_state": false,
    "pose": [
      [
        -0.9986837801758015,
        0.050930314105190444,
        0.0060671508072773425,
        -5.895563794706845
      ],
      [
        -0.05102880820190019,
        -0.9985461506902725,
        -0.017367949652550813,
        29.308640558764026
      ],
      [
        0.005173774953096623,
        -0.017654689087789,
        0.999830757681493,
        0.3625061430646497
      ],
      [
        0.0,
        0.0,
        0.0,
        1.0
      ]
    ],
    "location": [
      -5.895563794706845,
      29.308640558764026,
      0.3625061430646497
    ],
    "rotation": [
      -0.01765584267384631,
      -0.005173798035263847,
      -3.090540989538396
    ]
  },
  {
    "label_id": "djwJETMnF8x4cVGX3MsC8A",
    "size": [
      1.982339009146678,
      4.458846597593478,
      1.4782598895759236
    ],
    "obj_class": "vehicle",
    "point_num_in_lidar": 1499,
    "speed": 0.07540759723495852,
    "if_vehicle": true,
    "motion_state": false,
    "pose": [
      [
        -0.9961986843762308,
        0.08689862443185552,
        0.0060671508072773425,
        18.086034198952234
      ],
      [
        -0.08699209312391053,
        -0.9960575937458575,
        -0.017367949652550813,
        9.338451336434701
      ],
      [
        0.004533980699981518,
        -0.01782972274220721,
        0.999830757681493,
        0.5860345076937108
      ],
      [
        0.0,
        0.0,
        0.0,
        1.0
      ]
    ],
    "location": [
      18.086034198952234,
      9.338451336434701,
      0.5860345076937108
    ],
    "rotation": [
      -0.01783085084718183,
      -0.004533996234284395,
      -3.054489566985178
    ]
  },
  {
    "label_id": "eYuikztkR3GVWeq2x3R4vg",
    "size": [
      2.0826523780188455,
      4.727294552036573,
      1.6500000000000057
    ],
    "obj_class": "vehicle",
    "point_num_in_lidar": 108,
    "speed": 0.030326618029632543,
    "if_vehicle": true,
    "motion_state": false,
    "pose": [
      [
        -0.9986837801758016,
        0.05093031410518601,
        0.0060671508072773425,
        -5.4082935844242
      ],
      [
        -0.051028808201895766,
        -0.9985461506902726,
        -0.017367949652550813,
        26.343407104692403
      ],
      [
        0.005173774953096701,
        -0.017654689087788975,
        0.999830757681493,
        0.46244218158247463
      ],
      [
        0.0,
        0.0,
        0.0,
        1.0
      ]
    ],
    "location": [
      -5.4082935844242,
      26.343407104692403,
      0.46244218158247463
    ],
    "rotation": [
      -0.017655842673846286,
      -0.005173798035263925,
      -3.0905409895384004
    ]
  },
  {
    "label_id": "fry9BMc6wlzy3IkT7E6Lqg",
    "size": [
      1.9903419751476539,
      4.870454643302343,
      1.4605168509874602
    ],
    "obj_class": "vehicle",
    "point_num_in_lidar": 55,
    "speed": 0.018403081967607347,
    "if_vehicle": true,
    "motion_state": false,
    "pose": [
      [
        -0.9968156491170403,
        0.07950944193273782,
        0.0060671508072773425,
        37.13686819735085
      ],
      [
        -0.07960395423944623,
        -0.9966752554339406,
        -0.017367949652550813,
        10.769347359695573
      ],
      [
        0.004666063096209181,
        -0.017795613201965835,
        0.999830757681493,
        0.5325782420123062
      ],
      [
        0.0,
        0.0,
        0.0,
        1.0
      ]
    ],
    "location": [
      37.13686819735085,
      10.769347359695573,
      0.5325782420123062
    ],
    "rotation": [
      -0.017796746357904902,
      -0.004666080028075314,
      -3.061903517107456
    ]
  },
  {
    "label_id": "hIXIgHw3ha67NHMRblswLg",
    "size": [
      2.0140837000090666,
      3.9843474780506,
      1.6662575940847546
    ],
    "obj_class": "vehicle",
    "point_num_in_lidar": 429,
    "speed": 0.04729622247916915,
    "if_vehicle": true,
    "motion_state": false,
    "pose": [
      [
        -0.05715725634367587,
        -0.9983467522501114,
        0.0060671508072773425,
        10.35476436139652
      ],
      [
        0.9982085112177301,
        -0.05725489024833927,
        -0.017367949652550813,
        -16.95384917442192
      ],
      [
        0.01768661018245834,
        0.005063577224210863,
        0.999830757681493,
        1.7522803034853496
      ],
      [
        0.0,
        0.0,
        0.0,
        1.0
      ]
    ],
    "location": [
      10.35476436139652,
      -16.95384917442192,
      1.7522803034853496
    ],
    "rotation": [
      0.00506439104311366,
      -0.0176875324219237,
      1.6279937072488464
    ]
  },
  {
    "label_id": "hMTaiHjlyCYTfWVtqZpX8g",
    "size": [
      2.2104706757648147,
      5.235724388199792,
      2.0
    ],
    "obj_class": "vehicle",
    "point_num_in_lidar": 108,
    "speed": 0.044503044767325285,
    "if_vehicle": true,
    "motion_state": false,
    "pose": [
      [
        -0.9933079425287574,
        0.1153365553082304,
        0.0060671508072773425,
        -0.47609467796587523
      ],
      [
        -0.11542595314944194,
        -0.9931642380112211,
        -0.017367949652550813,
        -29.84537033212493
      ],
      [
        0.004022517722716779,
        -0.017952029000149687,
        0.999830757681493,
        3.5497173266095388
      ],
      [
        0.0,
        0.0,
        0.0,
        1.0
      ]
    ],
    "location": [
      -0.47609467796587523,
      -29.84537033212493,
      3.5497173266095388
    ],
    "rotation": [
      -0.017953138652316777,
      -0.0040225285706202134,
      -3.025907905123569
    ]
  },
  {
    "label_id": "hb0ASarWGWDxr2SxCcea0A",
    "size": [
      0.4288018488109246,
      0.07469978022218265,
      0.6044489512381972
    ],
    "obj_class": "sign",
    "point_num_in_lidar": 72,
    "speed": 0.012301863250782212,
    "if_vehicle": false,
    "motion_state": false,
    "pose": [
      [
        -0.8859073176899851,
        -0.46382261064378666,
        0.0060671508072773425,
        25.984683408257865
      ],
      [
        0.46366782841952137,
        -0.8858388675225264,
        -0.017367949652550813,
        -3.6227758226762035
      ],
      [
        0.013430165749582905,
        -0.012573251050961966,
        0.999830757681493,
        2.5741605622572763
      ],
      [
        0.0,
        0.0,
        0.0,
        1.0
      ]
    ],
    "location": [
      25.984683408257865,
      -3.6227758226762035,
      2.5741605622572763
    ],
    "rotation": [
      -0.012574716509351368,
      -0.013430569514071518,
      2.659414996573492
    ]
  },
  {
    "label_id": "i4WEZxXNh4J1GX9xl5n5eQ",
    "size": [
      1.9322981237294692,
      4.718592850396311,
      1.4782598895759236
    ],
    "obj_class": "vehicle",
    "point_num_in_lidar": 745,
    "speed": 0.045457258298688616,
    "if_vehicle": true,
    "motion_state": false,
    "pose": [
      [
        -0.9961986843762347,
        0.0868986244318104,
        0.0060671508072773425,
        24.227394959200637
      ],
      [
        -0.0869920931238654,
        -0.9960575937458613,
        -0.017367949652550813,
        9.79005282760545
      ],
      [
        0.0045339806999823255,
        -0.017829722742207007,
        0.999830757681493,
        0.5860345076937108
      ],
      [
        0.0,
        0.0,
        0.0,
        1.0
      ]
    ],
    "location": [
      24.227394959200637,
      9.79005282760545,
      0.5860345076937108
    ],
    "rotation": [
      -0.017830850847181626,
      -0.0045339962342852026,
      -3.0544895669852234
    ]
  },
  {
    "label_id": "iefMuR4TcszCUDTBg14MBA",
    "size": [
      1.8792008332705827,
      3.5256488099086702,
      1.4911670861936273
    ],
    "obj_class": "vehicle",
    "point_num_in_lidar": 29,
    "speed": 1.7763568394002505e-14,
    "if_vehicle": true,
    "motion_state": false,
    "pose": [
      [
        -0.989184909274,
        0.14654830243189482,
        0.0060671508072773425,
        -6.904858972764487
      ],
      [
        -0.1466331322104908,
        -0.9890384617713345,
        -0.017367949652550813,
        59.0133734211835
      ],
      [
        0.003455401963460354,
        -0.01806975902779836,
        0.999830757681493,
        -0.35642090007669935
      ],
      [
        0.0,
        0.0,
        0.0,
        1.0
      ]
    ],
    "location": [
      -6.904858972764487,
      59.0133734211835,
      -0.35642090007669935
    ],
    "rotation": [
      -0.018070850410388604,
      -0.0034554088396335975,
      -2.9944280196318034
    ]
  },
  {
    "label_id": "nBHdqL99senel5XF57qANg",
    "size": [
      2.790137765875432,
      6.283840489035793,
      3.4623338815695774
    ],
    "obj_class": "vehicle",
    "point_num_in_lidar": 87,
    "speed": 1.4075344253602372e-29,
    "if_vehicle": true,
    "motion_state": false,
    "pose": [
      [
        -0.07461601492383883,
        -0.9971938828522602,
        0.0060671508072773425,
        3.6637623073957
      ],
      [
        0.9970539547358779,
        -0.07471121515818387,
        -0.017367949652550813,
        68.76485101343394
      ],
      [
        0.017772497360569354,
        0.004753349515903635,
        0.999830757681493,
        0.4846195924078813
      ],
      [
        0.0,
        0.0,
        0.0,
        1.0
      ]
    ],
    "location": [
      3.6637623073957,
      68.76485101343394,
      0.4846195924078813
    ],
    "rotation": [
      0.004754118302687504,
      -0.017773433102006613,
      1.6454935737431111
    ]
  },
  {
    "label_id": "svvZ-n56c1SWAdlNP4Um4w",
    "size": [
      2.114824979337693,
      4.587304606114616,
      1.4477359653949975
    ],
    "obj_class": "vehicle",
    "point_num_in_lidar": 212,
    "speed": 9.908666625563788,
    "if_vehicle": true,
    "motion_state": true,
    "pose": [
      [
        -0.99776481827112,
        0.06654740491920687,
        0.0060671508072773425,
        40.20775405472364
      ],
      [
        -0.06664373389898977,
        -0.9976256647945999,
        -0.017367949652550813,
        6.473312453097918
      ],
      [
        0.0048969533793744545,
        -0.01773346671274455,
        0.999830757681493,
        0.6753817512267233
      ],
      [
        0.0,
        0.0,
        0.0,
        1.0
      ]
    ],
    "location": [
      40.20775405472364,
      6.473312453097918,
      0.6753817512267233
    ],
    "rotation": [
      -0.017734608964995284,
      -0.0048969729512003774,
      -3.0748986882035285
    ]
  },
  {
    "label_id": "vJQ_clDIded5uOENI4I4YQ",
    "size": [
      2.178727820478575,
      4.716290994184759,
      1.8791319242467068
    ],
    "obj_class": "vehicle",
    "point_num_in_lidar": 48,
    "speed": 0.021155658464998995,
    "if_vehicle": true,
    "motion_state": false,
    "pose": [
      [
        0.9957813219841694,
        -0.09155735070731266,
        0.0060671508072773425,
        63.7512260798369
      ],
      [
        0.09165015843146895,
        0.9956397957014139,
        -0.017367949652550813,
        0.6053250963581718
      ],
      [
        -0.004450533332841738,
        0.017850735197886124,
        0.999830757681493,
        0.6821278561094744
      ],
      [
        0.0,
        0.0,
        0.0,
        1.0
      ]
    ],
    "location": [
      63.7512260798369,
      0.6053250963581718,
      0.6821278561094744
    ],
    "rotation": [
      0.017851860170678135,
      0.0044505480251081555,
      0.09177986379931077
    ]
  },
  {
    "label_id": "xCSkZpkrgmsxVXWJ4xiIHg",
    "size": [
      2.025523747252265,
      4.180226997772292,
      1.5148355270341654
    ],
    "obj_class": "vehicle",
    "point_num_in_lidar": 22,
    "speed": 7.258751163724477,
    "if_vehicle": true,
    "motion_state": true,
    "pose": [
      [
        0.05941663866568735,
        0.9982148329546866,
        0.0060671508072773425,
        -2.118761966637294
      ],
      [
        -0.998076371304436,
        0.05951395944344587,
        -0.017367949652550813,
        57.7116754656051
      ],
      [
        -0.01769802512826799,
        -0.005023534673014688,
        0.999830757681493,
        -0.4115735876153792
      ],
      [
        0.0,
        0.0,
        0.0,
        1.0
      ]
    ],
    "location": [
      -2.118761966637294,
      57.7116754656051,
      -0.4115735876153792
    ],
    "rotation": [
      -0.005024342732953565,
      0.017698949154695286,
      -1.5113353484424665
    ]
  },
  {
    "label_id": "zkifBz685RBOb_ccW22PWw",
    "size": [
      2.0124930132721803,
      4.458576926140719,
      1.5999999999999943
    ],
    "obj_class": "vehicle",
    "point_num_in_lidar": 484,
    "speed": 0.010684133626873708,
    "if_vehicle": true,
    "motion_state": false,
    "pose": [
      [
        -0.9986366699710637,
        0.05184583946843383,
        0.0060671508072773425,
        -1.4502985343062846
      ],
      [
        -0.05194420735145381,
        -0.9984989502485697,
        -0.017367949652550813,
        -22.14253165708675
      ],
      [
        0.005157587782484199,
