[
  {
    "label_id": "-TktN3WB6zg7mbcqtA_YxQ",
    "size": [
      2.219096218303532,
      5.258057719348935,
      1.9457144510971034
    ],
    "obj_class": "vehicle",
    "point_num_in_lidar": 1828,
    "speed": 0.10452658002903145,
    "if_vehicle": true,
    "motion_state": false,
    "pose": [
      [
        0.9984218844357197,
        -0.055280426350332396,
        0.009890153808305433,
        51.930614724098746
      ],
      [
        0.05548366636977298,
        0.998225617653054,
        -0.021614324586869772,
        -0.3381969811647707
      ],
      [
        -0.008677755815542764,
        0.022128956679073587,
        0.999717463001573,
        0.7558399465812897
      ],
      [
        0.0,
        0.0,
        0.0,
        1.0
      ]
    ],
    "location": [
      51.930614724098746,
      -0.3381969811647707,
      0.7558399465812897
    ],
    "rotation": [
      0.022131596579146935,
      0.008677864730052942,
      0.05551426543861619
    ]
  },
  {
    "label_id": "-Uk68IlUXVX2NqKU8eqqpQ",
    "size": [
      2.899764562680891,
      6.3550293086473815,
      4.300000000000011
    ],
    "obj_class": "vehicle",
    "point_num_in_lidar": 268,
    "speed": 1.897149936107019e-14,
    "if_vehicle": true,
    "motion_state": false,
    "pose": [
      [
        0.9975851930459546,
        -0.06874567239553031,
        0.009890153808305433,
        116.96598561310543
      ],
      [
        0.06894624597023305,
        0.9973862020999015,
        -0.021614324586869772,
        7.45650977136215
      ],
      [
        -0.008378411667950027,
        0.022244019142701268,
        0.999717463001573,
        1.8394894761980538
      ],
      [
        0.0,
        0.0,
        0.0,
        1.0
      ]
    ],
    "location": [
      116.96598561310543,
      7.45650977136215,
      1.8394894761980538
    ],
    "rotation": [
      0.02224663490273428,
      0.00837850969536605,
      0.06900341262323226
    ]
  },
  {
    "label_id": "16CCR-nUo0Ke5k_DRrXysw",
    "size": [
      2.2593629290702473,
      4.788477913614035,
      1.758372620774736
    ],
    "obj_class": "vehicle",
    "point_num_in_lidar": 6951,
    "speed": 0.19455404184999564,
    "if_vehicle": true,
    "motion_state": false,
    "pose": [
      [
        0.9971251215574916,
        -0.07512440892683275,
        0.009890153808305433,
        41.29844023111161
      ],
      [
        0.07532370573557744,
        0.9969248518955246,
        -0.021614324586869772,
        -0.8815401592190142
      ],
      [
        -0.008235976761627552,
        0.022297149066201997,
        0.999717463001573,
        0.7062765228103842
      ],
      [
        0.0,
        0.0,
        0.0,
        1.0
      ]
    ],
    "location": [
      41.29844023111161,
      -0.8815401592190142,
      0.7062765228103842
    ],
    "rotation": [
      0.022299753481045567,
      0.008236069873989645,
      0.07539767712388276
    ]
  },
  {
    "label_id": "8GBSIuKZfKIUqTUQt4DFvQ",
    "size": [
      1.968753748799405,
      4.479833154242696,
      1.6599999999999966
    ],
    "obj_class": "vehicle",
    "point_num_in_lidar": 28,
    "speed": 0.04326788700029072,
    "if_vehicle": true,
    "motion_state": false,
    "pose": [
      [
        -0.9949070794353141,
        0.10030996035858909,
        0.009890153808305433,
        83.50573488963539
      ],
      [
        -0.10050413019539703,
        -0.9947018351175995,
        -0.021614324586869772,
        -21.43842711880393
      ],
      [
        0.007669622100230145,
        -0.02249824585469194,
        0.999717463001573,
        2.066372479433852
      ],
      [
        0.0,
        0.0,
        0.0,
        1.0
      ]
    ],
    "location": [
      83.50573488963539,
      -21.43842711880393,
      2.066372479433852
    ],
    "rotation": [
      -0.02250080618571543,
      -0.007669697294049239,
      -3.040915578438019
    ]
  },
  {
    "label_id": "92Ylj-kmScTI3SbTsEi34Q",
    "size": [
      2.3035025746619184,
      4.824207576419324,
      1.8880545684315848
    ],
    "obj_class": "vehicle",
    "point_num_in_lidar": 29,
    "speed": 0.0,
    "if_vehicle": true,
    "motion_state": false,
    "pose": [
      [
        0.9975350004777147,
        -0.06947019274173645,
        0.009890153808305433,
        83.17534411701695
      ],
      [
        0.06967062173793925,
        0.9973358639090958,
        -0.021614324586869772,
        -13.456559853030228
      ],
      [
        -0.008362253797567838,
        0.022250098451997106,
        0.999717463001573,
        1.4676647955213298
      ],
      [
        0.0,
        0.0,
        0.0,
        1.0
      ]
    ],
    "location": [
      83.17534411701695,
      -13.456559853030228,
      1.4676647955213298
    ],
    "rotation": [
      0.022252712920241672,
      0.008362351258923786,
      0.06972955069133518
    ]
  },
  {
    "label_id": "BOk7wftIowzDn3hlyO4s8g",
    "size": [
      2.140278195945736,
      4.608048584790058,
      1.8700000000000045
    ],
    "obj_class": "vehicle",
    "point_num_in_lidar": 47,
    "speed": 0.01603414510644594,
    "if_vehicle": true,
    "motion_state": false,
    "pose": [
      [
        -0.9954774861324436,
        0.09448152973506946,
        0.009890153808305433,
        83.24649332585761
      ],
      [
        -0.09467689826291649,
        -0.9952733824974758,
        -0.021614324586869772,
        -16.01318660396629
      ],
      [
        0.007801252383054662,
        -0.02245294259010132,
        0.999717463001573,
        1.6966920797371472
      ],
      [
        0.0,
        0.0,
        0.0,
        1.0
      ]
    ],
    "location": [
      83.24649332585761,
      -16.01318660396629,
      1.6966920797371472
    ],
    "rotation": [
      -0.022455513010554266,
      -0.00780133151532547,
      -3.0467708448120585
    ]
  },
  {
    "label_id": "Ga8vVYz55cr0VoklMBg4Nw",
    "size": [
      2.1012883788885826,
      5.006721862458587,
      2.469999999999999
    ],
    "obj_class": "vehicle",
    "point_num_in_lidar": 47,
    "speed": 0.0014888869078875696,
    "if_vehicle": true,
    "motion_state": false,
    "pose": [
      [
        -0.9964310929541883,
        0.08382876506170034,
        0.009890153808305433,
        101.38687314505933
      ],
      [
        -0.08402630545202276,
        -0.9962290906035302,
        -0.021614324586869772,
        15.562673940009603
      ],
      [
        0.008040956796617123,
        -0.022368218156425392,
        0.999717463001573,
        0.9413733186673596
      ],
      [
        0.0,
        0.0,
        0.0,
        1.0
      ]
    ],
    "location": [
      101.38687314505933,
      15.562673940009603,
      0.9413733186673596
    ],
    "rotation": [
      -0.022370807198574504,
      -0.00804104344981049,
      -3.057464429608993
    ]
  },
  {
    "label_id": "HIko6-fK5hHb4g5v7PVLew",
    "size": [
      1.8162157217575177,
      4.070324299453466,
      1.2800000000000011
    ],
    "obj_class": "vehicle",
    "point_num_in_lidar": 47,
    "speed": 1.7763568394002505e-14,
    "if_vehicle": true,
    "motion_state": false,
    "pose": [
      [
        0.9925689487098193,
        -0.12128094209203852,
        0.009890153808305433,
        94.77685464759475
      ],
      [
        0.12147073788247448,
        0.9923596529539784,
        -0.021614324586869772,
        -14.990737735031303
      ],
      [
        -0.00719318395229277,
        0.022655071713128156,
        0.999717463001573,
        1.7063735475490773
      ],
      [
        0.0,
        0.0,
        0.0,
        1.0
      ]
    ],
    "location": [
      94.77685464759475,
      -14.990737735031303,
      1.7063735475490773
    ],
    "rotation": [
      0.022657596403442774,
      0.007193245985232388,
      0.12177462468002807
    ]
  },
  {
    "label_id": "J25g562mY2rUDBNO8fK1nQ",
    "size": [
      2.063730869171815,
      4.517605396935919,
      1.5844394309837924
    ],
    "obj_class": "vehicle",
    "point_num_in_lidar": 3932,
    "speed": 0.08047245700722355,
    "if_vehicle": true,
    "motion_state": false,
    "pose": [
      [
        0.9953536841167343,
        -0.09577697203865058,
        0.009890153808305433,
        46.79217964762108
      ],
      [
        0.09597207477896037,
        0.9951493264004528,
        -0.021614324586869772,
        -0.6718333047760154
      ],
      [
        -0.007772025338741082,
        0.02246307618810185,
        0.999717463001573,
        0.5369776846422383
      ],
      [
        0.0,
        0.0,
        0.0,
        1.0
      ]
    ],
    "location": [
      46.79217964762108,
      -0.6718333047760154,
      0.5369776846422383
    ],
    "rotation": [
      0.022465644359722148,
      0.007772103584927211,
      0.09612292828738489
    ]
  },
  {
    "label_id": "Ji9qNAyVM781UZPbq91ksQ",
    "size": [
      2.1530767782148827,
      4.794953077068618,
      1.5705168509874454
    ],
    "obj_class": "vehicle",
    "point_num_in_lidar": 1685,
    "speed": 0.09175421861850845,
    "if_vehicle": true,
    "motion_state": false,
    "pose": [
      [
        -0.998928322558597,
        0.045214944961991965,
        0.009890153808305433,
        49.047105437043456
      ],
      [
        -0.04542015274908274,
        -0.9987341141149148,
        -0.021614324586869772,
        11.690176187045651
      ],
      [
        0.008900343505612232,
        -0.022040373299484016,
        0.999717463001573,
        0.5298821880125786
      ],
      [
        0.0,
        0.0,
        0.0,
        1.0
      ]
    ],
    "location": [
      49.047105437043456,
      11.690176187045651,
      0.5298821880125786
    ],
    "rotation": [
      -0.022043031384996165,
      -0.00890046101823968,
      -3.09615506846648
    ]
  },
  {
    "label_id": "Q45qOQ6Sw52_SfUE9vEVug",
    "size": [
      1.9820717617255939,
      4.160475567186468,
      1.460000000000008
    ],
    "obj_class": "vehicle",
    "point_num_in_lidar": 36,
    "speed": 0.03847084483377459,
    "if_vehicle": true,
    "motion_state": false,
    "pose": [
      [
        0.9974022297197016,
        -0.07135108273751709,
        0.009890153808305433,
        94.00922086689877
      ],
      [
        0.07155113587319249,
        0.9972027155638463,
        -0.021614324586869772,
        -2.251367128593728
      ],
      [
        -0.008320282773073,
        0.02226582727577411,
        0.999717463001573,
        0.546372021670237
      ],
      [
        0.0,
        0.0,
        0.0,
        1.0
      ]
    ],
    "location": [
      94.00922086689877,
      -2.251367128593728,
      0.546372021670237
    ],
    "rotation": [
      0.022268438394179062,
      0.008320378774245792,
      0.07161481186928229
    ]
  },
  {
    "label_id": "QTfMbm_waW5SFGml-dr_Aw",
    "size": [
      0.5296632865314538,
      0.09912161717784329,
      0.5200000000000102
    ],
    "obj_class": "sign",
    "point_num_in_lidar": 25,
    "speed": 0.017137234991292456,
    "if_vehicle": false,
    "motion_state": false,
    "pose": [
      [
        0.999436121271891,
        0.03208776019990053,
        0.009890153808305433,
        49.80242509045206
      ],
      [
        -0.031868162954505286,
        0.9992583455556218,
        -0.021614324586869772,
        13.836687850404317
      ],
      [
        -0.010576373996004211,
        0.021286955695804594,
        0.999717463001573,
        3.0600251370879903
      ],
      [
        0.0,
        0.0,
        0.0,
        1.0
      ]
    ],
    "location": [
      49.80242509045206,
      13.836687850404317,
      3.0600251370879903
    ],
    "rotation": [
      0.021289754611851824,
      0.01057657118424417,
      -0.031875342968447615
    ]
  },
  {
    "label_id": "RQk7gQTbuU86pW7OGRO9mA",
    "size": [
      2.0643344717405747,
      4.21803561067237,
      1.4833326921443302
    ],
    "obj_class": "vehicle",
    "point_num_in_lidar": 331,
    "speed": 0.011138406325609368,
    "if_vehicle": true,
    "motion_state": false,
    "pose": [
      [
        0.9965237494488572,
        -0.0827200195964648,
        0.009890153808305433,
        57.97030704698932
      ],
      [
        0.08291778462536624,
        0.9963219670194344,
        -0.021614324586869772,
        0.12557782039536391
      ],
      [
        -0.008065840143025402,
        0.022359257422500903,
        0.999717463001573,
        0.45056327018048137
      ],
      [
        0.0,
        0.0,
        0.0,
        1.0
      ]
    ],
    "location": [
      57.97030704698932,
      0.12557782039536391,
      0.45056327018048137
    ],
    "rotation": [
      0.022361848415345536,
      0.008065927603191086,
      0.08301580140077436
    ]
  },
  {
    "label_id": "VB-58XURwVRpb2EmYLe7Yw",
    "size": [
      1.960852915574319,
      4.521745131018506,
      1.6200000000000045
    ],
    "obj_class": "vehicle",
    "point_num_in_lidar": 37,
    "speed": 6.661338147750939e-15,
    "if_vehicle": true,
    "motion_state": false,
    "pose": [
      [
        -0.9991026779644243,
        0.0411828088158634,
        0.009890153808305433,
        83.54589316325178
      ],
      [
        -0.04138879877491511,
        -0.998909299340347,
        -0.021614324586869772,
        14.112183211252969
      ],
      [
        0.008989228013877573,
        -0.022004271162958805,
        0.999717463001573,
        0.3963727083158233
      ],
      [
        0.0,
        0.0,
        0.0,
        1.0
      ]
    ],
    "location": [
      83.54589316325178,
      14.112183211252969,
      0.3963727083158233
    ],
    "rotation": [
      -0.022006936560663364,
      -0.008989349082536534,
      -3.100190355197277
    ]
  },
  {
    "label_id": "WJ02kR_Js_1nz4ry9ukSuw",
    "size": [
      2.06808284652529,
      4.142795328816451,
      1.4499999999999886
    ],
    "obj_class": "vehicle",
    "point_num_in_lidar": 163,
    "speed": 0.0043787829560615965,
    "if_vehicle": true,
    "motion_state": false,
    "pose": [
      [
        -0.9960943214403016,
        0.0877398863233428,
        0.009890153808305433,
        60.902111259711546
      ],
      [
        -0.08793663217506058,
        -0.9958915451465393,
        -0.021614324586869772,
        12.462685552608576
      ],
      [
        0.007953082175682441,
        -0.022399612800344207,
        0.999717463001573,
        0.4296440803566952
      ],
      [
        0.0,
        0.0,
        0.0,
        1.0
      ]
    ],
    "location": [
      60.902111259711546,
      12.462685552608576,
      0.4296440803566952
    ],
    "rotation": [
      -0.02240219497973206,
      -0.007953166018819777,
      -3.053539499719848
    ]
  },
  {
    "label_id": "Xbw6pFmkQlZzShwDh1kA-w",
    "size": [
      0.5283680437403484,
      0.0917780648195321,
      0.5200000000000102
    ],
    "obj_class": "sign",
    "point_num_in_lidar": 116,
    "speed": 0.01638828759140394,
    "if_vehicle": false,
    "motion_state": false,
    "pose": [
      [
        0.9994361212718911,
        0.03208776019989919,
        0.009890153808305433,
        49.80370322494355
      ],
      [
        -0.03186816295450396,
        0.9992583455556219,
        -0.021614324586869772,
        13.836268593728477
      ],
      [
        -0.010576373996004184,
        0.021286955695804608,
        0.999717463001573,
        2.5300251370881313
      ],
      [
        0.0,
        0.0,
        0.0,
        1.0
      ]
    ],
    "location": [
      49.80370322494355,
      13.836268593728477,
      2.5300251370881313
    ],
    "rotation": [
      0.021289754611851838,
      0.010576571184244142,
      -0.03187534296844628
    ]
  },
  {
    "label_id": "aFwmS_LxN-2ibTsHMVRa0w",
    "size": [
      0.33730376758812997,
      0.08861196967180238,
      0.5
    ],
    "obj_class": "sign",
    "point_num_in_lidar": 31,
    "speed": 0.0356111431525186,
    "if_vehicle": false,
    "motion_state": false,
    "pose": [
      [
        0.0011815473412930021,
        0.9999503931713455,
        0.009890153808305433,
        51.79954593011689
      ],
      [
        -0.9997654098063744,
        0.0013951083634017713,
        -0.021614324586869772,
        17.1078196627289
      ],
      [
        -0.021627050205066806,
        -0.009862295327459096,
        0.999717463001573,
        1.1689558101234923
      ],
      [
        0.0,
        0.0,
        0.0,
        1.0
      ]
    ],
    "location": [
      51.79954593011689,
      17.1078196627289,
      1.1689558101234923
    ],
    "rotation": [
      -0.009864762574165796,
      0.021628736494195642,
      -1.5696145027593666
    ]
  },
  {
    "label_id": "eLnJNAwofrhpmrFD8ZUIaA",
    "size": [
      1.749789944781114,
      3.6417105607107083,
      1.3599999999999852
    ],
    "obj_class": "vehicle",
    "point_num_in_lidar": 23,
    "speed": 5.347542221830668e-14,
    "if_vehicle": true,
    "motion_state": false,
    "pose": [
      [
        0.9923484398441071,
        -0.1230721690578929,
        0.009890153808305433,
        83.99328904716845
      ],
      [
        0.12326158679462115,
        0.9921388018788124,
        -0.021614324586869772,
        -28.808697654021103
      ],
      [
        -0.007152283540141919,
        0.02266801733411894,
        0.999717463001573,
        2.5828964509913988
      ],
      [
        0.0,
        0.0,
        0.0,
        1.0
      ]
    ],
    "location": [
      83.99328904716845,
      -28.808697654021103,
      2.5828964509913988
    ],
    "rotation": [
      0.02267053903269624,
      0.007152344520913647,
      0.1235790448905742
    ]
  },
  {
    "label_id": "eNNkfbxQJ_QKNxKtMrl5kQ",
    "size": [
      1.8380364869456787,
      4.242712689121765,
      1.3600000000000136
    ],
    "obj_class": "vehicle",
    "point_num_in_lidar": 24,
    "speed": 0.06737090994338404,
    "if_vehicle": true,
    "motion_state": false,
    "pose": [
      [
        -0.9901731536219283,
        0.1394966333072359,
        0.009890153808305433,
        83.91952598751323
      ],
      [
        -0.1396825517354089,
        -0.9899604061341738,
        -0.021614324586869772,
        -23.944598677315355
      ],
      [
        0.006775735169721346,
        -0.0227834058605886,
        0.999717463001573,
        2.0863722505520457
      ],
      [
        0.0,
        0.0,
        0.0,
        1.0
      ]
    ],
    "location": [
      83.91952598751323,
      -23.944598677315355,
      2.0863722505520457
    ],
    "rotation": [
      -0.02278590055672049,
      -0.006775787017122443,
      -3.0014485990557516
    ]
  },
  {
    "label_id": "fry9BMc6wlzy3IkT7E6Lqg",
    "size": [
      1.9903419751476543,
      4.870454643302343,
      1.4605168509874602
    ],
    "obj_class": "vehicle",
    "point_num_in_lidar": 3705,
    "speed": 0.11382836789292493,
    "if_vehicle": true,
    "motion_state": false,
    "pose": [
      [
        -0.9967852422526703,
        0.0795070165767364,
        0.009890153808305433,
        37.26030855595479
      ],
      [
        -0.0797054310801014,
        -0.9965840984227013,
        -0.021614324586869772,
        10.788024914144131
      ],
      [
        0.008137879553088702,
        -0.022333138742190325,
        0.999717463001573,
        0.5238824849164132
      ],
      [
        0.0,
        0.0,
        0.0,
        1.0
      ]
    ],
    "location": [
      37.26030855595479,
      10.788024914144131,
      0.5238824849164132
    ],
    "rotation": [
      -0.022335735400429872,
      -0.0081379693777246,
      -3.0617999383404952
    ]
  },
  {
    "label_id": "gUZr5WnTDZlzLkJcEjLozg",
    "size": [
      1.9475151742000367,
      4.409887397377804,
      1.3867488165983843
    ],
    "obj_class": "vehicle",
    "point_num_in_lidar": 84,
    "speed": 1.7763568394002505e-14,
    "if_vehicle": true,
    "motion_state": false,
    "pose": [
      [
        0.9965228130938291,
        -0.0827312990421974,
        0.009890153808305433,
        69.08051132179855
      ],
      [
        0.08292906178715162,
        0.9963210284259568,
        -0.021614324586869772,
        1.1713470512478352
      ],
      [
        -0.00806558706259032,
        0.022359348716683977,
        0.999717463001573,
        0.4098425257353995
      ],
      [
        0.0,
        0.0,
        0.0,
        1.0
      ]
    ],
    "location": [
      69.08051132179855,
      1.1713470512478352,
      0.4098425257353995
    ],
    "rotation": [
      0.022361939689672546,
      0.008065674514523434,
      0.08302711773699724
    ]
  },
  {
    "label_id": "kE3oOR1I9KfUcj8qqnc7oA",
    "size": [
      2.0913455513372607,
      5.14052396980888,
      2.0
    ],
    "obj_class": "vehicle",
    "point_num_in_lidar": 229,
    "speed": 0.0026796790400803335,
    "if_vehicle": true,
    "motion_state": false,
    "pose": [
      [
        -0.9960943214402992,
        0.08773988632337111,
        0.009890153808305433,
        68.09107308485602
      ],
      [
        -0.08793663217508889,
        -0.9958915451465368,
        -0.021614324586869772,
        13.102223947922568
      ],
      [
        0.007953082175681804,
        -0.022399612800344432,
        0.999717463001573,
        0.639520367617564
      ],
      [
        0.0,
        0.0,
        0.0,
        1.0
      ]
    ],
    "location": [
      68.09107308485602,
      13.102223947922568,
      0.639520367617564
    ],
    "rotation": [
      -0.02240219497973228,
      -0.00795316601881914,
      -3.0535394997198195
    ]
  },
  {
    "label_id": "kxcHgdzT0k4G_N-nuOlSxw",
    "size": [
      1.913218138448613,
      3.842970712096971,
      1.5
    ],
    "obj_class": "vehicle",
    "point_num_in_lidar": 32,
    "speed": 5.3290705182007514e-14,
    "if_vehicle": true,
    "motion_state": false,
    "pose": [
      [
        -0.9954774861324471,
        0.09448152973503234,
        0.009890153808305433,
        83.53838500416646
      ],
      [
        -0.09467689826287937,
        -0.9952733824974793,
        -0.021614324586869772,
        -18.78007120276098
      ],
      [
        0.0078012523830554995,
        -0.022452942590101027,
        0.999717463001573,
        1.5316920797370415
      ],
      [
        0.0,
        0.0,
        0.0,
        1.0
      ]
    ],
    "location": [
      83.53838500416646,
      -18.78007120276098,
      1.5316920797370415
    ],
    "rotation": [
      -0.022455513010553974,
      -0.0078013315153263076,
      -3.046770844812096
    ]
  },
  {
    "label_id": "o111jvb8ao87CQyagOsvnA",
    "size": [
      0.23115959768013844,
      0.08622300807022376,
      0.3199999999999932
    ],
    "obj_class": "sign",
    "point_num_in_lidar": 21,
    "speed": 0.03560054589022023,
    "if_vehicle": false,
    "motion_state": false,
    "pose": [
      [
        0.0011815473427202404,
        0.9999503931713439,
        0.009890153808305433,
        51.7988849851414
      ],
      [
        -0.9997654098063725,
        0.001395108364828735,
        -0.021614324586869772,
        17.10653740372173
      ],
      [
        -0.021627050205080885,
        -0.009862295327428229,
        0.999717463001573,
        1.6085818471168523
      ],
      [
        0.0,
        0.0,
        0.0,
        1.0
      ]
    ],
    "location": [
      51.7988849851414,
      17.10653740372173,
      1.6085818471168523
    ],
    "rotation": [
      -0.009864762574134921,
      0.021628736494209724,
      -1.569614502757939
    ]
  },
  {
    "label_id": "tDH6kie0QuZbzKxrWj2JBg",
    "size": [
      2.0145453911282067,
      4.495980776823411,
      1.6100000000000136
    ],
    "obj_class": "vehicle",
    "point_num_in_lidar": 43,
    "speed": 0.04806684612979793,
    "if_vehicle": true,
    "motion_state": false,
    "pose": [
      [
        0.990819187570605,
        -0.1348314592355007,
        0.009890153808305433,
        84.06652472807662
      ],
      [
        0.135018377623126,
        0.990607318101715,
        -0.021614324586869772,
        -26.45167745829562
      ],
      [
        -0.006882967815221497,
        0.022751240048690242,
        0.999717463001573,
        2.441373242373345
      ],
      [
        0.0,
        0.0,
        0.0,
        1.0
      ]
    ],
    "location": [
      84.06652472807662,
      -26.45167745829562,
      2.441373242373345
    ],
    "rotation": [
      0.022753742332895177,
      0.006883022163428993,
      0.13543523784027095
    ]
  },
  {
    "label_id": "vJQ_clDIded5uOENI4I4YQ",
    "size": [
      2.1787278204785756,
      4.716290994184759,
      1.8791319242467068
    ],
    "obj_class": "vehicle",
    "point_num_in_lidar": 433,
    "speed": 0.021155658818802,
    "if_vehicle": true,
    "motion_state": false,
    "pose": [
      [
        0.9957509466709138,
        -0.09155455784190762,
        0.009890153808305433,
        63.679370064781665
      ],
      [
        0.09175052556142983,
        0.9955474182739137,
        -0.021614324586869772,
        0.6022433729800412
      ],
      [
        -0.007867227159588056,
        0.022429910978823384,
        0.999717463001573,
        0.6112683157965932
      ],
      [
        0.0,
        0.0,
        0.0,
        1.0
      ]
    ],
    "location": [
      63.679370064781665,
      0.6022433729800412,
      0.6112683157965932
    ],
    "rotation": [
      0.022432486493271855,
      0.007867308316575306,
      0.09188259561176343
    ]
  },
  {
    "label_id": "xVS8fOJBF86-8T0YnGcckA",
    "size": [
      1.8683214202349232,
      4.020142356091427,
      1.4099999999999966
    ],
    "obj_class": "vehicle",
    "point_num_in_lidar": 40,
    "speed": 1.831026719408895e-14,
    "if_vehicle": true,
    "motion_state": false,
    "pose": [
      [
        0.996849866728308,
        -0.0786926175787961,
        0.009890153808305433,
        104.265215678569
      ],
      [
        0.0788911963502327,
        0.9966488850699039,
        -0.021614324586869772,
        3.70490326465071
      ],
      [
        -0.00815612298727896,
        0.02232648264986855,
        0.999717463001573,
        0.4413720979642619
      ],
      [
        0.0,
        0.0,
        0.0,
        1.0
      ]
    ],
    "location": [
      104.265215678569,
      3.70490326465071,
      0.4413720979642619
    ],
    "rotation": [
      0.022329080747006336,
      0.008156213417386725,
      0.07897589285878709
    ]
  }
]