[
  {
    "label_id": "06IqEHJJaL2Qpk-CKiGhxQ",
    "size": [
      1.8477675879627498,
      4.165148132277124,
      1.5800000000000054
    ],
    "obj_class": "vehicle",
    "point_num_in_lidar": 201,
    "speed": 7.160326706948896e-29,
    "if_vehicle": true,
    "motion_state": false,
    "pose": [
      [
        -0.07267600141320969,
        -0.997165072842644,
        0.019494007317926557,
        87.19221474425422
      ],
      [
        0.9970640089565148,
        -0.07216826834762381,
        0.025594981681339817,
        -4.417585922519493
      ],
      [
        -0.024115573021388694,
        0.021296914011883616,
        0.9994823062923227,
        0.701373073575823
      ],
      [
        0.0,
        0.0,
        0.0,
        1.0
      ]
    ],
    "location": [
      87.19221474425422,
      -4.417585922519493,
      0.701373073575823
    ],
    "rotation": [
      0.021304721074229212,
      0.02411791107888855,
      1.643557655500121
    ]
  },
  {
    "label_id": "2sW3C6zQSPZ8DeeYOq0KsA",
    "size": [
      1.92849186187025,
      4.429663242834659,
      1.4400000000000048
    ],
    "obj_class": "vehicle",
    "point_num_in_lidar": 439,
    "speed": 0.024236788604439483,
    "if_vehicle": true,
    "motion_state": false,
    "pose": [
      [
        -0.10274145827019869,
        -0.9945170568829886,
        0.019494007317926557,
        89.95061295594564
      ],
      [
        0.9944313645326337,
        -0.10223090602403836,
        0.025594981681339817,
        -4.019877259578379
      ],
      [
        -0.023461755822549217,
        0.022015118039714728,
        0.9994823062923227,
        0.7000570345053632
      ],
      [
        0.0,
        0.0,
        0.0,
        1.0
      ]
    ],
    "location": [
      89.95061295594564,
      -4.019877259578379,
      0.7000570345053632
    ],
    "rotation": [
      0.0220229598826568,
      0.023463908792061255,
      1.6737478417109601
    ]
  },
  {
    "label_id": "5IL7rQCE9M8dj8aosOTPMw",
    "size": [
      2.0071619607095754,
      4.339148154442002,
      1.6600000000000037
    ],
    "obj_class": "vehicle",
    "point_num_in_lidar": 105,
    "speed": 0.028287762327124644,
    "if_vehicle": true,
    "motion_state": false,
    "pose": [
      [
        0.2943517709287539,
        -0.955498309066947,
        0.019494007317926557,
        64.32965550961592
      ],
      [
        0.9552197862626991,
        0.2947881558763433,
        0.025594981681339817,
        4.756093872650581
      ],
      [
        -0.03020256418501119,
        0.011087133318841905,
        0.9994823062923227,
        0.8261950149392732
      ],
      [
        0.0,
        0.0,
        0.0,
        1.0
      ]
    ],
    "location": [
      64.32965550961592,
      4.756093872650581,
      0.8261950149392732
    ],
    "rotation": [
      0.011092421064734391,
      0.03020715784165293,
      1.2718785819688787
    ]
  },
  {
    "label_id": "DiLEC46m3SvQJuAG2aoOaA",
    "size": [
      2.1098514504241535,
      4.563806354916885,
      1.720000000000006
    ],
    "obj_class": "vehicle",
    "point_num_in_lidar": 172,
    "speed": 0.03803671438402901,
    "if_vehicle": true,
    "motion_state": false,
    "pose": [
      [
        0.5273214876162553,
        0.8494421889551214,
        0.019494007317926557,
        61.58069748285379
      ],
      [
        -0.84958840194047,
        0.5268248705224253,
        0.025594981681339817,
        -60.7734303508214
      ],
      [
        0.011471529384433656,
        -0.030058666340367968,
        0.9994823062923227,
        0.8797111542185263
      ],
      [
        0.0,
        0.0,
        0.0,
        1.0
      ]
    ],
    "location": [
      61.58069748285379,
      -60.7734303508214,
      0.8797111542185263
    ],
    "rotation": [
      -0.030065173522656388,
      -0.01147178100053837,
      -1.015310446648952
    ]
  },
  {
    "label_id": "GJV-KeQ-po2jxicJM957hQ",
    "size": [
      2.089362499713645,
      4.466645265652409,
      1.5600000000000023
    ],
    "obj_class": "vehicle",
    "point_num_in_lidar": 150,
    "speed": 0.08719547857175519,
    "if_vehicle": true,
    "motion_state": false,
    "pose": [
      [
        0.2673471986673726,
        -0.9634030615704918,
        0.019494007317926557,
        61.66273024976579
      ],
      [
        0.9631369290669454,
        0.2677912485131386,
        0.025594981681339817,
        5.138866280703496
      ],
      [
        -0.029878608270835248,
        0.011932651690947425,
        0.9994823062923227,
        0.7134252375629799
      ],
      [
        0.0,
        0.0,
        0.0,
        1.0
      ]
    ],
    "location": [
      61.66273024976579,
      5.138866280703496,
      0.7134252375629799
    ],
    "rotation": [
      0.011938265161157846,
      0.029883055652172322,
      1.3000334336331496
    ]
  },
  {
    "label_id": "JWgdIn8SJIuCCDccdJr7cw",
    "size": [
      2.0955821630105076,
      5.074964333577244,
      1.8400000000000034
    ],
    "obj_class": "vehicle",
    "point_num_in_lidar": 224,
    "speed": 0.025381601977919967,
    "if_vehicle": true,
    "motion_state": false,
    "pose": [
      [
        0.8475972305324755,
        -0.5302819235768518,
        0.019494007317926557,
        63.161810613353964
      ],
      [
        0.5297858196326591,
        0.847745175290832,
        0.025594981681339817,
        -51.94904376040108
      ],
      [
        -0.030098506770751574,
        -0.011366586943780298,
        0.9994823062923227,
        0.553947350169743
      ],
      [
        0.0,
        0.0,
        0.0,
        1.0
      ]
    ],
    "location": [
      63.161810613353964,
      -51.94904376040108,
      0.553947350169743
    ],
    "rotation": [
      -0.0113719841608575,
      0.03010305309812968,
      0.5586311725794901
    ]
  },
  {
    "label_id": "NOnH5NThfDCdwiVakMZxdw",
    "size": [
      2.2375213309423287,
      5.24630681253903,
      1.8900000000000077
    ],
    "obj_class": "vehicle",
    "point_num_in_lidar": 81,
    "speed": 7.160326706948896e-29,
    "if_vehicle": true,
    "motion_state": false,
    "pose": [
      [
        -0.8495636615424879,
        0.5271257617165087,
        0.019494007317926557,
        51.849664125002164
      ],
      [
        -0.5266291109483153,
        -0.8497097601031299,
        0.025594981681339817,
        -47.41833207203308
      ],
      [
        0.03005602249646037,
        0.011478454611652342,
        0.9994823062923227,
        0.6649999336336521
      ],
      [
        0.0,
        0.0,
        0.0,
        1.0
      ]
    ],
    "location": [
      51.849664125002164,
      -47.41833207203308,
      0.6649999336336521
    ],
    "rotation": [
      0.01148389515519448,
      -0.030060549594261177,
      -2.586682260364963
    ]
  },
  {
    "label_id": "Nak0dxS0z_HTkFDSugyx-A",
    "size": [
      2.100041177640915,
      4.807886825693142,
      1.6400000000000077
    ],
    "obj_class": "vehicle",
    "point_num_in_lidar": 87,
    "speed": 0.015200712719788349,
    "if_vehicle": true,
    "motion_state": false,
    "pose": [
      [
        -0.9997757958990118,
        0.008266898643758099,
        0.019494007317926557,
        22.7084959354371
      ],
      [
        -0.007766733514006705,
        -0.9996422233795721,
        0.025594981681339817,
        6.33002529456985
      ],
      [
        0.019698623937218232,
        0.02543783842152371,
        0.9994823062923227,
        0.6015279044502364
      ],
      [
        0.0,
        0.0,
        0.0,
        1.0
      ]
    ],
    "location": [
      22.7084959354371,
      6.33002529456985,
      0.6015279044502364
    ],
    "rotation": [
      0.02544552105307513,
      -0.01969989812155776,
      -3.133824334619896
    ]
  },
  {
    "label_id": "PvBbf1fjOlmyCenrNprH5A",
    "size": [
      2.04569308363467,
      4.511004056503835,
      1.5100000000000051
    ],
    "obj_class": "vehicle",
    "point_num_in_lidar": 2218,
    "speed": 0.037950727658354534,
    "if_vehicle": true,
    "motion_state": false,
    "pose": [
      [
        0.3731756206960495,
        -0.9275558957803064,
        0.019494007317926557,
        80.80049437633102
      ],
      [
        0.9272418774634991,
        0.37358720212381097,
        0.025594981681339817,
        -4.933992203538764
      ],
      [
        -0.031023487813000968,
        0.008524236769123407,
        0.9994823062923227,
        0.6528997884474066
      ],
      [
        0.0,
        0.0,
        0.0,
        1.0
      ]
    ],
    "location": [
      80.80049437633102,
      -4.933992203538764,
      0.6528997884474066
    ],
    "rotation": [
      0.008528445222196228,
      0.03102846643068349,
      1.1881730517376885
    ]
  },
  {
    "label_id": "cM82BMGCwfzsjuowhHEKgg",
    "size": [
      1.9418886483061324,
      4.4152473920392135,
      1.5500000000000043
    ],
    "obj_class": "vehicle",
    "point_num_in_lidar": 492,
    "speed": 5.440710489070066e-29,
    "if_vehicle": true,
    "motion_state": false,
    "pose": [
      [
        0.8626700508859347,
        -0.5053913008582037,
        0.019494007317926557,
        76.25949920241612
      ],
      [
        0.5048911016686036,
        0.8628034958022571,
        0.025594981681339817,
        -43.15453030862159
      ],
      [
        -0.029754978748476036,
        -0.012237673318782227,
        0.9994823062923227,
        0.3739473501696793
      ],
      [
        0.0,
        0.0,
        0.0,
        1.0
      ]
    ],
    "location": [
      76.25949920241612,
      -43.15453030862159,
      0.3739473501696793
    ],
    "rotation": [
      -0.012243400164696211,
      0.02975937113719545,
      0.5295149243783963
    ]
  },
  {
    "label_id": "eL3k1OtpmT0u4hxx7vrt7g",
    "size": [
      2.1852626951493197,
      4.839229497406831,
      1.8900000000000077
    ],
    "obj_class": "vehicle",
    "point_num_in_lidar": 536,
    "speed": 5.278264476433365e-29,
    "if_vehicle": true,
    "motion_state": false,
    "pose": [
      [
        -0.8153847238679104,
        0.5785911646072207,
        0.019494007317926557,
        65.83719484455003
      ],
      [
        -0.5781044855448576,
        -0.8155612182452322,
        0.025594981681339817,
        -38.15948939576447
      ],
      [
        0.030707586615796537,
        0.009600183998905871,
        0.9994823062923227,
        0.5689473501697577
      ],
      [
        0.0,
        0.0,
        0.0,
        1.0
      ]
    ],
    "location": [
      65.83719484455003,
      -38.15948939576447,
      0.5689473501697577
    ],
    "rotation": [
      0.009604861156870965,
      -0.030712414647961823,
      -2.5248546051199923
    ]
  },
  {
    "label_id": "flmL_c40ho3hOjxku5f4yw",
    "size": [
      0.6093692391495397,
      0.09030684294249011,
      0.47546285481438133
    ],
    "obj_class": "sign",
    "point_num_in_lidar": 225,
    "speed": 0.029044538059956132,
    "if_vehicle": false,
    "motion_state": false,
    "pose": [
      [
        0.7765068320789632,
        0.6298072113062706,
        0.019494007317926557,
        81.35515248531362
      ],
      [
        -0.6301080525412344,
        0.7760855230162619,
        0.025594981681339817,
        -10.483811720959238
      ],
      [
        0.0009908871711438434,
        -0.03215800912981955,
        0.9994823062923227,
        2.0600195232318086
      ],
      [
        0.0,
        0.0,
        0.0,
        1.0
      ]
    ],
    "location": [
      81.35515248531362,
      -10.483811720959238,
      2.0600195232318086
    ],
    "rotation": [
      -0.03216357014034508,
      -0.000990887333295563,
      -0.6816927540468365
    ]
  },
  {
    "label_id": "gK-NGLJefRgPi-QSvRDpQw",
    "size": [
      2.058826375818867,
      4.284555186498071,
      1.4400000000000048
    ],
    "obj_class": "vehicle",
    "point_num_in_lidar": 132,
    "speed": 8.950606565189709,
    "if_vehicle": true,
    "motion_state": true,
    "pose": [
      [
        0.9480045932504647,
        0.3176590544195294,
        0.019494007317926557,
        50.903534732712956
      ],
      [
        -0.3180884888597224,
        0.9477154689924978,
        0.025594981681339817,
        -6.986345539111426
      ],
      [
        -0.010344294609072368,
        -0.030464979527651277,
        0.9994823062923227,
        0.5288945942055392
      ],
      [
        0.0,
        0.0,
        0.0,
        1.0
      ]
    ],
    "location": [
      50.903534732712956,
      -6.986345539111426,
      0.5288945942055392
    ],
    "rotation": [
      -0.030471324829290686,
      0.01034447909884911,
      -0.32373052361186794
    ]
  },
  {
    "label_id": "hAADeR-MkTSh-xcyeuIpvA",
    "size": [
      2.0448874715479453,
      3.8180144397490077,
      1.5800000000000054
    ],
    "obj_class": "vehicle",
    "point_num_in_lidar": 2138,
    "speed": 0.04359609326559743,
    "if_vehicle": true,
    "motion_state": false,
    "pose": [
      [
        -0.9921310830107959,
        -0.123676585506368,
        0.019494007317926557,
        93.96888575127866
      ],
      [
        0.12415476232613934,
        -0.9919327053305943,
        0.025594981681339817,
        -9.978584464033474
      ],
      [
        0.016171243476159145,
        0.027813850740490344,
        0.9994823062923227,
        0.6741947572148845
      ],
      [
        0.0,
        0.0,
        0.0,
        1.0
      ]
    ],
    "location": [
      93.96888575127866,
      -9.978584464033474,
      0.6741947572148845
    ],
    "rotation": [
      0.02782107707891117,
      -0.016171948380377967,
      3.0171003326994574
    ]
  },
  {
    "label_id": "iyEn5PZc69x96Ya8xCftxw",
    "size": [
      2.112746719974678,
      4.813547048523173,
      1.5300000000000011
    ],
    "obj_class": "vehicle",
    "point_num_in_lidar": 262,
    "speed": 0.045323505609381,
    "if_vehicle": true,
    "motion_state": false,
    "pose": [
      [
        -0.9794775157663896,
        -0.20060852371419968,
        0.019494007317926557,
        46.68886543697363
      ],
      [
        0.2010697888373811,
        -0.9792424811708399,
        0.025594981681339817,
        2.656480752808875
      ],
      [
        0.013954788604383345,
        0.02898936500833483,
        0.9994823062923227,
        0.5849156322827795
      ],
      [
        0.0,
        0.0,
        0.0,
        1.0
      ]
    ],
    "location": [
      46.68886543697363,
      2.656480752808875,
      0.5849156322827795
    ],
    "rotation": [
      0.02899625114528917,
      -0.013955241560987278,
      2.9391227733127048
    ]
  },
  {
    "label_id": "lKburzd05hFa5tk6f0Jgmw",
    "size": [
      2.0667644719431992,
      4.647171882786976,
      1.960000000000008
    ],
    "obj_class": "vehicle",
    "point_num_in_lidar": 61,
    "speed": 5.440710489070066e-29,
    "if_vehicle": true,
    "motion_state": false,
    "pose": [
      [
        0.8859246007517073,
        -0.46341944873043106,
        0.019494007317926557,
        50.57604681768794
      ],
      [
        0.4629134230727555,
        0.8860338930604156,
        0.025594981681339817,
        -60.263493120060275
      ],
      [
        -0.029133563496282676,
        -0.013651186270341512,
        0.9994823062923227,
        0.7289473501697614
      ],
      [
        0.0,
        0.0,
        0.0,
        1.0
      ]
    ],
    "location": [
      50.57604681768794,
      -60.263493120060275,
      0.7289473501697614
    ],
    "rotation": [
      -0.013657407852347989,
      0.02913768632701662,
      0.4815009619050418
    ]
  },
  {
    "label_id": "phUEcRmWiiYy-t1vIW9zjw",
    "size": [
      2.340463141836511,
      5.012024443549109,
      2.010000000000005
    ],
    "obj_class": "vehicle",
    "point_num_in_lidar": 140,
    "speed": 0.013207750765317532,
    "if_vehicle": true,
    "motion_state": false,
    "pose": [
      [
        0.05944345848111715,
        -0.9980413112303981,
        0.019494007317926557,
        28.934602096688423
      ],
      [
        0.9978741807589647,
        0.0599334321339672,
        0.025594981681339817,
        11.632539537729826
      ],
      [
        -0.02671319184277042,
        0.01793111235118555,
        0.9994823062923227,
        1.023556690176612
      ],
      [
        0.0,
        0.0,
        0.0,
        1.0
      ]
    ],
    "location": [
      28.934602096688423,
      11.632539537729826,
      1.023556690176612
    ],
    "rotation": [
      0.017938475601520086,
      0.0267163699284054,
      1.5112965468139923
    ]
  },
  {
    "label_id": "q1ledstSo_hLzeQ3WjqGHA",
    "size": [
      0.9740295429048389,
      0.1295904608480214,
      0.9832971014418206
    ],
    "obj_class": "sign",
    "point_num_in_lidar": 311,
    "speed": 0.022976295642243592,
    "if_vehicle": false,
    "motion_state": false,
    "pose": [
      [
        -0.7375160527879107,
        -0.6750481875828037,
        0.019494007317926557,
        69.37430062111127
      ],
      [
        0.6753233359937182,
        -0.7370775324041884,
        0.025594981681339817,
        -21.321598324335355
      ],
      [
        -0.002909251184637011,
        0.032041467914628745,
        0.9994823062923227,
        2.4093006385752744
      ],
      [
        0.0,
        0.0,
        0.0,
        1.0
      ]
    ],
    "location": [
      69.37430062111127,
      -21.321598324335355,
      2.4093006385752744
    ],
    "rotation": [
      0.03204708870742534,
      0.0029092552885114356,
      2.4001857555906994
    ]
  },
  {
    "label_id": "x5NYM3buoA9zRwaCBIu6UQ",
    "size": [
      1.6265876685031873,
      3.592461291628533,
      1.3200000000000003
    ],
    "obj_class": "vehicle",
    "point_num_in_lidar": 115,
    "speed": 0.023931019012114384,
    "if_vehicle": true,
    "motion_state": false,
    "pose": [
      [
        -0.8495636615424852,
        0.5271257617165133,
        0.019494007317926557,
        61.15046742948607
      ],
      [
        -0.5266291109483199,
        -0.8497097601031273,
        0.025594981681339817,
        -41.42483045304493
      ],
      [
        0.030056022496460437,
        0.011478454611652185,
        0.9994823062923227,
        0.29394735016963836
      ],
      [
        0.0,
        0.0,
        0.0,
        1.0
      ]
    ],
    "location": [
      61.15046742948607,
      -41.42483045304493,
      0.29394735016963836
    ],
    "rotation": [
      0.011483895155194322,
      -0.030060549594261243,
      -2.5866822603649577
    ]
  },
  {
    "label_id": "yCD5f2A_53N54oLE_1EGlg",
    "size": [
      2.2126880091820946,
      5.3218551801730705,
      2.0900000000000034
    ],
    "obj_class": "vehicle",
    "point_num_in_lidar": 115,
    "speed": 4.8384091049710996e-29,
    "if_vehicle": true,
    "motion_state": false,
    "pose": [
      [
        0.583555371893313,
        0.8118393385474405,
        0.019494007317926557,
        48.2789680960027
      ],
      [
        -0.8120187990563961,
        0.5830697787501424,
        0.025594981681339817,
        -69.07485898060304
      ],
      [
        0.00941264646449568,
        -0.030765589464756108,
        0.9994823062923227,
        1.2499472979518487
      ],
      [
        0.0,
        0.0,
        0.0,
        1.0
      ]
    ],
    "location": [
      48.2789680960027,
      -69.07485898060304,
      1.2499472979518487
    ],
    "rotation": [
      -0.030771808534715322,
      -0.009412785460176869,
      -0.9476645107516345
    ]
  }
]