[
  {
    "label_id": "1GEAINz-wBxTAsqB0f6rPQ",
    "size": [
      2.149705578592453,
      5.369128280270164,
      1.8600000000000065
    ],
    "obj_class": "vehicle",
    "point_num_in_lidar": 1821,
    "speed": 0.011266375403536198,
    "if_vehicle": true,
    "motion_state": false,
    "pose": [
      [
        0.8165476991172725,
        -0.5772650875962665,
        0.0038566447545435568,
        28.681756464796536
      ],
      [
        0.5769432542650272,
        0.8162835074538856,
        0.028595748230506597,
        -12.392765980896456
      ],
      [
        -0.01965544261440662,
        -0.021124727246926475,
        0.9995836180502232,
        0.9564954481769306
      ],
      [
        0.0,
        0.0,
        0.0,
        1.0
      ]
    ],
    "location": [
      28.681756464796536,
      -12.392765980896456,
      0.9564954481769306
    ],
    "rotation": [
      -0.021130381448341326,
      0.019656708436720446,
      0.6151177993515425
    ]
  },
  {
    "label_id": "68JMJ77ETNWIxLDk-9I9yw",
    "size": [
      2.081581790681911,
      4.9203171510070485,
      1.4400000000000048
    ],
    "obj_class": "vehicle",
    "point_num_in_lidar": 71,
    "speed": 0.007936767698767869,
    "if_vehicle": true,
    "motion_state": false,
    "pose": [
      [
        -0.9757046121062953,
        0.21905623982379654,
        0.0038566447545435568,
        -15.287842992519927
      ],
      [
        -0.21886067977101387,
        -0.9753370115161769,
        0.028595748230506597,
        0.8131410698010768
      ],
      [
        0.010025605451698812,
        0.027056935542521008,
        0.9995836180502232,
        0.7608744242560874
      ],
      [
        0.0,
        0.0,
        0.0,
        1.0
      ]
    ],
    "location": [
      -15.287842992519927,
      0.8131410698010768,
      0.7608744242560874
    ],
    "rotation": [
      0.027061598311638742,
      -0.010025773409516027,
      -2.9209346910656024
    ]
  },
  {
    "label_id": "6_d919_pVLmz2ub8CYnOfg",
    "size": [
      2.0179148775347087,
      4.378968142903507,
      1.480000000000004
    ],
    "obj_class": "vehicle",
    "point_num_in_lidar": 26,
    "speed": 0.022071362150681395,
    "if_vehicle": true,
    "motion_state": false,
    "pose": [
      [
        0.9992772237362155,
        -0.03781740886521168,
        0.0038566447545435568,
        -32.18437201591246
      ],
      [
        0.03769201906687073,
        0.998880170431769,
        0.028595748230506597,
        -10.67054338761318
      ],
      [
        -0.004933743072352978,
        -0.02842971517481803,
        0.9995836180502232,
        0.7955711474772471
      ],
      [
        0.0,
        0.0,
        0.0,
        1.0
      ]
    ],
    "location": [
      -32.18437201591246,
      -10.67054338761318,
      0.7955711474772471
    ],
    "rotation": [
      -0.028433892443567043,
      0.004933763088620445,
      0.037701408626600916
    ]
  },
  {
    "label_id": "EdUU14a9oVNxpdhWcbkcRw",
    "size": [
      2.126940619405154,
      4.563779192867923,
      1.5600000000000023
    ],
    "obj_class": "vehicle",
    "point_num_in_lidar": 519,
    "speed": 0.01865270069964376,
    "if_vehicle": true,
    "motion_state": false,
    "pose": [
      [
        -0.11780127229355428,
        -0.9930297007326905,
        0.0038566447545435568,
        13.74233639769875
      ],
      [
        0.9926439769405211,
        -0.11764445684707571,
        0.028595748230506597,
        11.472824012402498
      ],
      [
        -0.027942714430166934,
        0.0071968907105367476,
        0.9995836180502232,
        0.9468992349736354
      ],
      [
        0.0,
        0.0,
        0.0,
        1.0
      ]
    ],
    "location": [
      13.74233639769875,
      11.472824012402498,
      0.9468992349736354
    ],
    "rotation": [
      0.007199764207839646,
      0.027946351965023337,
      1.6889181112129203
    ]
  },
  {
    "label_id": "KVxyT5AqdPF88ef3uDbTcg",
    "size": [
      2.161231233760364,
      4.655021430438439,
      1.7600000000000051
    ],
    "obj_class": "vehicle",
    "point_num_in_lidar": 347,
    "speed": 1.1234667099445443e-13,
    "if_vehicle": true,
    "motion_state": false,
    "pose": [
      [
        0.8165476991172624,
        -0.5772650875962808,
        0.0038566447545435568,
        29.59588866317631
      ],
      [
        0.5769432542650414,
        0.8162835074538755,
        0.028595748230506597,
        -14.949836956402123
      ],
      [
        -0.01965544261440699,
        -0.02112472724692613,
        0.9995836180502232,
        0.8836578124178374
      ],
      [
        0.0,
        0.0,
        0.0,
        1.0
      ]
    ],
    "location": [
      29.59588866317631,
      -14.949836956402123,
      0.8836578124178374
    ],
    "rotation": [
      -0.021130381448340983,
      0.019656708436720818,
      0.61511779935156
    ]
  },
  {
    "label_id": "Nak0dxS0z_HTkFDSugyx-A",
    "size": [
      2.1000411776409145,
      4.807886825693142,
      1.6400000000000006
    ],
    "obj_class": "vehicle",
    "point_num_in_lidar": 3328,
    "speed": 0.07033864244330963,
    "if_vehicle": true,
    "motion_state": false,
    "pose": [
      [
        -0.9999583789909103,
        0.008268408378161186,
        0.0038566447545435568,
        22.746839675188312
      ],
      [
        -0.00815480780209645,
        -0.9995577933730737,
        0.028595748230506597,
        6.406318383592861
      ],
      [
        0.004091380644924306,
        0.028563107849875306,
        0.9995836180502232,
        0.6681835284233344
      ],
      [
        0.0,
        0.0,
        0.0,
        1.0
      ]
    ],
    "location": [
      22.746839675188312,
      6.406318383592861,
      0.6681835284233344
    ],
    "rotation": [
      0.02856723231560033,
      -0.004091392059550138,
      -3.133437687144925
    ]
  },
  {
    "label_id": "WOwXv4MAPHlH-OoxpKqiYA",
    "size": [
      2.106167692583198,
      4.360908837257696,
      1.7100000000000009
    ],
    "obj_class": "vehicle",
    "point_num_in_lidar": 248,
    "speed": 0.0038919417935857907,
    "if_vehicle": true,
    "motion_state": false,
    "pose": [
      [
        -0.06960557342817286,
        -0.9975671358053914,
        0.0038566447545435568,
        16.565726811659033
      ],
      [
        0.9971742748922722,
        -0.06946760882748511,
        0.028595748230506597,
        12.066619793241898
      ],
      [
        -0.028258266769323356,
        0.005836170389821128,
        0.9995836180502232,
        1.0372327334613516
      ],
      [
        0.0,
        0.0,
        0.0,
        1.0
      ]
    ],
    "location": [
      16.565726811659033,
      12.066619793241898,
      1.0372327334613516
    ],
    "rotation": [
      0.005838535134896835,
      0.028262028965316984,
      1.6404861042229986
    ]
  },
  {
    "label_id": "dmdfIg477T778MUkl1T6NQ",
    "size": [
      2.090874685896401,
      5.012557103587124,
      1.7800000000000011
    ],
    "obj_class": "vehicle",
    "point_num_in_lidar": 232,
    "speed": 0.006072523045188754,
    "if_vehicle": true,
    "motion_state": false,
    "pose": [
      [
        -0.9757046121062581,
        0.21905623982396247,
        0.0038566447545435568,
        -5.395456873006424
      ],
      [
        -0.21886067977117976,
        -0.9753370115161397,
        0.028595748230506597,
        2.4801012293391977
      ],
      [
        0.010025605451703414,
        0.0270569355425193,
        0.9995836180502232,
        0.926949732344994
      ],
      [
        0.0,
        0.0,
        0.0,
        1.0
      ]
    ],
    "location": [
      -5.395456873006424,
      2.4801012293391977,
      0.926949732344994
    ],
    "rotation": [
      0.027061598311637035,
      -0.01002577340952063,
      -2.920934691065433
    ]
  },
  {
    "label_id": "kTHAHUaBCtWC10R_8Eb9VQ",
    "size": [
      2.4194994619116117,
      5.656335587001618,
      1.9500000000000028
    ],
    "obj_class": "vehicle",
    "point_num_in_lidar": 65,
    "speed": 0.012141801405168974,
    "if_vehicle": true,
    "motion_state": false,
    "pose": [
      [
        -0.13700450427732927,
        -0.990562916779626,
        0.0038566447545435568,
        -27.805271782695854
      ],
      [
        0.9901803012701436,
        -0.1368402505102391,
        0.028595748230506597,
        5.147933585829833
      ],
      [
        -0.027798143540365708,
        0.007736519975705731,
        0.9995836180502232,
        1.1763098486535668
      ],
      [
        0.0,
        0.0,
        0.0,
        1.0
      ]
    ],
    "location": [
      -27.805271782695854,
      5.147933585829833,
      1.1763098486535668
    ],
    "rotation": [
      0.007739588124209598,
      0.027801724893863247,
      1.7082865626701753
    ]
  },
  {
    "label_id": "kVXDgsK5H07BTnCoiGKogw",
    "size": [
      2.3125299105647046,
      4.590938652758807,
      1.7800000000000011
    ],
    "obj_class": "vehicle",
    "point_num_in_lidar": 2611,
    "speed": 0.06289650419487233,
    "if_vehicle": true,
    "motion_state": false,
    "pose": [
      [
        -0.09295950926709676,
        -0.9956624206667929,
        0.0038566447545435568,
        38.126784906687135
      ],
      [
        0.9952729001192913,
        -0.09281237779128738,
        0.028595748230506597,
        14.028728763067647
      ],
      [
        -0.028113767533998878,
        0.006496660732217762,
        0.9995836180502232,
        1.1139845480089292
      ],
      [
        0.0,
        0.0,
        0.0,
        1.0
      ]
    ],
    "location": [
      38.126784906687135,
      14.028728763067647,
      1.1139845480089292
    ],
    "rotation": [
      0.006499275438697677,
      0.02811747229682158,
      1.6639271624285397
    ]
  },
  {
    "label_id": "lOV2iLsg_vbFC67W5CPwHg",
    "size": [
      0.7375888567064062,
      0.1259369369053941,
      0.5499999999999972
    ],
    "obj_class": "sign",
    "point_num_in_lidar": 37,
    "speed": 0.015476761539078938,
    "if_vehicle": false,
    "motion_state": false,
    "pose": [
      [
        -0.9806709816171165,
        0.195626051704158,
        0.0038566447545435568,
        -2.9711357744281486
      ],
      [
        -0.19543935148745326,
        -0.9802988029541304,
        0.028595748230506597,
        -9.980554105931105
      ],
      [
        0.009374737558158543,
        0.027289280337541355,
        0.9995836180502232,
        2.5360896799419876
      ],
      [
        0.0,
        0.0,
        0.0,
        1.0
      ]
    ],
    "location": [
      -2.9711357744281486,
      -9.980554105931105,
      2.5360896799419876
    ],
    "rotation": [
      0.02729386824422306,
      -0.009374874881158337,
      -2.944878475153892
    ]
  },
  {
    "label_id": "ldcifM1nCV7AMQi_6AXNGQ",
    "size": [
      2.1408498136825274,
      4.547641799194267,
      1.6600000000000037
    ],
    "obj_class": "vehicle",
    "point_num_in_lidar": 158,
    "speed": 0.004263299338160206,
    "if_vehicle": true,
    "motion_state": false,
    "pose": [
      [
        0.9726884797867215,
        -0.23208241549379346,
        0.0038566447545435568,
        -3.0362872145012716
      ],
      [
        0.2318819578813437,
        0.9723235268120648,
        0.028595748230506597,
        -7.098101569958317
      ],
      [
        -0.010386476751587383,
        -0.026920468538158923,
        0.9995836180502232,
        0.8508061620907341
      ],
      [
        0.0,
        0.0,
        0.0,
        1.0
      ]
    ],
    "location": [
      -3.0362872145012716,
      -7.098101569958317,
      0.8508061620907341
    ],
    "rotation": [
      -0.026925173914396378,
      0.010386663507600305,
      0.23402478717039285
    ]
  },
  {
    "label_id": "phUEcRmWiiYy-t1vIW9zjw",
    "size": [
      2.3404631418365107,
      5.012024443549109,
      2.010000000000005
    ],
    "obj_class": "vehicle",
    "point_num_in_lidar": 5761,
    "speed": 0.03165176900830324,
    "if_vehicle": true,
    "motion_state": false,
    "pose": [
      [
        0.059454314285474916,
        -0.9982235775637045,
        0.0038566447545435568,
        28.97775596209442
      ],
      [
        0.9978162196736788,
        0.05954053190277991,
        0.028595748230506597,
        11.617931058366594
      ],
      [
        -0.02877457678181286,
        0.0021480820870781224,
        0.9995836180502232,
        1.0507578577433208
      ],
      [
        0.0,
        0.0,
        0.0,
        1.0
      ]
    ],
    "location": [
      28.97775596209442,
      11.617931058366594,
      1.0507578577433208
    ],
    "rotation": [
      0.002148973574206995,
      0.02877854903979933,
      1.5112822576658544
    ]
  },
  {
    "label_id": "uS2LW2-8jVhW_knJOu-LDw",
    "size": [
      0.7982140781647653,
      1.951190244896045,
      1.5799999999999983
    ],
    "obj_class": "cyclist",
    "point_num_in_lidar": 474,
    "speed": 5.110271409163035,
    "if_vehicle": false,
    "motion_state": true,
    "pose": [
      [
        0.9999750676648891,
        0.00591526329402259,
        0.0038566447545435568,
        21.442926132593698
      ],
      [
        -0.006023170764833267,
        0.9995729110960716,
        0.028595748230506597,
        -2.034219618739371
      ],
      [
        -0.0036858462444894708,
        -0.028618264501664884,
        0.9995836180502232,
        0.7672504261054272
      ],
      [
        0.0,
        0.0,
        0.0,
        1.0
      ]
    ],
    "location": [
      21.442926132593698,
      -2.034219618739371,
      0.7672504261054272
    ],
    "rotation": [
      -0.028622366837156965,
      0.003685854590194838,
      -0.006023248099053773
    ]
  },
  {
    "label_id": "ztrl-FqRdvMBhbRINdJDoQ",
    "size": [
      2.027562219768014,
      4.496196136969282,
      1.6000000000000014
    ],
    "obj_class": "vehicle",
    "point_num_in_lidar": 21,
    "speed": 0.013381329622047758,
    "if_vehicle": true,
    "motion_state": false,
    "pose": [
      [
        -0.12270353760453583,
        -0.9924358760900219,
        0.0038566447545435568,
        -24.96274535320913
      ],
      [
        0.9920509313746027,
        -0.12254481931897752,
        0.028595748230506597,
        5.070819244739141
      ],
      [
        -0.02790683461296949,
        0.007334787489057717,
        0.9995836180502232,
        0.971725162589486
      ],
      [
        0.0,
        0.0,
        0.0,
        1.0
      ]
    ],
    "location": [
      -24.96274535320913,
      5.070819244739141,
      0.971725162589486
    ],
    "rotation": [
      0.007337711139168586,
      0.027910458150221282,
      1.693858049075988
    ]
  }
]