[
  {
    "label_id": "1GEAINz-wBxTAsqB0f6rPQ",
    "size": [
      2.1497055785924553,
      5.369128280270164,
      1.8600000000000065
    ],
    "obj_class": "vehicle",
    "point_num_in_lidar": 746,
    "speed": 0.011266375403902,
    "if_vehicle": true,
    "motion_state": false,
    "pose": [
      [
        0.8164875342829951,
        -0.5772225535736151,
        0.012736954362399952,
        28.678880317864923
      ],
      [
        0.5769749544109082,
        0.8165488575343777,
        0.018651145858449,
        -12.407095965168082
      ],
      [
        -0.021166207572573075,
        -0.007879524430937992,
        0.9997449198429252,
        0.9193656713847389
      ],
      [
        0.0,
        0.0,
        0.0,
        1.0
      ]
    ],
    "location": [
      28.678880317864923,
      -12.407095965168082,
      0.9193656713847389
    ],
    "rotation": [
      -0.007881371663553745,
      0.021167788330877672,
      0.6151784210177546
    ]
  },
  {
    "label_id": "68JMJ77ETNWIxLDk-9I9yw",
    "size": [
      2.081581790681912,
      4.9203171510070485,
      1.4400000000000048
    ],
    "obj_class": "vehicle",
    "point_num_in_lidar": 41,
    "speed": 0.00793676789776468,
    "if_vehicle": true,
    "motion_state": false,
    "pose": [
      [
        -0.9756327202788424,
        0.21904009933086707,
        0.012736954362399952,
        -15.27771340015397
      ],
      [
        -0.21878795038649057,
        -0.9755941612801121,
        0.018651145858449,
        0.8112957771220408
      ],
      [
        0.016511447149917806,
        0.015409976031080309,
        0.9997449198429252,
        0.7608744242560803
      ],
      [
        0.0,
        0.0,
        0.0,
        1.0
      ]
    ],
    "location": [
      -15.27771340015397,
      0.8112957771220408,
      0.7608744242560803
    ],
    "rotation": [
      0.015412687264404763,
      -0.016512197488799528,
      -2.9209899294733717
    ]
  },
  {
    "label_id": "EdUU14a9oVNxpdhWcbkcRw",
    "size": [
      2.1269406194051483,
      4.563779192867923,
      1.5600000000000023
    ],
    "obj_class": "vehicle",
    "point_num_in_lidar": 86,
    "speed": 0.018652700855645698,
    "if_vehicle": true,
    "motion_state": false,
    "pose": [
      [
        -0.11779259246501081,
        -0.9929565323587645,
        0.012736954362399952,
        13.742438111117508
      ],
      [
        0.9928923084422664,
        -0.1175457298005941,
        0.018651145858449,
        11.497021780331579
      ],
      [
        -0.017022602520157887,
        0.01484339084251684,
        0.9997449198429252,
        0.9468992349736283
      ],
      [
        0.0,
        0.0,
        0.0,
        1.0
      ]
    ],
    "location": [
      13.742438111117508,
      11.497021780331579,
      0.9468992349736283
    ],
    "rotation": [
      0.014846087243108342,
      0.017023424731117308,
      1.6888802211835319
    ]
  },
  {
    "label_id": "KVxyT5AqdPF88ef3uDbTcg",
    "size": [
      2.161231233760368,
      4.655021430438439,
      1.7600000000000051
    ],
    "obj_class": "vehicle",
    "point_num_in_lidar": 619,
    "speed": 1.1234667099445443e-13,
    "if_vehicle": true,
    "motion_state": false,
    "pose": [
      [
        0.8164875342829853,
        -0.5772225535736291,
        0.012736954362399952,
        29.595888663176424
      ],
      [
        0.5769749544109222,
        0.8165488575343677,
        0.018651145858449,
        -14.949836956402123
      ],
      [
        -0.02116620757257321,
        -0.007879524430937626,
        0.9997449198429252,
        0.8836578124178303
      ],
      [
        0.0,
        0.0,
        0.0,
        1.0
      ]
    ],
    "location": [
      29.595888663176424,
      -14.949836956402123,
      0.8836578124178303
    ],
    "rotation": [
      -0.007881371663553379,
      0.021167788330877808,
      0.6151784210177716
    ]
  },
  {
    "label_id": "Nak0dxS0z_HTkFDSugyx-A",
    "size": [
      2.100041177640914,
      4.807886825693142,
      1.6400000000000006
    ],
    "obj_class": "vehicle",
    "point_num_in_lidar": 604,
    "speed": 0.015200712719668635,
    "if_vehicle": true,
    "motion_state": false,
    "pose": [
      [
        -0.9998847000983951,
        0.008267799145631121,
        0.012736954362399952,
        22.7588836182116
      ],
      [
        -0.008029461410602706,
        -0.9997938099966526,
        0.018651145858449,
        6.396671581391274
      ],
      [
        0.01288853205753086,
        0.018546724499625206,
        0.9997449198429252,
        0.6556981497706715
      ],
      [
        0.0,
        0.0,
        0.0,
        1.0
      ]
    ],
    "location": [
      22.7588836182116,
      6.396671581391274,
      0.6556981497706715
    ],
    "rotation": [
      0.01854932884572331,
      -0.012888888912364765,
      -3.1335624388884957
    ]
  },
  {
    "label_id": "agT_9v0O68ZFaGG2zA_zww",
    "size": [
      2.013021829470502,
      4.071840974352266,
      1.6700000000000017
    ],
    "obj_class": "vehicle",
    "point_num_in_lidar": 1442,
    "speed": 0.008983582675685622,
    "if_vehicle": true,
    "motion_state": false,
    "pose": [
      [
        0.1401854748328792,
        -0.9900433337179997,
        0.012736954362399952,
        40.43542205393999
      ],
      [
        0.9899180854340067,
        0.1404076881400642,
        0.018651145858449,
        10.09138441398386
      ],
      [
        -0.020253808939329595,
        0.00999392173834332,
        0.9997449198429252,
        0.9311332052455654
      ],
      [
        0.0,
        0.0,
        0.0,
        1.0
      ]
    ],
    "location": [
      40.43542205393999,
      10.09138441398386,
      0.9311332052455654
    ],
    "rotation": [
      0.009996138679240932,
      0.02025519393704801,
      1.430118540977135
    ]
  },
  {
    "label_id": "dmdfIg477T778MUkl1T6NQ",
    "size": [
      2.0908746858964,
      5.012557103587124,
      1.7800000000000011
    ],
    "obj_class": "vehicle",
    "point_num_in_lidar": 99,
    "speed": 0.006072523095904933,
    "if_vehicle": true,
    "motion_state": false,
    "pose": [
      [
        -0.9756327202788059,
        0.21904009933102997,
        0.012736954362399952,
        -5.388594715387171
      ],
      [
        -0.21878795038665347,
        -0.9755941612800756,
        0.018651145858449,
        2.4839704663756947
      ],
      [
        0.01651144714992038,
        0.01540997603107755,
        0.9997449198429252,
        0.9269497323450011
      ],
      [
        0.0,
        0.0,
        0.0,
        1.0
      ]
    ],
    "location": [
      -5.388594715387171,
      2.4839704663756947,
      0.9269497323450011
    ],
    "rotation": [
      0.015412687264402005,
      -0.016512197488802102,
      -2.9209899294732047
    ]
  },
  {
    "label_id": "iyEn5PZc69x96Ya8xCftxw",
    "size": [
      2.1127467199746777,
      4.813547048523173,
      1.5300000000000011
    ],
    "obj_class": "vehicle",
    "point_num_in_lidar": 5487,
    "speed": 0.1092102846662703,
    "if_vehicle": true,
    "motion_state": false,
    "pose": [
      [
        -0.9795842089020967,
        -0.20063037572417458,
        0.012736954362399952,
        46.58794676126479
      ],
      [
        0.20084449074234723,
        -0.9794455703593814,
        0.018651145858449,
        2.7128890304888955
      ],
      [
        0.008733167128855227,
        0.02082851507339112,
        0.9997449198429252,
        0.6255156031231763
      ],
      [
        0.0,
        0.0,
        0.0,
        1.0
      ]
    ],
    "location": [
      46.58794676126479,
      2.7128890304888955,
      0.6255156031231763
    ],
    "rotation": [
      0.02083081585753765,
      -0.008733278143166684,
      2.9393649333133984
    ]
  },
  {
    "label_id": "kTHAHUaBCtWC10R_8Eb9VQ",
    "size": [
      2.4194994619116157,
      5.656335587001618,
      1.9500000000000028
    ],
    "obj_class": "vehicle",
    "point_num_in_lidar": 38,
    "speed": 0.01214180110047547,
    "if_vehicle": true,
    "motion_state": false,
    "pose": [
      [
        -0.13699440951702924,
        -0.9904899301631745,
        0.012736954362399952,
        -27.79364918944475
      ],
      [
        0.9904304976088586,
        -0.13674634972983923,
        0.018651145858449,
        5.137302334703691
      ],
      [
        -0.016732040143064588,
        0.015170170760867314,
        0.9997449198429252,
        1.1763098486535668
      ],
      [
        0.0,
        0.0,
        0.0,
        1.0
      ]
    ],
    "location": [
      -27.79364918944475,
      5.137302334703691,
      1.1763098486535668
    ],
    "rotation": [
      0.015172876903167872,
      0.01673282096168652,
      1.7082422656949952
    ]
  },
  {
    "label_id": "kVXDgsK5H07BTnCoiGKogw",
    "size": [
      2.312529910564702,
      4.590938652758807,
      1.7800000000000011
    ],
    "obj_class": "vehicle",
    "point_num_in_lidar": 658,
    "speed": 0.013671255455952365,
    "if_vehicle": true,
    "motion_state": false,
    "pose": [
      [
        -0.09295265982832407,
        -0.9955890583089038,
        0.012736954362399952,
        38.1330577232153
      ],
      [
        0.9955186880204183,
        -0.09270747844846067,
        0.018651145858449,
        13.969047079466236
      ],
      [
        -0.01738806581954403,
        0.01441354971262121,
        0.9997449198429252,
        1.053974119042806
      ],
      [
        0.0,
        0.0,
        0.0,
        1.0
      ]
    ],
    "location": [
      38.1330577232153,
      13.969047079466236,
      1.053974119042806
    ],
    "rotation": [
      0.014416228481254133,
      0.017388942137419424,
      1.6638974808272173
    ]
  },
  {
    "label_id": "ldcifM1nCV7AMQi_6AXNGQ",
    "size": [
      2.1408498136825274,
      4.547641799194267,
      1.6600000000000037
    ],
    "obj_class": "vehicle",
    "point_num_in_lidar": 63,
    "speed": 0.004263299338485174,
    "if_vehicle": true,
    "motion_state": false,
    "pose": [
      [
        0.9726168101938081,
        -0.23206531520671497,
        0.012736954362399952,
        -3.033241878766148
      ],
      [
        0.23181267324506144,
        0.9725816260248521,
        0.018651145858449,
        -7.102718388731773
      ],
      [
        -0.016716011826994663,
        -0.015187830551555842,
        0.9997449198429252,
        0.8508061620907341
      ],
      [
        0.0,
        0.0,
        0.0,
        1.0
      ]
    ],
    "location": [
      -3.033241878766148,
      -7.102718388731773,
      0.8508061620907341
    ],
    "rotation": [
      -0.015190537128638512,
      0.01671679040364185,
      0.23397400385388198
    ]
  },
  {
    "label_id": "phUEcRmWiiYy-t1vIW9zjw",
    "size": [
      2.340463141836508,
      5.012024443549109,
      2.010000000000005
    ],
    "obj_class": "vehicle",
    "point_num_in_lidar": 1541,
    "speed": 0.020650078889459314,
    "if_vehicle": true,
    "motion_state": false,
    "pose": [
      [
        0.059449933575113204,
        -0.9981500264947574,
        0.012736954362399952,
        28.9594740487604
      ],
      [
        0.9980432079307547,
        0.059681570534421705,
        0.018651145858449,
        11.700741927837953
      ],
      [
        -0.019376803172941735,
        0.011603221408732729,
        0.9997449198429252,
        1.045563705211947
      ],
      [
        0.0,
        0.0,
        0.0,
        1.0
      ]
    ],
    "location": [
      28.9594740487604,
      11.700741927837953,
      1.045563705211947
    ],
    "rotation": [
      0.011605660826604997,
      0.01937801591522632,
      1.5113001349984607
    ]
  },
  {
    "label_id": "uS2LW2-8jVhW_knJOu-LDw",
    "size": [
      0.7982140781648912,
      1.951190244896045,
      1.5799999999999983
    ],
    "obj_class": "cyclist",
    "point_num_in_lidar": 79,
    "speed": 5.258285716487017,
    "if_vehicle": false,
    "motion_state": true,
    "pose": [
      [
        0.9997455544899658,
        -0.01861709620539085,
        0.012736954362399952,
        14.772374464418476
      ],
      [
        0.018377830441280062,
        0.9996571362754524,
        0.018651145858449,
        -2.1237965020418414
      ],
      [
        -0.013079817499575389,
        -0.01841232257051782,
        0.9997449198429252,
        0.7882507207106357
      ],
      [
        0.0,
        0.0,
        0.0,
        1.0
      ]
    ],
    "location": [
      14.772374464418476,
      -2.1237965020418414,
      0.7882507207106357
    ],
    "rotation": [
      -0.018414938541547497,
      0.013080190481031272,
      0.01838043762276133
    ]
  }
]