[
  {
    "label_id": "06IqEHJJaL2Qpk-CKiGhxQ",
    "size": [
      1.8477675879627498,
      4.165148132277124,
      1.5800000000000054
    ],
    "obj_class": "vehicle",
    "point_num_in_lidar": 54,
    "speed": 3.972054645195637e-14,
    "if_vehicle": true,
    "motion_state": false,
    "pose": [
      [
        -0.07268606709430522,
        -0.9973031809584993,
        0.010153861355222624,
        87.19221474425433
      ],
      [
        0.9971919133943192,
        -0.0724863944211021,
        0.01881516635071527,
        -4.417585922519493
      ],
      [
        -0.018028408452739803,
        0.011492948876913689,
        0.9997714181825633,
        0.7098638277604081
      ],
      [
        0.0,
        0.0,
        0.0,
        1.0
      ]
    ],
    "location": [
      87.19221474425433,
      -4.417585922519493,
      0.7098638277604081
    ],
    "rotation": [
      0.011495070223283601,
      0.018029385205043432,
      1.6435583963812062
    ]
  },
  {
    "label_id": "5IL7rQCE9M8dj8aosOTPMw",
    "size": [
      2.0071619607095736,
      4.339148154442002,
      1.6600000000000037
    ],
    "obj_class": "vehicle",
    "point_num_in_lidar": 752,
    "speed": 0.02828776209034902,
    "if_vehicle": true,
    "motion_state": false,
    "pose": [
      [
        0.2943925388713824,
        -0.955630646304544,
        0.010153861355222624,
        64.29009664546754
      ],
      [
        0.9554544720401721,
        0.29453818321846,
        0.01881516635071527,
        4.7542304462242555
      ],
      [
        -0.020971049456280946,
        0.004162507649048867,
        0.9997714181825633,
        0.818071497274417
      ],
      [
        0.0,
        0.0,
        0.0,
        1.0
      ]
    ],
    "location": [
      64.29009664546754,
      4.7542304462242555,
      0.818071497274417
    ],
    "rotation": [
      0.004163435283387447,
      0.02097258688576409,
      1.2719087401851417
    ]
  },
  {
    "label_id": "GJV-KeQ-po2jxicJM957hQ",
    "size": [
      2.0893624997136424,
      4.466645265652409,
      1.5600000000000023
    ],
    "obj_class": "vehicle",
    "point_num_in_lidar": 619,
    "speed": 0.023303652489332152,
    "if_vehicle": true,
    "motion_state": false,
    "pose": [
      [
        0.2673842264563441,
        -0.9635364936222817,
        0.010153861355222624,
        61.70839807918935
      ],
      [
        0.9633644876006903,
        0.26753477072159154,
        0.01881516635071527,
        5.059243178299994
      ],
      [
        -0.02084561038209645,
        0.004750990741309057,
        0.9997714181825633,
        0.7134252375629728
      ],
      [
        0.0,
        0.0,
        0.0,
        1.0
      ]
    ],
    "location": [
      61.70839807918935,
      5.059243178299994,
      0.7134252375629728
    ],
    "rotation": [
      0.004752041209345658,
      0.020847120384140584,
      1.3000586246570371
    ]
  },
  {
    "label_id": "Nak0dxS0z_HTkFDSugyx-A",
    "size": [
      2.100041177640917,
      4.807886825693142,
      1.6400000000000006
    ],
    "obj_class": "vehicle",
    "point_num_in_lidar": 135,
    "speed": 0.015200712592647983,
    "if_vehicle": true,
    "motion_state": false,
    "pose": [
      [
        -0.9999142656019823,
        0.008268043615468951,
        0.010153861355222624,
        22.72133008330593
      ],
      [
        -0.008075956118144063,
        -0.9997903622499933,
        0.01881516635071527,
        6.347000639592125
      ],
      [
        0.010307297338594252,
        0.018731551105020092,
        0.9997714181825633,
        0.615325501407419
      ],
      [
        0.0,
        0.0,
        0.0,
        1.0
      ]
    ],
    "location": [
      22.72133008330593,
      6.347000639592125,
      0.615325501407419
    ],
    "rotation": [
      0.018733641948503823,
      -0.010307479855848503,
      -3.133516180637498
    ]
  },
  {
    "label_id": "PvBbf1fjOlmyCenrNprH5A",
    "size": [
      2.0456930836346694,
      4.511004056503835,
      1.5100000000000051
    ],
    "obj_class": "vehicle",
    "point_num_in_lidar": 2860,
    "speed": 0.01864741309575788,
    "if_vehicle": true,
    "motion_state": false,
    "pose": [
      [
        0.37322730580141517,
        -0.9276843629725554,
        0.010153861355222624,
        80.7790855246501
      ],
      [
        0.9274966331286176,
        0.37335771727697514,
        0.01881516635071527,
        -4.906107239847188
      ],
      [
        -0.021245558107418766,
        0.002395338374940861,
        0.9997714181825633,
        0.6663387500320965
      ],
      [
        0.0,
        0.0,
        0.0,
        1.0
      ]
    ],
    "location": [
      80.7790855246501,
      -4.906107239847188,
      0.6663387500320965
    ],
    "rotation": [
      0.0023958814465958353,
      0.02124715671331371,
      1.1882202290989647
    ]
  },
  {
    "label_id": "eL3k1OtpmT0u4hxx7vrt7g",
    "size": [
      2.1852626951493193,
      4.839229497406831,
      1.8900000000000077
    ],
    "obj_class": "vehicle",
    "point_num_in_lidar": 334,
    "speed": 2.1113047838238126e-29,
    "if_vehicle": true,
    "motion_state": false,
    "pose": [
      [
        -0.8154976552681141,
        0.5786712999205913,
        0.010153861355222624,
        65.83719484455037
      ],
      [
        -0.5784428661168957,
        -0.8155058799013446,
        0.01881516635071527,
        -38.15948939576447
      ],
      [
        0.019168330409277658,
        0.009470295378019264,
        0.9997714181825633,
        0.5689473501697506
      ],
      [
        0.0,
        0.0,
        0.0,
        1.0
      ]
    ],
    "location": [
      65.83719484455037,
      -38.15948939576447,
      0.5689473501697506
    ],
    "rotation": [
      0.009472177312098033,
      -0.01916950442368516,
      -2.5246438428199918
    ]
  },
  {
    "label_id": "gK-NGLJefRgPi-QSvRDpQw",
    "size": [
      2.0588263758189327,
      4.284555186498071,
      1.4400000000000048
    ],
    "obj_class": "vehicle",
    "point_num_in_lidar": 1352,
    "speed": 7.166869443290351,
    "if_vehicle": true,
    "motion_state": true,
    "pose": [
      [
        0.915749998653088,
        0.40162026725060607,
        0.010153861355222624,
        61.288708638286494
      ],
      [
        -0.4017448353292541,
        0.9155583415607471,
        0.01881516635071527,
        -11.018700385908232
      ],
      [
        -0.0017399003246865075,
        -0.021309249918435125,
        0.9997714181825633,
        0.5288945942055392
      ],
      [
        0.0,
        0.0,
        0.0,
        1.0
      ]
    ],
    "location": [
      61.288708638286494,
      -11.018700385908232,
      0.5288945942055392
    ],
    "rotation": [
      -0.021310895208414414,
      0.0017399012025408234,
      -0.4134220742334617
    ]
  },
  {
    "label_id": "iyEn5PZc69x96Ya8xCftxw",
    "size": [
      2.1127467199746772,
      4.813547048523173,
      1.5300000000000011
    ],
    "obj_class": "vehicle",
    "point_num_in_lidar": 410,
    "speed": 0.037361904238886565,
    "if_vehicle": true,
    "motion_state": false,
    "pose": [
      [
        -0.9796131741422281,
        -0.20063630814627648,
        0.010153861355222624,
        46.750082514145674
      ],
      [
        0.20079830057683845,
        -0.9794519038731043,
        0.01881516635071527,
        2.6397860611973556
      ],
      [
        0.006170213322270776,
        0.020470462935259767,
        0.9997714181825633,
        0.5790813163800763
      ],
      [
        0.0,
        0.0,
        0.0,
        1.0
      ]
    ],
    "location": [
      46.750082514145674,
      2.6397860611973556,
      0.5790813163800763
    ],
    "rotation": [
      0.0204722826252907,
      -0.0061702524745209895,
      2.9394160008986
    ]
  },
  {
    "label_id": "phUEcRmWiiYy-t1vIW9zjw",
    "size": [
      2.340463141836513,
      5.012024443549109,
      2.010000000000005
    ],
    "obj_class": "vehicle",
    "point_num_in_lidar": 189,
    "speed": 0.013207750654835605,
    "if_vehicle": true,
    "motion_state": false,
    "pose": [
      [
        0.05945169144502065,
        -0.9981795407059317,
        0.010153861355222624,
        28.9409371828267
      ],
      [
        0.9980429160927471,
        0.0596349490842469,
        0.01881516635071527,
        11.649911234768751
      ],
      [
        -0.019386439111189875,
        0.009015395932198382,
        0.9997714181825633,
        1.0291620538202793
      ],
      [
        0.0,
        0.0,
        0.0,
        1.0
      ]
    ],
    "location": [
      28.9409371828267,
      11.649911234768751,
      1.0291620538202793
    ],
    "rotation": [
      0.0090172127540941,
      0.01938765366384135,
      1.5112983625527747
    ]
  },
  {
    "label_id": "q1ledstSo_hLzeQ3WjqGHA",
    "size": [
      0.9740295429048371,
      0.1295904608480214,
      0.9832971014418206
    ],
    "obj_class": "sign",
    "point_num_in_lidar": 282,
    "speed": 0.02106307509300933,
    "if_vehicle": false,
    "motion_state": false,
    "pose": [
      [
        -0.7376181993183409,
        -0.6751416822667278,
        0.010153861355222624,
        69.40487880798969
      ],
      [
        0.6751978901064715,
        -0.7373966359503985,
        0.01881516635071527,
        -21.331581867987325
      ],
      [
        -0.005215479856902322,
        0.02073427488696959,
        0.9997714181825633,
        2.3813046940529716
      ],
      [
        0.0,
        0.0,
        0.0,
        1.0
      ]
    ],
    "location": [
      69.40487880798969,
      -21.331581867987325,
      2.3813046940529716
    ],
    "rotation": [
      0.020736042885627633,
      0.005215503501769726,
      2.400347258762703
    ]
  }
]