[
  {
    "label_id": "5IL7rQCE9M8dj8aosOTPMw",
    "size": [
      2.0071619607095768,
      4.339148154442002,
      1.6600000000000037
    ],
    "obj_class": "vehicle",
    "point_num_in_lidar": 1018,
    "speed": 0.028287762326925304,
    "if_vehicle": true,
    "motion_state": false,
    "pose": [
      [
        0.2943789501248725,
        -0.9555865357348221,
        0.013978785558813468,
        64.28162511383925
      ],
      [
        0.9555248231529121,
        0.29456788619555235,
        0.014215229891926908,
        4.753831393413975
      ],
      [
        -0.017701583600741123,
        0.00917241214760857,
        0.9998012406440694,
        0.816642612227227
      ],
      [
        0.0,
        0.0,
        0.0,
        1.0
      ]
    ],
    "location": [
      64.28162511383925,
      4.753831393413975,
      0.816642612227227
    ],
    "rotation": [
      0.009173978237697201,
      0.017702508184704025,
      1.2719424471494092
    ]
  },
  {
    "label_id": "GJV-KeQ-po2jxicJM957hQ",
    "size": [
      2.089362499713644,
      4.466645265652409,
      1.5600000000000023
    ],
    "obj_class": "vehicle",
    "point_num_in_lidar": 780,
    "speed": 0.03144504661509748,
    "if_vehicle": true,
    "motion_state": false,
    "pose": [
      [
        0.267371884375636,
        -0.9634920181297415,
        0.013978785558813468,
        61.69532087479024
      ],
      [
        0.9634356467037606,
        0.2675624822347605,
        0.014215229891926908,
        5.0609948138799155
      ],
      [
        -0.017436459099494442,
        0.009666907501951275,
        0.9998012406440694,
        0.7134252375629657
      ],
      [
        0.0,
        0.0,
        0.0,
        1.0
      ]
    ],
    "location": [
      61.69532087479024,
      5.0609948138799155,
      0.7134252375629657
    ],
    "rotation": [
      0.009668527988235273,
      0.01743734275514702,
      1.300089552822396
    ]
  },
  {
    "label_id": "Nak0dxS0z_HTkFDSugyx-A",
    "size": [
      2.1000411776409127,
      4.807886825693142,
      1.6400000000000077
    ],
    "obj_class": "vehicle",
    "point_num_in_lidar": 140,
    "speed": 0.015200712719732227,
    "if_vehicle": true,
    "motion_state": false,
    "pose": [
      [
        -0.9998681109625317,
        0.008267661974171355,
        0.013978785558813468,
        22.72407851635421
      ],
      [
        -0.00806890997358066,
        -0.9998664010411382,
        0.014215229891926908,
        6.350635910102255
      ],
      [
        0.014094444723248245,
        0.014100561496725018,
        0.9998012406440694,
        0.6182802570994923
      ],
      [
        0.0,
        0.0,
        0.0,
        1.0
      ]
    ],
    "location": [
      22.72407851635421,
      6.350635910102255,
      0.6182802570994923
    ],
    "rotation": [
      0.014102429707892475,
      -0.014094911416464288,
      -3.133522854452531
    ]
  },
  {
    "label_id": "PvBbf1fjOlmyCenrNprH5A",
    "size": [
      2.0456930836346694,
      4.511004056503835,
      1.5100000000000051
    ],
    "obj_class": "vehicle",
    "point_num_in_lidar": 2731,
    "speed": 0.018287269598883354,
    "if_vehicle": true,
    "motion_state": false,
    "pose": [
      [
        0.37321007815268037,
        -0.9276415423640594,
        0.013978785558813468,
        80.7783195480016
      ],
      [
        0.9275642557723939,
        0.3733931957769515,
        0.014215229891926908,
        -4.900678322515205
      ],
      [
        -0.018406221194892818,
        0.007660954764538341,
        0.9998012406440694,
        0.6748216996479854
      ],
      [
        0.0,
        0.0,
        0.0,
        1.0
      ]
    ],
    "location": [
      80.7783195480016,
      -4.900678322515205,
      0.6748216996479854
    ],
    "rotation": [
      0.00766232779516817,
      0.018407260657518583,
      1.1882614625929726
    ]
  },
  {
    "label_id": "gK-NGLJefRgPi-QSvRDpQw",
    "size": [
      2.0588263758190806,
      4.284555186498071,
      1.4400000000000048
    ],
    "obj_class": "vehicle",
    "point_num_in_lidar": 2747,
    "speed": 6.922922701834912,
    "if_vehicle": true,
    "motion_state": true,
    "pose": [
      [
        0.9089357488232337,
        0.4167018095298463,
        0.013978785558813468,
        63.1909733334204
      ],
      [
        -0.41688106351616133,
        0.9088498809598614,
        0.014215229891926908,
        -11.815567449560831
      ],
      [
        -0.006781105572242344,
        -0.018748221616935516,
        0.9998012406440694,
        0.5288945942055392
      ],
      [
        0.0,
        0.0,
        0.0,
        1.0
      ]
    ],
    "location": [
      63.1909733334204,
      -11.815567449560831,
      0.5288945942055392
    ],
    "rotation": [
      -0.018749751254999256,
      0.006781157543024595,
      -0.4300218339577012
    ]
  },
  {
    "label_id": "iyEn5PZc69x96Ya8xCftxw",
    "size": [
      2.1127467199746777,
      4.813547048523173,
      1.5300000000000011
    ],
    "obj_class": "vehicle",
    "point_num_in_lidar": 431,
    "speed": 0.020859380844341732,
    "if_vehicle": true,
    "motion_state": false,
    "pose": [
      [
        -0.9795679565726733,
        -0.20062704705581966,
        0.013978785558813468,
        46.76319215256933
      ],
      [
        0.20082106384873236,
        -0.9795247968039315,
        0.014215229891926908,
        2.636210892621193
      ],
      [
        0.01084060748762558,
        0.016732018284679843,
        0.9998012406440694,
        0.5778318975010919
      ],
      [
        0.0,
        0.0,
        0.0,
        1.0
      ]
    ],
    "location": [
      46.76319215256933,
      2.636210892621193,
      0.5778318975010919
    ],
    "rotation": [
      0.01673378248768756,
      -0.010840819827999327,
      2.9393846196451037
    ]
  },
  {
    "label_id": "phUEcRmWiiYy-t1vIW9zjw",
    "size": [
      2.340463141836507,
      5.012024443549109,
      2.010000000000005
    ],
    "obj_class": "vehicle",
    "point_num_in_lidar": 215,
    "speed": 0.013207750765241373,
    "if_vehicle": true,
    "motion_state": false,
    "pose": [
      [
        0.05944894723836435,
        -0.9981334661389483,
        0.013978785558813468,
        28.942293841662377
      ],
      [
        0.9981183033257099,
        0.059647127385363624,
        0.014215229891926908,
        11.653631384071787
      ],
      [
        -0.015022491086910221,
        0.013107401272690451,
        0.9998012406440694,
        1.0303624425679487
      ],
      [
        0.0,
        0.0,
        0.0,
        1.0
      ]
    ],
    "location": [
      28.942293841662377,
      11.653631384071787,
      1.0303624425679487
    ],
    "rotation": [
      0.013109256004402789,
      0.015023056178342358,
      1.5113055854596444
    ]
  },
  {
    "label_id": "q1ledstSo_hLzeQ3WjqGHA",
    "size": [
      0.9740295429048392,
      0.1295904608480214,
      0.9832971014418206
    ],
    "obj_class": "sign",
    "point_num_in_lidar": 419,
    "speed": 0.015124594101501394,
    "if_vehicle": false,
    "motion_state": false,
    "pose": [
      [
        -0.7375841518972545,
        -0.6751105186740233,
        0.013978785558813468,
        69.41142712738281
      ],
      [
        0.6752548498563811,
        -0.7374474998157877,
        0.014215229891926908,
        -21.33371984407995
      ],
      [
        0.0007117692353987737,
        0.019924171027552545,
        0.9998012406440694,
        2.3753093619172887
      ],
      [
        0.0,
        0.0,
        0.0,
        1.0
      ]
    ],
    "location": [
      69.41142712738281,
      -21.33371984407995,
      2.3753093619172887
    ],
    "rotation": [
      0.019925494536009686,
      -0.0007117692954976687,
      2.400282254567045
    ]
  }
]