[
  {
    "label_id": "06IqEHJJaL2Qpk-CKiGhxQ",
    "size": [
      1.8477675879627498,
      4.165148132277124,
      1.5800000000000054
    ],
    "obj_class": "vehicle",
    "point_num_in_lidar": 44,
    "speed": 3.972054645195637e-14,
    "if_vehicle": true,
    "motion_state": false,
    "pose": [
      [
        -0.07268482438440646,
        -0.997286130118021,
        0.01171712330008425,
        87.19221474425444
      ],
      [
        0.9972113068697457,
        -0.07246994987260633,
        0.017824584612154488,
        -4.417585922519493
      ],
      [
        -0.016927071670608525,
        0.012980024641090404,
        0.9997724707177003,
        0.7086516406031933
      ],
      [
        0.0,
        0.0,
        0.0,
        1.0
      ]
    ],
    "location": [
      87.19221474425444,
      -4.417585922519493,
      0.7086516406031933
    ],
    "rotation": [
      0.012982249262179548,
      0.01692788011518364,
      1.6435557467152873
    ]
  },
  {
    "label_id": "2sW3C6zQSPZ8DeeYOq0KsA",
    "size": [
      1.9284918618702505,
      4.429663242834659,
      1.4400000000000048
    ],
    "obj_class": "vehicle",
    "point_num_in_lidar": 37,
    "speed": 0.0011085731251529777,
    "if_vehicle": true,
    "motion_state": false,
    "pose": [
      [
        -0.10275393123113974,
        -0.9946377926854162,
        0.01171712330008425,
        89.95661419027306
      ],
      [
        0.9945694893325739,
        -0.10253689615034785,
        0.017824584612154488,
        -4.030441002024872
      ],
      [
        -0.016527568039166215,
        0.013485039478472552,
        0.9997724707177003,
        0.7139473501695903
      ],
      [
        0.0,
        0.0,
        0.0,
        1.0
      ]
    ],
    "location": [
      89.95661419027306,
      -4.030441002024872,
      0.7139473501695903
    ],
    "rotation": [
      0.013487290547707618,
      0.01652832057814645,
      1.673746053334676
    ]
  },
  {
    "label_id": "5IL7rQCE9M8dj8aosOTPMw",
    "size": [
      2.0071619607095794,
      4.339148154442002,
      1.6600000000000037
    ],
    "obj_class": "vehicle",
    "point_num_in_lidar": 588,
    "speed": 0.028287762327274143,
    "if_vehicle": true,
    "motion_state": false,
    "pose": [
      [
        0.2943875056574976,
        -0.9556143079372176,
        0.01171712330008425,
        64.2957442883071
      ],
      [
        0.955466570968731,
        0.294560547162479,
        0.017824584612154488,
        4.754496479315321
      ],
      [
        -0.02048483033885544,
        0.005947984617796146,
        0.9997724707177003,
        0.8191356531264375
      ],
      [
        0.0,
        0.0,
        0.0,
        1.0
      ]
    ],
    "location": [
      64.2957442883071,
      4.754496479315321,
      0.8191356531264375
    ],
    "rotation": [
      0.005949268076418759,
      0.020486263278457574,
      1.2719171146247052
    ]
  },
  {
    "label_id": "DiLEC46m3SvQJuAG2aoOaA",
    "size": [
      2.109851450424163,
      4.563806354916885,
      1.720000000000006
    ],
    "obj_class": "vehicle",
    "point_num_in_lidar": 71,
    "speed": 0.032439713266202465,
    "if_vehicle": true,
    "motion_state": false,
    "pose": [
      [
        0.5273855052039932,
        0.8495453124597295,
        0.01171712330008425,
        61.59507624930143
      ],
      [
        -0.8495788014982176,
        0.5271604539684823,
        0.017824584612154488,
        -60.7688950658935
      ],
      [
        0.008965988265720577,
        -0.019355047131024837,
        0.9997724707177003,
        0.9279395927954965
      ],
      [
        0.0,
        0.0,
        0.0,
        1.0
      ]
    ],
    "location": [
      61.59507624930143,
      -60.7688950658935,
      0.9279395927954965
    ],
    "rotation": [
      -0.019357033951077247,
      -0.008966108397790204,
      -1.015250989227306
    ]
  },
  {
    "label_id": "GJV-KeQ-po2jxicJM957hQ",
    "size": [
      2.0893624997136446,
      4.466645265652409,
      1.5600000000000023
    ],
    "obj_class": "vehicle",
    "point_num_in_lidar": 502,
    "speed": 0.030755131739416394,
    "if_vehicle": true,
    "motion_state": false,
    "pose": [
      [
        0.267379655002168,
        -0.9635200200890962,
        0.01171712330008425,
        61.71711615652532
      ],
      [
        0.9633772110658515,
        0.26755678534170285,
        0.017824584612154488,
        5.05807542913999
      ],
      [
        -0.020309339967205794,
        0.0065220782823950515,
        0.9997724707177003,
        0.7134252375629728
      ],
      [
        0.0,
        0.0,
        0.0,
        1.0
      ]
    ],
    "location": [
      61.71711615652532,
      5.05807542913999,
      0.7134252375629728
    ],
    "rotation": [
      0.006523470045471714,
      0.020310736389585377,
      1.3000664339948265
    ]
  },
  {
    "label_id": "JWgdIn8SJIuCCDccdJr7cw",
    "size": [
      2.0955821630104374,
      5.074964333577244,
      1.8400000000000034
    ],
    "obj_class": "vehicle",
    "point_num_in_lidar": 62,
    "speed": 0.0571946830573355,
    "if_vehicle": true,
    "motion_state": false,
    "pose": [
      [
        0.8489212462724989,
        -0.528389464929722,
        0.01171712330008425,
        63.10566726420336
      ],
      [
        0.5281644534420507,
        0.8489550013420406,
        0.017824584612154488,
        -51.97411637271375
      ],
      [
        -0.019365633152758747,
        -0.00894310055953768,
        0.9997724707177003,
        0.553947350169743
      ],
      [
        0.0,
        0.0,
        0.0,
        1.0
      ]
    ],
    "location": [
      63.10566726420336,
      -51.97411637271375,
      0.553947350169743
    ],
    "rotation": [
      -0.00894489726829028,
      0.01936684379871123,
      0.5565541304655988
    ]
  },
  {
    "label_id": "Nak0dxS0z_HTkFDSugyx-A",
    "size": [
      2.100041177640917,
      4.807886825693142,
      1.6400000000000006
    ],
    "obj_class": "vehicle",
    "point_num_in_lidar": 116,
    "speed": 0.015200712719971024,
    "if_vehicle": true,
    "motion_state": false,
    "pose": [
      [
        -0.9998971701199262,
        0.008267902257156555,
        0.01171712330008425,
        22.719497809177483
      ],
      [
        -0.00805829601927554,
        -0.9998086557180178,
        0.017824584612154488,
        6.3445771451913515
      ],
      [
        0.011862253218887208,
        0.017728331664210027,
        0.9997724707177003,
        0.613355679944199
      ],
      [
        0.0,
        0.0,
        0.0,
        1.0
      ]
    ],
    "location": [
      22.719497809177483,
      6.3445771451913515,
      0.613355679944199
    ],
    "rotation": [
      0.01773050807775936,
      -0.011862531432145483,
      -3.133533703323573
    ]
  },
  {
    "label_id": "PvBbf1fjOlmyCenrNprH5A",
    "size": [
      2.04569308363467,
      4.511004056503835,
      1.5100000000000051
    ],
    "obj_class": "vehicle",
    "point_num_in_lidar": 2754,
    "speed": 0.019599582487715057,
    "if_vehicle": true,
    "motion_state": false,
    "pose": [
      [
        0.37322092475363194,
        -0.9276685024013774,
        0.01171712330008425,
        80.7795961716879
      ],
      [
        0.927506820715798,
        0.3733810141250845,
        0.017824584612154488,
        -4.909726489286641
      ],
      [
        -0.020910257093498107,
        0.004215203827698486,
        0.9997724707177003,
        0.6606834952610896
      ],
      [
        0.0,
        0.0,
        0.0,
        1.0
      ]
    ],
    "location": [
      80.7795961716879,
      -4.909726489286641,
      0.6606834952610896
    ],
    "rotation": [
      0.004216138146319341,
      0.020911781189527894,
      1.1882299541058976
    ]
  },
  {
    "label_id": "eL3k1OtpmT0u4hxx7vrt7g",
    "size": [
      2.18526269514932,
      4.839229497406831,
      1.8900000000000077
    ],
    "obj_class": "vehicle",
    "point_num_in_lidar": 468,
    "speed": 1.2809491335957507e-13,
    "if_vehicle": true,
    "motion_state": false,
    "pose": [
      [
        -0.8154837127472283,
        0.5786614064075524,
        0.01171712330008425,
        65.83719484454991
      ],
      [
        -0.5784388423255199,
        -0.8155309864576064,
        0.017824584612154488,
        -38.15948939576447
      ],
      [
        0.019870076323662843,
        0.00775801920061075,
        0.9997724707177003,
        0.5689473501697506
      ],
      [
        0.0,
        0.0,
        0.0,
        1.0
      ]
    ],
    "location": [
      65.83719484454991,
      -38.15948939576447,
      0.5689473501697506
    ],
    "rotation": [
      0.0077596290346001375,
      -0.019871384073056816,
      -2.5246390574368647
    ]
  },
  {
    "label_id": "gK-NGLJefRgPi-QSvRDpQw",
    "size": [
      2.058826375819161,
      4.284555186498071,
      1.4400000000000048
    ],
    "obj_class": "vehicle",
    "point_num_in_lidar": 906,
    "speed": 7.367315476515656,
    "if_vehicle": true,
    "motion_state": true,
    "pose": [
      [
        0.9201496771856019,
        0.39139146719978846,
        0.01171712330008425,
        59.93991691867461
      ],
      [
        -0.3915483461234271,
        0.9199848785884543,
        0.017824584612154488,
        -10.430441208156708
      ],
      [
        -0.003803185933056041,
        -0.020989106026313663,
        0.9997724707177003,
        0.5288945942055392
      ],
      [
        0.0,
        0.0,
        0.0,
        1.0
      ]
    ],
    "location": [
      59.93991691867461,
      -10.430441208156708,
      0.5288945942055392
    ],
    "rotation": [
      -0.020990799261684595,
      0.003803195101470778,
      -0.4023167657428287
    ]
  },
  {
    "label_id": "iyEn5PZc69x96Ya8xCftxw",
    "size": [
      2.1127467199746786,
      4.813547048523173,
      1.5300000000000011
    ],
    "obj_class": "vehicle",
    "point_num_in_lidar": 368,
    "speed": 0.0438825428826519,
    "if_vehicle": true,
    "motion_state": false,
    "pose": [
      [
        -0.9795964257468744,
        -0.2006328778777771,
        0.01171712330008425,
        46.741342824697995
      ],
      [
        0.20081939022456397,
        -0.9794661079859979,
        0.017824584612154488,
        2.6421694879607003
      ],
      [
        0.007900327447813075,
        0.019813924932798224,
        0.9997724707177003,
        0.5799142556755115
      ],
      [
        0.0,
        0.0,
        0.0,
        1.0
      ]
    ],
    "location": [
      46.741342824697995,
      2.6421694879607003,
      0.5799142556755115
    ],
    "rotation": [
      0.019815840120533296,
      -0.00790040963350653,
      2.9393919769454775
    ]
  },
  {
    "label_id": "phUEcRmWiiYy-t1vIW9zjw",
    "size": [
      2.3404631418365156,
      5.012024443549109,
      2.010000000000005
    ],
    "obj_class": "vehicle",
    "point_num_in_lidar": 182,
    "speed": 0.013207750765350728,
    "if_vehicle": true,
    "motion_state": false,
    "pose": [
      [
        0.05945067500255235,
        -0.9981624748823767,
        0.01171712330008425,
        28.940032750795012
      ],
      [
        0.9980599718776726,
        0.0596538072460058,
        0.017824584612154488,
        11.647431154955711
      ],
      [
        -0.018490802505039365,
        0.010634708164536617,
        0.9997724707177003,
        1.0283618010191091
      ],
      [
        0.0,
        0.0,
        0.0,
        1.0
      ]
    ],
    "location": [
      28.940032750795012,
      11.647431154955711,
      1.0283618010191091
    ],
    "rotation": [
      0.010636727258254432,
      0.018491856364888034,
      1.5113003917294574
    ]
  },
  {
    "label_id": "q1ledstSo_hLzeQ3WjqGHA",
    "size": [
      0.9740295429048385,
      0.1295904608480214,
      0.9832971014418206
    ],
    "obj_class": "sign",
    "point_num_in_lidar": 169,
    "speed": 0.022972829768754005,
    "if_vehicle": false,
    "motion_state": false,
    "pose": [
      [
        -0.7376055882984475,
        -0.6751301394045979,
        0.01171712330008425,
        69.40051329644416
      ],
      [
        0.6752232806268527,
        -0.7373979966632096,
        0.017824584612154488,
        -21.330156561926742
      ],
      [
        -0.0033937310458949698,
        0.021059187653215888,
        0.9997724707177003,
        2.3853015503587613
      ],
      [
        0.0,
        0.0,
        0.0,
        1.0
      ]
    ],
    "location": [
      69.40051329644416,
      -21.330156561926742,
      2.3853015503587613
    ],
    "rotation": [
      0.02106086585324421,
      0.003393737560427614,
      2.400320014791326
    ]
  }
]