[
  {
    "label_id": "68JMJ77ETNWIxLDk-9I9yw",
    "size": [
      2.0815817906819105,
      4.9203171510070485,
      1.4400000000000048
    ],
    "obj_class": "vehicle",
    "point_num_in_lidar": 147,
    "speed": 0.007936767765094811,
    "if_vehicle": true,
    "motion_state": false,
    "pose": [
      [
        -0.9757114302995201,
        0.21905777058193052,
        0.0009475919684142757,
        -15.3003078502079
      ],
      [
        -0.21892940929485216,
        -0.9752706856774158,
        0.03028206406621003,
        0.8154117742681137
      ],
      [
        0.007557680111740962,
        0.029339100292566013,
        0.9995409439664547,
        0.7608744242561016
      ],
      [
        0.0,
        0.0,
        0.0,
        1.0
      ]
    ],
    "location": [
      -15.3003078502079,
      0.8154117742681137,
      0.7608744242561016
    ],
    "rotation": [
      0.029344149322553855,
      -0.007557752060851668,
      -2.9208691184183966
    ]
  },
  {
    "label_id": "6_d919_pVLmz2ub8CYnOfg",
    "size": [
      2.017914877534707,
      4.378968142903507,
      1.480000000000004
    ],
    "obj_class": "vehicle",
    "point_num_in_lidar": 80,
    "speed": 0.022071362519923636,
    "if_vehicle": true,
    "motion_state": false,
    "pose": [
      [
        0.9992842066541112,
        -0.03781767313207908,
        0.0009475919684142757,
        -32.219097675583726
      ],
      [
        0.037771672116414086,
        0.99882746126717,
        0.03028206406621003,
        -10.66457990756976
      ],
      [
        -0.002091678080749,
        -0.03022459623312057,
        0.9995409439664547,
        0.7955711474772471
      ],
      [
        0.0,
        0.0,
        0.0,
        1.0
      ]
    ],
    "location": [
      -32.219097675583726,
      -10.66457990756976,
      0.7955711474772471
    ],
    "rotation": [
      -0.030229266101258753,
      0.002091679605974792,
      0.03778074204372983
    ]
  },
  {
    "label_id": "EdUU14a9oVNxpdhWcbkcRw",
    "size": [
      2.1269406194051514,
      4.563779192867923,
      1.5600000000000023
    ],
    "obj_class": "vehicle",
    "point_num_in_lidar": 2733,
    "speed": 0.04990286295264869,
    "if_vehicle": true,
    "motion_state": false,
    "pose": [
      [
        -0.11780209548514965,
        -0.9930366399930914,
        0.0009475919684142757,
        13.742211235377454
      ],
      [
        0.9925850521403257,
        -0.1177196281997047,
        0.03028206406621003,
        11.443047717097215
      ],
      [
        -0.02995964897815799,
        0.004507856225991332,
        0.9995409439664547,
        0.9468992349736425
      ],
      [
        0.0,
        0.0,
        0.0,
        1.0
      ]
    ],
    "location": [
      13.742211235377454,
      11.443047717097215,
      0.9468992349736425
    ],
    "rotation": [
      0.004509895958895127,
      0.02996413265585437,
      1.6889258762818975
    ]
  },
  {
    "label_id": "WOwXv4MAPHlH-OoxpKqiYA",
    "size": [
      2.1061676925832007,
      4.360908837257696,
      1.7100000000000009
    ],
    "obj_class": "vehicle",
    "point_num_in_lidar": 3434,
    "speed": 0.034843542399666624,
    "if_vehicle": true,
    "motion_state": false,
    "pose": [
      [
        -0.06960605982973607,
        -0.9975741067732463,
        0.0009475919684142757,
        16.557705338431447
      ],
      [
        0.9971190570529951,
        -0.06954554376547621,
        0.03028206406621003,
        12.078659821380143
      ],
      [
        -0.030142702213388526,
        0.0030526771731767505,
        0.9995409439664547,
        1.0372327334613587
      ],
      [
        0.0,
        0.0,
        0.0,
        1.0
      ]
    ],
    "location": [
      16.557705338431447,
      12.078659821380143,
      1.0372327334613587
    ],
    "rotation": [
      0.003054069671159377,
      0.03014726860259778,
      1.6404904364172683
    ]
  },
  {
    "label_id": "dmdfIg477T778MUkl1T6NQ",
    "size": [
      2.0908746858964022,
      5.012557103587124,
      1.7800000000000011
    ],
    "obj_class": "vehicle",
    "point_num_in_lidar": 902,
    "speed": 0.05509850446823623,
    "if_vehicle": true,
    "motion_state": false,
    "pose": [
      [
        -0.975711430299483,
        0.21905777058209602,
        0.0009475919684142757,
        -5.403901025058076
      ],
      [
        -0.2189294092950176,
        -0.9752706856773787,
        0.03028206406621003,
        2.4753399825599445
      ],
      [
        0.007557680111745939,
        0.02933910029256473,
        0.9995409439664547,
        0.9269497323450153
      ],
      [
        0.0,
        0.0,
        0.0,
        1.0
      ]
    ],
    "location": [
      -5.403901025058076,
      2.4753399825599445,
      0.9269497323450153
    ],
    "rotation": [
      0.02934414932255257,
      -0.007557752060856645,
      -2.920869118418227
    ]
  },
  {
    "label_id": "kTHAHUaBCtWC10R_8Eb9VQ",
    "size": [
      2.419499461911613,
      5.656335587001618,
      1.9500000000000028
    ],
    "obj_class": "vehicle",
    "point_num_in_lidar": 166,
    "speed": 0.01214180120225876,
    "if_vehicle": true,
    "motion_state": false,
    "pose": [
      [
        -0.1370054616605083,
        -0.9905698388022179,
        0.0009475919684142757,
        -27.819573836087102
      ],
      [
        0.9901199321772898,
        -0.13691426697436906,
        0.03028206406621003,
        5.161015754149503
      ],
      [
        -0.02986676046091787,
        0.005087037862922282,
        0.9995409439664547,
        1.176309848653574
      ],
      [
        0.0,
        0.0,
        0.0,
        1.0
      ]
    ],
    "location": [
      -27.819573836087102,
      5.161015754149503,
      1.176309848653574
    ],
    "rotation": [
      0.005089330230327641,
      0.02987120255235603,
      1.708295789169751
    ]
  },
  {
    "label_id": "lOV2iLsg_vbFC67W5CPwHg",
    "size": [
      0.7375888567064088,
      0.1259369369053941,
      0.5499999999999972
    ],
    "obj_class": "sign",
    "point_num_in_lidar": 86,
    "speed": 0.02169788968455797,
    "if_vehicle": false,
    "motion_state": false,
    "pose": [
      [
        -0.980677834515173,
        0.19562741873288625,
        0.0009475919684142757,
        -3.0072982587162187
      ],
      [
        -0.1955096497497039,
        -0.9802341421571878,
        0.03028206406621003,
        -9.963962006454722
      ],
      [
        0.0068528640274501664,
        0.029511685639250284,
        0.9995409439664547,
        2.533050523446313
      ],
      [
        0.0,
        0.0,
        0.0,
        1.0
      ]
    ],
    "location": [
      -3.0072982587162187,
      -9.963962006454722,
      2.533050523446313
    ],
    "rotation": [
      0.02951666442146071,
      -0.006852917665659628,
      -2.9448108704557705
    ]
  },
  {
    "label_id": "ldcifM1nCV7AMQi_6AXNGQ",
    "size": [
      2.1408498136825296,
      4.547641799194267,
      1.6600000000000037
    ],
    "obj_class": "vehicle",
    "point_num_in_lidar": 658,
    "speed": 0.004263299409795943,
    "if_vehicle": true,
    "motion_state": false,
    "pose": [
      [
        0.972695276903308,
        -0.23208403727843527,
        0.0009475919684142757,
        -3.0400346186590923
      ],
      [
        0.2319497944450812,
        0.9722562879471515,
        0.03028206406621003,
        -7.092420394753162
      ],
      [
        -0.007949285935309252,
        -0.02923542692979438,
        0.9995409439664547,
        0.8508061620907341
      ],
      [
        0.0,
        0.0,
        0.0,
        1.0
      ]
    ],
    "location": [
      -3.0400346186590923,
      -7.092420394753162,
      0.8508061620907341
    ],
    "rotation": [
      -0.029240517317512506,
      0.007949369658439218,
      0.23408920039539394
    ]
  },
  {
    "label_id": "ztrl-FqRdvMBhbRINdJDoQ",
    "size": [
      2.0275622197680185,
      4.496196136969282,
      1.6000000000000014
    ],
    "obj_class": "vehicle",
    "point_num_in_lidar": 56,
    "speed": 0.01338132939758517,
    "if_vehicle": true,
    "motion_state": false,
    "pose": [
      [
        -0.12270439505300565,
        -0.9924428112007951,
        0.0009475919684142757,
        -24.970059313517368
      ],
      [
        0.9919916360875586,
        -0.12261969877723021,
        0.03028206406621003,
        5.050748861657212
      ],
      [
        -0.029937023349101387,
        0.00465574565929137,
        0.9995409439664547,
        0.9717251625894789
      ],
      [
        0.0,
        0.0,
        0.0,
        1.0
      ]
    ],
    "location": [
      -24.970059313517368,
      5.050748861657212,
      0.9717251625894789
    ],
    "rotation": [
      0.004657850203799086,
      0.02994149687347139,
      1.69386618226165
    ]
  }
]