[
  {
    "label_id": "68JMJ77ETNWIxLDk-9I9yw",
    "size": [
      2.08158179068191,
      4.9203171510070485,
      1.4400000000000048
    ],
    "obj_class": "vehicle",
    "point_num_in_lidar": 410,
    "speed": 0.00793676776511703,
    "if_vehicle": true,
    "motion_state": false,
    "pose": [
      [
        -0.9757098372193163,
        0.2190574129181904,
        0.0020404408947135994,
        -15.305765772607629
      ],
      [
        -0.21895050842670477,
        -0.975452667590905,
        0.023511021872201183,
        0.8164060358221832
      ],
      [
        0.007140617140197335,
        0.02249317975247302,
        0.9997214954433461,
        0.7608744242560874
      ],
      [
        0.0,
        0.0,
        0.0,
        1.0
      ]
    ],
    "location": [
      -15.305765772607629,
      0.8164060358221832,
      0.7608744242560874
    ],
    "rotation": [
      0.022495650508915017,
      -0.007140677823045839,
      -2.920848181850475
    ]
  },
  {
    "label_id": "6_d919_pVLmz2ub8CYnOfg",
    "size": [
      2.0179148775347073,
      4.378968142903507,
      1.480000000000004
    ],
    "obj_class": "vehicle",
    "point_num_in_lidar": 110,
    "speed": 0.0220713619661563,
    "if_vehicle": true,
    "motion_state": false,
    "pose": [
      [
        0.9992825750857615,
        -0.037817611385763145,
        0.0020404408947135994,
        -32.23430281955734
      ],
      [
        0.03775929778210837,
        0.9990102438321276,
        0.023511021872201183,
        -10.661968709582652
      ],
      [
        -0.002927552044197959,
        -0.02341710886400058,
        0.9997214954433461,
        0.7955711474772471
      ],
      [
        0.0,
        0.0,
        0.0,
        1.0
      ]
    ],
    "location": [
      -32.23430281955734,
      -10.661968709582652,
      0.7955711474772471
    ],
    "rotation": [
      -0.023419349940827342,
      0.0029275562260079693,
      0.037768438114313324
    ]
  },
  {
    "label_id": "dmdfIg477T778MUkl1T6NQ",
    "size": [
      2.0908746858964022,
      5.012557103587124,
      1.7800000000000011
    ],
    "obj_class": "vehicle",
    "point_num_in_lidar": 2344,
    "speed": 0.029727266092557228,
    "if_vehicle": true,
    "motion_state": false,
    "pose": [
      [
        -0.9757098372192783,
        0.21905741291835895,
        0.0020404408947135994,
        -5.30180493992566
      ],
      [
        -0.21895050842687327,
        -0.975452667590867,
        0.023511021872201183,
        2.4755528963023608
      ],
      [
        0.00714061714020122,
        0.022493179752471785,
        0.9997214954433461,
        0.9269497323450011
      ],
      [
        0.0,
        0.0,
        0.0,
        1.0
      ]
    ],
    "location": [
      -5.30180493992566,
      2.4755528963023608,
      0.9269497323450011
    ],
    "rotation": [
      0.02249565050891378,
      -0.0071406778230497245,
      -2.9208481818503023
    ]
  },
  {
    "label_id": "i3kkQL_9zd-DgdDMqnyhaA",
    "size": [
      2.1738109124489013,
      4.378068441677227,
      1.8800000000000026
    ],
    "obj_class": "vehicle",
    "point_num_in_lidar": 131,
    "speed": 0.0,
    "if_vehicle": true,
    "motion_state": false,
    "pose": [
      [
        -0.21060616900336052,
        -0.9775688610930091,
        0.0020404408947135994,
        -0.7399911457127928
      ],
      [
        0.9773107760237641,
        -0.21050149386252104,
        0.023511021872201183,
        29.889191664533428
      ],
      [
        -0.02255412701826515,
        0.00694571112010168,
        0.9997214954433461,
        1.3791505813002232
      ],
      [
        0.0,
        0.0,
        0.0,
        1.0
      ]
    ],
    "location": [
      -0.7399911457127928,
      29.889191664533428,
      1.3791505813002232
    ],
    "rotation": [
      0.0069475342872984515,
      0.02255603962750011,
      1.783046138620507
    ]
  },
  {
    "label_id": "kTHAHUaBCtWC10R_8Eb9VQ",
    "size": [
      2.419499461911613,
      5.656335587001618,
      1.9500000000000028
    ],
    "obj_class": "vehicle",
    "point_num_in_lidar": 256,
    "speed": 0.012141801100612633,
    "if_vehicle": true,
    "motion_state": false,
    "pose": [
      [
        -0.13700523796661274,
        -0.9905682214621399,
        0.0020404408947135994,
        -27.825836201813217
      ],
      [
        0.9903030392573131,
        -0.13692013105549367,
        0.023511021872201183,
        5.1667439751440725
      ],
      [
        -0.023009893685988624,
        0.005241787965898949,
        0.9997214954433461,
        1.176309848653574
      ],
      [
        0.0,
        0.0,
        0.0,
        1.0
      ]
    ],
    "location": [
      -27.825836201813217,
      5.1667439751440725,
      1.176309848653574
    ],
    "rotation": [
      0.0052432001866977605,
      0.023011924621245117,
      1.7082704630152221
    ]
  },
  {
    "label_id": "lOV2iLsg_vbFC67W5CPwHg",
    "size": [
      0.7375888567064085,
      0.1259369369053941,
      0.5499999999999972
    ],
    "obj_class": "sign",
    "point_num_in_lidar": 146,
    "speed": 0.029568243076878966,
    "if_vehicle": false,
    "motion_state": false,
    "pose": [
      [
        -0.9806762333261378,
        0.1956270993247445,
        0.0020404408947135994,
        -3.0015928259331304
      ],
      [
        -0.19552638450620535,
        -0.9804165771815858,
        0.023511021872201183,
        -9.944097112322652
      ],
      [
        0.006599875088955781,
        0.022657740340336744,
        0.9997214954433461,
        2.5377120414042906
      ],
      [
        0.0,
        0.0,
        0.0,
        1.0
      ]
    ],
    "location": [
      -3.0015928259331304,
      -9.944097112322652,
      2.5377120414042906
    ],
    "rotation": [
      0.022660173044185168,
      -0.006599923003174454,
      -2.9447941452461115
    ]
  },
  {
    "label_id": "ldcifM1nCV7AMQi_6AXNGQ",
    "size": [
      2.1408498136825287,
      4.547641799194267,
      1.6600000000000037
    ],
    "obj_class": "vehicle",
    "point_num_in_lidar": 1649,
    "speed": 0.012419434524237433,
    "if_vehicle": true,
    "motion_state": false,
    "pose": [
      [
        0.9726936887476897,
        -0.23208365834622602,
        0.0020404408947135994,
        -3.041675475025386
      ],
      [
        0.231973324898454,
        0.9724379714851129,
        0.023511021872201183,
        -7.0899328081166
      ],
      [
        -0.007440726172149148,
        -0.022395694732493494,
        0.9997214954433461,
        0.8508061620907341
      ],
      [
        0.0,
        0.0,
        0.0,
        1.0
      ]
    ],
    "location": [
      -3.041675475025386,
      -7.0899328081166,
      0.8508061620907341
    ],
    "rotation": [
      -0.02239818745606802,
      0.007440794832423846,
      0.23411245810728998
    ]
  },
  {
    "label_id": "ztrl-FqRdvMBhbRINdJDoQ",
    "size": [
      2.0275622197680083,
      4.496196136969282,
      1.6000000000000014
    ],
    "obj_class": "vehicle",
    "point_num_in_lidar": 83,
    "speed": 0.013381329286001812,
    "if_vehicle": true,
    "motion_state": false,
    "pose": [
      [
        -0.12270419470899538,
        -0.992441190802645,
        0.0020404408947135994,
        -24.97326183927339
      ],
      [
        0.9921748086984353,
        -0.12262292132692097,
        0.023511021872201183,
        5.041960747414123
      ],
      [
        -0.02308310172052968,
        0.0049093750599869534,
        0.9997214954433461,
        0.9717251625894789
      ],
      [
        0.0,
        0.0,
        0.0,
        1.0
      ]
    ],
    "location": [
      -24.97326183927339,
      5.041960747414123,
      0.9717251625894789
    ],
    "rotation": [
      0.004910703249951317,
      0.023085152105447183,
      1.693843491223913
    ]
  }
]