[
  {
    "label_id": "68JMJ77ETNWIxLDk-9I9yw",
    "size": [
      2.0815817906819105,
      4.9203171510070485,
      1.4400000000000048
    ],
    "obj_class": "vehicle",
    "point_num_in_lidar": 489,
    "speed": 0.00793676769881244,
    "if_vehicle": true,
    "motion_state": false,
    "pose": [
      [
        -0.975711868339927,
        0.21905786892674017,
        6.471800060075562e-06,
        -15.306545395757212
      ],
      [
        -0.21898831763308843,
        -0.9754028215222066,
        0.025168482408524703,
        0.8165480586042122
      ],
      [
        0.005519666732570494,
        0.024555769745495008,
        0.9996832235520248,
        0.7608744242560945
      ],
      [
        0.0,
        0.0,
        0.0,
        1.0
      ]
    ],
    "location": [
      -15.306545395757212,
      0.8165480586042122,
      0.7608744242560945
    ],
    "rotation": [
      0.024558612400486648,
      -0.005519694760645672,
      -2.920811734266328
    ]
  },
  {
    "label_id": "6_d919_pVLmz2ub8CYnOfg",
    "size": [
      2.017914877534707,
      4.378968142903507,
      1.480000000000004
    ],
    "obj_class": "vehicle",
    "point_num_in_lidar": 119,
    "speed": 0.022071361965976276,
    "if_vehicle": true,
    "motion_state": false,
    "pose": [
      [
        0.9992846552773893,
        -0.03781769011012031,
        6.471800060075562e-06,
        -32.236474759971316
      ],
      [
        0.037805547589293276,
        0.9989681116355645,
        0.025168482408524703,
        -10.661595719597017
      ],
      [
        -0.0009582789901524982,
        -0.02515023359751248,
        0.9996832235520248,
        0.7955711474772613
      ],
      [
        0.0,
        0.0,
        0.0,
        1.0
      ]
    ],
    "location": [
      -32.236474759971316,
      -10.661595719597017,
      0.7955711474772613
    ],
    "rotation": [
      -0.025152897301223578,
      0.0009582791368169383,
      0.037814576413075784
    ]
  },
  {
    "label_id": "dmdfIg477T778MUkl1T6NQ",
    "size": [
      2.090874685896402,
      5.012557103587124,
      1.7800000000000011
    ],
    "obj_class": "vehicle",
    "point_num_in_lidar": 2777,
    "speed": 0.05069394642105115,
    "if_vehicle": true,
    "motion_state": false,
    "pose": [
      [
        -0.9757118683398895,
        0.219057868926907,
        6.471800060075562e-06,
        -5.319976333247723
      ],
      [
        -0.2189883176332552,
        -0.9754028215221692,
        0.025168482408524703,
        2.47788338656801
      ],
      [
        0.005519666732574693,
        0.024555769745494064,
        0.9996832235520248,
        0.9269497323450011
      ],
      [
        0.0,
        0.0,
        0.0,
        1.0
      ]
    ],
    "location": [
      -5.319976333247723,
      2.47788338656801,
      0.9269497323450011
    ],
    "rotation": [
      0.024558612400485704,
      -0.005519694760649871,
      -2.920811734266157
    ]
  },
  {
    "label_id": "i3kkQL_9zd-DgdDMqnyhaA",
    "size": [
      2.1738109124489013,
      4.378068441677227,
      1.8800000000000026
    ],
    "obj_class": "vehicle",
    "point_num_in_lidar": 429,
    "speed": 0.0,
    "if_vehicle": true,
    "motion_state": false,
    "pose": [
      [
        -0.21060660741907888,
        -0.9775708960835228,
        6.471800060075562e-06,
        -0.7399911457125654
      ],
      [
        0.977261258993088,
        -0.2105397329828661,
        0.025168482408524703,
        29.8891916645332
      ],
      [
        -0.024602613330107305,
        0.005306973333420815,
        0.9996832235520248,
        1.3791505813002232
      ],
      [
        0.0,
        0.0,
        0.0,
        1.0
      ]
    ],
    "location": [
      -0.7399911457125654,
      29.8891916645332,
      1.3791505813002232
    ],
    "rotation": [
      0.005308605121952814,
      0.024605095953208738,
      1.7830570017316862
    ]
  },
  {
    "label_id": "kTHAHUaBCtWC10R_8Eb9VQ",
    "size": [
      2.4194994619116157,
      5.656335587001618,
      1.9500000000000028
    ],
    "obj_class": "vehicle",
    "point_num_in_lidar": 278,
    "speed": 0.012141801202090909,
    "if_vehicle": true,
    "motion_state": false,
    "pose": [
      [
        -0.13700552316837342,
        -0.9905702835132275,
        6.471800060075562e-06,
        -27.826730733639124
      ],
      [
        0.9902565165350201,
        -0.13696196170170472,
        0.025168482408524703,
        5.167562208414438
      ],
      [
        -0.024930264364578025,
        0.003454629841917131,
        0.9996832235520248,
        1.176309848653574
      ],
      [
        0.0,
        0.0,
        0.0,
        1.0
      ]
    ],
    "location": [
      -27.826730733639124,
      5.167562208414438,
      1.176309848653574
    ],
    "rotation": [
      0.0034557107780343894,
      0.024932847522121177,
      1.7082771231408516
    ]
  },
  {
    "label_id": "lOV2iLsg_vbFC67W5CPwHg",
    "size": [
      0.7375888567064093,
      0.1259369369053941,
      0.5499999999999972
    ],
    "obj_class": "sign",
    "point_num_in_lidar": 151,
    "speed": 0.029568243324208977,
    "if_vehicle": false,
    "motion_state": false,
    "pose": [
      [
        -0.9806782747852242,
        0.19562750655874522,
        6.471800060075562e-06,
        -3.0007778477875036
      ],
      [
        -0.1955653766421231,
        -0.9803676509106553,
        0.025168482408524703,
        -9.941259561658626
      ],
      [
        0.004929992200869389,
        0.024680918247337966,
        0.9996832235520248,
        2.538377904171547
      ],
      [
        0.0,
        0.0,
        0.0,
        1.0
      ]
    ],
    "location": [
      -3.0007778477875036,
      -9.941259561658626,
      2.538377904171547
    ],
    "rotation": [
      0.024683724684855197,
      -0.004930012171519201,
      -2.9447563044602356
    ]
  },
  {
    "label_id": "ldcifM1nCV7AMQi_6AXNGQ",
    "size": [
      2.1408498136825287,
      4.547641799194267,
      1.6600000000000037
    ],
    "obj_class": "vehicle",
    "point_num_in_lidar": 2006,
    "speed": 0.01827948139095248,
    "if_vehicle": true,
    "motion_state": false,
    "pose": [
      [
        0.9726957135896294,
        -0.23208414147131526,
        6.471800060075562e-06,
        -3.041909859011639
      ],
      [
        0.23201046425314942,
        0.9723876243403605,
        0.025168482408524703,
        -7.0895774750824785
      ],
      [
        -0.0058474987302039785,
        -0.024479773430991475,
        0.9996832235520248,
        0.8508061620907412
      ],
      [
        0.0,
        0.0,
        0.0,
        1.0
      ]
    ],
    "location": [
      -3.041909859011639,
      -7.0895774750824785,
      0.8508061620907412
    ],
    "rotation": [
      -0.024482637703491943,
      0.0058475320548726905,
      0.23414811521058193
    ]
  },
  {
    "label_id": "ztrl-FqRdvMBhbRINdJDoQ",
    "size": [
      2.027562219768011,
      4.496196136969282,
      1.6000000000000014
    ],
    "obj_class": "vehicle",
    "point_num_in_lidar": 119,
    "speed": 0.013381329398107083,
    "if_vehicle": true,
    "motion_state": false,
    "pose": [
      [
        -0.12270445014048637,
        -0.9924432567526652,
        6.471800060075562e-06,
        -24.973719295981937
      ],
      [
        0.9921288941312906,
        -0.1226654186112549,
        0.025168482408524703,
        5.0407054314155175
      ],
      [
        -0.02497749678297488,
        0.003094705654645169,
        0.9996832235520248,
        0.9717251625894789
      ],
      [
        0.0,
        0.0,
        0.0,
        1.0
      ]
    ],
    "location": [
      -24.973719295981937,
      5.0407054314155175,
      0.9717251625894789
    ],
    "rotation": [
      0.003095676406274366,
      0.02498009465311658,
      1.6938493819735263
    ]
  }
]