[
  {
    "label_id": "1GEAINz-wBxTAsqB0f6rPQ",
    "size": [
      2.149705578592455,
      5.369128280270164,
      1.8600000000000065
    ],
    "obj_class": "vehicle",
    "point_num_in_lidar": 2241,
    "speed": 0.011266375592110146,
    "if_vehicle": true,
    "motion_state": false,
    "pose": [
      [
        0.8165409894081648,
        -0.5772603441124246,
        0.005595331227076764,
        28.683082827124167
      ],
      [
        0.5769770241514747,
        0.8163813788085936,
        0.024878865245188588,
        -12.38615757327716
      ],
      [
        -0.018929506534615913,
        -0.01708623568211812,
        0.9996748142934136,
        0.9736181955009187
      ],
      [
        0.0,
        0.0,
        0.0,
        1.0
      ]
    ],
    "location": [
      28.683082827124167,
      -12.38615757327716,
      0.9736181955009187
    ],
    "rotation": [
      -0.017090129642242206,
      0.01893063720668906,
      0.6151492569086705
    ]
  },
  {
    "label_id": "68JMJ77ETNWIxLDk-9I9yw",
    "size": [
      2.081581790681913,
      4.9203171510070485,
      1.4400000000000048
    ],
    "obj_class": "vehicle",
    "point_num_in_lidar": 75,
    "speed": 0.007936767765250603,
    "if_vehicle": true,
    "motion_state": false,
    "pose": [
      [
        -0.9756965945781941,
        0.21905443980201467,
        0.005595331227076764,
        -15.292514349731391
      ],
      [
        -0.21885423593479064,
        -0.9754403443970886,
        0.024878865245188588,
        0.8139920439518846
      ],
      [
        0.010907737708350141,
        0.023049662156196332,
        0.9996748142934136,
        0.7608744242560803
      ],
      [
        0.0,
        0.0,
        0.0,
        1.0
      ]
    ],
    "location": [
      -15.292514349731391,
      0.8139920439518846,
      0.7608744242560803
    ],
    "rotation": [
      0.023053075338392962,
      -0.01090795401808327,
      -2.920939224122159
    ]
  },
  {
    "label_id": "6_d919_pVLmz2ub8CYnOfg",
    "size": [
      2.017914877534708,
      4.378968142903507,
      1.480000000000004
    ],
    "obj_class": "vehicle",
    "point_num_in_lidar": 30,
    "speed": 0.02207136251999473,
    "if_vehicle": true,
    "motion_state": false,
    "pose": [
      [
        0.99926901250802,
        -0.03781709811323277,
        0.005595331227076764,
        -32.19738587975121
      ],
      [
        0.037666876063778096,
        0.998980604672437,
        0.024878865245188588,
        -10.66830850084557
      ],
      [
        -0.006530473860490908,
        -0.024649920458013612,
        0.9996748142934136,
        0.79557114747724
      ],
      [
        0.0,
        0.0,
        0.0,
        1.0
      ]
    ],
    "location": [
      -32.19738587975121,
      -10.66830850084557,
      0.79557114747724
    ],
    "rotation": [
      -0.02465294323268005,
      0.006530520278998225,
      0.03767659246283636
    ]
  },
  {
    "label_id": "EdUU14a9oVNxpdhWcbkcRw",
    "size": [
      2.126940619405153,
      4.563779192867923,
      1.5600000000000023
    ],
    "obj_class": "vehicle",
    "point_num_in_lidar": 1398,
    "speed": 0.01865270069975116,
    "if_vehicle": true,
    "motion_state": false,
    "pose": [
      [
        -0.11780030430078366,
        -0.9930215408414373,
        0.005595331227076764,
        13.742289491594306
      ],
      [
        0.9927461035077908,
        -0.11762744592232942,
        0.024878865245188588,
        11.461664983132323
      ],
      [
        -0.024047084578833162,
        0.008485481170057329,
        0.9996748142934136,
        0.9468992349736212
      ],
      [
        0.0,
        0.0,
        0.0,
        1.0
      ]
    ],
    "location": [
      13.742289491594306,
      11.461664983132323,
      0.9468992349736212
    ],
    "rotation": [
      0.008488037573704203,
      0.024049402769098324,
      1.688905110866991
    ]
  },
  {
    "label_id": "Nak0dxS0z_HTkFDSugyx-A",
    "size": [
      2.100041177640915,
      4.807886825693142,
      1.6400000000000006
    ],
    "obj_class": "vehicle",
    "point_num_in_lidar": 6519,
    "speed": 0.10633839808933021,
    "if_vehicle": true,
    "motion_state": false,
    "pose": [
      [
        -0.9999501621655481,
        0.008268340435265318,
        0.005595331227076764,
        22.68051363670861
      ],
      [
        -0.008126707564016913,
        -0.9996574406706934,
        0.024878865245188588,
        6.395322573457179
      ],
      [
        0.005799121421654677,
        0.024832153715814882,
        0.9996748142934136,
        0.6731795603099968
      ],
      [
        0.0,
        0.0,
        0.0,
        1.0
      ]
    ],
    "location": [
      22.68051363670861,
      6.395322573457179,
      0.6731795603099968
    ],
    "rotation": [
      0.024835124179938967,
      -0.0057991539260378,
      -3.1334657199128118
    ]
  },
  {
    "label_id": "WOwXv4MAPHlH-OoxpKqiYA",
    "size": [
      2.1061676925832034,
      4.360908837257696,
      1.7100000000000009
    ],
    "obj_class": "vehicle",
    "point_num_in_lidar": 1471,
    "speed": 0.004121219377216282,
    "if_vehicle": true,
    "motion_state": false,
    "pose": [
      [
        -0.0696050014675263,
        -0.9975589386292747,
        0.005595331227076764,
        16.56355074004307
      ],
      [
        0.9972754585517306,
        -0.06944567542005235,
        0.024878865245188588,
        12.0657914871897
      ],
      [
        -0.02442956285202782,
        0.007311779967133537,
        0.9996748142934136,
        1.0372327334613516
      ],
      [
        0.0,
        0.0,
        0.0,
        1.0
      ]
    ],
    "location": [
      16.56355074004307,
      12.0657914871897,
      1.0372327334613516
    ],
    "rotation": [
      0.007314028002795808,
      0.024431993446451836,
      1.6404784856166315
    ]
  },
  {
    "label_id": "dmdfIg477T778MUkl1T6NQ",
    "size": [
      2.0908746858964027,
      5.012557103587124,
      1.7800000000000011
    ],
    "obj_class": "vehicle",
    "point_num_in_lidar": 347,
    "speed": 0.006072523044797633,
    "if_vehicle": true,
    "motion_state": false,
    "pose": [
      [
        -0.975696594578157,
        0.21905443980217976,
        0.005595331227076764,
        -5.398621421817779
      ],
      [
        -0.21885423593495568,
        -0.9754403443970516,
        0.024878865245188588,
        2.478316894128284
      ],
      [
        0.010907737708354041,
        0.02304966215619449,
        0.9996748142934136,
        0.926949732344994
      ],
      [
        0.0,
        0.0,
        0.0,
        1.0
      ]
    ],
    "location": [
      -5.398621421817779,
      2.478316894128284,
      0.926949732344994
    ],
    "rotation": [
      0.02305307533839112,
      -0.01090795401808717,
      -2.9209392241219896
    ]
  },
  {
    "label_id": "kTHAHUaBCtWC10R_8Eb9VQ",
    "size": [
      2.4194994619116157,
      5.656335587001618,
      1.9500000000000028
    ],
    "obj_class": "vehicle",
    "point_num_in_lidar": 85,
    "speed": 0.012141801202071402,
    "if_vehicle": true,
    "motion_state": false,
    "pose": [
      [
        -0.13700337848838678,
        -0.9905547771583494,
        0.005595331227076764,
        -27.810631651369704
      ],
      [
        0.9902827380319918,
        -0.13682521997049144,
        0.024878865245188588,
        5.152836287717946
      ],
      [
        -0.023878296392947848,
        0.008949448519293626,
        0.9996748142934136,
        1.1763098486535597
      ],
      [
        0.0,
        0.0,
        0.0,
        1.0
      ]
    ],
    "location": [
      -27.810631651369704,
      5.152836287717946,
      1.1763098486535597
    ],
    "rotation": [
      0.008952120548681792,
      0.02388056610215518,
      1.7082714034595594
    ]
  },
  {
    "label_id": "lOV2iLsg_vbFC67W5CPwHg",
    "size": [
      0.7375888567064081,
      0.1259369369053941,
      0.5499999999999972
    ],
    "obj_class": "sign",
    "point_num_in_lidar": 50,
    "speed": 0.025211891203081704,
    "if_vehicle": false,
    "motion_state": false,
    "pose": [
      [
        -0.9806629232795254,
        0.19562444421215602,
        0.005595331227076764,
        -2.9760011820533236
      ],
      [
        -0.19543043475829597,
        -0.9804019518719326,
        0.024878865245188588,
        -9.972308428449196
      ],
      [
        0.010352587842615175,
        0.023304282704899745,
        0.9996748142934136,
        2.5342174032211133
      ],
      [
        0.0,
        0.0,
        0.0,
        1.0
      ]
    ],
    "location": [
      -2.9760011820533236,
      -9.972308428449196,
      2.5342174032211133
    ],
    "rotation": [
      0.023307641876611378,
      -0.010352772776489778,
      -2.944885645314467
    ]
  },
  {
    "label_id": "ldcifM1nCV7AMQi_6AXNGQ",
    "size": [
      2.1408498136825274,
      4.547641799194267,
      1.6600000000000037
    ],
    "obj_class": "vehicle",
    "point_num_in_lidar": 243,
    "speed": 0.004263299410033195,
    "if_vehicle": true,
    "motion_state": false,
    "pose": [
      [
        0.9726804870426852,
        -0.2320805084337416,
        0.005595331227076764,
        -3.0376915998442655
      ],
      [
        0.2318768962438706,
        0.9724269366139654,
        0.024878865245188588,
        -7.095972480366754
      ],
      [
        -0.011214950499844627,
        -0.022901758725368402,
        0.9996748142934136,
        0.8508061620907412
      ],
      [
        0.0,
        0.0,
        0.0,
        1.0
      ]
    ],
    "location": [
      -3.0376915998442655,
      -7.095972480366754,
      0.8508061620907412
    ],
    "rotation": [
      -0.022905201906810654,
      0.011215185606765913,
      0.23402171678836622
    ]
  },
  {
    "label_id": "phUEcRmWiiYy-t1vIW9zjw",
    "size": [
      2.3404631418365116,
      5.012024443549109,
      2.010000000000005
    ],
    "obj_class": "vehicle",
    "point_num_in_lidar": 5848,
    "speed": 0.048024729758425345,
    "if_vehicle": true,
    "motion_state": false,
    "pose": [
      [
        0.05945382573942375,
        -0.9982153749934959,
        0.005595331227076764,
        28.978367801132322
      ],
      [
        0.997913735737753,
        0.05957531443504149,
        0.024878865245188588,
        11.622488801499458
      ],
      [
        -0.025167809417359886,
        0.00410451416862023,
        0.9996748142934136,
        1.0519552939407575
      ],
      [
        0.0,
        0.0,
        0.0,
        1.0
      ]
    ],
    "location": [
      28.978367801132322,
      11.622488801499458,
      1.0519552939407575
    ],
    "rotation": [
      0.004105826260235518,
      0.02517046713487829,
      1.5112885474917392
    ]
  },
  {
    "label_id": "uS2LW2-8jVhW_knJOu-LDw",
    "size": [
      0.7982140781644753,
      1.951190244896045,
      1.5799999999999983
    ],
    "obj_class": "cyclist",
    "point_num_in_lidar": 1135,
    "speed": 4.961801026034004,
    "if_vehicle": false,
    "motion_state": true,
    "pose": [
      [
        0.9994783980041845,
        0.031806040172401885,
        0.005595331227076764,
        24.40903202388529
      ],
      [
        -0.03193583002288599,
        0.9991802364062558,
        0.024878865245188588,
        -2.078533848594816
      ],
      [
        -0.004799446190809624,
        -0.02504457992641274,
        0.9996748142934136,
        0.7632468702463058
      ],
      [
        0.0,
        0.0,
        0.0,
        1.0
      ]
    ],
    "location": [
      24.40903202388529,
      -2.078533848594816,
      0.7632468702463058
    ],
    "rotation": [
      -0.025047487330893705,
      0.004799464616621473,
      -0.03194162906993884
    ]
  },
  {
    "label_id": "ztrl-FqRdvMBhbRINdJDoQ",
    "size": [
      2.0275622197680176,
      4.496196136969282,
      1.6000000000000014
    ],
    "obj_class": "vehicle",
    "point_num_in_lidar": 30,
    "speed": 0.013381329398094919,
    "if_vehicle": true,
    "motion_state": false,
    "pose": [
      [
        -0.12270252932902911,
        -0.9924277210783252,
        0.005595331227076764,
        -24.965486348901322
      ],
      [
        0.9921531406987026,
        -0.12252831291506538,
        0.024878865245188588,
        5.063297624269353
      ],
      [
        -0.02400488904284256,
        0.008604125142614452,
        0.9996748142934136,
        0.9717251625894718
      ],
      [
        0.0,
        0.0,
        0.0,
        1.0
      ]
    ],
    "location": [
      -24.965486348901322,
      5.063297624269353,
      0.9717251625894718
    ],
    "rotation": [
      0.008606711469542595,
      0.0240071950491842,
      1.6938444981887164
    ]
  }
]