[
  {
    "label_id": "1GEAINz-wBxTAsqB0f6rPQ",
    "size": [
      2.149705578592455,
      5.369128280270164,
      1.8600000000000065
    ],
    "obj_class": "vehicle",
    "point_num_in_lidar": 1680,
    "speed": 0.011266375309214267,
    "if_vehicle": true,
    "motion_state": false,
    "pose": [
      [
        0.8165133930288352,
        -0.5772408346259008,
        0.009944739560814259,
        28.68131434895406
      ],
      [
        0.5769000330557799,
        0.8164511591132929,
        0.02436917402787205,
        -12.394968758855612
      ],
      [
        -0.022186276496499308,
        -0.014160636389443105,
        0.9996535627467483,
        0.9507879294242088
      ],
      [
        0.0,
        0.0,
        0.0,
        1.0
      ]
    ],
    "location": [
      28.68131434895406,
      -12.394968758855612,
      0.9507879294242088
    ],
    "rotation": [
      -0.014164596477166946,
      0.022188097028127327,
      0.6151022930271857
    ]
  },
  {
    "label_id": "68JMJ77ETNWIxLDk-9I9yw",
    "size": [
      2.0815817906819105,
      4.9203171510070485,
      1.4400000000000048
    ],
    "obj_class": "vehicle",
    "point_num_in_lidar": 62,
    "speed": 0.007936767765142497,
    "if_vehicle": true,
    "motion_state": false,
    "pose": [
      [
        -0.97566361926687,
        0.21904703648791962,
        0.009944739560814259,
        -15.286285890824729
      ],
      [
        -0.2187563376779633,
        -0.975475170408209,
        0.02436917402787205,
        0.8128574149159249
      ],
      [
        0.015038841870214299,
        0.021600641725092965,
        0.9996535627467483,
        0.7608744242560945
      ],
      [
        0.0,
        0.0,
        0.0,
        1.0
      ]
    ],
    "location": [
      -15.286285890824729,
      0.8128574149159249,
      0.7608744242560945
    ],
    "rotation": [
      0.021604765501854688,
      -0.015039408808951755,
      -2.921027541572823
    ]
  },
  {
    "label_id": "6_d919_pVLmz2ub8CYnOfg",
    "size": [
      2.017914877534706,
      4.378968142903507,
      1.480000000000004
    ],
    "obj_class": "vehicle",
    "point_num_in_lidar": 26,
    "speed": 0.022071361966057267,
    "if_vehicle": true,
    "motion_state": false,
    "pose": [
      [
        0.9992352405270912,
        -0.03781582002064557,
        0.009944739560814259,
        -32.18003410970482
      ],
      [
        0.037564274484304314,
        0.998997031346774,
        0.02436917402787205,
        -10.671288341556192
      ],
      [
        -0.010856305597860067,
        -0.023976970544649926,
        0.9996535627467483,
        0.7955711474772471
      ],
      [
        0.0,
        0.0,
        0.0,
        1.0
      ]
    ],
    "location": [
      -32.18003410970482,
      -10.671288341556192,
      0.7955711474772471
    ],
    "rotation": [
      -0.023980681999701218,
      0.01085651886206304,
      0.03757532984195684
    ]
  },
  {
    "label_id": "EdUU14a9oVNxpdhWcbkcRw",
    "size": [
      2.12694061940515,
      4.563779192867923,
      1.5600000000000023
    ],
    "obj_class": "vehicle",
    "point_num_in_lidar": 322,
    "speed": 0.01865270116754098,
    "if_vehicle": true,
    "motion_state": false,
    "pose": [
      [
        -0.11779632304090226,
        -0.9929879800043458,
        0.009944739560814259,
        13.742352032892313
      ],
      [
        0.9927707022193961,
        -0.11752649136261377,
        0.02436917402787205,
        11.476543647320113
      ],
      [
        -0.023029526544213554,
        0.012743445173205765,
        0.9996535627467483,
        0.9468992349736283
      ],
      [
        0.0,
        0.0,
        0.0,
        1.0
      ]
    ],
    "location": [
      13.742352032892313,
      11.476543647320113,
      0.9468992349736283
    ],
    "rotation": [
      0.012747171031610043,
      0.02303156268333366,
      1.6888982569518438
    ]
  },
  {
    "label_id": "KVxyT5AqdPF88ef3uDbTcg",
    "size": [
      2.1612312337603656,
      4.655021430438439,
      1.7600000000000051
    ],
    "obj_class": "vehicle",
    "point_num_in_lidar": 500,
    "speed": 1.1234667099445443e-13,
    "if_vehicle": true,
    "motion_state": false,
    "pose": [
      [
        0.8165133930288244,
        -0.577240834625916,
        0.009944739560814259,
        29.595888663176538
      ],
      [
        0.5769000330557951,
        0.816451159113282,
        0.02436917402787205,
        -14.949836956402123
      ],
      [
        -0.022186276496499572,
        -0.01416063638944269,
        0.9996535627467483,
        0.8836578124178374
      ],
      [
        0.0,
        0.0,
        0.0,
        1.0
      ]
    ],
    "location": [
      29.595888663176538,
      -14.949836956402123,
      0.8836578124178374
    ],
    "rotation": [
      -0.01416459647716653,
      0.02218809702812759,
      0.6151022930272043
    ]
  },
  {
    "label_id": "Nak0dxS0z_HTkFDSugyx-A",
    "size": [
      2.100041177640915,
      4.807886825693142,
      1.6400000000000006
    ],
    "obj_class": "vehicle",
    "point_num_in_lidar": 2222,
    "speed": 0.05149193568809268,
    "if_vehicle": true,
    "motion_state": false,
    "pose": [
      [
        -0.9999163671640181,
        0.0082680609927605,
        0.009944739560814259,
        22.768948134412085
      ],
      [
        -0.008023665330617833,
        -0.9996708278987947,
        0.02436917402787205,
        6.409983617121043
      ],
      [
        0.010142951847202729,
        0.024287342702701435,
        0.9996535627467483,
        0.6665182010529875
      ],
      [
        0.0,
        0.0,
        0.0,
        1.0
      ]
    ],
    "location": [
      22.768948134412085,
      6.409983617121043,
      0.6665182010529875
    ],
    "rotation": [
      0.024290980885771116,
      -0.010143125772176891,
      -3.1335684893834506
    ]
  },
  {
    "label_id": "WOwXv4MAPHlH-OoxpKqiYA",
    "size": [
      2.1061676925832042,
      4.360908837257696,
      1.7100000000000009
    ],
    "obj_class": "vehicle",
    "point_num_in_lidar": 125,
    "speed": 0.003891941891316872,
    "if_vehicle": true,
    "motion_state": false,
    "pose": [
      [
        -0.06960264904915497,
        -0.9975252244431756,
        0.009944739560814259,
        16.566452160770723
      ],
      [
        0.9972951427449289,
        -0.06934364869669846,
        0.02436917402787205,
        12.066895892178763
      ],
      [
        -0.023619261265162606,
        0.01161399952734316,
        0.9996535627467483,
        1.0372327334613445
      ],
      [
        0.0,
        0.0,
        0.0,
        1.0
      ]
    ],
    "location": [
      16.566452160770723,
      12.066895892178763,
      1.0372327334613445
    ],
    "rotation": [
      0.01161750175834342,
      0.023621457894241266,
      1.6404747673425288
    ]
  },
  {
    "label_id": "agT_9v0O68ZFaGG2zA_zww",
    "size": [
      2.0130218294705005,
      4.071840974352266,
      1.6700000000000017
    ],
    "obj_class": "vehicle",
    "point_num_in_lidar": 3362,
    "speed": 0.02501308843837964,
    "if_vehicle": true,
    "motion_state": false,
    "pose": [
      [
        0.14018991460741517,
        -0.9900746891004908,
        0.009944739560814259,
        40.439150997515185
      ],
      [
        0.9897956046595738,
        0.14039517211709215,
        0.02436917402787205,
        10.107813555978282
      ],
      [
        -0.025523495821581345,
        0.006426947080757513,
        0.9996535627467483,
        0.9311332052455654
      ],
      [
        0.0,
        0.0,
        0.0,
        1.0
      ]
    ],
    "location": [
      40.439150997515185,
      10.107813555978282,
      0.9311332052455654
    ],
    "rotation": [
      0.006429085806697584,
      0.025526267842901622,
      1.4300969644848363
    ]
  },
  {
    "label_id": "dmdfIg477T778MUkl1T6NQ",
    "size": [
      2.0908746858964022,
      5.012557103587124,
      1.7800000000000011
    ],
    "obj_class": "vehicle",
    "point_num_in_lidar": 200,
    "speed": 0.0060725231974340845,
    "if_vehicle": true,
    "motion_state": false,
    "pose": [
      [
        -0.9756636192668328,
        0.21904703648808513,
        0.009944739560814259,
        -5.394402035173016
      ],
      [
        -0.21875633767812877,
        -0.9754751704081718,
        0.02436917402787205,
        2.4806960011064803
      ],
      [
        0.015038841870217963,
        0.021600641725090415,
        0.9996535627467483,
        0.926949732344994
      ],
      [
        0.0,
        0.0,
        0.0,
        1.0
      ]
    ],
    "location": [
      -5.394402035173016,
      2.4806960011064803,
      0.926949732344994
    ],
    "rotation": [
      0.02160476550185214,
      -0.015039408808955419,
      -2.9210275415726534
    ]
  },
  {
    "label_id": "kTHAHUaBCtWC10R_8Eb9VQ",
    "size": [
      2.419499461911607,
      5.656335587001618,
      1.9500000000000028
    ],
    "obj_class": "vehicle",
    "point_num_in_lidar": 56,
    "speed": 0.012141801100348869,
    "if_vehicle": true,
    "motion_state": false,
    "pose": [
      [
        -0.13699874822823846,
        -0.9905212996896955,
        0.009944739560814259,
        -27.803485179740846
      ],
      [
        0.9903092866394437,
        -0.1367247605698237,
        0.02436917402787205,
        5.146299370103179
      ],
      [
        -0.02277849379507061,
        0.013186914277459594,
        0.9996535627467483,
        1.1763098486535668
      ],
      [
        0.0,
        0.0,
        0.0,
        1.0
      ]
    ],
    "location": [
      -27.803485179740846,
      5.146299370103179,
      1.1763098486535668
    ],
    "rotation": [
      0.013190719205746338,
      0.02278046406251517,
      1.70826317646421
    ]
  },
  {
    "label_id": "kVXDgsK5H07BTnCoiGKogw",
    "size": [
      2.312529910564704,
      4.590938652758807,
      1.7800000000000011
    ],
    "obj_class": "vehicle",
    "point_num_in_lidar": 2916,
    "speed": 0.063094099774368,
    "if_vehicle": true,
    "motion_state": false,
    "pose": [
      [
        -0.09295560370573087,
        -0.9956205893284703,
        0.009944739560814259,
        38.128178243631055
      ],
      [
        0.9953966391827456,
        -0.0926912836295534,
        0.02436917402787205,
        14.015472087336548
      ],
      [
        -0.023340660731824548,
        0.012164211619953073,
        0.9996535627467483,
        1.100654850364478
      ],
      [
        0.0,
        0.0,
        0.0,
        1.0
      ]
    ],
    "location": [
      38.128178243631055,
      14.015472087336548,
      1.100654850364478
    ],
    "rotation": [
      0.012167826674282494,
      0.023342780530800435,
      1.663911762325539
    ]
  },
  {
    "label_id": "lOV2iLsg_vbFC67W5CPwHg",
    "size": [
      0.7375888567064087,
      0.1259369369053941,
      0.5499999999999972
    ],
    "obj_class": "sign",
    "point_num_in_lidar": 38,
    "speed": 0.016576127888340113,
    "if_vehicle": false,
    "motion_state": false,
    "pose": [
      [
        -0.9806297801227485,
        0.19561783275426994,
        0.009944739560814259,
        -2.9728158867560524
      ],
      [
        -0.1953317305254405,
        -0.9804344233079212,
        0.02436917402787205,
        -9.984343549245523
      ],
      [
        0.014517210005598372,
        0.021954614580686503,
        0.9996535627467483,
        2.5367137652182805
      ],
      [
        0.0,
        0.0,
        0.0,
        1.0
      ]
    ],
    "location": [
      -2.9728158867560524,
      -9.984343549245523,
      2.5367137652182805
    ],
    "rotation": [
      0.021958693053794307,
      -0.0145177199694801,
      -2.9449759780742473
    ]
  },
  {
    "label_id": "ldcifM1nCV7AMQi_6AXNGQ",
    "size": [
      2.1408498136825282,
      4.547641799194267,
      1.6600000000000037
    ],
    "obj_class": "vehicle",
    "point_num_in_lidar": 119,
    "speed": 0.004263299302519964,
    "if_vehicle": true,
    "motion_state": false,
    "pose": [
      [
        0.9726476136657993,
        -0.23207266488169928,
        0.009944739560814259,
        -3.035819091277517
      ],
      [
        0.23177947238292276,
        0.9724630684705169,
        0.02436917402787205,
        -7.098811258568958
      ],
      [
        -0.015326311106063736,
        -0.021397632476825218,
        0.9996535627467483,
        0.850806162090727
      ],
      [
        0.0,
        0.0,
        0.0,
        1.0
      ]
    ],
    "location": [
      -3.035819091277517,
      -7.098811258568958,
      0.850806162090727
    ],
    "rotation": [
      -0.021401779787599495,
      0.015326911183878337,
      0.23393456135899646
    ]
  },
  {
    "label_id": "phUEcRmWiiYy-t1vIW9zjw",
    "size": [
      2.340463141836511,
      5.012024443549109,
      2.010000000000005
    ],
    "obj_class": "vehicle",
    "point_num_in_lidar": 5388,
    "speed": 0.05425276938065258,
    "if_vehicle": true,
    "motion_state": false,
    "pose": [
      [
        0.059451816397150824,
        -0.9981816386220231,
        0.009944739560814259,
        28.974598398769103
      ],
      [
        0.9979201156100039,
        0.0596790266183669,
        0.02436917402787205,
        11.633428250443785
      ],
      [
        -0.02491835443996913,
        0.008475263992183882,
        0.9996535627467483,
        1.0499594224835676
      ],
      [
        0.0,
        0.0,
        0.0,
        1.0
      ]
    ],
    "location": [
      28.974598398769103,
      11.633428250443785,
      1.0499594224835676
    ],
    "rotation": [
      0.008477998028263064,
      0.02492093389643891,
      1.5112909334462088
    ]
  },
  {
    "label_id": "uS2LW2-8jVhW_knJOu-LDw",
    "size": [
      0.7982140781647041,
      1.951190244896045,
      1.5799999999999983
    ],
    "obj_class": "cyclist",
    "point_num_in_lidar": 260,
    "speed": 5.156594838244685,
    "if_vehicle": false,
    "motion_state": true,
    "pose": [
      [
        0.9999505197712232,
        -0.0002452841786563475,
        0.009944739560814259,
        20.441999539769995
      ],
      [
        2.86638883001177e-06,
        0.9997030275781819,
        0.02436917402787205,
        -2.048748519212495
      ],
      [
        -0.009947763620258496,
        -0.02436793973007565,
        0.9996535627467483,
        0.7812511358361149
      ],
      [
        0.0,
        0.0,
        0.0,
        1.0
      ]
    ],
    "location": [
      20.441999539769995,
      -2.048748519212495,
      0.7812511358361149
    ],
    "rotation": [
      -0.024371558123172887,
      0.009947927696032194,
      2.866530666597098e-06
    ]
  }
]