[
  {
    "label_id": "1GEAINz-wBxTAsqB0f6rPQ",
    "size": [
      2.1497055785924544,
      5.369128280270164,
      1.8600000000000065
    ],
    "obj_class": "vehicle",
    "point_num_in_lidar": 2216,
    "speed": 0.011266375309395423,
    "if_vehicle": true,
    "motion_state": false,
    "pose": [
      [
        0.8165449207071536,
        -0.5772631233764626,
        0.004656055948883306,
        28.683524995825223
      ],
      [
        0.57697021627813,
        0.8163425120321023,
        0.026273038976959588,
        -12.38395453195858
      ],
      [
        -0.018967392949904644,
        -0.018766710920347148,
        0.999643960901038,
        0.9793263966316346
      ],
      [
        0.0,
        0.0,
        0.0,
        1.0
      ]
    ],
    "location": [
      28.683524995825223,
      -12.38395453195858,
      0.9793263966316346
    ],
    "rotation": [
      -0.01877118994855812,
      0.018968530425252383,
      0.6151414269205312
    ]
  },
  {
    "label_id": "68JMJ77ETNWIxLDk-9I9yw",
    "size": [
      2.0815817906819105,
      4.9203171510070485,
      1.4400000000000048
    ],
    "obj_class": "vehicle",
    "point_num_in_lidar": 87,
    "speed": 0.007936767765187067,
    "if_vehicle": true,
    "motion_state": false,
    "pose": [
      [
        -0.9757012921440067,
        0.21905549445635095,
        0.004656055948883306,
        -15.294071637589468
      ],
      [
        -0.21886289052366587,
        -0.9754018467147482,
        0.026273038976959588,
        0.8142757327505024
      ],
      [
        0.010296779114916828,
        0.024615600214956814,
        0.999643960901038,
        0.7608744242560874
      ],
      [
        0.0,
        0.0,
        0.0,
        1.0
      ]
    ],
    "location": [
      -15.294071637589468,
      0.8142757327505024,
      0.7608744242560874
    ],
    "rotation": [
      0.024619392189691173,
      -0.010296961073966585,
      -2.9209318071170203
    ]
  },
  {
    "label_id": "6_d919_pVLmz2ub8CYnOfg",
    "size": [
      2.017914877534708,
      4.378968142903507,
      1.480000000000004
    ],
    "obj_class": "vehicle",
    "point_num_in_lidar": 40,
    "speed": 0.0220713619661754,
    "if_vehicle": true,
    "motion_state": false,
    "pose": [
      [
        0.9992738235650392,
        -0.03781728018654448,
        0.004656055948883306,
        -32.20172430458865
      ],
      [
        0.037682392760209696,
        0.9989443251246691,
        0.026273038976959588,
        -10.66756345783756
      ],
      [
        -0.00564471554394362,
        -0.026078508786200386,
        0.999643960901038,
        0.7955711474772471
      ],
      [
        0.0,
        0.0,
        0.0,
        1.0
      ]
    ],
    "location": [
      -32.20172430458865,
      -10.66756345783756,
      0.7955711474772471
    ],
    "rotation": [
      -0.026081881259331714,
      0.00564474552045994,
      0.03769191717019052
    ]
  },
  {
    "label_id": "EdUU14a9oVNxpdhWcbkcRw",
    "size": [
      2.1269406194051514,
      4.563779192867923,
      1.5600000000000023
    ],
    "obj_class": "vehicle",
    "point_num_in_lidar": 1936,
    "speed": 0.01632758762895592,
    "if_vehicle": true,
    "motion_state": false,
    "pose": [
      [
        -0.1178008714593501,
        -0.9930263218195268,
        0.004656055948883306,
        13.742273854531732
      ],
      [
        0.99270869684465,
        -0.1176400043858883,
        0.026273038976959588,
        11.45794490350363
      ],
      [
        -0.02554208081606367,
        0.007717094120823039,
        0.999643960901038,
        0.9468992349736212
      ],
      [
        0.0,
        0.0,
        0.0,
        1.0
      ]
    ],
    "location": [
      13.742273854531732,
      11.45794490350363,
      0.9468992349736212
    ],
    "rotation": [
      0.007719689334966872,
      0.025544858898343115,
      1.6889100834875554
    ]
  },
  {
    "label_id": "Nak0dxS0z_HTkFDSugyx-A",
    "size": [
      2.100041177640915,
      4.807886825693142,
      1.6400000000000077
    ],
    "obj_class": "vehicle",
    "point_num_in_lidar": 5889,
    "speed": 0.10643315899173386,
    "if_vehicle": true,
    "motion_state": false,
    "pose": [
      [
        -0.9999549765020144,
        0.008268380243822572,
        0.004656055948883306,
        22.65840253425074
      ],
      [
        -0.00814328968262706,
        -0.9996216355482007,
        0.026273038976959588,
        6.391656901722627
      ],
      [
        0.004871529739248933,
        0.02623394046047186,
        0.999643960901038,
        0.6748450867828595
      ],
      [
        0.0,
        0.0,
        0.0,
        1.0
      ]
    ],
    "location": [
      22.65840253425074,
      6.391656901722627,
      0.6748450867828595
    ],
    "rotation": [
      0.026237261913640297,
      -0.0048715490078179114,
      -3.133449177270866
    ]
  },
  {
    "label_id": "WOwXv4MAPHlH-OoxpKqiYA",
    "size": [
      2.106167692583201,
      4.360908837257696,
      1.7100000000000009
    ],
    "obj_class": "vehicle",
    "point_num_in_lidar": 2496,
    "speed": 0.00729873882757094,
    "if_vehicle": true,
    "motion_state": false,
    "pose": [
      [
        -0.06960533658612332,
        -0.9975637414530127,
        0.004656055948883306,
        16.562825304210833
      ],
      [
        0.9972387034856773,
        -0.06946002946386122,
        0.026273038976959588,
        12.065515355243178
      ],
      [
        -0.02588562127780182,
        0.006471942918952773,
        0.999643960901038,
        1.0372327334613516
      ],
      [
        0.0,
        0.0,
        0.0,
        1.0
      ]
    ],
    "location": [
      16.562825304210833,
      12.065515355243178,
      1.0372327334613516
    ],
    "rotation": [
      0.006474157548703882,
      0.02588851299297215,
      1.6404813799920095
    ]
  },
  {
    "label_id": "dmdfIg477T778MUkl1T6NQ",
    "size": [
      2.090874685896403,
      5.012557103587124,
      1.7800000000000011
    ],
    "obj_class": "vehicle",
    "point_num_in_lidar": 406,
    "speed": 0.0038140898858882374,
    "if_vehicle": true,
    "motion_state": false,
    "pose": [
      [
        -0.9757012921439692,
        0.21905549445651773,
        0.004656055948883306,
        -5.399676385764451
      ],
      [
        -0.21886289052383262,
        -0.9754018467147106,
        0.026273038976959588,
        2.477722051251476
      ],
      [
        0.010296779114921037,
        0.02461560021495505,
        0.999643960901038,
        0.9269497323450011
      ],
      [
        0.0,
        0.0,
        0.0,
        1.0
      ]
    ],
    "location": [
      -5.399676385764451,
      2.477722051251476,
      0.9269497323450011
    ],
    "rotation": [
      0.02461939218968941,
      -0.010296961073970793,
      -2.9209318071168493
    ]
  },
  {
    "label_id": "kTHAHUaBCtWC10R_8Eb9VQ",
    "size": [
      2.419499461911616,
      5.656335587001618,
      1.9500000000000028
    ],
    "obj_class": "vehicle",
    "point_num_in_lidar": 99,
    "speed": 0.012141801100523425,
    "if_vehicle": true,
    "motion_state": false,
    "pose": [
      [
        -0.13700403810162104,
        -0.9905595462600167,
        0.004656055948883306,
        -27.81241846792682
      ],
      [
        0.9902450952447891,
        -0.13683705187760276,
        0.026273038976959588,
        5.1544706988277085
      ],
      [
        -0.02538788859846646,
        0.008210148999611764,
        0.999643960901038,
        1.1763098486535668
      ],
      [
        0.0,
        0.0,
        0.0,
        1.0
      ]
    ],
    "location": [
      -27.81241846792682,
      5.1544706988277085,
      1.1763098486535668
    ],
    "rotation": [
      0.00821288851248256,
      0.02539061666210236,
      1.7082772173833243
    ]
  },
  {
    "label_id": "lOV2iLsg_vbFC67W5CPwHg",
    "size": [
      0.7375888567064101,
      0.1259369369053941,
      0.5499999999999972
    ],
    "obj_class": "sign",
    "point_num_in_lidar": 53,
    "speed": 0.028254917507498353,
    "if_vehicle": false,
    "motion_state": false,
    "pose": [
      [
        -0.9806676447561056,
        0.19562538606099505,
        0.004656055948883306,
        -2.984226302626439
      ],
      [
        -0.19544000885403487,
        -0.980363672502225,
        0.026273038976959588,
        -9.971641195674238
      ],
      [
        0.00970430150228636,
        0.024855139638245687,
        0.999643960901038,
        2.533593243330614
      ],
      [
        0.0,
        0.0,
        0.0,
        1.0
      ]
    ],
    "location": [
      -2.984226302626439,
      -9.971641195674238,
      2.533593243330614
    ],
    "rotation": [
      0.024858870301287646,
      -0.009704453823362115,
      -2.94487717822155
    ]
  },
  {
    "label_id": "ldcifM1nCV7AMQi_6AXNGQ",
    "size": [
      2.140849813682528,
      4.547641799194267,
      1.6600000000000037
    ],
    "obj_class": "vehicle",
    "point_num_in_lidar": 291,
    "speed": 0.004263299302736399,
    "if_vehicle": true,
    "motion_state": false,
    "pose": [
      [
        0.9726851700872168,
        -0.23208162580308456,
        0.004656055948883306,
        -3.0381597790355954
      ],
      [
        0.2318850353219559,
        0.9723883266558944,
        0.026273038976959588,
        -7.0952627069063965
      ],
      [
        -0.010624984053511453,
        -0.024475725687844205,
        0.999643960901038,
        0.8508061620907341
      ],
      [
        0.0,
        0.0,
        0.0,
        1.0
      ]
    ],
    "location": [
      -3.0381597790355954,
      -7.0952627069063965,
      0.8508061620907341
    ],
    "rotation": [
      -0.02447955215645586,
      0.010625183973249335,
      0.23402854843621054
    ]
  },
  {
    "label_id": "phUEcRmWiiYy-t1vIW9zjw",
    "size": [
      2.3404631418365116,
      5.012024443549109,
      2.010000000000005
    ],
    "obj_class": "vehicle",
    "point_num_in_lidar": 5438,
    "speed": 0.07029317721626421,
    "if_vehicle": true,
    "motion_state": false,
    "pose": [
      [
        0.059454111984410946,
        -0.9982201809776969,
        0.004656055948883306,
        28.97561893182558
      ],
      [
        0.9978791354964042,
        0.059556346125868,
        0.026273038976959588,
        11.64102013437082
      ],
      [
        -0.026503575402087788,
        0.0030841408835876145,
        0.999643960901038,
        1.0519552939407575
      ],
      [
        0.0,
        0.0,
        0.0,
        1.0
      ]
    ],
    "location": [
      28.97561893182558,
      11.64102013437082,
      1.0519552939407575
    ],
    "rotation": [
      0.0030852295603237463,
      0.026506679243054266,
      1.5112862031613672
    ]
  },
  {
    "label_id": "uS2LW2-8jVhW_knJOu-LDw",
    "size": [
      0.7982140781646813,
      1.951190244896045,
      1.5799999999999983
    ],
    "obj_class": "cyclist",
    "point_num_in_lidar": 1066,
    "speed": 4.971705140222049,
    "if_vehicle": false,
    "motion_state": true,
    "pose": [
      [
        0.9991206533502753,
        0.041668227607130515,
        0.004656055948883306,
        25.391723359282878
      ],
      [
        -0.04177651892615438,
        0.9987814825522787,
        0.026273038976959588,
        -2.1079568623499654
      ],
      [
        -0.003555631495449062,
        -0.026444449677626873,
        0.999643960901038,
        0.7682452796293049
      ],
      [
        0.0,
        0.0,
        0.0,
        1.0
      ]
    ],
    "location": [
      25.391723359282878,
      -2.1079568623499654,
      0.7682452796293049
    ],
    "rotation": [
      -0.02644770001011075,
      0.0035556389875126345,
      -0.04178894472995578
    ]
  },
  {
    "label_id": "ztrl-FqRdvMBhbRINdJDoQ",
    "size": [
      2.0275622197680097,
      4.496196136969282,
      1.6000000000000014
    ],
    "obj_class": "vehicle",
    "point_num_in_lidar": 33,
    "speed": 0.013381329285959382,
    "if_vehicle": true,
    "motion_state": false,
    "pose": [
      [
        -0.12270312008973364,
        -0.992432499197424,
        0.004656055948883306,
        -24.966400113171176
      ],
      [
        0.9921156724764234,
        -0.1225406865068463,
        0.026273038976959588,
        5.060790145670353
      ],
      [
        -0.025503661441024894,
        0.007843129935526338,
        0.999643960901038,
        0.9717251625894789
      ],
      [
        0.0,
        0.0,
        0.0,
        1.0
      ]
    ],
    "location": [
      -24.966400113171176,
      5.060790145670353,
      0.9717251625894789
    ],
    "rotation": [
      0.007845762402505823,
      0.025506427003668945,
      1.6938496849406717
    ]
  }
]