[
  {
    "label_id": "4J3R5PZfWXv99BiF4fnPyQ",
    "size": [
      1.8780553812458332,
      4.327234173477959,
      1.5100000000000051
    ],
    "obj_class": "vehicle",
    "point_num_in_lidar": 127,
    "speed": 2.6391322382166827e-29,
    "if_vehicle": true,
    "motion_state": false,
    "pose": [
      [
        -0.760422229186234,
        0.649238342541335,
        0.015735562704231244,
        -74.07012557245207
      ],
      [
        -0.6489830748279436,
        -0.7605747462521518,
        0.01862857885998582,
        -29.598874355742964
      ],
      [
        0.024062459273863246,
        0.003953471595342067,
        0.9997026398464889,
        1.0217732426964616
      ],
      [
        0.0,
        0.0,
        0.0,
        1.0
      ]
    ],
    "location": [
      -74.07012557245207,
      -29.598874355742964,
      1.0217732426964616
    ],
    "rotation": [
      0.0039546269342476325,
      -0.02406478191420554,
      -2.4350985429814833
    ]
  },
  {
    "label_id": "4t1GH0JW-BxqG0_PtXOSfQ",
    "size": [
      2.112477664203103,
      4.533317026385355,
      1.480000000000004
    ],
    "obj_class": "vehicle",
    "point_num_in_lidar": 1492,
    "speed": 0.03997421997053334,
    "if_vehicle": true,
    "motion_state": false,
    "pose": [
      [
        0.512281222017385,
        -0.8586735943504703,
        0.015735562704231244,
        -72.00873150965617
      ],
      [
        0.8584806600665699,
        0.5125074949123416,
        0.01862857885998582,
        20.333235443349395
      ],
      [
        -0.024060462589926834,
        0.0039656051140065755,
        0.9997026398464889,
        1.0701194647663428
      ],
      [
        0.0,
        0.0,
        0.0,
        1.0
      ]
    ],
    "location": [
      -72.00873150965617,
      20.333235443349395,
      1.0701194647663428
    ],
    "rotation": [
      0.0039667638716147265,
      0.024062784652024053,
      1.0327846577705586
    ]
  },
  {
    "label_id": "5PcXcrPYu-JattLio83tAQ",
    "size": [
      2.3136901947642823,
      4.721240442604016,
      1.6000000000000014
    ],
    "obj_class": "vehicle",
    "point_num_in_lidar": 390,
    "speed": 1.0658141036401503e-13,
    "if_vehicle": true,
    "motion_state": false,
    "pose": [
      [
        -0.6044227622889596,
        0.7965083279497868,
        0.015735562704231244,
        -68.12785944415509
      ],
      [
        -0.7962914710448854,
        -0.6046262227118748,
        0.01862857885998582,
        -19.801747400706518
      ],
      [
        0.024351952039953238,
        -0.001270557281400983,
        0.9997026398464889,
        0.99465418504262
      ],
      [
        0.0,
        0.0,
        0.0,
        1.0
      ]
    ],
    "location": [
      -68.12785944415509,
      -19.801747400706518,
      0.99465418504262
    ],
    "rotation": [
      -0.00127093452258603,
      -0.024354359538365,
      -2.2200625043645825
    ]
  },
  {
    "label_id": "DdkZD33RUI10n19fb0ZSHQ",
    "size": [
      1.92269057972548,
      4.441115979024045,
      1.5899999999999963
    ],
    "obj_class": "vehicle",
    "point_num_in_lidar": 60,
    "speed": 1.2589396887331295e-28,
    "if_vehicle": true,
    "motion_state": false,
    "pose": [
      [
        0.8125450569347366,
        -0.582685955311527,
        0.015735562704231244,
        -71.31206186910367
      ],
      [
        0.5824187169375887,
        0.8126754667211447,
        0.01862857885998582,
        -39.96006989089733
      ],
      [
        -0.023642517033907916,
        -0.005971873429911074,
        0.9997026398464889,
        1.0446541850427238
      ],
      [
        0.0,
        0.0,
        0.0,
        1.0
      ]
    ],
    "location": [
      -71.31206186910367,
      -39.96006989089733,
      1.0446541850427238
    ],
    "rotation": [
      -0.005973578701289541,
      0.023644720158938485,
      0.6219013314845097
    ]
  },
  {
    "label_id": "GiYwKXe8Hcx36ANEAv2o8Q",
    "size": [
      1.8965675352619455,
      3.974460954772338,
      1.7900000000000063
    ],
    "obj_class": "vehicle",
    "point_num_in_lidar": 45,
    "speed": 0.025910789291514944,
    "if_vehicle": true,
    "motion_state": false,
    "pose": [
      [
        -0.5823002866061588,
        0.8128214861116593,
        0.015735562704231244,
        -110.99445037300734
      ],
      [
        -0.8126103037831928,
        -0.582509631023423,
        0.01862857885998582,
        19.90310264044524
      ],
      [
        0.024307825977909592,
        -0.0019394535800496535,
        0.9997026398464889,
        1.301825257227783
      ],
      [
        0.0,
        0.0,
        0.0,
        1.0
      ]
    ],
    "location": [
      -110.99445037300734,
      19.90310264044524,
      1.301825257227783
    ],
    "rotation": [
      -0.0019400280339035361,
      -0.024310220410449,
      -2.1925633500964348
    ]
  },
  {
    "label_id": "OSaPG2xhT_stMhQXSVjK5w",
    "size": [
      1.0657976571161305,
      0.13099247266721678,
      1.0300000000000011
    ],
    "obj_class": "sign",
    "point_num_in_lidar": 30,
    "speed": 0.01964805912724835,
    "if_vehicle": false,
    "motion_state": false,
    "pose": [
      [
        -0.8978981373501617,
        -0.4399219555892745,
        0.015735562704231244,
        -118.97506675958198
      ],
      [
        0.44016333019388015,
        -0.8977244670845786,
        0.01862857885998582,
        28.491599118627164
      ],
      [
        0.005931078800997984,
        0.023652783942230905,
        0.9997026398464889,
        3.9203815470265795
      ],
      [
        0.0,
        0.0,
        0.0,
        1.0
      ]
    ],
    "location": [
      -118.97506675958198,
      28.491599118627164,
      3.9203815470265795
    ],
    "rotation": [
      0.023655406091774453,
      -0.005931113575162709,
      2.6858034670822852
    ]
  },
  {
    "label_id": "OU8HYLZX7vEJlpW4hKtPWg",
    "size": [
      1.945807942211478,
      4.4349678725445845,
      1.8200000000000074
    ],
    "obj_class": "vehicle",
    "point_num_in_lidar": 36,
    "speed": 1.0658141036401503e-13,
    "if_vehicle": true,
    "motion_state": false,
    "pose": [
      [
        -0.5823002866060903,
        0.8128214861117085,
        0.015735562704231244,
        -108.80615835878598
      ],
      [
        -0.812610303783242,
        -0.5825096310233545,
        0.01862857885998582,
        18.424910188231934
      ],
      [
        0.02430782597790943,
        -0.001939453580051704,
        0.9997026398464889,
        1.4421577818704776
      ],
      [
        0.0,
        0.0,
        0.0,
        1.0
      ]
    ],
    "location": [
      -108.80615835878598,
      18.424910188231934,
      1.4421577818704776
    ],
    "rotation": [
      -0.0019400280339055872,
      -0.02431022041044884,
      -2.1925633500963504
    ]
  },
  {
    "label_id": "TgST6r2jzZsmcynpfzb9uw",
    "size": [
      2.166115371328965,
      4.8409712348907865,
      1.5500000000000043
    ],
    "obj_class": "vehicle",
    "point_num_in_lidar": 1355,
    "speed": 0.009212408599061547,
    "if_vehicle": true,
    "motion_state": false,
    "pose": [
      [
        -0.6044227622889866,
        0.7965083279497663,
        0.015735562704231244,
        -82.60612330887716
      ],
      [
        -0.7962914710448651,
        -0.6046262227119018,
        0.01862857885998582,
        -0.2854602451448045
      ],
      [
        0.024351952039953283,
        -0.0012705572814001621,
        0.9997026398464889,
        1.147861828189292
      ],
      [
        0.0,
        0.0,
        0.0,
        1.0
      ]
    ],
    "location": [
      -82.60612330887716,
      -0.2854602451448045,
      1.147861828189292
    ],
    "rotation": [
      -0.0012709345225852089,
      -0.024354359538365046,
      -2.2200625043646163
    ]
  },
  {
    "label_id": "Z2dtEUaK2GDXHzv6qEvFTQ",
    "size": [
      2.276632515217945,
      4.881560637125484,
      1.8900000000000077
    ],
    "obj_class": "vehicle",
    "point_num_in_lidar": 147,
    "speed": 0.012829601785538894,
    "if_vehicle": true,
    "motion_state": false,
    "pose": [
      [
        -0.5540153409375153,
        0.8323577320312883,
        0.015735562704231244,
        -95.440637809171
      ],
      [
        -0.8321538707432048,
        -0.5542318210431073,
        0.01862857885998582,
        9.431389130455273
      ],
      [
        0.02422679122356788,
        -0.0027738909443520074,
        0.9997026398464889,
        1.2468252572278402
      ],
      [
        0.0,
        0.0,
        0.0,
        1.0
      ]
    ],
    "location": [
      -95.440637809171,
      9.431389130455273,
      1.2468252572278402
    ],
    "rotation": [
      -0.0027747089134791867,
      -0.02422916178476588,
      -2.1581714582347464
    ]
  },
  {
    "label_id": "eb4Ee949_lJiQx6ImtmcWg",
    "size": [
      0.7140601118473273,
      1.574298192806395,
      1.6000000000000014
    ],
    "obj_class": "cyclist",
    "point_num_in_lidar": 23,
    "speed": 4.424870784100934,
    "if_vehicle": false,
    "motion_state": true,
    "pose": [
      [
        0.9666460412416371,
        0.25563220262371567,
        0.015735562704231244,
        -136.52801319230048
      ],
      [
        -0.2559029054680934,
        0.9665229842185055,
        0.01862857885998582,
        36.78355830123269
      ],
      [
        -0.010446718377523236,
        -0.022034018224151086,
        0.9997026398464889,
        1.3653482319640418
      ],
      [
        0.0,
        0.0,
        0.0,
        1.0
      ]
    ],
    "location": [
      -136.52801319230048,
      36.78355830123269,
      1.3653482319640418
    ],
    "rotation": [
      -0.022037004245471982,
      0.01044690840208528,
      -0.2587960394639952
    ]
  },
  {
    "label_id": "oAK8Wb2FSraMOewPK4CSdw",
    "size": [
      2.121920059222658,
      4.675831309369306,
      1.5700000000000074
    ],
    "obj_class": "vehicle",
    "point_num_in_lidar": 132,
    "speed": 0.015248610902580735,
    "if_vehicle": true,
    "motion_state": false,
    "pose": [
      [
        -0.5540153409373688,
        0.8323577320313857,
        0.015735562704231244,
        -97.63084723006
      ],
      [
        -0.8321538707433023,
        -0.554231821042961,
        0.01862857885998582,
        11.208588455464906
      ],
      [
        0.024226791223567395,
        -0.0027738909443562683,
        0.9997026398464889,
        1.1032673009684757
      ],
      [
        0.0,
        0.0,
        0.0,
        1.0
      ]
    ],
    "location": [
      -97.63084723006,
      11.208588455464906,
      1.1032673009684757
    ],
    "rotation": [
      -0.0027747089134834485,
      -0.024229161784765394,
      -2.15817145823457
    ]
  },
  {
    "label_id": "xe_MVa2jIUTbr38huJMsLA",
    "size": [
      2.0283391660405155,
      4.865773762799213,
      1.6600000000000037
    ],
    "obj_class": "vehicle",
    "point_num_in_lidar": 34,
    "speed": 0.11786128509666442,
    "if_vehicle": true,
    "motion_state": false,
    "pose": [
      [
        0.5690314054116196,
        0.8221652216687705,
        0.015735562704231244,
        -75.18686204795608
      ],
      [
        -0.822291149146574,
        0.5687620258815318,
        0.01862857885998582,
        -49.19252012367588
      ],
      [
        0.006365979145749974,
        -0.023539460348049192,
        0.9997026398464889,
        1.3128618281893054
      ],
      [
        0.0,
        0.0,
        0.0,
        1.0
      ]
    ],
    "location": [
      -75.18686204795608,
      -49.19252012367588,
      1.3128618281893054
    ],
    "rotation": [
      -0.023542111906894623,
      -0.006366022144150869,
      -0.9654548165763835
    ]
  }
]