[
  {
    "label_id": "2jkagQ7baLoGmtYArPXEZw",
    "size": [
      0.8099197000991983,
      0.09113956112409018,
      0.8099999999999952
    ],
    "obj_class": "sign",
    "point_num_in_lidar": 59,
    "speed": 0.0030573218103475525,
    "if_vehicle": false,
    "motion_state": false,
    "pose": [
      [
        -0.5336472352979876,
        0.845706397215722,
        0.0011480275332826926,
        -50.43757137162902
      ],
      [
        -0.8456831712639098,
        -0.5336418240977475,
        0.006810096522439805,
        -14.329241511832379
      ],
      [
        0.006371977701659299,
        0.0026633216162676512,
        0.9999761520247059,
        2.802909584069269
      ],
      [
        0.0,
        0.0,
        0.0,
        1.0
      ]
    ],
    "location": [
      -50.43757137162902,
      -14.329241511832379,
      2.802909584069269
    ],
    "rotation": [
      0.0026633788349562913,
      -0.0063720208217262755,
      -2.1337165094235266
    ]
  },
  {
    "label_id": "5PcXcrPYu-JattLio83tAQ",
    "size": [
      2.3136901947642823,
      4.721240442604016,
      1.6000000000000014
    ],
    "obj_class": "vehicle",
    "point_num_in_lidar": 141,
    "speed": 1.0658141036401503e-13,
    "if_vehicle": true,
    "motion_state": false,
    "pose": [
      [
        -0.6044972077696504,
        0.7966064322056899,
        0.0011480275332826926,
        -68.12785944415509
      ],
      [
        -0.7965837585594957,
        -0.604489816444067,
        0.006810096522439805,
        -19.801747400706745
      ],
      [
        0.00611893764658394,
        0.003202184245064555,
        0.9999761520247059,
        0.99465418504262
      ],
      [
        0.0,
        0.0,
        0.0,
        1.0
      ]
    ],
    "location": [
      -68.12785944415509,
      -19.801747400706745,
      0.99465418504262
    ],
    "rotation": [
      0.003202249666732177,
      -0.006118975830823843,
      -2.21994508241929
    ]
  },
  {
    "label_id": "6_d919_pVLmz2ub8CYnOfg",
    "size": [
      2.0179148775347064,
      4.378968142903507,
      1.480000000000004
    ],
    "obj_class": "vehicle",
    "point_num_in_lidar": 1869,
    "speed": 0.04673687920977175,
    "if_vehicle": true,
    "motion_state": false,
    "pose": [
      [
        0.9992839967858912,
        -0.03781766518966512,
        0.0011480275332826926,
        -32.28082075992393
      ],
      [
        0.037809000565471984,
        0.9992617785453395,
        0.006810096522439805,
        -10.655390280589472
      ],
      [
        -0.0014047219849220136,
        -0.006761814697786284,
        0.9999761520247059,
        0.7678769716626093
      ],
      [
        0.0,
        0.0,
        0.0,
        1.0
      ]
    ],
    "location": [
      -32.28082075992393,
      -10.655390280589472,
      0.7678769716626093
    ],
    "rotation": [
      -0.006761872897800997,
      0.001404722446898928,
      0.03781805181884252
    ]
  },
  {
    "label_id": "7nXsiQpTR-g5s4tMuRi2Dg",
    "size": [
      1.0548164278456145,
      0.08896760708081115,
      1.0600000000000023
    ],
    "obj_class": "sign",
    "point_num_in_lidar": 33,
    "speed": 0.0013763228804027576,
    "if_vehicle": false,
    "motion_state": false,
    "pose": [
      [
        0.5131764546390518,
        -0.8582823593881419,
        0.0011480275332826926,
        -65.9058944633639
      ],
      [
        0.8582590101438512,
        0.5131716029675175,
        0.006810096522439805,
        -10.376252817071418
      ],
      [
        -0.006434120840446141,
        -0.002509476214802305,
        0.9999761520247059,
        2.988446718770035
      ],
      [
        0.0,
        0.0,
        0.0,
        1.0
      ]
    ],
    "location": [
      -65.9058944633639,
      -10.376252817071418,
      2.988446718770035
    ],
    "rotation": [
      -0.0025095307940148693,
      0.006434165234466807,
      1.031902296973126
    ]
  },
  {
    "label_id": "A71afLTioKyl3tkWQv2IOg",
    "size": [
      0.836070875906635,
      0.9530676049360316,
      1.9099999999999966
    ],
    "obj_class": "pedestrian",
    "point_num_in_lidar": 61,
    "speed": 1.5094948854712251,
    "if_vehicle": false,
    "motion_state": true,
    "pose": [
      [
        0.9386218053466098,
        0.34494606616202117,
        0.0011480275332826926,
        -57.78156675201012
      ],
      [
        -0.3449456328364352,
        0.9385979613084753,
        0.006810096522439805,
        7.45363853281674
      ],
      [
        0.0012715797033341384,
        -0.006788112176458969,
        0.9999761520247059,
        1.1601051365536676
      ],
      [
        0.0,
        0.0,
        0.0,
        1.0
      ]
    ],
    "location": [
      -57.78156675201012,
      7.45363853281674,
      1.1601051365536676
    ],
    "rotation": [
      -0.006788169796540113,
      -0.0012715800460070916,
      -0.3521811593120231
    ]
  },
  {
    "label_id": "NLquV6ez3e_wjwo8hlQrSg",
    "size": [
      1.8116526750880912,
      3.9252593428567555,
      1.5600000000000023
    ],
    "obj_class": "vehicle",
    "point_num_in_lidar": 52,
    "speed": 0.015054593681628101,
    "if_vehicle": true,
    "motion_state": false,
    "pose": [
      [
        0.9011368992382738,
        -0.43353312545180644,
        0.0011480275332826926,
        -38.86362263709407
      ],
      [
        0.4335163126758679,
        0.9011199860336435,
        0.006810096522439805,
        12.968715647298495
      ],
      [
        -0.0039869129847597455,
        -0.0056391406006656725,
        0.9999761520247059,
        1.303450288681539
      ],
      [
        0.0,
        0.0,
        0.0,
        1.0
      ]
    ],
    "location": [
      -38.86362263709407,
      12.968715647298495,
      1.303450288681539
    ],
    "rotation": [
      -0.00563921530810747,
      0.003986923547148009,
      0.4483950014418514
    ]
  },
  {
    "label_id": "TgST6r2jzZsmcynpfzb9uw",
    "size": [
      2.1661153713289645,
      4.8409712348907865,
      1.5500000000000043
    ],
    "obj_class": "vehicle",
    "point_num_in_lidar": 78,
    "speed": 0.011531618494363162,
    "if_vehicle": true,
    "motion_state": false,
    "pose": [
      [
        -0.6044972077696749,
        0.7966064322056714,
        0.0011480275332826926,
        -82.64889078681495
      ],
      [
        -0.7965837585594772,
        -0.6044898164440914,
        0.006810096522439805,
        -0.31075667147615604
      ],
      [
        0.006118937646583842,
        0.0032021842450647427,
        0.9999761520247059,
        1.147861828189292
      ],
      [
        0.0,
        0.0,
        0.0,
        1.0
      ]
    ],
    "location": [
      -82.64889078681495,
      -0.31075667147615604,
      1.147861828189292
    ],
    "rotation": [
      0.003202249666732365,
      -0.006118975830823745,
      -2.2199450824193208
    ]
  },
  {
    "label_id": "erenwQ_eQmuBXO2n9nq_ng",
    "size": [
      0.6222674849493309,
      0.081554636983762,
      0.5499999999999972
    ],
    "obj_class": "sign",
    "point_num_in_lidar": 34,
    "speed": 0.058409417108285434,
    "if_vehicle": false,
    "motion_state": false,
    "pose": [
      [
        0.9275912555831478,
        0.37359489369966215,
        0.0011480275332826926,
        -53.95870128054776
      ],
      [
        -0.373593728675991,
        0.9275674360817787,
        0.006810096522439805,
        6.586075433454425
      ],
      [
        0.0014793443307870215,
        -0.006745881870674149,
        0.9999761520247059,
        2.623986153691156
      ],
      [
        0.0,
        0.0,
        0.0,
        1.0
      ]
    ],
    "location": [
      -53.95870128054776,
      6.586075433454425,
      2.623986153691156
    ],
    "rotation": [
      -0.006745940417500726,
      -0.0014793448703684488,
      -0.38288070708667615
    ]
  },
  {
    "label_id": "kTHAHUaBCtWC10R_8Eb9VQ",
    "size": [
      2.419499461911613,
      5.656335587001618,
      1.9500000000000028
    ],
    "obj_class": "vehicle",
    "point_num_in_lidar": 5365,
    "speed": 0.023358851593651933,
    "if_vehicle": true,
    "motion_state": false,
    "pose": [
      [
        -0.1370054328868186,
        -0.990569630764177,
        0.0011480275332826926,
        -27.85300307344005
      ],
      [
        0.9905483843272972,
        -0.13699460168903008,
        0.006810096522439805,
        5.140886659087528
      ],
      [
        -0.006588601223051502,
        0.002070197040314307,
        0.9999761520247059,
        1.1191637029121893
      ],
      [
        0.0,
        0.0,
        0.0,
        1.0
      ]
    ],
    "location": [
      -27.85300307344005,
      5.140886659087528,
      1.1191637029121893
    ],
    "rotation": [
      0.0020702434538702125,
      0.00658864889214586,
      1.7082370329091368
    ]
  },
  {
    "label_id": "oBR4hESXDLTvTu3yzAraUQ",
    "size": [
      0.5494718476826667,
      0.5670563792509963,
      1.259999999999998
    ],
    "obj_class": "pedestrian",
    "point_num_in_lidar": 39,
    "speed": 1.515747657208787,
    "if_vehicle": false,
    "motion_state": true,
    "pose": [
      [
        0.9254739135555166,
        0.37880960568736743,
        0.0011480275332826926,
        -58.12355233281596
      ],
      [
        -0.37880830662225895,
        0.9254501009883415,
        0.006810096522439805,
        6.941067492343109
      ],
      [
        0.0015172877817444706,
        -0.006737449046151726,
        0.9999761520247059,
        0.9340386855295861
      ],
      [
        0.0,
        0.0,
        0.0,
        1.0
      ]
    ],
    "location": [
      -58.12355233281596,
      6.941067492343109,
      0.9340386855295861
    ],
    "rotation": [
      -0.006737507775150089,
      -0.00151728836391884,
      -0.38850877204241907
    ]
  },
  {
    "label_id": "ztrl-FqRdvMBhbRINdJDoQ",
    "size": [
      2.0275622197680114,
      4.496196136969282,
      1.6000000000000014
    ],
    "obj_class": "vehicle",
    "point_num_in_lidar": 2518,
    "speed": 0.003411510206578582,
    "if_vehicle": true,
    "motion_state": false,
    "pose": [
      [
        -0.12270436928280765,
        -0.9924426027693949,
        0.0011480275332826926,
        -24.98563917149977
      ],
      [
        0.9924212023259723,
        -0.12269384564527387,
        0.006810096522439805,
        5.007995865344583
      ],
      [
        -0.006617774004875854,
        0.0019749554634247483,
        0.9999761520247059,
        0.9717251625894789
      ],
      [
        0.0,
        0.0,
        0.0,
        1.0
      ]
    ],
    "location": [
      -24.98563917149977,
      5.007995865344583,
      0.9717251625894789
    ],
    "rotation": [
      0.0019749999953216353,
      0.006617822309989126,
      1.6938134222298402
    ]
  }
]