[
  {
    "label_id": "4t1GH0JW-BxqG0_PtXOSfQ",
    "size": [
      2.112477664203103,
      4.533317026385355,
      1.480000000000004
    ],
    "obj_class": "vehicle",
    "point_num_in_lidar": 2353,
    "speed": 0.042290464533934105,
    "if_vehicle": true,
    "motion_state": false,
    "pose": [
      [
        0.5123094298370661,
        -0.8587208756266005,
        0.011726289400526547,
        -72.00104761041598
      ],
      [
        0.858512716661529,
        0.5124434739141551,
        0.018910350954810716,
        20.34235394900793
      ],
      [
        -0.02224777360684994,
        0.00037921745392744034,
        0.9997524157328459,
        1.0586947215561509
      ],
      [
        0.0,
        0.0,
        0.0,
        1.0
      ]
    ],
    "location": [
      -72.00104761041598,
      20.34235394900793,
      1.0586947215561509
    ],
    "rotation": [
      0.0003793113472624731,
      0.02224960932147866,
      1.032776859707482
    ]
  },
  {
    "label_id": "GiYwKXe8Hcx36ANEAv2o8Q",
    "size": [
      1.8965675352619364,
      3.974460954772338,
      1.7900000000000063
    ],
    "obj_class": "vehicle",
    "point_num_in_lidar": 62,
    "speed": 0.0259631395709539,
    "if_vehicle": true,
    "motion_state": false,
    "pose": [
      [
        -0.5823323498963574,
        0.812866242626105,
        0.011726289400526547,
        -110.98956252851985
      ],
      [
        -0.8126476023647723,
        -0.5824485153192108,
        0.018910350954810716,
        19.909179176827138
      ],
      [
        0.022201545778918048,
        0.001482768142906409,
        0.9997524157328459,
        1.301825257227783
      ],
      [
        0.0,
        0.0,
        0.0,
        1.0
      ]
    ],
    "location": [
      -110.98956252851985,
      19.909179176827138,
      1.301825257227783
    ],
    "rotation": [
      0.0014831342564055002,
      -0.022203370072528917,
      -2.1925676884325833
    ]
  },
  {
    "label_id": "OSaPG2xhT_stMhQXSVjK5w",
    "size": [
      1.0657976571161298,
      0.13099247266721678,
      1.0300000000000011
    ],
    "obj_class": "sign",
    "point_num_in_lidar": 36,
    "speed": 0.015056344544081928,
    "if_vehicle": false,
    "motion_state": false,
    "pose": [
      [
        -0.8979475784533304,
        -0.43994617907954975,
        0.011726289400526547,
        -118.97244172158003
      ],
      [
        0.4400968895321435,
        -0.8977511495124348,
        0.018910350954810716,
        28.496884752497408
      ],
      [
        0.0022077531412158986,
        0.022141207338500384,
        0.9997524157328459,
        3.896079846562351
      ],
      [
        0.0,
        0.0,
        0.0,
        1.0
      ]
    ],
    "location": [
      -118.97244172158003,
      28.496884752497408,
      3.896079846562351
    ],
    "rotation": [
      0.022143070769827054,
      -0.0022077549347153005,
      2.685884887819948
    ]
  },
  {
    "label_id": "OU8HYLZX7vEJlpW4hKtPWg",
    "size": [
      1.9458079422114714,
      4.4349678725445845,
      1.8200000000000074
    ],
    "obj_class": "vehicle",
    "point_num_in_lidar": 49,
    "speed": 1.0658141036401503e-13,
    "if_vehicle": true,
    "motion_state": false,
    "pose": [
      [
        -0.582332349896288,
        0.8128662426261546,
        0.011726289400526547,
        -108.80615835878552
      ],
      [
        -0.8126476023648219,
        -0.5824485153191415,
        0.018910350954810716,
        18.424910188231706
      ],
      [
        0.022201545778918176,
        0.0014827681429045157,
        0.9997524157328459,
        1.441451017323871
      ],
      [
        0.0,
        0.0,
        0.0,
        1.0
      ]
    ],
    "location": [
      -108.80615835878552,
      18.424910188231706,
      1.441451017323871
    ],
    "rotation": [
      0.0014831342564036063,
      -0.022203370072529045,
      -2.192567688432498
    ]
  },
  {
    "label_id": "TgST6r2jzZsmcynpfzb9uw",
    "size": [
      2.166115371328964,
      4.8409712348907865,
      1.5500000000000043
    ],
    "obj_class": "vehicle",
    "point_num_in_lidar": 1424,
    "speed": 0.011536365036015577,
    "if_vehicle": true,
    "motion_state": false,
    "pose": [
      [
        -0.6044560437124644,
        0.7965521862102761,
        0.011726289400526547,
        -82.60377249754765
      ],
      [
        -0.7963304354561842,
        -0.6045661553485524,
        0.018910350954810716,
        -0.28811216577332743
      ],
      [
        0.022152399094438877,
        0.002092474778752567,
        0.9997524157328459,
        1.147861828189292
      ],
      [
        0.0,
        0.0,
        0.0,
        1.0
      ]
    ],
    "location": [
      -82.60377249754765,
      -0.28811216577332743,
      1.147861828189292
    ],
    "rotation": [
      0.0020929899146894613,
      -0.02215421129797037,
      -2.220065456700951
    ]
  },
  {
    "label_id": "Z2dtEUaK2GDXHzv6qEvFTQ",
    "size": [
      2.276632515217946,
      4.881560637125484,
      1.8900000000000077
    ],
    "obj_class": "vehicle",
    "point_num_in_lidar": 242,
    "speed": 0.02032809604584241,
    "if_vehicle": true,
    "motion_state": false,
    "pose": [
      [
        -0.554045846769402,
        0.8324035642730462,
        0.011726289400526547,
        -95.43637413856254
      ],
      [
        -0.8321890464238925,
        -0.5541694593162442,
        0.018910350954810716,
        9.439120727025966
      ],
      [
        0.022239394993314246,
        0.0007187118131498888,
        0.9997524157328459,
        1.2468252572278402
      ],
      [
        0.0,
        0.0,
        0.0,
        1.0
      ]
    ],
    "location": [
      -95.43637413856254,
      9.439120727025966,
      1.2468252572278402
    ],
    "rotation": [
      0.000718889675112607,
      -0.02224122863440064,
      -2.1581773591050872
    ]
  },
  {
    "label_id": "eb4Ee949_lJiQx6ImtmcWg",
    "size": [
      0.7140601118471311,
      1.574298192806395,
      1.6000000000000014
    ],
    "obj_class": "cyclist",
    "point_num_in_lidar": 23,
    "speed": 4.410171877244974,
    "if_vehicle": false,
    "motion_state": true,
    "pose": [
      [
        0.9696019764776002,
        0.24440642656776904,
        0.011726289400526547,
        -135.2866496082181
      ],
      [
        -0.24459455610681183,
        0.9694410254108693,
        0.018910350954810716,
        36.428639426379505
      ],
      [
        -0.006746134718703377,
        -0.021203700212371352,
        0.9997524157328459,
        1.3782042450232268
      ],
      [
        0.0,
        0.0,
        0.0,
        1.0
      ]
    ],
    "location": [
      -135.2866496082181,
      36.428639426379505,
      1.3782042450232268
    ],
    "rotation": [
      -0.021205772005613754,
      0.006746185889558319,
      -0.2471072659534644
    ]
  },
  {
    "label_id": "oAK8Wb2FSraMOewPK4CSdw",
    "size": [
      2.121920059222658,
      4.675831309369306,
      1.5700000000000074
    ],
    "obj_class": "vehicle",
    "point_num_in_lidar": 188,
    "speed": 0.02147362207625492,
    "if_vehicle": true,
    "motion_state": false,
    "pose": [
      [
        -0.5540458467692556,
        0.8324035642731437,
        0.011726289400526547,
        -97.62319994421432
      ],
      [
        -0.8321890464239899,
        -0.5541694593160977,
        0.018910350954810716,
        11.212885250251475
      ],
      [
        0.02223939499331437,
        0.0007187118131459779,
        0.9997524157328459,
        1.1020666111414243
      ],
      [
        0.0,
        0.0,
        0.0,
        1.0
      ]
    ],
    "location": [
      -97.62319994421432,
      11.212885250251475,
      1.1020666111414243
    ],
    "rotation": [
      0.0007188896751086951,
      -0.022241228634400766,
      -2.158177359104911
    ]
  },
  {
    "label_id": "tuVqrPVhiTTge2WX3_6o3w",
    "size": [
      2.128544110264429,
      4.5704061797248565,
      1.5300000000000011
    ],
    "obj_class": "vehicle",
    "point_num_in_lidar": 32,
    "speed": 7.687321218126828,
    "if_vehicle": true,
    "motion_state": true,
    "pose": [
      [
        0.9881845496718764,
        0.15281946841513996,
        0.011726289400526547,
        -136.30108158380585
      ],
      [
        -0.15302180230659815,
        0.9880418648243637,
        0.018910350954810716,
        40.65219214641775
      ],
      [
        -0.008696195066308513,
        -0.020481294580854098,
        0.9997524157328459,
        1.1868252572276958
      ],
      [
        0.0,
        0.0,
        0.0,
        1.0
      ]
    ],
    "location": [
      -136.30108158380585,
      40.65219214641775,
      1.1868252572276958
    ],
    "rotation": [
      -0.020483501421675068,
      0.008696304676603922,
      -0.1536312240580586
    ]
  },
  {
    "label_id": "xe_MVa2jIUTbr38huJMsLA",
    "size": [
      2.0283391660405066,
      4.865773762799213,
      1.6600000000000037
    ],
    "obj_class": "vehicle",
    "point_num_in_lidar": 20,
    "speed": 0.13687259669421672,
    "if_vehicle": true,
    "motion_state": false,
    "pose": [
      [
        0.5690627380753736,
        0.8222104926787628,
        0.011726289400526547,
        -75.19140181047942
      ],
      [
        -0.8222461786321126,
        0.5688177391323639,
        0.018910350954810716,
        -49.16410465764375
      ],
      [
        0.00887816755006392,
        -0.020403072741428042,
        0.9997524157328459,
        1.3128618281892912
      ],
      [
        0.0,
        0.0,
        0.0,
        1.0
      ]
    ],
    "location": [
      -75.19140181047942,
      -49.16410465764375,
      1.3128618281892912
    ],
    "rotation": [
      -0.020405292909183012,
      -0.00887828418647958,
      -0.9654034593045391
    ]
  }
]