[
  {
    "label_id": "4J3R5PZfWXv99BiF4fnPyQ",
    "size": [
      1.8780553812458356,
      4.327234173477959,
      1.5100000000000051
    ],
    "obj_class": "vehicle",
    "point_num_in_lidar": 81,
    "speed": 3.1669596926095527e-29,
    "if_vehicle": true,
    "motion_state": false,
    "pose": [
      [
        -0.7604505942414481,
        0.6492625602466092,
        0.013153766755066507,
        -74.0701255724523
      ],
      [
        -0.6489937423886519,
        -0.7605365161846026,
        0.01978205980579023,
        -29.59887435574319
      ],
      [
        0.02284767073906203,
        0.006506566821754997,
        0.9997177844421862,
        1.0217732426964616
      ],
      [
        0.0,
        0.0,
        0.0,
        1.0
      ]
    ],
    "location": [
      -74.0701255724523,
      -29.59887435574319,
      1.0217732426964616
    ],
    "rotation": [
      0.006508311699663683,
      -0.0228496590146608,
      -2.435108845243432
    ]
  },
  {
    "label_id": "4t1GH0JW-BxqG0_PtXOSfQ",
    "size": [
      2.1124776642031033,
      4.533317026385355,
      1.480000000000004
    ],
    "obj_class": "vehicle",
    "point_num_in_lidar": 1780,
    "speed": 0.04051987804469654,
    "if_vehicle": true,
    "motion_state": false,
    "pose": [
      [
        0.5123003309868349,
        -0.858705624350355,
        0.013153766755066507,
        -72.00616961625474
      ],
      [
        0.8584785146202217,
        0.512467862451196,
        0.01978205980579023,
        20.336275649727668
      ],
      [
        -0.023727848748617695,
        0.001157870359442652,
        0.9997177844421862,
        1.0663103343586187
      ],
      [
        0.0,
        0.0,
        0.0,
        1.0
      ]
    ],
    "location": [
      -72.00616961625474,
      20.336275649727668,
      1.0663103343586187
    ],
    "rotation": [
      0.001158196702841157,
      0.023730075818778607,
      1.0327671440183508
    ]
  },
  {
    "label_id": "DdkZD33RUI10n19fb0ZSHQ",
    "size": [
      1.922690579725485,
      4.441115979024045,
      1.5899999999999963
    ],
    "obj_class": "vehicle",
    "point_num_in_lidar": 64,
    "speed": 1.5736751737065103e-28,
    "if_vehicle": true,
    "motion_state": false,
    "pose": [
      [
        0.812575366260946,
        -0.5827076904984547,
        0.013153766755066507,
        -71.3120618691039
      ],
      [
        0.5824325756279745,
        0.81263827436148,
        0.01978205980579023,
        -39.96006989089756
      ],
      [
        -0.022216412699924984,
        -0.008413232241722923,
        0.9997177844421862,
        1.0446541850427309
      ],
      [
        0.0,
        0.0,
        0.0,
        1.0
      ]
    ],
    "location": [
      -71.3120618691039,
      -39.96006989089756,
      1.0446541850427309
    ],
    "rotation": [
      -0.00841540859416566,
      0.022218240661363717,
      0.6218949362103593
    ]
  },
  {
    "label_id": "GiYwKXe8Hcx36ANEAv2o8Q",
    "size": [
      1.8965675352619475,
      3.974460954772338,
      1.7900000000000063
    ],
    "obj_class": "vehicle",
    "point_num_in_lidar": 47,
    "speed": 0.025963139571170548,
    "if_vehicle": true,
    "motion_state": false,
    "pose": [
      [
        -0.5823220074069796,
        0.8128518057491532,
        0.013153766755066507,
        -110.9928207138787
      ],
      [
        -0.8126114804508652,
        -0.5824699579800605,
        0.01978205980579023,
        19.905128622043094
      ],
      [
        0.023741557003677433,
        0.0008306269004127244,
        0.9997177844421862,
        1.3018252572277902
      ],
      [
        0.0,
        0.0,
        0.0,
        1.0
      ]
    ],
    "location": [
      -110.9928207138787,
      19.905128622043094,
      1.3018252572277902
    ],
    "rotation": [
      0.0008308611912316205,
      -0.02374378793664819,
      -2.1925803252682563
    ]
  },
  {
    "label_id": "OSaPG2xhT_stMhQXSVjK5w",
    "size": [
      1.06579765711613,
      0.13099247266721678,
      1.0300000000000011
    ],
    "obj_class": "sign",
    "point_num_in_lidar": 31,
    "speed": 0.01964805912716741,
    "if_vehicle": false,
    "motion_state": false,
    "pose": [
      [
        -0.8979316304928683,
        -0.4399383654338098,
        0.013153766755066507,
        -118.97419154410568
      ],
      [
        0.44012400846690175,
        -0.8977190692420801,
        0.01978205980579023,
        28.493361404949837
      ],
      [
        0.0031055001925124988,
        0.023552225766599193,
        0.9997177844421862,
        3.912279102665714
      ],
      [
        0.0,
        0.0,
        0.0,
        1.0
      ]
    ],
    "location": [
      -118.97419154410568,
      28.493361404949837,
      3.912279102665714
    ],
    "rotation": [
      0.02355451734509901,
      -0.0031055051841761723,
      2.685853517562631
    ]
  },
  {
    "label_id": "OU8HYLZX7vEJlpW4hKtPWg",
    "size": [
      1.9458079422114745,
      4.4349678725445845,
      1.8200000000000074
    ],
    "obj_class": "vehicle",
    "point_num_in_lidar": 39,
    "speed": 1.0658141036401503e-13,
    "if_vehicle": true,
    "motion_state": false,
    "pose": [
      [
        -0.5823220074069132,
        0.8128518057492007,
        0.013153766755066507,
        -108.80615835878598
      ],
      [
        -0.8126114804509127,
        -0.582469957979994,
        0.01978205980579023,
        18.424910188231934
      ],
      [
        0.0237415570036775,
        0.0008306269004107845,
        0.9997177844421862,
        1.4419221390839425
      ],
      [
        0.0,
        0.0,
        0.0,
        1.0
      ]
    ],
    "location": [
      -108.80615835878598,
      18.424910188231934,
      1.4419221390839425
    ],
    "rotation": [
      0.00083086119122968,
      -0.023743787936648254,
      -2.1925803252681746
    ]
  },
  {
    "label_id": "TgST6r2jzZsmcynpfzb9uw",
    "size": [
      2.1661153713289645,
      4.8409712348907865,
      1.5500000000000043
    ],
    "obj_class": "vehicle",
    "point_num_in_lidar": 1387,
    "speed": 0.009742397365244465,
    "if_vehicle": true,
    "motion_state": false,
    "pose": [
      [
        -0.6044453082961474,
        0.7965380390784415,
        0.013153766755066507,
        -82.60512933256427
      ],
      [
        -0.7962937377841333,
        -0.6045865970029556,
        0.01978205980579023,
        -0.28487232063321244
      ],
      [
        0.02370975420685287,
        0.0014829111427111209,
        0.9997177844421862,
        1.147861828189292
      ],
      [
        0.0,
        0.0,
        0.0,
        1.0
      ]
    ],
    "location": [
      -82.60512933256427,
      -0.28487232063321244,
      1.147861828189292
    ],
    "rotation": [
      0.0014833286735413413,
      -0.02371197618503733,
      -2.2200790970727167
    ]
  },
  {
    "label_id": "VKg8HzJwHVvqUzpEpAy3Ig",
    "size": [
      2.1993896132790764,
      4.95022499096474,
      1.6500000000000057
    ],
    "obj_class": "vehicle",
    "point_num_in_lidar": 27,
    "speed": 0.03392908275613528,
    "if_vehicle": true,
    "motion_state": false,
    "pose": [
      [
        0.5690526312604398,
        0.8221958898436086,
        0.013153766755066507,
        -76.90629127033776
      ],
      [
        -0.8222541934803752,
        0.5687765039220396,
        0.01978205980579023,
        -51.50938853025764
      ],
      [
        0.0087831747966085,
        -0.022072773058652493,
        0.9997177844421862,
        1.2772418081819055
      ],
      [
        0.0,
        0.0,
        0.0,
        1.0
      ]
    ],
    "location": [
      -76.90629127033776,
      -51.50938853025764,
      1.2772418081819055
    ],
    "rotation": [
      -0.022075417437314514,
      -0.008783287728968558,
      -0.9654163315498109
    ]
  },
  {
    "label_id": "Z2dtEUaK2GDXHzv6qEvFTQ",
    "size": [
      2.276632515217941,
      4.881560637125484,
      1.8900000000000077
    ],
    "obj_class": "vehicle",
    "point_num_in_lidar": 181,
    "speed": 0.015398667221154983,
    "if_vehicle": true,
    "motion_state": false,
    "pose": [
      [
        -0.5540360066612809,
        0.8323887804043099,
        0.013153766755066507,
        -95.43921625622579
      ],
      [
        -0.832153682951243,
        -0.5541921309983769,
        0.01978205980579023,
        9.433966926652147
      ],
      [
        0.023756078664272758,
        1.4017968424437274e-05,
        0.9997177844421862,
        1.2468252572278473
      ],
      [
        0.0,
        0.0,
        0.0,
        1.0
      ]
    ],
    "location": [
      -95.43921625622579,
      9.433966926652147,
      1.2468252572278473
    ],
    "rotation": [
      1.4021925629081597e-05,
      -0.023758313694131106,
      -2.158188769301417
    ]
  },
  {
    "label_id": "eb4Ee949_lJiQx6ImtmcWg",
    "size": [
      0.7140601118471362,
      1.574298192806395,
      1.6000000000000014
    ],
    "obj_class": "cyclist",
    "point_num_in_lidar": 21,
    "speed": 4.409810756882137,
    "if_vehicle": false,
    "motion_state": true,
    "pose": [
      [
        0.9676643732296246,
        0.25189807304199685,
        0.013153766755066507,
        -136.11412942369634
      ],
      [
        -0.25212240069531217,
        0.9674931344342824,
        0.01978205980579023,
        36.66522458872737
      ],
      [
        -0.007743116281596658,
        -0.022458753755634504,
        0.9997177844421862,
        1.369634562900771
      ],
      [
        0.0,
        0.0,
        0.0,
        1.0
      ]
    ],
    "location": [
      -136.11412942369634,
      36.66522458872737,
      1.369634562900771
    ],
    "rotation": [
      -0.02246131566745571,
      0.007743193657870361,
      -0.254880694350633
    ]
  },
  {
    "label_id": "oAK8Wb2FSraMOewPK4CSdw",
    "size": [
      2.1219200592226586,
      4.675831309369306,
      1.5700000000000074
    ],
    "obj_class": "vehicle",
    "point_num_in_lidar": 147,
    "speed": 0.017352408249940002,
    "if_vehicle": true,
    "motion_state": false,
    "pose": [
      [
        -0.5540360066611338,
        0.8323887804044079,
        0.013153766755066507,
        -97.62829754395193
      ],
      [
        -0.8321536829513411,
        -0.5541921309982298,
        0.01978205980579023,
        11.21002105236198
      ],
      [
        0.023756078664272765,
        1.4017968420238191e-05,
        0.9997177844421862,
        1.102866978261325
      ],
      [
        0.0,
        0.0,
        0.0,
        1.0
      ]
    ],
    "location": [
      -97.62829754395193,
      11.21002105236198,
      1.102866978261325
    ],
    "rotation": [
      1.402192562488133e-05,
      -0.023758313694131113,
      -2.15818876930124
    ]
  },
  {
    "label_id": "tuVqrPVhiTTge2WX3_6o3w",
    "size": [
      2.1285441102641225,
      4.5704061797248565,
      1.5300000000000011
    ],
    "obj_class": "vehicle",
    "point_num_in_lidar": 23,
    "speed": 7.48571536086765,
    "if_vehicle": true,
    "motion_state": true,
    "pose": [
      [
        0.9924336223545188,
        0.12207572912107362,
        0.013153766755066507,
        -137.8115460497736
      ],
      [
        -0.12232068133269752,
        0.9922934651745645,
        0.01978205980579023,
        40.787009103863056
      ],
      [
        -0.010637487419174405,
        -0.021241358982265247,
        0.9997177844421862,
        1.18682525722771
      ],
      [
        0.0,
        0.0,
        0.0,
        1.0
      ]
    ],
    "location": [
      -137.8115460497736,
      40.787009103863056,
      1.18682525722771
    ],
    "rotation": [
      -0.021244158808674515,
      0.010637688045557302,
      -0.12263476137299356
    ]
  },
  {
    "label_id": "xe_MVa2jIUTbr38huJMsLA",
    "size": [
      2.028339166040516,
      4.865773762799213,
      1.6600000000000037
    ],
    "obj_class": "vehicle",
    "point_num_in_lidar": 23,
    "speed": 0.12418599780004459,
    "if_vehicle": true,
    "motion_state": false,
    "pose": [
      [
        0.5690526312603835,
        0.8221958898436476,
        0.013153766755066507,
        -75.18837565166928
      ],
      [
        -0.8222541934804141,
        0.5687765039219833,
        0.01978205980579023,
        -49.183046113818136
      ],
      [
        0.00878317479661001,
        -0.022072773058651896,
        0.9997177844421862,
        1.3128618281893054
      ],
      [
        0.0,
        0.0,
        0.0,
        1.0
      ]
    ],
    "location": [
      -75.18837565166928,
      -49.183046113818136,
      1.3128618281893054
    ],
    "rotation": [
      -0.022075417437313918,
      -0.008783287728970069,
      -0.9654163315498793
    ]
  }
]