[
  {
    "label_id": "2jkagQ7baLoGmtYArPXEZw",
    "size": [
      0.8099197000991937,
      0.09113956112409018,
      0.8099999999999952
    ],
    "obj_class": "sign",
    "point_num_in_lidar": 40,
    "speed": 0.00438221414251833,
    "if_vehicle": false,
    "motion_state": false,
    "pose": [
      [
        -0.5336468367636397,
        0.8457057656316104,
        0.001676779536160035,
        -50.436535545447214
      ],
      [
        -0.8455459115200531,
        -0.5335826180917621,
        0.018485161131654833,
        -14.327305777794209
      ],
      [
        0.016527707762536797,
        0.008446753683653174,
        0.9998277287754744,
        2.8188792220872756
      ],
      [
        0.0,
        0.0,
        0.0,
        1.0
      ]
    ],
    "location": [
      -50.436535545447214,
      -14.327305777794209,
      2.8188792220872756
    ],
    "rotation": [
      0.008448008086389108,
      -0.01652846032060456,
      -2.133789432113495
    ]
  },
  {
    "label_id": "5PcXcrPYu-JattLio83tAQ",
    "size": [
      2.313690194764279,
      4.721240442604016,
      1.6000000000000014
    ],
    "obj_class": "vehicle",
    "point_num_in_lidar": 51,
    "speed": 1.0658141036401503e-13,
    "if_vehicle": true,
    "motion_state": false,
    "pose": [
      [
        -0.604496756323603,
        0.7966058372900802,
        0.001676779536160035,
        -68.12785944415532
      ],
      [
        -0.7964521076201639,
        -0.6044190095333992,
        0.018485161131654833,
        -19.801747400706518
      ],
      [
        0.015738864687175662,
        0.009838745348615464,
        0.9998277287754744,
        0.99465418504262
      ],
      [
        0.0,
        0.0,
        0.0,
        1.0
      ]
    ],
    "location": [
      -68.12785944415532,
      -19.801747400706518,
      0.99465418504262
    ],
    "rotation": [
      0.00984012296118746,
      -0.01573951454352994,
      -2.2200243167274087
    ]
  },
  {
    "label_id": "68JMJ77ETNWIxLDk-9I9yw",
    "size": [
      2.081581790681911,
      4.9203171510070485,
      1.4400000000000048
    ],
    "obj_class": "vehicle",
    "point_num_in_lidar": 5166,
    "speed": 0.12096314328141082,
    "if_vehicle": true,
    "motion_state": false,
    "pose": [
      [
        -0.9757104967087191,
        0.2190575609806972,
        0.001676779536160035,
        -15.42670642045664
      ],
      [
        -0.21899019670334832,
        -0.9755519425257506,
        0.018485161131654833,
        0.8139976660163484
      ],
      [
        0.005685099845523842,
        0.017668967469055805,
        0.9998277287754744,
        0.7608744242560874
      ],
      [
        0.0,
        0.0,
        0.0,
        1.0
      ]
    ],
    "location": [
      -15.42670642045664,
      0.8139976660163484,
      0.7608744242560874
    ],
    "rotation": [
      0.017670172536365006,
      -0.005685130470048433,
      -2.9208096003969737
    ]
  },
  {
    "label_id": "6_d919_pVLmz2ub8CYnOfg",
    "size": [
      2.0179148775347078,
      4.378968142903507,
      1.480000000000004
    ],
    "obj_class": "vehicle",
    "point_num_in_lidar": 857,
    "speed": 0.011037371260407594,
    "if_vehicle": true,
    "motion_state": false,
    "pose": [
      [
        0.9992832505081505,
        -0.03781763694695989,
        0.001676779536160035,
        -32.2767267677375
      ],
      [
        0.0377802549550361,
        0.9991150840386052,
        0.018485161131654833,
        -10.655309969248492
      ],
      [
        -0.002374360839767724,
        -0.018408562743427448,
        0.9998277287754744,
        0.7832618162681442
      ],
      [
        0.0,
        0.0,
        0.0,
        1.0
      ]
    ],
    "location": [
      -32.2767267677375,
      -10.655309969248492,
      0.7832618162681442
    ],
    "rotation": [
      -0.018409654501822813,
      0.002374363070718633,
      0.03778935489716389
    ]
  },
  {
    "label_id": "7nXsiQpTR-g5s4tMuRi2Dg",
    "size": [
      1.054816427845609,
      0.08896760708081115,
      1.0600000000000023
    ],
    "obj_class": "sign",
    "point_num_in_lidar": 25,
    "speed": 0.018587947449393974,
    "if_vehicle": false,
    "motion_state": false,
    "pose": [
      [
        0.5131760713924508,
        -0.8582817184121992,
        0.001676779536160035,
        -65.90376152809904
      ],
      [
        0.858120367682492,
        0.5131157114982948,
        0.018485161131654833,
        -10.377910239732955
      ],
      [
        -0.016725857785925637,
        -0.008047263696506926,
        0.9998277287754744,
        3.01720112721258
      ],
      [
        0.0,
        0.0,
        0.0,
        1.0
      ]
    ],
    "location": [
      -65.90376152809904,
      -10.377910239732955,
      3.01720112721258
    ],
    "rotation": [
      -0.00804847645484016,
      0.016726637739275716,
      1.0318314664769435
    ]
  },
  {
    "label_id": "A71afLTioKyl3tkWQv2IOg",
    "size": [
      0.8360708759067339,
      0.9530676049360316,
      1.9100000000000037
    ],
    "obj_class": "pedestrian",
    "point_num_in_lidar": 22,
    "speed": 1.5657476482284178,
    "if_vehicle": false,
    "motion_state": true,
    "pose": [
      [
        0.9386864458548997,
        0.34476795787700965,
        0.001676779536160035,
        -58.51244402903194
      ],
      [
        -0.34473862863547017,
        0.9385166896462055,
        0.018485161131654833,
        7.719500843091282
      ],
      [
        0.004799405674844692,
        -0.01792982088154804,
        0.9998277287754744,
        1.177246661273685
      ],
      [
        0.0,
        0.0,
        0.0,
        1.0
      ]
    ],
    "location": [
      -58.51244402903194,
      7.719500843091282,
      1.177246661273685
    ],
    "rotation": [
      -0.01793098823296163,
      -0.0047994241001899016,
      -0.35196456052274294
    ]
  },
  {
    "label_id": "TgST6r2jzZsmcynpfzb9uw",
    "size": [
      2.166115371328959,
      4.8409712348907865,
      1.5500000000000043
    ],
    "obj_class": "vehicle",
    "point_num_in_lidar": 67,
    "speed": 0.011531618494428613,
    "if_vehicle": true,
    "motion_state": false,
    "pose": [
      [
        -0.6044967563236303,
        0.7966058372900595,
        0.001676779536160035,
        -82.65386330453953
      ],
      [
        -0.7964521076201433,
        -0.6044190095334265,
        0.018485161131654833,
        -0.3136978532891135
      ],
      [
        0.015738864687175325,
        0.009838745348616004,
        0.9998277287754744,
        1.1478618281892992
      ],
      [
        0.0,
        0.0,
        0.0,
        1.0
      ]
    ],
    "location": [
      -82.65386330453953,
      -0.3136978532891135,
      1.1478618281892992
    ],
    "rotation": [
      0.009840122961187999,
      -0.015739514543529603,
      -2.220024316727443
    ]
  },
  {
    "label_id": "erenwQ_eQmuBXO2n9nq_ng",
    "size": [
      0.6222674849493307,
      0.081554636983762,
      0.5499999999999972
    ],
    "obj_class": "sign",
    "point_num_in_lidar": 20,
    "speed": 0.051550027224468824,
    "if_vehicle": false,
    "motion_state": false,
    "pose": [
      [
        0.9275905628464393,
        0.3735946146943409,
        0.001676779536160035,
        -53.97009521035807
      ],
      [
        -0.3735600565604753,
        0.9274217934470114,
        0.018485161131654833,
        6.557744369241163
      ],
      [
        0.005350874765902605,
        -0.017773038876786218,
        0.9998277287754744,
        2.6300422751541603
      ],
      [
        0.0,
        0.0,
        0.0,
        1.0
      ]
    ],
    "location": [
      -53.97009521035807,
      6.557744369241163,
      2.6300422751541603
    ],
    "rotation": [
      -0.01777422918701651,
      -0.00535090030048181,
      -0.3828497314515096
    ]
  },
  {
    "label_id": "kTHAHUaBCtWC10R_8Eb9VQ",
    "size": [
      2.4194994619116117,
      5.656335587001618,
      1.9500000000000028
    ],
    "obj_class": "vehicle",
    "point_num_in_lidar": 2878,
    "speed": 0.030608531877990307,
    "if_vehicle": true,
    "motion_state": false,
    "pose": [
      [
        -0.13700533056945602,
        -0.9905688909944331,
        0.001676779536160035,
        -27.872524970924133
      ],
      [
        0.9904052756459815,
        -0.13695141032696245,
        0.018485161131654833,
        5.155446900217612
      ],
      [
        -0.01808118823975222,
        0.004193256910180151,
        0.9998277287754744,
        1.1477357831816661
      ],
      [
        0.0,
        0.0,
        0.0,
        1.0
      ]
    ],
    "location": [
      -27.872524970924133,
      5.155446900217612,
      1.1477357831816661
    ],
    "rotation": [
      0.004193954822459631,
      0.018082173596630856,
      1.7082565418383284
    ]
  },
  {
    "label_id": "oBR4hESXDLTvTu3yzAraUQ",
    "size": [
      0.5494718476825006,
      0.5670563792509963,
      1.259999999999998
    ],
    "obj_class": "pedestrian",
    "point_num_in_lidar": 21,
    "speed": 1.5109942240520287,
    "if_vehicle": false,
    "motion_state": true,
    "pose": [
      [
        0.9254723265265947,
        0.3788115114985803,
        0.001676779536160035,
        -58.8254092236823
      ],
      [
        -0.3787760036527383,
        0.9253037543827418,
        0.018485161131654833,
        7.228349415382581
      ],
      [
        0.005450861428495939,
        -0.017742628930444967,
        0.9998277287754744,
        0.9697526479919176
      ],
      [
        0.0,
        0.0,
        0.0,
        1.0
      ]
    ],
    "location": [
      -58.8254092236823,
      7.228349415382581,
      0.9697526479919176
    ],
    "rotation": [
      -0.017743823592441043,
      -0.005450888421422991,
      -0.38847947719760545
    ]
  },
  {
    "label_id": "ztrl-FqRdvMBhbRINdJDoQ",
    "size": [
      2.0275622197680128,
      4.496196136969282,
      1.6000000000000014
    ],
    "obj_class": "vehicle",
    "point_num_in_lidar": 2764,
    "speed": 0.013321474353011276,
    "if_vehicle": true,
    "motion_state": false,
    "pose": [
      [
        -0.12270427764565582,
        -0.9924418616008924,
        0.001676779536160035,
        -24.983343816617662
      ],
      [
        0.9922774855885304,
        -0.12265272280728495,
        0.018485161131654833,
        5.014294594056992
      ],
      [
        -0.018139786149834414,
        0.003932038925850442,
        0.9998277287754744,
        0.9717251625894789
      ],
      [
        0.0,
        0.0,
        0.0,
        1.0
      ]
    ],
    "location": [
      -24.983343816617662,
      5.014294594056992,
      0.9717251625894789
    ],
    "rotation": [
      0.003932696145109086,
      0.018140781118842854,
      1.6938309692301616
    ]
  }
]