[
  {
    "label_id": "B10xEifLkYpAfCa0dfoG3A",
    "size": [
      2.0347904478972794,
      4.911770538857729,
      1.720000000000006
    ],
    "obj_class": "vehicle",
    "point_num_in_lidar": 450,
    "speed": 3.800421870958125e-28,
    "if_vehicle": true,
    "motion_state": false,
    "pose": [
      [
        0.7242629340104457,
        -0.6894347819190175,
        0.01108530102692637,
        -102.79099443273344
      ],
      [
        0.6892280552797916,
        0.7243295171298237,
        0.01764761824476995,
        42.894208988337596
      ],
      [
        -0.02019629257604536,
        -0.005141215299273819,
        0.9997828152511071,
        1.2518252572277646
      ],
      [
        0.0,
        0.0,
        0.0,
        1.0
      ]
    ],
    "location": [
      -102.79099443273344,
      42.894208988337596,
      1.2518252572277646
    ],
    "rotation": [
      -0.005142286808883144,
      0.020197665806534426,
      0.760617172862634
    ]
  },
  {
    "label_id": "GiYwKXe8Hcx36ANEAv2o8Q",
    "size": [
      1.8965675352619418,
      3.974460954772338,
      1.7900000000000063
    ],
    "obj_class": "vehicle",
    "point_num_in_lidar": 1183,
    "speed": 0.02596313957102739,
    "if_vehicle": true,
    "motion_state": false,
    "pose": [
      [
        -0.5823366078876906,
        0.8128721862722335,
        0.01108530102692637,
        -110.94071877284887
      ],
      [
        -0.8126815862906112,
        -0.5824407273486829,
        0.01764761824476995,
        19.969901415259756
      ],
      [
        0.020801788818126,
        0.00126803412288479,
        0.9997828152511071,
        1.210625122461522
      ],
      [
        0.0,
        0.0,
        0.0,
        1.0
      ]
    ],
    "location": [
      -110.94071877284887,
      19.969901415259756,
      1.210625122461522
    ],
    "rotation": [
      0.001268308900311697,
      -0.020803289315980623,
      -2.1925513511785613
    ]
  },
  {
    "label_id": "Lr-RoqFJO2-LjMetvXlmpA",
    "size": [
      0.42440657648788355,
      0.12007912957914635,
      0.5937804875545041
    ],
    "obj_class": "sign",
    "point_num_in_lidar": 50,
    "speed": 0.012158134191185575,
    "if_vehicle": false,
    "motion_state": false,
    "pose": [
      [
        -0.897954144211183,
        -0.43994939594810734,
        0.01108530102692637,
        -118.94420709042947
      ],
      [
        0.44008359085202564,
        -0.8977833784566709,
        0.01764761824476995,
        28.536089756944193
      ],
      [
        0.002188140020453821,
        0.020725211019953463,
        0.9997828152511071,
        2.86479084273158
      ],
      [
        0.0,
        0.0,
        0.0,
        1.0
      ]
    ],
    "location": [
      -118.94420709042947,
      28.536089756944193,
      2.86479084273158
    ],
    "rotation": [
      0.020726744631772105,
      -0.002188141766577546,
      2.685899718978815
    ]
  },
  {
    "label_id": "MzKpTOnWPJXKwztpOPP6lA",
    "size": [
      0.8583658976127355,
      0.1440715430902583,
      0.7933381780956523
    ],
    "obj_class": "sign",
    "point_num_in_lidar": 46,
    "speed": 0.007963056957518906,
    "if_vehicle": false,
    "motion_state": false,
    "pose": [
      [
        0.9317495310054607,
        0.3629324008300261,
        0.01108530102692637,
        -133.35108388448225
      ],
      [
        -0.36308047157032053,
        0.9315906465473773,
        0.01764761824476995,
        48.64334757362849
      ],
      [
        -0.003922070292340514,
        -0.020468016347283194,
        0.9997828152511071,
        3.0150237615938877
      ],
      [
        0.0,
        0.0,
        0.0,
        1.0
      ]
    ],
    "location": [
      -133.35108388448225,
      48.64334757362849,
      3.0150237615938877
    ],
    "rotation": [
      -0.020469603221677634,
      0.003922080347706325,
      -0.3715748559265979
    ]
  },
  {
    "label_id": "OEVQXyra-xDNa88z5WbTKw",
    "size": [
      2.1065283175794782,
      4.907703712929315,
      1.8100000000000023
    ],
    "obj_class": "vehicle",
    "point_num_in_lidar": 2492,
    "speed": 8.498001646639301e-28,
    "if_vehicle": true,
    "motion_state": false,
    "pose": [
      [
        -0.7142950655538701,
        0.6997568687955373,
        0.01108530102692637,
        -95.20226584278475
      ],
      [
        -0.6995511189005106,
        -0.7143646083166009,
        0.01764761824476995,
        35.74824021601489
      ],
      [
        0.020267988810831084,
        0.004850871894282304,
        0.9997828152511071,
        1.1482534164833211
      ],
      [
        0.0,
        0.0,
        0.0,
        1.0
      ]
    ],
    "location": [
      -95.20226584278475,
      35.74824021601489,
      1.1482534164833211
    ],
    "rotation": [
      0.00485188758571991,
      -0.020269376719893133,
      -2.3666223658621095
    ]
  },
  {
    "label_id": "OSaPG2xhT_stMhQXSVjK5w",
    "size": [
      1.065797657116132,
      0.13099247266721678,
      1.0300000000000011
    ],
    "obj_class": "sign",
    "point_num_in_lidar": 35,
    "speed": 0.013931876400971599,
    "if_vehicle": false,
    "motion_state": false,
    "pose": [
      [
        -0.8979541442108651,
        -0.4399493959487561,
        0.01108530102692637,
        -118.97241584799144
      ],
      [
        0.44008359085267434,
        -0.8977833784563529,
        0.01764761824476995,
        28.51373038840461
      ],
      [
        0.0021881400204388462,
        0.020725211019955045,
        0.9997828152511071,
        3.68849936813249
      ],
      [
        0.0,
        0.0,
        0.0,
        1.0
      ]
    ],
    "location": [
      -118.97241584799144,
      28.51373038840461,
      3.68849936813249
    ],
    "rotation": [
      0.020726744631773687,
      -0.0021881417665625714,
      2.685899718978093
    ]
  },
  {
    "label_id": "OU8HYLZX7vEJlpW4hKtPWg",
    "size": [
      1.9458079422114734,
      4.4349678725445845,
      1.8200000000000074
    ],
    "obj_class": "vehicle",
    "point_num_in_lidar": 1713,
    "speed": 1.5482915595883694e-28,
    "if_vehicle": true,
    "motion_state": false,
    "pose": [
      [
        -0.5823366078876242,
        0.8128721862722811,
        0.01108530102692637,
        -108.80615835878598
      ],
      [
        -0.8126815862906588,
        -0.5824407273486166,
        0.01764761824476995,
        18.424910188231934
      ],
      [
        0.020801788818126103,
        0.0012680341228830903,
        0.9997828152511071,
        1.2344642363519966
      ],
      [
        0.0,
        0.0,
        0.0,
        1.0
      ]
    ],
    "location": [
      -108.80615835878598,
      18.424910188231934,
      1.2344642363519966
    ],
    "rotation": [
      0.0012683089003099972,
      -0.020803289315980727,
      -2.1925513511784795
    ]
  },
  {
    "label_id": "eb4Ee949_lJiQx6ImtmcWg",
    "size": [
      0.7140601118471429,
      1.574298192806395,
      1.6000000000000014
    ],
    "obj_class": "cyclist",
    "point_num_in_lidar": 47,
    "speed": 4.579819278472416,
    "if_vehicle": false,
    "motion_state": true,
    "pose": [
      [
        0.962052781655452,
        0.27263815105401074,
        0.01108530102692637,
        -122.15525700589819
      ],
      [
        -0.27280066659333524,
        0.9619087055830813,
        0.01764761824476995,
        33.30212413459117
      ],
      [
        -0.00585163355304844,
        -0.020002017731507733,
        0.9997828152511071,
        1.0858202907247048
      ],
      [
        0.0,
        0.0,
        0.0,
        1.0
      ]
    ],
    "location": [
      -122.15525700589819,
      33.30212413459117,
      1.0858202907247048
    ],
    "rotation": [
      -0.020003694236626207,
      0.005851666948460463,
      -0.2763077721736342
    ]
  },
  {
    "label_id": "oAK8Wb2FSraMOewPK4CSdw",
    "size": [
      2.1219200592226595,
      4.675831309369306,
      1.5700000000000074
    ],
    "obj_class": "vehicle",
    "point_num_in_lidar": 973,
    "speed": 0.06461861302032923,
    "if_vehicle": true,
    "motion_state": false,
    "pose": [
      [
        -0.5540498979307866,
        0.8324096507754024,
        0.01108530102692637,
        -97.58193695110572
      ],
      [
        -0.8322227425532541,
        -0.5541605077479149,
        0.01764761824476995,
        11.282277050859193
      ],
      [
        0.020833083785766572,
        0.0005522214645792115,
        0.9997828152511071,
        1.0666004860034803
      ],
      [
        0.0,
        0.0,
        0.0,
        1.0
      ]
    ],
    "location": [
      -97.58193695110572,
      11.282277050859193,
      1.0666004860034803
    ],
    "rotation": [
      0.0005523413685432172,
      -0.02083459106690935,
      -2.1581620541305226
    ]
  },
  {
    "label_id": "pixAL8_0nFjctXQAQ6I20Q",
    "size": [
      2.3874256965599443,
      5.77249352243269,
      1.9300000000000068
    ],
    "obj_class": "vehicle",
    "point_num_in_lidar": 123,
    "speed": 4.1679815567678e-28,
    "if_vehicle": true,
    "motion_state": false,
    "pose": [
      [
        0.9999374690684197,
        -0.0014744674244077521,
        0.01108530102692637,
        -144.2577625895699
      ],
      [
        0.0012786873948848658,
        0.9998434510106234,
        0.01764761824476995,
        36.30914134513091
      ],
      [
        -0.011109586472473966,
        -0.017632340088069295,
        0.9997828152511071,
        1.2868252572278251
      ],
      [
        0.0,
        0.0,
        0.0,
        1.0
      ]
    ],
    "location": [
      -144.2577625895699,
      36.30914134513091,
      1.2868252572278251
    ],
    "rotation": [
      -0.01763434225061543,
      0.011109815014752332,
      0.001278766660366633
    ]
  },
  {
    "label_id": "r_b3PduWTLERZAQtRMNVBQ",
    "size": [
      1.8564302437696374,
      4.332492134028586,
      1.4000000000000057
    ],
    "obj_class": "vehicle",
    "point_num_in_lidar": 27,
    "speed": 6.2947048108150455e-28,
    "if_vehicle": true,
    "motion_state": false,
    "pose": [
      [
        0.6009067702998332,
        0.7992422470746688,
        0.01108530102692637,
        -156.10893090910918
      ],
      [
        -0.7992844379230651,
        0.6006937230105678,
        0.01764761824476995,
        61.66168219887277
      ],
      [
        0.007445851316908588,
        -0.01946488188346394,
        0.9997828152511071,
        1.1949593558516085
      ],
      [
        0.0,
        0.0,
        0.0,
        1.0
      ]
    ],
    "location": [
      -156.10893090910918,
      61.66168219887277,
      1.1949593558516085
    ],
    "rotation": [
      -0.019466650938808755,
      -0.007445920119162228,
      -0.9261404322474249
    ]
  },
  {
    "label_id": "tuVqrPVhiTTge2WX3_6o3w",
    "size": [
      2.1285441102638893,
      4.5704061797248565,
      1.5300000000000011
    ],
    "obj_class": "vehicle",
    "point_num_in_lidar": 1097,
    "speed": 10.356535249920348,
    "if_vehicle": true,
    "motion_state": true,
    "pose": [
      [
        0.8697489637705991,
        0.4933698978668154,
        0.01108530102692637,
        -110.98893772666429
      ],
      [
        -0.4934935361189753,
        0.86957040622314,
        0.01764761824476995,
        30.645905785862624
      ],
      [
        -0.0009326461060754551,
        -0.02081952208412898,
        0.9997828152511071,
        1.0868252572277228
      ],
      [
        0.0,
        0.0,
        0.0,
        1.0
      ]
    ],
    "location": [
      -110.98893772666429,
      30.645905785862624,
      1.0868252572277228
    ],
    "rotation": [
      -0.02082103547990143,
      0.0009326462412825755,
      -0.5161021591179048
    ]
  }
]