[
  {
    "label_id": "B10xEifLkYpAfCa0dfoG3A",
    "size": [
      2.0347904478972785,
      4.911770538857729,
      1.720000000000006
    ],
    "obj_class": "vehicle",
    "point_num_in_lidar": 58,
    "speed": 1.0048591735576161e-13,
    "if_vehicle": true,
    "motion_state": false,
    "pose": [
      [
        0.7242910639557782,
        -0.6894615591594563,
        0.006724069840386553,
        -102.79099443273344
      ],
      [
        0.6892964689089413,
        0.7242823914946003,
        0.016893647342346007,
        42.894208988337596
      ],
      [
        -0.016517645821115774,
        -0.007601040210005935,
        0.9998346821171258,
        1.2518252572277646
      ],
      [
        0.0,
        0.0,
        0.0,
        1.0
      ]
    ],
    "location": [
      -102.79099443273344,
      42.894208988337596,
      1.2518252572277646
    ],
    "rotation": [
      -0.007602150552681916,
      0.016518397005453007,
      0.7606473446402743
    ]
  },
  {
    "label_id": "GiYwKXe8Hcx36ANEAv2o8Q",
    "size": [
      1.8965675352619435,
      3.974460954772338,
      1.7900000000000063
    ],
    "obj_class": "vehicle",
    "point_num_in_lidar": 380,
    "speed": 0.025963139570782383,
    "if_vehicle": true,
    "motion_state": false,
    "pose": [
      [
        -0.5823592254981952,
        0.8129037577486795,
        0.006724069840386553,
        -110.96024961507032
      ],
      [
        -0.8127399641746358,
        -0.5823816234333672,
        0.016893647342346007,
        19.945620799614062
      ],
      [
        0.01764888411639773,
        0.004373251100944748,
        0.9998346821171258,
        1.2562173737636186
      ],
      [
        0.0,
        0.0,
        0.0,
        1.0
      ]
    ],
    "location": [
      -110.96024961507032,
      19.945620799614062,
      1.2562173737636186
    ],
    "rotation": [
      0.004373946303637394,
      -0.01764980046639967,
      -2.1925357307027964
    ]
  },
  {
    "label_id": "Lr-RoqFJO2-LjMetvXlmpA",
    "size": [
      0.42440657648788555,
      0.12007912957914635,
      0.5937804875545041
    ],
    "obj_class": "sign",
    "point_num_in_lidar": 32,
    "speed": 0.012165946045994512,
    "if_vehicle": false,
    "motion_state": false,
    "pose": [
      [
        -0.8979890202207126,
        -0.4399664833232484,
        0.006724069840386553,
        -118.95796557315452
      ],
      [
        0.44001564969672036,
        -0.8978311827406339,
        0.016893647342346007,
        28.53122812070228
      ],
      [
        -0.0013955590340902285,
        0.01812900578433135,
        0.9998346821171258,
        2.939957509440788
      ],
      [
        0.0,
        0.0,
        0.0,
        1.0
      ]
    ],
    "location": [
      -118.95796557315452,
      28.53122812070228,
      2.939957509440788
    ],
    "rotation": [
      0.018130016637124376,
      0.0013955594870856032,
      2.6859760756375186
    ]
  },
  {
    "label_id": "MzKpTOnWPJXKwztpOPP6lA",
    "size": [
      0.8583658976127342,
      0.1440715430902583,
      0.7933381780956523
    ],
    "obj_class": "sign",
    "point_num_in_lidar": 32,
    "speed": 0.007963056890719987,
    "if_vehicle": false,
    "motion_state": false,
    "pose": [
      [
        0.9317857196078778,
        0.36294649691051023,
        0.006724069840386553,
        -133.35246546204144
      ],
      [
        -0.36300875344785527,
        0.931632572208436,
        0.016893647342346007,
        48.6338907154709
      ],
      [
        -0.00013287235816245905,
        -0.01818215555654463,
        0.9998346821171258,
        3.067816604272984
      ],
      [
        0.0,
        0.0,
        0.0,
        1.0
      ]
    ],
    "location": [
      -133.35246546204144,
      48.6338907154709,
      3.067816604272984
    ],
    "rotation": [
      -0.018183157674972323,
      0.00013287235855343737,
      -0.3714948926089785
    ]
  },
  {
    "label_id": "OEVQXyra-xDNa88z5WbTKw",
    "size": [
      2.106528317579475,
      4.907703712929315,
      1.8100000000000023
    ],
    "obj_class": "vehicle",
    "point_num_in_lidar": 71,
    "speed": 1.7763568394002505e-13,
    "if_vehicle": true,
    "motion_state": false,
    "pose": [
      [
        -0.7143228083530692,
        0.6997840469397443,
        0.006724069840386553,
        -95.20226584278498
      ],
      [
        -0.6996188492390454,
        -0.7143165058074091,
        0.016893647342346007,
        35.74824021601512
      ],
      [
        0.016625018977989653,
        0.0073632316089767514,
        0.9998346821171258,
        1.1653890230564699
      ],
      [
        0.0,
        0.0,
        0.0,
        1.0
      ]
    ],
    "location": [
      -95.20226584278498,
      35.74824021601512,
      1.1653890230564699
    ],
    "rotation": [
      0.007364315951203976,
      -0.01662578490823631,
      -2.3665933839637288
    ]
  },
  {
    "label_id": "OSaPG2xhT_stMhQXSVjK5w",
    "size": [
      1.0657976571161292,
      0.13099247266721678,
      1.0300000000000011
    ],
    "obj_class": "sign",
    "point_num_in_lidar": 55,
    "speed": 0.013543286094302737,
    "if_vehicle": false,
    "motion_state": false,
    "pose": [
      [
        -0.8979890202203931,
        -0.43996648332390037,
        0.006724069840386553,
        -118.97838808386382
      ],
      [
        0.4400156496973722,
        -0.8978311827403144,
        0.016893647342346007,
        28.498112304325105
      ],
      [
        -0.0013955590341033918,
        0.018129005784330337,
        0.9998346821171258,
        3.768577929572565
      ],
      [
        0.0,
        0.0,
        0.0,
        1.0
      ]
    ],
    "location": [
      -118.97838808386382,
      28.498112304325105,
      3.768577929572565
    ],
    "rotation": [
      0.018130016637123363,
      0.0013955594870987665,
      2.6859760756367925
    ]
  },
  {
    "label_id": "OU8HYLZX7vEJlpW4hKtPWg",
    "size": [
      1.9458079422114725,
      4.4349678725445845,
      1.8200000000000074
    ],
    "obj_class": "vehicle",
    "point_num_in_lidar": 517,
    "speed": 1.0658141036401503e-13,
    "if_vehicle": true,
    "motion_state": false,
    "pose": [
      [
        -0.5823592254981295,
        0.8129037577487265,
        0.006724069840386553,
        -108.8061583587862
      ],
      [
        -0.8127399641746827,
        -0.5823816234333015,
        0.016893647342346007,
        18.42491018823216
      ],
      [
        0.01764888411639808,
        0.004373251100943321,
        0.9998346821171258,
        1.3261196595049896
      ],
      [
        0.0,
        0.0,
        0.0,
        1.0
      ]
    ],
    "location": [
      -108.8061583587862,
      18.42491018823216,
      1.3261196595049896
    ],
    "rotation": [
      0.004373946303635967,
      -0.01764980046640002,
      -2.1925357307027156
    ]
  },
  {
    "label_id": "Z2dtEUaK2GDXHzv6qEvFTQ",
    "size": [
      2.2766325152179436,
      4.881560637125484,
      1.8900000000000077
    ],
    "obj_class": "vehicle",
    "point_num_in_lidar": 2109,
    "speed": 0.029395226194268268,
    "if_vehicle": true,
    "motion_state": false,
    "pose": [
      [
        -0.5540714169023008,
        0.8324419810753529,
        0.006724069840386553,
        -95.41080446099909
      ],
      [
        -0.8322790542338806,
        -0.5540994320183242,
        0.016893647342346007,
        9.4854879184752
      ],
      [
        0.01778878454066062,
        0.0037639846322619582,
        0.9998346821171258,
        1.2468252572278402
      ],
      [
        0.0,
        0.0,
        0.0,
        1.0
      ]
    ],
    "location": [
      -95.41080446099909,
      9.4854879184752,
      1.2468252572278402
    ],
    "rotation": [
      0.003764589204933539,
      -0.0177897228573144,
      -2.15814875823808
    ]
  },
  {
    "label_id": "eb4Ee949_lJiQx6ImtmcWg",
    "size": [
      0.7140601118470041,
      1.574298192806395,
      1.6000000000000014
    ],
    "obj_class": "cyclist",
    "point_num_in_lidar": 47,
    "speed": 4.4853186088780355,
    "if_vehicle": false,
    "motion_state": true,
    "pose": [
      [
        0.9711737321516931,
        0.23827792357525032,
        0.006724069840386553,
        -127.40400317032913
      ],
      [
        -0.23835962852639414,
        0.9710300161005486,
        0.016893647342346007,
        34.82309222331696
      ],
      [
        -0.0025038904350250164,
        -0.018009413328460774,
        0.9998346821171258,
        1.2631310558231021
      ],
      [
        0.0,
        0.0,
        0.0,
        1.0
      ]
    ],
    "location": [
      -127.40400317032913,
      34.82309222331696,
      1.2631310558231021
    ],
    "rotation": [
      -0.018010443460470673,
      0.0025038930513756035,
      -0.24067721418446292
    ]
  },
  {
    "label_id": "oAK8Wb2FSraMOewPK4CSdw",
    "size": [
      2.1219200592226604,
      4.675831309369306,
      1.5700000000000074
    ],
    "obj_class": "vehicle",
    "point_num_in_lidar": 1737,
    "speed": 0.026761021060898723,
    "if_vehicle": true,
    "motion_state": false,
    "pose": [
      [
        -0.5540714169021551,
        0.83244198107545,
        0.006724069840386553,
        -97.5773383729836
      ],
      [
        -0.8322790542339775,
        -0.5540994320181787,
        0.016893647342346007,
        11.238653576971501
      ],
      [
        0.017788784540661278,
        0.003763984632258846,
        0.9998346821171258,
        1.0948659489531778
      ],
      [
        0.0,
        0.0,
        0.0,
        1.0
      ]
    ],
    "location": [
      -97.5773383729836,
      11.238653576971501,
      1.0948659489531778
    ],
    "rotation": [
      0.0037645892049304264,
      -0.01778972285731506,
      -2.158148758237905
    ]
  },
  {
    "label_id": "pixAL8_0nFjctXQAQ6I20Q",
    "size": [
      2.387425696559941,
      5.77249352243269,
      1.9300000000000068
    ],
    "obj_class": "vehicle",
    "point_num_in_lidar": 41,
    "speed": 3.0582137991573447e-28,
    "if_vehicle": true,
    "motion_state": false,
    "pose": [
      [
        0.9999763060501557,
        -0.0014745246918522787,
        0.006724069840386553,
        -144.25776258956967
      ],
      [
        0.0013607510772505255,
        0.9998563662026553,
        0.016893647342346007,
        36.30914134513091
      ],
      [
        -0.006748014136843503,
        -0.01688409727983438,
        0.9998346821171258,
        1.2868252572278251
      ],
      [
        0.0,
        0.0,
        0.0,
        1.0
      ]
    ],
    "location": [
      -144.25776258956967,
      36.30914134513091,
      1.2868252572278251
    ],
    "rotation": [
      -0.01688528406456229,
      0.006748065350478296,
      0.001360782479648186
    ]
  },
  {
    "label_id": "tuVqrPVhiTTge2WX3_6o3w",
    "size": [
      2.1285441102639457,
      4.5704061797248565,
      1.5300000000000011
    ],
    "obj_class": "vehicle",
    "point_num_in_lidar": 152,
    "speed": 9.407082429211304,
    "if_vehicle": true,
    "motion_state": true,
    "pose": [
      [
        0.9110542411213771,
        0.41223167833092744,
        0.006724069840386553,
        -121.53506300573486
      ],
      [
        -0.4122856601359765,
        0.9108979850267068,
        0.016893647342346007,
        36.0601768432723
      ],
      [
        0.000839154928279145,
        -0.018163266632197392,
        0.9998346821171258,
        1.1868252572276958
      ],
      [
        0.0,
        0.0,
        0.0,
        1.0
      ]
    ],
    "location": [
      -121.53506300573486,
      36.0601768432723,
      1.1868252572276958
    ],
    "rotation": [
      -0.018164271866484717,
      -0.0008391550267653348,
      -0.42496160850204184
    ]
  },
  {
    "label_id": "vSaWMlYOLu1F0pgtFz2HTA",
    "size": [
      0.5841439286375961,
      0.4280385468819077,
      1.490000000000002
    ],
    "obj_class": "pedestrian",
    "point_num_in_lidar": 58,
    "speed": 0.2933261401848459,
    "if_vehicle": false,
    "motion_state": false,
    "pose": [
      [
        0.3157091728229037,
        0.9488321796188509,
        0.006724069840386553,
        -102.93066020447304
      ],
      [
        -0.948754079507393,
        0.31556346635431615,
        0.016893647342346007,
        8.76117185881617
      ],
      [
        0.013907365442709476,
        -0.011712968120373273,
        0.9998346821171258,
        1.4028995113996103
      ],
      [
        0.0,
        0.0,
        0.0,
        1.0
      ]
    ],
    "location": [
      -102.93066020447304,
      8.76117185881617,
      1.4028995113996103
    ],
    "rotation": [
      -0.011714368933839264,
      -0.013907813796816182,
      -1.249560185934497
    ]
  }
]