[
  {
    "label_id": "2jkagQ7baLoGmtYArPXEZw",
    "size": [
      0.8099197000991992,
      0.09113956112409018,
      0.8099999999999952
    ],
    "obj_class": "sign",
    "point_num_in_lidar": 351,
    "speed": 0.015286299835254853,
    "if_vehicle": false,
    "motion_state": false,
    "pose": [
      [
        -0.5336325153454955,
        0.8456830695242973,
        0.007515616142546454,
        -50.43292779718604
      ],
      [
        -0.8456688128084864,
        -0.5336757130084547,
        0.005873022050256265,
        -14.31635376511872
      ],
      [
        0.00897761711841593,
        -0.003221686651433746,
        0.9999545105283515,
        2.742077300079231
      ],
      [
        0.0,
        0.0,
        0.0,
        1.0
      ]
    ],
    "location": [
      -50.43292779718604,
      -14.31635376511872,
      2.742077300079231
    ],
    "rotation": [
      -0.003221822063226059,
      -0.008977737718535916,
      -2.1337117230674085
    ]
  },
  {
    "label_id": "3Jb8n-x68v4llWSp-dVIkw",
    "size": [
      1.9589788787788824,
      4.2384509819869916,
      1.5900000000000034
    ],
    "obj_class": "vehicle",
    "point_num_in_lidar": 131,
    "speed": 0.0,
    "if_vehicle": true,
    "motion_state": false,
    "pose": [
      [
        0.5544043477183799,
        0.8322135151179387,
        0.007515616142546454,
        -61.97777166928495
      ],
      [
        -0.832247138280474,
        0.5543737082834637,
        0.005873022050256265,
        -40.826334984740924
      ],
      [
        0.0007211483338303903,
        -0.009510878985956808,
        0.9999545105283515,
        1.3273338925322022
      ],
      [
        0.0,
        0.0,
        0.0,
        1.0
      ]
    ],
    "location": [
      -61.97777166928495,
      -40.826334984740924,
      1.3273338925322022
    ],
    "rotation": [
      -0.009511024852306276,
      -0.0007211483963365281,
      -0.9831490735580146
    ]
  },
  {
    "label_id": "4J3R5PZfWXv99BiF4fnPyQ",
    "size": [
      1.8780553812458318,
      4.327234173477959,
      1.5100000000000051
    ],
    "obj_class": "vehicle",
    "point_num_in_lidar": 155,
    "speed": 2.0097183471152322e-13,
    "if_vehicle": true,
    "motion_state": false,
    "pose": [
      [
        -0.7604949109692326,
        0.6493003972768665,
        0.007515616142546454,
        -74.0701255724523
      ],
      [
        -0.649273967077807,
        -0.760531934429478,
        0.005873022050256265,
        -29.598874355742737
      ],
      [
        0.009529221633767456,
        -0.0004132905266751642,
        0.9999545105283515,
        1.0217732426964687
      ],
      [
        0.0,
        0.0,
        0.0,
        1.0
      ]
    ],
    "location": [
      -74.0701255724523,
      -29.598874355742737,
      1.0217732426964687
    ],
    "rotation": [
      -0.0004133093043636532,
      -0.009529365858180696,
      -2.4349244529858995
    ]
  },
  {
    "label_id": "4t1GH0JW-BxqG0_PtXOSfQ",
    "size": [
      2.1124776642031007,
      4.533317026385355,
      1.480000000000004
    ],
    "obj_class": "vehicle",
    "point_num_in_lidar": 60,
    "speed": 0.03969944318660364,
    "if_vehicle": true,
    "motion_state": false,
    "pose": [
      [
        0.5123301862785327,
        -0.8587556670798755,
        0.007515616142546454,
        -72.06511237695213
      ],
      [
        0.8587424944302785,
        0.5123737267577841,
        0.005873022050256265,
        20.26632810354431
      ],
      [
        -0.008894295220380126,
        0.003445052472405088,
        0.9999545105283515,
        1.1433258689023802
      ],
      [
        0.0,
        0.0,
        0.0,
        1.0
      ]
    ],
    "location": [
      -72.06511237695213,
      20.26632810354431,
      1.1433258689023802
    ],
    "rotation": [
      0.0034451955623165083,
      0.00889441249359529,
      1.0328767860410055
    ]
  },
  {
    "label_id": "5PcXcrPYu-JattLio83tAQ",
    "size": [
      2.3136901947642836,
      4.721240442604016,
      1.6000000000000014
    ],
    "obj_class": "vehicle",
    "point_num_in_lidar": 359,
    "speed": 1.0658141036401503e-13,
    "if_vehicle": true,
    "motion_state": false,
    "pose": [
      [
        -0.6044805335144197,
        0.7965844588718264,
        0.007515616142546454,
        -68.12785944415509
      ],
      [
        -0.7965665349213963,
        -0.604522342891739,
        0.005873022050256265,
        -19.801747400706518
      ],
      [
        0.009221715970612847,
        -0.002436560806186682,
        0.9999545105283515,
        0.99465418504262
      ],
      [
        0.0,
        0.0,
        0.0,
        1.0
      ]
    ],
    "location": [
      -68.12785944415509,
      -19.801747400706518,
      0.99465418504262
    ],
    "rotation": [
      -0.0024366668266370788,
      -0.009221846678139028,
      -2.2199422114437044
    ]
  },
  {
    "label_id": "7nXsiQpTR-g5s4tMuRi2Dg",
    "size": [
      1.054816427845613,
      0.08896760708081115,
      1.0600000000000023
    ],
    "obj_class": "sign",
    "point_num_in_lidar": 157,
    "speed": 0.017246486662389447,
    "if_vehicle": false,
    "motion_state": false,
    "pose": [
      [
        0.5131622993459009,
        -0.8582586848054763,
        0.007515616142546454,
        -65.89396331927537
      ],
      [
        0.8582454699602143,
        0.513205827037036,
        0.005873022050256265,
        -10.3997046150173
      ],
      [
        -0.008897630178814954,
        0.003436430008881674,
        0.9999545105283515,
        2.932657870050079
      ],
      [
        0.0,
        0.0,
        0.0,
        1.0
      ]
    ],
    "location": [
      -65.89396331927537,
      -10.3997046150173,
      2.932657870050079
    ],
    "rotation": [
      0.003436572808635479,
      0.008897747583999178,
      1.0319074976910954
    ]
  },
  {
    "label_id": "A71afLTioKyl3tkWQv2IOg",
    "size": [
      0.8360708759067211,
      0.9530676049360316,
      1.9100000000000037
    ],
    "obj_class": "pedestrian",
    "point_num_in_lidar": 506,
    "speed": 1.5254526527987287,
    "if_vehicle": false,
    "motion_state": true,
    "pose": [
      [
        0.9249725459970671,
        0.3799596092556437,
        0.007515616142546454,
        -54.74364175260098
      ],
      [
        -0.3800046171733247,
        0.9249659445292849,
        0.005873022050256265,
        6.189596882234127
      ],
      [
        -0.004720177820644872,
        -0.008288352993592476,
        0.9999545105283515,
        1.1360988221524408
      ],
      [
        0.0,
        0.0,
        0.0,
        1.0
      ]
    ],
    "location": [
      -54.74364175260098,
      6.189596882234127,
      1.1360988221524408
    ],
    "rotation": [
      -0.008288540231034062,
      0.004720195348476129,
      -0.3898058647522516
    ]
  },
  {
    "label_id": "DdkZD33RUI10n19fb0ZSHQ",
    "size": [
      1.9226905797254827,
      4.441115979024045,
      1.5899999999999963
    ],
    "obj_class": "vehicle",
    "point_num_in_lidar": 72,
    "speed": 9.442057045333444e-29,
    "if_vehicle": true,
    "motion_state": false,
    "pose": [
      [
        0.8126227206605422,
        -0.5827416489150713,
        0.007515616142546454,
        -71.31206186910367
      ],
      [
        0.5827121858411426,
        0.8126573792713846,
        0.005873022050256265,
        -39.9600698908971
      ],
      [
        -0.009530075471692422,
        -0.0003931100466123806,
        0.9999545105283515,
        1.0446541850427167
      ],
      [
        0.0,
        0.0,
        0.0,
        1.0
      ]
    ],
    "location": [
      -71.31206186910367,
      -39.9600698908971,
      1.0446541850427167
    ],
    "rotation": [
      -0.000393127909541615,
      0.009530219734878609,
      0.6220946181883955
    ]
  },
  {
    "label_id": "HaaFYgd2bLDGtxDyeWGeVw",
    "size": [
      1.904863242287898,
      4.348737170350024,
      1.4500000000000028
    ],
    "obj_class": "vehicle",
    "point_num_in_lidar": 62,
    "speed": 7.944109290391274e-14,
    "if_vehicle": true,
    "motion_state": false,
    "pose": [
      [
        -0.836296348952465,
        0.5482261688781144,
        0.007515616142546454,
        -78.82855445392283
      ],
      [
        -0.5481952812862648,
        -0.8363297442919689,
        0.005873022050256265,
        -33.16527494236266
      ],
      [
        0.00950527770504115,
        0.0007915615926437876,
        0.9999545105283515,
        1.090247521148683
      ],
      [
        0.0,
        0.0,
        0.0,
        1.0
      ]
    ],
    "location": [
      -78.82855445392283,
      -33.16527494236266,
      1.090247521148683
    ],
    "rotation": [
      0.0007915974366551086,
      -0.009505420844983063,
      -2.5613581828170426
    ]
  },
  {
    "label_id": "NLquV6ez3e_wjwo8hlQrSg",
    "size": [
      1.811652675088093,
      3.9252593428567555,
      1.5600000000000023
    ],
    "obj_class": "vehicle",
    "point_num_in_lidar": 1344,
    "speed": 0.015563932719467185,
    "if_vehicle": true,
    "motion_state": false,
    "pose": [
      [
        0.9011120425698552,
        -0.4335211670144625,
        0.007515616142546454,
        -38.87575303058179
      ],
      [
        0.4334861570821358,
        0.9011410873055113,
        0.005873022050256265,
        12.95889074389379
      ],
      [
        -0.00931870987559393,
        -0.0020343353360272928,
        0.9999545105283515,
        1.2656286612009282
      ],
      [
        0.0,
        0.0,
        0.0,
        1.0
      ]
    ],
    "location": [
      -38.87575303058179,
      12.95889074389379,
      1.2656286612009282
    ],
    "rotation": [
      -0.002034425074321329,
      0.009318844751102,
      0.4483786020524621
    ]
  },
  {
    "label_id": "P2roxV-1Xaclsx6JHMyMUQ",
    "size": [
      2.1423166609330906,
      4.7485607311700075,
      1.500000000000007
    ],
    "obj_class": "vehicle",
    "point_num_in_lidar": 249,
    "speed": 10.015372156891148,
    "if_vehicle": true,
    "motion_state": true,
    "pose": [
      [
        0.8248328393337908,
        0.565326722055976,
        0.007515616142546454,
        -76.94916754942119
      ],
      [
        -0.5653693478486718,
        0.8248169543148133,
        0.005873022050256265,
        8.093028519927657
      ],
      [
        -0.002878831312260571,
        -0.009093360450375274,
        0.9999545105283515,
        1.031453275495096
      ],
      [
        0.0,
        0.0,
        0.0,
        1.0
      ]
    ],
    "location": [
      -76.94916754942119,
      8.093028519927657,
      1.031453275495096
    ],
    "rotation": [
      -0.009093523458671645,
      0.0028788352887425856,
      -0.6008838075963051
    ]
  },
  {
    "label_id": "TgST6r2jzZsmcynpfzb9uw",
    "size": [
      2.16611537132897,
      4.8409712348907865,
      1.5500000000000043
    ],
    "obj_class": "vehicle",
    "point_num_in_lidar": 272,
    "speed": 0.011531618590729356,
    "if_vehicle": true,
    "motion_state": false,
    "pose": [
      [
        -0.6044805335144459,
        0.7965844588718064,
        0.007515616142546454,
        -82.62799818983467
      ],
      [
        -0.7965665349213764,
        -0.6045223428917652,
        0.005873022050256265,
        -0.29839896263138144
      ],
      [
        0.009221715970612927,
        -0.002436560806186379,
        0.9999545105283515,
        1.147861828189292
      ],
      [
        0.0,
        0.0,
        0.0,
        1.0
      ]
    ],
    "location": [
      -82.62799818983467,
      -0.29839896263138144,
      1.147861828189292
    ],
    "rotation": [
      -0.002436666826636775,
      -0.009221846678139108,
      -2.2199422114437373
    ]
  },
  {
    "label_id": "Z2dtEUaK2GDXHzv6qEvFTQ",
    "size": [
      2.27663251521795,
      4.881560637125484,
      1.8900000000000077
    ],
    "obj_class": "vehicle",
    "point_num_in_lidar": 22,
    "speed": 0.0031462731065873095,
    "if_vehicle": true,
    "motion_state": false,
    "pose": [
      [
        -0.554068294180123,
        0.8324372894688984,
        0.007515616142546454,
        -95.43728928569249
      ],
      [
        -0.832421985033772,
        -0.5541111318539198,
        0.005873022050256265,
        9.437461230066901
      ],
      [
        0.009053409123832403,
        -0.003002108799062642,
        0.9999545105283515,
        1.2468252572278402
      ],
      [
        0.0,
        0.0,
        0.0,
        1.0
      ]
    ],
    "location": [
      -95.43728928569249,
      9.437461230066901,
      1.2468252572278402
    ],
    "rotation": [
      -0.0030022363494435914,
      -0.009053532804325588,
      -2.158066949093762
    ]
  },
  {
    "label_id": "dTAT3nn68HJZ0JqMhH207Q",
    "size": [
      2.1141209235564773,
      4.7908632190880756,
      1.8000000000000043
    ],
    "obj_class": "vehicle",
    "point_num_in_lidar": 169,
    "speed": 0.02573820128706687,
    "if_vehicle": true,
    "motion_state": false,
    "pose": [
      [
        0.5798170013866862,
        0.8147120720947674,
        0.007515616142546454,
        -53.82859752028867
      ],
      [
        -0.8147466245799376,
        0.5797874139265144,
        0.005873022050256265,
        -29.02182052239141
      ],
      [
        0.00042736231667116475,
        -0.009528600918035689,
        0.9999545105283515,
        1.2571090926805937
      ],
      [
        0.0,
        0.0,
        0.0,
        1.0
      ]
    ],
    "location": [
      -53.82859752028867,
      -29.02182052239141,
      1.2571090926805937
    ],
    "rotation": [
      -0.009528745984451019,
      -0.00042736232967997145,
      -0.9522921970641022
    ]
  },
  {
    "label_id": "erenwQ_eQmuBXO2n9nq_ng",
    "size": [
      0.6222674849493308,
      0.081554636983762,
      0.5499999999999972
    ],
    "obj_class": "sign",
    "point_num_in_lidar": 262,
    "speed": 0.0493768945996812,
    "if_vehicle": false,
    "motion_state": false,
    "pose": [
      [
        0.9275656692063275,
        0.37358458857909993,
        0.007515616142546454,
        -53.95191359665637
      ],
      [
        -0.37362964086469214,
        0.9275593776569339,
        0.005873022050256265,
        6.6728887907820535
      ],
      [
        -0.004777109705527825,
        -0.008255670588525985,
        0.9999545105283515,
        2.5695140456004992
      ],
      [
        0.0,
        0.0,
        0.0,
        1.0
      ]
    ],
    "location": [
      -53.95191359665637,
      6.6728887907820535,
      2.5695140456004992
    ],
    "rotation": [
      -0.008255858575681778,
      0.004777127875273744,
      -0.38292357836490815
    ]
  },
  {
    "label_id": "oBR4hESXDLTvTu3yzAraUQ",
    "size": [
      0.5494718476829122,
      0.5670563792509963,
      1.259999999999998
    ],
    "obj_class": "pedestrian",
    "point_num_in_lidar": 191,
    "speed": 1.532199557258527,
    "if_vehicle": false,
    "motion_state": true,
    "pose": [
      [
        0.9282319642861299,
        0.3719259818720798,
        0.007515616142546454,
        -55.055139554672905
      ],
      [
        -0.3719710453317499,
        0.9282257532770799,
        0.005873022050256265,
        5.686998968184298
      ],
      [
        -0.004791858962658628,
        -0.008247118386860304,
        0.9999545105283515,
        0.7980373700024046
      ],
      [
        0.0,
        0.0,
        0.0,
        1.0
      ]
    ],
    "location": [
      -55.055139554672905,
      5.686998968184298,
      0.7980373700024046
    ],
    "rotation": [
      -0.008247306567284157,
      0.004791877301222341,
      -0.38113613262925733
    ]
  },
  {
    "label_id": "vRu0lQfUzzNoSfbN7bDfrA",
    "size": [
      1.931080390969489,
      4.374675574569177,
      1.5500000000000043
    ],
    "obj_class": "vehicle",
    "point_num_in_lidar": 89,
    "speed": 2.0060481917824893e-29,
    "if_vehicle": true,
    "motion_state": false,
    "pose": [
      [
        0.8718660255051189,
        -0.4896867867156566,
        0.007515616142546454,
        -88.86299060736701
      ],
      [
        0.48965368533396925,
        0.8718972279178662,
        0.005873022050256265,
        -52.30406521046348
      ],
      [
        -0.009428786176881207,
        -0.001440439250907513,
        0.9999545105283515,
        1.1827468556610654
      ],
      [
        0.0,
        0.0,
        0.0,
        1.0
      ]
    ],
    "location": [
      -88.86299060736701,
      -52.30406521046348,
      1.1827468556610654
    ],
    "rotation": [
      -0.0014405037823349682,
      0.009428925888809146,
      0.5117174857318768
    ]
  },
  {
    "label_id": "xZlM_Rzp9EuUqJv3YC7YFg",
    "size": [
      2.1030426521575665,
      5.180136183712875,
      1.6200000000000045
    ],
    "obj_class": "vehicle",
    "point_num_in_lidar": 25,
    "speed": 6.294702195599637e-29,
    "if_vehicle": true,
    "motion_state": false,
    "pose": [
      [
        0.5828134360849724,
        0.8125712364050462,
        0.007515616142546454,
        -89.83071269724678
      ],
      [
        -0.8126058976186067,
        0.5827839760730006,
        0.005873022050256265,
        -60.4877142043415
      ],
      [
        0.0003922681306191829,
        -0.009530110162983513,
        0.9999545105283515,
        1.373749976450803
      ],
      [
        0.0,
        0.0,
        0.0,
        1.0
      ]
    ],
    "location": [
      -89.83071269724678,
      -60.4877142043415,
      1.373749976450803
    ],
    "rotation": [
      -0.009530255160998018,
      -0.00039226814067918,
      -0.9486096231773373
    ]
  },
  {
    "label_id": "xe_MVa2jIUTbr38huJMsLA",
    "size": [
      2.0283391660405137,
      4.865773762799213,
      1.6600000000000037
    ],
    "obj_class": "vehicle",
    "point_num_in_lidar": 119,
    "speed": 0.09982746750625253,
    "if_vehicle": true,
    "motion_state": false,
    "pose": [
      [
        0.5690857939020386,
        0.8222438048978442,
        0.007515616142546454,
        -75.13573592491139
      ],
      [
        -0.8222779665036084,
        0.5690557559806314,
        0.005873022050256265,
        -49.2216947105353
      ],
      [
        0.00055225137119464,
        -0.009522178974789058,
        0.9999545105283515,
        1.3128618281893054
      ],
      [
        0.0,
        0.0,
        0.0,
        1.0
      ]
    ],
    "location": [
      -75.13573592491139,
      -49.2216947105353,
      1.3128618281893054
    ],
    "rotation": [
      -0.009522324331769486,
      -0.0005522513992657262,
      -0.9654025909980057
    ]
  }
]