[
  {
    "label_id": "2jkagQ7baLoGmtYArPXEZw",
    "size": [
      0.8099197000992003,
      0.09113956112409018,
      0.8100000000000023
    ],
    "obj_class": "sign",
    "point_num_in_lidar": 358,
    "speed": 0.01311434635695982,
    "if_vehicle": false,
    "motion_state": false,
    "pose": [
      [
        -0.5336039934745425,
        0.8456378690114641,
        0.012781730781490499,
        -50.43371237332076
      ],
      [
        -0.8455961036055888,
        -0.5337291268819531,
        0.010022409135257999,
        -14.318381099852786
      ],
      [
        0.015297310713545712,
        -0.005460184207354581,
        0.9998680806353182,
        2.7476317802448307
      ],
      [
        0.0,
        0.0,
        0.0,
        1.0
      ]
    ],
    "location": [
      -50.43371237332076,
      -14.318381099852786,
      2.7476317802448307
    ],
    "rotation": [
      -0.005460850323307894,
      -0.015297907391167861,
      -2.133726405315092
    ]
  },
  {
    "label_id": "3Jb8n-x68v4llWSp-dVIkw",
    "size": [
      1.9589788787788822,
      4.2384509819869916,
      1.5900000000000034
    ],
    "obj_class": "vehicle",
    "point_num_in_lidar": 39,
    "speed": 0.0,
    "if_vehicle": true,
    "motion_state": false,
    "pose": [
      [
        0.5543747156236365,
        0.8321690345329137,
        0.012781730781490499,
        -61.97777166928495
      ],
      [
        -0.8322662423290902,
        0.554285533993574,
        0.010022409135257999,
        -40.8263349847407
      ],
      [
        0.0012556100622009385,
        -0.016193973262195554,
        0.9998680806353182,
        1.3273338925322022
      ],
      [
        0.0,
        0.0,
        0.0,
        1.0
      ]
    ],
    "location": [
      -61.97777166928495,
      -40.8263349847407,
      1.3273338925322022
    ],
    "rotation": [
      -0.016194693910248702,
      -0.0012556103921245669,
      -0.9831843261886407
    ]
  },
  {
    "label_id": "4J3R5PZfWXv99BiF4fnPyQ",
    "size": [
      1.8780553812458303,
      4.327234173477959,
      1.5100000000000051
    ],
    "obj_class": "vehicle",
    "point_num_in_lidar": 147,
    "speed": 2.0097183471152322e-13,
    "if_vehicle": true,
    "motion_state": false,
    "pose": [
      [
        -0.7604542636378269,
        0.6492656931282293,
        0.012781730781490499,
        -74.07012557245253
      ],
      [
        -0.6491886850492321,
        -0.7605613732758024,
        0.010022409135257999,
        -29.598874355742964
      ],
      [
        0.01622849713002999,
        -0.0006761712398594613,
        0.9998680806353182,
        1.0217732426964687
      ],
      [
        0.0,
        0.0,
        0.0,
        1.0
      ]
    ],
    "location": [
      -74.07012557245253,
      -29.598874355742964,
      1.0217732426964687
    ],
    "rotation": [
      -0.000676260348617647,
      -0.01622920954843983,
      -2.4349629250935045
    ]
  },
  {
    "label_id": "4t1GH0JW-BxqG0_PtXOSfQ",
    "size": [
      2.1124776642031096,
      4.533317026385355,
      1.480000000000004
    ],
    "obj_class": "vehicle",
    "point_num_in_lidar": 60,
    "speed": 0.03969944219015547,
    "if_vehicle": true,
    "motion_state": false,
    "pose": [
      [
        0.5123028029856657,
        -0.8587097678559735,
        0.012781730781490499,
        -72.07024034170331
      ],
      [
        0.8586711428792839,
        0.512428941124045,
        0.010022409135257999,
        20.260242732804727
      ],
      [
        -0.015156069391986772,
        0.005840795085455954,
        0.9998680806353182,
        1.1485886410121537
      ],
      [
        0.0,
        0.0,
        0.0,
        1.0
      ]
    ],
    "location": [
      -72.07024034170331,
      20.260242732804727,
      1.1485886410121537
    ],
    "rotation": [
      0.005841499256804227,
      0.01515664969309587,
      1.032863743670939
    ]
  },
  {
    "label_id": "5PcXcrPYu-JattLio83tAQ",
    "size": [
      2.3136901947642827,
      4.721240442604016,
      1.6000000000000014
    ],
    "obj_class": "vehicle",
    "point_num_in_lidar": 340,
    "speed": 1.0658141036401503e-13,
    "if_vehicle": true,
    "motion_state": false,
    "pose": [
      [
        -0.604448224921398,
        0.7965418826073118,
        0.012781730781490499,
        -68.12785944415509
      ],
      [
        -0.7964894958258538,
        -0.604569296569221,
        0.010022409135257999,
        -19.801747400706518
      ],
      [
        0.015710710628361997,
        -0.004122486894688464,
        0.9998680806353182,
        0.99465418504262
      ],
      [
        0.0,
        0.0,
        0.0,
        1.0
      ]
    ],
    "location": [
      -68.12785944415509,
      -19.801747400706518,
      0.99465418504262
    ],
    "rotation": [
      -0.004123007439537518,
      -0.01571135700325745,
      -2.2199630475907672
    ]
  },
  {
    "label_id": "7nXsiQpTR-g5s4tMuRi2Dg",
    "size": [
      1.0548164278456094,
      0.08896760708081115,
      1.0600000000000023
    ],
    "obj_class": "sign",
    "point_num_in_lidar": 131,
    "speed": 0.015862537213594607,
    "if_vehicle": false,
    "motion_state": false,
    "pose": [
      [
        0.5131348715778036,
        -0.8582128121445524,
        0.012781730781490499,
        -65.89233181253599
      ],
      [
        0.8581740649259113,
        0.513260972219458,
        0.010022409135257999,
        -10.396491864432846
      ],
      [
        -0.015161723495988204,
        0.0058261022370195295,
        0.9998680806353182,
        2.9339290170500263
      ],
      [
        0.0,
        0.0,
        0.0,
        1.0
      ]
    ],
    "location": [
      -65.89233181253599,
      -10.396491864432846,
      2.9339290170500263
    ],
    "rotation": [
      0.005826804970006758,
      0.015162304446843624,
      1.0318943930522244
    ]
  },
  {
    "label_id": "A71afLTioKyl3tkWQv2IOg",
    "size": [
      0.8360708759069345,
      0.9530676049360316,
      1.9099999999999966
    ],
    "obj_class": "pedestrian",
    "point_num_in_lidar": 376,
    "speed": 1.5830391173002816,
    "if_vehicle": false,
    "motion_state": true,
    "pose": [
      [
        0.9197600229590849,
        0.39227302676137893,
        0.012781730781490499,
        -55.03995677667126
      ],
      [
        -0.39240321099669206,
        0.9197386973019083,
        0.010022409135257999,
        6.318037668786701
      ],
      [
        -0.007824331651303224,
        -0.014233803457102368,
        0.9998680806353182,
        1.1520991304505088
      ],
      [
        0.0,
        0.0,
        0.0,
        1.0
      ]
    ],
    "location": [
      -55.03995677667126,
      6.318037668786701,
      1.1520991304505088
    ],
    "rotation": [
      -0.014234719893834062,
      0.007824411487982817,
      -0.40325597352796966
    ]
  },
  {
    "label_id": "DdkZD33RUI10n19fb0ZSHQ",
    "size": [
      1.9226905797254896,
      4.441115979024045,
      1.5899999999999963
    ],
    "obj_class": "vehicle",
    "point_num_in_lidar": 62,
    "speed": 1.5736751737065103e-28,
    "if_vehicle": true,
    "motion_state": false,
    "pose": [
      [
        0.8125792871745885,
        -0.5827105022333708,
        0.012781730781490499,
        -71.3120618691039
      ],
      [
        0.5826247219321514,
        0.8126795092215681,
        0.010022409135257999,
        -39.96006989089733
      ],
      [
        -0.01622761375929842,
        -0.000697049728522505,
        0.9998680806353182,
        1.0446541850427238
      ],
      [
        0.0,
        0.0,
        0.0,
        1.0
      ]
    ],
    "location": [
      -71.3120618691039,
      -39.96006989089733,
      1.0446541850427238
    ],
    "rotation": [
      -0.0006971415820735621,
      0.016228326061367534,
      0.6220488441444469
    ]
  },
  {
    "label_id": "HaaFYgd2bLDGtxDyeWGeVw",
    "size": [
      1.9048632422878928,
      4.348737170350024,
      1.4500000000000028
    ],
    "obj_class": "vehicle",
    "point_num_in_lidar": 44,
    "speed": 7.944109290391274e-14,
    "if_vehicle": true,
    "motion_state": false,
    "pose": [
      [
        -0.8362516501459922,
        0.5481968669979196,
        0.012781730781490499,
        -78.82855445392329
      ],
      [
        -0.5481069679387542,
        -0.8363481948399908,
        0.010022409135257999,
        -33.16527494236266
      ],
      [
        0.016184230753750087,
        0.0013755004741455668,
        0.9998680806353182,
        1.0938189518440495
      ],
      [
        0.0,
        0.0,
        0.0,
        1.0
      ]
    ],
    "location": [
      -78.82855445392329,
      -33.16527494236266,
      1.0938189518440495
    ],
    "rotation": [
      0.0013756810854094114,
      -0.016184937357812474,
      -2.561407543967008
    ]
  },
  {
    "label_id": "NLquV6ez3e_wjwo8hlQrSg",
    "size": [
      1.811652675088093,
      3.9252593428567555,
      1.5600000000000023
    ],
    "obj_class": "vehicle",
    "point_num_in_lidar": 1440,
    "speed": 0.011054604235408431,
    "if_vehicle": true,
    "motion_state": false,
    "pose": [
      [
        0.9010638794601501,
        -0.4334979959474483,
        0.012781730781490499,
        -38.879713386490266
      ],
      [
        0.4333961845980963,
        0.9011477672895487,
        0.010022409135257999,
        12.955806025969878
      ],
      [
        -0.015862922430536,
        -0.0034912775036943936,
        0.9998680806353182,
        1.269230354793848
      ],
      [
        0.0,
        0.0,
        0.0,
        1.0
      ]
    ],
    "location": [
      -38.879713386490266,
      12.955806025969878,
      1.269230354793848
    ],
    "rotation": [
      -0.0034917239409766594,
      0.015863587776509466,
      0.44831839461546713
    ]
  },
  {
    "label_id": "P2roxV-1Xaclsx6JHMyMUQ",
    "size": [
      2.1423166609329733,
      4.7485607311700075,
      1.500000000000007
    ],
    "obj_class": "vehicle",
    "point_num_in_lidar": 175,
    "speed": 10.052582442833236,
    "if_vehicle": true,
    "motion_state": true,
    "pose": [
      [
        0.8180635240011854,
        0.5749858242226424,
        0.012781730781490499,
        -78.60509371745934
      ],
      [
        -0.5751087264831379,
        0.8180155891167776,
        0.010022409135257999,
        9.246048374432576
      ],
      [
        -0.0046929118578201414,
        -0.015549852248164155,
        0.9998680806353182,
        1.0214542467429766
      ],
      [
        0.0,
        0.0,
        0.0,
        1.0
      ]
    ],
    "location": [
      -78.60509371745934,
      9.246048374432576,
      1.0214542467429766
    ],
    "rotation": [
      -0.015550650223986544,
      0.004692929083653671,
      -0.6127447881835508
    ]
  },
  {
    "label_id": "TgST6r2jzZsmcynpfzb9uw",
    "size": [
      2.166115371328963,
      4.8409712348907865,
      1.5500000000000043
    ],
    "obj_class": "vehicle",
    "point_num_in_lidar": 244,
    "speed": 0.011531618494443707,
    "if_vehicle": true,
    "motion_state": false,
    "pose": [
      [
        -0.6044482249214257,
        0.7965418826072909,
        0.012781730781490499,
        -82.62998775870597
      ],
      [
        -0.7964894958258328,
        -0.6045692965692486,
        0.010022409135257999,
        -0.29957576764309124
      ],
      [
        0.01571071062836214,
        -0.004122486894687919,
        0.9998680806353182,
        1.147861828189292
      ],
      [
        0.0,
        0.0,
        0.0,
        1.0
      ]
    ],
    "location": [
      -82.62998775870597,
      -0.29957576764309124,
      1.147861828189292
    ],
    "rotation": [
      -0.004123007439536973,
      -0.01571135700325759,
      -2.219963047590802
    ]
  },
  {
    "label_id": "Z2dtEUaK2GDXHzv6qEvFTQ",
    "size": [
      2.2766325152179463,
      4.881560637125484,
      1.8900000000000077
    ],
    "obj_class": "vehicle",
    "point_num_in_lidar": 23,
    "speed": 0.003146273106455318,
    "if_vehicle": true,
    "motion_state": false,
    "pose": [
      [
        -0.5540386800469452,
        0.8323927969234647,
        0.012781730781490499,
        -95.43698473006611
      ],
      [
        -0.8323479966611738,
        -0.5541627592767815,
        0.010022409135257999,
        9.438013500975103
      ],
      [
        0.015425740370212436,
        -0.005086045681647288,
        0.9998680806353182,
        1.2468252572278402
      ],
      [
        0.0,
        0.0,
        0.0,
        1.0
      ]
    ],
    "location": [
      -95.43698473006611,
      9.438013500975103,
      1.2468252572278402
    ],
    "rotation": [
      -0.005086672846365224,
      -0.015426352203793636,
      -2.158083294864333
    ]
  },
  {
    "label_id": "erenwQ_eQmuBXO2n9nq_ng",
    "size": [
      0.6222674849493315,
      0.081554636983762,
      0.5499999999999972
    ],
    "obj_class": "sign",
    "point_num_in_lidar": 222,
    "speed": 0.0425622331206131,
    "if_vehicle": false,
    "motion_state": false,
    "pose": [
      [
        0.9275160921892955,
        0.3735646210338014,
        0.012781730781490499,
        -53.96463177548685
      ],
      [
        -0.37369521047608506,
        0.9274974075340373,
        0.010022409135257999,
        6.678192016202729
      ],
      [
        -0.008111004693172079,
        -0.014072417330094544,
        0.9998680806353182,
        2.5709850736279733
      ],
      [
        0.0,
        0.0,
        0.0,
        1.0
      ]
    ],
    "location": [
      -53.96463177548685,
      6.678192016202729,
      2.5709850736279733
    ],
    "rotation": [
      -0.014073344808071918,
      0.008111093630804733,
      -0.3830029254439894
    ]
  },
  {
    "label_id": "oBR4hESXDLTvTu3yzAraUQ",
    "size": [
      0.5494718476826767,
      0.5670563792509963,
      1.259999999999998
    ],
    "obj_class": "pedestrian",
    "point_num_in_lidar": 140,
    "speed": 1.5642802843512338,
    "if_vehicle": false,
    "motion_state": true,
    "pose": [
      [
        0.9279117395658374,
        0.372580771020367,
        0.012781730781490499,
        -55.334732730057794
      ],
      [
        -0.3727113802044757,
        0.9278931934124748,
        0.010022409135257999,
        5.8002119008722275
      ],
      [
        -0.008125924069079752,
        -0.014063807616309145,
        0.9998680806353182,
        0.8020383883868689
      ],
      [
        0.0,
        0.0,
        0.0,
        1.0
      ]
    ],
    "location": [
      -55.334732730057794,
      5.8002119008722275,
      0.8020383883868689
    ],
    "rotation": [
      -0.014064735662649748,
      0.008126013498400883,
      -0.3819424854136078
    ]
  },
  {
    "label_id": "vRu0lQfUzzNoSfbN7bDfrA",
    "size": [
      1.9310803909694823,
      4.374675574569177,
      1.5500000000000043
    ],
    "obj_class": "vehicle",
    "point_num_in_lidar": 79,
    "speed": 6.018149358143623e-29,
    "if_vehicle": true,
    "motion_state": false,
    "pose": [
      [
        0.8718194255518924,
        -0.48966061367910546,
        0.012781730781490499,
        -88.86299060736724
      ],
      [
        0.48956431605270634,
        0.8719095892137966,
        0.010022409135257999,
        -52.30406521046348
      ],
      [
        -0.016052092642844226,
        -0.0024802516869364463,
        0.9998680806353182,
        1.1867453899077134
      ],
      [
        0.0,
        0.0,
        0.0,
        1.0
      ]
    ],
    "location": [
      -88.86299060736724,
      -52.30406521046348,
      1.1867453899077134
    ],
    "rotation": [
      -0.0024805738354587315,
      0.016052782079045938,
      0.5116623759806898
    ]
  },
  {
    "label_id": "xZlM_Rzp9EuUqJv3YC7YFg",
    "size": [
      2.103042652157574,
      5.180136183712875,
      1.6200000000000045
    ],
    "obj_class": "vehicle",
    "point_num_in_lidar": 26,
    "speed": 1.2589404391199274e-28,
    "if_vehicle": true,
    "motion_state": false,
    "pose": [
      [
        0.5827822855663546,
        0.8125278056708494,
        0.012781730781490499,
        -89.83071269724724
      ],
      [
        -0.8126280352955181,
        0.5826965141193756,
        0.010022409135257999,
        -60.48771420434127
      ],
      [
        0.0006956161314198194,
        -0.016227675275365637,
        0.9998680806353182,
        1.3737499764507959
      ],
      [
        0.0,
        0.0,
        0.0,
        1.0
      ]
    ],
    "location": [
      -89.83071269724724,
      -60.48771420434127,
      1.3737499764507959
    ],
    "rotation": [
      -0.01622839151219292,
      -0.0006956161875191628,
      -0.9486478384202229
    ]
  },
  {
    "label_id": "xe_MVa2jIUTbr38huJMsLA",
    "size": [
      2.028339166040514,
      4.865773762799213,
      1.6600000000000037
    ],
    "obj_class": "vehicle",
    "point_num_in_lidar": 109,
    "speed": 0.11204250825365993,
    "if_vehicle": true,
    "motion_state": false,
    "pose": [
      [
        0.5690553771056491,
        0.8221998571791271,
        0.012781730781490499,
        -75.12914161877097
      ],
      [
        -0.8222986323156398,
        0.5689679346034835,
        0.010022409135257999,
        -49.20477782165517
      ],
      [
        0.0009680283961974874,
        -0.016213705550217693,
        0.9998680806353182,
        1.3128618281892983
      ],
      [
        0.0,
        0.0,
        0.0,
        1.0
      ]
    ],
    "location": [
      -75.12914161877097,
      -49.20477782165517,
      1.3128618281892983
    ],
    "rotation": [
      -0.016214423619997875,
      -0.0009680285473840607,
      -0.9654393627023796
    ]
  }
]