[
  {
    "label_id": "5PcXcrPYu-JattLio83tAQ",
    "size": [
      2.313690194764287,
      4.721240442604016,
      1.6000000000000014
    ],
    "obj_class": "vehicle",
    "point_num_in_lidar": 28,
    "speed": 1.0658141036401503e-13,
    "if_vehicle": true,
    "motion_state": false,
    "pose": [
      [
        -0.6044853492079202,
        0.796590804992817,
        -0.006368044745013848,
        -68.12785944415509
      ],
      [
        -0.7966080485125878,
        -0.6044235141205017,
        0.009371906059613511,
        -19.801747400706518
      ],
      [
        0.0036165782094867227,
        0.010738015604355618,
        0.9999358056310091,
        0.9946541850426271
      ],
      [
        0.0,
        0.0,
        0.0,
        1.0
      ]
    ],
    "location": [
      -68.12785944415509,
      -19.801747400706518,
      0.9946541850426271
    ],
    "rotation": [
      0.01073829220225731,
      -0.00361658609345539,
      -2.2199209522632506
    ]
  },
  {
    "label_id": "68JMJ77ETNWIxLDk-9I9yw",
    "size": [
      2.0815817906819105,
      4.9203171510070485,
      1.4400000000000048
    ],
    "obj_class": "vehicle",
    "point_num_in_lidar": 5943,
    "speed": 0.09280506138413225,
    "if_vehicle": true,
    "motion_state": false,
    "pose": [
      [
        -0.9756920846289363,
        0.2190534272696185,
        -0.006368044745013848,
        -15.352822735517975
      ],
      [
        -0.21910648048104628,
        -0.9756559422193967,
        0.009371906059613511,
        0.8168357575098071
      ],
      [
        -0.004160072553384519,
        0.010539374431876672,
        0.9999358056310091,
        0.7608744242560945
      ],
      [
        0.0,
        0.0,
        0.0,
        1.0
      ]
    ],
    "location": [
      -15.352822735517975,
      0.8168357575098071,
      0.7608744242560945
    ],
    "rotation": [
      0.01053966076232478,
      0.004160084552655101,
      -2.920692106113811
    ]
  },
  {
    "label_id": "6_d919_pVLmz2ub8CYnOfg",
    "size": [
      2.0179148775347078,
      4.378968142903507,
      1.480000000000004
    ],
    "obj_class": "vehicle",
    "point_num_in_lidar": 486,
    "speed": 0.017151242665418773,
    "if_vehicle": true,
    "motion_state": false,
    "pose": [
      [
        0.999264393600291,
        -0.037816923311766365,
        -0.006368044745013848,
        -32.2690933183801
      ],
      [
        0.03787566842772747,
        0.9992385106259479,
        0.009371906059613511,
        -10.655994094632433
      ],
      [
        0.0060087788938655495,
        -0.009606205976833666,
        0.9999358056310091,
        0.7955711474772542
      ],
      [
        0.0,
        0.0,
        0.0,
        1.0
      ]
    ],
    "location": [
      -32.2690933183801,
      -10.655994094632433,
      0.7955711474772542
    ],
    "rotation": [
      -0.009606527155892835,
      -0.00600881505270445,
      0.03788541440614934
    ]
  },
  {
    "label_id": "NLquV6ez3e_wjwo8hlQrSg",
    "size": [
      1.811652675088093,
      3.9252593428567555,
      1.5600000000000023
    ],
    "obj_class": "vehicle",
    "point_num_in_lidar": 29,
    "speed": 0.03303364507551247,
    "if_vehicle": true,
    "motion_state": false,
    "pose": [
      [
        0.9011192214270168,
        -0.4335246207320782,
        -0.006368044745013848,
        -38.856449533724344
      ],
      [
        0.43356815238702584,
        0.9010720418548733,
        0.009371906059613511,
        12.985423121870326
      ],
      [
        0.0016751150609822104,
        -0.011206186086139634,
        0.9999358056310091,
        1.3196541850425518
      ],
      [
        0.0,
        0.0,
        0.0,
        1.0
      ]
    ],
    "location": [
      -38.856449533724344,
      12.985423121870326,
      1.3196541850425518
    ],
    "rotation": [
      -0.011206436365625166,
      -0.001675115844381599,
      0.4484493802464842
    ]
  },
  {
    "label_id": "TgST6r2jzZsmcynpfzb9uw",
    "size": [
      2.1661153713289703,
      4.8409712348907865,
      1.5500000000000043
    ],
    "obj_class": "vehicle",
    "point_num_in_lidar": 46,
    "speed": 0.011531618494090559,
    "if_vehicle": true,
    "motion_state": false,
    "pose": [
      [
        -0.6044853492079453,
        0.796590804992798,
        -0.006368044745013848,
        -82.6598301842987
      ],
      [
        -0.7966080485125688,
        -0.6044235141205269,
        0.009371906059613511,
        -0.3172271877633648
      ],
      [
        0.0036165782094863845,
        0.010738015604355732,
        0.9999358056310091,
        1.1478618281892992
      ],
      [
        0.0,
        0.0,
        0.0,
        1.0
      ]
    ],
    "location": [
      -82.6598301842987,
      -0.3172271877633648,
      1.1478618281892992
    ],
    "rotation": [
      0.010738292202257424,
      -0.0036165860934550516,
      -2.219920952263282
    ]
  },
  {
    "label_id": "kTHAHUaBCtWC10R_8Eb9VQ",
    "size": [
      2.4194994619116117,
      5.656335587001618,
      1.9500000000000028
    ],
    "obj_class": "vehicle",
    "point_num_in_lidar": 1312,
    "speed": 0.0325446739864243,
    "if_vehicle": true,
    "motion_state": false,
    "pose": [
      [
        -0.1370027452195125,
        -0.9905501985303131,
        -0.006368044745013848,
        -27.874153398154476
      ],
      [
        0.9905186018675564,
        -0.1370586251614663,
        0.009371906059613511,
        5.172742281333058
      ],
      [
        -0.010156138865675906,
        -0.005023689919354721,
        0.9999358056310091,
        1.176309848653574
      ],
      [
        0.0,
        0.0,
        0.0,
        1.0
      ]
    ],
    "location": [
      -27.874153398154476,
      5.172742281333058,
      1.176309848653574
    ],
    "rotation": [
      -0.0050239701634376965,
      0.0101563134699216,
      1.7082384511073423
    ]
  },
  {
    "label_id": "ztrl-FqRdvMBhbRINdJDoQ",
    "size": [
      2.0275622197680123,
      4.496196136969282,
      1.6000000000000014
    ],
    "obj_class": "vehicle",
    "point_num_in_lidar": 1307,
    "speed": 0.013381329397582058,
    "if_vehicle": true,
    "motion_state": false,
    "pose": [
      [
        -0.12270196216277773,
        -0.9924231337930055,
        -0.006368044745013848,
        -24.98058945608159
      ],
      [
        0.9923923463634151,
        -0.12275829200557303,
        0.009371906059613511,
        5.021852889259662
      ],
      [
        -0.010082626677608264,
        -0.005169647603531703,
        0.9999358056310091,
        0.9717251625894789
      ],
      [
        0.0,
        0.0,
        0.0,
        1.0
      ]
    ],
    "location": [
      -24.98058945608159,
      5.021852889259662,
      0.9717251625894789
    ],
    "rotation": [
      -0.005169933425585221,
      0.010082797517654153,
      1.6938145741893507
    ]
  }
]