[
  {
    "label_id": "2jkagQ7baLoGmtYArPXEZw",
    "size": [
      0.8099197000991991,
      0.09113956112409018,
      0.8099999999999952
    ],
    "obj_class": "sign",
    "point_num_in_lidar": 314,
    "speed": 0.01785298438858236,
    "if_vehicle": false,
    "motion_state": false,
    "pose": [
      [
        -0.533647341752797,
        0.8457065659216914,
        0.0009586433712575547,
        -50.432143545795725
      ],
      [
        -0.8456781554645297,
        -0.5336381086138873,
        0.0076698373583689375,
        -14.314327269520618
      ],
      [
        0.006998000448997213,
        0.0032822845600164914,
        0.9999701268526889,
        2.7365251189725726
      ],
      [
        0.0,
        0.0,
        0.0,
        1.0
      ]
    ],
    "location": [
      -50.432143545795725,
      -14.314327269520618,
      2.7365251189725726
    ],
    "rotation": [
      0.0032823708270230028,
      -0.006998057567947635,
      -2.133719276241957
    ]
  },
  {
    "label_id": "3Jb8n-x68v4llWSp-dVIkw",
    "size": [
      1.9589788787788789,
      4.2384509819869916,
      1.5900000000000034
    ],
    "obj_class": "vehicle",
    "point_num_in_lidar": 200,
    "speed": 0.0,
    "if_vehicle": true,
    "motion_state": false,
    "pose": [
      [
        0.5544197512487778,
        0.8322366372782022,
        0.0009586433712575547,
        -61.97777166928495
      ],
      [
        -0.8322166170033503,
        0.5543975793403098,
        0.0076698373583689375,
        -40.8263349847407
      ],
      [
        0.005851650087123872,
        -0.005050108263686139,
        0.9999701268526889,
        1.327333892532188
      ],
      [
        0.0,
        0.0,
        0.0,
        1.0
      ]
    ],
    "location": [
      -61.97777166928495,
      -40.8263349847407,
      1.327333892532188
    ],
    "rotation": [
      -0.005050216195660995,
      -0.005851683482818982,
      -0.983119332368248
    ]
  },
  {
    "label_id": "4J3R5PZfWXv99BiF4fnPyQ",
    "size": [
      1.8780553812458358,
      4.327234173477959,
      1.5100000000000051
    ],
    "obj_class": "vehicle",
    "point_num_in_lidar": 187,
    "speed": 2.0097183471152322e-13,
    "if_vehicle": true,
    "motion_state": false,
    "pose": [
      [
        -0.7605160405049699,
        0.6493184373922625,
        0.0009586433712575547,
        -74.0701255724523
      ],
      [
        -0.6492940451065801,
        -0.7604987945973553,
        0.0076698373583689375,
        -29.59887435574319
      ],
      [
        0.005709213936879032,
        0.005210592906765416,
        0.9999701268526889,
        1.0217732426964687
      ],
      [
        0.0,
        0.0,
        0.0,
        1.0
      ]
    ],
    "location": [
      -74.0701255724523,
      -29.59887435574319,
      1.0217732426964687
    ],
    "rotation": [
      0.005210701408417484,
      -0.00570924495275646,
      -2.4349229025090198
    ]
  },
  {
    "label_id": "4t1GH0JW-BxqG0_PtXOSfQ",
    "size": [
      2.112477664203105,
      4.533317026385355,
      1.480000000000004
    ],
    "obj_class": "vehicle",
    "point_num_in_lidar": 57,
    "speed": 0.039699442190126784,
    "if_vehicle": true,
    "motion_state": false,
    "pose": [
      [
        0.5123444208234642,
        -0.8587795266853743,
        0.0009586433712575547,
        -72.05998653472057
      ],
      [
        0.8587508943442209,
        0.5123359006139396,
        0.0076698373583689375,
        20.272410955483338
      ],
      [
        -0.0070778467113547005,
        -0.003106362526759118,
        0.9999701268526889,
        1.1380652751104634
      ],
      [
        0.0,
        0.0,
        0.0,
        1.0
      ]
    ],
    "location": [
      -72.05998653472057,
      20.272410955483338,
      1.1380652751104634
    ],
    "rotation": [
      -0.003106445333916264,
      0.007077905807887041,
      1.0328688652501572
    ]
  },
  {
    "label_id": "5PcXcrPYu-JattLio83tAQ",
    "size": [
      2.313690194764281,
      4.721240442604016,
      1.6000000000000014
    ],
    "obj_class": "vehicle",
    "point_num_in_lidar": 376,
    "speed": 1.0658141036401503e-13,
    "if_vehicle": true,
    "motion_state": false,
    "pose": [
      [
        -0.6044973283579526,
        0.7966065911169605,
        0.0009586433712575547,
        -68.12785944415509
      ],
      [
        -0.7965790813743154,
        -0.6044856828012951,
        0.0076698373583689375,
        -19.80174740070629
      ],
      [
        0.006689329185309352,
        0.0038727609360321197,
        0.9999701268526889,
        0.99465418504262
      ],
      [
        0.0,
        0.0,
        0.0,
        1.0
      ]
    ],
    "location": [
      -68.12785944415509,
      -19.80174740070629,
      0.99465418504262
    ],
    "rotation": [
      0.0038728572679044473,
      -0.0066893790743554156,
      -2.219948005943495
    ]
  },
  {
    "label_id": "7nXsiQpTR-g5s4tMuRi2Dg",
    "size": [
      1.0548164278456087,
      0.08896760708081115,
      1.0600000000000023
    ],
    "obj_class": "sign",
    "point_num_in_lidar": 190,
    "speed": 0.017969006242784524,
    "if_vehicle": false,
    "motion_state": false,
    "pose": [
      [
        0.5131765570101954,
        -0.8582825306028593,
        0.0009586433712575547,
        -65.89559415071676
      ],
      [
        0.858253906533416,
        0.5131680090526165,
        0.0076698373583689375,
        -10.402916035809994
      ],
      [
        -0.0070748325274729695,
        -0.0031132213100417837,
        0.9999701268526889,
        2.9313872491915376
      ],
      [
        0.0,
        0.0,
        0.0,
        1.0
      ]
    ],
    "location": [
      -65.89559415071676,
      -10.402916035809994,
      2.9313872491915376
    ],
    "rotation": [
      -0.003113304255763203,
      0.0070748915485354755,
      1.0318995899356798
    ]
  },
  {
    "label_id": "A71afLTioKyl3tkWQv2IOg",
    "size": [
      0.8360708759066684,
      0.9530676049360316,
      1.9099999999999966
    ],
    "obj_class": "pedestrian",
    "point_num_in_lidar": 694,
    "speed": 1.4585002328911119,
    "if_vehicle": false,
    "motion_state": true,
    "pose": [
      [
        0.9299943184144228,
        0.3675726441396038,
        0.0009586433712575547,
        -54.44744937649898
      ],
      [
        -0.36756883929481576,
        0.9299646885631507,
        0.0076698373583689375,
        6.061209258701183
      ],
      [
        0.0019277179137417234,
        -0.0074852725977166065,
        0.9999701268526889,
        1.1201051365536756
      ],
      [
        0.0,
        0.0,
        0.0,
        1.0
      ]
    ],
    "location": [
      -54.44744937649898,
      6.061209258701183,
      1.1201051365536756
    ],
    "rotation": [
      -0.007485356407009202,
      -0.0019277191076746388,
      -0.3763942385422572
    ]
  },
  {
    "label_id": "DdkZD33RUI10n19fb0ZSHQ",
    "size": [
      1.9226905797254883,
      4.441115979024045,
      1.5899999999999963
    ],
    "obj_class": "vehicle",
    "point_num_in_lidar": 85,
    "speed": 3.1473548497338073e-29,
    "if_vehicle": true,
    "motion_state": false,
    "pose": [
      [
        0.8126452985115862,
        -0.5827578397670011,
        0.0009586433712575547,
        -71.3120618691039
      ],
      [
        0.5827349914006764,
        0.8126260538477398,
        0.0076698373583689375,
        -39.96006989089733
      ],
      [
        -0.005248676430159645,
        -0.005674222232920954,
        0.9999701268526889,
        1.0446541850427167
      ],
      [
        0.0,
        0.0,
        0.0,
        1.0
      ]
    ],
    "location": [
      -71.3120618691039,
      -39.96006989089733,
      1.0446541850427167
    ],
    "rotation": [
      -0.005674330843317861,
      0.005248700529410053,
      0.622099994433495
    ]
  },
  {
    "label_id": "HaaFYgd2bLDGtxDyeWGeVw",
    "size": [
      1.9048632422878895,
      4.348737170350024,
      1.4500000000000028
    ],
    "obj_class": "vehicle",
    "point_num_in_lidar": 87,
    "speed": 7.944109290391274e-14,
    "if_vehicle": true,
    "motion_state": false,
    "pose": [
      [
        -0.8363195845498872,
        0.5482414007544402,
        0.0009586433712575547,
        -78.82855445392306
      ],
      [
        -0.5482193777145608,
        -0.8362994006294371,
        0.0076698373583689375,
        -33.165274942362885
      ],
      [
        0.005006635253710998,
        0.005888888320675309,
        0.9999701268526889,
        1.0866775687068184
      ],
      [
        0.0,
        0.0,
        0.0,
        1.0
      ]
    ],
    "location": [
      -78.82855445392306,
      -33.165274942362885,
      1.0866775687068184
    ],
    "rotation": [
      0.0058889961672774485,
      -0.0050066561703310565,
      -2.561350768279016
    ]
  },
  {
    "label_id": "NLquV6ez3e_wjwo8hlQrSg",
    "size": [
      1.8116526750880941,
      3.9252593428567555,
      1.5600000000000023
    ],
    "obj_class": "vehicle",
    "point_num_in_lidar": 1174,
    "speed": 0.01756454857226407,
    "if_vehicle": true,
    "motion_state": false,
    "pose": [
      [
        0.9011370790018339,
        -0.4335332119352898,
        0.0009586433712575547,
        -38.871794313907
      ],
      [
        0.4335140335965318,
        0.9011141749355411,
        0.0076698373583689375,
        12.961974185019471
      ],
      [
        -0.0041889763555431414,
        -0.006495989478885287,
        0.9999701268526889,
        1.2620284583876256
      ],
      [
        0.0,
        0.0,
        0.0,
        1.0
      ]
    ],
    "location": [
      -38.871794313907,
      12.961974185019471,
      1.2620284583876256
    ],
    "rotation": [
      -0.006496092162130952,
      0.004188988606666308,
      0.4483928697132839
    ]
  },
  {
    "label_id": "P2roxV-1Xaclsx6JHMyMUQ",
    "size": [
      2.1423166609330373,
      4.7485607311700075,
      1.500000000000007
    ],
    "obj_class": "vehicle",
    "point_num_in_lidar": 363,
    "speed": 9.980279946430166,
    "if_vehicle": true,
    "motion_state": true,
    "pose": [
      [
        0.8314640537533521,
        0.5555777248224855,
        0.0009586433712575547,
        -75.29392678699355
      ],
      [
        -0.5555677519872438,
        0.8314358944300736,
        0.0076698373583689375,
        6.940485912714166
      ],
      [
        0.0034641402805001306,
        -0.006909785404345371,
        0.9999701268526889,
        1.041448165541894
      ],
      [
        0.0,
        0.0,
        0.0,
        1.0
      ]
    ],
    "location": [
      -75.29392678699355,
      6.940485912714166,
      1.041448165541894
    ],
    "rotation": [
      -0.006909881851299708,
      -0.0034641472089727704,
      -0.5890496478156954
    ]
  },
  {
    "label_id": "TgST6r2jzZsmcynpfzb9uw",
    "size": [
      2.166115371328959,
      4.8409712348907865,
      1.5500000000000043
    ],
    "obj_class": "vehicle",
    "point_num_in_lidar": 340,
    "speed": 0.011531618590979578,
    "if_vehicle": true,
    "motion_state": false,
    "pose": [
      [
        -0.6044973283579788,
        0.7966065911169405,
        0.0009586433712575547,
        -82.62600944446763
      ],
      [
        -0.7965790813742955,
        -0.6044856828013213,
        0.0076698373583689375,
        -0.2972226447122921
      ],
      [
        0.006689329185309224,
        0.0038727609360323396,
        0.9999701268526889,
        1.147861828189285
      ],
      [
        0.0,
        0.0,
        0.0,
        1.0
      ]
    ],
    "location": [
      -82.62600944446763,
      -0.2972226447122921,
      1.147861828189285
    ],
    "rotation": [
      0.003872857267904667,
      -0.006689379074355287,
      -2.219948005943528
    ]
  },
  {
    "label_id": "Z2dtEUaK2GDXHzv6qEvFTQ",
    "size": [
      2.2766325152179427,
      4.881560637125484,
      1.8900000000000077
    ],
    "obj_class": "vehicle",
    "point_num_in_lidar": 28,
    "speed": 0.003146273080242995,
    "if_vehicle": true,
    "motion_state": false,
    "pose": [
      [
        -0.5540836883736353,
        0.8324604178464912,
        0.0009586433712575547,
        -95.43759371526016
      ],
      [
        -0.8324322406594309,
        -0.5540737661229012,
        0.0076698373583689375,
        9.436909187749507
      ],
      [
        0.006915995155243862,
        0.003451726123221724,
        0.9999701268526889,
        1.2468252572278402
      ],
      [
        0.0,
        0.0,
        0.0,
        1.0
      ]
    ],
    "location": [
      -95.43759371526016,
      9.436909187749507,
      1.2468252572278402
    ],
    "rotation": [
      0.0034518155306640427,
      -0.006916050289578597,
      -2.1580740817047595
    ]
  },
  {
    "label_id": "dTAT3nn68HJZ0JqMhH207Q",
    "size": [
      2.1141209235564777,
      4.7908632190880756,
      1.8000000000000043
    ],
    "obj_class": "vehicle",
    "point_num_in_lidar": 411,
    "speed": 0.03392496026910706,
    "if_vehicle": true,
    "motion_state": false,
    "pose": [
      [
        0.579833110980421,
        0.8147347079962001,
        0.0009586433712575547,
        -53.82186366767678
      ],
      [
        -0.8147153813307281,
        0.5798103319345236,
        0.0076698373583689375,
        -29.02786985100215
      ],
      [
        0.005693051369253389,
        -0.00522824715599119,
        0.9999701268526889,
        1.2571090926805937
      ],
      [
        0.0,
        0.0,
        0.0,
        1.0
      ]
    ],
    "location": [
      -53.82186366767678,
      -29.02786985100215,
      1.2571090926805937
    ],
    "rotation": [
      -0.005228355704073384,
      -0.005693082122458969,
      -0.9522609559507758
    ]
  },
  {
    "label_id": "erenwQ_eQmuBXO2n9nq_ng",
    "size": [
      0.6222674849493308,
      0.081554636983762,
      0.5499999999999972
    ],
    "obj_class": "sign",
    "point_num_in_lidar": 249,
    "speed": 0.05679506188026488,
    "if_vehicle": false,
    "motion_state": false,
    "pose": [
      [
        0.9275914406239611,
        0.37359496822635474,
        0.0009586433712575547,
        -53.93920066689543
      ],
      [
        -0.37359097134262176,
        0.9275618360660234,
        0.0076698373583689375,
        6.667587754118358
      ],
      [
        0.001976211638624972,
        -0.007472615992840196,
        0.9999701268526889,
        2.568043624698383
      ],
      [
        0.0,
        0.0,
        0.0,
        1.0
      ]
    ],
    "location": [
      -53.93920066689543,
      6.667587754118358,
      2.568043624698383
    ],
    "rotation": [
      -0.007472700131995119,
      -0.0019762129249474864,
      -0.38287808027026293
    ]
  },
  {
    "label_id": "oBR4hESXDLTvTu3yzAraUQ",
    "size": [
      0.5494718476827679,
      0.5670563792509963,
      1.259999999999998
    ],
    "obj_class": "pedestrian",
    "point_num_in_lidar": 250,
    "speed": 1.490514534318238,
    "if_vehicle": false,
    "motion_state": true,
    "pose": [
      [
        0.928527785997955,
        0.3712616754159019,
        0.0009586433712575547,
        -54.775662105903166
      ],
      [
        -0.3712577529753571,
        0.9284981714847826,
        0.0076698373583689375,
        5.573832895543092
      ],
      [
        0.00195741805051688,
        -0.0074775608852485145,
        0.9999701268526889,
        0.7940380076823885
      ],
      [
        0.0,
        0.0,
        0.0,
        1.0
      ]
    ],
    "location": [
      -54.775662105903166,
      5.573832895543092,
      0.7940380076823885
    ],
    "rotation": [
      -0.007477644895812525,
      -0.0019574193004888237,
      -0.38036398433179314
    ]
  },
  {
    "label_id": "vRu0lQfUzzNoSfbN7bDfrA",
    "size": [
      1.9310803909694907,
      4.374675574569177,
      1.5500000000000043
    ],
    "obj_class": "vehicle",
    "point_num_in_lidar": 107,
    "speed": 2.7056661287843684e-13,
    "if_vehicle": true,
    "motion_state": false,
    "pose": [
      [
        0.8718902493678683,
        -0.4897003921380123,
        0.0009586433712575547,
        -88.86299060736678
      ],
      [
        0.4896798025663583,
        0.8718686050968164,
        0.0076698373583689375,
        -52.30406521046348
      ],
      [
        -0.004591733420911679,
        -0.006217828110230338,
        0.9999701268526889,
        1.1787499764506322
      ],
      [
        0.0,
        0.0,
        0.0,
        1.0
      ]
    ],
    "location": [
      -88.86299060736678,
      -52.30406521046348,
      1.1787499764506322
    ],
    "rotation": [
      -0.006217933726600042,
      0.00459174955642811,
      0.5117283957557904
    ]
  },
  {
    "label_id": "xZlM_Rzp9EuUqJv3YC7YFg",
    "size": [
      2.1030426521575687,
      5.180136183712875,
      1.6200000000000045
    ],
    "obj_class": "vehicle",
    "point_num_in_lidar": 35,
    "speed": 3.552713678800501e-14,
    "if_vehicle": true,
    "motion_state": false,
    "pose": [
      [
        0.5828296289314312,
        0.8125938128256557,
        0.0009586433712575547,
        -89.83071269724678
      ],
      [
        -0.8125745701803753,
        0.5828067788650664,
        0.0076698373583689375,
        -60.4877142043415
      ],
      [
        0.005673758527506707,
        -0.00524917768689847,
        0.9999701268526889,
        1.3737499764507888
      ],
      [
        0.0,
        0.0,
        0.0,
        1.0
      ]
    ],
    "location": [
      -89.83071269724678,
      -60.4877142043415,
      1.3737499764507888
    ],
    "rotation": [
      -0.00524928628580395,
      -0.005673788969114512,
      -0.9485782062147797
    ]
  },
  {
    "label_id": "xe_MVa2jIUTbr38huJMsLA",
    "size": [
      2.0283391660405075,
      4.865773762799213,
      1.6600000000000037
    ],
    "obj_class": "vehicle",
    "point_num_in_lidar": 122,
    "speed": 0.0877080797614917,
    "if_vehicle": true,
    "motion_state": false,
    "pose": [
      [
        0.569101605340679,
        0.8222666500603978,
        0.0009586433712575547,
        -75.14232750159772
      ],
      [
        -0.8222470264087869,
        0.5690790816369933,
        0.0076698373583689375,
        -49.23860459733328
      ],
      [
        0.005761107581841477,
        -0.0051531584147526946,
        0.9999701268526889,
        1.3128618281892983
      ],
      [
        0.0,
        0.0,
        0.0,
        1.0
      ]
    ],
    "location": [
      -75.14232750159772,
      -49.23860459733328,
      1.3128618281892983
    ],
    "rotation": [
      -0.0051532667429385805,
      -0.005761139451190456,
      -0.9653719815193217
    ]
  }
]