[
  {
    "label_id": "2jkagQ7baLoGmtYArPXEZw",
    "size": [
      0.8099197000991997,
      0.09113956112409018,
      0.8099999999999952
    ],
    "obj_class": "sign",
    "point_num_in_lidar": 240,
    "speed": 0.021517259791914597,
    "if_vehicle": false,
    "motion_state": false,
    "pose": [
      [
        -0.5336354698307084,
        0.8456877516942548,
        0.006738840618045463,
        -50.428467532399736
      ],
      [
        -0.8456490499806024,
        -0.5336763757642833,
        0.008198183823504897,
        -14.308776193820904
      ],
      [
        0.010529463683567712,
        -0.001323852490206292,
        0.9999436873190013,
        2.7463638723859987
      ],
      [
        0.0,
        0.0,
        0.0,
        1.0
      ]
    ],
    "location": [
      -50.428467532399736,
      -14.308776193820904,
      2.7463638723859987
    ],
    "rotation": [
      -0.0013239262705695462,
      -0.010529658259522911,
      -2.1337247689198935
    ]
  },
  {
    "label_id": "3Jb8n-x68v4llWSp-dVIkw",
    "size": [
      1.958978878778876,
      4.2384509819869916,
      1.5900000000000034
    ],
    "obj_class": "vehicle",
    "point_num_in_lidar": 259,
    "speed": 0.0,
    "if_vehicle": true,
    "motion_state": false,
    "pose": [
      [
        0.554407417207969,
        0.832218122712978,
        0.006738840618045463,
        -61.977771669285175
      ],
      [
        -0.8322396808581958,
        0.5543553944781672,
        0.008198183823504897,
        -40.82633498474047
      ],
      [
        0.0030869645021110626,
        -0.010153464484701906,
        0.9999436873190013,
        1.327333892532188
      ],
      [
        0.0,
        0.0,
        0.0,
        1.0
      ]
    ],
    "location": [
      -61.977771669285175,
      -40.82633498474047,
      1.327333892532188
    ],
    "rotation": [
      -0.010153687331843117,
      -0.0030869694049261995,
      -0.9831423845231437
    ]
  },
  {
    "label_id": "4J3R5PZfWXv99BiF4fnPyQ",
    "size": [
      1.8780553812458316,
      4.327234173477959,
      1.5100000000000051
    ],
    "obj_class": "vehicle",
    "point_num_in_lidar": 185,
    "speed": 2.0097183471152322e-13,
    "if_vehicle": true,
    "motion_state": false,
    "pose": [
      [
        -0.7604991214903476,
        0.649303992163558,
        0.006738840618045463,
        -74.07012557245253
      ],
      [
        -0.649254897333021,
        -0.7605267043773574,
        0.008198183823504897,
        -29.598874355742737
      ],
      [
        0.010448181731658823,
        0.0018594863219791556,
        0.9999436873190013,
        1.0217732426964545
      ],
      [
        0.0,
        0.0,
        0.0,
        1.0
      ]
    ],
    "location": [
      -74.07012557245253,
      -29.598874355742737,
      1.0217732426964545
    ],
    "rotation": [
      0.001859588897003182,
      -0.010448371836089381,
      -2.4349416909350534
    ]
  },
  {
    "label_id": "4t1GH0JW-BxqG0_PtXOSfQ",
    "size": [
      2.1124776642031007,
      4.533317026385355,
      1.480000000000004
    ],
    "obj_class": "vehicle",
    "point_num_in_lidar": 72,
    "speed": 0.0396994431864907,
    "if_vehicle": true,
    "motion_state": false,
    "pose": [
      [
        0.5123330228222582,
        -0.8587604216269705,
        0.006738840618045463,
        -72.0522986466076
      ],
      [
        0.8587227543393353,
        0.5123748832269801,
        0.008198183823504897,
        20.28153419474961
      ],
      [
        -0.01049308847160475,
        0.001586595476632986,
        0.9999436873190013,
        1.1301752826657179
      ],
      [
        0.0,
        0.0,
        0.0,
        1.0
      ]
    ],
    "location": [
      -72.0522986466076,
      20.28153419474961,
      1.1301752826657179
    ],
    "rotation": [
      0.0015866834955821378,
      0.010493281037898755,
      1.0328642355485385
    ]
  },
  {
    "label_id": "5PcXcrPYu-JattLio83tAQ",
    "size": [
      2.3136901947642823,
      4.721240442604016,
      1.6000000000000014
    ],
    "obj_class": "vehicle",
    "point_num_in_lidar": 379,
    "speed": 1.0658141036401503e-13,
    "if_vehicle": true,
    "motion_state": false,
    "pose": [
      [
        -0.6044838802535154,
        0.7965888692046721,
        0.006738840618045463,
        -68.12785944415509
      ],
      [
        -0.7965467884408697,
        -0.6045213012016469,
        0.008198183823504897,
        -19.801747400706518
      ],
      [
        0.010604354680509156,
        -0.0004121318834551579,
        0.9999436873190013,
        0.99465418504262
      ],
      [
        0.0,
        0.0,
        0.0,
        1.0
      ]
    ],
    "location": [
      -68.12785944415509,
      -19.801747400706518,
      0.99465418504262
    ],
    "rotation": [
      -0.00041215506967558983,
      -0.01060455343798029,
      -2.219956815149215
    ]
  },
  {
    "label_id": "7nXsiQpTR-g5s4tMuRi2Dg",
    "size": [
      1.0548164278456087,
      0.08896760708081115,
      1.0600000000000023
    ],
    "obj_class": "sign",
    "point_num_in_lidar": 261,
    "speed": 0.013919178173252621,
    "if_vehicle": false,
    "motion_state": false,
    "pose": [
      [
        0.5131651404966634,
        -0.8582634366010032,
        0.006738840618045463,
        -65.89804011941533
      ],
      [
        0.8582257287576306,
        0.5132069643724936,
        0.008198183823504897,
        -10.407732618650698
      ],
      [
        -0.010494621359225235,
        0.0015764242467972255,
        0.9999436873190013,
        2.9294815348614236
      ],
      [
        0.0,
        0.0,
        0.0,
        1.0
      ]
    ],
    "location": [
      -65.89804011941533,
      -10.407732618650698,
      2.9294815348614236
    ],
    "rotation": [
      0.0015765117183892325,
      0.010494814009927763,
      1.0318949276556277
    ]
  },
  {
    "label_id": "A71afLTioKyl3tkWQv2IOg",
    "size": [
      0.8360708759066664,
      0.9530676049360316,
      1.9100000000000037
    ],
    "obj_class": "pedestrian",
    "point_num_in_lidar": 905,
    "speed": 1.35445092785994,
    "if_vehicle": false,
    "motion_state": true,
    "pose": [
      [
        0.9371549763147581,
        0.3488483028418079,
        0.006738840618045463,
        -54.04201159257104
      ],
      [
        -0.34889627662885747,
        0.9371254867607196,
        0.008198183823504897,
        5.905735391888129
      ],
      [
        -0.003455216781173916,
        -0.010034125167372137,
        0.9999436873190013,
        1.1401052555443556
      ],
      [
        0.0,
        0.0,
        0.0,
        1.0
      ]
    ],
    "location": [
      -54.04201159257104,
      5.905735391888129,
      1.1401052555443556
    ],
    "rotation": [
      -0.010034353453624679,
      0.0034552236562416893,
      -0.3563953370253456
    ]
  },
  {
    "label_id": "DdkZD33RUI10n19fb0ZSHQ",
    "size": [
      1.9226905797254839,
      4.441115979024045,
      1.5899999999999963
    ],
    "obj_class": "vehicle",
    "point_num_in_lidar": 73,
    "speed": 1.0658141036401503e-13,
    "if_vehicle": true,
    "motion_state": false,
    "pose": [
      [
        0.8126272197900888,
        -0.5827448752956608,
        0.006738840618045463,
        -71.3120618691039
      ],
      [
        0.5826936260266256,
        0.8126505571092282,
        0.008198183823504897,
        -39.9600698908971
      ],
      [
        -0.010253772192404207,
        -0.0027353878528784477,
        0.9999436873190013,
        1.0446541850427096
      ],
      [
        0.0,
        0.0,
        0.0,
        1.0
      ]
    ],
    "location": [
      -71.3120618691039,
      -39.9600698908971,
      1.0446541850427096
    ],
    "rotation": [
      -0.0027355350750812597,
      0.010253951880907676,
      0.6220769126290039
    ]
  },
  {
    "label_id": "HaaFYgd2bLDGtxDyeWGeVw",
    "size": [
      1.9048632422878884,
      4.348737170350024,
      1.4500000000000028
    ],
    "obj_class": "vehicle",
    "point_num_in_lidar": 38,
    "speed": 7.944109290391274e-14,
    "if_vehicle": true,
    "motion_state": false,
    "pose": [
      [
        -0.8363009791523325,
        0.5482292041618856,
        0.006738840618045463,
        -78.82855445392306
      ],
      [
        -0.5481770232092712,
        -0.8363221514508736,
        0.008198183823504897,
        -33.16527494236266
      ],
      [
        0.010130325477101252,
        0.003162071568986071,
        0.9999436873190013,
        1.0813232496111809
      ],
      [
        0.0,
        0.0,
        0.0,
        1.0
      ]
    ],
    "location": [
      -78.82855445392306,
      -33.16527494236266,
      1.0813232496111809
    ],
    "rotation": [
      0.0031622391031593676,
      -0.010130498753336463,
      -2.56137599195224
    ]
  },
  {
    "label_id": "NLquV6ez3e_wjwo8hlQrSg",
    "size": [
      1.8116526750880948,
      3.9252593428567555,
      1.5600000000000023
    ],
    "obj_class": "vehicle",
    "point_num_in_lidar": 985,
    "speed": 0.015495577306747195,
    "if_vehicle": true,
    "motion_state": false,
    "pose": [
      [
        0.9011170316253093,
        -0.43352356722779867,
        0.006738840618045463,
        -38.86585691484402
      ],
      [
        0.43346905569790894,
        0.9011311600063328,
        0.008198183823504897,
        12.966598820212539
      ],
      [
        -0.009626685159192178,
        -0.004466444192552483,
        0.9999436873190013,
        1.256628768900086
      ],
      [
        0.0,
        0.0,
        0.0,
        1.0
      ]
    ],
    "location": [
      -38.86585691484402,
      12.966598820212539,
      1.256628768900086
    ],
    "rotation": [
      -0.004466666018952123,
      0.009626833854466653,
      0.44836102752529927
    ]
  },
  {
    "label_id": "P2roxV-1Xaclsx6JHMyMUQ",
    "size": [
      2.142316660933042,
      4.7485607311700075,
      1.500000000000007
    ],
    "obj_class": "vehicle",
    "point_num_in_lidar": 606,
    "speed": 9.882232425686336,
    "if_vehicle": true,
    "motion_state": true,
    "pose": [
      [
        0.8411396850481844,
        0.5407759409072908,
        0.006738840618045463,
        -72.83935833663782
      ],
      [
        -0.540816517726083,
        0.8411006384117357,
        0.008198183823504897,
        5.27650995171939
      ],
      [
        -0.0012346625751061826,
        -0.010540294075832462,
        0.9999436873190013,
        1.0189486921163464
      ],
      [
        0.0,
        0.0,
        0.0,
        1.0
      ]
    ],
    "location": [
      -72.83935833663782,
      5.27650995171939,
      1.0189486921163464
    ],
    "rotation": [
      -0.010540497287059858,
      0.0012346628887912896,
      -0.5714080236818858
    ]
  },
  {
    "label_id": "TgST6r2jzZsmcynpfzb9uw",
    "size": [
      2.166115371328967,
      4.8409712348907865,
      1.5500000000000043
    ],
    "obj_class": "vehicle",
    "point_num_in_lidar": 372,
    "speed": 0.011531618590857266,
    "if_vehicle": true,
    "motion_state": false,
    "pose": [
      [
        -0.6044838802535423,
        0.7965888692046518,
        0.006738840618045463,
        -82.62302666599408
      ],
      [
        -0.7965467884408493,
        -0.6045213012016738,
        0.008198183823504897,
        -0.29545836868805964
      ],
      [
        0.01060435468050917,
        -0.0004121318834548001,
        0.9999436873190013,
        1.147861828189285
      ],
      [
        0.0,
        0.0,
        0.0,
        1.0
      ]
    ],
    "location": [
      -82.62302666599408,
      -0.29545836868805964,
      1.147861828189285
    ],
    "rotation": [
      -0.00041215506967523193,
      -0.010604553437980304,
      -2.219956815149249
    ]
  },
  {
    "label_id": "VKg8HzJwHVvqUzpEpAy3Ig",
    "size": [
      2.199389613279071,
      4.95022499096474,
      1.6500000000000057
    ],
    "obj_class": "vehicle",
    "point_num_in_lidar": 22,
    "speed": 0.033929083323980175,
    "if_vehicle": true,
    "motion_state": false,
    "pose": [
      [
        0.5690889446763068,
        0.8222483572950036,
        0.006738840618045463,
        -76.94662964392751
      ],
      [
        -0.8222708352588927,
        0.569037312717399,
        0.008198183823504897,
        -51.463389756262586
      ],
      [
        0.0029062914255559274,
        -0.010206647884057568,
        0.9999436873190013,
        1.3330955613825708
      ],
      [
        0.0,
        0.0,
        0.0,
        1.0
      ]
    ],
    "location": [
      -76.94662964392751,
      -51.463389756262586,
      1.3330955613825708
    ],
    "rotation": [
      -0.010206868214310624,
      -0.0029062955169176915,
      -0.965395941866592
    ]
  },
  {
    "label_id": "Z2dtEUaK2GDXHzv6qEvFTQ",
    "size": [
      2.2766325152179463,
      4.881560637125484,
      1.8900000000000077
    ],
    "obj_class": "vehicle",
    "point_num_in_lidar": 29,
    "speed": 0.0031462731068039344,
    "if_vehicle": true,
    "motion_state": false,
    "pose": [
      [
        -0.5540713618091365,
        0.8324418983028746,
        0.006738840618045463,
        -95.43805030763065
      ],
      [
        -0.8324022119272065,
        -0.5541113131498849,
        0.008198183823504897,
        9.436081218535264
      ],
      [
        0.01055857952864729,
        -0.0010670469608349547,
        0.9999436873190013,
        1.246825257227833
      ],
      [
        0.0,
        0.0,
        0.0,
        1.0
      ]
    ],
    "location": [
      -95.43805030763065,
      9.436081218535264,
      1.246825257227833
    ],
    "rotation": [
      -0.001067106647449792,
      -0.010558775723235781,
      -2.1580804596138123
    ]
  },
  {
    "label_id": "dTAT3nn68HJZ0JqMhH207Q",
    "size": [
      2.1141209235564737,
      4.7908632190880756,
      1.8000000000000043
    ],
    "obj_class": "vehicle",
    "point_num_in_lidar": 588,
    "speed": 0.05399442945759994,
    "if_vehicle": true,
    "motion_state": false,
    "pose": [
      [
        0.5798202115748039,
        0.814716582792123,
        0.006738840618045463,
        -53.81176403855966
      ],
      [
        -0.8147397357506387,
        0.5797688787534006,
        0.008198183823504897,
        -29.03694281099888
      ],
      [
        0.0027722262405654808,
        -0.010243873903485776,
        0.9999436873190013,
        1.2571090926805937
      ],
      [
        0.0,
        0.0,
        0.0,
        1.0
      ]
    ],
    "location": [
      -53.81176403855966,
      -29.03694281099888,
      1.2571090926805937
    ],
    "rotation": [
      -0.010244092437696747,
      -0.002772229791447654,
      -0.9522855872878193
    ]
  },
  {
    "label_id": "erenwQ_eQmuBXO2n9nq_ng",
    "size": [
      0.6222674849493323,
      0.081554636983762,
      0.5499999999999972
    ],
    "obj_class": "sign",
    "point_num_in_lidar": 321,
    "speed": 0.0550052270326608,
    "if_vehicle": false,
    "motion_state": false,
    "pose": [
      [
        0.9275708047237197,
        0.37358665695031934,
        0.006738840618045463,
        -53.92013344297925
      ],
      [
        -0.37363383154591895,
        0.9275400528852173,
        0.008198183823504897,
        6.659637104271724
      ],
      [
        -0.003187812495559558,
        -0.010122254806739015,
        0.9999436873190013,
        2.5658382444186856
      ],
      [
        0.0,
        0.0,
        0.0,
        1.0
      ]
    ],
    "location": [
      -53.92013344297925,
      6.659637104271724,
      2.5658382444186856
    ],
    "rotation": [
      -0.010122479104107416,
      0.0031878178947549137,
      -0.3829255467478874
    ]
  },
  {
    "label_id": "oAK8Wb2FSraMOewPK4CSdw",
    "size": [
      2.1219200592226635,
      4.675831309369306,
      1.5700000000000074
    ],
    "obj_class": "vehicle",
    "point_num_in_lidar": 23,
    "speed": 0.005813928715890378,
    "if_vehicle": true,
    "motion_state": false,
    "pose": [
      [
        -0.5540713618089894,
        0.8324418983029725,
        0.006738840618045463,
        -97.6279513759307
      ],
      [
        -0.8324022119273045,
        -0.5541113131497378,
        0.008198183823504897,
        11.199120000814673
      ],
      [
        0.010558579528647102,
        -0.0010670469608368208,
        0.9999436873190013,
        1.1002322881113713
      ],
      [
        0.0,
        0.0,
        0.0,
        1.0
      ]
    ],
    "location": [
      -97.6279513759307,
      11.199120000814673,
      1.1002322881113713
    ],
    "rotation": [
      -0.0010671066474516582,
      -0.010558775723235594,
      -2.1580804596136356
    ]
  },
  {
    "label_id": "oBR4hESXDLTvTu3yzAraUQ",
    "size": [
      0.5494718476824397,
      0.5670563792509963,
      1.259999999999998
    ],
    "obj_class": "pedestrian",
    "point_num_in_lidar": 388,
    "speed": 1.4225042843395423,
    "if_vehicle": false,
    "motion_state": true,
    "pose": [
      [
        0.9289112026239703,
        0.3702412263198328,
        0.006738840618045463,
        -54.35649365335075
      ],
      [
        -0.3702885114399775,
        0.9288806210044226,
        0.008198183823504897,
        5.404103109619427
      ],
      [
        -0.0032242728257300276,
        -0.010110700056111626,
        0.9999436873190013,
        0.7880396470910043
      ],
      [
        0.0,
        0.0,
        0.0,
        1.0
      ]
    ],
    "location": [
      -54.35649365335075,
      5.404103109619427,
      0.7880396470910043
    ],
    "rotation": [
      -0.010110924885392458,
      0.003224278412311419,
      -0.3793216626363074
    ]
  },
  {
    "label_id": "vRu0lQfUzzNoSfbN7bDfrA",
    "size": [
      1.931080390969486,
      4.374675574569177,
      1.5500000000000043
    ],
    "obj_class": "vehicle",
    "point_num_in_lidar": 94,
    "speed": 2.7056661287843684e-13,
    "if_vehicle": true,
    "motion_state": false,
    "pose": [
      [
        0.8718708526384191,
        -0.48968949789298183,
        0.006738840618045463,
        -88.86299060736701
      ],
      [
        0.4896359899020851,
        0.8718884029361792,
        0.008198183823504897,
        -52.30406521046325
      ],
      [
        -0.009890081504275592,
        -0.003848178623476641,
        0.9999436873190013,
        1.2337499764506887
      ],
      [
        0.0,
        0.0,
        0.0,
        1.0
      ]
    ],
    "location": [
      -88.86299060736701,
      -52.30406521046325,
      1.2337499764506887
    ],
    "rotation": [
      -0.0038483763386712995,
      0.009890242742303691,
      0.511699692401252
    ]
  },
  {
    "label_id": "xZlM_Rzp9EuUqJv3YC7YFg",
    "size": [
      2.103042652157562,
      5.180136183712875,
      1.6200000000000045
    ],
    "obj_class": "vehicle",
    "point_num_in_lidar": 31,
    "speed": 3.552713678800501e-14,
    "if_vehicle": true,
    "motion_state": false,
    "pose": [
      [
        0.5828166628630131,
        0.8125757352495492,
        0.006738840618045463,
        -89.83071269724724
      ],
      [
        -0.8125990770961063,
        0.5827654156558643,
        0.008198183823504897,
        -60.48771420434127
      ],
      [
        0.0027344819942815676,
        -0.01025401380447416,
        0.9999436873190013,
        1.3737499764507888
      ],
      [
        0.0,
        0.0,
        0.0,
        1.0
      ]
    ],
    "location": [
      -89.83071269724724,
      -60.48771420434127,
      1.3737499764507888
    ],
    "rotation": [
      -0.010254231844550332,
      -0.002734485402091897,
      -0.9486030259611441
    ]
  },
  {
    "label_id": "xe_MVa2jIUTbr38huJMsLA",
    "size": [
      2.0283391660405075,
      4.865773762799213,
      1.6600000000000037
    ],
    "obj_class": "vehicle",
    "point_num_in_lidar": 93,
    "speed": 0.06689328414349945,
    "if_vehicle": true,
    "motion_state": false,
    "pose": [
      [
        0.5690889446762484,
        0.822248357295044,
        0.006738840618045463,
        -75.1522137411198
      ],
      [
        -0.8222708352589331,
        0.5690373127173405,
        0.008198183823504897,
        -49.26396654017731
      ],
      [
        0.0029062914255566525,
        -0.010206647884057361,
        0.9999436873190013,
        1.3128618281892912
      ],
      [
        0.0,
        0.0,
        0.0,
        1.0
      ]
    ],
    "location": [
      -75.1522137411198,
      -49.26396654017731,
      1.3128618281892912
    ],
    "rotation": [
      -0.010206868214310418,
      -0.0029062955169184166,
      -0.965395941866663
    ]
  }
]