[
  {
    "label_id": "B10xEifLkYpAfCa0dfoG3A",
    "size": [
      2.0347904478972763,
      4.911770538857729,
      1.720000000000006
    ],
    "obj_class": "vehicle",
    "point_num_in_lidar": 125,
    "speed": 1.0048591735576161e-13,
    "if_vehicle": true,
    "motion_state": false,
    "pose": [
      [
        0.7242659466549196,
        -0.6894376496922905,
        0.010703536930545758,
        -102.79099443273344
      ],
      [
        0.6892151579479554,
        0.7243198409073693,
        0.018526578817953873,
        42.894208988337596
      ],
      [
        -0.020525705123768147,
        -0.006041130249674472,
        0.9997710738836559,
        1.2518252572277575
      ],
      [
        0.0,
        0.0,
        0.0,
        1.0
      ]
    ],
    "location": [
      -102.79099443273344,
      42.894208988337596,
      1.2518252572277575
    ],
    "rotation": [
      -0.006042439999085498,
      0.020527146659312705,
      0.7606057506685329
    ]
  },
  {
    "label_id": "GiYwKXe8Hcx36ANEAv2o8Q",
    "size": [
      1.8965675352619402,
      3.974460954772338,
      1.7900000000000063
    ],
    "obj_class": "vehicle",
    "point_num_in_lidar": 469,
    "speed": 0.025963139571165136,
    "if_vehicle": true,
    "motion_state": false,
    "pose": [
      [
        -0.5823390301753439,
        0.8128755674957984,
        0.010703536930545758,
        -110.95699582551333
      ],
      [
        -0.8126671050436801,
        -0.5824336376422864,
        0.018526578817953873,
        19.949665889565495
      ],
      [
        0.021293903220496208,
        0.0020903375702395867,
        0.9997710738836559,
        1.2486218185144082
      ],
      [
        0.0,
        0.0,
        0.0,
        1.0
      ]
    ],
    "location": [
      -110.95699582551333,
      19.949665889565495,
      1.2486218185144082
    ],
    "rotation": [
      0.002090813166006777,
      -0.021295512765807212,
      -2.1925617572980145
    ]
  },
  {
    "label_id": "Lr-RoqFJO2-LjMetvXlmpA",
    "size": [
      0.4244065764878823,
      0.12007912957914635,
      0.5937804875545041
    ],
    "obj_class": "sign",
    "point_num_in_lidar": 33,
    "speed": 0.012158134191089928,
    "if_vehicle": false,
    "motion_state": false,
    "pose": [
      [
        -0.8979578793417003,
        -0.4399512259618477,
        0.010703536930545758,
        -118.95567344427968
      ],
      [
        0.4400789925715421,
        -0.8977679244518144,
        0.018526578817953873,
        28.53203805716339
      ],
      [
        0.0014585010705918055,
        0.021346489176173596,
        0.9997710738836559,
        2.92743493041511
      ],
      [
        0.0,
        0.0,
        0.0,
        1.0
      ]
    ],
    "location": [
      -118.95567344427968,
      28.53203805716339,
      2.92743493041511
    ],
    "rotation": [
      0.02134813338666744,
      -0.0014585015876857144,
      2.6859054918134424
    ]
  },
  {
    "label_id": "MzKpTOnWPJXKwztpOPP6lA",
    "size": [
      0.8583658976127344,
      0.1440715430902583,
      0.7933381780956523
    ],
    "obj_class": "sign",
    "point_num_in_lidar": 31,
    "speed": 0.007963057090707297,
    "if_vehicle": false,
    "motion_state": false,
    "pose": [
      [
        0.9317534067112877,
        0.36293391048383167,
        0.010703536930545758,
        -133.3522352946693
      ],
      [
        -0.3630771882530124,
        0.9315748607855348,
        0.018526578817953873,
        48.63546620443185
      ],
      [
        -0.0032472222276990746,
        -0.021148413021438536,
        0.9997710738836559,
        3.0590214484761162
      ],
      [
        0.0,
        0.0,
        0.0,
        1.0
      ]
    ],
    "location": [
      -133.3522352946693,
      48.63546620443185,
      3.0590214484761162
    ],
    "rotation": [
      -0.021150101320741875,
      0.0032472279344227446,
      -0.3715703894462351
    ]
  },
  {
    "label_id": "OEVQXyra-xDNa88z5WbTKw",
    "size": [
      2.1065283175794773,
      4.907703712929315,
      1.8100000000000023
    ],
    "obj_class": "vehicle",
    "point_num_in_lidar": 131,
    "speed": 1.7763568394002505e-13,
    "if_vehicle": true,
    "motion_state": false,
    "pose": [
      [
        -0.7142980367359926,
        0.6997597795045689,
        0.010703536930545758,
        -95.20226584278475
      ],
      [
        -0.6995380840441721,
        -0.7143551181654056,
        0.018526578817953873,
        35.74824021601489
      ],
      [
        0.02061028109743322,
        0.005745967160209056,
        0.9997710738836559,
        1.1625342737791655
      ],
      [
        0.0,
        0.0,
        0.0,
        1.0
      ]
    ],
    "location": [
      -95.20226584278475,
      35.74824021601489,
      1.1625342737791655
    ],
    "rotation": [
      0.005747219584609815,
      -0.020611740528290012,
      -2.3666337598497167
    ]
  },
  {
    "label_id": "OSaPG2xhT_stMhQXSVjK5w",
    "size": [
      1.065797657116131,
      0.13099247266721678,
      1.0300000000000011
    ],
    "obj_class": "sign",
    "point_num_in_lidar": 63,
    "speed": 0.013931876634162161,
    "if_vehicle": false,
    "motion_state": false,
    "pose": [
      [
        -0.8979578793413806,
        -0.4399512259625001,
        0.010703536930545758,
        -118.97739312427689
      ],
      [
        0.4400789925721943,
        -0.8977679244514946,
        0.018526578817953873,
        28.500714238143473
      ],
      [
        0.0014585010705762968,
        0.021346489176174654,
        0.9997710738836559,
        3.75523704114692
      ],
      [
        0.0,
        0.0,
        0.0,
        1.0
      ]
    ],
    "location": [
      -118.97739312427689,
      28.500714238143473,
      3.75523704114692
    ],
    "rotation": [
      0.021348133386668498,
      -0.0014585015876702058,
      2.685905491812716
    ]
  },
  {
    "label_id": "OU8HYLZX7vEJlpW4hKtPWg",
    "size": [
      1.945807942211473,
      4.4349678725445845,
      1.8200000000000074
    ],
    "obj_class": "vehicle",
    "point_num_in_lidar": 657,
    "speed": 1.0658141036401503e-13,
    "if_vehicle": true,
    "motion_state": false,
    "pose": [
      [
        -0.5823390301752775,
        0.8128755674958459,
        0.010703536930545758,
        -108.80615835878598
      ],
      [
        -0.8126671050437277,
        -0.5824336376422199,
        0.018526578817953873,
        18.424910188231706
      ],
      [
        0.02129390322049638,
        0.002090337570237847,
        0.9997710738836559,
        1.310850094818754
      ],
      [
        0.0,
        0.0,
        0.0,
        1.0
      ]
    ],
    "location": [
      -108.80615835878598,
      18.424910188231706,
      1.310850094818754
    ],
    "rotation": [
      0.0020908131660050365,
      -0.021295512765807385,
      -2.192561757297933
    ]
  },
  {
    "label_id": "Z2dtEUaK2GDXHzv6qEvFTQ",
    "size": [
      2.2766325152179436,
      4.881560637125484,
      1.8900000000000077
    ],
    "obj_class": "vehicle",
    "point_num_in_lidar": 1819,
    "speed": 0.029395226194120265,
    "if_vehicle": true,
    "motion_state": false,
    "pose": [
      [
        -0.5540522025571731,
        0.8324131132669172,
        0.010703536930545758,
        -95.40796617779756
      ],
      [
        -0.8322080261553537,
        -0.5541539200257561,
        0.018526578817953873,
        9.490634765565574
      ],
      [
        0.021353174100240287,
        0.0013571224580859913,
        0.9997710738836559,
        1.2468252572278402
      ],
      [
        0.0,
        0.0,
        0.0,
        1.0
      ]
    ],
    "location": [
      -95.40796617779756,
      9.490634765565574,
      1.2468252572278402
    ],
    "rotation": [
      0.0013574323762531215,
      -0.021354797125192965,
      -2.158172130195495
    ]
  },
  {
    "label_id": "eb4Ee949_lJiQx6ImtmcWg",
    "size": [
      0.7140601118474093,
      1.574298192806395,
      1.6000000000000014
    ],
    "obj_class": "cyclist",
    "point_num_in_lidar": 54,
    "speed": 4.533886430515756,
    "if_vehicle": false,
    "motion_state": true,
    "pose": [
      [
        0.9655368613554841,
        0.26004615678947623,
        0.010703536930545758,
        -126.53918171349801
      ],
      [
        -0.2602079022168486,
        0.9653748564683093,
        0.018526578817953873,
        34.598462638426554
      ],
      [
        -0.00551515980796264,
        -0.020673239654540057,
        0.9997710738836559,
        1.2382607374397452
      ],
      [
        0.0,
        0.0,
        0.0,
        1.0
      ]
    ],
    "location": [
      -126.53918171349801,
      34.598462638426554,
      1.2382607374397452
    ],
    "rotation": [
      -0.020675026985679003,
      0.0055151877674366875,
      -0.2632416147218275
    ]
  },
  {
    "label_id": "oAK8Wb2FSraMOewPK4CSdw",
    "size": [
      2.1219200592226604,
      4.675831309369306,
      1.5700000000000074
    ],
    "obj_class": "vehicle",
    "point_num_in_lidar": 1610,
    "speed": 0.02755059484232383,
    "if_vehicle": true,
    "motion_state": false,
    "pose": [
      [
        -0.5540522025570275,
        0.8324131132670142,
        0.010703536930545758,
        -97.57224765070578
      ],
      [
        -0.8322080261554506,
        -0.5541539200256105,
        0.018526578817953873,
        11.241513910609228
      ],
      [
        0.021353174100240527,
        0.0013571224580822547,
        0.9997710738836559,
        1.0940666616537484
      ],
      [
        0.0,
        0.0,
        0.0,
        1.0
      ]
    ],
    "location": [
      -97.57224765070578,
      11.241513910609228,
      1.0940666616537484
    ],
    "rotation": [
      0.001357432376249384,
      -0.021354797125193205,
      -2.15817213019532
    ]
  },
  {
    "label_id": "pixAL8_0nFjctXQAQ6I20Q",
    "size": [
      2.3874256965599363,
      5.77249352243269,
      1.9300000000000068
    ],
    "obj_class": "vehicle",
    "point_num_in_lidar": 61,
    "speed": 1.0194079568765628e-28,
    "if_vehicle": true,
    "motion_state": false,
    "pose": [
      [
        0.9999416284088308,
        -0.0014744735576021385,
        0.010703536930545758,
        -144.25776258956967
      ],
      [
        0.001275993851736697,
        0.9998275539896829,
        0.018526578817953873,
        36.30914134513091
      ],
      [
        -0.010729008098885712,
        -0.018511839744754132,
        0.9997710738836559,
        1.286825257227818
      ],
      [
        0.0,
        0.0,
        0.0,
        1.0
      ]
    ],
    "location": [
      -144.25776258956967,
      36.30914134513091,
      1.286825257227818
    ],
    "rotation": [
      -0.018513962944550908,
      0.01072921394845683,
      0.0012760676452478988
    ]
  },
  {
    "label_id": "tuVqrPVhiTTge2WX3_6o3w",
    "size": [
      2.1285441102641123,
      4.5704061797248565,
      1.5300000000000011
    ],
    "obj_class": "vehicle",
    "point_num_in_lidar": 188,
    "speed": 9.57329320420202,
    "if_vehicle": true,
    "motion_state": true,
    "pose": [
      [
        0.9045364083538934,
        0.4262620323925356,
        0.010703536930545758,
        -119.76771231510565
      ],
      [
        -0.4263926693546918,
        0.9043484159315383,
        0.018526578817953873,
        35.33299595449898
      ],
      [
        -0.0017825495277822613,
        -0.021321874746429246,
        0.9997710738836559,
        1.186825257227703
      ],
      [
        0.0,
        0.0,
        0.0,
        1.0
      ]
    ],
    "location": [
      -119.76771231510565,
      35.33299595449898,
      1.186825257227703
    ],
    "rotation": [
      -0.021323524526535,
      0.0017825504717870276,
      -0.44050172369463875
    ]
  },
  {
    "label_id": "vSaWMlYOLu1F0pgtFz2HTA",
    "size": [
      0.5841439286378185,
      0.4280385468819077,
      1.490000000000002
    ],
    "obj_class": "pedestrian",
    "point_num_in_lidar": 77,
    "speed": 0.28749454468039226,
    "if_vehicle": false,
    "motion_state": false,
    "pose": [
      [
        -0.06683572546128055,
        0.9977065801623445,
        0.010703536930545758,
        -102.94059092137081
      ],
      [
        -0.9975792139144106,
        -0.06702594902877851,
        0.018526578817953873,
        8.72736513405971
      ],
      [
        0.019201504315303295,
        -0.009439388621664163,
        0.9997710738836559,
        1.3954007902994832
      ],
      [
        0.0,
        0.0,
        0.0,
        1.0
      ]
    ],
    "location": [
      -102.94059092137081,
      8.72736513405971,
      1.3954007902994832
    ],
    "rotation": [
      -0.009441269505104368,
      -0.019202684436409514,
      -1.6376942640268437
    ]
  }
]