[
  {
    "label_id": "B10xEifLkYpAfCa0dfoG3A",
    "size": [
      2.0347904478972763,
      4.911770538857729,
      1.720000000000006
    ],
    "obj_class": "vehicle",
    "point_num_in_lidar": 25,
    "speed": 1.0048591735576161e-13,
    "if_vehicle": true,
    "motion_state": false,
    "pose": [
      [
        0.7242726072920161,
        -0.6894439900345465,
        0.009806881852525439,
        -102.79099443273344
      ],
      [
        0.6893261659418078,
        0.7243340705676364,
        0.013022717185193008,
        42.894208988337596
      ],
      [
        -0.01608189274906656,
        -0.0026718570625006285,
        0.999867108122597,
        1.2518252572277646
      ],
      [
        0.0,
        0.0,
        0.0,
        1.0
      ]
    ],
    "location": [
      -102.79099443273344,
      42.894208988337596,
      1.2518252572277646
    ],
    "rotation": [
      -0.0026722058173165412,
      0.016082586032436945,
      0.7606815851477005
    ]
  },
  {
    "label_id": "GiYwKXe8Hcx36ANEAv2o8Q",
    "size": [
      1.8965675352619393,
      3.974460954772338,
      1.7900000000000063
    ],
    "obj_class": "vehicle",
    "point_num_in_lidar": 335,
    "speed": 0.025963139353927665,
    "if_vehicle": true,
    "motion_state": false,
    "pose": [
      [
        -0.5823443855961893,
        0.8128830430221359,
        0.009806881852525439,
        -110.96187742353891
      ],
      [
        -0.8127788139042488,
        -0.5824268267392196,
        0.013022717185193008,
        19.94359711874381
      ],
      [
        0.016297737051489188,
        -0.00038711956219057296,
        0.999867108122597,
        1.2600172842817159
      ],
      [
        0.0,
        0.0,
        0.0,
        1.0
      ]
    ],
    "location": [
      -110.96187742353891,
      19.94359711874381,
      1.2600172842817159
    ],
    "rotation": [
      -0.000387170994727686,
      -0.016298458628327656,
      -2.192501035211535
    ]
  },
  {
    "label_id": "Lr-RoqFJO2-LjMetvXlmpA",
    "size": [
      0.4244065764878828,
      0.12007912957914635,
      0.5937804875545041
    ],
    "obj_class": "sign",
    "point_num_in_lidar": 26,
    "speed": 0.012277057764682233,
    "if_vehicle": false,
    "motion_state": false,
    "pose": [
      [
        -0.8979661373187412,
        -0.43995527192794287,
        0.009806881852525439,
        -118.9591122812401
      ],
      [
        0.44005380886565526,
        -0.897876970492029,
        0.013022717185193008,
        28.530822925034954
      ],
      [
        0.003075960287266515,
        0.016009514760481448,
        0.999867108122597,
        2.9462223153953317
      ],
      [
        0.0,
        0.0,
        0.0,
        1.0
      ]
    ],
    "location": [
      -118.9591122812401,
      28.530822925034954,
      2.9462223153953317
    ],
    "rotation": [
      0.01601027447216214,
      -0.0030759651378364557,
      2.6859317400348868
    ]
  },
  {
    "label_id": "MzKpTOnWPJXKwztpOPP6lA",
    "size": [
      0.8583658976127354,
      0.1440715430902583,
      0.7933381780956523
    ],
    "obj_class": "sign",
    "point_num_in_lidar": 30,
    "speed": 0.007963056890820311,
    "if_vehicle": false,
    "motion_state": false,
    "pose": [
      [
        0.9317619754854194,
        0.36293724816810924,
        0.009806881852525439,
        -133.3525806103603
      ],
      [
        -0.36304292980205466,
        0.9316814047504947,
        0.013022717185193008,
        48.633102528580366
      ],
      [
        -0.00441046032171754,
        -0.01569439181062679,
        0.999867108122597,
        3.0722166519224814
      ],
      [
        0.0,
        0.0,
        0.0,
        1.0
      ]
    ],
    "location": [
      -133.3525806103603,
      48.633102528580366,
      3.0722166519224814
    ],
    "rotation": [
      -0.01569518883922602,
      0.004410474620672865,
      -0.37153535736599874
    ]
  },
  {
    "label_id": "OEVQXyra-xDNa88z5WbTKw",
    "size": [
      2.106528317579475,
      4.907703712929315,
      1.8100000000000023
    ],
    "obj_class": "vehicle",
    "point_num_in_lidar": 71,
    "speed": 1.7763568394002505e-13,
    "if_vehicle": true,
    "motion_state": false,
    "pose": [
      [
        -0.7143046057042344,
        0.6997662147732264,
        0.009806881852525439,
        -95.20226584278498
      ],
      [
        -0.6996492848018133,
        -0.7143677534109625,
        0.013022717185193008,
        35.74824021601489
      ],
      [
        0.01611857766770009,
        0.0024408089899117394,
        0.999867108122597,
        1.1668171993318666
      ],
      [
        0.0,
        0.0,
        0.0,
        1.0
      ]
    ],
    "location": [
      -95.20226584278498,
      35.74824021601489,
      1.1668171993318666
    ],
    "rotation": [
      0.002441128547716898,
      -0.01611927570668491,
      -2.3665588989854003
    ]
  },
  {
    "label_id": "OSaPG2xhT_stMhQXSVjK5w",
    "size": [
      1.0657976571161327,
      0.13099247266721678,
      1.0300000000000011
    ],
    "obj_class": "sign",
    "point_num_in_lidar": 67,
    "speed": 0.00885595428035614,
    "if_vehicle": false,
    "motion_state": false,
    "pose": [
      [
        -0.8979661373184229,
        -0.43995527192859296,
        0.009806881852525439,
        -118.97888584304974
      ],
      [
        0.44005380886630524,
        -0.8978769704917104,
        0.013022717185193008,
        28.496810606771987
      ],
      [
        0.003075960287254926,
        0.016009514760483675,
        0.999867108122597,
        3.7752521200150255
      ],
      [
        0.0,
        0.0,
        0.0,
        1.0
      ]
    ],
    "location": [
      -118.97888584304974,
      28.496810606771987,
      3.7752521200150255
    ],
    "rotation": [
      0.016010274472164365,
      -0.0030759651378248665,
      2.685931740034163
    ]
  },
  {
    "label_id": "OU8HYLZX7vEJlpW4hKtPWg",
    "size": [
      1.9458079422114722,
      4.4349678725445845,
      1.8200000000000074
    ],
    "obj_class": "vehicle",
    "point_num_in_lidar": 446,
    "speed": 1.0658141036401503e-13,
    "if_vehicle": true,
    "motion_state": false,
    "pose": [
      [
        -0.5823443855961221,
        0.812883043022184,
        0.009806881852525439,
        -108.80615835878575
      ],
      [
        -0.812778813904297,
        -0.5824268267391526,
        0.013022717185193008,
        18.424910188231934
      ],
      [
        0.016297737051489153,
        -0.00038711956219191916,
        0.999867108122597,
        1.333758729665675
      ],
      [
        0.0,
        0.0,
        0.0,
        1.0
      ]
    ],
    "location": [
      -108.80615835878575,
      18.424910188231934,
      1.333758729665675
    ],
    "rotation": [
      -0.0003871709947290324,
      -0.01629845862832762,
      -2.1925010352114525
    ]
  },
  {
    "label_id": "Z2dtEUaK2GDXHzv6qEvFTQ",
    "size": [
      2.276632515217943,
      4.881560637125484,
      1.8900000000000077
    ],
    "obj_class": "vehicle",
    "point_num_in_lidar": 2267,
    "speed": 0.029395225948172933,
    "if_vehicle": true,
    "motion_state": false,
    "pose": [
      [
        -0.5540572978411242,
        0.8324207684682804,
        0.009806881852525439,
        -95.41222439961257
      ],
      [
        -0.832319434870855,
        -0.5541432731463724,
        0.013022717185193008,
        9.482913049653007
      ],
      [
        0.01627479785596165,
        -0.000947126867162009,
        0.999867108122597,
        1.2468252572278402
      ],
      [
        0.0,
        0.0,
        0.0,
        1.0
      ]
    ],
    "location": [
      -95.41222439961257,
      9.482913049653007,
      1.2468252572278402
    ],
    "rotation": [
      -0.0009472524660389628,
      -0.01627551638996941,
      -2.1581146235610227
    ]
  },
  {
    "label_id": "eb4Ee949_lJiQx6ImtmcWg",
    "size": [
      0.714060111847043,
      1.574298192806395,
      1.6000000000000014
    ],
    "obj_class": "cyclist",
    "point_num_in_lidar": 45,
    "speed": 4.472615535837309,
    "if_vehicle": false,
    "motion_state": true,
    "pose": [
      [
        0.9737680477874127,
        0.22733150722374998,
        0.009806881852525439,
        -127.83665571641563
      ],
      [
        -0.2274475335711873,
        0.9737032547493606,
        0.013022717185193008,
        34.93546982572434
      ],
      [
        -0.0065885188528879025,
        -0.01491165697969393,
        0.999867108122597,
        1.2755731691466892
      ],
      [
        0.0,
        0.0,
        0.0,
        1.0
      ]
    ],
    "location": [
      -127.83665571641563,
      34.93546982572434,
      1.2755731691466892
    ],
    "rotation": [
      -0.01491253334828614,
      0.006588566520194394,
      -0.22946078030321487
    ]
  },
  {
    "label_id": "oAK8Wb2FSraMOewPK4CSdw",
    "size": [
      2.1219200592226595,
      4.675831309369306,
      1.5700000000000074
    ],
    "obj_class": "vehicle",
    "point_num_in_lidar": 1705,
    "speed": 0.02709861118194357,
    "if_vehicle": true,
    "motion_state": false,
    "pose": [
      [
        -0.5540572978409771,
        0.8324207684683783,
        0.009806881852525439,
        -97.57988516363844
      ],
      [
        -0.832319434870953,
        -0.5541432731462252,
        0.013022717185193008,
        11.23722260694717
      ],
      [
        0.016274797855961483,
        -0.0009471268671648854,
        0.999867108122597,
        1.0952658170492526
      ],
      [
        0.0,
        0.0,
        0.0,
        1.0
      ]
    ],
    "location": [
      -97.57988516363844,
      11.23722260694717,
      1.0952658170492526
    ],
    "rotation": [
      -0.0009472524660418395,
      -0.016275516389969245,
      -2.158114623560846
    ]
  },
  {
    "label_id": "pixAL8_0nFjctXQAQ6I20Q",
    "size": [
      2.3874256965599407,
      5.77249352243269,
      1.9300000000000068
    ],
    "obj_class": "vehicle",
    "point_num_in_lidar": 31,
    "speed": 4.07761550507524e-28,
    "if_vehicle": true,
    "motion_state": false,
    "pose": [
      [
        0.9999508242689094,
        -0.0014744871174483735,
        0.009806881852525439,
        -144.25776258956967
      ],
      [
        0.001346714721792679,
        0.9999142939255207,
        0.013022717185193008,
        36.30914134513114
      ],
      [
        -0.009825243171902717,
        -0.01300886971138896,
        0.999867108122597,
        1.2868252572278251
      ],
      [
        0.0,
        0.0,
        0.0,
        1.0
      ]
    ],
    "location": [
      -144.25776258956967,
      36.30914134513114,
      1.2868252572278251
    ],
    "rotation": [
      -0.013009864662854257,
      0.009825401259405777,
      0.0013467801364591757
    ]
  },
  {
    "label_id": "tuVqrPVhiTTge2WX3_6o3w",
    "size": [
      2.1285441102639187,
      4.5704061797248565,
      1.5300000000000011
    ],
    "obj_class": "vehicle",
    "point_num_in_lidar": 136,
    "speed": 9.322426119197646,
    "if_vehicle": true,
    "motion_state": true,
    "pose": [
      [
        0.9141942586585836,
        0.40515760205630313,
        0.009806881852525439,
        -122.41923463745161
      ],
      [
        -0.40525948951027824,
        0.9141089404436341,
        0.013022717185193008,
        36.42397148594773
      ],
      [
        -0.003688305512257725,
        -0.015879625216079985,
        0.999867108122597,
        1.18682525722771
      ],
      [
        0.0,
        0.0,
        0.0,
        1.0
      ]
    ],
    "location": [
      -122.41923463745161,
      36.42397148594773,
      1.18682525722771
    ],
    "rotation": [
      -0.015880400690882937,
      0.003688313874679556,
      -0.4172656707277408
    ]
  },
  {
    "label_id": "vSaWMlYOLu1F0pgtFz2HTA",
    "size": [
      0.5841439286376926,
      0.4280385468819077,
      1.490000000000002
    ],
    "obj_class": "pedestrian",
    "point_num_in_lidar": 36,
    "speed": 0.2998064436273137,
    "if_vehicle": false,
    "motion_state": false,
    "pose": [
      [
        0.49283391862848075,
        0.8700681316527038,
        0.009806881852525439,
        -102.92569205739824
      ],
      [
        -0.8700991293175773,
        0.49270469248618726,
        0.013022717185193008,
        8.778084714396527
      ],
      [
        0.006498754502965519,
        -0.014950996102771862,
        0.999867108122597,
        1.4066509776513385
      ],
      [
        0.0,
        0.0,
        0.0,
        1.0
      ]
    ],
    "location": [
      -102.92569205739824,
      8.778084714396527,
      1.4066509776513385
    ],
    "rotation": [
      -0.014951868927920841,
      -0.006498800248362175,
      -1.055440689898249
    ]
  }
]