{
  "-CKZFiwpXBMmQvTH0OIoPA": {
    "label_id": "-CKZFiwpXBMmQvTH0OIoPA",
    "size": [
      2.203080858513332,
      4.563030098574334,
      1.8600000000000136
    ],
    "obj_class": "vehicle",
    "point_num_in_lidar": 116,
    "speed": 6.841142357189303e-27,
    "if_vehicle": true,
    "motion_state": false,
    "pose": [
      [
        -0.003970492042910237,
        0.9999295783230476,
        0.011183630342116562,
        117.72616466665545
      ],
      [
        -0.999595150416531,
        -0.004283759471216468,
        0.02812800505804367,
        -49.61225729867692
      ],
      [
        0.028173932219158787,
        -0.011067420633764985,
        0.9995417658826596,
        0.8126581706594038
      ],
      [
        0.0,
        0.0,
        0.0,
        1.0
      ]
    ],
    "location": [
      117.72616466665545,
      -49.61225729867692,
      0.8126581706594038
    ],
    "rotation": [
      -0.011072041965329559,
      -0.02817766082366503,
      -1.5747684060510523
    ]
  },
  "5NRT89IaM2zeGvkJk268sQ": {
    "label_id": "5NRT89IaM2zeGvkJk268sQ",
    "size": [
      2.1611315562019064,
      5.040938601066288,
      1.9300000000000068
    ],
    "obj_class": "vehicle",
    "point_num_in_lidar": 350,
    "speed": 3.4219882841874984e-27,
    "if_vehicle": true,
    "motion_state": false,
    "pose": [
      [
        0.960060870593931,
        -0.2795676146602004,
        0.011183630342116562,
        113.34919632236256
      ],
      [
        0.2791724149059037,
        0.9598289316784844,
        0.02812800505804367,
        -29.946954917026233
      ],
      [
        -0.018598051242788145,
        -0.023882435934072282,
        0.9995417658826596,
        0.5576581706595789
      ],
      [
        0.0,
        0.0,
        0.0,
        1.0
      ]
    ],
    "location": [
      113.34919632236256,
      -29.946954917026233,
      0.5576581706595789
    ],
    "rotation": [
      -0.023888839392964253,
      0.018599123548639566,
      0.28298244327789485
    ]
  },
  "6bXL62cvq9vS5aGM9BvsRQ": {
    "label_id": "6bXL62cvq9vS5aGM9BvsRQ",
    "size": [
      2.9661609961102013,
      6.261509351068496,
      2.6299999999999955
    ],
    "obj_class": "vehicle",
    "point_num_in_lidar": 129,
    "speed": 1.068849566960596e-28,
    "if_vehicle": true,
    "motion_state": false,
    "pose": [
      [
        -0.24110605485591358,
        0.9704343340608823,
        0.011183630342116562,
        126.41666549976992
      ],
      [
        -0.9700351282081617,
        -0.24133102861760222,
        0.02812800505804367,
        38.73060024503138
      ],
      [
        0.029995338871105757,
        -0.004066681962235635,
        0.9995417658826596,
        0.497658170659804
      ],
      [
        0.0,
        0.0,
        0.0,
        1.0
      ]
    ],
    "location": [
      126.41666549976992,
      38.73060024503138,
      0.497658170659804
    ],
    "rotation": [
      -0.004068523860209318,
      -0.029999838595984128,
      -1.8144135316285923
    ]
  },
  "7w2rLpTBuuffn6LTIsWgWA": {
    "label_id": "7w2rLpTBuuffn6LTIsWgWA",
    "size": [
      1.0289849287837296,
      2.0935588602978576,
      2.0500000000000114
    ],
    "obj_class": "vehicle",
    "point_num_in_lidar": 39,
    "speed": 3.4219882841874984e-27,
    "if_vehicle": true,
    "motion_state": false,
    "pose": [
      [
        0.9992712523944465,
        -0.03649507570077303,
        0.011183630342116562,
        89.6753748930052
      ],
      [
        0.036168532173694076,
        0.9989497748194626,
        0.02812800505804367,
        -46.71379404827894
      ],
      [
        -0.01219841868582648,
        -0.02770301134786108,
        0.9995417658826596,
        1.3079054126836809
      ],
      [
        0.0,
        0.0,
        0.0,
        1.0
      ]
    ],
    "location": [
      89.6753748930052,
      -46.71379404827894,
      1.3079054126836809
    ],
    "rotation": [
      -0.027708618195019356,
      0.012198721229752636,
      0.03617911556728991
    ]
  },
  "8EZiriPAGiOSCTc4YpAwJA": {
    "label_id": "8EZiriPAGiOSCTc4YpAwJA",
    "size": [
      2.030382874550913,
      4.996853226799966,
      1.509999999999991
    ],
    "obj_class": "vehicle",
    "point_num_in_lidar": 898,
    "speed": 0.07338781146525292,
    "if_vehicle": true,
    "motion_state": false,
    "pose": [
      [
        -0.19438727759481472,
        0.9808611077627899,
        0.011183630342116562,
        121.44367284773011
      ],
      [
        -0.9804731260002258,
        -0.19463109855005126,
        0.02812800505804367,
        15.031473720608119
      ],
      [
        0.029766348459653903,
        -0.0054975226741597145,
        0.9995417658826596,
        0.017658170659842654
      ],
      [
        0.0,
        0.0,
        0.0,
        1.0
      ]
    ],
    "location": [
      121.44367284773011,
      15.031473720608119,
      0.017658170659842654
    ],
    "rotation": [
      -0.005499987522873729,
      -0.029770745886780598,
      -1.7665169516032102
    ]
  },
  "CnYHYFZccxWIJ0i0V__4mg": {
    "label_id": "CnYHYFZccxWIJ0i0V__4mg",
    "size": [
      2.0907980893762126,
      4.8887504448718735,
      1.6399999999999864
    ],
    "obj_class": "vehicle",
    "point_num_in_lidar": 84,
    "speed": 3.420318614273907e-27,
    "if_vehicle": true,
    "motion_state": false,
    "pose": [
      [
        -0.9737553011748498,
        0.22732254583795397,
        0.011183630342116562,
        77.51066411980986
      ],
      [
        -0.22694044581589304,
        -0.9735023622900657,
        0.02812800505804367,
        -45.97265362180406
      ],
      [
        0.01728142027616666,
        0.02485177598106293,
        0.9995417658826596,
        0.8326581706594993
      ],
      [
        0.0,
        0.0,
        0.0,
        1.0
      ]
    ],
    "location": [
      77.51066411980986,
      -45.97265362180406,
      0.8326581706594993
    ],
    "rotation": [
      0.024858047751588806,
      -0.0172822805672429,
      -2.9126228439479864
    ]
  },
  "Dj8cdNUlibv1r9l6q-5sPg": {
    "label_id": "Dj8cdNUlibv1r9l6q-5sPg",
    "size": [
      2.1833271604123827,
      4.754323627050555,
      1.8899999999999864
    ],
    "obj_class": "vehicle",
    "point_num_in_lidar": 116,
    "speed": 6.843976568374997e-27,
    "if_vehicle": true,
    "motion_state": false,
    "pose": [
      [
        -0.9989998032459869,
        0.04329341204906783,
        0.011183630342116562,
        74.56333009327955
      ],
      [
        -0.042964688702642306,
        -0.9986805549604637,
        0.02812800505804367,
        -41.02799027625588
      ],
      [
        0.012386631469633798,
        0.02761937032247329,
        0.9995417658826596,
        0.9810454035150542
      ],
      [
        0.0,
        0.0,
        0.0,
        1.0
      ]
    ],
    "location": [
      74.56333009327955,
      -41.02799027625588,
      0.9810454035150542
    ],
    "rotation": [
      0.027625002861171782,
      -0.012386948235506418,
      -3.0986114359133174
    ]
  },
  "EdejuZc2PvFVXU-tGX6hpA": {
    "label_id": "EdejuZc2PvFVXU-tGX6hpA",
    "size": [
      1.9756668497276737,
      4.805468001690314,
      2.1299999999999955
    ],
    "obj_class": "vehicle",
    "point_num_in_lidar": 343,
    "speed": 0.0,
    "if_vehicle": true,
    "motion_state": false,
    "pose": [
      [
        0.9990426808829315,
        -0.04229241287294947,
        0.011183630342116562,
        91.94868537838221
      ],
      [
        0.04196400957181298,
        0.9987231033835712,
        0.02812800505804367,
        -32.98551718093586
      ],
      [
        -0.012358951205580516,
        -0.02763176761035241,
        0.9995417658826596,
        0.8535372044044038
      ],
      [
        0.0,
        0.0,
        0.0,
        1.0
      ]
    ],
    "location": [
      91.94868537838221,
      -32.98551718093586,
      0.8535372044044038
    ],
    "rotation": [
      -0.027637396365464896,
      0.012359265852478986,
      0.04197954368744029
    ]
  },
  "IMKR4aMQEtTekwIF2oeIrw": {
    "label_id": "IMKR4aMQEtTekwIF2oeIrw",
    "size": [
      2.0834445829814716,
      4.910359915471906,
      1.5199999999999818
    ],
    "obj_class": "vehicle",
    "point_num_in_lidar": 273,
    "speed": 0.06132734600324992,
    "if_vehicle": true,
    "motion_state": false,
    "pose": [
      [
        0.9996761169741386,
        0.022860174187422543,
        0.011183630342116562,
        90.16319328550281
      ],
      [
        -0.023167067789871817,
        0.9993358305902346,
        0.02812800505804367,
        -6.746034132291243
      ],
      [
        -0.010533191421781623,
        -0.028377986796926706,
        0.9995417658826596,
        0.40265817065943565
      ],
      [
        0.0,
        0.0,
        0.0,
        1.0
      ]
    ],
    "location": [
      90.16319328550281,
      -6.746034132291243,
      0.40265817065943565
    ],
    "rotation": [
      -0.028383372032121212,
      0.010533386204473617,
      -0.023170426258418638
    ]
  },
  "KdRAYbiCitRW3L786VLXRw": {
    "label_id": "KdRAYbiCitRW3L786VLXRw",
    "size": [
      2.6952994056508355,
      6.028535254586764,
      2.160000000000025
    ],
    "obj_class": "vehicle",
    "point_num_in_lidar": 94,
    "speed": 0.021250486150680956,
    "if_vehicle": true,
    "motion_state": false,
    "pose": [
      [
        -0.03772985104536689,
        -0.9992253923677407,
        0.011183630342116562,
        133.14901843166433
      ],
      [
        0.9989043185492517,
        -0.03740291051656148,
        0.02812800505804367,
        -59.31054398960805
      ],
      [
        -0.027687916565708997,
        0.012232642086841994,
        0.9995417658826596,
        0.8969477362712155
      ],
      [
        0.0,
        0.0,
        0.0,
        1.0
      ]
    ],
    "location": [
      133.14901843166433,
      -59.31054398960805,
      0.8969477362712155
    ],
    "rotation": [
      0.012237639131786604,
      0.027691455475135022,
      1.6085496161268
    ]
  },
  "MMWfi1EgQ-6UTECcGNIkdg": {
    "label_id": "MMWfi1EgQ-6UTECcGNIkdg",
    "size": [
      2.1951733518593257,
      4.959542589896838,
      1.6000000000000227
    ],
    "obj_class": "vehicle",
    "point_num_in_lidar": 76,
    "speed": 3.4219882841874984e-27,
    "if_vehicle": true,
    "motion_state": false,
    "pose": [
      [
        -0.9998271683794321,
        0.014851255257982943,
        0.011183630342116562,
        99.08853892537684
      ],
      [
        -0.01453174860143798,
        -0.9994986961542467,
        0.02812800505804367,
        -41.049274047432846
      ],
      [
        0.011595760128231417,
        0.027960625944763094,
        0.9995417658826596,
        0.6826581706595221
      ],
      [
        0.0,
        0.0,
        0.0,
        1.0
      ]
    ],
    "location": [
      99.08853892537684,
      -41.049274047432846,
      0.6826581706595221
    ],
    "rotation": [
      0.02796615122177497,
      -0.011596020008135482,
      -3.1270594163075023
    ]
  },
  "Oh14v7CW4wtBxe64rKlSqg": {
    "label_id": "Oh14v7CW4wtBxe64rKlSqg",
    "size": [
      3.048739433624044,
      6.497595777368561,
      2.9699999999999704
    ],
    "obj_class": "vehicle",
    "point_num_in_lidar": 167,
    "speed": 3.4219882841874984e-27,
    "if_vehicle": true,
    "motion_state": false,
    "pose": [
      [
        -0.2284629239212279,
        0.9734883763074597,
        0.011183630342116562,
        127.80211947704913
      ],
      [
        -0.9730921305289265,
        -0.2286930712420671,
        0.02812800505804367,
        48.52739356196071
      ],
      [
        0.029939904743297552,
        -0.004456496397026409,
        0.9995417658826596,
        0.7176457240405512
      ],
      [
        0.0,
        0.0,
        0.0,
        1.0
      ]
    ],
    "location": [
      127.80211947704913,
      48.52739356196071,
      0.7176457240405512
    ],
    "rotation": [
      -0.004458509909133604,
      -0.02994437955984983,
      -1.801400134955631
    ]
  },
  "Oo2USO6YnuEzZLMIL5TMzQ": {
    "label_id": "Oo2USO6YnuEzZLMIL5TMzQ",
    "size": [
      2.229589303275771,
      4.839846654173083,
      1.420000000000016
    ],
    "obj_class": "vehicle",
    "point_num_in_lidar": 282,
    "speed": 3.4219882841874984e-27,
    "if_vehicle": true,
    "motion_state": false,
    "pose": [
      [
        -0.9998298974815617,
        0.014666373593379273,
        0.011183630342116562,
        98.6813345552822
      ],
      [
        -0.014346927681202716,
        -0.9995013661809397,
        0.02812800505804367,
        -33.38335056084179
      ],
      [
        0.011590589636425843,
        0.027962769677813002,
        0.9995417658826596,
        0.5139508413619751
      ],
      [
        0.0,
        0.0,
        0.0,
        1.0
      ]
    ],
    "location": [
      98.6813345552822,
      -33.38335056084179,
      0.5139508413619751
    ],
    "rotation": [
      0.02796829426052133,
      -0.01159084916883342,
      -3.1272442697891414
    ]
  },
  "QeCE6__F3yVJ_PWUFP4UYg": {
    "label_id": "QeCE6__F3yVJ_PWUFP4UYg",
    "size": [
      2.405520027536405,
      5.04764825362361,
      1.9599999999999795
    ],
    "obj_class": "vehicle",
    "point_num_in_lidar": 582,
    "speed": 0.04182994842757741,
    "if_vehicle": true,
    "motion_state": false,
    "pose": [
      [
        -0.15190972843519504,
        0.9883310987817373,
        0.011183630342116562,
        122.81754394059891
      ],
      [
        -0.9879539919722052,
        -0.15217005315645538,
        0.02812800505804367,
        21.90472168913584
      ],
      [
        0.02950159576919659,
        -0.00677599463144433,
        0.9995417658826596,
        0.24265817066003592
      ],
      [
        0.0,
        0.0,
        0.0,
        1.0
      ]
    ],
    "location": [
      122.81754394059891,
      21.90472168913584,
      0.24265817066003592
    ],
    "rotation": [
      -0.006778997202426207,
      -0.029505876869685782,
      -1.7233633933756356
    ]
  },
  "SB3IWQ3OLd3pPl3HixU_Yw": {
    "label_id": "SB3IWQ3OLd3pPl3HixU_Yw",
    "size": [
      2.1966887682582374,
      4.979975887518041,
      1.7900000000000205
    ],
    "obj_class": "vehicle",
    "point_num_in_lidar": 84,
    "speed": 3.4219882841874984e-27,
    "if_vehicle": true,
    "motion_state": false,
    "pose": [
      [
        0.9990855411067548,
        -0.04126751705389803,
        0.011183630342116562,
        91.75994395482587
      ],
      [
        0.04093944176594307,
        0.9987656268811755,
        0.02812800505804367,
        -38.08935810194998
      ],
      [
        -0.01233059849787633,
        -0.027644431570546184,
        0.9995417658826596,
        0.9444942696053431
      ],
      [
        0.0,
        0.0,
        0.0,
        1.0
      ]
    ],
    "location": [
      91.75994395482587,
      -38.08935810194998,
      0.9444942696053431
    ],
    "rotation": [
      -0.027650056451917388,
      0.012330910984143198,
      0.040954001667226354
    ]
  },
  "Ur7CjvsdRoHiW7R9ugWg7Q": {
    "label_id": "Ur7CjvsdRoHiW7R9ugWg7Q",
    "size": [
      3.4923126404544975,
      10.8614142068209,
      3.359999999999957
    ],
    "obj_class": "vehicle",
    "point_num_in_lidar": 321,
    "speed": 0.04834750733463309,
    "if_vehicle": true,
    "motion_state": false,
    "pose": [
      [
        0.9983838431051411,
        -0.05571919093974635,
        0.011183630342116562,
        67.70639440836999
      ],
      [
        0.05538652108519885,
        0.9980687093650082,
        0.02812800505804367,
        28.238091814520885
      ],
      [
        -0.01272930118615491,
        -0.02746312341097778,
        0.9995417658826596,
        1.2214264301973685
      ],
      [
        0.0,
        0.0,
        0.0,
        1.0
      ]
    ],
    "location": [
      67.70639440836999,
      28.238091814520885,
      1.2214264301973685
    ],
    "rotation": [
      -0.027468802908994165,
      0.012729644976840142,
      0.05541937287195779
    ]
  },
  "VAu1HvOu0mnP4qGoOCH20A": {
    "label_id": "VAu1HvOu0mnP4qGoOCH20A",
    "size": [
      2.0963389605203724,
      4.859404279943998,
      1.7099999999999795
    ],
    "obj_class": "vehicle",
    "point_num_in_lidar": 51,
    "speed": 1.068849566960596e-28,
    "if_vehicle": true,
    "motion_state": false,
    "pose": [
      [
        0.9999374612506379,
        1.6975460041139523e-16,
        0.011183630342116562,
        92.0841321629556
      ],
      [
        -0.00031459288507610826,
        0.9996042798841805,
        0.02812800505804367,
        -40.72520655112203
      ],
      [
        -0.011179204754622293,
        -0.02812976425832024,
        0.9995417658826596,
        0.8482057637639286
      ],
      [
        0.0,
        0.0,
        0.0,
        1.0
      ]
    ],
    "location": [
      92.0841321629556,
      -40.72520655112203,
      0.8482057637639286
    ],
    "rotation": [
      -0.028135233964291923,
      0.011179437620527633,
      -0.00031461255017195083
    ]
  },
  "VUjZyEqPXEFZ0eQiYlhg0w": {
    "label_id": "VUjZyEqPXEFZ0eQiYlhg0w",
    "size": [
      2.1829943438460755,
      5.029293833566353,
      1.5600000000000023
    ],
    "obj_class": "vehicle",
    "point_num_in_lidar": 903,
    "speed": 0.08367805733627197,
    "if_vehicle": true,
    "motion_state": false,
    "pose": [
      [
        0.9999374612506379,
        -7.1842381928873e-16,
        0.011183630342116562,
        96.85721441885369
      ],
      [
        -0.0003145928850752207,
        0.9996042798841805,
        0.02812800505804367,
        -6.7133894872949895
      ],
      [
        -0.011179204754622318,
        -0.028129764258320228,
        0.9995417658826596,
        0.32265817065996316
      ],
      [
        0.0,
        0.0,
        0.0,
        1.0
      ]
    ],
    "location": [
      96.85721441885369,
      -6.7133894872949895,
      0.32265817065996316
    ],
    "rotation": [
      -0.028135233964291913,
      0.011179437620527657,
      -0.0003146125501710632
    ]
  },
  "W-H_9qMoWYzKHr_v15Tfcw": {
    "label_id": "W-H_9qMoWYzKHr_v15Tfcw",
    "size": [
      2.296410816506977,
      4.88926908299579,
      1.5300000000000296
    ],
    "obj_class": "vehicle",
    "point_num_in_lidar": 119,
    "speed": 0.015189537501941375,
    "if_vehicle": true,
    "motion_state": false,
    "pose": [
      [
        0.999937461250638,
        1.5010409763951098e-15,
        0.011183630342116562,
        69.17824378808416
      ],
      [
        -0.0003145928850774362,
        0.9996042798841807,
        0.02812800505804367,
        -6.443866982885083
      ],
      [
        -0.011179204754622257,
        -0.028129764258320256,
        0.9995417658826596,
        0.5407223769518623
      ],
      [
        0.0,
        0.0,
        0.0,
        1.0
      ]
    ],
    "location": [
      69.17824378808416,
      -6.443866982885083,
      0.5407223769518623
    ],
    "rotation": [
      -0.02813523396429194,
      0.011179437620527597,
      -0.0003146125501732788
    ]
  },
  "WmoXsEq8SNoQHJKe-lyreQ": {
    "label_id": "WmoXsEq8SNoQHJKe-lyreQ",
    "size": [
      1.9144010346077203,
      4.416418370442793,
      1.3899999999999864
    ],
    "obj_class": "vehicle",
    "point_num_in_lidar": 45,
    "speed": 2.137699133921192e-28,
    "if_vehicle": true,
    "motion_state": false,
    "pose": [
      [
        0.06741522297008214,
        -0.9976623246992266,
        0.011183630342116562,
        132.26108830938887
      ],
      [
        0.997308691737365,
        0.06770663716771111,
        0.02812800505804367,
        -41.14518363142997
      ],
      [
        -0.028819456917150942,
        0.009257276012678955,
        0.9995417658826596,
        0.27765817065966303
      ],
      [
        0.0,
        0.0,
        0.0,
        1.0
      ]
    ],
    "location": [
      132.26108830938887,
      -41.14518363142997,
      0.27765817065966303
    ],
    "rotation": [
      0.009261255166116446,
      0.028823447795557042,
      1.5033018565977
    ]
  },
  "WpLUwlid-NYekprd7qe2zQ": {
    "label_id": "WpLUwlid-NYekprd7qe2zQ",
    "size": [
      2.191666051166735,
      4.749294033322552,
      1.8899999999999864
    ],
    "obj_class": "vehicle",
    "point_num_in_lidar": 282,
    "speed": 0.03987942702671134,
    "if_vehicle": true,
    "motion_state": false,
    "pose": [
      [
        -0.15928030366976154,
        0.987170051852891,
        0.011183630342116562,
        123.77386958138942
      ],
      [
        -0.9867910130312079,
        -0.15953780721915803,
        0.02812800505804367,
        29.444414909125044
      ],
      [
        0.029551336073198268,
        -0.00655566872739397,
        0.9995417658826596,
        0.17765817066009504
      ],
      [
        0.0,
        0.0,
        0.0,
        1.0
      ]
    ],
    "location": [
      123.77386958138942,
      29.444414909125044,
      0.17765817066009504
    ],
    "rotation": [
      -0.006558580094981112,
      -0.02955563886998163,
      -1.7308284278025277
    ]
  },
  "XeKqDUCwf7e6iNPvqmuHhg": {
    "label_id": "XeKqDUCwf7e6iNPvqmuHhg",
    "size": [
      2.3172121405092705,
      5.562277938287438,
      1.8799999999999955
    ],
    "obj_class": "vehicle",
    "point_num_in_lidar": 74,
    "speed": 6.841472216311503e-27,
    "if_vehicle": true,
    "motion_state": false,
    "pose": [
      [
        0.01210885729964111,
        0.9998641417649039,
        0.011183630342116562,
        77.76222411883208
      ],
      [
        -0.9995347944272613,
        0.011790252783850024,
        0.02812800505804367,
        26.534995088390133
      ],
      [
        0.02799232580814502,
        -0.011519025654329393,
        0.9995417658826596,
        -0.061432435355641246
      ],
      [
        0.0,
        0.0,
        0.0,
        1.0
      ]
    ],
    "location": [
      77.76222411883208,
      26.534995088390133,
      -0.061432435355641246
    ],
    "rotation": [
      -0.011523796345724611,
      -0.02799598275696414,
      -1.5586824263582069
    ]
  },
  "Z67WmbNwGB3yYF5YWXBMcA": {
    "label_id": "Z67WmbNwGB3yYF5YWXBMcA",
    "size": [
      1.9846299667131886,
      5.00387483608972,
      1.910000000000025
    ],
    "obj_class": "vehicle",
    "point_num_in_lidar": 200,
    "speed": 3.426992413038035e-27,
    "if_vehicle": true,
    "motion_state": false,
    "pose": [
      [
        -0.9984103364741176,
        0.0552424332738004,
        0.011183630342116562,
        74.25944343685984
      ],
      [
        -0.05490991394081156,
        -0.9980950439123858,
        0.02812800505804367,
        -38.14790694630028
      ],
      [
        0.012716185459958819,
        0.027469198814715594,
        0.9995417658826596,
        0.9176581706592515
      ],
      [
        0.0,
        0.0,
        0.0,
        1.0
      ]
    ],
    "location": [
      74.25944343685984,
      -38.14790694630028,
      0.9176581706592515
    ],
    "rotation": [
      0.027474876511898165,
      -0.012716528189005592,
      -3.0866506622568783
    ]
  },
  "_C5hn-bqf-E5x8k67GIg4w": {
    "label_id": "_C5hn-bqf-E5x8k67GIg4w",
    "size": [
      2.085078547934245,
      4.594526352086971,
      1.5400000000000205
    ],
    "obj_class": "vehicle",
    "point_num_in_lidar": 5279,
    "speed": 0.03429371777517157,
    "if_vehicle": true,
    "motion_state": false,
    "pose": [
      [
        0.9999374612506379,
        1.6975460041139523e-16,
        0.011183630342116562,
        111.169453283996
      ],
      [
        -0.00031459288507610826,
        0.9996042798841805,
        0.02812800505804367,
        -6.025661136962299
      ],
      [
        -0.011179204754622293,
        -0.02812976425832024,
        0.9995417658826596,
        0.2790706958870146
      ],
      [
        0.0,
        0.0,
        0.0,
        1.0
      ]
    ],
    "location": [
      111.169453283996,
      -6.025661136962299,
      0.2790706958870146
    ],
    "rotation": [
      -0.028135233964291923,
      0.011179437620527633,
      -0.00031461255017195083
    ]
  },
  "bv6utmH2mDG5LayJdwK50g": {
    "label_id": "bv6utmH2mDG5LayJdwK50g",
    "size": [
      2.166026293651141,
      4.81404639732027,
      1.6100000000000136
    ],
    "obj_class": "vehicle",
    "point_num_in_lidar": 62,
    "speed": 3.4219882841874984e-27,
    "if_vehicle": true,
    "motion_state": false,
    "pose": [
      [
        -0.9998644630499085,
        0.012082298717089162,
        0.011183630342116562,
        98.83145989172357
      ],
      [
        -0.011763702949596033,
        -0.9995351072495494,
        0.02812800505804367,
        -35.82597880838148
      ],
      [
        0.011518282112873871,
        0.027992631768783197,
        0.9995417658826596,
        0.5676581706597403
      ],
      [
        0.0,
        0.0,
        0.0,
        1.0
      ]
    ],
    "location": [
      98.83145989172357,
      -35.82597880838148,
      0.5676581706597403
    ],
    "rotation": [
      0.027998146653149425,
      -0.011518536818074795,
      -3.1298278988221293
    ]
  },
  "kDVq2udflXJxnmoBtSLcpA": {
    "label_id": "kDVq2udflXJxnmoBtSLcpA",
    "size": [
      2.557640430978203,
      5.561590161844149,
      2.25
    ],
    "obj_class": "vehicle",
    "point_num_in_lidar": 194,
    "speed": 6.841142357189303e-27,
    "if_vehicle": true,
    "motion_state": false,
    "pose": [
      [
        0.037017040451687196,
        -0.9992520528518163,
        0.011183630342116562,
        132.37003089660885
      ],
      [
        0.9989074538390679,
        0.037319083539188946,
        0.02812800505804367,
        -50.43085694049478
      ],
      [
        -0.028524329631885267,
        0.010130196208662134,
        0.9995417658826596,
        0.7776581706594925
      ],
      [
        0.0,
        0.0,
        0.0,
        1.0
      ]
    ],
    "location": [
      132.37003089660885,
      -50.43085694049478,
      0.7776581706594925
    ],
    "rotation": [
      0.010134493359659075,
      0.028528199125626062,
      1.5337557485315538
    ]
  },
  "nNNrZsPBicV3ZcsF6SQhrg": {
    "label_id": "nNNrZsPBicV3ZcsF6SQhrg",
    "size": [
      2.1938264129260348,
      5.313072584674932,
      1.6100000000000136
    ],
    "obj_class": "vehicle",
    "point_num_in_lidar": 126,
    "speed": 0.01156580582328148,
    "if_vehicle": true,
    "motion_state": false,
    "pose": [
      [
        0.02200977949999799,
        0.9996952015583211,
        0.011183630342116562,
        51.392494954856545
      ],
      [
        -0.999369025466413,
        0.02168792912581407,
        0.02812800505804367,
        26.922679726223578
      ],
      [
        0.027876881903705315,
        -0.011795664945280004,
        0.9995417658826596,
        0.33765817065960846
      ],
      [
        0.0,
        0.0,
        0.0,
        1.0
      ]
    ],
    "location": [
      51.392494954856545,
      26.922679726223578,
      0.33765817065960846
    ],
    "rotation": [
      -0.011800524818442001,
      -0.027880493783212328,
      -1.5487762106851526
    ]
  },
  "qNByNU2wKM_P8PSNExYl8Q": {
    "label_id": "qNByNU2wKM_P8PSNExYl8Q",
    "size": [
      2.2135944463188943,
      4.8252520117720366,
      1.5400000000000205
    ],
    "obj_class": "vehicle",
    "point_num_in_lidar": 164,
    "speed": 0.11739520126336424,
    "if_vehicle": true,
    "motion_state": false,
    "pose": [
      [
        0.9999374612506379,
        -1.1625130291387925e-15,
        0.011183630342116562,
        80.7433111444231
      ],
      [
        -0.0003145928850747769,
        0.9996042798841805,
        0.02812800505804367,
        -6.840327352612803
      ],
      [
        -0.01117920475462233,
        -0.028129764258320224,
        0.9995417658826596,
        0.4170546843014904
      ],
      [
        0.0,
        0.0,
        0.0,
        1.0
      ]
    ],
    "location": [
      80.7433111444231,
      -6.840327352612803,
      0.4170546843014904
    ],
    "rotation": [
      -0.02813523396429191,
      0.01117943762052767,
      -0.00031461255017061943
    ]
  },
  "ra7t9L9zfrnQymzKE1K3nw": {
    "label_id": "ra7t9L9zfrnQymzKE1K3nw",
    "size": [
      2.416217536508927,
      5.165251407556188,
      2.0500000000000114
    ],
    "obj_class": "vehicle",
    "point_num_in_lidar": 121,
    "speed": 3.420318614273907e-27,
    "if_vehicle": true,
    "motion_state": false,
    "pose": [
      [
        0.9978913056033504,
        -0.06393644198429842,
        0.011183630342116562,
        74.73326513536017
      ],
      [
        0.06360118908207249,
        0.9975789212281909,
        0.02812800505804367,
        -43.655569427017326
      ],
      [
        -0.012954958455631164,
        -0.027357399503375884,
        0.9995417658826596,
        1.0976581706592015
      ],
      [
        0.0,
        0.0,
        0.0,
        1.0
      ]
    ],
    "location": [
      74.73326513536017,
      -43.655569427017326,
      1.0976581706592015
    ],
    "rotation": [
      -0.027363110015247487,
      0.012955320856829546,
      0.06364949492968526
    ]
  },
  "ud7o1cGyAcFY-9t6K9tzyQ": {
    "label_id": "ud7o1cGyAcFY-9t6K9tzyQ",
    "size": [
      2.01598855731084,
      4.423724504734764,
      1.6299999999999955
    ],
    "obj_class": "vehicle",
    "point_num_in_lidar": 3124,
    "speed": 0.029279313378401825,
    "if_vehicle": true,
    "motion_state": false,
    "pose": [
      [
        0.9984623550635865,
        -0.05429412429763996,
        0.011183630342116562,
        104.4751585879402
      ],
      [
        0.05396190457759089,
        0.9981467468192309,
        0.02812800505804367,
        -6.414073869615095
      ],
      [
        -0.012690089646478556,
        -0.027481264180142413,
        0.9995417658826596,
        0.31765817065991087
      ],
      [
        0.0,
        0.0,
        0.0,
        1.0
      ]
    ],
    "location": [
      104.4751585879402,
      -6.414073869615095,
      0.31765817065991087
    ],
    "rotation": [
      -0.027486938294971616,
      0.012690430269732883,
      0.05399247928403745
    ]
  },
  "vUmBT1b8utlFCZw9XKhIhQ": {
    "label_id": "vUmBT1b8utlFCZw9XKhIhQ",
    "size": [
      1.9477545717571911,
      4.836105478967659,
      1.5900000000000318
    ],
    "obj_class": "vehicle",
    "point_num_in_lidar": 580,
    "speed": 6.841472216311503e-27,
    "if_vehicle": true,
    "motion_state": false,
    "pose": [
      [
        0.9781030257947246,
        -0.20782058931582084,
        0.011183630342116562,
        110.47846208066085
      ],
      [
        0.20744361953989002,
        0.9778425026780355,
        0.02812800505804367,
        -27.667474698098886
      ],
      [
        -0.016781407670202298,
        -0.025192114099077036,
        0.9995417658826596,
        0.41684425545713566
      ],
      [
        0.0,
        0.0,
        0.0,
        1.0
      ]
    ],
    "location": [
      110.47846208066085,
      -27.667474698098886,
      0.41684425545713566
    ],
    "rotation": [
      -0.025198328647872168,
      0.016782195421188747,
      0.20899087190156854
    ]
  },
  "arxEEhWxRGc1xiGGQi0wVA": {
    "label_id": "arxEEhWxRGc1xiGGQi0wVA",
    "size": [
      1.8280373627313058,
      4.6815357003509614,
      1.4800000000000182
    ],
    "obj_class": "vehicle",
    "point_num_in_lidar": 51,
    "speed": 2.66543871906497e-27,
    "if_vehicle": true,
    "motion_state": false,
    "pose": [
      [
        -0.01905213769375808,
        0.9997752061254662,
        0.00930340078032652,
        120.33201549101688
      ],
      [
        -0.9993662034244352,
        -0.019322549864227243,
        0.029896998507791386,
        -50.13558795041172
      ],
      [
        0.03007004327114464,
        -0.00872790258457032,
        0.9995096879040971,
        0.35853720440474035
      ],
      [
        0.0,
        0.0,
        0.0,
        1.0
      ]
    ],
    "location": [
      120.33201549101688,
      -50.13558795041172,
      0.35853720440474035
    ],
    "rotation": [
      -0.008731962144166314,
      -0.03007457670913307,
      -1.5898582382344637
    ]
  },
  "fkrkuGRK25Xb0AGKMZRdlQ": {
    "label_id": "fkrkuGRK25Xb0AGKMZRdlQ",
    "size": [
      2.084448294863251,
      4.759121630873889,
      1.5299999999999727
    ],
    "obj_class": "vehicle",
    "point_num_in_lidar": 20,
    "speed": 0.06562410590985215,
    "if_vehicle": true,
    "motion_state": false,
    "pose": [
      [
        0.9999402768627503,
        7.33921026995077e-16,
        0.010928984749107263,
        60.142967594542654
      ],
      [
        -0.0003305948438445726,
        0.9995423832656043,
        0.03024755796366286,
        -6.6929607974416285
      ],
      [
        -0.010923983462796093,
        -0.030249364550613642,
        0.9994826874586618,
        0.5336538717416488
      ],
      [
        0.0,
        0.0,
        0.0,
        1.0
      ]
    ],
    "location": [
      60.142967594542654,
      -6.6929607974416285,
      0.5336538717416488
    ],
    "rotation": [
      -0.030255785468515144,
      0.010924200740505563,
      -0.0003306145771390065
    ]
  },
  "qQuCVzjlNHld6dvtPfmdtg": {
    "label_id": "qQuCVzjlNHld6dvtPfmdtg",
    "size": [
      1.9970526794277192,
      4.483609686188972,
      1.5600000000000023
    ],
    "obj_class": "vehicle",
    "point_num_in_lidar": 24,
    "speed": 3.0403777757266187e-27,
    "if_vehicle": true,
    "motion_state": false,
    "pose": [
      [
        0.9999546059351976,
        -1.2691713558137363e-15,
        0.009528172384227401,
        46.00887031526719
      ],
      [
        -0.0002785726815960559,
        0.9995725151978535,
        0.02923541103350373,
        -41.00268375915584
      ],
      [
        -0.00952409923534095,
        -0.029236738207892538,
        0.9995271405383241,
        0.8460797234331494
      ],
      [
        0.0,
        0.0,
        0.0,
        1.0
      ]
    ],
    "location": [
      46.00887031526719,
      -41.00268375915584,
      0.8460797234331494
    ],
    "rotation": [
      -0.029242231674694648,
      0.009524243227290938,
      -0.00027858532050949316
    ]
  },
  "DCR5Ckmve7MsAZHeAyI79A": {
    "label_id": "DCR5Ckmve7MsAZHeAyI79A",
    "size": [
      1.9069717429508337,
      5.002152392313235,
      1.5600000000000023
    ],
    "obj_class": "vehicle",
    "point_num_in_lidar": 21,
    "speed": 1.1404443526885736e-27,
    "if_vehicle": true,
    "motion_state": false,
    "pose": [
      [
        0.9821631335263292,
        -0.18792048960522043,
        0.006439621749473885,
        114.5517394636525
      ],
      [
        0.18766172918326046,
        0.9818050434548492,
        0.02901606531854604,
        -33.18483283472597
      ],
      [
        -0.011775166312653228,
        -0.02729003908307542,
        0.9995582020198492,
        0.5710248161698246
      ],
      [
        0.0,
        0.0,
        0.0,
        1.0
      ]
    ],
    "location": [
      114.5517394636525,
      -33.18483283472597,
      0.5710248161698246
    ],
    "rotation": [
      -0.027295320423496118,
      0.011775438443014421,
      0.18879428485900018
    ]
  },
  "r4wwsWiKAZswTekkzLzBIA": {
    "label_id": "r4wwsWiKAZswTekkzLzBIA",
    "size": [
      2.423789535328974,
      5.319976989004658,
      1.7099999999999795
    ],
    "obj_class": "vehicle",
    "point_num_in_lidar": 31,
    "speed": 2.5348045458401387e-28,
    "if_vehicle": true,
    "motion_state": false,
    "pose": [
      [
        0.9999845655490959,
        1.436294036618837e-15,
        0.005555957486001488,
        62.93466584040209
      ],
      [
        -0.00016080076506856653,
        0.9995810913072786,
        0.028941597123583435,
        40.13185039699965
      ],
      [
        -0.005553630047114169,
        -0.028942043828137982,
        0.999565663322,
        -0.14843299754687678
      ],
      [
        0.0,
        0.0,
        0.0,
        1.0
      ]
    ],
    "location": [
      62.93466584040209,
      40.13185039699965,
      -0.14843299754687678
    ],
    "rotation": [
      -0.028946532387670674,
      0.005553658595766744,
      -0.0001608032455923874
    ]
  },
  "R8nuVKEeg-Wlk6S0XJIx_w": {
    "label_id": "R8nuVKEeg-Wlk6S0XJIx_w",
    "size": [
      1.9735952159834467,
      4.385877720304702,
      1.5300000000000296
    ],
    "obj_class": "vehicle",
    "point_num_in_lidar": 29,
    "speed": 0.0,
    "if_vehicle": true,
    "motion_state": false,
    "pose": [
      [
        -0.006830071377602311,
        0.9999562421774563,
        0.006392484283719388,
        114.86745008929233
      ],
      [
        -0.9995623946679613,
        -0.0070110955114115305,
        0.028737844480416965,
        -49.17703410791546
      ],
      [
        0.028781405292786253,
        -0.006193405369472176,
        0.999566542276852,
        0.5903679023383006
      ],
      [
        0.0,
        0.0,
        0.0,
        1.0
      ]
    ],
    "location": [
      114.86745008929233,
      -49.17703410791546,
      0.5903679023383006
    ],
    "rotation": [
      -0.006196011822341125,
      -0.028785380380123664,
      -1.5776292820127735
    ]
  },
  "SvD0AwZbUZS6wEKPI_DiwQ": {
    "label_id": "SvD0AwZbUZS6wEKPI_DiwQ",
    "size": [
      2.5118529045355644,
      6.021860427745784,
      2.0
    ],
    "obj_class": "vehicle",
    "point_num_in_lidar": 20,
    "speed": 2.847716647714797e-13,
    "if_vehicle": true,
    "motion_state": false,
    "pose": [
      [
        0.9964394326794954,
        -0.08404166561091564,
        0.006742065166419016,
        46.55912616085726
      ],
      [
        0.08380873016039149,
        0.9960448621042185,
        0.029508124723385435,
        -35.82613785023568
      ],
      [
        -0.009195311319791436,
        -0.028838015138549795,
        0.9995418025938689,
        0.890955483114908
      ],
      [
        0.0,
        0.0,
        0.0,
        1.0
      ]
    ],
    "location": [
      46.55912616085726,
      -35.82613785023568,
      0.890955483114908
    ],
    "rotation": [
      -0.028843233499408306,
      0.009195440907731707,
      0.08391070820928447
    ]
  },
  "hiYNFf2z5j5p07OXAMqSMg": {
    "label_id": "hiYNFf2z5j5p07OXAMqSMg",
    "size": [
      2.0783179884697156,
      5.074564979926786,
      1.759999999999991
    ],
    "obj_class": "vehicle",
    "point_num_in_lidar": 38,
    "speed": 1.971513749331161e-27,
    "if_vehicle": true,
    "motion_state": false,
    "pose": [
      [
        0.9978302171292679,
        0.0654935290013444,
        0.006742065166419016,
        69.55830036354996
      ],
      [
        -0.06566501889959434,
        0.9974053217565189,
        0.029508124723385435,
        42.13208642207428
      ],
      [
        -0.004791980454269247,
        -0.029886816336388414,
        0.9995418025938689,
        -0.2837591306268905
      ],
      [
        0.0,
        0.0,
        0.0,
        1.0
      ]
    ],
    "location": [
      69.55830036354996,
      42.13208642207428,
      -0.2837591306268905
    ],
    "rotation": [
      -0.029891610690884175,
      0.00479199879422786,
      -0.06571305638783762
    ]
  },
  "3A8rG2bX-CGR5WhiqeSlFg": {
    "label_id": "3A8rG2bX-CGR5WhiqeSlFg",
    "size": [
      2.3669891354421715,
      5.706603960836367,
      2.089999999999975
    ],
    "obj_class": "vehicle",
    "point_num_in_lidar": 41,
    "speed": 0.015918791452278876,
    "if_vehicle": true,
    "motion_state": false,
    "pose": [
      [
        -0.9991730984018553,
        -0.04024606403216247,
        0.005777002679208529,
        51.41967490316625
      ],
      [
        0.0404040121837708,
        -0.9987181969549234,
        0.030487355912911716,
        58.26163757292852
