[
  {
    "label_id": "-P2r1ulTFQiaIYLQ5q7wrw",
    "size": [
      1.977703211513418,
      4.853243234693944,
      1.4799999999999969
    ],
    "obj_class": "vehicle",
    "point_num_in_lidar": 95,
    "speed": 0.01957040399678531,
    "if_vehicle": true,
    "motion_state": false,
    "pose": [
      [
        -0.7116760095035858,
        -0.7022517902907696,
        0.018965245330894612,
        4.496529614462929
      ],
      [
        0.7024886222093704,
        -0.7115968241753305,
        0.011819284663811623,
        -22.64144984707309
      ],
      [
        0.00519549453205267,
        0.021734370407091235,
        0.9997502808099504,
        0.32235394562056996
      ],
      [
        0.0,
        0.0,
        0.0,
        1.0
      ]
    ],
    "location": [
      4.496529614462929,
      -22.64144984707309,
      0.32235394562056996
    ],
    "rotation": [
      0.021736375343225707,
      -0.005195517906142097,
      2.362691087430193
    ]
  },
  {
    "label_id": "04pkf4nJONAF_qs2PTV8qQ",
    "size": [
      1.9812665109936338,
      4.883885630197538,
      1.3383567239946075
    ],
    "obj_class": "vehicle",
    "point_num_in_lidar": 319,
    "speed": 0.019960462065964215,
    "if_vehicle": true,
    "motion_state": false,
    "pose": [
      [
        -0.7637716143040962,
        -0.645207904983234,
        0.018965245330894612,
        20.250849389514542
      ],
      [
        0.6454501437477668,
        -0.7637109508485675,
        0.011819284663811623,
        -38.24210330176538
      ],
      [
        0.006858069648395514,
        0.021268354452636636,
        0.9997502808099504,
        0.32572398657408286
      ],
      [
        0.0,
        0.0,
        0.0,
        1.0
      ]
    ],
    "location": [
      20.250849389514542,
      -38.24210330176538,
      0.32572398657408286
    ],
    "rotation": [
      0.0212704584999723,
      -0.0068581234089346845,
      2.439960297694692
    ]
  },
  {
    "label_id": "3ULvwGxTGRPNwREovjQpTA",
    "size": [
      0.44314225601793444,
      0.06973389285489551,
      0.4799999999999969
    ],
    "obj_class": "sign",
    "point_num_in_lidar": 44,
    "speed": 0.03558227187535127,
    "if_vehicle": false,
    "motion_state": false,
    "pose": [
      [
        0.8678184174245327,
        0.4965193992668549,
        0.018965245330894612,
        19.40475584537171
      ],
      [
        -0.49676861322988314,
        0.8678025405699702,
        0.011819284663811623,
        -40.613889899101196
      ],
      [
        -0.010589583959643408,
        -0.019678331534632082,
        0.9997502808099504,
        2.4606582752444837
      ],
      [
        0.0,
        0.0,
        0.0,
        1.0
      ]
    ],
    "location": [
      19.40475584537171,
      -40.613889899101196,
      2.4606582752444837
    ],
    "rotation": [
      -0.019680705448369105,
      0.0105897818876999,
      -0.5199035901435585
    ]
  },
  {
    "label_id": "6K69Q1Lj6wFOJTt83VGCPQ",
    "size": [
      1.5735966506164463,
      3.876532353821779,
      1.4104110017826414
    ],
    "obj_class": "vehicle",
    "point_num_in_lidar": 21,
    "speed": 0.0,
    "if_vehicle": true,
    "motion_state": false,
    "pose": [
      [
        0.0690407872048676,
        0.9974335512562585,
        0.018965245330894612,
        24.842874675545318
      ],
      [
        -0.9975587512999227,
        0.06882472095820802,
        0.011819284663811623,
        -83.27043268639682
      ],
      [
        0.010483673357731482,
        -0.019734959167771886,
        0.9997502808099504,
        -0.08910780951411823
      ],
      [
        0.0,
        0.0,
        0.0,
        1.0
      ]
    ],
    "location": [
      24.842874675545318,
      -83.27043268639682,
      -0.08910780951411823
    ],
    "rotation": [
      -0.019737325226649845,
      -0.010483865406122584,
      -1.5016967695184924
    ]
  },
  {
    "label_id": "8pIMDQlT0nvQjhM3aw-_3g",
    "size": [
      0.887825295732015,
      1.2801816282467895,
      1.8900000000000077
    ],
    "obj_class": "pedestrian",
    "point_num_in_lidar": 125,
    "speed": 1.131263290295962,
    "if_vehicle": false,
    "motion_state": true,
    "pose": [
      [
        -0.6164345594404416,
        -0.7871777139864973,
        0.018965245330894612,
        33.351809573948
      ],
      [
        0.78740253124451,
        -0.6163258539926542,
        0.011819284663811623,
        -23.47791698504625
      ],
      [
        0.0023848935421289163,
        0.022219097713857425,
        0.9997502808099504,
        0.910810576231107
      ],
      [
        0.0,
        0.0,
        0.0,
        1.0
      ]
    ],
    "location": [
      33.351809573948,
      -23.47791698504625,
      0.910810576231107
    ],
    "rotation": [
      0.02222098954208672,
      -0.0023848958029013758,
      2.235005103181504
    ]
  },
  {
    "label_id": "A-Nl7nzEqcg7i4ocvxkpPA",
    "size": [
      0.9297442150365015,
      1.0123167820115955,
      1.720000000000006
    ],
    "obj_class": "pedestrian",
    "point_num_in_lidar": 52,
    "speed": 2.6346591980548575,
    "if_vehicle": false,
    "motion_state": true,
    "pose": [
      [
        -0.9954491154759666,
        0.093388318154117,
        0.018965245330894612,
        13.176606160792176
      ],
      [
        -0.09317537514042148,
        -0.9955795568298285,
        0.011819284663811623,
        -21.438423275272726
      ],
      [
        0.019985193658239142,
        0.009998402615813706,
        0.9997502808099504,
        0.7481472259535593
      ],
      [
        0.0,
        0.0,
        0.0,
        1.0
      ]
    ],
    "location": [
      13.176606160792176,
      -21.438423275272726,
      0.7481472259535593
    ],
    "rotation": [
      0.010000566629132472,
      -0.019986524271665657,
      -3.048263235254306
    ]
  },
  {
    "label_id": "Kiq_2OWzaiT26agub1la4Q",
    "size": [
      1.9738654991365079,
      4.297312746906173,
      1.4000000000000057
    ],
    "obj_class": "vehicle",
    "point_num_in_lidar": 27,
    "speed": 0.0,
    "if_vehicle": true,
    "motion_state": false,
    "pose": [
      [
        0.7155254185021864,
        -0.6983292167357816,
        0.018965245330894612,
        26.634903414029168
      ],
      [
        0.6982455868191337,
        0.7157607176966612,
        0.011819284663811623,
        -99.25319681988003
      ],
      [
        -0.021828329410991186,
        0.004785400249769057,
        0.9997502808099504,
        0.2741477333109188
      ],
      [
        0.0,
        0.0,
        0.0,
        1.0
      ]
    ],
    "location": [
      26.634903414029168,
      -99.25319681988003,
      0.2741477333109188
    ],
    "rotation": [
      0.004786558999013321,
      0.0218300632284916,
      0.7731762609688297
    ]
  },
  {
    "label_id": "MXGqNLicpKl4p33SUi0GOQ",
    "size": [
      1.9887407246762672,
      3.9803224659455165,
      1.7700000000000031
    ],
    "obj_class": "vehicle",
    "point_num_in_lidar": 580,
    "speed": 0.056667230144746936,
    "if_vehicle": true,
    "motion_state": false,
    "pose": [
      [
        -0.7158547458493781,
        -0.6979916205188005,
        0.018965245330894612,
        34.430988681044596
      ],
      [
        0.6982289208391897,
        -0.7157769754705556,
        0.011819284663811623,
        -28.59494367154184
      ],
      [
        0.005325124286137939,
        0.021702973799975347,
        0.9997502808099504,
        0.6145978859025334
      ],
      [
        0.0,
        0.0,
        0.0,
        1.0
      ]
    ],
    "location": [
      34.430988681044596,
      -28.59494367154184,
      0.6145978859025334
    ],
    "rotation": [
      0.021704985707730034,
      -0.005325149453838431,
      2.3686583299974426
    ]
  },
  {
    "label_id": "S4HqC_4GSw-T9OMeUMC35Q",
    "size": [
      2.2306780173773824,
      5.697452598496534,
      1.9638435647708974
    ],
    "obj_class": "vehicle",
    "point_num_in_lidar": 507,
    "speed": 0.06770030431895233,
    "if_vehicle": true,
    "motion_state": false,
    "pose": [
      [
        0.07924247998893287,
        0.9966749464267388,
        0.018965245330894612,
        33.582323668036
      ],
      [
        -0.9968023506128927,
        0.07902770604444816,
        0.011819284663811623,
        -74.28636496893341
      ],
      [
        0.010281205076036044,
        -0.019841190554241526,
        0.9997502808099504,
        0.40021772563934377
      ],
      [
        0.0,
        0.0,
        0.0,
        1.0
      ]
    ],
    "location": [
      33.582323668036,
      -74.28636496893341,
      0.40021772563934377
    ],
    "rotation": [
      -0.019843541535983923,
      -0.010281386210660156,
      -1.4914664777968982
    ]
  },
  {
    "label_id": "S4O9SDuUJRryMJ0UwwkETA",
    "size": [
      0.8936347437600776,
      1.0267817717673515,
      1.759999999999998
    ],
    "obj_class": "pedestrian",
    "point_num_in_lidar": 53,
    "speed": 2.758209452737232,
    "if_vehicle": false,
    "motion_state": true,
    "pose": [
      [
        -0.9992706369758203,
        -0.033143831213025034,
        0.018965245330894612,
        13.666854004081074
      ],
      [
        0.03337154980152863,
        -0.9993731256011841,
        0.011819284663811623,
        -22.51729262986555
      ],
      [
        0.01856162012817334,
        0.012443563743663743,
        0.9997502808099504,
        0.7143310004420727
      ],
      [
        0.0,
        0.0,
        0.0,
        1.0
      ]
    ],
    "location": [
      13.666854004081074,
      -22.51729262986555,
      0.7143310004420727
    ],
    "rotation": [
      0.012446029231579572,
      -0.018562686144196316,
      3.108209153083272
    ]
  },
  {
    "label_id": "TtGOCH4bFuFcQIo2i1oiHQ",
    "size": [
      1.7668313851055268,
      3.705278902461452,
      1.5820309010255187
    ],
    "obj_class": "vehicle",
    "point_num_in_lidar": 44,
    "speed": 0.0,
    "if_vehicle": true,
    "motion_state": false,
    "pose": [
      [
        0.06501402695344818,
        -0.997704112334331,
        0.018965245330894612,
        24.579338950445162
      ],
      [
        0.9977992821862159,
        0.06524490002067614,
        0.011819284663811623,
        -89.04249457450533
      ],
      [
        -0.01302953444941676,
        0.0181550888859486,
        0.9997502808099504,
        -0.026867359530896806
      ],
      [
        0.0,
        0.0,
        0.0,
        1.0
      ]
    ],
    "location": [
      24.579338950445162,
      -89.04249457450533,
      -0.026867359530896806
    ],
    "rotation": [
      0.018157627909278676,
      0.013029903145586127,
      1.5057308809530072
    ]
  },
  {
    "label_id": "_t9mZCktHo51Y8xS0bDtjw",
    "size": [
      1.0528297196505667,
      1.0230485463507648,
      1.8100000000000023
    ],
    "obj_class": "pedestrian",
    "point_num_in_lidar": 68,
    "speed": 1.5056368448904294,
    "if_vehicle": false,
    "motion_state": true,
    "pose": [
      [
        -0.6687397502935288,
        -0.7432546440129975,
        0.018965245330894612,
        20.06204350144958
      ],
      [
        0.7434863584153092,
        -0.6686466476102144,
        0.011819284663811623,
        -10.161178747475788
      ],
      [
        0.0038963094963183624,
        0.0220044266622453,
        0.9997502808099504,
        0.9247023724523302
      ],
      [
        0.0,
        0.0,
        0.0,
        1.0
      ]
    ],
    "location": [
      20.06204350144958,
      -10.161178747475788,
      0.9247023724523302
    ],
    "rotation": [
      0.022006369856862516,
      -0.0038963193548459817,
      2.3033156158654022
    ]
  },
  {
    "label_id": "aQ78rEZvmJFTvo_WzGO48g",
    "size": [
      1.9892282095909477,
      4.265998323109011,
      1.9200000000000017
    ],
    "obj_class": "vehicle",
    "point_num_in_lidar": 1933,
    "speed": 0.07001120112826029,
    "if_vehicle": true,
    "motion_state": false,
    "pose": [
      [
        -0.7032975032975199,
        -0.7106426256037657,
        0.018965245330894612,
        39.27902696777528
      ],
      [
        0.7108785017567298,
        -0.7032155147962416,
        0.011819284663811623,
        -33.5841600499989
      ],
      [
        0.004937367272352656,
        0.021794458581096555,
        0.9997502808099504,
        0.6516872330919128
      ],
      [
        0.0,
        0.0,
        0.0,
        1.0
      ]
    ],
    "location": [
      39.27902696777528,
      -33.5841600499989,
      0.6516872330919128
    ],
    "rotation": [
      0.021796450055138843,
      -0.004937387332763153,
      2.3508338237588617
    ]
  },
  {
    "label_id": "eFSYff7iqoVdjoe4WE_TTg",
    "size": [
      0.968376300563896,
      0.8726219853160727,
      1.6099999999999994
    ],
    "obj_class": "pedestrian",
    "point_num_in_lidar": 34,
    "speed": 1.0677005570766438,
    "if_vehicle": false,
    "motion_state": true,
    "pose": [
      [
        -0.6413520927915562,
        -0.767012263618666,
        0.018965245330894612,
        0.5283406033504434
      ],
      [
        0.7672404500740292,
        -0.6412506501207129,
        0.011819284663811623,
        -23.36654190313493
      ],
      [
        0.003095939613791446,
        0.02213122631787469,
        0.9997502808099504,
        0.5116464021886387
      ],
      [
        0.0,
        0.0,
        0.0,
        1.0
      ]
    ],
    "location": [
      0.5283406033504434,
      -23.36654190313493,
      0.5116464021886387
    ],
    "rotation": [
      0.02213313941831654,
      -0.0030959445594948318,
      2.267059569358789
    ]
  },
  {
    "label_id": "sB94v_-WHvXqW7OHBDAB-Q",
    "size": [
      2.306758802908487,
      5.120968871728287,
      1.7800000000000011
    ],
    "obj_class": "vehicle",
    "point_num_in_lidar": 2370,
    "speed": 0.1644838932831785,
    "if_vehicle": true,
    "motion_state": false,
    "pose": [
      [
        -0.7340322860185476,
        -0.6788497054222857,
        0.018965245330894612,
        34.088215902820025
      ],
      [
        0.6790889761787886,
        -0.7339608074975671,
        0.011819284663811623,
        -52.18159235350686
      ],
      [
        0.00589622886512221,
        0.02155482557561838,
        0.9997502808099504,
        0.3920672122161619
      ],
      [
        0.0,
        0.0,
        0.0,
        1.0
      ]
    ],
    "location": [
      34.088215902820025,
      -52.18159235350686,
      0.3920672122161619
    ],
    "rotation": [
      0.02155686980356497,
      -0.005896263029895378,
      2.3950557331239732
    ]
  },
  {
    "label_id": "vCJ0BzCFmruBIIT0olYkIQ",
    "size": [
      3.2345387737506353,
      14.480119551472967,
      3.2713869017741857
    ],
    "obj_class": "vehicle",
    "point_num_in_lidar": 825,
    "speed": 0.04033892400658302,
    "if_vehicle": true,
    "motion_state": false,
    "pose": [
      [
        -0.7020256560789633,
        -0.7118990782944169,
        0.018965245330894612,
        17.904150884995488
      ],
      [
        0.7121348074640174,
        -0.7019432459310533,
        0.011819284663811623,
        -12.38931972989667
      ],
      [
        0.004898388009180081,
        0.02180325240272087,
        0.9997502808099504,
        1.8093208366470819
      ],
      [
        0.0,
        0.0,
        0.0,
        1.0
      ]
    ],
    "location": [
      17.904150884995488,
      -12.38931972989667,
      1.8093208366470819
    ],
    "rotation": [
      0.021805241893415782,
      -0.004898407598212674,
      2.3490460940562703
    ]
  },
  {
    "label_id": "wjzgA1cOPaZYdLiSf4bJZA",
    "size": [
      1.057955168246183,
      0.9628134095098644,
      1.720000000000006
    ],
    "obj_class": "pedestrian",
    "point_num_in_lidar": 45,
    "speed": 0.7659209259412468,
    "if_vehicle": false,
    "motion_state": false,
    "pose": [
      [
        -0.7558861493671224,
        -0.6544283373024762,
        0.018965245330894612,
        1.494990833712336
      ],
      [
        0.6546698221155376,
        -0.7558225509478045,
        0.011819284663811623,
        -23.404372778284596
      ],
      [
        0.0065994852947048035,
        0.021350007359956753,
        0.9997502808099504,
        0.5680479183653375
      ],
      [
        0.0,
        0.0,
        0.0,
        1.0
      ]
    ],
    "location": [
      1.494990833712336,
      -23.404372778284596,
      0.5680479183653375
    ],
    "rotation": [
      0.021352094714647687,
      -0.006599533200434304,
      2.4278280474676137
    ]
  },
  {
    "label_id": "x3klJ8f90QbfLDwyG47N7A",
    "size": [
      0.8826251259679974,
      0.956978295571971,
      1.7813043478260866
    ],
    "obj_class": "pedestrian",
    "point_num_in_lidar": 63,
    "speed": 2.7733362487574267,
    "if_vehicle": false,
    "motion_state": true,
    "pose": [
      [
        -0.9867965519514563,
        0.1608505036555867,
        0.018965245330894612,
        15.771891811900787
      ],
      [
        -0.1606469217621051,
        -0.9869411689854649,
        0.011819284663811623,
        -21.02122711037191
      ],
      [
        0.020618719287992106,
        0.008616521069910682,
        0.9997502808099504,
        0.7770760142264663
      ],
      [
        0.0,
        0.0,
        0.0,
        1.0
      ]
    ],
    "location": [
      15.771891811900787,
      -21.02122711037191,
      0.7770760142264663
    ],
    "rotation": [
      0.00861845992479539,
      -0.02062018051235725,
      -2.980211992434881
    ]
  }
]