[
  {
    "label_id": "-EDgzw9YqjNzbXb8lWuF_g",
    "size": [
      0.7647537580756122,
      1.0695207740712365,
      1.8599999999999994
    ],
    "obj_class": "pedestrian",
    "point_num_in_lidar": 976,
    "speed": 1.5742139783138605,
    "if_vehicle": false,
    "motion_state": true,
    "pose": [
      [
        0.20159176756265004,
        0.9795129271541994,
        0.0011737503916805238,
        7.847441632140544
      ],
      [
        -0.9795125887128288,
        0.20159645986588,
        0.0011985351827388932,
        -1.3723435028077802
      ],
      [
        0.0009369386873129544,
        -0.0013933636172071204,
        1.000004991211286,
        0.8985085034048552
      ],
      [
        0.0,
        0.0,
        0.0,
        1.0
      ]
    ],
    "location": [
      7.847441632140544,
      -1.3723435028077802,
      0.8985085034048552
    ],
    "rotation": [
      -0.0013933557609632553,
      -0.0009369328272166703,
      -1.3678222042958206
    ]
  },
  {
    "label_id": "0FY7FxwLy0hfrhi3NAfiPQ",
    "size": [
      1.8072352523702107,
      3.8913852522382513,
      1.4600000000000009
    ],
    "obj_class": "vehicle",
    "point_num_in_lidar": 123,
    "speed": 3.0394760957832534,
    "if_vehicle": true,
    "motion_state": true,
    "pose": [
      [
        0.23104474470333178,
        0.9729867117058656,
        0.0011737503916805238,
        24.530491856545268
      ],
      [
        -0.9729862318862085,
        0.23104942466329523,
        0.0011985351827388932,
        -27.211607256969728
      ],
      [
        0.0008944848518635688,
        -0.001420990191143781,
        1.000004991211286,
        1.3328952196759474
      ],
      [
        0.0,
        0.0,
        0.0,
        1.0
      ]
    ],
    "location": [
      24.530491856545268,
      -27.211607256969728,
      1.3328952196759474
    ],
    "rotation": [
      -0.0014209821423050337,
      -0.0008944792457044382,
      -1.3376549412963075
    ]
  },
  {
    "label_id": "2EWbspym0T1YkCd3xXEsUA",
    "size": [
      0.7170531407558757,
      0.8462840361255533,
      1.6899999999999977
    ],
    "obj_class": "pedestrian",
    "point_num_in_lidar": 386,
    "speed": 1.380463136818646,
    "if_vehicle": false,
    "motion_state": true,
    "pose": [
      [
        0.4307904347265414,
        0.9024989842428293,
        0.0011737503916805238,
        6.360119028038753
      ],
      [
        -0.9024975295031192,
        0.4307949086492653,
        0.0011985351827388932,
        3.7791148241230985
      ],
      [
        0.0005751342805567966,
        -0.0015775096934309634,
        1.000004991211286,
        0.7837529493084503
      ],
      [
        0.0,
        0.0,
        0.0,
        1.0
      ]
    ],
    "location": [
      6.360119028038753,
      3.7791148241230985,
      0.7837529493084503
    ],
    "rotation": [
      -0.0015775005112439655,
      -0.0005751306309320429,
      -1.1254474737154476
    ]
  },
  {
    "label_id": "2kx3n6sQg97wQoT2iuuqkw",
    "size": [
      1.9436068624993117,
      4.581826043400449,
      1.470000000000006
    ],
    "obj_class": "vehicle",
    "point_num_in_lidar": 66,
    "speed": 1.1368683772161603e-12,
    "if_vehicle": true,
    "motion_state": false,
    "pose": [
      [
        0.9673885802137001,
        -0.25346429745299964,
        0.0011737503916805238,
        38.07395883416757
      ],
      [
        0.2534689650771588,
        0.9673879923898562,
        0.0011985351827388932,
        3.4862234387546778
      ],
      [
        -0.0014412782542465121,
        -0.000861413528670386,
        1.000004991211286,
        0.950762604710917
      ],
      [
        0.0,
        0.0,
        0.0,
        1.0
      ]
    ],
    "location": [
      38.07395883416757,
      3.4862234387546778,
      0.950762604710917
    ],
    "rotation": [
      -0.0008614090161323728,
      0.0014412695278645832,
      0.2562532320771035
    ]
  },
  {
    "label_id": "3NGaBQl276KzZKljja6dOA",
    "size": [
      0.7299292117232214,
      0.694010124373706,
      1.1000000000000014
    ],
    "obj_class": "pedestrian",
    "point_num_in_lidar": 159,
    "speed": 0.0016445852117171666,
    "if_vehicle": false,
    "motion_state": false,
    "pose": [
      [
        0.7398041319948729,
        0.6728853256644358,
        0.0011737503916805238,
        2.6168605488273897
      ],
      [
        -0.672882288616168,
        0.7398077248474976,
        0.0011985351827388932,
        12.679800931655336
      ],
      [
        -6.341546136929535e-05,
        -0.0016778840105321781,
        1.000004991211286,
        0.7075381695500482
      ],
      [
        0.0,
        0.0,
        0.0,
        1.0
      ]
    ],
    "location": [
      2.6168605488273897,
      12.679800931655336,
      0.7075381695500482
    ],
    "rotation": [
      -0.001677874061347254,
      6.341505550081872e-05,
      -0.7380615077220133
    ]
  },
  {
    "label_id": "4JRTQZlhJCGV0xv6XMfMIw",
    "size": [
      2.1256513865935975,
      4.668043267308801,
      1.6099999999999994
    ],
    "obj_class": "vehicle",
    "point_num_in_lidar": 125,
    "speed": 6.629024818318272e-12,
    "if_vehicle": true,
    "motion_state": false,
    "pose": [
      [
        0.17524657895890142,
        0.9845676471296539,
        0.0011737503916805238,
        21.038530629739398
      ],
      [
        -0.9845674346677922,
        0.17525127865167014,
        0.0011985351827388932,
        48.924334829695
      ],
      [
        0.0009739746291536246,
        -0.0013677315874488273,
        1.000004991211286,
        0.9532368023651543
      ],
      [
        0.0,
        0.0,
        0.0,
        1.0
      ]
    ],
    "location": [
      21.038530629739398,
      48.924334829695,
      0.9532368023651543
    ],
    "rotation": [
      -0.0013677239079921636,
      -0.000973968548903739,
      -1.3946476202470273
    ]
  },
  {
    "label_id": "51XfsSndNbxOYol5ZhZdTA",
    "size": [
      1.879785628879119,
      4.076636714678694,
      1.3999999999999986
    ],
    "obj_class": "vehicle",
    "point_num_in_lidar": 46,
    "speed": 1.6077746776921857e-12,
    "if_vehicle": true,
    "motion_state": false,
    "pose": [
      [
        -0.9803797292917301,
        0.19733322478765547,
        0.0011737503916805238,
        24.61944744421635
      ],
      [
        -0.1973379185173328,
        -0.9803794112447533,
        0.0011985351827388932,
        44.401292365801055
      ],
      [
        0.0013892788347345197,
        0.0009429849377900577,
        1.000004991211286,
        0.9143275007485272
      ],
      [
        0.0,
        0.0,
        0.0,
        1.0
      ]
    ],
    "location": [
      24.61944744421635,
      44.401292365801055,
      0.9143275007485272
    ],
    "rotation": [
      0.0009429799516736112,
      -0.001389270389108834,
      -2.9429596810421494
    ]
  },
  {
    "label_id": "7fxnDM2wAyQs-FiehwtY8Q",
    "size": [
      0.8262102903297786,
      0.823178729140084,
      1.5499999999999972
    ],
    "obj_class": "pedestrian",
    "point_num_in_lidar": 77,
    "speed": 0.042533754870185306,
    "if_vehicle": false,
    "motion_state": false,
    "pose": [
      [
        0.9759957962083294,
        0.21798399251984152,
        0.0011737503916805238,
        9.944820167773287
      ],
      [
        -0.21797957439523755,
        0.97599741250878,
        0.0011985351827388932,
        -11.247210504887335
      ],
      [
        -0.0008863528379795822,
        -0.0014260767581535598,
        1.000004991211286,
        0.8027587595862542
      ],
      [
        0.0,
        0.0,
        0.0,
        1.0
      ]
    ],
    "location": [
      9.944820167773287,
      -11.247210504887335,
      0.8027587595862542
    ],
    "rotation": [
      -0.0014260686736193115,
      0.0008863472806483337,
      -0.2197345269224885
    ]
  },
  {
    "label_id": "7tOgwMtQQau9C7cR3nDM_A",
    "size": [
      2.199510998150259,
      4.668562141136059,
      1.6400000000000006
    ],
    "obj_class": "vehicle",
    "point_num_in_lidar": 43,
    "speed": 0.002816722565650938,
    "if_vehicle": true,
    "motion_state": false,
    "pose": [
      [
        -0.2336499570311563,
        -0.9723643930083824,
        0.0011737503916805238,
        33.33433930351748
      ],
      [
        0.972363900655673,
        -0.23365463568918748,
        0.0011985351827388932,
        -36.140904025574855
      ],
      [
        -0.0008906756728664623,
        0.0014233808764010083,
        1.000004991211286,
        1.4077700928563672
      ],
      [
        0.0,
        0.0,
        0.0,
        1.0
      ]
    ],
    "location": [
      33.33433930351748,
      -36.140904025574855,
      1.4077700928563672
    ],
    "rotation": [
      0.0014233728107945585,
      0.000890670089571843,
      1.8066161129461349
    ]
  },
  {
    "label_id": "8bU9YqZGCj5wFCjrgGqXyA",
    "size": [
      0.3109838342945191,
      0.08639544551842648,
      0.6700000000000017
    ],
    "obj_class": "sign",
    "point_num_in_lidar": 21,
    "speed": 2.5421149729252077e-12,
    "if_vehicle": false,
    "motion_state": false,
    "pose": [
      [
        0.0991575629410983,
        0.9951143617307527,
        0.0011737503916805238,
        21.21882398572052
      ],
      [
        -0.9951145106278806,
        0.09916226507697559,
        0.0011985351827388932,
        22.9295292631723
      ],
      [
        0.0010760836285835008,
        -0.0012889376625092425,
        1.000004991211286,
        2.985444101914595
      ],
      [
        0.0,
        0.0,
        0.0,
        1.0
      ]
    ],
    "location": [
      21.21882398572052,
      22.9295292631723,
      2.985444101914595
    ],
    "rotation": [
      -0.0012889305153959245,
      -0.0010760769484377995,
      -1.4714797911689788
    ]
  },
  {
    "label_id": "C4lVCY0U7eKSegXd8LC_FQ",
    "size": [
      0.9018772145063891,
      0.944866519994953,
      1.3999999999999986
    ],
    "obj_class": "pedestrian",
    "point_num_in_lidar": 61,
    "speed": 0.0023112134637546873,
    "if_vehicle": false,
    "motion_state": false,
    "pose": [
      [
        0.17203623724650935,
        0.985133670262713,
        0.0011737503916805238,
        34.08931001388555
      ],
      [
        -0.9851334731216426,
        0.1720409376068744,
        0.0011985351827388932,
        18.00007257636753
      ],
      [
        0.0009784278707067001,
        -0.0013645494404251452,
        1.000004991211286,
        1.0056631867760188
      ],
      [
        0.0,
        0.0,
        0.0,
        1.0
      ]
    ],
    "location": [
      34.08931001388555,
      18.00007257636753,
      1.0056631867760188
    ],
    "rotation": [
      -0.0013645417827900408,
      -0.0009784217640742801,
      -1.3979073450678543
    ]
  },
  {
    "label_id": "CpPxlJb2rlUaBE-2xJoBWw",
    "size": [
      0.7881720903962489,
      0.994941850972178,
      1.8900000000000006
    ],
    "obj_class": "pedestrian",
    "point_num_in_lidar": 422,
    "speed": 1.432746249624368,
    "if_vehicle": false,
    "motion_state": true,
    "pose": [
      [
        -0.4001080092800258,
        -0.9165142640031283,
        0.0011737503916805238,
        10.63960311228584
      ],
      [
        0.9165129609769112,
        -0.4001125297196993,
        0.0011985351827388932,
        -7.894172709464328
      ],
      [
        -0.0006280096362999286,
        0.0015572155182423033,
        1.000004991211286,
        0.9583945874263691
      ],
      [
        0.0,
        0.0,
        0.0,
        1.0
      ]
    ],
    "location": [
      10.63960311228584,
      -7.894172709464328,
      0.9583945874263691
    ],
    "rotation": [
      0.0015572064872023325,
      0.0006280056578029965,
      1.9824130320930986
    ]
  },
  {
    "label_id": "DnS7Up19TsoNk12Ymz9Ndg",
    "size": [
      1.9636513337684758,
      4.880426123448928,
      1.5200000000000031
    ],
    "obj_class": "vehicle",
    "point_num_in_lidar": 781,
    "speed": 3.2329201557564637,
    "if_vehicle": true,
    "motion_state": true,
    "pose": [
      [
        -0.20303505437563024,
        -0.9792147782309589,
        0.0011737503916805238,
        18.028685056779068
      ],
      [
        0.9792144328749205,
        -0.20303974617500464,
        0.0011985351827388932,
        17.308997463362175
      ],
      [
        -0.0009348842734642586,
        0.0013947428683343155,
        1.000004991211286,
        0.9379474381752289
      ],
      [
        0.0,
        0.0,
        0.0,
        1.0
      ]
    ],
    "location": [
      18.028685056779068,
      17.308997463362175,
      0.9379474381752289
    ],
    "rotation": [
      0.001394735002525981,
      0.0009348784256181633,
      1.7752441491870035
    ]
  },
  {
    "label_id": "Dx_YF2pcEPAiH89zE5Cldw",
    "size": [
      0.7695950291250404,
      1.0816219434462169,
      1.7899999999999991
    ],
    "obj_class": "pedestrian",
    "point_num_in_lidar": 25,
    "speed": 1.6752077625129227,
    "if_vehicle": false,
    "motion_state": true,
    "pose": [
      [
        0.23807206984628032,
        0.9712911534500502,
        0.0011737503916805238,
        11.396046235502581
      ],
      [
        -0.9712906398132269,
        0.23807674621553188,
        0.0011985351827388932,
        -13.618119114398723
      ],
      [
        0.0008841896684207031,
        -0.0014274189657554337,
        1.000004991211286,
        0.9263357626314246
      ],
      [
        0.0,
        0.0,
        0.0,
        1.0
      ]
    ],
    "location": [
      11.396046235502581,
      -13.618119114398723,
      0.9263357626314246
    ],
    "rotation": [
      -0.001427410871789813,
      -0.0008841841240878861,
      -1.3304262362105228
    ]
  },
  {
    "label_id": "EMpodh1TjmNyW98IZUh2MA",
    "size": [
      2.1737203176307105,
      4.530987525728997,
      1.8900000000000006
    ],
    "obj_class": "vehicle",
    "point_num_in_lidar": 304,
    "speed": 2.5421149729252077e-12,
    "if_vehicle": true,
    "motion_state": false,
    "pose": [
      [
        -0.6127224840633135,
        0.7903518031449689,
        0.0011737503916805238,
        16.576357195488526
      ],
      [
        -0.7903551464528823,
        -0.6127191742983125,
        0.0011985351827388932,
        -18.113456064158527
      ],
      [
        0.001667725234379236,
        -0.00019495849854508758,
        1.000004991211286,
        0.8932764402625253
      ],
      [
        0.0,
        0.0,
        0.0,
        1.0
      ]
    ],
    "location": [
      16.576357195488526,
      -18.113456064158527,
      0.8932764402625253
    ],
    "rotation": [
      -0.00019495752300087595,
      -0.0016677153326317244,
      -2.230262293966742
    ]
  },
  {
    "label_id": "FRk_wv4gWEdPQOAxAVKlJw",
    "size": [
      2.037549030955154,
      4.4473342942274545,
      1.3600000000000065
    ],
    "obj_class": "vehicle",
    "point_num_in_lidar": 25,
    "speed": 0.001588659318667947,
    "if_vehicle": true,
    "motion_state": false,
    "pose": [
      [
        -0.9749263158228877,
        0.22271841847326437,
        0.0011737503916805238,
        34.698285552956804
      ],
      [
        -0.22272310236410325,
        -0.9749258760288761,
        0.0011985351827388932,
        12.988012392750534
      ],
      [
        0.0014132914800613447,
        0.0009065999481172721,
        1.000004991211286,
        0.9537903394556224
      ],
      [
        0.0,
        0.0,
        0.0,
        1.0
      ]
    ],
    "location": [
      34.698285552956804,
      12.988012392750534,
      0.9537903394556224
    ],
    "rotation": [
      0.0009065951747265489,
      -0.0014132829043108038,
      -2.9169957320641133
    ]
  },
  {
    "label_id": "GsCzF8GSnnWdvaGVsW2nYA",
    "size": [
      0.9597441527292424,
      0.9549516162441378,
      1.7999999999999972
    ],
    "obj_class": "pedestrian",
    "point_num_in_lidar": 230,
    "speed": 1.350953824432448,
    "if_vehicle": false,
    "motion_state": true,
    "pose": [
      [
        0.9758567282708959,
        -0.2186057206471141,
        0.0011737503916805238,
        -3.340206668639439
      ],
      [
        0.21861040635068177,
        0.9758563082301371,
        0.0011985351827388932,
        -9.59933100854687
      ],
      [
        -0.0014094562929776915,
        -0.0009125509474685824,
        1.000004991211286,
        0.7864559276226828
      ],
      [
        0.0,
        0.0,
        0.0,
        1.0
      ]
    ],
    "location": [
      -3.340206668639439,
      -9.59933100854687,
      0.7864559276226828
    ],
    "rotation": [
      -0.0009125461394519471,
      0.001409447737955759,
      0.22038047544802242
    ]
  },
  {
    "label_id": "IlvD3LQihY_gza6wNBNkbw",
    "size": [
      2.2304143002019643,
      4.640428889590738,
      1.6000000000000014
    ],
    "obj_class": "vehicle",
    "point_num_in_lidar": 61,
    "speed": 2.5421149729252077e-12,
    "if_vehicle": true,
    "motion_state": false,
    "pose": [
      [
        -0.5955734215427535,
        0.8033536672992032,
        0.0011737503916805238,
        17.02719780364714
      ],
      [
        -0.8033569386117898,
        -0.5955700406011502,
        0.0011985351827388932,
        -22.7356223210154
      ],
      [
        0.0016631438581660477,
        -0.0002308003045595557,
        1.000004991211286,
        0.7736628109607864
      ],
      [
        0.0,
        0.0,
        0.0,
        1.0
      ]
    ],
    "location": [
      17.02719780364714,
      -22.7356223210154,
      0.7736628109607864
    ],
    "rotation": [
      -0.0002307991484941317,
      -0.0016631339793895892,
      -2.2087422312580305
    ]
  },
  {
    "label_id": "JKMgfkGQyJGWNzwnfDn1zw",
    "size": [
      0.8008319961445124,
      0.0756255792536936,
      0.7500000000000071
    ],
    "obj_class": "sign",
    "point_num_in_lidar": 44,
    "speed": 3.5950934718225418e-12,
    "if_vehicle": false,
    "motion_state": false,
    "pose": [
      [
        0.24050501621573625,
        0.9706915845861083,
        0.0011737503916805238,
        28.180971144349314
      ],
      [
        -0.9706910592336585,
        0.24050969128332575,
        0.0011985351827388932,
        -5.51813813791523
      ],
      [
        0.0008806103128405504,
        -0.0014296299347939974,
        1.000004991211286,
        2.8652196254117825
      ],
      [
        0.0,
        0.0,
        0.0,
        1.0
      ]
    ],
    "location": [
      28.180971144349314,
      -5.51813813791523,
      2.8652196254117825
    ],
    "rotation": [
      -0.001429621825281209,
      -0.0008806047900250734,
      -1.327920602151137
    ]
  },
  {
    "label_id": "JoKbZ8BD1ksyS72fvT2i7A",
    "size": [
      2.0651476504465562,
      4.299376155488723,
      1.720000000000006
    ],
    "obj_class": "vehicle",
    "point_num_in_lidar": 61,
    "speed": 2.5421149729252077e-12,
    "if_vehicle": true,
    "motion_state": false,
    "pose": [
      [
        -0.5430088090045259,
        0.8397774994334556,
        0.0011737503916805238,
        16.857041868956003
      ],
      [
        -0.8397805479622329,
        -0.5430052258879416,
        0.0011985351827388932,
        69.86738871852867
      ],
      [
        0.0016449914941044565,
        -0.00033662925877621483,
        1.000004991211286,
        0.5769047836172376
      ],
      [
        0.0,
        0.0,
        0.0,
        1.0
      ]
    ],
    "location": [
      16.857041868956003,
      69.86738871852867,
      0.5769047836172376
    ],
    "rotation": [
      -0.0003366275658815107,
      -0.0016449817066863089,
      -2.1447833063157695
    ]
  },
  {
    "label_id": "K-eppQ_Y2mxaYi38LjA21Q",
    "size": [
      2.1091266235433572,
      4.81993915668481,
      1.500000000000007
    ],
    "obj_class": "vehicle",
    "point_num_in_lidar": 35,
    "speed": 7.9774451138051425,
    "if_vehicle": true,
    "motion_state": true,
    "pose": [
      [
        -0.967862397175989,
        0.2516489525985939,
        0.0011737503916805238,
        73.74884174954059
      ],
      [
        -0.2516536213173436,
        -0.9678618181100179,
        0.0011985351827388932,
        18.246009638678515
      ],
      [
        0.0014396596367508554,
        0.0008641159666680348,
        1.000004991211286,
        0.8212390974642858
      ],
      [
        0.0,
        0.0,
        0.0,
        1.0
      ]
    ],
    "location": [
      73.74884174954059,
      18.246009638678515,
      0.8212390974642858
    ],
    "rotation": [
      0.000864111438630085,
      -0.00143965091905016,
      -2.8872154997870667
    ]
  },
  {
    "label_id": "LinZfU-zluGcqLzAeStW8g",
    "size": [
      0.5054790318200164,
      0.10862760562286883,
      0.4322335325982465
    ],
    "obj_class": "sign",
    "point_num_in_lidar": 31,
    "speed": 0.0005837162530721589,
    "if_vehicle": false,
    "motion_state": false,
    "pose": [
      [
        0.19461809384707418,
        0.980922327586926,
        0.0011737503916805238,
        4.679166174726561
      ],
      [
        -0.9809220225366844,
        0.1946227884393369,
        0.0011985351827388932,
        20.930373909737682
      ],
      [
        0.0009468278158631146,
        -0.001386662670099729,
        1.000004991211286,
        2.916920477425151
      ],
      [
        0.0,
        0.0,
        0.0,
        1.0
      ]
    ],
    "location": [
      4.679166174726561,
      20.930373909737682,
      2.916920477425151
    ],
    "rotation": [
      -0.0013866548602484907,
      -0.0009468218968547943,
      -1.3749365968444627
    ]
  },
  {
    "label_id": "MMD9C-pfI8EcfG-gPi3gJQ",
    "size": [
      1.8487968183652677,
      4.512174364374527,
      1.730000000000004
    ],
    "obj_class": "vehicle",
    "point_num_in_lidar": 1061,
    "speed": 0.361436536312805,
    "if_vehicle": true,
    "motion_state": false,
    "pose": [
      [
        0.26565306642626335,
        0.964112681956598,
        0.0011737503916805238,
        20.03671689969633
      ],
      [
        -0.9641120352716849,
        0.26565772626003564,
        0.0011985351827388932,
        -8.659924568870338
      ],
      [
        0.0008431552302928055,
        -0.0014520349621032294,
        1.000004991211286,
        0.9639384734930445
      ],
      [
        0.0,
        0.0,
        0.0,
        1.0
      ]
    ],
    "location": [
      20.03671689969633,
      -8.659924568870338,
      0.9639384734930445
    ],
    "rotation": [
      -0.0014520266942498346,
      -0.0008431499333070532,
      -1.3019265741551551
    ]
  },
  {
    "label_id": "MV_5Q0rxAuIpiIi20l_8Sw",
    "size": [
      2.0720693563981443,
      4.341091663754647,
      1.8400000000000034
    ],
    "obj_class": "vehicle",
    "point_num_in_lidar": 56,
    "speed": 0.0033071543039522346,
    "if_vehicle": true,
    "motion_state": false,
    "pose": [
      [
        -0.2645491156384073,
        -0.9644161864185803,
        0.0011737503916805238,
        11.658939640648896
      ],
      [
        0.9644155450689609,
        -0.2645537762094912,
        0.0011985351827388932,
        57.27977924570587
      ],
      [
        -0.0008448170584575065,
        0.0014510687134934165,
        1.000004991211286,
        0.4456877570898996
      ],
      [
        0.0,
        0.0,
        0.0,
        1.0
      ]
    ],
    "location": [
      11.658939640648896,
      57.27977924570587,
      0.4456877570898996
    ],
    "rotation": [
      0.0014510604524986025,
      0.0008448117514265504,
      1.838521214315311
    ]
  },
  {
    "label_id": "Nd72enoaUv9l45M43pbdYw",
    "size": [
      0.96191182232309,
      0.7962712858776171,
      1.6499999999999986
    ],
    "obj_class": "pedestrian",
    "point_num_in_lidar": 399,
    "speed": 0.0020826575650471505,
    "if_vehicle": false,
    "motion_state": false,
    "pose": [
      [
        0.9771163513546076,
        -0.21290479357374734,
        0.0011737503916805238,
        5.592778469501354
      ],
      [
        0.21290948164972295,
        0.977115958676865,
        0.0011985351827388932,
        7.618609603050572
      ],
      [
        -0.001404104660110784,
        -0.0009207640180824916,
        1.000004991211286,
        0.7159480681203831
      ],
      [
        0.0,
        0.0,
        0.0,
        1.0
      ]
    ],
    "location": [
      5.592778469501354,
      7.618609603050572,
      0.7159480681203831
    ],
    "rotation": [
      -0.0009207591621718307,
      0.0014040961340482554,
      0.21454229681297776
    ]
  },
  {
    "label_id": "Rq5V6L3mDygKo0QPfbHovw",
    "size": [
      1.8888181910686035,
      4.636756789517779,
      1.3600000000000065
    ],
    "obj_class": "vehicle",
    "point_num_in_lidar": 1307,
    "speed": 3.3006962984171553,
    "if_vehicle": true,
    "motion_state": true,
    "pose": [
      [
        0.24155121732106039,
        0.9704317722652814,
        0.0011737503916805238,
        17.05728872124746
      ],
      [
        -0.9704312418737258,
        0.24155589181963893,
        0.0011985351827388932,
        4.238472406323126
      ],
      [
        0.0008790687554472034,
        -0.0014305783434460085,
        1.000004991211286,
        0.8555530893488594
      ],
      [
        0.0,
        0.0,
        0.0,
        1.0
      ]
    ],
    "location": [
      17.05728872124746,
      4.238472406323126,
      0.8555530893488594
    ],
    "rotation": [
      -0.0014305702272598853,
      -0.0008790632419022961,
      -1.326842666825698
    ]
  },
  {
    "label_id": "SQQ6HVe8YtnoiVO4yfPY2Q",
    "size": [
      1.927476705803064,
      4.326488639833419,
      1.3500000000000014
    ],
    "obj_class": "vehicle",
    "point_num_in_lidar": 129,
    "speed": 3.5950934718225418e-12,
    "if_vehicle": true,
    "motion_state": false,
    "pose": [
      [
        -0.2066824753466081,
        -0.97845141401902,
        0.0011737503916805238,
        29.323412367164565
      ],
      [
        0.9784510511824109,
        -0.20668716582651514,
        0.0011985351827388932,
        -18.481331515715283
      ],
      [
        -0.0009296805774475467,
        0.0013982168277692224,
        1.000004991211286,
        0.8845181708140899
      ],
      [
        0.0,
        0.0,
        0.0,
        1.0
      ]
    ],
    "location": [
      29.323412367164565,
      -18.481331515715283,
      0.8845181708140899
    ],
    "rotation": [
      0.0013982089378470571,
      0.0009296747606480138,
      1.778970444848664
    ]
  },
  {
    "label_id": "UMM0XzCyaXFdt743gKi7vA",
    "size": [
      2.0189343276540055,
      4.470248932210846,
      1.7100000000000009
    ],
    "obj_class": "vehicle",
    "point_num_in_lidar": 58,
    "speed": 0.31802928609954084,
    "if_vehicle": true,
    "motion_state": false,
    "pose": [
      [
        -0.2657755879846738,
        -0.9640789138045818,
        0.0011737503916805238,
        17.197182603056717
      ],
      [
        0.9640782665274812,
        -0.265780247736225,
        0.0011985351827388932,
        32.835513866957626
      ],
      [
        -0.0008429706924592168,
        0.0014521421022734159,
        1.000004991211286,
        0.7843789116357129
      ],
      [
        0.0,
        0.0,
        0.0,
        1.0
      ]
    ],
    "location": [
      17.197182603056717,
      32.835513866957626,
      0.7843789116357129
    ],
    "rotation": [
      0.001452133833659357,
      0.0008429653965890787,
      1.8397931640942973
    ]
  },
  {
    "label_id": "Wc72pGuPCXfpIpqhr-sJew",
    "size": [
      0.9748219167178348,
      1.4516448810316316,
      1.6099999999999994
    ],
    "obj_class": "pedestrian",
    "point_num_in_lidar": 296,
    "speed": 1.244753420286628,
    "if_vehicle": false,
    "motion_state": true,
    "pose": [
      [
        0.9721687410804588,
        -0.23446269229294625,
        0.0011737503916805238,
        10.779564469950856
      ],
      [
        0.2344673705377763,
        0.972168244816947,
        0.0011985351827388932,
        11.241028725322394
      ],
      [
        -0.0014241249109239996,
        -0.0008894855319936024,
        1.000004991211286,
        0.7955625058682472
      ],
      [
        0.0,
        0.0,
        0.0,
        1.0
      ]
    ],
    "location": [
      10.779564469950856,
      11.241028725322394,
      0.7955625058682472
    ],
    "rotation": [
      -0.000889480857826767,
      0.001424116276732875,
      0.23666013686828732
    ]
  },
  {
    "label_id": "XOGZVIJgjh_BcRiES2OlFA",
    "size": [
      2.283312690550049,
      5.01776074174188,
      1.7999999999999972
    ],
    "obj_class": "vehicle",
    "point_num_in_lidar": 35,
    "speed": 2.2737367544323206e-12,
    "if_vehicle": true,
    "motion_state": false,
    "pose": [
      [
        -0.9781405272948527,
        0.2081488027219206,
        0.0011737503916805238,
        63.74672012505471
      ],
      [
        -0.2081534926527184,
        -0.9781401574282887,
        0.0011985351827388932,
        19.874635326195857
      ],
      [
        0.0013996087161592238,
        0.0009275838049423623,
        1.000004991211286,
        0.98719287987592
      ],
      [
        0.0,
        0.0,
        0.0,
        1.0
      ]
    ],
    "location": [
      63.74672012505471,
      19.874635326195857,
      0.98719287987592
    ],
    "rotation": [
      0.0009275789091681776,
      -0.0013996002144567802,
      -2.9319151651370365
    ]
  },
  {
    "label_id": "Z9OsRYR58DxyfT5G8nd1sw",
    "size": [
      0.9114227453842715,
      0.9160872246739158,
      1.9500000000000028
    ],
    "obj_class": "pedestrian",
    "point_num_in_lidar": 527,
    "speed": 0.060816164874550875,
    "if_vehicle": false,
    "motion_state": false,
    "pose": [
      [
        -0.262705429751538,
        0.9649200341946895,
        0.0011737503916805238,
        6.43609260336234
      ],
      [
        -0.9649218522714468,
        -0.26270109075982695,
        0.0011985351827388932,
        8.1276155808373
      ],
      [
        0.0014653872990016846,
        -0.0008197294294246001,
        1.000004991211286,
        0.8631089446146234
      ],
      [
        0.0,
        0.0,
        0.0,
        1.0
      ]
    ],
    "location": [
      6.43609260336234,
      8.1276155808373,
      0.8631089446146234
    ],
    "rotation": [
      -0.0008197251543976032,
      -0.0014653784437634995,
      -1.836609355024506
    ]
  },
  {
    "label_id": "ZKnwPv8__s8nBMx_x1Kjmg",
    "size": [
      0.9160450749675281,
      0.6962191468794218,
      1.5799999999999983
    ],
    "obj_class": "pedestrian",
    "point_num_in_lidar": 30,
    "speed": 1.2918048403975537,
    "if_vehicle": false,
    "motion_state": true,
    "pose": [
      [
        0.2253464274170137,
        0.974322227428693,
        0.0011737503916805238,
        32.04316593038675
      ],
      [
        -0.9743217750065057,
        0.225351110104952,
        0.0011985351827388932,
        -17.015916393247608
      ],
      [
        0.00090278581358584,
        -0.0014157309237028,
        1.000004991211286,
        1.1802734095838332
      ],
      [
        0.0,
        0.0,
        0.0,
        1.0
      ]
    ],
    "location": [
      32.04316593038675,
      -17.015916393247608,
      1.1802734095838332
    ],
    "rotation": [
      -0.001415722911694183,
      -0.0009027801576454076,
      -1.343507438123849
    ]
  },
  {
    "label_id": "Zf_0k6PmuzbSRQRWpdsKQg",
    "size": [
      1.9263009385281251,
      4.30626809851573,
      1.480000000000004
    ],
    "obj_class": "vehicle",
    "point_num_in_lidar": 226,
    "speed": 2.271101658318408,
    "if_vehicle": true,
    "motion_state": true,
    "pose": [
      [
        -0.9892997198693491,
        -0.14618782260382968,
        0.0011737503916805238,
        24.690002109491616
      ],
      [
        0.1461832983202791,
        -0.9893010094857718,
        0.0011985351827388932,
        9.146079244921566
      ],
      [
        0.0009880461535454461,
        0.0013576012198006733,
        1.000004991211286,
        1.002257938164007
      ],
      [
        0.0,
        0.0,
        0.0,
        1.0
      ]
    ],
    "location": [
      24.690002109491616,
      9.146079244921566,
      1.002257938164007
    ],
    "rotation": [
      0.0013575936097170041,
      -0.0009880399899973376,
      2.9948898070607717
    ]
  },
  {
    "label_id": "Zfh8PMMz_gcqeqExLpq5tQ",
    "size": [
      1.8903948451336434,
      4.104269830155506,
      1.3600000000000065
    ],
    "obj_class": "vehicle",
    "point_num_in_lidar": 37,
    "speed": 1.1368683772161603e-12,
    "if_vehicle": true,
    "motion_state": false,
    "pose": [
      [
        0.9620074942905403,
        -0.27317832296882,
        0.0011737503916805238,
        69.21530495005572
      ],
      [
        0.2731829776072816,
        0.9620068112144434,
        0.0011985351827388932,
        10.470325576687173
      ],
      [
        -0.0014585788655359672,
        -0.000831783605604272,
        1.000004991211286,
        0.8249656107270766
      ],
      [
        0.0,
        0.0,
        0.0,
        1.0
      ]
    ],
    "location": [
      69.21530495005572,
      10.470325576687173,
      0.8249656107270766
    ],
    "rotation": [
      -0.0008317792621931907,
      0.0014585700466013026,
      0.27668791988515595
    ]
  },
  {
    "label_id": "ZijCE1sh3tPNneGP7MwI4w",
    "size": [
      0.7479590980730645,
      0.5607518156480158,
      1.75
    ],
    "obj_class": "pedestrian",
    "point_num_in_lidar": 21,
    "speed": 1.2023617481732976,
    "if_vehicle": false,
    "motion_state": true,
    "pose": [
      [
        -0.48309461442001483,
        -0.8756165877423739,
        0.0011737503916805238,
        37.623721731841215
      ],
      [
        0.8756148725400732,
        -0.4830989950972719,
        0.0011985351827388932,
        -37.54112290251942
      ],
      [
        -0.0004814135687411729,
        0.0016085885892210324,
        1.000004991211286,
        1.503877214832869
      ],
      [
        0.0,
        0.0,
        0.0,
        1.0
      ]
    ],
    "location": [
      37.623721731841215,
      -37.54112290251942,
      1.503877214832869
    ],
    "rotation": [
      0.0016085791730401581,
      0.0004814105058943384,
      2.0749594460097005
    ]
  },
  {
    "label_id": "aX9TVEEnUmFXUq27-AfHng",
    "size": [
      0.9678677238718826,
      1.0875697848219783,
      1.75
    ],
    "obj_class": "pedestrian",
    "point_num_in_lidar": 352,
    "speed": 1.5882169152843524,
    "if_vehicle": false,
    "motion_state": true,
    "pose": [
      [
        0.9871795117936143,
        -0.15987941301538092,
        0.0011737503916805238,
        -2.499604456992529
      ],
      [
        0.15988411544877032,
        0.9871793726089129,
        0.0011985351827388932,
        -10.519375395786483
      ],
      [
        -0.0013523846709315598,
        -0.0009951743442078735,
        1.000004991211286,
        0.8271756039094953
      ],
      [
        0.0,
        0.0,
        0.0,
        1.0
      ]
    ],
    "location": [
      -2.499604456992529,
      -10.519375395786483,
      0.8271756039094953
    ],
    "rotation": [
      -0.0009951690485814344,
      0.001352376426791934,
      0.16056626711513988
    ]
  },
  {
    "label_id": "bRPbYyeLmNMrwlF8n9yZLQ",
    "size": [
      2.3021059485345132,
      5.192549817773653,
      1.9400000000000048
    ],
    "obj_class": "vehicle",
    "point_num_in_lidar": 732,
    "speed": 6.821210263296962e-12,
    "if_vehicle": true,
    "motion_state": false,
    "pose": [
      [
        -0.6146355969935444,
        0.7888649428892188,
        0.0011737503916805238,
        8.908707272086758
      ],
      [
        -0.7888682942064145,
        -0.6146322953386232,
        0.0011985351827388932,
        16.74226512398309
      ],
      [
        0.0016681926964357675,
        -0.00019091726244265789,
        1.000004991211286,
        0.8456650028342665
      ],
      [
        0.0,
        0.0,
        0.0,
        1.0
      ]
    ],
    "location": [
      8.908707272086758,
      16.74226512398309,
      0.8456650028342665
    ],
    "rotation": [
      -0.0001909163072194472,
      -0.0016681827923463641,
      -2.2326851444873377
    ]
  },
  {
    "label_id": "bacsewv05EXPBe1OQGzJhA",
    "size": [
      2.156789785948873,
      4.360600259374679,
      1.5200000000000031
    ],
    "obj_class": "vehicle",
    "point_num_in_lidar": 106,
    "speed": 6.629024818318272e-12,
    "if_vehicle": true,
    "motion_state": false,
    "pose": [
      [
        -0.6128039526298648,
        0.7902886376840019,
        0.0011737503916805238,
        5.2708626043386175
      ],
      [
        -0.7902919813330778,
        -0.6128006432095195,
        0.0011985351827388932,
        30.149704819101316
      ],
      [
        0.0016677453224222408,
        -0.00019478658341624648,
        1.000004991211286,
        0.4968516647757042
      ],
      [
        0.0,
        0.0,
        0.0,
        1.0
      ]
    ],
    "location": [
      5.2708626043386175,
      30.149704819101316,
      0.4968516647757042
    ],
    "rotation": [
      -0.00019478560873662372,
      -0.0016677354205740847,
      -2.230365376469145
    ]
  },
  {
    "label_id": "cYO4m6rhx9nzGUML49utuQ",
    "size": [
      0.9602729161377629,
      0.951385999690697,
      1.6300000000000026
    ],
    "obj_class": "pedestrian",
    "point_num_in_lidar": 244,
    "speed": 0.014080374172734984,
    "if_vehicle": false,
    "motion_state": false,
    "pose": [
      [
        0.9834891814722858,
        -0.18120111792755095,
        0.0011737503916805238,
        5.64492354124377
      ],
      [
        0.181205816248642,
        0.9834889405758591,
        0.0011985351827388932,
        8.41669199270109
      ],
      [
        -0.0013736001943584245,
        -0.000965680474897741,
        1.000004991211286,
        0.7133857818519118
      ],
      [
        0.0,
        0.0,
        0.0,
        1.0
      ]
    ],
    "location": [
      5.64492354124377,
      8.41669199270109,
      0.7133857818519118
    ],
    "rotation": [
      -0.000965675354833012,
      0.0013735918341286422,
      0.18220445720994657
    ]
  },
  {
    "label_id": "dLoG1yvyIy8G8TNsmqR56Q",
    "size": [
      0.9716897436098123,
      0.9852865102479873,
      1.5899999999999963
    ],
    "obj_class": "pedestrian",
    "point_num_in_lidar": 301,
    "speed": 1.3937755586019818,
    "if_vehicle": false,
    "motion_state": true,
    "pose": [
      [
        0.9607535063922765,
        -0.27755632791591517,
        0.0011737503916805238,
        5.180053764568584
      ],
      [
        0.27756097939548785,
        0.9607528021267385,
        0.0011985351827388932,
        -8.894217863940867
      ],
      [
        -0.0014623515592606523,
        -0.0008251328321356293,
        1.000004991211286,
        0.7878123570408206
      ],
      [
        0.0,
        0.0,
        0.0,
        1.0
      ]
    ],
    "location": [
      5.180053764568584,
      -8.894217863940867,
      0.7878123570408206
    ],
    "rotation": [
      -0.0008251285264844629,
      0.001462342720201084,
      0.2812417763979817
    ]
  },
  {
    "label_id": "daFVapIqk3sRCYu-k7qglw",
    "size": [
      1.000660648324029,
      1.0581508909372277,
      1.8399999999999963
    ],
    "obj_class": "pedestrian",
    "point_num_in_lidar": 139,
    "speed": 1.3679562562415206,
    "if_vehicle": false,
    "motion_state": true,
    "pose": [
      [
        0.9620261024271372,
        -0.27311278523729426,
        0.0011737503916805238,
        -3.710944966209354
      ],
      [
        0.27311743992228005,
        0.9620254196681407,
