[
  {
    "label_id": "-EDgzw9YqjNzbXb8lWuF_g",
    "size": [
      0.7647537580766212,
      1.0695207740712365,
      1.8599999999999994
    ],
    "obj_class": "pedestrian",
    "point_num_in_lidar": 1003,
    "speed": 1.6075030548664908,
    "if_vehicle": false,
    "motion_state": true,
    "pose": [
      [
        0.19995523129725049,
        0.9798486998898299,
        0.0007897482360043668,
        7.254720079617982
      ],
      [
        -0.9798475759108548,
        0.19996000067951394,
        0.0014854877372191112,
        1.724759896460455
      ],
      [
        0.0012971917036663104,
        -0.0010729357893717244,
        1.0000049839206973,
        0.9239331519939924
      ],
      [
        0.0,
        0.0,
        0.0,
        1.0
      ]
    ],
    "location": [
      7.254720079617982,
      1.724759896460455,
      0.9239331519939924
    ],
    "rotation": [
      -0.0010729300302598456,
      -0.0012971837643672298,
      -1.3694926036962922
    ]
  },
  {
    "label_id": "0FY7FxwLy0hfrhi3NAfiPQ",
    "size": [
      1.807235252378895,
      3.8913852522382513,
      1.4600000000000009
    ],
    "obj_class": "vehicle",
    "point_num_in_lidar": 104,
    "speed": 1.1929960035257243,
    "if_vehicle": true,
    "motion_state": true,
    "pose": [
      [
        0.20247794149662074,
        0.9793305123431097,
        0.0007897482360043668,
        23.458523402448918
      ],
      [
        -0.9793293760854231,
        0.20248270796852147,
        0.0014854877372191112,
        -22.49333434712753
      ],
      [
        0.0012944243046879363,
        -0.001076272848123835,
        1.0000049839206973,
        1.2997517427488674
      ],
      [
        0.0,
        0.0,
        0.0,
        1.0
      ]
    ],
    "location": [
      23.458523402448918,
      -22.49333434712753,
      1.2997517427488674
    ],
    "rotation": [
      -0.0010762670685269117,
      -0.001294416380779125,
      -1.3669173272723865
    ]
  },
  {
    "label_id": "2EWbspym0T1YkCd3xXEsUA",
    "size": [
      0.7170531407516663,
      0.8462840361255533,
      1.6899999999999977
    ],
    "obj_class": "pedestrian",
    "point_num_in_lidar": 427,
    "speed": 1.1858679378834636,
    "if_vehicle": false,
    "motion_state": true,
    "pose": [
      [
        0.2824191048715241,
        0.9593357172556926,
        0.0007897482360043668,
        5.187377521433518
      ],
      [
        -0.9593341924305187,
        0.28242376161331423,
        0.0014854877372191112,
        6.343016104772687
      ],
      [
        0.0012014200178551728,
        -0.0011791893252876369,
        1.0000049839206973,
        0.6414204420632359
      ],
      [
        0.0,
        0.0,
        0.0,
        1.0
      ]
    ],
    "location": [
      5.187377521433518,
      6.343016104772687,
      0.6414204420632359
    ],
    "rotation": [
      -0.0011791829017901454,
      -0.0012014126167996472,
      -1.2844935518193985
    ]
  },
  {
    "label_id": "2kx3n6sQg97wQoT2iuuqkw",
    "size": [
      1.9436068624993104,
      4.581826043400449,
      1.470000000000006
    ],
    "obj_class": "vehicle",
    "point_num_in_lidar": 71,
    "speed": 2.3793981337950366e-26,
    "if_vehicle": true,
    "motion_state": false,
    "pose": [
      [
        0.9673894336199741,
        -0.253462527643344,
        0.0007897482360043668,
        38.073942688795796
      ],
      [
        0.2534672281045584,
        0.967388049423354,
        0.0014854877372191112,
        3.4862146573868813
      ],
      [
        -0.0011425528531980476,
        -0.0012363132700996297,
        1.0000049839206973,
        0.9518177158560093
      ],
      [
        0.0,
        0.0,
        0.0,
        1.0
      ]
    ],
    "location": [
      38.073942688795796,
      3.4862146573868813,
      0.9518177158560093
    ],
    "rotation": [
      -0.0012363064785635845,
      0.001142545788504345,
      0.25625133560370855
    ]
  },
  {
    "label_id": "3NGaBQl276KzZKljja6dOA",
    "size": [
      0.7299292117232197,
      0.694010124373706,
      1.1000000000000014
    ],
    "obj_class": "pedestrian",
    "point_num_in_lidar": 121,
    "speed": 0.0016445852252670128,
    "if_vehicle": false,
    "motion_state": false,
    "pose": [
      [
        0.739803113388258,
        0.6728870058337935,
        0.0007897482360043668,
        2.6136739955909434
      ],
      [
        -0.6728832832202047,
        0.7398062996845374,
        0.0014854877372191112,
        12.68113205920963
      ],
      [
        0.00041372370769085075,
        -0.0016317874303566548,
        1.0000049839206973,
        0.7075004968671692
      ],
      [
        0.0,
        0.0,
        0.0,
        1.0
      ]
    ],
    "location": [
      2.6136739955909434,
      12.68113205920963,
      0.7075004968671692
    ],
    "rotation": [
      -0.0016317778493854418,
      -0.00041372107132212955,
      -0.7380629288219369
    ]
  },
  {
    "label_id": "4JRTQZlhJCGV0xv6XMfMIw",
    "size": [
      2.125651386593599,
      4.668043267308801,
      1.6099999999999994
    ],
    "obj_class": "vehicle",
    "point_num_in_lidar": 129,
    "speed": 2.3793981337950366e-26,
    "if_vehicle": true,
    "motion_state": false,
    "pose": [
      [
        0.17524474653896815,
        0.9845683561893607,
        0.0007897482360043668,
        21.038530629732122
      ],
      [
        -0.9845673525355659,
        0.1752495426848137,
        0.0014854877372191112,
        48.92433482968045
      ],
      [
        0.0013237699917013335,
        -0.0010399666019860901,
        1.0000049839206973,
        0.9532368023651543
      ],
      [
        0.0,
        0.0,
        0.0,
        1.0
      ]
    ],
    "location": [
      21.038530629732122,
      48.92433482968045,
      0.9532368023651543
    ],
    "rotation": [
      -0.0010399610439881545,
      -0.0013237619051020225,
      -1.3946494098443116
    ]
  },
  {
    "label_id": "51XfsSndNbxOYol5ZhZdTA",
    "size": [
      1.8797856288791195,
      4.076636714678694,
      1.3999999999999986
    ],
    "obj_class": "vehicle",
    "point_num_in_lidar": 54,
    "speed": 3.009727025258551e-26,
    "if_vehicle": true,
    "motion_state": false,
    "pose": [
      [
        -0.9803804793610725,
        0.19733140876880315,
        0.0007897482360043668,
        24.619447444209072
      ],
      [
        -0.1973361811429267,
        -0.98037936815401,
        0.0014854877372191112,
        44.40129236579378
      ],
      [
        0.0010694592949259858,
        0.0013000593604416077,
        1.0000049839206973,
        0.9143275007486409
      ],
      [
        0.0,
        0.0,
        0.0,
        1.0
      ]
    ],
    "location": [
      24.619447444209072,
      44.40129236579378,
      0.9143275007486409
    ],
    "rotation": [
      0.001300052148659183,
      -0.0010694526533697429,
      -2.942961532184761
    ]
  },
  {
    "label_id": "7fxnDM2wAyQs-FiehwtY8Q",
    "size": [
      0.8262102903414648,
      0.823178729140084,
      1.5499999999999972
    ],
    "obj_class": "pedestrian",
    "point_num_in_lidar": 62,
    "speed": 0.2346827085192512,
    "if_vehicle": false,
    "motion_state": false,
    "pose": [
      [
        0.8596766995180637,
        0.5109222460459673,
        0.0007897482360043668,
        9.738555924057437
      ],
      [
        -0.5109179602542819,
        0.8596790748760457,
        0.0014854877372191112,
        -11.182956609933171
      ],
      [
        7.820704709935674e-05,
        -0.00168160077960241,
        1.0000049839206973,
        0.8001378952070581
      ],
      [
        0.0,
        0.0,
        0.0,
        1.0
      ]
    ],
    "location": [
      9.738555924057437,
      -11.182956609933171,
      0.8001378952070581
    ],
    "rotation": [
      -0.0016815908136392917,
      -7.820654658981444e-05,
      -0.536228181736763
    ]
  },
  {
    "label_id": "7tOgwMtQQau9C7cR3nDM_A",
    "size": [
      2.1995109981502523,
      4.668562141136059,
      1.6400000000000006
    ],
    "obj_class": "vehicle",
    "point_num_in_lidar": 135,
    "speed": 0.002816722591637036,
    "if_vehicle": true,
    "motion_state": false,
    "pose": [
      [
        -0.2336481701577407,
        -0.9723652100835707,
        0.0007897482360043668,
        33.328618742474646
      ],
      [
        0.9723639221950439,
        -0.23365289791397953,
        0.0014854877372191112,
        -36.14240526374488
      ],
      [
        -0.0012593949351166328,
        0.0011170594977788812,
        1.0000049839206973,
        1.4076700825228272
      ],
      [
        0.0,
        0.0,
        0.0,
        1.0
      ]
    ],
    "location": [
      33.328618742474646,
      -36.14240526374488,
      1.4076700825228272
    ],
    "rotation": [
      0.001117053465847529,
      0.0012593872068655868,
      1.8066143705676783
    ]
  },
  {
    "label_id": "8bU9YqZGCj5wFCjrgGqXyA",
    "size": [
      0.3109838342945218,
      0.08639544551842648,
      0.6700000000000017
    ],
    "obj_class": "sign",
    "point_num_in_lidar": 20,
    "speed": 3.009727025258551e-26,
    "if_vehicle": false,
    "motion_state": false,
    "pose": [
      [
        0.09915568150210662,
        0.9951149280484037,
        0.0007897482360043668,
        21.21882398572052
      ],
      [
        -0.9951142954911273,
        0.09916054053567343,
        0.0014854877372191112,
        22.9295292631723
      ],
      [
        0.0013996889382261173,
        -0.0009352905432981114,
        1.0000049839206973,
        2.985444101914595
      ],
      [
        0.0,
        0.0,
        0.0,
        1.0
      ]
    ],
    "location": [
      21.21882398572052,
      22.9295292631723,
      2.985444101914595
    ],
    "rotation": [
      -0.0009352856091907967,
      -0.0013996804360887633,
      -1.4714816419270047
    ]
  },
  {
    "label_id": "C4lVCY0U7eKSegXd8LC_FQ",
    "size": [
      0.9018772145063824,
      0.944866519994953,
      1.3999999999999986
    ],
    "obj_class": "pedestrian",
    "point_num_in_lidar": 26,
    "speed": 0.0023112134789572657,
    "if_vehicle": false,
    "motion_state": false,
    "pose": [
      [
        0.17203440252497715,
        0.9851343733454848,
        0.0007897482360043668,
        34.08594020429882
      ],
      [
        -0.9851333853310944,
        0.17203920191696737,
        0.0014854877372191112,
        18.00356550624565
      ],
      [
        0.0013271529541520205,
        -0.0010356459628951392,
        1.0000049839206973,
        1.005640700756544
      ],
      [
        0.0,
        0.0,
        0.0,
        1.0
      ]
    ],
    "location": [
      34.08594020429882,
      18.00356550624565,
      1.005640700756544
    ],
    "rotation": [
      -0.0010356404310842603,
      -0.0013271448488705985,
      -1.3979091372597054
    ]
  },
  {
    "label_id": "CpPxlJb2rlUaBE-2xJoBWw",
    "size": [
      0.7881720903919668,
      0.994941850972178,
      1.8900000000000006
    ],
    "obj_class": "pedestrian",
    "point_num_in_lidar": 294,
    "speed": 1.205462578527452,
    "if_vehicle": false,
    "motion_state": true,
    "pose": [
      [
        -0.15155271236190618,
        -0.9884924605553026,
        0.0007897482360043668,
        11.357356009917567
      ],
      [
        0.9884915723561913,
        -0.1515575312246611,
        0.0014854877372191112,
        -10.619724563461205
      ],
      [
        -0.0013483600391696901,
        0.001007880314792264,
        1.0000049839206973,
        0.9406945368657489
      ],
      [
        0.0,
        0.0,
        0.0,
        1.0
      ]
    ],
    "location": [
      11.357356009917567,
      -10.619724563461205,
      0.9406945368657489
    ],
    "rotation": [
      0.0010078749503511378,
      0.001348351817121603,
      1.7229288432740018
    ]
  },
  {
    "label_id": "DnS7Up19TsoNk12Ymz9Ndg",
    "size": [
      1.963651333762755,
      4.880426123448928,
      1.5200000000000031
    ],
    "obj_class": "vehicle",
    "point_num_in_lidar": 1191,
    "speed": 4.042838852295494,
    "if_vehicle": true,
    "motion_state": true,
    "pose": [
      [
        -0.21323813575976316,
        -0.9770440454025744,
        0.0007897482360043668,
        19.713028025405947
      ],
      [
        0.977042856783372,
        -0.21324288944468156,
        0.0014854877372191112,
        9.646559996755968
      ],
      [
        -0.001282507201584412,
        0.0010904461481703557,
        1.0000049839206973,
        0.9889622309904098
      ],
      [
        0.0,
        0.0,
        0.0,
        1.0
      ]
    ],
    "location": [
      19.713028025405947,
      9.646559996755968,
      0.9889622309904098
    ],
    "rotation": [
      0.001090440281300466,
      0.0012824993440628913,
      1.78567537597645
    ]
  },
  {
    "label_id": "Dx_YF2pcEPAiH89zE5Cldw",
    "size": [
      0.7695950291148212,
      1.0816219434462169,
      1.7899999999999991
    ],
    "obj_class": "pedestrian",
    "point_num_in_lidar": 297,
    "speed": 1.394637982007079,
    "if_vehicle": false,
    "motion_state": true,
    "pose": [
      [
        0.360150768215254,
        0.9329399730705559,
        0.0007897482360043668,
        10.464884380126023
      ],
      [
        -0.9329380714442651,
        0.3601552842038901,
        0.0014854877372191112,
        -10.502788635218167
      ],
      [
        0.0011006569835391416,
        -0.0012737549720263932,
        1.0000049839206973,
        0.9280139965487706
      ],
      [
        0.0,
        0.0,
        0.0,
        1.0
      ]
    ],
    "location": [
      10.464884380126023,
      -10.502788635218167,
      0.9280139965487706
    ],
    "rotation": [
      -0.0012737479349065823,
      -0.0011006501606583426,
      -1.2023826563591844
    ]
  },
  {
    "label_id": "EMpodh1TjmNyW98IZUh2MA",
    "size": [
      2.1737203176307145,
      4.530987525728997,
      1.8900000000000006
    ],
    "obj_class": "vehicle",
    "point_num_in_lidar": 269,
    "speed": 3.009727025258551e-26,
    "if_vehicle": true,
    "motion_state": false,
    "pose": [
      [
        -0.6127242390216311,
        0.7903509196010908,
        0.0007897482360043668,
        16.576357195495802
      ],
      [
        -0.7903538037806653,
        -0.6127202777283962,
        0.0014854877372191112,
        -18.113456064165803
      ],
      [
        0.0016592334651483651,
        0.0002843269813211484,
        1.0000049839206973,
        0.8932764402625253
      ],
      [
        0.0,
        0.0,
        0.0,
        1.0
      ]
    ],
    "location": [
      16.576357195495802,
      -18.113456064165803,
      0.8932764402625253
    ],
    "rotation": [
      0.0002843255566033608,
      -0.0016592236060062617,
      -2.230264503493426
    ]
  },
  {
    "label_id": "FRk_wv4gWEdPQOAxAVKlJw",
    "size": [
      2.0375490309551516,
      4.4473342942274545,
      1.3600000000000065
    ],
    "obj_class": "vehicle",
    "point_num_in_lidar": 165,
    "speed": 0.001588659329002262,
    "if_vehicle": true,
    "motion_state": false,
    "pose": [
      [
        -0.9749271127852112,
        0.22271662253908978,
        0.0007897482360043668,
        34.69697684174025
      ],
      [
        -0.22272136445658594,
        -0.9749258780567507,
        0.0014854877372191112,
        12.99108474219247
      ],
      [
        0.0011028497669673147,
        0.00127185687704064,
        1.0000049839206973,
        0.9516850231170793
      ],
      [
        0.0,
        0.0,
        0.0,
        1.0
      ]
    ],
    "location": [
      34.69697684174025,
      12.99108474219247,
      0.9516850231170793
    ],
    "rotation": [
      0.0012718498524556666,
      -0.0011028429313817455,
      -2.9169976037344267
    ]
  },
  {
    "label_id": "IlvD3LQihY_gza6wNBNkbw",
    "size": [
      2.230414300201968,
      4.640428889590738,
      1.6000000000000014
    ],
    "obj_class": "vehicle",
    "point_num_in_lidar": 63,
    "speed": 0.0,
    "if_vehicle": true,
    "motion_state": false,
    "pose": [
      [
        -0.5955751951072518,
        0.8033528217239833,
        0.0007897482360043668,
        17.027197803654417
      ],
      [
        -0.8033556199946307,
        -0.5955711726680297,
        0.0014854877372191112,
        -22.735622321022674
      ],
      [
        0.001664967560707272,
        0.0002485569270165584,
        1.0000049839206973,
        0.7736628109607864
      ],
      [
        0.0,
        0.0,
        0.0,
        1.0
      ]
    ],
    "location": [
      17.027197803654417,
      -22.735622321022674,
      0.7736628109607864
    ],
    "rotation": [
      0.0002485556831161352,
      -0.0016649576727825678,
      -2.208744441197664
    ]
  },
  {
    "label_id": "JKMgfkGQyJGWNzwnfDn1zw",
    "size": [
      0.8008319961445127,
      0.0756255792536936,
      0.7500000000000071
    ],
    "obj_class": "sign",
    "point_num_in_lidar": 41,
    "speed": 1.0640991945403683e-26,
    "if_vehicle": false,
    "motion_state": false,
    "pose": [
      [
        0.2405032351519507,
        0.9706924142489073,
        0.0007897482360043668,
        28.180971144349314
      ],
      [
        -0.9706910930340129,
        0.24050795370332945,
        0.0014854877372191112,
        -5.51813813791523
      ],
      [
        0.0012514817599876091,
        -0.0011259178160921658,
        1.0000049839206973,
        2.865219625411669
      ],
      [
        0.0,
        0.0,
        0.0,
        1.0
      ]
    ],
    "location": [
      28.180971144349314,
      -5.51813813791523,
      2.865219625411669
    ],
    "rotation": [
      -0.0011259117288705673,
      -0.0012514740761513895,
      -1.3279223389981318
    ]
  },
  {
    "label_id": "JoKbZ8BD1ksyS72fvT2i7A",
    "size": [
      2.0651476504465607,
      4.299376155488723,
      1.720000000000006
    ],
    "obj_class": "vehicle",
    "point_num_in_lidar": 40,
    "speed": 1.0640991945403683e-26,
    "if_vehicle": true,
    "motion_state": false,
    "pose": [
      [
        -0.5430106329880966,
        0.8397767689456488,
        0.0007897482360043668,
        16.857041868948727
      ],
      [
        -0.8397793043979952,
        -0.5430064399203283,
        0.0014854877372191112,
        69.86738871852867
      ],
      [
        0.001677449882182337,
        0.00014163127105942976,
        1.0000049839206973,
        0.5769047836171239
      ],
      [
        0.0,
        0.0,
        0.0,
        1.0
      ]
    ],
    "location": [
      16.857041868948727,
      69.86738871852867,
      0.5769047836171239
    ],
    "rotation": [
      0.00014163056423692518,
      -0.0016774399317914966,
      -2.144785513129676
    ]
  },
  {
    "label_id": "LinZfU-zluGcqLzAeStW8g",
    "size": [
      0.5054790318200174,
      0.10862760562286883,
      0.4322335325982465
    ],
    "obj_class": "sign",
    "point_num_in_lidar": 31,
    "speed": 0.0005837162626751672,
    "if_vehicle": false,
    "motion_state": false,
    "pose": [
      [
        0.19461627575846865,
        0.9809230726253874,
        0.0007897482360043668,
        4.67796395298501
      ],
      [
        -0.9809219746358424,
        0.19462105119089626,
        0.0014854877372191112,
        20.930135500137112
      ],
      [
        0.00130301538644413,
        -0.0010658557251641942,
        1.0000049839206973,
        2.916900100966018
      ],
      [
        0.0,
        0.0,
        0.0,
        1.0
      ]
    ],
    "location": [
      4.67796395298501,
      20.930135500137112,
      2.916900100966018
    ],
    "rotation": [
      -0.0010658500094353305,
      -0.0013030074147904174,
      -1.3749383707765606
    ]
  },
  {
    "label_id": "MMD9C-pfI8EcfG-gPi3gJQ",
    "size": [
      1.8487968183624974,
      4.512174364374527,
      1.730000000000004
    ],
    "obj_class": "vehicle",
    "point_num_in_lidar": 1126,
    "speed": 0.47973128631990714,
    "if_vehicle": true,
    "motion_state": false,
    "pose": [
      [
        0.26172119601333865,
        0.9651878494657269,
        0.0007897482360043668,
        19.842072668856417
      ],
      [
        -0.9651864251465297,
        0.26172588447265227,
        0.0014854877372191112,
        -7.878771978132136
      ],
      [
        0.0012265031323702923,
        -0.001153077443392809,
        1.0000049839206973,
        0.9636924511611369
      ],
      [
        0.0,
        0.0,
        0.0,
        1.0
      ]
    ],
    "location": [
      19.842072668856417,
      -7.878771978132136,
      0.9636924511611369
    ],
    "rotation": [
      -0.0011530711855438104,
      -0.001226495589245105,
      -1.306002424905855
    ]
  },
  {
    "label_id": "Nd72enoaUv9l45M43pbdYw",
    "size": [
      0.9619118223230914,
      0.7962712858776171,
      1.6499999999999986
    ],
    "obj_class": "pedestrian",
    "point_num_in_lidar": 130,
    "speed": 0.0020826575720548275,
    "if_vehicle": false,
    "motion_state": false,
    "pose": [
      [
        0.9771171302194797,
        -0.21290298971732521,
        0.0007897482360043668,
        5.5884563343570335
      ],
      [
        0.21290774380966937,
        0.9771159432308972,
        0.0014854877372191112,
        7.61794465364801
      ],
      [
        -0.0010900061743511168,
        -0.0012828811574155565,
        1.0000049839206973,
        0.7158764113929692
      ],
      [
        0.0,
        0.0,
        0.0,
        1.0
      ]
    ],
    "location": [
      5.5884563343570335,
      7.61794465364801,
      0.7158764113929692
    ],
    "rotation": [
      -0.0012828740598988992,
      0.0010899994132551403,
      0.21454043307585172
    ]
  },
  {
    "label_id": "QgPHwQwpWKw3-zZYig-WKg",
    "size": [
      1.8755713037546589,
      4.030243092505994,
      1.3299999999999983
    ],
    "obj_class": "vehicle",
    "point_num_in_lidar": 89,
    "speed": 1.3846522538655777,
    "if_vehicle": true,
    "motion_state": true,
    "pose": [
      [
        -0.9913075920416833,
        -0.13188945052371157,
        0.0007897482360043668,
        11.451829395096865
      ],
      [
        0.13188457602226675,
        -0.991308091613075,
        0.0014854877372191112,
        52.79358152983332
      ],
      [
        0.0005890665028340661,
        0.0015769902280655633,
        1.0000049839206973,
        0.5118254491259222
      ],
      [
        0.0,
        0.0,
        0.0,
        1.0
      ]
    ],
    "location": [
      11.451829395096865,
      52.79358152983332,
      0.5118254491259222
    ],
    "rotation": [
      0.0015769810612606184,
      -0.0005890627663921305,
      3.0093283368892925
    ]
  },
  {
    "label_id": "Rq5V6L3mDygKo0QPfbHovw",
    "size": [
      1.8888181910738662,
      4.636756789517779,
      1.3600000000000065
    ],
    "obj_class": "vehicle",
    "point_num_in_lidar": 1227,
    "speed": 3.391191528993648,
    "if_vehicle": true,
    "motion_state": true,
    "pose": [
      [
        0.2343572877552815,
        0.9721945437385026,
        0.0007897482360043668,
        15.38764429908042
      ],
      [
        -0.9721932524022012,
        0.23436201457096106,
        0.0014854877372191112,
        11.166838922195893
      ],
      [
        0.0012585798898499588,
        -0.0011179777211736824,
        1.0000049839206973,
        0.8643836019116407
      ],
      [
        0.0,
        0.0,
        0.0,
        1.0
      ]
    ],
    "location": [
      15.38764429908042,
      11.166838922195893,
      0.8643836019116407
    ],
    "rotation": [
      -0.0011179716835192977,
      -0.001258572166169939,
      -1.3342489464839755
    ]
  },
  {
    "label_id": "SQQ6HVe8YtnoiVO4yfPY2Q",
    "size": [
      1.9274767058030677,
      4.326488639833419,
      1.3500000000000014
    ],
    "obj_class": "vehicle",
    "point_num_in_lidar": 71,
    "speed": 3.009727025258551e-26,
    "if_vehicle": true,
    "motion_state": false,
    "pose": [
      [
        -0.20668066657030248,
        -0.9784521813890459,
        0.0007897482360043668,
        29.32350923946069
      ],
      [
        0.9784510246777843,
        -0.2066854281199419,
        0.0014854877372191112,
        -18.48127882755216
      ],
      [
        -0.0012897915779263751,
        0.0010818203222742813,
        1.0000049839206973,
        0.8781875039444458
      ],
      [
        0.0,
        0.0,
        0.0,
        1.0
      ]
    ],
    "location": [
      29.32350923946069,
      -18.48127882755216,
      0.8781875039444458
    ],
    "rotation": [
      0.0010818145085702599,
      0.0012897836798036132,
      1.7789686806752991
    ]
  },
  {
    "label_id": "UMM0XzCyaXFdt743gKi7vA",
    "size": [
      2.0189343276480916,
      4.470248932210846,
      1.7100000000000009
    ],
    "obj_class": "vehicle",
    "point_num_in_lidar": 24,
    "speed": 0.7808201168065257,
    "if_vehicle": true,
    "motion_state": false,
    "pose": [
      [
        -0.39386225798223573,
        -0.9192160197342417,
        0.0007897482360043668,
        16.86180467632221
      ],
      [
        0.9192139550289723,
        -0.3938667017788177,
        0.0014854877372191112,
        33.643452706266544
      ],
      [
        -0.0010535755436086387,
        0.0013129646217949662,
        1.0000049839206973,
        0.7809716509027567
      ],
      [
        0.0,
        0.0,
        0.0,
        1.0
      ]
    ],
    "location": [
      16.86180467632221,
      33.643452706266544,
      0.7809716509027567
    ],
    "rotation": [
      0.0013129573236653105,
      0.0010535689947723747,
      1.9756085368603047
    ]
  },
  {
    "label_id": "Wc72pGuPCXfpIpqhr-sJew",
    "size": [
      0.9748219167216018,
      1.4516448810316316,
      1.6099999999999994
    ],
    "obj_class": "pedestrian",
    "point_num_in_lidar": 235,
    "speed": 1.148376983823308,
    "if_vehicle": false,
    "motion_state": true,
    "pose": [
      [
        0.9788753768458265,
        -0.2046669631471285,
        0.0007897482360043668,
        8.29808981858514
      ],
      [
        0.20467172706674064,
        0.9788742299343912,
        0.0014854877372191112,
        10.646036357306002
      ],
      [
        -0.0010791641534958034,
        -0.0012920148040889957,
        1.0000049839206973,
        0.6429278897358017
      ],
      [
        0.0,
        0.0,
        0.0,
        1.0
      ]
    ],
    "location": [
      8.29808981858514,
      10.646036357306002,
      0.6429278897358017
    ],
    "rotation": [
      -0.0012920076459121594,
      0.0010791574554208491,
      0.20611917350014897
    ]
  },
  {
    "label_id": "XzMQXo511mOTZ9b8qsu5-g",
    "size": [
      1.737245381158866,
      3.7302123275017713,
      1.2000000000000028
    ],
    "obj_class": "vehicle",
    "point_num_in_lidar": 24,
    "speed": 0.0025253239005339862,
    "if_vehicle": true,
    "motion_state": false,
    "pose": [
      [
        -0.710907639441916,
        0.7033462144506427,
        0.0007897482360043668,
        17.875058093653934
      ],
      [
        -0.7033495923397532,
        -0.7109040897657241,
        0.0014854877372191112,
        66.29151442559669
      ],
      [
        0.0016077393074606077,
        0.0004990709803439924,
        1.0000049839206973,
        0.33722549914898536
      ],
      [
        0.0,
        0.0,
        0.0,
        1.0
      ]
    ],
    "location": [
      17.875058093653934,
      66.29151442559669,
      0.33722549914898536
    ],
    "rotation": [
      0.0004990684515919834,
      -0.0016077297092184947,
      -2.361538620651961
    ]
  },
  {
    "label_id": "Y_9VwrgCiCR7GJmciwJvfw",
    "size": [
      0.48638857419428155,
      0.12473852654514349,
      0.6300000000000026
    ],
    "obj_class": "sign",
    "point_num_in_lidar": 20,
    "speed": 1.0640991945403683e-26,
    "if_vehicle": false,
    "motion_state": false,
    "pose": [
      [
        0.17203440252498678,
        0.9851343733454833,
        0.0007897482360043668,
        24.996879157217336
      ],
      [
        -0.9851333853310927,
        0.172039201916977,
        0.0014854877372191112,
        13.261212751924177
      ],
      [
        0.00132715295415201,
        -0.0010356459628951531,
        1.0000049839206973,
        2.643508990388682
      ],
      [
        0.0,
        0.0,
        0.0,
        1.0
      ]
    ],
    "location": [
      24.996879157217336,
      13.261212751924177,
      2.643508990388682
    ],
    "rotation": [
      -0.0010356404310842742,
      -0.0013271448488705881,
      -1.3979091372596957
    ]
  },
  {
    "label_id": "Z9OsRYR58DxyfT5G8nd1sw",
    "size": [
      0.9114227453890411,
      0.9160872246739158,
      1.9500000000000028
    ],
    "obj_class": "pedestrian",
    "point_num_in_lidar": 341,
    "speed": 0.06170324008838889,
    "if_vehicle": false,
    "motion_state": false,
    "pose": [
      [
        -0.24390770421939004,
        0.969842565069895,
        0.0007897482360043668,
        6.43127840347006
      ],
      [
        -0.969843616431211,
        -0.24390291830513108,
        0.0014854877372191112,
        8.2570987486979
      ],
      [
        0.0016338082376407663,
        -0.00040567002205316063,
        1.0000049839206973,
        0.8641128363411781
      ],
      [
        0.0,
        0.0,
        0.0,
        1.0
      ]
    ],
    "location": [
      6.43127840347006,
      8.2570987486979,
      0.8641128363411781
    ],
    "rotation": [
      -0.0004056679779828957,
      -0.0016337985067765963,
      -1.8171785311803266
    ]
  },
  {
    "label_id": "ZKnwPv8__s8nBMx_x1Kjmg",
    "size": [
      0.9160450749889028,
      0.6962191468794218,
      1.5799999999999983
    ],
    "obj_class": "pedestrian",
    "point_num_in_lidar": 43,
    "speed": 1.2947470976930182,
    "if_vehicle": false,
    "motion_state": true,
    "pose": [
      [
        0.22245379983706473,
        0.9749871158825526,
        0.0007897482360043668,
        31.445074040464533
      ],
      [
        -0.9749858824324329,
        0.2224585420872387,
        0.0014854877372191112,
        -14.323965530798887
      ],
      [
        0.001272154130007552,
        -0.0011025068678607677,
        1.0000049839206973,
        1.1943456907057453
      ],
      [
        0.0,
        0.0,
        0.0,
        1.0
      ]
    ],
    "location": [
      31.445074040464533,
      -14.323965530798887,
      1.1943456907057453
    ],
    "rotation": [
      -0.0011025009263814656,
      -0.0012721463303083894,
      -1.3464751988018182
    ]
  },
  {
    "label_id": "Zf_0k6PmuzbSRQRWpdsKQg",
    "size": [
      1.926300938533479,
      4.30626809851573,
      1.480000000000004
    ],
    "obj_class": "vehicle",
    "point_num_in_lidar": 219,
    "speed": 1.1504108743205594,
    "if_vehicle": true,
    "motion_state": true,
    "pose": [
      [
        -0.9954206923636332,
        0.09603756771822275,
        0.0007897482360043668,
        28.739879772685526
      ],
      [
        -0.09604242870970195,
        -0.9954200750324818,
        0.0014854877372191112,
        8.741908344629337
      ],
      [
        0.0009309008232971647,
        0.0014026122705010449,
        1.0000049839206973,
        1.0608523907866356
      ],
      [
        0.0,
        0.0,
        0.0,
        1.0
      ]
    ],
    "location": [
      28.739879772685526,
      8.741908344629337,
      1.0608523907866356
    ],
    "rotation": [
      0.0014026043602461216,
      -0.0009308949992150726,
      -3.045406130008392
    ]
  },
  {
    "label_id": "Zfh8PMMz_gcqeqExLpq5tQ",
    "size": [
      1.8903948451336428,
      4.104269830155506,
      1.3600000000000065
    ],
    "obj_class": "vehicle",
    "point_num_in_lidar": 38,
    "speed": 1.0640991945403683e-26,
    "if_vehicle": true,
    "motion_state": false,
    "pose": [
      [
        0.9620083836816965,
        -0.27317657096657616,
        0.0007897482360043668,
        69.21530495004845
      ],
      [
        0.27318124216271084,
        0.962006903728122,
        0.0014854877372191112,
        10.470325576672622
      ],
      [
        -0.0011675762730048538,
        -0.0012127090215264054,
        1.0000049839206973,
        0.8249656107270766
      ],
      [
        0.0,
        0.0,
        0.0,
        1.0
      ]
    ],
    "location": [
      69.21530495004845,
      10.470325576672622,
      0.8249656107270766
    ],
    "rotation": [
      -0.0012127023830248512,
      0.0011675690648338833,
      0.27668600757573436
    ]
  },
  {
    "label_id": "ZijCE1sh3tPNneGP7MwI4w",
    "size": [
      0.7479590980765195,
      0.5607518156480158,
      1.75
    ],
    "obj_class": "pedestrian",
    "point_num_in_lidar": 20,
    "speed": 1.0234396874789848,
    "if_vehicle": false,
    "motion_state": true,
    "pose": [
      [
        -0.4801861030195091,
        -0.8772154100709041,
        0.0007897482360043668,
        38.77434921904933
      ],
      [
        0.8772129287875713,
        -0.48019032836788916,
        0.0014854877372191112,
        -39.64182824452291
      ],
      [
        -0.0009228281866912624,
        0.0014079366683283543,
        1.0000049839206973,
        1.60244411366034
      ],
      [
        0.0,
        0.0,
        0.0,
        1.0
      ]
    ],
    "location": [
      38.77434921904933,
      -39.64182824452291,
      1.60244411366034
    ],
    "rotation": [
      0.0014079287210227508,
      0.0009228224108131984,
      2.0716409622145484
    ]
  },
  {
    "label_id": "bRPbYyeLmNMrwlF8n9yZLQ",
    "size": [
      2.3021059485345154,
      5.192549817773653,
      1.9400000000000048
    ],
    "obj_class": "vehicle",
    "point_num_in_lidar": 792,
    "speed": 1.0640991945403683e-26,
    "if_vehicle": true,
    "motion_state": false,
    "pose": [
      [
        -0.6146373498060076,
        0.7888640550959173,
        0.0007897482360043668,
        8.908707272094034
      ],
      [
        -0.7888669488646832,
        -0.6146333955123612,
        0.0014854877372191112,
        16.742265123975812
      ],
      [
        0.0016585397107665343,
        0.00028834623629571057,
        1.0000049839206973,
        0.8456650028342665
      ],
      [
        0.0,
        0.0,
        0.0,
        1.0
      ]
    ],
    "location": [
      8.908707272094034,
      16.742265123975812,
      0.8456650028342665
    ],
    "rotation": [
      0.00028834479121684096,
      -0.0016585298551104713,
      -2.2326873539213223
    ]
  },
  {
    "label_id": "bacsewv05EXPBe1OQGzJhA",
    "size": [
      2.1567897859488747,
      4.360600259374679,
      1.5200000000000031
    ],
    "obj_class": "vehicle",
    "point_num_in_lidar": 109,
    "speed": 1.0640991945403683e-26,
    "if_vehicle": true,
    "motion_state": false,
    "pose": [
      [
        -0.6128057074970948,
        0.790287753959222,
        0.0007897482360043668,
        5.2708626043386175
      ],
      [
        -0.7902906385471232,
        -0.6128017465011909,
        0.0014854877372191112,
        30.14970481909404
      ],
      [
        0.0016592041470592117,
        0.000284498018546611,
        1.0000049839206973,
        0.4968516647758179
      ],
      [
        0.0,
        0.0,
        0.0,
        1.0
      ]
    ],
    "location": [
      5.2708626043386175,
      30.14970481909404,
      0.4968516647758179
    ],
    "rotation": [
      0.00028449659296255663,
      -0.0016591942880644123,
      -2.2303675859920764
    ]
  },
  {
    "label_id": "cYO4m6rhx9nzGUML49utuQ",
    "size": [
      0.960272916125851,
      0.951385999690697,
      1.6300000000000026
    ],
    "obj_class": "pedestrian",
    "point_num_in_lidar": 306,
    "speed": 0.014080374284296891,
    "if_vehicle": false,
    "motion_state": false,
    "pose": [
      [
        0.9777120164026724,
        -0.21015418668384217,
        0.0007897482360043668,
        5.674380966323952
      ],
      [
        0.21015894409557162,
        0.9777108427887888,
        0.0014854877372191112,
        8.414165507005237
      ],
      [
        -0.0010863939980166296,
        -0.0012859415248170827,
        1.0000049839206973,
        0.7138154174188003
      ],
      [
        0.0,
        0.0,
        0.0,
        1.0
      ]
    ],
    "location": [
      5.674380966323952,
      8.414165507005237,
      0.7138154174188003
    ],
    "rotation": [
      -0.001285934406999228,
      0.00108638725790285,
      0.21172812051074014
    ]
  },
  {
    "label_id": "dLoG1yvyIy8G8TNsmqR56Q",
    "size": [
      0.9716897436073798,
      0.9852865102479873,
      1.5899999999999963
    ],
    "obj_class": "pedestrian",
    "point_num_in_lidar": 330,
    "speed": 1.400804318196712,
    "if_vehicle": false,
    "motion_state": true,
    "pose": [
      [
        0.9746995083116312,
        -0.2237106114961719,
        0.0007897482360043668,
        2.4142203492083354
      ],
      [
        0.2237153521521863,
        0.9746982687486179,
        0.0014854877372191112,
        -9.712384438505978
      ],
      [
        -0.0011041460689940282,
        -0.0012707316721088159,
        1.0000049839206973,
        0.7373314801916422
      ],
      [
        0.0,
        0.0,
        0.0,
        1.0
      ]
    ],
    "location": [
      2.4142203492083354,
      -9.712384438505978,
      0.7373314801916422
    ],
    "rotation": [
      -0.0012707246549502607,
      0.0011041392259003066,
      0.22561471855467838
    ]
  },
  {
    "label_id": "ddMwVIAt8FnO44pcvte6-A",
    "size": [
      2.2121550330019564,
      4.986721131151553,
      1.8500000000000014
    ],
    "obj_class": "vehicle",
    "point_num_in_lidar": 784,
    "speed": 0.009015725558586754,
    "if_vehicle": true,
    "motion_state": false,
    "pose": [
      [
        0.2522252946532127,
        0.9677127517688434,
        0.0007897482360043668,
        21.114126347856654
      ],
      [
        -0.9677113735839559,
        0.252229996880592,
        0.0014854877372191112,
        -15.075206465247902
      ],
      [
        0.0012377732710664724,
        -0.0011409710134831835,
        1.0000049839206973,
        1.1013620633531218
      ],
      [
        0.0,
        0.0,
        0.0,
        1.0
      ]
    ],
    "location": [
      21.114126347856654,
      -15.075206465247902,
      1.1013620633531218
    ],
    "rotation": [
      -0.0011409648318992606,
      -0.0012377656643580187,
      -1.3158279164751783
    ]
  },
  {
    "label_id": "df9Qjv-jbf6K4tTHCXuyDg",
    "size": [
      1.9236429967066633,
      4.2636617311511555,
      1.5900000000000034
    ],
    "obj_class": "vehicle",
    "point_num_in_lidar": 338,
    "speed": 0.0,
    "if_vehicle": true,
    "motion_state": false,
    "pose": [
      [
        0.9770289174025507,
        -0.21330743952831704,
        0.0007897482360043668,
        32.94352627337503
      ],
      [
        0.2133121931289116,
        0.9770277284461601,
        0.0014854877372191112,
        2.206139821544639
      ],
      [
        -0.001090537117037522,
        -0.0012824298501434436,
        1.0000049839206973,
        1.1028148002401394
      ],
      [
        0.0,
        0.0,
        0.0,
        1.0
      ]
    ],
    "location": [
      32.94352627337503,
      2.206139821544639,
      1.1028148002401394
    ],
    "rotation": [
      -0.0012824227556185355,
      0.0010905303528586348,
      0.21495437237847612
    ]
  },
  {
    "label_id": "ee5wPabxUEJXj8lb0gJ2pA",
    "size": [
      0.9376618386239939,
      0.9508603165924931,
      1.7199999999999989
    ],
    "obj_class": "pedestrian",
    "point_num_in_lidar": 608,
    "speed": 1.309234906157201,
    "if_vehicle": false,
    "motion_state": true,
    "pose": [
      [
        1.000041107386277,
        0.0018310479392662506,
        0.0007897482360043668,
        1.3580839911810472
      ],
      [
        -0.001826149868175207,
