[
  {
    "label_id": "-EDgzw9YqjNzbXb8lWuF_g",
    "size": [
      0.7647537580661401,
      1.0695207740712365,
      1.8599999999999994
    ],
    "obj_class": "pedestrian",
    "point_num_in_lidar": 497,
    "speed": 1.413640491471165,
    "if_vehicle": false,
    "motion_state": true,
    "pose": [
      [
        0.3312074886169164,
        0.9436031088619632,
        0.0009825127563693077,
        9.297152535160421
      ],
      [
        -0.9436020662138221,
        0.33121260857579793,
        0.0009105610182794529,
        -6.318361538622412
      ],
      [
        0.0005331155601468512,
        -0.0012306787839532554,
        1.0000055014755111,
        0.9599244512976384
      ],
      [
        0.0,
        0.0,
        0.0,
        1.0
      ]
    ],
    "location": [
      9.297152535160421,
      -6.318361538622412,
      0.9599244512976384
    ],
    "rotation": [
      -0.001230671392135631,
      -0.0005331121730223955,
      -1.2332279320139388
    ]
  },
  {
    "label_id": "0FY7FxwLy0hfrhi3NAfiPQ",
    "size": [
      1.8072352523680164,
      3.8913852522382513,
      1.4600000000000009
    ],
    "obj_class": "vehicle",
    "point_num_in_lidar": 42,
    "speed": 2.276993601631411,
    "if_vehicle": true,
    "motion_state": true,
    "pose": [
      [
        0.29488241966112694,
        0.9555781423539814,
        0.0009825127563693077,
        27.32981147429382
      ],
      [
        -0.9555772962526317,
        0.29488757574555224,
        0.0009105610182794529,
        -36.6069873489032
      ],
      [
        0.0005797860730320331,
        -0.0012093926489198782,
        1.0000055014755111,
        1.4415566457303157
      ],
      [
        0.0,
        0.0,
        0.0,
        1.0
      ]
    ],
    "location": [
      27.32981147429382,
      -36.6069873489032,
      1.4415566457303157
    ],
    "rotation": [
      -0.0012093854058911324,
      -0.0005797823944075746,
      -1.2714767629677193
    ]
  },
  {
    "label_id": "1XGa86vdVK8I7WhqZCOcOQ",
    "size": [
      1.9388804825461037,
      4.415578465873616,
      1.6900000000000048
    ],
    "obj_class": "vehicle",
    "point_num_in_lidar": 23,
    "speed": 1.1368683772161603e-12,
    "if_vehicle": true,
    "motion_state": false,
    "pose": [
      [
        -0.2066807198316484,
        -0.9784519955622548,
        0.0009825127563693077,
        30.324728872641572
      ],
      [
        0.9784516222848255,
        -0.20668593152600398,
        0.0009105610182794529,
        -24.122918183755246
      ],
      [
        -0.0006874594431467179,
        0.0011515997498140376,
        1.0000055014755111,
        1.1161911756322525
      ],
      [
        0.0,
        0.0,
        0.0,
        1.0
      ]
    ],
    "location": [
      30.324728872641572,
      -24.122918183755246,
      1.1161911756322525
    ],
    "rotation": [
      0.00115159290528293,
      0.0006874550969901905,
      1.778968609281086
    ]
  },
  {
    "label_id": "2EWbspym0T1YkCd3xXEsUA",
    "size": [
      0.717053140753834,
      0.8462840361255533,
      1.6899999999999977
    ],
    "obj_class": "pedestrian",
    "point_num_in_lidar": 625,
    "speed": 1.307057871161339,
    "if_vehicle": false,
    "motion_state": true,
    "pose": [
      [
        0.20206574553709816,
        0.9794154695788828,
        0.0009825127563693077,
        7.646661289822077
      ],
      [
        -0.9794151208748866,
        0.20207095893326749,
        0.0009105610182794529,
        -0.8230646634838195
      ],
      [
        0.0006928807452108584,
        -0.0011483460901049786,
        1.0000055014755111,
        0.8318230028542075
      ],
      [
        0.0,
        0.0,
        0.0,
        1.0
      ]
    ],
    "location": [
      7.646661289822077,
      -0.8230646634838195,
      0.8318230028542075
    ],
    "rotation": [
      -0.00114833926777639,
      -0.0006928763656447096,
      -1.3673383289845487
    ]
  },
  {
    "label_id": "2kx3n6sQg97wQoT2iuuqkw",
    "size": [
      1.94360686249931,
      4.581826043400449,
      1.470000000000006
    ],
    "obj_class": "vehicle",
    "point_num_in_lidar": 67,
    "speed": 1.1368683772161603e-12,
    "if_vehicle": true,
    "motion_state": false,
    "pose": [
      [
        0.9673892454490193,
        -0.2534625719104578,
        0.0009825127563693077,
        38.07398574497347
      ],
      [
        0.2534677596451271,
        0.9673886221488543,
        0.0009105610182794529,
        3.4862380753620528
      ],
      [
        -0.0011833058918353742,
        -0.0006313237173519179,
        1.0000055014755111,
        0.9490039661412766
      ],
      [
        0.0,
        0.0,
        0.0,
        1.0
      ]
    ],
    "location": [
      38.07398574497347,
      3.4862380753620528,
      0.9490039661412766
    ],
    "rotation": [
      -0.0006313201602849713,
      0.001183298593848409,
      0.25625189745621907
    ]
  },
  {
    "label_id": "3NGaBQl276KzZKljja6dOA",
    "size": [
      0.7299292117232217,
      0.694010124373706,
      1.1000000000000014
    ],
    "obj_class": "pedestrian",
    "point_num_in_lidar": 158,
    "speed": 0.001644585202482501,
    "if_vehicle": false,
    "motion_state": false,
    "pose": [
      [
        0.7398030479330014,
        0.672886823945103,
        0.0009825127563693077,
        2.6221718332890305
      ],
      [
        -0.6728834736524996,
        0.7398070575007547,
        0.0009105610182794529,
        12.677582234340662
      ],
      [
        -0.00011570374265805201,
        -0.0013361867809847043,
        1.0000055014755111,
        0.7076009616396277
      ],
      [
        0.0,
        0.0,
        0.0,
        1.0
      ]
    ],
    "location": [
      2.6221718332890305,
      12.677582234340662,
      0.7076009616396277
    ],
    "rotation": [
      -0.001336178634833151,
      0.00011570300231732926,
      -0.7380631137331783
    ]
  },
  {
    "label_id": "3P6tBBZUHGg_gbV4OhqorA",
    "size": [
      0.8275096005614626,
      0.8398197400242338,
      1.6499999999999986
    ],
    "obj_class": "pedestrian",
    "point_num_in_lidar": 153,
    "speed": 1.3353632681195544,
    "if_vehicle": false,
    "motion_state": true,
    "pose": [
      [
        0.9748802392485763,
        -0.22292094269611737,
        0.0009825127563693077,
        -3.6952524610605906
      ],
      [
        0.22292614746350004,
        0.974879779367518,
        0.0009105610182794529,
        -10.996300196755328
      ],
      [
        -0.0011628709928146032,
        -0.0006682166743008826,
        1.0000055014755111,
        0.7194698028797575
      ],
      [
        0.0,
        0.0,
        0.0,
        1.0
      ]
    ],
    "location": [
      -3.6952524610605906,
      -10.996300196755328,
      0.7194698028797575
    ],
    "rotation": [
      -0.0006682128986891779,
      0.001162863811567052,
      0.22480511969540654
    ]
  },
  {
    "label_id": "4JRTQZlhJCGV0xv6XMfMIw",
    "size": [
      2.125651386593602,
      4.668043267308801,
      1.6099999999999994
    ],
    "obj_class": "vehicle",
    "point_num_in_lidar": 100,
    "speed": 6.629024818318272e-12,
    "if_vehicle": true,
    "motion_state": false,
    "pose": [
      [
        0.1752448057205386,
        0.9845681721637448,
        0.0009825127563693077,
        21.038530629732122
      ],
      [
        -0.9845679659556511,
        0.17525002669480755,
        0.0009105610182794529,
        48.924334829695
      ],
      [
        0.0007239810441129054,
        -0.0011289968633740929,
        1.0000055014755111,
        0.9532368023651543
      ],
      [
        0.0,
        0.0,
        0.0,
        1.0
      ]
    ],
    "location": [
      21.038530629732122,
      48.924334829695,
      0.9532368023651543
    ],
    "rotation": [
      -0.0011289901725820527,
      -0.0007239764732846557,
      -1.3946494590705716
    ]
  },
  {
    "label_id": "51XfsSndNbxOYol5ZhZdTA",
    "size": [
      1.8797856288791104,
      4.076636714678694,
      1.3999999999999986
    ],
    "obj_class": "vehicle",
    "point_num_in_lidar": 20,
    "speed": 1.6077746776921857e-12,
    "if_vehicle": true,
    "motion_state": false,
    "pose": [
      [
        -0.9803802940516801,
        0.19733146379892874,
        0.0009825127563693077,
        24.61944744421635
      ],
      [
        -0.19733667881897143,
        -0.9803799705396254,
        0.0009105610182794529,
        44.40129236580833
      ],
      [
        0.00114498512087602,
        0.0006984207490588135,
        1.0000055014755111,
        0.9143275007486409
      ],
      [
        0.0,
        0.0,
        0.0,
        1.0
      ]
    ],
    "location": [
      24.61944744421635,
      44.40129236580833,
      0.9143275007486409
    ],
    "rotation": [
      0.0006984167931759672,
      -0.0011449780422047356,
      -2.9429610077504536
    ]
  },
  {
    "label_id": "7fxnDM2wAyQs-FiehwtY8Q",
    "size": [
      0.8262102903302772,
      0.823178729140084,
      1.5499999999999972
    ],
    "obj_class": "pedestrian",
    "point_num_in_lidar": 43,
    "speed": 0.11235459631291345,
    "if_vehicle": false,
    "motion_state": false,
    "pose": [
      [
        -0.8785261910286554,
        0.47778338109081314,
        0.0009825127563693077,
        9.806293528752576
      ],
      [
        -0.47778826854681705,
        -0.8785243433631271,
        0.0009105610182794529,
        -11.375676937575918
      ],
      [
        0.0013000723319782563,
        0.0003295366464719331,
        1.0000055014755111,
        0.7995703987741081
      ],
      [
        0.0,
        0.0,
        0.0,
        1.0
      ]
    ],
    "location": [
      9.806293528752576,
      -11.375676937575918,
      0.7995703987741081
    ],
    "rotation": [
      0.0003295348216157023,
      -0.0013000643766697593,
      -2.643481809359234
    ]
  },
  {
    "label_id": "7tOgwMtQQau9C7cR3nDM_A",
    "size": [
      2.1995109981502536,
      4.668562141136059,
      1.6400000000000006
    ],
    "obj_class": "vehicle",
    "point_num_in_lidar": 143,
    "speed": 0.002816722572067391,
    "if_vehicle": true,
    "motion_state": false,
    "pose": [
      [
        -0.2336482182594997,
        -0.9723650228561534,
        0.0009825127563693077,
        33.343874222533486
      ],
      [
        0.9723645056591483,
        -0.23365341764420872,
        0.0009105610182794529,
        -36.13840179120598
      ],
      [
        -0.000655364110728082,
        0.0011701625323487935,
        1.0000055014755111,
        1.407936788119855
      ],
      [
        0.0,
        0.0,
        0.0,
        1.0
      ]
    ],
    "location": [
      33.343874222533486,
      -36.13840179120598,
      1.407936788119855
    ],
    "rotation": [
      0.001170155560679426,
      0.0006553599627725847,
      1.806614281022263
    ]
  },
  {
    "label_id": "C4lVCY0U7eKSegXd8LC_FQ",
    "size": [
      0.9018772145063862,
      0.944866519994953,
      1.3999999999999986
    ],
    "obj_class": "pedestrian",
    "point_num_in_lidar": 60,
    "speed": 0.002311213460515562,
    "if_vehicle": false,
    "motion_state": false,
    "pose": [
      [
        0.17203446230611466,
        0.9851341895137601,
        0.0009825127563693077,
        34.09492674643843
      ],
      [
        -0.9851340003256539,
        0.17203968392482494,
        0.0009105610182794529,
        17.994250629308226
      ],
      [
        0.0007276574065182767,
        -0.001126630892742801,
        1.0000055014755111,
        1.0057006660327943
      ],
      [
        0.0,
        0.0,
        0.0,
        1.0
      ]
    ],
    "location": [
      34.09492674643843,
      17.994250629308226,
      1.0057006660327943
    ],
    "rotation": [
      -0.001126624217976396,
      -0.000727652813126654,
      -1.3979091841635816
    ]
  },
  {
    "label_id": "CpPxlJb2rlUaBE-2xJoBWw",
    "size": [
      0.7881720903885259,
      0.994941850972178,
      1.8900000000000006
    ],
    "obj_class": "pedestrian",
    "point_num_in_lidar": 678,
    "speed": 1.365826952927158,
    "if_vehicle": false,
    "motion_state": true,
    "pose": [
      [
        -0.19396308793157038,
        -0.9810522657279461,
        0.0009825127563693077,
        9.327323500750936
      ],
      [
        0.9810519601292957,
        -0.1939683040319874,
        0.0009105610182794529,
        -3.1934002801644965
      ],
      [
        -0.000702349192925977,
        0.0011425795731324715,
        1.0000055014755111,
        0.936894587441202
      ],
      [
        0.0,
        0.0,
        0.0,
        1.0
      ]
    ],
    "location": [
      9.327323500750936,
      -3.1934002801644965,
      0.936894587441202
    ],
    "rotation": [
      0.0011425727900941025,
      0.0007023447550579756,
      1.765988315134019
    ]
  },
  {
    "label_id": "DnS7Up19TsoNk12Ymz9Ndg",
    "size": [
      1.9636513337620962,
      4.880426123448928,
      1.5200000000000031
    ],
    "obj_class": "vehicle",
    "point_num_in_lidar": 508,
    "speed": 1.5721102630122992,
    "if_vehicle": true,
    "motion_state": true,
    "pose": [
      [
        -0.22197073901358993,
        -0.9750970303470561,
        0.0009825127563693077,
        16.676488320998033
      ],
      [
        0.9750965755386733,
        -0.22197594422669123,
        0.0009105610182794529,
        24.056582810393593
      ],
      [
        -0.0006693496666223629,
        0.0011622192106207352,
        1.0000055014755111,
        0.8907314875048087
      ],
      [
        0.0,
        0.0,
        0.0,
        1.0
      ]
    ],
    "location": [
      16.676488320998033,
      24.056582810393593,
      0.8907314875048087
    ],
    "rotation": [
      0.0011622122934538928,
      0.0006693454322157379,
      1.7946218946866477
    ]
  },
  {
    "label_id": "EMpodh1TjmNyW98IZUh2MA",
    "size": [
      2.1737203176307114,
      4.530987525728997,
      1.8900000000000006
    ],
    "obj_class": "vehicle",
    "point_num_in_lidar": 324,
    "speed": 2.5421149729252077e-12,
    "if_vehicle": true,
    "motion_state": false,
    "pose": [
      [
        -0.6127240628336531,
        0.790350840066934,
        0.0009825127563693077,
        16.576357195488526
      ],
      [
        -0.7903545742092221,
        -0.6127204080729953,
        0.0009105610182794529,
        -18.113456064165803
      ],
      [
        0.0013229774367898319,
        -0.00022025705774925293,
        1.0000055014755111,
        0.893276440262639
      ],
      [
        0.0,
        0.0,
        0.0,
        1.0
      ]
    ],
    "location": [
      16.576357195488526,
      -18.113456064165803,
      0.893276440262639
    ],
    "rotation": [
      -0.00022025584245537929,
      -0.0013229693545695272,
      -2.2302638922377342
    ]
  },
  {
    "label_id": "FRk_wv4gWEdPQOAxAVKlJw",
    "size": [
      2.0375490309551516,
      4.4473342942274545,
      1.3600000000000065
    ],
    "obj_class": "vehicle",
    "point_num_in_lidar": 83,
    "speed": 0.001588659314271239,
    "if_vehicle": true,
    "motion_state": false,
    "pose": [
      [
        -0.9749269261096354,
        0.22271667273983858,
        0.0009825127563693077,
        34.700466887123184
      ],
      [
        -0.2227218776034651,
        -0.9749264673191338,
        0.0009105610182794529,
        12.982891460953397
      ],
      [
        0.0011627309569408894,
        0.0006684603140910313,
        1.0000055014755111,
        0.9572994394516172
      ],
      [
        0.0,
        0.0,
        0.0,
        1.0
      ]
    ],
    "location": [
      34.700466887123184,
      12.982891460953397,
      0.9572994394516172
    ],
    "rotation": [
      0.0006684565370301293,
      -0.0011627237764950129,
      -2.9169970619244525
    ]
  },
  {
    "label_id": "GsCzF8GSnnWdvaGVsW2nYA",
    "size": [
      0.9597441527152808,
      0.9549516162441378,
      1.7999999999999972
    ],
    "obj_class": "pedestrian",
    "point_num_in_lidar": 485,
    "speed": 1.3501231232151125,
    "if_vehicle": false,
    "motion_state": true,
    "pose": [
      [
        0.9720763439618288,
        -0.23484635206809368,
        0.0009825127563693077,
        1.2510873368009925
      ],
      [
        0.23485155081147763,
        0.9720758203576626,
        0.0009105610182794529,
        -8.617745556126465
      ],
      [
        -0.0011709692933204023,
        -0.0006539215425753067,
        1.0000055014755111,
        0.8348607019944438
      ],
      [
        0.0,
        0.0,
        0.0,
        1.0
      ]
    ],
    "location": [
      1.2510873368009925,
      -8.617745556126465,
      0.8348607019944438
    ],
    "rotation": [
      -0.0006539178518547734,
      0.001170962065750744,
      0.23705525453179307
    ]
  },
  {
    "label_id": "IlvD3LQihY_gza6wNBNkbw",
    "size": [
      2.230414300201962,
      4.640428889590738,
      1.6000000000000014
    ],
    "obj_class": "vehicle",
    "point_num_in_lidar": 62,
    "speed": 2.5421149729252077e-12,
    "if_vehicle": true,
    "motion_state": false,
    "pose": [
      [
        -0.5955750206715266,
        0.8033527384169408,
        0.0009825127563693077,
        17.02719780364714
      ],
      [
        -0.8033563930496151,
        -0.5955712864039798,
        0.0009105610182794529,
        -22.7356223210154
      ],
      [
        0.0013179314997556224,
        -0.0002486745497537818,
        1.0000055014755111,
        0.7736628109609001
      ],
      [
        0.0,
        0.0,
        0.0,
        1.0
      ]
    ],
    "location": [
      17.02719780364714,
      -22.7356223210154,
      0.7736628109609001
    ],
    "rotation": [
      -0.0002486731765585161,
      -0.0013179234454344798,
      -2.2087438407057647
    ]
  },
  {
    "label_id": "JKMgfkGQyJGWNzwnfDn1zw",
    "size": [
      0.8008319961445105,
      0.0756255792536936,
      0.7500000000000071
    ],
    "obj_class": "sign",
    "point_num_in_lidar": 43,
    "speed": 3.5950934718225418e-12,
    "if_vehicle": false,
    "motion_state": false,
    "pose": [
      [
        0.24050328193151907,
        0.9706922266867367,
        0.0009825127563693077,
        28.180971144349314
      ],
      [
        -0.9706916728164305,
        0.24050847753752597,
        0.0009105610182794529,
        -5.51813813791523
      ],
      [
        0.0006470912836726608,
        -0.0011747575666230965,
        1.0000055014755111,
        2.8652196254117825
      ],
      [
        0.0,
        0.0,
        0.0,
        1.0
      ]
    ],
    "location": [
      28.180971144349314,
      -5.51813813791523,
      2.8652196254117825
    ],
    "rotation": [
      -0.001174750563357883,
      -0.0006470871869158107,
      -1.3279224330213102
    ]
  },
  {
    "label_id": "JoKbZ8BD1ksyS72fvT2i7A",
    "size": [
      2.0651476504465553,
      4.299376155488723,
      1.720000000000006
    ],
    "obj_class": "vehicle",
    "point_num_in_lidar": 57,
    "speed": 2.5421149729252077e-12,
    "if_vehicle": true,
    "motion_state": false,
    "pose": [
      [
        -0.5430104642336574,
        0.8397766746597781,
        0.0009825127563693077,
        16.857041868948727
      ],
      [
        -0.8397800831418244,
        -0.5430065040134319,
        0.0009105610182794529,
        69.86738871852867
      ],
      [
        0.0012993425457374283,
        -0.0003324024948461186,
        1.0000055014755111,
        0.5769047836172376
      ],
      [
        0.0,
        0.0,
        0.0,
        1.0
      ]
    ],
    "location": [
      16.857041868948727,
      69.86738871852867,
      0.5769047836172376
    ],
    "rotation": [
      -0.00033240065390965565,
      -0.0012993345944837813,
      -2.1447849485980384
    ]
  },
  {
    "label_id": "K-eppQ_Y2mxaYi38LjA21Q",
    "size": [
      2.1091266235343293,
      4.81993915668481,
      1.500000000000007
    ],
    "obj_class": "vehicle",
    "point_num_in_lidar": 106,
    "speed": 6.775319299993843,
    "if_vehicle": true,
    "motion_state": true,
    "pose": [
      [
        -0.9820106784064864,
        0.18905093246403093,
        0.0009825127563693077,
        48.3655157682515
      ],
      [
        -0.18905615002851164,
        -0.9820103989159055,
        0.0009105610182794529,
        12.106699529838806
      ],
      [
        0.0011390503221423416,
        0.0007080584957267162,
        1.0000055014755111,
        0.9697538475394367
      ],
      [
        0.0,
        0.0,
        0.0,
        1.0
      ]
    ],
    "location": [
      48.3655157682515,
      12.106699529838806,
      0.9697538475394367
    ],
    "rotation": [
      0.0007080544820560319,
      -0.0011390432775886044,
      -2.951400173556595
    ]
  },
  {
    "label_id": "KbMLXJEn2w0pC4MSAuldSQ",
    "size": [
      1.9351478814685101,
      4.515592189324639,
      1.4500000000000028
    ],
    "obj_class": "vehicle",
    "point_num_in_lidar": 39,
    "speed": 2.5421149729252077e-12,
    "if_vehicle": true,
    "motion_state": false,
    "pose": [
      [
        -0.9801358968626601,
        0.1985418123497307,
        0.0009825127563693077,
        40.996550012219814
      ],
      [
        -0.19854702696635007,
        -0.9801355669117422,
        0.0009105610182794529,
        14.428921831546177
      ],
      [
        0.0011458466048707252,
        0.0006970064761891283,
        1.0000055014755111,
        0.9203485972357157
      ],
      [
        0.0,
        0.0,
        0.0,
        1.0
      ]
    ],
    "location": [
      40.996550012219814,
      14.428921831546177,
      0.9203485972357157
    ],
    "rotation": [
      0.0006970025287752893,
      -0.00114583952125035,
      -2.941726285215874
    ]
  },
  {
    "label_id": "LinZfU-zluGcqLzAeStW8g",
    "size": [
      0.505479031820018,
      0.10862760562286883,
      0.4322335325982465
    ],
    "obj_class": "sign",
    "point_num_in_lidar": 30,
    "speed": 0.0005837162506684601,
    "if_vehicle": false,
    "motion_state": false,
    "pose": [
      [
        0.19461633130144868,
        0.980922887469067,
        0.0009825127563693077,
        4.681170014337113
      ],
      [
        -0.9809225783970634,
        0.19462154719720992,
        0.0009105610182794529,
        20.930771286170057
      ],
      [
        0.0007015881891928598,
        -0.0011430470167619671,
        1.0000055014755111,
        2.916954440507766
      ],
      [
        0.0,
        0.0,
        0.0,
        1.0
      ]
    ],
    "location": [
      4.681170014337113,
      20.930771286170057,
      2.916954440507766
    ],
    "rotation": [
      -0.0011430402305415018,
      -0.0007015837560084141,
      -1.3749384337896968
    ]
  },
  {
    "label_id": "MMD9C-pfI8EcfG-gPi3gJQ",
    "size": [
      1.848796818370787,
      4.512174364374527,
      1.730000000000004
    ],
    "obj_class": "vehicle",
    "point_num_in_lidar": 935,
    "speed": 1.513362035972846,
    "if_vehicle": true,
    "motion_state": true,
    "pose": [
      [
        0.2446485029184823,
        0.9696557830434634,
        0.0009825127563693077,
        20.849492432898842
      ],
      [
        -0.9696552069792705,
        0.2446536961105778,
        0.0009105610182794529,
        -11.754579889784509
      ],
      [
        0.0006420660636639673,
        -0.0011775116303605717,
        1.0000055014755111,
        0.9766933867938405
      ],
      [
        0.0,
        0.0,
        0.0,
        1.0
      ]
    ],
    "location": [
      20.849492432898842,
      -11.754579889784509,
      0.9766933867938405
    ],
    "rotation": [
      -0.0011775046081344176,
      -0.0006420619980287191,
      -1.3236497745552733
    ]
  },
  {
    "label_id": "MV_5Q0rxAuIpiIi20l_8Sw",
    "size": [
      2.0720693563981443,
      4.341091663754647,
      1.8400000000000034
    ],
    "obj_class": "vehicle",
    "point_num_in_lidar": 59,
    "speed": 0.0033071543001077118,
    "if_vehicle": true,
    "motion_state": false,
    "pose": [
      [
        -0.2645473978435638,
        -0.9644168714119874,
        0.0009825127563693077,
        11.654158237419324
      ],
      [
        0.9644161886197254,
        -0.26455257808379207,
        0.0009105610182794529,
        57.26923826858547
      ],
      [
        -0.0006177028242827316,
        0.0011904728852924307,
        1.0000055014755111,
        0.44552688708074584
      ],
      [
        0.0,
        0.0,
        0.0,
        1.0
      ]
    ],
    "location": [
      11.654158237419324,
      57.26923826858547,
      0.44552688708074584
    ],
    "rotation": [
      0.0011904657735912108,
      0.0006176989097585812,
      1.8385193875494563
    ]
  },
  {
    "label_id": "Nd72enoaUv9l45M43pbdYw",
    "size": [
      0.961911822323091,
      0.7962712858776171,
      1.6499999999999986
    ],
    "obj_class": "pedestrian",
    "point_num_in_lidar": 399,
    "speed": 0.002082657557113582,
    "if_vehicle": false,
    "motion_state": false,
    "pose": [
      [
        0.9771169440580815,
        -0.21290304179246175,
        0.0009825127563693077,
        5.599982519619516
      ],
      [
        0.21290825100589078,
        0.9771165376229141,
        0.0009105610182794529,
        7.619717927671445
      ],
      [
        -0.0011559511699095876,
        -0.0006801171682350078,
        1.0000055014755111,
        0.7160675041485547
      ],
      [
        0.0,
        0.0,
        0.0,
        1.0
      ]
    ],
    "location": [
      5.599982519619516,
      7.619717927671445,
      0.7160675041485547
    ],
    "rotation": [
      -0.0006801133217445518,
      0.0011559440283037202,
      0.2145409682543327
    ]
  },
  {
    "label_id": "Rq5V6L3mDygKo0QPfbHovw",
    "size": [
      1.8888181910797108,
      4.636756789517779,
      1.3600000000000065
    ],
    "obj_class": "vehicle",
    "point_num_in_lidar": 993,
    "speed": 1.86411556241743,
    "if_vehicle": true,
    "motion_state": true,
    "pose": [
      [
        0.2678486254228549,
        0.9635052368456406,
        0.0009825127563693077,
        19.1337059406942
      ],
      [
        -0.9635045363169337,
        0.2678538032943893,
        0.0009105610182794529,
        -3.743296657099563
      ],
      [
        0.0006136222630356979,
        -0.0011925813129721181,
        1.0000055014755111,
        0.8202508726809583
      ],
      [
        0.0,
        0.0,
        0.0,
        1.0
      ]
    ],
    "location": [
      19.1337059406942,
      -3.743296657099563,
      0.8202508726809583
    ],
    "rotation": [
      -0.0011925741866781394,
      -0.0006136183738571502,
      -1.2996486140894914
    ]
  },
  {
    "label_id": "SQQ6HVe8YtnoiVO4yfPY2Q",
    "size": [
      1.9274767058030704,
      4.326488639833419,
      1.3500000000000014
    ],
    "obj_class": "vehicle",
    "point_num_in_lidar": 108,
    "speed": 3.5950934718225418e-12,
    "if_vehicle": true,
    "motion_state": false,
    "pose": [
      [
        -0.20668071982904646,
        -0.9784519955628043,
        0.0009825127563693077,
        29.32325090233644
      ],
      [
        0.9784516222853751,
        -0.20668593152340203,
        0.0009105610182794529,
        -18.48141933533043
      ],
      [
        -0.0006874594431497788,
        0.0011515997498122113,
        1.0000055014755111,
        0.8950700022323872
      ],
      [
        0.0,
        0.0,
        0.0,
        1.0
      ]
    ],
    "location": [
      29.32325090233644,
      -18.48141933533043,
      0.8950700022323872
    ],
    "rotation": [
      0.0011515929052811037,
      0.0006874550969932513,
      1.7789686092784267
    ]
  },
  {
    "label_id": "UMM0XzCyaXFdt743gKi7vA",
    "size": [
      2.018934327645495,
      4.470248932210846,
      1.7100000000000009
    ],
    "obj_class": "vehicle",
    "point_num_in_lidar": 106,
    "speed": 0.009065362862997237,
    "if_vehicle": true,
    "motion_state": false,
    "pose": [
      [
        -0.2249668437270349,
        -0.9744101532688288,
        0.0009825127563693077,
        17.44036108628643
      ],
      [
        0.9744096824633444,
        -0.22497204751760433,
        0.0009105610182794529,
        31.95019023650093
      ],
      [
        -0.0006657741945027188,
        0.001164271098875863,
        1.0000055014755111,
        0.7769817592368327
      ],
      [
        0.0,
        0.0,
        0.0,
        1.0
      ]
    ],
    "location": [
      17.44036108628643,
      31.95019023650093,
      0.7769817592368327
    ],
    "rotation": [
      0.0011642641676442279,
      0.0006657699821853772,
      1.7976956019451624
    ]
  },
  {
    "label_id": "Wc72pGuPCXfpIpqhr-sJew",
    "size": [
      0.9748219167120702,
      1.4516448810316316,
      1.6099999999999994
    ],
    "obj_class": "pedestrian",
    "point_num_in_lidar": 216,
    "speed": 1.5058945858887292,
    "if_vehicle": false,
    "motion_state": true,
    "pose": [
      [
        0.9576872070060604,
        -0.28795909623906335,
        0.0009825127563693077,
        15.240024520171573
      ],
      [
        0.28796425831176903,
        0.9576863982418942,
        0.0009105610182794529,
        12.28495935252431
      ],
      [
        -0.0012051650157169117,
        -0.000588523367960357,
        1.0000055014755111,
        1.0062553733561117
      ],
      [
        0.0,
        0.0,
        0.0,
        1.0
      ]
    ],
    "location": [
      15.240024520171573,
      12.28495935252431,
      1.0062553733561117
    ],
    "rotation": [
      -0.0005885200622854718,
      0.0012051575934014956,
      0.29208710857129616
    ]
  },
  {
    "label_id": "XOGZVIJgjh_BcRiES2OlFA",
    "size": [
      2.283312690550053,
      5.01776074174188,
      1.7999999999999972
    ],
    "obj_class": "vehicle",
    "point_num_in_lidar": 60,
    "speed": 2.2737367544323206e-12,
    "if_vehicle": true,
    "motion_state": false,
    "pose": [
      [
        -0.9781411114692555,
        0.20814704807797887,
        0.0009825127563693077,
        63.74672012505471
      ],
      [
        -0.20815225920699043,
        -0.9781407303806569,
        0.0009105610182794529,
        19.874635326195857
      ],
      [
        0.0011526288601864025,
        0.00068573258666097,
        1.0000055014755111,
        0.9871928798760337
      ],
      [
        0.0,
        0.0,
        0.0,
        1.0
      ]
    ],
    "location": [
      63.74672012505471,
      19.874635326195857,
      0.9871928798760337
    ],
    "rotation": [
      0.0006857287066586719,
      -0.0011526217376327834,
      -2.9319164931025914
    ]
  },
  {
    "label_id": "XzMQXo511mOTZ9b8qsu5-g",
    "size": [
      1.7372453811588617,
      3.7302123275017713,
      1.1999999999999957
    ],
    "obj_class": "vehicle",
    "point_num_in_lidar": 25,
    "speed": 0.002525323875315848,
    "if_vehicle": true,
    "motion_state": false,
    "pose": [
      [
        -0.7109074543590221,
        0.7033461586634719,
        0.0009825127563693077,
        17.864403694264183
      ],
      [
        -0.7033503390775673,
        -0.7109043198363969,
        0.0009105610182794529,
        66.30107391349156
      ],
      [
        0.0013404255383909012,
        -4.51867875912011e-05,
        1.0000055014755111,
        0.36825886772987815
      ],
      [
        0.0,
        0.0,
        0.0,
        1.0
      ]
    ],
    "location": [
      17.864403694264183,
      66.30107391349156,
      0.36825886772987815
    ],
    "rotation": [
      -4.518653896780906e-05,
      -0.0013404173599598594,
      -2.3615379596723267
    ]
  },
  {
    "label_id": "Z9OsRYR58DxyfT5G8nd1sw",
    "size": [
      0.9114227453797903,
      0.9160872246739158,
      1.9500000000000028
    ],
    "obj_class": "pedestrian",
    "point_num_in_lidar": 567,
    "speed": 0.07037797813877267,
    "if_vehicle": false,
    "motion_state": false,
    "pose": [
      [
        -0.429463451894735,
        0.9031314251295575,
        0.0009825127563693077,
        6.455084183566214
      ],
      [
        -0.9031342909806586,
        -0.429459082914126,
        0.0009105610182794529,
        8.136128127116535
      ],
      [
        0.0012452319693252033,
        -0.000498176487114583,
        1.0000055014755111,
        0.8634703316820378
      ],
      [
        0.0,
        0.0,
        0.0,
        1.0
      ]
    ],
    "location": [
      6.455084183566214,
      8.136128127116535,
      0.8634703316820378
    ],
    "rotation": [
      -0.0004981737052121541,
      -0.001245224320623028,
      -2.014673396871881
    ]
  },
  {
    "label_id": "Zf_0k6PmuzbSRQRWpdsKQg",
    "size": [
      1.9263009385265826,
      4.30626809851573,
      1.480000000000004
    ],
    "obj_class": "vehicle",
    "point_num_in_lidar": 478,
    "speed": 3.5950934718225418e-12,
    "if_vehicle": true,
    "motion_state": false,
    "pose": [
      [
        -0.9451403587666116,
        -0.3267949353958958,
        0.0009825127563693077,
        22.818459183399682
      ],
      [
        0.32679027588699183,
        -0.9451427230996823,
        0.0009105610182794529,
        9.858373643277446
      ],
      [
        0.0006330272733220774,
        0.001182395424963141,
        1.0000055014755111,
        0.9795533669276892
      ],
      [
        0.0,
        0.0,
        0.0,
        1.0
      ]
    ],
    "location": [
      22.818459183399682,
      9.858373643277446,
      0.9795533669276892
    ],
    "rotation": [
      0.0011823883690695103,
      -0.0006330232637055277,
      2.8087014740315848
    ]
  },
  {
    "label_id": "Zfh8PMMz_gcqeqExLpq5tQ",
    "size": [
      1.890394845133637,
      4.104269830155506,
      1.3600000000000065
    ],
    "obj_class": "vehicle",
    "point_num_in_lidar": 35,
    "speed": 1.1368683772161603e-12,
    "if_vehicle": true,
    "motion_state": false,
    "pose": [
      [
        0.9620081946455077,
        -0.2731766113794846,
        0.0009825127563693077,
        69.21530495005572
      ],
      [
        0.27318178529496845,
        0.9620074654729207,
        0.0009105610182794529,
        10.47032557669445
      ],
      [
        -0.0011959588681502865,
        -0.0006070130603504646,
        1.0000055014755111,
        0.8249656107270766
      ],
      [
        0.0,
        0.0,
        0.0,
        1.0
      ]
    ],
    "location": [
      69.21530495005572,
      10.47032557669445,
      0.8249656107270766
    ],
    "rotation": [
      -0.0006070096463482705,
      0.0011959514981272196,
      0.27668658166409027
    ]
  },
  {
    "label_id": "aX9TVEEnUmFXUq27-AfHng",
    "size": [
      0.967867723873472,
      1.0875697848219783,
      1.75
    ],
    "obj_class": "pedestrian",
    "point_num_in_lidar": 462,
    "speed": 1.549769343766191,
    "if_vehicle": false,
    "motion_state": true,
    "pose": [
      [
        0.9801787464644883,
        -0.19833016046277824,
        0.0009825127563693077,
        2.9548800089833094
      ],
      [
        0.1983353751505245,
        0.9801784176396049,
        0.0009105610182794529,
        -9.279138017329387
      ],
      [
        -0.0011456960689154594,
        -0.0006972538902114588,
        1.0000055014755111,
        0.8689351533423633
      ],
      [
        0.0,
        0.0,
        0.0,
        1.0
      ]
    ],
    "location": [
      2.9548800089833094,
      -9.279138017329387,
      0.8689351533423633
    ],
    "rotation": [
      -0.0006972499413162462,
      0.0011456889861598282,
      0.19965043201949195
    ]
  },
  {
    "label_id": "b5nOlzdtnZu2ZvwsJrvIQA",
    "size": [
      0.8337839977317748,
      0.9484009492462533,
      1.8299999999999983
    ],
    "obj_class": "pedestrian",
    "point_num_in_lidar": 42,
    "speed": 0.1559935315029126,
    "if_vehicle": false,
    "motion_state": false,
    "pose": [
      [
        -0.37689451980549815,
        -0.9263021907080161,
        0.0009825127563693077,
        29.213920953246998
      ],
      [
        0.9263008992633276,
        -0.3768995827359452,
        0.0009105610182794529,
        -12.954616692615673
      ],
      [
        -0.0004723774500656767,
        0.001255245798404762,
        1.0000055014755111,
        1.1690625401055286
      ],
      [
        0.0,
        0.0,
        0.0,
        1.0
      ]
    ],
    "location": [
      29.213920953246998,
      -12.954616692615673,
      1.1690625401055286
    ],
    "rotation": [
      0.0012552382334775642,
      0.0004723744440298646,
      1.9572207524247338
    ]
  },
  {
    "label_id": "bRPbYyeLmNMrwlF8n9yZLQ",
    "size": [
      2.3021059485345123,
      5.192549817773653,
      1.9400000000000048
    ],
    "obj_class": "vehicle",
    "point_num_in_lidar": 781,
    "speed": 6.821210263296962e-12,
    "if_vehicle": true,
    "motion_state": false,
    "pose": [
      [
        -0.6146371734258476,
        0.7888639759888719,
        0.0009825127563693077,
        8.908707272086758
      ],
      [
        -0.7888677189751714,
        -0.6146335277232189,
        0.0009105610182794529,
        16.74226512398309
      ],
      [
        0.0013235072055790779,
        -0.00021705102285778666,
        1.0000055014755111,
        0.8456650028341528
      ],
      [
        0.0,
        0.0,
        0.0,
        1.0
      ]
    ],
    "location": [
      8.908707272086758,
      16.74226512398309,
      0.8456650028341528
    ],
    "rotation": [
      -0.00021704982535501787,
      -0.0013234991204316147,
      -2.2326867414976808
    ]
  },
  {
    "label_id": "bacsewv05EXPBe1OQGzJhA",
    "size": [
      2.156789785948873,
      4.360600259374679,
      1.5200000000000031
    ],
    "obj_class": "vehicle",
    "point_num_in_lidar": 105,
    "speed": 6.629024818318272e-12,
    "if_vehicle": true,
    "motion_state": false,
    "pose": [
      [
        -0.6128055313009192,
        0.7902876744432277,
        0.0009825127563693077,
        5.2708626043458935
      ],
      [
        -0.7902914089622397,
        -0.6128018769252073,
        0.0009105610182794529,
        30.14970481909404
      ],
      [
        0.0013230001345154588,
        -0.00022012068011757028,
        1.0000055014755111,
        0.49685166477593157
      ],
      [
        0.0,
        0.0,
        0.0,
        1.0
      ]
    ],
    "location": [
      5.2708626043458935,
      30.14970481909404,
      0.49685166477593157
    ],
    "rotation": [
      -0.00022011946558058262,
      -0.0013229920521697334,
      -2.23036697468651
    ]
  },
  {
    "label_id": "cYO4m6rhx9nzGUML49utuQ",
    "size": [
      0.9602729161261386,
      0.951385999690697,
      1.6300000000000026
    ],
    "obj_class": "pedestrian",
    "point_num_in_lidar": 340,
    "speed": 0.01408037417134541,
    "if_vehicle": false,
    "motion_state": false,
    "pose": [
      [
        0.9912127060113525,
        -0.13259939295313153,
        0.0009825127563693077,
        5.595824482676107
      ],
      [
        0.13260461796252784,
        0.9912127252702071,
        0.0009105610182794529,
        8.420903089521744
      ],
      [
        -0.001096707039382338,
        -0.0007720208154658635,
        1.0000055014755111,
        0.7126696737126395
      ],
      [
        0.0,
        0.0,
        0.0,
        1.0
      ]
    ],
    "location": [
      5.595824482676107,
      8.420903089521744,
      0.7126696737126395
    ],
    "rotation": [
      -0.00077201641485925,
      0.00109670023940047,
      0.13299055175460936
    ]
  },
  {
    "label_id": "dLoG1yvyIy8G8TNsmqR56Q",
    "size": [
      0.9716897436115439,
      0.9852865102479873,
      1.5899999999999963
    ],
    "obj_class": "pedestrian",
    "point_num_in_lidar": 289,
    "speed": 1.2078443277014057,
    "if_vehicle": false,
    "motion_state": true,
    "pose": [
      [
        0.7327638838115307,
        0.6805456032855758,
        0.0009825127563693077,
