[
  {
    "label_id": "-EDgzw9YqjNzbXb8lWuF_g",
    "size": [
      0.76475375806789,
      1.0695207740712365,
      1.8599999999999994
    ],
    "obj_class": "pedestrian",
    "point_num_in_lidar": 713,
    "speed": 1.3883219034533962,
    "if_vehicle": false,
    "motion_state": true,
    "pose": [
      [
        0.29987090831022023,
        0.9540244580652537,
        0.0009821729510776404,
        8.51151599035802
      ],
      [
        -0.9540234569966599,
        0.29987582256826933,
        0.0011023171472450855,
        -4.146730322740041
      ],
      [
        0.0007564870154564966,
        -0.0012695784710286295,
        1.000005308816738,
        0.9314988309562295
      ],
      [
        0.0,
        0.0,
        0.0,
        1.0
      ]
    ],
    "location": [
      8.51151599035802,
      -4.146730322740041,
      0.9314988309562295
    ],
    "rotation": [
      -0.0012695710490018216,
      -0.0007564822454703907,
      -1.2662520888946671
    ]
  },
  {
    "label_id": "0FY7FxwLy0hfrhi3NAfiPQ",
    "size": [
      1.8072352523817263,
      3.8913852522382513,
      1.4600000000000009
    ],
    "obj_class": "vehicle",
    "point_num_in_lidar": 126,
    "speed": 2.8403080943489827,
    "if_vehicle": true,
    "motion_state": true,
    "pose": [
      [
        0.29459193835831116,
        0.9556677341481141,
        0.0009821729510776404,
        26.157850159783266
      ],
      [
        -0.9556667602636189,
        0.2945968580757312,
        0.0011023171472450855,
        -32.82941815700178
      ],
      [
        0.0007634944026443689,
        -0.0012653767801664424,
        1.000005308816738,
        1.4390609652408557
      ],
      [
        0.0,
        0.0,
        0.0,
        1.0
      ]
    ],
    "location": [
      26.157850159783266,
      -32.82941815700178,
      1.4390609652408557
    ],
    "rotation": [
      -0.0012653693871954252,
      -0.0007634895898288962,
      -1.271780696299396
    ]
  },
  {
    "label_id": "2EWbspym0T1YkCd3xXEsUA",
    "size": [
      0.7170531407605244,
      0.8462840361255533,
      1.6899999999999977
    ],
    "obj_class": "pedestrian",
    "point_num_in_lidar": 607,
    "speed": 1.4025685481515968,
    "if_vehicle": false,
    "motion_state": true,
    "pose": [
      [
        0.23004608765887635,
        0.9732235230358657,
        0.0009821729510776404,
        7.216336658471846
      ],
      [
        -0.9732228802154325,
        0.23005106147555915,
        0.0011023171472450855,
        1.337057985147112
      ],
      [
        0.0008463775182077095,
        -0.0012115061680925254,
        1.000005308816738,
        0.8508041759242815
      ],
      [
        0.0,
        0.0,
        0.0,
        1.0
      ]
    ],
    "location": [
      7.216336658471846,
      1.337057985147112,
      0.8508041759242815
    ],
    "rotation": [
      -0.001211499143744148,
      -0.000846372201746412,
      -1.3386812112498374
    ]
  },
  {
    "label_id": "2kx3n6sQg97wQoT2iuuqkw",
    "size": [
      1.9436068624993128,
      4.581826043400449,
      1.470000000000006
    ],
    "obj_class": "vehicle",
    "point_num_in_lidar": 67,
    "speed": 1.1368683772161603e-12,
    "if_vehicle": true,
    "motion_state": false,
    "pose": [
      [
        0.9673891451609037,
        -0.25346295599624363,
        0.0009821729510776404,
        38.07397344320634
      ],
      [
        0.25346791285346465,
        0.9673883825096112,
        0.0011023171472450855,
        3.486231384486018
      ],
      [
        -0.001231576474842438,
        -0.0008168974753715087,
        1.000005308816738,
        0.9498078945113093
      ],
      [
        0.0,
        0.0,
        0.0,
        1.0
      ]
    ],
    "location": [
      38.07397344320634,
      3.486231384486018,
      0.9498078945113093
    ],
    "rotation": [
      -0.0008168929569274291,
      0.001231568903075373,
      0.25625207107287773
    ]
  },
  {
    "label_id": "3NGaBQl276KzZKljja6dOA",
    "size": [
      0.7299292117232216,
      0.694010124373706,
      1.1000000000000014
    ],
    "obj_class": "pedestrian",
    "point_num_in_lidar": 160,
    "speed": 0.0016445852072728597,
    "if_vehicle": false,
    "motion_state": false,
    "pose": [
      [
        0.7398033152795416,
        0.6728865305078536,
        0.0009821729510776404,
        2.6197438800154487
      ],
      [
        -0.6728831892319862,
        0.7398070553258088,
        0.0011023171472450855,
        12.678596469857439
      ],
      [
        1.3567100405983113e-05,
        -0.0014778085236052225,
        1.000005308816738,
        0.7075722574230667
      ],
      [
        0.0,
        0.0,
        0.0,
        1.0
      ]
    ],
    "location": [
      2.6197438800154487,
      12.678596469857439,
      0.7075722574230667
    ],
    "rotation": [
      -0.001477799602446562,
      -1.3567013565825957e-05,
      -0.7380627234564523
    ]
  },
  {
    "label_id": "4JRTQZlhJCGV0xv6XMfMIw",
    "size": [
      2.125651386593604,
      4.668043267308801,
      1.6099999999999994
    ],
    "obj_class": "vehicle",
    "point_num_in_lidar": 126,
    "speed": 6.629024818318272e-12,
    "if_vehicle": true,
    "motion_state": false,
    "pose": [
      [
        0.17524519659932095,
        0.9845681029295856,
        0.0009821729510776404,
        21.03853062971757
      ],
      [
        -0.9845677393436396,
        0.17525019858650237,
        0.0011023171472450855,
        48.92433482968045
      ],
      [
        0.0009128221408775236,
        -0.0011622640998402382,
        1.000005308816738,
        0.9532368023649269
      ],
      [
        0.0,
        0.0,
        0.0,
        1.0
      ]
    ],
    "location": [
      21.03853062971757,
      48.92433482968045,
      0.9532368023649269
    ],
    "rotation": [
      -0.001162257406283457,
      -0.000912816424831837,
      -1.3946490345472091
    ]
  },
  {
    "label_id": "51XfsSndNbxOYol5ZhZdTA",
    "size": [
      1.8797856288791148,
      4.076636714678694,
      1.3999999999999986
    ],
    "obj_class": "vehicle",
    "point_num_in_lidar": 28,
    "speed": 1.6077746776921857e-12,
    "if_vehicle": true,
    "motion_state": false,
    "pose": [
      [
        -0.9803802160489145,
        0.19733185302272271,
        0.0009821729510776404,
        24.619447444209072
      ],
      [
        -0.1973368455734974,
        -0.9803797401211203,
        0.0011023171472450855,
        44.40129236579378
      ],
      [
        0.0011824886861669256,
        0.0008864663590576347,
        1.000005308816738,
        0.9143275007485272
      ],
      [
        0.0,
        0.0,
        0.0,
        1.0
      ]
    ],
    "location": [
      24.619447444209072,
      44.40129236579378,
      0.9143275007485272
    ],
    "rotation": [
      0.0008864614207972132,
      -0.001182481392839022,
      -2.9429608288903997
    ]
  },
  {
    "label_id": "7fxnDM2wAyQs-FiehwtY8Q",
    "size": [
      0.826210290331389,
      0.823178729140084,
      1.5499999999999972
    ],
    "obj_class": "pedestrian",
    "point_num_in_lidar": 56,
    "speed": 0.047665493281298675,
    "if_vehicle": false,
    "motion_state": false,
    "pose": [
      [
        -0.6999733586581134,
        0.714228622645703,
        0.0009821729510776404,
        9.945136033544259
      ],
      [
        -0.7142324845415864,
        -0.6999701589970863,
        0.0011023171472450855,
        -11.293672816522303
      ],
      [
        0.0014762778868946584,
        6.85980999701364e-05,
        1.000005308816738,
        0.8023769383593162
      ],
      [
        0.0,
        0.0,
        0.0,
        1.0
      ]
    ],
    "location": [
      9.945136033544259,
      -11.293672816522303,
      0.8023769383593162
    ],
    "rotation": [
      6.859773568972945e-05,
      -0.001476268973727691,
      -2.3461120522108865
    ]
  },
  {
    "label_id": "7tOgwMtQQau9C7cR3nDM_A",
    "size": [
      2.199510998150258,
      4.668562141136059,
      1.6400000000000006
    ],
    "obj_class": "vehicle",
    "point_num_in_lidar": 141,
    "speed": 0.0028167225597009616,
    "if_vehicle": true,
    "motion_state": false,
    "pose": [
      [
        -0.2336486043137846,
        -0.9723649304349257,
        0.0009821729510776404,
        33.33951551459177
      ],
      [
        0.972364269199593,
        -0.23365357571583412,
        0.0011023171472450855,
        -36.13954564034793
      ],
      [
        -0.0008418851992359819,
        0.0012146322118077825,
        1.000005308816738,
        1.4078605865320242
      ],
      [
        0.0,
        0.0,
        0.0,
        1.0
      ]
    ],
    "location": [
      33.33951551459177,
      -36.13954564034793,
      1.4078605865320242
    ],
    "rotation": [
      0.0012146251662638892,
      0.0008418799099287191,
      1.806614711619895
    ]
  },
  {
    "label_id": "8bU9YqZGCj5wFCjrgGqXyA",
    "size": [
      0.31098383429452525,
      0.08639544551842648,
      0.6700000000000017
    ],
    "obj_class": "sign",
    "point_num_in_lidar": 20,
    "speed": 2.5421149729252077e-12,
    "if_vehicle": false,
    "motion_state": false,
    "pose": [
      [
        0.09915614967406293,
        0.9951147100808592,
        0.0009821729510776404,
        21.218823985713243
      ],
      [
        -0.9951147315028153,
        0.09916116481230661,
        0.0011023171472450855,
        22.92952926315047
      ],
      [
        0.000999340573156252,
        -0.0010887701858047936,
        1.000005308816738,
        2.985444101914595
      ],
      [
        0.0,
        0.0,
        0.0,
        1.0
      ]
    ],
    "location": [
      21.218823985713243,
      22.92952926315047,
      2.985444101914595
    ],
    "rotation": [
      -0.0010887639755444113,
      -0.0009993343428907535,
      -1.471481219311268
    ]
  },
  {
    "label_id": "C4lVCY0U7eKSegXd8LC_FQ",
    "size": [
      0.9018772145063876,
      0.944866519994953,
      1.3999999999999986
    ],
    "obj_class": "pedestrian",
    "point_num_in_lidar": 64,
    "speed": 0.0023112134595738515,
    "if_vehicle": false,
    "motion_state": false,
    "pose": [
      [
        0.1720348534084959,
        0.9851341215541235,
        0.0009821729510776404,
        34.09235916335456
      ],
      [
        -0.9851337742751658,
        0.17203985655428913,
        0.0011023171472450855,
        17.9969120223177
      ],
      [
        0.0009166059417254299,
        -0.001159282384170185,
        1.000005308816738,
        1.005683533099159
      ],
      [
        0.0,
        0.0,
        0.0,
        1.0
      ]
    ],
    "location": [
      34.09235916335456,
      17.9969120223177,
      1.005683533099159
    ],
    "rotation": [
      -0.0011592757104601822,
      -0.0009166002030432428,
      -1.3979087600227786
    ]
  },
  {
    "label_id": "CpPxlJb2rlUaBE-2xJoBWw",
    "size": [
      0.7881720903860544,
      0.994941850972178,
      1.8900000000000006
    ],
    "obj_class": "pedestrian",
    "point_num_in_lidar": 409,
    "speed": 1.4036092166598413,
    "if_vehicle": false,
    "motion_state": true,
    "pose": [
      [
        -0.26968023327586677,
        -0.9629941848307142,
        0.0009821729510776404,
        9.768108852455043
      ],
      [
        0.9629933390071779,
        -0.26968517662018493,
        0.0011023171472450855,
        -5.280545187044481
      ],
      [
        -0.0007960905241717753,
        0.0012451272930819519,
        1.000005308816738,
        0.945138136856599
      ],
      [
        0.0,
        0.0,
        0.0,
        1.0
      ]
    ],
    "location": [
      9.768108852455043,
      -5.280545187044481,
      0.945138136856599
    ],
    "rotation": [
      0.0012451200395175732,
      0.0007960855126261038,
      1.8438455673872558
    ]
  },
  {
    "label_id": "DnS7Up19TsoNk12Ymz9Ndg",
    "size": [
      1.9636513337586616,
      4.880426123448928,
      1.5200000000000031
    ],
    "obj_class": "vehicle",
    "point_num_in_lidar": 644,
    "speed": 1.645873996768279,
    "if_vehicle": true,
    "motion_state": true,
    "pose": [
      [
        -0.18088678902846242,
        -0.9835472524451837,
        0.0009821729510776404,
        17.162399904998892
      ],
      [
        0.9835468601891081,
        -0.1808917888490266,
        0.0011023171472450855,
        21.7255533213538
      ],
      [
        -0.0009061439468172606,
        0.0011674781566693706,
        1.000005308816738,
        0.8387601601739334
      ],
      [
        0.0,
        0.0,
        0.0,
        1.0
      ]
    ],
    "location": [
      17.162399904998892,
      21.7255533213538,
      0.8387601601739334
    ],
    "rotation": [
      0.0011674714283572921,
      0.0009061382707555683,
      1.7526766001741525
    ]
  },
  {
    "label_id": "EMpodh1TjmNyW98IZUh2MA",
    "size": [
      2.1737203176307114,
      4.530987525728997,
      1.8900000000000006
    ],
    "obj_class": "vehicle",
    "point_num_in_lidar": 254,
    "speed": 2.5421149729252077e-12,
    "if_vehicle": true,
    "motion_state": false,
    "pose": [
      [
        -0.6127237493115882,
        0.7903510835489804,
        0.0009821729510776404,
        16.57635719548125
      ],
      [
        -0.7903545497097583,
        -0.6127201247012691,
        0.0011023171472450855,
        -18.113456064180355
      ],
      [
        0.0014743116655364344,
        -0.0001025046902187963,
        1.000005308816738,
        0.8932764402625253
      ],
      [
        0.0,
        0.0,
        0.0,
        1.0
      ]
    ],
    "location": [
      16.57635719548125,
      -18.113456064180355,
      0.8932764402625253
    ],
    "rotation": [
      -0.00010250414568406296,
      -0.001474302762815199,
      -2.2302636594767096
    ]
  },
  {
    "label_id": "FRk_wv4gWEdPQOAxAVKlJw",
    "size": [
      2.0375490309551516,
      4.4473342942274545,
      1.3600000000000065
    ],
    "obj_class": "vehicle",
    "point_num_in_lidar": 85,
    "speed": 0.001588659314271239,
    "if_vehicle": true,
    "motion_state": false,
    "pose": [
      [
        -0.9749268380284952,
        0.22271705980741013,
        0.0009821729510776404,
        34.69946973144397
      ],
      [
        -0.2227220383198757,
        -0.9749262326491648,
        0.0011023171472450855,
        12.985232398095832
      ],
      [
        0.0012051037465277156,
        0.0008554689116259802,
        1.000005308816738,
        0.9556953207378456
      ],
      [
        0.0,
        0.0,
        0.0,
        1.0
      ]
    ],
    "location": [
      34.69946973144397,
      12.985232398095832,
      0.9556953207378456
    ],
    "rotation": [
      0.0008554641614407294,
      -0.0012050963245599814,
      -2.9169968856355237
    ]
  },
  {
    "label_id": "GsCzF8GSnnWdvaGVsW2nYA",
    "size": [
      0.9597441527304982,
      0.9549516162441378,
      1.7999999999999972
    ],
    "obj_class": "pedestrian",
    "point_num_in_lidar": 460,
    "speed": 1.3228677192964617,
    "if_vehicle": false,
    "motion_state": true,
    "pose": [
      [
        0.9806413374646776,
        -0.196030088233887,
        0.0009821729510776404,
        -0.8622722895670449
      ],
      [
        0.19603508141212195,
        0.9806408681656075,
        0.0011023171472450855,
        -9.065108927003166
      ],
      [
        -0.0011813107368332401,
        -0.0008880354957411255,
        1.000005308816738,
        0.8168087712207353
      ],
      [
        0.0,
        0.0,
        0.0,
        1.0
      ]
    ],
    "location": [
      -0.8622722895670449,
      -9.065108927003166,
      0.8168087712207353
    ],
    "rotation": [
      -0.0008880305479152628,
      0.0011813034502224625,
      0.1973041873627734
    ]
  },
  {
    "label_id": "IlvD3LQihY_gza6wNBNkbw",
    "size": [
      2.2304143002019647,
      4.640428889590738,
      1.6000000000000014
    ],
    "obj_class": "vehicle",
    "point_num_in_lidar": 64,
    "speed": 2.5421149729252077e-12,
    "if_vehicle": true,
    "motion_state": false,
    "pose": [
      [
        -0.5955747019826882,
        0.803352975096084,
        0.0009821729510776404,
        17.027197803639865
      ],
      [
        -0.8033563624580892,
        -0.5955710036250595,
        0.0011023171472450855,
        -22.735622321022674
      ],
      [
        0.001471764541639839,
        -0.0001342059336443555,
        1.000005308816738,
        0.773662810960559
      ],
      [
        0.0,
        0.0,
        0.0,
        1.0
      ]
    ],
    "location": [
      17.027197803639865,
      -22.735622321022674,
      0.773662810960559
    ],
    "rotation": [
      -0.00013420522036770575,
      -0.001471755652458907,
      -2.208743602926208
    ]
  },
  {
    "label_id": "JKMgfkGQyJGWNzwnfDn1zw",
    "size": [
      0.8008319961445136,
      0.0756255792536936,
      0.7500000000000071
    ],
    "obj_class": "sign",
    "point_num_in_lidar": 40,
    "speed": 3.5950934718225418e-12,
    "if_vehicle": false,
    "motion_state": false,
    "pose": [
      [
        0.24050366732402445,
        0.9706921315438755,
        0.0009821729510776404,
        28.18097114434204
      ],
      [
        -0.9706914352474431,
        0.24050863393673144,
        0.0011023171472450855,
        -5.518138137922506
      ],
      [
        0.0008332939569038679,
        -0.0012205422073984864,
        1.000005308816738,
        2.865219625411555
      ],
      [
        0.0,
        0.0,
        0.0,
        1.0
      ]
    ],
    "location": [
      28.18097114434204,
      -5.518138137922506,
      2.865219625411555
    ],
    "rotation": [
      -0.001220535121718133,
      -0.0008332887195740144,
      -1.32792200182412
    ]
  },
  {
    "label_id": "JoKbZ8BD1ksyS72fvT2i7A",
    "size": [
      2.0651476504465665,
      4.299376155488723,
      1.720000000000006
    ],
    "obj_class": "vehicle",
    "point_num_in_lidar": 63,
    "speed": 2.5421149729252077e-12,
    "if_vehicle": true,
    "motion_state": false,
    "pose": [
      [
        -0.5430101310689517,
        0.839776890485787,
        0.0009821729510776404,
        16.85704186894145
      ],
      [
        -0.8397800345388555,
        -0.54300622376799,
        0.0011023171472450855,
        69.86738871852867
      ],
      [
        0.0014601773787051942,
        -0.00022800026616496595,
        1.000005308816738,
        0.5769047836170103
      ],
      [
        0.0,
        0.0,
        0.0,
        1.0
      ]
    ],
    "location": [
      16.85704186894145,
      69.86738871852867,
      0.5769047836170103
    ],
    "rotation": [
      -0.0002279990518090277,
      -0.0014601685512409483,
      -2.1447846952278633
    ]
  },
  {
    "label_id": "K-eppQ_Y2mxaYi38LjA21Q",
    "size": [
      2.109126623542967,
      4.81993915668481,
      1.500000000000007
    ],
    "obj_class": "vehicle",
    "point_num_in_lidar": 51,
    "speed": 7.410166096483228,
    "if_vehicle": true,
    "motion_state": true,
    "pose": [
      [
        -0.9775929593302666,
        0.21070651177737504,
        0.0009821729510776404,
        59.60249320468574
      ],
      [
        -0.2107114973605612,
        -0.9775924152431441,
        0.0011023171472450855,
        14.52936034250888
      ],
      [
        0.001194488446157733,
        0.000870229539058148,
        1.000005308816738,
        0.9040893516955748
      ],
      [
        0.0,
        0.0,
        0.0,
        1.0
      ]
    ],
    "location": [
      59.60249320468574,
      14.52936034250888,
      0.9040893516955748
    ],
    "rotation": [
      0.0008702246995223456,
      -0.0011944810844962996,
      -2.929299323600469
    ]
  },
  {
    "label_id": "KbMLXJEn2w0pC4MSAuldSQ",
    "size": [
      1.935147881468512,
      4.515592189324639,
      1.4500000000000028
    ],
    "obj_class": "vehicle",
    "point_num_in_lidar": 41,
    "speed": 2.5421149729252077e-12,
    "if_vehicle": true,
    "motion_state": false,
    "pose": [
      [
        -0.9801358183793696,
        0.19854220147691737,
        0.0009821729510776404,
        40.99651310691115
      ],
      [
        -0.19854719343624694,
        -0.9801353362875165,
        0.0011023171472450855,
        14.428901758998109
      ],
      [
        0.0011835823259809205,
        0.0008850056362980259,
        1.000005308816738,
        0.9227603823457002
      ],
      [
        0.0,
        0.0,
        0.0,
        1.0
      ]
    ],
    "location": [
      40.99651310691115,
      14.428901758998109,
      0.9227603823457002
    ],
    "rotation": [
      0.0008850007069382321,
      -0.0011835750264181254,
      -2.9417261064857234
    ]
  },
  {
    "label_id": "LinZfU-zluGcqLzAeStW8g",
    "size": [
      0.5054790318200179,
      0.10862760562286883,
      0.4322335325982465
    ],
    "obj_class": "sign",
    "point_num_in_lidar": 32,
    "speed": 0.0005837162632751626,
    "if_vehicle": false,
    "motion_state": false,
    "pose": [
      [
        0.19461672073972724,
        0.9809228105442408,
        0.0009821729510776404,
        4.6802539969357895
      ],
      [
        -0.980922348441132,
        0.1946217145890662,
        0.0011023171472450855,
        20.930589633040654
      ],
      [
        0.0008897369144566377,
        -0.0011800297969572016,
        1.000005308816738,
        2.9169389149265044
      ],
      [
        0.0,
        0.0,
        0.0,
        1.0
      ]
    ],
    "location": [
      4.6802539969357895,
      20.930589633040654,
      2.9169389149265044
    ],
    "rotation": [
      -0.0011800229847188785,
      -0.0008897313367988816,
      -1.374938007063763
    ]
  },
  {
    "label_id": "MMD9C-pfI8EcfG-gPi3gJQ",
    "size": [
      1.8487968183662364,
      4.512174364374527,
      1.730000000000004
    ],
    "obj_class": "vehicle",
    "point_num_in_lidar": 829,
    "speed": 1.0297663975092024,
    "if_vehicle": true,
    "motion_state": true,
    "pose": [
      [
        0.26633005351494277,
        0.9639261023710403,
        0.0009821729510776404,
        20.335305774795415
      ],
      [
        -0.9639252737417479,
        0.2663349997704961,
        0.0011023171472450855,
        -9.860836693143938
      ],
      [
        0.0008004153016030546,
        -0.0012423515781023334,
        1.000005308816738,
        0.9599958554675823
      ],
      [
        0.0,
        0.0,
        0.0,
        1.0
      ]
    ],
    "location": [
      20.335305774795415,
      -9.860836693143938,
      0.9599958554675823
    ],
    "rotation": [
      -0.001242344343567285,
      -0.0008004102637531277,
      -1.3012243276318594
    ]
  },
  {
    "label_id": "MV_5Q0rxAuIpiIi20l_8Sw",
    "size": [
      2.072069356398146,
      4.341091663754647,
      1.8400000000000034
    ],
    "obj_class": "vehicle",
    "point_num_in_lidar": 59,
    "speed": 0.0033071542972463526,
    "if_vehicle": true,
    "motion_state": false,
    "pose": [
      [
        -0.2645477807531736,
        -0.9644167667228045,
        0.0009821729510776404,
        11.656343965500128
      ],
      [
        0.9644159472380829,
        -0.2645527285319979,
        0.0011023171472450855,
        57.27405687695864
      ],
      [
        -0.0008027104214443964,
        0.0012408698876023342,
        1.000005308816738,
        0.4456004257637005
      ],
      [
        0.0,
        0.0,
        0.0,
        1.0
      ]
    ],
    "location": [
      11.656343965500128,
      57.27405687695864,
      0.4456004257637005
    ],
    "rotation": [
      0.0012408626632173976,
      0.0008027053696411171,
      1.8385198206542832
    ]
  },
  {
    "label_id": "Nd72enoaUv9l45M43pbdYw",
    "size": [
      0.9619118223230906,
      0.7962712858776171,
      1.6499999999999986
    ],
    "obj_class": "pedestrian",
    "point_num_in_lidar": 391,
    "speed": 0.002082657563887616,
    "if_vehicle": false,
    "motion_state": false,
    "pose": [
      [
        0.9771168598731534,
        -0.21290342972607496,
        0.0009821729510776404,
        5.596689324309409
      ],
      [
        0.21290841407365746,
        0.9771163045807257,
        0.0011023171472450855,
        7.6192112780117895
      ],
      [
        -0.0011964415453921406,
        -0.0008675423488875574,
        1.000005308816738,
        0.7160129062264105
      ],
      [
        0.0,
        0.0,
        0.0,
        1.0
      ]
    ],
    "location": [
      5.596689324309409,
      7.6192112780117895,
      0.7160129062264105
    ],
    "rotation": [
      -0.0008675375256461758,
      0.0011964341726248677,
      0.2145411454987855
    ]
  },
  {
    "label_id": "Rq5V6L3mDygKo0QPfbHovw",
    "size": [
      1.8888181910765067,
      4.636756789517779,
      1.3600000000000065
    ],
    "obj_class": "vehicle",
    "point_num_in_lidar": 1229,
    "speed": 2.0630464688883254,
    "if_vehicle": true,
    "motion_state": true,
    "pose": [
      [
        0.2642858881130735,
        0.9644885678854785,
        0.0009821729510776404,
        18.33830812836095
      ],
      [
        -0.9644877497443335,
        0.26429083611424264,
        0.0011023171472450855,
        -0.7509938455259544
      ],
      [
        0.0008030473442952967,
        -0.0012406518695725842,
        1.000005308816738,
        0.8405657205408943
      ],
      [
        0.0,
        0.0,
        0.0,
        1.0
      ]
    ],
    "location": [
      18.33830812836095,
      -0.7509938455259544,
      0.8405657205408943
    ],
    "rotation": [
      -0.0012406446466806894,
      -0.0008030422904440253,
      -1.3033443788566081
    ]
  },
  {
    "label_id": "SQQ6HVe8YtnoiVO4yfPY2Q",
    "size": [
      1.9274767058030704,
      4.326488639833419,
      1.3500000000000014
    ],
    "obj_class": "vehicle",
    "point_num_in_lidar": 191,
    "speed": 3.5950934718225418e-12,
    "if_vehicle": true,
    "motion_state": false,
    "pose": [
      [
        -0.2066811082905261,
        -0.978451913848247,
        0.0009821729510776404,
        29.32332471292466
      ],
      [
        0.9784513902856087,
        -0.20668609607086083,
        0.0011023171472450855,
        -18.481379190263397
      ],
      [
        -0.0008751384945823455,
        0.0011908966008658407,
        1.000005308816738,
        0.890246432011395
      ],
      [
        0.0,
        0.0,
        0.0,
        1.0
      ]
    ],
    "location": [
      29.32332471292466,
      -18.481379190263397,
      0.890246432011395
    ],
    "rotation": [
      0.0011908897156667417,
      0.0008751330046825618,
      1.778969037282968
    ]
  },
  {
    "label_id": "UMM0XzCyaXFdt743gKi7vA",
    "size": [
      2.0189343276460563,
      4.470248932210846,
      1.7100000000000009
    ],
    "obj_class": "vehicle",
    "point_num_in_lidar": 110,
    "speed": 0.3163774190574205,
    "if_vehicle": true,
    "motion_state": false,
    "pose": [
      [
        -0.2640964523580109,
        -0.9645404564295946,
        0.0009821729510776404,
        17.360095302290574
      ],
      [
        0.9645396392602789,
        -0.26410140051977177,
        0.0011023171472450855,
        32.238808296206116
      ],
      [
        -0.0008032909993977238,
        0.0012404941228963049,
        1.000005308816738,
        0.7981585516264431
      ],
      [
        0.0,
        0.0,
        0.0,
        1.0
      ]
    ],
    "location": [
      17.360095302290574,
      32.238808296206116,
      0.7981585516264431
    ],
    "rotation": [
      0.0012404869010846252,
      0.0008032859440654468,
      1.8380518690295207
    ]
  },
  {
    "label_id": "Wc72pGuPCXfpIpqhr-sJew",
    "size": [
      0.9748219167070347,
      1.4516448810316316,
      1.6099999999999994
    ],
    "obj_class": "pedestrian",
    "point_num_in_lidar": 215,
    "speed": 1.3838847139541963,
    "if_vehicle": false,
    "motion_state": true,
    "pose": [
      [
        0.9828297505569864,
        -0.18474552675934944,
        0.0009821729510776404,
        12.97446326046338
      ],
      [
        0.18475052500191808,
        0.9828293386811207,
        0.0011023171472450855,
        11.73861768761708
      ],
      [
        -0.0011710255110060873,
        -0.0009015549629537899,
        1.000005308816738,
        0.9427431136582527
      ],
      [
        0.0,
        0.0,
        0.0,
        1.0
      ]
    ],
    "location": [
      12.97446326046338,
      11.73861768761708,
      0.9427431136582527
    ],
    "rotation": [
      -0.0009015499325314331,
      0.0011710182831151331,
      0.18580982751556022
    ]
  },
  {
    "label_id": "XOGZVIJgjh_BcRiES2OlFA",
    "size": [
      2.2833126905500514,
      5.01776074174188,
      1.7999999999999972
    ],
    "obj_class": "vehicle",
    "point_num_in_lidar": 55,
    "speed": 2.2737367544323206e-12,
    "if_vehicle": true,
    "motion_state": false,
    "pose": [
      [
        -0.9781410291725385,
        0.20814743641655714,
        0.0009821729510776404,
        63.74672012504743
      ],
      [
        -0.20815242340654314,
        -0.9781404981345149,
        0.0011023171472450855,
        19.874635326181306
      ],
      [
        0.0011922069713095462,
        0.0008733525268839591,
        1.000005308816738,
        0.9871928798758063
      ],
      [
        0.0,
        0.0,
        0.0,
        1.0
      ]
    ],
    "location": [
      63.74672012504743,
      19.874635326181306,
      0.9871928798758063
    ],
    "rotation": [
      0.0008733476683953797,
      -0.0011921996226269527,
      -2.931916315377535
    ]
  },
  {
    "label_id": "XzMQXo511mOTZ9b8qsu5-g",
    "size": [
      1.7372453811588677,
      3.7302123275017713,
      1.2000000000000028
    ],
    "obj_class": "vehicle",
    "point_num_in_lidar": 23,
    "speed": 0.0025253238754904283,
    "if_vehicle": true,
    "motion_state": false,
    "pose": [
      [
        -0.7109071754058718,
        0.7033464410899813,
        0.0009821729510776404,
        17.867447807919234
      ],
      [
        -0.7033503518817027,
        -0.7109040356959148,
        0.0011023171472450855,
        66.29834263163502
      ],
      [
        0.0014750441095997538,
        9.136177203153821e-05,
        1.000005308816738,
        0.35939219231363495
      ],
      [
        0.0,
        0.0,
        0.0,
        1.0
      ]
    ],
    "location": [
      17.867447807919234,
      66.29834263163502,
      0.35939219231363495
    ],
    "rotation": [
      9.136128675701448e-05,
      -0.0014750352029866754,
      -2.3615377543866427
    ]
  },
  {
    "label_id": "Z9OsRYR58DxyfT5G8nd1sw",
    "size": [
      0.9114227453790752,
      0.9160872246739158,
      1.9500000000000028
    ],
    "obj_class": "pedestrian",
    "point_num_in_lidar": 519,
    "speed": 0.024651970541094647,
    "if_vehicle": false,
    "motion_state": false,
    "pose": [
      [
        -0.2796323404634115,
        0.9601515413748251,
        0.0009821729510776404,
        6.471197756276524
      ],
      [
        -0.960153434097006,
        -0.279627696147181,
        0.0011023171472450855,
        8.073515799071174
      ],
      [
        0.0013336325127713052,
        -0.0006368095630037031,
        1.000005308816738,
        0.8631957966019854
      ],
      [
        0.0,
        0.0,
        0.0,
        1.0
      ]
    ],
    "location": [
      6.471197756276524,
      8.073515799071174,
      0.8631957966019854
    ],
    "rotation": [
      -0.0006368060962367415,
      -0.0013336243717495316,
      -1.8541945388804764
    ]
  },
  {
    "label_id": "ZKnwPv8__s8nBMx_x1Kjmg",
    "size": [
      0.9160450749807155,
      0.6962191468794218,
      1.5799999999999983
    ],
    "obj_class": "pedestrian",
    "point_num_in_lidar": 49,
    "speed": 1.293107475990299,
    "if_vehicle": false,
    "motion_state": true,
    "pose": [
      [
        0.19179578099391204,
        0.9814782761887463,
        0.0009821729510776404,
        32.574543086891936
      ],
      [
        -0.9814778284447743,
        0.19180077615115068,
        0.0011023171472450855,
        -19.362587715346308
      ],
      [
        0.0008931258018242769,
        -0.001177466942537843,
        1.000005308816738,
        1.181380225062071
      ],
      [
        0.0,
        0.0,
        0.0,
        1.0
      ]
    ],
    "location": [
      32.574543086891936,
      -19.362587715346308,
      1.181380225062071
    ],
    "rotation": [
      -0.001177460147466064,
      -0.0008931202038213274,
      -1.3778129970979676
    ]
  },
  {
    "label_id": "Zf_0k6PmuzbSRQRWpdsKQg",
    "size": [
      1.9263009385351693,
      4.30626809851573,
      1.480000000000004
    ],
    "obj_class": "vehicle",
    "point_num_in_lidar": 473,
    "speed": 0.04899426025083933,
    "if_vehicle": true,
    "motion_state": false,
    "pose": [
      [
        -0.9464149482336729,
        -0.32308508785976475,
        0.0009821729510776404,
        22.818459183392406
      ],
      [
        0.32308053459551317,
        -0.9464170505788296,
        0.0011023171472450855,
        9.858373643262894
      ],
      [
        0.0005753900013000452,
        0.0013612598741818576,
        1.000005308816738,
        0.9795533669274619
      ],
      [
        0.0,
        0.0,
        0.0,
        1.0
      ]
    ],
    "location": [
      22.818459183392406,
      9.858373643262894,
      0.9795533669274619
    ],
    "rotation": [
      0.0013612518067375877,
      -0.0005753863500807804,
      2.812623911191061
    ]
  },
  {
    "label_id": "Zfh8PMMz_gcqeqExLpq5tQ",
    "size": [
      1.8903948451336414,
      4.104269830155506,
      1.3600000000000065
    ],
    "obj_class": "vehicle",
    "point_num_in_lidar": 34,
    "speed": 1.1368683772161603e-12,
    "if_vehicle": true,
    "motion_state": false,
    "pose": [
      [
        0.9620080865301878,
        -0.27317699333586726,
        0.0009821729510776404,
        69.21530495004845
      ],
      [
        0.2731819335747019,
        0.9620072227531563,
        0.0011023171472450855,
        10.470325576672622
      ],
      [
        -0.0012480112580163473,
        -0.0007915617464974671,
        1.000005308816738,
        0.8249656107270766
      ],
      [
        0.0,
        0.0,
        0.0,
        1.0
      ]
    ],
    "location": [
      69.21530495004845,
      10.470325576672622,
      0.8249656107270766
    ],
    "rotation": [
      -0.0007915573789432748,
      0.0012480035936840044,
      0.276686753830396
    ]
  },
  {
    "label_id": "aX9TVEEnUmFXUq27-AfHng",
    "size": [
      0.9678677238713217,
      1.0875697848219783,
      1.75
    ],
    "obj_class": "pedestrian",
    "point_num_in_lidar": 424,
    "speed": 1.5893087853968333,
    "if_vehicle": false,
    "motion_state": true,
    "pose": [
      [
        0.974298021714642,
        -0.22545197519745175,
        0.0009821729510776404,
        0.5613517363744904
      ],
      [
        0.2254569519915296,
        0.9742974023672355,
        0.0011023171472450855,
        -9.871024962310912
      ],
      [
        -0.0012074995769913546,
        -0.000852083839900377,
        1.000005308816738,
        0.8273916439696904
      ],
      [
        0.0,
        0.0,
        0.0,
        1.0
      ]
    ],
    "location": [
      0.5613517363744904,
      -9.871024962310912,
      0.8273916439696904
    ],
    "rotation": [
      -0.0008520791101532126,
      0.0012074921414314715,
      0.22740191820340805
    ]
  },
  {
    "label_id": "bRPbYyeLmNMrwlF8n9yZLQ",
    "size": [
      2.302105948534513,
      5.192549817773653,
      1.9400000000000048
    ],
    "obj_class": "vehicle",
    "point_num_in_lidar": 764,
    "speed": 6.821210263296962e-12,
    "if_vehicle": true,
    "motion_state": false,
    "pose": [
      [
        -0.6146368604946241,
        0.7888642202298247,
        0.0009821729510776404,
        8.908707272079482
      ],
      [
        -0.7888676951623504,
        -0.6146332442929642,
        0.0011023171472450855,
        16.74226512398309
      ],
      [
        0.00147455569270175,
        -9.893233937668064e-05,
        1.000005308816738,
        0.8456650028340391
      ],
      [
        0.0,
        0.0,
        0.0,
        1.0
      ]
    ],
    "location": [
      8.908707272079482,
      16.74226512398309,
      0.8456650028340391
    ],
    "rotation": [
      -9.893181384304452e-05,
      -0.001474546788683788,
      -2.2326865092936976
    ]
  },
  {
    "label_id": "bacsewv05EXPBe1OQGzJhA",
    "size": [
      2.156789785948874,
      4.360600259374679,
      1.5200000000000031
    ],
    "obj_class": "vehicle",
    "point_num_in_lidar": 110,
    "speed": 6.629024818318272e-12,
    "if_vehicle": true,
    "motion_state": false,
    "pose": [
      [
        -0.6128052178039547,
        0.7902879179575917,
        0.0009821729510776404,
        5.2708626043386175
      ],
      [
        -0.7902913844919868,
        -0.6128015935509571,
        0.0011023171472450855,
        30.149704819086764
      ],
      [
        0.0014743222241926487,
        -0.00010235271322891461,
        1.000005308816738,
        0.49685166477593157
      ],
      [
        0.0,
        0.0,
        0.0,
        1.0
      ]
    ],
    "location": [
      5.2708626043386175,
      30.149704819086764,
      0.49685166477593157
    ],
    "rotation": [
      -0.00010235216950258944,
      -0.0014743133214153042,
      -2.2303667419492186
    ]
  },
  {
    "label_id": "cYO4m6rhx9nzGUML49utuQ",
    "size": [
      0.9602729161346395,
      0.951385999690697,
      1.6300000000000026
    ],
    "obj_class": "pedestrian",
    "point_num_in_lidar": 363,
    "speed": 0.01408037416416968,
    "if_vehicle": false,
    "motion_state": false,
    "pose": [
      [
        0.987979043333267,
        -0.15486328865092577,
        0.0009821729510776404,
        5.618269188933482
      ],
      [
        0.15486829708304176,
        0.9879787831828436,
        0.0011023171472450855,
        8.418978066227282
      ],
      [
        -0.0011431539664334893,
        -0.000936643532877397,
        1.000005308816738,
        0.7129970290084202
      ],
      [
        0.0,
        0.0,
        0.0,
        1.0
      ]
    ],
    "location": [
      5.618269188933482,
      8.418978066227282,
      0.7129970290084202
    ],
    "rotation": [
      -0.0009366382865333001,
      0.0011431468982847227,
      0.15548733933627354
    ]
  },
  {
    "label_id": "dLoG1yvyIy8G8TNsmqR56Q",
    "size": [
      0.9716897436071911,
      0.9852865102479873,
      1.5899999999999963
    ],
    "obj_class": "pedestrian",
    "point_num_in_lidar": 311,
    "speed": 1.2996311331301336,
    "if_vehicle": false,
    "motion_state": true,
    "pose": [
      [
        0.9999013173314037,
        -0.016810230112078384,
        0.0009821729510776404,
        7.701650676346617
      ],
      [
        0.016815226425462442,
        0.9999017519842208,
        0.0011023171472450855,
        -8.507985748918145
      ],
      [
        -0.0010027097453289419,
        -0.001085668119305362,
        1.000005308816738,
        0.830832954049697
      ],
      [
        0.0,
        0.0,
        0.0,
        1.0
      ]
    ],
    "location": [
      7.701650676346617,
      -8.507985748918145,
      0.830832954049697
    ],
    "rotation": [
      -0.0010856619291799183,
      0.0010027034951859894,
      0.016815300914910247
    ]
  },
  {
    "label_id": "daFVapIqk3sRCYu-k7qglw",
    "size": [
      1.0006606483275282,
      1.0581508909372277,
      1.8399999999999963
    ],
    "obj_class": "pedestrian",
    "point_num_in_lidar": 135,
    "speed": 1.346963290509286,
    "if_vehicle": false,
    "motion_state": true,
    "pose": [
      [
        0.9541291230201546,
        -0.29953771856360323,
        0.0009821729510776404,
        -1.277016055995773
      ],
      [
