[
  {
    "label_id": "-EDgzw9YqjNzbXb8lWuF_g",
    "size": [
      0.7647537580767113,
      1.0695207740712365,
      1.8599999999999994
    ],
    "obj_class": "pedestrian",
    "point_num_in_lidar": 684,
    "speed": 1.3848247091868986,
    "if_vehicle": false,
    "motion_state": true,
    "pose": [
      [
        0.31137237002098744,
        0.9503328244349551,
        0.0009812696863112371,
        8.55744192070415
      ],
      [
        -0.9503317617701265,
        0.3113772705080301,
        0.0011038776217026692,
        -4.292393220195663
      ],
      [
        0.0007428611097452202,
        -0.00127825072129425,
        1.0000053079840243,
        0.934146876386535
      ],
      [
        0.0,
        0.0,
        0.0,
        1.0
      ]
    ],
    "location": [
      8.55744192070415,
      -4.292393220195663,
      0.934146876386535
    ],
    "rotation": [
      -0.0012782432402190613,
      -0.0007428564231471004,
      -1.2541731046322817
    ]
  },
  {
    "label_id": "0FY7FxwLy0hfrhi3NAfiPQ",
    "size": [
      1.8072352523788882,
      3.8913852522382513,
      1.4600000000000009
    ],
    "obj_class": "vehicle",
    "point_num_in_lidar": 119,
    "speed": 2.7964310948146642,
    "if_vehicle": true,
    "motion_state": true,
    "pose": [
      [
        0.29556504946285855,
        0.9553672233999994,
        0.0009812696863112371,
        26.244197081323364
      ],
      [
        -0.9553662421725038,
        0.2955699669034932,
        0.0011038776217026692,
        -33.11083125893492
      ],
      [
        0.0007639629962921409,
        -0.0012657519801120192,
        1.0000053079840243,
        1.4460394961968177
      ],
      [
        0.0,
        0.0,
        0.0,
        1.0
      ]
    ],
    "location": [
      26.244197081323364,
      -33.11083125893492,
      1.4460394961968177
    ],
    "rotation": [
      -0.001265744585602211,
      -0.0007639581806139429,
      -1.270762280875814
    ]
  },
  {
    "label_id": "2EWbspym0T1YkCd3xXEsUA",
    "size": [
      0.7170531407639952,
      0.8462840361255533,
      1.6899999999999977
    ],
    "obj_class": "pedestrian",
    "point_num_in_lidar": 612,
    "speed": 1.4056131677652144,
    "if_vehicle": false,
    "motion_state": true,
    "pose": [
      [
        0.21878186575119357,
        0.9758174651180583,
        0.0009812696863112371,
        7.2445780317139
      ],
      [
        -0.9758168774020077,
        0.21878684557243905,
        0.0011038776217026692,
        1.2037128641240997
      ],
      [
        0.0008620442129041136,
        -0.001201102539277844,
        1.0000053079840243,
        0.852351257358464
      ],
      [
        0.0,
        0.0,
        0.0,
        1.0
      ]
    ],
    "location": [
      7.2445780317139,
      1.2037128641240997,
      0.852351257358464
    ],
    "rotation": [
      -0.0012010955862991762,
      -0.0008620388018789773,
      -1.350239834766452
    ]
  },
  {
    "label_id": "2kx3n6sQg97wQoT2iuuqkw",
    "size": [
      1.9436068624993106,
      4.581826043400449,
      1.470000000000006
    ],
    "obj_class": "vehicle",
    "point_num_in_lidar": 64,
    "speed": 1.1368683772161603e-12,
    "if_vehicle": true,
    "motion_state": false,
    "pose": [
      [
        0.9673891466515028,
        -0.2534629538056465,
        0.0009812696863112371,
        38.073974211925815
      ],
      [
        0.2534679094838105,
        0.9673883816131192,
        0.0011038776217026692,
        3.4862318026134744
      ],
      [
        -0.001231098224643154,
        -0.0008186358751860583,
        1.0000053079840243,
        0.9497576583396494
      ],
      [
        0.0,
        0.0,
        0.0,
        1.0
      ]
    ],
    "location": [
      38.073974211925815,
      3.4862318026134744,
      0.9497576583396494
    ],
    "rotation": [
      -0.0008186313470323406,
      0.00123109065557473,
      0.25625206743561096
    ]
  },
  {
    "label_id": "3NGaBQl276KzZKljja6dOA",
    "size": [
      0.7299292117232196,
      0.694010124373706,
      1.1000000000000014
    ],
    "obj_class": "pedestrian",
    "point_num_in_lidar": 158,
    "speed": 0.0016445852022966174,
    "if_vehicle": false,
    "motion_state": false,
    "pose": [
      [
        0.7398033142554774,
        0.6728865329515947,
        0.0009812696863112371,
        2.6198955988584203
      ],
      [
        -0.672883190317107,
        0.7398070520120874,
        0.0011038776217026692,
        12.678533091937425
      ],
      [
        1.5285232049786392e-05,
        -0.0014783551320783368,
        1.0000053079840243,
        0.7075740511027107
      ],
      [
        0.0,
        0.0,
        0.0,
        1.0
      ]
    ],
    "location": [
      2.6198955988584203,
      12.678533091937425,
      0.7075740511027107
    ],
    "rotation": [
      -0.0014783462080547101,
      -1.528513421235611e-05,
      -0.7380627249481834
    ]
  },
  {
    "label_id": "4JRTQZlhJCGV0xv6XMfMIw",
    "size": [
      2.125651386593598,
      4.668043267308801,
      1.6099999999999994
    ],
    "obj_class": "vehicle",
    "point_num_in_lidar": 119,
    "speed": 6.629024818318272e-12,
    "if_vehicle": true,
    "motion_state": false,
    "pose": [
      [
        0.17524519429648217,
        0.9845681042401253,
        0.0009812696863112371,
        21.038530629732122
      ],
      [
        -0.9845677381804003,
        0.17525019529938865,
        0.0011038776217026692,
        48.92433482968772
      ],
      [
        0.0009145166999582781,
        -0.0011616482859964927,
        1.0000053079840243,
        0.9532368023649269
      ],
      [
        0.0,
        0.0,
        0.0,
        1.0
      ]
    ],
    "location": [
      21.038530629732122,
      48.92433482968772,
      0.9532368023649269
    ],
    "rotation": [
      -0.0011616415975076678,
      -0.0009145109737733119,
      -1.3946490366104833
    ]
  },
  {
    "label_id": "51XfsSndNbxOYol5ZhZdTA",
    "size": [
      1.8797856288791186,
      4.076636714678694,
      1.3999999999999986
    ],
    "obj_class": "vehicle",
    "point_num_in_lidar": 28,
    "speed": 1.6077746776921857e-12,
    "if_vehicle": true,
    "motion_state": false,
    "pose": [
      [
        -0.9803802174108857,
        0.19733185074992493,
        0.0009812696863112371,
        24.61944744421635
      ],
      [
        -0.19733684226106818,
        -0.9803797390320617,
        0.0011038776217026692,
        44.401292365801055
      ],
      [
        0.0011819111178882839,
        0.0008881743321405088,
        1.0000053079840243,
        0.9143275007485272
      ],
      [
        0.0,
        0.0,
        0.0,
        1.0
      ]
    ],
    "location": [
      24.61944744421635,
      44.401292365801055,
      0.9143275007485272
    ],
    "rotation": [
      0.0008881693842076768,
      -0.0011819038278536947,
      -2.9429608324063
    ]
  },
  {
    "label_id": "7fxnDM2wAyQs-FiehwtY8Q",
    "size": [
      0.8262102903315088,
      0.823178729140084,
      1.5499999999999972
    ],
    "obj_class": "pedestrian",
    "point_num_in_lidar": 41,
    "speed": 0.05141072493008086,
    "if_vehicle": false,
    "motion_state": false,
    "pose": [
      [
        -0.7229741865819896,
        0.6909367232584447,
        0.0009812696863112371,
        9.941140246744908
      ],
      [
        -0.6909406856173131,
        -0.7229711135147936,
        0.0011038776217026692,
        -11.296749104913033
      ],
      [
        0.001473666990040335,
        0.00011863025468497441,
        1.0000053079840243,
        0.8022902074786771
      ],
      [
        0.0,
        0.0,
        0.0,
        1.0
      ]
    ],
    "location": [
      9.941140246744908,
      -11.296749104913033,
      0.8022902074786771
    ],
    "rotation": [
      0.00011862962444432901,
      -0.0014736580907452387,
      -2.3788465058568233
    ]
  },
  {
    "label_id": "7tOgwMtQQau9C7cR3nDM_A",
    "size": [
      2.199510998150254,
      4.668562141136059,
      1.6400000000000006
    ],
    "obj_class": "vehicle",
    "point_num_in_lidar": 146,
    "speed": 0.0028167225661174153,
    "if_vehicle": true,
    "motion_state": false,
    "pose": [
      [
        -0.23364860209319943,
        -0.9723649318804641,
        0.0009812696863112371,
        33.33978788314562
      ],
      [
        0.972364268234453,
        -0.23365357236520054,
        0.0011038776217026692,
        -36.139474163079285
      ],
      [
        -0.0008436134667903956,
        0.0012141185500234542,
        1.0000053079840243,
        1.407865348244627
      ],
      [
        0.0,
        0.0,
        0.0,
        1.0
      ]
    ],
    "location": [
      33.33978788314562,
      -36.139474163079285,
      1.407865348244627
    ],
    "rotation": [
      0.0012141115089749713,
      0.0008436081670345219,
      1.8066147096863432
    ]
  },
  {
    "label_id": "C4lVCY0U7eKSegXd8LC_FQ",
    "size": [
      0.9018772145063791,
      0.944866519994953,
      1.3999999999999986
    ],
    "obj_class": "pedestrian",
    "point_num_in_lidar": 59,
    "speed": 0.002311213464032196,
    "if_vehicle": false,
    "motion_state": false,
    "pose": [
      [
        0.17203485110140695,
        0.9851341228571482,
        0.0009812696863112371,
        34.09251960743859
      ],
      [
        -0.9851337731012159,
        0.1720398532709943,
        0.0011038776217026692,
        17.996745716220175
      ],
      [
        0.000918298484425099,
        -0.001158661049817304,
        1.0000053079840243,
        1.0056846037082323
      ],
      [
        0.0,
        0.0,
        0.0,
        1.0
      ]
    ],
    "location": [
      34.09251960743859,
      17.996745716220175,
      1.0056846037082323
    ],
    "rotation": [
      -0.0011586543812052267,
      -0.0009182927356215591,
      -1.3979087620934345
    ]
  },
  {
    "label_id": "CpPxlJb2rlUaBE-2xJoBWw",
    "size": [
      0.7881720904085787,
      0.994941850972178,
      1.8900000000000006
    ],
    "obj_class": "pedestrian",
    "point_num_in_lidar": 213,
    "speed": 1.403497696791339,
    "if_vehicle": false,
    "motion_state": true,
    "pose": [
      [
        -0.26874207833295244,
        -0.9632564172349394,
        0.0009812696863112371,
        9.72865103426011
      ],
      [
        0.9632555738588418,
        -0.2687470212821279,
        0.0011038776217026692,
        -5.132217878861411
      ],
      [
        -0.0007990487403945531,
        0.0012439005769493952,
        1.0000053079840243,
        0.9445897476042546
      ],
      [
        0.0,
        0.0,
        0.0,
        1.0
      ]
    ],
    "location": [
      9.72865103426011,
      -5.132217878861411,
      0.9445897476042546
    ],
    "rotation": [
      0.0012438933328331166,
      0.0007990437108547405,
      1.8428714921510994
    ]
  },
  {
    "label_id": "DnS7Up19TsoNk12Ymz9Ndg",
    "size": [
      1.9636513337578758,
      4.880426123448928,
      1.5200000000000031
    ],
    "obj_class": "vehicle",
    "point_num_in_lidar": 619,
    "speed": 1.5998890325496387,
    "if_vehicle": true,
    "motion_state": true,
    "pose": [
      [
        -0.1811141130769323,
        -0.9835054184168801,
        0.0009812696863112371,
        17.13911682201433
      ],
      [
        0.9835050225373215,
        -0.181119111807688,
        0.0011038776217026692,
        21.879489706661843
      ],
      [
        -0.000907572280459678,
        0.0011670818697085412,
        1.0000053079840243,
        0.8363517642764009
      ],
      [
        0.0,
        0.0,
        0.0,
        1.0
      ]
    ],
    "location": [
      17.13911682201433,
      21.879489706661843,
      0.8363517642764009
    ],
    "rotation": [
      0.0011670751450120482,
      0.0009075665958427924,
      1.7529077323887872
    ]
  },
  {
    "label_id": "EMpodh1TjmNyW98IZUh2MA",
    "size": [
      2.173720317630712,
      4.530987525728997,
      1.8900000000000006
    ],
    "obj_class": "vehicle",
    "point_num_in_lidar": 258,
    "speed": 2.5421149729252077e-12,
    "if_vehicle": true,
    "motion_state": false,
    "pose": [
      [
        -0.6127237518281874,
        0.7903510827199491,
        0.0009812696863112371,
        16.576357195488526
      ],
      [
        -0.7903545464914661,
        -0.6127201260432142,
        0.0011038776217026692,
        -18.11345606417308
      ],
      [
        0.0014749914854398194,
        -0.00010083477942259476,
        1.0000053079840243,
        0.8932764402622979
      ],
      [
        0.0,
        0.0,
        0.0,
        1.0
      ]
    ],
    "location": [
      16.576357195488526,
      -18.11345606417308,
      0.8932764402622979
    ],
    "rotation": [
      -0.0001008342438542919,
      -0.001474982579106333,
      -2.2302636634372797
    ]
  },
  {
    "label_id": "FRk_wv4gWEdPQOAxAVKlJw",
    "size": [
      2.037549030955153,
      4.4473342942274545,
      1.3600000000000065
    ],
    "obj_class": "vehicle",
    "point_num_in_lidar": 93,
    "speed": 0.00158865932004314,
    "if_vehicle": true,
    "motion_state": false,
    "pose": [
      [
        -0.9749268394490109,
        0.22271705757074092,
        0.0009812696863112371,
        34.699532042082865
      ],
      [
        -0.22272203498029414,
        -0.9749262316464667,
        0.0011038776217026692,
        12.985086116757884
      ],
      [
        0.001204570713719541,
        0.000857191303333374,
        1.0000053079840243,
        0.9557955594978012
      ],
      [
        0.0,
        0.0,
        0.0,
        1.0
      ]
    ],
    "location": [
      34.699532042082865,
      12.985086116757884,
      0.9557955594978012
    ],
    "rotation": [
      0.0008571865434550853,
      -0.001204563294776777,
      -2.9169968892074394
    ]
  },
  {
    "label_id": "GsCzF8GSnnWdvaGVsW2nYA",
    "size": [
      0.9597441527192101,
      0.9549516162441378,
      1.7999999999999972
    ],
    "obj_class": "pedestrian",
    "point_num_in_lidar": 448,
    "speed": 1.3266213333276626,
    "if_vehicle": false,
    "motion_state": true,
    "pose": [
      [
        0.9809111965686969,
        -0.19467525383872802,
        0.0009812696863112371,
        -0.7338253893103683
      ],
      [
        0.1946802466274948,
        0.9809107317137482,
        0.0011038776217026692,
        -9.043423426934169
      ],
      [
        -0.0011795006960403876,
        -0.0008913728977826327,
        1.0000053079840243,
        0.8169543412803932
      ],
      [
        0.0,
        0.0,
        0.0,
        1.0
      ]
    ],
    "location": [
      -0.7338253893103683,
      -9.043423426934169,
      0.8169543412803932
    ],
    "rotation": [
      -0.0008913679303397,
      0.0011794934197543615,
      0.1959227985061231
    ]
  },
  {
    "label_id": "IlvD3LQihY_gza6wNBNkbw",
    "size": [
      2.2304143002019634,
      4.640428889590738,
      1.6000000000000014
    ],
    "obj_class": "vehicle",
    "point_num_in_lidar": 61,
    "speed": 2.5421149729252077e-12,
    "if_vehicle": true,
    "motion_state": false,
    "pose": [
      [
        -0.5955747045165467,
        0.8033529743213964,
        0.0009812696863112371,
        17.02719780364714
      ],
      [
        -0.803356359269417,
        -0.5955710050359493,
        0.0011038776217026692,
        -22.7356223210154
      ],
      [
        0.0014724801381097066,
        -0.0001325510382214861,
        1.0000053079840243,
        0.773662810960559
      ],
      [
        0.0,
        0.0,
        0.0,
        1.0
      ]
    ],
    "location": [
      17.02719780364714,
      -22.7356223210154,
      0.773662810960559
    ],
    "rotation": [
      -0.00013255033387014233,
      -0.0014724712451237567,
      -2.2087436068605357
    ]
  },
  {
    "label_id": "JKMgfkGQyJGWNzwnfDn1zw",
    "size": [
      0.8008319961445143,
      0.0756255792536936,
      0.7500000000000071
    ],
    "obj_class": "sign",
    "point_num_in_lidar": 42,
    "speed": 3.5950934718225418e-12,
    "if_vehicle": false,
    "motion_state": false,
    "pose": [
      [
        0.24050366511375953,
        0.9706921330050299,
        0.0009812696863112371,
        28.18097114434204
      ],
      [
        -0.9706914343059523,
        0.24050863057943683,
        0.0011038776217026692,
        -5.51813813791523
      ],
      [
        0.0008350258057665938,
        -0.001220040752829605,
        1.0000053079840243,
        2.865219625411669
      ],
      [
        0.0,
        0.0,
        0.0,
        1.0
      ]
    ],
    "location": [
      28.18097114434204,
      -5.51813813791523,
      2.865219625411669
    ],
    "rotation": [
      -0.0012200336715740088,
      -0.0008350205579540054,
      -1.3279220037430124
    ]
  },
  {
    "label_id": "JoKbZ8BD1ksyS72fvT2i7A",
    "size": [
      2.0651476504465673,
      4.299376155488723,
      1.720000000000006
    ],
    "obj_class": "vehicle",
    "point_num_in_lidar": 62,
    "speed": 2.5421149729252077e-12,
    "if_vehicle": true,
    "motion_state": false,
    "pose": [
      [
        -0.5430101336471401,
        0.8397768898746387,
        0.0009812696863112371,
        16.857041868948727
      ],
      [
        -0.8397800314468833,
        -0.543006225379797,
        0.0011038776217026692,
        69.86738871853595
      ],
      [
        0.0014609972856658117,
        -0.00022639449228791235,
        1.0000053079840243,
        0.5769047836171239
      ],
      [
        0.0,
        0.0,
        0.0,
        1.0
      ]
    ],
    "location": [
      16.857041868948727,
      69.86738871853595,
      0.5769047836171239
    ],
    "rotation": [
      -0.00022639328672809474,
      -0.001460988453828033,
      -2.144784699071599
    ]
  },
  {
    "label_id": "K-eppQ_Y2mxaYi38LjA21Q",
    "size": [
      2.1091266235354773,
      4.81993915668481,
      1.500000000000007
    ],
    "obj_class": "vehicle",
    "point_num_in_lidar": 51,
    "speed": 7.379763979359279,
    "if_vehicle": true,
    "motion_state": true,
    "pose": [
      [
        -0.9775606588093582,
        0.21085632160127388,
        0.0009812696863112371,
        58.889443967695115
      ],
      [
        -0.2108613060276295,
        -0.9775601115217751,
        0.0011038776217026692,
        14.368722484417958
      ],
      [
        0.0011940678747581607,
        0.0008717622642278672,
        1.0000053079840243,
        0.9153281070315415
      ],
      [
        0.0,
        0.0,
        0.0,
        1.0
      ]
    ],
    "location": [
      58.889443967695115,
      14.368722484417958,
      0.9153281070315415
    ],
    "rotation": [
      0.000871757416118313,
      -0.0011940605154888042,
      -2.92914607899352
    ]
  },
  {
    "label_id": "KbMLXJEn2w0pC4MSAuldSQ",
    "size": [
      1.9351478814685106,
      4.515592189324639,
      1.4500000000000028
    ],
    "obj_class": "vehicle",
    "point_num_in_lidar": 41,
    "speed": 2.5421149729252077e-12,
    "if_vehicle": true,
    "motion_state": false,
    "pose": [
      [
        -0.9801358197441462,
        0.19854219920580254,
        0.0009812696863112371,
        40.99651541307685
      ],
      [
        -0.1985471901224752,
        -0.9801353352025488,
        0.0011038776217026692,
        14.428903013300442
      ],
      [
        0.0011830068670177112,
        0.0008867143212163136,
        1.0000053079840243,
        0.9226096738309479
      ],
      [
        0.0,
        0.0,
        0.0,
        1.0
      ]
    ],
    "location": [
      40.99651541307685,
      14.428903013300442,
      0.9226096738309479
    ],
    "rotation": [
      0.0008867093821829786,
      -0.001182999570735458,
      -2.9417261100043355
    ]
  },
  {
    "label_id": "LinZfU-zluGcqLzAeStW8g",
    "size": [
      0.505479031820017,
      0.10862760562286883,
      0.4322335325982465
    ],
    "obj_class": "sign",
    "point_num_in_lidar": 33,
    "speed": 0.0005837162553714083,
    "if_vehicle": false,
    "motion_state": false,
    "pose": [
      [
        0.19461671846314266,
        0.980922811899919,
        0.0009812696863112371,
        4.680311237381829
      ],
      [
        -0.9809223473429115,
        0.19462171127964037,
        0.0011038776217026692,
        20.930600984254852
      ],
      [
        0.0008914432818814726,
        -0.0011794475020320107,
        1.0000053079840243,
        2.9169398850948483
      ],
      [
        0.0,
        0.0,
        0.0,
        1.0
      ]
    ],
    "location": [
      4.680311237381829,
      20.930600984254852,
      2.9169398850948483
    ],
    "rotation": [
      -0.001179440694677513,
      -0.0008914376939782557,
      -1.3749380090830132
    ]
  },
  {
    "label_id": "MMD9C-pfI8EcfG-gPi3gJQ",
    "size": [
      1.8487968183696786,
      4.512174364374527,
      1.730000000000004
    ],
    "obj_class": "vehicle",
    "point_num_in_lidar": 865,
    "speed": 1.0562573172517147,
    "if_vehicle": true,
    "motion_state": true,
    "pose": [
      [
        0.2663923353377144,
        0.9639088928339259,
        0.0009812696863112371,
        20.361634682747535
      ],
      [
        -0.9639080615139392,
        0.2663972803288036,
        0.0011038776217026692,
        -9.961070701792778
      ],
      [
        0.0008020796719403828,
        -0.001241948362340871,
        1.0000053079840243,
        0.9598369525517683
      ],
      [
        0.0,
        0.0,
        0.0,
        1.0
      ]
    ],
    "location": [
      20.361634682747535,
      -9.961070701792778,
      0.9598369525517683
    ],
    "rotation": [
      -0.00124194113160271,
      -0.0008020746239713713,
      -1.301159713878785
    ]
  },
  {
    "label_id": "MV_5Q0rxAuIpiIi20l_8Sw",
    "size": [
      2.0720693563981456,
      4.341091663754647,
      1.8400000000000034
    ],
    "obj_class": "vehicle",
    "point_num_in_lidar": 61,
    "speed": 0.0033071543051015435,
    "if_vehicle": true,
    "motion_state": false,
    "pose": [
      [
        -0.26454777857983236,
        -0.9644167682384427,
        0.0009812696863112371,
        11.656207382911816
      ],
      [
        0.9644159463803174,
        -0.26455272515228356,
        0.0011038776217026692,
        57.27375576999475
      ],
      [
        -0.0008044541950669929,
        0.001240411618334931,
        1.0000053079840243,
        0.44559583045133877
      ],
      [
        0.0,
        0.0,
        0.0,
        1.0
      ]
    ],
    "location": [
      11.656207382911816,
      57.27375576999475,
      0.44559583045133877
    ],
    "rotation": [
      0.0012404043981210952,
      0.0008044491326651374,
      1.8385198187853544
    ]
  },
  {
    "label_id": "Nd72enoaUv9l45M43pbdYw",
    "size": [
      0.9619118223230909,
      0.7962712858776171,
      1.6499999999999986
    ],
    "obj_class": "pedestrian",
    "point_num_in_lidar": 392,
    "speed": 0.0020826575594326507,
    "if_vehicle": false,
    "motion_state": false,
    "pose": [
      [
        0.9771168612711093,
        -0.21290342747523325,
        0.0009812696863112371,
        5.596895110713376
      ],
      [
        0.21290841074432326,
        0.9771163035445012,
        0.0011038776217026692,
        7.619242937740637
      ],
      [
        -0.0011958912217922718,
        -0.0008692592941702441,
        1.0000053079840243,
        0.7160163179613619
      ],
      [
        0.0,
        0.0,
        0.0,
        1.0
      ]
    ],
    "location": [
      5.596895110713376,
      7.619242937740637,
      0.7160163179613619
    ],
    "rotation": [
      -0.0008692544612430373,
      0.0011958838521538228,
      0.2145411419483105
    ]
  },
  {
    "label_id": "Rq5V6L3mDygKo0QPfbHovw",
    "size": [
      1.8888181910795176,
      4.636756789517779,
      1.3600000000000065
    ],
    "obj_class": "vehicle",
    "point_num_in_lidar": 1212,
    "speed": 2.0310952269797373,
    "if_vehicle": true,
    "motion_state": true,
    "pose": [
      [
        0.2651288744285305,
        0.9642571804011969,
        0.0009812696863112371,
        18.39125249369681
      ],
      [
        -0.9642563555624866,
        0.2651338205048435,
        0.0011038776217026692,
        -0.9346508512026048
      ],
      [
        0.0008037065945500072,
        -0.0012408961458309053,
        1.0000053079840243,
        0.8396860428131276
      ],
      [
        0.0,
        0.0,
        0.0,
        1.0
      ]
    ],
    "location": [
      18.39125249369681,
      -0.9346508512026048,
      0.8396860428131276
    ],
    "rotation": [
      -0.0012408889222994366,
      -0.0008037015366917341,
      -1.302470247670387
    ]
  },
  {
    "label_id": "SQQ6HVe8YtnoiVO4yfPY2Q",
    "size": [
      1.927476705803067,
      4.326488639833419,
      1.3500000000000014
    ],
    "obj_class": "vehicle",
    "point_num_in_lidar": 206,
    "speed": 3.5950934718225418e-12,
    "if_vehicle": true,
    "motion_state": false,
    "pose": [
      [
        -0.20668110603083523,
        -0.9784519152318507,
        0.0009812696863112371,
        29.323320100622368
      ],
      [
        0.978451389228218,
        -0.2066860927481895,
        0.0011038776217026692,
        -18.48138169885351
      ],
      [
        -0.0008768519030441636,
        0.0011903353624038028,
        1.0000053079840243,
        0.8905478490410133
      ],
      [
        0.0,
        0.0,
        0.0,
        1.0
      ]
    ],
    "location": [
      29.323320100622368,
      -18.48138169885351,
      0.8905478490410133
    ],
    "rotation": [
      0.0011903284819709758,
      0.000876846402834555,
      1.7789690352906808
    ]
  },
  {
    "label_id": "UMM0XzCyaXFdt743gKi7vA",
    "size": [
      2.0189343276476257,
      4.470248932210846,
      1.7100000000000009
    ],
    "obj_class": "vehicle",
    "point_num_in_lidar": 113,
    "speed": 0.306053757407436,
    "if_vehicle": true,
    "motion_state": false,
    "pose": [
      [
        -0.26114173269273666,
        -0.9653446148693436,
        0.0009812696863112371,
        17.368892139187665
      ],
      [
        0.9653438104777727,
        -0.26114668213553305,
        0.0011038776217026692,
        32.207116909987235
      ],
      [
        -0.0008088278442064037,
        0.00123756416128522,
        1.0000053079840243,
        0.7967794508147108
      ],
      [
        0.0,
        0.0,
        0.0,
        1.0
      ]
    ],
    "location": [
      17.368892139187665,
      32.207116909987235,
      0.7967794508147108
    ],
    "rotation": [
      0.0012375569605565916,
      0.0008088227552324829,
      1.8349897974247293
    ]
  },
  {
    "label_id": "Wc72pGuPCXfpIpqhr-sJew",
    "size": [
      0.9748219167153306,
      1.4516448810316316,
      1.6099999999999994
    ],
    "obj_class": "pedestrian",
    "point_num_in_lidar": 180,
    "speed": 1.4045512492549808,
    "if_vehicle": false,
    "motion_state": true,
    "pose": [
      [
        0.9828343348811619,
        -0.1847211416966403,
        0.0009812696863112371,
        13.11843370263523
      ],
      [
        0.1847261389413669,
        0.9828339206651131,
        0.0011038776217026692,
        11.765657960975659
      ],
      [
        -0.0011704036822071152,
        -0.0009032844267102057,
        1.0000053079840243,
        0.9487895617155573
      ],
      [
        0.0,
        0.0,
        0.0,
        1.0
      ]
    ],
    "location": [
      13.11843370263523,
      11.765657960975659,
      0.9487895617155573
    ],
    "rotation": [
      -0.000903279386450275,
      0.0011703964578702523,
      0.18578501537398423
    ]
  },
  {
    "label_id": "XOGZVIJgjh_BcRiES2OlFA",
    "size": [
      2.283312690550051,
      5.01776074174188,
      1.7999999999999972
    ],
    "obj_class": "vehicle",
    "point_num_in_lidar": 55,
    "speed": 2.2737367544323206e-12,
    "if_vehicle": true,
    "motion_state": false,
    "pose": [
      [
        -0.9781410305595288,
        0.2081474341589369,
        0.0009812696863112371,
        63.74672012505471
      ],
      [
        -0.20815242008228504,
        -0.9781404970821067,
        0.0011038776217026692,
        19.87463532618858
      ],
      [
        0.0011916483016335812,
        0.0008750667746377821,
        1.0000053079840243,
        0.9871928798755789
      ],
      [
        0.0,
        0.0,
        0.0,
        1.0
      ]
    ],
    "location": [
      63.74672012505471,
      19.87463532618858,
      0.9871928798755789
    ],
    "rotation": [
      0.0008750619064672161,
      -0.0011916409561300904,
      -2.9319163189175246
    ]
  },
  {
    "label_id": "XzMQXo511mOTZ9b8qsu5-g",
    "size": [
      1.737245381158878,
      3.7302123275017713,
      1.2000000000000028
    ],
    "obj_class": "vehicle",
    "point_num_in_lidar": 25,
    "speed": 0.002525323870623491,
    "if_vehicle": true,
    "motion_state": false,
    "pose": [
      [
        -0.710907177792308,
        0.7033464399386563,
        0.0009812696863112371,
        17.86725758623652
      ],
      [
        -0.7033503485154344,
        -0.7109040366050541,
        0.0011038776217026692,
        66.29851330498786
      ],
      [
        0.0014754994921853826,
        9.310630173007243e-05,
        1.0000053079840243,
        0.3599462563877296
      ],
      [
        0.0,
        0.0,
        0.0,
        1.0
      ]
    ],
    "location": [
      17.86725758623652,
      66.29851330498786,
      0.3599462563877296
    ],
    "rotation": [
      9.310580725689834e-05,
      -0.0014754905831530266,
      -2.3615377584578785
    ]
  },
  {
    "label_id": "Z9OsRYR58DxyfT5G8nd1sw",
    "size": [
      0.9114227453912246,
      0.9160872246739158,
      1.9500000000000028
    ],
    "obj_class": "pedestrian",
    "point_num_in_lidar": 533,
    "speed": 0.021877436638841494,
    "if_vehicle": false,
    "motion_state": false,
    "pose": [
      [
        -0.2805206004070736,
        0.9598924016566966,
        0.0009812696863112371,
        6.4742216848317184
      ],
      [
        -0.9598942960217047,
        -0.2805159576265479,
        0.0011038776217026692,
        8.073082402610453
      ],
      [
        0.0013354655576894628,
        -0.0006342706670549537,
        1.0000053079840243,
        0.863238452142923
      ],
      [
        0.0,
        0.0,
        0.0,
        1.0
      ]
    ],
    "location": [
      6.4742216848317184,
      8.073082402610453,
      0.863238452142923
    ],
    "rotation": [
      -0.0006342672153200871,
      -0.0013354574065670148,
      -1.8551197860123656
    ]
  },
  {
    "label_id": "ZKnwPv8__s8nBMx_x1Kjmg",
    "size": [
      0.9160450749741039,
      0.6962191468794218,
      1.5799999999999983
    ],
    "obj_class": "pedestrian",
    "point_num_in_lidar": 44,
    "speed": 1.300689623710988,
    "if_vehicle": false,
    "motion_state": true,
    "pose": [
      [
        0.16121127318239084,
        0.9869630972888088,
        0.0009812696863112371,
        32.59723588423367
      ],
      [
        -0.9869628024596996,
        0.16121627888969248,
        0.0011038776217026692,
        -19.49580048610369
      ],
      [
        0.0009309610769302669,
        -0.0011485116490928626,
        1.0000053079840243,
        1.1670691495520487
      ],
      [
        0.0,
        0.0,
        0.0,
        1.0
      ]
    ],
    "location": [
      32.59723588423367,
      -19.49580048610369,
      1.1670691495520487
    ],
    "rotation": [
      -0.0011485050478596418,
      -0.0009309552524886103,
      -1.4088853829184007
    ]
  },
  {
    "label_id": "Zf_0k6PmuzbSRQRWpdsKQg",
    "size": [
      1.9263009385262757,
      4.30626809851573,
      1.480000000000004
    ],
    "obj_class": "vehicle",
    "point_num_in_lidar": 473,
    "speed": 0.022525410053577187,
    "if_vehicle": true,
    "motion_state": false,
    "pose": [
      [
        -0.9463357356287773,
        -0.3233170355594444,
        0.0009812696863112371,
        22.818459183399682
      ],
      [
        0.32331248247420324,
        -0.9463378364487552,
        0.0011038776217026692,
        9.858373643277446
      ],
      [
        0.0005736971380817008,
        0.0013625854573633292,
        1.0000053079840243,
        0.9795533669274619
      ],
      [
        0.0,
        0.0,
        0.0,
        1.0
      ]
    ],
    "location": [
      22.818459183399682,
      9.858373643277446,
      0.9795533669274619
    ],
    "rotation": [
      0.0013625773815577555,
      -0.0005736934974187473,
      2.8123788203658022
    ]
  },
  {
    "label_id": "Zfh8PMMz_gcqeqExLpq5tQ",
    "size": [
      1.890394845133642,
      4.104269830155506,
      1.3600000000000065
    ],
    "obj_class": "vehicle",
    "point_num_in_lidar": 38,
    "speed": 1.1368683772161603e-12,
    "if_vehicle": true,
    "motion_state": false,
    "pose": [
      [
        0.9620080880652359,
        -0.27317699117618865,
        0.0009812696863112371,
        69.21530495005572
      ],
      [
        0.27318193018743625,
        0.9620072219257036,
        0.0011038776217026692,
        10.470325576687173
      ],
      [
        -0.0012475686289175748,
        -0.0007933095555972388,
        1.0000053079840243,
        0.8249656107270766
      ],
      [
        0.0,
        0.0,
        0.0,
        1.0
      ]
    ],
    "location": [
      69.21530495005572,
      10.470325576687173,
      0.8249656107270766
    ],
    "rotation": [
      -0.0007933051783273633,
      0.001247560967073845,
      0.27668675015279504
    ]
  },
  {
    "label_id": "aX9TVEEnUmFXUq27-AfHng",
    "size": [
      0.9678677238680755,
      1.0875697848219783,
      1.75
    ],
    "obj_class": "pedestrian",
    "point_num_in_lidar": 445,
    "speed": 1.5883231308117014,
    "if_vehicle": false,
    "motion_state": true,
    "pose": [
      [
        0.9770461792770562,
        -0.21322756287851866,
        0.0009812696863112371,
        0.7149638709233841
      ],
      [
        0.2132325459623152,
        0.9770456198973374,
        0.0011038776217026692,
        -9.822951060996274
      ],
      [
        -0.0011961795226170266,
        -0.0008688625233792,
        1.0000053079840243,
        0.8301417768085457
      ],
      [
        0.0,
        0.0,
        0.0,
        1.0
      ]
    ],
    "location": [
      0.7149638709233841,
      -9.822951060996274,
      0.8301417768085457
    ],
    "rotation": [
      -0.0008688576928576979,
      0.0011961721513394194,
      0.21487287975378386
    ]
  },
  {
    "label_id": "bRPbYyeLmNMrwlF8n9yZLQ",
    "size": [
      2.302105948534511,
      5.192549817773653,
      1.9400000000000048
    ],
    "obj_class": "vehicle",
    "point_num_in_lidar": 772,
    "speed": 6.821210263296962e-12,
    "if_vehicle": true,
    "motion_state": false,
    "pose": [
      [
        -0.6146368630092084,
        0.7888642193946975,
        0.0009812696863112371,
        8.908707272086758
      ],
      [
        -0.7888676919408153,
        -0.614633245627109,
        0.0011038776217026692,
        16.74226512398309
      ],
      [
        0.0014752314646505882,
        -9.726078637378965e-05,
        1.0000053079840243,
        0.8456650028340391
      ],
      [
        0.0,
        0.0,
        0.0,
        1.0
      ]
    ],
    "location": [
      8.908707272086758,
      16.74226512398309,
      0.8456650028340391
    ],
    "rotation": [
      -9.726026981114988e-05,
      -0.0014752225570421253,
      -2.232686513257087
    ]
  },
  {
    "label_id": "bacsewv05EXPBe1OQGzJhA",
    "size": [
      2.1567897859488725,
      4.360600259374679,
      1.5200000000000031
    ],
    "obj_class": "vehicle",
    "point_num_in_lidar": 104,
    "speed": 6.629024818318272e-12,
    "if_vehicle": true,
    "motion_state": false,
    "pose": [
      [
        -0.6128052203204695,
        0.7902879171283,
        0.0009812696863112371,
        5.2708626043386175
      ],
      [
        -0.7902913812735554,
        -0.6128015948925716,
        0.0011038776217026692,
        30.149704819086764
      ],
      [
        0.001475001871953028,
        -0.0001006827323637213,
        1.0000053079840243,
        0.4968516647757042
      ],
      [
        0.0,
        0.0,
        0.0,
        1.0
      ]
    ],
    "location": [
      5.2708626043386175,
      30.149704819086764,
      0.4968516647757042
    ],
    "rotation": [
      -0.00010068219760402113,
      -0.001474992965564358,
      -2.230366745909911
    ]
  },
  {
    "label_id": "cYO4m6rhx9nzGUML49utuQ",
    "size": [
      0.96027291612872,
      0.951385999690697,
      1.6300000000000026
    ],
    "obj_class": "pedestrian",
    "point_num_in_lidar": 369,
    "speed": 0.01408037416827583,
    "if_vehicle": false,
    "motion_state": false,
    "pose": [
      [
        0.9881957715694348,
        -0.15347425537625325,
        0.0009812696863112371,
        5.616866655880585
      ],
      [
        0.153479263239692,
        0.9881955159651072,
        0.0011038776217026692,
        8.4190983577937
      ],
      [
        -0.001141183064432061,
        -0.0009399301826809341,
        1.0000053079840243,
        0.7129765731101543
      ],
      [
        0.0,
        0.0,
        0.0,
        1.0
      ]
    ],
    "location": [
      5.616866655880585,
      8.4190983577937,
      0.7129765731101543
    ],
    "rotation": [
      -0.0009399249167779297,
      0.0011411760076131382,
      0.15408156019680264
    ]
  },
  {
    "label_id": "dLoG1yvyIy8G8TNsmqR56Q",
    "size": [
      0.9716897436012409,
      0.9852865102479873,
      1.5899999999999963
    ],
    "obj_class": "pedestrian",
    "point_num_in_lidar": 306,
    "speed": 1.28003386819938,
    "if_vehicle": false,
    "motion_state": true,
    "pose": [
      [
        1.0000306699360098,
        0.004887657756169855,
        0.0009812696863112371,
        7.845276927509985
      ],
      [
        -0.004882672571905042,
        1.0000312102763087,
        0.0011038776217026692,
        -8.500561634326004
      ],
      [
        -0.0009780081379066137,
        -0.0011087234177420482,
        1.0000053079840243,
        0.8331567148122758
      ],
      [
        0.0,
        0.0,
        0.0,
        1.0
      ]
    ],
    "location": [
      7.845276927509985,
      -8.500561634326004,
      0.8331567148122758
    ],
    "rotation": [
      -0.0011087170783887353,
      0.000978002033760008,
      -0.004882484027596062
    ]
  },
  {
    "label_id": "daFVapIqk3sRCYu-k7qglw",
    "size": [
      1.000660648330437,
      1.0581508909372277,
      1.8399999999999963
    ],
    "obj_class": "pedestrian",
    "point_num_in_lidar": 168,
    "speed": 1.3497210364806558,
    "if_vehicle": false,
    "motion_state": true,
    "pose": [
      [
        0.9531054790925672,
        -0.3027790873470851,
        0.0009812696863112371,
        -1.147914505098015
      ],
      [
        0.30278399722921123,
        0.9531044607177348,
        0.0011038776217026692,
        -10.688029734781594
      ],
      [
        -0.0012714912959676168,
        -0.0007543722019929973,
        1.0000053079840243,
        0.8412899142647348
      ],
      [
        0.0,
        0.0,
        0.0,
        1.0
      ]
    ],
    "location": [
      -1.147914505098015,
      -10.688029734781594,
      0.8412899142647348
    ],
    "rotation": [
      -0.0007543680547222538,
      0.0012714834999750675,
      0.3075984107497844
    ]
  },
  {
    "label_id": "ddMwVIAt8FnO44pcvte6-A",
    "size": [
      2.2121550330154554,
      4.986721131151553,
      1.8500000000000014
    ],
    "obj_class": "vehicle",
    "point_num_in_lidar": 313,
    "speed": 1.8437558453688547,
    "if_vehicle": true,
    "motion_state": true,
    "pose": [
      [
        0.25023295454535166,
        0.9682296723766062,
        0.0009812696863112371,
        21.79853900998569
      ],
      [
