[
  {
    "label_id": "-EDgzw9YqjNzbXb8lWuF_g",
    "size": [
      0.764753758069233,
      1.0695207740712365,
      1.8599999999999994
    ],
    "obj_class": "pedestrian",
    "point_num_in_lidar": 765,
    "speed": 1.5099682546246957,
    "if_vehicle": false,
    "motion_state": true,
    "pose": [
      [
        0.233669953096959,
        0.972359698552746,
        0.0010782167135693565,
        8.129612413882569
      ],
      [
        -0.9723592321566387,
        0.23367496858028397,
        0.0010066095081455264,
        -2.780949625375797
      ],
      [
        0.0007263623912904605,
        -0.0012856701140482587,
        1.000005310592795,
        0.9054389696137832
      ],
      [
        0.0,
        0.0,
        0.0,
        1.0
      ]
    ],
    "location": [
      8.129612413882569,
      -2.780949625375797,
      0.9054389696137832
    ],
    "rotation": [
      -0.0012856625780442667,
      -0.0007263578058457682,
      -1.3349560081210539
    ]
  },
  {
    "label_id": "0FY7FxwLy0hfrhi3NAfiPQ",
    "size": [
      1.8072352523751516,
      3.8913852522382513,
      1.4600000000000009
    ],
    "obj_class": "vehicle",
    "point_num_in_lidar": 151,
    "speed": 3.0909057040451433,
    "if_vehicle": true,
    "motion_state": true,
    "pose": [
      [
        0.2640858876952159,
        0.9645432464488837,
        0.0010782167135693565,
        25.2633849374688
      ],
      [
        -0.9645426228014359,
        0.2640908860611661,
        0.0010066095081455264,
        -29.91144560754765
      ],
      [
        0.0006856354496518665,
        -0.0013078432611818348,
        1.000005310592795,
        1.3356422686459837
      ],
      [
        0.0,
        0.0,
        0.0,
        1.0
      ]
    ],
    "location": [
      25.2633849374688,
      -29.91144560754765,
      1.3356422686459837
    ],
    "rotation": [
      -0.0013078355701397865,
      -0.0006856311147405345,
      -1.3035517616197347
    ]
  },
  {
    "label_id": "2EWbspym0T1YkCd3xXEsUA",
    "size": [
      0.7170531407562748,
      0.8462840361255533,
      1.6899999999999977
    ],
    "obj_class": "pedestrian",
    "point_num_in_lidar": 594,
    "speed": 1.3649403489100884,
    "if_vehicle": false,
    "motion_state": true,
    "pose": [
      [
        0.3458237509258272,
        0.9383447999778723,
        0.0010782167135693565,
        6.850777901665424
      ],
      [
        -0.93834375001243,
        0.345828677402345,
        0.0010066095081455264,
        2.655850446957629
      ],
      [
        0.0005709610402808493,
        -0.001361819905905134,
        1.000005310592795,
        0.8172014725342933
      ],
      [
        0.0,
        0.0,
        0.0,
        1.0
      ]
    ],
    "location": [
      6.850777901665424,
      2.655850446957629,
      0.8172014725342933
    ],
    "rotation": [
      -0.001361811832030971,
      -0.0005709574166830553,
      -1.2176950700603728
    ]
  },
  {
    "label_id": "2kx3n6sQg97wQoT2iuuqkw",
    "size": [
      1.9436068624993128,
      4.581826043400449,
      1.470000000000006
    ],
    "obj_class": "vehicle",
    "point_num_in_lidar": 41,
    "speed": 1.1368683772161603e-12,
    "if_vehicle": true,
    "motion_state": false,
    "pose": [
      [
        0.9673889471318594,
        -0.253463321443231,
        0.0010782167135693565,
        38.07396575437451
      ],
      [
        0.2534683263649019,
        0.9673883784866452,
        0.0010066095081455264,
        3.4862272026148275
      ],
      [
        -0.0013002245951706005,
        -0.0006999756908289784,
        1.000005310592795,
        0.9503103648817159
      ],
      [
        0.0,
        0.0,
        0.0,
        1.0
      ]
    ],
    "location": [
      38.07396575437451,
      3.4862272026148275,
      0.9503103648817159
    ],
    "rotation": [
      -0.0006999718592432915,
      0.0013002166390161836,
      0.2562525212539018
    ]
  },
  {
    "label_id": "3NGaBQl276KzZKljja6dOA",
    "size": [
      0.7299292117232197,
      0.694010124373706,
      1.1000000000000014
    ],
    "obj_class": "pedestrian",
    "point_num_in_lidar": 163,
    "speed": 0.0016445852005663576,
    "if_vehicle": false,
    "motion_state": false,
    "pose": [
      [
        0.7398035137230402,
        0.6728861652857528,
        0.0010782167135693565,
        2.618226363505528
      ],
      [
        -0.6728829604626131,
        0.7398073998145155,
        0.0010066095081455264,
        12.67923038618028
      ],
      [
        -0.00012187697895692598,
        -0.0014716303773836647,
        1.000005310592795,
        0.7075543167471778
      ],
      [
        0.0,
        0.0,
        0.0,
        1.0
      ]
    ],
    "location": [
      2.618226363505528,
      12.67923038618028,
      0.7075543167471778
    ],
    "rotation": [
      -0.0014716214998458032,
      0.00012187619914599094,
      -0.7380624207072566
    ]
  },
  {
    "label_id": "4JRTQZlhJCGV0xv6XMfMIw",
    "size": [
      2.1256513865936046,
      4.668043267308801,
      1.6099999999999994
    ],
    "obj_class": "vehicle",
    "point_num_in_lidar": 118,
    "speed": 6.629024818318272e-12,
    "if_vehicle": true,
    "motion_state": false,
    "pose": [
      [
        0.17524557671975954,
        0.9845679347765093,
        0.0010782167135693565,
        21.038530629732122
      ],
      [
        -0.9845677684204501,
        0.175250611093998,
        0.0010066095081455264,
        48.924334829695
      ],
      [
        0.0008017680815711501,
        -0.0012400475430449337,
        1.000005310592795,
        0.9532368023650406
      ],
      [
        0.0,
        0.0,
        0.0,
        1.0
      ]
    ],
    "location": [
      21.038530629732122,
      48.924334829695,
      0.9532368023650406
    ],
    "rotation": [
      -0.0012400403220886327,
      -0.0008017630354963855,
      -1.3946486654196906
    ]
  },
  {
    "label_id": "51XfsSndNbxOYol5ZhZdTA",
    "size": [
      1.8797856288791184,
      4.076636714678694,
      1.3999999999999986
    ],
    "obj_class": "vehicle",
    "point_num_in_lidar": 44,
    "speed": 1.6077746776921857e-12,
    "if_vehicle": true,
    "motion_state": false,
    "pose": [
      [
        -0.9803800393940497,
        0.19733222926740537,
        0.0010782167135693565,
        24.61944744421635
      ],
      [
        -0.19733725863034998,
        -0.9803797599183203,
        0.0010066095081455264,
        44.40129236580833
      ],
      [
        0.0012577562248694127,
        0.0007736919570735477,
        1.000005310592795,
        0.9143275007484135
      ],
      [
        0.0,
        0.0,
        0.0,
        1.0
      ]
    ],
    "location": [
      24.61944744421635,
      44.40129236580833,
      0.9143275007484135
    ],
    "rotation": [
      0.0007736876939578093,
      -0.001257748505809611,
      -2.942960389115427
    ]
  },
  {
    "label_id": "7fxnDM2wAyQs-FiehwtY8Q",
    "size": [
      0.8262102903375463,
      0.823178729140084,
      1.5499999999999972
    ],
    "obj_class": "pedestrian",
    "point_num_in_lidar": 83,
    "speed": 0.02578230779356215,
    "if_vehicle": false,
    "motion_state": false,
    "pose": [
      [
        0.20724881972294767,
        0.9783317213876729,
        0.0010782167135693565,
        9.96759461248439
      ],
      [
        -0.978331391002132,
        0.207253845998279,
        0.0010066095081455264,
        -11.258093494914647
      ],
      [
        0.0007609170539035162,
        -0.001265525662606984,
        1.000005310592795,
        0.8030166123728577
      ],
      [
        0.0,
        0.0,
        0.0,
        1.0
      ]
    ],
    "location": [
      9.96759461248439,
      -11.258093494914647,
      0.8030166123728577
    ],
    "rotation": [
      -0.0012655182663595518,
      -0.0007609122568365381,
      -1.3620433855588747
    ]
  },
  {
    "label_id": "7tOgwMtQQau9C7cR3nDM_A",
    "size": [
      2.1995109981502527,
      4.668562141136059,
      1.6400000000000006
    ],
    "obj_class": "vehicle",
    "point_num_in_lidar": 99,
    "speed": 0.002816722571220115,
    "if_vehicle": true,
    "motion_state": false,
    "pose": [
      [
        -0.2336489737297804,
        -0.972364739912417,
        0.0010782167135693565,
        33.33679124004993
      ],
      [
        0.9723642736245223,
        -0.233653989223167,
        0.0010066095081455264,
        -36.1402605675903
      ],
      [
        -0.000726390130316581,
        0.0012856544419931485,
        1.000005310592795,
        1.40781295910449
      ],
      [
        0.0,
        0.0,
        0.0,
        1.0
      ]
    ],
    "location": [
      33.33679124004993,
      -36.1402605675903,
      1.40781295910449
    ],
    "rotation": [
      0.001285646906098288,
      0.0007263855447016541,
      1.8066150697628356
    ]
  },
  {
    "label_id": "8bU9YqZGCj5wFCjrgGqXyA",
    "size": [
      0.3109838342945249,
      0.08639544551842648,
      0.6700000000000017
    ],
    "obj_class": "sign",
    "point_num_in_lidar": 20,
    "speed": 2.5421149729252077e-12,
    "if_vehicle": false,
    "motion_state": false,
    "pose": [
      [
        0.0991565415799832,
        0.9951145716005865,
        0.0010782167135693565,
        21.21882398572052
      ],
      [
        -0.9951147921564932,
        0.09916157387105226,
        0.0010066095081455264,
        22.929529263179575
      ],
      [
        0.0008945845270489617,
        -0.0011748482836531008,
        1.000005310592795,
        2.9854441019144815
      ],
      [
        0.0,
        0.0,
        0.0,
        1.0
      ]
    ],
    "location": [
      21.21882398572052,
      22.929529263179575,
      2.9854441019144815
    ],
    "rotation": [
      -0.0011748415040191075,
      -0.0008945789202917071,
      -1.471480835366876
    ]
  },
  {
    "label_id": "C4lVCY0U7eKSegXd8LC_FQ",
    "size": [
      0.9018772145063837,
      0.944866519994953,
      1.3999999999999986
    ],
    "obj_class": "pedestrian",
    "point_num_in_lidar": 60,
    "speed": 0.0023112134618985614,
    "if_vehicle": false,
    "motion_state": false,
    "pose": [
      [
        0.1720352340750637,
        0.9851339546410224,
        0.0010782167135693565,
        34.09075437557476
      ],
      [
        -0.9851338046964759,
        0.17204026896482857,
        0.0010066095081455264,
        17.99857544308179
      ],
      [
        0.0008058060243501359,
        -0.0012374274187842628,
        1.000005310592795,
        1.0056728246931925
      ],
      [
        0.0,
        0.0,
        0.0,
        1.0
      ]
    ],
    "location": [
      34.09075437557476,
      17.99857544308179,
      1.0056728246931925
    ],
    "rotation": [
      -0.0012374202157627357,
      -0.000805800953733607,
      -1.3979083902801064
    ]
  },
  {
    "label_id": "CpPxlJb2rlUaBE-2xJoBWw",
    "size": [
      0.7881720904016319,
      0.994941850972178,
      1.8900000000000006
    ],
    "obj_class": "pedestrian",
    "point_num_in_lidar": 485,
    "speed": 1.389947356231749,
    "if_vehicle": false,
    "motion_state": true,
    "pose": [
      [
        -0.26456359936099394,
        -0.9644123248087809,
        0.0010782167135693565,
        10.105657021398656
      ],
      [
        0.9644116986856892,
        -0.26456859741743477,
        0.0010066095081455264,
        -6.606982167031674
      ],
      [
        -0.0006849875829314971,
        0.001308182700110241,
        1.000005310592795,
        0.9510572615346291
      ],
      [
        0.0,
        0.0,
        0.0,
        1.0
      ]
    ],
    "location": [
      10.105657021398656,
      -6.606982167031674,
      0.9510572615346291
    ],
    "rotation": [
      0.0013081750066848453,
      0.0006849832520149107,
      1.8385361989455977
    ]
  },
  {
    "label_id": "DnS7Up19TsoNk12Ymz9Ndg",
    "size": [
      1.96365133376162,
      4.880426123448928,
      1.5200000000000031
    ],
    "obj_class": "vehicle",
    "point_num_in_lidar": 698,
    "speed": 2.422236289810508,
    "if_vehicle": true,
    "motion_state": true,
    "pose": [
      [
        -0.18470584222433611,
        -0.9828371086798262,
        0.0010782167135693565,
        17.515831944532692
      ],
      [
        0.9828368939170105,
        -0.18471087476596482,
        0.0010066095081455264,
        19.832370697047736
      ],
      [
        -0.0007898057465901318,
        0.0012477006244653649,
        1.000005310592795,
        0.8700853001842006
      ],
      [
        0.0,
        0.0,
        0.0,
        1.0
      ]
    ],
    "location": [
      17.515831944532692,
      19.832370697047736,
      0.8700853001842006
    ],
    "rotation": [
      0.0012476933510260286,
      0.0007898007732963901,
      1.7565609228905206
    ]
  },
  {
    "label_id": "EMpodh1TjmNyW98IZUh2MA",
    "size": [
      2.1737203176307127,
      4.530987525728997,
      1.8900000000000006
    ],
    "obj_class": "vehicle",
    "point_num_in_lidar": 299,
    "speed": 2.5421149729252077e-12,
    "if_vehicle": true,
    "motion_state": false,
    "pose": [
      [
        -0.61272336963619,
        0.7903512527045141,
        0.0010782167135693565,
        16.576357195488526
      ],
      [
        -0.7903548751732152,
        -0.6127198695906444,
        0.0010066095081455264,
        -18.113456064158527
      ],
      [
        0.00145751822060011,
        -0.00023704557000025806,
        1.000005310592795,
        0.8932764402624116
      ],
      [
        0.0,
        0.0,
        0.0,
        1.0
      ]
    ],
    "location": [
      16.576357195488526,
      -18.113456064158527,
      0.8932764402624116
    ],
    "rotation": [
      -0.0002370443067146069,
      -0.0014575094073270476,
      -2.2302631600246574
    ]
  },
  {
    "label_id": "FRk_wv4gWEdPQOAxAVKlJw",
    "size": [
      2.0375490309551534,
      4.4473342942274545,
      1.3600000000000065
    ],
    "obj_class": "vehicle",
    "point_num_in_lidar": 65,
    "speed": 0.0015886593162082402,
    "if_vehicle": true,
    "motion_state": false,
    "pose": [
      [
        -0.9749266516654563,
        0.22271743133913816,
        0.0010782167135693565,
        34.69884649038431
      ],
      [
        -0.2227224517514714,
        -0.9749262417162943,
        0.0010066095081455264,
        12.986695527906704
      ],
      [
        0.0012774181728444115,
        0.0007407784941025938,
        1.000005310592795,
        0.9546927163337386
      ],
      [
        0.0,
        0.0,
        0.0,
        1.0
      ]
    ],
    "location": [
      34.69884649038431,
      12.986695527906704,
      0.9546927163337386
    ],
    "rotation": [
      0.0007407744246513366,
      -0.00127741034372823,
      -2.9169964411016425
    ]
  },
  {
    "label_id": "GsCzF8GSnnWdvaGVsW2nYA",
    "size": [
      0.9597441527290022,
      0.9549516162441378,
      1.7999999999999972
    ],
    "obj_class": "pedestrian",
    "point_num_in_lidar": 423,
    "speed": 1.339178351728774,
    "if_vehicle": false,
    "motion_state": true,
    "pose": [
      [
        0.9777260339847544,
        -0.2100876788828048,
        0.0010782167135693565,
        -2.1567774028735585
      ],
      [
        0.21009270417797624,
        0.9777256890112022,
        0.0010066095081455264,
        -9.324801281101827
      ],
      [
        -0.001267728989918841,
        -0.0007572404992850123,
        1.000005310592795,
        0.8068454734460602
      ],
      [
        0.0,
        0.0,
        0.0,
        1.0
      ]
    ],
    "location": [
      -2.1567774028735585,
      -9.324801281101827,
      0.8068454734460602
    ],
    "rotation": [
      -0.0007572363331755582,
      0.0012677212149759403,
      0.21166041694130913
    ]
  },
  {
    "label_id": "IlvD3LQihY_gza6wNBNkbw",
    "size": [
      2.2304143002019643,
      4.640428889590738,
      1.6000000000000014
    ],
    "obj_class": "vehicle",
    "point_num_in_lidar": 67,
    "speed": 2.5421149729252077e-12,
    "if_vehicle": true,
    "motion_state": false,
    "pose": [
      [
        -0.5955743187552298,
        0.8033531360424042,
        0.0010782167135693565,
        17.02719780364714
      ],
      [
        -0.8033566823565869,
        -0.5955707415700193,
        0.0010066095081455264,
        -22.7356223210154
      ],
      [
        0.0014520798670458023,
        -0.0002683542907395016,
        1.000005310592795,
        0.7736628109607864
      ],
      [
        0.0,
        0.0,
        0.0,
        1.0
      ]
    ],
    "location": [
      17.02719780364714,
      -22.7356223210154,
      0.7736628109607864
    ],
    "rotation": [
      -0.0002683528591850522,
      -0.0014520710828277838,
      -2.2087431045797388
    ]
  },
  {
    "label_id": "JKMgfkGQyJGWNzwnfDn1zw",
    "size": [
      0.8008319961445142,
      0.0756255792536936,
      0.7500000000000071
    ],
    "obj_class": "sign",
    "point_num_in_lidar": 42,
    "speed": 3.5950934718225418e-12,
    "if_vehicle": false,
    "motion_state": false,
    "pose": [
      [
        0.2405040353865741,
        0.9706919384195458,
        0.0010782167135693565,
        28.18097114434204
      ],
      [
        -0.9706914367545961,
        0.24050904746504415,
        0.0010066095081455264,
        -5.518138137907954
      ],
      [
        0.000717300639471199,
        -0.0012907477515968267,
        1.000005310592795,
        2.865219625411555
      ],
      [
        0.0,
        0.0,
        0.0,
        1.0
      ]
    ],
    "location": [
      28.18097114434204,
      -5.518138137907954,
      2.865219625411555
    ],
    "rotation": [
      -0.0012907401802016005,
      -0.0007172961096683954,
      -1.3279216449413975
    ]
  },
  {
    "label_id": "JoKbZ8BD1ksyS72fvT2i7A",
    "size": [
      2.0651476504465673,
      4.299376155488723,
      1.720000000000006
    ],
    "obj_class": "vehicle",
    "point_num_in_lidar": 59,
    "speed": 2.5421149729252077e-12,
    "if_vehicle": true,
    "motion_state": false,
    "pose": [
      [
        -0.5430097383380911,
        0.8397770266088015,
        0.0010782167135693565,
        16.857041868956003
      ],
      [
        -0.8397803370338492,
        -0.5430059418022601,
        0.0010066095081455264,
        69.86738871852867
      ],
      [
        0.0014319587778818049,
        -0.0003606161728005209,
        1.000005310592795,
        0.5769047836172376
      ],
      [
        0.0,
        0.0,
        0.0,
        1.0
      ]
    ],
    "location": [
      16.857041868956003,
      69.86738871852867,
      0.5769047836172376
    ],
    "rotation": [
      -0.00036061424209329955,
      -0.0014319501015351997,
      -2.144784201207215
    ]
  },
  {
    "label_id": "K-eppQ_Y2mxaYi38LjA21Q",
    "size": [
      2.1091266235397548,
      4.81993915668481,
      1.500000000000007
    ],
    "obj_class": "vehicle",
    "point_num_in_lidar": 37,
    "speed": 7.701298771194875,
    "if_vehicle": true,
    "motion_state": true,
    "pose": [
      [
        -0.9689801573861407,
        0.2473105030965159,
        0.0010782167135693565,
        66.89269994967617
      ],
      [
        -0.24731551153083028,
        -0.9689796205583937,
        0.0010066095081455264,
        16.51218530983897
      ],
      [
        0.001295750035345549,
        0.000708224407613903,
        1.000005310592795,
        0.8741651130825403
      ],
      [
        0.0,
        0.0,
        0.0,
        1.0
      ]
    ],
    "location": [
      66.89269994967617,
      16.51218530983897,
      0.8741651130825403
    ],
    "rotation": [
      0.0007082205281335352,
      -0.0012957421040627455,
      -2.8916951052798754
    ]
  },
  {
    "label_id": "KbMLXJEn2w0pC4MSAuldSQ",
    "size": [
      1.9351478814685128,
      4.515592189324639,
      1.4500000000000028
    ],
    "obj_class": "vehicle",
    "point_num_in_lidar": 44,
    "speed": 2.5421149729252077e-12,
    "if_vehicle": true,
    "motion_state": false,
    "pose": [
      [
        -0.9801356412600813,
        0.19854257750319237,
        0.0010782167135693565,
        40.996490040415665
      ],
      [
        -0.1985476065172279,
        -0.9801353555746903,
        0.0010066095081455264,
        14.428889213297225
      ],
      [
        0.0012587105620606926,
        0.0007721383856504621,
        1.000005310592795,
        0.9242677934572612
      ],
      [
        0.0,
        0.0,
        0.0,
        1.0
      ]
    ],
    "location": [
      40.996490040415665,
      14.428889213297225,
      0.9242677934572612
    ],
    "rotation": [
      0.0007721341317131503,
      -0.0012587028376477665,
      -2.941725666482053
    ]
  },
  {
    "label_id": "LinZfU-zluGcqLzAeStW8g",
    "size": [
      0.5054790318200165,
      0.10862760562286883,
      0.4322335325982465
    ],
    "obj_class": "sign",
    "point_num_in_lidar": 30,
    "speed": 0.0005837162610020257,
    "if_vehicle": false,
    "motion_state": false,
    "pose": [
      [
        0.19461709747206124,
        0.9809226349317627,
        0.0010782167135693565,
        4.67968146882049
      ],
      [
        -0.9809223693818876,
        0.19462212758951272,
        0.0010066095081455264,
        20.930476096422353
      ],
      [
        0.0007771713377420297,
        -0.0012556092853393188,
        1.000005310592795,
        2.9169292111458844
      ],
      [
        0.0,
        0.0,
        0.0,
        1.0
      ]
    ],
    "location": [
      4.67968146882049,
      20.930476096422353,
      2.9169292111458844
    ],
    "rotation": [
      -0.0012556019575106782,
      -0.0007771664414410156,
      -1.374937641624867
    ]
  },
  {
    "label_id": "MMD9C-pfI8EcfG-gPi3gJQ",
    "size": [
      1.8487968183647896,
      4.512174364374527,
      1.730000000000004
    ],
    "obj_class": "vehicle",
    "point_num_in_lidar": 960,
    "speed": 0.61150792123378,
    "if_vehicle": true,
    "motion_state": false,
    "pose": [
      [
        0.2658702320021203,
        0.9640529290889897,
        0.0010782167135693565,
        20.12523661927844
      ],
      [
        -0.9640522961936042,
        0.26587522920551243,
        0.0010066095081455264,
        -9.029772468667943
      ],
      [
        0.0006832142350796899,
        -0.0013091097259674376,
        1.000005310592795,
        0.9609731488055786
      ],
      [
        0.0,
        0.0,
        0.0,
        1.0
      ]
    ],
    "location": [
      20.12523661927844,
      -9.029772468667943,
      0.9609731488055786
    ],
    "rotation": [
      -0.0013091020260314564,
      -0.000683209915099034,
      -1.3017013511873639
    ]
  },
  {
    "label_id": "MV_5Q0rxAuIpiIi20l_8Sw",
    "size": [
      2.072069356398145,
      4.341091663754647,
      1.8400000000000034
    ],
    "obj_class": "vehicle",
    "point_num_in_lidar": 59,
    "speed": 0.0033071542979311724,
    "if_vehicle": true,
    "motion_state": false,
    "pose": [
      [
        -0.2645481439035676,
        -0.9644165645130215,
        0.0010782167135693565,
        11.65771008671436
      ],
      [
        0.9644159384700275,
        -0.2645531419700419,
        0.0010066095081455264,
        57.27706859796308
      ],
      [
        -0.000685008547442457,
        0.0013081717225077274,
        1.000005310592795,
        0.44564638882525287
      ],
      [
        0.0,
        0.0,
        0.0,
        1.0
      ]
    ],
    "location": [
      11.65771008671436,
      57.27706859796308,
      0.44564638882525287
    ],
    "rotation": [
      0.001308164029159415,
      0.0006850042163965989,
      1.8385201731723657
    ]
  },
  {
    "label_id": "Nd72enoaUv9l45M43pbdYw",
    "size": [
      0.96191182232309,
      0.7962712858776171,
      1.6499999999999986
    ],
    "obj_class": "pedestrian",
    "point_num_in_lidar": 167,
    "speed": 0.002082657572866237,
    "if_vehicle": false,
    "motion_state": false,
    "pose": [
      [
        0.97711667725509,
        -0.21290380311280102,
        0.0010782167135693565,
        5.594631015235791
      ],
      [
        0.21290882739318667,
        0.9771163178042332,
        0.0010066095081455264,
        7.618894612453005
      ],
      [
        -0.0012699054677201454,
        -0.0007535848118775594,
        1.000005310592795,
        0.7159787814970286
      ],
      [
        0.0,
        0.0,
        0.0,
        1.0
      ]
    ],
    "location": [
      5.594631015235791,
      7.618894612453005,
      0.7159787814970286
    ],
    "rotation": [
      -0.0007535806672679509,
      0.001269897680597923,
      0.21454158820255786
    ]
  },
  {
    "label_id": "Rq5V6L3mDygKo0QPfbHovw",
    "size": [
      1.8888181910766129,
      4.636756789517779,
      1.3600000000000065
    ],
    "obj_class": "vehicle",
    "point_num_in_lidar": 1367,
    "speed": 2.7615143011943144,
    "if_vehicle": true,
    "motion_state": true,
    "pose": [
      [
        0.2510646538916342,
        0.9680142405544435,
        0.0010782167135693565,
        17.72365044207254
      ],
      [
        -0.9680136843167889,
        0.25106966020744353,
        0.0010066095081455264,
        1.5067564230412245
      ],
      [
        0.0007031964366422661,
        -0.0012984855552264246,
        1.000005310592795,
        0.8515641909267515
      ],
      [
        0.0,
        0.0,
        0.0,
        1.0
      ]
    ],
    "location": [
      17.72365044207254,
      1.5067564230412245,
      0.8515641909267515
    ],
    "rotation": [
      -0.0012984779297704734,
      -0.0007031919935604283,
      -1.3170272323859014
    ]
  },
  {
    "label_id": "SQQ6HVe8YtnoiVO4yfPY2Q",
    "size": [
      1.9274767058030642,
      4.326488639833419,
      1.3500000000000014
    ],
    "obj_class": "vehicle",
    "point_num_in_lidar": 163,
    "speed": 3.5950934718225418e-12,
    "if_vehicle": true,
    "motion_state": false,
    "pose": [
      [
        -0.2066814828318048,
        -0.9784517336099765,
        0.0010782167135693565,
        29.323370845952013
      ],
      [
        0.9784514061390612,
        -0.20668650929787072,
        0.0010066095081455264,
        -18.48135409882525
      ],
      [
        -0.0007616507622448499,
        0.0012650842193347818,
        1.000005310592795,
        0.8872316097889552
      ],
      [
        0.0,
        0.0,
        0.0,
        1.0
      ]
    ],
    "location": [
      29.323370845952013,
      -18.48135409882525,
      0.8872316097889552
    ],
    "rotation": [
      0.0012650768261383994,
      0.0007616459606941442,
      1.7789694004461805
    ]
  },
  {
    "label_id": "UMM0XzCyaXFdt743gKi7vA",
    "size": [
      2.018934327653774,
      4.470248932210846,
      1.7100000000000009
    ],
    "obj_class": "vehicle",
    "point_num_in_lidar": 80,
    "speed": 0.3250231528197108,
    "if_vehicle": true,
    "motion_state": false,
    "pose": [
      [
        -0.2698119897632769,
        -0.962957174816151,
        0.0010782167135693565,
        17.273974310286576
      ],
      [
        0.9629565214822846,
        -0.26981698433564805,
        0.0010066095081455264,
        32.55335331214883
      ],
      [
        -0.0006778528926101004,
        0.0013118938301624032,
        1.000005310592795,
        0.7944582175953201
      ],
      [
        0.0,
        0.0,
        0.0,
        1.0
      ]
    ],
    "location": [
      17.273974310286576,
      32.55335331214883,
      0.7944582175953201
    ],
    "rotation": [
      0.0013118861106598775,
      0.0006778486057049635,
      1.8439823655180925
    ]
  },
  {
    "label_id": "Wc72pGuPCXfpIpqhr-sJew",
    "size": [
      0.9748219167246104,
      1.4516448810316316,
      1.6099999999999994
    ],
    "obj_class": "pedestrian",
    "point_num_in_lidar": 289,
    "speed": 1.129848853568782,
    "if_vehicle": false,
    "motion_state": true,
    "pose": [
      [
        0.9713880057503156,
        -0.23767703430147996,
        0.0010782167135693565,
        11.760744606828666
      ],
      [
        0.23768204781921004,
        0.9713875186791888,
        0.0010066095081455264,
        11.49765890546405
      ],
      [
        -0.0012886539994887045,
        -0.0007210553621184839,
        1.000005310592795,
        0.8667151403643629
      ],
      [
        0.0,
        0.0,
        0.0,
        1.0
      ]
    ],
    "location": [
      11.760744606828666,
      11.49765890546405,
      0.8667151403643629
    ],
    "rotation": [
      -0.0007210514079455362,
      0.001288646107702013,
      0.23996812013405883
    ]
  },
  {
    "label_id": "XOGZVIJgjh_BcRiES2OlFA",
    "size": [
      2.283312690550048,
      5.01776074174188,
      1.7999999999999972
    ],
    "obj_class": "vehicle",
    "point_num_in_lidar": 45,
    "speed": 2.2737367544323206e-12,
    "if_vehicle": true,
    "motion_state": false,
    "pose": [
      [
        -0.9781408483730878,
        0.2081478106872566,
        0.0010782167135693565,
        63.74672012505471
      ],
      [
        -0.20815283665684395,
        -0.9781405133685824,
        0.0010066095081455264,
        19.87463532618858
      ],
      [
        0.001266224404470966,
        0.0007597537253348607,
        1.000005310592795,
        0.9871928798758063
      ],
      [
        0.0,
        0.0,
        0.0,
        1.0
      ]
    ],
    "location": [
      63.74672012505471,
      19.87463532618858,
      0.9871928798758063
    ],
    "rotation": [
      0.000759749544432876,
      -0.0012662166379510654,
      -2.9319158735651487
    ]
  },
  {
    "label_id": "XzMQXo511mOTZ9b8qsu5-g",
    "size": [
      1.7372453811588622,
      3.7302123275017713,
      1.2000000000000028
    ],
    "obj_class": "vehicle",
    "point_num_in_lidar": 25,
    "speed": 0.0025253238808251367,
    "if_vehicle": true,
    "motion_state": false,
    "pose": [
      [
        -0.7109068211393879,
        0.7033466584888366,
        0.0010782167135693565,
        17.869350436274544
      ],
      [
        -0.7033507079382989,
        -0.7109038253828283,
        0.0010066095081455264,
        66.29663552904822
      ],
      [
        0.0014760062945539526,
        -4.4219724955751034e-05,
        1.000005310592795,
        0.353850353206667
      ],
      [
        0.0,
        0.0,
        0.0,
        1.0
      ]
    ],
    "location": [
      17.869350436274544,
      66.29663552904822,
      0.353850353206667
    ],
    "rotation": [
      -4.421949009522366e-05,
      -0.001475997382829505,
      -2.361537252135566
    ]
  },
  {
    "label_id": "Z9OsRYR58DxyfT5G8nd1sw",
    "size": [
      0.9114227453861474,
      0.9160872246739158,
      1.9500000000000028
    ],
    "obj_class": "pedestrian",
    "point_num_in_lidar": 425,
    "speed": 0.033938934210735364,
    "if_vehicle": false,
    "motion_state": false,
    "pose": [
      [
        -0.2707343848203953,
        0.9626982513881721,
        0.0010782167135693565,
        6.440951930475421
      ],
      [
        -0.9627002927150548,
        -0.270729779868401,
        0.0010066095081455264,
        8.077850701076386
      ],
      [
        0.0012615514647817004,
        -0.0007674880242356891,
        1.000005310592795,
        0.8627691489342624
      ],
      [
        0.0,
        0.0,
        0.0,
        1.0
      ]
    ],
    "location": [
      6.440951930475421,
      8.077850701076386,
      0.8627691489342624
    ],
    "rotation": [
      -0.0007674837977502465,
      -0.001261543724440204,
      -1.8449396429168652
    ]
  },
  {
    "label_id": "ZKnwPv8__s8nBMx_x1Kjmg",
    "size": [
      0.9160450749755401,
      0.6962191468794218,
      1.5799999999999983
    ],
    "obj_class": "pedestrian",
    "point_num_in_lidar": 61,
    "speed": 1.2689663098128245,
    "if_vehicle": false,
    "motion_state": true,
    "pose": [
      [
        0.23780260021834645,
        0.9713572739622199,
        0.0010782167135693565,
        32.311336625258264
      ],
      [
        -0.9713567862430176,
        0.23780761367307265,
        0.0010066095081455264,
        -18.13059642011649
      ],
      [
        0.0007208887763350813,
        -0.0012887471970065227,
        1.000005310592795,
        1.1609613431946855
      ],
      [
        0.0,
        0.0,
        0.0,
        1.0
      ]
    ],
    "location": [
      32.311336625258264,
      -18.13059642011649,
      1.1609613431946855
    ],
    "rotation": [
      -0.0012887396395631324,
      -0.0007208842244929501,
      -1.3307036938662533
    ]
  },
  {
    "label_id": "Zf_0k6PmuzbSRQRWpdsKQg",
    "size": [
      1.9263009385398744,
      4.30626809851573,
      1.480000000000004
    ],
    "obj_class": "vehicle",
    "point_num_in_lidar": 457,
    "speed": 1.0752231662349514,
    "if_vehicle": true,
    "motion_state": true,
    "pose": [
      [
        -0.9536599690042243,
        -0.3010277294017675,
        0.0010782167135693565,
        23.057378124394745
      ],
      [
        0.30102319127213695,
        -0.9536621548628127,
        0.0010066095081455264,
        9.733744933240814
      ],
      [
        0.0007272298922153474,
        0.0012851796176046799,
        1.000005310592795,
        0.9821713744336193
      ],
      [
        0.0,
        0.0,
        0.0,
        1.0
      ]
    ],
    "location": [
      23.057378124394745,
      9.733744933240814,
      0.9821713744336193
    ],
    "rotation": [
      0.0012851720850159422,
      -0.0007272253014470545,
      2.8358402109955785
    ]
  },
  {
    "label_id": "Zfh8PMMz_gcqeqExLpq5tQ",
    "size": [
      1.8903948451336388,
      4.104269830155506,
      1.3600000000000065
    ],
    "obj_class": "vehicle",
    "point_num_in_lidar": 41,
    "speed": 1.1368683772161603e-12,
    "if_vehicle": true,
    "motion_state": false,
    "pose": [
      [
        0.9620078810752004,
        -0.2731773546601641,
        0.0010782167135693565,
        69.21530495005572
      ],
      [
        0.27318234691759863,
        0.9620072102816266,
        0.0010066095081455264,
        10.470325576687173
      ],
      [
        -0.0013142559475892615,
        -0.0006732616652270559,
        1.000005310592795,
        0.8249656107270766
      ],
      [
        0.0,
        0.0,
        0.0,
        1.0
      ]
    ],
    "location": [
      69.21530495005572,
      10.470325576687173,
      0.8249656107270766
    ],
    "rotation": [
      -0.000673257988103509,
      0.0013142479136115063,
      0.2766872075563394
    ]
  },
  {
    "label_id": "aX9TVEEnUmFXUq27-AfHng",
    "size": [
      0.9678677238802845,
      1.0875697848219783,
      1.75
    ],
    "obj_class": "pedestrian",
    "point_num_in_lidar": 394,
    "speed": 1.6552270497440484,
    "if_vehicle": false,
    "motion_state": true,
    "pose": [
      [
        0.9783597230650374,
        -0.2071165918849224,
        0.0010782167135693565,
        -1.0600194746803027
      ],
      [
        0.2071216182048609,
        0.9783593933588233,
        0.0010066095081455264,
        -10.280327391876199
      ],
      [
        -0.0012654228096763388,
        -0.000761088088455535,
        1.000005310592795,
        0.804181432852829
      ],
      [
        0.0,
        0.0,
        0.0,
        1.0
      ]
    ],
    "location": [
      -1.0600194746803027,
      -10.280327391876199,
      0.804181432852829
    ],
    "rotation": [
      -0.0007610838996957594,
      0.0012654150476451127,
      0.2086226353844165
    ]
  },
  {
    "label_id": "bRPbYyeLmNMrwlF8n9yZLQ",
    "size": [
      2.302105948534514,
      5.192549817773653,
      1.9400000000000048
    ],
    "obj_class": "vehicle",
    "point_num_in_lidar": 771,
    "speed": 6.821210263296962e-12,
    "if_vehicle": true,
    "motion_state": false,
    "pose": [
      [
        -0.6146364812301816,
        0.7888643903047612,
        0.0010782167135693565,
        8.908707272086758
      ],
      [
        -0.7888680212429483,
        -0.6146329899716415,
        0.0010066095081455264,
        16.74226512398309
      ],
      [
        0.0014580882707007554,
        -0.0002335135124204579,
        1.000005310592795,
        0.8456650028341528
      ],
      [
        0.0,
        0.0,
        0.0,
        1.0
      ]
    ],
    "location": [
      8.908707272086758,
      16.74226512398309,
      0.8456650028341528
    ],
    "rotation": [
      -0.00023351226808754943,
      -0.0014580794543846262,
      -2.232686009728404
    ]
  },
  {
    "label_id": "bacsewv05EXPBe1OQGzJhA",
    "size": [
      2.1567897859488765,
      4.360600259374679,
      1.5200000000000031
    ],
    "obj_class": "vehicle",
    "point_num_in_lidar": 106,
    "speed": 6.629024818318272e-12,
    "if_vehicle": true,
    "motion_state": false,
    "pose": [
      [
        -0.6128048381459964,
        0.790288087152262,
        0.0010782167135693565,
        5.270862604331342
      ],
      [
        -0.7902917099817388,
        -0.6128013384738842,
        0.0010066095081455264,
        30.14970481909404
      ],
      [
        0.0014575426482208503,
        -0.00023689532341396094,
        1.000005310592795,
        0.4968516647758179
      ],
      [
        0.0,
        0.0,
        0.0,
        1.0
      ]
    ],
    "location": [
      5.270862604331342,
      30.14970481909404,
      0.4968516647758179
    ],
    "rotation": [
      -0.00023689406093464093,
      -0.0014575338348173778,
      -2.2303662424923036
    ]
  },
  {
    "label_id": "cYO4m6rhx9nzGUML49utuQ",
    "size": [
      0.9602729161230114,
      0.951385999690697,
      1.6300000000000026
    ],
    "obj_class": "pedestrian",
    "point_num_in_lidar": 345,
    "speed": 0.014080374177359424,
    "if_vehicle": false,
    "motion_state": false,
    "pose": [
      [
        0.9857037825445415,
        -0.1687396913215894,
        0.0010782167135693565,
        5.632297553012904
      ],
      [
        0.16874472668465743,
        0.985703649439001,
        0.0010066095081455264,
        8.417774890433066
      ],
      [
        -0.0012347256440593997,
        -0.0008099398431613016,
        1.000005310592795,
        0.7132016322327672
      ],
      [
        0.0,
        0.0,
        0.0,
        1.0
      ]
    ],
    "location": [
      5.632297553012904,
      8.417774890433066,
      0.7132016322327672
    ],
    "rotation": [
      -0.0008099353648188055,
      0.0012347180545294364,
      0.16954857026203318
    ]
  },
  {
    "label_id": "dLoG1yvyIy8G8TNsmqR56Q",
    "size": [
      0.9716897436004738,
      0.9852865102479873,
      1.5899999999999963
    ],
    "obj_class": "pedestrian",
    "point_num_in_lidar": 327,
    "speed": 1.299803723782907,
    "if_vehicle": false,
    "motion_state": true,
    "pose": [
      [
        0.9902921235652921,
        -0.13930735929758442,
        0.0010782167135693565,
        6.3569242632365786
      ],
      [
        0.1393123963911831,
        0.9902921404883466,
        0.0010066095081455264,
        -8.635676830170269
      ],
      [
        -0.0012100552433287,
        -0.000846354697352578,
        1.000005310592795,
        0.8085507873972801
      ],
      [
        0.0,
        0.0,
        0.0,
        1.0
      ]
    ],
    "location": [
      6.3569242632365786,
      -8.635676830170269,
      0.8085507873972801
    ],
    "rotation": [
      -0.0008463500006487146,
      0.0012100477932775193,
      0.13976092637682735
    ]
  },
  {
    "label_id": "daFVapIqk3sRCYu-k7qglw",
    "size": [
      1.000660648316014,
      1.0581508909372277,
      1.8399999999999963
    ],
    "obj_class": "pedestrian",
    "point_num_in_lidar": 149,
    "speed": 1.3262613232971865,
    "if_vehicle": false,
    "motion_state": true,
    "pose": [
      [
        0.9599253052995975,
        -0.28040762934591534,
        0.0010782167135693565,
        -2.553190266553429
      ],
      [
        0.28041261641509313,
        0.9599245969639942,
