[
  {
    "label_id": "-EDgzw9YqjNzbXb8lWuF_g",
    "size": [
      0.7647537580753168,
      1.0695207740712365,
      1.8599999999999994
    ],
    "obj_class": "pedestrian",
    "point_num_in_lidar": 354,
    "speed": 1.3946478860634874,
    "if_vehicle": false,
    "motion_state": true,
    "pose": [
      [
        0.3201459240820514,
        0.9474133172813427,
        0.0008868104727471976,
        9.754609030314896
      ],
      [
        -0.9474122731813663,
        0.3201512170162268,
        0.0008145135306435482,
        -7.633866894924722
      ],
      [
        0.000487123696375942,
        -0.0011029488929853802,
        1.000005673972904,
        0.9687551018158729
      ],
      [
        0.0,
        0.0,
        0.0,
        1.0
      ]
    ],
    "location": [
      9.754609030314896,
      -7.633866894924722,
      0.9687551018158729
    ],
    "rotation": [
      -0.001102942187682293,
      -0.00048712059764915934,
      -1.2449269080920369
    ]
  },
  {
    "label_id": "1XGa86vdVK8I7WhqZCOcOQ",
    "size": [
      1.9388804825461048,
      4.415578465873616,
      1.6900000000000048
    ],
    "obj_class": "vehicle",
    "point_num_in_lidar": 51,
    "speed": 1.1368683772161603e-12,
    "if_vehicle": true,
    "motion_state": false,
    "pose": [
      [
        -0.206679972413505,
        -0.9784522448599838,
        0.0008868104727471976,
        30.324728872634296
      ],
      [
        0.9784518295121608,
        -0.20668535133376204,
        0.0008145135306435482,
        -24.122918183762522
      ],
      [
        -0.0006132685896353343,
        0.0010381172347453485,
        1.000005673972904,
        1.1161911756322525
      ],
      [
        0.0,
        0.0,
        0.0,
        1.0
      ]
    ],
    "location": [
      30.324728872634296,
      -24.122918183762522,
      1.1161911756322525
    ],
    "rotation": [
      0.001038110971614345,
      0.0006132647026540416,
      1.778967835204141
    ]
  },
  {
    "label_id": "2EWbspym0T1YkCd3xXEsUA",
    "size": [
      0.7170531407528232,
      0.8462840361255533,
      1.6899999999999977
    ],
    "obj_class": "pedestrian",
    "point_num_in_lidar": 622,
    "speed": 1.3511504066638433,
    "if_vehicle": false,
    "motion_state": true,
    "pose": [
      [
        0.21870249290893715,
        0.9758353478245215,
        0.0008868104727471976,
        7.923314307547116
      ],
      [
        -0.9758348663298186,
        0.21870786631193678,
        0.0008145135306435482,
        -2.1405384735480766
      ],
      [
        0.0006004499342073599,
        -0.0010455838716329838,
        1.000005673972904,
        0.7975153852872836
      ],
      [
        0.0,
        0.0,
        0.0,
        1.0
      ]
    ],
    "location": [
      7.923314307547116,
      -2.1405384735480766,
      0.7975153852872836
    ],
    "rotation": [
      -0.0010455775580321572,
      -0.0006004461269155201,
      -1.3503212169183414
    ]
  },
  {
    "label_id": "2kx3n6sQg97wQoT2iuuqkw",
    "size": [
      1.94360686249931,
      4.581826043400449,
      1.470000000000006
    ],
    "obj_class": "vehicle",
    "point_num_in_lidar": 73,
    "speed": 1.1368683772161603e-12,
    "if_vehicle": true,
    "motion_state": false,
    "pose": [
      [
        0.9673895303767627,
        -0.25346183733614674,
        0.0008868104727471976,
        38.073993433397845
      ],
      [
        0.25346719008176916,
        0.9673888570185764,
        0.0008145135306435482,
        3.4862422570222407
      ],
      [
        -0.001066389163070273,
        -0.0005626721149967578,
        1.000005673972904,
        0.9485015223652908
      ],
      [
        0.0,
        0.0,
        0.0,
        1.0
      ]
    ],
    "location": [
      38.073993433397845,
      3.4862422570222407,
      0.9485015223652908
    ],
    "rotation": [
      -0.0005626688630489134,
      0.001066382539414739,
      0.2562512743015858
    ]
  },
  {
    "label_id": "3NGaBQl276KzZKljja6dOA",
    "size": [
      0.7299292117232217,
      0.694010124373706,
      1.1000000000000014
    ],
    "obj_class": "pedestrian",
    "point_num_in_lidar": 156,
    "speed": 0.0016445852044787287,
    "if_vehicle": false,
    "motion_state": false,
    "pose": [
      [
        0.7398025873856081,
        0.6728874632254255,
        0.0008868104727471976,
        2.623689269479655
      ],
      [
        -0.6728839810208811,
        0.7398067080103734,
        0.0008145135306435482,
        12.676948351567262
      ],
      [
        -0.00010953127151392418,
        -0.0012007450423254663,
        1.000005673972904,
        0.7076189013657768
      ],
      [
        0.0,
        0.0,
        0.0,
        1.0
      ]
    ],
    "location": [
      2.623689269479655,
      12.676948351567262,
      0.7076189013657768
    ],
    "rotation": [
      -0.001200737652306083,
      0.00010953057064292994,
      -0.7380637989252748
    ]
  },
  {
    "label_id": "3P6tBBZUHGg_gbV4OhqorA",
    "size": [
      0.8275096005711032,
      0.8398197400242338,
      1.6499999999999986
    ],
    "obj_class": "pedestrian",
    "point_num_in_lidar": 333,
    "speed": 1.3817643872470937,
    "if_vehicle": false,
    "motion_state": true,
    "pose": [
      [
        0.9700877999088788,
        -0.24293016884763402,
        0.0008868104727471976,
        -2.406679822517617
      ],
      [
        0.2429355285971604,
        0.9700871847812822,
        0.0008145135306435482,
        -10.662803875864483
      ],
      [
        -0.001060209222300194,
        -0.0005742318008071875,
        1.000005673972904,
        0.7170760817758719
      ],
      [
        0.0,
        0.0,
        0.0,
        1.0
      ]
    ],
    "location": [
      -2.406679822517617,
      -10.662803875864483,
      0.7170760817758719
    ],
    "rotation": [
      -0.0005742284795349377,
      0.0010602026347078688,
      0.24537987567889688
    ]
  },
  {
    "label_id": "4JRTQZlhJCGV0xv6XMfMIw",
    "size": [
      2.125651386593602,
      4.668043267308801,
      1.6099999999999994
    ],
    "obj_class": "vehicle",
    "point_num_in_lidar": 127,
    "speed": 6.629024818318272e-12,
    "if_vehicle": true,
    "motion_state": false,
    "pose": [
      [
        0.17524405070315832,
        0.984568397401388,
        0.0008868104727471976,
        21.038530629732122
      ],
      [
        -0.9845681544990295,
        0.1752494401646703,
        0.0008145135306435482,
        48.924334829695
      ],
      [
        0.0006461945345807304,
        -0.0010179481222472187,
        1.000005673972904,
        0.9532368023649269
      ],
      [
        0.0,
        0.0,
        0.0,
        1.0
      ]
    ],
    "location": [
      21.038530629732122,
      48.924334829695,
      0.9532368023649269
    ],
    "rotation": [
      -0.0010179419948706126,
      -0.0006461904433763275,
      -1.394650235411854
    ]
  },
  {
    "label_id": "7fxnDM2wAyQs-FiehwtY8Q",
    "size": [
      0.8262102903409443,
      0.823178729140084,
      1.5499999999999972
    ],
    "obj_class": "pedestrian",
    "point_num_in_lidar": 39,
    "speed": 0.051060299300442966,
    "if_vehicle": false,
    "motion_state": false,
    "pose": [
      [
        0.24718528526030056,
        0.9690123018925884,
        0.0008868104727471976,
        9.749672338468372
      ],
      [
        -0.9690116632484083,
        0.24719064225857915,
        0.0008145135306435482,
        -11.405447613171418
      ],
      [
        0.000569573295863842,
        -0.001062719161748503,
        1.000005673972904,
        0.79845641963243
      ],
      [
        0.0,
        0.0,
        0.0,
        1.0
      ]
    ],
    "location": [
      9.749672338468372,
      -11.405447613171418,
      0.79845641963243
    ],
    "rotation": [
      -0.001062712731881641,
      -0.0005695696809231044,
      -1.3210327455464441
    ]
  },
  {
    "label_id": "7tOgwMtQQau9C7cR3nDM_A",
    "size": [
      2.1995109981502563,
      4.668562141136059,
      1.6400000000000006
    ],
    "obj_class": "vehicle",
    "point_num_in_lidar": 108,
    "speed": 0.002816722564708462,
    "if_vehicle": true,
    "motion_state": false,
    "pose": [
      [
        -0.233647478018072,
        -0.9723652927188339,
        0.0008868104727471976,
        33.34659835288039
      ],
      [
        0.9723647288450343,
        -0.2336528434018685,
        0.0008145135306435482,
        -36.13768690181314
      ],
      [
        -0.0005843385025198237,
        0.0010546725892813997,
        1.000005673972904,
        1.40798441302627
      ],
      [
        0.0,
        0.0,
        0.0,
        1.0
      ]
    ],
    "location": [
      33.34659835288039,
      -36.13768690181314,
      1.40798441302627
    ],
    "rotation": [
      0.0010546662140890884,
      0.0005843347955272445,
      1.8066135091558304
    ]
  },
  {
    "label_id": "8bU9YqZGCj5wFCjrgGqXyA",
    "size": [
      0.3109838342945209,
      0.08639544551842648,
      0.6700000000000017
    ],
    "obj_class": "sign",
    "point_num_in_lidar": 21,
    "speed": 2.5421149729252077e-12,
    "if_vehicle": false,
    "motion_state": false,
    "pose": [
      [
        0.09915498455585149,
        0.9951149157288909,
        0.0008868104727471976,
        21.218823985713243
      ],
      [
        -0.9951150872195939,
        0.09916037676206826,
        0.0008145135306435482,
        22.929529263165023
      ],
      [
        0.0007224223580352602,
        -0.0009653453748371163,
        1.000005673972904,
        2.985444101914595
      ],
      [
        0.0,
        0.0,
        0.0,
        1.0
      ]
    ],
    "location": [
      21.218823985713243,
      22.929529263165023,
      2.985444101914595
    ],
    "rotation": [
      -0.0009653395976641881,
      -0.0007224177967762751,
      -1.4714824139069214
    ]
  },
  {
    "label_id": "C4lVCY0U7eKSegXd8LC_FQ",
    "size": [
      0.901877214506388,
      0.944866519994953,
      1.3999999999999986
    ],
    "obj_class": "pedestrian",
    "point_num_in_lidar": 62,
    "speed": 0.002311213457690429,
    "if_vehicle": false,
    "motion_state": false,
    "pose": [
      [
        0.17203370655853478,
        0.9851344122890646,
        0.0008868104727471976,
        34.09653144930053
      ],
      [
        -0.985134186956109,
        0.17203909678320584,
        0.0008145135306435482,
        17.992587296605052
      ],
      [
        0.0006495093229287735,
        -0.0010158363035141272,
        1.000005673972904,
        1.0057113738720318
      ],
      [
        0.0,
        0.0,
        0.0,
        1.0
      ]
    ],
    "location": [
      34.09653144930053,
      17.992587296605052,
      1.0057113738720318
    ],
    "rotation": [
      -0.0010158301903035846,
      -0.0006495052112026223,
      -1.3979099607171521
    ]
  },
  {
    "label_id": "CpPxlJb2rlUaBE-2xJoBWw",
    "size": [
      0.7881720903950649,
      0.994941850972178,
      1.8900000000000006
    ],
    "obj_class": "pedestrian",
    "point_num_in_lidar": 645,
    "speed": 1.4081924478536498,
    "if_vehicle": false,
    "motion_state": true,
    "pose": [
      [
        -0.13899104324452957,
        -0.9903367590704619,
        0.0008868104727471976,
        9.087403542471293
      ],
      [
        0.9903367141320061,
        -0.13899643798988778,
        0.0008145135306435482,
        -1.7800229982167366
      ],
      [
        -0.0006831192020169026,
        0.0009935461297516284,
        1.000005673972904,
        0.933193176398845
      ],
      [
        0.0,
        0.0,
        0.0,
        1.0
      ]
    ],
    "location": [
      9.087403542471293,
      -1.7800229982167366,
      0.933193176398845
    ],
    "rotation": [
      0.0009935401655145279,
      0.00068311488262236,
      1.7102328355168814
    ]
  },
  {
    "label_id": "DnS7Up19TsoNk12Ymz9Ndg",
    "size": [
      1.963651333753438,
      4.880426123448928,
      1.5200000000000031
    ],
    "obj_class": "vehicle",
    "point_num_in_lidar": 381,
    "speed": 2.0376902382637336,
    "if_vehicle": true,
    "motion_state": true,
    "pose": [
      [
        -0.25291090397739735,
        -0.967533710584662,
        0.0008868104727471976,
        16.220978184712294
      ],
      [
        0.9675330402747738,
        -0.2529162571056043,
        0.0008145135306435482,
        25.72925145006593
      ],
      [
        -0.00056327929262327,
        0.001066068569375563,
        1.000005673972904,
        0.8743439753269513
      ],
      [
        0.0,
        0.0,
        0.0,
        1.0
      ]
    ],
    "location": [
      16.220978184712294,
      25.72925145006593,
      0.8743439753269513
    ],
    "rotation": [
      0.0010660621167097677,
      0.0005632757169596457,
      1.8264731301313872
    ]
  },
  {
    "label_id": "EMpodh1TjmNyW98IZUh2MA",
    "size": [
      2.173720317630711,
      4.530987525728997,
      1.8900000000000006
    ],
    "obj_class": "vehicle",
    "point_num_in_lidar": 316,
    "speed": 2.5421149729252077e-12,
    "if_vehicle": true,
    "motion_state": false,
    "pose": [
      [
        -0.6127247363002927,
        0.7903504311342695,
        0.0008868104727471976,
        16.576357195488526
      ],
      [
        -0.7903542656336849,
        -0.612720941315289,
        0.0008145135306435482,
        -18.11345606417308
      ],
      [
        0.0011884384449083224,
        -0.0002034694541510591,
        1.000005673972904,
        0.8932764402624116
      ],
      [
        0.0,
        0.0,
        0.0,
        1.0
      ]
    ],
    "location": [
      16.576357195488526,
      -18.11345606417308,
      0.8932764402624116
    ],
    "rotation": [
      -0.0002034682968696216,
      -0.0011884311176776836,
      -2.2302646135209776
    ]
  },
  {
    "label_id": "FRk_wv4gWEdPQOAxAVKlJw",
    "size": [
      2.0375490309551503,
      4.4473342942274545,
      1.3600000000000065
    ],
    "obj_class": "vehicle",
    "point_num_in_lidar": 89,
    "speed": 0.0015886593178545618,
    "if_vehicle": true,
    "motion_state": false,
    "pose": [
      [
        -0.9749271876445577,
        0.22271592951529576,
        0.0008868104727471976,
        34.70109009521548
      ],
      [
        -0.2227213008915916,
        -0.9749266840438887,
        0.0008145135306435482,
        12.981428408580541
      ],
      [
        0.001048045702871785,
        0.0005961425675126996,
        1.000005673972904,
        0.9583019907901189
      ],
      [
        0.0,
        0.0,
        0.0,
        1.0
      ]
    ],
    "location": [
      34.70109009521548,
      12.981428408580541,
      0.9583019907901189
    ],
    "rotation": [
      0.0005961391144161008,
      -0.0010480391863780542,
      -2.916997682371539
    ]
  },
  {
    "label_id": "GsCzF8GSnnWdvaGVsW2nYA",
    "size": [
      0.9597441527294563,
      0.9549516162441378,
      1.7999999999999972
    ],
    "obj_class": "pedestrian",
    "point_num_in_lidar": 509,
    "speed": 1.3493820739202833,
    "if_vehicle": false,
    "motion_state": true,
    "pose": [
      [
        0.9758384859305398,
        -0.21868849042686378,
        0.0008868104727471976,
        2.5617599198012613
      ],
      [
        0.21869386383677192,
        0.9758380045129409,
        0.0008145135306435482,
        -8.288139565345773
      ],
      [
        -0.0010455752555473127,
        -0.0006004649374408327,
        1.000005673972904,
        0.8576552444960726
      ],
      [
        0.0,
        0.0,
        0.0,
        1.0
      ]
    ],
    "location": [
      2.5617599198012613,
      -8.288139565345773,
      0.8576552444960726
    ],
    "rotation": [
      -0.0006004614582721159,
      0.0010455687535129228,
      0.22046589850457818
    ]
  },
  {
    "label_id": "IlvD3LQihY_gza6wNBNkbw",
    "size": [
      2.2304143002019625,
      4.640428889590738,
      1.6000000000000014
    ],
    "obj_class": "vehicle",
    "point_num_in_lidar": 64,
    "speed": 2.5421149729252077e-12,
    "if_vehicle": true,
    "motion_state": false,
    "pose": [
      [
        -0.595575702781843,
        0.8033523440709578,
        0.0008868104727471976,
        17.027197803639865
      ],
      [
        -0.8033560960201038,
        -0.5955718261628844,
        0.0008145135306435482,
        -22.7356223210154
      ],
      [
        0.001183784904426446,
        -0.0002289957557700984,
        1.000005673972904,
        0.7736628109607864
      ],
      [
        0.0,
        0.0,
        0.0,
        1.0
      ]
    ],
    "location": [
      17.027197803639865,
      -22.7356223210154,
      0.7736628109607864
    ],
    "rotation": [
      -0.00022899445245905178,
      -0.001183777603708897,
      -2.2087445655206537
    ]
  },
  {
    "label_id": "JKMgfkGQyJGWNzwnfDn1zw",
    "size": [
      0.800831996144517,
      0.0756255792536936,
      0.7500000000000071
    ],
    "obj_class": "sign",
    "point_num_in_lidar": 42,
    "speed": 3.5950934718225418e-12,
    "if_vehicle": false,
    "motion_state": false,
    "pose": [
      [
        0.24050254361262827,
        0.970692501765747,
        0.0008868104727471976,
        28.18097114435659
      ],
      [
        -0.9706919000485407,
        0.24050790488424506,
        0.0008145135306435482,
        -5.51813813791523
      ],
      [
        0.0005768823253682293,
        -0.00105876935108001,
        1.000005673972904,
        2.865219625411669
      ],
      [
        0.0,
        0.0,
        0.0,
        1.0
      ]
    ],
    "location": [
      28.18097114435659,
      -5.51813813791523,
      2.865219625411669
    ],
    "rotation": [
      -0.0010587629480683057,
      -0.0005768786648445376,
      -1.3279232042864408
    ]
  },
  {
    "label_id": "JhuATVQ6GWJyuhtPZT24-w",
    "size": [
      0.5237660962261285,
      0.06947402624494387,
      0.5500000000000043
    ],
    "obj_class": "sign",
    "point_num_in_lidar": 20,
    "speed": 2.2737367544323206e-12,
    "if_vehicle": false,
    "motion_state": false,
    "pose": [
      [
        -0.9913719332465833,
        0.13140432427938098,
        0.0008868104727471976,
        38.70253153460362
      ],
      [
        -0.13140971921068334,
        -0.9913719296150283,
        0.0008145135306435482,
        1.3982710173004307
      ],
      [
        0.0009882866136790038,
        0.0006907063958959164,
        1.000005673972904,
        3.44923853799844
      ],
      [
        0.0,
        0.0,
        0.0,
        1.0
      ]
    ],
    "location": [
      38.70253153460362,
      1.3982710173004307,
      3.44923853799844
    ],
    "rotation": [
      0.0006907023670310196,
      -0.0009882804487091523,
      -3.009807510687437
    ]
  },
  {
    "label_id": "JoKbZ8BD1ksyS72fvT2i7A",
    "size": [
      2.0651476504465696,
      4.299376155488723,
      1.720000000000006
    ],
    "obj_class": "vehicle",
    "point_num_in_lidar": 58,
    "speed": 2.5421149729252077e-12,
    "if_vehicle": true,
    "motion_state": false,
    "pose": [
      [
        -0.5430111701541388,
        0.8397763247176129,
        0.0008868104727471976,
        16.85704186896328
      ],
      [
        -0.83977982121867,
        -0.543007061653524,
        0.0008145135306435482,
        69.8673887185214
      ],
      [
        0.0011667280214027206,
        -0.00030418987521339314,
        1.000005673972904,
        0.5769047836173513
      ],
      [
        0.0,
        0.0,
        0.0,
        1.0
      ]
    ],
    "location": [
      16.85704186896328,
      69.8673887185214,
      0.5769047836173513
    ],
    "rotation": [
      -0.000304188139875857,
      -0.001166720818083504,
      -2.144785683576045
    ]
  },
  {
    "label_id": "K-eppQ_Y2mxaYi38LjA21Q",
    "size": [
      2.109126623539152,
      4.81993915668481,
      1.500000000000007
    ],
    "obj_class": "vehicle",
    "point_num_in_lidar": 191,
    "speed": 5.566866530668398,
    "if_vehicle": true,
    "motion_state": true,
    "pose": [
      [
        -0.985440852702764,
        0.17026958710479745,
        0.0008868104727471976,
        42.17711597968446
      ],
      [
        -0.1702749777242783,
        -0.9854406370211509,
        0.0008145135306435482,
        11.05308521574625
      ],
      [
        0.0010146717548294717,
        0.0006513270960584439,
        1.000005673972904,
        1.003018099142082
      ],
      [
        0.0,
        0.0,
        0.0,
        1.0
      ]
    ],
    "location": [
      42.17711597968446,
      11.05308521574625,
      1.003018099142082
    ],
    "rotation": [
      0.0006513233083651988,
      -0.001014665434205219,
      -2.9704914754967207
    ]
  },
  {
    "label_id": "KOEE6quaGGyBFe93Q79Llg",
    "size": [
      0.852553898194372,
      1.2101923106300116,
      1.8200000000000003
    ],
    "obj_class": "pedestrian",
    "point_num_in_lidar": 417,
    "speed": 1.9931721213382896,
    "if_vehicle": false,
    "motion_state": true,
    "pose": [
      [
        0.9876856591504685,
        -0.15672410528343633,
        0.0008868104727471976,
        -1.934774939334602
      ],
      [
        0.15672949835600491,
        0.9876855174987282,
        0.0008145135306435482,
        8.169742571211827
      ],
      [
        -0.0010056338417459968,
        -0.0006651964615388672,
        1.000005673972904,
        0.8755459527537823
      ],
      [
        0.0,
        0.0,
        0.0,
        1.0
      ]
    ],
    "location": [
      -1.934774939334602,
      8.169742571211827,
      0.8755459527537823
    ],
    "rotation": [
      -0.0006651925891418323,
      0.0010056275743606747,
      0.15737144041256612
    ]
  },
  {
    "label_id": "KbMLXJEn2w0pC4MSAuldSQ",
    "size": [
      1.9351478814685101,
      4.515592189324639,
      1.4500000000000028
    ],
    "obj_class": "vehicle",
    "point_num_in_lidar": 41,
    "speed": 2.5421149729252077e-12,
    "if_vehicle": true,
    "motion_state": false,
    "pose": [
      [
        -0.9801361399400981,
        0.198541062885523,
        0.0008868104727471976,
        40.99657307749294
      ],
      [
        -0.19854644507190936,
        -0.9801357693100291,
        0.0008145135306435482,
        14.428934376584948
      ],
      [
        0.0010329845981979432,
        0.0006218750485382772,
        1.000005673972904,
        0.9188412659079859
      ],
      [
        0.0,
        0.0,
        0.0,
        1.0
      ]
    ],
    "location": [
      40.99657307749294,
      14.428934376584948,
      0.9188412659079859
    ],
    "rotation": [
      0.0006218714398918884,
      -0.00103297816995453,
      -2.9417269037597324
    ]
  },
  {
    "label_id": "LZxOUoMGi7vtc5t3F_znJA",
    "size": [
      0.8094053723079895,
      1.0083618395238672,
      1.6300000000000026
    ],
    "obj_class": "pedestrian",
    "point_num_in_lidar": 174,
    "speed": 1.2397492335961486,
    "if_vehicle": false,
    "motion_state": true,
    "pose": [
      [
        0.9882327538202434,
        -0.1532365189674019,
        0.0008868104727471976,
        -3.1175089868629584
      ],
      [
        0.15324191250640956,
        0.9882326312073656,
        0.0008145135306435482,
        -8.990040922268236
      ],
      [
        -0.0010032793788850786,
        -0.0006687422851985804,
        1.000005673972904,
        0.6855513788251528
      ],
      [
        0.0,
        0.0,
        0.0,
        1.0
      ]
    ],
    "location": [
      -3.1175089868629584,
      -8.990040922268236,
      0.6855513788251528
    ],
    "rotation": [
      -0.0006687383911054231,
      0.0010032731253825239,
      0.15384135607181776
    ]
  },
  {
    "label_id": "LinZfU-zluGcqLzAeStW8g",
    "size": [
      0.5054790318200174,
      0.10862760562286883,
      0.4322335325982465
    ],
    "obj_class": "sign",
    "point_num_in_lidar": 30,
    "speed": 0.0005837162644639559,
    "if_vehicle": false,
    "motion_state": false,
    "pose": [
      [
        0.1946155808701086,
        0.9809231275441408,
        0.0008868104727471976,
        4.681742512155324
      ],
      [
        -0.9809227784641636,
        0.19462096449714947,
        0.0008145135306435482,
        20.930884816785692
      ],
      [
        0.0006260055302590373,
        -0.0010304866967572894,
        1.000005673972904,
        2.9169641437747487
      ],
      [
        0.0,
        0.0,
        0.0,
        1.0
      ]
    ],
    "location": [
      4.681742512155324,
      20.930884816785692,
      2.9169641437747487
    ],
    "rotation": [
      -0.0010304804850843965,
      -0.0006260015641960895,
      -1.3749392087754477
    ]
  },
  {
    "label_id": "MMD9C-pfI8EcfG-gPi3gJQ",
    "size": [
      1.8487968183594194,
      4.512174364374527,
      1.730000000000004
    ],
    "obj_class": "vehicle",
    "point_num_in_lidar": 847,
    "speed": 1.7865271716863942,
    "if_vehicle": true,
    "motion_state": true,
    "pose": [
      [
        0.23749549348883942,
        0.9714326003593258,
        0.0008868104727471976,
        21.231052933704632
      ],
      [
        -0.9714320152469975,
        0.23750085659805972,
        0.0008145135306435482,
        -13.365486557573604
      ],
      [
        0.0005801581997897309,
        -0.001056977870783197,
        1.000005673972904,
        1.000749589066345
      ],
      [
        0.0,
        0.0,
        0.0,
        1.0
      ]
    ],
    "location": [
      21.231052933704632,
      -13.365486557573604,
      1.000749589066345
    ],
    "rotation": [
      -0.0010569714799410492,
      -0.0005801545188459403,
      -1.3310198671158047
    ]
  },
  {
    "label_id": "MV_5Q0rxAuIpiIi20l_8Sw",
    "size": [
      2.0720693563981443,
      4.341091663754647,
      1.8400000000000034
    ],
    "obj_class": "vehicle",
    "point_num_in_lidar": 58,
    "speed": 0.003307154294473126,
    "if_vehicle": true,
    "motion_state": false,
    "pose": [
      [
        -0.2645466665873853,
        -0.9644171647507584,
        0.0008868104727471976,
        11.652792188513558
      ],
      [
        0.9644164300101472,
        -0.2645520112532476,
        0.0008145135306435482,
        57.26622670701181
      ],
      [
        -0.0005503974495607979,
        0.001072776026776146,
        1.000005673972904,
        0.44548092645163706
      ],
      [
        0.0,
        0.0,
        0.0,
        1.0
      ]
    ],
    "location": [
      11.652792188513558,
      57.26622670701181,
      0.44548092645163706
    ],
    "rotation": [
      0.0010727695283816714,
      0.0005503939543543565,
      1.838518618519512
    ]
  },
  {
    "label_id": "Nd72enoaUv9l45M43pbdYw",
    "size": [
      0.9619118223230916,
      0.7962712858776171,
      1.6499999999999986
    ],
    "obj_class": "pedestrian",
    "point_num_in_lidar": 407,
    "speed": 0.0020826575617288222,
    "if_vehicle": false,
    "motion_state": false,
    "pose": [
      [
        0.9771171981070559,
        -0.21290229597588944,
        0.0008868104727471976,
        5.602040719742945
      ],
      [
        0.2129076721441135,
        0.9771167485381824,
        0.0008145135306435482,
        7.6200345764664235
      ],
      [
        -0.0010419988294763428,
        -0.0006066499777289921,
        1.000005673972904,
        0.7161016270715663
      ],
      [
        0.0,
        0.0,
        0.0,
        1.0
      ]
    ],
    "location": [
      5.602040719742945,
      7.6200345764664235,
      0.7161016270715663
    ],
    "rotation": [
      -0.0006066464612136464,
      0.001041992348385805,
      0.21454034860382226
    ]
  },
  {
    "label_id": "Rq5V6L3mDygKo0QPfbHovw",
    "size": [
      1.8888181910752817,
      4.636756789517779,
      1.3600000000000065
    ],
    "obj_class": "vehicle",
    "point_num_in_lidar": 844,
    "speed": 1.6485517463713428,
    "if_vehicle": true,
    "motion_state": true,
    "pose": [
      [
        0.25714897943761245,
        0.9664159605690414,
        0.0008868104727471976,
        19.591778906797117
      ],
      [
        -0.9664152668039131,
        0.2571543295765725,
        0.0008145135306435482,
        -5.419849717829493
      ],
      [
        0.0005586015197062146,
        -0.0010685270695169878,
        1.000005673972904,
        0.8041926523449092
      ],
      [
        0.0,
        0.0,
        0.0,
        1.0
      ]
    ],
    "location": [
      19.591778906797117,
      -5.419849717829493,
      0.8041926523449092
    ],
    "rotation": [
      -0.0010685206001013199,
      -0.0005585979732482441,
      -1.3107367028318966
    ]
  },
  {
    "label_id": "UMM0XzCyaXFdt743gKi7vA",
    "size": [
      2.0189343276455562,
      4.470248932210846,
      1.7100000000000009
    ],
    "obj_class": "vehicle",
    "point_num_in_lidar": 40,
    "speed": 0.1222386865979661,
    "if_vehicle": true,
    "motion_state": false,
    "pose": [
      [
        -0.2235449458260551,
        -0.9747374331911209,
        0.0008868104727471976,
        17.42052172282274
      ],
      [
        0.9747369250227121,
        -0.22355031677213688,
        0.0008145135306435482,
        32.02967286900821
      ],
      [
        -0.0005952510737045995,
        0.001048552295005916,
        1.000005673972904,
        0.7770547401452177
      ],
      [
        0.0,
        0.0,
        0.0,
        1.0
      ]
    ],
    "location": [
      17.42052172282274,
      32.02967286900821,
      0.7770547401452177
    ],
    "rotation": [
      0.0010485459613080524,
      0.000595247298760642,
      1.7962365947057106
    ]
  },
  {
    "label_id": "Wc72pGuPCXfpIpqhr-sJew",
    "size": [
      0.9748219167169893,
      1.4516448810316316,
      1.6099999999999994
    ],
    "obj_class": "pedestrian",
    "point_num_in_lidar": 205,
    "speed": 1.4722237669968339,
    "if_vehicle": false,
    "motion_state": true,
    "pose": [
      [
        0.9346045984857945,
        -0.355808447001467,
        0.0008868104727471976,
        16.694624665455194
      ],
      [
        0.3558136965806794,
        0.9346033546148053,
        0.0008145135306435482,
        12.786507245065877
      ],
      [
        -0.0011206115832065532,
        -0.0004449892534566899,
        1.000005673972904,
        1.041774043006285
      ],
      [
        0.0,
        0.0,
        0.0,
        1.0
      ]
    ],
    "location": [
      16.694624665455194,
      12.786507245065877,
      1.041774043006285
    ],
    "rotation": [
      -0.00044498669924297225,
      0.0011206046449071356,
      0.3637676310943194
    ]
  },
  {
    "label_id": "XOGZVIJgjh_BcRiES2OlFA",
    "size": [
      2.2833126905500505,
      5.01776074174188,
      1.7999999999999972
    ],
    "obj_class": "vehicle",
    "point_num_in_lidar": 57,
    "speed": 2.2737367544323206e-12,
    "if_vehicle": true,
    "motion_state": false,
    "pose": [
      [
        -0.9781413618869769,
        0.2081463010343417,
        0.0008868104727471976,
        63.74672012504743
      ],
      [
        -0.20815167932600928,
        -0.9781409384773839,
        0.0008145135306435482,
        19.87463532618858
      ],
      [
        0.001039035271051575,
        0.0006117119106404779,
        1.000005673972904,
        0.98719287987592
      ],
      [
        0.0,
        0.0,
        0.0,
        1.0
      ]
    ],
    "location": [
      63.74672012504743,
      19.87463532618858,
      0.98719287987592
    ],
    "rotation": [
      0.0006117083635255564,
      -0.0010390288073259847,
      -2.9319171123788332
    ]
  },
  {
    "label_id": "XzMQXo511mOTZ9b8qsu5-g",
    "size": [
      1.737245381158863,
      3.7302123275017713,
      1.2000000000000028
    ],
    "obj_class": "vehicle",
    "point_num_in_lidar": 26,
    "speed": 0.002525323876408643,
    "if_vehicle": true,
    "motion_state": false,
    "pose": [
      [
        -0.7109080685025595,
        0.7033456650938775,
        0.0008868104727471976,
        17.862501166608126
      ],
      [
        -0.7033499633567019,
        -0.7109048080986522,
        0.0008145135306435482,
        66.30278092572553
      ],
      [
        0.0012048466776794318,
        -4.6154516501327967e-05,
        1.000005673972904,
        0.37380041352128046
      ],
      [
        0.0,
        0.0,
        0.0,
        1.0
      ]
    ],
    "location": [
      17.862501166608126,
      66.30278092572553,
      0.37380041352128046
    ],
    "rotation": [
      -4.6154254590565e-05,
      -0.001204839257170525,
      -2.3615386586693514
    ]
  },
  {
    "label_id": "Z9OsRYR58DxyfT5G8nd1sw",
    "size": [
      0.9114227453839782,
      0.9160872246739158,
      1.9500000000000028
    ],
    "obj_class": "pedestrian",
    "point_num_in_lidar": 548,
    "speed": 0.0214442213537017,
    "if_vehicle": false,
    "motion_state": false,
    "pose": [
      [
        -0.5191387778079363,
        0.854739922926542,
        0.0008868104727471976,
        6.432232423518144
      ],
      [
        -0.8547433023015831,
        -0.5191345724397863,
        0.0008145135306435482,
        8.182934250937251
      ],
      [
        0.0011576958161562644,
        -0.0003369364233248205,
        1.000005673972904,
        0.8635102439124012
      ],
      [
        0.0,
        0.0,
        0.0,
        1.0
      ]
    ],
    "location": [
      6.432232423518144,
      8.182934250937251,
      0.8635102439124012
    ],
    "rotation": [
      -0.000336934498817384,
      -0.0011576886645505871,
      -2.11661163567004
    ]
  },
  {
    "label_id": "ZKnwPv8__s8nBMx_x1Kjmg",
    "size": [
      0.9160450749761557,
      0.6962191468794218,
      1.5799999999999983
    ],
    "obj_class": "pedestrian",
    "point_num_in_lidar": 37,
    "speed": 1.3949796542472654,
    "if_vehicle": false,
    "motion_state": true,
    "pose": [
      [
        0.18937408991226118,
        0.9819485019787401,
        0.0008868104727471976,
        32.92692979433923
      ],
      [
        -0.9819481816555257,
        0.1893794753268212,
        0.0008145135306435482,
        -22.915257621345518
      ],
      [
        0.0006315000173336484,
        -0.001027128757369906,
        1.000005673972904,
        1.1986262816759563
      ],
      [
        0.0,
        0.0,
        0.0,
        1.0
      ]
    ],
    "location": [
      32.92692979433923,
      -22.915257621345518,
      1.1986262816759563
    ],
    "rotation": [
      -0.0010271225683038965,
      -0.0006314960171875299,
      -1.3802798388610447
    ]
  },
  {
    "label_id": "Zf_0k6PmuzbSRQRWpdsKQg",
    "size": [
      1.926300938532195,
      4.30626809851573,
      1.480000000000004
    ],
    "obj_class": "vehicle",
    "point_num_in_lidar": 470,
    "speed": 3.5950934718225418e-12,
    "if_vehicle": true,
    "motion_state": false,
    "pose": [
      [
        -0.944336281493813,
        -0.3291115220146913,
        0.0008868104727471976,
        22.818459183399682
      ],
      [
        0.3291067034310055,
        -0.9443387077147858,
        0.0008145135306435482,
        9.858373643277446
      ],
      [
        0.0005713658636444361,
        0.00106175647206433,
        1.000005673972904,
        0.9795533669275756
      ],
      [
        0.0,
        0.0,
        0.0,
        1.0
      ]
    ],
    "location": [
      22.818459183399682,
      9.858373643277446,
      0.9795533669275756
    ],
    "rotation": [
      0.0010617500487459426,
      -0.0005713622375214715,
      2.8062495593489882
    ]
  },
  {
    "label_id": "Zfh8PMMz_gcqeqExLpq5tQ",
    "size": [
      1.8903948451336408,
      4.104269830155506,
      1.3600000000000065
    ],
    "obj_class": "vehicle",
    "point_num_in_lidar": 38,
    "speed": 1.1368683772161603e-12,
    "if_vehicle": true,
    "motion_state": false,
    "pose": [
      [
        0.9620084945235406,
        -0.27317588278056243,
        0.0008868104727471976,
        69.21530495005572
      ],
      [
        0.27318122064969724,
        0.9620077119316647,
        0.0008145135306435482,
        10.470325576687173
      ],
      [
        -0.001077663770452437,
        -0.0005407647861712913,
        1.000005673972904,
        0.8249656107271903
      ],
      [
        0.0,
        0.0,
        0.0,
        1.0
      ]
    ],
    "location": [
      69.21530495005572,
      10.470325576687173,
      0.8249656107271903
    ],
    "rotation": [
      -0.0005407616651935352,
      0.0010776570811087262,
      0.27668595660461903
    ]
  },
  {
    "label_id": "aX9TVEEnUmFXUq27-AfHng",
    "size": [
      0.9678677238739621,
      1.0875697848219783,
      1.75
    ],
    "obj_class": "pedestrian",
    "point_num_in_lidar": 402,
    "speed": 1.4609658886505295,
    "if_vehicle": false,
    "motion_state": true,
    "pose": [
      [
        0.9675588702179082,
        -0.2528146339337064,
        0.0008868104727471976,
        4.406508076412138
      ],
      [
        0.25281998712858206,
        0.967558200440655,
        0.0008145135306435482,
        -8.910734129654884
      ],
      [
        -0.0010660125182818511,
        -0.0005633853627624963,
        1.000005673972904,
        0.8942090044841962
      ],
      [
        0.0,
        0.0,
        0.0,
        1.0
      ]
    ],
    "location": [
      4.406508076412138,
      -8.910734129654884,
      0.8942090044841962
    ],
    "rotation": [
      -0.0005633821065416295,
      0.0010660058968230749,
      0.2555823137435574
    ]
  },
  {
    "label_id": "b5nOlzdtnZu2ZvwsJrvIQA",
    "size": [
      0.833783997731773,
      0.9484009492462533,
      1.8299999999999983
    ],
    "obj_class": "pedestrian",
    "point_num_in_lidar": 34,
    "speed": 0.22229541968648006,
    "if_vehicle": false,
    "motion_state": false,
    "pose": [
      [
        -0.3768938284328636,
        -0.9263025685798393,
        0.0008868104727471976,
        29.519717911265616
      ],
      [
        0.9263012060806507,
        -0.37689904848007666,
        0.0008145135306435482,
        -13.233384532060882
      ],
      [
        -0.00041948364025680033,
        0.0011304066664990728,
        1.000005673972904,
        1.126440050875317
      ],
      [
        0.0,
        0.0,
        0.0,
        1.0
      ]
    ],
    "location": [
      29.519717911265616,
      -13.233384532060882,
      1.126440050875317
    ],
    "rotation": [
      0.0011303997711621075,
      0.0004194809675196265,
      1.9572199964305137
    ]
  },
  {
    "label_id": "bRPbYyeLmNMrwlF8n9yZLQ",
    "size": [
      2.302105948534512,
      5.192549817773653,
      1.9400000000000048
    ],
    "obj_class": "vehicle",
    "point_num_in_lidar": 783,
    "speed": 6.821210263296962e-12,
    "if_vehicle": true,
    "motion_state": false,
    "pose": [
      [
        -0.6146378458997226,
        0.7888635654256936,
        0.0008868104727471976,
        8.908707272094034
      ],
      [
        -0.7888674091085697,
        -0.6146340602163108,
        0.0008145135306435482,
        16.742265123990364
      ],
      [
        0.00118892793458245,
        -0.00020058943760366667,
        1.000005673972904,
        0.8456650028342665
      ],
      [
        0.0,
        0.0,
        0.0,
        1.0
      ]
    ],
    "location": [
      8.908707272094034,
      16.742265123990364,
      0.8456650028342665
    ],
    "rotation": [
      -0.00020058829678082276,
      -0.001188920604564486,
      -2.232687462380327
    ]
  },
  {
    "label_id": "bacsewv05EXPBe1OQGzJhA",
    "size": [
      2.156789785948874,
      4.360600259374679,
      1.5200000000000031
    ],
    "obj_class": "vehicle",
    "point_num_in_lidar": 106,
    "speed": 6.629024818318272e-12,
    "if_vehicle": true,
    "motion_state": false,
    "pose": [
      [
        -0.6128062047254011,
        0.7902872654411424,
        0.0008868104727471976,
        5.2708626043458935
      ],
      [
        -0.7902911003317358,
