[
  {
    "label_id": "1XGa86vdVK8I7WhqZCOcOQ",
    "size": [
      1.938880482546104,
      4.415578465873616,
      1.6900000000000048
    ],
    "obj_class": "vehicle",
    "point_num_in_lidar": 59,
    "speed": 1.1368683772161603e-12,
    "if_vehicle": true,
    "motion_state": false,
    "pose": [
      [
        -0.206667422120005,
        -0.978454631038164,
        -0.0011421626177447093,
        30.324728872634296
      ],
      [
        0.9784539474031283,
        -0.20667462259031444,
        0.0009766024443377517,
        -24.12291818374797
      ],
      [
        -0.001191167487643257,
        -0.0009134923585657302,
        1.0000052741938341,
        1.1161911756321388
      ],
      [
        0.0,
        0.0,
        0.0,
        1.0
      ]
    ],
    "location": [
      30.324728872634296,
      -24.12291818374797,
      1.1161911756321388
    ],
    "rotation": [
      -0.0009134872865660548,
      0.0011911601448761303,
      1.778955118689962
    ]
  },
  {
    "label_id": "2EWbspym0T1YkCd3xXEsUA",
    "size": [
      0.7170531407614399,
      0.8462840361255533,
      1.6899999999999977
    ],
    "obj_class": "pedestrian",
    "point_num_in_lidar": 32,
    "speed": 1.25363491456791,
    "if_vehicle": false,
    "motion_state": true,
    "pose": [
      [
        0.1807095363622637,
        0.9835796621695131,
        -0.0011421626177447093,
        12.173887363613176
      ],
      [
        -0.9835791692661204,
        0.18071675239827978,
        0.0009766024443377517,
        -12.662485183827812
      ],
      [
        0.0011665836301335125,
        0.0009446856126145028,
        1.0000052741938341,
        0.8878946851783667
      ],
      [
        0.0,
        0.0,
        0.0,
        1.0
      ]
    ],
    "location": [
      12.173887363613176,
      -12.662485183827812,
      0.8878946851783667
    ],
    "rotation": [
      0.0009446803491681322,
      -0.0011665764276402558,
      -1.389096218837402
    ]
  },
  {
    "label_id": "2kx3n6sQg97wQoT2iuuqkw",
    "size": [
      1.9436068624993106,
      4.581826043400449,
      1.470000000000006
    ],
    "obj_class": "vehicle",
    "point_num_in_lidar": 64,
    "speed": 1.1368683772161603e-12,
    "if_vehicle": true,
    "motion_state": false,
    "pose": [
      [
        0.9673925169169231,
        -0.2534494162133705,
        -0.0011421626177447093,
        38.07406570850435
      ],
      [
        0.2534565755116382,
        0.9673914880447966,
        0.0009766024443377517,
        3.486281566962134
      ],
      [
        0.0008551940088839513,
        -0.0012336901879910222,
        1.0000052741938341,
        0.9437782969063164
      ],
      [
        0.0,
        0.0,
        0.0,
        1.0
      ]
    ],
    "location": [
      38.07406570850435,
      3.486281566962134,
      0.9437782969063164
    ],
    "rotation": [
      -0.00123368305542598,
      -0.0008551886391806977,
      0.25624024986129307
    ]
  },
  {
    "label_id": "3NGaBQl276KzZKljja6dOA",
    "size": [
      0.7299292117232214,
      0.694010124373706,
      1.1000000000000014
    ],
    "obj_class": "pedestrian",
    "point_num_in_lidar": 153,
    "speed": 0.0016445852008323257,
    "if_vehicle": false,
    "motion_state": false,
    "pose": [
      [
        0.7397938016115699,
        0.6728967375926704,
        -0.0011421626177447093,
        2.6379539367044345
      ],
      [
        -0.6728919726160931,
        0.7397992430385664,
        0.0009766024443377517,
        12.67098953329696
      ],
      [
        0.0015004552804654364,
        4.452217537048591e-05,
        1.0000052741938341,
        0.7077875438599222
      ],
      [
        0.0,
        0.0,
        0.0,
        1.0
      ]
    ],
    "location": [
      2.6379539367044345,
      12.67098953329696,
      0.7077875438599222
    ],
    "rotation": [
      4.452194052372439e-05,
      -0.001500446239322739,
      -0.7380756219936093
    ]
  },
  {
    "label_id": "3P6tBBZUHGg_gbV4OhqorA",
    "size": [
      0.8275096005591498,
      0.8398197400242338,
      1.6499999999999986
    ],
    "obj_class": "pedestrian",
    "point_num_in_lidar": 152,
    "speed": 1.4181489237443239,
    "if_vehicle": false,
    "motion_state": true,
    "pose": [
      [
        0.395718053329532,
        0.918418265625659,
        -0.0011421626177447093,
        9.747835071364534
      ],
      [
        -0.9184161742937392,
        0.39572497723452427,
        0.0009766024443377517,
        -9.736887934283004
      ],
      [
        0.0013480309367665932,
        0.0006604247620255509,
        1.0000052741938341,
        0.8947799917050361
      ],
      [
        0.0,
        0.0,
        0.0,
        1.0
      ]
    ],
    "location": [
      9.747835071364534,
      -9.736887934283004,
      0.8947799917050361
    ],
    "rotation": [
      0.000660421182820113,
      -0.0013480227165259438,
      -1.163964191095595
    ]
  },
  {
    "label_id": "4JRTQZlhJCGV0xv6XMfMIw",
    "size": [
      2.125651386593598,
      4.668043267308801,
      1.6099999999999994
    ],
    "obj_class": "vehicle",
    "point_num_in_lidar": 110,
    "speed": 6.629024818318272e-12,
    "if_vehicle": true,
    "motion_state": false,
    "pose": [
      [
        0.1752314304398695,
        0.9845703804968718,
        -0.0011421626177447093,
        21.038530629724846
      ],
      [
        -0.9845699277707197,
        0.1752386491079302,
        0.0009766024443377517,
        48.92433482968772
      ],
      [
        0.0011613067608352277,
        0.0009511650119798956,
        1.0000052741938341,
        0.9532368023651543
      ],
      [
        0.0,
        0.0,
        0.0,
        1.0
      ]
    ],
    "location": [
      21.038530629724846,
      48.92433482968772,
      0.9532368023651543
    ],
    "rotation": [
      0.0009511597085380271,
      -0.0011612995885438547,
      -1.3946629706008575
    ]
  },
  {
    "label_id": "50vFTXzPARJLsyl_rL8FYw",
    "size": [
      0.9071328832617467,
      0.8769552914394498,
      1.8200000000000003
    ],
    "obj_class": "pedestrian",
    "point_num_in_lidar": 121,
    "speed": 1.1527690678637843,
    "if_vehicle": false,
    "motion_state": true,
    "pose": [
      [
        -0.8375644119054155,
        0.5464162738016625,
        -0.0011421626177447093,
        22.810821623330412
      ],
      [
        -0.5464227401311832,
        -0.8375611714251934,
        0.0009766024443377517,
        -11.929403984118835
      ],
      [
        -0.0004210836933699982,
        0.0014408458612753168,
        1.0000052741938341,
        1.0831817569395525
      ],
      [
        0.0,
        0.0,
        0.0,
        1.0
      ]
    ],
    "location": [
      22.810821623330412,
      -11.929403984118835,
      1.0831817569395525
    ],
    "rotation": [
      0.001440837264949049,
      0.0004210810105324846,
      -2.5635356986232933
    ]
  },
  {
    "label_id": "51XfsSndNbxOYol5ZhZdTA",
    "size": [
      1.8797856288791168,
      4.076636714678694,
      1.3999999999999986
    ],
    "obj_class": "vehicle",
    "point_num_in_lidar": 46,
    "speed": 1.6077746776921857e-12,
    "if_vehicle": true,
    "motion_state": false,
    "pose": [
      [
        -0.9803828024738545,
        0.1973181415361219,
        -0.0011421626177447093,
        24.619447444209072
      ],
      [
        -0.19732534820403755,
        -0.9803821876022473,
        0.0009766024443377517,
        44.40129236580833
      ],
      [
        -0.0009248210614152676,
        0.0011823934527639525,
        1.0000052741938341,
        0.9143275007485272
      ],
      [
        0.0,
        0.0,
        0.0,
        1.0
      ]
    ],
    "location": [
      24.619447444209072,
      44.40129236580833,
      0.9143275007485272
    ],
    "rotation": [
      0.0011823866656170243,
      0.0009248152736315662,
      -2.9429726100504485
    ]
  },
  {
    "label_id": "7tOgwMtQQau9C7cR3nDM_A",
    "size": [
      2.1995109981502496,
      4.668562141136059,
      1.6400000000000006
    ],
    "obj_class": "vehicle",
    "point_num_in_lidar": 136,
    "speed": 0.02174966267918806,
    "if_vehicle": true,
    "motion_state": false,
    "pose": [
      [
        -0.23363499847923566,
        -0.9723680249017681,
        -0.0011421626177447093,
        33.34017580071668
      ],
      [
        0.9723671424917918,
        -0.23364217730101736,
        0.0009766024443377517,
        -36.02953762902325
      ],
      [
        -0.0012159631766727075,
        -0.0008802169197148752,
        1.0000052741938341,
        1.4087861610187247
      ],
      [
        0.0,
        0.0,
        0.0,
        1.0
      ]
    ],
    "location": [
      33.34017580071668,
      -36.02953762902325,
      1.4087861610187247
    ],
    "rotation": [
      -0.0008802120499830546,
      0.0012159556931522774,
      1.8066008116132617
    ]
  },
  {
    "label_id": "8bU9YqZGCj5wFCjrgGqXyA",
    "size": [
      0.31098383429452475,
      0.08639544551842648,
      0.6700000000000017
    ],
    "obj_class": "sign",
    "point_num_in_lidar": 22,
    "speed": 2.5421149729252077e-12,
    "if_vehicle": false,
    "motion_state": false,
    "pose": [
      [
        0.09914224930847458,
        0.9951159242861175,
        -0.0011421626177447093,
        21.218823985713243
      ],
      [
        -0.9951160269756177,
        0.099149481430183,
        0.0009766024443377517,
        22.929529263165023
      ],
      [
        0.0010848726046149577,
        0.0010374968455529284,
        1.0000052741938341,
        2.985444101914709
      ],
      [
        0.0,
        0.0,
        0.0,
        1.0
      ]
    ],
    "location": [
      21.218823985713243,
      22.929529263165023,
      2.985444101914709
    ],
    "rotation": [
      0.001037491001374687,
      -0.0010848658733428034,
      -1.4714951790348194
    ]
  },
  {
    "label_id": "9VwGco63NvqDkOZ7SoAOWQ",
    "size": [
      2.138843372970919,
      4.855035932090138,
      1.5600000000000023
    ],
    "obj_class": "vehicle",
    "point_num_in_lidar": 1082,
    "speed": 1.06395267987528,
    "if_vehicle": true,
    "motion_state": true,
    "pose": [
      [
        0.20498743802080036,
        0.9788079682038895,
        -0.0011421626177447093,
        13.872152327407093
      ],
      [
        -0.9788072969306622,
        0.20499463965407297,
        0.0009766024443377517,
        16.287991374061676
      ],
      [
        0.0011895975714210113,
        0.0009155358490226114,
        1.0000052741938341,
        0.8683894697634287
      ],
      [
        0.0,
        0.0,
        0.0,
        1.0
      ]
    ],
    "location": [
      13.872152327407093,
      16.287991374061676,
      0.8683894697634287
    ],
    "rotation": [
      0.0009155307645362112,
      -0.0011895902375903622,
      -1.364354205203352
    ]
  },
  {
    "label_id": "C4lVCY0U7eKSegXd8LC_FQ",
    "size": [
      0.9018772145063809,
      0.944866519994953,
      1.3999999999999986
    ],
    "obj_class": "pedestrian",
    "point_num_in_lidar": 50,
    "speed": 0.0023112134656654063,
    "if_vehicle": false,
    "motion_state": false,
    "pose": [
      [
        0.17202107989796606,
        0.9851363542355421,
        -0.0011421626177447093,
        34.11161646713299
      ],
      [
        -0.9851359250426011,
        0.17202830000343336,
        0.0009766024443377517,
        17.976951128366636
      ],
      [
        0.001158200063391328,
        0.0009549454884634243,
        1.0000052741938341,
        1.0058120329741769
      ],
      [
        0.0,
        0.0,
        0.0,
        1.0
      ]
    ],
    "location": [
      34.11161646713299,
      17.976951128366636,
      1.0058120329741769
    ],
    "rotation": [
      0.0009549401616488874,
      -0.001158192908896107,
      -1.397922697605307
    ]
  },
  {
    "label_id": "CpPxlJb2rlUaBE-2xJoBWw",
    "size": [
      0.7881720904042767,
      0.994941850972178,
      1.8900000000000006
    ],
    "obj_class": "pedestrian",
    "point_num_in_lidar": 85,
    "speed": 0.8304660021766742,
    "if_vehicle": false,
    "motion_state": false,
    "pose": [
      [
        -0.6196957097583934,
        -0.7848962451641611,
        -0.0011421626177447093,
        6.844300174823729
      ],
      [
        0.7848924349553521,
        -0.6197018576391967,
        0.0009766024443377517,
        8.813228570543288
      ],
      [
        -0.0014729389450110037,
        -0.00028948080600654775,
        1.0000052741938341,
        0.876173136174657
      ],
      [
        0.0,
        0.0,
        0.0,
        1.0
      ]
    ],
    "location": [
      6.844300174823729,
      8.813228570543288,
      0.876173136174657
    ],
    "rotation": [
      -0.0002894792711507659,
      0.0014729300495858516,
      2.2391201122650304
    ]
  },
  {
    "label_id": "DnS7Up19TsoNk12Ymz9Ndg",
    "size": [
      1.9636513337567916,
      4.880426123448928,
      1.5200000000000031
    ],
    "obj_class": "vehicle",
    "point_num_in_lidar": 79,
    "speed": 0.9884646441853971,
    "if_vehicle": true,
    "motion_state": false,
    "pose": [
      [
        -0.6686961624991117,
        -0.7435928527256831,
        -0.0011421626177447093,
        15.21086742656189
      ],
      [
        0.7435886565664654,
        -0.668702053710987,
        0.0009766024443377517,
        29.491922404631623
      ],
      [
        -0.0014884558634157498,
        -0.00019454412208956255,
        1.0000052741938341,
        0.7801873875602041
      ],
      [
        0.0,
        0.0,
        0.0,
        1.0
      ]
    ],
    "location": [
      15.21086742656189,
      29.491922404631623,
      0.7801873875602041
    ],
    "rotation": [
      -0.00019454309357727314,
      0.001488446885679595,
      2.3032148012937017
    ]
  },
  {
    "label_id": "EMpodh1TjmNyW98IZUh2MA",
    "size": [
      2.173720317630713,
      4.530987525728997,
      1.8900000000000006
    ],
    "obj_class": "vehicle",
    "point_num_in_lidar": 237,
    "speed": 2.5421149729252077e-12,
    "if_vehicle": true,
    "motion_state": false,
    "pose": [
      [
        -0.6127346718507427,
        0.7903424006579177,
        -0.0011421626177447093,
        16.576357195488526
      ],
      [
        -0.7903474511655266,
        -0.6127294943511111,
        0.0009766024443377517,
        -18.113456064158527
      ],
      [
        7.342328190823426e-05,
        0.0014993189435374137,
        1.0000052741938341,
        0.8932764402624116
      ],
      [
        0.0,
        0.0,
        0.0,
        1.0
      ]
    ],
    "location": [
      16.576357195488526,
      -18.113456064158527,
      0.8932764402624116
    ],
    "rotation": [
      0.0014993099124313654,
      -7.342281200496118e-05,
      -2.2302766404103487
    ]
  },
  {
    "label_id": "FRk_wv4gWEdPQOAxAVKlJw",
    "size": [
      2.037549030955151,
      4.4473342942274545,
      1.3600000000000065
    ],
    "obj_class": "vehicle",
    "point_num_in_lidar": 27,
    "speed": 0.0015886593151041755,
    "if_vehicle": true,
    "motion_state": false,
    "pose": [
      [
        -0.9749297795465168,
        0.2227034200885516,
        -0.0011421626177447093,
        34.70694856625778
      ],
      [
        -0.22271060836477063,
        -0.97492897778936,
        0.0009766024443377517,
        12.96767497685505
      ],
      [
        -0.0008938131590721432,
        0.001206004274223687,
        1.0000052741938341,
        0.9677264801226784
      ],
      [
        0.0,
        0.0,
        0.0,
        1.0
      ]
    ],
    "location": [
      34.70694856625778,
      12.96767497685505,
      0.9677264801226784
    ],
    "rotation": [
      0.0012059973288772003,
      0.0008938075569438925,
      -2.9170086831109625
    ]
  },
  {
    "label_id": "GsCzF8GSnnWdvaGVsW2nYA",
    "size": [
      0.9597441527230421,
      0.9549516162441378,
      1.7999999999999972
    ],
    "obj_class": "pedestrian",
    "point_num_in_lidar": 151,
    "speed": 1.24925185460094,
    "if_vehicle": false,
    "motion_state": true,
    "pose": [
      [
        0.287747148594098,
        0.9577507331460122,
        -0.0011421626177447093,
        10.870872898456582
      ],
      [
        -0.9577494499122381,
        0.2877542667006314,
        0.0009766024443377517,
        -12.762519515505119
      ],
      [
        0.0012633693476254064,
        0.0008107072000771184,
        1.0000052741938341,
        0.9475387396342967
      ],
      [
        0.0,
        0.0,
        0.0,
        1.0
      ]
    ],
    "location": [
      10.870872898456582,
      -12.762519515505119,
      0.9475387396342967
    ],
    "rotation": [
      0.0008107027466642351,
      -0.0012633615970966193,
      -1.2789350458903794
    ]
  },
  {
    "label_id": "IlvD3LQihY_gza6wNBNkbw",
    "size": [
      2.2304143002019616,
      4.640428889590738,
      1.6000000000000014
    ],
    "obj_class": "vehicle",
    "point_num_in_lidar": 62,
    "speed": 2.5421149729252077e-12,
    "if_vehicle": true,
    "motion_state": false,
    "pose": [
      [
        -0.5955858088355401,
        0.8033445292522216,
        -0.0011421626177447093,
        17.027197803639865
      ],
      [
        -0.8033494671783508,
        -0.5955805238554,
        0.0009766024443377517,
        -22.7356223210154
      ],
      [
        0.00010566937828614342,
        0.0014973918175510885,
        1.0000052741938341,
        0.7736628109606727
      ],
      [
        0.0,
        0.0,
        0.0,
        1.0
      ]
    ],
    "location": [
      17.027197803639865,
      -22.7356223210154,
      0.7736628109606727
    ],
    "rotation": [
      0.0014973828009354755,
      -0.00010566870211207608,
      -2.208756631145997
    ]
  },
  {
    "label_id": "JKMgfkGQyJGWNzwnfDn1zw",
    "size": [
      0.8008319961445128,
      0.0756255792536936,
      0.7500000000000071
    ],
    "obj_class": "sign",
    "point_num_in_lidar": 42,
    "speed": 3.5950934718225418e-12,
    "if_vehicle": false,
    "motion_state": false,
    "pose": [
      [
        0.24049008366232674,
        0.9706953219346661,
        -0.0011421626177447093,
        28.18097114434204
      ],
      [
        -0.9706943888938322,
        0.2404972560792375,
        0.0009766024443377517,
        -5.51813813791523
      ],
      [
        0.0012221436027159915,
        0.0008716153320798713,
        1.0000052741938341,
        2.865219625411669
      ],
      [
        0.0,
        0.0,
        0.0,
        1.0
      ]
    ],
    "location": [
      28.18097114434204,
      -5.51813813791523,
      2.865219625411669
    ],
    "rotation": [
      0.0008716105143135835,
      -0.001222136084228029,
      -1.3279358965710906
    ]
  },
  {
    "label_id": "JhuATVQ6GWJyuhtPZT24-w",
    "size": [
      0.5237660962261289,
      0.06947402624494387,
      0.5500000000000043
    ],
    "obj_class": "sign",
    "point_num_in_lidar": 21,
    "speed": 2.2737367544323206e-12,
    "if_vehicle": false,
    "motion_state": false,
    "pose": [
      [
        -0.991373354660522,
        0.13139162848104413,
        -0.0011421626177447093,
        38.70253153458907
      ],
      [
        -0.13139886012495988,
        -0.9913732225400653,
        0.0009766024443377517,
        1.3982710173077066
      ],
      [
        -0.0010017349753924565,
        0.0011179782251241764,
        1.0000052741938341,
        3.449238537998326
      ],
      [
        0.0,
        0.0,
        0.0,
        1.0
      ]
    ],
    "location": [
      38.70253153458907,
      1.3982710173077066,
      3.449238537998326
    ],
    "rotation": [
      0.0011179718629513384,
      0.0010017287309992866,
      -3.009818461917212
    ]
  },
  {
    "label_id": "JoKbZ8BD1ksyS72fvT2i7A",
    "size": [
      2.0651476504465687,
      4.299376155488723,
      1.720000000000006
    ],
    "obj_class": "vehicle",
    "point_num_in_lidar": 66,
    "speed": 2.5421149729252077e-12,
    "if_vehicle": true,
    "motion_state": false,
    "pose": [
      [
        -0.5430217550330358,
        0.8397691718124687,
        -0.0011421626177447093,
        16.857041868956003
      ],
      [
        -0.839773761849272,
        -0.5430161652484529,
        0.0009766024443377517,
        69.86738871852867
      ],
      [
        0.0002011600425364606,
        0.001487576186305447,
        1.0000052741938341,
        0.5769047836173513
      ],
      [
        0.0,
        0.0,
        0.0,
        1.0
      ]
    ],
    "location": [
      16.857041868956003,
      69.86738871852867,
      0.5769047836173513
    ],
    "rotation": [
      0.001487567243323189,
      -0.00020115875630379506,
      -2.1447978617293817
    ]
  },
  {
    "label_id": "K-eppQ_Y2mxaYi38LjA21Q",
    "size": [
      2.1091266235391615,
      4.81993915668481,
      1.500000000000007
    ],
    "obj_class": "vehicle",
    "point_num_in_lidar": 723,
    "speed": 2.2633851592411682,
    "if_vehicle": true,
    "motion_state": true,
    "pose": [
      [
        -0.9656691246529232,
        -0.2599385120712489,
        -0.0011421626177447093,
        23.932674240983033
      ],
      [
        0.2599317856873275,
        -0.9656717835791879,
        0.0009766024443377517,
        9.529385144422122
      ],
      [
        -0.0013546202667549848,
        0.0006468015195351477,
        1.0000052741938341,
        1.016342633833574
      ],
      [
        0.0,
        0.0,
        0.0,
        1.0
      ]
    ],
    "location": [
      23.932674240983033,
      9.529385144422122,
      1.016342633833574
    ],
    "rotation": [
      0.0006467980180010558,
      0.0013546120103534467,
      2.878652047843535
    ]
  },
  {
    "label_id": "KOEE6quaGGyBFe93Q79Llg",
    "size": [
      0.8525538982015717,
      1.2101923106300116,
      1.8200000000000003
    ],
    "obj_class": "pedestrian",
    "point_num_in_lidar": 433,
    "speed": 1.6819641789929785,
    "if_vehicle": false,
    "motion_state": true,
    "pose": [
      [
        0.1739383426387588,
        0.9847996452709757,
        -0.0011421626177447093,
        10.680552575766342
      ],
      [
        -0.9847992020247608,
        0.17394556189511465,
        0.0009766024443377517,
        -6.256358753569657
      ],
      [
        0.0011600566906867045,
        0.0009526892185646588,
        1.0000052741938341,
        1.0039729106789537
      ],
      [
        0.0,
        0.0,
        0.0,
        1.0
      ]
    ],
    "location": [
      10.680552575766342,
      -6.256358753569657,
      1.0039729106789537
    ],
    "rotation": [
      0.0009526839057027116,
      -0.0011600495255547853,
      -1.3959761720798078
    ]
  },
  {
    "label_id": "LZxOUoMGi7vtc5t3F_znJA",
    "size": [
      0.8094053723148302,
      1.0083618395238672,
      1.6300000000000026
    ],
    "obj_class": "pedestrian",
    "point_num_in_lidar": 319,
    "speed": 1.1947840856193563,
    "if_vehicle": false,
    "motion_state": true,
    "pose": [
      [
        0.8476852969274803,
        0.5305794245339027,
        -0.0011421626177447093,
        8.0970396479388
      ],
      [
        -0.530573767672125,
        0.8476898040379032,
        0.0009766024443377517,
        -7.972324259360903
      ],
      [
        0.0014844481250596093,
        -0.00022307406120688702,
        1.0000052741938341,
        0.8558119132057982
      ],
      [
        0.0,
        0.0,
        0.0,
        1.0
      ]
    ],
    "location": [
      8.0970396479388,
      -7.972324259360903,
      0.8558119132057982
    ],
    "rotation": [
      -0.0002230728809771062,
      -0.001484439168548715,
      -0.5592526359294715
    ]
  },
  {
    "label_id": "LinZfU-zluGcqLzAeStW8g",
    "size": [
      0.5054790318200182,
      0.10862760562286883,
      0.4322335325982465
    ],
    "obj_class": "sign",
    "point_num_in_lidar": 38,
    "speed": 0.00058371625632519,
    "if_vehicle": false,
    "motion_state": false,
    "pose": [
      [
        0.194603002144649,
        0.9809253589963142,
        -0.0011421626177447093,
        4.687124281015713
      ],
      [
        -0.9809247640801446,
        0.19461021048733584,
        0.0009766024443377517,
        20.931952061961056
      ],
      [
        0.001179828371362979,
        0.000928091206134025,
        1.0000052741938341,
        2.9170553593886552
      ],
      [
        0.0,
        0.0,
        0.0,
        1.0
      ]
    ],
    "location": [
      4.687124281015713,
      20.931952061961056,
      2.9170553593886552
    ],
    "rotation": [
      0.0009280860447598084,
      -0.0011798210932075556,
      -1.3749519328939397
    ]
  },
  {
    "label_id": "MMD9C-pfI8EcfG-gPi3gJQ",
    "size": [
      1.8487968183746561,
      4.512174364374527,
      1.730000000000004
    ],
    "obj_class": "vehicle",
    "point_num_in_lidar": 54,
    "speed": 2.344151099934926,
    "if_vehicle": true,
    "motion_state": true,
    "pose": [
      [
        0.28784130612007863,
        0.9577224393616582,
        -0.0011421626177447093,
        26.224539030357846
      ],
      [
        -0.9577211554280909,
        0.2878484241004196,
        0.0009766024443377517,
        -33.621689064151724
      ],
      [
        0.001263449044211863,
        0.0008105829910974304,
        1.0000052741938341,
        1.2784588689190741
      ],
      [
        0.0,
        0.0,
        0.0,
        1.0
      ]
    ],
    "location": [
      26.224539030357846,
      -33.621689064151724,
      1.2784588689190741
    ],
    "rotation": [
      0.0008105785384212678,
      -0.001263441293236557,
      -1.2788367330182742
    ]
  },
  {
    "label_id": "MV_5Q0rxAuIpiIi20l_8Sw",
    "size": [
      2.072069356398145,
      4.341091663754647,
      1.8400000000000034
    ],
    "obj_class": "vehicle",
    "point_num_in_lidar": 57,
    "speed": 0.0033071542978430402,
    "if_vehicle": true,
    "motion_state": false,
    "pose": [
      [
        -0.2645342805553056,
        -0.9644202936359462,
        -0.0011421626177447093,
        11.639950638309529
      ],
      [
        0.9644191826732602,
        -0.2645414275750655,
        0.0009766024443377517,
        57.23791650597559
      ],
      [
        -0.0012434229429687618,
        -0.000840980176743322,
        1.0000052741938341,
        0.44504887330731435
      ],
      [
        0.0,
        0.0,
        0.0,
        1.0
      ]
    ],
    "location": [
      11.639950638309529,
      57.23791650597559,
      0.44504887330731435
    ],
    "rotation": [
      -0.0008409755430170537,
      0.0012434153044453607,
      1.838505946075289
    ]
  },
  {
    "label_id": "MjDrc4ihzQVdQ9IC3yqsig",
    "size": [
      0.8281349090421606,
      0.7298107158624727,
      1.7100000000000009
    ],
    "obj_class": "pedestrian",
    "point_num_in_lidar": 39,
    "speed": 1.1232951205842259,
    "if_vehicle": false,
    "motion_state": true,
    "pose": [
      [
        -0.018490445069180406,
        0.9998714876457381,
        -0.0011421626177447093,
        18.25970682163461
      ],
      [
        -0.9998724395402036,
        -0.01848327513009654,
        0.0009766024443377517,
        48.303682821569964
      ],
      [
        0.0009554287542761496,
        0.0011578014373279427,
        1.0000052741938341,
        0.8592116178824654
      ],
      [
        0.0,
        0.0,
        0.0,
        1.0
      ]
    ],
    "location": [
      18.25970682163461,
      48.303682821569964,
      0.8592116178824654
    ],
    "rotation": [
      0.001157794813553665,
      -0.0009554227841051193,
      -1.5892870231673122
    ]
  },
  {
    "label_id": "NcatSspzHLij99dYOQK-rg",
    "size": [
      1.7739550460131526,
      3.9636768702055396,
      1.3800000000000026
    ],
    "obj_class": "vehicle",
    "point_num_in_lidar": 23,
    "speed": 1.1368683772161603e-12,
    "if_vehicle": true,
    "motion_state": false,
    "pose": [
      [
        0.3073031352293297,
        0.9516562779932586,
        -0.0011421626177447093,
        76.43869141616597
      ],
      [
        -0.951654849237862,
        0.3073102255598972,
        0.0009766024443377517,
        6.585942172634532
      ],
      [
        0.0012797089771673128,
        0.0007846612049373387,
        1.0000052741938341,
        0.9503687605235882
      ],
      [
        0.0,
        0.0,
        0.0,
        1.0
      ]
    ],
    "location": [
      76.43869141616597,
      6.585942172634532,
      0.9503687605235882
    ],
    "rotation": [
      0.0007846569054696264,
      -0.0012797011352604884,
      -1.2584518598296193
    ]
  },
  {
    "label_id": "Nd72enoaUv9l45M43pbdYw",
    "size": [
      0.961911822323091,
      0.7962712858776171,
      1.6499999999999986
    ],
    "obj_class": "pedestrian",
    "point_num_in_lidar": 385,
    "speed": 0.0020826575674349076,
    "if_vehicle": false,
    "motion_state": false,
    "pose": [
      [
        0.9771196641023498,
        -0.21288976112126412,
        -0.0011421626177447093,
        5.6213888413549284
      ],
      [
        0.21289695709537707,
        0.9771189346600249,
        0.0009766024443377517,
        7.623011235315062
      ],
      [
        0.000905893712457892,
        -0.0011969564964966716,
        1.0000052741938341,
        0.7164223997980343
      ],
      [
        0.0,
        0.0,
        0.0,
        1.0
      ]
    ],
    "location": [
      5.6213888413549284,
      7.623011235315062,
      0.7164223997980343
    ],
    "rotation": [
      -0.0011969496119304686,
      -0.0009058880378952017,
      0.21452935468163584
    ]
  },
  {
    "label_id": "PLIUxvOCVsYz1y-U52_w-g",
    "size": [
      1.1418908073056169,
      1.0812464483086648,
      1.6799999999999997
    ],
    "obj_class": "pedestrian",
    "point_num_in_lidar": 658,
    "speed": 1.7121978916690148,
    "if_vehicle": false,
    "motion_state": true,
    "pose": [
      [
        0.9918353393398784,
        -0.12785753009622078,
        -0.0011421626177447093,
        -2.0695971414534142
      ],
      [
        0.12786476216508622,
        0.9918352329939074,
        0.0009766024443377517,
        6.568349597124325
      ],
      [
        0.0010057130981170443,
        -0.0011144009319146062,
        1.0000052741938341,
        0.7737249206589922
      ],
      [
        0.0,
        0.0,
        0.0,
        1.0
      ]
    ],
    "location": [
      -2.0695971414534142,
      6.568349597124325,
      0.7737249206589922
    ],
    "rotation": [
      -0.0011143945930658092,
      -0.0010057068302644944,
      0.12821017854179467
    ]
  },
  {
    "label_id": "RLwpXW5onTXDRmiQoJpcRw",
    "size": [
      0.9158691018579185,
      1.1417508792291562,
      1.8500000000000014
    ],
    "obj_class": "pedestrian",
    "point_num_in_lidar": 913,
    "speed": 1.5299961551658414,
    "if_vehicle": false,
    "motion_state": true,
    "pose": [
      [
        0.4828057190306924,
        0.875775956530558,
        -0.0011421626177447093,
        7.312986098593683
      ],
      [
        -0.8757732044564467,
        0.4828124078435635,
        0.0009766024443377517,
        -2.611707448573725
      ],
      [
        0.0014056554443747358,
        0.0005267646955481999,
        1.0000052741938341,
        0.9012510531508724
      ],
      [
        0.0,
        0.0,
        0.0,
        1.0
      ]
    ],
    "location": [
      7.312986098593683,
      -2.611707448573725,
      0.9012510531508724
    ],
    "rotation": [
      0.0005267618685821167,
      -0.0014056469099162706,
      -1.0669626313181717
    ]
  },
  {
    "label_id": "SQQ6HVe8YtnoiVO4yfPY2Q",
    "size": [
      1.927476705803066,
      4.326488639833419,
      1.3500000000000014
    ],
    "obj_class": "vehicle",
    "point_num_in_lidar": 158,
    "speed": 3.5950934718225418e-12,
    "if_vehicle": true,
    "motion_state": false,
    "pose": [
      [
        -0.20666742211740396,
        -0.9784546310387132,
        -0.0011421626177447093,
        29.322771121078404
      ],
      [
        0.9784539474036777,
        -0.2066746225877134,
        0.0009766024443377517,
        -18.481680285040056
      ],
      [
        -0.0011911674876408276,
        -0.0009134923585688954,
        1.0000052741938341,
        0.9264240176422618
      ],
      [
        0.0,
        0.0,
        0.0,
        1.0
      ]
    ],
    "location": [
      29.322771121078404,
      -18.481680285040056,
      0.9264240176422618
    ],
    "rotation": [
      -0.00091348728656922,
      0.0011911601448737008,
      1.7789551186873036
    ]
  },
  {
    "label_id": "WRasNf5aFU5EQsYKqc3aig",
    "size": [
      0.8642005477217258,
      0.9213117662531766,
      1.6099999999999994
    ],
    "obj_class": "pedestrian",
    "point_num_in_lidar": 284,
    "speed": 1.179975676704483,
    "if_vehicle": false,
    "motion_state": true,
    "pose": [
      [
        0.9871273389857627,
        -0.16020145128133254,
        -0.0011421626177447093,
        2.6404471516943886
      ],
      [
        0.16020867601225364,
        0.9871269963596445,
        0.0009766024443377517,
        -9.502189790087868
      ],
      [
        0.0009687584108382455,
        -0.001146671449983158,
        1.0000052741938341,
        0.7809727515533496
      ],
      [
        0.0,
        0.0,
        0.0,
        1.0
      ]
    ],
    "location": [
      2.6404471516943886,
      -9.502189790087868,
      0.7809727515533496
    ],
    "rotation": [
      -0.0011466648996868573,
      -0.0009687523615155875,
      0.1608949797434447
    ]
  },
  {
    "label_id": "Wc72pGuPCXfpIpqhr-sJew",
    "size": [
      0.9748219167137545,
      1.4516448810316316,
      1.6099999999999994
    ],
    "obj_class": "pedestrian",
    "point_num_in_lidar": 98,
    "speed": 1.3032032281251644,
    "if_vehicle": false,
    "motion_state": true,
    "pose": [
      [
        0.9941033745136392,
        -0.10882724450409213,
        -0.0011421626177447093,
        29.439394681045087
      ],
      [
        0.10883447728285255,
        0.9941034067772734,
        0.0009766024443377517,
        15.108753238018835
      ],
      [
        0.0010268839808883854,
        -0.0010949235418837,
        1.0000052741938341,
        1.1448691089336762
      ],
      [
        0.0,
        0.0,
        0.0,
        1.0
      ]
    ],
    "location": [
      29.439394681045087,
      15.108753238018835,
      1.1448691089336762
    ],
    "rotation": [
      -0.0010949173295299458,
      -0.0010268775884583186,
      0.10904575416021278
    ]
  },
  {
    "label_id": "XOGZVIJgjh_BcRiES2OlFA",
    "size": [
      2.2833126905500505,
      5.01776074174188,
      1.7999999999999972
    ],
    "obj_class": "vehicle",
    "point_num_in_lidar": 57,
    "speed": 2.2737367544323206e-12,
    "if_vehicle": true,
    "motion_state": false,
    "pose": [
      [
        -0.9781437668735822,
        0.20813375433148104,
        -0.0011421626177447093,
        63.74672012504743
      ],
      [
        -0.2081409537690306,
        -0.9781430724468333,
        0.0009766024443377517,
        19.87463532618858
      ],
      [
        -0.0009117059417673266,
        0.0011925353447686453,
        1.0000052741938341,
        0.9871928798756926
      ],
      [
        0.0,
        0.0,
        0.0,
        1.0
      ]
    ],
    "location": [
      63.74672012504743,
      19.87463532618858,
      0.9871928798756926
    ],
    "rotation": [
      0.0011925284898310596,
      0.0009117002324017737,
      -2.931928103127137
    ]
  },
  {
    "label_id": "XzMQXo511mOTZ9b8qsu5-g",
    "size": [
      1.73724538115886,
      3.7302123275017713,
      1.2000000000000028
    ],
    "obj_class": "vehicle",
    "point_num_in_lidar": 24,
    "speed": 0.002525323885168333,
    "if_vehicle": true,
    "motion_state": false,
    "pose": [
      [
        -0.7109168673923669,
        0.7033364031690535,
        -0.0011421626177447093,
        17.84461644494877
      ],
      [
        -0.7033420879457818,
        -0.7109123955422924,
        0.0009766024443377517,
        66.31882770358061
      ],
      [
        -0.00012346636262903834,
        0.0014960295217927614,
        1.0000052741938341,
        0.4258937449927771
      ],
      [
        0.0,
        0.0,
        0.0,
        1.0
      ]
    ],
    "location": [
      17.84461644494877,
      66.31882770358061,
      0.4258937449927771
    ],
    "rotation": [
      0.0014960205154138048,
      0.0001234655726567026,
      -2.36155044497501
    ]
  },
  {
    "label_id": "Z9OsRYR58DxyfT5G8nd1sw",
    "size": [
      0.9114227453940072,
      0.9160872246739158,
      1.9500000000000028
    ],
    "obj_class": "pedestrian",
    "point_num_in_lidar": 564,
    "speed": 0.01554686218844061,
    "if_vehicle": false,
    "motion_state": false,
    "pose": [
      [
        -0.5594437119013782,
        0.8289195507283958,
        -0.0011421626177447093,
        6.4710362342812004
      ],
      [
        -0.8289242498863023,
        -0.5594382135339379,
        0.0009766024443377517,
        8.23719182019704
      ],
      [
        0.00017184474517112572,
        0.001491247013855649,
        1.0000052741938341,
        0.8645554169713705
      ],
      [
        0.0,
        0.0,
        0.0,
        1.0
      ]
    ],
    "location": [
      6.4710362342812004,
      8.23719182019704,
      0.8645554169713705
    ],
    "rotation": [
      0.001491238043369811,
      -0.00017184364606953527,
      -2.164479558750008
    ]
  },
  {
    "label_id": "Zf_0k6PmuzbSRQRWpdsKQg",
    "size": [
      1.926300938527622,
      4.30626809851573,
      1.480000000000004
    ],
    "obj_class": "vehicle",
    "point_num_in_lidar": 63,
    "speed": 3.5446647925871,
    "if_vehicle": true,
    "motion_state": true,
    "pose": [
      [
        -0.5359978035014473,
        -0.8442696506492353,
        -0.0011421626177447093,
        15.596933372937201
      ],
      [
        0.844266490528674,
        -0.5360043094808185,
        0.0009766024443377517,
        19.628923880300135
      ],
      [
        -0.0014355185017745206,
        -0.0004389019296373236,
        1.0000052741938341,
        0.9103763002646019
      ],
      [
        0.0,
        0.0,
        0.0,
        1.0
      ]
    ],
    "location": [
      15.596933372937201,
      19.628923880300135,
      0.9103763002646019
    ],
    "rotation": [
      -0.0004388995866135203,
      0.001435509806301395,
      2.136460303165729
    ]
  },
  {
    "label_id": "Zfh8PMMz_gcqeqExLpq5tQ",
    "size": [
      1.8903948451336423,
      4.104269830155506,
      1.3600000000000065
    ],
    "obj_class": "vehicle",
    "point_num_in_lidar": 29,
    "speed": 1.1368683772161603e-12,
    "if_vehicle": true,
    "motion_state": false,
    "pose": [
      [
        0.9620117342447351,
        -0.2731635252759692,
        -0.0011421626177447093,
        69.21530495005572
      ],
      [
        0.27317066205625,
        0.9620105592993055,
        0.0009766024443377517,
        10.470325576687173
      ],
      [
        0.0008298070942513829,
        -0.0012509070545433834,
        1.0000052741938341,
        0.8249656107270766
      ],
      [
        0.0,
        0.0,
        0.0,
        1.0
      ]
    ],
    "location": [
      69.21530495005572,
      10.470325576687173,
      0.8249656107270766
    ],
    "rotation": [
      -0.0012508998046028737,
      -0.0008298018780347903,
      0.27667491509482434
    ]
  },
  {
    "label_id": "ZijCE1sh3tPNneGP7MwI4w",
    "size": [
      0.747959098074654,
      0.5607518156480158,
      1.75
    ],
    "obj_class": "pedestrian",
    "point_num_in_lidar": 23,
    "speed": 1.226042292592202,
    "if_vehicle": false,
    "motion_state": true,
    "pose": [
      [
        -0.24944466498697324,
        -0.9684328822769777,
        -0.0011421626177447093,
        32.729952779758605
      ],
