[
  {
    "label_id": "1XGa86vdVK8I7WhqZCOcOQ",
    "size": [
      1.9388804825461057,
      4.415578465873616,
      1.6900000000000048
    ],
    "obj_class": "vehicle",
    "point_num_in_lidar": 45,
    "speed": 1.1368683772161603e-12,
    "if_vehicle": true,
    "motion_state": false,
    "pose": [
      [
        -0.20668327972481737,
        -0.9784511246200707,
        0.0012694538650007883,
        30.324728872656124
      ],
      [
        0.9784508079267363,
        -0.20668773810815266,
        0.0012945837938888503,
        -24.122918183755246
      ],
      [
        -0.0010038717266752982,
        0.0015117011603548102,
        1.000004754371156,
        1.1161911756323661
      ],
      [
        0.0,
        0.0,
        0.0,
        1.0
      ]
    ],
    "location": [
      30.324728872656124,
      -24.122918183755246,
      1.1161911756323661
    ],
    "rotation": [
      0.0015116928216850698,
      0.0010038654696795217,
      1.7789712820996963
    ]
  },
  {
    "label_id": "2EWbspym0T1YkCd3xXEsUA",
    "size": [
      0.7170531407632246,
      0.8462840361255533,
      1.6899999999999977
    ],
    "obj_class": "pedestrian",
    "point_num_in_lidar": 218,
    "speed": 1.2409806560751888,
    "if_vehicle": false,
    "motion_state": true,
    "pose": [
      [
        0.3048255511063656,
        0.9524526050049884,
        0.0012694538650007883,
        11.404516664268158
      ],
      [
        -0.9524518378979893,
        0.3048299544032537,
        0.0012945837938888503,
        -10.000270864584309
      ],
      [
        0.000845423439115274,
        -0.0016056955036465132,
        1.000004754371156,
        0.8876214817998971
      ],
      [
        0.0,
        0.0,
        0.0,
        1.0
      ]
    ],
    "location": [
      11.404516664268158,
      -10.000270864584309,
      0.8876214817998971
    ],
    "rotation": [
      -0.001605686489666451,
      -0.0008454181284195272,
      -1.2610543697434096
    ]
  },
  {
    "label_id": "2kx3n6sQg97wQoT2iuuqkw",
    "size": [
      1.9436068624993112,
      4.581826043400449,
      1.470000000000006
    ],
    "obj_class": "vehicle",
    "point_num_in_lidar": 72,
    "speed": 1.1368683772161603e-12,
    "if_vehicle": true,
    "motion_state": false,
    "pose": [
      [
        0.9673882524944598,
        -0.2534650869918838,
        0.0012694538650007883,
        38.0740487922958
      ],
      [
        0.2534695250050959,
        0.967387721914248,
        0.0012945837938888503,
        3.486272366339108
      ],
      [
        -0.0015581968126373105,
        -0.0009300653390612072,
        1.000004754371156,
        0.9448837834246433
      ],
      [
        0.0,
        0.0,
        0.0,
        1.0
      ]
    ],
    "location": [
      38.0740487922958,
      3.486272366339108,
      0.9448837834246433
    ],
    "rotation": [
      -0.0009300606490348575,
      0.0015581874694323274,
      0.2562538567573011
    ]
  },
  {
    "label_id": "3NGaBQl276KzZKljja6dOA",
    "size": [
      0.7299292117232196,
      0.694010124373706,
      1.1000000000000014
    ],
    "obj_class": "pedestrian",
    "point_num_in_lidar": 158,
    "speed": 0.001644585241894958,
    "if_vehicle": false,
    "motion_state": false,
    "pose": [
      [
        0.7398046152989414,
        0.6728846205483324,
        0.0012694538650007883,
        2.6346152442420134
      ],
      [
        -0.6728817566484376,
        0.7398080468516548,
        0.0012945837938888503,
        12.672384214398335
      ],
      [
        -6.95887553909012e-05,
        -0.0018133273965170403,
        1.000004754371156,
        0.7077480725273517
      ],
      [
        0.0,
        0.0,
        0.0,
        1.0
      ]
    ],
    "location": [
      2.6346152442420134,
      12.672384214398335,
      0.7077480725273517
    ],
    "rotation": [
      -0.001813316787857558,
      6.958831002193843e-05,
      -0.7380607890213597
    ]
  },
  {
    "label_id": "3P6tBBZUHGg_gbV4OhqorA",
    "size": [
      0.8275096005617851,
      0.8398197400242338,
      1.6499999999999986
    ],
    "obj_class": "pedestrian",
    "point_num_in_lidar": 329,
    "speed": 1.278934018403121,
    "if_vehicle": false,
    "motion_state": true,
    "pose": [
      [
        0.9987410449795179,
        -0.05099908294575893,
        0.0012694538650007883,
        7.442372986573901
      ],
      [
        0.05100353595142598,
        0.9987414299693386,
        0.0012945837938888503,
        -8.295981658004166
      ],
      [
        -0.001335955896376531,
        -0.001228096366240413,
        1.000004754371156,
        0.8488368375191158
      ],
      [
        0.0,
        0.0,
        0.0,
        1.0
      ]
    ],
    "location": [
      7.442372986573901,
      -8.295981658004166,
      0.8488368375191158
    ],
    "rotation": [
      -0.0012280899100381496,
      0.0013359477425529175,
      0.051023503730444675
    ]
  },
  {
    "label_id": "4JRTQZlhJCGV0xv6XMfMIw",
    "size": [
      2.125651386593604,
      4.668043267308801,
      1.6099999999999994
    ],
    "obj_class": "vehicle",
    "point_num_in_lidar": 71,
    "speed": 6.629024818318272e-12,
    "if_vehicle": true,
    "motion_state": false,
    "pose": [
      [
        0.17524739218855495,
        0.9845673836356751,
        0.0012694538650007883,
        21.038530629746674
      ],
      [
        -0.9845672098617185,
        0.17525185842626073,
        0.0012945837938888503,
        48.924334829695
      ],
      [
        0.0010517614924508867,
        -0.001478782135689234,
        1.000004754371156,
        0.9532368023650406
      ],
      [
        0.0,
        0.0,
        0.0,
        1.0
      ]
    ],
    "location": [
      21.038530629746674,
      48.924334829695,
      0.9532368023650406
    ],
    "rotation": [
      -0.0014787740271283991,
      -0.0010517549542209716,
      -1.3946467802419258
    ]
  },
  {
    "label_id": "50vFTXzPARJLsyl_rL8FYw",
    "size": [
      0.9071328832639647,
      0.8769552914394498,
      1.8200000000000003
    ],
    "obj_class": "pedestrian",
    "point_num_in_lidar": 137,
    "speed": 1.0986903354630404,
    "if_vehicle": false,
    "motion_state": true,
    "pose": [
      [
        -0.9153436837387904,
        -0.4027785024397273,
        0.0012694538650007883,
        25.17623577130871
      ],
      [
        0.40277469617565,
        -0.9153460267775025,
        0.0012945837938888503,
        -11.446824429374828
      ],
      [
        0.000642464926019484,
        0.0016971262948498867,
        1.000004754371156,
        1.0456433911366503
      ],
      [
        0.0,
        0.0,
        0.0,
        1.0
      ]
    ],
    "location": [
      25.17623577130871,
      -11.446824429374828,
      1.0456433911366503
    ],
    "rotation": [
      0.0016971165967703096,
      -0.0006424608579134544,
      2.7270642925577513
    ]
  },
  {
    "label_id": "51XfsSndNbxOYol5ZhZdTA",
    "size": [
      1.8797856288791166,
      4.076636714678694,
      1.3999999999999986
    ],
    "obj_class": "vehicle",
    "point_num_in_lidar": 22,
    "speed": 1.6077746776921857e-12,
    "if_vehicle": true,
    "motion_state": false,
    "pose": [
      [
        -0.9803794475847047,
        0.19733403188907203,
        0.0012694538650007883,
        24.619447444223624
      ],
      [
        -0.19733849309229,
        -0.9803791734634165,
        0.0012945837938888503,
        44.40129236579378
      ],
      [
        0.0015020498034159307,
        0.0010182559746420813,
        1.000004754371156,
        0.9143275007485272
      ],
      [
        0.0,
        0.0,
        0.0,
        1.0
      ]
    ],
    "location": [
      24.619447444223624,
      44.40129236579378,
      0.9143275007485272
    ],
    "rotation": [
      0.0010182507815788841,
      -0.0015020407538637822,
      -2.9429590622025628
    ]
  },
  {
    "label_id": "7tOgwMtQQau9C7cR3nDM_A",
    "size": [
      2.1995109981502625,
      4.668562141136059,
      1.6400000000000006
    ],
    "obj_class": "vehicle",
    "point_num_in_lidar": 80,
    "speed": 0.021749663231733152,
    "if_vehicle": true,
    "motion_state": false,
    "pose": [
      [
        -0.23365075309981562,
        -0.9723640814859303,
        0.0012694538650007883,
        33.34856353496434
      ],
      [
        0.972363641674502,
        -0.23365520102546022,
        0.0012945837938888503,
        -36.07665090597584
      ],
      [
        -0.000961701526441883,
        0.0015388726444626518,
        1.000004754371156,
        1.4085224117313828
      ],
      [
        0.0,
        0.0,
        0.0,
        1.0
      ]
    ],
    "location": [
      33.34856353496434,
      -36.07665090597584,
      1.4085224117313828
    ],
    "rotation": [
      0.0015388641133951208,
      0.0009616955190017809,
      1.806616947455576
    ]
  },
  {
    "label_id": "8bU9YqZGCj5wFCjrgGqXyA",
    "size": [
      0.3109838342945209,
      0.08639544551842648,
      0.6700000000000017
    ],
    "obj_class": "sign",
    "point_num_in_lidar": 20,
    "speed": 2.5421149729252077e-12,
    "if_vehicle": false,
    "motion_state": false,
    "pose": [
      [
        0.09915839399654992,
        0.9951141614348141,
        0.0012694538650007883,
        21.218823985727795
      ],
      [
        -0.9951143309865075,
        0.09916286039653827,
        0.0012945837938888503,
        22.9295292631723
      ],
      [
        0.0011621648669372395,
        -0.0013936899453941927,
        1.000004754371156,
        2.985444101914595
      ],
      [
        0.0,
        0.0,
        0.0,
        1.0
      ]
    ],
    "location": [
      21.218823985727795,
      22.9295292631723,
      2.985444101914595
    ],
    "rotation": [
      -0.001393682416965721,
      -0.0011621576897323357,
      -1.4714789464326543
    ]
  },
  {
    "label_id": "9VwGco63NvqDkOZ7SoAOWQ",
    "size": [
      2.1388433729802157,
      4.855035932090138,
      1.5600000000000023
    ],
    "obj_class": "vehicle",
    "point_num_in_lidar": 279,
    "speed": 4.564004605933534,
    "if_vehicle": true,
    "motion_state": true,
    "pose": [
      [
        0.2267435596661874,
        0.9739979155716885,
        0.0012694538650007883,
        12.801572156560724
      ],
      [
        -0.9739975073402812,
        0.22674801060134206,
        0.0012945837938888503,
        21.223616817442235
      ],
      [
        0.0009725993801828731,
        -0.0015320082530796016,
        1.000004754371156,
        0.8070479763550793
      ],
      [
        0.0,
        0.0,
        0.0,
        1.0
      ]
    ],
    "location": [
      12.801572156560724,
      21.223616817442235,
      0.8070479763550793
    ],
    "rotation": [
      -0.0015319997708308716,
      -0.000972593308084343,
      -1.3420732289716844
    ]
  },
  {
    "label_id": "C4lVCY0U7eKSegXd8LC_FQ",
    "size": [
      0.9018772145063882,
      0.944866519994953,
      1.3999999999999986
    ],
    "obj_class": "pedestrian",
    "point_num_in_lidar": 65,
    "speed": 0.002311213517623303,
    "if_vehicle": false,
    "motion_state": false,
    "pose": [
      [
        0.17203705133077202,
        0.9851334094210292,
        0.0012694538650007883,
        34.10808576889394
      ],
      [
        -0.9851332502066612,
        0.17204151811120286,
        0.0012945837938888503,
        17.980610825186886
      ],
      [
        0.001056576313950067,
        -0.0014753458356045934,
        1.000004754371156,
        1.005788473378857
      ],
      [
        0.0,
        0.0,
        0.0,
        1.0
      ]
    ],
    "location": [
      34.10808576889394,
      17.980610825186886,
      1.005788473378857
    ],
    "rotation": [
      -0.0014753377508780448,
      -0.001056569747576588,
      -1.397906504807616
    ]
  },
  {
    "label_id": "CpPxlJb2rlUaBE-2xJoBWw",
    "size": [
      0.7881720904041704,
      0.994941850972178,
      1.8900000000000006
    ],
    "obj_class": "pedestrian",
    "point_num_in_lidar": 422,
    "speed": 0.7740241200227926,
    "if_vehicle": false,
    "motion_state": false,
    "pose": [
      [
        -0.10878470288741557,
        -0.9941078763422936,
        0.0012694538650007883,
        7.397191367177584
      ],
      [
        0.994108002659158,
        -0.10878917071918079,
        0.0012945837938888503,
        7.187010530375119
      ],
      [
        -0.0011486219718278702,
        0.001404872381275385,
        1.000004754371156,
        0.8970454296472781
      ],
      [
        0.0,
        0.0,
        0.0,
        1.0
      ]
    ],
    "location": [
      7.397191367177584,
      7.187010530375119,
      0.8970454296472781
    ],
    "rotation": [
      0.0014048647777868814,
      0.0011486148722692317,
      1.679792100639516
    ]
  },
  {
    "label_id": "DnS7Up19TsoNk12Ymz9Ndg",
    "size": [
      1.9636513337650352,
      4.880426123448928,
      1.5200000000000031
    ],
    "obj_class": "vehicle",
    "point_num_in_lidar": 153,
    "speed": 0.9318939735068406,
    "if_vehicle": true,
    "motion_state": false,
    "pose": [
      [
        -0.4915138585093399,
        -0.8709183132081613,
        0.0012694538650007883,
        14.342151127748366
      ],
      [
        0.8709166696965337,
        -0.49151801499176656,
        0.0012945837938888503,
        31.089199203721364
      ],
      [
        -0.0005024906719319623,
        0.0017437035202285617,
        1.000004754371156,
        0.7368511210650013
      ],
      [
        0.0,
        0.0,
        0.0,
        1.0
      ]
    ],
    "location": [
      14.342151127748366,
      31.089199203721364,
      0.7368511210650013
    ],
    "rotation": [
      0.0017436934628380244,
      0.0005024874767252243,
      2.084600498906915
    ]
  },
  {
    "label_id": "EMpodh1TjmNyW98IZUh2MA",
    "size": [
      2.1737203176307127,
      4.530987525728997,
      1.8900000000000006
    ],
    "obj_class": "vehicle",
    "point_num_in_lidar": 258,
    "speed": 2.5421149729252077e-12,
    "if_vehicle": true,
    "motion_state": false,
    "pose": [
      [
        -0.6127217431773943,
        0.7903522295949719,
        0.0012694538650007883,
        16.57635719550308
      ],
      [
        -0.7903554256956333,
        -0.6127186186906854,
        0.0012945837938888503,
        -18.113456064165803
      ],
      [
        0.0018022658038928823,
        -0.00021174705182001158,
        1.000004754371156,
        0.8932764402625253
      ],
      [
        0.0,
        0.0,
        0.0,
        1.0
      ]
    ],
    "location": [
      16.57635719550308,
      -18.113456064165803,
      0.8932764402625253
    ],
    "rotation": [
      -0.00021174604193607984,
      -0.0018022552435710327,
      -2.2302615373734227
    ]
  },
  {
    "label_id": "FRk_wv4gWEdPQOAxAVKlJw",
    "size": [
      2.037549030955152,
      4.4473342942274545,
      1.3600000000000065
    ],
    "obj_class": "vehicle",
    "point_num_in_lidar": 211,
    "speed": 0.001588659352893956,
    "if_vehicle": true,
    "motion_state": false,
    "pose": [
      [
        -0.9749260132575966,
        0.22271921798923539,
        0.0012694538650007883,
        34.70557737177296
      ],
      [
        -0.2227236705723446,
        -0.9749256234111037,
        0.0012945837938888503,
        12.970894012963981
      ],
      [
        0.0015279785562549181,
        0.0009789179605366625,
        1.000004754371156,
        0.9655206472674536
      ],
      [
        0.0,
        0.0,
        0.0,
        1.0
      ]
    ],
    "location": [
      34.70557737177296,
      12.970894012963981,
      0.9655206472674536
    ],
    "rotation": [
      0.000978912993731491,
      -0.0015279693704944029,
      -2.9169951107685526
    ]
  },
  {
    "label_id": "GsCzF8GSnnWdvaGVsW2nYA",
    "size": [
      0.959744152734274,
      0.9549516162441378,
      1.7999999999999972
    ],
    "obj_class": "pedestrian",
    "point_num_in_lidar": 92,
    "speed": 1.3119486930813695,
    "if_vehicle": false,
    "motion_state": true,
    "pose": [
      [
        0.31486401938604563,
        0.9491813476276026,
        0.0012694538650007883,
        10.158896046974405
      ],
      [
        -0.9491805340758342,
        0.31486841433885,
        0.0012945837938888503,
        -10.085650816836278
      ],
      [
        0.0008284242964681834,
        -0.001614531519313673,
        1.000004754371156,
        0.9589229784232884
      ],
      [
        0.0,
        0.0,
        0.0,
        1.0
      ]
    ],
    "location": [
      10.158896046974405,
      -10.085650816836278,
      0.9589229784232884
    ],
    "rotation": [
      -0.0016145224404173753,
      -0.0008284190886273493,
      -1.25049671615651
    ]
  },
  {
    "label_id": "IlvD3LQihY_gza6wNBNkbw",
    "size": [
      2.2304143002019643,
      4.640428889590738,
      1.6000000000000014
    ],
    "obj_class": "vehicle",
    "point_num_in_lidar": 42,
    "speed": 2.5421149729252077e-12,
    "if_vehicle": true,
    "motion_state": false,
    "pose": [
      [
        -0.595572671651823,
        0.8033540777077054,
        0.0012694538650007883,
        17.02719780364714
      ],
      [
        -0.8033572058340372,
        -0.5955694791132901,
        0.0012945837938888503,
        -22.7356223210154
      ],
      [
        0.001797292010326445,
        -0.00025048008194834966,
        1.000004754371156,
        0.7736628109606727
      ],
      [
        0.0,
        0.0,
        0.0,
        1.0
      ]
    ],
    "location": [
      17.02719780364714,
      -22.7356223210154,
      0.7736628109606727
    ],
    "rotation": [
      -0.0002504788858404135,
      -0.0017972814737855188,
      -2.208741469745894
    ]
  },
  {
    "label_id": "JKMgfkGQyJGWNzwnfDn1zw",
    "size": [
      0.8008319961445161,
      0.0756255792536936,
      0.7500000000000071
    ],
    "obj_class": "sign",
    "point_num_in_lidar": 45,
    "speed": 3.5950934718225418e-12,
    "if_vehicle": false,
    "motion_state": false,
    "pose": [
      [
        0.24050581006657573,
        0.9706912674544405,
        0.0012694538650007883,
        28.180971144349314
      ],
      [
        -0.9706907962699813,
        0.2405102547782467,
        0.0012945837938888503,
        -5.51813813791523
      ],
      [
        0.0009508195036290343,
        -0.0015456199770172382,
        1.000004754371156,
        2.865219625411669
      ],
      [
        0.0,
        0.0,
        0.0,
        1.0
      ]
    ],
    "location": [
      28.180971144349314,
      -5.51813813791523,
      2.865219625411669
    ],
    "rotation": [
      -0.0015456113978220877,
      -0.0009508135608673977,
      -1.3279197683929527
    ]
  },
  {
    "label_id": "JhuATVQ6GWJyuhtPZT24-w",
    "size": [
      0.523766096226129,
      0.06947402624494387,
      0.5500000000000043
    ],
    "obj_class": "sign",
    "point_num_in_lidar": 20,
    "speed": 2.2737367544323206e-12,
    "if_vehicle": false,
    "motion_state": false,
    "pose": [
      [
        -0.9913710686789963,
        0.13140770743891964,
        0.0012694538650007883,
        38.7025315346109
      ],
      [
        -0.131412176988925,
        -0.9913710931612737,
        0.0012945837938888503,
        1.3982710173077066
      ],
      [
        0.001430679572633379,
        0.0011163130395573173,
        1.000004754371156,
        3.449238537998326
      ],
      [
        0.0,
        0.0,
        0.0,
        1.0
      ]
    ],
    "location": [
      38.7025315346109,
      1.3982710173077066,
      3.449238537998326
    ],
    "rotation": [
      0.001116307268523376,
      -0.0014306709031644224,
      -3.0098049607225232
    ]
  },
  {
    "label_id": "JoKbZ8BD1ksyS72fvT2i7A",
    "size": [
      2.065147650446565,
      4.299376155488723,
      1.720000000000006
    ],
    "obj_class": "vehicle",
    "point_num_in_lidar": 63,
    "speed": 2.5421149729252077e-12,
    "if_vehicle": true,
    "motion_state": false,
    "pose": [
      [
        -0.543008034415385,
        0.8397778610730507,
        0.0012694538650007883,
        16.857041868970555
      ],
      [
        -0.8397807787502446,
        -0.5430046484684826,
        0.0012945837938888503,
        69.86738871853595
      ],
      [
        0.0017776075092321997,
        -0.00036484295930910035,
        1.000004754371156,
        0.5769047836173513
      ],
      [
        0.0,
        0.0,
        0.0,
        1.0
      ]
    ],
    "location": [
      16.857041868970555,
      69.86738871853595,
      0.5769047836173513
    ],
    "rotation": [
      -0.0003648412085306083,
      -0.0017775970672426803,
      -2.144782530580543
    ]
  },
  {
    "label_id": "K-eppQ_Y2mxaYi38LjA21Q",
    "size": [
      2.109126623541266,
      4.81993915668481,
      1.500000000000007
    ],
    "obj_class": "vehicle",
    "point_num_in_lidar": 399,
    "speed": 2.0872145524654195,
    "if_vehicle": true,
    "motion_state": true,
    "pose": [
      [
        -0.9940071001029398,
        0.10970171526932611,
        0.0012694538650007883,
        28.695079630371765
      ],
      [
        -0.10970618321571685,
        -0.9940072222982019,
        0.0012945837938888503,
        8.826062445536081
      ],
      [
        0.0014059313805192388,
        0.0011473254965821097,
        1.000004754371156,
        1.091683022217694
      ],
      [
        0.0,
        0.0,
        0.0,
        1.0
      ]
    ],
    "location": [
      28.695079630371765,
      8.826062445536081,
      1.091683022217694
    ],
    "rotation": [
      0.001147319538374852,
      -0.0014059228445672113,
      -3.0316699309625212
    ]
  },
  {
    "label_id": "KOEE6quaGGyBFe93Q79Llg",
    "size": [
      0.852553898198946,
      1.2101923106300116,
      1.8200000000000003
    ],
    "obj_class": "pedestrian",
    "point_num_in_lidar": 703,
    "speed": 2.2998122680730413,
    "if_vehicle": false,
    "motion_state": true,
    "pose": [
      [
        0.3337006580597566,
        0.9427239533387138,
        0.0012694538650007883,
        9.681380838555924
      ],
      [
        -0.9427230524407457,
        0.33370503594274775,
        0.0012945837938888503,
        -2.3027028500728193
      ],
      [
        0.0007961132875940877,
        -0.0016307061277717261,
        1.000004754371156,
        0.9582453069286885
      ],
      [
        0.0,
        0.0,
        0.0,
        1.0
      ]
    ],
    "location": [
      9.681380838555924,
      -2.3027028500728193,
      0.9582453069286885
    ],
    "rotation": [
      -0.0016306969293900743,
      -0.0007961082759099251,
      -1.2305844527503476
    ]
  },
  {
    "label_id": "LZxOUoMGi7vtc5t3F_znJA",
    "size": [
      0.809405372310805,
      1.0083618395238672,
      1.6300000000000026
    ],
    "obj_class": "pedestrian",
    "point_num_in_lidar": 439,
    "speed": 1.1994968990938317,
    "if_vehicle": false,
    "motion_state": true,
    "pose": [
      [
        0.999629644083112,
        -0.028725529731562977,
        0.0012694538650007883,
        5.534695044065302
      ],
      [
        0.028729973049955896,
        0.999630128230085,
        0.0012945837938888503,
        -7.528403037555108
      ],
      [
        -0.001308251034154759,
        -0.0012575683176150399,
        1.000004754371156,
        0.8202304860402592
      ],
      [
        0.0,
        0.0,
        0.0,
        1.0
      ]
    ],
    "location": [
      5.534695044065302,
      -7.528403037555108,
      0.8202304860402592
    ],
    "rotation": [
      -0.0012575616757681076,
      0.0013082430334510789,
      0.028732707756236698
    ]
  },
  {
    "label_id": "LinZfU-zluGcqLzAeStW8g",
    "size": [
      0.5054790318200174,
      0.10862760562286883,
      0.4322335325982465
    ],
    "obj_class": "sign",
    "point_num_in_lidar": 32,
    "speed": 0.0005837162735042788,
    "if_vehicle": false,
    "motion_state": false,
    "pose": [
      [
        0.19461890172536414,
        0.9809220481155988,
        0.0012694538650007883,
        4.685864660248626
      ],
      [
        -0.9809217863470819,
        0.19462336367044186,
        0.0012945837938888503,
        20.9317022696996
      ],
      [
        0.0010224107928755825,
        -0.001499224803839515,
        1.000004754371156,
        2.9170340100728254
      ],
      [
        0.0,
        0.0,
        0.0,
        1.0
      ]
    ],
    "location": [
      4.685864660248626,
      20.9317022696996,
      2.9170340100728254
    ],
    "rotation": [
      -0.0014992165527630654,
      -0.0010224044267294233,
      -1.374935758482628
    ]
  },
  {
    "label_id": "MMD9C-pfI8EcfG-gPi3gJQ",
    "size": [
      1.8487968183615044,
      4.512174364374527,
      1.730000000000004
    ],
    "obj_class": "vehicle",
    "point_num_in_lidar": 83,
    "speed": 2.863053603055603,
    "if_vehicle": true,
    "motion_state": true,
    "pose": [
      [
        0.2278581209213057,
        0.9737377768774813,
        0.0012694538650007883,
        24.610408490509144
      ],
      [
        -0.973737363552387,
        0.22786257138633745,
        0.0012945837938888503,
        -28.083133451174945
      ],
      [
        0.0009708454083240916,
        -0.00153312035893212,
        1.000004754371156,
        1.1905048524388349
      ],
      [
        0.0,
        0.0,
        0.0,
        1.0
      ]
    ],
    "location": [
      24.610408490509144,
      -28.083133451174945,
      1.1905048524388349
    ],
    "rotation": [
      -0.001533111868784032,
      -0.0009708393466243464,
      -1.3409287587942689
    ]
  },
  {
    "label_id": "MV_5Q0rxAuIpiIi20l_8Sw",
    "size": [
      2.072069356398144,
      4.341091663754647,
      1.8400000000000034
    ],
    "obj_class": "vehicle",
    "point_num_in_lidar": 60,
    "speed": 0.0033071543849010113,
    "if_vehicle": true,
    "motion_state": false,
    "pose": [
      [
        -0.26454990136447937,
        -0.9644158496603693,
        0.0012694538650007883,
        11.642956245566893
      ],
      [
        0.9644152681855702,
        -0.26455433299664943,
        0.0012945837938888503,
        57.2445426020131
      ],
      [
        -0.0009121226202050735,
        0.0015687674039022977,
        1.000004754371156,
        0.4451499967726704
      ],
      [
        0.0,
        0.0,
        0.0,
        1.0
      ]
    ],
    "location": [
      11.642956245566893,
      57.2445426020131,
      0.4451499967726704
    ],
    "rotation": [
      0.001568758658527026,
      0.0009121169083456858,
      1.8385220452616053
    ]
  },
  {
    "label_id": "NcatSspzHLij99dYOQK-rg",
    "size": [
      1.7739550460131503,
      3.9636768702055396,
      1.3800000000000026
    ],
    "obj_class": "vehicle",
    "point_num_in_lidar": 20,
    "speed": 1.1368683772161603e-12,
    "if_vehicle": true,
    "motion_state": false,
    "pose": [
      [
        0.30731854219108334,
        0.9516511414450335,
        0.0012694538650007883,
        76.43870822960162
      ],
      [
        -0.9516503628104512,
        0.30732294346417416,
        0.0012945837938888503,
        6.5859513173490996
      ],
      [
        0.0008412159612583308,
        -0.001607903774596089,
        1.000004754371156,
        0.9492699927549211
      ],
      [
        0.0,
        0.0,
        0.0,
        1.0
      ]
    ],
    "location": [
      76.43870822960162,
      6.5859513173490996,
      0.9492699927549211
    ],
    "rotation": [
      -0.001607894744415907,
      -0.0008412106759977648,
      -1.258435820351954
    ]
  },
  {
    "label_id": "Nd72enoaUv9l45M43pbdYw",
    "size": [
      0.9619118223230915,
      0.7962712858776171,
      1.6499999999999986
    ],
    "obj_class": "pedestrian",
    "point_num_in_lidar": 409,
    "speed": 0.002082657610581351,
    "if_vehicle": false,
    "motion_state": false,
    "pose": [
      [
        0.9771160568433191,
        -0.21290559609144052,
        0.0012694538650007883,
        5.61686034961167
      ],
      [
        0.21291005236918273,
        0.9771157117848936,
        0.0012945837938888503,
        7.622314538464707
      ],
      [
        -0.0015180588199035084,
        -0.0009942314927366234,
        1.000004754371156,
        0.7163473218819263
      ],
      [
        0.0,
        0.0,
        0.0,
        1.0
      ]
    ],
    "location": [
      5.61686034961167,
      7.622314538464707,
      0.7163473218819263
    ],
    "rotation": [
      -0.0009942264382203944,
      0.0015180496861327642,
      0.21454291712279286
    ]
  },
  {
    "label_id": "RLwpXW5onTXDRmiQoJpcRw",
    "size": [
      0.9158691018641633,
      1.1417508792291562,
      1.8500000000000014
    ],
    "obj_class": "pedestrian",
    "point_num_in_lidar": 1262,
    "speed": 1.4356998144407807,
    "if_vehicle": false,
    "motion_state": true,
    "pose": [
      [
        0.4333364435498731,
        0.9012791510290447,
        0.0012694538650007883,
        5.936127621716878
      ],
      [
        -0.9012777836588265,
        0.4333406988730475,
        0.0012945837938888503,
        0.33017561335873324
      ],
      [
        0.0006157696002885175,
        -0.0017069934508358955,
        1.000004754371156,
        0.9421296839326487
      ],
      [
        0.0,
        0.0,
        0.0,
        1.0
      ]
    ],
    "location": [
      5.936127621716878,
      0.33017561335873324,
      0.9421296839326487
    ],
    "rotation": [
      -0.0017069836772596022,
      -0.0006157656977709294,
      -1.1226244803673535
    ]
  },
  {
    "label_id": "Rq5V6L3mDygKo0QPfbHovw",
    "size": [
      1.8888181910773811,
      4.636756789517779,
      1.3600000000000065
    ],
    "obj_class": "vehicle",
    "point_num_in_lidar": 507,
    "speed": 1.8038696637240041,
    "if_vehicle": true,
    "motion_state": true,
    "pose": [
      [
        0.23451593291536194,
        0.9721557789762529,
        0.0012694538650007883,
        21.748348489389173
      ],
      [
        -0.9721553352069474,
        0.23452038044787285,
        0.0012945837938888503,
        -13.887605567993887
      ],
      [
        0.0009603317574641965,
        -0.0015397278192725659,
        1.000004754371156,
        0.860952717375767
      ],
      [
        0.0,
        0.0,
        0.0,
        1.0
      ]
    ],
    "location": [
      21.748348489389173,
      -13.887605567993887,
      0.860952717375767
    ],
    "rotation": [
      -0.0015397192821129796,
      -0.0009603257581592241,
      -1.3340858401592408
    ]
  },
  {
    "label_id": "SQQ6HVe8YtnoiVO4yfPY2Q",
    "size": [
      1.927476705803068,
      4.326488639833419,
      1.3500000000000014
    ],
    "obj_class": "vehicle",
    "point_num_in_lidar": 59,
    "speed": 3.5950934718225418e-12,
    "if_vehicle": true,
    "motion_state": false,
    "pose": [
      [
        -0.20668327972221542,
        -0.9784511246206202,
        0.0012694538650007883,
        29.322872618482506
      ],
      [
        0.9784508079272861,
        -0.2066877381055508,
        0.0012945837938888503,
        -18.481625081323727
      ],
      [
        -0.0010038717266793176,
        0.001511701160352141,
        1.000004754371156,
        0.9197910985316184
      ],
      [
        0.0,
        0.0,
        0.0,
        1.0
      ]
    ],
    "location": [
      29.322872618482506,
      -18.481625081323727,
      0.9197910985316184
    ],
    "rotation": [
      0.0015116928216824005,
      0.001003865469683541,
      1.778971282097037
    ]
  },
  {
    "label_id": "UMM0XzCyaXFdt743gKi7vA",
    "size": [
      2.0189343276560474,
      4.470248932210846,
      1.7100000000000009
    ],
    "obj_class": "vehicle",
    "point_num_in_lidar": 23,
    "speed": 0.0031931739265379064,
    "if_vehicle": true,
    "motion_state": false,
    "pose": [
      [
        -0.22986855546597648,
        -0.9732651378715224,
        0.0012694538650007883,
        17.005838305332873
      ],
      [
        0.9732647153564049,
        -0.22987300506793712,
        0.0012945837938888503,
        33.55587624684267
      ],
      [
        -0.0009676772053094638,
        0.0015351220368949798,
        1.000004754371156,
        0.7911326358870383
      ],
      [
        0.0,
        0.0,
        0.0,
        1.0
      ]
    ],
    "location": [
      17.005838305332873,
      33.55587624684267,
      0.7911326358870383
    ],
    "rotation": [
      0.00153511353251929,
      0.0009676711624006316,
      1.8027290552327715
    ]
  },
  {
    "label_id": "WRasNf5aFU5EQsYKqc3aig",
    "size": [
      0.864200547718986,
      0.9213117662531766,
      1.6099999999999994
    ],
    "obj_class": "pedestrian",
    "point_num_in_lidar": 301,
    "speed": 1.2226981242318753,
    "if_vehicle": false,
    "motion_state": true,
    "pose": [
      [
        0.9990977123622365,
        -0.043455063463690956,
        0.0012694538650007883,
        0.12422183493617922
      ],
      [
        0.04345951343489908,
        0.9990981309705014,
        0.0012945837938888503,
        -9.830529195038253
      ],
      [
        -0.001326643125290616,
        -0.0012381505804849697,
        1.000004754371156,
        0.7323959506182973
      ],
      [
        0.0,
        0.0,
        0.0,
        1.0
      ]
    ],
    "location": [
      0.12422183493617922,
      -9.830529195038253,
      0.7323959506182973
    ],
    "rotation": [
      -0.0012381440611932513,
      0.0013266350228237078,
      0.04347135765265715
    ]
  },
  {
    "label_id": "Wc72pGuPCXfpIpqhr-sJew",
    "size": [
      0.974821916717443,
      1.4516448810316316,
      1.6099999999999994
    ],
    "obj_class": "pedestrian",
    "point_num_in_lidar": 110,
    "speed": 1.2642443409153585,
    "if_vehicle": false,
    "motion_state": true,
    "pose": [
      [
        0.9957450108800916,
        -0.09260915017153801,
        0.0012694538650007883,
        26.51193622480787
      ],
      [
        0.09261361535933628,
        0.9957452098136453,
        0.0012945837938888503,
        14.843782823918446
      ],
      [
        -0.0013860136162837686,
        -0.0011713091382346986,
        1.000004754371156,
        1.1353992953879697
      ],
      [
        0.0,
        0.0,
        0.0,
        1.0
      ]
    ],
    "location": [
      26.51193622480787,
      14.843782823918446,
      1.1353992953879697
    ],
    "rotation": [
      -0.0011713030337657888,
      0.001386005188414524,
      0.0927425527043228
    ]
  },
  {
    "label_id": "XzMQXo511mOTZ9b8qsu5-g",
    "size": [
      1.7372453811588713,
      3.7302123275017713,
      1.1999999999999957
    ],
    "obj_class": "vehicle",
    "point_num_in_lidar": 24,
    "speed": 0.0025253239456065873,
    "if_vehicle": true,
    "motion_state": false,
    "pose": [
      [
        -0.7109053365479534,
        0.7033478398742182,
        0.0012694538650007883,
        17.848802423133748
      ],
      [
        -0.7033514174642685,
        -0.7109026573081239,
        0.0012945837938888503,
        66.315071902216
      ],
      [
        0.0018144760871533058,
        2.5987900741739355e-05,
        1.000004754371156,
        0.4137011287093628
      ],
      [
        0.0,
        0.0,
        0.0,
        1.0
      ]
    ],
    "location": [
      17.848802423133748,
      66.315071902216,
      0.4137011287093628
    ],
    "rotation": [
      2.598777718035068e-05,
      -0.0018144654686404352,
      -2.3615357036799027
    ]
  },
  {
    "label_id": "Z9OsRYR58DxyfT5G8nd1sw",
    "size": [
      0.9114227453934746,
      0.9160872246739158,
      1.9500000000000028
    ],
    "obj_class": "pedestrian",
    "point_num_in_lidar": 546,
    "speed": 0.006703630090580419,
    "if_vehicle": false,
    "motion_state": false,
    "pose": [
      [
        -0.379800249108749,
        0.9251142373593761,
        0.0012694538650007883,
        6.459362961657462
      ],
      [
        -0.9251164846395855,
        -0.3797963855342004,
        0.0012945837938888503,
        8.210710423416458
      ],
      [
        0.0016805573471292794,
        -0.0006846355562238352,
        1.000004754371156,
        0.864156456050182
      ],
      [
        0.0,
        0.0,
        0.0,
        1.0
      ]
    ],
    "location": [
      6.459362961657462,
      8.210710423416458,
      0.864156456050182
    ],
    "rotation": [
      -0.0006846321942605323,
      -0.0016805473812280948,
      -1.9603584674454682
    ]
  },
  {
    "label_id": "ZKnwPv8__s8nBMx_x1Kjmg",
    "size": [
      0.9160450749864482,
      0.6962191468794218,
      1.5799999999999983
    ],
    "obj_class": "pedestrian",
    "point_num_in_lidar": 30,
    "speed": 1.4202012713299987,
    "if_vehicle": false,
    "motion_state": true,
    "pose": [
      [
        0.2946063361320898,
        0.9556629573750958,
        0.0012694538650007883,
        35.67112096510391
      ],
      [
        -0.9556622374758558,
        0.29461074739287524,
        0.0012945837938888503,
        -32.366110400085745
      ],
      [
        0.0008625735614528148,
        -0.001596548055311436,
        1.000004754371156,
        1.3510284876354035
      ],
      [
        0.0,
        0.0,
        0.0,
        1.0
      ]
    ],
    "location": [
      35.67112096510391,
      -32.366110400085745,
      1.3510284876354035
    ],
    "rotation": [
      -0.0015965391082715164,
      -0.0008625681472362156,
      -1.2717656057055966
    ]
  },
  {
    "label_id": "Zf_0k6PmuzbSRQRWpdsKQg",
    "size": [
      1.9263009385284295,
      4.30626809851573,
      1.480000000000004
    ],
    "obj_class": "vehicle",
    "point_num_in_lidar": 842,
    "speed": 2.1190035707688426,
    "if_vehicle": true,
    "motion_state": true,
    "pose": [
      [
        -0.543986877432346,
        -0.8391441226449089,
        0.0012694538650007883,
        18.408728902570147
      ],
      [
        0.8391422273831239,
        -0.5439909253280214,
        0.0012945837938888503,
        14.749014665481809
      ],
      [
        -0.00039463539210983376,
        0.001771231703964909,
        1.000004754371156,
        0.9527894778790369
      ],
      [
        0.0,
        0.0,
        0.0,
        1.0
      ]
    ],
    "location": [
      18.408728902570147,
      14.749014665481809,
      0.9527894778790369
    ],
    "rotation": [
      0.001771221430669436,
      0.0003946328763625886,
      2.145951183069313
    ]
  },
  {
    "label_id": "Zfh8PMMz_gcqeqExLpq5tQ",
    "size": [
      1.8903948451336383,
      4.104269830155506,
      1.3600000000000065
    ],
    "obj_class": "vehicle",
    "point_num_in_lidar": 41,
    "speed": 1.1368683772161603e-12,
    "if_vehicle": true,
    "motion_state": false,
    "pose": [
      [
        0.9620071505068373,
        -0.2731791056464668,
        0.0012694538650007883,
        69.21530495007028
      ],
      [
        0.2731835318915965,
        0.962006529354131,
        0.0012945837938888503,
        10.47032557669445
      ],
      [
        -0.0015768757967283813,
        -0.0008980320503903807,
        1.000004754371156,
        0.8249656107271903
      ],
      [
        0.0,
        0.0,
        0.0,
        1.0
      ]
    ],
    "location": [
      69.21530495007028,
      10.47032557669445,
      0.8249656107271903
    ],
    "rotation": [
      -0.0008980275394271183,
      0.0015768663569111685,
      0.2766885469720077
    ]
  },
  {
    "label_id": "ZijCE1sh3tPNneGP7MwI4w",
    "size": [
      0.747959098058867,
      0.5607518156480158,
      1.75
    ],
    "obj_class": "pedestrian",
    "point_num_in_lidar": 42,
    "speed": 1.1847935116355273,
    "if_vehicle": false,
    "motion_state": true,
    "pose": [
      [
        -0.2845678582486776,
        -0.958700013267888,
        0.0012694538650007883,
        33.48911676154239
      ],
      [
        0.9586993396702335,
