[
  {
    "label_id": "1XGa86vdVK8I7WhqZCOcOQ",
    "size": [
      1.938880482546108,
      4.415578465873616,
      1.6900000000000048
    ],
    "obj_class": "vehicle",
    "point_num_in_lidar": 20,
    "speed": 1.1368683772161603e-12,
    "if_vehicle": true,
    "motion_state": false,
    "pose": [
      [
        -0.20668230664452808,
        -0.9784515603421544,
        0.001077536683430373,
        30.324728872641572
      ],
      [
        0.9784508677693331,
        -0.2066868343404648,
        0.00139012075127436,
        -24.122918183762522
      ],
      [
        -0.0011370077710704297,
        0.0013436777583437495,
        1.0000048517418145,
        1.1161911756322525
      ],
      [
        0.0,
        0.0,
        0.0,
        1.0
      ]
    ],
    "location": [
      30.324728872641572,
      -24.122918183762522,
      1.1161911756322525
    ],
    "rotation": [
      0.0013436704305538685,
      0.0011370007382680545,
      1.778970317700872
    ]
  },
  {
    "label_id": "2EWbspym0T1YkCd3xXEsUA",
    "size": [
      0.717053140766467,
      0.8462840361255533,
      1.6899999999999977
    ],
    "obj_class": "pedestrian",
    "point_num_in_lidar": 127,
    "speed": 1.2213112413721556,
    "if_vehicle": false,
    "motion_state": true,
    "pose": [
      [
        0.2853185687797523,
        0.958477097340032,
        0.001077536683430373,
        11.88968597263738
      ],
      [
        -0.958476040016755,
        0.28532302543265514,
        0.00139012075127436,
        -11.547181401634589
      ],
      [
        0.0010243429482761264,
        -0.0014314252037948701,
        1.0000048517418145,
        0.887246923577095
      ],
      [
        0.0,
        0.0,
        0.0,
        1.0
      ]
    ],
    "location": [
      11.88968597263738,
      -11.547181401634589,
      0.887246923577095
    ],
    "rotation": [
      -0.0014314172812855094,
      -0.0010243365707743423,
      -1.2814698841413192
    ]
  },
  {
    "label_id": "2kx3n6sQg97wQoT2iuuqkw",
    "size": [
      1.9436068624993095,
      4.581826043400449,
      1.470000000000006
    ],
    "obj_class": "vehicle",
    "point_num_in_lidar": 64,
    "speed": 1.1368683772161603e-12,
    "if_vehicle": true,
    "motion_state": false,
    "pose": [
      [
        0.967388734475626,
        -0.25346413597498496,
        0.001077536683430373,
        38.07405878671125
      ],
      [
        0.2534686251573932,
        0.9673878251193077,
        0.00139012075127436,
        3.4862778022361454
      ],
      [
        -0.001396765545696664,
        -0.0010711221219342473,
        1.0000048517418145,
        0.9442306417955706
      ],
      [
        0.0,
        0.0,
        0.0,
        1.0
      ]
    ],
    "location": [
      38.07405878671125,
      3.4862778022361454,
      0.9442306417955706
    ],
    "rotation": [
      -0.0010711165155239857,
      0.0013967570594137964,
      0.2562528641740908
    ]
  },
  {
    "label_id": "3NGaBQl276KzZKljja6dOA",
    "size": [
      0.7299292117232197,
      0.694010124373706,
      1.1000000000000014
    ],
    "obj_class": "pedestrian",
    "point_num_in_lidar": 156,
    "speed": 0.0016445852039467929,
    "if_vehicle": false,
    "motion_state": false,
    "pose": [
      [
        0.7398040806992249,
        0.6728855430135751,
        0.001077536683430373,
        2.6365878047436127
      ],
      [
        -0.6728823336624227,
        0.7398073486883295,
        0.00139012075127436,
        12.671560211318138
      ],
      [
        0.00013666391503756184,
        -0.001754873090587701,
        1.0000048517418145,
        0.7077713929115816
      ],
      [
        0.0,
        0.0,
        0.0,
        1.0
      ]
    ],
    "location": [
      2.6365878047436127,
      12.671560211318138,
      0.7077713929115816
    ],
    "rotation": [
      -0.001754862775043636,
      -0.0001366630407017878,
      -0.738061575557876
    ]
  },
  {
    "label_id": "3P6tBBZUHGg_gbV4OhqorA",
    "size": [
      0.8275096005495237,
      0.8398197400242338,
      1.6499999999999986
    ],
    "obj_class": "pedestrian",
    "point_num_in_lidar": 368,
    "speed": 1.3032354493529499,
    "if_vehicle": false,
    "motion_state": true,
    "pose": [
      [
        0.8416254453494859,
        0.5401403905987578,
        0.001077536683430373,
        8.987930167189916
      ],
      [
        -0.5401366813655541,
        0.8416281325928033,
        0.00139012075127436,
        -8.730990502866916
      ],
      [
        -0.00015779519689050218,
        -0.0017530993313501957,
        1.0000048517418145,
        0.8866316684948288
      ],
      [
        0.0,
        0.0,
        0.0,
        1.0
      ]
    ],
    "location": [
      8.987930167189916,
      -8.730990502866916,
      0.8866316684948288
    ],
    "rotation": [
      -0.001753089029868728,
      0.00015779418752660302,
      -0.5705735122195397
    ]
  },
  {
    "label_id": "4JRTQZlhJCGV0xv6XMfMIw",
    "size": [
      2.125651386593597,
      4.668043267308801,
      1.6099999999999994
    ],
    "obj_class": "vehicle",
    "point_num_in_lidar": 111,
    "speed": 6.629024818318272e-12,
    "if_vehicle": true,
    "motion_state": false,
    "pose": [
      [
        0.17524640565545316,
        0.9845677879764012,
        0.001077536683430373,
        21.038530629732122
      ],
      [
        -0.9845672407350792,
        0.17525095320584252,
        0.00139012075127436,
        48.92433482968772
      ],
      [
        0.001179449176402917,
        -0.0013065818879904522,
        1.0000048517418145,
        0.9532368023649269
      ],
      [
        0.0,
        0.0,
        0.0,
        1.0
      ]
    ],
    "location": [
      21.038530629732122,
      48.92433482968772,
      0.9532368023649269
    ],
    "rotation": [
      -0.0013065748053216748,
      -0.0011794419004108234,
      -1.3946477568784132
    ]
  },
  {
    "label_id": "50vFTXzPARJLsyl_rL8FYw",
    "size": [
      0.9071328832475646,
      0.8769552914394498,
      1.8200000000000003
    ],
    "obj_class": "pedestrian",
    "point_num_in_lidar": 80,
    "speed": 1.0776619842496764,
    "if_vehicle": false,
    "motion_state": true,
    "pose": [
      [
        -0.9596725719092801,
        0.2812713752604885,
        0.001077536683430373,
        23.692787267973472
      ],
      [
        -0.2812758363354822,
        -0.9596715334019337,
        0.00139012075127436,
        -11.462886178662302
      ],
      [
        0.0014270898600449928,
        0.001030374262634208,
        1.0000048517418145,
        1.0807093156098517
      ],
      [
        0.0,
        0.0,
        0.0,
        1.0
      ]
    ],
    "location": [
      23.692787267973472,
      -11.462886178662302,
      1.0807093156098517
    ],
    "rotation": [
      0.0010303688989145743,
      -0.0014270812098886258,
      -2.8564821188733545
    ]
  },
  {
    "label_id": "51XfsSndNbxOYol5ZhZdTA",
    "size": [
      1.879785628879112,
      4.076636714678694,
      1.3999999999999986
    ],
    "obj_class": "vehicle",
    "point_num_in_lidar": 53,
    "speed": 1.6077746776921857e-12,
    "if_vehicle": true,
    "motion_state": false,
    "pose": [
      [
        -0.9803798739983729,
        0.19733305469391993,
        0.001077536683430373,
        24.61944744421635
      ],
      [
        -0.19733758879454918,
        -0.980379224676348,
        0.00139012075127436,
        44.40129236579378
      ],
      [
        0.0013327632028004646,
        0.0011497820815281788,
        1.0000048517418145,
        0.9143275007481861
      ],
      [
        0.0,
        0.0,
        0.0,
        1.0
      ]
    ],
    "location": [
      24.61944744421635,
      44.40129236579378,
      0.9143275007481861
    ],
    "rotation": [
      0.001149775996447027,
      -0.0013327550665704385,
      -2.9429600328212753
    ]
  },
  {
    "label_id": "7tOgwMtQQau9C7cR3nDM_A",
    "size": [
      2.1995109981502514,
      4.668562141136059,
      1.6400000000000006
    ],
    "obj_class": "vehicle",
    "point_num_in_lidar": 142,
    "speed": 0.021749662684913733,
    "if_vehicle": true,
    "motion_state": false,
    "pose": [
      [
        -0.23364979243563402,
        -0.9723645439395063,
        0.001077536683430373,
        33.3436079083549
      ],
      [
        0.9723637264762741,
        -0.2336542992572937,
        0.00139012075127436,
        -36.04881552133884
      ],
      [
        -0.0010994312182229355,
        0.0013745936076306547,
        1.0000048517418145,
        1.4086782396279887
      ],
      [
        0.0,
        0.0,
        0.0,
        1.0
      ]
    ],
    "location": [
      33.3436079083549,
      -36.04881552133884,
      1.4086782396279887
    ],
    "rotation": [
      0.0013745860727349605,
      0.001099424402446406,
      1.8066159936063826
    ]
  },
  {
    "label_id": "8bU9YqZGCj5wFCjrgGqXyA",
    "size": [
      0.31098383429452464,
      0.08639544551842648,
      0.6700000000000017
    ],
    "obj_class": "sign",
    "point_num_in_lidar": 22,
    "speed": 2.5421149729252077e-12,
    "if_vehicle": false,
    "motion_state": false,
    "pose": [
      [
        0.09915737933808094,
        0.995114488859801,
        0.001077536683430373,
        21.21882398572052
      ],
      [
        -0.9951142922871894,
        0.09916195547693554,
        0.00139012075127436,
        22.929529263165023
      ],
      [
        0.0012762583581617246,
        -0.0012121968457988006,
        1.0000048517418145,
        2.985444101914595
      ],
      [
        0.0,
        0.0,
        0.0,
        1.0
      ]
    ],
    "location": [
      21.21882398572052,
      22.929529263165023,
      2.985444101914595
    ],
    "rotation": [
      -0.0012121903708277976,
      -0.0012762505355238935,
      -1.471479952211206
    ]
  },
  {
    "label_id": "9VwGco63NvqDkOZ7SoAOWQ",
    "size": [
      2.1388433729706438,
      4.855035932090138,
      1.5600000000000023
    ],
    "obj_class": "vehicle",
    "point_num_in_lidar": 839,
    "speed": 1.7686259611776236,
    "if_vehicle": true,
    "motion_state": true,
    "pose": [
      [
        0.20464701010628708,
        0.9788792740018845,
        0.001077536683430373,
        13.666805042805208
      ],
      [
        -0.978878590846643,
        0.20465153923275078,
        0.00139012075127436,
        17.31034228270437
      ],
      [
        0.0011397997093172297,
        -0.001341310259553166,
        1.0000048517418145,
        0.8564930394421708
      ],
      [
        0.0,
        0.0,
        0.0,
        1.0
      ]
    ],
    "location": [
      13.666805042805208,
      17.31034228270437,
      0.8564930394421708
    ],
    "rotation": [
      -0.0013413029475165732,
      -0.0011397926604532515,
      -1.3647020038064537
    ]
  },
  {
    "label_id": "C4lVCY0U7eKSegXd8LC_FQ",
    "size": [
      0.901877214506391,
      0.944866519994953,
      1.3999999999999986
    ],
    "obj_class": "pedestrian",
    "point_num_in_lidar": 32,
    "speed": 0.00231121345802253,
    "if_vehicle": false,
    "motion_state": false,
    "pose": [
      [
        0.17203606348488185,
        0.9851338105437886,
        0.001077536683430373,
        34.11017176990572
      ],
      [
        -0.9851332781290955,
        0.17204061279496172,
        0.00139012075127436,
        17.9784486094577
      ],
      [
        0.0011837019956555906,
        -0.001302730277234394,
        1.0000048517418145,
        1.005802392817941
      ],
      [
        0.0,
        0.0,
        0.0,
        1.0
      ]
    ],
    "location": [
      34.11017176990572,
      17.9784486094577,
      1.005802392817941
    ],
    "rotation": [
      -0.0013027232198083779,
      -0.001183694695410639,
      -1.3979074826888773
    ]
  },
  {
    "label_id": "CpPxlJb2rlUaBE-2xJoBWw",
    "size": [
      0.7881720903933245,
      0.994941850972178,
      1.8900000000000006
    ],
    "obj_class": "pedestrian",
    "point_num_in_lidar": 430,
    "speed": 0.7850373829912584,
    "if_vehicle": false,
    "motion_state": false,
    "pose": [
      [
        -0.35942283828955324,
        -0.9332203679366309,
        0.001077536683430373,
        7.225447900345898
      ],
      [
        0.9332189652237005,
        -0.35942719857441124,
        0.00139012075127436,
        8.235150061642344
      ],
      [
        -0.0009092281159342082,
        0.0015071698056081657,
        1.0000048517418145,
        0.8344661708855483
      ],
      [
        0.0,
        0.0,
        0.0,
        1.0
      ]
    ],
    "location": [
      7.225447900345898,
      8.235150061642344,
      0.8344661708855483
    ],
    "rotation": [
      0.001507161352053747,
      0.0009092224214017949,
      1.9384297836470714
    ]
  },
  {
    "label_id": "DnS7Up19TsoNk12Ymz9Ndg",
    "size": [
      1.9636513337642998,
      4.880426123448928,
      1.5200000000000031
    ],
    "obj_class": "vehicle",
    "point_num_in_lidar": 86,
    "speed": 0.7537840567595546,
    "if_vehicle": true,
    "motion_state": false,
    "pose": [
      [
        -0.6172609132154951,
        -0.7868125550804791,
        0.001077536683430373,
        14.747529646767362
      ],
      [
        0.786809935512388,
        -0.6172646705484088,
        0.00139012075127436,
        30.08577404195239
      ],
      [
        -0.0004273357989145971,
        0.0017075247303357719,
        1.0000048517418145,
        0.7341892405122508
      ],
      [
        0.0,
        0.0,
        0.0,
        1.0
      ]
    ],
    "location": [
      14.747529646767362,
      30.08577404195239,
      0.7341892405122508
    ],
    "rotation": [
      0.0017075147864243536,
      0.00042733307662102355,
      2.2360210346903178
    ]
  },
  {
    "label_id": "EMpodh1TjmNyW98IZUh2MA",
    "size": [
      2.173720317630711,
      4.530987525728997,
      1.8900000000000006
    ],
    "obj_class": "vehicle",
    "point_num_in_lidar": 241,
    "speed": 2.5421149729252077e-12,
    "if_vehicle": true,
    "motion_state": false,
    "pose": [
      [
        -0.6127227047689501,
        0.7903517690728106,
        0.001077536683430373,
        16.576357195488526
      ],
      [
        -0.7903547749917412,
        -0.6127192487395822,
        0.00139012075127436,
        -18.11345606417308
      ],
      [
        0.001760185846245395,
        -1.5415640112026077e-06,
        1.0000048517418145,
        0.8932764402622979
      ],
      [
        0.0,
        0.0,
        0.0,
        1.0
      ]
    ],
    "location": [
      16.576357195488526,
      -18.11345606417308,
      0.8932764402622979
    ],
    "rotation": [
      -1.541556531967101e-06,
      -0.0017601754885128986,
      -2.2302626959690137
    ]
  },
  {
    "label_id": "FRk_wv4gWEdPQOAxAVKlJw",
    "size": [
      2.037549030955152,
      4.4473342942274545,
      1.3600000000000065
    ],
    "obj_class": "vehicle",
    "point_num_in_lidar": 45,
    "speed": 0.0015886593183968185,
    "if_vehicle": true,
    "motion_state": false,
    "pose": [
      [
        -0.9749264648965728,
        0.2227182521935975,
        0.001077536683430373,
        34.706387498525146
      ],
      [
        -0.22272276790893675,
        -0.9749256980833081,
        0.00139012075127436,
        12.968992147645622
      ],
      [
        0.0013621635709773012,
        0.0011147945979617015,
        1.0000048517418145,
        0.9668238936121725
      ],
      [
        0.0,
        0.0,
        0.0,
        1.0
      ]
    ],
    "location": [
      34.706387498525146,
      12.968992147645622,
      0.9668238936121725
    ],
    "rotation": [
      0.0011147887274894658,
      -0.0013621552732518817,
      -2.916996091304166
    ]
  },
  {
    "label_id": "GsCzF8GSnnWdvaGVsW2nYA",
    "size": [
      0.9597441527186464,
      0.9549516162441378,
      1.7999999999999972
    ],
    "obj_class": "pedestrian",
    "point_num_in_lidar": 132,
    "speed": 1.2447297398222152,
    "if_vehicle": false,
    "motion_state": true,
    "pose": [
      [
        0.26644944814846483,
        0.9638930041230084,
        0.001077536683430373,
        10.550007583216939
      ],
      [
        -0.9638920344840215,
        0.2664539246971179,
        0.00139012075127436,
        -11.697379048731818
      ],
      [
        0.0010522433319917039,
        -0.0014110423664869922,
        1.0000048517418145,
        0.9514938797565264
      ],
      [
        0.0,
        0.0,
        0.0,
        1.0
      ]
    ],
    "location": [
      10.550007583216939,
      -11.697379048731818,
      0.9514938797565264
    ],
    "rotation": [
      -0.0014110345840408437,
      -0.0010522367909442435,
      -1.3011003978487823
    ]
  },
  {
    "label_id": "IlvD3LQihY_gza6wNBNkbw",
    "size": [
      2.23041430020196,
      4.640428889590738,
      1.6000000000000014
    ],
    "obj_class": "vehicle",
    "point_num_in_lidar": 52,
    "speed": 2.5421149729252077e-12,
    "if_vehicle": true,
    "motion_state": false,
    "pose": [
      [
        -0.5955736429304682,
        0.8033536379841882,
        0.001077536683430373,
        17.02719780364714
      ],
      [
        -0.8033565688385245,
        -0.5955701230184709,
        0.00139012075127436,
        -22.735622321022674
      ],
      [
        0.001759745103470386,
        -3.941776952357145e-05,
        1.0000048517418145,
        0.773662810960559
      ],
      [
        0.0,
        0.0,
        0.0,
        1.0
      ]
    ],
    "location": [
      17.02719780364714,
      -22.735622321022674,
      0.773662810960559
    ],
    "rotation": [
      -3.9417578259243724e-05,
      -0.0017597347478764207,
      -2.2087426293027295
    ]
  },
  {
    "label_id": "JKMgfkGQyJGWNzwnfDn1zw",
    "size": [
      0.8008319961445112,
      0.0756255792536936,
      0.7500000000000071
    ],
    "obj_class": "sign",
    "point_num_in_lidar": 44,
    "speed": 3.5950934718225418e-12,
    "if_vehicle": false,
    "motion_state": false,
    "pose": [
      [
        0.24050485268929092,
        0.9706917366748322,
        0.001077536683430373,
        28.180971144349314
      ],
      [
        -0.9706908874324075,
        0.24050935363084933,
        0.00139012075127436,
        -5.518138137922506
      ],
      [
        0.0010897048982148932,
        -0.0013823168321874274,
        1.0000048517418145,
        2.865219625411555
      ],
      [
        0.0,
        0.0,
        0.0,
        1.0
      ]
    ],
    "location": [
      28.180971144349314,
      -5.518138137922506,
      2.865219625411555
    ],
    "rotation": [
      -0.001382309245145828,
      -0.0010896981388684088,
      -1.327920719555919
    ]
  },
  {
    "label_id": "JoKbZ8BD1ksyS72fvT2i7A",
    "size": [
      2.065147650446554,
      4.299376155488723,
      1.720000000000006
    ],
    "obj_class": "vehicle",
    "point_num_in_lidar": 60,
    "speed": 2.5421149729252077e-12,
    "if_vehicle": true,
    "motion_state": false,
    "pose": [
      [
        -0.5430090318132598,
        0.8397774843285127,
        0.001077536683430373,
        16.85704186896328
      ],
      [
        -0.8397801842127937,
        -0.5430053317710332,
        0.00139012075127436,
        69.8673887185214
      ],
      [
        0.0017536275527618565,
        -0.00015181237082887832,
        1.0000048517418145,
        0.5769047836171239
      ],
      [
        0.0,
        0.0,
        0.0,
        1.0
      ]
    ],
    "location": [
      16.85704186896328,
      69.8673887185214,
      0.5769047836171239
    ],
    "rotation": [
      -0.00015181163311176832,
      -0.0017536172268861666,
      -2.144783690910842
    ]
  },
  {
    "label_id": "K-eppQ_Y2mxaYi38LjA21Q",
    "size": [
      2.1091266235457966,
      4.81993915668481,
      1.500000000000007
    ],
    "obj_class": "vehicle",
    "point_num_in_lidar": 564,
    "speed": 2.203000410013208,
    "if_vehicle": true,
    "motion_state": true,
    "pose": [
      [
        -0.9990186040929205,
        -0.04524224234199373,
        0.001077536683430373,
        25.900229020408005
      ],
      [
        0.04523768562303918,
        -0.9990190688508979,
        0.00139012075127436,
        8.936430928923073
      ],
      [
        0.0010156814727116765,
        0.0014375839925835502,
        1.0000048517418145,
        1.0498438800873373
      ],
      [
        0.0,
        0.0,
        0.0,
        1.0
      ]
    ],
    "location": [
      25.900229020408005,
      8.936430928923073,
      1.0498438800873373
    ],
    "rotation": [
      0.0014375760275200957,
      -0.0010156751461446905,
      3.096341440145883
    ]
  },
  {
    "label_id": "KOEE6quaGGyBFe93Q79Llg",
    "size": [
      0.8525538981955124,
      1.2101923106300116,
      1.8200000000000003
    ],
    "obj_class": "pedestrian",
    "point_num_in_lidar": 490,
    "speed": 1.7735959924109093,
    "if_vehicle": false,
    "motion_state": true,
    "pose": [
      [
        0.21231551351285596,
        0.9772446748576691,
        0.001077536683430373,
        10.417471590008063
      ],
      [
        -0.9772439562133157,
        0.2123200371439087,
        0.00139012075127436,
        -4.7534402338496875
      ],
      [
        0.0011292482829519373,
        -0.0013502055048000372,
        1.0000048517418145,
        0.9924463458191894
      ],
      [
        0.0,
        0.0,
        0.0,
        1.0
      ]
    ],
    "location": [
      10.417471590008063,
      -4.7534402338496875,
      0.9924463458191894
    ],
    "rotation": [
      -0.0013501981334965647,
      -0.0011292412948352131,
      -1.3568615225122114
    ]
  },
  {
    "label_id": "LZxOUoMGi7vtc5t3F_znJA",
    "size": [
      0.8094053723055769,
      1.0083618395238672,
      1.6300000000000026
    ],
    "obj_class": "pedestrian",
    "point_num_in_lidar": 344,
    "speed": 1.2150061143489725,
    "if_vehicle": false,
    "motion_state": true,
    "pose": [
      [
        0.9762300916320819,
        0.21693280067319498,
        0.001077536683430373,
        7.043063993602118
      ],
      [
        -0.21692839248089202,
        0.9762313356289581,
        0.00139012075127436,
        -7.592242896986136
      ],
      [
        -0.0007524106541801247,
        -0.0015912682983137893,
        1.0000048517418145,
        0.8445130826146396
      ],
      [
        0.0,
        0.0,
        0.0,
        1.0
      ]
    ],
    "location": [
      7.043063993602118,
      -7.592242896986136,
      0.8445130826146396
    ],
    "rotation": [
      -0.0015912592348479517,
      0.000752405909125976,
      -0.2186575953579117
    ]
  },
  {
    "label_id": "LinZfU-zluGcqLzAeStW8g",
    "size": [
      0.5054790318200177,
      0.10862760562286883,
      0.4322335325982465
    ],
    "obj_class": "sign",
    "point_num_in_lidar": 32,
    "speed": 0.0005837162564296395,
    "if_vehicle": false,
    "motion_state": false,
    "pose": [
      [
        0.19461792335334113,
        0.9809224718220764,
        0.001077536683430373,
        4.6866088672104524
      ],
      [
        -0.9809218350560918,
        0.19462245923436786,
        0.00139012075127436,
        20.93184985152766
      ],
      [
        0.0011534676923081564,
        -0.0013295746961128276,
        1.0000048517418145,
        2.9170466236383845
      ],
      [
        0.0,
        0.0,
        0.0,
        1.0
      ]
    ],
    "location": [
      4.6866088672104524,
      20.93184985152766,
      2.9170466236383845
    ],
    "rotation": [
      -0.0013295674619429566,
      -0.0011534605649429353,
      -1.3749367275874222
    ]
  },
  {
    "label_id": "MMD9C-pfI8EcfG-gPi3gJQ",
    "size": [
      1.8487968183624925,
      4.512174364374527,
      1.730000000000004
    ],
    "obj_class": "vehicle",
    "point_num_in_lidar": 76,
    "speed": 2.6060201436142676,
    "if_vehicle": true,
    "motion_state": true,
    "pose": [
      [
        0.27981083144537455,
        0.9600994377780603,
        0.001077536683430373,
        25.595123635874188
      ],
      [
        -0.9600984060597966,
        0.2798152940953757,
        0.00139012075127436,
        -31.54678260624496
      ],
      [
        0.0010325445006979595,
        -0.001425520411576282,
        1.0000048517418145,
        1.2432364684087815
      ],
      [
        0.0,
        0.0,
        0.0,
        1.0
      ]
    ],
    "location": [
      25.595123635874188,
      -31.54678260624496,
      1.2432364684087815
    ],
    "rotation": [
      -0.0014255125297640593,
      -0.001032538075036831,
      -1.287211364412561
    ]
  },
  {
    "label_id": "MV_5Q0rxAuIpiIi20l_8Sw",
    "size": [
      2.072069356398142,
      4.341091663754647,
      1.8400000000000034
    ],
    "obj_class": "vehicle",
    "point_num_in_lidar": 57,
    "speed": 0.0033071543039081682,
    "if_vehicle": true,
    "motion_state": false,
    "pose": [
      [
        -0.2645489559412981,
        -0.9644163425234292,
        0.001077536683430373,
        11.641180477905436
      ],
      [
        0.9644153817102605,
        -0.26455343439255535,
        0.00139012075127436,
        57.240627783423406
      ],
      [
        -0.0010550226593761891,
        0.0014089654992032322,
        1.0000048517418145,
        0.4450902511819095
      ],
      [
        0.0,
        0.0,
        0.0,
        1.0
      ]
    ],
    "location": [
      11.641180477905436,
      57.240627783423406,
      0.4450902511819095
    ],
    "rotation": [
      0.001408957730962434,
      0.0010550161020814505,
      1.8385211035265734
    ]
  },
  {
    "label_id": "MjDrc4ihzQVdQ9IC3yqsig",
    "size": [
      0.8281349090495495,
      0.7298107158624727,
      1.7100000000000009
    ],
    "obj_class": "pedestrian",
    "point_num_in_lidar": 26,
    "speed": 1.1903073128949684,
    "if_vehicle": false,
    "motion_state": true,
    "pose": [
      [
        -0.10771075170587749,
        0.9942250377972052,
        0.001077536683430373,
        18.321049240046705
      ],
      [
        -0.9942257869791499,
        -0.10770623303195448,
        0.00139012075127436,
        49.3611765482201
      ],
      [
        0.0014983634676772606,
        -0.0009236685057272413,
        1.0000048517418145,
        0.756912889388218
      ],
      [
        0.0,
        0.0,
        0.0,
        1.0
      ]
    ],
    "location": [
      18.321049240046705,
      49.3611765482201,
      0.756912889388218
    ],
    "rotation": [
      -0.000923663761671742,
      -0.0014983544375724853,
      -1.6787117563937441
    ]
  },
  {
    "label_id": "Nd72enoaUv9l45M43pbdYw",
    "size": [
      0.9619118223230901,
      0.7962712858776171,
      1.6499999999999986
    ],
    "obj_class": "pedestrian",
    "point_num_in_lidar": 418,
    "speed": 0.002082657563910513,
    "if_vehicle": false,
    "motion_state": false,
    "pose": [
      [
        0.9771164987489029,
        -0.21290462580363162,
        0.001077536683430373,
        5.619535865254875
      ],
      [
        0.21290914900061364,
        0.9771157773775215,
        0.00139012075127436,
        7.622726159686863
      ],
      [
        -0.0013508860486251843,
        -0.0011284340802067523,
        1.0000048517418145,
        0.7163916792861755
      ],
      [
        0.0,
        0.0,
        0.0,
        1.0
      ]
    ],
    "location": [
      5.619535865254875,
      7.622726159686863,
      0.7163916792861755
    ],
    "rotation": [
      -0.001128428126400927,
      0.0013508778127090649,
      0.21454194042541538
    ]
  },
  {
    "label_id": "RLwpXW5onTXDRmiQoJpcRw",
    "size": [
      0.9158691018587151,
      1.1417508792291562,
      1.8500000000000014
    ],
    "obj_class": "pedestrian",
    "point_num_in_lidar": 1131,
    "speed": 1.4759834203339444,
    "if_vehicle": false,
    "motion_state": true,
    "pose": [
      [
        0.44759406404351876,
        0.8942843986388813,
        0.001077536683430373,
        6.669074755860493
      ],
      [
        -0.8942825826787896,
        0.44759826903775823,
        0.00139012075127436,
        -1.4022618912058533
      ],
      [
        0.0007599105860166667,
        -0.0015877003782206595,
        1.0000048517418145,
        0.912923145179775
      ],
      [
        0.0,
        0.0,
        0.0,
        1.0
      ]
    ],
    "location": [
      6.669074755860493,
      -1.4022618912058533,
      0.912923145179775
    ],
    "rotation": [
      -0.0015876913410794238,
      -0.0007599057951009298,
      -1.1067437621241891
    ]
  },
  {
    "label_id": "Rq5V6L3mDygKo0QPfbHovw",
    "size": [
      1.888818191075483,
      4.636756789517779,
      1.3600000000000065
    ],
    "obj_class": "vehicle",
    "point_num_in_lidar": 193,
    "speed": 3.52704620806942,
    "if_vehicle": true,
    "motion_state": true,
    "pose": [
      [
        0.23381376904449117,
        0.9723251273216734,
        0.001077536683430373,
        22.568386000522878
      ],
      [
        -0.9723243090984208,
        0.2338182757282294,
        0.00139012075127436,
        -17.330110580238397
      ],
      [
        0.0010991993905936812,
        -0.001374778996588435,
        1.0000048517418145,
        0.9094301571165033
      ],
      [
        0.0,
        0.0,
        0.0,
        1.0
      ]
    ],
    "location": [
      22.568386000522878,
      -17.330110580238397,
      0.9094301571165033
    ],
    "rotation": [
      -0.0013747714604429504,
      -0.0010991925761609602,
      -1.3348080192856242
    ]
  },
  {
    "label_id": "SQQ6HVe8YtnoiVO4yfPY2Q",
    "size": [
      1.9274767058030706,
      4.326488639833419,
      1.3500000000000014
    ],
    "obj_class": "vehicle",
    "point_num_in_lidar": 195,
    "speed": 3.5950934718225418e-12,
    "if_vehicle": true,
    "motion_state": false,
    "pose": [
      [
        -0.20668230664192794,
        -0.9784515603427035,
        0.001077536683430373,
        29.322812651960703
      ],
      [
        0.9784508677698823,
        -0.20668683433786467,
        0.00139012075127436,
        -18.481657696684124
      ],
      [
        -0.0011370077710740015,
        0.001343677758340723,
        1.0000048517418145,
        0.9237099483057136
      ],
      [
        0.0,
        0.0,
        0.0,
        1.0
      ]
    ],
    "location": [
      29.322812651960703,
      -18.481657696684124,
      0.9237099483057136
    ],
    "rotation": [
      0.001343670430550842,
      0.0011370007382716263,
      1.7789703176982146
    ]
  },
  {
    "label_id": "WRasNf5aFU5EQsYKqc3aig",
    "size": [
      0.8642005477203106,
      0.9213117662531766,
      1.6099999999999994
    ],
    "obj_class": "pedestrian",
    "point_num_in_lidar": 271,
    "speed": 1.133977533349158,
    "if_vehicle": false,
    "motion_state": true,
    "pose": [
      [
        0.9878901616213869,
        -0.15542863438751955,
        0.001077536683430373,
        1.6044186017970787
      ],
      [
        0.15543319201530392,
        0.9878897058620347,
        0.00139012075127436,
        -9.664257497614017
      ],
      [
        -0.0012826200821342778,
        -0.0012054635268841922,
        1.0000048517418145,
        0.7567650442356353
      ],
      [
        0.0,
        0.0,
        0.0,
        1.0
      ]
    ],
    "location": [
      1.6044186017970787,
      -9.664257497614017,
      0.7567650442356353
    ],
    "rotation": [
      -0.0012054570944204234,
      0.0012826122239830698,
      0.1560591591539245
    ]
  },
  {
    "label_id": "Wc72pGuPCXfpIpqhr-sJew",
    "size": [
      0.9748219167250025,
      1.4516448810316316,
      1.6099999999999994
    ],
    "obj_class": "pedestrian",
    "point_num_in_lidar": 94,
    "speed": 1.3761665700695742,
    "if_vehicle": false,
    "motion_state": true,
    "pose": [
      [
        0.9975600983044663,
        -0.07041933034815642,
        0.001077536683430373,
        28.238734696125903
      ],
      [
        0.07042391025252896,
        0.9975600337789137,
        0.00139012075127436,
        14.980562358978204
      ],
      [
        -0.0011748883499067414,
        -0.0013106845367958045,
        1.0000048517418145,
        1.1598579154065192
      ],
      [
        0.0,
        0.0,
        0.0,
        1.0
      ]
    ],
    "location": [
      28.238734696125903,
      14.980562358978204,
      1.1598579154065192
    ],
    "rotation": [
      -0.0013106774271963678,
      0.0011748810999477042,
      0.07047922793784414
    ]
  },
  {
    "label_id": "XOGZVIJgjh_BcRiES2OlFA",
    "size": [
      2.28331269055005,
      5.01776074174188,
      1.7999999999999972
    ],
    "obj_class": "vehicle",
    "point_num_in_lidar": 43,
    "speed": 2.2737367544323206e-12,
    "if_vehicle": true,
    "motion_state": false,
    "pose": [
      [
        -0.9781406738712365,
        0.2081486342367461,
        0.001077536683430373,
        63.74672012505471
      ],
      [
        -0.20815316088952876,
        -0.9781399745128208,
        0.00139012075127436,
        19.874635326181306
      ],
      [
        0.0013453804619762806,
        0.001134992511990594,
        1.0000048517418145,
        0.9871928798756926
      ],
      [
        0.0,
        0.0,
        0.0,
        1.0
      ]
    ],
    "location": [
      63.74672012505471,
      19.874635326181306,
      0.9871928798756926
    ],
    "rotation": [
      0.0011349865179653396,
      -0.0013453722562974143,
      -2.931915520127616
    ]
  },
  {
    "label_id": "XzMQXo511mOTZ9b8qsu5-g",
    "size": [
      1.7372453811588724,
      3.7302123275017713,
      1.2000000000000028
    ],
    "obj_class": "vehicle",
    "point_num_in_lidar": 24,
    "speed": 0.002525323879163288,
    "if_vehicle": true,
    "motion_state": false,
    "pose": [
      [
        -0.7109062295843708,
        0.7033472574440259,
        0.001077536683430373,
        17.84632927076018
      ],
      [
        -0.7033506898869814,
        -0.710903196760115,
        0.00139012075127436,
        66.31729089827422
      ],
      [
        0.001745242707715163,
        0.0002288765626036683,
        1.0000048517418145,
        0.4209047491324327
      ],
      [
        0.0,
        0.0,
        0.0,
        1.0
      ]
    ],
    "location": [
      17.84632927076018,
      66.31729089827422,
      0.4209047491324327
    ],
    "rotation": [
      0.0002288754481625984,
      -0.001745232422678546,
      -2.3615368489341373
    ]
  },
  {
    "label_id": "Z9OsRYR58DxyfT5G8nd1sw",
    "size": [
      0.9114227453781214,
      0.9160872246739158,
      1.9500000000000028
    ],
    "obj_class": "pedestrian",
    "point_num_in_lidar": 572,
    "speed": 0.015380091933747574,
    "if_vehicle": false,
    "motion_state": false,
    "pose": [
      [
        -0.4616701385897503,
        0.8870996082461202,
        0.001077536683430373,
        6.465852768145851
      ],
      [
        -0.8871019483919711,
        -0.461666201153401,
        0.00139012075127436,
        8.224191391425848
      ],
      [
        0.0017315940855931716,
        -0.00031597232866338414,
        1.0000048517418145,
        0.8643679286672068
      ],
      [
        0.0,
        0.0,
        0.0,
        1.0
      ]
    ],
    "location": [
      6.465852768145851,
      8.224191391425848,
      0.8643679286672068
    ],
    "rotation": [
      -0.00031597078513941393,
      -0.0017315838672954367,
      -2.0506501958887084
    ]
  },
  {
    "label_id": "Zf_0k6PmuzbSRQRWpdsKQg",
    "size": [
      1.9263009385275933,
      4.30626809851573,
      1.480000000000004
    ],
    "obj_class": "vehicle",
    "point_num_in_lidar": 575,
    "speed": 2.626429247419728,
    "if_vehicle": true,
    "motion_state": true,
    "pose": [
      [
        -0.488963001723878,
        -0.8723532625955348,
        0.001077536683430373,
        17.037501958628127
      ],
      [
        0.8723512517991077,
        -0.48896711710786217,
        0.00139012075127436,
        17.34619428509177
      ],
      [
        -0.0006847607968984482,
        0.001621529907455679,
        1.0000048517418145,
        0.9534248767063218
      ],
      [
        0.0,
        0.0,
        0.0,
        1.0
      ]
    ],
    "location": [
      17.037501958628127,
      17.34619428509177,
      0.9534248767063218
    ],
    "rotation": [
      0.0016215206190774386,
      0.000684756467380292,
      2.0816740329098034
    ]
  },
  {
    "label_id": "Zfh8PMMz_gcqeqExLpq5tQ",
    "size": [
      1.8903948451336394,
      4.104269830155506,
      1.3600000000000065
    ],
    "obj_class": "vehicle",
    "point_num_in_lidar": 38,
    "speed": 1.1368683772161603e-12,
    "if_vehicle": true,
    "motion_state": false,
    "pose": [
      [
        0.9620076518197903,
        -0.27317816467659367,
        0.001077536683430373,
        69.215304950063
      ],
      [
        0.2731826343405892,
        0.9620066509245034,
        0.00139012075127436,
        10.470325576687173
      ],
      [
        -0.0014183604897095212,
        -0.001042357957216802,
        1.0000048517418145,
        0.8249656107271903
      ],
      [
        0.0,
        0.0,
        0.0,
        1.0
      ]
    ],
    "location": [
      69.215304950063,
      10.470325576687173,
      0.8249656107271903
    ],
    "rotation": [
      -0.0010423525224845724,
      0.0014183518865936503,
      0.2766875466583418
    ]
  },
  {
    "label_id": "ZijCE1sh3tPNneGP7MwI4w",
    "size": [
      0.7479590980672444,
      0.5607518156480158,
      1.75
    ],
    "obj_class": "pedestrian",
    "point_num_in_lidar": 44,
    "speed": 1.2104196780674326,
    "if_vehicle": false,
    "motion_state": true,
    "pose": [
      [
        -0.3407944035701058,
        -0.9401830706363496,
        0.001077536683430373,
        33.05393026919046
      ],
      [
        0.9401817549063451,
        -0.3407987908861605,
        0.00139012075127436,
        -23.023419584395015
      ],
      [
        -0.0009390188533598061,
        0.0014887915175661951,
        1.0000048517418145,
        1.262805857037847
      ],
      [
        0.0,
        0.0,
        0.0,
        1.0
      ]
    ],
    "location": [
      33.05393026919046,
      -23.023419584395015,
      1.262805857037847
    ],
    "rotation": [
      0.001488783194417764,
      0.0009390129808638055,
      1.9185431189340811
    ]
  },
  {
    "label_id": "b5nOlzdtnZu2ZvwsJrvIQA",
    "size": [
      0.8337839977313565,
      0.9484009492462533,
      1.8299999999999983
    ],
    "obj_class": "pedestrian",
    "point_num_in_lidar": 102,
    "speed": 1.4576451341925911,
    "if_vehicle": false,
    "motion_state": true,
    "pose": [
      [
        -0.7838218925028507,
        0.6210541624119016,
        0.001077536683430373,
        24.82084170509188
      ],
      [
        -0.6210579070479871,
        -0.7838192548167067,
        0.00139012075127436,
        -10.983139538606338
      ],
      [
        0.0017095689221077281,
        0.0004190831544045276,
        1.0000048517418145,
        1.0658594332383018
      ],
      [
        0.0,
        0.0,
        0.0,
        1.0
      ]
    ],
    "location": [
      24.82084170509188,
      -10.983139538606338,
      1.0658594332383018
    ],
    "rotation": [
      0.000419081096596867,
      -0.0017095588121875636,
      -2.4715364243770312
    ]
  },
  {
    "label_id": "bRPbYyeLmNMrwlF8n9yZLQ",
    "size": [
      2.302105948534515,
      5.192549817773653,
      1.9400000000000048
    ],
    "obj_class": "vehicle",
    "point_num_in_lidar": 773,
    "speed": 6.821210263296962e-12,
    "if_vehicle": true,
    "motion_state": false,
    "pose": [
      [
        -0.6146358176159818,
        0.7888649082824213,
        0.001077536683430373,
        8.908707272094034
      ],
      [
        -0.7888679225660025,
        -0.614632368879677,
        0.00139012075127436,
        16.742265123975812
