[
  {
    "label_id": "-EDgzw9YqjNzbXb8lWuF_g",
    "size": [
      0.764753758074417,
      1.0695207740712365,
      1.8599999999999994
    ],
    "obj_class": "pedestrian",
    "point_num_in_lidar": 40,
    "speed": 1.2908728141565504,
    "if_vehicle": false,
    "motion_state": true,
    "pose": [
      [
        0.19481461827762642,
        0.9808831962048215,
        0.0012699643931658555,
        11.757322983678023
      ],
      [
        -0.9808831877957861,
        0.19481950239659337,
        0.0010069505783455873,
        -14.050885146767541
      ],
      [
        0.0007398997510497233,
        -0.001443899174453361,
        1.000005084720718,
        0.9382134682319929
      ],
      [
        0.0,
        0.0,
        0.0,
        1.0
      ]
    ],
    "location": [
      11.757322983678023,
      -14.050885146767541,
      0.9382134682319929
    ],
    "rotation": [
      -0.0014438908292479654,
      -0.0007398950825928952,
      -1.3747362806626964
    ]
  },
  {
    "label_id": "1XGa86vdVK8I7WhqZCOcOQ",
    "size": [
      1.9388804825461052,
      4.415578465873616,
      1.6900000000000048
    ],
    "obj_class": "vehicle",
    "point_num_in_lidar": 54,
    "speed": 1.1368683772161603e-12,
    "if_vehicle": true,
    "motion_state": false,
    "pose": [
      [
        -0.20668261169339197,
        -0.978451265069059,
        0.0012699643931658555,
        30.324728872641572
      ],
      [
        0.9784511974950758,
        -0.20668749535211794,
        0.0010069505783455873,
        -24.122918183755246
      ],
      [
        -0.0007223542587037067,
        0.0014527562743017724,
        1.000005084720718,
        1.1161911756322525
      ],
      [
        0.0,
        0.0,
        0.0,
        1.0
      ]
    ],
    "location": [
      30.324728872641572,
      -24.122918183755246,
      1.1161911756322525
    ],
    "rotation": [
      0.0014527478654818673,
      0.0007223496978628448,
      1.7789705480083602
    ]
  },
  {
    "label_id": "2EWbspym0T1YkCd3xXEsUA",
    "size": [
      0.7170531407601348,
      0.8462840361255533,
      1.6899999999999977
    ],
    "obj_class": "pedestrian",
    "point_num_in_lidar": 302,
    "speed": 1.2040708682159547,
    "if_vehicle": false,
    "motion_state": true,
    "pose": [
      [
        0.48630380651124083,
        0.8738381931824227,
        0.0012699643931658555,
        10.441041481404682
      ],
      [
        -0.8738366870005126,
        0.4863084525961356,
        0.0010069505783455873,
        -7.878101944435912
      ],
      [
        0.0002613218948904835,
        -0.0016012518024475068,
        1.000005084720718,
        0.8894445315686426
      ],
      [
        0.0,
        0.0,
        0.0,
        1.0
      ]
    ],
    "location": [
      10.441041481404682,
      -7.878101944435912,
      0.8894445315686426
    ],
    "rotation": [
      -0.0016012422920532168,
      -0.00026132022519014566,
      -1.0629644515642094
    ]
  },
  {
    "label_id": "2kx3n6sQg97wQoT2iuuqkw",
    "size": [
      1.94360686249931,
      4.581826043400449,
      1.470000000000006
    ],
    "obj_class": "vehicle",
    "point_num_in_lidar": 66,
    "speed": 1.1368683772161603e-12,
    "if_vehicle": true,
    "motion_state": false,
    "pose": [
      [
        0.9673884248842023,
        -0.25346442648171696,
        0.0012699643931658555,
        38.074033414246514
      ],
      [
        0.25346930125069056,
        0.9673881226984163,
        0.0010069505783455873,
        3.486264002342068
      ],
      [
        -0.0014857913815064688,
        -0.0006517057911601181,
        1.000005084720718,
        0.9458887482442151
      ],
      [
        0.0,
        0.0,
        0.0,
        1.0
      ]
    ],
    "location": [
      38.074033414246514,
      3.486264002342068,
      0.9458887482442151
    ],
    "rotation": [
      -0.0006517023851722037,
      0.0014857824178789356,
      0.2562535966269879
    ]
  },
  {
    "label_id": "3NGaBQl276KzZKljja6dOA",
    "size": [
      0.7299292117232195,
      0.694010124373706,
      1.1000000000000014
    ],
    "obj_class": "pedestrian",
    "point_num_in_lidar": 156,
    "speed": 0.0016445852392867107,
    "if_vehicle": false,
    "motion_state": false,
    "pose": [
      [
        0.7398041555036214,
        0.672885125107709,
        0.0012699643931658555,
        2.6315801384844235
      ],
      [
        -0.6728822146235572,
        0.7398080777186585,
        0.0010069505783455873,
        12.673652077384759
      ],
      [
        -0.0002634943485559476,
        -0.0016008957479703718,
        1.000005084720718,
        0.7077121903158741
      ],
      [
        0.0,
        0.0,
        0.0,
        1.0
      ]
    ],
    "location": [
      2.6315801384844235,
      12.673652077384759,
      0.7077121903158741
    ],
    "rotation": [
      -0.0016008862402992173,
      0.0002634926650249184,
      -0.738061437169047
    ]
  },
  {
    "label_id": "3P6tBBZUHGg_gbV4OhqorA",
    "size": [
      0.82750960056118,
      0.8398197400242338,
      1.6499999999999986
    ],
    "obj_class": "pedestrian",
    "point_num_in_lidar": 296,
    "speed": 1.388169116573436,
    "if_vehicle": false,
    "motion_state": true,
    "pose": [
      [
        0.9723232429232157,
        -0.23382063930056451,
        0.0012699643931658555,
        4.6983712470391765
      ],
      [
        0.23382551918967767,
        0.9723230395244974,
        0.0010069505783455873,
        -8.718366051863995
      ],
      [
        -0.0014722881333110397,
        -0.0006816627612698491,
        1.000005084720718,
        0.8103883264330989
      ],
      [
        0.0,
        0.0,
        0.0,
        1.0
      ]
    ],
    "location": [
      4.6983712470391765,
      -8.718366051863995,
      0.8103883264330989
    ],
    "rotation": [
      -0.000681659189642939,
      0.0014722792413459568,
      0.23599998075352296
    ]
  },
  {
    "label_id": "4JRTQZlhJCGV0xv6XMfMIw",
    "size": [
      2.1256513865936,
      4.668043267308801,
      1.6099999999999994
    ],
    "obj_class": "vehicle",
    "point_num_in_lidar": 37,
    "speed": 6.629024818318272e-12,
    "if_vehicle": true,
    "motion_state": false,
    "pose": [
      [
        0.17524672000251204,
        0.9845675026223466,
        0.0012699643931658555,
        21.038530629732122
      ],
      [
        -0.9845675914572758,
        0.1752516033207641,
        0.0010069505783455873,
        48.92433482968045
      ],
      [
        0.0007685009684169792,
        -0.001428881635802178,
        1.000005084720718,
        0.9532368023649269
      ],
      [
        0.0,
        0.0,
        0.0,
        1.0
      ]
    ],
    "location": [
      21.038530629732122,
      48.92433482968045,
      0.9532368023649269
    ],
    "rotation": [
      -0.0014288733979405768,
      -0.0007684961250241631,
      -1.3946475088663222
    ]
  },
  {
    "label_id": "50vFTXzPARJLsyl_rL8FYw",
    "size": [
      0.9071328832624053,
      0.8769552914394498,
      1.8200000000000003
    ],
    "obj_class": "pedestrian",
    "point_num_in_lidar": 72,
    "speed": 0.9036379051149446,
    "if_vehicle": false,
    "motion_state": false,
    "pose": [
      [
        -0.49632895436205177,
        -0.8681832462985656,
        0.0012699643931658555,
        26.533544019170222
      ],
      [
        0.8681816867427415,
        -0.4963335828039524,
        0.0010069505783455873,
        -12.810024748570868
      ],
      [
        -0.00024287512932590034,
        0.0016041534026225396,
        1.000005084720718,
        1.047589521305099
      ],
      [
        0.0,
        0.0,
        0.0,
        1.0
      ]
    ],
    "location": [
      26.533544019170222,
      -12.810024748570868,
      1.047589521305099
    ],
    "rotation": [
      0.0016041438700214173,
      0.00024287357711356622,
      2.090137903542628
    ]
  },
  {
    "label_id": "51XfsSndNbxOYol5ZhZdTA",
    "size": [
      1.8797856288791135,
      4.076636714678694,
      1.3999999999999986
    ],
    "obj_class": "vehicle",
    "point_num_in_lidar": 44,
    "speed": 1.6077746776921857e-12,
    "if_vehicle": true,
    "motion_state": false,
    "pose": [
      [
        -0.9803795816505814,
        0.19733336254742753,
        0.0012699643931658555,
        24.61944744421635
      ],
      [
        -0.19733824662868535,
        -0.9803795606967721,
        0.0010069505783455873,
        44.40129236580833
      ],
      [
        0.0014457948354022732,
        0.0007361886724981988,
        1.000005084720718,
        0.9143275007484135
      ],
      [
        0.0,
        0.0,
        0.0,
        1.0
      ]
    ],
    "location": [
      24.61944744421635,
      44.40129236580833,
      0.9143275007484135
    ],
    "rotation": [
      0.0007361847962071942,
      -0.001445786084816261,
      -2.9429593302636063
    ]
  },
  {
    "label_id": "7tOgwMtQQau9C7cR3nDM_A",
    "size": [
      2.1995109981502567,
      4.668562141136059,
      1.6400000000000006
    ],
    "obj_class": "vehicle",
    "point_num_in_lidar": 141,
    "speed": 0.02076853918823914,
    "if_vehicle": true,
    "motion_state": false,
    "pose": [
      [
        -0.23365008920596858,
        -0.9723642403470454,
        0.0012699643931658555,
        33.35618857395457
      ],
      [
        0.9723640378042676,
        -0.233654969130683,
        0.0010069505783455873,
        -36.11948018075782
      ],
      [
        -0.0006819209916382578,
        0.0014721685463131014,
        1.000005084720718,
        1.4082826451210622
      ],
      [
        0.0,
        0.0,
        0.0,
        1.0
      ]
    ],
    "location": [
      33.35618857395457,
      -36.11948018075782,
      1.4082826451210622
    ],
    "rotation": [
      0.0014721599972689335,
      0.0006819166796341663,
      1.8066162094152822
    ]
  },
  {
    "label_id": "9VwGco63NvqDkOZ7SoAOWQ",
    "size": [
      2.13884337296619,
      4.855035932090138,
      1.5600000000000023
    ],
    "obj_class": "vehicle",
    "point_num_in_lidar": 270,
    "speed": 6.76309230402878,
    "if_vehicle": true,
    "motion_state": true,
    "pose": [
      [
        0.22403404163364438,
        0.9746247115074284,
        0.0012699643931658555,
        10.183299763892137
      ],
      [
        -0.9746245571765965,
        0.22403892332093356,
        0.0010069505783455873,
        33.095360294828424
      ],
      [
        0.0006964292524679725,
        -0.001465360967099043,
        1.000005084720718,
        0.6635332047400198
      ],
      [
        0.0,
        0.0,
        0.0,
        1.0
      ]
    ],
    "location": [
      10.183299763892137,
      33.095360294828424,
      0.6635332047400198
    ],
    "rotation": [
      -0.0014653524673548944,
      -0.0006964248510446101,
      -1.3448542421824177
    ]
  },
  {
    "label_id": "CpPxlJb2rlUaBE-2xJoBWw",
    "size": [
      0.7881720904038242,
      0.994941850972178,
      1.8900000000000006
    ],
    "obj_class": "pedestrian",
    "point_num_in_lidar": 223,
    "speed": 1.3135595581601045,
    "if_vehicle": false,
    "motion_state": true,
    "pose": [
      [
        -0.26625330649554746,
        -0.9639469678731458,
        0.0012699643931658555,
        7.829446409166849
      ],
      [
        0.9639466011573847,
        -0.2662581768352015,
        0.0010069505783455873,
        5.323395185703703
      ],
      [
        -0.0006319723341742488,
        0.0014942916169305438,
        1.000005084720718,
        0.911737202532322
      ],
      [
        0.0,
        0.0,
        0.0,
        1.0
      ]
    ],
    "location": [
      7.829446409166849,
      5.323395185703703,
      0.911737202532322
    ],
    "rotation": [
      0.0014942829067271352,
      0.0006319683310991617,
      1.8402886741054187
    ]
  },
  {
    "label_id": "DnS7Up19TsoNk12Ymz9Ndg",
    "size": [
      1.9636513337648933,
      4.880426123448928,
      1.5200000000000031
    ],
    "obj_class": "vehicle",
    "point_num_in_lidar": 195,
    "speed": 0.3194923699949927,
    "if_vehicle": true,
    "motion_state": false,
    "pose": [
      [
        -0.27877242004827196,
        -0.9604012275669337,
        0.0012699643931658555,
        14.154874916072004
      ],
      [
        0.9604007975155571,
        -0.2787772852044471,
        0.0010069505783455873,
        32.210216738210875
      ],
      [
        -0.0006124770230258454,
        0.0015023875544798483,
        1.000005084720718,
        0.746647045245254
      ],
      [
        0.0,
        0.0,
        0.0,
        1.0
      ]
    ],
    "location": [
      14.154874916072004,
      32.210216738210875,
      0.746647045245254
    ],
    "rotation": [
      0.0015023787849357876,
      0.0006124731409625698,
      1.8532997896341723
    ]
  },
  {
    "label_id": "EMpodh1TjmNyW98IZUh2MA",
    "size": [
      2.173720317630712,
      4.530987525728997,
      1.8900000000000006
    ],
    "obj_class": "vehicle",
    "point_num_in_lidar": 202,
    "speed": 2.5421149729252077e-12,
    "if_vehicle": true,
    "motion_state": false,
    "pose": [
      [
        -0.6127222822799263,
        0.7903518108344675,
        0.0012699643931658555,
        16.576357195495802
      ],
      [
        -0.7903554924251951,
        -0.6127190728284921,
        0.0010069505783455873,
        -18.113456064165803
      ],
      [
        0.0015752654758941903,
        -0.00038837500955442577,
        1.000005084720718,
        0.8932764402624116
      ],
      [
        0.0,
        0.0,
        0.0,
        1.0
      ]
    ],
    "location": [
      16.576357195495802,
      -18.113456064165803,
      0.8932764402624116
    ],
    "rotation": [
      -0.00038837301525944173,
      -0.0015752560443843691,
      -2.23026192253471
    ]
  },
  {
    "label_id": "FRk_wv4gWEdPQOAxAVKlJw",
    "size": [
      2.0375490309551507,
      4.4473342942274545,
      1.3600000000000065
    ],
    "obj_class": "vehicle",
    "point_num_in_lidar": 239,
    "speed": 0.0015886593561865992,
    "if_vehicle": true,
    "motion_state": false,
    "pose": [
      [
        -0.9749261646551111,
        0.22271855235367952,
        0.0012699643931658555,
        34.704330859742186
      ],
      [
        -0.22272343424479746,
        -0.9749260169124029,
        0.0010069505783455873,
        12.973820342696854
      ],
      [
        0.0014644197805602005,
        0.0006984061668503142,
        1.000005084720718,
        0.9635153904138178
      ],
      [
        0.0,
        0.0,
        0.0,
        1.0
      ]
    ],
    "location": [
      34.704330859742186,
      12.973820342696854,
      0.9635153904138178
    ],
    "rotation": [
      0.0006984025021156982,
      -0.0014644109304768258,
      -2.9169953748673496
    ]
  },
  {
    "label_id": "GsCzF8GSnnWdvaGVsW2nYA",
    "size": [
      0.9597441527322095,
      0.9549516162441378,
      1.7999999999999972
    ],
    "obj_class": "pedestrian",
    "point_num_in_lidar": 466,
    "speed": 1.0300858032490465,
    "if_vehicle": false,
    "motion_state": true,
    "pose": [
      [
        0.7898126761760346,
        0.6134170821254442,
        0.0012699643931658555,
        8.87993223007652
      ],
      [
        -0.6134138759128482,
        0.789816360587736,
        0.0010069505783455873,
        -8.12389479221747
      ],
      [
        -0.00038698956815658115,
        -0.0015756064044451356,
        1.000005084720718,
        0.9556819683101594
      ],
      [
        0.0,
        0.0,
        0.0,
        1.0
      ]
    ],
    "location": [
      8.87993223007652,
      -8.12389479221747,
      0.9556819683101594
    ],
    "rotation": [
      -0.001575597089156208,
      0.0003869871007649844,
      -0.6603447211048888
    ]
  },
  {
    "label_id": "IlvD3LQihY_gza6wNBNkbw",
    "size": [
      2.2304143002019634,
      4.640428889590738,
      1.6000000000000014
    ],
    "obj_class": "vehicle",
    "point_num_in_lidar": 52,
    "speed": 2.5421149729252077e-12,
    "if_vehicle": true,
    "motion_state": false,
    "pose": [
      [
        -0.5955732196406246,
        0.8033536706448436,
        0.0012699643931658555,
        17.027197803639865
      ],
      [
        -0.8033572823205132,
        -0.595569931710021,
        0.0010069505783455873,
        -22.7356223210154
      ],
      [
        0.0015665434751588351,
        -0.000422182434532542,
        1.000005084720718,
        0.7736628109606727
      ],
      [
        0.0,
        0.0,
        0.0,
        1.0
      ]
    ],
    "location": [
      17.027197803639865,
      -22.7356223210154,
      0.7736628109606727
    ],
    "rotation": [
      -0.0004221802627810855,
      -0.0015665340887153147,
      -2.208741864387876
    ]
  },
  {
    "label_id": "JKMgfkGQyJGWNzwnfDn1zw",
    "size": [
      0.8008319961445167,
      0.0756255792536936,
      0.7500000000000071
    ],
    "obj_class": "sign",
    "point_num_in_lidar": 42,
    "speed": 3.5950934718225418e-12,
    "if_vehicle": false,
    "motion_state": false,
    "pose": [
      [
        0.24050514731008166,
        0.9706914309959677,
        0.0012699643931658555,
        28.18097114434204
      ],
      [
        -0.9706911940261241,
        0.24051002568420513,
        0.0010069505783455873,
        -5.518138137922506
      ],
      [
        0.0006715165887425472,
        -0.0014769434446295197,
        1.000005084720718,
        2.865219625411669
      ],
      [
        0.0,
        0.0,
        0.0,
        1.0
      ]
    ],
    "location": [
      28.18097114434204,
      -5.518138137922506,
      2.865219625411669
    ],
    "rotation": [
      -0.0014769348609244878,
      -0.000671512340952829,
      -1.3279205073252536
    ]
  },
  {
    "label_id": "JoKbZ8BD1ksyS72fvT2i7A",
    "size": [
      2.065147650446562,
      4.299376155488723,
      1.720000000000006
    ],
    "obj_class": "vehicle",
    "point_num_in_lidar": 63,
    "speed": 2.5421149729252077e-12,
    "if_vehicle": true,
    "motion_state": false,
    "pose": [
      [
        -0.5430086073013914,
        0.8397774898675522,
        0.0012699643931658555,
        16.857041868956003
      ],
      [
        -0.83978088400833,
        -0.5430050952511104,
        0.0010069505783455873,
        69.86738871852867
      ],
      [
        0.0015363563218709045,
        -0.0005214457976030178,
        1.000005084720718,
        0.5769047836172376
      ],
      [
        0.0,
        0.0,
        0.0,
        1.0
      ]
    ],
    "location": [
      16.857041868956003,
      69.86738871852867,
      0.5769047836172376
    ],
    "rotation": [
      -0.0005214430989496126,
      -0.0015363470923192267,
      -2.1447829544851125
    ]
  },
  {
    "label_id": "K-eppQ_Y2mxaYi38LjA21Q",
    "size": [
      2.1091266235473816,
      4.81993915668481,
      1.500000000000007
    ],
    "obj_class": "vehicle",
    "point_num_in_lidar": 334,
    "speed": 0.42168071949822483,
    "if_vehicle": true,
    "motion_state": false,
    "pose": [
      [
        -0.9836454423286363,
        0.18035028105812645,
        0.0012699643931658555,
        31.42705054743419
      ],
      [
        -0.18035516477140534,
        -0.9836455058377276,
        0.0010069505783455873,
        9.22922706254758
      ],
      [
        0.0014328478288737842,
        0.0007610805258855506,
        1.000005084720718,
        1.0922602400736423
      ],
      [
        0.0,
        0.0,
        0.0,
        1.0
      ]
    ],
    "location": [
      31.42705054743419,
      9.22922706254758,
      1.0922602400736423
    ],
    "rotation": [
      0.0007610765090752695,
      -0.0014328391477485753,
      -2.9602530436401855
    ]
  },
  {
    "label_id": "KOEE6quaGGyBFe93Q79Llg",
    "size": [
      0.8525538981990244,
      1.2101923106300116,
      1.8200000000000003
    ],
    "obj_class": "pedestrian",
    "point_num_in_lidar": 855,
    "speed": 2.9248356817653893,
    "if_vehicle": false,
    "motion_state": true,
    "pose": [
      [
        0.5013227683806895,
        0.8653092291168314,
        0.0012699643931658555,
        7.529170884772611
      ],
      [
        -0.8653076429200489,
        0.5013273877603623,
        0.0010069505783455873,
        2.788359494021279
      ],
      [
        0.00023362874218840955,
        -0.0016055261064255584,
        1.000005084720718,
        0.8945088881388301
      ],
      [
        0.0,
        0.0,
        0.0,
        1.0
      ]
    ],
    "location": [
      7.529170884772611,
      2.788359494021279,
      0.8945088881388301
    ],
    "rotation": [
      -0.0016055165633093056,
      -0.00023362724889808026,
      -1.0456931807297625
    ]
  },
  {
    "label_id": "KbMLXJEn2w0pC4MSAuldSQ",
    "size": [
      1.935147881468513,
      4.515592189324639,
      1.4500000000000028
    ],
    "obj_class": "vehicle",
    "point_num_in_lidar": 24,
    "speed": 2.5421149729252077e-12,
    "if_vehicle": true,
    "motion_state": false,
    "pose": [
      [
        -0.9801351821176746,
        0.19854371021716172,
        0.0012699643931658555,
        40.99669302003895
      ],
      [
        -0.19854859426882437,
        -0.9801351551333896,
        0.0010069505783455873,
        14.42899961250805
      ],
      [
        0.001446702723055571,
        0.000734402953898018,
        1.000005084720718,
        0.9110029435448723
      ],
      [
        0.0,
        0.0,
        0.0,
        1.0
      ]
    ],
    "location": [
      40.99669302003895,
      14.42899961250805,
      0.9110029435448723
    ],
    "rotation": [
      0.0007343990876522994,
      -0.0014466939676078012,
      -2.941724607281793
    ]
  },
  {
    "label_id": "LZxOUoMGi7vtc5t3F_znJA",
    "size": [
      0.8094053723179501,
      1.0083618395238672,
      1.6300000000000026
    ],
    "obj_class": "pedestrian",
    "point_num_in_lidar": 457,
    "speed": 1.198936830157969,
    "if_vehicle": false,
    "motion_state": true,
    "pose": [
      [
        0.9922417372862133,
        -0.12466320579417511,
        0.0012699643931658555,
        3.0720114468131214
      ],
      [
        0.12466807817839128,
        0.9922420757545944,
        0.0010069505783455873,
        -7.756113753253885
      ],
      [
        -0.0013877078983628,
        -0.0008405731713610915,
        1.000005084720718,
        0.7813483900495157
      ],
      [
        0.0,
        0.0,
        0.0,
        1.0
      ]
    ],
    "location": [
      3.0720114468131214,
      -7.756113753253885,
      0.7813483900495157
    ],
    "rotation": [
      -0.0008405686993334025,
      0.001387699461278108,
      0.12498790281563678
    ]
  },
  {
    "label_id": "LinZfU-zluGcqLzAeStW8g",
    "size": [
      0.5054790318200161,
      0.10862760562286883,
      0.4322335325982465
    ],
    "obj_class": "sign",
    "point_num_in_lidar": 32,
    "speed": 0.0005837162711789171,
    "if_vehicle": false,
    "motion_state": false,
    "pose": [
      [
        0.19461823201508682,
        0.9809221803277595,
        0.0012699643931658555,
        4.684719576558564
      ],
      [
        -0.9809221728965722,
        0.1946231161356395,
        0.0010069505783455873,
        20.931475191013305
      ],
      [
        0.000740188818881888,
        -0.0014437510103867527,
        1.000005084720718,
        2.9170146020466063
      ],
      [
        0.0,
        0.0,
        0.0,
        1.0
      ]
    ],
    "location": [
      4.684719576558564,
      20.931475191013305,
      2.9170146020466063
    ],
    "rotation": [
      -0.001443742666243588,
      -0.0007401841486539434,
      -1.3749364905841386
    ]
  },
  {
    "label_id": "MMD9C-pfI8EcfG-gPi3gJQ",
    "size": [
      1.8487968183605108,
      4.512174364374527,
      1.730000000000004
    ],
    "obj_class": "vehicle",
    "point_num_in_lidar": 54,
    "speed": 2.5514989954684086,
    "if_vehicle": true,
    "motion_state": true,
    "pose": [
      [
        0.21303673706142925,
        0.9770874724168062,
        0.0012699643931658555,
        23.23007541064726
      ],
      [
        -0.9770873731076736,
        0.2130416201779025,
        0.0010069505783455873,
        -22.03629813288717
      ],
      [
        0.0007128982333694707,
        -0.0014574198353423204,
        1.000005084720718,
        1.0892143549208413
      ],
      [
        0.0,
        0.0,
        0.0,
        1.0
      ]
    ],
    "location": [
      23.23007541064726,
      -22.03629813288717,
      1.0892143549208413
    ],
    "rotation": [
      -0.0014574113929357233,
      -0.0007128937306200725,
      -1.356123528065238
    ]
  },
  {
    "label_id": "MV_5Q0rxAuIpiIi20l_8Sw",
    "size": [
      2.072069356398142,
      4.341091663754647,
      1.8400000000000034
    ],
    "obj_class": "vehicle",
    "point_num_in_lidar": 47,
    "speed": 0.0033071543729029543,
    "if_vehicle": true,
    "motion_state": false,
    "pose": [
      [
        -0.26454924287610765,
        -0.9644160296186088,
        0.0012699643931658555,
        11.645688553449872
      ],
      [
        0.9644156715110969,
        -0.2645541138562765,
        0.0010069505783455873,
        57.25056618830422
      ],
      [
        -0.0006346123084310489,
        0.0014931723562865609,
        1.000005084720718,
        0.445241925098685
      ],
      [
        0.0,
        0.0,
        0.0,
        1.0
      ]
    ],
    "location": [
      11.645688553449872,
      57.25056618830422,
      0.445241925098685
    ],
    "rotation": [
      0.0014931636542715415,
      0.0006346082889873444,
      1.8385213035676984
    ]
  },
  {
    "label_id": "MjDrc4ihzQVdQ9IC3yqsig",
    "size": [
      0.8281349090494511,
      0.7298107158624727,
      1.7100000000000009
    ],
    "obj_class": "pedestrian",
    "point_num_in_lidar": 29,
    "speed": 0.907971145977768,
    "if_vehicle": false,
    "motion_state": false,
    "pose": [
      [
        -0.7896933349227907,
        0.6135707105706436,
        0.0012699643931658555,
        19.821800612851803
      ],
      [
        -0.6135750734690878,
        -0.7896911395171426,
        0.0010069505783455873,
        52.37152897373744
      ],
      [
        0.0016223687382801281,
        1.4701858450299773e-05,
        1.000005084720718,
        0.8064510456955531
      ],
      [
        0.0,
        0.0,
        0.0,
        1.0
      ]
    ],
    "location": [
      19.821800612851803,
      52.37152897373744,
      0.8064510456955531
    ],
    "rotation": [
      1.4701783694776397e-05,
      -0.001622359065477157,
      -2.4810474281306414
    ]
  },
  {
    "label_id": "Nd72enoaUv9l45M43pbdYw",
    "size": [
      0.9619118223230912,
      0.7962712858776171,
      1.6499999999999986
    ],
    "obj_class": "pedestrian",
    "point_num_in_lidar": 403,
    "speed": 0.0020826576081706973,
    "if_vehicle": false,
    "motion_state": false,
    "pose": [
      [
        0.9771162015405682,
        -0.21290492896731042,
        0.0012699643931658555,
        5.612743632795173
      ],
      [
        0.21290981209713578,
        0.977116102890154,
        0.0010069505783455873,
        7.62168119216949
      ],
      [
        -0.001457323654258326,
        -0.000713094828427258,
        1.000005084720718,
        0.7162790707880049
      ],
      [
        0.0,
        0.0,
        0.0,
        1.0
      ]
    ],
    "location": [
      5.612743632795173,
      7.62168119216949,
      0.7162790707880049
    ],
    "rotation": [
      -0.0007130910816889473,
      0.0014573148420240147,
      0.21454265156460803
    ]
  },
  {
    "label_id": "RLwpXW5onTXDRmiQoJpcRw",
    "size": [
      0.9158691018665926,
      1.1417508792291562,
      1.8500000000000014
    ],
    "obj_class": "pedestrian",
    "point_num_in_lidar": 1419,
    "speed": 1.4133614207573295,
    "if_vehicle": false,
    "motion_state": true,
    "pose": [
      [
        0.6547218139931649,
        0.7559258735968383,
        0.0012699643931658555,
        4.567291751896846
      ],
      [
        -0.7559234491473501,
        0.6547260538909789,
        0.0010069505783455873,
        2.7840420358843403
      ],
      [
        -7.16467949931237e-05,
        -0.0016208526164823754,
        1.000005084720718,
        0.9296072049336317
      ],
      [
        0.0,
        0.0,
        0.0,
        1.0
      ]
    ],
    "location": [
      4.567291751896846,
      2.7840420358843403,
      0.9296072049336317
    ],
    "rotation": [
      -0.001620842955550506,
      7.164633645615089e-05,
      -0.8570168400509771
    ]
  },
  {
    "label_id": "Rq5V6L3mDygKo0QPfbHovw",
    "size": [
      1.8888181910746846,
      4.636756789517779,
      1.3600000000000065
    ],
    "obj_class": "vehicle",
    "point_num_in_lidar": 602,
    "speed": 0.47066765143013467,
    "if_vehicle": true,
    "motion_state": false,
    "pose": [
      [
        0.255754630242425,
        0.9667854721711554,
        0.0012699643931658555,
        21.33689989461709
      ],
      [
        -0.9667851584420651,
        0.2557595042821103,
        0.0010069505783455873,
        -12.19233018810337
      ],
      [
        0.0006481853967248499,
        -0.0014873305480165404,
        1.000005084720718,
        0.8386536613656972
      ],
      [
        0.0,
        0.0,
        0.0,
        1.0
      ]
    ],
    "location": [
      21.33689989461709,
      -12.19233018810337,
      0.8386536613656972
    ],
    "rotation": [
      -0.0014873218886788998,
      -0.0006481812931942295,
      -1.3121792197393969
    ]
  },
  {
    "label_id": "SQQ6HVe8YtnoiVO4yfPY2Q",
    "size": [
      1.9274767058030657,
      4.326488639833419,
      1.3500000000000014
    ],
    "obj_class": "vehicle",
    "point_num_in_lidar": 111,
    "speed": 3.5950934718225418e-12,
    "if_vehicle": true,
    "motion_state": false,
    "pose": [
      [
        -0.2066826116907918,
        -0.9784512650696082,
        0.0012699643931658555,
        29.322964886698173
      ],
      [
        0.9784511974956251,
        -0.2066874953495178,
        0.0010069505783455873,
        -18.481574897261453
      ],
      [
        -0.0007223542587075672,
        0.001452756274299849,
        1.000005084720718,
        0.9137613096136192
      ],
      [
        0.0,
        0.0,
        0.0,
        1.0
      ]
    ],
    "location": [
      29.322964886698173,
      -18.481574897261453,
      0.9137613096136192
    ],
    "rotation": [
      0.001452747865479944,
      0.0007223496978667053,
      1.7789705480057028
    ]
  },
  {
    "label_id": "UMM0XzCyaXFdt743gKi7vA",
    "size": [
      2.0189343276507783,
      4.470248932210846,
      1.7100000000000009
    ],
    "obj_class": "vehicle",
    "point_num_in_lidar": 55,
    "speed": 0.5743766164826779,
    "if_vehicle": true,
    "motion_state": false,
    "pose": [
      [
        -0.22551661534226264,
        -0.9742827291378071,
        0.0012699643931658555,
        17.16626161261229
      ],
      [
        0.9742825673799594,
        -0.22552149678909672,
        0.0010069505783455873,
        32.963091316509235
      ],
      [
        -0.0006941989876640505,
        0.001466418846413515,
        1.000005084720718,
        0.7865089817579474
      ],
      [
        0.0,
        0.0,
        0.0,
        1.0
      ]
    ],
    "location": [
      17.16626161261229,
      32.963091316509235,
      0.7865089817579474
    ],
    "rotation": [
      0.0014664103390172063,
      0.0006941945999770985,
      1.7982598538798555
    ]
  },
  {
    "label_id": "WRasNf5aFU5EQsYKqc3aig",
    "size": [
      0.8642005477228385,
      0.9213117662531766,
      1.6099999999999994
    ],
    "obj_class": "pedestrian",
    "point_num_in_lidar": 297,
    "speed": 1.013118282194571,
    "if_vehicle": false,
    "motion_state": true,
    "pose": [
      [
        0.9782444628855279,
        -0.2076592182530035,
        0.0012699643931658555,
        -2.0372474531977787
      ],
      [
        0.20766410184184267,
        0.978244390436613,
        0.0010069505783455873,
        -10.310568667766347
      ],
      [
        -0.0014534766189100063,
        -0.0007209037285744082,
        1.000005084720718,
        0.7220851587389916
      ],
      [
        0.0,
        0.0,
        0.0,
        1.0
      ]
    ],
    "location": [
      -2.0372474531977787,
      -10.310568667766347,
      0.7220851587389916
    ],
    "rotation": [
      -0.000720899938115785,
      0.0014534678272255716,
      0.20917720425850908
    ]
  },
  {
    "label_id": "Wc72pGuPCXfpIpqhr-sJew",
    "size": [
      0.9748219167261922,
      1.4516448810316316,
      1.6099999999999994
    ],
    "obj_class": "pedestrian",
    "point_num_in_lidar": 47,
    "speed": 1.2655377862442534,
    "if_vehicle": false,
    "motion_state": true,
    "pose": [
      [
        0.9853688082284011,
        -0.17068360162061205,
        0.0012699643931658555,
        23.897981977635936
      ],
      [
        0.17068848447491194,
        0.9853689196854839,
        0.0010069505783455873,
        14.489963358850218
      ],
      [
        -0.00142530604289653,
        -0.0007751123477749429,
        1.000005084720718,
        1.0374995748647962
      ],
      [
        0.0,
        0.0,
        0.0,
        1.0
      ]
    ],
    "location": [
      23.897981977635936,
      14.489963358850218,
      1.0374995748647962
    ],
    "rotation": [
      -0.0007751082513386461,
      0.0014252974023439096,
      0.17152089551339217
    ]
  },
  {
    "label_id": "Z9OsRYR58DxyfT5G8nd1sw",
    "size": [
      0.911422745379282,
      0.9160872246739158,
      1.9500000000000028
    ],
    "obj_class": "pedestrian",
    "point_num_in_lidar": 510,
    "speed": 0.005393143433112506,
    "if_vehicle": false,
    "motion_state": false,
    "pose": [
      [
        -0.41958472838816635,
        0.9077627640496563,
        0.0012699643931658555,
        6.451826421063743
      ],
      [
        -0.9077656308669416,
        -0.41958077414393424,
        0.0010069505783455873,
        8.202994533283345
      ],
      [
        0.0014478141620113366,
        -0.000732209409847998,
        1.000005084720718,
        0.8639769460095295
      ],
      [
        0.0,
        0.0,
        0.0,
        1.0
      ]
    ],
    "location": [
      6.451826421063743,
      8.202994533283345,
      0.8639769460095295
    ],
    "rotation": [
      -0.0007322055559353158,
      -0.001447805400613411,
      -2.003763358188389
    ]
  },
  {
    "label_id": "Zf_0k6PmuzbSRQRWpdsKQg",
    "size": [
      1.9263009385234242,
      4.30626809851573,
      1.480000000000004
    ],
    "obj_class": "vehicle",
    "point_num_in_lidar": 826,
    "speed": 1.6750731815270996,
    "if_vehicle": true,
    "motion_state": true,
    "pose": [
      [
        -0.8235709901284646,
        -0.5672877614671974,
        0.0012699643931658555,
        20.72293174978404
      ],
      [
        0.5672843499775526,
        -0.8235744853290595,
        0.0010069505783455873,
        11.425270048239327
      ],
      [
        0.0004763821882023885,
        0.0015509211709026484,
        1.000005084720718,
        0.960534012575863
      ],
      [
        0.0,
        0.0,
        0.0,
        1.0
      ]
    ],
    "location": [
      20.72293174978404,
      11.425270048239327,
      0.960534012575863
    ],
    "rotation": [
      0.0015509120414564043,
      -0.00047637915698356653,
      2.538415959504006
    ]
  },
  {
    "label_id": "Zfh8PMMz_gcqeqExLpq5tQ",
    "size": [
      1.89039484513364,
      4.104269830155506,
      1.3600000000000065
    ],
    "obj_class": "vehicle",
    "point_num_in_lidar": 36,
    "speed": 1.1368683772161603e-12,
    "if_vehicle": true,
    "motion_state": false,
    "pose": [
      [
        0.9620073363569913,
        -0.27317844879669734,
        0.0012699643931658555,
        69.21530495005572
      ],
      [
        0.2731833163732544,
        0.9620069346266636,
        0.0010069505783455873,
        10.470325576687173
      ],
      [
        -0.001498797677470972,
        -0.0006212101010110553,
        1.000005084720718,
        0.8249656107270766
      ],
      [
        0.0,
        0.0,
        0.0,
        1.0
      ]
    ],
    "location": [
      69.21530495005572,
      10.470325576687173,
      0.8249656107270766
    ],
    "rotation": [
      -0.0006212068624397449,
      0.0014987886450744514,
      0.27668828889310376
    ]
  },
  {
    "label_id": "aX9TVEEnUmFXUq27-AfHng",
    "size": [
      0.9678677238782688,
      1.0875697848219783,
      1.75
    ],
    "obj_class": "pedestrian",
    "point_num_in_lidar": 93,
    "speed": 1.5688057462916032,
    "if_vehicle": false,
    "motion_state": true,
    "pose": [
      [
        0.4288603239075924,
        0.9034176236212786,
        0.0012699643931658555,
        10.85209800805751
      ],
      [
        -0.9034164206059905,
        0.42886505755766524,
        0.0010069505783455873,
        -10.320185760530876
      ],
      [
        0.0003641780059159703,
        -0.0015810347395290257,
        1.000005084720718,
        0.9690873814074621
      ],
      [
        0.0,
        0.0,
        0.0,
        1.0
      ]
    ],
    "location": [
      10.85209800805751,
      -10.320185760530876,
      0.9690873814074621
    ],
    "rotation": [
      -0.0015810253831163943,
      -0.0003641756829276874,
      -1.1275850691672389
    ]
  },
  {
    "label_id": "b5nOlzdtnZu2ZvwsJrvIQA",
    "size": [
      0.8337839977292343,
      0.9484009492462533,
      1.8299999999999983
    ],
    "obj_class": "pedestrian",
    "point_num_in_lidar": 132,
    "speed": 0.6931231015845907,
    "if_vehicle": false,
    "motion_state": false,
    "pose": [
      [
        -0.8389513666710812,
        -0.5442841027003901,
        0.0012699643931658555,
        28.180433371657273
      ],
      [
        0.5442805958118863,
        -0.8389547661448369,
        0.0010069505783455873,
        -8.931962204798765
      ],
      [
        0.0005191105549296677,
        0.0015371469348605406,
        1.000005084720718,
        0.986143676661527
      ],
      [
        0.0,
        0.0,
        0.0,
        1.0
      ]
    ],
    "location": [
      28.180433371657273,
      -8.931962204798765,
      0.986143676661527
    ],
    "rotation": [
      0.001537137908290068,
      -0.0005191072555104005,
      2.5660875284905735
    ]
  },
  {
    "label_id": "bRPbYyeLmNMrwlF8n9yZLQ",
    "size": [
      2.3021059485345154,
      5.192549817773653,
      1.9400000000000048
    ],
    "obj_class": "vehicle",
    "point_num_in_lidar": 789,
    "speed": 6.821210263296962e-12,
    "if_vehicle": true,
    "motion_state": false,
    "pose": [
      [
        -0.6146353952293805,
        0.7888649510675874,
        0.0012699643931658555,
        8.908707272086758
      ],
      [
        -0.7888686404235588,
        -0.6146321947073435,
        0.0010069505783455873,
        16.74226512398309
      ],
      [
        0.0015762018303569485,
        -0.00038455722275097587,
        1.000005084720718,
        0.8456650028342665
      ],
      [
        0.0,
        0.0,
        0.0,
        1.0
      ]
    ],
    "location": [
      8.908707272086758,
      16.74226512398309,
      0.8456650028342665
    ],
    "rotation": [
      -0.00038455524843847825,
      -0.001576192394016125,
      -2.232684772558172
    ]
  },
  {
    "label_id": "bacsewv05EXPBe1OQGzJhA",
    "size": [
      2.1567897859488743,
      4.360600259374679,
      1.5200000000000031
    ],
    "obj_class": "vehicle",
    "point_num_in_lidar": 102,
    "speed": 6.629024818318272e-12,
    "if_vehicle": true,
    "motion_state": false,
    "pose": [
      [
        -0.612803750847272,
        0.7902886453943002,
        0.0012699643931658555,
        5.2708626043458935
      ],
      [
        -0.7902923273158482,
