[
  {
    "label_id": "-EDgzw9YqjNzbXb8lWuF_g",
    "size": [
      0.7647537580679161,
      1.0695207740712365,
      1.8599999999999994
    ],
    "obj_class": "pedestrian",
    "point_num_in_lidar": 123,
    "speed": 1.304624792922135,
    "if_vehicle": false,
    "motion_state": true,
    "pose": [
      [
        0.21615360001697548,
        0.9764028035669887,
        0.001174430682829654,
        11.629949973808834
      ],
      [
        -0.976402675870791,
        0.21615880932984655,
        0.0008150247905088034,
        -13.415804474083416
      ],
      [
        0.0005415105779957137,
        -0.001324933472571744,
        1.0000053765262191,
        0.9415498874262767
      ],
      [
        0.0,
        0.0,
        0.0,
        1.0
      ]
    ],
    "location": [
      11.629949973808834,
      -13.415804474083416,
      0.9415498874262767
    ],
    "rotation": [
      -0.001324925573799561,
      -0.0005415071383481011,
      -1.352932479110654
    ]
  },
  {
    "label_id": "1XGa86vdVK8I7WhqZCOcOQ",
    "size": [
      1.9388804825461066,
      4.415578465873616,
      1.6900000000000048
    ],
    "obj_class": "vehicle",
    "point_num_in_lidar": 44,
    "speed": 1.1368683772161603e-12,
    "if_vehicle": true,
    "motion_state": false,
    "pose": [
      [
        -0.20668162854432862,
        -0.9784515920759895,
        0.001174430682829654,
        30.324728872641572
      ],
      [
        0.978451514866585,
        -0.20668683885004097,
        0.0008150247905088034,
        -24.122918183762522
      ],
      [
        -0.0005543244073566933,
        0.0013196237585883803,
        1.0000053765262191,
        1.1161911756323661
      ],
      [
        0.0,
        0.0,
        0.0,
        1.0
      ]
    ],
    "location": [
      30.324728872641572,
      -24.122918183762522,
      1.1161911756323661
    ],
    "rotation": [
      0.0013196158976473207,
      0.000554320887613554,
      1.7789695205366876
    ]
  },
  {
    "label_id": "2EWbspym0T1YkCd3xXEsUA",
    "size": [
      0.7170531407607647,
      0.8462840361255533,
      1.6899999999999977
    ],
    "obj_class": "pedestrian",
    "point_num_in_lidar": 356,
    "speed": 1.1736301820148047,
    "if_vehicle": false,
    "motion_state": true,
    "pose": [
      [
        0.5032734570610509,
        0.8641762789104969,
        0.001174430682829654,
        10.15283884126984
      ],
      [
        -0.8641745706447137,
        0.5032783799743065,
        0.0008150247905088034,
        -7.377376658667345
      ],
      [
        0.00011223795920157855,
        -0.0014269145220848136,
        1.0000053765262191,
        0.8892238366548781
      ],
      [
        0.0,
        0.0,
        0.0,
        1.0
      ]
    ],
    "location": [
      10.15283884126984,
      -7.377376658667345,
      0.8892238366548781
    ],
    "rotation": [
      -0.0014269058818597473,
      -0.00011223724102220286,
      -1.0434373826952312
    ]
  },
  {
    "label_id": "2kx3n6sQg97wQoT2iuuqkw",
    "size": [
      1.9436068624993115,
      4.581826043400449,
      1.470000000000006
    ],
    "obj_class": "vehicle",
    "point_num_in_lidar": 69,
    "speed": 1.1368683772161603e-12,
    "if_vehicle": true,
    "motion_state": false,
    "pose": [
      [
        0.9673887987596869,
        -0.2534634601832477,
        0.001174430682829654,
        38.074029569586855
      ],
      [
        0.25346866075877,
        0.9673884712522127,
        0.0008150247905088034,
        3.4862619112464017
      ],
      [
        -0.0013447378133079517,
        -0.0004902679127599664,
        1.0000053765262191,
        0.9461399993024315
      ],
      [
        0.0,
        0.0,
        0.0,
        1.0
      ]
    ],
    "location": [
      38.074029569586855,
      3.4862619112464017,
      0.9461399993024315
    ],
    "rotation": [
      -0.000490265237555796,
      0.0013447296111612395,
      0.25625288231888366
    ]
  },
  {
    "label_id": "3NGaBQl276KzZKljja6dOA",
    "size": [
      0.7299292117232203,
      0.694010124373706,
      1.1000000000000014
    ],
    "obj_class": "pedestrian",
    "point_num_in_lidar": 153,
    "speed": 0.001644585249639616,
    "if_vehicle": false,
    "motion_state": false,
    "pose": [
      [
        0.7398035491658882,
        0.6728859652685064,
        0.001174430682829654,
        2.6308213322990923
      ],
      [
        -0.6728828559645981,
        0.7398077307297241,
        0.0008150247905088034,
        12.673969055547786
      ],
      [
        -0.0003219559496827994,
        -0.0013946421689043059,
        1.0000053765262191,
        0.7077032194113144
      ],
      [
        0.0,
        0.0,
        0.0,
        1.0
      ]
    ],
    "location": [
      2.6308213322990923,
      12.673969055547786,
      0.7077032194113144
    ],
    "rotation": [
      -0.0013946337664246173,
      0.00032195389446256623,
      -0.7380623195585294
    ]
  },
  {
    "label_id": "3P6tBBZUHGg_gbV4OhqorA",
    "size": [
      0.8275096005613661,
      0.8398197400242338,
      1.6499999999999986
    ],
    "obj_class": "pedestrian",
    "point_num_in_lidar": 296,
    "speed": 1.3768348404780455,
    "if_vehicle": false,
    "motion_state": true,
    "pose": [
      [
        0.9625905526119781,
        -0.27111665687659386,
        0.001174430682829654,
        4.031064964416146
      ],
      [
        0.27112185059117105,
        0.9625901300296802,
        0.0008150247905088034,
        -8.884228765426087
      ],
      [
        -0.0013534808644661408,
        -0.00046558776009068766,
        1.0000053765262191,
        0.80188749976503
      ],
      [
        0.0,
        0.0,
        0.0,
        1.0
      ]
    ],
    "location": [
      4.031064964416146,
      -8.884228765426087,
      0.80188749976503
    ],
    "rotation": [
      -0.00046558522321776976,
      0.0013534726143132104,
      0.2745460044076165
    ]
  },
  {
    "label_id": "4JRTQZlhJCGV0xv6XMfMIw",
    "size": [
      2.1256513865936006,
      4.668043267308801,
      1.6099999999999994
    ],
    "obj_class": "vehicle",
    "point_num_in_lidar": 39,
    "speed": 6.629024818318272e-12,
    "if_vehicle": true,
    "motion_state": false,
    "pose": [
      [
        0.1752457268868483,
        0.9845677979812637,
        0.001174430682829654,
        21.038530629739398
      ],
      [
        -0.9845678876449161,
        0.1752509369931176,
        0.0008150247905088034,
        48.92433482968772
      ],
      [
        0.0005962943876773019,
        -0.001301197685229583,
        1.0000053765262191,
        0.9532368023651543
      ],
      [
        0.0,
        0.0,
        0.0,
        1.0
      ]
    ],
    "location": [
      21.038530629739398,
      48.92433482968772,
      0.9532368023651543
    ],
    "rotation": [
      -0.0013011899549970297,
      -0.000596290606240435,
      -1.3946485384743463
    ]
  },
  {
    "label_id": "50vFTXzPARJLsyl_rL8FYw",
    "size": [
      0.9071328832517408,
      0.8769552914394498,
      1.8200000000000003
    ],
    "obj_class": "pedestrian",
    "point_num_in_lidar": 82,
    "speed": 0.8815843989818913,
    "if_vehicle": false,
    "motion_state": false,
    "pose": [
      [
        -0.4532099763586626,
        -0.8914513620735317,
        0.001174430682829654,
        26.74541019690514
      ],
      [
        0.8914499371191702,
        -0.45321498861882903,
        0.0008150247905088034,
        -13.213334819258307
      ],
      [
        -0.00019336924465425054,
        0.001418199826556224,
        1.0000053765262191,
        1.0531637306014545
      ],
      [
        0.0,
        0.0,
        0.0,
        1.0
      ]
    ],
    "location": [
      26.74541019690514,
      -13.213334819258307,
      1.0531637306014545
    ],
    "rotation": [
      0.0014181912508210884,
      0.00019336800813748344,
      2.0411385049176762
    ]
  },
  {
    "label_id": "51XfsSndNbxOYol5ZhZdTA",
    "size": [
      1.8797856288791137,
      4.076636714678694,
      1.3999999999999986
    ],
    "obj_class": "vehicle",
    "point_num_in_lidar": 41,
    "speed": 1.6077746776921857e-12,
    "if_vehicle": true,
    "motion_state": false,
    "pose": [
      [
        -0.9803798992579381,
        0.19733237632170092,
        0.001174430682829654,
        24.61944744421635
      ],
      [
        -0.19733758712703833,
        -0.9803798717871641,
        0.0008150247905088034,
        44.40129236579378
      ],
      [
        0.0013142723185994546,
        0.0005668956565237417,
        1.0000053765262191,
        0.9143275007484135
      ],
      [
        0.0,
        0.0,
        0.0,
        1.0
      ]
    ],
    "location": [
      24.61944744421635,
      44.40129236579378,
      0.9143275007484135
    ],
    "rotation": [
      0.0005668925478838774,
      -0.0013142642845310499,
      -2.9429600394401563
    ]
  },
  {
    "label_id": "7tOgwMtQQau9C7cR3nDM_A",
    "size": [
      2.1995109981502514,
      4.668562141136059,
      1.6400000000000006
    ],
    "obj_class": "vehicle",
    "point_num_in_lidar": 145,
    "speed": 0.0143817621486813,
    "if_vehicle": true,
    "motion_state": false,
    "pose": [
      [
        -0.23364911547173758,
        -0.9723645944053337,
        0.001174430682829654,
        33.35809490846441
      ],
      [
        0.972364373201606,
        -0.23365432165227792,
        0.0008150247905088034,
        -36.130187919370655
      ],
      [
        -0.0005176354103945124,
        0.0013344422035921856,
        1.0000053765262191,
        1.408222701117893
      ],
      [
        0.0,
        0.0,
        0.0,
        1.0
      ]
    ],
    "location": [
      33.35809490846441,
      -36.130187919370655,
      1.408222701117893
    ],
    "rotation": [
      0.0013344342368844654,
      0.0005176321202191906,
      1.8066151843119163
    ]
  },
  {
    "label_id": "8bU9YqZGCj5wFCjrgGqXyA",
    "size": [
      0.31098383429451976,
      0.08639544551842648,
      0.6700000000000017
    ],
    "obj_class": "sign",
    "point_num_in_lidar": 20,
    "speed": 2.5421149729252077e-12,
    "if_vehicle": false,
    "motion_state": false,
    "pose": [
      [
        0.09915670180398418,
        0.9951144467352135,
        0.001174430682829654,
        21.21882398572052
      ],
      [
        -0.9951149360441232,
        0.0991618896574612,
        0.0008150247905088034,
        22.929529263165023
      ],
      [
        0.0006944106822907219,
        -0.0012515894762831767,
        1.0000053765262191,
        2.9854441019144815
      ],
      [
        0.0,
        0.0,
        0.0,
        1.0
      ]
    ],
    "location": [
      21.21882398572052,
      22.929529263165023,
      2.9854441019144815
    ],
    "rotation": [
      -0.001251582093598494,
      -0.0006944062932997742,
      -1.4714806902054323
    ]
  },
  {
    "label_id": "9VwGco63NvqDkOZ7SoAOWQ",
    "size": [
      2.1388433729690757,
      4.855035932090138,
      1.5600000000000023
    ],
    "obj_class": "vehicle",
    "point_num_in_lidar": 103,
    "speed": 6.813999722569054,
    "if_vehicle": true,
    "motion_state": true,
    "pose": [
      [
        0.22677100070922573,
        0.9739916461916451,
        0.001174430682829654,
        9.428276947241102
      ],
      [
        -0.9739914617886177,
        0.2267762083231161,
        0.0008150247905088034,
        36.42822592990706
      ],
      [
        0.0005270537791734109,
        -0.0013307504374154044,
        1.0000053765262191,
        0.6168430557212332
      ],
      [
        0.0,
        0.0,
        0.0,
        1.0
      ]
    ],
    "location": [
      9.428276947241102,
      36.42822592990706,
      0.6168430557212332
    ],
    "rotation": [
      -0.0013307424971122281,
      -0.0005270504299976843,
      -1.342045133037696
    ]
  },
  {
    "label_id": "CpPxlJb2rlUaBE-2xJoBWw",
    "size": [
      0.7881720904023977,
      0.994941850972178,
      1.8900000000000006
    ],
    "obj_class": "pedestrian",
    "point_num_in_lidar": 245,
    "speed": 1.343786109249937,
    "if_vehicle": false,
    "motion_state": true,
    "pose": [
      [
        -0.24927641867874004,
        -0.9684761642417824,
        0.001174430682829654,
        8.016032891893701
      ],
      [
        0.9684758592336977,
        -0.24928162062231685,
        0.0008150247905088034,
        4.650443096914387
      ],
      [
        -0.0004960803086949378,
        0.0013426044615401076,
        1.0000053765262191,
        0.9148886437872079
      ],
      [
        0.0,
        0.0,
        0.0,
        1.0
      ]
    ],
    "location": [
      8.016032891893701,
      4.650443096914387,
      0.9148886437872079
    ],
    "rotation": [
      0.00134259643632438,
      0.0004960771537207809,
      1.8227185035152675
    ]
  },
  {
    "label_id": "DnS7Up19TsoNk12Ymz9Ndg",
    "size": [
      1.9636513337670822,
      4.880426123448928,
      1.5200000000000031
    ],
    "obj_class": "vehicle",
    "point_num_in_lidar": 196,
    "speed": 0.2581068656213448,
    "if_vehicle": true,
    "motion_state": false,
    "pose": [
      [
        -0.27496530554091014,
        -0.961498254997152,
        0.001174430682829654,
        14.149992080368975
      ],
      [
        0.9614978116409173,
        -0.27497049752339825,
        0.0008150247905088034,
        32.33818327629706
      ],
      [
        -0.00046016946998780965,
        0.0013553326055671363,
        1.0000053765262191,
        0.7553313073060508
      ],
      [
        0.0,
        0.0,
        0.0,
        1.0
      ]
    ],
    "location": [
      14.149992080368975,
      32.33818327629706,
      0.7553313073060508
    ],
    "rotation": [
      0.0013553244887572116,
      0.0004601665407659611,
      1.849337938408393
    ]
  },
  {
    "label_id": "EMpodh1TjmNyW98IZUh2MA",
    "size": [
      2.1737203176307127,
      4.530987525728997,
      1.8900000000000006
    ],
    "obj_class": "vehicle",
    "point_num_in_lidar": 216,
    "speed": 2.5421149729252077e-12,
    "if_vehicle": true,
    "motion_state": false,
    "pose": [
      [
        -0.6127231674536165,
        0.7903512723336263,
        0.001174430682829654,
        16.576357195488526
      ],
      [
        -0.790355196862226,
        -0.6127197394334623,
        0.0008150247905088034,
        -18.11345606417308
      ],
      [
        0.00136505850947149,
        -0.0004304621685371974,
        1.0000053765262191,
        0.8932764402625253
      ],
      [
        0.0,
        0.0,
        0.0,
        1.0
      ]
    ],
    "location": [
      16.576357195488526,
      -18.11345606417308,
      0.8932764402625253
    ],
    "rotation": [
      -0.00043045982757105683,
      -0.0013650501959075172,
      -2.230262803154735
    ]
  },
  {
    "label_id": "FRk_wv4gWEdPQOAxAVKlJw",
    "size": [
      2.0375490309551503,
      4.4473342942274545,
      1.3600000000000065
    ],
    "obj_class": "vehicle",
    "point_num_in_lidar": 240,
    "speed": 0.0015886593550825344,
    "if_vehicle": true,
    "motion_state": false,
    "pose": [
      [
        -0.9749265077588926,
        0.22271757470577977,
        0.001174430682829654,
        34.70401921951998
      ],
      [
        -0.22272278304166915,
        -0.9749263450193103,
        0.0008150247905088034,
        12.974551953811897
      ],
      [
        0.001328546565458857,
        0.0005325846751735771,
        1.0000053765262191,
        0.9630140565401462
      ],
      [
        0.0,
        0.0,
        0.0,
        1.0
      ]
    ],
    "location": [
      34.70401921951998,
      12.974551953811897,
      0.9630140565401462
    ],
    "rotation": [
      0.0005325817613790749,
      -0.0013285384524857546,
      -2.916996086097733
    ]
  },
  {
    "label_id": "GsCzF8GSnnWdvaGVsW2nYA",
    "size": [
      0.9597441527235938,
      0.9549516162441378,
      1.7999999999999972
    ],
    "obj_class": "pedestrian",
    "point_num_in_lidar": 477,
    "speed": 1.0224972051548815,
    "if_vehicle": false,
    "motion_state": true,
    "pose": [
      [
        0.9271090806767169,
        0.37490474275547275,
        0.001174430682829654,
        8.45189957506227
      ],
      [
        -0.3749003773023652,
        0.9271119260354069,
        0.0008150247905088034,
        -7.9143712645091
      ],
      [
        -0.0007851948902003301,
        -0.0011967252805993348,
        1.0000053765262191,
        0.9508772486274211
      ],
      [
        0.0,
        0.0,
        0.0,
        1.0
      ]
    ],
    "location": [
      8.45189957506227,
      -7.9143712645091,
      0.9508772486274211
    ],
    "rotation": [
      -0.0011967182751215248,
      0.000785189944990148,
      -0.3842728256650411
    ]
  },
  {
    "label_id": "IlvD3LQihY_gza6wNBNkbw",
    "size": [
      2.2304143002019656,
      4.640428889590738,
      1.6000000000000014
    ],
    "obj_class": "vehicle",
    "point_num_in_lidar": 44,
    "speed": 2.5421149729252077e-12,
    "if_vehicle": true,
    "motion_state": false,
    "pose": [
      [
        -0.5955741161970827,
        0.8033531513163052,
        0.001174430682829654,
        17.02719780364714
      ],
      [
        -0.8033570011703232,
        -0.5955706045207096,
        0.0008150247905088034,
        -22.7356223210154
      ],
      [
        0.0013554795295005852,
        -0.0004597365092388648,
        1.0000053765262191,
        0.7736628109607864
      ],
      [
        0.0,
        0.0,
        0.0,
        1.0
      ]
    ],
    "location": [
      17.02719780364714,
      -22.7356223210154,
      0.7736628109607864
    ],
    "rotation": [
      -0.00045973400507767445,
      -0.0013554712683879185,
      -2.20874275200806
    ]
  },
  {
    "label_id": "JKMgfkGQyJGWNzwnfDn1zw",
    "size": [
      0.8008319961445107,
      0.0756255792536936,
      0.7500000000000071
    ],
    "obj_class": "sign",
    "point_num_in_lidar": 43,
    "speed": 3.5950934718225418e-12,
    "if_vehicle": false,
    "motion_state": false,
    "pose": [
      [
        0.24050417609835117,
        0.9706917919159653,
        0.001174430682829654,
        28.180971144349314
      ],
      [
        -0.970691533983618,
        0.24050938058850987,
        0.0008150247905088034,
        -5.518138137922506
      ],
      [
        0.0005082068760332969,
        -0.0013380613528440105,
        1.0000053765262191,
        2.865219625411669
      ],
      [
        0.0,
        0.0,
        0.0,
        1.0
      ]
    ],
    "location": [
      28.180971144349314,
      -5.518138137922506,
      2.865219625411669
    ],
    "rotation": [
      -0.0013380533602158158,
      -0.0005082036449680514,
      -1.3279215317471817
    ]
  },
  {
    "label_id": "JoKbZ8BD1ksyS72fvT2i7A",
    "size": [
      2.065147650446559,
      4.299376155488723,
      1.720000000000006
    ],
    "obj_class": "vehicle",
    "point_num_in_lidar": 33,
    "speed": 2.5421149729252077e-12,
    "if_vehicle": true,
    "motion_state": false,
    "pose": [
      [
        -0.5430095352178708,
        0.8397770289048434,
        0.001174430682829654,
        16.857041868956003
      ],
      [
        -0.8397806464361185,
        -0.5430057846559951,
        0.0008150247905088034,
        69.86738871852867
      ],
      [
        0.0013233236453590769,
        -0.0005454328028784402,
        1.0000053765262191,
        0.5769047836173513
      ],
      [
        0.0,
        0.0,
        0.0,
        1.0
      ]
    ],
    "location": [
      16.857041868956003,
      69.86738871852867,
      0.5769047836173513
    ],
    "rotation": [
      -0.0005454298162731265,
      -0.0013233155612258063,
      -2.144783862653123
    ]
  },
  {
    "label_id": "K-eppQ_Y2mxaYi38LjA21Q",
    "size": [
      2.109126623547382,
      4.81993915668481,
      1.500000000000007
    ],
    "obj_class": "vehicle",
    "point_num_in_lidar": 345,
    "speed": 0.13302443140071965,
    "if_vehicle": true,
    "motion_state": false,
    "pose": [
      [
        -0.9836457428338304,
        0.18034928948752812,
        0.001174430682829654,
        31.525665351153293
      ],
      [
        -0.18035449998872763,
        -0.9836458054769277,
        0.0008150247905088034,
        9.243222160752339
      ],
      [
        0.0013042725406046157,
        0.0005895384233848063,
        1.0000053765262191,
        1.0866082824389878
      ],
      [
        0.0,
        0.0,
        0.0,
        1.0
      ]
    ],
    "location": [
      31.525665351153293,
      9.243222160752339,
      1.0866082824389878
    ],
    "rotation": [
      0.0005895351854350558,
      -0.001304264561972325,
      -2.9602537516870417
    ]
  },
  {
    "label_id": "KOEE6quaGGyBFe93Q79Llg",
    "size": [
      0.8525538982001598,
      1.2101923106300116,
      1.8200000000000003
    ],
    "obj_class": "pedestrian",
    "point_num_in_lidar": 818,
    "speed": 2.9586067182692912,
    "if_vehicle": false,
    "motion_state": true,
    "pose": [
      [
        0.5810541363989654,
        0.8139170130839057,
        0.001174430682829654,
        6.751608181541087
      ],
      [
        -0.8139148567604815,
        0.5810588801860811,
        0.0008150247905088034,
        3.9973802241365775
      ],
      [
        -2.0236465841930867e-05,
        -0.0014311788491563478,
        1.0000053765262191,
        0.8751705602226139
      ],
      [
        0.0,
        0.0,
        0.0,
        1.0
      ]
    ],
    "location": [
      6.751608181541087,
      3.9973802241365775,
      0.8751705602226139
    ],
    "rotation": [
      -0.0014311701772957905,
      2.0236336313328183e-05,
      -0.950802032254717
    ]
  },
  {
    "label_id": "KbMLXJEn2w0pC4MSAuldSQ",
    "size": [
      1.9351478814685146,
      4.515592189324639,
      1.4500000000000028
    ],
    "obj_class": "vehicle",
    "point_num_in_lidar": 34,
    "speed": 2.5421149729252077e-12,
    "if_vehicle": true,
    "motion_state": false,
    "pose": [
      [
        -0.9801355009425053,
        0.19854272438434686,
        0.001174430682829654,
        40.996681486052694
      ],
      [
        -0.19854793515179342,
        -0.9801354670378464,
        0.0008150247905088034,
        14.428993339250155
      ],
      [
        0.0013149712763773193,
        0.0005652724609645125,
        1.0000053765262191,
        0.9117566967189532
      ],
      [
        0.0,
        0.0,
        0.0,
        1.0
      ]
    ],
    "location": [
      40.996681486052694,
      14.428993339250155,
      0.9117566967189532
    ],
    "rotation": [
      0.0005652693615719014,
      -0.001314963238438981,
      -2.941725316546312
    ]
  },
  {
    "label_id": "LZxOUoMGi7vtc5t3F_znJA",
    "size": [
      0.8094053723148188,
      1.0083618395238672,
      1.6300000000000026
    ],
    "obj_class": "pedestrian",
    "point_num_in_lidar": 489,
    "speed": 1.1978560976218435,
    "if_vehicle": false,
    "motion_state": true,
    "pose": [
      [
        0.9902282234323623,
        -0.13976007703118304,
        0.001174430682829654,
        2.4784793002036167
      ],
      [
        0.1397652805525648,
        0.9902285002213381,
        0.0008150247905088034,
        -7.8402565678043175
      ],
      [
        -0.0012789346200468698,
        -0.0006426574907894861,
        1.0000053765262191,
        0.7714336115549258
      ],
      [
        0.0,
        0.0,
        0.0,
        1.0
      ]
    ],
    "location": [
      2.4784793002036167,
      -7.8402565678043175,
      0.7714336115549258
    ],
    "rotation": [
      -0.0006426539470702955,
      0.0012789267824628962,
      0.14021827659869535
    ]
  },
  {
    "label_id": "LinZfU-zluGcqLzAeStW8g",
    "size": [
      0.5054790318200172,
      0.10862760562286883,
      0.4322335325982465
    ],
    "obj_class": "sign",
    "point_num_in_lidar": 30,
    "speed": 0.000583716260949801,
    "if_vehicle": false,
    "motion_state": false,
    "pose": [
      [
        0.19461724491378038,
        0.9809224952033386,
        0.001174430682829654,
        4.684433294423798
      ],
      [
        -0.980922482159812,
        0.19462245577520387,
        0.0008150247905088034,
        20.931418419102556
      ],
      [
        0.0005705323057606524,
        -0.001312697718785901,
        1.0000053765262191,
        2.917009749849967
      ],
      [
        0.0,
        0.0,
        0.0,
        1.0
      ]
    ],
    "location": [
      4.684433294423798,
      20.931418419102556,
      2.917009749849967
    ],
    "rotation": [
      -0.001312689907080323,
      -0.0005705286848372818,
      -1.3749375189548827
    ]
  },
  {
    "label_id": "MMD9C-pfI8EcfG-gPi3gJQ",
    "size": [
      1.8487968183724657,
      4.512174364374527,
      1.730000000000004
    ],
    "obj_class": "vehicle",
    "point_num_in_lidar": 44,
    "speed": 2.051969260794674,
    "if_vehicle": true,
    "motion_state": true,
    "pose": [
      [
        0.21555987571163635,
        0.9765340514272702,
        0.001174430682829654,
        23.019061301129113
      ],
      [
        -0.9765339268985259,
        0.2155650851011879,
        0.0008150247905088034,
        -21.106335586402565
      ],
      [
        0.0005423160801165817,
        -0.0013246039717852466,
        1.0000053765262191,
        1.0819130463858073
      ],
      [
        0.0,
        0.0,
        0.0,
        1.0
      ]
    ],
    "location": [
      23.019061301129113,
      -21.106335586402565,
      1.0819130463858073
    ],
    "rotation": [
      -0.0013245960753628912,
      -0.0005423126354313684,
      -1.3535405121110122
    ]
  },
  {
    "label_id": "MV_5Q0rxAuIpiIi20l_8Sw",
    "size": [
      2.0720693563981443,
      4.341091663754647,
      1.8400000000000034
    ],
    "obj_class": "vehicle",
    "point_num_in_lidar": 24,
    "speed": 0.0033071543795647695,
    "if_vehicle": true,
    "motion_state": false,
    "pose": [
      [
        -0.2645482809317664,
        -0.9644164145584736,
        0.001174430682829654,
        11.646371657203417
      ],
      [
        0.9644160273920668,
        -0.26455347740644464,
        0.0008150247905088034,
        57.252072143943224
      ],
      [
        -0.0004748037558170431,
        0.0013502754557068325,
        1.0000053765262191,
        0.44526490808164
      ],
      [
        0.0,
        0.0,
        0.0,
        1.0
      ]
    ],
    "location": [
      11.646371657203417,
      57.252072143943224,
      0.44526490808164
    ],
    "rotation": [
      0.0013502673753414875,
      0.00047480073452297477,
      1.8385202817912663
    ]
  },
  {
    "label_id": "MjDrc4ihzQVdQ9IC3yqsig",
    "size": [
      0.8281349090485499,
      0.7298107158624727,
      1.7100000000000009
    ],
    "obj_class": "pedestrian",
    "point_num_in_lidar": 27,
    "speed": 0.8436768962947856,
    "if_vehicle": false,
    "motion_state": false,
    "pose": [
      [
        -0.9368746258879184,
        0.3497867192749709,
        0.001174430682829654,
        20.18430344646913
      ],
      [
        -0.3497918602576361,
        -0.9368737752739374,
        0.0008150247905088034,
        52.49493415365578
      ],
      [
        0.001387345802717152,
        0.00035207106740736444,
        1.0000053765262191,
        0.8015687568012027
      ],
      [
        0.0,
        0.0,
        0.0,
        1.0
      ]
    ],
    "location": [
      20.18430344646913,
      52.49493415365578,
      0.8015687568012027
    ],
    "rotation": [
      0.00035206915995157585,
      -0.0013873373676016165,
      -2.784260238381567
    ]
  },
  {
    "label_id": "Nd72enoaUv9l45M43pbdYw",
    "size": [
      0.9619118223230914,
      0.7962712858776171,
      1.6499999999999986
    ],
    "obj_class": "pedestrian",
    "point_num_in_lidar": 310,
    "speed": 0.002082657617286696,
    "if_vehicle": false,
    "motion_state": false,
    "pose": [
      [
        0.9771165347972751,
        -0.21290394791910305,
        0.001174430682829654,
        5.611714413244044
      ],
      [
        0.2129091576279845,
        0.9771164244329741,
        0.0008150247905088034,
        7.621522849382018
      ],
      [
        -0.00132312455435729,
        -0.000545915585488346,
        1.0000053765262191,
        0.7162620073453354
      ],
      [
        0.0,
        0.0,
        0.0,
        1.0
      ]
    ],
    "location": [
      5.611714413244044,
      7.621522849382018,
      0.7162620073453354
    ],
    "rotation": [
      -0.0005459125961436017,
      0.0013231164713240718,
      0.2145419411802679
    ]
  },
  {
    "label_id": "RLwpXW5onTXDRmiQoJpcRw",
    "size": [
      0.9158691018684753,
      1.1417508792291562,
      1.8500000000000014
    ],
    "obj_class": "pedestrian",
    "point_num_in_lidar": 1269,
    "speed": 1.4404036596574061,
    "if_vehicle": false,
    "motion_state": true,
    "pose": [
      [
        0.7396660893752065,
        0.6730370642410146,
        0.001174430682829654,
        4.04829211942706
      ],
      [
        -0.6730339557913013,
        0.7396702715740647,
        0.0008150247905088034,
        3.284844710273319
      ],
      [
        -0.00032167107196795573,
        -0.0013947079028532267,
        1.0000053765262191,
        0.925834796405411
      ],
      [
        0.0,
        0.0,
        0.0,
        1.0
      ]
    ],
    "location": [
      4.04829211942706,
      3.284844710273319,
      0.925834796405411
    ],
    "rotation": [
      -0.0013946994998922618,
      0.00032166901855642236,
      -0.738266581615048
    ]
  },
  {
    "label_id": "Rq5V6L3mDygKo0QPfbHovw",
    "size": [
      1.8888181910688646,
      4.636756789517779,
      1.3600000000000065
    ],
    "obj_class": "vehicle",
    "point_num_in_lidar": 615,
    "speed": 0.49339298191126013,
    "if_vehicle": true,
    "motion_state": false,
    "pose": [
      [
        0.25691571151090703,
        0.9664776928582567,
        0.001174430682829654,
        21.29197302916873
      ],
      [
        -0.9664773467852631,
        0.2569209108839837,
        0.0008150247905088034,
        -12.005124406001414
      ],
      [
        0.00048546367260946254,
        -0.001346479645371145,
        1.0000053765262191,
        0.8403309048534311
      ],
      [
        0.0,
        0.0,
        0.0,
        1.0
      ]
    ],
    "location": [
      21.29197302916873,
      -12.005124406001414,
      0.8403309048534311
    ],
    "rotation": [
      -0.0013464715923150912,
      -0.00048546058431191494,
      -1.3109780800226583
    ]
  },
  {
    "label_id": "SQQ6HVe8YtnoiVO4yfPY2Q",
    "size": [
      1.9274767058030646,
      4.326488639833419,
      1.3500000000000014
    ],
    "obj_class": "vehicle",
    "point_num_in_lidar": 127,
    "speed": 3.5950934718225418e-12,
    "if_vehicle": true,
    "motion_state": false,
    "pose": [
      [
        -0.20668162854172675,
        -0.9784515920765392,
        0.001174430682829654,
        29.322987954656128
      ],
      [
        0.9784515148671348,
        -0.20668683884743907,
        0.0008150247905088034,
        -18.481562350752938
      ],
      [
        -0.0005543244073602009,
        0.0013196237585869045,
        1.0000053765262191,
        0.9122538032654575
      ],
      [
        0.0,
        0.0,
        0.0,
        1.0
      ]
    ],
    "location": [
      29.322987954656128,
      -18.481562350752938,
      0.9122538032654575
    ],
    "rotation": [
      0.001319615897645845,
      0.0005543208876170616,
      1.7789695205340283
    ]
  },
  {
    "label_id": "UMM0XzCyaXFdt743gKi7vA",
    "size": [
      2.018934327647958,
      4.470248932210846,
      1.7100000000000009
    ],
    "obj_class": "vehicle",
    "point_num_in_lidar": 74,
    "speed": 0.4571733895613836,
    "if_vehicle": true,
    "motion_state": false,
    "pose": [
      [
        -0.22530286366912544,
        -0.9743323012382714,
        0.001174430682829654,
        17.237215939574526
      ],
      [
        0.9743321246837239,
        -0.22530807155501126,
        0.0008150247905088034,
        32.70087912501185
      ],
      [
        -0.0005290587227798798,
        0.0013299546160199563,
        1.0000053765262191,
        0.7848761629198862
      ],
      [
        0.0,
        0.0,
        0.0,
        1.0
      ]
    ],
    "location": [
      17.237215939574526,
      32.70087912501185,
      0.7848761629198862
    ],
    "rotation": [
      0.0013299466814039613,
      0.000529055361050397,
      1.798040441864983
    ]
  },
  {
    "label_id": "WRasNf5aFU5EQsYKqc3aig",
    "size": [
      0.8642005477213066,
      0.9213117662531766,
      1.6099999999999994
    ],
    "obj_class": "pedestrian",
    "point_num_in_lidar": 247,
    "speed": 1.033829373309677,
    "if_vehicle": false,
    "motion_state": true,
    "pose": [
      [
        0.9817688849180025,
        -0.1903015244832162,
        0.001174430682829654,
        -2.5524420885558357
      ],
      [
        0.1903067353516121,
        0.9817688947905964,
        0.0008150247905088034,
        -10.419956437050132
      ],
      [
        -0.0013101759742508094,
        -0.00057629968707107,
        1.0000053765262191,
        0.7275466635114753
      ],
      [
        0.0,
        0.0,
        0.0,
        1.0
      ]
    ],
    "location": [
      -2.5524420885558357,
      -10.419956437050132,
      0.7275466635114753
    ],
    "rotation": [
      -0.0005762965247979205,
      0.001310167962875616,
      0.19146617025587
    ]
  },
  {
    "label_id": "Wc72pGuPCXfpIpqhr-sJew",
    "size": [
      0.9748219167231014,
      1.4516448810316316,
      1.6099999999999994
    ],
    "obj_class": "pedestrian",
    "point_num_in_lidar": 82,
    "speed": 1.3022619276620084,
    "if_vehicle": false,
    "motion_state": true,
    "pose": [
      [
        0.9895447437270187,
        -0.1445199424854694,
        0.001174430682829654,
        23.24247624434065
      ],
      [
        0.14452514727762567,
        0.9895449954918262,
        0.0008150247905088034,
        14.381886753493745
      ],
      [
        -0.0012820100328801984,
        -0.0006365003443964332,
        1.0000053765262191,
        0.9897265862338145
      ],
      [
        0.0,
        0.0,
        0.0,
        1.0
      ]
    ],
    "location": [
      23.24247624434065,
      14.381886753493745,
      0.9897265862338145
    ],
    "rotation": [
      -0.000636496836299751,
      0.0012820021781322535,
      0.14502676129492806
    ]
  },
  {
    "label_id": "Z9OsRYR58DxyfT5G8nd1sw",
    "size": [
      0.9114227453886501,
      0.9160872246739158,
      1.9500000000000028
    ],
    "obj_class": "pedestrian",
    "point_num_in_lidar": 299,
    "speed": 0.005393143437099574,
    "if_vehicle": false,
    "motion_state": false,
    "pose": [
      [
        -0.42941145737668984,
        0.9031559189239706,
        0.001174430682829654,
        6.449942212035239
      ],
      [
        -0.9031590190228407,
        -0.4294072689839307,
        0.0008150247905088034,
        8.20106548511103
      ],
      [
        0.001241330410470017,
        -0.0007125876962624355,
        1.0000053765262191,
        0.8639320667394941
      ],
      [
        0.0,
        0.0,
        0.0,
        1.0
      ]
    ],
    "location": [
      6.449942212035239,
      8.20106548511103,
      0.8639320667394941
    ],
    "rotation": [
      -0.0007125837444256995,
      -0.0012413227837256577,
      -2.014615824254372
    ]
  },
  {
    "label_id": "Zf_0k6PmuzbSRQRWpdsKQg",
    "size": [
      1.926300938534721,
      4.30626809851573,
      1.480000000000004
    ],
    "obj_class": "vehicle",
    "point_num_in_lidar": 722,
    "speed": 1.4566804496528045,
    "if_vehicle": true,
    "motion_state": true,
    "pose": [
      [
        -0.8666856913450348,
        -0.49893960158675843,
        0.001174430682829654,
        21.307535571708286
      ],
      [
        0.4989356693011794,
        -0.8666891104643706,
        0.0008150247905088034,
        10.897895258494827
      ],
      [
        0.0006130106770326165,
        0.0012934064800619682,
        1.0000053765262191,
        0.965088950880272
      ],
      [
        0.0,
        0.0,
        0.0,
        1.0
      ]
    ],
    "location": [
      21.307535571708286,
      10.897895258494827,
      0.965088950880272
    ],
    "rotation": [
      0.0012933988048311558,
      -0.0006130067916536971,
      2.6192457088928864
    ]
  },
  {
    "label_id": "Zfh8PMMz_gcqeqExLpq5tQ",
    "size": [
      1.8903948451336376,
      4.104269830155506,
      1.3600000000000065
    ],
    "obj_class": "vehicle",
    "point_num_in_lidar": 40,
    "speed": 1.1368683772161603e-12,
    "if_vehicle": true,
    "motion_state": false,
    "pose": [
      [
        0.9620077298990886,
        -0.2731774903394801,
        0.001174430682829654,
        69.21530495005572
      ],
      [
        0.27318268313715754,
        0.9620072961950555,
        0.0008150247905088034,
        10.470325576672622
      ],
      [
        -0.0013544748495539416,
        -0.0004626881182266281,
        1.0000053765262191,
        0.8249656107270766
      ],
      [
        0.0,
        0.0,
        0.0,
        1.0
      ]
    ],
    "location": [
      69.21530495005572,
      10.470325576672622,
      0.8249656107270766
    ],
    "rotation": [
      -0.00046268559756827124,
      0.0013544665939497892,
      0.276687572268863
    ]
  },
  {
    "label_id": "aX9TVEEnUmFXUq27-AfHng",
    "size": [
      0.9678677238665349,
      1.0875697848219783,
      1.75
    ],
    "obj_class": "pedestrian",
    "point_num_in_lidar": 273,
    "speed": 1.587395485034499,
    "if_vehicle": false,
    "motion_state": true,
    "pose": [
      [
        0.5066011482327987,
        0.862229720099571,
        0.001174430682829654,
        10.571822960853751
      ],
      [
        -0.8622279928684726,
        0.5066060645240473,
        0.0008150247905088034,
        -9.6039427829528
      ],
      [
        0.00010673631806493903,
        -0.0014273366005354907,
        1.0000053765262191,
        0.980761730962513
      ],
      [
        0.0,
        0.0,
        0.0,
        1.0
      ]
    ],
    "location": [
      10.571822960853751,
      -9.6039427829528,
      0.980761730962513
    ],
    "rotation": [
      -0.0014273279571814944,
      -0.00010673563506759872,
      -1.0395823216587607
    ]
  },
  {
    "label_id": "b5nOlzdtnZu2ZvwsJrvIQA",
    "size": [
      0.8337839977258685,
      0.9484009492462533,
      1.8299999999999983
    ],
    "obj_class": "pedestrian",
    "point_num_in_lidar": 112,
    "speed": 0.9314283034340664,
    "if_vehicle": false,
    "motion_state": false,
    "pose": [
      [
        -0.42862495833703884,
        -0.9035294453997313,
        0.001174430682829654,
        28.41043567356246
      ],
      [
        0.9035281582553429,
        -0.4286300077435616,
        0.0008150247905088034,
        -9.270215846212523
      ],
      [
        -0.0002321382695581951,
        0.001412371847860469,
        1.0000053765262191,
        1.1256765478235593
      ],
      [
        0.0,
        0.0,
        0.0,
        1.0
      ]
    ],
    "location": [
      28.41043567356246,
      -9.270215846212523,
      1.1256765478235593
    ],
    "rotation": [
      0.0014123633151328894,
      0.0002321367857676964,
      2.013747052933884
    ]
  },
  {
    "label_id": "bRPbYyeLmNMrwlF8n9yZLQ",
    "size": [
      2.302105948534514,
      5.192549817773653,
      1.9400000000000048
    ],
    "obj_class": "vehicle",
    "point_num_in_lidar": 799,
    "speed": 6.821210263296962e-12,
    "if_vehicle": true,
    "motion_state": false,
    "pose": [
      [
        -0.61463627909576,
        0.7888644104236756,
        0.001174430682829654,
        8.908707272086758
      ],
      [
        -0.7888683432463675,
