[
  {
    "label_id": "1XGa86vdVK8I7WhqZCOcOQ",
    "size": [
      1.9388804825461083,
      4.415578465873616,
      1.6900000000000048
    ],
    "obj_class": "vehicle",
    "point_num_in_lidar": 110,
    "speed": 1.1368683772161603e-12,
    "if_vehicle": true,
    "motion_state": false,
    "pose": [
      [
        -0.20666391627217284,
        -0.9784447352306858,
        -0.0047030534341816425,
        30.324728872641572
      ],
      [
        0.9784478339896755,
        -0.20664708092827713,
        -0.0049295708414865925,
        -24.122918183762522
      ],
      [
        0.003851484483366984,
        -0.005617849235503248,
        0.9999832036594413,
        1.1161911756322525
      ],
      [
        0.0,
        0.0,
        0.0,
        1.0
      ]
    ],
    "location": [
      30.324728872641572,
      -24.122918183762522,
      1.1161911756322525
    ],
    "rotation": [
      -0.005617884494333509,
      -0.003851469352697446,
      1.7789529519892089
    ]
  },
  {
    "label_id": "2kx3n6sQg97wQoT2iuuqkw",
    "size": [
      1.9436068624993124,
      4.581826043400449,
      1.470000000000006
    ],
    "obj_class": "vehicle",
    "point_num_in_lidar": 82,
    "speed": 1.1368683772161603e-12,
    "if_vehicle": true,
    "motion_state": false,
    "pose": [
      [
        0.9673828010202872,
        -0.2534454388615863,
        -0.0047030534341816425,
        38.07408185451641
      ],
      [
        0.2534287718831024,
        0.9673867052410261,
        -0.0049295708414865925,
        3.4862903486646246
      ],
      [
        0.005796446118158116,
        0.003577062364252378,
        0.9999832036594413,
        0.9427231451506941
      ],
      [
        0.0,
        0.0,
        0.0,
        1.0
      ]
    ],
    "location": [
      38.07408185451641,
      3.4862903486646246,
      0.9427231451506941
    ],
    "rotation": [
      0.003577107189549256,
      -0.0057964414749418856,
      0.25621581715789676
    ]
  },
  {
    "label_id": "3NGaBQl276KzZKljja6dOA",
    "size": [
      0.7299292117232195,
      0.694010124373706,
      1.1000000000000014
    ],
    "obj_class": "pedestrian",
    "point_num_in_lidar": 138,
    "speed": 0.0016445852129412062,
    "if_vehicle": false,
    "motion_state": false,
    "pose": [
      [
        0.7397851711264345,
        0.6728907599090882,
        -0.0047030534341816425,
        2.6411406125989743
      ],
      [
        -0.6729031179740333,
        0.7397733259019885,
        -0.0049295708414865925,
        12.669658354498097
      ],
      [
        0.00016057024710527135,
        0.006809433159537265,
        0.9999832036594413,
        0.7078252179929905
      ],
      [
        0.0,
        0.0,
        0.0,
        1.0
      ]
    ],
    "location": [
      2.6411406125989743,
      12.669658354498097,
      0.7078252179929905
    ],
    "rotation": [
      0.006809442285180122,
      -0.00016056922001393302,
      -0.7380896735261274
    ]
  },
  {
    "label_id": "3P6tBBZUHGg_gbV4OhqorA",
    "size": [
      0.827509600558045,
      0.8398197400242338,
      1.6499999999999986
    ],
    "obj_class": "pedestrian",
    "point_num_in_lidar": 87,
    "speed": 1.4615739026311867,
    "if_vehicle": false,
    "motion_state": true,
    "pose": [
      [
        0.2765591638196232,
        0.9610302300640648,
        -0.0047030534341816425,
        10.69048449787806
      ],
      [
        -0.9610345326425743,
        0.27654259520684077,
        -0.0049295708414865925,
        -12.671554531552829
      ],
      [
        -0.00343710369826163,
        0.005880517062797909,
        0.9999832036594413,
        0.8794306966855174
      ],
      [
        0.0,
        0.0,
        0.0,
        1.0
      ]
    ],
    "location": [
      10.69048449787806,
      -12.671554531552829,
      0.8794306966855174
    ],
    "rotation": [
      0.005880548049912281,
      0.003437088465359027,
      -1.2905949672344048
    ]
  },
  {
    "label_id": "4JRTQZlhJCGV0xv6XMfMIw",
    "size": [
      2.125651386593603,
      4.668043267308801,
      1.6099999999999994
    ],
    "obj_class": "vehicle",
    "point_num_in_lidar": 25,
    "speed": 6.629024818318272e-12,
    "if_vehicle": true,
    "motion_state": false,
    "pose": [
      [
        0.17522824325248512,
        0.9845603775067563,
        -0.0047030534341816425,
        21.038530629732122
      ],
      [
        -0.9845629356107771,
        0.17521131731927067,
        -0.0049295708414865925,
        48.92433482968045
      ],
      [
        -0.004029392532665768,
        0.005491644432786818,
        0.9999832036594413,
        0.9532368023650406
      ],
      [
        0.0,
        0.0,
        0.0,
        1.0
      ]
    ],
    "location": [
      21.038530629732122,
      48.92433482968045,
      0.9532368023650406
    ],
    "rotation": [
      0.005491681466122176,
      0.004029377644657044,
      -1.3946648832171031
    ]
  },
  {
    "label_id": "50vFTXzPARJLsyl_rL8FYw",
    "size": [
      0.9071328832521681,
      0.8769552914394498,
      1.8200000000000003
    ],
    "obj_class": "pedestrian",
    "point_num_in_lidar": 150,
    "speed": 1.1825588174675423,
    "if_vehicle": false,
    "motion_state": true,
    "pose": [
      [
        -0.7446030280674879,
        0.6675555443424362,
        -0.0047030534341816425,
        20.902179339449503
      ],
      [
        -0.6675425043007369,
        -0.7446141180820884,
        -0.0049295708414865925,
        -13.46058387010271
      ],
      [
        -0.006790484957875166,
        -0.0005324253894511767,
        0.9999832036594413,
        1.0570599547829715
      ],
      [
        0.0,
        0.0,
        0.0,
        1.0
      ]
    ],
    "location": [
      20.902179339449503,
      -13.46058387010271,
      1.0570599547829715
    ],
    "rotation": [
      -0.0005324342820869412,
      0.0067904936789343565,
      -2.410710236931694
    ]
  },
  {
    "label_id": "51XfsSndNbxOYol5ZhZdTA",
    "size": [
      1.8797856288791088,
      4.076636714678694,
      1.3999999999999986
    ],
    "obj_class": "vehicle",
    "point_num_in_lidar": 22,
    "speed": 1.6077746776921857e-12,
    "if_vehicle": true,
    "motion_state": false,
    "pose": [
      [
        -0.9803728736520606,
        0.19731473030871063,
        -0.0047030534341816425,
        24.61944744421635
      ],
      [
        -0.1972978661525391,
        -0.9803758115676459,
        -0.0049295708414865925,
        44.40129236579378
      ],
      [
        -0.005580828840302557,
        -0.003904934341792227,
        0.9999832036594413,
        0.9143275007485272
      ],
      [
        0.0,
        0.0,
        0.0,
        1.0
      ]
    ],
    "location": [
      24.61944744421635,
      44.40129236579378,
      0.9143275007485272
    ],
    "rotation": [
      -0.003904980082536067,
      0.005580822088026543,
      -2.9429975919598172
    ]
  },
  {
    "label_id": "7tOgwMtQQau9C7cR3nDM_A",
    "size": [
      2.199510998150255,
      4.668562141136059,
      1.6400000000000006
    ],
    "obj_class": "vehicle",
    "point_num_in_lidar": 107,
    "speed": 0.021749662686028032,
    "if_vehicle": true,
    "motion_state": false,
    "pose": [
      [
        -0.23363122043007992,
        -0.9723582297846561,
        -0.0047030534341816425,
        33.33216997493582
      ],
      [
        0.9723617927239322,
        -0.2336144771754657,
        -0.0049295708414865925,
        -35.98456950318359
      ],
      [
        0.003694723581481959,
        -0.005722165710192449,
        0.9999832036594413,
        1.409037901333022
      ],
      [
        0.0,
        0.0,
        0.0,
        1.0
      ]
    ],
    "location": [
      33.33216997493582,
      -35.98456950318359,
      1.409037901333022
    ],
    "rotation": [
      -0.005722199367362666,
      -0.0036947083382110847,
      1.8065983880422332
    ]
  },
  {
    "label_id": "8bU9YqZGCj5wFCjrgGqXyA",
    "size": [
      0.3109838342945195,
      0.08639544551842648,
      0.6700000000000017
    ],
    "obj_class": "sign",
    "point_num_in_lidar": 26,
    "speed": 2.5421149729252077e-12,
    "if_vehicle": false,
    "motion_state": false,
    "pose": [
      [
        0.09913983931873552,
        0.9951057061686733,
        -0.0047030534341816425,
        21.21882398572052
      ],
      [
        -0.9951069575497183,
        0.09912276696808181,
        -0.0049295708414865925,
        22.929529263165023
      ],
      [
        -0.004439024953493869,
        0.005166161071890799,
        0.9999832036594413,
        2.985444101914595
      ],
      [
        0.0,
        0.0,
        0.0,
        1.0
      ]
    ],
    "location": [
      21.21882398572052,
      22.929529263165023,
      2.985444101914595
    ],
    "rotation": [
      0.005166201884098912,
      0.004439011118396888,
      -1.4714966779772871
    ]
  },
  {
    "label_id": "9VwGco63NvqDkOZ7SoAOWQ",
    "size": [
      2.1388433729706984,
      4.855035932090138,
      1.5600000000000023
    ],
    "obj_class": "vehicle",
    "point_num_in_lidar": 1482,
    "speed": 2.7944433141152785,
    "if_vehicle": true,
    "motion_state": true,
    "pose": [
      [
        0.2195080888217765,
        0.9756435174444658,
        -0.0047030534341816425,
        14.497335222258698
      ],
      [
        -0.9756468372427255,
        0.21949129566689485,
        -0.0049295708414865925,
        13.268742100379313
      ],
      [
        -0.0037773029280378555,
        0.005667993061772194,
        0.9999832036594413,
        0.9095998765377544
      ],
      [
        0.0,
        0.0,
        0.0,
        1.0
      ]
    ],
    "location": [
      14.497335222258698,
      13.268742100379313,
      0.9095998765377544
    ],
    "rotation": [
      0.005668027566101515,
      0.0037772877325226418,
      -1.3494940299287532
    ]
  },
  {
    "label_id": "C4lVCY0U7eKSegXd8LC_FQ",
    "size": [
      0.9018772145063875,
      0.944866519994953,
      1.3999999999999986
    ],
    "obj_class": "pedestrian",
    "point_num_in_lidar": 48,
    "speed": 0.0023112134551973966,
    "if_vehicle": false,
    "motion_state": false,
    "pose": [
      [
        0.1720179253344294,
        0.9851263409092446,
        -0.0047030534341816425,
        34.11498640642094
      ],
      [
        -0.9851288438259438,
        0.17200099115244855,
        -0.0049295708414865925,
        17.973458064036095
      ],
      [
        -0.004047272324700334,
        0.005478480582075277,
        0.9999832036594413,
        1.0058345198591496
      ],
      [
        0.0,
        0.0,
        0.0,
        1.0
      ]
    ],
    "location": [
      34.11498640642094,
      17.973458064036095,
      1.0058345198591496
    ],
    "rotation": [
      0.005478517790357069,
      0.004047257468038469,
      -1.3979245870160528
    ]
  },
  {
    "label_id": "CpPxlJb2rlUaBE-2xJoBWw",
    "size": [
      0.788172090394788,
      0.994941850972178,
      1.8900000000000006
    ],
    "obj_class": "pedestrian",
    "point_num_in_lidar": 445,
    "speed": 0.9786175519351339,
    "if_vehicle": false,
    "motion_state": false,
    "pose": [
      [
        -0.6323919425733843,
        -0.774689941304171,
        -0.0047030534341816425,
        5.375222007394768
      ],
      [
        0.774700416150874,
        -0.6323784034191301,
        -0.0049295708414865925,
        10.250487773715577
      ],
      [
        0.0008460146588244395,
        -0.006758581356728293,
        0.9999832036594413,
        0.8488933738790365
      ],
      [
        0.0,
        0.0,
        0.0,
        1.0
      ]
    ],
    "location": [
      5.375222007394768,
      10.250487773715577,
      0.8488933738790365
    ],
    "rotation": [
      -0.006758591968593816,
      -0.0008460093445558298,
      2.2554006629180425
    ]
  },
  {
    "label_id": "DnS7Up19TsoNk12Ymz9Ndg",
    "size": [
      1.9636513337652648,
      4.880426123448928,
      1.5200000000000031
    ],
    "obj_class": "vehicle",
    "point_num_in_lidar": 430,
    "speed": 0.9392913702938792,
    "if_vehicle": true,
    "motion_state": false,
    "pose": [
      [
        -0.651326254854114,
        -0.7588400252538821,
        -0.0047030534341816425,
        16.753782597734244
      ],
      [
        0.7588508311890837,
        -0.6513129784511456,
        -0.0049295708414865925,
        27.92625472632062
      ],
      [
        0.0006788873925139243,
        -0.00677740914116499,
        0.9999832036594413,
        0.7887622663097318
      ],
      [
        0.0,
        0.0,
        0.0,
        1.0
      ]
    ],
    "location": [
      16.753782597734244,
      27.92625472632062,
      0.7887622663097318
    ],
    "rotation": [
      -0.006777419206848226,
      -0.0006788830992251662,
      2.2800927566221527
    ]
  },
  {
    "label_id": "EMpodh1TjmNyW98IZUh2MA",
    "size": [
      2.1737203176307123,
      4.530987525728997,
      1.8900000000000006
    ],
    "obj_class": "vehicle",
    "point_num_in_lidar": 272,
    "speed": 2.5421149729252077e-12,
    "if_vehicle": true,
    "motion_state": false,
    "pose": [
      [
        -0.6127293902418083,
        0.7903333274786659,
        -0.0047030534341816425,
        16.576357195488526
      ],
      [
        -0.7903224891126471,
        -0.6127426401826914,
        -0.0049295708414865925,
        -18.11345606417308
      ],
      [
        -0.006775804913579106,
        0.0006947161518047044,
        0.9999832036594413,
        0.8932764402624116
      ],
      [
        0.0,
        0.0,
        0.0,
        1.0
      ]
    ],
    "location": [
      16.576357195488526,
      -18.11345606417308,
      0.8932764402624116
    ],
    "rotation": [
      0.000694727708920435,
      0.006775813390875158,
      -2.2302877604421036
    ]
  },
  {
    "label_id": "FRk_wv4gWEdPQOAxAVKlJw",
    "size": [
      2.0375490309551516,
      4.4473342942274545,
      1.3600000000000065
    ],
    "obj_class": "vehicle",
    "point_num_in_lidar": 235,
    "speed": 0.001588659312915597,
    "if_vehicle": true,
    "motion_state": false,
    "pose": [
      [
        -0.9749199426302889,
        0.22269975224807204,
        -0.0047030534341816425,
        34.708257327845786
      ],
      [
        -0.2226829700473087,
        -0.9749233173671533,
        -0.0049295708414865925,
        12.964602509156975
      ],
      [
        -0.005680324110575092,
        -0.0037587339300993866,
        0.9999832036594413,
        0.9698318774935615
      ],
      [
        0.0,
        0.0,
        0.0,
        1.0
      ]
    ],
    "location": [
      34.708257327845786,
      12.964602509156975,
      0.9698318774935615
    ],
    "rotation": [
      -0.003758779362160881,
      0.00568031829866473,
      -2.9170334359533787
    ]
  },
  {
    "label_id": "IlvD3LQihY_gza6wNBNkbw",
    "size": [
      2.230414300201963,
      4.640428889590738,
      1.6000000000000014
    ],
    "obj_class": "vehicle",
    "point_num_in_lidar": 60,
    "speed": 2.5421149729252077e-12,
    "if_vehicle": true,
    "motion_state": false,
    "pose": [
      [
        -0.5955807236907846,
        0.8033353445215514,
        -0.0047030534341816425,
        17.027197803654417
      ],
      [
        -0.8033247937840318,
        -0.5955942037890468,
        -0.0049295708414865925,
        -22.735622321022674
      ],
      [
        -0.006759286726687011,
        0.0008403604612866443,
        0.9999832036594413,
        0.7736628109606727
      ],
      [
        0.0,
        0.0,
        0.0,
        1.0
      ]
    ],
    "location": [
      17.027197803654417,
      -22.735622321022674,
      0.7736628109606727
    ],
    "rotation": [
      0.0008403743786718928,
      0.006759294931443286,
      -2.2087672403788288
    ]
  },
  {
    "label_id": "JKMgfkGQyJGWNzwnfDn1zw",
    "size": [
      0.8008319961445111,
      0.0756255792536936,
      0.7500000000000071
    ],
    "obj_class": "sign",
    "point_num_in_lidar": 48,
    "speed": 3.5950934718225418e-12,
    "if_vehicle": false,
    "motion_state": false,
    "pose": [
      [
        0.24048623659422977,
        0.9706855537187843,
        -0.0047030534341816425,
        28.18097114435659
      ],
      [
        -0.9706892347075735,
        0.240469518896036,
        -0.0049295708414865925,
        -5.518138137922506
      ],
      [
        -0.0036542567593554707,
        0.005748092752832541,
        0.9999832036594413,
        2.865219625411669
      ],
      [
        0.0,
        0.0,
        0.0,
        1.0
      ]
    ],
    "location": [
      28.18097114435659,
      -5.518138137922506,
      2.865219625411669
    ],
    "rotation": [
      0.00574812599268844,
      0.0036542415019161284,
      -1.327938391175366
    ]
  },
  {
    "label_id": "JoKbZ8BD1ksyS72fvT2i7A",
    "size": [
      2.0651476504465562,
      4.299376155488723,
      1.720000000000006
    ],
    "obj_class": "vehicle",
    "point_num_in_lidar": 68,
    "speed": 2.5421149729252077e-12,
    "if_vehicle": true,
    "motion_state": false,
    "pose": [
      [
        -0.5430172673335882,
        0.839759680841585,
        -0.0047030534341816425,
        16.857041868956003
      ],
      [
        -0.8397500132659231,
        -0.5430313942261051,
        -0.0049295708414865925,
        69.8673887185214
      ],
      [
        -0.006691753896846763,
        0.0012706661805908174,
        0.9999832036594413,
        0.5769047836171239
      ],
      [
        0.0,
        0.0,
        0.0,
        1.0
      ]
    ],
    "location": [
      16.857041868956003,
      69.8673887185214,
      0.5769047836171239
    ],
    "rotation": [
      0.0012706868395880278,
      0.0066917610064897,
      -2.144806988433692
    ]
  },
  {
    "label_id": "K-eppQ_Y2mxaYi38LjA21Q",
    "size": [
      2.109126623546056,
      4.81993915668481,
      1.500000000000007
    ],
    "obj_class": "vehicle",
    "point_num_in_lidar": 1059,
    "speed": 2.0998444949782833,
    "if_vehicle": true,
    "motion_state": true,
    "pose": [
      [
        -0.7341400043833127,
        -0.6790453064072146,
        -0.0047030534341816425,
        20.409390209330013
      ],
      [
        0.6790575651207142,
        -0.7341280563686369,
        -0.0049295708414865925,
        12.335100441079703
      ],
      [
        -0.00010369847447103021,
        -0.006810536644410155,
        0.9999832036594413,
        0.997459040276226
      ],
      [
        0.0,
        0.0,
        0.0,
        1.0
      ]
    ],
    "location": [
      20.409390209330013,
      12.335100441079703,
      0.997459040276226
    ],
    "rotation": [
      -0.006810545737412529,
      0.00010369781090156484,
      2.395151937998434
    ]
  },
  {
    "label_id": "KOEE6quaGGyBFe93Q79Llg",
    "size": [
      0.852553898196326,
      1.2101923106300116,
      1.8200000000000003
    ],
    "obj_class": "pedestrian",
    "point_num_in_lidar": 333,
    "speed": 1.651439488865886,
    "if_vehicle": false,
    "motion_state": true,
    "pose": [
      [
        0.2240801723195472,
        0.9746035863687555,
        -0.0047030534341816425,
        11.43864140171354
      ],
      [
        -0.9746069848685303,
        0.22406339491478228,
        -0.0049295708414865925,
        -9.732904613498249
      ],
      [
        -0.003750685908790586,
        0.005685641386163997,
        0.9999832036594413,
        0.9866393120453267
      ],
      [
        0.0,
        0.0,
        0.0,
        1.0
      ]
    ],
    "location": [
      11.43864140171354,
      -9.732904613498249,
      0.9866393120453267
    ],
    "rotation": [
      0.005685675618175395,
      0.0037506706950966046,
      -1.344805349076554
    ]
  },
  {
    "label_id": "KbMLXJEn2w0pC4MSAuldSQ",
    "size": [
      1.935147881468512,
      4.515592189324639,
      1.4500000000000028
    ],
    "obj_class": "vehicle",
    "point_num_in_lidar": 48,
    "speed": 2.5421149729252077e-12,
    "if_vehicle": true,
    "motion_state": false,
    "pose": [
      [
        -0.9801284971299379,
        0.19852506971011946,
        -0.0047030534341816425,
        40.9968383408559
      ],
      [
        -0.19850820919431755,
        -0.9801314558658601,
        -0.0049295708414865925,
        14.429078651497548
      ],
      [
        -0.005585646101917261,
        -0.0038980405824718635,
        0.9999832036594413,
        0.9015061342641957
      ],
      [
        0.0,
        0.0,
        0.0,
        1.0
      ]
    ],
    "location": [
      40.9968383408559,
      14.429078651497548,
      0.9015061342641957
    ],
    "rotation": [
      -0.0038980863123616247,
      0.0055856393938902805,
      -2.9417628600669667
    ]
  },
  {
    "label_id": "LZxOUoMGi7vtc5t3F_znJA",
    "size": [
      0.8094053723052139,
      1.0083618395238672,
      1.6300000000000026
    ],
    "obj_class": "pedestrian",
    "point_num_in_lidar": 229,
    "speed": 1.2925582246757286,
    "if_vehicle": false,
    "motion_state": true,
    "pose": [
      [
        0.5290958345562943,
        0.8485998303351098,
        -0.0047030534341816425,
        9.748123590390605
      ],
      [
        -0.8486085045464141,
        0.5290810768745791,
        -0.0049295708414865925,
        -9.845951967326982
      ],
      [
        -0.001695870424850638,
        0.006596831531923337,
        0.9999832036594413,
        0.849211821081667
      ],
      [
        0.0,
        0.0,
        0.0,
        1.0
      ]
    ],
    "location": [
      9.748123590390605,
      -9.845951967326982,
      0.849211821081667
    ],
    "rotation": [
      0.006596846640042387,
      0.001695860382754612,
      -1.0132862062827666
    ]
  },
  {
    "label_id": "LinZfU-zluGcqLzAeStW8g",
    "size": [
      0.5054790318200171,
      0.10862760562286883,
      0.4322335325982465
    ],
    "obj_class": "sign",
    "point_num_in_lidar": 52,
    "speed": 0.0005837162551102844,
    "if_vehicle": false,
    "motion_state": false,
    "pose": [
      [
        0.19459961842020768,
        0.9809154207679213,
        -0.0047030534341816425,
        4.688326549025078
      ],
      [
        -0.9809183119805044,
        0.19458274619447535,
        -0.0049295708414865925,
        20.932190480729332
      ],
      [
        -0.00392037099984057,
        0.005569995869125054,
        0.9999832036594413,
        2.9170757366320004
      ],
      [
        0.0,
        0.0,
        0.0,
        1.0
      ]
    ],
    "location": [
      4.688326549025078,
      20.932190480729332,
      2.9170757366320004
    ],
    "rotation": [
      0.0055700318216441854,
      0.003920355948358496,
      -1.3749539963167448
    ]
  },
  {
    "label_id": "MV_5Q0rxAuIpiIi20l_8Sw",
    "size": [
      2.0720693563981447,
      4.341091663754647,
      1.8400000000000034
    ],
    "obj_class": "vehicle",
    "point_num_in_lidar": 69,
    "speed": 0.0020043819302860786,
    "if_vehicle": true,
    "motion_state": false,
    "pose": [
      [
        -0.26453019196823113,
        -0.9644106240221794,
        -0.0047030534341816425,
        11.637081881715858
      ],
      [
        0.9644147192518913,
        -0.26451357089110084,
        -0.0049295708414865925,
        57.23159210781887
      ],
      [
        0.0035103082595532207,
        -0.005837113899982898,
        0.9999832036594413,
        0.4449523541727558
      ],
      [
        0.0,
        0.0,
        0.0,
        1.0
      ]
    ],
    "location": [
      11.637081881715858,
      57.23159210781887,
      0.4449523541727558
    ],
    "rotation": [
      -0.005837145647946229,
      -0.003510292999759525,
      1.8385031839051247
    ]
  },
  {
    "label_id": "M_WKbjgT5nrxHTrEbCzC9w",
    "size": [
      0.8067291331995945,
      0.971033692972897,
      1.6499999999999986
    ],
    "obj_class": "pedestrian",
    "point_num_in_lidar": 91,
    "speed": 1.452280992404638,
    "if_vehicle": false,
    "motion_state": true,
    "pose": [
      [
        0.9453219837604233,
        -0.32623675637312294,
        -0.0047030534341816425,
        -2.9208678276118007
      ],
      [
        0.3262204343370135,
        0.9453271434356657,
        -0.0049295708414865925,
        -10.924083334801253
      ],
      [
        0.00605154917696169,
        0.003126166233148102,
        0.9999832036594413,
        0.7519296954594665
      ],
      [
        0.0,
        0.0,
        0.0,
        1.0
      ]
    ],
    "location": [
      -2.9208678276118007,
      -10.924083334801253,
      0.7519296954594665
    ],
    "rotation": [
      0.0031262085578100144,
      -0.0060515473778615225,
      0.33229328653292267
    ]
  },
  {
    "label_id": "Nd72enoaUv9l45M43pbdYw",
    "size": [
      0.9619118223230899,
      0.7962712858776171,
      1.6499999999999986
    ],
    "obj_class": "pedestrian",
    "point_num_in_lidar": 385,
    "speed": 0.00208265756386472,
    "if_vehicle": false,
    "motion_state": false,
    "pose": [
      [
        0.9771097908051622,
        -0.2128861923711602,
        -0.0047030534341816425,
        5.625711142856744
      ],
      [
        0.21286937708750506,
        0.977112996635314,
        -0.0049295708414865925,
        7.623676210292615
      ],
      [
        0.005642244908425417,
        0.0038156565820063704,
        0.9999832036594413,
        0.7164940592833773
      ],
      [
        0.0,
        0.0,
        0.0,
        1.0
      ]
    ],
    "location": [
      5.625711142856744,
      7.623676210292615,
      0.7164940592833773
    ],
    "rotation": [
      0.0038157021536984327,
      -0.005642238730026014,
      0.21450450950815686
    ]
  },
  {
    "label_id": "PLIUxvOCVsYz1y-U52_w-g",
    "size": [
      1.1418908073091198,
      1.0812464483086648,
      1.6799999999999997
    ],
    "obj_class": "pedestrian",
    "point_num_in_lidar": 914,
    "speed": 1.4374324152661304,
    "if_vehicle": false,
    "motion_state": true,
    "pose": [
      [
        0.9961598998511013,
        0.08791773494717735,
        -0.0047030534341816425,
        1.4234700632296153
      ],
      [
        -0.08793474167262864,
        0.9961579498765412,
        -0.0049295708414865925,
        6.781700823165011
      ],
      [
        0.004249080408562224,
        0.005323483675191819,
        0.9999832036594413,
        0.7189224427968384
      ],
      [
        0.0,
        0.0,
        0.0,
        1.0
      ]
    ],
    "location": [
      1.4234700632296153,
      6.781700823165011,
      0.7189224427968384
    ],
    "rotation": [
      0.005323522801809257,
      -0.004249065996787494,
      -0.08804550402118862
    ]
  },
  {
    "label_id": "RLwpXW5onTXDRmiQoJpcRw",
    "size": [
      0.9158691018584113,
      1.1417508792291562,
      1.8500000000000014
    ],
    "obj_class": "pedestrian",
    "point_num_in_lidar": 780,
    "speed": 1.4494734480151388,
    "if_vehicle": false,
    "motion_state": true,
    "pose": [
      [
        0.46804170468024486,
        0.883742630447128,
        -0.0047030534341816425,
        8.835352435264213
      ],
      [
        -0.8837502441967401,
        0.4680263729507857,
        -0.0049295708414865925,
        -5.250737528476748
      ],
      [
        -0.0021560791407073568,
        0.006461074639521487,
        0.9999832036594413,
        0.9443585944688948
      ],
      [
        0.0,
        0.0,
        0.0,
        1.0
      ]
    ],
    "location": [
      8.835352435264213,
      -5.250737528476748,
      0.9443585944688948
    ],
    "rotation": [
      0.00646109325457667,
      0.0021560670104893895,
      -1.0837433851756737
    ]
  },
  {
    "label_id": "Rq5V6L3mDygKo0QPfbHovw",
    "size": [
      1.8888181910758457,
      4.636756789517779,
      1.3600000000000065
    ],
    "obj_class": "vehicle",
    "point_num_in_lidar": 31,
    "speed": 3.0960604641023646,
    "if_vehicle": true,
    "motion_state": true,
    "pose": [
      [
        0.251989849677988,
        0.9677629822683154,
        -0.0047030534341816425,
        25.303102542886336
      ],
      [
        -0.9677668614113214,
        0.25197317684496834,
        -0.0049295708414865925,
        -27.913480096329295
      ],
      [
        -0.003585778320583358,
        0.0057910583310907425,
        0.9999832036594413,
        1.082422266038293
      ],
      [
        0.0,
        0.0,
        0.0,
        1.0
      ]
    ],
    "location": [
      25.303102542886336,
      -27.913480096329295,
      1.082422266038293
    ],
    "rotation": [
      0.005791090862353928,
      0.0035857630527642566,
      -1.3160697360128737
    ]
  },
  {
    "label_id": "SQQ6HVe8YtnoiVO4yfPY2Q",
    "size": [
      1.9274767058030704,
      4.326488639833419,
      1.3500000000000014
    ],
    "obj_class": "vehicle",
    "point_num_in_lidar": 135,
    "speed": 3.5950934718225418e-12,
    "if_vehicle": true,
    "motion_state": false,
    "pose": [
      [
        -0.20666391626957095,
        -0.9784447352312354,
        -0.0047030534341816425,
        29.32267424507154
      ],
      [
        0.9784478339902251,
        -0.20664708092567524,
        -0.0049295708414865925,
        -18.48173297523317
      ],
      [
        0.0038514844833819235,
        -0.005617849235493008,
        0.9999832036594413,
        0.9327549281753136
      ],
      [
        0.0,
        0.0,
        0.0,
        1.0
      ]
    ],
    "location": [
      29.32267424507154,
      -18.48173297523317,
      0.9327549281753136
    ],
    "rotation": [
      -0.005617884494323269,
      -0.0038514693527123855,
      1.7789529519865497
    ]
  },
  {
    "label_id": "U7_dZU2frR6Gf_uQgk-FZg",
    "size": [
      0.5512768954798319,
      0.07578490118883277,
      0.44000000000000483
    ],
    "obj_class": "sign",
    "point_num_in_lidar": 21,
    "speed": 3.5950934718225418e-12,
    "if_vehicle": false,
    "motion_state": false,
    "pose": [
      [
        -0.17742019785505056,
        -0.9841677436203004,
        -0.0047030534341816425,
        31.655837996564514
      ],
      [
        0.9841703394081314,
        -0.1774032776601078,
        -0.0049295708414865925,
        -20.344803373940522
      ],
      [
        0.004017153916346506,
        -0.005500603346074231,
        0.9999832036594413,
        3.390089015592366
      ],
      [
        0.0,
        0.0,
        0.0,
        1.0
      ]
    ],
    "location": [
      31.655837996564514,
      -20.344803373940522,
      3.390089015592366
    ],
    "rotation": [
      -0.005500640259258275,
      -0.004017139007624017,
      1.7491545294393451
    ]
  },
  {
    "label_id": "UMM0XzCyaXFdt743gKi7vA",
    "size": [
      2.0189343276476626,
      4.470248932210846,
      1.7100000000000009
    ],
    "obj_class": "vehicle",
    "point_num_in_lidar": 49,
    "speed": 0.02211949667015757,
    "if_vehicle": true,
    "motion_state": false,
    "pose": [
      [
        -0.22650478466547105,
        -0.9740429439779579,
        -0.0047030534341816425,
        16.985373168201477
      ],
      [
        0.9740463842178702,
        -0.2264880157698393,
        -0.0049295708414865925,
        33.631216241534275
      ],
      [
        0.003736525546790333,
        -0.005694957383215811,
        0.9999832036594413,
        0.7960578485767655
      ],
      [
        0.0,
        0.0,
        0.0,
        1.0
      ]
    ],
    "location": [
      16.985373168201477,
      33.631216241534275,
      0.7960578485767655
    ],
    "rotation": [
      -0.0056949914700516035,
      -0.00373651032450924,
      1.7992757946709657
    ]
  },
  {
    "label_id": "WRasNf5aFU5EQsYKqc3aig",
    "size": [
      0.8642005477243112,
      0.9213117662531766,
      1.6099999999999994
    ],
    "obj_class": "pedestrian",
    "point_num_in_lidar": 296,
    "speed": 1.088768760050305,
    "if_vehicle": false,
    "motion_state": true,
    "pose": [
      [
        0.9893318103350027,
        -0.14589942854194035,
        -0.0047030534341816425,
        4.9634489462623606
      ],
      [
        0.14588243407887094,
        0.989333864437324,
        -0.0049295708414865925,
        -9.146764910758066
      ],
      [
        0.005369506218161078,
        0.004190771495988613,
        0.9999832036594413,
        0.8089730124739845
      ],
      [
        0.0,
        0.0,
        0.0,
        1.0
      ]
    ],
    "location": [
      4.9634489462623606,
      -9.146764910758066,
      0.8089730124739845
    ],
    "rotation": [
      0.004190817352251828,
      -0.0053694976506619,
      0.14640053208075854
    ]
  },
  {
    "label_id": "Wc72pGuPCXfpIpqhr-sJew",
    "size": [
      0.9748219167142883,
      1.4516448810316316,
      1.6099999999999994
    ],
    "obj_class": "pedestrian",
    "point_num_in_lidar": 80,
    "speed": 1.4282955646976712,
    "if_vehicle": false,
    "motion_state": true,
    "pose": [
      [
        0.9674809180621745,
        -0.2530706371256266,
        -0.0047030534341816425,
        32.190494827249495
      ],
      [
        0.2530539686358232,
        0.9674848158255123,
        -0.0049295708414865925,
        15.683601235599781
      ],
      [
        0.005795059860347937,
        0.0035793077505916248,
        0.9999832036594413,
        1.1098053898465423
      ],
      [
        0.0,
        0.0,
        0.0,
        1.0
      ]
    ],
    "location": [
      32.190494827249495,
      15.683601235599781,
      1.1098053898465423
    ],
    "rotation": [
      0.00357935258485373,
      -0.005795055202722032,
      0.25582839480467107
    ]
  },
  {
    "label_id": "XOGZVIJgjh_BcRiES2OlFA",
    "size": [
      2.2833126905500527,
      5.01776074174188,
      1.7999999999999972
    ],
    "obj_class": "vehicle",
    "point_num_in_lidar": 70,
    "speed": 2.2737367544323206e-12,
    "if_vehicle": true,
    "motion_state": false,
    "pose": [
      [
        -0.9781338763319867,
        0.20813023365518174,
        -0.0047030534341816425,
        63.74672012505471
      ],
      [
        -0.20811340297479608,
        -0.9781370003212821,
        -0.0049295708414865925,
        19.874635326181306
      ],
      [
        -0.00562361575261132,
        -0.0038430597998786007,
        0.9999832036594413,
        0.9871928798758063
      ],
      [
        0.0,
        0.0,
        0.0,
        1.0
      ]
    ],
    "location": [
      63.74672012505471,
      19.874635326181306,
      0.9871928798758063
    ],
    "rotation": [
      -0.0038431054299957507,
      0.005623609397901507,
      -2.931952991334214
    ]
  },
  {
    "label_id": "Y_9VwrgCiCR7GJmciwJvfw",
    "size": [
      0.48638857419428083,
      0.12473852654514349,
      0.6300000000000026
    ],
    "obj_class": "sign",
    "point_num_in_lidar": 20,
    "speed": 3.410605131648481e-12,
    "if_vehicle": false,
    "motion_state": false,
    "pose": [
      [
        0.17201792533444643,
        0.9851263409092416,
        -0.0047030534341816425,
        24.99687915721006
      ],
      [
        -0.9851288438259408,
        0.1720009911524656,
        -0.0049295708414865925,
        13.2612127519169
      ],
      [
        -0.004047272324700238,
        0.005478480582075346,
        0.9999832036594413,
        2.6435089903885682
      ],
      [
        0.0,
        0.0,
        0.0,
        1.0
      ]
    ],
    "location": [
      24.99687915721006,
      13.2612127519169,
      2.6435089903885682
    ],
    "rotation": [
      0.005478517790357139,
      0.004047257468038374,
      -1.3979245870160355
    ]
  },
  {
    "label_id": "Z9OsRYR58DxyfT5G8nd1sw",
    "size": [
      0.9114227453845977,
      0.9160872246739158,
      1.9500000000000028
    ],
    "obj_class": "pedestrian",
    "point_num_in_lidar": 547,
    "speed": 0.03590454921976146,
    "if_vehicle": false,
    "motion_state": false,
    "pose": [
      [
        -0.009276509599132385,
        0.9999890102192402,
        -0.0047030534341816425,
        6.4773013034282485
      ],
      [
        -0.9999884042217365,
        -0.009293617020866524,
        -0.0049295708414865925,
        8.282996360459947
      ],
      [
        -0.004972705587137394,
        0.0046547139441767684,
        0.9999832036594413,
        0.8934571385696017
      ],
      [
        0.0,
        0.0,
        0.0,
        1.0
      ]
    ],
    "location": [
      6.4773013034282485,
      8.282996360459947,
      0.8934571385696017
    ],
    "rotation": [
      0.004654758509488016,
      0.004972694251588672,
      -1.5800726778756642
    ]
  },
  {
    "label_id": "ZKnwPv8__s8nBMx_x1Kjmg",
    "size": [
      0.9160450749710672,
      0.6962191468794218,
      1.5799999999999983
    ],
    "obj_class": "pedestrian",
    "point_num_in_lidar": 24,
    "speed": 1.3469656853764735,
    "if_vehicle": false,
    "motion_state": true,
    "pose": [
      [
        0.2872579928261619,
        0.9578866946289019,
        -0.0047030534341816425,
        37.1468852446269
      ],
      [
        -0.9578911816891865,
        0.2872414732195878,
        -0.0049295708414865925,
        -38.13324916433339
      ],
      [
        -0.0033713189739056158,
        0.0059184770958959606,
        0.9999832036594413,
        1.3372328387810057
      ],
      [
        0.0,
        0.0,
        0.0,
        1.0
      ]
    ],
    "location": [
      37.1468852446269,
      -38.13324916433339,
      1.3372328387810057
    ],
    "rotation": [
      0.005918507399422048,
      0.0033713037808931322,
      -1.2794442780036037
    ]
  },
  {
    "label_id": "Zf_0k6PmuzbSRQRWpdsKQg",
    "size": [
      1.9263009385282963,
      4.30626809851573,
      1.480000000000004
    ],
    "obj_class": "vehicle",
    "point_num_in_lidar": 48,
    "speed": 6.669809222511163,
    "if_vehicle": true,
    "motion_state": true,
    "pose": [
      [
        -0.1894740823624403,
        -0.9819183501200646,
        -0.0047030534341816425,
        11.835106087528402
      ],
      [
        0.9819211531771352,
        -0.18945719526729574,
        -0.0049295708414865925,
        28.609221575279662
      ],
      [
        0.003949407130590144,
        -0.0055494455646762425,
        0.9999832036594413,
        0.7675328115583397
      ],
      [
        0.0,
        0.0,
        0.0,
        1.0
      ]
    ],
    "location": [
      11.835106087528402,
      28.609221575279662,
      0.7675328115583397
    ],
    "rotation": [
      -0.005549481807252832,
      -0.003949392118040642,
      1.7614161126547203
    ]
  },
  {
    "label_id": "Zfh8PMMz_gcqeqExLpq5tQ",
    "size": [
      1.8903948451336392,
      4.104269830155506,
      1.3600000000000065
    ],
    "obj_class": "vehicle",
    "point_num_in_lidar": 33,
    "speed": 1.1368683772161603e-12,
    "if_vehicle": true,
    "motion_state": false,
    "pose": [
      [
        0.9620021016470388,
        -0.2731593502267113,
        -0.0047030534341816425,
        69.21530495005572
      ],
      [
        0.2731427665041144,
        0.9620063456140736,
        -0.0049295708414865925,
        10.470325576679897
      ],
      [
        0.0058683271261512765,
        0.0034578749975871337,
        0.9999832036594413,
        0.8249656107270766
      ],
      [
        0.0,
        0.0,
        0.0,
        1.0
      ]
    ],
    "location": [
      69.21530495005572,
      10.470325576679897,
      0.8249656107270766
    ],
    "rotation": [
      0.0034579192957918735,
      -0.0058683232454393676,
      0.2766507123296227
    ]
  },
  {
    "label_id": "ZijCE1sh3tPNneGP7MwI4w",
    "size": [
      0.7479590980742236,
      0.5607518156480158,
      1.75
    ],
    "obj_class": "pedestrian",
    "point_num_in_lidar": 39,
    "speed": 1.240409884164443,
    "if_vehicle": false,
    "motion_state": true,
    "pose": [
      [
        -0.21372121188131954,
        -0.9769274884972674,
        -0.0047030534341816425,
        32.15584011666215
      ],
      [
