[
  {
    "label_id": "-EDgzw9YqjNzbXb8lWuF_g",
    "size": [
      0.7647537580692816,
      1.0695207740712365,
      1.8599999999999994
    ],
    "obj_class": "pedestrian",
    "point_num_in_lidar": 132,
    "speed": 1.2944027748285152,
    "if_vehicle": false,
    "motion_state": true,
    "pose": [
      [
        0.29842668554897506,
        0.9544767358842038,
        0.001366348891260609,
        11.122759990073973
      ],
      [
        -0.954476475899878,
        0.29843193504518856,
        0.0007194879293899204,
        -11.516142527652846
      ],
      [
        0.00027839341711760607,
        -0.0015208524977298314,
        1.0000052056207225,
        0.9495992838268421
      ],
      [
        0.0,
        0.0,
        0.0,
        1.0
      ]
    ],
    "location": [
      11.122759990073973,
      -11.516142527652846,
      0.9495992838268421
    ],
    "rotation": [
      -0.0015208434082363226,
      -0.00027839163876731656,
      -1.2677656325611553
    ]
  },
  {
    "label_id": "1XGa86vdVK8I7WhqZCOcOQ",
    "size": [
      1.9388804825461092,
      4.415578465873616,
      1.6900000000000048
    ],
    "obj_class": "vehicle",
    "point_num_in_lidar": 35,
    "speed": 1.1368683772161603e-12,
    "if_vehicle": true,
    "motion_state": false,
    "pose": [
      [
        -0.2066824902341859,
        -0.9784511608774894,
        0.001366348891260609,
        30.324728872641572
      ],
      [
        0.9784513992643963,
        -0.20668774075549604,
        0.0007194879293899204,
        -24.122918183755246
      ],
      [
        -0.0004211884100622831,
        0.0014876476524280488,
        1.0000052056207225,
        1.1161911756322525
      ],
      [
        0.0,
        0.0,
        0.0,
        1.0
      ]
    ],
    "location": [
      30.324728872641572,
      -24.122918183755246,
      1.1161911756322525
    ],
    "rotation": [
      0.0014876388109220495,
      0.00042118572656378264,
      1.7789703874778287
    ]
  },
  {
    "label_id": "2EWbspym0T1YkCd3xXEsUA",
    "size": [
      0.7170531407492523,
      0.8462840361255533,
      1.6899999999999977
    ],
    "obj_class": "pedestrian",
    "point_num_in_lidar": 359,
    "speed": 1.1567880815535199,
    "if_vehicle": false,
    "motion_state": true,
    "pose": [
      [
        0.46493919969978853,
        0.8853902340631677,
        0.001366348891260609,
        9.317243611811136
      ],
      [
        -0.8853890358377994,
        0.464944317224416,
        0.0007194879293899204,
        -5.924454968866485
      ],
      [
        8.245968895190636e-07,
        -0.001546122419016504,
        1.0000052056207225,
        0.8720768620096351
      ],
      [
        0.0,
        0.0,
        0.0,
        1.0
      ]
    ],
    "location": [
      9.317243611811136,
      -5.924454968866485,
      0.8720768620096351
    ],
    "rotation": [
      -0.00154611313855344,
      -8.245916114225463e-07,
      -1.0872519745188463
    ]
  },
  {
    "label_id": "2kx3n6sQg97wQoT2iuuqkw",
    "size": [
      1.9436068624993097,
      4.581826043400449,
      1.470000000000006
    ],
    "obj_class": "vehicle",
    "point_num_in_lidar": 69,
    "speed": 1.1368683772161603e-12,
    "if_vehicle": true,
    "motion_state": false,
    "pose": [
      [
        0.9673883266498748,
        -0.2534643001557928,
        0.001366348891260609,
        38.07401803717221
      ],
      [
        0.2534695560667954,
        0.9673883124414765,
        0.0007194879293899204,
        3.4862556388543453
      ],
      [
        -0.001506169573772449,
        -0.0003492111532978427,
        1.0000052056207225,
        0.9468936493328783
      ],
      [
        0.0,
        0.0,
        0.0,
        1.0
      ]
    ],
    "location": [
      38.07401803717221,
      3.4862556388543453,
      0.9468936493328783
    ],
    "rotation": [
      -0.0003492093212514618,
      0.0015061605025104847,
      0.2562538680089086
    ]
  },
  {
    "label_id": "3NGaBQl276KzZKljja6dOA",
    "size": [
      0.7299292117232211,
      0.694010124373706,
      1.1000000000000014
    ],
    "obj_class": "pedestrian",
    "point_num_in_lidar": 153,
    "speed": 0.0016445852459932128,
    "if_vehicle": false,
    "motion_state": false,
    "pose": [
      [
        0.7398039960484256,
        0.672885111607243,
        0.001366348891260609,
        2.6285452252122923
      ],
      [
        -0.672882234806162,
        0.7398083947775473,
        0.0007194879293899204,
        12.674919859964575
      ],
      [
        -0.0005282088694936203,
        -0.0014530969013571526,
        1.0000052056207225,
        0.7076763103800658
      ],
      [
        0.0,
        0.0,
        0.0,
        1.0
      ]
    ],
    "location": [
      2.6285452252122923,
      12.674919859964575,
      0.7076763103800658
    ],
    "rotation": [
      -0.00145308831440897,
      0.0005282055130851507,
      -0.7380615593849417
    ]
  },
  {
    "label_id": "3P6tBBZUHGg_gbV4OhqorA",
    "size": [
      0.8275096005600305,
      0.8398197400242338,
      1.6499999999999986
    ],
    "obj_class": "pedestrian",
    "point_num_in_lidar": 284,
    "speed": 1.4477753207328827,
    "if_vehicle": false,
    "motion_state": true,
    "pose": [
      [
        0.9612037562680709,
        -0.27599214649707304,
        0.001366348891260609,
        1.995773859351175
      ],
      [
        0.27599740064209183,
        0.9612036192919141,
        0.0007194879293899204,
        -9.483358836019761
      ],
      [
        -0.0015139157545955588,
        -0.00031393359573777537,
        1.0000052056207225,
        0.7647827163658576
      ],
      [
        0.0,
        0.0,
        0.0,
        1.0
      ]
    ],
    "location": [
      1.995773859351175,
      -9.483358836019761,
      0.7647827163658576
    ],
    "rotation": [
      -0.0003139319512140438,
      0.0015139066425830796,
      0.27961473217382526
    ]
  },
  {
    "label_id": "4JRTQZlhJCGV0xv6XMfMIw",
    "size": [
      2.125651386593597,
      4.668043267308801,
      1.6099999999999994
    ],
    "obj_class": "vehicle",
    "point_num_in_lidar": 45,
    "speed": 6.629024818318272e-12,
    "if_vehicle": true,
    "motion_state": false,
    "pose": [
      [
        0.17524660194179048,
        0.9845673945950913,
        0.001366348891260609,
        21.038530629724846
      ],
      [
        -0.9845678009809269,
        0.1752518421376741,
        0.0007194879293899204,
        48.92433482968772
      ],
      [
        0.000468606766550144,
        -0.0014733984229966125,
        1.0000052056207225,
        0.9532368023651543
      ],
      [
        0.0,
        0.0,
        0.0,
        1.0
      ]
    ],
    "location": [
      21.038530629724846,
      48.92433482968772,
      0.9532368023651543
    ],
    "rotation": [
      -0.0014733896868995725,
      -0.00046860378423246114,
      -1.394647661810424
    ]
  },
  {
    "label_id": "50vFTXzPARJLsyl_rL8FYw",
    "size": [
      0.9071328832661261,
      0.8769552914394498,
      1.8200000000000003
    ],
    "obj_class": "pedestrian",
    "point_num_in_lidar": 53,
    "speed": 0.10839332034884008,
    "if_vehicle": false,
    "motion_state": false,
    "pose": [
      [
        -0.4946396872468495,
        -0.8691466537887894,
        0.001366348891260609,
        27.155095640009677
      ],
      [
        0.8691452830424742,
        -0.4946447612843824,
        0.0007194879293899204,
        -13.94560841321072
      ],
      [
        5.1505849510707746e-05,
        0.001545264495810236,
        1.0000052056207225,
        1.0535070697740139
      ],
      [
        0.0,
        0.0,
        0.0,
        1.0
      ]
    ],
    "location": [
      27.155095640009677,
      -13.94560841321072,
      1.0535070697740139
    ],
    "rotation": [
      0.0015452552218628577,
      -5.150551985378678e-05,
      2.0881932100848055
    ]
  },
  {
    "label_id": "51XfsSndNbxOYol5ZhZdTA",
    "size": [
      1.8797856288791104,
      4.076636714678694,
      1.3999999999999986
    ],
    "obj_class": "vehicle",
    "point_num_in_lidar": 37,
    "speed": 1.6077746776921857e-12,
    "if_vehicle": true,
    "motion_state": false,
    "pose": [
      [
        -0.9803794763043672,
        0.19733324208831549,
        0.001366348891260609,
        24.61944744421635
      ],
      [
        -0.1973384900948855,
        -0.9803797647994053,
        0.0007194879293899204,
        44.40129236579378
      ],
      [
        0.0014835594105715182,
        0.0004353696014309823,
        1.0000052056207225,
        0.9143275007485272
      ],
      [
        0.0,
        0.0,
        0.0,
        1.0
      ]
    ],
    "location": [
      24.61944744421635,
      44.40129236579378,
      0.9143275007485272
    ],
    "rotation": [
      0.00043536730756657137,
      -0.0014835504587705495,
      -2.942959070807908
    ]
  },
  {
    "label_id": "7fxnDM2wAyQs-FiehwtY8Q",
    "size": [
      0.8262102903389592,
      0.823178729140084,
      1.5499999999999972
    ],
    "obj_class": "pedestrian",
    "point_num_in_lidar": 71,
    "speed": 0.6860257181112605,
    "if_vehicle": false,
    "motion_state": false,
    "pose": [
      [
        0.448054461446307,
        0.8940534243377017,
        0.001366348891260609,
        10.59713470787392
      ],
      [
        -0.8940523234374058,
        0.44805960078681767,
        0.0007194879293899204,
        -12.326918350307096
      ],
      [
        3.0163418436488745e-05,
        -0.001545828380750501,
        1.0000052056207225,
        0.8037531378271296
      ],
      [
        0.0,
        0.0,
        0.0,
        1.0
      ]
    ],
    "location": [
      10.59713470787392,
      -12.326918350307096,
      0.8037531378271296
    ],
    "rotation": [
      -0.0015458191025208314,
      -3.0163225370437846e-05,
      -1.1062290162989257
    ]
  },
  {
    "label_id": "7tOgwMtQQau9C7cR3nDM_A",
    "size": [
      2.1995109981502616,
      4.668562141136059,
      1.6400000000000006
    ],
    "obj_class": "vehicle",
    "point_num_in_lidar": 87,
    "speed": 0.0028167226455234158,
    "if_vehicle": true,
    "motion_state": false,
    "pose": [
      [
        -0.23364996491309262,
        -0.9723641395526788,
        0.001366348891260609,
        33.355315857093956
      ],
      [
        0.9723642327130242,
        -0.23365522001761072,
        0.0007194879293899204,
        -36.13539918039169
      ],
      [
        -0.0003799057521010052,
        0.0014987217333668219,
        1.0000052056207225,
        1.4081368177463673
      ],
      [
        0.0,
        0.0,
        0.0,
        1.0
      ]
    ],
    "location": [
      33.355315857093956,
      -36.13539918039169,
      1.4081368177463673
    ],
    "rotation": [
      0.0014987128095232082,
      0.00037990332953086387,
      1.806616043030945
    ]
  },
  {
    "label_id": "C4lVCY0U7eKSegXd8LC_FQ",
    "size": [
      0.9018772145063815,
      0.944866519994953,
      1.3999999999999986
    ],
    "obj_class": "pedestrian",
    "point_num_in_lidar": 59,
    "speed": 0.0023112135175960063,
    "if_vehicle": false,
    "motion_state": false,
    "pose": [
      [
        0.17203626105248365,
        0.9851334178044071,
        0.001366348891260609,
        34.10166666749137
      ],
      [
        -0.9851338412696325,
        0.17204149989582432,
        0.0007194879293899204,
        17.98726445664215
      ],
      [
        0.0004734071369117862,
        -0.0014718630701483298,
        1.0000052056207225,
        1.0057456400863884
      ],
      [
        0.0,
        0.0,
        0.0,
        1.0
      ]
    ],
    "location": [
      34.10166666749137,
      17.98726445664215,
      1.0057456400863884
    ],
    "rotation": [
      -0.0014718543453732834,
      -0.00047340412440026436,
      -1.3979073849472055
    ]
  },
  {
    "label_id": "CpPxlJb2rlUaBE-2xJoBWw",
    "size": [
      0.7881720904018211,
      0.994941850972178,
      1.8900000000000006
    ],
    "obj_class": "pedestrian",
    "point_num_in_lidar": 762,
    "speed": 1.3861142382478047,
    "if_vehicle": false,
    "motion_state": true,
    "pose": [
      [
        -0.1856879549115622,
        -0.982651672462156,
        0.001366348891260609,
        8.46443499391171
      ],
      [
        0.9826520232001834,
        -0.18569319912601068,
        0.0007194879293899204,
        2.65638814453996
      ],
      [
        -0.0004529401750771963,
        0.0014782896916188369,
        1.0000052056207225,
        0.922843316124613
      ],
      [
        0.0,
        0.0,
        0.0,
        1.0
      ]
    ],
    "location": [
      8.46443499391171,
      2.65638814453996,
      0.922843316124613
    ],
    "rotation": [
      0.001478280919406271,
      0.0004529372913753194,
      1.75756024158734
    ]
  },
  {
    "label_id": "DnS7Up19TsoNk12Ymz9Ndg",
    "size": [
      1.9636513337600852,
      4.880426123448928,
      1.5200000000000031
    ],
    "obj_class": "vehicle",
    "point_num_in_lidar": 177,
    "speed": 1.0352390084017937,
    "if_vehicle": true,
    "motion_state": true,
    "pose": [
      [
        -0.276373897836032,
        -0.9610940612587455,
        0.001366348891260609,
        14.282354423616198
      ],
      [
        0.9610939221957462,
        -0.2763791519262318,
        0.0007194879293899204,
        32.02865829010989
      ],
      [
        -0.00031333227045051066,
        0.0015140403240468257,
        1.0000052056207225,
        0.7970943151850634
      ],
      [
        0.0,
        0.0,
        0.0,
        1.0
      ]
    ],
    "location": [
      14.282354423616198,
      32.02865829010989,
      0.7970943151850634
    ],
    "rotation": [
      0.0015140312857004783,
      0.00031333026999382613,
      1.8508032298278034
    ]
  },
  {
    "label_id": "EMpodh1TjmNyW98IZUh2MA",
    "size": [
      2.1737203176307127,
      4.530987525728997,
      1.8900000000000006
    ],
    "obj_class": "vehicle",
    "point_num_in_lidar": 255,
    "speed": 2.5421149729252077e-12,
    "if_vehicle": true,
    "motion_state": false,
    "pose": [
      [
        -0.6127222813407381,
        0.790351650811531,
        0.001366348891260609,
        16.576357195488526
      ],
      [
        -0.7903558100899388,
        -0.6127190680549633,
        0.0007194879293899204,
        -18.113456064165803
      ],
      [
        0.0014071388727455593,
        -0.0006406679384469332,
        1.0000052056207225,
        0.8932764402624116
      ],
      [
        0.0,
        0.0,
        0.0,
        1.0
      ]
    ],
    "location": [
      16.576357195488526,
      -18.113456064165803,
      0.8932764402624116
    ],
    "rotation": [
      -0.0006406645157361815,
      -0.0014071303302589854,
      -2.2302617271698604
    ]
  },
  {
    "label_id": "FRk_wv4gWEdPQOAxAVKlJw",
    "size": [
      2.037549030955154,
      4.4473342942274545,
      1.3600000000000065
    ],
    "obj_class": "vehicle",
    "point_num_in_lidar": 117,
    "speed": 0.0015886593597699218,
    "if_vehicle": true,
    "motion_state": false,
    "pose": [
      [
        -0.9749260624716496,
        0.22271842920027055,
        0.001366348891260609,
        34.703084426771966
      ],
      [
        -0.22272368292766362,
        -0.9749262146256013,
        0.0007194879293899204,
        12.9767464868346
      ],
      [
        0.0014943620432720773,
        0.00039670807676826976,
        1.0000052056207225,
        0.9615102607261861
      ],
      [
        0.0,
        0.0,
        0.0,
        1.0
      ]
    ],
    "location": [
      34.703084426771966,
      12.9767464868346,
      0.9615102607261861
    ],
    "rotation": [
      0.00039670599085661325,
      -0.0014943530342999794,
      -2.9169951096842595
    ]
  },
  {
    "label_id": "GsCzF8GSnnWdvaGVsW2nYA",
    "size": [
      0.9597441527318178,
      0.9549516162441378,
      1.7999999999999972
    ],
    "obj_class": "pedestrian",
    "point_num_in_lidar": 482,
    "speed": 1.2045731283103218,
    "if_vehicle": false,
    "motion_state": true,
    "pose": [
      [
        0.9972891340448901,
        -0.07415328116748503,
        0.001366348891260609,
        6.785959488166554
      ],
      [
        0.07415845281318173,
        0.9972900715325613,
        0.0007194879293899204,
        -7.745008901736583
      ],
      [
        -0.0014180682404168529,
        -0.0006160987583711978,
        1.0000052056207225,
        0.9267999233074988
      ],
      [
        0.0,
        0.0,
        0.0,
        1.0
      ]
    ],
    "location": [
      6.785959488166554,
      -7.745008901736583,
      0.9267999233074988
    ],
    "rotation": [
      -0.0006160954732602187,
      0.0014180596388777174,
      0.07422342999511562
    ]
  },
  {
    "label_id": "IlvD3LQihY_gza6wNBNkbw",
    "size": [
      2.230414300201966,
      4.640428889590738,
      1.6000000000000014
    ],
    "obj_class": "vehicle",
    "point_num_in_lidar": 53,
    "speed": 2.5421149729252077e-12,
    "if_vehicle": true,
    "motion_state": false,
    "pose": [
      [
        -0.5955732221451063,
        0.8033535106387515,
        0.001366348891260609,
        17.02719780364714
      ],
      [
        -0.8033575998089835,
        -0.5955699201019268,
        0.0007194879293899204,
        -22.7356223210154
      ],
      [
        0.0013930268358189125,
        -0.0006707991124277312,
        1.0000052056207225,
        0.7736628109607864
      ],
      [
        0.0,
        0.0,
        0.0,
        1.0
      ]
    ],
    "location": [
      17.02719780364714,
      -22.7356223210154,
      0.7736628109607864
    ],
    "rotation": [
      -0.000670795519908264,
      -0.001393018369829648,
      -2.208741677329194
    ]
  },
  {
    "label_id": "JKMgfkGQyJGWNzwnfDn1zw",
    "size": [
      0.8008319961445123,
      0.0756255792536936,
      0.7500000000000071
    ],
    "obj_class": "sign",
    "point_num_in_lidar": 42,
    "speed": 3.5950934718225418e-12,
    "if_vehicle": false,
    "motion_state": false,
    "pose": [
      [
        0.24050502230911783,
        0.970691331081102,
        0.001366348891260609,
        28.180971144349314
      ],
      [
        -0.9706913871598011,
        0.24051027794014798,
        0.0007194879293899204,
        -5.51813813791523
      ],
      [
        0.0003693215114561491,
        -0.00150136499084041,
        1.0000052056207225,
        2.865219625411669
      ],
      [
        0.0,
        0.0,
        0.0,
        1.0
      ]
    ],
    "location": [
      28.180971144349314,
      -5.51813813791523,
      2.865219625411669
    ],
    "rotation": [
      -0.0015013560472895036,
      -0.00036931915589112456,
      -1.3279206750980923
    ]
  },
  {
    "label_id": "JoKbZ8BD1ksyS72fvT2i7A",
    "size": [
      2.065147650446557,
      4.299376155488723,
      1.720000000000006
    ],
    "obj_class": "vehicle",
    "point_num_in_lidar": 48,
    "speed": 2.5421149729252077e-12,
    "if_vehicle": true,
    "motion_state": false,
    "pose": [
      [
        -0.5430086200276351,
        0.8397773303487029,
        0.001366348891260609,
        16.857041868956003
      ],
      [
        -0.8397812001056989,
        -0.5430050633742731,
        0.0007194879293899204,
        69.8673887185214
      ],
      [
        0.0013473039818905385,
        -0.0007584637070601212,
        1.0000052056207225,
        0.5769047836171239
      ],
      [
        0.0,
        0.0,
        0.0,
        1.0
      ]
    ],
    "location": [
      16.857041868956003,
      69.8673887185214,
      0.5769047836171239
    ],
    "rotation": [
      -0.000758459613368842,
      -0.0013472957656428578,
      -2.1447827935433503
    ]
  },
  {
    "label_id": "K-eppQ_Y2mxaYi38LjA21Q",
    "size": [
      2.1091266235473825,
      4.81993915668481,
      1.500000000000007
    ],
    "obj_class": "vehicle",
    "point_num_in_lidar": 343,
    "speed": 0.7400270616643179,
    "if_vehicle": true,
    "motion_state": false,
    "pose": [
      [
        -0.9836453349150908,
        0.18035016243876723,
        0.001366348891260609,
        31.67760060438013
      ],
      [
        -0.1803554046716818,
        -0.983645714120069,
        0.0007194879293899204,
        9.268369701341726
      ],
      [
        0.0014758087811759827,
        0.00046095949491179773,
        1.0000052056207225,
        1.086801921277015
      ],
      [
        0.0,
        0.0,
        0.0,
        1.0
      ]
    ],
    "location": [
      31.67760060438013,
      9.268369701341726,
      1.086801921277015
    ],
    "rotation": [
      0.0004609570626957178,
      -0.0014757998705006647,
      -2.9602527883128134
    ]
  },
  {
    "label_id": "KOEE6quaGGyBFe93Q79Llg",
    "size": [
      0.8525538981997183,
      1.2101923106300116,
      1.8200000000000003
    ],
    "obj_class": "pedestrian",
    "point_num_in_lidar": 712,
    "speed": 2.220484952364238,
    "if_vehicle": false,
    "motion_state": true,
    "pose": [
      [
        0.7783182936470399,
        0.6279370667242626,
        0.001366348891260609,
        3.896122540369106
      ],
      [
        -0.6279339347184512,
        0.7783225144694649,
        0.0007194879293899204,
        7.039287062150834
      ],
      [
        -0.0006132538389088948,
        -0.0014193008643726592,
        1.0000052056207225,
        0.774789057859607
      ],
      [
        0.0,
        0.0,
        0.0,
        1.0
      ]
    ],
    "location": [
      3.896122540369106,
      7.039287062150834,
      0.774789057859607
    ],
    "rotation": [
      -0.0014192925230648735,
      0.0006132499520192452,
      -0.6788632287520133
    ]
  },
  {
    "label_id": "KbMLXJEn2w0pC4MSAuldSQ",
    "size": [
      1.9351478814685135,
      4.515592189324639,
      1.4500000000000028
    ],
    "obj_class": "vehicle",
    "point_num_in_lidar": 36,
    "speed": 2.5421149729252077e-12,
    "if_vehicle": true,
    "motion_state": false,
    "pose": [
      [
        -0.9801350769202739,
        0.19854358962807014,
        0.001366348891260609,
        40.99664688885241
      ],
      [
        -0.19854883798685147,
        -0.980135358935253,
        0.0007194879293899204,
        14.428974522073986
      ],
      [
        0.0014840958409441298,
        0.00043353748331351893,
        1.0000052056207225,
        0.9140176468109757
      ],
      [
        0.0,
        0.0,
        0.0,
        1.0
      ]
    ],
    "location": [
      40.99664688885241,
      14.428974522073986,
      0.9140176468109757
    ],
    "rotation": [
      0.00043353519933217753,
      -0.0014840868863000977,
      -2.9417243475408426
    ]
  },
  {
    "label_id": "LZxOUoMGi7vtc5t3F_znJA",
    "size": [
      0.8094053723124423,
      1.0083618395238672,
      1.6300000000000026
    ],
    "obj_class": "pedestrian",
    "point_num_in_lidar": 471,
    "speed": 1.2005344184201348,
    "if_vehicle": false,
    "motion_state": true,
    "pose": [
      [
        0.9812019686571183,
        -0.19320202559835123,
        0.001366348891260609,
        0.7095249913763837
      ],
      [
        0.19320727234319351,
        0.981202279254777,
        0.0007194879293899204,
        -8.116657032478543
      ],
      [
        -0.0014817124254115717,
        -0.0004416146543384227,
        1.0000052056207225,
        0.7309159224286077
      ],
      [
        0.0,
        0.0,
        0.0,
        1.0
      ]
    ],
    "location": [
      0.7095249913763837,
      -8.116657032478543,
      0.7309159224286077
    ],
    "rotation": [
      -0.0004416123267640332,
      0.0014817034834028288,
      0.19442146365379534
    ]
  },
  {
    "label_id": "LinZfU-zluGcqLzAeStW8g",
    "size": [
      0.5054790318200157,
      0.10862760562286883,
      0.4322335325982465
    ],
    "obj_class": "sign",
    "point_num_in_lidar": 30,
    "speed": 0.0005837162711005799,
    "if_vehicle": false,
    "motion_state": false,
    "pose": [
      [
        0.19461811184812766,
        0.9809220746484303,
        0.001366348891260609,
        4.683574565497111
      ],
      [
        -0.9809223776725035,
        0.19462335903582745,
        0.0007194879293899204,
        20.93124812671158
      ],
      [
        0.0004394754594816166,
        -0.0014823483177239096,
        1.0000052056207225,
        2.9169951952513884
      ],
      [
        0.0,
        0.0,
        0.0,
        1.0
      ]
    ],
    "location": [
      4.683574565497111,
      20.93124812671158,
      2.9169951952513884
    ],
    "rotation": [
      -0.001482339515490091,
      -0.00043947266062446816,
      -1.3749366482983378
    ]
  },
  {
    "label_id": "MMD9C-pfI8EcfG-gPi3gJQ",
    "size": [
      1.8487968183637336,
      4.512174364374527,
      1.730000000000004
    ],
    "obj_class": "vehicle",
    "point_num_in_lidar": 67,
    "speed": 1.5003142323515517,
    "if_vehicle": true,
    "motion_state": true,
    "pose": [
      [
        0.2106769342790956,
        0.9775988724188834,
        0.001366348891260609,
        22.475452450322337
      ],
      [
        -0.9775990893597433,
        0.21068218573022923,
        0.0007194879293899204,
        -18.67390370999783
      ],
      [
        0.0004151090807383532,
        -0.0014893554530850065,
        1.0000052056207225,
        1.0575844682539355
      ],
      [
        0.0,
        0.0,
        0.0,
        1.0
      ]
    ],
    "location": [
      22.475452450322337,
      -18.67390370999783,
      1.0575844682539355
    ],
    "rotation": [
      -0.0014893465989050919,
      -0.0004151064356210684,
      -1.3585380740803246
    ]
  },
  {
    "label_id": "MV_5Q0rxAuIpiIi20l_8Sw",
    "size": [
      2.0720693563981434,
      4.341091663754647,
      1.8400000000000034
    ],
    "obj_class": "vehicle",
    "point_num_in_lidar": 57,
    "speed": 0.0033071543833652264,
    "if_vehicle": true,
    "motion_state": false,
    "pose": [
      [
        -0.26454911543119236,
        -0.9644159328404339,
        0.001366348891260609,
        11.648420688048645
      ],
      [
        0.9644158583174565,
        -0.2645543708330487,
        0.0007194879293899204,
        57.25658939258574
      ],
      [
        -0.0003319037343917381,
        0.001510077854165906,
        1.0000052056207225,
        0.4453338475951796
      ],
      [
        0.0,
        0.0,
        0.0,
        1.0
      ]
    ],
    "location": [
      11.648420688048645,
      57.25658939258574,
      0.4453338475951796
    ],
    "rotation": [
      0.0015100688455058943,
      0.0003319016160291774,
      1.8385211312528245
    ]
  },
  {
    "label_id": "Nd72enoaUv9l45M43pbdYw",
    "size": [
      0.9619118223230912,
      0.7962712858776171,
      1.6499999999999986
    ],
    "obj_class": "pedestrian",
    "point_num_in_lidar": 408,
    "speed": 0.0020826576106729366,
    "if_vehicle": false,
    "motion_state": false,
    "pose": [
      [
        0.97711609812403,
        -0.21290480684752486,
        0.001366348891260609,
        5.60862717708369
      ],
      [
        0.21291005877952812,
        0.9771163030937331,
        0.0007194879293899204,
        7.621047886030283
      ],
      [
        -0.0014902978177539997,
        -0.000411713041988167,
        1.0000052056207225,
        0.7162108240221414
      ],
      [
        0.0,
        0.0,
        0.0,
        1.0
      ]
    ],
    "location": [
      5.60862717708369,
      7.621047886030283,
      0.7162108240221414
    ],
    "rotation": [
      -0.00041171087551491244,
      0.0014902888302707423,
      0.21454291459758443
    ]
  },
  {
    "label_id": "RLwpXW5onTXDRmiQoJpcRw",
    "size": [
      0.9158691018656353,
      1.1417508792291562,
      1.8500000000000014
    ],
    "obj_class": "pedestrian",
    "point_num_in_lidar": 1093,
    "speed": 1.4153061666553974,
    "if_vehicle": false,
    "motion_state": true,
    "pose": [
      [
        0.9433107938249251,
        0.3320377572585688,
        0.001366348891260609,
        2.249813462716702
      ],
      [
        -0.33203339573102103,
        0.9433137267210698,
        0.0007194879293899204,
        4.430979399025091
      ],
      [
        -0.0010519395183246005,
        -0.0011331012595229481,
        1.0000052056207225,
        0.8735666524883072
      ],
      [
        0.0,
        0.0,
        0.0,
        1.0
      ]
    ],
    "location": [
      2.249813462716702,
      4.430979399025091,
      0.8735666524883072
    ],
    "rotation": [
      -0.0011330948761296598,
      0.0010519329790536548,
      -0.3384441220371549
    ]
  },
  {
    "label_id": "Rq5V6L3mDygKo0QPfbHovw",
    "size": [
      1.8888181910686688,
      4.636756789517779,
      1.3600000000000065
    ],
    "obj_class": "vehicle",
    "point_num_in_lidar": 733,
    "speed": 1.251635568430552,
    "if_vehicle": true,
    "motion_state": true,
    "pose": [
      [
        0.2544536840323232,
        0.9671285585041366,
        0.001366348891260609,
        21.01849058224616
      ],
      [
        -0.9671285389196107,
        0.25445893992604285,
        0.0007194879293899204,
        -10.866416622753604
      ],
      [
        0.00034767034875201084,
        -0.0015065259848884589,
        1.0000052056207225,
        0.806036412183289
      ],
      [
        0.0,
        0.0,
        0.0,
        1.0
      ]
    ],
    "location": [
      21.01849058224616,
      -10.866416622753604,
      0.806036412183289
    ],
    "rotation": [
      -0.0015065170027983071,
      -0.00034766813038049793,
      -1.313524663587024
    ]
  },
  {
    "label_id": "SQQ6HVe8YtnoiVO4yfPY2Q",
    "size": [
      1.9274767058030693,
      4.326488639833419,
      1.3500000000000014
    ],
    "obj_class": "vehicle",
    "point_num_in_lidar": 183,
    "speed": 3.5950934718225418e-12,
    "if_vehicle": true,
    "motion_state": false,
    "pose": [
      [
        -0.206682490231584,
        -0.9784511608780391,
        0.001366348891260609,
        29.3230571490858
      ],
      [
        0.9784513992649461,
        -0.20668774075289417,
        0.0007194879293899204,
        -18.481524716393324
      ],
      [
        -0.000421188410066239,
        0.0014876476524269269,
        1.0000052056207225,
        0.9077319030815261
      ],
      [
        0.0,
        0.0,
        0.0,
        1.0
      ]
    ],
    "location": [
      29.3230571490858,
      -18.481524716393324,
      0.9077319030815261
    ],
    "rotation": [
      0.0014876388109209275,
      0.0004211857265677385,
      1.7789703874751694
    ]
  },
  {
    "label_id": "UMM0XzCyaXFdt743gKi7vA",
    "size": [
      2.0189343276611056,
      4.470248932210846,
      1.7100000000000009
    ],
    "obj_class": "vehicle",
    "point_num_in_lidar": 100,
    "speed": 0.007141768811264575,
    "if_vehicle": true,
    "motion_state": false,
    "pose": [
      [
        -0.2259466585237494,
        -0.9741829568894452,
        0.001366348891260609,
        17.32400390296243
      ],
      [
        0.9741830916395436,
        -0.22595191272632992,
        0.0007194879293899204,
        32.41179158093291
      ],
      [
        -0.0003917558127409359,
        0.0014956679436723822,
        1.0000052056207225,
        0.7821896821601513
      ],
      [
        0.0,
        0.0,
        0.0,
        1.0
      ]
    ],
    "location": [
      17.32400390296243,
      32.41179158093291,
      0.7821896821601513
    ],
    "rotation": [
      0.0014956590425707886,
      0.00039175331520276884,
      1.7987012336371755
    ]
  },
  {
    "label_id": "WRasNf5aFU5EQsYKqc3aig",
    "size": [
      0.864200547721761,
      0.9213117662531766,
      1.6099999999999994
    ],
    "obj_class": "pedestrian",
    "point_num_in_lidar": 115,
    "speed": 1.076532108658029,
    "if_vehicle": false,
    "motion_state": true,
    "pose": [
      [
        0.9859216744106887,
        -0.16745978000443798,
        0.001366348891260609,
        -4.0620941586385015
      ],
      [
        0.16746501682486511,
        0.9859221221987637,
        0.0007194879293899204,
        -10.702385255463014
      ],
      [
        -0.0014696488582137417,
        -0.00048023686665699594,
        1.0000052056207225,
        0.7273107339395892
      ],
      [
        0.0,
        0.0,
        0.0,
        1.0
      ]
    ],
    "location": [
      -4.0620941586385015,
      -10.702385255463014,
      0.7273107339395892
    ],
    "rotation": [
      -0.0004802343298210054,
      0.0014696399802868708,
      0.16825049910431014
    ]
  },
  {
    "label_id": "Wc72pGuPCXfpIpqhr-sJew",
    "size": [
      0.9748219167216664,
      1.4516448810316316,
      1.6099999999999994
    ],
    "obj_class": "pedestrian",
    "point_num_in_lidar": 156,
    "speed": 1.4608878857512506,
    "if_vehicle": false,
    "motion_state": true,
    "pose": [
      [
        0.9860805634942318,
        -0.1665216150858767,
        0.001366348891260609,
        21.147362595140294
      ],
      [
        0.16652685147786997,
        0.9860810162648572,
        0.0007194879293899204,
        14.085885698310449
      ],
      [
        -0.0014691912550622137,
        -0.0004816349972688891,
        1.0000052056207225,
        0.9692654716758398
      ],
      [
        0.0,
        0.0,
        0.0,
        1.0
      ]
    ],
    "location": [
      21.147362595140294,
      14.085885698310449,
      0.9692654716758398
    ],
    "rotation": [
      -0.00048163245283141696,
      0.0014691823795703596,
      0.16729901494684876
    ]
  },
  {
    "label_id": "XzMQXo511mOTZ9b8qsu5-g",
    "size": [
      1.7372453811588748,
      3.7302123275017713,
      1.1999999999999957
    ],
    "obj_class": "vehicle",
    "point_num_in_lidar": 25,
    "speed": 0.002525323935258346,
    "if_vehicle": true,
    "motion_state": false,
    "pose": [
      [
        -0.7109057943192398,
        0.7033471956262011,
        0.001366348891260609,
        17.856412877597904
      ],
      [
        -0.7033517397302823,
        -0.710903153122457,
        0.0007194879293899204,
        66.30824354477954
      ],
      [
        0.001478893792419094,
        -0.0004509638181603382,
        1.0000052056207225,
        0.3915339440425214
      ],
      [
        0.0,
        0.0,
        0.0,
        1.0
      ]
    ],
    "location": [
      17.856412877597904,
      66.30824354477954,
      0.3915339440425214
    ],
    "rotation": [
      -0.00045096144005585134,
      -0.0014788848653637368,
      -2.3615357965449837
    ]
  },
  {
    "label_id": "Z9OsRYR58DxyfT5G8nd1sw",
    "size": [
      0.911422745381416,
      0.9160872246739158,
      1.9500000000000028
    ],
    "obj_class": "pedestrian",
    "point_num_in_lidar": 538,
    "speed": 0.005393143433519089,
    "if_vehicle": false,
    "motion_state": false,
    "pose": [
      [
        -0.45857580354695787,
        0.8887027390489873,
        0.001366348891260609,
        6.444290358420403
      ],
      [
        -0.8887062437387095,
        -0.45857188666652854,
        0.0007194879293899204,
        8.195279132472933
      ],
      [
        0.0012669671058557568,
        -0.0008861656545053923,
        1.0000052056207225,
        0.8637974473527947
      ],
      [
        0.0,
        0.0,
        0.0,
        1.0
      ]
    ],
    "location": [
      6.444290358420403,
      8.195279132472933,
      0.8637974473527947
    ],
    "rotation": [
      -0.0008861608095252954,
      -0.0012669593351776923,
      -2.047164856156835
    ]
  },
  {
    "label_id": "Zf_0k6PmuzbSRQRWpdsKQg",
    "size": [
      1.9263009385299725,
      4.30626809851573,
      1.480000000000004
    ],
    "obj_class": "vehicle",
    "point_num_in_lidar": 431,
    "speed": 0.5726796206811053,
    "if_vehicle": true,
    "motion_state": false,
    "pose": [
      [
        -0.9339955385255864,
        -0.3574026580849824,
        0.001366348891260609,
        22.6495660338187
      ],
      [
        0.3573983773897652,
        -0.9339985881896339,
        0.0007194879293899204,
        9.95142911143921
      ],
      [
        0.0010209416968775518,
        0.0011611086366581994,
        1.0000052056207225,
        0.9777439152614988
      ],
      [
        0.0,
        0.0,
        0.0,
        1.0
      ]
    ],
    "location": [
      22.6495660338187,
      9.95142911143921,
      0.9777439152614988
    ],
    "rotation": [
      0.00116110207061518,
      -0.0010209353393680887,
      2.7761274044769375
    ]
  },
  {
    "label_id": "Zfh8PMMz_gcqeqExLpq5tQ",
    "size": [
      1.8903948451336412,
      4.104269830155506,
      1.3600000000000065
    ],
    "obj_class": "vehicle",
    "point_num_in_lidar": 39,
    "speed": 1.1368683772161603e-12,
    "if_vehicle": true,
    "motion_state": false,
    "pose": [
      [
        0.962007240724428,
        -0.2731783204899013,
        0.001366348891260609,
        69.21530495004845
      ],
      [
        0.27318357501324125,
        0.9620071191233728,
        0.0007194879293899204,
        10.470325576672622
      ],
      [
        -0.0015129906504719741,
        -0.0003183622247218911,
        1.0000052056207225,
        0.8249656107270766
      ],
      [
        0.0,
        0.0,
        0.0,
        1.0
      ]
    ],
    "location": [
      69.21530495004845,
      10.470325576672622,
      0.8249656107270766
    ],
    "rotation": [
      -0.0003183605567018772,
      0.0015129815433214443,
      0.2766885638079118
    ]
  },
  {
    "label_id": "aX9TVEEnUmFXUq27-AfHng",
    "size": [
      0.9678677238749381,
      1.0875697848219783,
      1.75
    ],
    "obj_class": "pedestrian",
    "point_num_in_lidar": 428,
    "speed": 1.3679591988411477,
    "if_vehicle": false,
    "motion_state": true,
    "pose": [
      [
        0.9331528864918218,
        0.3595970194869417,
        0.001366348891260609,
        9.007729459233815
      ],
      [
        -0.35959274597175944,
        0.9331559462091832,
        0.0007194879293899204,
        -8.00354817063635
      ],
      [
        -0.0010182097004884923,
        -0.0011635051441126584,
        1.0000052056207225,
        0.9607209705483228
      ],
      [
        0.0,
        0.0,
        0.0,
        1.0
      ]
    ],
    "location": [
      9.007729459233815,
      -8.00354817063635,
      0.9607209705483228
    ],
    "rotation": [
      -0.0011634985623568696,
      0.0010182033590460703,
      -0.36781575321203713
    ]
  },
  {
    "label_id": "b5nOlzdtnZu2ZvwsJrvIQA",
    "size": [
      0.8337839977299759,
      0.9484009492462533,
      1.8299999999999983
    ],
    "obj_class": "pedestrian",
    "point_num_in_lidar": 109,
    "speed": 1.2898730471529516,
    "if_vehicle": false,
    "motion_state": true,
    "pose": [
      [
        -0.23582178019257177,
        -0.9718397059076754,
        0.001366348891260609,
        28.89279049183824
      ],
      [
        0.9718397873271449,
        -0.23582703549210807,
        0.0007194879293899204,
        -11.061091877534636
      ],
      [
        -0.00037655644859633424,
        0.0014995667559551979,
        1.0000052056207225,
        1.1113793427185783
      ],
      [
        0.0,
        0.0,
        0.0,
        1.0
      ]
    ],
    "location": [
      28.89279049183824,
      -11.061091877534636,
      1.1113793427185783
    ],
    "rotation": [
      0.0014995578258136417,
      0.0003765540472249126,
      1.808850188257849
    ]
  },
  {
    "label_id": "bRPbYyeLmNMrwlF8n9yZLQ",
    "size": [
      2.3021059485345114,
      5.192549817773653,
      1.9400000000000048
    ],
    "obj_class": "vehicle",
    "point_num_in_lidar": 711,
    "speed": 6.821210263296962e-12,
    "if_vehicle": true,
    "motion_state": false,
    "pose": [
      [
        -0.6146353939024807,
        0.7888647910473969,
        0.001366348891260609,
        8.908707272086758
      ],
      [
