[
  {
    "label_id": "-EDgzw9YqjNzbXb8lWuF_g",
    "size": [
      0.7647537580680588,
      1.0695207740712365,
      1.8599999999999994
    ],
    "obj_class": "pedestrian",
    "point_num_in_lidar": 99,
    "speed": 1.2985920070512158,
    "if_vehicle": false,
    "motion_state": true,
    "pose": [
      [
        0.20095838054708626,
        0.9796430693375395,
        0.0011742606270570672,
        11.68902060804976
      ],
      [
        -0.9796429639400484,
        0.20096346440178187,
        0.0009109019363260606,
        -13.675547303559142
      ],
      [
        0.0006559811850253552,
        -0.0013354599243614318,
        1.0000052939856034,
        0.9402920446008238
      ],
      [
        0.0,
        0.0,
        0.0,
        1.0
      ]
    ],
    "location": [
      11.68902060804976,
      -13.675547303559142,
      0.9402920446008238
    ],
    "rotation": [
      -0.0013354520605966082,
      -0.000655977033252716,
      -1.3684688429053917
    ]
  },
  {
    "label_id": "1XGa86vdVK8I7WhqZCOcOQ",
    "size": [
      1.938880482546108,
      4.415578465873616,
      1.6900000000000048
    ],
    "obj_class": "vehicle",
    "point_num_in_lidar": 53,
    "speed": 1.1368683772161603e-12,
    "if_vehicle": true,
    "motion_state": false,
    "pose": [
      [
        -0.20668183800466755,
        -0.9784515480350549,
        0.0011742606270570672,
        30.324728872648848
      ],
      [
        0.9784514129196799,
        -0.20668692115635057,
        0.0009109019363260606,
        -24.122918183762522
      ],
      [
        -0.0006481630164416703,
        0.0013392719024902821,
        1.0000052939856034,
        1.1161911756323661
      ],
      [
        0.0,
        0.0,
        0.0,
        1.0
      ]
    ],
    "location": [
      30.324728872648848,
      -24.122918183762522,
      1.1161911756323661
    ],
    "rotation": [
      0.0013392640117272196,
      0.0006481589130496008,
      1.778969746534905
    ]
  },
  {
    "label_id": "2EWbspym0T1YkCd3xXEsUA",
    "size": [
      0.7170531407673169,
      0.8462840361255533,
      1.6899999999999977
    ],
    "obj_class": "pedestrian",
    "point_num_in_lidar": 335,
    "speed": 1.198434093213216,
    "if_vehicle": false,
    "motion_state": true,
    "pose": [
      [
        0.4963608093554861,
        0.8681651691637656,
        0.0011742606270570672,
        10.264228774583898
      ],
      [
        -0.8681634840518185,
        0.4963656069679052,
        0.0009109019363260606,
        -7.566915574425366
      ],
      [
        0.000206937048772212,
        -0.0014734115455391815,
        1.0000052939856034,
        0.8889961787259608
      ],
      [
        0.0,
        0.0,
        0.0,
        1.0
      ]
    ],
    "location": [
      10.264228774583898,
      -7.566915574425366,
      0.8889961787259608
    ],
    "rotation": [
      -0.0014734026791491572,
      -0.0002069357256822379,
      -1.0514180626066456
    ]
  },
  {
    "label_id": "2kx3n6sQg97wQoT2iuuqkw",
    "size": [
      1.9436068624993124,
      4.581826043400449,
      1.470000000000006
    ],
    "obj_class": "vehicle",
    "point_num_in_lidar": 60,
    "speed": 1.1368683772161603e-12,
    "if_vehicle": true,
    "motion_state": false,
    "pose": [
      [
        0.9673887447037757,
        -0.253463667285148,
        0.0011742606270570672,
        38.0740311073605
      ],
      [
        0.2534687380708117,
        0.9673883654677676,
        0.0009109019363260606,
        3.4862627476395573
      ],
      [
        -0.0013688727794619294,
        -0.0005830538897313759,
        1.0000052939856034,
        0.9460395053960156
      ],
      [
        0.0,
        0.0,
        0.0,
        1.0
      ]
    ],
    "location": [
      38.0740311073605,
      3.4862627476395573,
      0.9460395053960156
    ],
    "rotation": [
      -0.0005830507369998006,
      0.0013688644450471016,
      0.2562529708034312
    ]
  },
  {
    "label_id": "3NGaBQl276KzZKljja6dOA",
    "size": [
      0.7299292117232201,
      0.694010124373706,
      1.1000000000000014
    ],
    "obj_class": "pedestrian",
    "point_num_in_lidar": 155,
    "speed": 0.0016445852075388278,
    "if_vehicle": false,
    "motion_state": false,
    "pose": [
      [
        0.7398036933321249,
        0.6728858070618893,
        0.0011742606270570672,
        2.6311248350830283
      ],
      [
        -0.672882725135367,
        0.7398077378860075,
        0.0009109019363260606,
        12.673842272517504
      ],
      [
        -0.0002573211070643476,
        -0.0014654522757639996,
        1.0000052939856034,
        0.7077068075404895
      ],
      [
        0.0,
        0.0,
        0.0,
        1.0
      ]
    ],
    "location": [
      2.6311248350830283,
      12.673842272517504,
      0.7077068075404895
    ],
    "rotation": [
      -0.001465443468695639,
      0.00025731946283781234,
      -0.7380621257792387
    ]
  },
  {
    "label_id": "3P6tBBZUHGg_gbV4OhqorA",
    "size": [
      0.8275096005540289,
      0.8398197400242338,
      1.6499999999999986
    ],
    "obj_class": "pedestrian",
    "point_num_in_lidar": 288,
    "speed": 1.3789132806406166,
    "if_vehicle": false,
    "motion_state": true,
    "pose": [
      [
        0.9666559284094804,
        -0.2562442781487779,
        0.0011742606270570672,
        4.2979701691365335
      ],
      [
        0.2562493478230121,
        0.9666555345943507,
        0.0009109019363260606,
        -8.817887982077082
      ],
      [
        -0.0013705436511566558,
        -0.0005791153813851739,
        1.0000052939856034,
        0.8052876099411606
      ],
      [
        0.0,
        0.0,
        0.0,
        1.0
      ]
    ],
    "location": [
      4.2979701691365335,
      -8.817887982077082,
      0.8052876099411606
    ],
    "rotation": [
      -0.0005791122508337524,
      0.001370535307614212,
      0.2591284000573662
    ]
  },
  {
    "label_id": "4JRTQZlhJCGV0xv6XMfMIw",
    "size": [
      2.125651386593599,
      4.668043267308801,
      1.6099999999999994
    ],
    "obj_class": "vehicle",
    "point_num_in_lidar": 41,
    "speed": 6.629024818318272e-12,
    "if_vehicle": true,
    "motion_state": false,
    "pose": [
      [
        0.17524593764996801,
        0.9845677606698111,
        0.0011742606270570672,
        21.038530629739398
      ],
      [
        -0.984567788385726,
        0.17525102252155195,
        0.0009109019363260606,
        48.92433482968772
      ],
      [
        0.0006907140108807692,
        -0.0013178310513323405,
        1.0000052939856034,
        0.9532368023651543
      ],
      [
        0.0,
        0.0,
        0.0,
        1.0
      ]
    ],
    "location": [
      21.038530629739398,
      48.92433482968772,
      0.9532368023651543
    ],
    "rotation": [
      -0.0013178233119205413,
      -0.0006907096446650255,
      -1.3946483135880972
    ]
  },
  {
    "label_id": "50vFTXzPARJLsyl_rL8FYw",
    "size": [
      0.9071328832560548,
      0.8769552914394498,
      1.8200000000000003
    ],
    "obj_class": "pedestrian",
    "point_num_in_lidar": 78,
    "speed": 0.9028822716411565,
    "if_vehicle": false,
    "motion_state": false,
    "pose": [
      [
        -0.46698648493416184,
        -0.8843124091077874,
        0.0011742606270570672,
        26.66215835687035
      ],
      [
        0.8843108857285699,
        -0.4669913363260195,
        0.0009109019363260606,
        -13.05033160939638
      ],
      [
        -0.0002562003933792675,
        0.0014656486219810727,
        1.0000052939856034,
        1.050798430156874
      ],
      [
        0.0,
        0.0,
        0.0,
        1.0
      ]
    ],
    "location": [
      26.66215835687035,
      -13.05033160939638,
      1.050798430156874
    ],
    "rotation": [
      0.0014656398134515513,
      0.00025619875628927786,
      2.0566544091835604
    ]
  },
  {
    "label_id": "51XfsSndNbxOYol5ZhZdTA",
    "size": [
      1.8797856288791184,
      4.076636714678694,
      1.3999999999999986
    ],
    "obj_class": "vehicle",
    "point_num_in_lidar": 41,
    "speed": 1.6077746776921857e-12,
    "if_vehicle": true,
    "motion_state": false,
    "pose": [
      [
        -0.9803798572184197,
        0.1973325861928895,
        0.0011742606270570672,
        24.619447444223624
      ],
      [
        -0.1973376704027337,
        -0.9803797706305608,
        0.0009109019363260606,
        44.40129236580833
      ],
      [
        0.001333023828382299,
        0.0006609175422454033,
        1.0000052939856034,
        0.9143275007485272
      ],
      [
        0.0,
        0.0,
        0.0,
        1.0
      ]
    ],
    "location": [
      24.619447444223624,
      44.40129236580833,
      0.9143275007485272
    ],
    "rotation": [
      0.0006609139471452888,
      -0.001333015690715566,
      -2.9429599495101715
    ]
  },
  {
    "label_id": "7tOgwMtQQau9C7cR3nDM_A",
    "size": [
      2.1995109981502536,
      4.668562141136059,
      1.6400000000000006
    ],
    "obj_class": "vehicle",
    "point_num_in_lidar": 144,
    "speed": 0.017416984260558568,
    "if_vehicle": true,
    "motion_state": false,
    "pose": [
      [
        -0.2336493236346541,
        -0.9723645445913027,
        0.0011742606270570672,
        33.35733242411516
      ],
      [
        0.9723642690185362,
        -0.23365440110910973,
        0.0009109019363260606,
        -36.125905101660464
      ],
      [
        -0.000610895046152185,
        0.001356676736466512,
        1.0000052939856034,
        1.408246677164243
      ],
      [
        0.0,
        0.0,
        0.0,
        1.0
      ]
    ],
    "location": [
      33.35733242411516,
      -36.125905101660464,
      1.408246677164243
    ],
    "rotation": [
      0.0013566687219379286,
      0.0006108911739189087,
      1.8066154110452814
    ]
  },
  {
    "label_id": "9VwGco63NvqDkOZ7SoAOWQ",
    "size": [
      2.138843372978929,
      4.855035932090138,
      1.5600000000000023
    ],
    "obj_class": "vehicle",
    "point_num_in_lidar": 185,
    "speed": 6.816435609186381,
    "if_vehicle": true,
    "motion_state": true,
    "pose": [
      [
        0.2274289762435599,
        0.9738382179694886,
        0.0011742606270570672,
        9.73156464863132
      ],
      [
        -0.9738379748587159,
        0.2274340553758036,
        0.0009109019363260606,
        35.115619457872526
      ],
      [
        0.0006195547494374993,
        -0.0013527440397695873,
        1.0000052939856034,
        0.6357080045337398
      ],
      [
        0.0,
        0.0,
        0.0,
        1.0
      ]
    ],
    "location": [
      9.73156464863132,
      35.115619457872526,
      0.6357080045337398
    ],
    "rotation": [
      -0.0013527360532778537,
      -0.0006195508234138695,
      -1.3413695210690286
    ]
  },
  {
    "label_id": "CpPxlJb2rlUaBE-2xJoBWw",
    "size": [
      0.788172090400414,
      0.994941850972178,
      1.8900000000000006
    ],
    "obj_class": "pedestrian",
    "point_num_in_lidar": 545,
    "speed": 1.3482167908687313,
    "if_vehicle": false,
    "motion_state": true,
    "pose": [
      [
        -0.2609472014591894,
        -0.9653970023072372,
        0.0011742606270570672,
        7.941468227327277
      ],
      [
        0.9653965838161381,
        -0.2609522691561414,
        0.0009109019363260606,
        4.920767107076244
      ],
      [
        -0.0005724363169875912,
        0.0013733467106584545,
        1.0000052939856034,
        0.9136388034158927
      ],
      [
        0.0,
        0.0,
        0.0,
        1.0
      ]
    ],
    "location": [
      7.941468227327277,
      4.920767107076244,
      0.9136388034158927
    ],
    "rotation": [
      0.001373338576819454,
      0.0005724326841879008,
      1.8347882434786769
    ]
  },
  {
    "label_id": "DnS7Up19TsoNk12Ymz9Ndg",
    "size": [
      1.9636513337580153,
      4.880426123448928,
      1.5200000000000031
    ],
    "obj_class": "vehicle",
    "point_num_in_lidar": 193,
    "speed": 0.2902984777845823,
    "if_vehicle": true,
    "motion_state": false,
    "pose": [
      [
        -0.27648839762057176,
        -0.9610613820117795,
        0.0011742606270570672,
        14.151945088939101
      ],
      [
        0.961060881815845,
        -0.2764934579062578,
        0.0009109019363260606,
        32.28699995580246
      ],
      [
        -0.0005502050286221944,
        0.0013824033243455224,
        1.0000052939856034,
        0.7518578260744562
      ],
      [
        0.0,
        0.0,
        0.0,
        1.0
      ]
    ],
    "location": [
      14.151945088939101,
      32.28699995580246,
      0.7518578260744562
    ],
    "rotation": [
      0.0013823951253670976,
      0.0005502015346182701,
      1.8509223963689765
    ]
  },
  {
    "label_id": "EMpodh1TjmNyW98IZUh2MA",
    "size": [
      2.1737203176307127,
      4.530987525728997,
      1.8900000000000006
    ],
    "obj_class": "vehicle",
    "point_num_in_lidar": 203,
    "speed": 2.5421149729252077e-12,
    "if_vehicle": true,
    "motion_state": false,
    "pose": [
      [
        -0.6127229984162023,
        0.7903514036332457,
        0.0011742606270570672,
        16.576357195488526
      ],
      [
        -0.7903551937243806,
        -0.6127196084462339,
        0.0009109019363260606,
        -18.11345606417308
      ],
      [
        0.0014407248163008169,
        -0.00037158650187767633,
        1.0000052939856034,
        0.8932764402622979
      ],
      [
        0.0,
        0.0,
        0.0,
        1.0
      ]
    ],
    "location": [
      16.576357195488526,
      -18.11345606417308,
      0.8932764402622979
    ],
    "rotation": [
      -0.00037158451761231407,
      -0.001440716092886752,
      -2.2302626714897364
    ]
  },
  {
    "label_id": "FRk_wv4gWEdPQOAxAVKlJw",
    "size": [
      2.0375490309551534,
      4.4473342942274545,
      1.3600000000000065
    ],
    "obj_class": "vehicle",
    "point_num_in_lidar": 234,
    "speed": 0.0015886593189586265,
    "if_vehicle": true,
    "motion_state": false,
    "pose": [
      [
        -0.9749264602850615,
        0.22271778341484888,
        0.0011742606270570672,
        34.704143867536914
      ],
      [
        -0.22272286366317084,
        -0.9749262417348739,
        0.0009109019363260606,
        12.974259328344488
      ],
      [
        0.0013497326636162062,
        0.0006260880620569352,
        1.0000052939856034,
        0.963214577086319
      ],
      [
        0.0,
        0.0,
        0.0,
        1.0
      ]
    ],
    "location": [
      34.704143867536914,
      12.974259328344488,
      0.963214577086319
    ],
    "rotation": [
      0.0006260846657686406,
      -0.0013497244340312123,
      -2.916995996931957
    ]
  },
  {
    "label_id": "GsCzF8GSnnWdvaGVsW2nYA",
    "size": [
      0.9597441527288001,
      0.9549516162441378,
      1.7999999999999972
    ],
    "obj_class": "pedestrian",
    "point_num_in_lidar": 478,
    "speed": 1.0295911469278953,
    "if_vehicle": false,
    "motion_state": true,
    "pose": [
      [
        0.8815141240265242,
        0.47224745965958637,
        0.0011742606270570672,
        8.642072120193916
      ],
      [
        -0.4722434847734024,
        0.8815172952986698,
        0.0009109019363260606,
        -7.981711888052814
      ],
      [
        -0.0006067879731437478,
        -0.0013585186345173225,
        1.0000052939856034,
        0.9532262433720007
      ],
      [
        0.0,
        0.0,
        0.0,
        1.0
      ]
    ],
    "location": [
      8.642072120193916,
      -7.981711888052814,
      0.9532262433720007
    ],
    "rotation": [
      -0.001358510606843119,
      0.0006067841264378984,
      -0.49181250385807196
    ]
  },
  {
    "label_id": "IlvD3LQihY_gza6wNBNkbw",
    "size": [
      2.2304143002019643,
      4.640428889590738,
      1.6000000000000014
    ],
    "obj_class": "vehicle",
    "point_num_in_lidar": 53,
    "speed": 2.5421149729252077e-12,
    "if_vehicle": true,
    "motion_state": false,
    "pose": [
      [
        -0.5955739443734367,
        0.803353278948091,
        0.0011742606270570672,
        17.027197803654417
      ],
      [
        -0.8033569952145561,
        -0.5955704736313319,
        0.0009109019363260606,
        -22.7356223210154
      ],
      [
        0.0014323952319583643,
        -0.000402502700792989,
        1.0000052939856034,
        0.7736628109607864
      ],
      [
        0.0,
        0.0,
        0.0,
        1.0
      ]
    ],
    "location": [
      17.027197803654417,
      -22.7356223210154,
      0.7736628109607864
    ],
    "rotation": [
      -0.0004025005482248375,
      -0.0014323865532656994,
      -2.2087426175316542
    ]
  },
  {
    "label_id": "JKMgfkGQyJGWNzwnfDn1zw",
    "size": [
      0.8008319961445105,
      0.0756255792536936,
      0.7500000000000071
    ],
    "obj_class": "sign",
    "point_num_in_lidar": 42,
    "speed": 3.5950934718225418e-12,
    "if_vehicle": false,
    "motion_state": false,
    "pose": [
      [
        0.2405043839045669,
        0.9706917406344135,
        0.0011742606270570672,
        28.18097114435659
      ],
      [
        -0.9706914292425141,
        0.24050945930822396,
        0.0009109019363260606,
        -5.51813813791523
      ],
      [
        0.0006013073063403843,
        -0.0013609533599739478,
        1.0000052939856034,
        2.8652196254117825
      ],
      [
        0.0,
        0.0,
        0.0,
        1.0
      ]
    ],
    "location": [
      28.18097114435659,
      -5.51813813791523,
      2.8652196254117825
    ],
    "rotation": [
      -0.0013609453149089695,
      -0.0006013034937154359,
      -1.3279213048598923
    ]
  },
  {
    "label_id": "JoKbZ8BD1ksyS72fvT2i7A",
    "size": [
      2.065147650446554,
      4.299376155488723,
      1.720000000000006
    ],
    "obj_class": "vehicle",
    "point_num_in_lidar": 43,
    "speed": 2.5421149729252077e-12,
    "if_vehicle": true,
    "motion_state": false,
    "pose": [
      [
        -0.5430093555878854,
        0.8397771452934476,
        0.0011742606270570672,
        16.85704186896328
      ],
      [
        -0.8397806321266543,
        -0.5430056544149111,
        0.0009109019363260606,
        69.86738871852867
      ],
      [
        0.001403740213099371,
        -0.0004932321348112293,
        1.0000052939856034,
        0.5769047836172376
      ],
      [
        0.0,
        0.0,
        0.0,
        1.0
      ]
    ],
    "location": [
      16.85704186896328,
      69.86738871852867,
      0.5769047836172376
    ],
    "rotation": [
      -0.0004932294836643738,
      -0.0014037316890104464,
      -2.144783719586501
    ]
  },
  {
    "label_id": "K-eppQ_Y2mxaYi38LjA21Q",
    "size": [
      2.109126623547382,
      4.81993915668481,
      1.500000000000007
    ],
    "obj_class": "vehicle",
    "point_num_in_lidar": 341,
    "speed": 0.22423141316872203,
    "if_vehicle": true,
    "motion_state": false,
    "pose": [
      [
        -0.9836457044298722,
        0.18034950005432093,
        0.0011742606270570672,
        31.52565884237265
      ],
      [
        -0.18035458500126128,
        -0.9836457057755257,
        0.0009109019363260606,
        9.243218620671541
      ],
      [
        0.0013213953384602817,
        0.0006838705171142844,
        1.0000052939856034,
        1.0870336353569883
      ],
      [
        0.0,
        0.0,
        0.0,
        1.0
      ]
    ],
    "location": [
      31.52565884237265,
      9.243218620671541,
      1.0870336353569883
    ],
    "rotation": [
      0.0006838667901239014,
      -0.001321387264983835,
      -2.9602536611463455
    ]
  },
  {
    "label_id": "KOEE6quaGGyBFe93Q79Llg",
    "size": [
      0.8525538981910837,
      1.2101923106300116,
      1.8200000000000003
    ],
    "obj_class": "pedestrian",
    "point_num_in_lidar": 882,
    "speed": 2.9383461020845956,
    "if_vehicle": false,
    "motion_state": true,
    "pose": [
      [
        0.5456551737808893,
        0.8380604067364896,
        0.0011742606270570672,
        7.071584210272704
      ],
      [
        -0.8380584474519356,
        0.5456598661034734,
        0.0009109019363260606,
        3.525989402041887
      ],
      [
        0.00012152656295901861,
        -0.0014829011494965144,
        1.0000052939856034,
        0.8814772748461337
      ],
      [
        0.0,
        0.0,
        0.0,
        1.0
      ]
    ],
    "location": [
      7.071584210272704,
      3.525989402041887,
      0.8814772748461337
    ],
    "rotation": [
      -0.0014828922121349587,
      -0.00012152578538843845,
      -0.9936521312959377
    ]
  },
  {
    "label_id": "KbMLXJEn2w0pC4MSAuldSQ",
    "size": [
      1.9351478814685124,
      4.515592189324639,
      1.4500000000000028
    ],
    "obj_class": "vehicle",
    "point_num_in_lidar": 24,
    "speed": 2.5421149729252077e-12,
    "if_vehicle": true,
    "motion_state": false,
    "pose": [
      [
        -0.9801354586438862,
        0.19854293420346655,
        0.0011742606270570672,
        40.99668609935907
      ],
      [
        -0.19854801830252308,
        -0.9801353657784979,
        0.0009109019363260606,
        14.428995848393242
      ],
      [
        0.0013338388629349613,
        0.0006592711220788266,
        1.0000052939856034,
        0.91145521500016
      ],
      [
        0.0,
        0.0,
        0.0,
        1.0
      ]
    ],
    "location": [
      40.99668609935907,
      14.428995848393242,
      0.91145521500016
    ],
    "rotation": [
      0.0006592675364121649,
      -0.0013338307207759073,
      -2.941725226656834
    ]
  },
  {
    "label_id": "LZxOUoMGi7vtc5t3F_znJA",
    "size": [
      0.8094053723097185,
      1.0083618395238672,
      1.6300000000000026
    ],
    "obj_class": "pedestrian",
    "point_num_in_lidar": 466,
    "speed": 1.1985844290442247,
    "if_vehicle": false,
    "motion_state": true,
    "pose": [
      [
        0.9910612385024669,
        -0.13372522406464527,
        0.0011742606270570672,
        2.7158767640503356
      ],
      [
        0.1337303032818593,
        0.991061479831474,
        0.0009109019363260606,
        -7.8066016244411
      ],
      [
        -0.00128764751735046,
        -0.000745471928206492,
        1.0000052939856034,
        0.7753992657872004
      ],
      [
        0.0,
        0.0,
        0.0,
        1.0
      ]
    ],
    "location": [
      2.7158767640503356,
      -7.8066016244411,
      0.7753992657872004
    ],
    "rotation": [
      -0.0007454678436186619,
      0.001287639631171051,
      0.13412633275808314
    ]
  },
  {
    "label_id": "LinZfU-zluGcqLzAeStW8g",
    "size": [
      0.505479031820017,
      0.10862760562286883,
      0.4322335325982465
    ],
    "obj_class": "sign",
    "point_num_in_lidar": 32,
    "speed": 0.0005837162553191835,
    "if_vehicle": false,
    "motion_state": false,
    "pose": [
      [
        0.194617454900561,
        0.9809224537450506,
        0.0011742606270570672,
        4.6845477998576825
      ],
      [
        -0.9809223812341612,
        0.19462253933065374,
        0.0009109019363260606,
        20.931441126398568
      ],
      [
        0.0006646057483628468,
        -0.0013311888385671542,
        1.0000052939856034,
        2.917011690602749
      ],
      [
        0.0,
        0.0,
        0.0,
        1.0
      ]
    ],
    "location": [
      4.6845477998576825,
      20.931441126398568,
      2.917011690602749
    ],
    "rotation": [
      -0.0013311810050060894,
      -0.0006646015432660184,
      -1.374937293351372
    ]
  },
  {
    "label_id": "MMD9C-pfI8EcfG-gPi3gJQ",
    "size": [
      1.8487968183765378,
      4.512174364374527,
      1.730000000000004
    ],
    "obj_class": "vehicle",
    "point_num_in_lidar": 49,
    "speed": 2.248751345592499,
    "if_vehicle": true,
    "motion_state": true,
    "pose": [
      [
        0.21455067371474137,
        0.9767562758547977,
        0.0011742606270570672,
        23.10346151197882
      ],
      [
        -0.9767560998296447,
        0.21455575561422316,
        0.0009109019363260606,
        -21.47829666134203
      ],
      [
        0.000637362255728178,
        -0.0013444455658953977,
        1.0000052939856034,
        1.0848333818137235
      ],
      [
        0.0,
        0.0,
        0.0,
        1.0
      ]
    ],
    "location": [
      23.10346151197882,
      -21.47829666134203,
      1.0848333818137235
    ],
    "rotation": [
      -0.0013444376384277137,
      -0.0006373582192386942,
      -1.354573836516537
    ]
  },
  {
    "label_id": "MV_5Q0rxAuIpiIi20l_8Sw",
    "size": [
      2.072069356398146,
      4.341091663754647,
      1.8400000000000034
    ],
    "obj_class": "vehicle",
    "point_num_in_lidar": 41,
    "speed": 0.003307154302328317,
    "if_vehicle": true,
    "motion_state": false,
    "pose": [
      [
        -0.26454848739969894,
        -0.964416358129472,
        0.0011742606270570672,
        11.646098433426232
      ],
      [
        0.9644159207273734,
        -0.2645535534994415,
        0.0009109019363260606,
        57.25146980074351
      ],
      [
        -0.0005673066561525125,
        0.0013754736211820876,
        1.0000052939856034,
        0.44525571548467724
      ],
      [
        0.0,
        0.0,
        0.0,
        1.0
      ]
    ],
    "location": [
      11.646098433426232,
      57.25146980074351,
      0.44525571548467724
    ],
    "rotation": [
      0.0013754654720656426,
      0.0005673030553539325,
      1.8385205091111116
    ]
  },
  {
    "label_id": "MjDrc4ihzQVdQ9IC3yqsig",
    "size": [
      0.8281349090477664,
      0.7298107158624727,
      1.7100000000000009
    ],
    "obj_class": "pedestrian",
    "point_num_in_lidar": 32,
    "speed": 0.8761940609258269,
    "if_vehicle": false,
    "motion_state": false,
    "pose": [
      [
        -0.887675786353723,
        0.460561084259713,
        0.0011742606270570672,
        20.039311715481745
      ],
      [
        -0.4605659465716902,
        -0.8876742981973356,
        0.0009109019363260606,
        52.44557528252335
      ],
      [
        0.0014637520896894137,
        0.0002668226838418723,
        1.0000052939856034,
        0.803521545724152
      ],
      [
        0.0,
        0.0,
        0.0,
        1.0
      ]
    ],
    "location": [
      20.039311715481745,
      52.44557528252335,
      0.803521545724152
    ],
    "rotation": [
      0.0002668212649619155,
      -0.0014637432431642077,
      -2.662983128515983
    ]
  },
  {
    "label_id": "Nd72enoaUv9l45M43pbdYw",
    "size": [
      0.9619118223230897,
      0.7962712858776171,
      1.6499999999999986
    ],
    "obj_class": "pedestrian",
    "point_num_in_lidar": 394,
    "speed": 0.0020826575559311517,
    "if_vehicle": false,
    "motion_state": false,
    "pose": [
      [
        0.9771164894243035,
        -0.21290415709494187,
        0.0011742606270570672,
        5.612126074382104
      ],
      [
        0.21290923928387642,
        0.9771163219643658,
        0.0009109019363260606,
        7.621586182387546
      ],
      [
        -0.0013433694546460075,
        -0.000639627260994084,
        1.0000052939856034,
        0.7162688322798658
      ],
      [
        0.0,
        0.0,
        0.0,
        1.0
      ]
    ],
    "location": [
      5.612126074382104,
      7.621586182387546,
      0.7162688322798658
    ],
    "rotation": [
      -0.0006396237876071574,
      0.0013433612600219794,
      0.2145420306201295
    ]
  },
  {
    "label_id": "RLwpXW5onTXDRmiQoJpcRw",
    "size": [
      0.9158691018636765,
      1.1417508792291562,
      1.8500000000000014
    ],
    "obj_class": "pedestrian",
    "point_num_in_lidar": 1266,
    "speed": 1.4289466223056062,
    "if_vehicle": false,
    "motion_state": true,
    "pose": [
      [
        0.7068767377147638,
        0.7073967003675633,
        0.0011742606270570672,
        4.255878510804905
      ],
      [
        -0.7073938148044919,
        0.7068809246244785,
        0.0009109019363260606,
        3.0845366301364265
      ],
      [
        -0.00018715077065205134,
        -0.001476055254293366,
        1.0000052939856034,
        0.9273436619694166
      ],
      [
        0.0,
        0.0,
        0.0,
        1.0
      ]
    ],
    "location": [
      4.255878510804905,
      3.0845366301364265,
      0.9273436619694166
    ],
    "rotation": [
      -0.0014760463681581222,
      0.0001871495738260609,
      -0.7857637773641446
    ]
  },
  {
    "label_id": "Rq5V6L3mDygKo0QPfbHovw",
    "size": [
      1.888818191064346,
      4.636756789517779,
      1.3600000000000065
    ],
    "obj_class": "vehicle",
    "point_num_in_lidar": 612,
    "speed": 0.46784988849431935,
    "if_vehicle": true,
    "motion_state": false,
    "pose": [
      [
        0.25645117437498277,
        0.9666010599905606,
        0.0011742606270570672,
        21.309942610059807
      ],
      [
        -0.9666006650903317,
        0.25645624396480904,
        0.0009109019363260606,
        -12.08000186317804
      ],
      [
        0.0005788220182881194,
        -0.0013706675730561307,
        1.0000052939856034,
        0.8396600509620384
      ],
      [
        0.0,
        0.0,
        0.0,
        1.0
      ]
    ],
    "location": [
      21.309942610059807,
      -12.08000186317804,
      0.8396600509620384
    ],
    "rotation": [
      -0.0013706594584435012,
      -0.0005788183456726401,
      -1.3114586866519833
    ]
  },
  {
    "label_id": "SQQ6HVe8YtnoiVO4yfPY2Q",
    "size": [
      1.9274767058030713,
      4.326488639833419,
      1.3500000000000014
    ],
    "obj_class": "vehicle",
    "point_num_in_lidar": 119,
    "speed": 3.5950934718225418e-12,
    "if_vehicle": true,
    "motion_state": false,
    "pose": [
      [
        -0.2066818380020674,
        -0.9784515480356042,
        0.0011742606270570672,
        29.32297872807976
      ],
      [
        0.9784514129202291,
        -0.2066869211537504,
        0.0009109019363260606,
        -18.481567369031836
      ],
      [
        -0.0006481630164452299,
        0.00133927190248856,
        1.0000052939856034,
        0.912856766703726
      ],
      [
        0.0,
        0.0,
        0.0,
        1.0
      ]
    ],
    "location": [
      29.32297872807976,
      -18.481567369031836,
      0.912856766703726
    ],
    "rotation": [
      0.0013392640117254975,
      0.0006481589130531604,
      1.7789697465322476
    ]
  },
  {
    "label_id": "UMM0XzCyaXFdt743gKi7vA",
    "size": [
      2.0189343276433696,
      4.470248932210846,
      1.7100000000000009
    ],
    "obj_class": "vehicle",
    "point_num_in_lidar": 64,
    "speed": 0.49909947756330353,
    "if_vehicle": true,
    "motion_state": false,
    "pose": [
      [
        -0.22538817802638575,
        -0.9743125695684774,
        0.0011742606270570672,
        17.208836049183446
      ],
      [
        0.9743123370995836,
        -0.22539325765682605,
        0.0009109019363260606,
        32.805757200454536
      ],
      [
        -0.0006223875384578622,
        0.0013514430349278752,
        1.0000052939856034,
        0.7855292481036713
      ],
      [
        0.0,
        0.0,
        0.0,
        1.0
      ]
    ],
    "location": [
      17.208836049183446,
      32.805757200454536,
      0.7855292481036713
    ],
    "rotation": [
      0.0013514350577020053,
      0.0006223835948482183,
      1.7981280171907454
    ]
  },
  {
    "label_id": "WRasNf5aFU5EQsYKqc3aig",
    "size": [
      0.8642005477273954,
      0.9213117662531766,
      1.6099999999999994
    ],
    "obj_class": "pedestrian",
    "point_num_in_lidar": 250,
    "speed": 1.023688614409666,
    "if_vehicle": false,
    "motion_state": true,
    "pose": [
      [
        0.9803961870713438,
        -0.1972514395109798,
        0.0011742606270570672,
        -2.3463774990668753
      ],
      [
        0.19725652372797345,
        0.9803961009043052,
        0.0009109019363260606,
        -10.376204145715747
      ],
      [
        -0.0013329691196946193,
        -0.0006610278743164017,
        1.0000052939856034,
        0.725362202219344
      ],
      [
        0.0,
        0.0,
        0.0,
        1.0
      ]
    ],
    "location": [
      -2.3463774990668753,
      -10.376204145715747,
      0.725362202219344
    ],
    "rotation": [
      -0.0006610242785839923,
      0.0013329609823294624,
      0.19854993420507422
    ]
  },
  {
    "label_id": "Wc72pGuPCXfpIpqhr-sJew",
    "size": [
      0.9748219167173697,
      1.4516448810316316,
      1.6099999999999994
    ],
    "obj_class": "pedestrian",
    "point_num_in_lidar": 67,
    "speed": 1.275771065884124,
    "if_vehicle": false,
    "motion_state": true,
    "pose": [
      [
        0.9875435924467703,
        -0.15761493276498267,
        0.0011742606270570672,
        23.512761832898832
      ],
      [
        0.1576200163282685,
        0.9875437110701913,
        0.0009109019363260606,
        14.425407596201694
      ],
      [
        -0.0013052711984788193,
        -0.0007141649831127125,
        1.0000052939856034,
        1.01005645657483
      ],
      [
        0.0,
        0.0,
        0.0,
        1.0
      ]
    ],
    "location": [
      23.512761832898832,
      14.425407596201694,
      1.01005645657483
    ],
    "rotation": [
      -0.000714161080939979,
      0.0013052632143043565,
      0.15827318017640632
    ]
  },
  {
    "label_id": "Z9OsRYR58DxyfT5G8nd1sw",
    "size": [
      0.9114227453832368,
      0.9160872246739158,
      1.9500000000000028
    ],
    "obj_class": "pedestrian",
    "point_num_in_lidar": 458,
    "speed": 0.00539314330608656,
    "if_vehicle": false,
    "motion_state": false,
    "pose": [
      [
        -0.42548722348128587,
        0.9050112909060136,
        0.0011742606270570672,
        6.4506958467754885
      ],
      [
        -0.9050142499024,
        -0.4254830881424144,
        0.0009109019363260606,
        8.201837054359203
      ],
      [
        0.0013249163469310353,
        -0.0006770237797283306,
        1.0000052939856034,
        0.8639500172836279
      ],
      [
        0.0,
        0.0,
        0.0,
        1.0
      ]
    ],
    "location": [
      6.4506958467754885,
      8.201837054359203,
      0.8639500172836279
    ],
    "rotation": [
      -0.0006770200921543562,
      -0.00132490825399938,
      -2.010275337902551
    ]
  },
  {
    "label_id": "Zf_0k6PmuzbSRQRWpdsKQg",
    "size": [
      1.9263009385315988,
      4.30626809851573,
      1.480000000000004
    ],
    "obj_class": "vehicle",
    "point_num_in_lidar": 696,
    "speed": 1.5373848064355629,
    "if_vehicle": true,
    "motion_state": true,
    "pose": [
      [
        -0.8508486787899106,
        -0.5254915221149113,
        0.0011742606270570672,
        21.07340510173526
      ],
      [
        0.5254877494850153,
        -0.8508520881814787,
        0.0009109019363260606,
        11.099881975424069
      ],
      [
        0.0005222135066470214,
        0.0013932184244253077,
        1.0000052939856034,
        0.9631879645054369
      ],
      [
        0.0,
        0.0,
        0.0,
        1.0
      ]
    ],
    "location": [
      21.07340510173526,
      11.099881975424069,
      0.9631879645054369
    ],
    "rotation": [
      0.001393210147362379,
      -0.0005222101877868986,
      2.5883293253915403
    ]
  },
  {
    "label_id": "Zfh8PMMz_gcqeqExLpq5tQ",
    "size": [
      1.8903948451336388,
      4.104269830155506,
      1.3600000000000065
    ],
    "obj_class": "vehicle",
    "point_num_in_lidar": 38,
    "speed": 1.1368683772161603e-12,
    "if_vehicle": true,
    "motion_state": false,
    "pose": [
      [
        0.9620076716226873,
        -0.2731776962936008,
        0.0011742606270570672,
        69.215304950063
      ],
      [
        0.2731827582715327,
        0.9620071888529558,
        0.0009109019363260606,
        10.470325576687173
      ],
      [
        -0.0013805007007737153,
        -0.0005549615660980427,
        1.0000052939856034,
        0.8249656107270766
      ],
      [
        0.0,
        0.0,
        0.0,
        1.0
      ]
    ],
    "location": [
      69.215304950063,
      10.470325576687173,
      0.8249656107270766
    ],
    "rotation": [
      -0.0005549585711831828,
      0.0013804923029175325,
      0.2766876604610894
    ]
  },
  {
    "label_id": "aX9TVEEnUmFXUq27-AfHng",
    "size": [
      0.9678677238716862,
      1.0875697848219783,
      1.75
    ],
    "obj_class": "pedestrian",
    "point_num_in_lidar": 145,
    "speed": 1.583269541560841,
    "if_vehicle": false,
    "motion_state": true,
    "pose": [
      [
        0.4759441056257019,
        0.8795237474527529,
        0.0011742606270570672,
        10.683925710065523
      ],
      [
        -0.8795221748779128,
        0.47594894129479415,
        0.0009109019363260606,
        -9.890421396339661
      ],
      [
        0.0002413010045284799,
        -0.0014681751768424141,
        1.0000052939856034,
        0.9760922939452712
      ],
      [
        0.0,
        0.0,
        0.0,
        1.0
      ]
    ],
    "location": [
      10.683925710065523,
      -9.890421396339661,
      0.9760922939452712
    ],
    "rotation": [
      -0.0014681663495007971,
      -0.00024129946234570962,
      -1.074781318739409
    ]
  },
  {
    "label_id": "b5nOlzdtnZu2ZvwsJrvIQA",
    "size": [
      0.8337839977286303,
      0.9484009492462533,
      1.8299999999999983
    ],
    "obj_class": "pedestrian",
    "point_num_in_lidar": 116,
    "speed": 0.8144801083596693,
    "if_vehicle": false,
    "motion_state": false,
    "pose": [
      [
        -0.5790038734122932,
        -0.8153768015995696,
        0.0011742606270570672,
        28.33022123901901
      ],
      [
        0.8153746547035297,
        -0.5790084829160181,
        0.0009109019363260606,
        -9.097250819468172
      ],
      [
        -6.163384554458418e-05,
        0.0014865953698858653,
        1.0000052939856034,
        1.0565348037961257
      ],
      [
        0.0,
        0.0,
        0.0,
        1.0
      ]
    ],
    "location": [
      28.33022123901901,
      -9.097250819468172,
      1.0565348037961257
    ],
    "rotation": [
      0.0014865864048235812,
      6.163345107642788e-05,
      2.1882738621729456
    ]
  },
  {
    "label_id": "bRPbYyeLmNMrwlF8n9yZLQ",
    "size": [
      2.3021059485345123,
      5.192549817773653,
      1.9400000000000048
    ],
    "obj_class": "vehicle",
    "point_num_in_lidar": 784,
    "speed": 6.821210263296962e-12,
    "if_vehicle": true,
    "motion_state": false,
    "pose": [
      [
        -0.6146361103769603,
        0.7888645421324652,
        0.0011742606270570672,
        8.908707272094034
      ],
      [
        -0.7888683404258964,
        -0.6146327295998002,
        0.0009109019363260606,
        16.74226512398309
      ],
      [
        0.0014416208894628992,
        -0.00036809473746159306,
        1.0000052939856034,
        0.8456650028341528
      ],
      [
        0.0,
        0.0,
        0.0,
        1.0
      ]
    ],
    "location": [
      8.908707272094034,
      16.74226512398309,
      0.8456650028341528
    ],
    "rotation": [
      -0.0003680927721590902,
      -0.0014416121612437771,
      -2.232685521037038
    ]
  },
  {
    "label_id": "bacsewv05EXPBe1OQGzJhA",
    "size": [
      2.1567897859488743,
      4.360600259374679,
      1.5200000000000031
    ],
    "obj_class": "vehicle",
    "point_num_in_lidar": 106,
    "speed": 6.629024818318272e-12,
    "if_vehicle": true,
    "motion_state": false,
    "pose": [
      [
        -0.612804466941567,
        0.7902882381192605,
        0.0011742606270570672,
        5.2708626043386175
      ],
      [
