[
  {
    "label_id": "1XGa86vdVK8I7WhqZCOcOQ",
    "size": [
      1.9388804825461057,
      4.415578465873616,
      1.6900000000000048
    ],
    "obj_class": "vehicle",
    "point_num_in_lidar": 44,
    "speed": 1.1368683772161603e-12,
    "if_vehicle": true,
    "motion_state": false,
    "pose": [
      [
        -0.20668327972481737,
        -0.9784511246200707,
        0.0012694538650007883,
        30.324728872641572
      ],
      [
        0.9784508079267363,
        -0.20668773810815266,
        0.0012945837938888503,
        -24.122918183755246
      ],
      [
        -0.0010038717266752982,
        0.0015117011603548102,
        1.000004754371156,
        1.1161911756322525
      ],
      [
        0.0,
        0.0,
        0.0,
        1.0
      ]
    ],
    "location": [
      30.324728872641572,
      -24.122918183755246,
      1.1161911756322525
    ],
    "rotation": [
      0.0015116928216850698,
      0.0010038654696795217,
      1.7789712820996963
    ]
  },
  {
    "label_id": "2EWbspym0T1YkCd3xXEsUA",
    "size": [
      0.7170531407586485,
      0.8462840361255533,
      1.6899999999999977
    ],
    "obj_class": "pedestrian",
    "point_num_in_lidar": 233,
    "speed": 1.2493624358109978,
    "if_vehicle": false,
    "motion_state": true,
    "pose": [
      [
        0.3085041131736731,
        0.9512674668793281,
        0.0012694538650007883,
        11.44681330290041
      ],
      [
        -0.9512666827611224,
        0.30850851347312563,
        0.0012945837938888503,
        -10.134906212653732
      ],
      [
        0.0008392117718324994,
        -0.001608950727602896,
        1.000004754371156,
        0.8880218203730692
      ],
      [
        0.0,
        0.0,
        0.0,
        1.0
      ]
    ],
    "location": [
      11.44681330290041,
      -10.134906212653732,
      0.8880218203730692
    ],
    "rotation": [
      -0.0016089416897366725,
      -0.0008392064986929647,
      -1.257189762520875
    ]
  },
  {
    "label_id": "2kx3n6sQg97wQoT2iuuqkw",
    "size": [
      1.9436068624993112,
      4.581826043400449,
      1.470000000000006
    ],
    "obj_class": "vehicle",
    "point_num_in_lidar": 70,
    "speed": 1.1368683772161603e-12,
    "if_vehicle": true,
    "motion_state": false,
    "pose": [
      [
        0.9673882524944598,
        -0.2534650869918838,
        0.0012694538650007883,
        38.07404956110258
      ],
      [
        0.2534695250050959,
        0.967387721914248,
        0.0012945837938888503,
        3.48627278451022
      ],
      [
        -0.0015581968126373105,
        -0.0009300653390612072,
        1.000004754371156,
        0.9448335406642627
      ],
      [
        0.0,
        0.0,
        0.0,
        1.0
      ]
    ],
    "location": [
      38.07404956110258,
      3.48627278451022,
      0.9448335406642627
    ],
    "rotation": [
      -0.0009300606490348575,
      0.0015581874694323274,
      0.2562538567573011
    ]
  },
  {
    "label_id": "3NGaBQl276KzZKljja6dOA",
    "size": [
      0.7299292117232196,
      0.694010124373706,
      1.1000000000000014
    ],
    "obj_class": "pedestrian",
    "point_num_in_lidar": 154,
    "speed": 0.0016445852193016565,
    "if_vehicle": false,
    "motion_state": false,
    "pose": [
      [
        0.7398046152989414,
        0.6728846205483324,
        0.0012694538650007883,
        2.6347669829629012
      ],
      [
        -0.6728817566484376,
        0.7398080468516548,
        0.0012945837938888503,
        12.672320828169177
      ],
      [
        -6.95887553909012e-05,
        -0.0018133273965170403,
        1.000004754371156,
        0.7077498664422137
      ],
      [
        0.0,
        0.0,
        0.0,
        1.0
      ]
    ],
    "location": [
      2.6347669829629012,
      12.672320828169177,
      0.7077498664422137
    ],
    "rotation": [
      -0.001813316787857558,
      6.958831002193843e-05,
      -0.7380607890213597
    ]
  },
  {
    "label_id": "3P6tBBZUHGg_gbV4OhqorA",
    "size": [
      0.8275096005655914,
      0.8398197400242338,
      1.6499999999999986
    ],
    "obj_class": "pedestrian",
    "point_num_in_lidar": 328,
    "speed": 1.267725983992997,
    "if_vehicle": false,
    "motion_state": true,
    "pose": [
      [
        0.9997595008276472,
        -0.023780704214589575,
        0.0012694538650007883,
        7.533884008538735
      ],
      [
        0.023785145083888105,
        0.9997600069467102,
        0.0012945837938888503,
        -8.291623149045336
      ],
      [
        -0.0013020147125318404,
        -0.0012640239436762055,
        1.000004754371156,
        0.8481293453583021
      ],
      [
        0.0,
        0.0,
        0.0,
        1.0
      ]
    ],
    "location": [
      7.533884008538735,
      -8.291623149045336,
      0.8481293453583021
    ],
    "rotation": [
      -0.0012640172608752093,
      0.0013020067464344326,
      0.023786379705487186
    ]
  },
  {
    "label_id": "4JRTQZlhJCGV0xv6XMfMIw",
    "size": [
      2.125651386593604,
      4.668043267308801,
      1.6099999999999994
    ],
    "obj_class": "vehicle",
    "point_num_in_lidar": 73,
    "speed": 6.629024818318272e-12,
    "if_vehicle": true,
    "motion_state": false,
    "pose": [
      [
        0.17524739218855495,
        0.9845673836356751,
        0.0012694538650007883,
        21.038530629732122
      ],
      [
        -0.9845672098617185,
        0.17525185842626073,
        0.0012945837938888503,
        48.924334829695
      ],
      [
        0.0010517614924508867,
        -0.001478782135689234,
        1.000004754371156,
        0.9532368023649269
      ],
      [
        0.0,
        0.0,
        0.0,
        1.0
      ]
    ],
    "location": [
      21.038530629732122,
      48.924334829695,
      0.9532368023649269
    ],
    "rotation": [
      -0.0014787740271283991,
      -0.0010517549542209716,
      -1.3946467802419258
    ]
  },
  {
    "label_id": "50vFTXzPARJLsyl_rL8FYw",
    "size": [
      0.9071328832485285,
      0.8769552914394498,
      1.8200000000000003
    ],
    "obj_class": "pedestrian",
    "point_num_in_lidar": 153,
    "speed": 1.1079772357137767,
    "if_vehicle": false,
    "motion_state": true,
    "pose": [
      [
        -0.9370761819698917,
        -0.34924606021087556,
        0.0012694538650007883,
        25.057427967934927
      ],
      [
        0.34924212499062773,
        -0.9370783012901207,
        0.0012945837938888503,
        -11.41961746673769
      ],
      [
        0.0007394002197391792,
        0.0016571922510335894,
        1.000004754371156,
        1.0490213088955898
      ],
      [
        0.0,
        0.0,
        0.0,
        1.0
      ]
    ],
    "location": [
      25.057427967934927,
      -11.41961746673769,
      1.0490213088955898
    ],
    "rotation": [
      0.0016571828551467677,
      -0.0007393955543431214,
      2.7848457242771145
    ]
  },
  {
    "label_id": "51XfsSndNbxOYol5ZhZdTA",
    "size": [
      1.8797856288791166,
      4.076636714678694,
      1.3999999999999986
    ],
    "obj_class": "vehicle",
    "point_num_in_lidar": 22,
    "speed": 1.6077746776921857e-12,
    "if_vehicle": true,
    "motion_state": false,
    "pose": [
      [
        -0.9803794475847047,
        0.19733403188907203,
        0.0012694538650007883,
        24.619447444209072
      ],
      [
        -0.19733849309229,
        -0.9803791734634165,
        0.0012945837938888503,
        44.401292365801055
      ],
      [
        0.0015020498034159307,
        0.0010182559746420813,
        1.000004754371156,
        0.9143275007484135
      ],
      [
        0.0,
        0.0,
        0.0,
        1.0
      ]
    ],
    "location": [
      24.619447444209072,
      44.401292365801055,
      0.9143275007484135
    ],
    "rotation": [
      0.0010182507815788841,
      -0.0015020407538637822,
      -2.9429590622025628
    ]
  },
  {
    "label_id": "7tOgwMtQQau9C7cR3nDM_A",
    "size": [
      2.1995109981502625,
      4.668562141136059,
      1.6400000000000006
    ],
    "obj_class": "vehicle",
    "point_num_in_lidar": 87,
    "speed": 0.02174966287137417,
    "if_vehicle": true,
    "motion_state": false,
    "pose": [
      [
        -0.23365075309981562,
        -0.9723640814859303,
        0.0012694538650007883,
        33.34818232458929
      ],
      [
        0.972363641674502,
        -0.23365520102546022,
        0.0012945837938888503,
        -36.07450967578916
      ],
      [
        -0.000961701526441883,
        0.0015388726444626518,
        1.000004754371156,
        1.4085343987542274
      ],
      [
        0.0,
        0.0,
        0.0,
        1.0
      ]
    ],
    "location": [
      33.34818232458929,
      -36.07450967578916,
      1.4085343987542274
    ],
    "rotation": [
      0.0015388641133951208,
      0.0009616955190017809,
      1.806616947455576
    ]
  },
  {
    "label_id": "8bU9YqZGCj5wFCjrgGqXyA",
    "size": [
      0.3109838342945209,
      0.08639544551842648,
      0.6700000000000017
    ],
    "obj_class": "sign",
    "point_num_in_lidar": 21,
    "speed": 2.5421149729252077e-12,
    "if_vehicle": false,
    "motion_state": false,
    "pose": [
      [
        0.09915839399654992,
        0.9951141614348141,
        0.0012694538650007883,
        21.21882398572052
      ],
      [
        -0.9951143309865075,
        0.09916286039653827,
        0.0012945837938888503,
        22.929529263179575
      ],
      [
        0.0011621648669372395,
        -0.0013936899453941927,
        1.000004754371156,
        2.985444101914595
      ],
      [
        0.0,
        0.0,
        0.0,
        1.0
      ]
    ],
    "location": [
      21.21882398572052,
      22.929529263179575,
      2.985444101914595
    ],
    "rotation": [
      -0.001393682416965721,
      -0.0011621576897323357,
      -1.4714789464326543
    ]
  },
  {
    "label_id": "9VwGco63NvqDkOZ7SoAOWQ",
    "size": [
      2.1388433729710057,
      4.855035932090138,
      1.5600000000000023
    ],
    "obj_class": "vehicle",
    "point_num_in_lidar": 329,
    "speed": 4.334386889177169,
    "if_vehicle": true,
    "motion_state": true,
    "pose": [
      [
        0.22686264834251813,
        0.9739701844384698,
        0.0012694538650007883,
        12.907097893985338
      ],
      [
        -0.9739697756628514,
        0.2268670992277252,
        0.0012945837938888503,
        20.76908315809851
      ],
      [
        0.000972412054820328,
        -0.0015321271610007517,
        1.000004754371156,
        0.8109451238633483
      ],
      [
        0.0,
        0.0,
        0.0,
        1.0
      ]
    ],
    "location": [
      12.907097893985338,
      20.76908315809851,
      0.8109451238633483
    ],
    "rotation": [
      -0.0015321186779075923,
      -0.0009724059838322525,
      -1.3419509591626788
    ]
  },
  {
    "label_id": "C4lVCY0U7eKSegXd8LC_FQ",
    "size": [
      0.9018772145063882,
      0.944866519994953,
      1.3999999999999986
    ],
    "obj_class": "pedestrian",
    "point_num_in_lidar": 64,
    "speed": 0.0023112134823114034,
    "if_vehicle": false,
    "motion_state": false,
    "pose": [
      [
        0.17203705133077202,
        0.9851334094210292,
        0.0012694538650007883,
        34.10824623400549
      ],
      [
        -0.9851332502066612,
        0.17204151811120286,
        0.0012945837938888503,
        17.980444497268763
      ],
      [
        0.001056576313950067,
        -0.0014753458356045934,
        1.000004754371156,
        1.0057895441282199
      ],
      [
        0.0,
        0.0,
        0.0,
        1.0
      ]
    ],
    "location": [
      34.10824623400549,
      17.980444497268763,
      1.0057895441282199
    ],
    "rotation": [
      -0.0014753377508780448,
      -0.001056569747576588,
      -1.397906504807616
    ]
  },
  {
    "label_id": "CpPxlJb2rlUaBE-2xJoBWw",
    "size": [
      0.7881720903976139,
      0.994941850972178,
      1.8900000000000006
    ],
    "obj_class": "pedestrian",
    "point_num_in_lidar": 420,
    "speed": 0.789139414610885,
    "if_vehicle": false,
    "motion_state": false,
    "pose": [
      [
        -0.09732401593547532,
        -0.9952952412778227,
        0.0012694538650007883,
        7.393461984967871
      ],
      [
        0.9952954190617648,
        -0.09732848201535622,
        0.0012945837938888503,
        7.261764075614337
      ],
      [
        -0.001164731763331376,
        0.0013915454578716088,
        1.000004754371156,
        0.8964312131219003
      ],
      [
        0.0,
        0.0,
        0.0,
        1.0
      ]
    ],
    "location": [
      7.393461984967871,
      7.261764075614337,
      0.8964312131219003
    ],
    "rotation": [
      0.0013915379437976967,
      0.0011647245714334893,
      1.66827049035259
    ]
  },
  {
    "label_id": "DnS7Up19TsoNk12Ymz9Ndg",
    "size": [
      1.9636513337620156,
      4.880426123448928,
      1.5200000000000031
    ],
    "obj_class": "vehicle",
    "point_num_in_lidar": 145,
    "speed": 0.9415821631847516,
    "if_vehicle": true,
    "motion_state": false,
    "pose": [
      [
        -0.5031854391660538,
        -0.8642273978527605,
        0.0012694538650007883,
        14.364635113808617
      ],
      [
        0.8642256985746359,
        -0.5031895731629682,
        0.0012945837938888503,
        30.979040010512108
      ],
      [
        -0.00047898797247332604,
        0.0017503055059223292,
        1.000004754371156,
        0.73961228019175
      ],
      [
        0.0,
        0.0,
        0.0,
        1.0
      ]
    ],
    "location": [
      14.364635113808617,
      30.979040010512108,
      0.73961228019175
    ],
    "rotation": [
      0.0017502953969945516,
      0.0004789849248726398,
      2.0980534850589905
    ]
  },
  {
    "label_id": "EMpodh1TjmNyW98IZUh2MA",
    "size": [
      2.1737203176307127,
      4.530987525728997,
      1.8900000000000006
    ],
    "obj_class": "vehicle",
    "point_num_in_lidar": 253,
    "speed": 2.5421149729252077e-12,
    "if_vehicle": true,
    "motion_state": false,
    "pose": [
      [
        -0.6127217431773943,
        0.7903522295949719,
        0.0012694538650007883,
        16.576357195495802
      ],
      [
        -0.7903554256956333,
        -0.6127186186906854,
        0.0012945837938888503,
        -18.113456064165803
      ],
      [
        0.0018022658038928823,
        -0.00021174705182001158,
        1.000004754371156,
        0.8932764402624116
      ],
      [
        0.0,
        0.0,
        0.0,
        1.0
      ]
    ],
    "location": [
      16.576357195495802,
      -18.113456064165803,
      0.8932764402624116
    ],
    "rotation": [
      -0.00021174604193607984,
      -0.0018022552435710327,
      -2.2302615373734227
    ]
  },
  {
    "label_id": "FRk_wv4gWEdPQOAxAVKlJw",
    "size": [
      2.037549030955152,
      4.4473342942274545,
      1.3600000000000065
    ],
    "obj_class": "vehicle",
    "point_num_in_lidar": 206,
    "speed": 0.0015886593297281463,
    "if_vehicle": true,
    "motion_state": false,
    "pose": [
      [
        -0.9749260132575966,
        0.22271921798923539,
        0.0012694538650007883,
        34.705639690568205
      ],
      [
        -0.2227236705723446,
        -0.9749256234111037,
        0.0012945837938888503,
        12.970747712453885
      ],
      [
        0.0015279785562549181,
        0.0009789179605366625,
        1.000004754371156,
        0.9656208991742687
      ],
      [
        0.0,
        0.0,
        0.0,
        1.0
      ]
    ],
    "location": [
      34.705639690568205,
      12.970747712453885,
      0.9656208991742687
    ],
    "rotation": [
      0.000978912993731491,
      -0.0015279693704944029,
      -2.9169951107685526
    ]
  },
  {
    "label_id": "GsCzF8GSnnWdvaGVsW2nYA",
    "size": [
      0.9597441527226658,
      0.9549516162441378,
      1.7999999999999972
    ],
    "obj_class": "pedestrian",
    "point_num_in_lidar": 93,
    "speed": 1.3098056821275164,
    "if_vehicle": false,
    "motion_state": true,
    "pose": [
      [
        0.30122193672576,
        0.9535984093019818,
        0.0012694538650007883,
        10.183222268577083
      ],
      [
        -0.953597658850312,
        0.3012263428917718,
        0.0012945837938888503,
        -10.214741559553659
      ],
      [
        0.0008514888872938983,
        -0.0016024872906363777,
        1.000004754371156,
        0.9582208612131353
      ],
      [
        0.0,
        0.0,
        0.0,
        1.0
      ]
    ],
    "location": [
      10.183222268577083,
      -10.214741559553659,
      0.9582208612131353
    ],
    "rotation": [
      -0.0016024783001642247,
      -0.0008514835399574663,
      -1.2648356090440396
    ]
  },
  {
    "label_id": "IlvD3LQihY_gza6wNBNkbw",
    "size": [
      2.2304143002019643,
      4.640428889590738,
      1.6000000000000014
    ],
    "obj_class": "vehicle",
    "point_num_in_lidar": 43,
    "speed": 2.5421149729252077e-12,
    "if_vehicle": true,
    "motion_state": false,
    "pose": [
      [
        -0.595572671651823,
        0.8033540777077054,
        0.0012694538650007883,
        17.02719780363259
      ],
      [
        -0.8033572058340372,
        -0.5955694791132901,
        0.0012945837938888503,
        -22.735622321008123
      ],
      [
        0.001797292010326445,
        -0.00025048008194834966,
        1.000004754371156,
        0.7736628109606727
      ],
      [
        0.0,
        0.0,
        0.0,
        1.0
      ]
    ],
    "location": [
      17.02719780363259,
      -22.735622321008123,
      0.7736628109606727
    ],
    "rotation": [
      -0.0002504788858404135,
      -0.0017972814737855188,
      -2.208741469745894
    ]
  },
  {
    "label_id": "JKMgfkGQyJGWNzwnfDn1zw",
    "size": [
      0.8008319961445161,
      0.0756255792536936,
      0.7500000000000071
    ],
    "obj_class": "sign",
    "point_num_in_lidar": 41,
    "speed": 3.5950934718225418e-12,
    "if_vehicle": false,
    "motion_state": false,
    "pose": [
      [
        0.24050581006657573,
        0.9706912674544405,
        0.0012694538650007883,
        28.18097114434204
      ],
      [
        -0.9706907962699813,
        0.2405102547782467,
        0.0012945837938888503,
        -5.518138137907954
      ],
      [
        0.0009508195036290343,
        -0.0015456199770172382,
        1.000004754371156,
        2.865219625411669
      ],
      [
        0.0,
        0.0,
        0.0,
        1.0
      ]
    ],
    "location": [
      28.18097114434204,
      -5.518138137907954,
      2.865219625411669
    ],
    "rotation": [
      -0.0015456113978220877,
      -0.0009508135608673977,
      -1.3279197683929527
    ]
  },
  {
    "label_id": "JhuATVQ6GWJyuhtPZT24-w",
    "size": [
      0.523766096226129,
      0.06947402624494387,
      0.5500000000000043
    ],
    "obj_class": "sign",
    "point_num_in_lidar": 20,
    "speed": 2.2737367544323206e-12,
    "if_vehicle": false,
    "motion_state": false,
    "pose": [
      [
        -0.9913710686789963,
        0.13140770743891964,
        0.0012694538650007883,
        38.70253153458907
      ],
      [
        -0.131412176988925,
        -0.9913710931612737,
        0.0012945837938888503,
        1.3982710173149826
      ],
      [
        0.001430679572633379,
        0.0011163130395573173,
        1.000004754371156,
        3.4492385379982125
      ],
      [
        0.0,
        0.0,
        0.0,
        1.0
      ]
    ],
    "location": [
      38.70253153458907,
      1.3982710173149826,
      3.4492385379982125
    ],
    "rotation": [
      0.001116307268523376,
      -0.0014306709031644224,
      -3.0098049607225232
    ]
  },
  {
    "label_id": "JoKbZ8BD1ksyS72fvT2i7A",
    "size": [
      2.065147650446565,
      4.299376155488723,
      1.720000000000006
    ],
    "obj_class": "vehicle",
    "point_num_in_lidar": 60,
    "speed": 2.5421149729252077e-12,
    "if_vehicle": true,
    "motion_state": false,
    "pose": [
      [
        -0.543008034415385,
        0.8397778610730507,
        0.0012694538650007883,
        16.857041868956003
      ],
      [
        -0.8397807787502446,
        -0.5430046484684826,
        0.0012945837938888503,
        69.86738871852867
      ],
      [
        0.0017776075092321997,
        -0.00036484295930910035,
        1.000004754371156,
        0.5769047836171239
      ],
      [
        0.0,
        0.0,
        0.0,
        1.0
      ]
    ],
    "location": [
      16.857041868956003,
      69.86738871852867,
      0.5769047836171239
    ],
    "rotation": [
      -0.0003648412085306083,
      -0.0017775970672426803,
      -2.144782530580543
    ]
  },
  {
    "label_id": "K-eppQ_Y2mxaYi38LjA21Q",
    "size": [
      2.1091266235447534,
      4.81993915668481,
      1.500000000000007
    ],
    "obj_class": "vehicle",
    "point_num_in_lidar": 416,
    "speed": 2.110731743397429,
    "if_vehicle": true,
    "motion_state": true,
    "pose": [
      [
        -0.9949229039785338,
        0.10105937129731793,
        0.0012694538650007883,
        28.48114554120548
      ],
      [
        -0.10106383801308239,
        -0.9949230649968934,
        0.0012945837938888503,
        8.82471935608919
      ],
      [
        0.0013959077093248084,
        0.0011595001116359136,
        1.000004754371156,
        1.088398929152504
      ],
      [
        0.0,
        0.0,
        0.0,
        1.0
      ]
    ],
    "location": [
      28.48114554120548,
      8.82471935608919,
      1.088398929152504
    ],
    "rotation": [
      0.0011594940793497603,
      -0.0013958992276965263,
      -3.0403603189716795
    ]
  },
  {
    "label_id": "KOEE6quaGGyBFe93Q79Llg",
    "size": [
      0.8525538981974881,
      1.2101923106300116,
      1.8200000000000003
    ],
    "obj_class": "pedestrian",
    "point_num_in_lidar": 672,
    "speed": 2.2485294120908654,
    "if_vehicle": false,
    "motion_state": true,
    "pose": [
      [
        0.32739137065246243,
        0.9449335806343163,
        0.0012694538650007883,
        9.749917266926786
      ],
      [
        -0.9449327090213334,
        0.3273957544598761,
        0.0012945837938888503,
        -2.500879382554558
      ],
      [
        0.0008069962896068234,
        -0.0016253479105708265,
        1.000004754371156,
        0.9609781237106745
      ],
      [
        0.0,
        0.0,
        0.0,
        1.0
      ]
    ],
    "location": [
      9.749917266926786,
      -2.500879382554558,
      0.9609781237106745
    ],
    "rotation": [
      -0.001625338751865584,
      -0.0008069912117586178,
      -1.2372692228547395
    ]
  },
  {
    "label_id": "LZxOUoMGi7vtc5t3F_znJA",
    "size": [
      0.8094053723045923,
      1.0083618395238672,
      1.6300000000000026
    ],
    "obj_class": "pedestrian",
    "point_num_in_lidar": 432,
    "speed": 1.1884407025573493,
    "if_vehicle": false,
    "motion_state": true,
    "pose": [
      [
        0.9999477115032841,
        -0.013753386762279773,
        0.0012694538650007883,
        5.648552647930046
      ],
      [
        0.01375782233262834,
        0.9999482621323021,
        0.0012945837938888503,
        -7.525152171416266
      ],
      [
        -0.0012892729317147077,
        -0.001277017677788322,
        1.000004754371156,
        0.8223880855257448
      ],
      [
        0.0,
        0.0,
        0.0,
        1.0
      ]
    ],
    "location": [
      5.648552647930046,
      -7.525152171416266,
      0.8223880855257448
    ],
    "rotation": [
      -0.001277010912235949,
      0.001289265036480488,
      0.013757673692297714
    ]
  },
  {
    "label_id": "LinZfU-zluGcqLzAeStW8g",
    "size": [
      0.5054790318200174,
      0.10862760562286883,
      0.4322335325982465
    ],
    "obj_class": "sign",
    "point_num_in_lidar": 30,
    "speed": 0.0005837162553714083,
    "if_vehicle": false,
    "motion_state": false,
    "pose": [
      [
        0.19461890172536414,
        0.9809220481155988,
        0.0012694538650007883,
        4.685921908181626
      ],
      [
        -0.9809217863470819,
        0.19462336367044186,
        0.0012945837938888503,
        20.931713622398092
      ],
      [
        0.0010224107928755825,
        -0.001499224803839515,
        1.000004754371156,
        2.917034980368271
      ],
      [
        0.0,
        0.0,
        0.0,
        1.0
      ]
    ],
    "location": [
      4.685921908181626,
      20.931713622398092,
      2.917034980368271
    ],
    "rotation": [
      -0.0014992165527630654,
      -0.0010224044267294233,
      -1.374935758482628
    ]
  },
  {
    "label_id": "MMD9C-pfI8EcfG-gPi3gJQ",
    "size": [
      1.8487968183631371,
      4.512174364374527,
      1.730000000000004
    ],
    "obj_class": "vehicle",
    "point_num_in_lidar": 83,
    "speed": 2.8407637016824485,
    "if_vehicle": true,
    "motion_state": true,
    "pose": [
      [
        0.22847325977783206,
        0.9735936272154719,
        0.0012694538650007883,
        24.67631260064809
      ],
      [
        -0.9735932110787625,
        0.2284777099808467,
        0.0012945837938888503,
        -28.36796544729441
      ],
      [
        0.0009698766256522922,
        -0.0015337334099671455,
        1.000004754371156,
        1.1950348146755232
      ],
      [
        0.0,
        0.0,
        0.0,
        1.0
      ]
    ],
    "location": [
      24.67631260064809,
      -28.36796544729441,
      1.1950348146755232
    ],
    "rotation": [
      -0.0015337249154628962,
      -0.0009698705696974562,
      -1.3402969816784491
    ]
  },
  {
    "label_id": "MV_5Q0rxAuIpiIi20l_8Sw",
    "size": [
      2.072069356398144,
      4.341091663754647,
      1.8400000000000034
    ],
    "obj_class": "vehicle",
    "point_num_in_lidar": 54,
    "speed": 0.0033071543235071387,
    "if_vehicle": true,
    "motion_state": false,
    "pose": [
      [
        -0.26454990136447937,
        -0.9644158496603693,
        0.0012694538650007883,
        11.642819645057898
      ],
      [
        0.9644152681855702,
        -0.26455433299664943,
        0.0012945837938888503,
        57.244241455548035
      ],
      [
        -0.0009121226202050735,
        0.0015687674039022977,
        1.000004754371156,
        0.44514540085765475
      ],
      [
        0.0,
        0.0,
        0.0,
        1.0
      ]
    ],
    "location": [
      11.642819645057898,
      57.244241455548035,
      0.44514540085765475
    ],
    "rotation": [
      0.001568758658527026,
      0.0009121169083456858,
      1.8385220452616053
    ]
  },
  {
    "label_id": "Nd72enoaUv9l45M43pbdYw",
    "size": [
      0.9619118223230915,
      0.7962712858776171,
      1.6499999999999986
    ],
    "obj_class": "pedestrian",
    "point_num_in_lidar": 418,
    "speed": 0.0020826575819822358,
    "if_vehicle": false,
    "motion_state": false,
    "pose": [
      [
        0.9771160568433191,
        -0.21290559609144052,
        0.0012694538650007883,
        5.617066162980336
      ],
      [
        0.21291005236918273,
        0.9771157117848936,
        0.0012945837938888503,
        7.62234620234085
      ],
      [
        -0.0015180588199035084,
        -0.0009942314927366234,
        1.000004754371156,
        0.7163507340643491
      ],
      [
        0.0,
        0.0,
        0.0,
        1.0
      ]
    ],
    "location": [
      5.617066162980336,
      7.62234620234085,
      0.7163507340643491
    ],
    "rotation": [
      -0.0009942264382203944,
      0.0015180496861327642,
      0.21454291712279286
    ]
  },
  {
    "label_id": "RLwpXW5onTXDRmiQoJpcRw",
    "size": [
      0.9158691018675996,
      1.1417508792291562,
      1.8500000000000014
    ],
    "obj_class": "pedestrian",
    "point_num_in_lidar": 1298,
    "speed": 1.4391182454485727,
    "if_vehicle": false,
    "motion_state": true,
    "pose": [
      [
        0.4344371978465269,
        0.9007490785537032,
        0.0012694538650007883,
        5.9925094010613975
      ],
      [
        -0.9007477059858482,
        0.4344414514960324,
        0.0012945837938888503,
        0.19690828126476845
      ],
      [
        0.0006136837353962573,
        -0.00170774445241266,
        1.000004754371156,
        0.9398829780693632
      ],
      [
        0.0,
        0.0,
        0.0,
        1.0
      ]
    ],
    "location": [
      5.9925094010613975,
      0.19690828126476845,
      0.9398829780693632
    ],
    "rotation": [
      -0.0017077346730766298,
      -0.0006136798458358103,
      -1.121402793012984
    ]
  },
  {
    "label_id": "Rq5V6L3mDygKo0QPfbHovw",
    "size": [
      1.8888181910691892,
      4.636756789517779,
      1.3600000000000065
    ],
    "obj_class": "vehicle",
    "point_num_in_lidar": 478,
    "speed": 1.9336302466786406,
    "if_vehicle": true,
    "motion_state": true,
    "pose": [
      [
        0.23076826871046324,
        0.9730522018599327,
        0.0012694538650007883,
        21.788652923300106
      ],
      [
        -0.9730517752312114,
        0.2307727179198949,
        0.0012945837938888503,
        -14.054681271358277
      ],
      [
        0.0009662575274724951,
        -0.0015360160261009208,
        1.000004754371156,
        0.8666851350632214
      ],
      [
        0.0,
        0.0,
        0.0,
        1.0
      ]
    ],
    "location": [
      21.788652923300106,
      -14.054681271358277,
      0.8666851350632214
    ],
    "rotation": [
      -0.001536007515366928,
      -0.0009662514929870601,
      -1.337939068265578
    ]
  },
  {
    "label_id": "SQQ6HVe8YtnoiVO4yfPY2Q",
    "size": [
      1.927476705803068,
      4.326488639833419,
      1.3500000000000014
    ],
    "obj_class": "vehicle",
    "point_num_in_lidar": 61,
    "speed": 3.5950934718225418e-12,
    "if_vehicle": true,
    "motion_state": false,
    "pose": [
      [
        -0.20668327972221542,
        -0.9784511246206202,
        0.0012694538650007883,
        29.322868005547207
      ],
      [
        0.9784508079272861,
        -0.2066877381055508,
        0.0012945837938888503,
        -18.481627590248536
      ],
      [
        -0.0010038717266793176,
        0.001511701160352141,
        1.000004754371156,
        0.9200925550937882
      ],
      [
        0.0,
        0.0,
        0.0,
        1.0
      ]
    ],
    "location": [
      29.322868005547207,
      -18.481627590248536,
      0.9200925550937882
    ],
    "rotation": [
      0.0015116928216824005,
      0.001003865469683541,
      1.778971282097037
    ]
  },
  {
    "label_id": "UMM0XzCyaXFdt743gKi7vA",
    "size": [
      2.0189343276456255,
      4.470248932210846,
      1.7100000000000009
    ],
    "obj_class": "vehicle",
    "point_num_in_lidar": 20,
    "speed": 0.003492213959009274,
    "if_vehicle": true,
    "motion_state": false,
    "pose": [
      [
        -0.2294435183485284,
        -0.9733654263820636,
        0.0012694538650007883,
        17.005753275989264
      ],
      [
        0.9733650058100832,
        -0.22944796813457294,
        0.0012945837938888503,
        33.55618356008199
      ],
      [
        -0.0009683474855581517,
        0.0015346993155173217,
        1.000004754371156,
        0.791241122863994
      ],
      [
        0.0,
        0.0,
        0.0,
        1.0
      ]
    ],
    "location": [
      17.005753275989264,
      33.55618356008199,
      0.791241122863994
    ],
    "rotation": [
      0.0015346908141472908,
      0.0009683414386730125,
      1.8022923645456088
    ]
  },
  {
    "label_id": "WRasNf5aFU5EQsYKqc3aig",
    "size": [
      0.8642005477272087,
      0.9213117662531766,
      1.6099999999999994
    ],
    "obj_class": "pedestrian",
    "point_num_in_lidar": 291,
    "speed": 1.2277936894931272,
    "if_vehicle": false,
    "motion_state": true,
    "pose": [
      [
        0.9985538466637233,
        -0.05454169690401468,
        0.0012694538650007883,
        0.2386305321342661
      ],
      [
        0.054546151247376426,
        0.9985542158545252,
        0.0012945837938888503,
        -9.826438436459284
      ],
      [
        -0.0013403040405921209,
        -0.0012233494678989148,
        1.000004754371156,
        0.7350446348490323
      ],
      [
        0.0,
        0.0,
        0.0,
        1.0
      ]
    ],
    "location": [
      0.2386305321342661,
      -9.826438436459284,
      0.7350446348490323
    ],
    "rotation": [
      -0.0012233430413966814,
      0.0013402958628296266,
      0.05457091253762475
    ]
  },
  {
    "label_id": "Wc72pGuPCXfpIpqhr-sJew",
    "size": [
      0.9748219167129797,
      1.4516448810316316,
      1.6099999999999994
    ],
    "obj_class": "pedestrian",
    "point_num_in_lidar": 114,
    "speed": 1.2532865147402137,
    "if_vehicle": false,
    "motion_state": true,
    "pose": [
      [
        0.9962743986326451,
        -0.08672891108073191,
        0.0012694538650007883,
        26.640165169344982
      ],
      [
        0.08673337501626112,
        0.9962746239240644,
        0.0012945837938888503,
        14.859541030273249
      ],
      [
        -0.0013790743507662933,
        -0.0011794713972346476,
        1.000004754371156,
        1.1371551146098682
      ],
      [
        0.0,
        0.0,
        0.0,
        1.0
      ]
    ],
    "location": [
      26.640165169344982,
      14.859541030273249,
      1.1371551146098682
    ],
    "rotation": [
      -0.0011794652426831388,
      0.0013790659606821923,
      0.08683877398461878
    ]
  },
  {
    "label_id": "XzMQXo511mOTZ9b8qsu5-g",
    "size": [
      1.7372453811588713,
      3.7302123275017713,
      1.2000000000000028
    ],
    "obj_class": "vehicle",
    "point_num_in_lidar": 26,
    "speed": 0.0025253239002089307,
    "if_vehicle": true,
    "motion_state": false,
    "pose": [
      [
        -0.7109053365479534,
        0.7033478398742182,
        0.0012694538650007883,
        17.84861217647267
      ],
      [
        -0.7033514174642685,
        -0.7109026573081239,
        0.0012945837938888503,
        66.31524259795697
      ],
      [
        0.0018144760871533058,
        2.5987900741739355e-05,
        1.000004754371156,
        0.4142552654516294
      ],
      [
        0.0,
        0.0,
        0.0,
        1.0
      ]
    ],
    "location": [
      17.84861217647267,
      66.31524259795697,
      0.4142552654516294
    ],
    "rotation": [
      2.598777718035068e-05,
      -0.0018144654686404352,
      -2.3615357036799027
    ]
  },
  {
    "label_id": "Y_9VwrgCiCR7GJmciwJvfw",
    "size": [
      0.4863885741942772,
      0.12473852654514349,
      0.6300000000000026
    ],
    "obj_class": "sign",
    "point_num_in_lidar": 20,
    "speed": 3.410605131648481e-12,
    "if_vehicle": false,
    "motion_state": false,
    "pose": [
      [
        0.17203705133075495,
        0.9851334094210323,
        0.0012694538650007883,
        24.99687915721006
      ],
      [
        -0.9851332502066642,
        0.17204151811118584,
        0.0012945837938888503,
        13.261212751931453
      ],
      [
        0.001056576313950093,
        -0.0014753458356045726,
        1.000004754371156,
        2.6435089903885682
      ],
      [
        0.0,
        0.0,
        0.0,
        1.0
      ]
    ],
    "location": [
      24.99687915721006,
      13.261212751931453,
      2.6435089903885682
    ],
    "rotation": [
      -0.001475337750878024,
      -0.001056569747576614,
      -1.3979065048076336
    ]
  },
  {
    "label_id": "Z9OsRYR58DxyfT5G8nd1sw",
    "size": [
      0.9114227453862954,
      0.9160872246739158,
      1.9500000000000028
    ],
    "obj_class": "pedestrian",
    "point_num_in_lidar": 540,
    "speed": 0.007301390216936854,
    "if_vehicle": false,
    "motion_state": false,
    "pose": [
      [
        -0.37779186674337484,
        0.9259362217834682,
        0.0012694538650007883,
        6.4597397475808975
      ],
      [
        -0.9259384606744706,
        -0.37778799830134835,
        0.0012945837938888503,
        8.211096175851708
      ],
      [
        0.00167906773842796,
        -0.0006882807360420151,
        1.000004754371156,
        0.8641654305735074
      ],
      [
        0.0,
        0.0,
        0.0,
        1.0
      ]
    ],
    "location": [
      6.4597397475808975,
      8.211096175851708,
      0.8641654305735074
    ],
    "rotation": [
      -0.000688277355030579,
      -0.001679057779959862,
      -1.9581884839559571
    ]
  },
  {
    "label_id": "ZKnwPv8__s8nBMx_x1Kjmg",
    "size": [
      0.9160450749786012,
      0.6962191468794218,
      1.5799999999999983
    ],
    "obj_class": "pedestrian",
    "point_num_in_lidar": 26,
    "speed": 1.430054508445258,
    "if_vehicle": false,
    "motion_state": true,
    "pose": [
      [
        0.28495120495159076,
        0.9585861422870271,
        0.0012694538650007883,
        35.712550855205336
      ],
      [
        -0.9585854669225087,
        0.28495562324983786,
        0.0012945837938888503,
        -32.49936752773647
      ],
      [
        0.0008786346723829288,
        -0.0015877657114079095,
        1.000004754371156,
        1.3594195559652462
      ],
      [
        0.0,
        0.0,
        0.0,
        1.0
      ]
    ],
    "location": [
      35.712550855205336,
      -32.49936752773647,
      1.3594195559652462
    ],
    "rotation": [
      -0.0015877568283849182,
      -0.0008786291614488736,
      -1.281853183236398
    ]
  },
  {
    "label_id": "Zf_0k6PmuzbSRQRWpdsKQg",
    "size": [
      1.926300938530068,
      4.30626809851573,
      1.480000000000004
    ],
    "obj_class": "vehicle",
    "point_num_in_lidar": 838,
    "speed": 2.1292022534955644,
    "if_vehicle": true,
    "motion_state": true,
    "pose": [
      [
        -0.5335500168714977,
        -0.8458185153355964,
        0.0012694538650007883,
        18.31478358864115
      ],
      [
        0.8458166703636156,
        -0.5335540879346294,
        0.0012945837938888503,
        14.934820949056302
      ],
      [
        -0.0004165467123816209,
        0.0017662071447710156,
        1.000004754371156,
        0.9528984923002781
      ],
      [
        0.0,
        0.0,
        0.0,
        1.0
      ]
    ],
    "location": [
      18.31478358864115,
      14.934820949056302,
      0.9528984923002781
    ],
    "rotation": [
      0.0017661969110824578,
      0.0004165440581866043,
      2.1335630551448843
    ]
  },
  {
    "label_id": "Zfh8PMMz_gcqeqExLpq5tQ",
    "size": [
      1.8903948451336383,
      4.104269830155506,
      1.3600000000000065
    ],
    "obj_class": "vehicle",
    "point_num_in_lidar": 35,
    "speed": 1.1368683772161603e-12,
    "if_vehicle": true,
    "motion_state": false,
    "pose": [
      [
        0.9620071505068373,
        -0.2731791056464668,
        0.0012694538650007883,
        69.21530495005572
      ],
      [
        0.2731835318915965,
        0.962006529354131,
        0.0012945837938888503,
        10.47032557669445
      ],
      [
        -0.0015768757967283813,
        -0.0008980320503903807,
        1.000004754371156,
        0.824965610726963
      ],
      [
        0.0,
        0.0,
        0.0,
        1.0
      ]
    ],
    "location": [
      69.21530495005572,
      10.47032557669445,
      0.824965610726963
    ],
    "rotation": [
      -0.0008980275394271183,
      0.0015768663569111685,
      0.2766885469720077
    ]
  },
  {
    "label_id": "ZijCE1sh3tPNneGP7MwI4w",
    "size": [
      0.7479590980610826,
      0.5607518156480158,
      1.75
    ],
    "obj_class": "pedestrian",
    "point_num_in_lidar": 46,
    "speed": 1.185164108384774,
    "if_vehicle": false,
    "motion_state": true,
    "pose": [
      [
        -0.28035819550104557,
        -0.9599395103877565,
        0.0012694538650007883,
        33.457039889086445
      ],
      [
