[
  {
    "label_id": "1XGa86vdVK8I7WhqZCOcOQ",
    "size": [
      1.938880482546106,
      4.415578465873616,
      1.6900000000000048
    ],
    "obj_class": "vehicle",
    "point_num_in_lidar": 39,
    "speed": 1.1368683772161603e-12,
    "if_vehicle": true,
    "motion_state": false,
    "pose": [
      [
        -0.2066641840682146,
        -0.9784545965006377,
        -0.0016463630816988628,
        30.324728872641572
      ],
      [
        0.9784549340706036,
        -0.2066714394450376,
        0.0005819575188010293,
        -24.122918183762522
      ],
      [
        -0.0009092481959598493,
        -0.0014883468128167902,
        1.0000048799157137,
        1.1161911756321388
      ],
      [
        0.0,
        0.0,
        0.0,
        1.0
      ]
    ],
    "location": [
      30.324728872641572,
      -24.122918183762522,
      1.1161911756321388
    ],
    "rotation": [
      -0.0014883384508792862,
      0.0009092425013072074,
      1.7789517467761062
    ]
  },
  {
    "label_id": "2kx3n6sQg97wQoT2iuuqkw",
    "size": [
      1.9436068624993115,
      4.581826043400449,
      1.470000000000006
    ],
    "obj_class": "vehicle",
    "point_num_in_lidar": 70,
    "speed": 1.1368683772161603e-12,
    "if_vehicle": true,
    "motion_state": false,
    "pose": [
      [
        0.9673926380276286,
        -0.2534461802429705,
        -0.0016463630816988628,
        38.07406878467009
      ],
      [
        0.25345344345950366,
        0.9673926265420434,
        0.0005819575188010293,
        3.4862832400613115
      ],
      [
        0.0014429322546682616,
        -0.0009797219123384503,
        1.0000048799157137,
        0.9435772680036507
      ],
      [
        0.0,
        0.0,
        0.0,
        1.0
      ]
    ],
    "location": [
      38.07406878467009,
      3.4862832400613115,
      0.9435772680036507
    ],
    "rotation": [
      -0.0009797168179425282,
      -0.001442923519419228,
      0.25623718951001445
    ]
  },
  {
    "label_id": "3NGaBQl276KzZKljja6dOA",
    "size": [
      0.7299292117232216,
      0.694010124373706,
      1.1000000000000014
    ],
    "obj_class": "pedestrian",
    "point_num_in_lidar": 173,
    "speed": 0.0016445852252359708,
    "if_vehicle": false,
    "motion_state": false,
    "pose": [
      [
        0.7397911546393993,
        0.6728986029909045,
        -0.0016463630816988628,
        2.6385610664001433
      ],
      [
        -0.6728946343316302,
        0.7397972377463266,
        0.0005819575188010293,
        12.670735915344267
      ],
      [
        0.0016078962672689343,
        0.0006757056391512235,
        1.0000048799157137,
        0.7077947215855147
      ],
      [
        0.0,
        0.0,
        0.0,
        1.0
      ]
    ],
    "location": [
      2.6385610664001433,
      12.670735915344267,
      0.7077947215855147
    ],
    "rotation": [
      0.0006757022389448136,
      -0.0016078866682250226,
      -0.7380793719469373
    ]
  },
  {
    "label_id": "3P6tBBZUHGg_gbV4OhqorA",
    "size": [
      0.827509600560532,
      0.8398197400242338,
      1.6499999999999986
    ],
    "obj_class": "pedestrian",
    "point_num_in_lidar": 116,
    "speed": 1.4400332473372701,
    "if_vehicle": false,
    "motion_state": true,
    "pose": [
      [
        0.3129825953314441,
        0.9498028097502136,
        -0.0016463630816988628,
        9.927170056012983
      ],
      [
        -0.9498023476188121,
        0.3129898438403179,
        0.0005819575188010293,
        -10.280724841242773
      ],
      [
        0.0010673651904923578,
        0.0013793621958004207,
        1.0000048799157137,
        0.8848142591368742
      ],
      [
        0.0,
        0.0,
        0.0,
        1.0
      ]
    ],
    "location": [
      9.927170056012983,
      -10.280724841242773,
      0.8848142591368742
    ],
    "rotation": [
      0.0013793545898658924,
      -0.0010673585611449077,
      -1.2524781511496572
    ]
  },
  {
    "label_id": "4JRTQZlhJCGV0xv6XMfMIw",
    "size": [
      2.1256513865935984,
      4.668043267308801,
      1.6099999999999994
    ],
    "obj_class": "vehicle",
    "point_num_in_lidar": 100,
    "speed": 6.629024818318272e-12,
    "if_vehicle": true,
    "motion_state": false,
    "pose": [
      [
        0.1752281951543356,
        0.9845702422949622,
        -0.0016463630816988628,
        21.038530629732122
      ],
      [
        -0.9845708120082711,
        0.17523543600187386,
        0.0005819575188010293,
        48.92433482968772
      ],
      [
        0.0008611252465047192,
        0.001516697671558285,
        1.0000048799157137,
        0.9532368023650406
      ],
      [
        0.0,
        0.0,
        0.0,
        1.0
      ]
    ],
    "location": [
      21.038530629732122,
      48.92433482968772,
      0.9532368023650406
    ],
    "rotation": [
      0.001516689107266702,
      -0.000861119841020641,
      -1.3946663106303467
    ]
  },
  {
    "label_id": "50vFTXzPARJLsyl_rL8FYw",
    "size": [
      0.9071328832460887,
      0.8769552914394498,
      1.8200000000000003
    ],
    "obj_class": "pedestrian",
    "point_num_in_lidar": 131,
    "speed": 1.1636666771329265,
    "if_vehicle": false,
    "motion_state": true,
    "pose": [
      [
        -0.8098827794050082,
        0.5866629066278398,
        -0.0016463630816988628,
        22.417770647924044
      ],
      [
        -0.5866696723973729,
        -0.8098801376614644,
        0.0005819575188010293,
        -12.20476471906295
      ],
      [
        -0.0009900386229862745,
        0.0014358732681102374,
        1.0000048799157137,
        1.0821454658745324
      ],
      [
        0.0,
        0.0,
        0.0,
        1.0
      ]
    ],
    "location": [
      22.417770647924044,
      -12.20476471906295,
      1.0821454658745324
    ],
    "rotation": [
      0.0014358652744242651,
      0.0009900324476592307,
      -2.5146854775942753
    ]
  },
  {
    "label_id": "51XfsSndNbxOYol5ZhZdTA",
    "size": [
      1.8797856288791186,
      4.076636714678694,
      1.3999999999999986
    ],
    "obj_class": "vehicle",
    "point_num_in_lidar": 43,
    "speed": 1.6077746776921857e-12,
    "if_vehicle": true,
    "motion_state": false,
    "pose": [
      [
        -0.980382737028992,
        0.1973149039615325,
        -0.0016463630816988628,
        24.619447444209072
      ],
      [
        -0.19732215578552045,
        -0.9803831438399724,
        0.0005819575188010293,
        44.401292365801055
      ],
      [
        -0.0014969582573853223,
        0.0008949997166055561,
        1.0000048799157137,
        0.9143275007482998
      ],
      [
        0.0,
        0.0,
        0.0,
        1.0
      ]
    ],
    "location": [
      24.619447444209072,
      44.401292365801055,
      0.9143275007482998
    ],
    "rotation": [
      0.0008949951101350702,
      0.0014969492346991384,
      -2.9429757266574663
    ]
  },
  {
    "label_id": "7tOgwMtQQau9C7cR3nDM_A",
    "size": [
      2.1995109981502607,
      4.668562141136059,
      1.6400000000000006
    ],
    "obj_class": "vehicle",
    "point_num_in_lidar": 138,
    "speed": 0.021749662870241066,
    "if_vehicle": true,
    "motion_state": false,
    "pose": [
      [
        -0.23363176071006944,
        -0.9723680798840116,
        -0.0016463630816988628,
        33.33865052025794
      ],
      [
        0.9723682167710865,
        -0.2336390226456416,
        0.0005819575188010293,
        -36.02097024244722
      ],
      [
        -0.0009500417990234616,
        -0.0014626445559965692,
        1.0000048799157137,
        1.408834122914982
      ],
      [
        0.0,
        0.0,
        0.0,
        1.0
      ]
    ],
    "location": [
      33.33865052025794,
      -36.02097024244722,
      1.408834122914982
    ],
    "rotation": [
      -0.0014626363754398366,
      0.0009500358608885216,
      1.8065974126073507
    ]
  },
  {
    "label_id": "8bU9YqZGCj5wFCjrgGqXyA",
    "size": [
      0.3109838342945244,
      0.08639544551842648,
      0.6700000000000017
    ],
    "obj_class": "sign",
    "point_num_in_lidar": 22,
    "speed": 2.5421149729252077e-12,
    "if_vehicle": false,
    "motion_state": false,
    "pose": [
      [
        0.09913903417540174,
        0.9951155381625669,
        -0.0016463630816988628,
        21.21882398572052
      ],
      [
        -0.9951166619776132,
        0.09914620993223063,
        0.0005819575188010293,
        22.929529263165023
      ],
      [
        0.0007421683311457486,
        0.0015783202100088792,
        1.0000048799157137,
        2.9854441019144815
      ],
      [
        0.0,
        0.0,
        0.0,
        1.0
      ]
    ],
    "location": [
      21.21882398572052,
      22.929529263165023,
      2.9854441019144815
    ],
    "rotation": [
      0.00157831119741632,
      -0.0007421636487910096,
      -1.4714984411421919
    ]
  },
  {
    "label_id": "9VwGco63NvqDkOZ7SoAOWQ",
    "size": [
      2.138843372978802,
      4.855035932090138,
      1.5600000000000023
    ],
    "obj_class": "vehicle",
    "point_num_in_lidar": 1197,
    "speed": 1.036635188572788,
    "if_vehicle": true,
    "motion_state": true,
    "pose": [
      [
        0.2117697965904723,
        0.9773622847449336,
        -0.0016463630816988628,
        13.953390011687588
      ],
      [
        -0.9773625844305867,
        0.21177705363083565,
        0.0005819575188010293,
        15.906962686072802
      ],
      [
        0.0009170063372936654,
        0.0014835794196609079,
        1.0000048799157137,
        0.8724567312922318
      ],
      [
        0.0,
        0.0,
        0.0,
        1.0
      ]
    ],
    "location": [
      13.953390011687588,
      15.906962686072802,
      0.8724567312922318
    ],
    "rotation": [
      0.001483571091514415,
      -0.0009170005962168879,
      -1.3574199608925275
    ]
  },
  {
    "label_id": "C4lVCY0U7eKSegXd8LC_FQ",
    "size": [
      0.901877214506388,
      0.944866519994953,
      1.3999999999999986
    ],
    "obj_class": "pedestrian",
    "point_num_in_lidar": 58,
    "speed": 0.0023112134788220665,
    "if_vehicle": false,
    "motion_state": false,
    "pose": [
      [
        0.17201784508012377,
        0.985136205488255,
        -0.0016463630816988628,
        34.11225851240306
      ],
      [
        -0.9851367988016417,
        0.1720250840320887,
        0.0005819575188010293,
        17.976285625147284
      ],
      [
        0.0008561766681849114,
        0.0015194966370261952,
        1.0000048799157137,
        1.0058163172049035
      ],
      [
        0.0,
        0.0,
        0.0,
        1.0
      ]
    ],
    "location": [
      34.11225851240306,
      17.976285625147284,
      1.0058163172049035
    ],
    "rotation": [
      0.0015194880526255218,
      -0.0008561712925515757,
      -1.3979260343641022
    ]
  },
  {
    "label_id": "CpPxlJb2rlUaBE-2xJoBWw",
    "size": [
      0.7881720903959748,
      0.994941850972178,
      1.8900000000000006
    ],
    "obj_class": "pedestrian",
    "point_num_in_lidar": 231,
    "speed": 0.8894209171865529,
    "if_vehicle": false,
    "motion_state": false,
    "pose": [
      [
        -0.713229225122163,
        -0.7009904099354323,
        -0.0016463630816988628,
        6.617548192880349
      ],
      [
        0.7009866793681084,
        -0.7132354570812264,
        0.0005819575188010293,
        9.075159985557548
      ],
      [
        -0.0015805771212672958,
        -0.0007373496326740243,
        1.0000048799157137,
        0.8701655195426383
      ],
      [
        0.0,
        0.0,
        0.0,
        1.0
      ]
    ],
    "location": [
      6.617548192880349,
      9.075159985557548,
      0.8701655195426383
    ],
    "rotation": [
      -0.0007373459008610066,
      0.0015805676623710401,
      2.3648510467416695
    ]
  },
  {
    "label_id": "DnS7Up19TsoNk12Ymz9Ndg",
    "size": [
      1.9636513337589654,
      4.880426123448928,
      1.5200000000000031
    ],
    "obj_class": "vehicle",
    "point_num_in_lidar": 106,
    "speed": 1.0717154232316957,
    "if_vehicle": true,
    "motion_state": true,
    "pose": [
      [
        -0.6672572855148329,
        -0.7448833447709671,
        -0.0016463630816988628,
        15.52526253664837
      ],
      [
        0.7448800176321364,
        -0.6672637418755357,
        0.0005819575188010293,
        29.183219735008606
      ],
      [
        -0.0015305435140450597,
        -0.0008362685386242486,
        1.0000048799157137,
        0.782428242699325
      ],
      [
        0.0,
        0.0,
        0.0,
        1.0
      ]
    ],
    "location": [
      15.52526253664837,
      29.183219735008606,
      0.782428242699325
    ],
    "rotation": [
      -0.0008362642627803568,
      0.0015305343148659144,
      2.3012814912292416
    ]
  },
  {
    "label_id": "EMpodh1TjmNyW98IZUh2MA",
    "size": [
      2.1737203176307114,
      4.530987525728997,
      1.8900000000000006
    ],
    "obj_class": "vehicle",
    "point_num_in_lidar": 242,
    "speed": 2.5421149729252077e-12,
    "if_vehicle": true,
    "motion_state": false,
    "pose": [
      [
        -0.6127367393170005,
        0.7903399083185517,
        -0.0016463630816988628,
        16.576357195488526
      ],
      [
        -0.79034566104792,
        -0.6127323052949954,
        0.0005819575188010293,
        -18.113456064165803
      ],
      [
        -0.0005473759710148275,
        0.001655985526335817,
        1.0000048799157137,
        0.8932764402625253
      ],
      [
        0.0,
        0.0,
        0.0,
        1.0
      ]
    ],
    "location": [
      16.576357195488526,
      -18.113456064165803,
      0.8932764402625253
    ],
    "rotation": [
      0.0016559759316003304,
      0.0005473724946931849,
      -2.230279371040966
    ]
  },
  {
    "label_id": "FRk_wv4gWEdPQOAxAVKlJw",
    "size": [
      2.037549030955153,
      4.4473342942274545,
      1.3600000000000065
    ],
    "obj_class": "vehicle",
    "point_num_in_lidar": 62,
    "speed": 0.0015886593313549167,
    "if_vehicle": true,
    "motion_state": false,
    "pose": [
      [
        -0.974929798174602,
        0.2227001819061591,
        -0.0016463630816988628,
        34.707197913237906
      ],
      [
        -0.22270744184720095,
        -0.9749300165833796,
        0.0005819575188010293,
        12.967089606259833
      ],
      [
        -0.0014732185669527696,
        0.0009335606949008541,
        1.0000048799157137,
        0.9681276032031292
      ],
      [
        0.0,
        0.0,
        0.0,
        1.0
      ]
    ],
    "location": [
      34.707197913237906,
      12.967089606259833,
      0.9681276032031292
    ],
    "rotation": [
      0.0009335558680192417,
      0.0014732096700411867,
      -2.9170117741217467
    ]
  },
  {
    "label_id": "GsCzF8GSnnWdvaGVsW2nYA",
    "size": [
      0.9597441527345829,
      0.9549516162441378,
      1.7999999999999972
    ],
    "obj_class": "pedestrian",
    "point_num_in_lidar": 90,
    "speed": 1.2543437716498467,
    "if_vehicle": false,
    "motion_state": true,
    "pose": [
      [
        0.2922086701398282,
        0.9563982305948291,
        -0.0016463630816988628,
        11.01470452643116
      ],
      [
        -0.9563979265440374,
        0.2922159269986143,
        0.0005819575188010293,
        -13.233290561933245
      ],
      [
        0.0010370504630096802,
        0.0014022962790543024,
        1.0000048799157137,
        0.9458214803310057
      ],
      [
        0.0,
        0.0,
        0.0,
        1.0
      ]
    ],
    "location": [
      11.01470452643116,
      -13.233290561933245,
      0.9458214803310057
    ],
    "rotation": [
      0.0014022885168398296,
      -0.0010370440109191607,
      -1.2742734975542855
    ]
  },
  {
    "label_id": "IlvD3LQihY_gza6wNBNkbw",
    "size": [
      2.230414300201962,
      4.640428889590738,
      1.6000000000000014
    ],
    "obj_class": "vehicle",
    "point_num_in_lidar": 55,
    "speed": 2.5421149729252077e-12,
    "if_vehicle": true,
    "motion_state": false,
    "pose": [
      [
        -0.5955879294544844,
        0.803342081978734,
        -0.0016463630816988628,
        17.02719780364714
      ],
      [
        -0.8033477379625481,
        -0.5955833726690583,
        0.0005819575188010293,
        -22.735622321022674
      ],
      [
        -0.0005116148985547954,
        0.0016673807941363931,
        1.0000048799157137,
        0.7736628109606727
      ],
      [
        0.0,
        0.0,
        0.0,
        1.0
      ]
    ],
    "location": [
      17.02719780364714,
      -22.735622321022674,
      0.7736628109606727
    ],
    "rotation": [
      0.0016673711123291455,
      0.0005116116461184615,
      -2.208759364387128
    ]
  },
  {
    "label_id": "JKMgfkGQyJGWNzwnfDn1zw",
    "size": [
      0.8008319961445137,
      0.0756255792536936,
      0.7500000000000071
    ],
    "obj_class": "sign",
    "point_num_in_lidar": 42,
    "speed": 3.5950934718225418e-12,
    "if_vehicle": false,
    "motion_state": false,
    "pose": [
      [
        0.24048684636171141,
        0.9706953997608133,
        -0.0016463630816988628,
        28.180971144349314
      ],
      [
        -0.9706954854052173,
        0.2404941090823698,
        0.0005819575188010293,
        -5.518138137922506
      ],
      [
        0.00096033837752499,
        0.0014559047763266668,
        1.0000048799157137,
        2.865219625411669
      ],
      [
        0.0,
        0.0,
        0.0,
        1.0
      ]
    ],
    "location": [
      28.180971144349314,
      -5.518138137922506,
      2.865219625411669
    ],
    "rotation": [
      0.0014558966430113585,
      -0.0009603323781806966,
      -1.327939302416827
    ]
  },
  {
    "label_id": "JhuATVQ6GWJyuhtPZT24-w",
    "size": [
      0.5237660962261295,
      0.06947402624494387,
      0.5500000000000043
    ],
    "obj_class": "sign",
    "point_num_in_lidar": 20,
    "speed": 2.2737367544323206e-12,
    "if_vehicle": false,
    "motion_state": false,
    "pose": [
      [
        -0.9913730731041906,
        0.13138840250859155,
        -0.0016463630816988628,
        38.702531534596346
      ],
      [
        -0.13139561096323105,
        -0.9913739634007908,
        0.0005819575188010293,
        1.3982710173004307
      ],
      [
        -0.0015533975784593796,
        0.0007930097605418692,
        1.0000048799157137,
        3.4492385379982125
      ],
      [
        0.0,
        0.0,
        0.0,
        1.0
      ]
    ],
    "location": [
      38.702531534596346,
      1.3982710173004307,
      3.4492385379982125
    ],
    "rotation": [
      0.0007930057245105678,
      0.0015533882601652437,
      -3.009821645779319
    ]
  },
  {
    "label_id": "JoKbZ8BD1ksyS72fvT2i7A",
    "size": [
      2.0651476504465647,
      4.299376155488723,
      1.720000000000006
    ],
    "obj_class": "vehicle",
    "point_num_in_lidar": 65,
    "speed": 2.5421149729252077e-12,
    "if_vehicle": true,
    "motion_state": false,
    "pose": [
      [
        -0.5430240277349664,
        0.8397668650835786,
        -0.0016463630816988628,
        16.857041868956003
      ],
      [
        -0.839772218252875,
        -0.5430191187610606,
        0.0005819575188010293,
        69.86738871852867
      ],
      [
        -0.00040399712633753593,
        0.001696671694521114,
        1.0000048799157137,
        0.5769047836172376
      ],
      [
        0.0,
        0.0,
        0.0,
        1.0
      ]
    ],
    "location": [
      16.857041868956003,
      69.86738871852867,
      0.5769047836172376
    ],
    "rotation": [
      0.0016966617869066173,
      0.00040399455141391157,
      -2.144800608237107
    ]
  },
  {
    "label_id": "K-eppQ_Y2mxaYi38LjA21Q",
    "size": [
      2.1091266235449164,
      4.81993915668481,
      1.500000000000007
    ],
    "obj_class": "vehicle",
    "point_num_in_lidar": 821,
    "speed": 2.2250682770211596,
    "if_vehicle": true,
    "motion_state": true,
    "pose": [
      [
        -0.9351854878287826,
        -0.35427614334618807,
        -0.0016463630816988628,
        23.133564402582124
      ],
      [
        0.35427021837520206,
        -0.9351896889197293,
        0.0005819575188010293,
        9.937882853824703
      ],
      [
        -0.0017436895024091027,
        -3.815018042467989e-05,
        1.0000048799157137,
        1.005849851789435
      ],
      [
        0.0,
        0.0,
        0.0,
        1.0
      ]
    ],
    "location": [
      23.133564402582124,
      9.937882853824703,
      1.005849851789435
    ],
    "rotation": [
      -3.814999423741533e-05,
      0.0017436792249509864,
      2.779474114580574
    ]
  },
  {
    "label_id": "KOEE6quaGGyBFe93Q79Llg",
    "size": [
      0.8525538981939227,
      1.2101923106300116,
      1.8200000000000003
    ],
    "obj_class": "pedestrian",
    "point_num_in_lidar": 363,
    "speed": 1.7400799039851678,
    "if_vehicle": false,
    "motion_state": true,
    "pose": [
      [
        0.18596441298962138,
        0.9825989616782792,
        -0.0016463630816988628,
        10.797518387014861
      ],
      [
        -0.9825994523232677,
        0.18597165962427625,
        0.0005819575188010293,
        -6.895600330630259
      ],
      [
        0.0008776288145462813,
        0.0015072080748709618,
        1.0000048799157137,
        1.0004426482212239
      ],
      [
        0.0,
        0.0,
        0.0,
        1.0
      ]
    ],
    "location": [
      10.797518387014861,
      -6.895600330630259,
      1.0004426482212239
    ],
    "rotation": [
      0.001507199578580521,
      -0.0008776233096627324,
      -1.3837510119736742
    ]
  },
  {
    "label_id": "KbMLXJEn2w0pC4MSAuldSQ",
    "size": [
      1.9351478814685135,
      4.515592189324639,
      1.4500000000000028
    ],
    "obj_class": "vehicle",
    "point_num_in_lidar": 41,
    "speed": 2.5421149729252077e-12,
    "if_vehicle": true,
    "motion_state": false,
    "pose": [
      [
        -0.980138360284936,
        0.1985252555413635,
        -0.0016463630816988628,
        40.99679913131695
      ],
      [
        -0.19853250786212281,
        -0.9801387581416059,
        0.0005819575188010293,
        14.429057325694885
      ],
      [
        -0.001495852038763961,
        0.0008968473644962317,
        1.0000048799157137,
        0.9040685028231792
      ],
      [
        0.0,
        0.0,
        0.0,
        1.0
      ]
    ],
    "location": [
      40.99679913131695,
      14.429057325694885,
      0.9040685028231792
    ],
    "rotation": [
      0.0008968427475263782,
      0.0014958430219199675,
      -2.9417410037382763
    ]
  },
  {
    "label_id": "LZxOUoMGi7vtc5t3F_znJA",
    "size": [
      0.8094053723091527,
      1.0083618395238672,
      1.6300000000000026
    ],
    "obj_class": "pedestrian",
    "point_num_in_lidar": 357,
    "speed": 1.1819776082811086,
    "if_vehicle": false,
    "motion_state": true,
    "pose": [
      [
        0.7794951819298982,
        0.6264748548328829,
        -0.0016463630816988628,
        8.456711078659282
      ],
      [
        -0.626470522170129,
        0.7795010113792535,
        0.0005819575188010293,
        -8.284351494839939
      ],
      [
        0.001646152115634956,
        0.0005762740053730463,
        1.0000048799157137,
        0.8555534011672989
      ],
      [
        0.0,
        0.0,
        0.0,
        1.0
      ]
    ],
    "location": [
      8.456711078659282,
      -8.284351494839939,
      0.8555534011672989
    ],
    "rotation": [
      0.0005762711294271981,
      -0.0016461423223592786,
      -0.6769853675707327
    ]
  },
  {
    "label_id": "LinZfU-zluGcqLzAeStW8g",
    "size": [
      0.5054790318200176,
      0.10862760562286883,
      0.4322335325982465
    ],
    "obj_class": "sign",
    "point_num_in_lidar": 39,
    "speed": 0.0005837162585983269,
    "if_vehicle": false,
    "motion_state": false,
    "pose": [
      [
        0.1945997647636692,
        0.980925284587838,
        -0.0016463630816988628,
        4.687353338711546
      ],
      [
        -0.9809257114753639,
        0.19460701543352557,
        0.0005819575188010293,
        20.931997485815373
      ],
      [
        0.0008908516621003032,
        0.0014994305029614628,
        1.0000048799157137,
        2.9170592416878662
      ],
      [
        0.0,
        0.0,
        0.0,
        1.0
      ]
    ],
    "location": [
      4.687353338711546,
      20.931997485815373,
      2.9170592416878662
    ],
    "rotation": [
      0.001499422062201545,
      -0.0008908460777490272,
      -1.3749552926047826
    ]
  },
  {
    "label_id": "MMD9C-pfI8EcfG-gPi3gJQ",
    "size": [
      1.8487968183761645,
      4.512174364374527,
      1.730000000000004
    ],
    "obj_class": "vehicle",
    "point_num_in_lidar": 46,
    "speed": 2.291956574698399,
    "if_vehicle": true,
    "motion_state": true,
    "pose": [
      [
        0.28845956342528595,
        0.9575356717419462,
        -0.0016463630816988628,
        26.489412297756644
      ],
      [
        -0.957535396123554,
        0.2884668214195562,
        0.0005819575188010293,
        -34.50486813078169
      ],
      [
        0.0010315487534516487,
        0.001406348351700418,
        1.0000048799157137,
        1.297479476481044
      ],
      [
        0.0,
        0.0,
        0.0,
        1.0
      ]
    ],
    "location": [
      26.489412297756644,
      -34.50486813078169,
      1.297479476481044
    ],
    "rotation": [
      0.0014063405617212176,
      -0.001031542333633834,
      -1.2781911990522732
    ]
  },
  {
    "label_id": "MV_5Q0rxAuIpiIi20l_8Sw",
    "size": [
      2.072069356398146,
      4.341091663754647,
      1.8400000000000034
    ],
    "obj_class": "vehicle",
    "point_num_in_lidar": 60,
    "speed": 0.0033071543275618727,
    "if_vehicle": true,
    "motion_state": false,
    "pose": [
      [
        -0.2645310461878257,
        -0.9644204518738604,
        -0.0016463630816988628,
        11.639404079025553
      ],
      [
        0.9644203570381825,
        -0.26453830879428064,
        0.0005819575188010293,
        57.236711573299544
      ],
      [
        -0.0009962161273004797,
        -0.0014315941969652477,
        1.0000048799157137,
        0.44503048435444725
      ],
      [
        0.0,
        0.0,
        0.0,
        1.0
      ]
    ],
    "location": [
      11.639404079025553,
      57.236711573299544,
      0.44503048435444725
    ],
    "rotation": [
      -0.0014315862329565658,
      0.000996209915478736,
      1.8385025164142066
    ]
  },
  {
    "label_id": "MjDrc4ihzQVdQ9IC3yqsig",
    "size": [
      0.8281349090366112,
      0.7298107158624727,
      1.7100000000000009
    ],
    "obj_class": "pedestrian",
    "point_num_in_lidar": 48,
    "speed": 1.1742215537467477,
    "if_vehicle": false,
    "motion_state": true,
    "pose": [
      [
        0.010095345421515495,
        0.9999907831528384,
        -0.0016463630816988628,
        18.25964225581265
      ],
      [
        -0.9999925417494355,
        0.010102392533287995,
        0.0005819575188010293,
        47.88525339417538
      ],
      [
        0.0005986134125291425,
        0.0016381607062246242,
        1.0000048799157137,
        0.8077325570098992
      ],
      [
        0.0,
        0.0,
        0.0,
        1.0
      ]
    ],
    "location": [
      18.25964225581265,
      47.88525339417538,
      0.8077325570098992
    ],
    "rotation": [
      0.0016381512468280261,
      -0.0005986096166624961,
      -1.5607012490249785
    ]
  },
  {
    "label_id": "NcatSspzHLij99dYOQK-rg",
    "size": [
      1.7739550460131477,
      3.9636768702055396,
      1.3800000000000026
    ],
    "obj_class": "vehicle",
    "point_num_in_lidar": 22,
    "speed": 1.1368683772161603e-12,
    "if_vehicle": true,
    "motion_state": false,
    "pose": [
      [
        0.3072999111437172,
        0.9516565803906732,
        -0.0016463630816988628,
        76.43868835871399
      ],
      [
        -0.9516561615927951,
        0.3073071622853282,
        0.0005819575188010293,
        6.585940509707143
      ],
      [
        0.0010591014990311875,
        0.0013857173347504965,
        1.0000048799157137,
        0.9505685676444955
      ],
      [
        0.0,
        0.0,
        0.0,
        1.0
      ]
    ],
    "location": [
      76.43868835871399,
      6.585940509707143,
      0.9505685676444955
    ],
    "rotation": [
      0.0013857096856564413,
      -0.001059094917907297,
      -1.2584553310509894
    ]
  },
  {
    "label_id": "Nd72enoaUv9l45M43pbdYw",
    "size": [
      0.9619118223230907,
      0.7962712858776171,
      1.6499999999999986
    ],
    "obj_class": "pedestrian",
    "point_num_in_lidar": 374,
    "speed": 0.002082657576390632,
    "if_vehicle": false,
    "motion_state": false,
    "pose": [
      [
        0.9771196501712874,
        -0.2128865229152554,
        -0.0016463630816988628,
        5.622212331938499
      ],
      [
        0.21289378029334127,
        0.9771199415638819,
        0.0005819575188010293,
        7.623137927213975
      ],
      [
        0.0014825305571697083,
        -0.0009187010744176849,
        1.0000048799157137,
        0.7164360524576523
      ],
      [
        0.0,
        0.0,
        0.0,
        1.0
      ]
    ],
    "location": [
      5.622212331938499,
      7.623137927213975,
      0.7164360524576523
    ],
    "rotation": [
      -0.0009186963327948602,
      -0.0014825216108228236,
      0.2145262538023686
    ]
  },
  {
    "label_id": "PLIUxvOCVsYz1y-U52_w-g",
    "size": [
      1.1418908073058178,
      1.0812464483086648,
      1.6799999999999997
    ],
    "obj_class": "pedestrian",
    "point_num_in_lidar": 699,
    "speed": 1.732085970572695,
    "if_vehicle": false,
    "motion_state": true,
    "pose": [
      [
        0.9933530267698187,
        -0.11546967825817395,
        -0.0016463630816988628,
        -1.37376576148381
      ],
      [
        0.11547687150489534,
        0.9933540325769232,
        0.0005819575188010293,
        6.669601137036807
      ],
      [
        0.0015659177642878019,
        -0.0007679909326066477,
        1.0000048799157137,
        0.7552081046609374
      ],
      [
        0.0,
        0.0,
        0.0,
        1.0
      ]
    ],
    "location": [
      -1.37376576148381,
      6.669601137036807,
      0.7552081046609374
    ],
    "rotation": [
      -0.0007679870339065842,
      -0.0015659083810818986,
      0.11573012061719398
    ]
  },
  {
    "label_id": "RLwpXW5onTXDRmiQoJpcRw",
    "size": [
      0.9158691018615788,
      1.1417508792291562,
      1.8500000000000014
    ],
    "obj_class": "pedestrian",
    "point_num_in_lidar": 946,
    "speed": 1.496595232741054,
    "if_vehicle": false,
    "motion_state": true,
    "pose": [
      [
        0.5037528133173749,
        0.8638961659045818,
        -0.0016463630816988628,
        7.629432814908796
      ],
      [
        -0.8638942057330503,
        0.503759807041268,
        0.0005819575188010293,
        -3.1513396400550846
      ],
      [
        0.0013310017519405967,
        0.0011270948732955898,
        1.0000048799157137,
        0.8979646796653924
      ],
      [
        0.0,
        0.0,
        0.0,
        1.0
      ]
    ],
    "location": [
      7.629432814908796,
      -3.1513396400550846,
      0.8979646796653924
    ],
    "rotation": [
      0.0011270888959361584,
      -0.0013309936254230006,
      -1.042882079928881
    ]
  },
  {
    "label_id": "SQQ6HVe8YtnoiVO4yfPY2Q",
    "size": [
      1.9274767058030697,
      4.326488639833419,
      1.3500000000000014
    ],
    "obj_class": "vehicle",
    "point_num_in_lidar": 180,
    "speed": 3.5950934718225418e-12,
    "if_vehicle": true,
    "motion_state": false,
    "pose": [
      [
        -0.2066641840656144,
        -0.9784545965011869,
        -0.0016463630816988628,
        29.322752664134896
      ],
      [
        0.9784549340711529,
        -0.20667143944243743,
        0.0005819575188010293,
        -18.481690323642397
      ],
      [
        -0.0009092481959558944,
        -0.0014883468128192045,
        1.0000048799157137,
        0.9276301910568918
      ],
      [
        0.0,
        0.0,
        0.0,
        1.0
      ]
    ],
    "location": [
      29.322752664134896,
      -18.481690323642397,
      0.9276301910568918
    ],
    "rotation": [
      -0.0014883384508817005,
      0.0009092425013032525,
      1.7789517467734488
    ]
  },
  {
    "label_id": "UMM0XzCyaXFdt743gKi7vA",
    "size": [
      2.018934327652625,
      4.470248932210846,
      1.7100000000000009
    ],
    "obj_class": "vehicle",
    "point_num_in_lidar": 22,
    "speed": 0.022119496858099434,
    "if_vehicle": true,
    "motion_state": false,
    "pose": [
      [
        -0.226264187289918,
        -0.97410882345857,
        -0.0016463630816988628,
        16.995221671488252
      ],
      [
        0.9741090153149689,
        -0.2262714479811694,
        0.0005819575188010293,
        33.594934436812764
      ],
      [
        -0.0009389422785954892,
        -0.0014697945143944608,
        1.0000048799157137,
        0.7940836773336741
      ],
      [
        0.0,
        0.0,
        0.0,
        1.0
      ]
    ],
    "location": [
      16.995221671488252,
      33.594934436812764,
      0.7940836773336741
    ],
    "rotation": [
      -0.0014697862835759531,
      0.0009389364065558731,
      1.7990272746361369
    ]
  },
  {
    "label_id": "WRasNf5aFU5EQsYKqc3aig",
    "size": [
      0.8642005477243424,
      0.9213117662531766,
      1.6099999999999994
    ],
    "obj_class": "pedestrian",
    "point_num_in_lidar": 288,
    "speed": 1.1671467150648596,
    "if_vehicle": false,
    "motion_state": true,
    "pose": [
      [
        0.9855120993172396,
        -0.16985106561082874,
        -0.0016463630816988628,
        3.106835303537082
      ],
      [
        0.16985830324056492,
        0.9855127085480073,
        0.0005819575188010293,
        -9.424197210581042
      ],
      [
        0.0015213757381201424,
        -0.0008528331492956463,
        1.0000048799157137,
        0.7897534802724522
      ],
      [
        0.0,
        0.0,
        0.0,
        1.0
      ]
    ],
    "location": [
      3.106835303537082,
      -9.424197210581042,
      0.7897534802724522
    ],
    "rotation": [
      -0.0008528287808030719,
      -0.0015213665869486133,
      0.1706784751088086
    ]
  },
  {
    "label_id": "Wc72pGuPCXfpIpqhr-sJew",
    "size": [
      0.9748219167209162,
      1.4516448810316316,
      1.6099999999999994
    ],
    "obj_class": "pedestrian",
    "point_num_in_lidar": 60,
    "speed": 1.31932311262893,
    "if_vehicle": false,
    "motion_state": true,
    "pose": [
      [
        0.9895639684912444,
        -0.14438363707036225,
        -0.0016463630816988628,
        29.94803560184664
      ],
      [
        0.14439085658503664,
        0.9895647641382714,
        0.0005819575188010293,
        15.17605517800257
      ],
      [
        0.0015428598111623835,
        -0.0008133216584956494,
        1.0000048799157137,
        1.128942863765019
      ],
      [
        0.0,
        0.0,
        0.0,
        1.0
      ]
    ],
    "location": [
      29.94803560184664,
      15.17605517800257,
      1.128942863765019
    ],
    "rotation": [
      -0.000813317510241283,
      -0.0015428505476908286,
      0.14489110784206077
    ]
  },
  {
    "label_id": "XOGZVIJgjh_BcRiES2OlFA",
    "size": [
      2.2833126905500465,
      5.01776074174188,
      1.7999999999999972
    ],
    "obj_class": "vehicle",
    "point_num_in_lidar": 54,
    "speed": 2.2737367544323206e-12,
    "if_vehicle": true,
    "motion_state": false,
    "pose": [
      [
        -0.9781437371894736,
        0.20813051623156192,
        -0.0016463630816988628,
        63.74672012505471
      ],
      [
        -0.20813777210620443,
        -0.9781440638842823,
        0.0005819575188010293,
        19.87463532618858
      ],
      [
        -0.0014869823072214095,
        0.0009114779948460763,
        1.0000048799157137,
        0.9871928798758063
      ],
      [
        0.0,
        0.0,
        0.0,
        1.0
      ]
    ],
    "location": [
      63.74672012505471,
      19.87463532618858,
      0.9871928798758063
    ],
    "rotation": [
      0.0009114732945195632,
      0.001486973337286535,
      -2.9319312088015237
    ]
  },
  {
    "label_id": "XzMQXo511mOTZ9b8qsu5-g",
    "size": [
      1.7372453811588644,
      3.7302123275017713,
      1.2000000000000028
    ],
    "obj_class": "vehicle",
    "point_num_in_lidar": 24,
    "speed": 0.0025253238994652964,
    "if_vehicle": true,
    "motion_state": false,
    "pose": [
      [
        -0.7109185908274933,
        0.7033336616469154,
        -0.0016463630816988628,
        17.84385523929086
      ],
      [
        -0.7033399452836147,
        -0.7109149479774886,
        0.0005819575188010293,
        66.31951068307535
      ],
      [
        -0.0007594315048117446,
        0.0015700867194449815,
        1.0000048799157137,
        0.42811093012198853
      ],
      [
        0.0,
        0.0,
        0.0,
        1.0
      ]
    ],
    "location": [
      17.84385523929086,
      66.31951068307535,
      0.42811093012198853
    ],
    "rotation": [
      0.0015700777674342126,
      0.0007594267168242841,
      -2.3615531801408607
    ]
  },
  {
    "label_id": "Z9OsRYR58DxyfT5G8nd1sw",
    "size": [
      0.9114227453852538,
      0.9160872246739158,
      1.9500000000000028
    ],
    "obj_class": "pedestrian",
    "point_num_in_lidar": 567,
    "speed": 0.015546862319008592,
    "if_vehicle": false,
    "motion_state": false,
    "pose": [
      [
        -0.5145565222160713,
        0.8575051415791677,
        -0.0016463630816988628,
        6.473208691299078
      ],
      [
        -0.8575103271121566,
        -0.5145514364817145,
        0.0005819575188010293,
        8.24289807745663
      ],
      [
        -0.00034687102082655343,
        0.001709265635291625,
        1.0000048799157137,
        0.8732098457104485
      ],
      [
        0.0,
        0.0,
        0.0,
        1.0
      ]
    ],
    "location": [
      6.473208691299078,
      8.24289807745663,
      0.8732098457104485
    ],
    "rotation": [
      0.0017092556296968166,
      0.00034686880752319763,
      -2.1112589792174923
    ]
  },
  {
    "label_id": "Zf_0k6PmuzbSRQRWpdsKQg",
    "size": [
      1.9263009385376815,
      4.30626809851573,
      1.480000000000004
    ],
    "obj_class": "vehicle",
    "point_num_in_lidar": 94,
    "speed": 3.7805327597100877,
    "if_vehicle": true,
    "motion_state": true,
    "pose": [
      [
        -0.5478853029170666,
        -0.8366033571754781,
        -0.0016463630816988628,
        14.68103517885902
      ],
      [
        0.8366010368755117,
        -0.547892185551329,
        0.0005819575188010293,
        21.072001690416073
      ],
      [
        -0.0013876728389319239,
        -0.0010565380301573385,
        1.0000048799157137,
        0.9003715523761002
      ],
      [
        0.0,
        0.0,
        0.0,
        1.0
      ]
    ],
    "location": [
      14.68103517885902,
      21.072001690416073,
      0.9003715523761002
    ],
    "rotation": [
      -0.001056532481243827,
      0.0013876644020378846,
      2.15060453300188
    ]
  },
  {
    "label_id": "Zfh8PMMz_gcqeqExLpq5tQ",
    "size": [
      1.8903948451336396,
      4.104269830155506,
      1.3600000000000065
    ],
    "obj_class": "vehicle",
    "point_num_in_lidar": 38,
    "speed": 1.1368683772161603e-12,
    "if_vehicle": true,
    "motion_state": false,
    "pose": [
      [
        0.96201192145172,
        -0.27316029245586915,
        -0.0016463630816988628,
