[
  {
    "label_id": "2EWbspym0T1YkCd3xXEsUA",
    "size": [
      0.717053140756251,
      0.8462840361255533,
      1.6899999999999977
    ],
    "obj_class": "pedestrian",
    "point_num_in_lidar": 195,
    "speed": 1.224355854398313,
    "if_vehicle": false,
    "motion_state": true,
    "pose": [
      [
        0.2980800344849189,
        0.9545854204089693,
        0.001077536683430373,
        11.753063465104788
      ],
      [
        -0.9545843037244448,
        0.2980844766356684,
        0.00139012075127436,
        -11.109746856156562
      ],
      [
        0.0010051554236122145,
        -0.0014449633781259557,
        1.0000048517418145,
        0.8910802114509124
      ],
      [
        0.0,
        0.0,
        0.0,
        1.0
      ]
    ],
    "location": [
      11.753063465104788,
      -11.109746856156562,
      0.8910802114509124
    ],
    "rotation": [
      -0.001444955361931048,
      -0.0010051491590473683,
      -1.2681286512924335
    ]
  },
  {
    "label_id": "2kx3n6sQg97wQoT2iuuqkw",
    "size": [
      1.9436068624993095,
      4.581826043400449,
      1.470000000000006
    ],
    "obj_class": "vehicle",
    "point_num_in_lidar": 73,
    "speed": 1.1368683772161603e-12,
    "if_vehicle": true,
    "motion_state": false,
    "pose": [
      [
        0.967388734475626,
        -0.25346413597498496,
        0.001077536683430373,
        38.07405571091658
      ],
      [
        0.2534686251573932,
        0.9673878251193077,
        0.00139012075127436,
        3.486276129333419
      ],
      [
        -0.001396765545696664,
        -0.0010711221219342473,
        1.0000048517418145,
        0.9444316466191367
      ],
      [
        0.0,
        0.0,
        0.0,
        1.0
      ]
    ],
    "location": [
      38.07405571091658,
      3.486276129333419,
      0.9444316466191367
    ],
    "rotation": [
      -0.0010711165155239857,
      0.0013967570594137964,
      0.2562528641740908
    ]
  },
  {
    "label_id": "3NGaBQl276KzZKljja6dOA",
    "size": [
      0.7299292117232197,
      0.694010124373706,
      1.1000000000000014
    ],
    "obj_class": "pedestrian",
    "point_num_in_lidar": 154,
    "speed": 0.0016445852248098349,
    "if_vehicle": false,
    "motion_state": false,
    "pose": [
      [
        0.7398040806992249,
        0.6728855430135751,
        0.001077536683430373,
        2.6359807477711
      ],
      [
        -0.6728823336624227,
        0.7398073486883295,
        0.00139012075127436,
        12.671813798879157
      ],
      [
        0.00013666391503756184,
        -0.001754873090587701,
        1.0000048517418145,
        0.7077642160461437
      ],
      [
        0.0,
        0.0,
        0.0,
        1.0
      ]
    ],
    "location": [
      2.6359807477711,
      12.671813798879157,
      0.7077642160461437
    ],
    "rotation": [
      -0.001754862775043636,
      -0.0001366630407017878,
      -0.738061575557876
    ]
  },
  {
    "label_id": "3P6tBBZUHGg_gbV4OhqorA",
    "size": [
      0.8275096005632395,
      0.8398197400242338,
      1.6499999999999986
    ],
    "obj_class": "pedestrian",
    "point_num_in_lidar": 368,
    "speed": 1.2651952055965558,
    "if_vehicle": false,
    "motion_state": true,
    "pose": [
      [
        0.9502964672805537,
        0.311482994864886,
        0.001077536683430373,
        8.587675252019835
      ],
      [
        -0.3114787296697104,
        0.9502981369504978,
        0.00139012075127436,
        -8.454760507971514
      ],
      [
        -0.000592977341298877,
        -0.0016572973367649933,
        1.0000048517418145,
        0.8952429362101384
      ],
      [
        0.0,
        0.0,
        0.0,
        1.0
      ]
    ],
    "location": [
      8.587675252019835,
      -8.454760507971514,
      0.8952429362101384
    ],
    "rotation": [
      -0.0016572877787198092,
      0.0005929735805073978,
      -0.3167352795665556
    ]
  },
  {
    "label_id": "4JRTQZlhJCGV0xv6XMfMIw",
    "size": [
      2.125651386593597,
      4.668043267308801,
      1.6099999999999994
    ],
    "obj_class": "vehicle",
    "point_num_in_lidar": 97,
    "speed": 6.629024818318272e-12,
    "if_vehicle": true,
    "motion_state": false,
    "pose": [
      [
        0.17524640565545316,
        0.9845677879764012,
        0.001077536683430373,
        21.038530629732122
      ],
      [
        -0.9845672407350792,
        0.17525095320584252,
        0.00139012075127436,
        48.924334829695
      ],
      [
        0.001179449176402917,
        -0.0013065818879904522,
        1.0000048517418145,
        0.9532368023650406
      ],
      [
        0.0,
        0.0,
        0.0,
        1.0
      ]
    ],
    "location": [
      21.038530629732122,
      48.924334829695,
      0.9532368023650406
    ],
    "rotation": [
      -0.0013065748053216748,
      -0.0011794419004108234,
      -1.3946477568784132
    ]
  },
  {
    "label_id": "50vFTXzPARJLsyl_rL8FYw",
    "size": [
      0.9071328832499354,
      0.8769552914394498,
      1.8200000000000003
    ],
    "obj_class": "pedestrian",
    "point_num_in_lidar": 127,
    "speed": 1.1024231332383099,
    "if_vehicle": false,
    "motion_state": true,
    "pose": [
      [
        -1.00002982290239,
        0.005038364984139165,
        0.001077536683430373,
        24.10818681473029
      ],
      [
        -0.005042939305899023,
        -1.000030057993959,
        0.00139012075127436,
        -11.359307505561446
      ],
      [
        0.0010866684526235945,
        0.0013847051179998115,
        1.0000048517418145,
        1.0747213803384739
      ],
      [
        0.0,
        0.0,
        0.0,
        1.0
      ]
    ],
    "location": [
      24.10818681473029,
      -11.359307505561446,
      1.0747213803384739
    ],
    "rotation": [
      0.0013846975147995722,
      -0.001086661710915081,
      -3.136549907419414
    ]
  },
  {
    "label_id": "51XfsSndNbxOYol5ZhZdTA",
    "size": [
      1.879785628879112,
      4.076636714678694,
      1.3999999999999986
    ],
    "obj_class": "vehicle",
    "point_num_in_lidar": 54,
    "speed": 1.6077746776921857e-12,
    "if_vehicle": true,
    "motion_state": false,
    "pose": [
      [
        -0.9803798739983729,
        0.19733305469391993,
        0.001077536683430373,
        24.61944744421635
      ],
      [
        -0.19733758879454918,
        -0.980379224676348,
        0.00139012075127436,
        44.401292365801055
      ],
      [
        0.0013327632028004646,
        0.0011497820815281788,
        1.0000048517418145,
        0.9143275007482998
      ],
      [
        0.0,
        0.0,
        0.0,
        1.0
      ]
    ],
    "location": [
      24.61944744421635,
      44.401292365801055,
      0.9143275007482998
    ],
    "rotation": [
      0.001149775996447027,
      -0.0013327550665704385,
      -2.9429600328212753
    ]
  },
  {
    "label_id": "7tOgwMtQQau9C7cR3nDM_A",
    "size": [
      2.1995109981502514,
      4.668562141136059,
      1.6400000000000006
    ],
    "obj_class": "vehicle",
    "point_num_in_lidar": 130,
    "speed": 0.021749662866759032,
    "if_vehicle": true,
    "motion_state": false,
    "pose": [
      [
        -0.23364979243563402,
        -0.9723645439395063,
        0.001077536683430373,
        33.345133006136166
      ],
      [
        0.9723637264762741,
        -0.2336542992572937,
        0.00139012075127436,
        -36.057381881721085
      ],
      [
        -0.0010994312182229355,
        0.0013745936076306547,
        1.0000048517418145,
        1.4086302834765547
      ],
      [
        0.0,
        0.0,
        0.0,
        1.0
      ]
    ],
    "location": [
      33.345133006136166,
      -36.057381881721085,
      1.4086302834765547
    ],
    "rotation": [
      0.0013745860727349605,
      0.001099424402446406,
      1.8066159936063826
    ]
  },
  {
    "label_id": "8bU9YqZGCj5wFCjrgGqXyA",
    "size": [
      0.31098383429452464,
      0.08639544551842648,
      0.6700000000000017
    ],
    "obj_class": "sign",
    "point_num_in_lidar": 20,
    "speed": 2.5421149729252077e-12,
    "if_vehicle": false,
    "motion_state": false,
    "pose": [
      [
        0.09915737933808094,
        0.995114488859801,
        0.001077536683430373,
        21.21882398572052
      ],
      [
        -0.9951142922871894,
        0.09916195547693554,
        0.00139012075127436,
        22.9295292631723
      ],
      [
        0.0012762583581617246,
        -0.0012121968457988006,
        1.0000048517418145,
        2.985444101914709
      ],
      [
        0.0,
        0.0,
        0.0,
        1.0
      ]
    ],
    "location": [
      21.21882398572052,
      22.9295292631723,
      2.985444101914709
    ],
    "rotation": [
      -0.0012121903708277976,
      -0.0012762505355238935,
      -1.471479952211206
    ]
  },
  {
    "label_id": "9VwGco63NvqDkOZ7SoAOWQ",
    "size": [
      2.1388433729796557,
      4.855035932090138,
      1.5600000000000023
    ],
    "obj_class": "vehicle",
    "point_num_in_lidar": 764,
    "speed": 2.5071915061951673,
    "if_vehicle": true,
    "motion_state": true,
    "pose": [
      [
        0.2146960276401426,
        0.9767244481077774,
        0.001077536683430373,
        13.507432090860675
      ],
      [
        -0.976723718443324,
        0.21470054950672549,
        0.00139012075127436,
        18.037362416995165
      ],
      [
        0.001125955033861745,
        -0.0013529530115505208,
        1.0000048517418145,
        0.835329485090142
      ],
      [
        0.0,
        0.0,
        0.0,
        1.0
      ]
    ],
    "location": [
      13.507432090860675,
      18.037362416995165,
      0.835329485090142
    ],
    "rotation": [
      -0.0013529456218979467,
      -0.0011259480647308946,
      -1.3544249262486316
    ]
  },
  {
    "label_id": "C4lVCY0U7eKSegXd8LC_FQ",
    "size": [
      0.901877214506391,
      0.944866519994953,
      1.3999999999999986
    ],
    "obj_class": "pedestrian",
    "point_num_in_lidar": 47,
    "speed": 0.002311213479818371,
    "if_vehicle": false,
    "motion_state": false,
    "pose": [
      [
        0.17203606348488185,
        0.9851338105437886,
        0.001077536683430373,
        34.109529801535245
      ],
      [
        -0.9851332781290955,
        0.17204061279496172,
        0.00139012075127436,
        17.979114032954385
      ],
      [
        0.0011837019956555906,
        -0.001302730277234394,
        1.0000048517418145,
        1.005798109100283
      ],
      [
        0.0,
        0.0,
        0.0,
        1.0
      ]
    ],
    "location": [
      34.109529801535245,
      17.979114032954385,
      1.005798109100283
    ],
    "rotation": [
      -0.0013027232198083779,
      -0.001183694695410639,
      -1.3979074826888773
    ]
  },
  {
    "label_id": "CpPxlJb2rlUaBE-2xJoBWw",
    "size": [
      0.7881720903958146,
      0.994941850972178,
      1.8900000000000006
    ],
    "obj_class": "pedestrian",
    "point_num_in_lidar": 414,
    "speed": 0.8051100440546978,
    "if_vehicle": false,
    "motion_state": false,
    "pose": [
      [
        -0.2205705733492494,
        -0.9754146061999905,
        0.001077536683430373,
        7.350259521219414
      ],
      [
        0.9754138493338148,
        -0.22057509074243575,
        0.00139012075127436,
        7.934407075474155
      ],
      [
        -0.0011177918684516553,
        0.0013597050888209483,
        1.0000048517418145,
        0.8319255499118299
      ],
      [
        0.0,
        0.0,
        0.0,
        1.0
      ]
    ],
    "location": [
      7.350259521219414,
      7.934407075474155,
      0.8319255499118299
    ],
    "rotation": [
      0.0013596976539880618,
      0.0011177849464347515,
      1.7931862924660928
    ]
  },
  {
    "label_id": "DnS7Up19TsoNk12Ymz9Ndg",
    "size": [
      1.9636513337723545,
      4.880426123448928,
      1.5200000000000031
    ],
    "obj_class": "vehicle",
    "point_num_in_lidar": 115,
    "speed": 0.7704619579635686,
    "if_vehicle": true,
    "motion_state": false,
    "pose": [
      [
        -0.5825499272103135,
        -0.8128472268041256,
        0.001077536683430373,
        14.60730836926814
      ],
      [
        0.8128447726855433,
        -0.5825537946370539,
        0.00139012075127436,
        30.335965068814403
      ],
      [
        -0.0005010017858955288,
        0.001687380751422664,
        1.0000048517418145,
        0.7402810795866799
      ],
      [
        0.0,
        0.0,
        0.0,
        1.0
      ]
    ],
    "location": [
      14.60730836926814,
      30.335965068814403,
      0.7402810795866799
    ],
    "rotation": [
      0.0016873709632855946,
      0.0005009986000314733,
      2.1926296962309344
    ]
  },
  {
    "label_id": "EMpodh1TjmNyW98IZUh2MA",
    "size": [
      2.173720317630711,
      4.530987525728997,
      1.8900000000000006
    ],
    "obj_class": "vehicle",
    "point_num_in_lidar": 242,
    "speed": 2.5421149729252077e-12,
    "if_vehicle": true,
    "motion_state": false,
    "pose": [
      [
        -0.6127227047689501,
        0.7903517690728106,
        0.001077536683430373,
        16.576357195488526
      ],
      [
        -0.7903547749917412,
        -0.6127192487395822,
        0.00139012075127436,
        -18.11345606417308
      ],
      [
        0.001760185846245395,
        -1.5415640112026077e-06,
        1.0000048517418145,
        0.8932764402624116
      ],
      [
        0.0,
        0.0,
        0.0,
        1.0
      ]
    ],
    "location": [
      16.576357195488526,
      -18.11345606417308,
      0.8932764402624116
    ],
    "rotation": [
      -1.541556531967101e-06,
      -0.0017601754885128986,
      -2.2302626959690137
    ]
  },
  {
    "label_id": "FRk_wv4gWEdPQOAxAVKlJw",
    "size": [
      2.037549030955152,
      4.4473342942274545,
      1.3600000000000065
    ],
    "obj_class": "vehicle",
    "point_num_in_lidar": 119,
    "speed": 0.0015886593327301098,
    "if_vehicle": true,
    "motion_state": false,
    "pose": [
      [
        -0.9749264648965728,
        0.2227182521935975,
        0.001077536683430373,
        34.70613818140555
      ],
      [
        -0.22272276790893675,
        -0.9749256980833081,
        0.00139012075127436,
        12.969577448100608
      ],
      [
        0.0013621635709773012,
        0.0011147945979617015,
        1.0000048517418145,
        0.9664228185772572
      ],
      [
        0.0,
        0.0,
        0.0,
        1.0
      ]
    ],
    "location": [
      34.70613818140555,
      12.969577448100608,
      0.9664228185772572
    ],
    "rotation": [
      0.0011147887274894658,
      -0.0013621552732518817,
      -2.916996091304166
    ]
  },
  {
    "label_id": "GsCzF8GSnnWdvaGVsW2nYA",
    "size": [
      0.9597441527328981,
      0.9549516162441378,
      1.7999999999999972
    ],
    "obj_class": "pedestrian",
    "point_num_in_lidar": 168,
    "speed": 1.2624979971060972,
    "if_vehicle": false,
    "motion_state": true,
    "pose": [
      [
        0.2468863829930301,
        0.9690883064553601,
        0.001077536683430373,
        10.409895528697234
      ],
      [
        -0.9690874276170487,
        0.24689087824951117,
        0.00139012075127436,
        -11.218883816858579
      ],
      [
        0.001080586257742173,
        -0.0013894567029313974,
        1.0000048517418145,
        0.9533323234519457
      ],
      [
        0.0,
        0.0,
        0.0,
        1.0
      ]
    ],
    "location": [
      10.409895528697234,
      -11.218883816858579,
      0.9533323234519457
    ],
    "rotation": [
      -0.00138944906753593,
      -0.0010805795513937494,
      -1.3213410873483624
    ]
  },
  {
    "label_id": "IlvD3LQihY_gza6wNBNkbw",
    "size": [
      2.23041430020196,
      4.640428889590738,
      1.6000000000000014
    ],
    "obj_class": "vehicle",
    "point_num_in_lidar": 49,
    "speed": 2.5421149729252077e-12,
    "if_vehicle": true,
    "motion_state": false,
    "pose": [
      [
        -0.5955736429304682,
        0.8033536379841882,
        0.001077536683430373,
        17.02719780364714
      ],
      [
        -0.8033565688385245,
        -0.5955701230184709,
        0.00139012075127436,
        -22.735622321022674
      ],
      [
        0.001759745103470386,
        -3.941776952357145e-05,
        1.0000048517418145,
        0.7736628109606727
      ],
      [
        0.0,
        0.0,
        0.0,
        1.0
      ]
    ],
    "location": [
      17.02719780364714,
      -22.735622321022674,
      0.7736628109606727
    ],
    "rotation": [
      -3.9417578259243724e-05,
      -0.0017597347478764207,
      -2.2087426293027295
    ]
  },
  {
    "label_id": "JKMgfkGQyJGWNzwnfDn1zw",
    "size": [
      0.8008319961445112,
      0.0756255792536936,
      0.7500000000000071
    ],
    "obj_class": "sign",
    "point_num_in_lidar": 43,
    "speed": 3.5950934718225418e-12,
    "if_vehicle": false,
    "motion_state": false,
    "pose": [
      [
        0.24050485268929092,
        0.9706917366748322,
        0.001077536683430373,
        28.180971144349314
      ],
      [
        -0.9706908874324075,
        0.24050935363084933,
        0.00139012075127436,
        -5.51813813791523
      ],
      [
        0.0010897048982148932,
        -0.0013823168321874274,
        1.0000048517418145,
        2.8652196254117825
      ],
      [
        0.0,
        0.0,
        0.0,
        1.0
      ]
    ],
    "location": [
      28.180971144349314,
      -5.51813813791523,
      2.8652196254117825
    ],
    "rotation": [
      -0.001382309245145828,
      -0.0010896981388684088,
      -1.327920719555919
    ]
  },
  {
    "label_id": "JoKbZ8BD1ksyS72fvT2i7A",
    "size": [
      2.065147650446554,
      4.299376155488723,
      1.720000000000006
    ],
    "obj_class": "vehicle",
    "point_num_in_lidar": 62,
    "speed": 2.5421149729252077e-12,
    "if_vehicle": true,
    "motion_state": false,
    "pose": [
      [
        -0.5430090318132598,
        0.8397774843285127,
        0.001077536683430373,
        16.85704186896328
      ],
      [
        -0.8397801842127937,
        -0.5430053317710332,
        0.00139012075127436,
        69.8673887185214
      ],
      [
        0.0017536275527618565,
        -0.00015181237082887832,
        1.0000048517418145,
        0.5769047836171239
      ],
      [
        0.0,
        0.0,
        0.0,
        1.0
      ]
    ],
    "location": [
      16.85704186896328,
      69.8673887185214,
      0.5769047836171239
    ],
    "rotation": [
      -0.00015181163311176832,
      -0.0017536172268861666,
      -2.144783690910842
    ]
  },
  {
    "label_id": "K-eppQ_Y2mxaYi38LjA21Q",
    "size": [
      2.1091266235468593,
      4.81993915668481,
      1.500000000000007
    ],
    "obj_class": "vehicle",
    "point_num_in_lidar": 513,
    "speed": 2.1623537853465087,
    "if_vehicle": true,
    "motion_state": true,
    "pose": [
      [
        -0.999539709972919,
        0.03170804319336096,
        0.001077536683430373,
        26.76987686324719
      ],
      [
        -0.03171262215796773,
        -0.9995398229806102,
        0.00139012075127436,
        8.813975921490055
      ],
      [
        0.001123212916995505,
        0.0013552303615388295,
        1.0000048517418145,
        1.06212931676896
      ],
      [
        0.0,
        0.0,
        0.0,
        1.0
      ]
    ],
    "location": [
      26.76987686324719,
      8.813975921490055,
      1.06212931676896
    ],
    "rotation": [
      0.0013552229566615947,
      -0.0011232059636825202,
      -3.109876067001276
    ]
  },
  {
    "label_id": "KOEE6quaGGyBFe93Q79Llg",
    "size": [
      0.8525538981961935,
      1.2101923106300116,
      1.8200000000000003
    ],
    "obj_class": "pedestrian",
    "point_num_in_lidar": 536,
    "speed": 1.890989254519954,
    "if_vehicle": false,
    "motion_state": true,
    "pose": [
      [
        0.2595793101136072,
        0.9657658171507434,
        0.001077536683430373,
        10.256391880378942
      ],
      [
        -0.9657648794115243,
        0.259583793453073,
        0.00139012075127436,
        -4.091815806670638
      ],
      [
        0.001062263959120851,
        -0.001403514114961127,
        1.0000048517418145,
        0.9821517639136346
      ],
      [
        0.0,
        0.0,
        0.0,
        1.0
      ]
    ],
    "location": [
      10.256391880378942,
      -4.091815806670638,
      0.9821517639136346
    ],
    "rotation": [
      -0.0014035063839489136,
      -0.0010622573595335497,
      -1.3082209554798903
    ]
  },
  {
    "label_id": "LZxOUoMGi7vtc5t3F_znJA",
    "size": [
      0.8094053723001526,
      1.0083618395238672,
      1.6300000000000026
    ],
    "obj_class": "pedestrian",
    "point_num_in_lidar": 378,
    "speed": 1.182974277470226,
    "if_vehicle": false,
    "motion_state": true,
    "pose": [
      [
        0.994425967732928,
        0.10583962638978245,
        0.001077536683430373,
        6.559304618021997
      ],
      [
        -0.10583510631404819,
        0.9944267084102969,
        0.00139012075127436,
        -7.49914835049276
      ],
      [
        -0.0009264864935677953,
        -0.0014966226535031042,
        1.0000048517418145,
        0.8396468184988635
      ],
      [
        0.0,
        0.0,
        0.0,
        1.0
      ]
    ],
    "location": [
      6.559304618021997,
      -7.49914835049276,
      0.8396468184988635
    ],
    "rotation": [
      -0.0014966142749113236,
      0.000926480695837449,
      -0.10602921273608262
    ]
  },
  {
    "label_id": "LinZfU-zluGcqLzAeStW8g",
    "size": [
      0.5054790318200177,
      0.10862760562286883,
      0.4322335325982465
    ],
    "obj_class": "sign",
    "point_num_in_lidar": 30,
    "speed": 0.0005837162597348953,
    "if_vehicle": false,
    "motion_state": false,
    "pose": [
      [
        0.19461792335334113,
        0.9809224718220764,
        0.001077536683430373,
        4.6863798369595315
      ],
      [
        -0.9809218350560918,
        0.19462245923436786,
        0.00139012075127436,
        20.931804433115758
      ],
      [
        0.0011534676923081564,
        -0.0013295746961128276,
        1.0000048517418145,
        2.9170427418042664
      ],
      [
        0.0,
        0.0,
        0.0,
        1.0
      ]
    ],
    "location": [
      4.6863798369595315,
      20.931804433115758,
      2.9170427418042664
    ],
    "rotation": [
      -0.0013295674619429566,
      -0.0011534605649429353,
      -1.3749367275874222
    ]
  },
  {
    "label_id": "MMD9C-pfI8EcfG-gPi3gJQ",
    "size": [
      1.8487968183719001,
      4.512174364374527,
      1.730000000000004
    ],
    "obj_class": "vehicle",
    "point_num_in_lidar": 85,
    "speed": 2.721632559160398,
    "if_vehicle": true,
    "motion_state": true,
    "pose": [
      [
        0.269236606132189,
        0.9631182075603802,
        0.001077536683430373,
        25.27044845194905
      ],
      [
        -0.9631172249760476,
        0.26924107985721824,
        0.00139012075127436,
        -30.482491820781433
      ],
      [
        0.0010481571786935485,
        -0.0014140803083613732,
        1.0000048517418145,
        1.233658414886463
      ],
      [
        0.0,
        0.0,
        0.0,
        1.0
      ]
    ],
    "location": [
      25.27044845194905,
      -30.482491820781433,
      1.233658414886463
    ],
    "rotation": [
      -0.0014140725051143893,
      -0.0010481506615475091,
      -1.2982076674019043
    ]
  },
  {
    "label_id": "MV_5Q0rxAuIpiIi20l_8Sw",
    "size": [
      2.072069356398142,
      4.341091663754647,
      1.8400000000000034
    ],
    "obj_class": "vehicle",
    "point_num_in_lidar": 59,
    "speed": 0.003307154332003083,
    "if_vehicle": true,
    "motion_state": false,
    "pose": [
      [
        -0.2645489559412981,
        -0.9644163425234292,
        0.001077536683430373,
        11.641726971720345
      ],
      [
        0.9644153817102605,
        -0.26455343439255535,
        0.00139012075127436,
        57.24183257177356
      ],
      [
        -0.0010550226593761891,
        0.0014089654992032322,
        1.0000048517418145,
        0.4451086379320941
      ],
      [
        0.0,
        0.0,
        0.0,
        1.0
      ]
    ],
    "location": [
      11.641726971720345,
      57.24183257177356,
      0.4451086379320941
    ],
    "rotation": [
      0.001408957730962434,
      0.0010550161020814505,
      1.8385211035265734
    ]
  },
  {
    "label_id": "Nd72enoaUv9l45M43pbdYw",
    "size": [
      0.9619118223230901,
      0.7962712858776171,
      1.6499999999999986
    ],
    "obj_class": "pedestrian",
    "point_num_in_lidar": 417,
    "speed": 0.0020826575704784795,
    "if_vehicle": false,
    "motion_state": false,
    "pose": [
      [
        0.9771164987489029,
        -0.21290462580363162,
        0.001077536683430373,
        5.6187124733114615
      ],
      [
        0.21290914900061364,
        0.9771157773775215,
        0.00139012075127436,
        7.6225994829583215
      ],
      [
        -0.0013508860486251843,
        -0.0011284340802067523,
        1.0000048517418145,
        0.7163780282620564
      ],
      [
        0.0,
        0.0,
        0.0,
        1.0
      ]
    ],
    "location": [
      5.6187124733114615,
      7.6225994829583215,
      0.7163780282620564
    ],
    "rotation": [
      -0.001128428126400927,
      0.0013508778127090649,
      0.21454194042541538
    ]
  },
  {
    "label_id": "RLwpXW5onTXDRmiQoJpcRw",
    "size": [
      0.9158691018690982,
      1.1417508792291562,
      1.8500000000000014
    ],
    "obj_class": "pedestrian",
    "point_num_in_lidar": 1169,
    "speed": 1.451828701932092,
    "if_vehicle": false,
    "motion_state": true,
    "pose": [
      [
        0.44321787044478195,
        0.8964613494927106,
        0.001077536683430373,
        6.4435097284804215
      ],
      [
        -0.8964595541063709,
        0.4432220842643676,
        0.00139012075127436,
        -0.8691029566471116
      ],
      [
        0.000767661452888889,
        -0.0015839673239971645,
        1.0000048517418145,
        0.9219114792713299
      ],
      [
        0.0,
        0.0,
        0.0,
        1.0
      ]
    ],
    "location": [
      6.4435097284804215,
      -0.8691029566471116,
      0.9219114792713299
    ],
    "rotation": [
      -0.0015839583143556428,
      -0.00076765661462203,
      -1.1116313349921263
    ]
  },
  {
    "label_id": "Rq5V6L3mDygKo0QPfbHovw",
    "size": [
      1.8888181910804376,
      4.636756789517779,
      1.3600000000000065
    ],
    "obj_class": "vehicle",
    "point_num_in_lidar": 347,
    "speed": 3.044263605679632,
    "if_vehicle": true,
    "motion_state": true,
    "pose": [
      [
        0.23307173218805316,
        0.9725032645039089,
        0.001077536683430373,
        22.257293140602997
      ],
      [
        -0.9725024497198866,
        0.23307623949485498,
        0.00139012075127436,
        -16.032503780756088
      ],
      [
        0.0011002481467060979,
        -0.001373939811422618,
        1.0000048517418145,
        0.9186153311302405
      ],
      [
        0.0,
        0.0,
        0.0,
        1.0
      ]
    ],
    "location": [
      22.257293140602997,
      -16.032503780756088,
      0.9186153311302405
    ],
    "rotation": [
      -0.0013739322809337038,
      -0.0011002413261946445,
      -1.3355711078885186
    ]
  },
  {
    "label_id": "SQQ6HVe8YtnoiVO4yfPY2Q",
    "size": [
      1.9274767058030706,
      4.326488639833419,
      1.3500000000000014
    ],
    "obj_class": "vehicle",
    "point_num_in_lidar": 155,
    "speed": 3.5950934718225418e-12,
    "if_vehicle": true,
    "motion_state": false,
    "pose": [
      [
        -0.20668230664192794,
        -0.9784515603427035,
        0.001077536683430373,
        29.32283110669232
      ],
      [
        0.9784508677698823,
        -0.20668683433786467,
        0.00139012075127436,
        -18.481647659282316
      ],
      [
        -0.0011370077710740015,
        0.001343677758340723,
        1.0000048517418145,
        0.9225039193639759
      ],
      [
        0.0,
        0.0,
        0.0,
        1.0
      ]
    ],
    "location": [
      29.32283110669232,
      -18.481647659282316,
      0.9225039193639759
    ],
    "rotation": [
      0.001343670430550842,
      0.0011370007382716263,
      1.7789703176982146
    ]
  },
  {
    "label_id": "UMM0XzCyaXFdt743gKi7vA",
    "size": [
      2.0189343276463743,
      4.470248932210846,
      1.7100000000000009
    ],
    "obj_class": "vehicle",
    "point_num_in_lidar": 20,
    "speed": 0.012657346943243029,
    "if_vehicle": true,
    "motion_state": false,
    "pose": [
      [
        -0.22604109458061628,
        -0.9741614113568121,
        0.001077536683430373,
        17.005073122483736
      ],
      [
        0.9741606291510934,
        -0.22604560765515833,
        0.00139012075127436,
        33.558641772775445
      ],
      [
        -0.0011101436462293253,
        0.0013659566883612675,
        1.0000048517418145,
        0.7921089152130207
      ],
      [
        0.0,
        0.0,
        0.0,
        1.0
      ]
    ],
    "location": [
      17.005073122483736,
      33.558641772775445,
      0.7921089152130207
    ],
    "rotation": [
      0.0013659492115864055,
      0.0011101367684219546,
      1.7987982988132247
    ]
  },
  {
    "label_id": "WRasNf5aFU5EQsYKqc3aig",
    "size": [
      0.8642005477187825,
      0.9213117662531766,
      1.6099999999999994
    ],
    "obj_class": "pedestrian",
    "point_num_in_lidar": 317,
    "speed": 1.1422572503750428,
    "if_vehicle": false,
    "motion_state": true,
    "pose": [
      [
        0.9912772563120871,
        -0.1321152259744502,
        0.001077536683430373,
        1.204801924250205
      ],
      [
        0.13211979307328459,
        0.9912769080365568,
        0.00139012075127436,
        -9.72957421724277
      ],
      [
        -0.0012538688546839796,
        -0.0012353418494472329,
        1.0000048517418145,
        0.7618440457147244
      ],
      [
        0.0,
        0.0,
        0.0,
        1.0
      ]
    ],
    "location": [
      1.204801924250205,
      -9.72957421724277,
      0.7618440457147244
    ],
    "rotation": [
      -0.0012353352275204944,
      0.0012538611574412712,
      0.13250146974610183
    ]
  },
  {
    "label_id": "Wc72pGuPCXfpIpqhr-sJew",
    "size": [
      0.9748219167101417,
      1.4516448810316316,
      1.6099999999999994
    ],
    "obj_class": "pedestrian",
    "point_num_in_lidar": 97,
    "speed": 1.3502942218577552,
    "if_vehicle": false,
    "motion_state": true,
    "pose": [
      [
        0.998761173591581,
        -0.050607805147694036,
        0.001077536683430373,
        27.621158553993155
      ],
      [
        0.05061238543062068,
        0.9987611999718781,
        0.00139012075127436,
        14.937251609961095
      ],
      [
        -0.0011486450042764039,
        -0.0013337433200931417,
        1.0000048517418145,
        1.160175807423684
      ],
      [
        0.0,
        0.0,
        0.0,
        1.0
      ]
    ],
    "location": [
      27.621158553993155,
      14.937251609961095,
      1.160175807423684
    ],
    "rotation": [
      -0.0013337360583061098,
      0.0011486379045855327,
      0.050631852404502645
    ]
  },
  {
    "label_id": "XOGZVIJgjh_BcRiES2OlFA",
    "size": [
      2.28331269055005,
      5.01776074174188,
      1.7999999999999972
    ],
    "obj_class": "vehicle",
    "point_num_in_lidar": 25,
    "speed": 2.2737367544323206e-12,
    "if_vehicle": true,
    "motion_state": false,
    "pose": [
      [
        -0.9781406738712365,
        0.2081486342367461,
        0.001077536683430373,
        63.74672012505471
      ],
      [
        -0.20815316088952876,
        -0.9781399745128208,
        0.00139012075127436,
        19.87463532618858
      ],
      [
        0.0013453804619762806,
        0.001134992511990594,
        1.0000048517418145,
        0.9871928798758063
      ],
      [
        0.0,
        0.0,
        0.0,
        1.0
      ]
    ],
    "location": [
      63.74672012505471,
      19.87463532618858,
      0.9871928798758063
    ],
    "rotation": [
      0.0011349865179653396,
      -0.0013453722562974143,
      -2.931915520127616
    ]
  },
  {
    "label_id": "XzMQXo511mOTZ9b8qsu5-g",
    "size": [
      1.7372453811588724,
      3.7302123275017713,
      1.2000000000000028
    ],
    "obj_class": "vehicle",
    "point_num_in_lidar": 25,
    "speed": 0.0025253239046534094,
    "if_vehicle": true,
    "motion_state": false,
    "pose": [
      [
        -0.7109062295843708,
        0.7033472574440259,
        0.001077536683430373,
        17.847090385243064
      ],
      [
        -0.7033506898869814,
        -0.710903196760115,
        0.00139012075127436,
        66.3166080005758
      ],
      [
        0.001745242707715163,
        0.0002288765626036683,
        1.0000048517418145,
        0.41868782957260464
      ],
      [
        0.0,
        0.0,
        0.0,
        1.0
      ]
    ],
    "location": [
      17.847090385243064,
      66.3166080005758,
      0.41868782957260464
    ],
    "rotation": [
      0.0002288754481625984,
      -0.001745232422678546,
      -2.3615368489341373
    ]
  },
  {
    "label_id": "Z9OsRYR58DxyfT5G8nd1sw",
    "size": [
      0.9114227453762717,
      0.9160872246739158,
      1.9500000000000028
    ],
    "obj_class": "pedestrian",
    "point_num_in_lidar": 524,
    "speed": 0.013421541852016118,
    "if_vehicle": false,
    "motion_state": false,
    "pose": [
      [
        -0.41623354510583493,
        0.909304496714125,
        0.001077536683430373,
        6.463549432795844
      ],
      [
        -0.9093066348152741,
        -0.41622949440082396,
        0.00139012075127436,
        8.218414495000616
      ],
      [
        0.0017134063542628374,
        -0.00040310700181706797,
        1.0000048517418145,
        0.8642846159907549
      ],
      [
        0.0,
        0.0,
        0.0,
        1.0
      ]
    ],
    "location": [
      6.463549432795844,
      8.218414495000616,
      0.8642846159907549
    ],
    "rotation": [
      -0.0004031050242214553,
      -0.0017133962254001493,
      -2.0000750086588153
    ]
  },
  {
    "label_id": "Zf_0k6PmuzbSRQRWpdsKQg",
    "size": [
      1.9263009385376126,
      4.30626809851573,
      1.480000000000004
    ],
    "obj_class": "vehicle",
    "point_num_in_lidar": 787,
    "speed": 2.3743075424060485,
    "if_vehicle": true,
    "motion_state": true,
    "pose": [
      [
        -0.4758636481240639,
        -0.8795674051543498,
        0.001077536683430373,
        17.513329440465895
      ],
      [
        0.8795654561218998,
        -0.4758677931162373,
        0.00139012075127436,
        16.48166897999181
      ],
      [
        -0.0007089316865280443,
        0.0016111090756304222,
        1.0000048517418145,
        0.9535099525312489
      ],
      [
        0.0,
        0.0,
        0.0,
        1.0
      ]
    ],
    "location": [
      17.513329440465895,
      16.48166897999181,
      0.9535099525312489
    ],
    "rotation": [
      0.0016110998650350544,
      0.0007089272081654697,
      2.0667199787157324
    ]
  },
  {
    "label_id": "Zfh8PMMz_gcqeqExLpq5tQ",
    "size": [
      1.8903948451336394,
      4.104269830155506,
      1.3600000000000065
    ],
    "obj_class": "vehicle",
    "point_num_in_lidar": 36,
    "speed": 1.1368683772161603e-12,
    "if_vehicle": true,
    "motion_state": false,
    "pose": [
      [
        0.9620076518197903,
        -0.27317816467659367,
        0.001077536683430373,
        69.21530495005572
      ],
      [
        0.2731826343405892,
        0.9620066509245034,
        0.00139012075127436,
        10.47032557669445
      ],
      [
        -0.0014183604897095212,
        -0.001042357957216802,
        1.0000048517418145,
        0.8249656107271903
      ],
      [
        0.0,
        0.0,
        0.0,
        1.0
      ]
    ],
    "location": [
      69.21530495005572,
      10.47032557669445,
      0.8249656107271903
    ],
    "rotation": [
      -0.0010423525224845724,
      0.0014183518865936503,
      0.2766875466583418
    ]
  },
  {
    "label_id": "ZijCE1sh3tPNneGP7MwI4w",
    "size": [
      0.7479590980719658,
      0.5607518156480158,
      1.75
    ],
    "obj_class": "pedestrian",
    "point_num_in_lidar": 37,
    "speed": 1.192373815428441,
    "if_vehicle": false,
    "motion_state": true,
    "pose": [
      [
        -0.28463439177821115,
        -0.9586804967417178,
        0.001077536683430373,
        33.21334340485919
      ],
      [
        0.9586794425996058,
        -0.2846388491846338,
        0.00139012075127436,
        -23.49672276763158
      ],
      [
        -0.001025364354107302,
        0.0014306937237118008,
        1.0000048517418145,
        1.2821827998545814
      ],
      [
        0.0,
        0.0,
        0.0,
        1.0
      ]
    ],
    "location": [
      33.21334340485919,
      -23.49672276763158,
      1.2821827998545814
    ],
    "rotation": [
      0.0014306858062493714,
      0.001025357970604077,
      1.859409026837148
    ]
  },
  {
    "label_id": "b5nOlzdtnZu2ZvwsJrvIQA",
    "size": [
      0.8337839977297199,
      0.9484009492462533,
      1.8299999999999983
    ],
    "obj_class": "pedestrian",
    "point_num_in_lidar": 67,
    "speed": 1.465825206944833,
    "if_vehicle": false,
    "motion_state": true,
    "pose": [
      [
        -0.795262739818152,
        0.6063350612267326,
        0.001077536683430373,
        25.3117964697376
      ],
      [
        -0.6063388543811464,
        -0.7952601723939171,
        0.00139012075127436,
        -10.597134329866094
      ],
      [
        0.001701459761342289,
        0.00045087833200904736,
        1.0000048517418145,
        1.0550600540293544
      ],
      [
        0.0,
        0.0,
        0.0,
        1.0
      ]
    ],
    "location": [
      25.3117964697376,
      -10.597134329866094,
      1.0550600540293544
    ],
    "rotation": [
      0.00045087611392164286,
      -0.0017014496915337056,
      -2.4901783772215813
    ]
  },
  {
    "label_id": "bRPbYyeLmNMrwlF8n9yZLQ",
    "size": [
      2.302105948534515,
      5.192549817773653,
      1.9400000000000048
    ],
    "obj_class": "vehicle",
    "point_num_in_lidar": 790,
    "speed": 6.821210263296962e-12,
    "if_vehicle": true,
    "motion_state": false,
    "pose": [
      [
        -0.6146358176159818,
        0.7888649082824213,
        0.001077536683430373,
        8.908707272086758
      ],
      [
        -0.7888679225660025,
        -0.614632368879677,
        0.00139012075127436,
        16.74226512398309
      ],
      [
        0.0017601844148670508,
        2.7231234565867043e-06,
        1.0000048517418145,
        0.8456650028341528
      ],
      [
        0.0,
        0.0,
        0.0,
        1.0
      ]
    ],
    "location": [
      8.908707272086758,
      16.74226512398309,
      0.8456650028341528
    ],
    "rotation": [
      2.723110244752133e-06,
      -0.001760174057141499,
      -2.232685546916614
    ]
  },
  {
    "label_id": "bacsewv05EXPBe1OQGzJhA",
    "size": [
      2.156789785948875,
      4.360600259374679,
      1.5200000000000031
    ],
    "obj_class": "vehicle",
    "point_num_in_lidar": 111,
    "speed": 6.629024818318272e-12,
    "if_vehicle": true,
    "motion_state": false,
    "pose": [
      [
        -0.6128041733319881,
        0.7902886035890925,
        0.001077536683430373,
        5.2708626043386175
      ],
      [
        -0.7902916098642648,
        -0.6128007176124978,
        0.00139012075127436,
        30.14970481909404
      ],
      [
