[
  {
    "label_id": "1XGa86vdVK8I7WhqZCOcOQ",
    "size": [
      1.9388804825461035,
      4.415578465873616,
      1.6900000000000048
    ],
    "obj_class": "vehicle",
    "point_num_in_lidar": 65,
    "speed": 1.1368683772161603e-12,
    "if_vehicle": true,
    "motion_state": false,
    "pose": [
      [
        -0.20666285531335726,
        -0.9784544131264467,
        -0.0019022534832888668,
        30.324728872641572
      ],
      [
        0.9784554919382336,
        -0.2066695676189011,
        0.00014380567764572975,
        -24.122918183755246
      ],
      [
        -0.0005334483941349079,
        -0.0018292481639421306,
        1.0000045855133484,
        1.1161911756321388
      ],
      [
        0.0,
        0.0,
        0.0,
        1.0
      ]
    ],
    "location": [
      30.324728872641572,
      -24.122918183755246,
      1.1161911756321388
    ],
    "rotation": [
      -0.0018292377356586738,
      0.000533445004927368,
      1.7789503314775728
    ]
  },
  {
    "label_id": "2kx3n6sQg97wQoT2iuuqkw",
    "size": [
      1.943606862499313,
      4.581826043400449,
      1.470000000000006
    ],
    "obj_class": "vehicle",
    "point_num_in_lidar": 71,
    "speed": 1.1368683772161603e-12,
    "if_vehicle": true,
    "motion_state": false,
    "pose": [
      [
        0.9673925187201546,
        -0.2534448442110509,
        -0.0019022534832888668,
        38.074070322472835
      ],
      [
        0.2534516006049842,
        0.9673932737179052,
        0.00014380567764572975,
        3.486284076469019
      ],
      [
        0.0018014992350842893,
        -0.0006207387054804118,
        1.0000045855133484,
        0.9434767715816861
      ],
      [
        0.0,
        0.0,
        0.0,
        1.0
      ]
    ],
    "location": [
      38.074070322472835,
      3.486284076469019,
      0.9434767715816861
    ],
    "rotation": [
      -0.0006207357793619959,
      -0.0018014886784246897,
      0.2562354371367328
    ]
  },
  {
    "label_id": "3NGaBQl276KzZKljja6dOA",
    "size": [
      0.7299292117232207,
      0.694010124373706,
      1.1000000000000014
    ],
    "obj_class": "pedestrian",
    "point_num_in_lidar": 181,
    "speed": 0.0016445852125150703,
    "if_vehicle": false,
    "motion_state": false,
    "pose": [
      [
        0.7397899694990172,
        0.6728992312089025,
        -0.0019022534832888668,
        2.638864576794731
      ],
      [
        -0.6728961814158794,
        0.7397960454880808,
        0.00014380567764572975,
        12.670609129134391
      ],
      [
        0.0015023778302348419,
        0.0011719969665957403,
        1.0000045855133484,
        0.7077983098046161
      ],
      [
        0.0,
        0.0,
        0.0,
        1.0
      ]
    ],
    "location": [
      2.638864576794731,
      12.670609129134391,
      0.7077983098046161
    ],
    "rotation": [
      0.0011719910558111572,
      -0.0015023687789531665,
      -0.7380813137887271
    ]
  },
  {
    "label_id": "3P6tBBZUHGg_gbV4OhqorA",
    "size": [
      0.8275096005542062,
      0.8398197400242338,
      1.6499999999999986
    ],
    "obj_class": "pedestrian",
    "point_num_in_lidar": 155,
    "speed": 1.4574373327740378,
    "if_vehicle": false,
    "motion_state": true,
    "pose": [
      [
        0.31290697858359995,
        0.9498272459171568,
        -0.0019022534832888668,
        10.020555053321004
      ],
      [
        -0.9498275807705238,
        0.3129137687790174,
        0.00014380567764572975,
        -10.564012647177151
      ],
      [
        0.0007311844458427548,
        0.0017595696464330092,
        1.0000045855133484,
        0.8797460082599855
      ],
      [
        0.0,
        0.0,
        0.0,
        1.0
      ]
    ],
    "location": [
      10.020555053321004,
      -10.564012647177151,
      0.8797460082599855
    ],
    "rotation": [
      0.0017595597620423309,
      -0.0007311798308134602,
      -1.2525578630429623
    ]
  },
  {
    "label_id": "4JRTQZlhJCGV0xv6XMfMIw",
    "size": [
      2.1256513865935975,
      4.668043267308801,
      1.6099999999999994
    ],
    "obj_class": "vehicle",
    "point_num_in_lidar": 96,
    "speed": 6.629024818318272e-12,
    "if_vehicle": true,
    "motion_state": false,
    "pose": [
      [
        0.17522687295244468,
        0.9845700164682025,
        -0.0019022534832888668,
        21.038530629739398
      ],
      [
        -0.9845713096541591,
        0.17523354727268475,
        0.00014380567764572975,
        48.924334829695
      ],
      [
        0.00047460251589301886,
        0.0018453911472635772,
        1.0000045855133484,
        0.9532368023650406
      ],
      [
        0.0,
        0.0,
        0.0,
        1.0
      ]
    ],
    "location": [
      21.038530629739398,
      48.924334829695,
      0.9532368023650406
    ],
    "rotation": [
      0.001845380590462606,
      -0.00047459949586437764,
      -1.3946676995154625
    ]
  },
  {
    "label_id": "50vFTXzPARJLsyl_rL8FYw",
    "size": [
      0.9071328832525224,
      0.8769552914394498,
      1.8200000000000003
    ],
    "obj_class": "pedestrian",
    "point_num_in_lidar": 124,
    "speed": 1.158458384063831,
    "if_vehicle": false,
    "motion_state": true,
    "pose": [
      [
        -0.8005470160405883,
        0.5993388435946722,
        -0.0019022534832888668,
        22.239607976429397
      ],
      [
        -0.5993453863491947,
        -0.8005451690852983,
        0.00014380567764572975,
        -12.341121628553083
      ],
      [
        -0.0014347296077210788,
        0.0012539007086764464,
        1.0000045855133484,
        1.0816540816513225
      ],
      [
        0.0,
        0.0,
        0.0,
        1.0
      ]
    ],
    "location": [
      22.239607976429397,
      -12.341121628553083,
      1.0816540816513225
    ],
    "rotation": [
      0.0012538943017784715,
      0.0014347209164851408,
      -2.4989434069339875
    ]
  },
  {
    "label_id": "51XfsSndNbxOYol5ZhZdTA",
    "size": [
      1.8797856288791088,
      4.076636714678694,
      1.3999999999999986
    ],
    "obj_class": "vehicle",
    "point_num_in_lidar": 40,
    "speed": 1.6077746776921857e-12,
    "if_vehicle": true,
    "motion_state": false,
    "pose": [
      [
        -0.9803825409794907,
        0.1973135770176138,
        -0.0019022534832888668,
        24.619447444209072
      ],
      [
        -0.19732027871952096,
        -0.9803836838146199,
        0.00014380567764572975,
        44.401292365801055
      ],
      [
        -0.0018342568701089402,
        0.000515962953077955,
        1.0000045855133484,
        0.9143275007482998
      ],
      [
        0.0,
        0.0,
        0.0,
        1.0
      ]
    ],
    "location": [
      24.619447444209072,
      44.401292365801055,
      0.9143275007482998
    ],
    "rotation": [
      0.0005159605413482639,
      0.0018342461579009214,
      -2.9429775280611308
    ]
  },
  {
    "label_id": "7tOgwMtQQau9C7cR3nDM_A",
    "size": [
      2.199510998150255,
      4.668562141136059,
      1.6400000000000006
    ],
    "obj_class": "vehicle",
    "point_num_in_lidar": 139,
    "speed": 0.021749662682609926,
    "if_vehicle": true,
    "motion_state": false,
    "pose": [
      [
        -0.2336304273940957,
        -0.9723679333094758,
        -0.0019022534832888668,
        33.337888016802026
      ],
      [
        0.9723688261667653,
        -0.2336371669553904,
        0.00014380567764572975,
        -36.01668731752579
      ],
      [
        -0.0005838088278457651,
        -0.0018138035414620114,
        1.0000045855133484,
        1.4088580995615985
      ],
      [
        0.0,
        0.0,
        0.0,
        1.0
      ]
    ],
    "location": [
      33.337888016802026,
      -36.01668731752579,
      1.4088580995615985
    ],
    "rotation": [
      -0.0018137932352437689,
      0.0005838051241531929,
      1.8065959738799853
    ]
  },
  {
    "label_id": "8bU9YqZGCj5wFCjrgGqXyA",
    "size": [
      0.3109838342945217,
      0.08639544551842648,
      0.6700000000000017
    ],
    "obj_class": "sign",
    "point_num_in_lidar": 23,
    "speed": 2.5421149729252077e-12,
    "if_vehicle": false,
    "motion_state": false,
    "pose": [
      [
        0.09913773320787805,
        0.9951152115143714,
        -0.0019022534832888668,
        21.21882398572052
      ],
      [
        -0.9951170131830427,
        0.09914428857747741,
        0.00014380567764572975,
        22.9295292631723
      ],
      [
        0.00033155651811037496,
        0.0018763758444909984,
        1.0000045855133484,
        2.985444101914595
      ],
      [
        0.0,
        0.0,
        0.0,
        1.0
      ]
    ],
    "location": [
      21.21882398572052,
      22.9295292631723,
      2.985444101914595
    ],
    "rotation": [
      0.0018763650383127877,
      -0.00033155440195117896,
      -1.4714997704605774
    ]
  },
  {
    "label_id": "9VwGco63NvqDkOZ7SoAOWQ",
    "size": [
      2.1388433729703507,
      4.855035932090138,
      1.5600000000000023
    ],
    "obj_class": "vehicle",
    "point_num_in_lidar": 1238,
    "speed": 1.0732849666578974,
    "if_vehicle": true,
    "motion_state": true,
    "pose": [
      [
        0.21233568339752398,
        0.977239035184839,
        -0.0019022534832888668,
        13.998794134509808
      ],
      [
        -0.9772400750383866,
        0.21234240184862407,
        0.00014380567764572975,
        15.69387013650703
      ],
      [
        0.0005440514313590434,
        0.0018261226887936483,
        1.0000045855133484,
        0.8764021176775714
      ],
      [
        0.0,
        0.0,
        0.0,
        1.0
      ]
    ],
    "location": [
      13.998794134509808,
      15.69387013650703,
      0.8764021176775714
    ],
    "rotation": [
      0.0018261122852823014,
      -0.0005440479758221604,
      -1.3568409893078635
    ]
  },
  {
    "label_id": "C4lVCY0U7eKSegXd8LC_FQ",
    "size": [
      0.9018772145063856,
      0.944866519994953,
      1.3999999999999986
    ],
    "obj_class": "pedestrian",
    "point_num_in_lidar": 51,
    "speed": 0.00231121345802253,
    "if_vehicle": false,
    "motion_state": false,
    "pose": [
      [
        0.17201652362138461,
        0.9851359753526934,
        -0.0019022534832888668,
        34.112579477456165
      ],
      [
        -0.985137290288166,
        0.17202319369074615,
        0.00014380567764572975,
        17.975952933229564
      ],
      [
        0.0004685845438317124,
        0.0018469284121949074,
        1.0000045855133484,
        1.0058184589363464
      ],
      [
        0.0,
        0.0,
        0.0,
        1.0
      ]
    ],
    "location": [
      34.112579477456165,
      17.975952933229564,
      1.0058184589363464
    ],
    "rotation": [
      0.00184691784310544,
      -0.00046858156165383334,
      -1.3979274206084835
    ]
  },
  {
    "label_id": "CpPxlJb2rlUaBE-2xJoBWw",
    "size": [
      0.7881720903956669,
      0.994941850972178,
      1.8900000000000006
    ],
    "obj_class": "pedestrian",
    "point_num_in_lidar": 243,
    "speed": 0.9202071804855778,
    "if_vehicle": false,
    "motion_state": false,
    "pose": [
      [
        -0.760853171160918,
        -0.648987693463646,
        -0.0019022534832888668,
        6.480504222905438
      ],
      [
        0.6489844516360885,
        -0.7608591468980836,
        0.00014380567764572975,
        9.200372185165179
      ],
      [
        -0.0015389552924952833,
        -0.001123535776996675,
        1.0000045855133484,
        0.8667521648175125
      ],
      [
        0.0,
        0.0,
        0.0,
        1.0
      ]
    ],
    "location": [
      6.480504222905438,
      9.200372185165179,
      0.8667521648175125
    ],
    "rotation": [
      -0.0011235301522802296,
      0.0015389460493804926,
      2.435377239855195
    ]
  },
  {
    "label_id": "DnS7Up19TsoNk12Ymz9Ndg",
    "size": [
      1.9636513337720207,
      4.880426123448928,
      1.5200000000000031
    ],
    "obj_class": "vehicle",
    "point_num_in_lidar": 79,
    "speed": 1.0825988311234516,
    "if_vehicle": true,
    "motion_state": true,
    "pose": [
      [
        -0.6665372107540677,
        -0.7455271430424759,
        -0.0019022534832888668,
        15.682431895351328
      ],
      [
        0.7455247353777513,
        -0.6665435685863365,
        0.00014380567764572975,
        29.028896086012537
      ],
      [
        -0.0013736547764465843,
        -0.0013205258761706466,
        1.0000045855133484,
        0.7835484692994896
      ],
      [
        0.0,
        0.0,
        0.0,
        1.0
      ]
    ],
    "location": [
      15.682431895351328,
      29.028896086012537,
      0.7835484692994896
    ],
    "rotation": [
      -0.0013205190533480914,
      0.001373646415918925,
      2.3003150052810666
    ]
  },
  {
    "label_id": "EMpodh1TjmNyW98IZUh2MA",
    "size": [
      2.173720317630713,
      4.530987525728997,
      1.8900000000000006
    ],
    "obj_class": "vehicle",
    "point_num_in_lidar": 243,
    "speed": 2.5421149729252077e-12,
    "if_vehicle": true,
    "motion_state": false,
    "pose": [
      [
        -0.6127374586467668,
        0.7903387761612045,
        -0.0019022534832888668,
        16.576357195488526
      ],
      [
        -0.7903445939393241,
        -0.6127339412132797,
        0.00014380567764572975,
        -18.11345606417308
      ],
      [
        -0.0010504199834140248,
        0.0015897590675744704,
        1.0000045855133484,
        0.8932764402622979
      ],
      [
        0.0,
        0.0,
        0.0,
        1.0
      ]
    ],
    "location": [
      16.576357195488526,
      -18.11345606417308,
      0.8932764402622979
    ],
    "rotation": [
      0.0015897504384829364,
      0.0010504134530298376,
      -2.2302805933041077
    ]
  },
  {
    "label_id": "FRk_wv4gWEdPQOAxAVKlJw",
    "size": [
      2.03754903095515,
      4.4473342942274545,
      1.3600000000000065
    ],
    "obj_class": "vehicle",
    "point_num_in_lidar": 102,
    "speed": 0.0015886593145619187,
    "if_vehicle": true,
    "motion_state": false,
    "pose": [
      [
        -0.9749296366400595,
        0.22269885031982156,
        -0.0019022534832888668,
        34.70732256436895
      ],
      [
        -0.22270557943217104,
        -0.9749306051066687,
        0.00014380567764572975,
        12.966796973458258
      ],
      [
        -0.0018202436936096476,
        0.0005634083158465793,
        1.0000045855133484,
        0.9683281287689169
      ],
      [
        0.0,
        0.0,
        0.0,
        1.0
      ]
    ],
    "location": [
      34.70732256436895,
      12.966796973458258,
      0.9683281287689169
    ],
    "rotation": [
      0.0005634056727288715,
      0.0018202330477038288,
      -2.9170135537174104
    ]
  },
  {
    "label_id": "GsCzF8GSnnWdvaGVsW2nYA",
    "size": [
      0.9597441527273538,
      0.9549516162441378,
      1.7999999999999972
    ],
    "obj_class": "pedestrian",
    "point_num_in_lidar": 81,
    "speed": 1.2549673268441173,
    "if_vehicle": false,
    "motion_state": true,
    "pose": [
      [
        0.28175843602592016,
        0.9595284039887074,
        -0.0019022534832888668,
        11.093353026080877
      ],
      [
        -0.9595289601505644,
        0.28176521168563523,
        0.00014380567764572975,
        -13.490712639395497
      ],
      [
        0.0006734006618020542,
        0.0017824835435917273,
        1.0000045855133484,
        0.9448824666410474
      ],
      [
        0.0,
        0.0,
        0.0,
        1.0
      ]
    ],
    "location": [
      11.093353026080877,
      -13.490712639395497,
      0.9448824666410474
    ],
    "rotation": [
      0.0017824734822595159,
      -0.0006733964023787044,
      -1.2851823029479121
    ]
  },
  {
    "label_id": "IlvD3LQihY_gza6wNBNkbw",
    "size": [
      2.2304143002019647,
      4.640428889590738,
      1.6000000000000014
    ],
    "obj_class": "vehicle",
    "point_num_in_lidar": 63,
    "speed": 2.5421149729252077e-12,
    "if_vehicle": true,
    "motion_state": false,
    "pose": [
      [
        -0.595588672980021,
        0.8033409655624356,
        -0.0019022534832888668,
        17.02719780364714
      ],
      [
        -0.803346706303551,
        -0.5955850311711256,
        0.00014380567764572975,
        -22.7356223210154
      ],
      [
        -0.001015967525406994,
        0.0016119944236284319,
        1.0000045855133484,
        0.7736628109606727
      ],
      [
        0.0,
        0.0,
        0.0,
        1.0
      ]
    ],
    "location": [
      17.02719780364714,
      -22.7356223210154,
      0.7736628109606727
    ],
    "rotation": [
      0.0016119856355919456,
      0.001015961197156622,
      -2.2087605760286384
    ]
  },
  {
    "label_id": "JKMgfkGQyJGWNzwnfDn1zw",
    "size": [
      0.8008319961445112,
      0.0756255792536936,
      0.7500000000000071
    ],
    "obj_class": "sign",
    "point_num_in_lidar": 44,
    "speed": 3.5950934718225418e-12,
    "if_vehicle": false,
    "motion_state": false,
    "pose": [
      [
        0.240485512044751,
        0.9706952625976202,
        -0.0019022534832888668,
        28.180971144349314
      ],
      [
        -0.9706961078792249,
        0.24049225773816188,
        0.00014380567764572975,
        -5.51813813791523
      ],
      [
        0.0005965922546378401,
        0.0018096391121427786,
        1.0000045855133484,
        2.865219625411669
      ],
      [
        0.0,
        0.0,
        0.0,
        1.0
      ]
    ],
    "location": [
      28.180971144349314,
      -5.51813813791523,
      2.865219625411669
    ],
    "rotation": [
      0.0018096288386893165,
      -0.0005965884713473616,
      -1.3279407472078233
    ]
  },
  {
    "label_id": "JhuATVQ6GWJyuhtPZT24-w",
    "size": [
      0.5237660962261297,
      0.06947402624494387,
      0.5500000000000043
    ],
    "obj_class": "sign",
    "point_num_in_lidar": 20,
    "speed": 2.2737367544323206e-12,
    "if_vehicle": false,
    "motion_state": false,
    "pose": [
      [
        -0.9913727888577449,
        0.131387091623591,
        -0.0019022534832888668,
        38.70253153458907
      ],
      [
        -0.13139370202116488,
        -0.9913743767886314,
        0.00014380567764572975,
        1.3982710173149826
      ],
      [
        -0.0018646246725792257,
        0.00039228926176941814,
        1.0000045855133484,
        3.4492385379980988
      ],
      [
        0.0,
        0.0,
        0.0,
        1.0
      ]
    ],
    "location": [
      38.70253153458907,
      1.3982710173149826,
      3.4492385379980988
    ],
    "rotation": [
      0.00039228744280705454,
      0.0018646138179281484,
      -3.009823500746963
    ]
  },
  {
    "label_id": "JoKbZ8BD1ksyS72fvT2i7A",
    "size": [
      2.065147650446563,
      4.299376155488723,
      1.720000000000006
    ],
    "obj_class": "vehicle",
    "point_num_in_lidar": 68,
    "speed": 2.5421149729252077e-12,
    "if_vehicle": true,
    "motion_state": false,
    "pose": [
      [
        -0.5430248410966534,
        0.8397657984729092,
        -0.0019022534832888668,
        16.85704186896328
      ],
      [
        -0.839771294707496,
        -0.543020839811116,
        0.00014380567764572975,
        69.86738871852867
      ],
      [
        -0.0009108585607888802,
        0.0016736345827952934,
        1.0000045855133484,
        0.5769047836172376
      ],
      [
        0.0,
        0.0,
        0.0,
        1.0
      ]
    ],
    "location": [
      16.85704186896328,
      69.86738871852867,
      0.5769047836172376
    ],
    "rotation": [
      0.001673625345734656,
      0.0009108528564954198,
      -2.144801792673853
    ]
  },
  {
    "label_id": "K-eppQ_Y2mxaYi38LjA21Q",
    "size": [
      2.109126623552133,
      4.81993915668481,
      1.500000000000007
    ],
    "obj_class": "vehicle",
    "point_num_in_lidar": 861,
    "speed": 2.208403227176227,
    "if_vehicle": true,
    "motion_state": true,
    "pose": [
      [
        -0.9171442246828648,
        -0.3986590591768306,
        -0.0019022534832888668,
        22.747812505738693
      ],
      [
        0.3986542143655065,
        -0.9171489940312288,
        0.00014380567764572975,
        10.151906650506135
      ],
      [
        -0.0017998726200132338,
        -0.0006254395144356295,
        1.0000045855133484,
        1.0017294239318062
      ],
      [
        0.0,
        0.0,
        0.0,
        1.0
      ]
    ],
    "location": [
      22.747812505738693,
      10.151906650506135,
      1.0017294239318062
    ],
    "rotation": [
      -0.0006254365649366651,
      0.0017998620711282241,
      2.731560816810154
    ]
  },
  {
    "label_id": "KOEE6quaGGyBFe93Q79Llg",
    "size": [
      0.8525538981938007,
      1.2101923106300116,
      1.8200000000000003
    ],
    "obj_class": "pedestrian",
    "point_num_in_lidar": 383,
    "speed": 1.7454296903635385,
    "if_vehicle": false,
    "motion_state": true,
    "pose": [
      [
        0.19193273284017026,
        0.9814501517639053,
        -0.0019022534832888668,
        10.85831843331107
      ],
      [
        -0.9814513313439376,
        0.19193942817224063,
        0.00014380567764572975,
        -7.201547992153792
      ],
      [
        0.0005058933983078562,
        0.0018370595809715324,
        1.0000045855133484,
        0.9988267523194736
      ],
      [
        0.0,
        0.0,
        0.0,
        1.0
      ]
    ],
    "location": [
      10.85831843331107,
      -7.201547992153792,
      0.9988267523194736
    ],
    "rotation": [
      0.0018370490906193917,
      -0.000505890181753374,
      -1.3776735116678913
    ]
  },
  {
    "label_id": "KbMLXJEn2w0pC4MSAuldSQ",
    "size": [
      1.9351478814685128,
      4.515592189324639,
      1.4500000000000028
    ],
    "obj_class": "vehicle",
    "point_num_in_lidar": 39,
    "speed": 2.5421149729252077e-12,
    "if_vehicle": true,
    "motion_state": false,
    "pose": [
      [
        -0.9801381658739944,
        0.19852392835638494,
        -0.0019022534832888668,
        40.996803744725185
      ],
      [
        -0.1985306314642694,
        -0.9801393004335012,
        0.00014380567764572975,
        14.42905983489618
      ],
      [
        -0.0018336184001217209,
        0.0005182273605530953,
        1.0000045855133484,
        0.9037670135569442
      ],
      [
        0.0,
        0.0,
        0.0,
        1.0
      ]
    ],
    "location": [
      40.996803744725185,
      14.42905983489618,
      0.9037670135569442
    ],
    "rotation": [
      0.0005182249378345147,
      0.0018336076909267602,
      -2.941742804116429
    ]
  },
  {
    "label_id": "LZxOUoMGi7vtc5t3F_znJA",
    "size": [
      0.8094053723150089,
      1.0083618395238672,
      1.6300000000000026
    ],
    "obj_class": "pedestrian",
    "point_num_in_lidar": 356,
    "speed": 1.1809995099993658,
    "if_vehicle": false,
    "motion_state": true,
    "pose": [
      [
        0.74129546028606,
        0.6712403555300942,
        -0.0019022534832888668,
        8.636514429948875
      ],
      [
        -0.671237292134032,
        0.7413015294281041,
        0.00014380567764572975,
        -8.440337035652192
      ],
      [
        0.0015049994256661906,
        0.0011686285822429655,
        1.0000045855133484,
        0.8554241684096269
      ],
      [
        0.0,
        0.0,
        0.0,
        1.0
      ]
    ],
    "location": [
      8.636514429948875,
      -8.440337035652192,
      0.8554241684096269
    ],
    "rotation": [
      0.0011686226915174633,
      -0.0015049903605679202,
      -0.7358412190330975
    ]
  },
  {
    "label_id": "LinZfU-zluGcqLzAeStW8g",
    "size": [
      0.5054790318200173,
      0.10862760562286883,
      0.4322335325982465
    ],
    "obj_class": "sign",
    "point_num_in_lidar": 38,
    "speed": 0.000583716258807226,
    "if_vehicle": false,
    "motion_state": false,
    "pose": [
      [
        0.19459843836764013,
        0.9809250848651819,
        -0.0019022534832888668,
        4.687467846997606
      ],
      [
        -0.9809262462509142,
        0.19460513687969627,
        0.00014380567764572975,
        20.932020193671633
      ],
      [
        0.0005108824736455887,
        0.0018356783848519117,
        1.0000045855133484,
        2.9170611824890784
      ],
      [
        0.0,
        0.0,
        0.0,
        1.0
      ]
    ],
    "location": [
      4.687467846997606,
      20.932020193671633,
      2.9170611824890784
    ],
    "rotation": [
      0.0018356679054908956,
      -0.000510879225801658,
      -1.3749566976491
    ]
  },
  {
    "label_id": "MMD9C-pfI8EcfG-gPi3gJQ",
    "size": [
      1.8487968183674908,
      4.512174364374527,
      1.730000000000004
    ],
    "obj_class": "vehicle",
    "point_num_in_lidar": 43,
    "speed": 2.255157446050204,
    "if_vehicle": true,
    "motion_state": true,
    "pose": [
      [
        0.2887688660895469,
        0.9574419649828632,
        -0.0019022534832888668,
        26.62182517646579
      ],
      [
        -0.957442471572841,
        0.28877564563578384,
        0.00014380567764572975,
        -34.94637845671241
      ],
      [
        0.0006864196894271554,
        0.0017775106313205249,
        1.0000045855133484,
        1.3069880744106968
      ],
      [
        0.0,
        0.0,
        0.0,
        1.0
      ]
    ],
    "location": [
      26.62182517646579,
      -34.94637845671241,
      1.3069880744106968
    ],
    "rotation": [
      0.0017775006085474318,
      -0.0006864153496805869,
      -1.2778682527072982
    ]
  },
  {
    "label_id": "MV_5Q0rxAuIpiIi20l_8Sw",
    "size": [
      2.072069356398147,
      4.341091663754647,
      1.8400000000000034
    ],
    "obj_class": "vehicle",
    "point_num_in_lidar": 61,
    "speed": 0.0033071542972463526,
    "if_vehicle": true,
    "motion_state": false,
    "pose": [
      [
        -0.2645297088747379,
        -0.96442034790621,
        -0.0019022534832888668,
        11.639130848408968
      ],
      [
        0.9644210253195645,
        -0.2645364734879369,
        0.00014380567764572975,
        57.23610921503132
      ],
      [
        -0.0006413713836107536,
        -0.0017942571674027128,
        1.0000045855133484,
        0.44502129152749603
      ],
      [
        0.0,
        0.0,
        0.0,
        1.0
      ]
    ],
    "location": [
      11.639130848408968,
      57.23610921503132,
      0.44502129152749603
    ],
    "rotation": [
      -0.0017942470144279318,
      0.0006413673222789948,
      1.8385010500236438
    ]
  },
  {
    "label_id": "MjDrc4ihzQVdQ9IC3yqsig",
    "size": [
      0.828134909046891,
      0.7298107158624727,
      1.7100000000000009
    ],
    "obj_class": "pedestrian",
    "point_num_in_lidar": 43,
    "speed": 1.2171393015448293,
    "if_vehicle": false,
    "motion_state": true,
    "pose": [
      [
        0.022733257056647103,
        0.9997828631040266,
        -0.0019022534832888668,
        18.263401726435404
      ],
      [
        -0.9997851608997754,
        0.022739655417005965,
        0.00014380567764572975,
        47.67559959220671
      ],
      [
        0.00018706559516402138,
        0.0018962390402047676,
        1.0000045855133484,
        0.7820516859695772
      ],
      [
        0.0,
        0.0,
        0.0,
        1.0
      ]
    ],
    "location": [
      18.263401726435404,
      47.67559959220671,
      0.7820516859695772
    ],
    "rotation": [
      0.0018962280722682515,
      -0.00018706439888173298,
      -1.5480621021960208
    ]
  },
  {
    "label_id": "NcatSspzHLij99dYOQK-rg",
    "size": [
      1.7739550460131401,
      3.9636768702055396,
      1.3800000000000026
    ],
    "obj_class": "vehicle",
    "point_num_in_lidar": 22,
    "speed": 1.1368683772161603e-12,
    "if_vehicle": true,
    "motion_state": false,
    "pose": [
      [
        0.3072985705235214,
        0.9516565361973243,
        -0.0019022534832888668,
        76.43868683026085
      ],
      [
        -0.9516569110997484,
        0.30730535862552105,
        0.00014380567764572975,
        6.585939678407158
      ],
      [
        0.0007207921470085017,
        0.00176385223737751,
        1.0000045855133484,
        0.9506684532855161
      ],
      [
        0.0,
        0.0,
        0.0,
        1.0
      ]
    ],
    "location": [
      76.43868683026085,
      6.585939678407158,
      0.9506684532855161
    ],
    "rotation": [
      0.001763842320057703,
      -0.000720787595759773,
      -1.2584568370589009
    ]
  },
  {
    "label_id": "Nd72enoaUv9l45M43pbdYw",
    "size": [
      0.9619118223230911,
      0.7962712858776171,
      1.6499999999999986
    ],
    "obj_class": "pedestrian",
    "point_num_in_lidar": 368,
    "speed": 0.0020826575569762042,
    "if_vehicle": false,
    "motion_state": false,
    "pose": [
      [
        0.9771194752565143,
        -0.21288519302037553,
        -0.0019022534832888668,
        5.622624003364763
      ],
      [
        0.21289191205516733,
        0.977120511331826,
        0.00014380567764572975,
        7.6232012618056615
      ],
      [
        0.0018258164567290856,
        -0.0005450782520226077,
        1.0000045855133484,
        0.7164428775628267
      ],
      [
        0.0,
        0.0,
        0.0,
        1.0
      ]
    ],
    "location": [
      5.622624003364763,
      7.6232012618056615,
      0.7164428775628267
    ],
    "rotation": [
      -0.0005450756985884329,
      -0.0018258057844132314,
      0.2145244657021883
    ]
  },
  {
    "label_id": "PLIUxvOCVsYz1y-U52_w-g",
    "size": [
      1.1418908072877012,
      1.0812464483086648,
      1.6799999999999997
    ],
    "obj_class": "pedestrian",
    "point_num_in_lidar": 679,
    "speed": 1.7311876899030902,
    "if_vehicle": false,
    "motion_state": true,
    "pose": [
      [
        0.9950867854259229,
        -0.09942265236651039,
        -0.0019022534832888668,
        -1.0410259324416984
      ],
      [
        0.09942920825169813,
        0.9950885852175748,
        0.00014380567764572975,
        6.693025048247364
      ],
      [
        0.001876280835704523,
        -0.0003320937519115682,
        1.0000045855133484,
        0.7444920965840538
      ],
      [
        0.0,
        0.0,
        0.0,
        1.0
      ]
    ],
    "location": [
      -1.0410259324416984,
      6.693025048247364,
      0.7444920965840538
    ],
    "rotation": [
      -0.00033209221688992825,
      -0.0018762699268342552,
      0.09958957991227779
    ]
  },
  {
    "label_id": "RLwpXW5onTXDRmiQoJpcRw",
    "size": [
      0.9158691018535026,
      1.1417508792291562,
      1.8500000000000014
    ],
    "obj_class": "pedestrian",
    "point_num_in_lidar": 958,
    "speed": 1.4714944475996539,
    "if_vehicle": false,
    "motion_state": true,
    "pose": [
      [
        0.5062774164365764,
        0.8624185480027632,
        -0.0019022534832888668,
        7.780450454149104
      ],
      [
        -0.8624174425731364,
        0.5062841244098862,
        0.00014380567764572975,
        -3.4068750242586248
      ],
      [
        0.0010859948085425442,
        0.0015656727979719812,
        1.0000045855133484,
        0.9003176943609787
      ],
      [
        0.0,
        0.0,
        0.0,
        1.0
      ]
    ],
    "location": [
      7.780450454149104,
      -3.4068750242586248,
      0.9003176943609787
    ],
    "rotation": [
      0.0015656643392832849,
      -0.0010859880707484234,
      -1.039957397246953
    ]
  },
  {
    "label_id": "SQQ6HVe8YtnoiVO4yfPY2Q",
    "size": [
      1.927476705803071,
      4.326488639833419,
      1.3500000000000014
    ],
    "obj_class": "vehicle",
    "point_num_in_lidar": 155,
    "speed": 3.5950934718225418e-12,
    "if_vehicle": true,
    "motion_state": false,
    "pose": [
      [
        -0.20666285531075276,
        -0.9784544131269967,
        -0.0019022534832888668,
        29.322743437318422
      ],
      [
        0.9784554919387837,
        -0.20666956761629654,
        0.00014380567764572975,
        -18.481695342044986
      ],
      [
        -0.0005334483941300381,
        -0.0018292481639435526,
        1.0000045855133484,
        0.9282331695892481
      ],
      [
        0.0,
        0.0,
        0.0,
        1.0
      ]
    ],
    "location": [
      29.322743437318422,
      -18.481695342044986,
      0.9282331695892481
    ],
    "rotation": [
      -0.0018292377356600958,
      0.0005334450049224983,
      1.7789503314749109
    ]
  },
  {
    "label_id": "UMM0XzCyaXFdt743gKi7vA",
    "size": [
      2.018934327648108,
      4.470248932210846,
      1.7100000000000009
    ],
    "obj_class": "vehicle",
    "point_num_in_lidar": 20,
    "speed": 0.022119496670459867,
    "if_vehicle": true,
    "motion_state": false,
    "pose": [
      [
        -0.22629121969707341,
        -0.9741020779265895,
        -0.0019022534832888668,
        16.994062892816146
      ],
      [
        0.9741030215810961,
        -0.22629795233376032,
        0.00014380567764572975,
        33.59920336785581
      ],
      [
        -0.0005701144509595155,
        -0.0018181544343916145,
        1.0000045855133484,
        0.7943159590784035
      ],
      [
        0.0,
        0.0,
        0.0,
        1.0
      ]
    ],
    "location": [
      16.994062892816146,
      33.59920336785581,
      0.7943159590784035
    ],
    "rotation": [
      -0.0018181440938743374,
      0.0005701108326428022,
      1.7990549609856035
    ]
  },
  {
    "label_id": "WRasNf5aFU5EQsYKqc3aig",
    "size": [
      0.8642005477287813,
      0.9213117662531766,
      1.6099999999999994
    ],
    "obj_class": "pedestrian",
    "point_num_in_lidar": 255,
    "speed": 1.1549961251938332,
    "if_vehicle": false,
    "motion_state": true,
    "pose": [
      [
        0.9859458034832274,
        -0.16731242310928918,
        -0.0019022534832888668,
        3.338735604629619
      ],
      [
        0.16731908682636712,
        0.9859471502405515,
        0.00014380567764572975,
        -9.379764227836858
      ],
      [
        0.0018491439687881946,
        -0.0004597636536145689,
        1.0000045855133484,
        0.7900677759640757
      ],
      [
        0.0,
        0.0,
        0.0,
        1.0
      ]
    ],
    "location": [
      3.338735604629619,
      -9.379764227836858,
      0.7900677759640757
    ],
    "rotation": [
      -0.00045976151297696716,
      -0.001849133186537728,
      0.16810259541696462
    ]
  },
  {
    "label_id": "Wc72pGuPCXfpIpqhr-sJew",
    "size": [
      0.9748219167226073,
      1.4516448810316316,
      1.6099999999999994
    ],
    "obj_class": "pedestrian",
    "point_num_in_lidar": 43,
    "speed": 1.3294978152223977,
    "if_vehicle": false,
    "motion_state": true,
    "pose": [
      [
        0.9837541320715962,
        -0.1797508886346575,
        -0.0019022534832888668,
        30.191795965729398
      ],
      [
        0.17975756882889257,
        0.9837553945634047,
        0.00014380567764572975,
        15.212446122714027
      ],
      [
        0.0018431899994111299,
        -0.0004830803872665178,
        1.0000045855133484,
        1.1231652751581578
      ],
      [
        0.0,
        0.0,
        0.0,
        1.0
      ]
    ],
    "location": [
      30.191795965729398,
      15.212446122714027,
      1.1231652751581578
    ],
    "rotation": [
      -0.00048307813452734793,
      -0.0018431792451245581,
      0.18073223665741892
    ]
  },
  {
    "label_id": "XOGZVIJgjh_BcRiES2OlFA",
    "size": [
      2.283312690550051,
      5.01776074174188,
      1.7999999999999972
    ],
    "obj_class": "vehicle",
    "point_num_in_lidar": 48,
    "speed": 2.2737367544323206e-12,
    "if_vehicle": true,
    "motion_state": false,
    "pose": [
      [
        -0.9781435558071041,
        0.20812918720334103,
        -0.0019022534832888668,
        63.74672012505471
      ],
      [
        -0.20813590111833044,
        -0.9781446245568877,
        0.00014380567764572975,
        19.87463532618858
      ],
      [
        -0.0018284465458816557,
        0.0005361895778026817,
        1.0000045855133484,
        0.9871928798756926
      ],
      [
        0.0,
        0.0,
        0.0,
        1.0
      ]
    ],
    "location": [
      63.74672012505471,
      19.87463532618858,
      0.9871928798756926
    ],
    "rotation": [
      0.0005361870677255026,
      0.0018284358611211583,
      -2.9319330009900595
    ]
  },
  {
    "label_id": "XzMQXo511mOTZ9b8qsu5-g",
    "size": [
      1.7372453811588715,
      3.7302123275017713,
      1.2000000000000028
    ],
    "obj_class": "vehicle",
    "point_num_in_lidar": 21,
    "speed": 0.0025253238688883444,
    "if_vehicle": true,
    "motion_state": false,
    "pose": [
      [
        -0.7109191557708626,
        0.703332445071982,
        -0.0019022534832888668,
        17.843474704728578
      ],
      [
        -0.7033386732181096,
        -0.7109164301376522,
        0.00014380567764572975,
        66.31985211157007
      ],
      [
        -0.00124947833134807,
        0.0014385826128458568,
        1.0000045855133484,
        0.42921932383990224
      ],
      [
        0.0,
        0.0,
        0.0,
        1.0
      ]
    ],
    "location": [
      17.843474704728578,
      66.31985211157007,
      0.42921932383990224
    ],
    "rotation": [
      0.0014385750238594178,
      0.001249470658769084,
      -2.361554481703595
    ]
  },
  {
    "label_id": "Y_9VwrgCiCR7GJmciwJvfw",
    "size": [
      0.4863885741942784,
      0.12473852654514349,
      0.6300000000000026
    ],
    "obj_class": "sign",
    "point_num_in_lidar": 20,
    "speed": 3.410605131648481e-12,
    "if_vehicle": false,
    "motion_state": false,
    "pose": [
      [
        0.1720165236213993,
        0.9851359753526907,
        -0.0019022534832888668,
        24.99687915721006
      ],
      [
        -0.9851372902881634,
        0.17202319369076083,
        0.00014380567764572975,
        13.261212751931453
      ],
      [
        0.0004685845438317393,
        0.001846928412194897,
        1.0000045855133484,
        2.6435089903885682
      ],
      [
        0.0,
        0.0,
        0.0,
        1.0
      ]
    ],
    "location": [
      24.99687915721006,
      13.261212751931453,
      2.6435089903885682
    ],
    "rotation": [
      0.0018469178431054297,
      -0.0004685815616538603,
      -1.3979274206084686
    ]
  },
  {
    "label_id": "Z9OsRYR58DxyfT5G8nd1sw",
    "size": [
      0.9114227453917593,
      0.9160872246739158,
      1.9500000000000028
    ],
    "obj_class": "pedestrian",
    "point_num_in_lidar": 549,
    "speed": 0.015831876931011537,
    "if_vehicle": false,
    "motion_state": false,
    "pose": [
      [
        -0.49156227248244755,
        0.8708898360899505,
        -0.0019022534832888668,
        6.474294724306674
      ],
      [
        -0.8708950818571939,
        -0.49155794803952246,
        0.00014380567764572975,
        8.24575069261482
      ],
      [
        -0.0008086047246968966,
        0.0017253621166840964,
        1.0000045855133484,
        0.8775362813346419
      ],
      [
        0.0,
        0.0,
        0.0,
        1.0
      ]
    ],
    "location": [
      6.474294724306674,
      8.24575069261482,
      0.8775362813346419
    ],
    "rotation": [
      0.0017253524930138436,
      0.0008085996370781626,
      -2.0846532695893667
    ]
  },
  {
    "label_id": "Zf_0k6PmuzbSRQRWpdsKQg",
    "size": [
      1.9263009385307086,
      4.30626809851573,
      1.480000000000004
    ],
    "obj_class": "vehicle",
    "point_num_in_lidar": 171,
    "speed": 3.939912224374157,
    "if_vehicle": true,
    "motion_state": true,
    "pose": [
      [
        -0.5423778605307178,
