[
  {
    "label_id": "1XGa86vdVK8I7WhqZCOcOQ",
    "size": [
      1.9388804825461052,
      4.415578465873616,
      1.6900000000000048
    ],
    "obj_class": "vehicle",
    "point_num_in_lidar": 73,
    "speed": 1.1368683772161603e-12,
    "if_vehicle": true,
    "motion_state": false,
    "pose": [
      [
        -0.20666202575478845,
        -0.9784542133460127,
        -0.002086240054734724,
        30.324728872648848
      ],
      [
        0.978455774676331,
        -0.20666821589362128,
        -0.0001615730029016943,
        -24.122918183755246
      ],
      [
        -0.00027269188977914976,
        -0.0020723621667278662,
        1.0000042163500817,
        1.1161911756323661
      ],
      [
        0.0,
        0.0,
        0.0,
        1.0
      ]
    ],
    "location": [
      30.324728872648848,
      -24.122918183755246,
      1.1161911756323661
    ],
    "rotation": [
      -0.002072350462291284,
      0.0002726901477068687,
      1.7789494614337442
    ]
  },
  {
    "label_id": "2kx3n6sQg97wQoT2iuuqkw",
    "size": [
      1.9436068624993106,
      4.581826043400449,
      1.470000000000006
    ],
    "obj_class": "vehicle",
    "point_num_in_lidar": 73,
    "speed": 1.1368683772161603e-12,
    "if_vehicle": true,
    "motion_state": false,
    "pose": [
      [
        0.9673923590359387,
        -0.25344400601024064,
        -0.002086240054734724,
        38.07407109151973
      ],
      [
        0.2534502640287427,
        0.9673936210880617,
        -0.0001615730029016943,
        3.4862844947492704
      ],
      [
        0.0020568633083240897,
        -0.000371966594879729,
        1.0000042163500817,
        0.94342651384693
      ],
      [
        0.0,
        0.0,
        0.0,
        1.0
      ]
    ],
    "location": [
      38.07407109151973,
      3.4862844947492704,
      0.94342651384693
    ],
    "rotation": [
      -0.0003719650093901837,
      -0.0020568515930103606,
      0.25623418472218507
    ]
  },
  {
    "label_id": "3NGaBQl276KzZKljja6dOA",
    "size": [
      0.7299292117232192,
      0.694010124373706,
      1.1000000000000014
    ],
    "obj_class": "pedestrian",
    "point_num_in_lidar": 178,
    "speed": 0.0016445852196477085,
    "if_vehicle": false,
    "motion_state": false,
    "pose": [
      [
        0.7397891797239505,
        0.6728995542181627,
        -0.002086240054734724,
        2.639016360757523
      ],
      [
        -0.6728972011858153,
        0.7397951142677328,
        -0.0001615730029016943,
        12.670545724002295
      ],
      [
        0.0014330048757685765,
        0.0015216907842462084,
        1.0000042163500817,
        0.7078001042539199
      ],
      [
        0.0,
        0.0,
        0.0,
        1.0
      ]
    ],
    "location": [
      2.639016360757523,
      12.670545724002295,
      0.7078001042539199
    ],
    "rotation": [
      0.0015216831937952843,
      -0.0014329961937993665,
      -0.7380825995398995
    ]
  },
  {
    "label_id": "3P6tBBZUHGg_gbV4OhqorA",
    "size": [
      0.8275096005569426,
      0.8398197400242338,
      1.6499999999999986
    ],
    "obj_class": "pedestrian",
    "point_num_in_lidar": 200,
    "speed": 1.4654809253762429,
    "if_vehicle": false,
    "motion_state": true,
    "pose": [
      [
        0.31286898639041216,
        0.949839374767478,
        -0.002086240054734724,
        10.067256401751365
      ],
      [
        -0.949840246832284,
        0.3128753105562945,
        -0.0001615730029016943,
        -10.70568339638703
      ],
      [
        0.0004986359827144208,
        0.002029878807608666,
        1.0000042163500817,
        0.8772114025204019
      ],
      [
        0.0,
        0.0,
        0.0,
        1.0
      ]
    ],
    "location": [
      10.067256401751365,
      -10.70568339638703,
      0.8772114025204019
    ],
    "rotation": [
      0.0020298674610309585,
      -0.0004986328116979406,
      -1.2525979090370472
    ]
  },
  {
    "label_id": "4JRTQZlhJCGV0xv6XMfMIw",
    "size": [
      2.1256513865936006,
      4.668043267308801,
      1.6099999999999994
    ],
    "obj_class": "vehicle",
    "point_num_in_lidar": 94,
    "speed": 6.629024818318272e-12,
    "if_vehicle": true,
    "motion_state": false,
    "pose": [
      [
        0.17522605021619764,
        0.9845697902278274,
        -0.002086240054734724,
        21.038530629739398
      ],
      [
        -0.9845715489651694,
        0.17523218718728237,
        -0.0001615730029016943,
        48.92433482968772
      ],
      [
        0.00020619523326234493,
        0.002080031091742675,
        1.0000042163500817,
        0.9532368023650406
      ],
      [
        0.0,
        0.0,
        0.0,
        1.0
      ]
    ],
    "location": [
      21.038530629739398,
      48.92433482968772,
      0.9532368023650406
    ],
    "rotation": [
      0.0020800193219142693,
      -0.00020619391490477252,
      -1.3946685514190942
    ]
  },
  {
    "label_id": "50vFTXzPARJLsyl_rL8FYw",
    "size": [
      0.9071328832650133,
      0.8769552914394498,
      1.8200000000000003
    ],
    "obj_class": "pedestrian",
    "point_num_in_lidar": 127,
    "speed": 1.1525000143666664,
    "if_vehicle": false,
    "motion_state": true,
    "pose": [
      [
        -0.7958036650692482,
        0.6056222974478311,
        -0.002086240054734724,
        22.150509756800602
      ],
      [
        -0.6056285601085394,
        -0.7958024262585337,
        -0.0001615730029016943,
        -12.40931300540251
      ],
      [
        -0.0017561490847458397,
        0.0011335723219021787,
        1.0000042163500817,
        1.0814083429727361
      ],
      [
        0.0,
        0.0,
        0.0,
        1.0
      ]
    ],
    "location": [
      22.150509756800602,
      -12.40931300540251,
      1.0814083429727361
    ],
    "rotation": [
      0.0011335670568494946,
      0.0017561387466129084,
      -2.4910711519773994
    ]
  },
  {
    "label_id": "51XfsSndNbxOYol5ZhZdTA",
    "size": [
      1.8797856288791188,
      4.076636714678694,
      1.3999999999999986
    ],
    "obj_class": "vehicle",
    "point_num_in_lidar": 33,
    "speed": 1.6077746776921857e-12,
    "if_vehicle": true,
    "motion_state": false,
    "pose": [
      [
        -0.980382333289585,
        0.19731274940384966,
        -0.002086240054734724,
        24.619447444209072
      ],
      [
        -0.19731892435694198,
        -0.9803839536369059,
        -0.0001615730029016943,
        44.40129236579378
      ],
      [
        -0.0020748707385225035,
        0.0002528976774496478,
        1.0000042163500817,
        0.9143275007484135
      ],
      [
        0.0,
        0.0,
        0.0,
        1.0
      ]
    ],
    "location": [
      24.619447444209072,
      44.40129236579378,
      0.9143275007484135
    ],
    "rotation": [
      0.0002528966057575237,
      0.00207485894637219,
      -2.9429788147640816
    ]
  },
  {
    "label_id": "7tOgwMtQQau9C7cR3nDM_A",
    "size": [
      2.199510998150253,
      4.668562141136059,
      1.6400000000000006
    ],
    "obj_class": "vehicle",
    "point_num_in_lidar": 142,
    "speed": 0.021749662867895897,
    "if_vehicle": true,
    "motion_state": false,
    "pose": [
      [
        -0.23362959263016497,
        -0.9723677565361268,
        -0.002086240054734724,
        33.33750669282017
      ],
      [
        0.9723691461613578,
        -0.2336358235621057,
        -0.0001615730029016943,
        -36.01454544917942
      ],
      [
        -0.0003298721459332746,
        -0.002064032505600076,
        1.0000042163500817,
        1.4088700901571656
      ],
      [
        0.0,
        0.0,
        0.0,
        1.0
      ]
    ],
    "location": [
      33.33750669282017,
      -36.01454544917942,
      1.4088700901571656
    ],
    "rotation": [
      -0.002064020871913186,
      0.0003298700404633325,
      1.8065950874959231
    ]
  },
  {
    "label_id": "8bU9YqZGCj5wFCjrgGqXyA",
    "size": [
      0.310983834294523,
      0.08639544551842648,
      0.6700000000000017
    ],
    "obj_class": "sign",
    "point_num_in_lidar": 26,
    "speed": 2.5421149729252077e-12,
    "if_vehicle": false,
    "motion_state": false,
    "pose": [
      [
        0.0991369302641709,
        0.9951149227910484,
        -0.002086240054734724,
        21.218823985727795
      ],
      [
        -0.9951171473925987,
        0.09914291413575003,
        -0.0001615730029016943,
        22.929529263165023
      ],
      [
        4.5930920951379145e-05,
        0.0020897215525846756,
        1.0000042163500817,
        2.9854441019144815
      ],
      [
        0.0,
        0.0,
        0.0,
        1.0
      ]
    ],
    "location": [
      21.218823985727795,
      22.929529263165023,
      2.9854441019144815
    ],
    "rotation": [
      0.002089709699777091,
      -4.5930626971951674e-05,
      -1.4715005827187242
    ]
  },
  {
    "label_id": "9VwGco63NvqDkOZ7SoAOWQ",
    "size": [
      2.1388433729728114,
      4.855035932090138,
      1.5600000000000023
    ],
    "obj_class": "vehicle",
    "point_num_in_lidar": 1244,
    "speed": 1.1116098382065467,
    "if_vehicle": true,
    "motion_state": true,
    "pose": [
      [
        0.21261848816050485,
        0.9771771686833349,
        -0.002086240054734724,
        14.02150052577781
      ],
      [
        -0.9771786922771829,
        0.21262468769540027,
        -0.0001615730029016943,
        15.587303540640278
      ],
      [
        0.00028531071534587286,
        0.0020706626022955034,
        1.0000042163500817,
        0.8783751871129652
      ],
      [
        0.0,
        0.0,
        0.0,
        1.0
      ]
    ],
    "location": [
      14.02150052577781,
      15.587303540640278,
      0.8783751871129652
    ],
    "rotation": [
      0.0020706509123178357,
      -0.0002853088929939653,
      -1.3565516119193395
    ]
  },
  {
    "label_id": "C4lVCY0U7eKSegXd8LC_FQ",
    "size": [
      0.9018772145063882,
      0.944866519994953,
      1.3999999999999986
    ],
    "obj_class": "pedestrian",
    "point_num_in_lidar": 43,
    "speed": 0.002311213476661136,
    "if_vehicle": false,
    "motion_state": false,
    "pose": [
      [
        0.17201570162698934,
        0.9851357464316336,
        -0.002086240054734724,
        34.112739990407135
      ],
      [
        -0.9851375251644127,
        0.17202183283248526,
        -0.0001615730029016943,
        17.975786555740342
      ],
      [
        0.0001994138277007113,
        0.0020806921786170347,
        1.0000042163500817,
        1.0058195300048283
      ],
      [
        0.0,
        0.0,
        0.0,
        1.0
      ]
    ],
    "location": [
      34.112739990407135,
      17.975786555740342,
      1.0058195300048283
    ],
    "rotation": [
      0.002080680403140195,
      -0.00019941255261022927,
      -1.3979282707159342
    ]
  },
  {
    "label_id": "CpPxlJb2rlUaBE-2xJoBWw",
    "size": [
      0.7881720903968137,
      0.994941850972178,
      1.8900000000000006
    ],
    "obj_class": "pedestrian",
    "point_num_in_lidar": 209,
    "speed": 0.9341837695515903,
    "if_vehicle": false,
    "motion_state": false,
    "pose": [
      [
        -0.7832645801325214,
        -0.621754322874769,
        -0.002086240054734724,
        6.411969250730181
      ],
      [
        0.6217515770198306,
        -0.7832703434520326,
        -0.0001615730029016943,
        9.262990150884434
      ],
      [
        -0.0015318604263371202,
        -0.0014221284931603768,
        1.0000042163500817,
        0.8650451639826997
      ],
      [
        0.0,
        0.0,
        0.0,
        1.0
      ]
    ],
    "location": [
      6.411969250730181,
      9.262990150884434,
      0.8650451639826997
    ],
    "rotation": [
      -0.0014221215382796972,
      0.0015318512202724321,
      2.47064666208378
    ]
  },
  {
    "label_id": "DnS7Up19TsoNk12Ymz9Ndg",
    "size": [
      1.9636513337570634,
      4.880426123448928,
      1.5200000000000031
    ],
    "obj_class": "vehicle",
    "point_num_in_lidar": 63,
    "speed": 1.0827425891533682,
    "if_vehicle": true,
    "motion_state": true,
    "pose": [
      [
        -0.6661766751464999,
        -0.7458488305242503,
        -0.002086240054734724,
        15.761031469119189
      ],
      [
        0.7458471043075189,
        -0.6661828213442618,
        -0.0001615730029016943,
        28.951719636796042
      ],
      [
        -0.0012678264968519998,
        -0.001661824837555491,
        1.0000042163500817,
        0.784108688759602
      ],
      [
        0.0,
        0.0,
        0.0,
        1.0
      ]
    ],
    "location": [
      15.761031469119189,
      28.951719636796042,
      0.784108688759602
    ],
    "rotation": [
      -0.001661816300972244,
      0.0012678187213633332,
      2.2998313844279794
    ]
  },
  {
    "label_id": "EMpodh1TjmNyW98IZUh2MA",
    "size": [
      2.1737203176307114,
      4.530987525728997,
      1.8900000000000006
    ],
    "obj_class": "vehicle",
    "point_num_in_lidar": 245,
    "speed": 2.5421149729252077e-12,
    "if_vehicle": true,
    "motion_state": false,
    "pose": [
      [
        -0.6127378426679466,
        0.7903380141852396,
        -0.002086240054734724,
        16.576357195488526
      ],
      [
        -0.7903437456607847,
        -0.6127350309497511,
        -0.0001615730029016943,
        -18.11345606417308
      ],
      [
        -0.001404481083674192,
        0.001548056427407511,
        1.0000042163500817,
        0.8932764402621842
      ],
      [
        0.0,
        0.0,
        0.0,
        1.0
      ]
    ],
    "location": [
      16.576357195488526,
      -18.11345606417308,
      0.8932764402621842
    ],
    "rotation": [
      0.0015480486636765213,
      0.0014044725555733984,
      -2.2302814165100195
    ]
  },
  {
    "label_id": "FRk_wv4gWEdPQOAxAVKlJw",
    "size": [
      2.037549030955152,
      4.4473342942274545,
      1.3600000000000065
    ],
    "obj_class": "vehicle",
    "point_num_in_lidar": 129,
    "speed": 0.0015886593245180533,
    "if_vehicle": true,
    "motion_state": false,
    "pose": [
      [
        -0.9749294505058907,
        0.22269801759315047,
        -0.002086240054734724,
        34.70738490174699
      ],
      [
        -0.2227042325309494,
        -0.9749309099987098,
        -0.0001615730029016943,
        12.966650629343349
      ],
      [
        -0.0020676059195178825,
        0.00030667829791323077,
        1.0000042163500817,
        0.9684284105551342
      ],
      [
        0.0,
        0.0,
        0.0,
        1.0
      ]
    ],
    "location": [
      34.70738490174699,
      12.966650629343349,
      0.9684284105551342
    ],
    "rotation": [
      0.00030667699524121244,
      0.002067594158285465,
      -2.9170148252900128
    ]
  },
  {
    "label_id": "GsCzF8GSnnWdvaGVsW2nYA",
    "size": [
      0.9597441527337708,
      0.9549516162441378,
      1.7999999999999972
    ],
    "obj_class": "pedestrian",
    "point_num_in_lidar": 77,
    "speed": 1.2559906762921895,
    "if_vehicle": false,
    "motion_state": true,
    "pose": [
      [
        0.2765194994855776,
        0.9610508867421552,
        -0.002086240054734724,
        11.132684776042879
      ],
      [
        -0.9610519986891428,
        0.2765257859110349,
        -0.0001615730029016943,
        -13.61944822660007
      ],
      [
        0.00042107734677432,
        0.002047373850782959,
        1.0000042163500817,
        0.9444128702491525
      ],
      [
        0.0,
        0.0,
        0.0,
        1.0
      ]
    ],
    "location": [
      11.132684776042879,
      -13.61944822660007,
      0.9444128702491525
    ],
    "rotation": [
      0.002047362357731759,
      -0.00042107466397686726,
      -1.2906379130677001
    ]
  },
  {
    "label_id": "IlvD3LQihY_gza6wNBNkbw",
    "size": [
      2.230414300201964,
      4.640428889590738,
      1.6000000000000014
    ],
    "obj_class": "vehicle",
    "point_num_in_lidar": 68,
    "speed": 2.5421149729252077e-12,
    "if_vehicle": true,
    "motion_state": false,
    "pose": [
      [
        -0.5955890733088606,
        0.8033402120264677,
        -0.002086240054734724,
        17.027197803639865
      ],
      [
        -0.8033458816709276,
        -0.5955861389089506,
        -0.0001615730029016943,
        -22.735622321008123
      ],
      [
        -0.0013708440212423132,
        0.0015779203041537155,
        1.0000042163500817,
        0.773662810960559
      ],
      [
        0.0,
        0.0,
        0.0,
        1.0
      ]
    ],
    "location": [
      17.027197803639865,
      -22.735622321008123,
      0.773662810960559
    ],
    "rotation": [
      0.00157791234155014,
      0.0013708356760594176,
      -2.208761388699086
    ]
  },
  {
    "label_id": "JKMgfkGQyJGWNzwnfDn1zw",
    "size": [
      0.8008319961445112,
      0.0756255792536936,
      0.7500000000000071
    ],
    "obj_class": "sign",
    "point_num_in_lidar": 43,
    "speed": 3.5950934718225418e-12,
    "if_vehicle": false,
    "motion_state": false,
    "pose": [
      [
        0.24048467605427998,
        0.970695091718664,
        -0.002086240054734724,
        28.180971144349314
      ],
      [
        -0.9706964373446658,
        0.24049091663612746,
        -0.0001615730029016943,
        -5.518138137922506
      ],
      [
        0.0003444274766580438,
        0.002061653591212482,
        1.0000042163500817,
        2.865219625411555
      ],
      [
        0.0,
        0.0,
        0.0,
        1.0
      ]
    ],
    "location": [
      28.180971144349314,
      -5.518138137922506,
      2.865219625411555
    ],
    "rotation": [
      0.0020616419776787608,
      -0.00034442527884940834,
      -1.3279416378570728
    ]
  },
  {
    "label_id": "JhuATVQ6GWJyuhtPZT24-w",
    "size": [
      0.5237660962261295,
      0.06947402624494387,
      0.5500000000000043
    ],
    "obj_class": "sign",
    "point_num_in_lidar": 20,
    "speed": 2.2737367544323206e-12,
    "if_vehicle": false,
    "motion_state": false,
    "pose": [
      [
        -0.9913725263502474,
        0.13138627973104897,
        -0.002086240054734724,
        38.702531534596346
      ],
      [
        -0.13139233266023465,
        -0.9913745555420584,
        -0.0001615730029016943,
        1.3982710173077066
      ],
      [
        -0.002087129407072219,
        0.00011373941696139272,
        1.0000042163500817,
        3.4492385379982125
      ],
      [
        0.0,
        0.0,
        0.0,
        1.0
      ]
    ],
    "location": [
      38.702531534596346,
      1.3982710173077066,
      3.4492385379982125
    ],
    "rotation": [
      0.00011373893690775173,
      0.0020871175629994807,
      -3.0098248236913383
    ]
  },
  {
    "label_id": "JoKbZ8BD1ksyS72fvT2i7A",
    "size": [
      2.065147650446561,
      4.299376155488723,
      1.720000000000006
    ],
    "obj_class": "vehicle",
    "point_num_in_lidar": 66,
    "speed": 2.5421149729252077e-12,
    "if_vehicle": true,
    "motion_state": false,
    "pose": [
      [
        -0.5430252887696668,
        0.8397650720649541,
        -0.002086240054734724,
        16.85704186896328
      ],
      [
        -0.8397705425627399,
        -0.5430219979908671,
        -0.0001615730029016943,
        69.86738871852867
      ],
      [
        -0.0012671873113824137,
        0.001662312285555203,
        1.0000042163500817,
        0.5769047836172376
      ],
      [
        0.0,
        0.0,
        0.0,
        1.0
      ]
    ],
    "location": [
      16.85704186896328,
      69.86738871852867,
      0.5769047836172376
    ],
    "rotation": [
      0.0016623037455701726,
      0.0012671795394716184,
      -2.144802576978387
    ]
  },
  {
    "label_id": "K-eppQ_Y2mxaYi38LjA21Q",
    "size": [
      2.1091266235537676,
      4.81993915668481,
      1.500000000000007
    ],
    "obj_class": "vehicle",
    "point_num_in_lidar": 894,
    "speed": 2.2029806671008,
    "if_vehicle": true,
    "motion_state": true,
    "pose": [
      [
        -0.9073293615080148,
        -0.4205178596077646,
        -0.002086240054734724,
        22.567355665873038
      ],
      [
        0.42051383759536665,
        -0.9073343192279951,
        -0.0001615730029016943,
        10.288802757808298
      ],
      [
        -0.001822887918511818,
        -0.0010228027441202936,
        1.0000042163500817,
        1.0001078990313772
      ],
      [
        0.0,
        0.0,
        0.0,
        1.0
      ]
    ],
    "location": [
      22.567355665873038,
      10.288802757808298,
      1.0001078990313772
    ],
    "rotation": [
      -0.001022798074988783,
      0.001822877260067622,
      2.7075992429904012
    ]
  },
  {
    "label_id": "KOEE6quaGGyBFe93Q79Llg",
    "size": [
      0.8525538981880031,
      1.2101923106300116,
      1.8200000000000003
    ],
    "obj_class": "pedestrian",
    "point_num_in_lidar": 363,
    "speed": 1.7435168695727323,
    "if_vehicle": false,
    "motion_state": true,
    "pose": [
      [
        0.19491464710782344,
        0.9808619275139951,
        -0.002086240054734724,
        10.888724218275456
      ],
      [
        -0.9808635629572386,
        0.194920818079913,
        -0.0001615730029016943,
        -7.354550816547999
      ],
      [
        0.000247822851733173,
        0.002075482992220169,
        1.0000042163500817,
        0.9980186512353839
      ],
      [
        0.0,
        0.0,
        0.0,
        1.0
      ]
    ],
    "location": [
      10.888724218275456,
      -7.354550816547999,
      0.9980186512353839
    ],
    "rotation": [
      0.0020754712612022206,
      -0.0002478212680002753,
      -1.374634349503648
    ]
  },
  {
    "label_id": "KbMLXJEn2w0pC4MSAuldSQ",
    "size": [
      1.9351478814685144,
      4.515592189324639,
      1.4500000000000028
    ],
    "obj_class": "vehicle",
    "point_num_in_lidar": 43,
    "speed": 2.5421149729252077e-12,
    "if_vehicle": true,
    "motion_state": false,
    "pose": [
      [
        -0.9801379592061202,
        0.19852310048681762,
        -0.002086240054734724,
        40.99680605186586
      ],
      [
        -0.19852927743588447,
        -0.9801395719278441,
        -0.0001615730029016943,
        14.42906108974421
      ],
      [
        -0.0020745568981027345,
        0.00025545937714381117,
        1.0000042163500817,
        0.903616240353017
      ],
      [
        0.0,
        0.0,
        0.0,
        1.0
      ]
    ],
    "location": [
      40.99680605186586,
      14.42906108974421,
      0.903616240353017
    ],
    "rotation": [
      0.00025545829448520756,
      0.002074545107285815,
      -2.9417440901124166
    ]
  },
  {
    "label_id": "LZxOUoMGi7vtc5t3F_znJA",
    "size": [
      0.809405372307164,
      1.0083618395238672,
      1.6300000000000026
    ],
    "obj_class": "pedestrian",
    "point_num_in_lidar": 340,
    "speed": 1.1826327900850913,
    "if_vehicle": false,
    "motion_state": true,
    "pose": [
      [
        0.7212202994089122,
        0.6927648376066415,
        -0.002086240054734724,
        8.726433144962357
      ],
      [
        -0.6927626467978231,
        0.7212262957351085,
        -0.0001615730029016943,
        -8.518344588279433
      ],
      [
        0.0013911020336650779,
        0.0015600900450836908,
        1.0000042163500817,
        0.8553595397838762
      ],
      [
        0.0,
        0.0,
        0.0,
        1.0
      ]
    ],
    "location": [
      8.726433144962357,
      -8.518344588279433,
      0.8553595397838762
    ],
    "rotation": [
      0.0015600822015523477,
      -0.0013910935781311765,
      -0.7652749990034117
    ]
  },
  {
    "label_id": "LinZfU-zluGcqLzAeStW8g",
    "size": [
      0.505479031820018,
      0.10862760562286883,
      0.4322335325982465
    ],
    "obj_class": "sign",
    "point_num_in_lidar": 42,
    "speed": 0.0005837162609236885,
    "if_vehicle": false,
    "motion_state": false,
    "pose": [
      [
        0.19459761133209075,
        0.980924874884658,
        -0.002086240054734724,
        4.687525112007279
      ],
      [
        -0.9809265123223436,
        0.19460378177526433,
        -0.0001615730029016943,
        20.932031549753447
      ],
      [
        0.00024715201936788896,
        0.0020755629829419114,
        1.0000042163500817,
        2.917062153073857
      ],
      [
        0.0,
        0.0,
        0.0,
        1.0
      ]
    ],
    "location": [
      4.687525112007279,
      20.932031549753447,
      2.917062153073857
    ],
    "rotation": [
      0.002075551251242118,
      -0.00024715043990832495,
      -1.37495756061375
    ]
  },
  {
    "label_id": "MMD9C-pfI8EcfG-gPi3gJQ",
    "size": [
      1.8487968183711792,
      4.512174364374527,
      1.730000000000004
    ],
    "obj_class": "vehicle",
    "point_num_in_lidar": 36,
    "speed": 2.233108388545384,
    "if_vehicle": true,
    "motion_state": true,
    "pose": [
      [
        0.28953621168789995,
        0.9572098111830326,
        -0.002086240054734724,
        26.69755583013466
      ],
      [
        -0.957210837716151,
        0.2895425126244089,
        -0.0001615730029016943,
        -35.19884315729723
      ],
      [
        0.0004488229584531329,
        0.0020414709816212744,
        1.0000042163500817,
        1.3116252560839712
      ],
      [
        0.0,
        0.0,
        0.0,
        1.0
      ]
    ],
    "location": [
      26.69755583013466,
      -35.19884315729723,
      1.3116252560839712
    ],
    "rotation": [
      0.0020414595381301383,
      -0.0004488201006863223,
      -1.2770667417755641
    ]
  },
  {
    "label_id": "MV_5Q0rxAuIpiIi20l_8Sw",
    "size": [
      2.0720693563981456,
      4.341091663754647,
      1.8400000000000034
    ],
    "obj_class": "vehicle",
    "point_num_in_lidar": 56,
    "speed": 0.0033071543310199195,
    "if_vehicle": true,
    "motion_state": false,
    "pose": [
      [
        -0.264528868896629,
        -0.9644201978514901,
        -0.002086240054734724,
        11.638994207198266
      ],
      [
        0.9644213880050598,
        -0.26453514098604275,
        -0.0001615730029016943,
        57.235807978810044
      ],
      [
        -0.0003955461482849249,
        -0.0020524592715601675,
        1.0000042163500817,
        0.44501669424266765
      ],
      [
        0.0,
        0.0,
        0.0,
        1.0
      ]
    ],
    "location": [
      11.638994207198266,
      57.235807978810044,
      0.44501669424266765
    ],
    "rotation": [
      -0.0020524477356977516,
      0.00039554362677917467,
      1.8385001440661146
    ]
  },
  {
    "label_id": "MjDrc4ihzQVdQ9IC3yqsig",
    "size": [
      0.8281349090410346,
      0.7298107158624727,
      1.7100000000000009
    ],
    "obj_class": "pedestrian",
    "point_num_in_lidar": 44,
    "speed": 1.2348021681697237,
    "if_vehicle": false,
    "motion_state": true,
    "pose": [
      [
        0.0290520270202281,
        0.9996188374723904,
        -0.002086240054734724,
        18.265281818028598
      ],
      [
        -0.9996214765561385,
        0.029057840006388704,
        -0.0001615730029016943,
        47.57075282302685
      ],
      [
        -0.00010084588063927732,
        0.0020877921173321915,
        1.0000042163500817,
        0.7692088167599422
      ],
      [
        0.0,
        0.0,
        0.0,
        1.0
      ]
    ],
    "location": [
      18.265281818028598,
      47.57075282302685,
      0.7692088167599422
    ],
    "rotation": [
      0.002087780281077547,
      0.00010084523531383366,
      -1.541741477381247
    ]
  },
  {
    "label_id": "NcatSspzHLij99dYOQK-rg",
    "size": [
      1.7739550460131612,
      3.9636768702055396,
      1.3800000000000026
    ],
    "obj_class": "vehicle",
    "point_num_in_lidar": 23,
    "speed": 1.1368683772161603e-12,
    "if_vehicle": true,
    "motion_state": false,
    "pose": [
      [
        0.3072977246865741,
        0.9516564237717791,
        -0.002086240054734724,
        76.43868606588512
      ],
      [
        -0.9516573328801017,
        0.30730404363373254,
        -0.0001615730029016943,
        6.58593926265894
      ],
      [
        0.0004867326922866245,
        0.0020327658751306712,
        1.0000042163500817,
        0.9507184055717062
      ],
      [
        0.0,
        0.0,
        0.0,
        1.0
      ]
    ],
    "location": [
      76.43868606588512,
      6.58593926265894,
      0.9507184055717062
    ],
    "rotation": [
      0.002032754504467504,
      -0.00048672959601623635,
      -1.2584577715400138
    ]
  },
  {
    "label_id": "Nd72enoaUv9l45M43pbdYw",
    "size": [
      0.96191182232309,
      0.7962712858776171,
      1.6499999999999986
    ],
    "obj_class": "pedestrian",
    "point_num_in_lidar": 365,
    "speed": 0.002082657576459321,
    "if_vehicle": false,
    "motion_state": false,
    "pose": [
      [
        0.9771192807591295,
        -0.21288436220727702,
        -0.002086240054734724,
        5.622829878098855
      ],
      [
        0.21289056215650035,
        0.9771208026660781,
        -0.0001615730029016943,
        7.623232935118722
      ],
      [
        0.002070584894933149,
        -0.000285874115146905,
        1.0000042163500817,
        0.7164462907625193
      ],
      [
        0.0,
        0.0,
        0.0,
        1.0
      ]
    ],
    "location": [
      5.622829878098855,
      7.623232935118722,
      0.7164462907625193
    ],
    "rotation": [
      -0.0002858729020191443,
      -0.002070573121009473,
      0.21452318820536453
    ]
  },
  {
    "label_id": "PLIUxvOCVsYz1y-U52_w-g",
    "size": [
      1.1418908072997855,
      1.0812464483086648,
      1.6799999999999997
    ],
    "obj_class": "pedestrian",
    "point_num_in_lidar": 765,
    "speed": 1.7265426221702282,
    "if_vehicle": false,
    "motion_state": true,
    "pose": [
      [
        0.9958564995459532,
        -0.09138748719446388,
        -0.002086240054734724,
        -0.8416639506322099
      ],
      [
        0.09139345356739781,
        0.9958587706613501,
        -0.0001615730029016943,
        6.709716020610358
      ],
      [
        0.0020900157829673717,
        -2.966216080505452e-05,
        1.0000042163500817,
        0.7396787375016629
      ],
      [
        0.0,
        0.0,
        0.0,
        1.0
      ]
    ],
    "location": [
      -0.8416639506322099,
      6.709716020610358,
      0.7396787375016629
    ],
    "rotation": [
      -2.9662035730828457e-05,
      -0.0020900039267147414,
      0.09151736013671087
    ]
  },
  {
    "label_id": "RLwpXW5onTXDRmiQoJpcRw",
    "size": [
      0.9158691018688676,
      1.1417508792291562,
      1.8500000000000014
    ],
    "obj_class": "pedestrian",
    "point_num_in_lidar": 947,
    "speed": 1.4592224585881035,
    "if_vehicle": false,
    "motion_state": true,
    "pose": [
      [
        0.503606907820262,
        0.8639802792305804,
        -0.002086240054734724,
        7.852385339479952
      ],
      [
        -0.8639798166915688,
        0.5036132750511196,
        -0.0001615730029016943,
        -3.5275516149777104
      ],
      [
        0.0009099758249837519,
        0.001881751794148602,
        1.0000042163500817,
        0.9034921422438629
      ],
      [
        0.0,
        0.0,
        0.0,
        1.0
      ]
    ],
    "location": [
      7.852385339479952,
      -3.5275516149777104,
      0.9034921422438629
    ],
    "rotation": [
      0.001881741639002558,
      -0.0009099701259746998,
      -1.0430512399754717
    ]
  },
  {
    "label_id": "SQQ6HVe8YtnoiVO4yfPY2Q",
    "size": [
      1.9274767058030637,
      4.326488639833419,
      1.3500000000000014
    ],
    "obj_class": "vehicle",
    "point_num_in_lidar": 157,
    "speed": 3.5950934718225418e-12,
    "if_vehicle": true,
    "motion_state": false,
    "pose": [
      [
        -0.2066620257521857,
        -0.9784542133465625,
        -0.002086240054734724,
        29.322738823044347
      ],
      [
        0.9784557746768808,
        -0.20666821589101853,
        -0.0001615730029016943,
        -18.48169785171922
      ],
      [
        -0.00027269188977363637,
        -0.002072362166728595,
        1.0000042163500817,
        0.9285347159977846
      ],
      [
        0.0,
        0.0,
        0.0,
        1.0
      ]
    ],
    "location": [
      29.322738823044347,
      -18.48169785171922,
      0.9285347159977846
    ],
    "rotation": [
      -0.0020723504622920125,
      0.0002726901477013553,
      1.7789494614310841
    ]
  },
  {
    "label_id": "UMM0XzCyaXFdt743gKi7vA",
    "size": [
      2.0189343276568463,
      4.470248932210846,
      1.7100000000000009
    ],
    "obj_class": "vehicle",
    "point_num_in_lidar": 21,
    "speed": 0.02211949685840173,
    "if_vehicle": true,
    "motion_state": false,
    "pose": [
      [
        -0.22630457119193953,
        -0.9740985995068824,
        -0.002086240054734724,
        16.993483393678616
      ],
      [
        0.9741000359890838,
        -0.22631079148855773,
        -0.0001615730029016943,
        33.60133823793876
      ],
      [
        -0.0003143281204640557,
        -0.002066456786270132,
        1.0000042163500817,
        0.7944321219632684
      ],
      [
        0.0,
        0.0,
        0.0,
        1.0
      ]
    ],
    "location": [
      16.993483393678616,
      33.60133823793876,
      0.7944321219632684
    ],
    "rotation": [
      -0.0020664451320217144,
      0.0003143261136821536,
      1.7990686411740233
    ]
  },
  {
    "label_id": "WRasNf5aFU5EQsYKqc3aig",
    "size": [
      0.8642005477216015,
      0.9213117662531766,
      1.6099999999999994
    ],
    "obj_class": "pedestrian",
    "point_num_in_lidar": 251,
    "speed": 1.148766289983178,
    "if_vehicle": false,
    "motion_state": true,
    "pose": [
      [
        0.9861601291362571,
        -0.16604228439044724,
        -0.002086240054734724,
        3.454707731587405
      ],
      [
        0.16604840470362267,
        0.9861619449935662,
        -0.0001615730029016943,
        -9.357543525708024
      ],
      [
        0.0020818624844669694,
        -0.00018680046200523928,
        1.0000042163500817,
        0.7902249535947021
      ],
      [
        0.0,
        0.0,
        0.0,
        1.0
      ]
    ],
    "location": [
      3.454707731587405,
      -9.357543525708024,
      0.7902249535947021
    ],
    "rotation": [
      -0.00018679967221968028,
      -0.002081850662664319,
      0.1668140192580324
    ]
  },
  {
    "label_id": "Wc72pGuPCXfpIpqhr-sJew",
    "size": [
      0.9748219167166338,
      1.4516448810316316,
      1.6099999999999994
    ],
    "obj_class": "pedestrian",
    "point_num_in_lidar": 35,
    "speed": 1.333748655569811,
    "if_vehicle": false,
    "motion_state": true,
    "pose": [
      [
        0.980374047635032,
        -0.197353913635735,
        -0.002086240054734724,
        30.313699248014018
      ],
      [
        0.1973600886568572,
        0.980375667723077,
        -0.0001615730029016943,
        15.230645043724508
      ],
      [
        0.0020748601179968263,
        -0.00025298479713718226,
        1.0000042163500817,
        1.1202759333322092
      ],
      [
        0.0,
        0.0,
        0.0,
        1.0
      ]
    ],
    "location": [
      30.313699248014018,
      15.230645043724508,
      1.1202759333322092
    ],
    "rotation": [
      -0.0002529837250721588,
      -0.0020748483258916325,
      0.19865582695590803
    ]
  },
  {
    "label_id": "XOGZVIJgjh_BcRiES2OlFA",
    "size": [
      2.2833126905500487,
      5.01776074174188,
      1.7999999999999972
    ],
    "obj_class": "vehicle",
    "point_num_in_lidar": 55,
    "speed": 2.2737367544323206e-12,
    "if_vehicle": true,
    "motion_state": false,
    "pose": [
      [
        -0.9781433572702836,
        0.20812835734626767,
        -0.002086240054734724,
        63.746720125061984
      ],
      [
        -0.20813454981835927,
        -0.9781449093207102,
        -0.0001615730029016943,
        19.874635326195857
      ],
      [
        -0.002071951112501555,
        0.0002757977596716523,
        1.0000042163500817,
        0.9871928798760337
      ],
      [
        0.0,
        0.0,
        0.0,
        1.0
      ]
    ],
    "location": [
      63.746720125061984,
      19.874635326195857,
      0.9871928798760337
    ],
    "rotation": [
      0.0002757965898239401,
      0.0020719393327635585,
      -2.931934281324086
    ]
  },
  {
    "label_id": "Y_9VwrgCiCR7GJmciwJvfw",
    "size": [
      0.4863885741942771,
      0.12473852654514349,
      0.6300000000000026
    ],
    "obj_class": "sign",
    "point_num_in_lidar": 20,
    "speed": 3.410605131648481e-12,
    "if_vehicle": false,
    "motion_state": false,
    "pose": [
      [
        0.1720157016269736,
        0.9851357464316364,
        -0.002086240054734724,
        24.99687915721006
      ],
      [
        -0.9851375251644156,
        0.1720218328324695,
        -0.0001615730029016943,
        13.261212751931453
      ],
      [
        0.0001994138277006783,
        0.002080692178617038,
        1.0000042163500817,
        2.6435089903885682
      ],
      [
        0.0,
        0.0,
        0.0,
        1.0
      ]
    ],
    "location": [
      24.99687915721006,
      13.261212751931453,
      2.6435089903885682
    ],
    "rotation": [
      0.0020806804031401984,
      -0.00019941255261019626,
      -1.3979282707159502
    ]
  },
  {
    "label_id": "Z9OsRYR58DxyfT5G8nd1sw",
    "size": [
      0.9114227453748206,
      0.9160872246739158,
      1.9500000000000028
    ],
    "obj_class": "pedestrian",
    "point_num_in_lidar": 565,
    "speed": 0.01638112227005196,
    "if_vehicle": false,
    "motion_state": false,
    "pose": [
      [
        -0.4799314934797403,
        0.877352609883816,
        -0.002086240054734724,
        6.47483784375072
      ],
      [
        -0.8773578241230563,
        -0.47992781010081903,
        -0.0001615730029016943,
        8.247177270546672
      ],
      [
        -0.0011417748671458008,
        0.0017508272243686785,
        1.0000042163500817,
        0.8796999091483713
      ],
      [
        0.0,
        0.0,
        0.0,
        1.0
      ]
    ],
    "location": [
      6.47483784375072,
      8.247177270546672,
      0.8796999091483713
    ],
    "rotation": [
      0.0017508180533323068,
      0.0011417678069244003,
      -2.071348063923201
    ]
  },
  {
    "label_id": "Zf_0k6PmuzbSRQRWpdsKQg",
    "size": [
      1.9263009385351157,
      4.30626809851573,
      1.480000000000004
    ],
    "obj_class": "vehicle",
    "point_num_in_lidar": 225,
    "speed": 4.032472865958053,
    "if_vehicle": true,
    "motion_state": true,
    "pose": [
      [
        -0.5338605973320594,
        -0.8456208979914666,
        -0.002086240054734724,
        14.136334885180986
      ],
      [
        0.8456202104592044,
        -0.5338669442108608,
        -0.0001615730029016943,
        21.981877570324286
      ],
      [
        -0.0009759854681620307,
        -0.0018483771754630835,
        1.0000042163500817,
        0.8776059387881787
      ],
      [
        0.0,
        0.0,
        0.0,
        1.0
      ]
    ],
    "location": [
      14.136334885180986,
      21.981877570324286,
      0.8776059387881787
    ],
    "rotation": [
      -0.0018483672771292088,
      0.0009759793759968464,
      2.1339305406778006
    ]
  },
  {
    "label_id": "Zfh8PMMz_gcqeqExLpq5tQ",
    "size": [
      1.8903948451336374,
      4.104269830155506,
      1.3600000000000065
    ],
    "obj_class": "vehicle",
    "point_num_in_lidar": 41,
    "speed": 1.1368683772161603e-12,
    "if_vehicle": true,
    "motion_state": false,
    "pose": [
      [
        0.9620116869450355,
        -0.27315811297635756,
