[
  {
    "label_id": "1XGa86vdVK8I7WhqZCOcOQ",
    "size": [
      1.938880482546103,
      4.415578465873616,
      1.6900000000000048
    ],
    "obj_class": "vehicle",
    "point_num_in_lidar": 80,
    "speed": 1.1368683772161603e-12,
    "if_vehicle": true,
    "motion_state": false,
    "pose": [
      [
        -0.20666225375034528,
        -0.9784515556089758,
        -0.0030755653799376848,
        30.324728872634296
      ],
      [
        0.9784530978553672,
        -0.2066594034145317,
        -0.0029844332010871538,
        -24.12291818374797
      ],
      [
        0.0022846989326037203,
        -0.0036236189296945873,
        0.9999972256463504,
        1.1161911756322525
      ],
      [
        0.0,
        0.0,
        0.0,
        1.0
      ]
    ],
    "location": [
      30.324728872634296,
      -24.12291818374797,
      1.1161911756322525
    ],
    "rotation": [
      -0.0036236131228018333,
      -0.002284686296253288,
      1.7789502376506552
    ]
  },
  {
    "label_id": "2kx3n6sQg97wQoT2iuuqkw",
    "size": [
      1.9436068624993132,
      4.581826043400449,
      1.470000000000006
    ],
    "obj_class": "vehicle",
    "point_num_in_lidar": 76,
    "speed": 1.1368683772161603e-12,
    "if_vehicle": true,
    "motion_state": false,
    "pose": [
      [
        0.9673896934129654,
        -0.25344410602175377,
        -0.0030755653799376848,
        38.0740749361139
      ],
      [
        0.2534413330935535,
        0.9673913708536879,
        -0.0029844332010871538,
        3.486286585801281
      ],
      [
        0.0037292261815029914,
        0.0021079220686434715,
        0.9999972256463504,
        0.9431752673410756
      ],
      [
        0.0,
        0.0,
        0.0,
        1.0
      ]
    ],
    "location": [
      38.0740749361139,
      3.486286585801281,
      0.9431752673410756
    ],
    "rotation": [
      0.002107924794695036,
      -0.0037292109550882534,
      0.25622622124500566
    ]
  },
  {
    "label_id": "3NGaBQl276KzZKljja6dOA",
    "size": [
      0.7299292117232203,
      0.694010124373706,
      1.1000000000000014
    ],
    "obj_class": "pedestrian",
    "point_num_in_lidar": 184,
    "speed": 0.0016445852209518322,
    "if_vehicle": false,
    "motion_state": false,
    "pose": [
      [
        0.739787810595787,
        0.6728972648872107,
        -0.0030755653799376848,
        2.6397751531912945
      ],
      [
        -0.6729001826934826,
        0.7397864001544585,
        -0.0029844332010871538,
        12.670228751565446
      ],
      [
        0.00026547549423261316,
        0.0042755100423509124,
        0.9999972256463504,
        0.7078090749961348
      ],
      [
        0.0,
        0.0,
        0.0,
        1.0
      ]
    ],
    "location": [
      2.6397751531912945,
      12.670228751565446,
      0.7078090749961348
    ],
    "rotation": [
      0.004275495852141536,
      -0.0002654737980899181,
      -0.7380857262604233
    ]
  },
  {
    "label_id": "3P6tBBZUHGg_gbV4OhqorA",
    "size": [
      0.8275096005587126,
      0.8398197400242338,
      1.6499999999999986
    ],
    "obj_class": "pedestrian",
    "point_num_in_lidar": 226,
    "speed": 1.4794961894304646,
    "if_vehicle": false,
    "motion_state": true,
    "pose": [
      [
        0.3074514226529885,
        0.9516040965167449,
        -0.0030755653799376848,
        10.295965467623319
      ],
      [
        -0.9516059272589179,
        0.30744874845754366,
        -0.0029844332010871538,
        -11.400320121647383
      ],
      [
        -0.0018948442370422505,
        0.003841878274702274,
        0.9999972256463504,
        0.8800751149943835
      ],
      [
        0.0,
        0.0,
        0.0,
        1.0
      ]
    ],
    "location": [
      10.295965467623319,
      -11.400320121647383,
      0.8800751149943835
    ],
    "rotation": [
      0.0038418700313930946,
      0.0018948332423503631,
      -1.2582957201831988
    ]
  },
  {
    "label_id": "4JRTQZlhJCGV0xv6XMfMIw",
    "size": [
      2.1256513865936033,
      4.668043267308801,
      1.6099999999999994
    ],
    "obj_class": "vehicle",
    "point_num_in_lidar": 62,
    "speed": 6.629024818318272e-12,
    "if_vehicle": true,
    "motion_state": false,
    "pose": [
      [
        0.17522636319531915,
        0.984567141153989,
        -0.0030755653799376848,
        21.038530629732122
      ],
      [
        -0.9845685913420984,
        0.17522346493849306,
        -0.0029844332010871538,
        48.92433482968772
      ],
      [
        -0.0023995553257391417,
        0.003548605021554026,
        0.9999972256463504,
        0.9532368023651543
      ],
      [
        0.0,
        0.0,
        0.0,
        1.0
      ]
    ],
    "location": [
      21.038530629732122,
      48.92433482968772,
      0.9532368023651543
    ],
    "rotation": [
      0.0035485999712701753,
      0.0023995422692977314,
      -1.3946677250842754
    ]
  },
  {
    "label_id": "50vFTXzPARJLsyl_rL8FYw",
    "size": [
      0.907132883250268,
      0.8769552914394498,
      1.8200000000000003
    ],
    "obj_class": "pedestrian",
    "point_num_in_lidar": 41,
    "speed": 1.1558284661176867,
    "if_vehicle": false,
    "motion_state": true,
    "pose": [
      [
        -0.7713538208525229,
        0.636466823059153,
        -0.0030755653799376848,
        21.705092990217963
      ],
      [
        -0.636465011630279,
        -0.7713565081678405,
        -0.0029844332010871538,
        -12.750212999875657
      ],
      [
        -0.004269760177847104,
        -0.0003458487876986213,
        0.9999972256463504,
        1.0801798545918473
      ],
      [
        0.0,
        0.0,
        0.0,
        1.0
      ]
    ],
    "location": [
      21.705092990217963,
      -12.750212999875657,
      1.0801798545918473
    ],
    "rotation": [
      -0.00034584973341886515,
      0.004269745821297229,
      -2.4517169326819523
    ]
  },
  {
    "label_id": "51XfsSndNbxOYol5ZhZdTA",
    "size": [
      1.8797856288791137,
      4.076636714678694,
      1.3999999999999986
    ],
    "obj_class": "vehicle",
    "point_num_in_lidar": 23,
    "speed": 1.6077746776921857e-12,
    "if_vehicle": true,
    "motion_state": false,
    "pose": [
      [
        -0.9803796778499712,
        0.19731300275852012,
        -0.0030755653799376848,
        24.619447444201796
      ],
      [
        -0.1973101378310124,
        -0.9803811928181415,
        -0.0029844332010871538,
        44.40129236580833
      ],
      [
        -0.003601645184251322,
        -0.0023191841942891925,
        0.9999972256463504,
        0.9143275007484135
      ],
      [
        0.0,
        0.0,
        0.0,
        1.0
      ]
    ],
    "location": [
      24.619447444201796,
      44.40129236580833,
      0.9143275007484135
    ],
    "rotation": [
      -0.0023191864705231035,
      0.003601629917328868,
      -2.942986904303706
    ]
  },
  {
    "label_id": "7tOgwMtQQau9C7cR3nDM_A",
    "size": [
      2.1995109981502563,
      4.668562141136059,
      1.6400000000000006
    ],
    "obj_class": "vehicle",
    "point_num_in_lidar": 100,
    "speed": 0.021749662865652254,
    "if_vehicle": true,
    "motion_state": false,
    "pose": [
      [
        -0.23362974707315382,
        -0.9723650935123759,
        -0.0030755653799376848,
        33.3356003928493
      ],
      [
        0.9723667139587366,
        -0.2336269404574386,
        -0.0029844332010871538,
        -36.00383790455817
      ],
      [
        0.00218366145146818,
        -0.0036853881784221104,
        0.9999972256463504,
        1.4089300330745118
      ],
      [
        0.0,
        0.0,
        0.0,
        1.0
      ]
    ],
    "location": [
      33.3356003928493,
      -36.00383790455817,
      1.4089300330745118
    ],
    "rotation": [
      -0.003685381717931294,
      -0.00218364920963406,
      1.8065958058469693
    ]
  },
  {
    "label_id": "8bU9YqZGCj5wFCjrgGqXyA",
    "size": [
      0.31098383429452053,
      0.08639544551842648,
      0.6700000000000017
    ],
    "obj_class": "sign",
    "point_num_in_lidar": 25,
    "speed": 2.5421149729252077e-12,
    "if_vehicle": false,
    "motion_state": false,
    "pose": [
      [
        0.09913744565377607,
        0.9951123055555295,
        -0.0030755653799376848,
        21.21882398572052
      ],
      [
        -0.995113529005195,
        0.09913444463576586,
        -0.0029844332010871538,
        22.9295292631723
      ],
      [
        -0.0026648549874806766,
        0.0033539545697550657,
        0.9999972256463504,
        2.985444101914709
      ],
      [
        0.0,
        0.0,
        0.0,
        1.0
      ]
    ],
    "location": [
      21.21882398572052,
      22.9295292631723,
      2.985444101914709
    ],
    "rotation": [
      0.003353951298592956,
      0.002664841084228639,
      -1.4714997112019612
    ]
  },
  {
    "label_id": "9VwGco63NvqDkOZ7SoAOWQ",
    "size": [
      2.138843372969968,
      4.855035932090138,
      1.5600000000000023
    ],
    "obj_class": "vehicle",
    "point_num_in_lidar": 1288,
    "speed": 1.469909787618797,
    "if_vehicle": true,
    "motion_state": true,
    "pose": [
      [
        0.21403636638014611,
        0.9768649690031785,
        -0.0030755653799376848,
        14.135013430750405
      ],
      [
        -0.9768665327044175,
        0.21403352775783638,
        -0.0029844332010871538,
        15.054559974094445
      ],
      [
        -0.002257302722808279,
        0.0036407482442327543,
        0.9999972256463504,
        0.8882388788218805
      ],
      [
        0.0,
        0.0,
        0.0,
        1.0
      ]
    ],
    "location": [
      14.135013430750405,
      15.054559974094445,
      0.8882388788218805
    ],
    "rotation": [
      0.0036407422588806953,
      0.0022572901911690735,
      -1.3550998396143612
    ]
  },
  {
    "label_id": "CpPxlJb2rlUaBE-2xJoBWw",
    "size": [
      0.7881720904030926,
      0.994941850972178,
      1.8900000000000006
    ],
    "obj_class": "pedestrian",
    "point_num_in_lidar": 194,
    "speed": 0.9967563174647385,
    "if_vehicle": false,
    "motion_state": false,
    "pose": [
      [
        -0.7730241340409055,
        -0.6344370906473746,
        -0.0030755653799376848,
        6.011521458713105
      ],
      [
        0.6344400763532628,
        -0.7730228736843957,
        -0.0029844332010871538,
        9.540141205659893
      ],
      [
        -0.0004823844676822415,
        -0.00425649722020589,
        0.9999972256463504,
        0.8553282144727063
      ],
      [
        0.0,
        0.0,
        0.0,
        1.0
      ]
    ],
    "location": [
      6.011521458713105,
      9.540141205659893,
      0.8553282144727063
    ],
    "rotation": [
      -0.00425648332325553,
      0.0004823813987335893,
      2.454341769802455
    ]
  },
  {
    "label_id": "DnS7Up19TsoNk12Ymz9Ndg",
    "size": [
      1.9636513337613901,
      4.880426123448928,
      1.5200000000000031
    ],
    "obj_class": "vehicle",
    "point_num_in_lidar": 72,
    "speed": 1.0429652874315842,
    "if_vehicle": true,
    "motion_state": true,
    "pose": [
      [
        -0.6643749494801191,
        -0.7474507745009609,
        -0.0030755653799376848,
        16.153963765056687
      ],
      [
        0.7474535265499466,
        -0.6643732379998937,
        -0.0029844332010871538,
        28.5659017762664
      ],
      [
        0.00018875407915917925,
        -0.00427958353790206,
        0.9999972256463504,
        0.7869093186886857
      ],
      [
        0.0,
        0.0,
        0.0,
        1.0
      ]
    ],
    "location": [
      16.153963765056687,
      28.5659017762664,
      0.7869093186886857
    ],
    "rotation": [
      -0.004279569284460365,
      -0.00018875287209901793,
      2.2974176024238786
    ]
  },
  {
    "label_id": "EMpodh1TjmNyW98IZUh2MA",
    "size": [
      2.173720317630714,
      4.530987525728997,
      1.8900000000000006
    ],
    "obj_class": "vehicle",
    "point_num_in_lidar": 261,
    "speed": 2.5421149729252077e-12,
    "if_vehicle": true,
    "motion_state": false,
    "pose": [
      [
        -0.6127356679011756,
        0.7903364695371823,
        -0.0030755653799376848,
        16.57635719548125
      ],
      [
        -0.7903352925410737,
        -0.612738687440601,
        -0.0029844332010871538,
        -18.113456064165803
      ],
      [
        -0.004241467538280494,
        0.0006003469680063088,
        0.9999972256463504,
        0.8932764402624116
      ],
      [
        0.0,
        0.0,
        0.0,
        1.0
      ]
    ],
    "location": [
      16.57635719548125,
      -18.113456064165803,
      0.8932764402624116
    ],
    "rotation": [
      0.0006003485614601659,
      0.004241453106633842,
      -2.2302848769562145
    ]
  },
  {
    "label_id": "FRk_wv4gWEdPQOAxAVKlJw",
    "size": [
      2.037549030955154,
      4.4473342942274545,
      1.3600000000000065
    ],
    "obj_class": "vehicle",
    "point_num_in_lidar": 228,
    "speed": 0.0015886593275004654,
    "if_vehicle": true,
    "motion_state": false,
    "pose": [
      [
        -0.9749267893839216,
        0.22269820192438736,
        -0.0030755653799376848,
        34.70769653631578
      ],
      [
        -0.22269537729268024,
        -0.9749283782180544,
        -0.0029844332010871538,
        12.965919031477824
      ],
      [
        -0.0036606397631157054,
        -0.0022248999719038432,
        0.9999972256463504,
        0.9689297353455686
      ],
      [
        0.0,
        0.0,
        0.0,
        1.0
      ]
    ],
    "location": [
      34.70769653631578,
      12.965919031477824,
      0.9689297353455686
    ],
    "rotation": [
      -0.002224902473342311,
      0.0036606245075120115,
      -2.917022865235932
    ]
  },
  {
    "label_id": "GsCzF8GSnnWdvaGVsW2nYA",
    "size": [
      0.95974415273001,
      0.9549516162441378,
      1.7999999999999972
    ],
    "obj_class": "pedestrian",
    "point_num_in_lidar": 53,
    "speed": 1.2639094952325471,
    "if_vehicle": false,
    "motion_state": true,
    "pose": [
      [
        0.24511834574859545,
        0.9695327381663134,
        -0.0030755653799376848,
        11.260348348754633
      ],
      [
        -0.9695343917069154,
        0.24511555850234532,
        -0.0029844332010871538,
        -14.218286292096309
      ],
      [
        -0.0021399033523778533,
        0.0037109671249909446,
        0.9999972256463504,
        0.9413825027521625
      ],
      [
        0.0,
        0.0,
        0.0,
        1.0
      ]
    ],
    "location": [
      11.260348348754633,
      -14.218286292096309,
      0.9413825027521625
    ],
    "rotation": [
      0.0037109603856349256,
      0.00213989128838215,
      -1.3231646715047578
    ]
  },
  {
    "label_id": "IlvD3LQihY_gza6wNBNkbw",
    "size": [
      2.2304143002019656,
      4.640428889590738,
      1.6000000000000014
    ],
    "obj_class": "vehicle",
    "point_num_in_lidar": 73,
    "speed": 2.5421149729252077e-12,
    "if_vehicle": true,
    "motion_state": false,
    "pose": [
      [
        -0.595586932284168,
        0.8033386209383505,
        -0.0030755653799376848,
        17.02719780363259
      ],
      [
        -0.8033375091907399,
        -0.5955899764516129,
        -0.0029844332010871538,
        -22.735622321008123
      ],
      [
        -0.004227566860083424,
        0.000691477985047901,
        0.9999972256463504,
        0.773662810960559
      ],
      [
        0.0,
        0.0,
        0.0,
        1.0
      ]
    ],
    "location": [
      17.02719780363259,
      -22.735622321008123,
      0.773662810960559
    ],
    "rotation": [
      0.0006914797932486321,
      0.004227552392785647,
      -2.2087646550024975
    ]
  },
  {
    "label_id": "JKMgfkGQyJGWNzwnfDn1zw",
    "size": [
      0.8008319961445152,
      0.0756255792536936,
      0.7500000000000071
    ],
    "obj_class": "sign",
    "point_num_in_lidar": 44,
    "speed": 3.5950934718225418e-12,
    "if_vehicle": false,
    "motion_state": false,
    "pose": [
      [
        0.24048481170345992,
        0.9706924276714785,
        -0.0030755653799376848,
        28.180971144349314
      ],
      [
        -0.9706940678806134,
        0.24048201659126622,
        -0.0029844332010871538,
        -5.51813813791523
      ],
      [
        -0.002157603478838512,
        0.003700704066577802,
        0.9999972256463504,
        2.865219625411669
      ],
      [
        0.0,
        0.0,
        0.0,
        1.0
      ]
    ],
    "location": [
      28.180971144349314,
      -5.51813813791523,
      2.865219625411669
    ],
    "rotation": [
      0.0037006974396924905,
      0.0021575913424090576,
      -1.32794093642075
    ]
  },
  {
    "label_id": "JhuATVQ6GWJyuhtPZT24-w",
    "size": [
      0.5237660962261279,
      0.06947402624494387,
      0.5500000000000043
    ],
    "obj_class": "sign",
    "point_num_in_lidar": 20,
    "speed": 2.2737367544323206e-12,
    "if_vehicle": false,
    "motion_state": false,
    "pose": [
      [
        -0.9913698937643077,
        0.13138670989313303,
        -0.0030755653799376848,
        38.702531534581794
      ],
      [
        -0.13138375016994341,
        -0.991371213982783,
        -0.0029844332010871538,
        1.3982710173149826
      ],
      [
        -0.0034386887613386506,
        -0.0025545807802699843,
        0.9999972256463504,
        3.4492385379982125
      ],
      [
        0.0,
        0.0,
        0.0,
        1.0
      ]
    ],
    "location": [
      38.702531534581794,
      1.3982710173149826,
      3.4492385379982125
    ],
    "rotation": [
      -0.0025545823106106016,
      0.003438673527657281,
      -3.009832985584363
    ]
  },
  {
    "label_id": "JoKbZ8BD1ksyS72fvT2i7A",
    "size": [
      2.0651476504465607,
      4.299376155488723,
      1.720000000000006
    ],
    "obj_class": "vehicle",
    "point_num_in_lidar": 62,
    "speed": 2.5421149729252077e-12,
    "if_vehicle": true,
    "motion_state": false,
    "pose": [
      [
        -0.5430232538180942,
        0.8397633473852062,
        -0.0030755653799376848,
        16.857041868956003
      ],
      [
        -0.8397624324806272,
        -0.5430263628191867,
        -0.0029844332010871538,
        69.86738871852867
      ],
      [
        -0.004174726537358162,
        0.0009602716795569223,
        0.9999972256463504,
        0.5769047836173513
      ],
      [
        0.0,
        0.0,
        0.0,
        1.0
      ]
    ],
    "location": [
      16.857041868956003,
      69.86738871852867,
      0.5769047836173513
    ],
    "rotation": [
      0.0009602740485328082,
      0.004174711941972268,
      -2.1448052718417046
    ]
  },
  {
    "label_id": "K-eppQ_Y2mxaYi38LjA21Q",
    "size": [
      2.1091266235411323,
      4.81993915668481,
      1.500000000000007
    ],
    "obj_class": "vehicle",
    "point_num_in_lidar": 962,
    "speed": 2.16911158654126,
    "if_vehicle": true,
    "motion_state": true,
    "pose": [
      [
        -0.8479565772593335,
        -0.5301380734124206,
        -0.0030755653799376848,
        21.726985575151048
      ],
      [
        0.5301411960202687,
        -0.8479557099310165,
        -0.0029844332010871538,
        10.952115904787206
      ],
      [
        -0.0010239013235630236,
        -0.00415957803627813,
        0.9999972256463504,
        1.0007728695959486
      ],
      [
        0.0,
        0.0,
        0.0,
        1.0
      ]
    ],
    "location": [
      21.726985575151048,
      10.952115904787206,
      1.0007728695959486
    ],
    "rotation": [
      -0.004159565586702956,
      0.0010238949486564106,
      2.582850595966263
    ]
  },
  {
    "label_id": "KOEE6quaGGyBFe93Q79Llg",
    "size": [
      0.8525538981961952,
      1.2101923106300116,
      1.8200000000000003
    ],
    "obj_class": "pedestrian",
    "point_num_in_lidar": 385,
    "speed": 1.7164247623109716,
    "if_vehicle": false,
    "motion_state": true,
    "pose": [
      [
        0.25795083820466397,
        0.9661977534999282,
        -0.0030755653799376848,
        11.102068502645125
      ],
      [
        -0.966199443848427,
        0.25794807312597884,
        -0.0029844332010871538,
        -8.329330393324199
      ],
      [
        -0.002090515383342289,
        0.0037390117400578965,
        0.9999972256463504,
        0.9931705498794372
      ],
      [
        0.0,
        0.0,
        0.0,
        1.0
      ]
    ],
    "location": [
      11.102068502645125,
      -8.329330393324199,
      0.9931705498794372
    ],
    "rotation": [
      0.003739004689373742,
      0.002090503524983219,
      -1.3099063436461795
    ]
  },
  {
    "label_id": "KbMLXJEn2w0pC4MSAuldSQ",
    "size": [
      1.9351478814685141,
      4.515592189324639,
      1.4500000000000028
    ],
    "obj_class": "vehicle",
    "point_num_in_lidar": 42,
    "speed": 2.5421149729252077e-12,
    "if_vehicle": true,
    "motion_state": false,
    "pose": [
      [
        -0.980135303455708,
        0.1985233505625576,
        -0.0030755653799376848,
        40.996817585633835
      ],
      [
        -0.1985204875078011,
        -0.980136821960118,
        -0.0029844332010871538,
        14.429067362878413
      ],
      [
        -0.0036045059909502243,
        -0.002314735389085643,
        0.9999972256463504,
        0.9028625008352265
      ],
      [
        0.0,
        0.0,
        0.0,
        1.0
      ]
    ],
    "location": [
      40.996817585633835,
      14.429067362878413,
      0.9028625008352265
    ],
    "rotation": [
      -0.0023147376768595717,
      0.003604490724285801,
      -2.941752177563828
    ]
  },
  {
    "label_id": "LZxOUoMGi7vtc5t3F_znJA",
    "size": [
      0.809405372315824,
      1.0083618395238672,
      1.6300000000000026
    ],
    "obj_class": "pedestrian",
    "point_num_in_lidar": 314,
    "speed": 1.1907272198492767,
    "if_vehicle": false,
    "motion_state": true,
    "pose": [
      [
        0.6412509503289916,
        0.7673812302245621,
        -0.0030755653799376848,
        9.12095344534464
      ],
      [
        -0.7673839287517519,
        0.6412491556454021,
        -0.0029844332010871538,
        -8.961038203313365
      ],
      [
        -0.0003192918792863283,
        0.004271828186631966,
        0.9999972256463504,
        0.854546247120993
      ],
      [
        0.0,
        0.0,
        0.0,
        1.0
      ]
    ],
    "location": [
      9.12095344534464,
      -8.961038203313365,
      0.854546247120993
    ],
    "rotation": [
      0.004271814053453452,
      0.0003192898409814003,
      -0.8747026991247484
    ]
  },
  {
    "label_id": "LinZfU-zluGcqLzAeStW8g",
    "size": [
      0.5054790318200173,
      0.10862760562286883,
      0.4322335325982465
    ],
    "obj_class": "sign",
    "point_num_in_lidar": 44,
    "speed": 0.0005837162575400956,
    "if_vehicle": false,
    "motion_state": false,
    "pose": [
      [
        0.19459787203787787,
        0.9809222201566884,
        -0.0030755653799376848,
        4.687811388961563
      ],
      [
        -0.9809237271869354,
        0.19459500292686285,
        -0.0029844332010871538,
        20.932088320623734
      ],
      [
        -0.0023291471700713218,
        0.0035952102609486266,
        0.9999972256463504,
        2.91706700518273
      ],
      [
        0.0,
        0.0,
        0.0,
        1.0
      ]
    ],
    "location": [
      4.687811388961563,
      20.932088320623734,
      2.91706700518273
    ],
    "rotation": [
      0.003595204745344678,
      0.002329134367491966,
      -1.3749567629655375
    ]
  },
  {
    "label_id": "MV_5Q0rxAuIpiIi20l_8Sw",
    "size": [
      2.072069356398144,
      4.341091663754647,
      1.8400000000000034
    ],
    "obj_class": "vehicle",
    "point_num_in_lidar": 62,
    "speed": 0.0033071543300367554,
    "if_vehicle": true,
    "motion_state": false,
    "pose": [
      [
        -0.26452893831153235,
        -0.9644175312563384,
        -0.0030755653799376848,
        11.638311115813849
      ],
      [
        0.9644192404080318,
        -0.26452618481581397,
        -0.0029844332010871538,
        57.23430205046316
      ],
      [
        0.0020649876016801995,
        -0.00375317060166316,
        0.9999972256463504,
        0.4449937116766023
      ],
      [
        0.0,
        0.0,
        0.0,
        1.0
      ]
    ],
    "location": [
      11.638311115813849,
      57.23430205046316,
      0.4449937116766023
    ],
    "rotation": [
      -0.0037531633915675786,
      -0.0020649758516176906,
      1.8385007790606223
    ]
  },
  {
    "label_id": "M_WKbjgT5nrxHTrEbCzC9w",
    "size": [
      0.806729133182282,
      0.971033692972897,
      1.6499999999999986
    ],
    "obj_class": "pedestrian",
    "point_num_in_lidar": 98,
    "speed": 1.4711508546867682,
    "if_vehicle": false,
    "motion_state": true,
    "pose": [
      [
        0.9400658965386154,
        -0.34110532678902367,
        -0.0030755653799376848,
        -4.149583289865404
      ],
      [
        0.34110271940514925,
        0.9400678212431415,
        -0.0029844332010871538,
        -11.362488623861282
      ],
      [
        0.00390684651847136,
        0.0017569899377599587,
        0.9999972256463504,
        0.7594870317331015
      ],
      [
        0.0,
        0.0,
        0.0,
        1.0
      ]
    ],
    "location": [
      -4.149583289865404,
      -11.362488623861282,
      0.7594870317331015
    ],
    "rotation": [
      0.0017569930043225942,
      -0.003906831449985025,
      0.3480761230144146
    ]
  },
  {
    "label_id": "MjDrc4ihzQVdQ9IC3yqsig",
    "size": [
      0.82813490904297,
      0.7298107158624727,
      1.7100000000000009
    ],
    "obj_class": "pedestrian",
    "point_num_in_lidar": 41,
    "speed": 1.2654232120655187,
    "if_vehicle": false,
    "motion_state": true,
    "pose": [
      [
        0.06459408149539908,
        0.9979500681068982,
        -0.0030755653799376848,
        18.30228479543439
      ],
      [
        -0.9979511868268911,
        0.06459103988336608,
        -0.0029844332010871538,
        46.83504138710123
      ],
      [
        -0.0027794797150524223,
        0.0032595944339585646,
        0.9999972256463504,
        0.7736666920533253
      ],
      [
        0.0,
        0.0,
        0.0,
        1.0
      ]
    ],
    "location": [
      18.30228479543439,
      46.83504138710123,
      0.7736666920533253
    ],
    "rotation": [
      0.0032595919328798693,
      0.0027794655028608416,
      -1.5061597976517487
    ]
  },
  {
    "label_id": "NcatSspzHLij99dYOQK-rg",
    "size": [
      1.773955046013138,
      3.9636768702055396,
      1.3800000000000026
    ],
    "obj_class": "vehicle",
    "point_num_in_lidar": 21,
    "speed": 1.1368683772161603e-12,
    "if_vehicle": true,
    "motion_state": false,
    "pose": [
      [
        0.30729767504918376,
        0.9516537567351706,
        -0.0030755653799376848,
        76.43868224465405
      ],
      [
        -0.95165558704527,
        0.3072950005579943,
        -0.0029844332010871538,
        6.585937184332579
      ],
      [
        -0.001895464915990353,
        0.0038415720886807825,
        0.9999972256463504,
        0.9509681250917765
      ],
      [
        0.0,
        0.0,
        0.0,
        1.0
      ]
    ],
    "location": [
      76.43868224465405,
      6.585937184332579,
      0.9509681250917765
    ],
    "rotation": [
      0.0038415638490410576,
      0.001895453918440211,
      -1.2584572823267925
    ]
  },
  {
    "label_id": "Nd72enoaUv9l45M43pbdYw",
    "size": [
      0.9619118223230899,
      0.7962712858776171,
      1.6499999999999986
    ],
    "obj_class": "pedestrian",
    "point_num_in_lidar": 376,
    "speed": 0.0020826575730494078,
    "if_vehicle": false,
    "motion_state": false,
    "pose": [
      [
        0.9771166216250271,
        -0.21288457328536214,
        -0.0030755653799376848,
        5.623859079001704
      ],
      [
        0.2128817328215484,
        0.9771181819786745,
        -0.0029844332010871538,
        7.623391275032191
      ],
      [
        0.003638084537849658,
        0.0022615933002511266,
        0.9999972256463504,
        0.7164633538958469
      ],
      [
        0.0,
        0.0,
        0.0,
        1.0
      ]
    ],
    "location": [
      5.623859079001704,
      7.623391275032191,
      0.7164633538958469
    ],
    "rotation": [
      0.002261595718838889,
      -0.0036380692764253295,
      0.21451512764136457
    ]
  },
  {
    "label_id": "PLIUxvOCVsYz1y-U52_w-g",
    "size": [
      1.141890807295655,
      1.0812464483086648,
      1.6799999999999997
    ],
    "obj_class": "pedestrian",
    "point_num_in_lidar": 721,
    "speed": 1.6658900543774326,
    "if_vehicle": false,
    "motion_state": true,
    "pose": [
      [
        0.9987296920133137,
        -0.051144267418629714,
        -0.0030755653799376848,
        0.006311897610430606
      ],
      [
        0.05114121101169716,
        0.9987307696565038,
        -0.0029844332010871538,
        6.803920477323118
      ],
      [
        0.003221854689151815,
        0.0028231393380901324,
        0.9999972256463504,
        0.7534366646368653
      ],
      [
        0.0,
        0.0,
        0.0,
        1.0
      ]
    ],
    "location": [
      0.006311897610430606,
      6.803920477323118,
      0.7534366646368653
    ],
    "rotation": [
      0.002823139670223155,
      -0.00322183964055281,
      0.05116157335972866
    ]
  },
  {
    "label_id": "RLwpXW5onTXDRmiQoJpcRw",
    "size": [
      0.9158691018635652,
      1.1417508792291562,
      1.8500000000000014
    ],
    "obj_class": "pedestrian",
    "point_num_in_lidar": 1025,
    "speed": 1.4168876868332585,
    "if_vehicle": false,
    "motion_state": true,
    "pose": [
      [
        0.49018855549353907,
        0.871660434952714,
        -0.0030755653799376848,
        8.211999410341377
      ],
      [
        -0.8716627599934171,
        0.4901862978124476,
        -0.0029844332010871538,
        -4.130833317001816
      ],
      [
        -0.0010947075157685538,
        0.004141506829066126,
        0.9999972256463504,
        0.9193617181947502
      ],
      [
        0.0,
        0.0,
        0.0,
        1.0
      ]
    ],
    "location": [
      8.211999410341377,
      -4.130833317001816,
      0.9193617181947502
    ],
    "rotation": [
      0.004141494640665344,
      0.0010947007273850106,
      -1.0585129739077115
    ]
  },
  {
    "label_id": "SQQ6HVe8YtnoiVO4yfPY2Q",
    "size": [
      1.9274767058030655,
      4.326488639833419,
      1.3500000000000014
    ],
    "obj_class": "vehicle",
    "point_num_in_lidar": 128,
    "speed": 3.5950934718225418e-12,
    "if_vehicle": true,
    "motion_state": false,
    "pose": [
      [
        -0.20666225374774605,
        -0.9784515556095249,
        -0.0030755653799376848,
        29.322715755493846
      ],
      [
        0.9784530978559163,
        -0.20665940341193242,
        -0.0029844332010871538,
        -18.481710397994902
      ],
      [
        0.002284698932613346,
        -0.00362361892968852,
        0.9999972256463504,
        0.930042195032911
      ],
      [
        0.0,
        0.0,
        0.0,
        1.0
      ]
    ],
    "location": [
      29.322715755493846,
      -18.481710397994902,
      0.930042195032911
    ],
    "rotation": [
      -0.003623613122795766,
      -0.0022846862962629133,
      1.7789502376479986
    ]
  },
  {
    "label_id": "UMM0XzCyaXFdt743gKi7vA",
    "size": [
      2.018934327650789,
      4.470248932210846,
      1.7100000000000009
    ],
    "obj_class": "vehicle",
    "point_num_in_lidar": 39,
    "speed": 0.02211949686262794,
    "if_vehicle": true,
    "motion_state": false,
    "pose": [
      [
        -0.2263756573626372,
        -0.9740794605946843,
        -0.0030755653799376848,
        16.990586384134076
      ],
      [
        0.9740810600767004,
        -0.22637283874676029,
        -0.0029844332010871538,
        33.612010797078256
      ],
      [
        0.0022110701243482503,
        -0.0036690097118290865,
        0.9999972256463504,
        0.7950128389234123
      ],
      [
        0.0,
        0.0,
        0.0,
        1.0
      ]
    ],
    "location": [
      16.990586384134076,
      33.612010797078256,
      0.7950128389234123
    ],
    "rotation": [
      -0.0036690034273639204,
      -0.002211057773246207,
      1.7991421745035312
    ]
  },
  {
    "label_id": "WRasNf5aFU5EQsYKqc3aig",
    "size": [
      0.864200547716361,
      0.9213117662531766,
      1.6099999999999994
    ],
    "obj_class": "pedestrian",
    "point_num_in_lidar": 272,
    "speed": 1.1086293953646154,
    "if_vehicle": false,
    "motion_state": true,
    "pose": [
      [
        0.9909034604063996,
        -0.13485943034663778,
        -0.0030755653799376848,
        4.007158253261878
      ],
      [
        0.13485647526735056,
        0.9909047909869452,
        -0.0029844332010871538,
        -9.26902230118867
      ],
      [
        0.0034476183041717424,
        0.0025425167431152706,
        0.9999972256463504,
        0.7979102681143786
      ],
      [
        0.0,
        0.0,
        0.0,
        1.0
      ]
    ],
    "location": [
      4.007158253261878,
      -9.26902230118867,
      0.7979102681143786
    ],
    "rotation": [
      0.0025425183183433162,
      -0.0034476030662646887,
      0.1352634459502364
    ]
  },
  {
    "label_id": "XOGZVIJgjh_BcRiES2OlFA",
    "size": [
      2.2833126905500523,
      5.01776074174188,
      1.7999999999999972
    ],
    "obj_class": "vehicle",
    "point_num_in_lidar": 59,
    "speed": 2.2737367544323206e-12,
    "if_vehicle": true,
    "motion_state": false,
    "pose": [
      [
        -0.9781406991944989,
        0.20812858135800066,
        -0.0030755653799376848,
        63.74672012505471
      ],
      [
        -0.20812573333699685,
        -0.9781422457114058,
        -0.0029844332010871538,
        19.874635326195857
      ],
      [
        -0.0036270392981493788,
        -0.002279265076721352,
        0.9999972256463504,
        0.9871928798760337
      ],
      [
        0.0,
        0.0,
        0.0,
        1.0
      ]
    ],
    "location": [
      63.74672012505471,
      19.874635326195857,
      0.9871928798760337
    ],
    "rotation": [
      -0.0022792674532409254,
      0.0036270240345505043,
      -2.931942351223902
    ]
  },
  {
    "label_id": "XzMQXo511mOTZ9b8qsu5-g",
    "size": [
      1.737245381158859,
      3.7302123275017713,
      1.1999999999999957
    ],
    "obj_class": "vehicle",
    "point_num_in_lidar": 22,
    "speed": 0.0025253238905310264,
    "if_vehicle": true,
    "motion_state": false,
    "pose": [
      [
        -0.7109170785005859,
        0.703330392699611,
        -0.0030755653799376848,
        17.842333044332918
      ],
      [
        -0.7033288305788014,
        -0.7109199179929275,
        -0.0029844332010871538,
        66.320876447935
      ],
      [
        -0.0042835574959792875,
        3.9981732343592374e-05,
        0.9999972256463504,
        0.43254467014821785
      ],
      [
        0.0,
        0.0,
        0.0,
        1.0
      ]
    ],
    "location": [
      17.842333044332918,
      66.320876447935,
      0.43254467014821785
    ],
    "rotation": [
      3.9981843246060864e-05,
      0.004283543177289842,
      -2.3615600175407834
    ]
  },
  {
    "label_id": "Y_9VwrgCiCR7GJmciwJvfw",
    "size": [
      0.48638857419427667,
      0.12473852654514349,
      0.6300000000000026
    ],
    "obj_class": "sign",
    "point_num_in_lidar": 21,
    "speed": 3.410605131648481e-12,
    "if_vehicle": false,
    "motion_state": false,
    "pose": [
      [
        0.17201602323965137,
        0.9851330983920968,
        -0.0030755653799376848,
        24.996879157202784
      ],
      [
        -0.9851345391250079,
        0.17201312027102247,
        -0.0029844332010871538,
        13.261212751931453
      ],
      [
        -0.002411110020781789,
        0.0035407642999735517,
        0.9999972256463504,
        2.6435089903884545
      ],
      [
        0.0,
        0.0,
        0.0,
        1.0
      ]
    ],
    "location": [
      24.996879157202784,
      13.261212751931453,
      2.6435089903884545
    ],
    "rotation": [
      0.003540759326453343,
      0.002411096923805986,
      -1.3979274403060435
    ]
  },
  {
    "label_id": "Z9OsRYR58DxyfT5G8nd1sw",
    "size": [
      0.9114227453813881,
      0.9160872246739158,
      1.9500000000000028
    ],
    "obj_class": "pedestrian",
    "point_num_in_lidar": 544,
    "speed": 0.022373624355432536,
    "if_vehicle": false,
    "motion_state": false,
    "pose": [
      [
        -0.42055063897712686,
        0.9073113544173949,
        -0.0030755653799376848,
        6.477552985190414
      ],
      [
        -0.907310882220828,
        -0.42055384521613604,
        -0.0029844332010871538,
        8.254308963187214
      ],
      [
        -0.003999921444828566,
        0.0015333270347457188,
        0.9999972256463504,
        0.890516232863888
      ],
      [
        0.0,
        0.0,
        0.0,
        1.0
      ]
    ],
    "location": [
      6.477552985190414,
      8.254308963187214,
      0.890516232863888
    ],
    "rotation": [
      0.0015333300870764657,
      0.003999906507959909,
      -2.004830895988385
    ]
  },
  {
    "label_id": "ZKnwPv8__s8nBMx_x1Kjmg",
    "size": [
      0.9160450749819886,
      0.6962191468794218,
      1.5799999999999983
    ],
    "obj_class": "pedestrian",
    "point_num_in_lidar": 20,
    "speed": 1.3509855827631834,
    "if_vehicle": false,
    "motion_state": true,
    "pose": [
      [
        0.332358386618847,
        0.9431938489212671,
        -0.0030755653799376848,
        36.79024867423868
      ],
      [
        -0.9431957493229006,
        0.3323557614689821,
        -0.0029844332010871538,
        -37.00241836209898
      ],
      [
        -0.0017932046320517387,
        0.00389035737534095,
        0.9999972256463504,
        1.3498837745363517
      ],
      [
        0.0,
        0.0,
        0.0,
        1.0
      ]
    ],
    "location": [
      36.79024867423868,
      -37.00241836209898,
      1.3498837745363517
    ],
    "rotation": [
      0.003890348541914948,
      0.0017931941150868549,
      -1.2320074666022738
    ]
  },
  {
    "label_id": "Zf_0k6PmuzbSRQRWpdsKQg",
    "size": [
      1.9263009385375967,
      4.30626809851573,
      1.480000000000004
    ],
    "obj_class": "vehicle",
    "point_num_in_lidar": 168,
    "speed": 4.676850685900962,
    "if_vehicle": true,
    "motion_state": true,
    "pose": [
      [
        -0.4084064802441214,
        -0.9128421992290919,
        -0.0030755653799376848,
        13.28769010544056
      ],
      [
        0.9128443080226049,
        -0.4084040193645832,
        -0.0029844332010871538,
        23.736392229351623
      ],
      [
        0.001468925825832687,
        -0.004024017927206997,
        0.9999972256463504,
        0.839218625764488
      ],
      [
        0.0,
        0.0,
        0.0,
        1.0
      ]
    ],
    "location": [
      13.28769010544056,
      23.736392229351623,
      0.839218625764488
    ],
    "rotation": [
      -0.004024007371384809,
      -0.0014689169517533868,
      1.9914859307153028
    ]
  },
  {
    "label_id": "Zfh8PMMz_gcqeqExLpq5tQ",
    "size": [
      1.8903948451336425,
      4.104269830155506,
      1.3600000000000065
    ],
    "obj_class": "vehicle",
    "point_num_in_lidar": 33,
    "speed": 1.1368683772161603e-12,
    "if_vehicle": true,
    "motion_state": false,
    "pose": [
      [
        0.9620090198350302,
        -0.27315815849950625,
        -0.0030755653799376848,
