[
  {
    "label_id": "0DlaJSOxjIOx-XNuOMzJdg",
    "size": [
      0.9863984926494446,
      0.07146319930020684,
      0.9500000000000033
    ],
    "obj_class": "sign",
    "point_num_in_lidar": 34,
    "speed": 0.015480908157155911,
    "if_vehicle": false,
    "motion_state": false,
    "pose": [
      [
        -0.6925569366728723,
        -0.721311288350768,
        -0.008655331538557796,
        56.366939204449636
      ],
      [
        0.7209530519835363,
        -0.6925178877325587,
        0.02541007686056175,
        -32.49241195296054
      ],
      [
        -0.024322547192090874,
        0.01135783730252028,
        0.9996396416858917,
        4.596044707189552
      ],
      [
        0.0,
        0.0,
        0.0,
        1.0
      ]
    ],
    "location": [
      56.366939204449636,
      -32.49241195296054,
      4.596044707189552
    ],
    "rotation": [
      0.011361442789785502,
      0.024324945978360258,
      2.336108111947852
    ]
  },
  {
    "label_id": "17uCnxYTYb0tHvESLUeCJA",
    "size": [
      0.8889410461070775,
      0.9589459079899387,
      1.650000000000004
    ],
    "obj_class": "pedestrian",
    "point_num_in_lidar": 23,
    "speed": 1.4202327069562988,
    "if_vehicle": false,
    "motion_state": true,
    "pose": [
      [
        -0.963681816932781,
        0.2669127965255535,
        -0.008655331538557796,
        -14.381879912584736
      ],
      [
        -0.2670485632460663,
        -0.963348012331033,
        0.02541007686056175,
        1.608609241895465
      ],
      [
        -0.0015558217589539632,
        0.026798622889177986,
        0.9996396416858917,
        1.2013617939542556
      ],
      [
        0.0,
        0.0,
        0.0,
        1.0
      ]
    ],
    "location": [
      -14.381879912584736,
      1.608609241895465,
      1.2013617939542556
    ],
    "rotation": [
      0.026801864016230154,
      0.001555822386620168,
      -2.8712632555536683
    ]
  },
  {
    "label_id": "1hK-hL5ja_cpx_svwJHM3A",
    "size": [
      2.1667434197885664,
      4.704275997152225,
      1.6600000000000037
    ],
    "obj_class": "vehicle",
    "point_num_in_lidar": 719,
    "speed": 2.3075967656031278,
    "if_vehicle": true,
    "motion_state": true,
    "pose": [
      [
        0.9873800721113727,
        -0.1581318387716339,
        -0.008655331538557796,
        10.00834781744561
      ],
      [
        0.1583038710515498,
        0.9870634287643498,
        0.02541007686056175,
        -4.666741867044038
      ],
      [
        0.0045252190482518995,
        -0.02645957601072525,
        0.9996396416858917,
        0.5995191812805611
      ],
      [
        0.0,
        0.0,
        0.0,
        1.0
      ]
    ],
    "location": [
      10.00834781744561,
      -4.666741867044038,
      0.5995191812805611
    ],
    "rotation": [
      -0.026462935429210882,
      -0.004525234492670756,
      0.15897426754844635
    ]
  },
  {
    "label_id": "2KYmKKbQrxtjfQJAOfeO6w",
    "size": [
      0.8263884301082196,
      0.8777849243492034,
      1.850000000000005
    ],
    "obj_class": "pedestrian",
    "point_num_in_lidar": 25,
    "speed": 0.9264087328794756,
    "if_vehicle": false,
    "motion_state": false,
    "pose": [
      [
        -0.6915452140548846,
        0.7222813178767269,
        -0.008655331538557796,
        72.72688962366487
      ],
      [
        -0.7222272366460867,
        -0.6911889370067332,
        0.02541007686056175,
        -12.480510310228055
      ],
      [
        0.012370754396618848,
        0.023823333221036563,
        0.9996396416858917,
        0.26943672309012534
      ],
      [
        0.0,
        0.0,
        0.0,
        1.0
      ]
    ],
    "location": [
      72.72688962366487,
      -12.480510310228055,
      0.26943672309012534
    ],
    "rotation": [
      0.02382741092584378,
      -0.012371069945913353,
      -2.3344956609416156
    ]
  },
  {
    "label_id": "4ZJOSWsiNfN4ChmTiuEyaw",
    "size": [
      0.9854092713222334,
      0.13388303223457954,
      0.4200000000000035
    ],
    "obj_class": "sign",
    "point_num_in_lidar": 33,
    "speed": 0.03281465599524619,
    "if_vehicle": false,
    "motion_state": false,
    "pose": [
      [
        -0.6829076588752896,
        -0.7304534308807296,
        -0.008655331538557796,
        55.222803702223246
      ],
      [
        0.7300947071025014,
        -0.6828733752716188,
        0.02541007686056175,
        -33.80663695016847
      ],
      [
        -0.02447137328357022,
        0.011033524356168995,
        0.9996396416858917,
        2.3378497895262385
      ],
      [
        0.0,
        0.0,
        0.0,
        1.0
      ]
    ],
    "location": [
      55.222803702223246,
      -33.80663695016847,
      2.3378497895262385
    ],
    "rotation": [
      0.011037053624600291,
      0.02447381638127239,
      2.3228120134136687
    ]
  },
  {
    "label_id": "4ZttO3ki0EvSoIJTHLTPNQ",
    "size": [
      2.0244199205135196,
      4.355805679212177,
      1.4700000000000042
    ],
    "obj_class": "vehicle",
    "point_num_in_lidar": 36,
    "speed": 6.572683742175196,
    "if_vehicle": true,
    "motion_state": true,
    "pose": [
      [
        0.70675760132589,
        0.7074028401158932,
        -0.008655331538557796,
        67.89573281414823
      ],
      [
        -0.7070454506992888,
        0.7067114394428463,
        0.02541007686056175,
        -21.754673573766922
      ],
      [
        0.024091982349193766,
        -0.011839052182845755,
        0.9996396416858917,
        0.13588720598675508
      ],
      [
        0.0,
        0.0,
        0.0,
        1.0
      ]
    ],
    "location": [
      67.89573281414823,
      -21.754673573766922,
      0.13588720598675508
    ],
    "rotation": [
      -0.011842766336894352,
      -0.024094313550708398,
      -0.785601762738254
    ]
  },
  {
    "label_id": "4k1023vqw0-b_hXEv20Ltg",
    "size": [
      1.9970063295830744,
      4.483960861202401,
      1.400000000000004
    ],
    "obj_class": "vehicle",
    "point_num_in_lidar": 41,
    "speed": 6.6548760507806675,
    "if_vehicle": true,
    "motion_state": true,
    "pose": [
      [
        0.7147235544996138,
        0.6993535056603314,
        -0.008655331538557796,
        77.67030396688142
      ],
      [
        -0.6989966619421017,
        0.7146733481722538,
        0.02541007686056175,
        -31.443873784068273
      ],
      [
        0.02395636110173433,
        -0.012111132600434985,
        0.9996396416858917,
        0.19445481493185213
      ],
      [
        0.0,
        0.0,
        0.0,
        1.0
      ]
    ],
    "location": [
      77.67030396688142,
      -31.443873784068273,
      0.19445481493185213
    ],
    "rotation": [
      -0.012114905780879554,
      -0.023958653148559394,
      -0.7742741491349329
    ]
  },
  {
    "label_id": "59EwjXaFuOsab_KR3nEvxw",
    "size": [
      2.0519264429260273,
      4.555598149819266,
      1.6700000000000035
    ],
    "obj_class": "vehicle",
    "point_num_in_lidar": 99,
    "speed": 5.695433295429594e-13,
    "if_vehicle": true,
    "motion_state": false,
    "pose": [
      [
        0.7148301867474328,
        -0.6992445132788585,
        -0.008655331538557796,
        41.87808545981511
      ],
      [
        0.6992021297573443,
        0.7144723295808831,
        0.02541007686056175,
        -41.48496876379795
      ],
      [
        -0.011583861939093606,
        -0.024215716233017503,
        0.9996396416858917,
        0.37300421591253574
      ],
      [
        0.0,
        0.0,
        0.0,
        1.0
      ]
    ],
    "location": [
      41.87808545981511,
      -41.48496876379795,
      0.37300421591253574
    ],
    "rotation": [
      -0.024219708887611477,
      0.011584121019812576,
      0.7743464918513986
    ]
  },
  {
    "label_id": "5NPFGnlHPlvOnO8ShSEMKQ",
    "size": [
      0.8121676524219981,
      0.7805203499219474,
      1.730000000000004
    ],
    "obj_class": "pedestrian",
    "point_num_in_lidar": 167,
    "speed": 0.047485048303096536,
    "if_vehicle": false,
    "motion_state": false,
    "pose": [
      [
        0.11294035247527225,
        0.993564070414545,
        -0.008655331538557796,
        19.01816633216231
      ],
      [
        -0.9932556015803553,
        0.1131266455048805,
        0.02541007686056175,
        -7.06822223623567
      ],
      [
        0.026225688017815812,
        0.005727133497152042,
        0.9996396416858917,
        0.6386220559075806
      ],
      [
        0.0,
        0.0,
        0.0,
        1.0
      ]
    ],
    "location": [
      19.01816633216231,
      -7.06822223623567,
      0.6386220559075806
    ],
    "rotation": [
      0.00572913537802839,
      -0.026228695228607966,
      -1.4575753735628778
    ]
  },
  {
    "label_id": "84Lqx5iF0YcPmp7YrZ-ckQ",
    "size": [
      0.9098280519316617,
      2.2932305098907504,
      1.9400000000000048
    ],
    "obj_class": "cyclist",
    "point_num_in_lidar": 76,
    "speed": 3.832888278700399,
    "if_vehicle": false,
    "motion_state": true,
    "pose": [
      [
        0.5138839601292435,
        0.8578160413269523,
        -0.008655331538557796,
        46.86474889097144
      ],
      [
        -0.8574581366026404,
        0.5139259401585682,
        0.02541007686056175,
        -22.155059853595958
      ],
      [
        0.026245370940678095,
        -0.005636246471564094,
        0.9996396416858917,
        0.49193575388052047
      ],
      [
        0.0,
        0.0,
        0.0,
        1.0
      ]
    ],
    "location": [
      46.86474889097144,
      -22.155059853595958,
      0.49193575388052047
    ],
    "rotation": [
      -0.005638218525859034,
      -0.026248384928876947,
      -1.0308837124434171
    ]
  },
  {
    "label_id": "8V4foKFdLBczw0yCOtZanw",
    "size": [
      2.211974093390273,
      4.43889582269016,
      1.5800000000000036
    ],
    "obj_class": "vehicle",
    "point_num_in_lidar": 268,
    "speed": 1.6152548247439904,
    "if_vehicle": true,
    "motion_state": true,
    "pose": [
      [
        0.9816380015741152,
        -0.1905568657947942,
        -0.008655331538557796,
        0.9192224867497316
      ],
      [
        0.19071837890311408,
        0.9813158655308232,
        0.02541007686056175,
        -6.048716180879637
      ],
      [
        0.003651549554062607,
        -0.02659422786914924,
        0.9996396416858917,
        0.7066494298541279
      ],
      [
        0.0,
        0.0,
        0.0,
        1.0
      ]
    ],
    "location": [
      0.9192224867497316,
      -6.048716180879637,
      0.7066494298541279
    ],
    "rotation": [
      -0.02659754104072905,
      -0.003651557668958481,
      0.19189520132302293
    ]
  },
  {
    "label_id": "AmKB-ON3t3pW_Psu2V_a9Q",
    "size": [
      0.8998468438704469,
      1.986590630496192,
      1.8800000000000043
    ],
    "obj_class": "cyclist",
    "point_num_in_lidar": 99,
    "speed": 3.6400097091390484,
    "if_vehicle": false,
    "motion_state": true,
    "pose": [
      [
        0.5790117773592652,
        0.8152732345141857,
        -0.008655331538557796,
        37.812879713209895
      ],
      [
        -0.8149131494635834,
        0.5790258084276414,
        0.02541007686056175,
        -11.812918642046498
      ],
      [
        0.02572781589268693,
        -0.007659390282131779,
        0.9996396416858917,
        0.41809120612975725
      ],
      [
        0.0,
        0.0,
        0.0,
        1.0
      ]
    ],
    "location": [
      37.812879713209895,
      -11.812918642046498,
      0.41809120612975725
    ],
    "rotation": [
      -0.007662001462739479,
      -0.025730655033285435,
      -0.9530450539279344
    ]
  },
  {
    "label_id": "AssUze2EisIVcSNjArZ5Tw",
    "size": [
      2.199643395419135,
      4.514666635837244,
      1.7200000000000042
    ],
    "obj_class": "vehicle",
    "point_num_in_lidar": 4051,
    "speed": 4.852308355934359,
    "if_vehicle": true,
    "motion_state": true,
    "pose": [
      [
        0.9236773659567263,
        0.3830733726783964,
        -0.008655331538557796,
        33.49546164056778
      ],
      [
        -0.3827608566416198,
        0.9234979451070336,
        0.02541007686056175,
        -2.894122320747556
      ],
      [
        0.017727104733070893,
        -0.020157790749106026,
        0.9996396416858917,
        0.3698438140103022
      ],
      [
        0.0,
        0.0,
        0.0,
        1.0
      ]
    ],
    "location": [
      33.49546164056778,
      -2.894122320747556,
      0.3698438140103022
    ],
    "rotation": [
      -0.020162324825845374,
      -0.01772803332221713,
      -0.3928480015955841
    ]
  },
  {
    "label_id": "GARk4cBERDW15xKILK39Ag",
    "size": [
      2.186724324086598,
      4.489462276169078,
      1.4200000000000035
    ],
    "obj_class": "vehicle",
    "point_num_in_lidar": 165,
    "speed": 5.539576216324873,
    "if_vehicle": true,
    "motion_state": true,
    "pose": [
      [
        0.7050109697390837,
        0.7091435805135052,
        -0.008655331538557796,
        53.49827916295044
      ],
      [
        -0.7087860783466308,
        0.7049656893324271,
        0.02541007686056175,
        -12.50266020438903
      ],
      [
        0.024121104650502222,
        -0.011779604430605,
        0.9996396416858917,
        0.21153806820183974
      ],
      [
        0.0,
        0.0,
        0.0,
        1.0
      ]
    ],
    "location": [
      53.49827916295044,
      -12.50266020438903,
      0.21153806820183974
    ],
    "rotation": [
      -0.011783305452865366,
      -0.024123444317562796,
      -0.7880683483724563
    ]
  },
  {
    "label_id": "HsUEYNI6ObHDRuboWHD9cQ",
    "size": [
      2.2168637689156525,
      4.528614274927486,
      1.7100000000000044
    ],
    "obj_class": "vehicle",
    "point_num_in_lidar": 2824,
    "speed": 1.7404654869193876,
    "if_vehicle": true,
    "motion_state": true,
    "pose": [
      [
        0.9880099629455412,
        -0.1541473267893673,
        -0.008655331538557796,
        21.62434086389635
      ],
      [
        0.15432063505167243,
        0.9876940161766644,
        0.02541007686056175,
        -2.7935581719866605
      ],
      [
        0.0046319237470907465,
        -0.026441105357059975,
        0.9996396416858917,
        0.42509941611749547
      ],
      [
        0.0,
        0.0,
        0.0,
        1.0
      ]
    ],
    "location": [
      21.62434086389635,
      -2.7935581719866605,
      0.42509941611749547
    ],
    "rotation": [
      -0.026444471044470882,
      -0.004631940310019978,
      0.15494149005959024
    ]
  },
  {
    "label_id": "HtZusIAJ8dF6ertTZFuI_A",
    "size": [
      0.8100600019965809,
      0.09693712044314179,
      0.7800000000000029
    ],
    "obj_class": "sign",
    "point_num_in_lidar": 133,
    "speed": 0.02315266829704892,
    "if_vehicle": false,
    "motion_state": false,
    "pose": [
      [
        -0.9989604802836642,
        -0.04475538031777118,
        -0.008655331538557796,
        21.24031681628412
      ],
      [
        0.044522883750370015,
        -0.9986851560008747,
        0.02541007686056175,
        -6.148905850262963
      ],
      [
        -0.009781188781622121,
        0.024998302264759468,
        0.9996396416858917,
        2.3491877411885085
      ],
      [
        0.0,
        0.0,
        0.0,
        1.0
      ]
    ],
    "location": [
      21.24031681628412,
      -6.148905850262963,
      2.3491877411885085
    ],
    "rotation": [
      0.025002102907499983,
      0.009781344752088533,
      3.0970529151228816
    ]
  },
  {
    "label_id": "JwXiJQrToIoWPhyl6DfSpw",
    "size": [
      0.9396957875955234,
      2.2487845134696376,
      1.900000000000004
    ],
    "obj_class": "cyclist",
    "point_num_in_lidar": 51,
    "speed": 4.253087857982979,
    "if_vehicle": false,
    "motion_state": true,
    "pose": [
      [
        0.682147924581276,
        -0.7311629737790443,
        -0.008655331538557796,
        36.081856611912144
      ],
      [
        0.7311042902215511,
        0.6817923766173852,
        0.02541007686056175,
        -41.67967252676499
      ],
      [
        -0.012677768301237678,
        -0.023661381215012406,
        0.9996396416858917,
        0.6272102994428046
      ],
      [
        0.0,
        0.0,
        0.0,
        1.0
      ]
    ],
    "location": [
      36.081856611912144,
      -41.67967252676499,
      0.6272102994428046
    ],
    "rotation": [
      -0.023665491877891433,
      0.01267810793323065,
      0.8200252432423478
    ]
  },
  {
    "label_id": "K37cXi8osz3hwjBom_ZkCg",
    "size": [
      2.299231774640418,
      4.662704021474388,
      1.5900000000000034
    ],
    "obj_class": "vehicle",
    "point_num_in_lidar": 32,
    "speed": 6.260756059155652,
    "if_vehicle": true,
    "motion_state": true,
    "pose": [
      [
        0.7298950839994054,
        0.6835043903220069,
        -0.008655331538557796,
        79.92730347303404
      ],
      [
        -0.6831487340059484,
        0.7298370607334286,
        0.02541007686056175,
        -38.09610304785929
      ],
      [
        0.02368488082238796,
        -0.012633811401603547,
        0.9996396416858917,
        0.370292268088507
      ],
      [
        0.0,
        0.0,
        0.0,
        1.0
      ]
    ],
    "location": [
      79.92730347303404,
      -38.09610304785929,
      0.370292268088507
    ],
    "rotation": [
      -0.012637692904746516,
      -0.02368709581364451,
      -0.7523281996765242
    ]
  },
  {
    "label_id": "KRXPt8SP-giewQRo-HQapw",
    "size": [
      2.117122063723806,
      4.500384774329073,
      1.5300000000000047
    ],
    "obj_class": "vehicle",
    "point_num_in_lidar": 94,
    "speed": 4.82754463671763,
    "if_vehicle": true,
    "motion_state": true,
    "pose": [
      [
        0.7241513834049316,
        0.6895867306935954,
        -0.008655331538557796,
        65.76957547664597
      ],
      [
        -0.689230601404509,
        0.7240963375694695,
        0.02541007686056175,
        -24.56132858202909
      ],
      [
        0.02378974569646698,
        -0.012435222949325827,
        0.9996396416858917,
        0.28293655494324454
      ],
      [
        0.0,
        0.0,
        0.0,
        1.0
      ]
    ],
    "location": [
      65.76957547664597,
      -24.56132858202909,
      0.28293655494324454
    ],
    "rotation": [
      -0.012439064094218943,
      -0.023791990243845648,
      -0.7606959390865612
    ]
  },
  {
    "label_id": "KxTPaWgRlBzRqeloR_TQuw",
    "size": [
      0.8591700821310466,
      1.1659696415964578,
      1.7200000000000042
    ],
    "obj_class": "pedestrian",
    "point_num_in_lidar": 94,
    "speed": 1.5741800488412583,
    "if_vehicle": false,
    "motion_state": true,
    "pose": [
      [
        0.6182105664144874,
        -0.7859648725034958,
        -0.008655331538557796,
        24.367080382206723
      ],
      [
        0.7858764819600347,
        0.6178612166951893,
        0.02541007686056175,
        -23.446330762188154
      ],
      [
        -0.014623634144701877,
        -0.022510799508323073,
        0.9996396416858917,
        0.583939059583539
      ],
      [
        0.0,
        0.0,
        0.0,
        1.0
      ]
    ],
    "location": [
      24.367080382206723,
      -23.446330762188154,
      0.583939059583539
    ],
    "rotation": [
      -0.02251510908562423,
      0.014624155407206246,
      0.9042481495626248
    ]
  },
  {
    "label_id": "L284BCL1HW9_uOMJUXrx9g",
    "size": [
      0.7291974242268073,
      0.9899061133748079,
      1.7400000000000002
    ],
    "obj_class": "pedestrian",
    "point_num_in_lidar": 1163,
    "speed": 1.2751258452064136,
    "if_vehicle": false,
    "motion_state": true,
    "pose": [
      [
        0.08773361965748776,
        -0.9961063684254573,
        -0.008655331538557796,
        24.853317981222062
      ],
      [
        0.9958413119173221,
        0.08748948206914438,
        0.02541007686056175,
        6.813918912826921
      ],
      [
        -0.024553888909540755,
        -0.010848654733188827,
        0.9996396416858917,
        0.48612748058313393
      ],
      [
        0.0,
        0.0,
        0.0,
        1.0
      ]
    ],
    "location": [
      24.853317981222062,
      6.813918912826921,
      0.48612748058313393
    ],
    "rotation": [
      -0.010852139510383187,
      0.024556356808988166,
      1.482923203706356
    ]
  },
  {
    "label_id": "L4snb6xvhDhpmIn3mRFNkw",
    "size": [
      0.7813640478716773,
      0.9730712411753827,
      1.6900000000000048
    ],
    "obj_class": "pedestrian",
    "point_num_in_lidar": 70,
    "speed": 1.4398665428458572,
    "if_vehicle": false,
    "motion_state": true,
    "pose": [
      [
        0.6685025992823616,
        -0.7436594381762959,
        -0.008655331538557796,
        22.714987315107237
      ],
      [
        0.7435941860391463,
        0.6681481979940677,
        0.02541007686056175,
        -25.757516046332967
      ],
      [
        -0.013113399311613231,
        -0.023422756639562954,
        0.9996396416858917,
        0.5944969005815324
      ],
      [
        0.0,
        0.0,
        0.0,
        1.0
      ]
    ],
    "location": [
      22.714987315107237,
      -25.757516046332967,
      0.5944969005815324
    ],
    "rotation": [
      -0.023426913604573964,
      0.013113775173436773,
      0.8385254881354486
    ]
  },
  {
    "label_id": "NfBUR0rONso4b1AmRWZoQw",
    "size": [
      2.137791572477187,
      4.56232836195279,
      1.9900000000000038
    ],
    "obj_class": "vehicle",
    "point_num_in_lidar": 172,
    "speed": 6.50647192033517,
    "if_vehicle": true,
    "motion_state": true,
    "pose": [
      [
        0.7055172940218624,
        -0.7086398472228518,
        -0.008655331538557796,
        21.801382053099815
      ],
      [
        0.7085927333004057,
        0.7051600288642291,
        0.02541007686056175,
        -50.44774654264802
      ],
      [
        -0.011903199146830511,
        -0.02406035370007894,
        0.9996396416858917,
        0.755308313134476
      ],
      [
        0.0,
        0.0,
        0.0,
        1.0
      ]
    ],
    "location": [
      21.801382053099815,
      -50.44774654264802,
      0.755308313134476
    ],
    "rotation": [
      -0.024064380914907944,
      0.011903480251163572,
      0.7875729831571143
    ]
  },
  {
    "label_id": "OAMynEEqx3osxUHtJS_ELg",
    "size": [
      0.817053775279842,
      0.8340350894805498,
      1.6600000000000037
    ],
    "obj_class": "pedestrian",
    "point_num_in_lidar": 32,
    "speed": 0.44452423896035503,
    "if_vehicle": false,
    "motion_state": false,
    "pose": [
      [
        0.9597434905324278,
        -0.2807445771810906,
        -0.008655331538557796,
        -30.6745656050266
      ],
      [
        0.28087552918181474,
        0.9594077678968291,
        0.02541007686056175,
        -3.779807365983288
      ],
      [
        0.0011702510274573417,
        -0.02681822668698928,
        0.9996396416858917,
        1.3150276596701627
      ],
      [
        0.0,
        0.0,
        0.0,
        1.0
      ]
    ],
    "location": [
      -30.6745656050266,
      -3.779807365983288,
      1.3150276596701627
    ],
    "rotation": [
      -0.02682146078678773,
      -0.001170251294564859,
      0.2847064406250665
    ]
  },
  {
    "label_id": "OMy66sx07JdOO0RsSHNIug",
    "size": [
      0.8237900420362101,
      1.0837589072107834,
      1.9200000000000053
    ],
    "obj_class": "pedestrian",
    "point_num_in_lidar": 39,
    "speed": 1.2300771701887703,
    "if_vehicle": false,
    "motion_state": true,
    "pose": [
      [
        -0.99136783336748,
        0.13082394352803264,
        -0.008655331538557796,
        76.74624168854484
      ],
      [
        -0.1310046483590732,
        -0.9910560580018952,
        0.02541007686056175,
        -7.481961153234806
      ],
      [
        -0.005253672295053471,
        0.0263246215075962,
        0.9996396416858917,
        0.3277244453193813
      ],
      [
        0.0,
        0.0,
        0.0,
        1.0
      ]
    ],
    "location": [
      76.74624168854484,
      -7.481961153234806,
      0.3277244453193813
    ],
    "rotation": [
      0.026328026314522905,
      0.005253696463185378,
      -3.0102085359331325
    ]
  },
  {
    "label_id": "OqejN01yv4ROhYelLwjIiA",
    "size": [
      0.9214124577241274,
      0.8781961397293535,
      1.8300000000000036
    ],
    "obj_class": "pedestrian",
    "point_num_in_lidar": 34,
    "speed": 0.8793304757788387,
    "if_vehicle": false,
    "motion_state": false,
    "pose": [
      [
        0.7412258238173467,
        0.6711999428950014,
        -0.008655331538557796,
        66.42319865684954
      ],
      [
        -0.6708453068810164,
        0.7411618596701096,
        0.02541007686056175,
        -37.433461712567805
      ],
      [
        0.02347024375694549,
        -0.013028216612091238,
        0.9996396416858917,
        0.37865640929181055
      ],
      [
        0.0,
        0.0,
        0.0,
        1.0
      ]
    ],
    "location": [
      66.42319865684954,
      -37.433461712567805,
      0.37865640929181055
    ],
    "rotation": [
      -0.013032175296142347,
      -0.023472399064377026,
      -0.735597327118619
    ]
  },
  {
    "label_id": "PZVkiiiTmHjez6OdHRP2IA",
    "size": [
      2.144554483972704,
      4.5633007576846065,
      1.4700000000000042
    ],
    "obj_class": "vehicle",
    "point_num_in_lidar": 46,
    "speed": 0.12701149138899795,
    "if_vehicle": true,
    "motion_state": false,
    "pose": [
      [
        0.987070772735985,
        -0.16005116321458943,
        -0.008655331538557796,
        -6.783482448112636
      ],
      [
        0.16022257956455233,
        0.9867537955293717,
        0.02541007686056175,
        -7.504920435303575
      ],
      [
        0.004473768888331953,
        -0.026468323748129612,
        0.9996396416858917,
        0.8197584215265472
      ],
      [
        0.0,
        0.0,
        0.0,
        1.0
      ]
    ],
    "location": [
      -6.783482448112636,
      -7.504920435303575,
      0.8197584215265472
    ],
    "rotation": [
      -0.026471680191342852,
      -0.00447378381192151,
      0.16091776595855897
    ]
  },
  {
    "label_id": "QmpdBgxGLSxvyzQXu1z3-Q",
    "size": [
      0.9145604087958275,
      1.0514743018973143,
      1.8600000000000048
    ],
    "obj_class": "pedestrian",
    "point_num_in_lidar": 61,
    "speed": 1.431952311493046,
    "if_vehicle": false,
    "motion_state": true,
    "pose": [
      [
        -0.9729433018990904,
        0.2308818237229888,
        -0.008655331538557796,
        -3.439025695416831
      ],
      [
        -0.23102991307827364,
        -0.9726147784487885,
        0.02541007686056175,
        -16.1242295459233
      ],
      [
        -0.002551578480267389,
        0.026722204575241267,
        0.9996396416858917,
        1.1474502630320398
      ],
      [
        0.0,
        0.0,
        0.0,
        1.0
      ]
    ],
    "location": [
      -3.439025695416831,
      -16.1242295459233,
      1.1474502630320398
    ],
    "rotation": [
      0.0267254728990641,
      0.0025515812489732117,
      -2.9084557801357223
    ]
  },
  {
    "label_id": "RcgeZNJdqF7a-MDviTGGiw",
    "size": [
      0.7191956050333248,
      0.847985867249756,
      1.8000000000000043
    ],
    "obj_class": "pedestrian",
    "point_num_in_lidar": 34,
    "speed": 1.2016502062594572,
    "if_vehicle": false,
    "motion_state": true,
    "pose": [
      [
        -0.25984299285038087,
        0.9656120879020283,
        -0.008655331538557796,
        71.08033312574071
      ],
      [
        -0.9653935917463948,
        -0.2595564312609793,
        0.02541007686056175,
        -9.56331427232908
      ],
      [
        0.022289730405549386,
        0.014958432021770735,
        0.9996396416858917,
        0.22525183484218303
      ],
      [
        0.0,
        0.0,
        0.0,
        1.0
      ]
    ],
    "location": [
      71.08033312574071,
      -9.56331427232908,
      0.22525183484218303
    ],
    "rotation": [
      0.014962707630222808,
      -0.022291576527183884,
      -1.8337228048652388
    ]
  },
  {
    "label_id": "T8tGOYNptaeRe02a602ilg",
    "size": [
      1.98459353369074,
      4.543331189578774,
      1.3800000000000043
    ],
    "obj_class": "vehicle",
    "point_num_in_lidar": 47,
    "speed": 6.243568894122162,
    "if_vehicle": true,
    "motion_state": true,
    "pose": [
      [
        0.7396449541723527,
        0.6729416222848279,
        -0.008655331538557796,
        64.72140968391568
      ],
      [
        -0.6725868367933306,
        0.7395818243888109,
        0.02541007686056175,
        -28.085568374111972
      ],
      [
        0.02350082423490518,
        -0.01297297307413001,
        0.9996396416858917,
        0.19846997452208193
      ],
      [
        0.0,
        0.0,
        0.0,
        1.0
      ]
    ],
    "location": [
      64.72140968391568,
      -28.085568374111972,
      0.19846997452208193
    ],
    "rotation": [
      -0.012976921189083494,
      -0.02350298797947013,
      -0.7379500128860795
    ]
  },
  {
    "label_id": "TpFYxx3z0avNbuVg7W8eeA",
    "size": [
      0.7058001277465564,
      0.6680990594980467,
      2.4599999999999937
    ],
    "obj_class": "pedestrian",
    "point_num_in_lidar": 42,
    "speed": 0.14826738754979207,
    "if_vehicle": false,
    "motion_state": false,
    "pose": [
      [
        -0.8290233856202855,
        -0.5591469496748033,
        -0.008655331538557796,
        78.05695199643242
      ],
      [
        0.5588049898651114,
        -0.8289097123907966,
        0.02541007686056175,
        -14.793315542965502
      ],
      [
        -0.02138245534385834,
        0.016228905495131608,
        0.9996396416858917,
        0.8781931038366402
      ],
      [
        0.0,
        0.0,
        0.0,
        1.0
      ]
    ],
    "location": [
      78.05695199643242,
      -14.793315542965502,
      0.8781931038366402
    ],
    "rotation": [
      0.016233329732984664,
      0.021384085055768453,
      2.548494441366748
    ]
  },
  {
    "label_id": "W_9pz6y0uZhT8Gzg3NsiGA",
    "size": [
      2.157253910406777,
      4.864886469337955,
      1.480000000000004
    ],
    "obj_class": "vehicle",
    "point_num_in_lidar": 340,
    "speed": 0.02021082556664248,
    "if_vehicle": true,
    "motion_state": false,
    "pose": [
      [
        0.9879529891062289,
        -0.15451205956825956,
        -0.008655331538557796,
        2.248205250704359
      ],
      [
        0.15468525118079987,
        0.9876369783787327,
        0.02541007686056175,
        -11.581176781532122
      ],
      [
        0.0046221621780942,
        -0.02644281352090591,
        0.9996396416858917,
        0.6295697145421215
      ],
      [
        0.0,
        0.0,
        0.0,
        1.0
      ]
    ],
    "location": [
      2.248205250704359,
      -11.581176781532122,
      0.6295697145421215
    ],
    "rotation": [
      -0.0264461786293244,
      -0.004622178636526429,
      0.15531053457633673
    ]
  },
  {
    "label_id": "X9L6pHOLLqFEva_gxG7HmA",
    "size": [
      3.7889503618310094,
      13.641193063657227,
      3.6499999999999693
    ],
    "obj_class": "vehicle",
    "point_num_in_lidar": 64,
    "speed": 0.03845192350279279,
    "if_vehicle": true,
    "motion_state": false,
    "pose": [
      [
        0.7079477506872229,
        -0.7062117724400092,
        -0.008655331538557796,
        13.446295391092235
      ],
      [
        0.7061658862245724,
        0.7075903257723388,
        0.02541007686056175,
        -70.43471417912224
      ],
      [
        -0.011820466554498468,
        -0.0241011066247173,
        0.9996396416858917,
        1.861472675346885
      ],
      [
        0.0,
        0.0,
        0.0,
        1.0
      ]
    ],
    "location": [
      13.446295391092235,
      -70.43471417912224,
      1.861472675346885
    ],
    "rotation": [
      -0.024105124886774375,
      0.011820741837828419,
      0.7841381065865304
    ]
  },
  {
    "label_id": "XpXpbE64O8frRdwvgKrmSA",
    "size": [
      0.3125653711213322,
      0.09840957330842284,
      0.6000000000000032
    ],
    "obj_class": "sign",
    "point_num_in_lidar": 20,
    "speed": 0.004963133802575713,
    "if_vehicle": false,
    "motion_state": false,
    "pose": [
      [
        0.9999623011706397,
        -0.0006938828983018703,
        -0.008655331538557796,
        11.33730228526042
      ],
      [
        0.0009136256443253888,
        0.9996766943777985,
        0.02541007686056175,
        3.526197955639873
      ],
      [
        0.008634901603431283,
        -0.025417026663263915,
        0.9996396416858917,
        2.3568743858771892
      ],
      [
        0.0,
        0.0,
        0.0,
        1.0
      ]
    ],
    "location": [
      11.33730228526042,
      3.526197955639873,
      2.3568743858771892
    ],
    "rotation": [
      -0.02542071205801749,
      -0.00863500891227146,
      0.0009136598340078167
    ]
  },
  {
    "label_id": "Y3qzBsEcJ7TcF7mHZA3fJA",
    "size": [
      0.8734828166195615,
      1.8485204711222172,
      1.810000000000004
    ],
    "obj_class": "cyclist",
    "point_num_in_lidar": 25,
    "speed": 6.407355551953838,
    "if_vehicle": false,
    "motion_state": true,
    "pose": [
      [
        0.6814268307067096,
        0.7318350631316916,
        -0.008655331538557796,
        64.46519068434077
      ],
      [
        -0.7314762706527501,
        0.6813932737163503,
        0.02541007686056175,
        -38.069842626940954
      ],
      [
        0.024493669895588613,
        -0.010983938508019105,
        0.9996396416858917,
        0.17021030465308407
      ],
      [
        0.0,
        0.0,
        0.0,
        1.0
      ]
    ],
    "location": [
      64.46519068434077,
      -38.069842626940954,
      0.17021030465308407
    ],
    "rotation": [
      -0.010987455916534697,
      -0.024496119678522926,
      -0.820806480975471
    ]
  },
  {
    "label_id": "YTA5i5YP-lFwEPPIwC3g6w",
    "size": [
      1.2919730472847542,
      0.10640721207735895,
      0.5200000000000031
    ],
    "obj_class": "sign",
    "point_num_in_lidar": 64,
    "speed": 0.01376434847689774,
    "if_vehicle": false,
    "motion_state": false,
    "pose": [
      [
        -0.753147544108465,
        0.6577946959647405,
        -0.008655331538557796,
        54.827333835493846
      ],
      [
        -0.6577725727815772,
        -0.7527878655306853,
        0.02541007686056175,
        -1.1119767831714853
      ],
      [
        0.010198985228562557,
        0.024830776677534108,
        0.9996396416858917,
        1.9362575821773955
      ],
      [
        0.0,
        0.0,
        0.0,
        1.0
      ]
    ],
    "location": [
      54.827333835493846,
      -1.1119767831714853,
      1.9362575821773955
    ],
    "rotation": [
      0.024834620966414173,
      -0.010199162052056399,
      -2.423689521815681
    ]
  },
  {
    "label_id": "YYm-SQWbOmnDNLxhOPNpjA",
    "size": [
      0.5237500805738515,
      0.08929070409107745,
      0.6700000000000035
    ],
    "obj_class": "sign",
    "point_num_in_lidar": 20,
    "speed": 0.060700459238968114,
    "if_vehicle": false,
    "motion_state": false,
    "pose": [
      [
        -0.74075064670142,
        -0.6717243219114414,
        -0.008655331538557796,
        75.04925294717918
      ],
      [
        0.6713696407204213,
        -0.7406869335372893,
        0.02541007686056175,
        -21.807252346845416
      ],
      [
        -0.02347945762492141,
        0.013011604041836223,
        0.9996396416858917,
        2.5572716935955864
      ],
      [
        0.0,
        0.0,
        0.0,
        1.0
      ]
    ],
    "location": [
      75.04925294717918,
      -21.807252346845416,
      2.5572716935955864
    ],
    "rotation": [
      0.01301555955595109,
      0.023481615472139453,
      2.4052875162398615
    ]
  },
  {
    "label_id": "YurWdc7QEzz9ED-TzDYktQ",
    "size": [
      2.4265139348017035,
      5.3769130872342465,
      1.9100000000000037
    ],
    "obj_class": "vehicle",
    "point_num_in_lidar": 28,
    "speed": 0.015536539166960003,
    "if_vehicle": true,
    "motion_state": false,
    "pose": [
      [
        0.9824853153220859,
        -0.18613890085744805,
        -0.008655331538557796,
        -34.51924033730643
      ],
      [
        0.18630186150575503,
        0.9821639091279167,
        0.02541007686056175,
        -18.572767419740558
      ],
      [
        0.003771150481179835,
        -0.02657753175429024,
        0.9996396416858917,
        1.3936568029185619
      ],
      [
        0.0,
        0.0,
        0.0,
        1.0
      ]
    ],
    "location": [
      -34.51924033730643,
      -18.572767419740558,
      1.3936568029185619
    ],
    "rotation": [
      -0.026580850712498823,
      -0.0037711594198542057,
      0.1873981045891997
    ]
  },
  {
    "label_id": "ZzZvKWTkFasK010z8-d2jQ",
    "size": [
      0.660057683545876,
      0.7563223923365557,
      1.4500000000000046
    ],
    "obj_class": "pedestrian",
    "point_num_in_lidar": 24,
    "speed": 3.0354398977712303e-13,
    "if_vehicle": false,
    "motion_state": false,
    "pose": [
      [
        -0.13759965646388977,
        -0.9904501096859837,
        -0.008655331538557796,
        23.530005916051323
      ],
      [
        0.9901371059862526,
        -0.13777822521395997,
        0.02541007686056175,
        -30.601452629533014
      ],
      [
        -0.026359929631693566,
        -0.005073547074204825,
        0.9996396416858917,
        0.41189858863402407
      ],
      [
        0.0,
        0.0,
        0.0,
        1.0
      ]
    ],
    "location": [
      23.530005916051323,
      -30.601452629533014,
      0.41189858863402407
    ],
    "rotation": [
      -0.0050753324492094866,
      0.026362983268064667,
      1.7088822257180576
    ]
  },
  {
    "label_id": "_ZmS0R7JA9RdyheIOil2Tw",
    "size": [
      2.0638067640562636,
      4.406326390068568,
      1.8200000000000038
    ],
    "obj_class": "vehicle",
    "point_num_in_lidar": 981,
    "speed": 0.020291718071732842,
    "if_vehicle": true,
    "motion_state": false,
    "pose": [
      [
        -0.9813142804417552,
        0.19221698217649222,
        -0.008655331538557796,
        14.801379436819843
      ],
      [
        -0.19237795017761883,
        -0.9809918716683631,
        0.02541007686056175,
        2.3327761650834873
      ],
      [
        -0.003606561594910132,
        0.02660036622988729,
        0.9996396416858917,
        0.5558345786175973
      ],
      [
        0.0,
        0.0,
        0.0,
        1.0
      ]
    ],
    "location": [
      14.801379436819843,
      2.3327761650834873,
      0.5558345786175973
    ],
    "rotation": [
      0.026603677270275333,
      0.003606569413552577,
      -2.9480065913925597
    ]
  },
  {
    "label_id": "abzEeD_5p2ilChbC5HcsUg",
    "size": [
      0.819343680183901,
      0.1378156687511784,
      0.9700000000000033
    ],
    "obj_class": "sign",
    "point_num_in_lidar": 42,
    "speed": 0.015187854337771959,
    "if_vehicle": false,
    "motion_state": false,
    "pose": [
      [
        -0.6985141037395711,
        -0.7155439414269827,
        -0.008655331538557796,
        60.47958103170572
      ],
      [
        0.7151860411614326,
        -0.6984720857140806,
        0.02541007686056175,
        -36.316044795874404
      ],
      [
        -0.024227534021052252,
        0.011559124766208064,
        0.9996396416858917,
        3.677903481403721
      ],
      [
