[
  {
    "label_id": "-wC3yRQEkQtgCX6CiRTZfA",
    "size": [
      0.7905696473934777,
      0.8055608685156399,
      1.7100000000000044
    ],
    "obj_class": "pedestrian",
    "point_num_in_lidar": 24,
    "speed": 0.3258079467188445,
    "if_vehicle": false,
    "motion_state": false,
    "pose": [
      [
        -0.8887055747370359,
        -0.45804868091112544,
        -0.01984457978623999,
        56.56032110126489
      ],
      [
        0.45827532315838965,
        -0.8887675095092075,
        -0.008720219313432228,
        -36.345006089424714
      ],
      [
        -0.013642932800099924,
        -0.016843988731258367,
        0.9997650476128044,
        0.4460097106972629
      ],
      [
        0.0,
        0.0,
        0.0,
        1.0
      ]
    ],
    "location": [
      56.56032110126489,
      -36.345006089424714,
      0.4460097106972629
    ],
    "rotation": [
      -0.01684635335283787,
      0.013643356061191665,
      2.6654908689900116
    ]
  },
  {
    "label_id": "1hK-hL5ja_cpx_svwJHM3A",
    "size": [
      2.166743419788345,
      4.704275997152225,
      1.6600000000000037
    ],
    "obj_class": "vehicle",
    "point_num_in_lidar": 133,
    "speed": 0.6829666624145997,
    "if_vehicle": true,
    "motion_state": false,
    "pose": [
      [
        0.9803109632320595,
        -0.19646019449277535,
        -0.01984457978623999,
        5.82376050221842
      ],
      [
        0.1963217067134844,
        0.9805007624924268,
        -0.008720219313432228,
        -5.40521599580461
      ],
      [
        0.02117080159408666,
        0.004652604822099008,
        0.9997650476128044,
        0.6902689698523492
      ],
      [
        0.0,
        0.0,
        0.0,
        1.0
      ]
    ],
    "location": [
      5.82376050221842,
      -5.40521599580461,
      0.6902689698523492
    ],
    "rotation": [
      0.004653664625138155,
      -0.021172383382040673,
      0.19765009137913983
    ]
  },
  {
    "label_id": "2KYmKKbQrxtjfQJAOfeO6w",
    "size": [
      0.8263884301095781,
      0.8777849243492034,
      1.850000000000005
    ],
    "obj_class": "pedestrian",
    "point_num_in_lidar": 33,
    "speed": 1.1970535894791068,
    "if_vehicle": false,
    "motion_state": true,
    "pose": [
      [
        -0.7733580302349565,
        0.6336588591065506,
        -0.01984457978623999,
        74.7195234811727
      ],
      [
        -0.6336256769899474,
        -0.7735906276798837,
        -0.008720219313432228,
        -10.661015471261635
      ],
      [
        -0.0208772251541893,
        0.005830183670184566,
        0.9997650476128044,
        0.2694367230900916
      ],
      [
        0.0,
        0.0,
        0.0,
        1.0
      ]
    ],
    "location": [
      74.7195234811727,
      -10.661015471261635,
      0.2694367230900916
    ],
    "rotation": [
      0.005831487704432894,
      0.020878742037835657,
      -2.455183306933576
    ]
  },
  {
    "label_id": "46jt6j0h32OsxUKGDaXAPQ",
    "size": [
      0.8680041289915834,
      0.8153733870926771,
      1.6700000000000035
    ],
    "obj_class": "pedestrian",
    "point_num_in_lidar": 24,
    "speed": 1.3998303184441956,
    "if_vehicle": false,
    "motion_state": true,
    "pose": [
      [
        0.4971418346798055,
        0.8674423259585068,
        -0.01984457978623999,
        74.09433287509819
      ],
      [
        -0.8676662415949167,
        0.4970706699974131,
        -0.008720219313432228,
        -23.013511064878912
      ],
      [
        0.0022998712460514867,
        0.02155365778744728,
        0.9997650476128044,
        0.2602255063590224
      ],
      [
        0.0,
        0.0,
        0.0,
        1.0
      ]
    ],
    "location": [
      74.09433287509819,
      -23.013511064878912,
      0.2602255063590224
    ],
    "rotation": [
      0.021555383981395757,
      -0.002299873273549111,
      -1.0504932285594182
    ]
  },
  {
    "label_id": "4ZttO3ki0EvSoIJTHLTPNQ",
    "size": [
      2.024419920512066,
      4.355805679212177,
      1.4700000000000042
    ],
    "obj_class": "vehicle",
    "point_num_in_lidar": 65,
    "speed": 6.496993591151122,
    "if_vehicle": true,
    "motion_state": true,
    "pose": [
      [
        0.6928275042267238,
        0.7208302449537453,
        -0.01984457978623999,
        57.300958916802756
      ],
      [
        -0.7210647379260026,
        0.6928128185122088,
        -0.008720219313432228,
        -10.968652163803199
      ],
      [
        0.0074627814301435995,
        0.020350834506051713,
        0.9997650476128044,
        0.15588720598670314
      ],
      [
        0.0,
        0.0,
        0.0,
        1.0
      ]
    ],
    "location": [
      57.300958916802756,
      -10.968652163803199,
      0.15588720598670314
    ],
    "rotation": [
      0.020352806347864648,
      -0.00746285070279343,
      -0.8053667858974732
    ]
  },
  {
    "label_id": "4k1023vqw0-b_hXEv20Ltg",
    "size": [
      1.9970063295827052,
      4.483960861202401,
      1.400000000000004
    ],
    "obj_class": "vehicle",
    "point_num_in_lidar": 37,
    "speed": 6.104475854322598,
    "if_vehicle": true,
    "motion_state": true,
    "pose": [
      [
        0.6883305394074559,
        0.725125686465559,
        -0.01984457978623999,
        67.057148644878
      ],
      [
        -0.7253600835565854,
        0.6883143954312659,
        -0.008720219313432228,
        -20.703786762504023
      ],
      [
        0.007336054922370528,
        0.020396859315658485,
        0.9997650476128044,
        0.16484070210891666
      ],
      [
        0.0,
        0.0,
        0.0,
        1.0
      ]
    ],
    "location": [
      67.057148644878,
      -20.703786762504023,
      0.16484070210891666
    ],
    "rotation": [
      0.020398822863501708,
      -0.00733612072556689,
      -0.8115857028524388
    ]
  },
  {
    "label_id": "4rNwARFbwg8i6YohNYeuyQ",
    "size": [
      0.7903563748365627,
      0.7137609645760534,
      1.7200000000000042
    ],
    "obj_class": "pedestrian",
    "point_num_in_lidar": 37,
    "speed": 0.13494665757516863,
    "if_vehicle": false,
    "motion_state": false,
    "pose": [
      [
        -0.7133364400855078,
        -0.7005407310779597,
        -0.01984457978623999,
        37.69085937349223
      ],
      [
        0.7007755501413696,
        -0.7133285260657858,
        -0.008720219313432228,
        -38.149165475228074
      ],
      [
        -0.0080468360363215,
        -0.02012704651883527,
        0.9997650476128044,
        0.5663997437269508
      ],
      [
        0.0,
        0.0,
        0.0,
        1.0
      ]
    ],
    "location": [
      37.69085937349223,
      -38.149165475228074,
      0.5663997437269508
    ],
    "rotation": [
      -0.020129057463619867,
      0.008046922879730061,
      2.3650767850162784
    ]
  },
  {
    "label_id": "59EwjXaFuOsab_KR3nEvxw",
    "size": [
      2.0519264429260264,
      4.555598149819266,
      1.6700000000000035
    ],
    "obj_class": "vehicle",
    "point_num_in_lidar": 91,
    "speed": 5.695433295429594e-13,
    "if_vehicle": true,
    "motion_state": false,
    "pose": [
      [
        0.7147161920965396,
        -0.6991330040901585,
        -0.01984457978623999,
        41.87808545981534
      ],
      [
        0.6991203788782818,
        0.7149508050294183,
        -0.008720219313432228,
        -41.48496876379613
      ],
      [
        0.020284491418567696,
        -0.007641268196893409,
        0.9997650476128044,
        0.37300421591244515
      ],
      [
        0.0,
        0.0,
        0.0,
        1.0
      ]
    ],
    "location": [
      41.87808545981534,
      -41.48496876379613,
      0.37300421591244515
    ],
    "rotation": [
      -0.007642915131402689,
      -0.020285882721001142,
      0.7743677649619418
    ]
  },
  {
    "label_id": "5NPFGnlHPlvOnO8ShSEMKQ",
    "size": [
      0.8121676524219984,
      0.7805203499219474,
      1.730000000000004
    ],
    "obj_class": "pedestrian",
    "point_num_in_lidar": 136,
    "speed": 0.03514969857871779,
    "if_vehicle": false,
    "motion_state": false,
    "pose": [
      [
        0.11292234176967038,
        0.9934056258056732,
        -0.01984457978623999,
        19.024802512033148
      ],
      [
        -0.9935830441932367,
        0.11276831144796956,
        -0.008720219313432228,
        -7.158438040834881
      ],
      [
        -0.006424875170334069,
        0.020701945580365776,
        0.9997650476128044,
        0.6405610466469902
      ],
      [
        0.0,
        0.0,
        0.0,
        1.0
      ]
    ],
    "location": [
      19.024802512033148,
      -7.158438040834881,
      0.6405610466469902
    ],
    "rotation": [
      0.020703851955832214,
      0.006424919373247966,
      -1.4576302642935912
    ]
  },
  {
    "label_id": "6xyQYh3CyL43cP6r_sQMWw",
    "size": [
      0.811825577175924,
      0.8368263542432286,
      2.020000000000005
    ],
    "obj_class": "pedestrian",
    "point_num_in_lidar": 23,
    "speed": 7.105427357601002e-14,
    "if_vehicle": false,
    "motion_state": false,
    "pose": [
      [
        0.731349329627858,
        -0.6817142735090634,
        -0.01984457978623999,
        68.52760497918052
      ],
      [
        0.6816960006720869,
        0.7315835703751197,
        -0.008720219313432228,
        -40.24239006280732
      ],
      [
        0.020462666506707538,
        -0.007150444126211379,
        0.9997650476128044,
        0.370874762652754
      ],
      [
        0.0,
        0.0,
        0.0,
        1.0
      ]
    ],
    "location": [
      68.52760497918052,
      -40.24239006280732,
      0.370874762652754
    ],
    "rotation": [
      -0.007152002588084976,
      -0.020464094799593092,
      0.7502733827010349
    ]
  },
  {
    "label_id": "84Lqx5iF0YcPmp7YrZ-ckQ",
    "size": [
      0.9098280519328968,
      2.2932305098907504,
      1.9400000000000048
    ],
    "obj_class": "cyclist",
    "point_num_in_lidar": 150,
    "speed": 4.198027251187012,
    "if_vehicle": false,
    "motion_state": true,
    "pose": [
      [
        0.6226600369125578,
        0.7822408012147919,
        -0.01984457978623999,
        41.291472194946664
      ],
      [
        -0.7824729062018626,
        0.6226235691291623,
        -0.008720219313432228,
        -13.98285105825562
      ],
      [
        0.005534391751869241,
        0.020957578097281254,
        0.9997650476128044,
        0.4695549315941232
      ],
      [
        0.0,
        0.0,
        0.0,
        1.0
      ]
    ],
    "location": [
      41.291472194946664,
      -13.98285105825562,
      0.4695549315941232
    ],
    "rotation": [
      0.02095943360331175,
      -0.005534420004860035,
      -0.8986465747928385
    ]
  },
  {
    "label_id": "85uBJst9qDEgGqROl5Cd7Q",
    "size": [
      0.8022303777223301,
      0.8140143943259737,
      1.7800000000000047
    ],
    "obj_class": "pedestrian",
    "point_num_in_lidar": 96,
    "speed": 1.1173468440869139,
    "if_vehicle": false,
    "motion_state": true,
    "pose": [
      [
        -0.9746375189925318,
        0.22290782674726686,
        -0.01984457978623999,
        53.84145919690877
      ],
      [
        -0.22277452413183843,
        -0.9748309951847851,
        -0.008720219313432228,
        5.5846393833544425
      ],
      [
        -0.021288916597960922,
        -0.004078186098238433,
        0.9997650476128044,
        0.34742747225741155
      ],
      [
        0.0,
        0.0,
        0.0,
        1.0
      ]
    ],
    "location": [
      53.84145919690877,
      5.5846393833544425,
      0.34742747225741155
    ],
    "rotation": [
      -0.004079121878336959,
      0.021290525012609314,
      -2.9168812569320504
    ]
  },
  {
    "label_id": "8liQcwOY32Ie_jBorjI25A",
    "size": [
      0.6996892479845283,
      0.605680209401072,
      1.8000000000000043
    ],
    "obj_class": "pedestrian",
    "point_num_in_lidar": 26,
    "speed": 0.023261612412438452,
    "if_vehicle": false,
    "motion_state": false,
    "pose": [
      [
        -0.5289516363552026,
        -0.8484199190555706,
        -0.01984457978623999,
        55.80306993558975
      ],
      [
        0.8486463185236166,
        -0.5288888199153371,
        -0.008720219313432228,
        -40.944898681582345
      ],
      [
        -0.003097168620811225,
        -0.021453603853456966,
        0.9997650476128044,
        0.5532492344004734
      ],
      [
        0.0,
        0.0,
        0.0,
        1.0
      ]
    ],
    "location": [
      55.80306993558975,
      -40.944898681582345,
      0.5532492344004734
    ],
    "rotation": [
      -0.02145535281082403,
      0.003097173572406911,
      2.128164077195062
    ]
  },
  {
    "label_id": "AmKB-ON3t3pW_Psu2V_a9Q",
    "size": [
      0.8998468438702235,
      1.986590630496192,
      1.8800000000000043
    ],
    "obj_class": "cyclist",
    "point_num_in_lidar": 397,
    "speed": 3.435877686663226,
    "if_vehicle": false,
    "motion_state": true,
    "pose": [
      [
        0.8268171865264754,
        0.5621205677766566,
        -0.01984457978623999,
        31.75778001208323
      ],
      [
        -0.5623530349240703,
        0.8268512695078921,
        -0.008720219313432228,
        -5.918984732434183
      ],
      [
        0.011506701357499698,
        0.018369686868210788,
        0.9997650476128044,
        0.43475797993344756
      ],
      [
        0.0,
        0.0,
        0.0,
        1.0
      ]
    ],
    "location": [
      31.75778001208323,
      -5.918984732434183,
      0.43475797993344756
    ],
    "rotation": [
      0.018371936590508377,
      -0.011506955295182279,
      -0.5972737027599381
    ]
  },
  {
    "label_id": "AssUze2EisIVcSNjArZ5Tw",
    "size": [
      2.1996433954190233,
      4.514666635837244,
      1.7200000000000042
    ],
    "obj_class": "vehicle",
    "point_num_in_lidar": 2093,
    "speed": 2.29502982870694,
    "if_vehicle": true,
    "motion_state": true,
    "pose": [
      [
        0.9777538878192735,
        -0.20881457685564708,
        -0.01984457978623999,
        25.917547308267103
      ],
      [
        0.20867849507833763,
        0.9779454194723578,
        -0.008720219313432228,
        -1.6427124014371657
      ],
      [
        0.021227824809329932,
        0.004385091291090517,
        0.9997650476128044,
        0.46317736161780054
      ],
      [
        0.0,
        0.0,
        0.0,
        1.0
      ]
    ],
    "location": [
      25.917547308267103,
      -1.6427124014371657,
      0.46317736161780054
    ],
    "rotation": [
      0.004386093694375839,
      -0.021229419415038853,
      0.21027160310098786
    ]
  },
  {
    "label_id": "FKpMaGA7mEI_RyDC9rQY9w",
    "size": [
      0.875819737736288,
      1.06300575053586,
      1.6900000000000048
    ],
    "obj_class": "pedestrian",
    "point_num_in_lidar": 125,
    "speed": 1.0406486332282119,
    "if_vehicle": false,
    "motion_state": true,
    "pose": [
      [
        -0.5249936516041506,
        -0.8508747607189011,
        -0.01984457978623999,
        30.85631165101381
      ],
      [
        0.8511008651088656,
        -0.5249297811956055,
        -0.008720219313432228,
        -15.77864923951347
      ],
      [
        -0.002997196403376706,
        -0.021467798803938586,
        0.9997650476128044,
        0.5490803221821992
      ],
      [
        0.0,
        0.0,
        0.0,
        1.0
      ]
    ],
    "location": [
      30.85631165101381,
      -15.77864923951347,
      0.5490803221821992
    ],
    "rotation": [
      -0.021469544557979014,
      0.002997200890790448,
      2.123506751481541
    ]
  },
  {
    "label_id": "GARk4cBERDW15xKILK39Ag",
    "size": [
      2.1867243240871095,
      4.489462276169078,
      1.4200000000000035
    ],
    "obj_class": "vehicle",
    "point_num_in_lidar": 474,
    "speed": 7.070055827039027,
    "if_vehicle": true,
    "motion_state": true,
    "pose": [
      [
        0.6400705951463342,
        0.7680597801487361,
        -0.01984457978623999,
        42.87878151226414
      ],
      [
        -0.7682926455909723,
        0.6400393491856187,
        -0.008720219313432228,
        -1.173873578551138
      ],
      [
        0.006003662202523605,
        0.020828000670366578,
        0.9997650476128044,
        0.27153806820165016
      ],
      [
        0.0,
        0.0,
        0.0,
        1.0
      ]
    ],
    "location": [
      42.87878151226414,
      -1.173873578551138,
      0.27153806820165016
    ],
    "rotation": [
      0.02082988230174377,
      -0.00600369826906849,
      -0.8761911674459582
    ]
  },
  {
    "label_id": "GexXyAuLWTyQ14Q-ecTXSg",
    "size": [
      2.0704672712580923,
      4.548277005176846,
      2.200000000000001
    ],
    "obj_class": "vehicle",
    "point_num_in_lidar": 41,
    "speed": 6.44942777697356,
    "if_vehicle": true,
    "motion_state": true,
    "pose": [
      [
        0.7099553691152766,
        0.7039670209019019,
        -0.01984457978623999,
        74.17961623164547
      ],
      [
        -0.7042017991411192,
        0.709946324634149,
        -0.008720219313432228,
        -28.94507030222303
      ],
      [
        0.007949839671462091,
        0.020165555310103632,
        0.9997650476128044,
        0.4963985407891087
      ],
      [
        0.0,
        0.0,
        0.0,
        1.0
      ]
    ],
    "location": [
      74.17961623164547,
      -28.94507030222303,
      0.4963985407891087
    ],
    "rotation": [
      0.020167559670373276,
      -0.007949923412089716,
      -0.7813296352612963
    ]
  },
  {
    "label_id": "GrK6mrV6VkUOh1nnhsA3qA",
    "size": [
      0.7759055552805965,
      0.7686219955496099,
      1.8600000000000048
    ],
    "obj_class": "pedestrian",
    "point_num_in_lidar": 21,
    "speed": 0.0529472431735984,
    "if_vehicle": false,
    "motion_state": false,
    "pose": [
      [
        -0.7221408716729201,
        0.6914613178714935,
        -0.01984457978623999,
        35.522477279481336
      ],
      [
        -0.6914461881538901,
        -0.7223753364163127,
        -0.008720219313432228,
        -51.48077537366589
      ],
      [
        -0.02036492933771977,
        0.007424232272530397,
        0.9997650476128044,
        0.7002511730738004
      ],
      [
        0.0,
        0.0,
        0.0,
        1.0
      ]
    ],
    "location": [
      35.522477279481336,
      -51.48077537366589,
      0.7002511730738004
    ],
    "rotation": [
      0.00742584052590774,
      0.020366337259529063,
      -2.377905116711195
    ]
  },
  {
    "label_id": "HsUEYNI6ObHDRuboWHD9cQ",
    "size": [
      2.2168637689154793,
      4.528614274927486,
      1.7100000000000044
    ],
    "obj_class": "vehicle",
    "point_num_in_lidar": 1007,
    "speed": 1.878708595865666,
    "if_vehicle": true,
    "motion_state": true,
    "pose": [
      [
        0.987707221096325,
        -0.1550504371076803,
        -0.01984457978623999,
        17.538071228766967
      ],
      [
        0.15490408817159015,
        0.987891027007966,
        -0.008720219313432228,
        -3.4230342411028687
      ],
      [
        0.020956356121792648,
        0.005539017048484775,
        0.9997650476128044,
        0.5131106559152965
      ],
      [
        0.0,
        0.0,
        0.0,
        1.0
      ]
    ],
    "location": [
      17.538071228766967,
      -3.4230342411028687,
      0.5131106559152965
    ],
    "rotation": [
      0.005540262073708681,
      -0.020957890321521004,
      0.15556481048140208
    ]
  },
  {
    "label_id": "IcdOSKjD1c-Sfd8R7PYS2Q",
    "size": [
      0.2743056403678821,
      0.06450355007685135,
      0.4200000000000035
    ],
    "obj_class": "sign",
    "point_num_in_lidar": 28,
    "speed": 0.015023049103331625,
    "if_vehicle": false,
    "motion_state": false,
    "pose": [
      [
        -0.18898694879921707,
        -0.9817790616206222,
        -0.01984457978623999,
        41.329878415664325
      ],
      [
        0.9819678004397392,
        -0.1888470192369108,
        -0.008720219313432228,
        17.710190382449582
      ],
      [
        0.004813738994027046,
        -0.021134746004250554,
        0.9997650476128044,
        2.1416016811615517
      ],
      [
        0.0,
        0.0,
        0.0,
        1.0
      ]
    ],
    "location": [
      41.329878415664325,
      17.710190382449582,
      2.1416016811615517
    ],
    "rotation": [
      -0.021136564650150506,
      -0.0048137575849475705,
      1.7609289587411414
    ]
  },
  {
    "label_id": "K37cXi8osz3hwjBom_ZkCg",
    "size": [
      2.2992317746388236,
      4.662704021474388,
      1.5900000000000034
    ],
    "obj_class": "vehicle",
    "point_num_in_lidar": 62,
    "speed": 6.954363945341802,
    "if_vehicle": true,
    "motion_state": true,
    "pose": [
      [
        0.72086024623738,
        0.6927962889967666,
        -0.01984457978623999,
        68.3257007554364
      ],
      [
        -0.693031179833199,
        0.7208548685790572,
        -0.008720219313432228,
        -26.929894361388506
      ],
      [
        0.008263726374232864,
        0.020038971984076663,
        0.9997650476128044,
        0.37029226808847326
      ],
      [
        0.0,
        0.0,
        0.0,
        1.0
      ]
    ],
    "location": [
      68.3257007554364,
      -26.929894361388506,
      0.37029226808847326
    ],
    "rotation": [
      0.020040997764305568,
      -0.008263820430964079,
      -0.7657180995535819
    ]
  },
  {
    "label_id": "KRXPt8SP-giewQRo-HQapw",
    "size": [
      2.1171220637231243,
      4.500384774329073,
      1.5300000000000047
    ],
    "obj_class": "vehicle",
    "point_num_in_lidar": 131,
    "speed": 7.504419947764487,
    "if_vehicle": true,
    "motion_state": true,
    "pose": [
      [
        0.7139203555177761,
        0.6999456540549985,
        -0.01984457978623999,
        54.508975018906085
      ],
      [
        -0.7001804796360717,
        0.713912637310565,
        -0.008720219313432228,
        -13.830108376978387
      ],
      [
        0.008063616680671166,
        0.02012032946534432,
        0.9997650476128044,
        0.22293655494318543
      ],
      [
        0.0,
        0.0,
        0.0,
        1.0
      ]
    ],
    "location": [
      54.508975018906085,
      -13.830108376978387,
      0.22293655494318543
    ],
    "rotation": [
      0.020122341552543034,
      -0.0080637040685265,
      -0.775682135244559
    ]
  },
  {
    "label_id": "KxTPaWgRlBzRqeloR_TQuw",
    "size": [
      0.8591700821327696,
      1.1659696415964578,
      1.7200000000000042
    ],
    "obj_class": "pedestrian",
    "point_num_in_lidar": 65,
    "speed": 1.5284495918132979,
    "if_vehicle": false,
    "motion_state": true,
    "pose": [
      [
        0.6323115069651262,
        -0.774460038228312,
        -0.01984457978623999,
        21.989149232150567
      ],
      [
        0.7744736494771205,
        0.6325460647579082,
        -0.008720219313432228,
        -26.39275806522346
      ],
      [
        0.019306072233400424,
        -0.00985520911424645,
        0.9997650476128044,
        0.5874069120751049
      ],
      [
        0.0,
        0.0,
        0.0,
        1.0
      ]
    ],
    "location": [
      21.989149232150567,
      -26.39275806522346,
      0.5874069120751049
    ],
    "rotation": [
      -0.009857205894052975,
      -0.019307271742045724,
      0.8861108868932378
    ]
  },
  {
    "label_id": "L284BCL1HW9_uOMJUXrx9g",
    "size": [
      0.7291974242277338,
      0.9899061133748079,
      1.7400000000000002
    ],
    "obj_class": "pedestrian",
    "point_num_in_lidar": 348,
    "speed": 1.406321461755388,
    "if_vehicle": false,
    "motion_state": true,
    "pose": [
      [
        0.10302053900828545,
        -0.9944812523097405,
        -0.01984457978623999,
        24.596642741701544
      ],
      [
        0.9946214581927901,
        0.10320907265145608,
        -0.008720219313432228,
        3.786839308391791
      ],
      [
        0.010720235300133328,
        -0.018839483190272937,
        0.9997650476128044,
        0.38271628403503044
      ],
      [
        0.0,
        0.0,
        0.0,
        1.0
      ]
    ],
    "location": [
      24.596642741701544,
      3.786839308391791,
      0.38271628403503044
    ],
    "rotation": [
      -0.018841680640433726,
      -0.010720440645148157,
      1.4675867298695375
    ]
  },
  {
    "label_id": "L4snb6xvhDhpmIn3mRFNkw",
    "size": [
      0.7813640478709957,
      0.9730712411753827,
      1.6900000000000048
    ],
    "obj_class": "pedestrian",
    "point_num_in_lidar": 61,
    "speed": 1.5234203547253862,
    "if_vehicle": false,
    "motion_state": true,
    "pose": [
      [
        0.6349559268287654,
        -0.772293443995306,
        -0.01984457978623999,
        20.61554601724538
      ],
      [
        0.7723062531395548,
        0.6351905297913907,
        -0.008720219313432228,
        -28.90861934788336
      ],
      [
        0.01933965735387426,
        -0.009789138123529493,
        0.9997650476128044,
        0.5618306204145682
      ],
      [
        0.0,
        0.0,
        0.0,
        1.0
      ]
    ],
    "location": [
      20.61554601724538,
      -28.90861934788336,
      0.5618306204145682
    ],
    "rotation": [
      -0.009791125754259396,
      -0.01934086313416778,
      0.8826911002257631
    ]
  },
  {
    "label_id": "Mh9GY7L8gU6HAObGwWg8Vg",
    "size": [
      0.909666572614184,
      0.8297231487568383,
      1.810000000000004
    ],
    "obj_class": "pedestrian",
    "point_num_in_lidar": 86,
    "speed": 0.03772991101046747,
    "if_vehicle": false,
    "motion_state": false,
    "pose": [
      [
        -0.9980397133156215,
        0.0593542188726249,
        -0.01984457978623999,
        59.118533115091395
      ],
      [
        -0.059190873395926824,
        -0.9982085945741768,
        -0.008720219313432228,
        9.309412059510578
      ],
      [
        -0.020326611904084482,
        -0.007528507173904548,
        0.9997650476128044,
        0.30240294185012573
      ],
      [
        0.0,
        0.0,
        0.0,
        1.0
      ]
    ],
    "location": [
      59.118533115091395,
      9.309412059510578,
      0.30240294185012573
    ],
    "rotation": [
      -0.007530134100237143,
      0.020328011892670226,
      -3.0823549092038283
    ]
  },
  {
    "label_id": "OqejN01yv4ROhYelLwjIiA",
    "size": [
      0.9214124577240133,
      0.8781961397293535,
      1.8300000000000036
    ],
    "obj_class": "pedestrian",
    "point_num_in_lidar": 26,
    "speed": 0.9000690646283355,
    "if_vehicle": false,
    "motion_state": false,
    "pose": [
      [
        0.758316490175448,
        0.6515844483880021,
        -0.01984457978623999,
        64.80017102747411
      ],
      [
        -0.6518192742624234,
        0.7583241994524067,
        -0.008720219313432228,
        -35.84549102504752
      ],
      [
        0.009366665788704709,
        0.019547765697631787,
        0.9997650476128044,
        0.3879993950329901
      ],
      [
        0.0,
        0.0,
        0.0,
        1.0
      ]
    ],
    "location": [
      64.80017102747411,
      -35.84549102504752,
      0.3879993950329901
    ],
    "rotation": [
      0.019549868554310488,
      -0.009366802757289901,
      -0.7100185910331004
    ]
  },
  {
    "label_id": "PnoZREevnAmKE5qeyu7KfQ",
    "size": [
      0.8961151136266022,
      0.7812761616557494,
      1.7200000000000006
    ],
    "obj_class": "pedestrian",
    "point_num_in_lidar": 20,
    "speed": 0.6460558792179898,
    "if_vehicle": false,
    "motion_state": false,
    "pose": [
      [
        -0.9815189837171159,
        0.19033306926550475,
        -0.01984457978623999,
        71.00743882811025
      ],
      [
        -0.1901933986493298,
        -0.981707914241982,
        -0.008720219313432228,
        -14.866152388354749
      ],
      [
        -0.021141327137552148,
        -0.0047847527239975925,
        0.9997650476128044,
        0.25947469172973747
      ],
      [
        0.0,
        0.0,
        0.0,
        1.0
      ]
    ],
    "location": [
      71.00743882811025,
      -14.866152388354749,
      0.25947469172973747
    ],
    "rotation": [
      -0.004785840638200757,
      0.0211429023272153,
      -2.9501902073777426
    ]
  },
  {
    "label_id": "QSzb57Ryj26ByYx9tLl06w",
    "size": [
      1.241652828549624,
      0.15840675159111473,
      0.4700000000000024
    ],
    "obj_class": "sign",
    "point_num_in_lidar": 132,
    "speed": 0.01615956004581244,
    "if_vehicle": false,
    "motion_state": false,
    "pose": [
      [
        -0.6941639423651992,
        0.7195433369666567,
        -0.01984457978623999,
        44.29219058749868
      ],
      [
        -0.7195375132639413,
        -0.6943988225660157,
        -0.008720219313432228,
        9.165324732641238
      ],
      [
        -0.020054628541750517,
        0.008225657774257733,
        0.9997650476128044,
        2.334153275228875
      ],
      [
        0.0,
        0.0,
        0.0,
        1.0
      ]
    ],
    "location": [
      44.29219058749868,
      9.165324732641238,
      2.334153275228875
    ],
    "rotation": [
      0.008227405223120187,
      0.020055973074016076,
      -2.338248093737401
    ]
  },
  {
    "label_id": "QmpdBgxGLSxvyzQXu1z3-Q",
    "size": [
      0.914560408795884,
      1.0514743018973143,
      1.8600000000000048
    ],
    "obj_class": "pedestrian",
    "point_num_in_lidar": 39,
    "speed": 1.403379275074347,
    "if_vehicle": false,
    "motion_state": true,
    "pose": [
      [
        -0.9779418471933577,
        0.20793252790544994,
        -0.01984457978623999,
        -0.1238378787613783
      ],
      [
        -0.2077962734160765,
        -0.9781332560185839,
        -0.008720219313432228,
        -15.320841994955117
      ],
      [
        -0.021223860686367387,
        -0.004404237656220437,
        0.9997650476128044,
        1.1474502630320362
      ],
      [
        0.0,
        0.0,
        0.0,
        1.0
      ]
    ],
    "location": [
      -0.1238378787613783,
      -15.320841994955117,
      1.1474502630320362
    ],
    "rotation": [
      -0.004405244189017731,
      0.021225454398783605,
      -2.9322232758360314
    ]
  },
  {
    "label_id": "RD8DaFqE59g2j3FgRv1Qbg",
    "size": [
      0.8333571466961008,
      0.7765792157140161,
      1.6999999999999993
    ],
    "obj_class": "pedestrian",
    "point_num_in_lidar": 34,
    "speed": 0.10694709286056862,
    "if_vehicle": false,
    "motion_state": false,
    "pose": [
      [
        -0.9399350549639548,
        0.3407760042946314,
        -0.01984457978623999,
        70.86453988573817
      ],
      [
        -0.3406674405959126,
        -0.9401434213421673,
        -0.008720219313432228,
        -14.143903604648585
      ],
      [
        -0.02162839262953759,
        -0.0014360376141889022,
        0.9997650476128044,
        0.25520233193367936
      ],
      [
        0.0,
        0.0,
        0.0,
        1.0
      ]
    ],
    "location": [
      70.86453988573817,
      -14.143903604648585,
      0.25520233193367936
    ],
    "rotation": [
      -0.0014363741061170557,
      0.021630079232741732,
      -2.7938811625636273
    ]
  },
  {
    "label_id": "RcgeZNJdqF7a-MDviTGGiw",
    "size": [
      0.719195605032627,
      0.847985867249756,
      1.8000000000000043
    ],
    "obj_class": "pedestrian",
    "point_num_in_lidar": 35,
    "speed": 1.1077259228750058,
    "if_vehicle": false,
    "motion_state": true,
    "pose": [
      [
        -0.9916680292759388,
        0.12728201901715427,
        -0.01984457978623999,
        72.79956005856297
      ],
      [
        -0.12713057150802906,
        -0.991847657436951,
        -0.008720219313432228,
        -8.265429734463396
      ],
      [
        -0.02079272709428884,
        -0.0061247099318439465,
        0.9997650476128044,
        0.16382662026346928
      ],
      [
        0.0,
        0.0,
        0.0,
        1.0
      ]
    ],
    "location": [
      72.79956005856297,
      -8.265429734463396,
      0.16382662026346928
    ],
    "rotation": [
      -0.006126072649443208,
      0.020794225631792184,
      -3.0140894004652488
    ]
  },
  {
    "label_id": "T8tGOYNptaeRe02a602ilg",
    "size": [
      1.9845935336923295,
      4.543331189578774,
      1.3800000000000043
    ],
    "obj_class": "vehicle",
    "point_num_in_lidar": 126,
    "speed": 8.70123024517096,
    "if_vehicle": true,
    "motion_state": true,
    "pose": [
      [
        0.7317360913852043,
        0.6812991158202184,
        -0.01984457978623999,
        51.153225084413634
      ],
      [
        -0.681534062350685,
        0.731734432448616,
        -0.008720219313432228,
        -15.74427190597271
      ],
      [
        0.008579884619065828,
        0.019905656273791095,
        0.9997650476128044,
        0.19846997452203574
      ],
      [
        0.0,
        0.0,
        0.0,
        1.0
      ]
    ],
    "location": [
      51.153225084413634,
      -15.74427190597271,
      0.19846997452203574
    ],
    "rotation": [
      0.0199077039190314,
      -0.008579989889758206,
      -0.7498912011793516
    ]
  },
  {
    "label_id": "UP8sZLs2C_NzVe6U5vB-fA",
    "size": [
      0.6654976987391175,
      1.8757865581647577,
      1.8599999999999994
    ],
    "obj_class": "cyclist",
    "point_num_in_lidar": 88,
    "speed": 0.11543947163468787,
    "if_vehicle": false,
    "motion_state": false,
    "pose": [
      [
        -0.927424906873658,
        0.3734825762515492,
        -0.01984457978623999,
        68.95223451835409
      ],
      [
        -0.37338137592346665,
        -0.9276369472420902,
        -0.008720219313432228,
        -14.126314352435656
      ],
      [
        -0.02166541538686894,
        -0.0006777520794684568,
        0.9997650476128044,
        0.25389080403544106
      ],
      [
        0.0,
        0.0,
        0.0,
        1.0
      ]
    ],
    "location": [
      68.95223451835409,
      -14.126314352435656,
      0.25389080403544106
    ],
    "rotation": [
      -0.000677911252512128,
      0.021667110667343167,
      -2.758846808027818
    ]
  },
  {
    "label_id": "UxWEjMzCLznnGNLKacZjWQ",
    "size": [
      2.192921250944684,
      4.641332200714929,
      1.650000000000004
    ],
    "obj_class": "vehicle",
    "point_num_in_lidar": 2321,
    "speed": 0.018333230696490396,
    "if_vehicle": true,
    "motion_state": false,
    "pose": [
      [
        0.15713785218441959,
        0.9873772774699522,
        -0.01984457978623999,
        39.678711919802026
      ],
      [
        -0.9875613923153472,
        0.15699189209414127,
        -0.008720219313432228,
        19.334219847831264
      ],
      [
        -0.0054947082761826445,
        0.020968017377101994,
        0.9997650476128044,
        0.3692176288298157
      ],
      [
        0.0,
        0.0,
        0.0,
        1.0
      ]
    ],
    "location": [
      39.678711919802026,
      19.334219847831264,
      0.3692176288298157
    ],
    "rotation": [
      0.020969870747799373,
      0.005494735925764628,
      -1.413002096899537
    ]
  },
  {
    "label_id": "W_9pz6y0uZhT8Gzg3NsiGA",
    "size": [
      2.157253910406777,
      4.864886469337955,
      1.480000000000004
    ],
    "obj_class": "vehicle",
    "point_num_in_lidar": 266,
    "speed": 0.020210825230311986,
    "if_vehicle": true,
    "motion_state": false,
    "pose": [
      [
        0.9877954393018397,
        -0.1544874193829163,
        -0.01984457978623999,
        2.259900145177653
      ],
      [
        0.1543409657013386,
        0.9879791617648137,
        -0.008720219313432228,
        -11.628452262226347
      ],
      [
        0.02095319548096956,
        0.005550961259374631,
        0.9997650476128044,
        0.6295697145419972
      ],
      [
        0.0,
        0.0,
        0.0,
        1.0
      ]
    ],
    "location": [
      2.259900145177653,
      -11.628452262226347,
      0.6295697145419972
    ],
    "rotation": [
      0.005552208724083576,
      -0.020954728986546458,
      0.15499469462024207
    ]
  },
  {
    "label_id": "XHmyfrNXfn-G1B8qm9nmlg",
    "size": [
      0.7380993384679349,
      1.009431248642946,
      1.730000000000004
    ],
    "obj_class": "pedestrian",
    "point_num_in_lidar": 65,
    "speed": 1.2988542211723284,
    "if_vehicle": false,
    "motion_state": true,
    "pose": [
      [
        -0.8270495564118424,
        -0.5617786253428321,
        -0.01984457978623999,
        61.44424497424916
      ],
      [
        0.562011078376833,
        -0.8270837355170485,
        -0.008720219313432228,
        0.27440833542459586
      ],
      [
        -0.01151429636078151,
        -0.018364927200587945,
        0.9997650476128044,
        0.17668801344090213
      ],
      [
        0.0,
        0.0,
        0.0,
        1.0
      ]
    ],
    "location": [
      61.44424497424916,
      0.27440833542459586,
      0.17668801344090213
    ],
    "rotation": [
      -0.018367177410629435,
      0.011514550801651119,
      2.544732415082736
    ]
  },
  {
    "label_id": "XpiGYlbfqX9PRVSjXyDmzw",
    "size": [
      0.7632004074769669,
      0.9006895167681406,
      1.650000000000004
    ],
    "obj_class": "pedestrian",
    "point_num_in_lidar": 84,
    "speed": 0.026704147927507523,
    "if_vehicle": false,
    "motion_state": false,
    "pose": [
      [
        -0.9932594923002513,
        0.11420058497465937,
        -0.01984457978623999,
        51.417056619281084
      ],
      [
        -0.11404678308645999,
        -0.9934371087506021,
        -0.008720219313432228,
        3.435048335188185
      ],
      [
        -0.02071019611391418,
        -0.006398230121683281,
        0.9997650476128044,
        0.3433394241761878
      ],
      [
        0.0,
        0.0,
        0.0,
        1.0
      ]
    ],
    "location": [
      51.417056619281084,
      3.435048335188185,
      0.3433394241761878
    ],
    "rotation": [
      -0.006399646386124902,
      0.020711676875777175,
      -3.0272725574384607
    ]
  },
  {
    "label_id": "Y3qzBsEcJ7TcF7mHZA3fJA",
    "size": [
      0.8734828166204357,
      1.8485204711222172,
      1.810000000000004
    ],
    "obj_class": "cyclist",
    "point_num_in_lidar": 44,
    "speed": 6.40354626205164,
    "if_vehicle": false,
    "motion_state": true,
    "pose": [
      [
        0.6796716905410706,
        0.7332479701507196,
        -0.01984457978623999,
        54.50852901666053
      ],
      [
        -0.7334821590188951,
        0.6796527644143779,
        -0.008720219313432228,
        -26.791199055976904
      ],
      [
        0.007093340399516409,
        0.02048253142908341,
        0.9997650476128044,
        0.3726983575849676
      ],
      [
        0.0,
        0.0,
        0.0,
        1.0
      ]
    ],
    "location": [
      54.50852901666053,
      -26.791199055976904,
      0.3726983575849676
    ],
    "rotation": [
      0.020484479308002908,
      -0.0070933998849987846,
      -0.8234580558170372
    ]
  },
  {
    "label_id": "YTA5i5YP-lFwEPPIwC3g6w",
    "size": [
      1.2919730472847515,
      0.10640721207735895,
      0.5200000000000031
    ],
    "obj_class": "sign",
    "point_num_in_lidar": 31,
    "speed": 0.01376434847736958,
    "if_vehicle": false,
    "motion_state": false,
    "pose": [
      [
        -0.7530274389520923,
        0.6576897968178922,
        -0.01984457978623999,
        54.85821945764246
      ],
      [
        -0.6576639532151697,
        -0.7532609656795717,
        -0.008720219313432228,
        -1.1240649486790062
      ],
      [
        -0.020683346601747143,
        0.006484500375417993,
