[
  {
    "label_id": "-lGbuKX8skc2bchJBBkNgg",
    "size": [
      0.4969170111981958,
      0.059578854588236294,
      0.6000000000000032
    ],
    "obj_class": "sign",
    "point_num_in_lidar": 31,
    "speed": 0.01190616737771622,
    "if_vehicle": false,
    "motion_state": false,
    "pose": [
      [
        -0.9917789815572693,
        0.12770490551033065,
        0.00811842656081922,
        1.2562306651084327
      ],
      [
        -0.12770338670561457,
        -0.9918121519320688,
        0.0007073215642233149,
        -14.210351722271298
      ],
      [
        0.008142282551113133,
        -0.00033524390593853593,
        0.9999667948719005,
        2.6936138747947425
      ],
      [
        0.0,
        0.0,
        0.0,
        1.0
      ]
    ],
    "location": [
      1.2562306651084327,
      -14.210351722271298,
      2.6936138747947425
    ],
    "rotation": [
      -0.0003352550255645886,
      -0.008142372521629632,
      -3.013535325195973
    ]
  },
  {
    "label_id": "17uCnxYTYb0tHvESLUeCJA",
    "size": [
      0.8889410461045543,
      0.9589459079899387,
      1.650000000000004
    ],
    "obj_class": "pedestrian",
    "point_num_in_lidar": 52,
    "speed": 1.4937914980077358,
    "if_vehicle": false,
    "motion_state": true,
    "pose": [
      [
        -0.966076110410209,
        0.2581298898710848,
        0.00811842656081922,
        -18.113638068059117
      ],
      [
        -0.25813278433421466,
        -0.9661091891437896,
        0.0007073215642233149,
        0.5868581934082613
      ],
      [
        0.00802586733927287,
        -0.0014123055869829835,
        0.9999667948719005,
        1.201361793954156
      ],
      [
        0.0,
        0.0,
        0.0,
        1.0
      ]
    ],
    "location": [
      -18.113638068059117,
      0.5868581934082613,
      1.201361793954156
    ],
    "rotation": [
      -0.0014123515452374895,
      -0.008025953505538105,
      -2.8804950618439547
    ]
  },
  {
    "label_id": "1hK-hL5ja_cpx_svwJHM3A",
    "size": [
      2.1667434197897326,
      4.704275997152225,
      1.6600000000000037
    ],
    "obj_class": "vehicle",
    "point_num_in_lidar": 6192,
    "speed": 2.0597646398800316,
    "if_vehicle": true,
    "motion_state": true,
    "pose": [
      [
        0.9857899152525228,
        -0.16778657317139684,
        0.00811842656081922,
        15.882745716163527
      ],
      [
        0.16778639966629738,
        0.9858231199273155,
        0.0007073215642233149,
        -3.7637495523995312
      ],
      [
        -0.008122011662478851,
        0.0006648910987431147,
        0.9999667948719005,
        0.530268969852326
      ],
      [
        0.0,
        0.0,
        0.0,
        1.0
      ]
    ],
    "location": [
      15.882745716163527,
      -3.7637495523995312,
      0.530268969852326
    ],
    "rotation": [
      0.0006649130792822155,
      0.008122100962686413,
      0.16858941906224414
    ]
  },
  {
    "label_id": "4rNwARFbwg8i6YohNYeuyQ",
    "size": [
      0.7903563748348955,
      0.7137609645760534,
      1.7200000000000042
    ],
    "obj_class": "pedestrian",
    "point_num_in_lidar": 44,
    "speed": 7.105427357601002e-14,
    "if_vehicle": false,
    "motion_state": false,
    "pose": [
      [
        -0.7509890828385591,
        0.6602647110117854,
        0.00811842656081922,
        37.554037872624804
      ],
      [
        -0.6602819928309045,
        -0.7510174363085415,
        0.0007073215642233149,
        -38.01262262917044
      ],
      [
        0.006564099370759931,
        -0.00482926009544106,
        0.9999667948719005,
        0.5991467051332151
      ],
      [
        0.0,
        0.0,
        0.0,
        1.0
      ]
    ],
    "location": [
      37.554037872624804,
      -38.01262262917044,
      0.5991467051332151
    ],
    "rotation": [
      -0.004829382911480868,
      -0.00656414651000374,
      -2.4203795321396617
    ]
  },
  {
    "label_id": "59EwjXaFuOsab_KR3nEvxw",
    "size": [
      2.0519264429260184,
      4.555598149819266,
      1.6700000000000035
    ],
    "obj_class": "vehicle",
    "point_num_in_lidar": 199,
    "speed": 5.695433295429594e-13,
    "if_vehicle": true,
    "motion_state": false,
    "pose": [
      [
        0.7148334058310148,
        -0.699247662175719,
        0.00811842656081922,
        41.87808545981534
      ],
      [
        0.699266426598266,
        0.7148608006659036,
        0.0007073215642233149,
        -41.48496876379431
      ],
      [
        -0.006298137861604192,
        0.005171326048013033,
        0.9999667948719005,
        0.3730042159124469
      ],
      [
        0.0,
        0.0,
        0.0,
        1.0
      ]
    ],
    "location": [
      41.87808545981534,
      -41.48496876379431,
      0.3730042159124469
    ],
    "rotation": [
      0.005171451666149045,
      0.006298179499904221,
      0.774390206184089
    ]
  },
  {
    "label_id": "5NPFGnlHPlvOnO8ShSEMKQ",
    "size": [
      0.8121676524219994,
      0.7805203499219474,
      1.730000000000004
    ],
    "obj_class": "pedestrian",
    "point_num_in_lidar": 522,
    "speed": 0.020033661460610818,
    "if_vehicle": false,
    "motion_state": false,
    "pose": [
      [
        0.11294086107779244,
        0.993568544716057,
        0.00811842656081922,
        18.97208242681336
      ],
      [
        -0.9936016888343657,
        0.11293884912509607,
        0.0007073215642233149,
        -6.9635178147891565
      ],
      [
        -0.00021411329527389072,
        -0.008146367848030021,
        0.9999667948719005,
        0.708093698035988
      ],
      [
        0.0,
        0.0,
        0.0,
        1.0
      ]
    ],
    "location": [
      18.97208242681336,
      -6.9635178147891565,
      0.708093698035988
    ],
    "rotation": [
      -0.0081464581407815,
      0.000214113296909877,
      -1.4576139688828817
    ]
  },
  {
    "label_id": "7zRc0M_V6kWZiiTMJvEU4Q",
    "size": [
      0.9750323162874829,
      1.1262346547427113,
      1.8000000000000043
    ],
    "obj_class": "pedestrian",
    "point_num_in_lidar": 21,
    "speed": 1.333905385588792,
    "if_vehicle": false,
    "motion_state": true,
    "pose": [
      [
        -0.9942252283184001,
        0.1070060116320664,
        0.00811842656081922,
        -20.74984978760108
      ],
      [
        -0.1070038018037642,
        -0.9942583598319632,
        0.0007073215642233149,
        0.5379190398998617
      ],
      [
        0.008147501136305255,
        -0.00016546556298786222,
        0.9999667948719005,
        1.2245523890071315
      ],
      [
        0.0,
        0.0,
        0.0,
        1.0
      ]
    ],
    "location": [
      -20.74984978760108,
      0.5379190398998617,
      1.2245523890071315
    ],
    "rotation": [
      -0.0001654710559652863,
      -0.008147591279928921,
      -3.0343800246227546
    ]
  },
  {
    "label_id": "81zBTa6ZmLUnWLTA8mg-Tg",
    "size": [
      0.745249267691072,
      1.877098027834083,
      1.8900000000000041
    ],
    "obj_class": "cyclist",
    "point_num_in_lidar": 63,
    "speed": 5.770238502306765,
    "if_vehicle": false,
    "motion_state": true,
    "pose": [
      [
        0.6941467390883974,
        -0.7197877435488333,
        0.00811842656081922,
        31.265966715959394
      ],
      [
        0.719807298550428,
        0.694173575303569,
        0.0007073215642233149,
        -48.116691971450564
      ],
      [
        -0.006144718584239066,
        0.0053527177339308075,
        0.9999667948719005,
        0.5820522246921911
      ],
      [
        0.0,
        0.0,
        0.0,
        1.0
      ]
    ],
    "location": [
      31.265966715959394,
      -48.116691971450564,
      0.5820522246921911
    ],
    "rotation": [
      0.005352844352010793,
      0.006144757253166162,
      0.803544257406144
    ]
  },
  {
    "label_id": "8V4foKFdLBczw0yCOtZanw",
    "size": [
      2.21197409338925,
      4.43889582269016,
      1.5800000000000036
    ],
    "obj_class": "vehicle",
    "point_num_in_lidar": 1117,
    "speed": 2.127395496592831,
    "if_vehicle": true,
    "motion_state": true,
    "pose": [
      [
        0.9880233099111522,
        -0.15409098034079713,
        0.00811842656081922,
        5.960397826028611
      ],
      [
        0.15409034608356587,
        0.9880565089811674,
        0.0007073215642233149,
        -5.205591513969921
      ],
      [
        -0.00813045607935038,
        0.0005521209653551941,
        0.9999667948719005,
        0.6344080697883214
      ],
      [
        0.0,
        0.0,
        0.0,
        1.0
      ]
    ],
    "location": [
      5.960397826028611,
      -5.205591513969921,
      0.6344080697883214
    ],
    "rotation": [
      0.0005521392431033717,
      0.008130545658388168,
      0.1547118924987908
    ]
  },
  {
    "label_id": "CWSv1DRZP1IrZmTidTdj-w",
    "size": [
      0.44226996511506916,
      0.07457283692242789,
      0.49000000000000377
    ],
    "obj_class": "sign",
    "point_num_in_lidar": 23,
    "speed": 0.014760315090056757,
    "if_vehicle": false,
    "motion_state": false,
    "pose": [
      [
        -0.9974011051300822,
        0.07158998977138831,
        0.00811842656081922,
        0.2108410831706351
      ],
      [
        -0.07158660339285891,
        -0.9974341371293035,
        0.0007073215642233149,
        -14.738269812840372
      ],
      [
        0.008148232935086168,
        0.00012431272745525536,
        0.9999667948719005,
        2.698841277274399
      ],
      [
        0.0,
        0.0,
        0.0,
        1.0
      ]
    ],
    "location": [
      0.2108410831706351,
      -14.738269812840372,
      2.698841277274399
    ],
    "rotation": [
      0.0001243168547719385,
      -0.008148323103002276,
      -3.0699423834672026
    ]
  },
  {
    "label_id": "FKpMaGA7mEI_RyDC9rQY9w",
    "size": [
      0.8758197377382947,
      1.06300575053586,
      1.6900000000000048
    ],
    "obj_class": "pedestrian",
    "point_num_in_lidar": 334,
    "speed": 1.0464967001274919,
    "if_vehicle": false,
    "motion_state": true,
    "pose": [
      [
        -0.45171936224015824,
        -0.8921231467278053,
        0.00811842656081922,
        28.422844814760765
      ],
      [
        0.8921549184943177,
        -0.4517290129077412,
        0.0007073215642233149,
        -10.687646175167174
      ],
      [
        0.003036310877059518,
        0.007562405032559442,
        0.9999667948719005,
        0.6243140253187924
      ],
      [
        0.0,
        0.0,
        0.0,
        1.0
      ]
    ],
    "location": [
      28.422844814760765,
      -10.687646175167174,
      0.6243140253187924
    ],
    "rotation": [
      0.00756251197753924,
      -0.003036315542463518,
      2.039490251920675
    ]
  },
  {
    "label_id": "GpOaV2-NWHwc6MJRZBp45A",
    "size": [
      0.8710197687518162,
      1.1460911671396543,
      1.7800000000000047
    ],
    "obj_class": "pedestrian",
    "point_num_in_lidar": 22,
    "speed": 1.443701294745899,
    "if_vehicle": false,
    "motion_state": true,
    "pose": [
      [
        -0.9932768287882733,
        0.11547827736197028,
        0.00811842656081922,
        -49.579683578008826
      ],
      [
        -0.11547635007294155,
        -0.9933099779374193,
        0.0007073215642233149,
        -4.393518464390581
      ],
      [
        0.00814579438379138,
        -0.00023492014733333236,
        0.9999667948719005,
        1.852311089268408
      ],
      [
        0.0,
        0.0,
        0.0,
        1.0
      ]
    ],
    "location": [
      -49.579683578008826,
      -4.393518464390581,
      1.852311089268408
    ],
    "rotation": [
      -0.00023492794382396433,
      -0.008145884470775463,
      -3.0258542519118605
    ]
  },
  {
    "label_id": "HtZusIAJ8dF6ertTZFuI_A",
    "size": [
      0.8100600019965805,
      0.09693712044314179,
      0.7800000000000029
    ],
    "obj_class": "sign",
    "point_num_in_lidar": 52,
    "speed": 0.029744557694091667,
    "if_vehicle": false,
    "motion_state": false,
    "pose": [
      [
        -0.9989649788867444,
        -0.044755581863974304,
        0.00811842656081922,
        21.17082755869251
      ],
      [
        0.0447627824073815,
        -0.9989973938941754,
        0.0007073215642233149,
        -6.1213627060769795
      ],
      [
        0.008078630388607904,
        0.0010699928331027397,
        0.9999667948719005,
        2.349187741188434
      ],
      [
        0.0,
        0.0,
        0.0,
        1.0
      ]
    ],
    "location": [
      21.17082755869251,
      -6.1213627060769795,
      2.349187741188434
    ],
    "rotation": [
      0.0010700279551517603,
      -0.008078718265506523,
      3.0968134468641972
    ]
  },
  {
    "label_id": "JwXiJQrToIoWPhyl6DfSpw",
    "size": [
      0.9396957875974625,
      2.2487845134696376,
      1.900000000000004
    ],
    "obj_class": "cyclist",
    "point_num_in_lidar": 50,
    "speed": 3.3947197147321355,
    "if_vehicle": false,
    "motion_state": true,
    "pose": [
      [
        0.6523443498863818,
        -0.757879238613574,
        0.00811842656081922,
        42.610426110676826
      ],
      [
        0.7579002794902108,
        0.6523700376664039,
        0.0007073215642233149,
        -34.76624738929604
      ],
      [
        -0.005832282569822096,
        0.005691540533491761,
        0.9999667948719005,
        0.5814267723371049
      ],
      [
        0.0,
        0.0,
        0.0,
        1.0
      ]
    ],
    "location": [
      42.610426110676826,
      -34.76624738929604,
      0.5814267723371049
    ],
    "rotation": [
      0.005691668066612437,
      0.0058323156350156,
      0.8601082273042024
    ]
  },
  {
    "label_id": "KxTPaWgRlBzRqeloR_TQuw",
    "size": [
      0.8591700821322124,
      1.1659696415964578,
      1.7200000000000042
    ],
    "obj_class": "pedestrian",
    "point_num_in_lidar": 140,
    "speed": 1.4690768984151998,
    "if_vehicle": false,
    "motion_state": true,
    "pose": [
      [
        0.6496651898773736,
        -0.7601771058192773,
        0.00811842656081922,
        26.74332624058661
      ],
      [
        0.760198237235334,
        0.6496908032291173,
        0.0007073215642233149,
        -20.563510076619423
      ],
      [
        -0.005812156732830083,
        0.005712091362333786,
        0.9999667948719005,
        0.6000988376443264
      ],
      [
        0.0,
        0.0,
        0.0,
        1.0
      ]
    ],
    "location": [
      26.74332624058661,
      -20.563510076619423,
      0.6000988376443264
    ],
    "rotation": [
      0.005712218909702531,
      0.005812189456899332,
      0.8636379501560764
    ]
  },
  {
    "label_id": "L4snb6xvhDhpmIn3mRFNkw",
    "size": [
      0.781364047873296,
      0.9730712411753827,
      1.6900000000000048
    ],
    "obj_class": "pedestrian",
    "point_num_in_lidar": 123,
    "speed": 1.5648641656444098,
    "if_vehicle": false,
    "motion_state": true,
    "pose": [
      [
        0.7119030184279324,
        -0.7022308619701756,
        0.00811842656081922,
        25.45813797797382
      ],
      [
        0.7022497407892737,
        0.7119303345536014,
        0.0007073215642233149,
        -22.97726586540739
      ],
      [
        -0.006276457169227502,
        0.005197618591382308,
        0.9999667948719005,
        0.601830620414546
      ],
      [
        0.0,
        0.0,
        0.0,
        1.0
      ]
    ],
    "location": [
      25.45813797797382,
      -22.97726586540739,
      0.601830620414546
    ],
    "rotation": [
      0.005197744375830876,
      0.006276498378994325,
      0.7785720778544567
    ]
  },
  {
    "label_id": "NfBUR0rONso4b1AmRWZoQw",
    "size": [
      2.1377915724764467,
      4.56232836195279,
      1.9900000000000038
    ],
    "obj_class": "vehicle",
    "point_num_in_lidar": 204,
    "speed": 4.361527797289993,
    "if_vehicle": true,
    "motion_state": true,
    "pose": [
      [
        0.7091051396801853,
        -0.7050560204900894,
        0.00811842656081922,
        31.929201341173894
      ],
      [
        0.7050750077759005,
        0.7091323805228603,
        0.0007073215642233149,
        -40.38798678180319
      ],
      [
        -0.006255740480451867,
        0.005222534313900308,
        0.9999667948719005,
        0.7553083131344458
      ],
      [
        0.0,
        0.0,
        0.0,
        1.0
      ]
    ],
    "location": [
      31.929201341173894,
      -40.38798678180319,
      0.7553083131344458
    ],
    "rotation": [
      0.005222660249321089,
      0.006255781283496365,
      0.7825483701787204
    ]
  },
  {
    "label_id": "O2XNeS9LcyFvcLdYZisPjQ",
    "size": [
      2.0579282835711377,
      4.975976130770658,
      1.5200000000000031
    ],
    "obj_class": "vehicle",
    "point_num_in_lidar": 79,
    "speed": 0.023420584259904353,
    "if_vehicle": true,
    "motion_state": false,
    "pose": [
      [
        0.9897895087509351,
        -0.14230537416682193,
        0.00811842656081922,
        -28.327969462846568
      ],
      [
        0.14230434430822136,
        0.9898226979046358,
        0.0007073215642233149,
        -17.358884138880967
      ],
      [
        -0.008136458541023796,
        0.00045518790497029013,
        0.9999667948719005,
        1.1501369112119288
      ],
      [
        0.0,
        0.0,
        0.0,
        1.0
      ]
    ],
    "location": [
      -28.327969462846568,
      -17.358884138880967,
      1.1501369112119288
    ],
    "rotation": [
      0.00045520298860404524,
      0.008136548318612252,
      0.14279382328545884
    ]
  },
  {
    "label_id": "OAMynEEqx3osxUHtJS_ELg",
    "size": [
      0.8170537752796112,
      0.8340350894805498,
      1.6600000000000037
    ],
    "obj_class": "pedestrian",
    "point_num_in_lidar": 48,
    "speed": 0.16878316347779845,
    "if_vehicle": false,
    "motion_state": false,
    "pose": [
      [
        0.9862191452167823,
        0.16524493565025217,
        0.00811842656081922,
        -29.77381918601168
      ],
      [
        -0.16525600370797242,
        0.9862504514243202,
        0.0007073215642233149,
        -3.476120998389888
      ],
      [
        -0.00788992055409903,
        -0.002039192798299357,
        0.9999667948719005,
        1.315027659670081
      ],
      [
        0.0,
        0.0,
        0.0,
        1.0
      ]
    ],
    "location": [
      -29.77381918601168,
      -3.476120998389888,
      1.315027659670081
    ],
    "rotation": [
      -0.0020392576854012835,
      0.00789000241543091,
      -0.1660227939331412
    ]
  },
  {
    "label_id": "P1UuB38YkU4_aXx-wiuAlA",
    "size": [
      0.32199353441771833,
      0.13156426811666824,
      0.44000000000000306
    ],
    "obj_class": "sign",
    "point_num_in_lidar": 24,
    "speed": 0.013016912084991693,
    "if_vehicle": false,
    "motion_state": false,
    "pose": [
      [
        0.8617266312430766,
        0.5073078987721712,
        0.00811842656081922,
        -9.632957799435871
      ],
      [
        -0.5073294393739675,
        0.8617519014430435,
        0.0007073215642233149,
        0.2879073877702467
      ],
      [
        -0.006637239709009296,
        -0.0047282346244428815,
        0.9999667948719005,
        2.911481281260736
      ],
      [
        0.0,
        0.0,
        0.0,
        1.0
      ]
    ],
    "location": [
      -9.632957799435871,
      0.2879073877702467,
      2.911481281260736
    ],
    "rotation": [
      -0.004728356393131379,
      0.006637288441641264,
      -0.5320959319756553
    ]
  },
  {
    "label_id": "PZVkiiiTmHjez6OdHRP2IA",
    "size": [
      2.144554483973026,
      4.5633007576846065,
      1.4700000000000042
    ],
    "obj_class": "vehicle",
    "point_num_in_lidar": 147,
    "speed": 2.561522124099845,
    "if_vehicle": true,
    "motion_state": true,
    "pose": [
      [
        0.9900256877851928,
        -0.1406528658635599,
        0.00811842656081922,
        -3.265584875698778
      ],
      [
        0.1406517806019162,
        0.990058875173449,
        0.0007073215642233149,
        -6.98922789775861
      ],
      [
        -0.008137207074078036,
        0.00044160463335962853,
        0.9999667948719005,
        0.8197584215264175
      ],
      [
        0.0,
        0.0,
        0.0,
        1.0
      ]
    ],
    "location": [
      -3.265584875698778,
      -6.98922789775861,
      0.8197584215264175
    ],
    "rotation": [
      0.00044161926867565494,
      0.008137296876447177,
      0.14112441246000237
    ]
  },
  {
    "label_id": "QmpdBgxGLSxvyzQXu1z3-Q",
    "size": [
      0.914560408793103,
      1.0514743018973143,
      1.8600000000000048
    ],
    "obj_class": "pedestrian",
    "point_num_in_lidar": 85,
    "speed": 1.455736670656747,
    "if_vehicle": false,
    "motion_state": true,
    "pose": [
      [
        -0.9931041965599305,
        0.11695360586673498,
        0.00811842656081922,
        -7.08304775304623
      ],
      [
        -0.11695172782099733,
        -0.9931373485353816,
        0.0007073215642233149,
        -16.72075135486739
      ],
      [
        0.008145436436334435,
        -0.000247019999728177,
        0.9999667948719005,
        1.1474502630320345
      ],
      [
        0.0,
        0.0,
        0.0,
        1.0
      ]
    ],
    "location": [
      -7.08304775304623,
      -16.72075135486739,
      1.1474502630320345
    ],
    "rotation": [
      -0.0002470281973064846,
      -0.008145526511442831,
      -3.0243687593310793
    ]
  },
  {
    "label_id": "SpbpgIzhpIFv1KbjKSaKAQ",
    "size": [
      0.6368185014416499,
      1.0962225341648146,
      1.6999999999999993
    ],
    "obj_class": "pedestrian",
    "point_num_in_lidar": 26,
    "speed": 1.3300233498730227,
    "if_vehicle": false,
    "motion_state": true,
    "pose": [
      [
        -0.6958639385539531,
        0.7181277533770413,
        0.00811842656081922,
        27.441549585950497
      ],
      [
        -0.718147244225811,
        -0.6958908213987867,
        0.0007073215642233149,
        -62.90542662687585
      ],
      [
        0.006157485773705038,
        -0.005338026092597373,
        0.9999667948719005,
        0.7012115341493086
      ],
      [
        0.0,
        0.0,
        0.0,
        1.0
      ]
    ],
    "location": [
      27.441549585950497,
      -62.90542662687585,
      0.7012115341493086
    ],
    "rotation": [
      -0.005338152642637696,
      -0.006157524684169136,
      -2.340436862829282
    ]
  },
  {
    "label_id": "UhG6nfOxoXzKOzJFMQXGyg",
    "size": [
      2.42555648375919,
      5.253257967382423,
      1.7800000000000047
    ],
    "obj_class": "vehicle",
    "point_num_in_lidar": 40,
    "speed": 0.3102301188672208,
    "if_vehicle": true,
    "motion_state": false,
    "pose": [
      [
        0.6782733922499697,
        -0.7347647899266101,
        0.00811842656081922,
        22.238264708792258
      ],
      [
        0.7347849259217799,
        0.6782997953223409,
        0.0007073215642233149,
        -61.42133131654191
      ],
      [
        -0.006026442055090238,
        0.005485540062315658,
        0.9999667948719005,
        0.5087821968295287
      ],
      [
        0.0,
        0.0,
        0.0,
        1.0
      ]
    ],
    "location": [
      22.238264708792258,
      -61.42133131654191,
      0.5087821968295287
    ],
    "rotation": [
      0.005485667189867509,
      0.006026478533744034,
      0.8253692203986656
    ]
  },
  {
    "label_id": "W_9pz6y0uZhT8Gzg3NsiGA",
    "size": [
      2.1572539104067774,
      4.864886469337955,
      1.480000000000004
    ],
    "obj_class": "vehicle",
    "point_num_in_lidar": 744,
    "speed": 0.020422880655182885,
    "if_vehicle": true,
    "motion_state": false,
    "pose": [
      [
        0.9879574381394465,
        -0.1545127553799952,
        0.00811842656081922,
        2.236008523298324
      ],
      [
        0.15451213529556956,
        0.9879906374772022,
        0.0007073215642233149,
        -11.531872689696684
      ],
      [
        -0.008130219636963466,
        0.0005555918226215928,
        0.9999667948719005,
        0.6295697145419936
      ],
      [
        0.0,
        0.0,
        0.0,
        1.0
      ]
    ],
    "location": [
      2.236008523298324,
      -11.531872689696684,
      0.6295697145419936
    ],
    "rotation": [
      0.0005556102145590389,
      0.008130309208186162,
      0.1551388085093562
    ]
  },
  {
    "label_id": "X9L6pHOLLqFEva_gxG7HmA",
    "size": [
      3.788950361831029,
      13.641193063657227,
      3.6499999999999693
    ],
    "obj_class": "vehicle",
    "point_num_in_lidar": 21,
    "speed": 0.0417237815906774,
    "if_vehicle": true,
    "motion_state": false,
    "pose": [
      [
        0.7079509387772395,
        -0.7062149527124174,
        0.00811842656081922,
        13.417855942339202
      ],
      [
        0.7062339845303723,
        0.7079781485261807,
        0.0007073215642233149,
        -70.36795220351632
      ],
      [
        -0.0062471896705050016,
        0.005232759772755284,
        0.9999667948719005,
        1.8614726753467945
      ],
      [
        0.0,
        0.0,
        0.0,
        1.0
      ]
    ],
    "location": [
      13.417855942339202,
      -70.36795220351632,
      1.8614726753467945
    ],
    "rotation": [
      0.0052328857682603785,
      0.006247230306458262,
      0.784184069416556
    ]
  },
  {
    "label_id": "XpXpbE64O8frRdwvgKrmSA",
    "size": [
      0.3125653711211537,
      0.09840957330842284,
      0.6000000000000032
    ],
    "obj_class": "sign",
    "point_num_in_lidar": 53,
    "speed": 0.00992613110643273,
    "if_vehicle": false,
    "motion_state": false,
    "pose": [
      [
        0.9951596366323144,
        -0.09793563584322403,
        0.00811842656081922,
        11.332234211138939
      ],
      [
        0.09793312399428172,
        0.9951927466179229,
        0.0007073215642233149,
        3.5438649172065197
      ],
      [
        -0.008148671214415412,
        9.116500418450497e-05,
        0.9999667948719005,
        2.403740763468093
      ],
      [
        0.0,
        0.0,
        0.0,
        1.0
      ]
    ],
    "location": [
      11.332234211138939,
      3.5438649172065197,
      2.403740763468093
    ],
    "rotation": [
      9.116803117808283e-05,
      0.00814876139688252,
      0.09809361521045945
    ]
  },
  {
    "label_id": "YurWdc7QEzz9ED-TzDYktQ",
    "size": [
      2.4265139348017053,
      5.3769130872342465,
      1.9100000000000037
    ],
    "obj_class": "vehicle",
    "point_num_in_lidar": 42,
    "speed": 0.015536539167227961,
    "if_vehicle": true,
    "motion_state": false,
    "pose": [
      [
        0.982489739732814,
        -0.18613973909384346,
        0.00811842656081922,
        -34.49526663886445
      ],
      [
        0.18614018479711025,
        0.9825229418695028,
        0.0007073215642233149,
        -18.541950669805374
      ],
      [
        -0.008108200999307588,
        0.0008162292407514869,
        0.9999667948719005,
        1.3956796333877133
      ],
      [
        0.0,
        0.0,
        0.0,
        1.0
      ]
    ],
    "location": [
      -34.49526663886445,
      -18.541950669805374,
      1.3956796333877133
    ],
    "rotation": [
      0.0008162561633644712,
      0.008108289844742305,
      0.1872384289362486
    ]
  },
  {
    "label_id": "ZzZvKWTkFasK010z8-d2jQ",
    "size": [
      0.660057683545879,
      0.7563223923365557,
      1.4500000000000046
    ],
    "obj_class": "pedestrian",
    "point_num_in_lidar": 43,
    "speed": 3.0354398977712303e-13,
    "if_vehicle": false,
    "motion_state": false,
    "pose": [
      [
        -0.13760027611427433,
        -0.9904545699644443,
        0.00811842656081922,
        23.530005916051778
      ],
      [
        0.9904877538495105,
        -0.1375990885520559,
        0.0007073215642233149,
        -30.601452629533014
      ],
      [
        0.00041651821952614563,
        0.008138529731556744,
        0.9999667948719005,
        0.40911390891428745
      ],
      [
        0.0,
        0.0,
        0.0,
        1.0
      ]
    ],
    "location": [
      23.530005916051778,
      -30.601452629533014,
      0.40911390891428745
    ],
    "rotation": [
      0.008138620283714258,
      -0.0004165182315695922,
      1.7088345736689297
    ]
  },
  {
    "label_id": "_ZmS0R7JA9RdyheIOil2Tw",
    "size": [
      2.063806764056264,
      4.406326390068568,
      1.8200000000000038
    ],
    "obj_class": "vehicle",
    "point_num_in_lidar": 5620,
    "speed": 0.03919220032223004,
    "if_vehicle": true,
    "motion_state": false,
    "pose": [
      [
        -0.98131869957898,
        0.19221784778421688,
        0.00811842656081922,
        14.70693501728556
      ],
      [
        -0.19221849900231272,
        -0.9813518983206293,
        0.0007073215642233149,
        2.3449767638576304
      ],
      [
        0.008102993145602932,
        -0.0008664038901933856,
        0.9999667948719005,
        0.6132270234111825
      ],
      [
        0.0,
        0.0,
        0.0,
        1.0
      ]
    ],
    "location": [
      14.70693501728556,
      2.3449767638576304,
      0.6132270234111825
    ],
    "rotation": [
      -0.0008664324433890178,
      -0.008103081819949386,
      -2.948163919441352
    ]
  },
  {
    "label_id": "atF-54Yn8JHAuuuCPouVRg",
    "size": [
      0.8874608762637684,
      0.15882044991512934,
      0.8800000000000034
    ],
    "obj_class": "sign",
    "point_num_in_lidar": 27,
    "speed": 0.041329059991938887,
    "if_vehicle": false,
    "motion_state": false,
    "pose": [
      [
        0.7057533667274527,
        -0.7084110928712525,
        0.00811842656081922,
        11.532081099853258
      ],
      [
        0.7084302091359317,
        0.7057805172146826,
        0.0007073215642233149,
        -40.20507247341084
      ],
      [
        -0.006230901739387248,
        0.00525214405102633,
        0.9999667948719005,
        2.843673698810372
      ],
      [
        0.0,
        0.0,
        0.0,
        1.0
      ]
    ],
    "location": [
      11.532081099853258,
      -40.20507247341084,
      2.843673698810372
    ],
    "rotation": [
      0.00525227015742723,
      0.006230942058321584,
      0.7872910146914562
    ]
  },
  {
    "label_id": "bY1X4-breOuP-79CNrGS-w",
    "size": [
      0.878420520757417,
      0.9302074121880761,
      1.650000000000004
    ],
    "obj_class": "pedestrian",
    "point_num_in_lidar": 55,
    "speed": 1.2127191398549662,
    "if_vehicle": false,
    "motion_state": true,
    "pose": [
      [
        -0.987401281780308,
        0.1580278452956364,
        0.00811842656081922,
        -18.515633625114788
      ],
      [
        -0.15802734336915875,
        -0.9874344831146474,
        0.0007073215642233149,
        1.44812428475052
      ],
      [
        0.008128190837512102,
        -0.0005845231625989242,
        0.9999667948719005,
        1.025747640867447
      ],
      [
        0.0,
        0.0,
        0.0,
        1.0
      ]
    ],
    "location": [
      -18.515633625114788,
      1.44812428475052,
      1.025747640867447
    ],
    "rotation": [
      -0.0005845425058324801,
      -0.008128280341695906,
      -2.9828947935014694
    ]
  },
  {
    "label_id": "cGa1URHMkxxAB6W4qYTHMw",
    "size": [
      1.2461233338922653,
      1.1367741460899659,
      1.9100000000000037
    ],
    "obj_class": "pedestrian",
    "point_num_in_lidar": 103,
    "speed": 1.4136760413098,
    "if_vehicle": false,
    "motion_state": true,
    "pose": [
      [
        -0.9980421719491417,
        0.062015434862755035,
        0.00811842656081922,
        -12.969215585450684
      ],
      [
        -0.062011731658542193,
        -0.9980751699310598,
        0.0007073215642233149,
        1.8628297382838355
      ],
      [
        0.008146664823655586,
        0.00020249906084479814,
        0.9999667948719005,
        1.2668191108131062
      ],
      [
        0.0,
        0.0,
        0.0,
        1.0
      ]
    ],
    "location": [
      -12.969215585450684,
      1.8628297382838355,
      1.2668191108131062
    ],
    "rotation": [
      0.0002025057823071734,
      -0.00814675493952276,
      -3.079539047239884
    ]
  },
  {
    "label_id": "g_Lae-btzGAPjMp5anVtlA",
    "size": [
      1.9640719277707495,
      4.6384649418272845,
      1.400000000000004
    ],
    "obj_class": "vehicle",
    "point_num_in_lidar": 1457,
    "speed": 0.0491606693656031,
    "if_vehicle": true,
    "motion_state": false,
    "pose": [
      [
        -0.984941024366324,
        0.17269994114183362,
        0.00811842656081922,
        8.356134281537607
      ],
      [
        -0.17269993320768415,
        -0.9849742294934757,
        0.0007073215642233149,
        1.556156098315114
      ],
      [
        0.008118595338951996,
        -0.0007053816987824661,
        0.9999667948719005,
        0.4681675601851243
      ],
      [
        0.0,
        0.0,
        0.0,
        1.0
      ]
    ],
    "location": [
      8.356134281537607,
      1.556156098315114,
      0.4681675601851243
    ],
    "rotation": [
      -0.0007054050048475876,
      -0.008118684526518944,
      -2.9680167408990608
    ]
  },
  {
    "label_id": "giuMM0PU-rHPRmHgDuPX3Q",
    "size": [
      0.7673756257970928,
      1.0796500571587313,
      1.650000000000004
    ],
    "obj_class": "pedestrian",
    "point_num_in_lidar": 50,
    "speed": 1.4663391379819732,
    "if_vehicle": false,
    "motion_state": true,
    "pose": [
      [
        0.7264275594436798,
        -0.6871950902261132,
        0.00811842656081922,
        31.27019705517614
      ],
      [
        0.6872133938767814,
        0.7264552642610285,
        0.0007073215642233149,
        -18.17659801356058
      ],
      [
        -0.006383741618768995,
        0.005065273592159354,
        0.9999667948719005,
        0.4965175426996691
      ],
      [
        0.0,
        0.0,
        0.0,
        1.0
      ]
    ],
    "location": [
      31.27019705517614,
      -18.17659801356058,
      0.4965175426996691
    ],
    "rotation": [
      0.005065398467251874,
      0.006383784978104317,
      0.7576654412350786
    ]
  },
  {
    "label_id": "idZxvTPEN4rPuuDPp1m1jQ",
    "size": [
      0.9168469914276103,
      1.0720597660446636,
      1.650000000000004
    ],
    "obj_class": "pedestrian",
    "point_num_in_lidar": 25,
    "speed": 1.83802430425302,
    "if_vehicle": false,
    "motion_state": true,
    "pose": [
      [
        -0.9866083415477643,
        0.16290509979293705,
        0.00811842656081922,
        -20.707325969521207
      ],
      [
        -0.16290476193497774,
        -0.9866415449569885,
        0.0007073215642233149,
        -0.4945097900235851
      ],
      [
        0.008125203214592022,
        -0.0006246809907575205,
        0.9999667948719005,
        1.1900046091000736
      ],
      [
        0.0,
        0.0,
        0.0,
        1.0
      ]
    ],
    "location": [
      -20.707325969521207,
      -0.4945097900235851,
      1.1900046091000736
    ],
    "rotation": [
      -0.0006247016527948891,
      -0.008125292620114842,
      -2.977953171448091
    ]
  },
  {
    "label_id": "llDxFjojX6EWsJwNE3HgHA",
    "size": [
      2.058374700135473,
      4.683878169405639,
      1.459999999999999
    ],
    "obj_class": "vehicle",
    "point_num_in_lidar": 720,
    "speed": 0.015569483753706308,
    "if_vehicle": true,
    "motion_state": false,
    "pose": [
      [
        -0.9849865938285295,
        0.17243984785497785,
        0.00811842656081922,
        2.0246627824953976
      ],
      [
        -0.17243983115255673,
        -0.9850197989524284,
        0.0007073215642233149,
        0.32874252691908623
      ],
      [
        0.008118781321667417,
        -0.0007032378470863081,
        0.9999667948719005,
        0.6539790878289615
      ],
      [
        0.0,
        0.0,
        0.0,
        1.0
      ]
    ],
    "location": [
      2.0246627824953976,
      0.32874252691908623,
      0.6539790878289615
    ],
    "rotation": [
      -0.0007032610830257644,
      -0.008118870515364017,
      -2.968280813335659
    ]
  },
  {
    "label_id": "nlY_FNWFEJGcT5220KtBiQ",
    "size": [
      0.7181523112954615,
      0.6614813895268403,
      1.8000000000000007
    ],
    "obj_class": "pedestrian",
    "point_num_in_lidar": 28,
    "speed": 0.3393563600837903,
    "if_vehicle": false,
    "motion_state": false,
    "pose": [
      [
        -0.6795582397402612,
        -0.7335766421794621,
        0.00811842656081922,
        47.57078162392645
      ],
      [
        0.7336045369575652,
        -0.6795762525658774,
        0.0007073215642233149,
        -48.6183789820152
      ],
      [
        0.004998215320908746,
        0.006436380755087707,
        0.9999667948719005,
        0.8995066418227875
      ],
      [
        0.0,
        0.0,
        0.0,
        1.0
      ]
    ],
    "location": [
      47.57078162392645,
      -48.6183789820152,
      0.8995066418227875
    ],
    "rotation": [
      0.006436505596411267,
      -0.004998236132175512,
      2.317968200548535
    ]
  },
  {
    "label_id": "po-5-Twdq7xHCYq5doax3w",
    "size": [
      0.5453327898102541,
      0.11353665871497434,
      0.6200000000000028
    ],
    "obj_class": "sign",
    "point_num_in_lidar": 25,
    "speed": 0.002626859327616753,
    "if_vehicle": false,
    "motion_state": false,
    "pose": [
      [
        0.6209408505163897,
        -0.7838153808838911,
        0.00811842656081922,
        31.803539715003353
      ],
      [
        0.7838374503662149,
        0.6209656601613301,
        0.0007073215642233149,
        -19.328899458616434
      ],
      [
        -0.005595673630079471,
        0.005924321922740488,
        0.9999667948719005,
        2.4829819905327764
      ],
      [
        0.0,
        0.0,
        0.0,
        1.0
      ]
    ],
    "location": [
      31.803539715003353,
      -19.328899458616434,
      2.4829819905327764
    ],
    "rotation": [
      0.005924449331888309,
      0.005595702832039182,
      0.9008415084289276
    ]
  },
  {
    "label_id": "qNKsg4GEn4uN2sX0BBYF2g",
    "size": [
      0.9093462964047527,
      0.9548289175035145,
      1.7800000000000047
    ],
    "obj_class": "pedestrian",
    "point_num_in_lidar": 20,
    "speed": 1.5893083596165318,
    "if_vehicle": false,
    "motion_state": true,
    "pose": [
      [
        0.6064495767725281,
        -0.7950805003159103,
        0.00811842656081922,
        46.62293611349355
      ],
      [
        0.7951030214531276,
        0.6064739771600361,
        0.0007073215642233149,
        -41.12414431284196
      ],
      [
        -0.005485992027788612,
        0.006026030624687374,
        0.9999667948719005,
        0.5329392621766864
      ],
      [
        0.0,
        0.0,
        0.0,
        1.0
      ]
    ],
    "location": [
      46.62293611349355,
      -41.12414431284196,
      0.5329392621766864
    ],
    "rotation": [
      0.00602615777959958,
      0.005486019545996541,
      0.9191971590863036
    ]
  },
  {
    "label_id": "s6kR0GUKpEmP8E_Wb7TDOg",
    "size": [
      0.9387171352704202,
      1.1357424908506306,
      1.7600000000000051
    ],
    "obj_class": "pedestrian",
    "point_num_in_lidar": 69,
    "speed": 1.1418707321134642,
    "if_vehicle": false,
    "motion_state": true,
    "pose": [
      [
        -0.9972588411962856,
        0.07354518887064176,
        0.00811842656081922,
        -14.373992752469803
      ],
      [
        -0.07354186725559571,
        -0.9972918797707947,
        0.0007073215642233149,
        -18.62529571608684
      ],
      [
        0.008148460983653629,
