[
  {
    "label_id": "4ZttO3ki0EvSoIJTHLTPNQ",
    "size": [
      2.0244199205145565,
      4.355805679212177,
      1.4700000000000042
    ],
    "obj_class": "vehicle",
    "point_num_in_lidar": 22,
    "speed": 6.456051076008002,
    "if_vehicle": true,
    "motion_state": true,
    "pose": [
      [
        0.6798245724423025,
        0.73323661138633,
        -0.014234550443630808,
        51.05470490453649
      ],
      [
        -0.7332841160813788,
        0.6793073140590423,
        -0.028913287060466013,
        -4.304427071045211
      ],
      [
        -0.011530646399555533,
        0.03009393275365648,
        0.9994805647960479,
        0.15588720598672623
      ],
      [
        0.0,
        0.0,
        0.0,
        1.0
      ]
    ],
    "location": [
      51.05470490453649,
      -4.304427071045211,
      0.15588720598672623
    ],
    "rotation": [
      0.03010047869583088,
      0.011530901925909044,
      -0.82321129287691
    ]
  },
  {
    "label_id": "4k1023vqw0-b_hXEv20Ltg",
    "size": [
      1.9970063295836706,
      4.483960861202401,
      1.400000000000004
    ],
    "obj_class": "vehicle",
    "point_num_in_lidar": 87,
    "speed": 6.6135364879456615,
    "if_vehicle": true,
    "motion_state": true,
    "pose": [
      [
        0.6963704807657621,
        0.7175413096761251,
        -0.014234550443630808,
        60.880819282255516
      ],
      [
        -0.7176005989916251,
        0.695854440352449,
        -0.028913287060466013,
        -14.265259705141943
      ],
      [
        -0.010841302731787123,
        0.030349081535541177,
        0.9994805647960479,
        0.15595607957214952
      ],
      [
        0.0,
        0.0,
        0.0,
        1.0
      ]
    ],
    "location": [
      60.880819282255516,
      -14.265259705141943,
      0.15595607957214952
    ],
    "rotation": [
      0.030355526890695084,
      0.010841515113019212,
      -0.8004115702481077
    ]
  },
  {
    "label_id": "4rNwARFbwg8i6YohNYeuyQ",
    "size": [
      0.7903563748355391,
      0.7137609645760534,
      1.7200000000000042
    ],
    "obj_class": "pedestrian",
    "point_num_in_lidar": 31,
    "speed": 5.783398860650275e-13,
    "if_vehicle": false,
    "motion_state": false,
    "pose": [
      [
        -0.5983158530125078,
        -0.8011338949311674,
        -0.014234550443630808,
        37.640492045675046
      ],
      [
        0.8011263313896114,
        -0.5977964728781708,
        -0.028913287060466013,
        -38.22642647261637
      ],
      [
        0.014654050229805163,
        -0.028702951186864542,
        0.9994805647960479,
        0.5663997437269312
      ],
      [
        0.0,
        0.0,
        0.0,
        1.0
      ]
    ],
    "location": [
      37.640492045675046,
      -38.22642647261637,
      0.5663997437269312
    ],
    "rotation": [
      -0.028709977468111478,
      -0.014654574751852728,
      2.2122741005256668
    ]
  },
  {
    "label_id": "59EwjXaFuOsab_KR3nEvxw",
    "size": [
      2.051926442926028,
      4.555598149819266,
      1.6700000000000035
    ],
    "obj_class": "vehicle",
    "point_num_in_lidar": 72,
    "speed": 5.695433295429594e-13,
    "if_vehicle": true,
    "motion_state": false,
    "pose": [
      [
        0.7147845372240766,
        -0.6991998590667978,
        -0.014234550443630808,
        41.87808545981602
      ],
      [
        0.6986840569169046,
        0.7148458648138734,
        -0.028913287060466013,
        -41.48496876379613
      ],
      [
        0.030391675759949676,
        0.010721317058797787,
        0.9994805647960479,
        0.37300421591242383
      ],
      [
        0.0,
        0.0,
        0.0,
        1.0
      ]
    ],
    "location": [
      41.87808545981602,
      -41.48496876379613,
      0.37300421591242383
    ],
    "rotation": [
      0.010726477577038106,
      -0.030396356270893356,
      0.7740078968675848
    ]
  },
  {
    "label_id": "5NPFGnlHPlvOnO8ShSEMKQ",
    "size": [
      0.8121676524220011,
      0.7805203499219474,
      1.730000000000004
    ],
    "obj_class": "pedestrian",
    "point_num_in_lidar": 28,
    "speed": 0.035149698868745125,
    "if_vehicle": false,
    "motion_state": false,
    "pose": [
      [
        0.11293314003048362,
        0.9935006207630284,
        -0.014234550443630808,
        18.99673579976684
      ],
      [
        -0.9932322923287152,
        0.11248837854109424,
        -0.028913287060466013,
        -7.198914134760344
      ],
      [
        -0.027124147144207175,
        0.017403483463737338,
        0.9994805647960479,
        0.6999489610770553
      ],
      [
        0.0,
        0.0,
        0.0,
        1.0
      ]
    ],
    "location": [
      18.99673579976684,
      -7.198914134760344,
      0.6999489610770553
    ],
    "rotation": [
      0.017410768660162668,
      0.02712747420584946,
      -1.4575799080363956
    ]
  },
  {
    "label_id": "8415ITLZq7pCywDUJPu8KA",
    "size": [
      0.32219009176373403,
      0.07212168484898601,
      0.45000000000000284
    ],
    "obj_class": "sign",
    "point_num_in_lidar": 207,
    "speed": 0.047878840246213014,
    "if_vehicle": false,
    "motion_state": false,
    "pose": [
      [
        0.746787723190288,
        -0.6649101248032949,
        -0.014234550443630808,
        26.56525976077637
      ],
      [
        0.6643920141357788,
        0.7468247943018245,
        -0.028913287060466013,
        17.839312915381015
      ],
      [
        0.02985545251489147,
        0.012134766174271415,
        0.9994805647960479,
        0.6701305369430628
      ],
      [
        0.0,
        0.0,
        0.0,
        1.0
      ]
    ],
    "location": [
      26.56525976077637,
      17.839312915381015,
      0.6701305369430628
    ],
    "rotation": [
      0.012140476173369162,
      -0.029859889561388665,
      0.7270765583123566
    ]
  },
  {
    "label_id": "84Lqx5iF0YcPmp7YrZ-ckQ",
    "size": [
      0.9098280519334874,
      2.2932305098907504,
      1.9400000000000048
    ],
    "obj_class": "cyclist",
    "point_num_in_lidar": 193,
    "speed": 3.849573898878561,
    "if_vehicle": false,
    "motion_state": true,
    "pose": [
      [
        0.681131936907499,
        0.73202230983646,
        -0.014234550443630808,
        37.49832698956925
      ],
      [
        -0.7320707374936801,
        0.6806147641190415,
        -0.028913287060466013,
        -9.743491463015744
      ],
      [
        -0.011476925986434582,
        0.03011446105901754,
        0.9994805647960479,
        0.4890280131462603
      ],
      [
        0.0,
        0.0,
        0.0,
        1.0
      ]
    ],
    "location": [
      37.49832698956925,
      -9.743491463015744,
      0.4890280131462603
    ],
    "rotation": [
      0.03012099905368829,
      0.011477177957827031,
      -0.8214275016921733
    ]
  },
  {
    "label_id": "85uBJst9qDEgGqROl5Cd7Q",
    "size": [
      0.8022303777202723,
      0.8140143943259737,
      1.7800000000000047
    ],
    "obj_class": "pedestrian",
    "point_num_in_lidar": 93,
    "speed": 1.099898924254155,
    "if_vehicle": false,
    "motion_state": true,
    "pose": [
      [
        -0.9812048931022472,
        0.19244307035036426,
        -0.014234550443630808,
        55.40127180063223
      ],
      [
        -0.19197817554329444,
        -0.9809731912475627,
        -0.028913287060466013,
        5.9695414543548395
      ],
      [
        -0.01952787411050046,
        -0.025637135715551908,
        0.9994805647960479,
        0.34127762294532893
      ],
      [
        0.0,
        0.0,
        0.0,
        1.0
      ]
    ],
    "location": [
      55.40127180063223,
      5.9695414543548395,
      0.34127762294532893
    ],
    "rotation": [
      -0.02564483614726038,
      0.019529115443171766,
      -2.948377925469758
    ]
  },
  {
    "label_id": "8liQcwOY32Ie_jBorjI25A",
    "size": [
      0.6996892479829716,
      0.605680209401072,
      1.8000000000000043
    ],
    "obj_class": "pedestrian",
    "point_num_in_lidar": 24,
    "speed": 0.0232616126053358,
    "if_vehicle": false,
    "motion_state": false,
    "pose": [
      [
        -0.5352444798760551,
        -0.8445772459259596,
        -0.014234550443630808,
        55.818321854128726
      ],
      [
        0.8445299527892066,
        -0.5347272021070365,
        -0.028913287060466013,
        -40.97370664305163
      ],
      [
        0.01680790302422089,
        -0.02749718150832131,
        0.9994805647960479,
        0.5222025075168073
      ],
      [
        0.0,
        0.0,
        0.0,
        1.0
      ]
    ],
    "location": [
      55.818321854128726,
      -40.97370664305163,
      0.5222025075168073
    ],
    "rotation": [
      -0.027504534114810318,
      -0.01680869451264449,
      2.135683003110559
    ]
  },
  {
    "label_id": "AmKB-ON3t3pW_Psu2V_a9Q",
    "size": [
      0.8998468438684001,
      1.986590630496192,
      1.8800000000000043
    ],
    "obj_class": "cyclist",
    "point_num_in_lidar": 363,
    "speed": 3.299885455444257,
    "if_vehicle": false,
    "motion_state": true,
    "pose": [
      [
        0.9874046913114922,
        0.1575733262634395,
        -0.014234550443630808,
        27.44683380619813
      ],
      [
        -0.15792986108385929,
        0.9870269402652554,
        -0.028913287060466013,
        -4.000622052444669
      ],
      [
        0.009493921955101054,
        0.03079717585889381,
        0.9994805647960479,
        0.4755982364171025
      ],
      [
        0.0,
        0.0,
        0.0,
        1.0
      ]
    ],
    "location": [
      27.44683380619813,
      -4.000622052444669,
      0.4755982364171025
    ],
    "rotation": [
      0.030803434981276672,
      -0.009494064582623179,
      -0.15860105959533785
    ]
  },
  {
    "label_id": "AssUze2EisIVcSNjArZ5Tw",
    "size": [
      2.1996433954192214,
      4.514666635837244,
      1.7200000000000042
    ],
    "obj_class": "vehicle",
    "point_num_in_lidar": 1118,
    "speed": 2.22217131097827,
    "if_vehicle": true,
    "motion_state": true,
    "pose": [
      [
        0.9743651445676994,
        -0.22452158610083264,
        -0.014234550443630808,
        22.56450087244616
      ],
      [
        0.22404934194012624,
        0.9741488152266857,
        -0.028913287060466013,
        -2.3423404127352114
      ],
      [
        0.020358227520151956,
        0.02498285746688935,
        0.9994805647960479,
        0.539843814010279
      ],
      [
        0.0,
        0.0,
        0.0,
        1.0
      ]
    ],
    "location": [
      22.56450087244616,
      -2.3423404127352114,
      0.539843814010279
    ],
    "rotation": [
      0.024990637402877235,
      -0.02035963405226284,
      0.22601512598279955
    ]
  },
  {
    "label_id": "FKpMaGA7mEI_RyDC9rQY9w",
    "size": [
      0.8758197377390833,
      1.06300575053586,
      1.6900000000000048
    ],
    "obj_class": "pedestrian",
    "point_num_in_lidar": 81,
    "speed": 1.1378640128535122,
    "if_vehicle": false,
    "motion_state": true,
    "pose": [
      [
        -0.6612813645900691,
        -0.7500028896074757,
        -0.014234550443630808,
        31.81431979321769
      ],
      [
        0.7500374481238123,
        -0.6607630802665041,
        -0.028913287060466013,
        -16.985878916300862
      ],
      [
        0.012279383446057526,
        -0.029796263812059888,
        0.9994805647960479,
        0.5890785735375346
      ],
      [
        0.0,
        0.0,
        0.0,
        1.0
      ]
    ],
    "location": [
      31.81431979321769,
      -16.985878916300862,
      0.5890785735375346
    ],
    "rotation": [
      -0.029802922155352365,
      -0.01227969205457116,
      2.2933884469044634
    ]
  },
  {
    "label_id": "FMi4U9gxkhTFUbbBDtAt1A",
    "size": [
      0.8554988774293554,
      0.8710757786887844,
      1.67
    ],
    "obj_class": "pedestrian",
    "point_num_in_lidar": 22,
    "speed": 1.764595814181727,
    "if_vehicle": false,
    "motion_state": true,
    "pose": [
      [
        0.7072277696885502,
        0.7068424572385466,
        -0.014234550443630808,
        83.10347146841195
      ],
      [
        -0.7069096061885558,
        0.7067126930441394,
        -0.028913287060466013,
        -33.14445625695771
      ],
      [
        -0.010377401394372291,
        0.03051081997051638,
        0.9994805647960479,
        -0.1307985502417477
      ],
      [
        0.0,
        0.0,
        0.0,
        1.0
      ]
    ],
    "location": [
      83.10347146841195,
      -33.14445625695771,
      -0.1307985502417477
    ],
    "rotation": [
      0.03051719952004227,
      0.010377587661253499,
      -0.7851731757123385
    ]
  },
  {
    "label_id": "GA9VFoDQfpirZyRlTbw_vw",
    "size": [
      0.9550321821779966,
      0.8012139048495799,
      1.650000000000004
    ],
    "obj_class": "pedestrian",
    "point_num_in_lidar": 27,
    "speed": 1.3634753679386769,
    "if_vehicle": false,
    "motion_state": true,
    "pose": [
      [
        0.02729366681458871,
        0.9995261043742089,
        -0.014234550443630808,
        74.46693344747678
      ],
      [
        -0.9992206130235037,
        0.02687356210651091,
        -0.028913287060466013,
        -15.250991229699139
      ],
      [
        -0.02851705210479564,
        0.01501260584394168,
        0.9994805647960479,
        0.3838862817438766
      ],
      [
        0.0,
        0.0,
        0.0,
        1.0
      ]
    ],
    "location": [
      74.46693344747678,
      -15.250991229699139,
      0.3838862817438766
    ],
    "rotation": [
      0.015019278527462761,
      0.02852091863685072,
      -1.5434881613115188
    ]
  },
  {
    "label_id": "GARk4cBERDW15xKILK39Ag",
    "size": [
      2.1867243240880208,
      4.489462276169078,
      1.4200000000000035
    ],
    "obj_class": "vehicle",
    "point_num_in_lidar": 863,
    "speed": 6.977574525418702,
    "if_vehicle": true,
    "motion_state": true,
    "pose": [
      [
        0.4443501414423768,
        0.8957401014657138,
        -0.014234550443630808,
        37.34642314207895
      ],
      [
        -0.8956391792474867,
        0.44384060475383236,
        -0.028913287060466013,
        6.8441690389390715
      ],
      [
        -0.01958091920794911,
        0.02559664427117256,
        0.9994805647960479,
        0.31153806820168484
      ],
      [
        0.0,
        0.0,
        0.0,
        1.0
      ]
    ],
    "location": [
      37.34642314207895,
      6.8441690389390715,
      0.31153806820168484
    ],
    "rotation": [
      0.025604350254753126,
      0.01958217068508039,
      -1.1102524866363805
    ]
  },
  {
    "label_id": "GexXyAuLWTyQ14Q-ecTXSg",
    "size": [
      2.0704672712601053,
      4.548277005176846,
      2.200000000000001
    ],
    "obj_class": "vehicle",
    "point_num_in_lidar": 20,
    "speed": 6.527421941425658,
    "if_vehicle": true,
    "motion_state": true,
    "pose": [
      [
        0.6834533696674893,
        0.7298553754435338,
        -0.014234550443630808,
        67.92869583490642
      ],
      [
        -0.7299054453726288,
        0.6829363532912446,
        -0.028913287060466013,
        -22.408579680404728
      ],
      [
        -0.0113812260121096,
        0.030150759350876407,
        0.9994805647960479,
        0.4963985407891016
      ],
      [
        0.0,
        0.0,
        0.0,
        1.0
      ]
    ],
    "location": [
      67.92869583490642,
      -22.408579680404728,
      0.4963985407891016
    ],
    "rotation": [
      0.030157283230603855,
      0.011381471732506998,
      -0.8182527790493722
    ]
  },
  {
    "label_id": "HsUEYNI6ObHDRuboWHD9cQ",
    "size": [
      2.2168637689154793,
      4.528614274927486,
      1.7100000000000044
    ],
    "obj_class": "vehicle",
    "point_num_in_lidar": 128,
    "speed": 1.5368413530728864,
    "if_vehicle": true,
    "motion_state": true,
    "pose": [
      [
        0.9920412747911096,
        -0.1251059018771608,
        -0.014234550443630808,
        15.101167937911896
      ],
      [
        0.12465788386101631,
        0.9917784197201774,
        -0.028913287060466013,
        -3.7132987489221705
      ],
      [
        0.017734742798344156,
        0.026908725217850094,
        0.9994805647960479,
        0.5651055020517131
      ],
      [
        0.0,
        0.0,
        0.0,
        1.0
      ]
    ],
    "location": [
      15.101167937911896,
      -3.7132987489221705,
      0.5651055020517131
    ],
    "rotation": [
      0.02691620783199634,
      -0.017735672588422673,
      0.12500278056422948
    ]
  },
  {
    "label_id": "IcdOSKjD1c-Sfd8R7PYS2Q",
    "size": [
      0.27430564036788085,
      0.06450355007685135,
      0.4200000000000035
    ],
    "obj_class": "sign",
    "point_num_in_lidar": 49,
    "speed": 0.03196942794349449,
    "if_vehicle": false,
    "motion_state": false,
    "pose": [
      [
        -0.18900502077976017,
        -0.9818729447814061,
        -0.014234550443630808,
        41.3204562719111
      ],
      [
        0.9816396159597948,
        -0.188540940407292,
        -0.028913287060466013,
        17.718159673442642
      ],
      [
        0.0257053787824527,
        -0.01943795505252062,
        0.9994805647960479,
        2.1416016811616014
      ],
      [
        0.0,
        0.0,
        0.0,
        1.0
      ]
    ],
    "location": [
      41.3204562719111,
      17.718159673442642,
      2.1416016811616014
    ],
    "rotation": [
      -0.01944560568802351,
      -0.025708210500051523,
      1.761008754719548
    ]
  },
  {
    "label_id": "Jk2HxwuTUNBT3gelLsf9Yg",
    "size": [
      0.28315752093460445,
      0.10268981647370673,
      0.4200000000000035
    ],
    "obj_class": "sign",
    "point_num_in_lidar": 50,
    "speed": 0.02360892575631783,
    "if_vehicle": false,
    "motion_state": false,
    "pose": [
      [
        -0.3977278707502597,
        -0.9173930010645013,
        -0.014234550443630808,
        40.43809586103043
      ],
      [
        0.917266025433936,
        -0.39722419414732163,
        -0.028913287060466013,
        23.360102460912458
      ],
      [
        0.020870539358019684,
        -0.024556489608218282,
        0.9994805647960479,
        2.1657813096944523
      ],
      [
        0.0,
        0.0,
        0.0,
        1.0
      ]
    ],
    "location": [
      40.43809586103043,
      23.360102460912458,
      2.1657813096944523
    ],
    "rotation": [
      -0.024564309804666576,
      -0.02087205478462579,
      1.9799298560559488
    ]
  },
  {
    "label_id": "K37cXi8osz3hwjBom_ZkCg",
    "size": [
      2.2992317746393667,
      4.662704021474388,
      1.5900000000000034
    ],
    "obj_class": "vehicle",
    "point_num_in_lidar": 112,
    "speed": 7.321784222822171,
    "if_vehicle": true,
    "motion_state": true,
    "pose": [
      [
        0.7249150807916658,
        0.6886911522696368,
        -0.014234550443630808,
        61.066372013488945
      ],
      [
        -0.6887713339506588,
        0.7244018714492594,
        -0.028913287060466013,
        -20.02730884796256
      ],
      [
        -0.009600790000970081,
        0.030764028122637878,
        0.9994805647960479,
        0.27827695854357515
      ],
      [
        0.0,
        0.0,
        0.0,
        1.0
      ]
    ],
    "location": [
      61.066372013488945,
      -20.02730884796256,
      0.27827695854357515
    ],
    "rotation": [
      0.0307703014428327,
      0.009600937499494469,
      -0.759836713445679
    ]
  },
  {
    "label_id": "KRXPt8SP-giewQRo-HQapw",
    "size": [
      2.117122063724578,
      4.500384774329073,
      1.5300000000000047
    ],
    "obj_class": "vehicle",
    "point_num_in_lidar": 283,
    "speed": 7.385360880098539,
    "if_vehicle": true,
    "motion_state": true,
    "pose": [
      [
        0.7055654903174363,
        0.708501740609565,
        -0.014234550443630808,
        46.92176810810224
      ],
      [
        -0.7085676794918107,
        0.7050502573653525,
        -0.028913287060466013,
        -6.467716461213058
      ],
      [
        -0.010449040755322188,
        0.030486359937959093,
        0.9994805647960479,
        0.2789476464994465
      ],
      [
        0.0,
        0.0,
        0.0,
        1.0
      ]
    ],
    "location": [
      46.92176810810224,
      -6.467716461213058,
      0.2789476464994465
    ],
    "rotation": [
      0.030492749541615526,
      0.010449230906647887,
      -0.7875211492152693
    ]
  },
  {
    "label_id": "L284BCL1HW9_uOMJUXrx9g",
    "size": [
      0.729197424227451,
      0.9899061133748079,
      1.7400000000000002
    ],
    "obj_class": "pedestrian",
    "point_num_in_lidar": 229,
    "speed": 1.297108595629333,
    "if_vehicle": false,
    "motion_state": true,
    "pose": [
      [
        0.11808212962674108,
        -0.9929018019101794,
        -0.014234550443630808,
        24.375922333833387
      ],
      [
        0.9925385655487906,
        0.11845344118981159,
        -0.028913287060466013,
        1.8736530028782
      ],
      [
        0.030394186305321008,
        -0.010714197767944099,
        0.9994805647960479,
        0.4701497126375056
      ],
      [
        0.0,
        0.0,
        0.0,
        1.0
      ]
    ],
    "location": [
      24.375922333833387,
      1.8736530028782,
      0.4701497126375056
    ],
    "rotation": [
      -0.01071935540522905,
      -0.03039886797660199,
      1.4523830850264072
    ]
  },
  {
    "label_id": "L4snb6xvhDhpmIn3mRFNkw",
    "size": [
      0.781364047873793,
      0.9730712411753827,
      1.6900000000000048
    ],
    "obj_class": "pedestrian",
    "point_num_in_lidar": 34,
    "speed": 1.555270021277025,
    "if_vehicle": false,
    "motion_state": true,
    "pose": [
      [
        0.6957155638631027,
        -0.7181763235949181,
        -0.014234550443630808,
        19.229636521506563
      ],
      [
        0.7176623580031398,
        0.6957907456532693,
        -0.028913287060466013,
        -30.434550238236625
      ],
      [
        0.030669106671342955,
        0.009899822773917141,
        0.9994805647960479,
        0.6618306204145625
      ],
      [
        0.0,
        0.0,
        0.0,
        1.0
      ]
    ],
    "location": [
      19.229636521506563,
      -30.434550238236625,
      0.6618306204145625
    ],
    "rotation": [
      0.00990464386179862,
      -0.03067391657097976,
      0.800924817769065
    ]
  },
  {
    "label_id": "OnoUS4Z95O2hC8BRQlZ8CA",
    "size": [
      0.7447044743338644,
      0.7926654886242346,
      1.7300000000000004
    ],
    "obj_class": "pedestrian",
    "point_num_in_lidar": 28,
    "speed": 1.3217260038582466,
    "if_vehicle": false,
    "motion_state": true,
    "pose": [
      [
        0.6943814421623165,
        -0.7194663232940435,
        -0.014234550443630808,
        79.8704111020736
      ],
      [
        0.7189524981236539,
        0.6944575777346782,
        -0.028913287060466013,
        -8.85885291160048
      ],
      [
        0.030687427756964664,
        0.0098428843655839,
        0.9994805647960479,
        0.301477281345381
      ],
      [
        0.0,
        0.0,
        0.0,
        1.0
      ]
    ],
    "location": [
      79.8704111020736,
      -8.85885291160048,
      0.301477281345381
    ],
    "rotation": [
      0.009847681418693941,
      -0.03069224628419269,
      0.8027815858307162
    ]
  },
  {
    "label_id": "OqejN01yv4ROhYelLwjIiA",
    "size": [
      0.921412457726056,
      0.8781961397293535,
      1.8300000000000036
    ],
    "obj_class": "pedestrian",
    "point_num_in_lidar": 27,
    "speed": 0.8726793469321398,
    "if_vehicle": false,
    "motion_state": false,
    "pose": [
      [
        0.7792371029347763,
        0.6265675661758149,
        -0.014234550443630808,
        63.81921698091355
      ],
      [
        -0.6266897951090439,
        0.778732253433453,
        -0.028913287060466013,
        -35.03756388514557
      ],
      [
        -0.007031224360038093,
        0.031450953546307434,
        0.9994805647960479,
        0.39732552931137377
      ],
      [
        0.0,
        0.0,
        0.0,
        1.0
      ]
    ],
    "location": [
      63.81921698091355,
      -35.03756388514557,
      0.39732552931137377
    ],
    "rotation": [
      0.03145691872442212,
      0.007031282296407946,
      -0.6773179639010517
    ]
  },
  {
    "label_id": "SCCn3yiJmUL7KmGhvcMJrw",
    "size": [
      2.11316550674885,
      4.519263360287109,
      1.4600000000000044
    ],
    "obj_class": "vehicle",
    "point_num_in_lidar": 2231,
    "speed": 0.018618945384455333,
    "if_vehicle": true,
    "motion_state": false,
    "pose": [
      [
        0.15960028817169292,
        0.9870790878086619,
        -0.014234550443630808,
        38.76898867704608
      ],
      [
        -0.9868320047910117,
        0.15914338236795036,
        -0.028913287060466013,
        25.54525728941553
      ],
      [
        -0.026274366513108164,
        0.018661678898428232,
        0.9994805647960479,
        0.349742485577492
      ],
      [
        0.0,
        0.0,
        0.0,
        1.0
      ]
    ],
    "location": [
      38.76898867704608,
      25.54525728941553,
      0.349742485577492
    ],
    "rotation": [
      0.018669208182295772,
      0.026277390503875165,
      -1.410454755182367
    ]
  },
  {
    "label_id": "T8tGOYNptaeRe02a602ilg",
    "size": [
      1.9845935336909726,
      4.543331189578774,
      1.3800000000000043
    ],
    "obj_class": "vehicle",
    "point_num_in_lidar": 215,
    "speed": 9.084842070411598,
    "if_vehicle": true,
    "motion_state": true,
    "pose": [
      [
        0.6768837754553253,
        0.7359522621060501,
        -0.014234550443630808,
        42.20422321121168
      ],
      [
        -0.735997695691713,
        0.6763663310424667,
        -0.028913287060466013,
        -6.768050193441013
      ],
      [
        -0.011651028359474064,
        0.030047531232031563,
        0.9994805647960479,
        0.22705661209018224
      ],
      [
        0.0,
        0.0,
        0.0,
        1.0
      ]
    ],
    "location": [
      42.20422321121168,
      -6.768050193441013,
      0.22705661209018224
    ],
    "rotation": [
      0.030054095045077053,
      0.011651291973223553,
      -0.827213039012798
    ]
  },
  {
    "label_id": "TpFYxx3z0avNbuVg7W8eeA",
    "size": [
      0.705800127748878,
      0.6680990594980467,
      2.4599999999999955
    ],
    "obj_class": "pedestrian",
    "point_num_in_lidar": 43,
    "speed": 0.026117359292824837,
    "if_vehicle": false,
    "motion_state": false,
    "pose": [
      [
        -0.7217485736218956,
        -0.6920089407286777,
        -0.014234550443630808,
        78.17272904619017
      ],
      [
        0.6920867675828887,
        -0.7212350019016186,
        -0.028913287060466013,
        -14.88744188671808
      ],
      [
        0.009741797135416522,
        -0.030719667699139776,
        0.9994805647960479,
        0.6725276350509972
      ],
      [
        0.0,
        0.0,
        0.0,
        1.0
      ]
    ],
    "location": [
      78.17272904619017,
      -14.88744188671808,
      0.6725276350509972
    ],
    "rotation": [
      -0.03072595991402827,
      -0.009741951228995384,
      2.3771710880140664
    ]
  },
  {
    "label_id": "UP8sZLs2C_NzVe6U5vB-fA",
    "size": [
      0.6654976987402612,
      1.8757865581647577,
      1.8599999999999994
    ],
    "obj_class": "cyclist",
    "point_num_in_lidar": 65,
    "speed": 0.765240870945678,
    "if_vehicle": false,
    "motion_state": false,
    "pose": [
      [
        -0.9497912379160559,
        0.31256036529213616,
        -0.014234550443630808,
        69.46968863664256
      ],
      [
        -0.31207033954315105,
        -0.9496189367366162,
        -0.028913287060466013,
        -14.077946493900527
      ],
      [
        -0.022554546222620066,
        -0.02301940571919432,
        0.9994805647960479,
        0.24589115877674494
      ],
      [
        0.0,
        0.0,
        0.0,
        1.0
      ]
    ],
    "location": [
      69.46968863664256,
      -14.077946493900527,
      0.24589115877674494
    ],
    "rotation": [
      -0.023027298035117647,
      0.022556458938519954,
      -2.8241376475347884
    ]
  },
  {
    "label_id": "UxWEjMzCLznnGNLKacZjWQ",
    "size": [
      2.192921250944684,
      4.641332200714929,
      1.650000000000004
    ],
    "obj_class": "vehicle",
    "point_num_in_lidar": 3151,
    "speed": 0.07125762393451038,
    "if_vehicle": true,
    "motion_state": false,
    "pose": [
      [
        0.15715287857764598,
        0.9874716959631943,
        -0.014234550443630808,
        39.67787970250606
      ],
      [
        -0.98722348105832,
        0.15669658668411401,
        -0.028913287060466013,
        19.39176619999853
      ],
      [
        -0.02632054714196927,
        0.0185964887309555,
        0.9994805647960479,
        0.40887856922263666
      ],
      [
        0.0,
        0.0,
        0.0,
        1.0
      ]
    ],
    "location": [
      39.67787970250606,
      19.39176619999853,
      0.40887856922263666
    ],
    "rotation": [
      0.01860400678637808,
      0.026323587109278294,
      -1.4129341341935178
    ]
  },
  {
    "label_id": "XHmyfrNXfn-G1B8qm9nmlg",
    "size": [
      0.7380993384705532,
      1.009431248642946,
      1.730000000000004
    ],
    "obj_class": "pedestrian",
    "point_num_in_lidar": 21,
    "speed": 1.3093471025845447,
    "if_vehicle": false,
    "motion_state": true,
    "pose": [
      [
        -0.8912425965431792,
        -0.453303443270222,
        -0.014234550443630808,
        63.03436887973908
      ],
      [
        0.4535266827955264,
        -0.8907735794374714,
        -0.028913287060466013,
        -0.6756478848055849
      ],
      [
        0.0004267311304133391,
        -0.032224501478153506,
        0.9994805647960479,
        0.2578042780278622
      ],
      [
        0.0,
        0.0,
        0.0,
        1.0
      ]
    ],
    "location": [
      63.03436887973908,
      -0.6756478848055849,
      0.2578042780278622
    ],
    "rotation": [
      -0.03223008410782054,
      -0.00042673114336459143,
      2.6708741941516907
    ]
  },
  {
    "label_id": "XYcCgWcSdxLbCTOwerhwSw",
    "size": [
      2.2554329162033873,
      4.692128328124129,
      1.6700000000000035
    ],
    "obj_class": "vehicle",
    "point_num_in_lidar": 33,
    "speed": 7.794919199128653,
    "if_vehicle": true,
    "motion_state": true,
    "pose": [
      [
        0.711911925000435,
        0.7021244822792057,
        -0.014234550443630808,
        78.5890718766866
      ],
      [
        -0.7021950544843566,
        0.7113973062143759,
        -0.028913287060466013,
        -32.70542381085397
      ],
      [
        -0.010174305867548153,
        0.030579144773632185,
        0.9994805647960479,
        0.4348298232474779
      ],
      [
        0.0,
        0.0,
        0.0,
        1.0
      ]
    ],
    "location": [
      78.5890718766866,
      -32.70542381085397,
      0.4348298232474779
    ],
    "rotation": [
      0.030585496045253992,
      0.010174481410480855,
      -0.7785268886416451
    ]
  },
  {
    "label_id": "XpiGYlbfqX9PRVSjXyDmzw",
    "size": [
      0.7632004074738162,
      0.9006895167681406,
      1.650000000000004
    ],
    "obj_class": "pedestrian",
    "point_num_in_lidar": 76,
    "speed": 0.005382171314100784,
    "if_vehicle": false,
    "motion_state": false,
    "pose": [
      [
        -0.993757654598001,
        0.11064854947782883,
        -0.014234550443630808,
        51.443698899991205
      ],
      [
        -0.11020440611435467,
        -0.9934883042614752,
        -0.028913287060466013,
        3.4372236524122854
      ],
      [
        -0.017341072656043843,
        -0.027164090157982282,
        0.9994805647960479,
        0.3433394241762393
      ],
      [
        0.0,
        0.0,
        0.0,
        1.0
      ]
    ],
    "location": [
      51.443698899991205,
      3.4372236524122854,
      0.3433394241762393
    ],
    "rotation": [
      -0.027171518667308527,
      0.01734194188742876,
      -3.031147271890692
    ]
  },
  {
    "label_id": "Y3qzBsEcJ7TcF7mHZA3fJA",
    "size": [
      0.8734828166193697,
      1.8485204711222172,
      1.810000000000004
    ],
    "obj_class": "cyclist",
    "point_num_in_lidar": 32,
    "speed": 6.529616625756772,
    "if_vehicle": false,
    "motion_state": true,
    "pose": [
      [
        0.6709106872876541,
        0.7414015290359706,
        -0.014234550443630808,
        48.229369439963875
      ],
      [
        -0.7414427770463305,
        0.6703928924124902,
        -0.028913287060466013,
        -20.274018428404815
      ],
      [
        -0.011893613791988292,
        0.029952337904414192,
        0.9994805647960479,
        0.40119790799156085
      ],
      [
        0.0,
        0.0,
        0.0,
        1.0
      ]
    ],
    "location": [
      48.229369439963875,
      -20.274018428404815,
      0.40119790799156085
    ],
    "rotation": [
      0.029958937975096734,
      0.011893894217739969,
      -0.8352961137046959
    ]
  },
  {
    "label_id": "cV1pIE8-C50N0na0MeSDgg",
    "size": [
      0.760231556047214,
      0.6964805910720315,
      1.9900000000000002
    ],
    "obj_class": "pedestrian",
    "point_num_in_lidar": 25,
    "speed": 7.834641503355245e-28,
    "if_vehicle": false,
    "motion_state": false,
    "pose": [
      [
        -0.9283198070484892,
        0.3715100448374489,
        -0.014234550443630808,
        70.8240254754005
      ],
      [
        -0.37101017802892516,
        -0.9281785763689574,
        -0.028913287060466013,
        -17.000579951143663
      ],
      [
        -0.023953781338253113,
        -0.021559613970856206,
        0.9994805647960479,
        0.3744746917298105
      ],
      [
        0.0,
        0.0,
        0.0,
        1.0
      ]
    ],
    "location": [
      70.8240254754005,
      -17.000579951143663,
      0.3744746917298105
    ],
    "rotation": [
      -0.02156747391162917,
      0.023956072644566704,
      -2.7613813797881863
    ]
  },
  {
    "label_id": "dcg_bNZvl9_A3DtkUBQb2Q",
    "size": [
      0.8613632582638655,
      1.957722634051767,
      1.8300000000000036
    ],
    "obj_class": "cyclist",
    "point_num_in_lidar": 35,
    "speed": 4.486356938903779,
    "if_vehicle": false,
    "motion_state": true,
    "pose": [
      [
        0.6664021872997413,
        0.74545657307169,
        -0.014234550443630808,
        62.635663370717566
      ],
      [
        -0.7454946802031589,
        0.665884151801309,
        -0.028913287060466013,
        -36.08270799525599
      ],
      [
        -0.012075038339902984,
        0.02987965936993014,
        0.9994805647960479,
        0.1886614020041577
      ],
      [
        0.0,
        0.0,
        0.0,
        1.0
      ]
    ],
    "location": [
      62.635663370717566,
      -36.08270799525599,
      0.1886614020041577
    ],
    "rotation": [
      0.02988628675727648,
      0.012075331795773305,
      -0.8413582814361787
    ]
  },
  {
    "label_id": "g-aMZnTOXOh9gB12g-RvuQ",
    "size": [
      2.1632325814076045,
      4.617442209830932,
      1.6700000000000035
    ],
    "obj_class": "vehicle",
    "point_num_in_lidar": 47,
    "speed": 6.971198084979484,
    "if_vehicle": true,
    "motion_state": true,
    "pose": [
      [
        0.7219263960392235,
        0.6918234285390209,
        -0.014234550443630808,
        74.29347701317647
      ],
      [
        -0.6919013873785604,
        0.7214128443374033,
        -0.028913287060466013,
        -32.40660807507993
      ],
      [
        -0.009733901861100562,
        0.030722170325868,
        0.9994805647960479,
        0.39374952204178726
      ],
      [
        0.0,
        0.0,
        0.0,
        1.0
      ]
    ],
    "location": [
      74.29347701317647,
      -32.40660807507993,
      0.39374952204178726
    ],
    "rotation": [
      0.030728461478016698,
      0.009734055580315273,
      -0.7641646747729801
    ]
  },
  {
    "label_id": "gcIxOcs4kfOh3psBs6LCew",
    "size": [
      1.8721789958185435,
      3.9692571457177,
      1.6100000000000048
    ],
    "obj_class": "vehicle",
    "point_num_in_lidar": 650,
    "speed": 5.854105407591221,
    "if_vehicle": true,
    "motion_state": true,
    "pose": [
      [
        0.5433530989130746,
        0.8393835758907998,
        -0.014234550443630808,
        43.333032957863225
      ],
      [
        -0.8393412664301076,
        0.5428353896890494,
        -0.028913287060466013,
        4.4275161568693875
      ],
      [
        -0.016542320546454395,
        0.02765776972048784,
        0.9994805647960479,
        0.3232388725827384
      ],
      [
        0.0,
        0.0,
        0.0,
        1.0
      ]
    ],
    "location": [
      43.333032957863225,
      4.4275161568693875,
      0.3232388725827384
    ],
    "rotation": [
      0.02766508355760246,
      0.016543075102548464,
      -0.9962816370575694
    ]
  },
  {
    "label_id": "giuMM0PU-rHPRmHgDuPX3Q",
    "size": [
      0.7673756257966167,
      1.0796500571587313,
      1.650000000000004
    ],
    "obj_class": "pedestrian",
    "point_num_in_lidar": 29,
    "speed": 1.5447405520629938,
    "if_vehicle": false,
    "motion_state": true,
    "pose": [
      [
        0.6172040563392989,
        -0.7866743483881898,
        -0.014234550443630808,
        24.179938617188554
      ],
      [
        0.7861709966936409,
        0.6173323139032059,
        -0.028913287060466013,
        -24.426791668522128
      ],
      [
        0.031532789220791294,
        0.006654607346067047,
        0.9994805647960479,
        0.5565175426996678
      ],
      [
        0.0,
        0.0,
        0.0,
        1.0
      ]
    ],
    "location": [
      24.179938617188554,
      -24.426791668522128,
      0.5565175426996678
    ],
    "rotation": [
      0.006657967398776616,
      -0.03153801715732195,
      0.9052218026757853
    ]
  },
  {
    "label_id": "i65j4SxmT9FqscP15gZf4g",
    "size": [
      0.7395612047245369,
      0.6869165521550945,
      1.730000000000004
    ],
    "obj_class": "pedestrian",
    "point_num_in_lidar": 34,
    "speed": 1.4228607195221901e-12,
    "if_vehicle": false,
    "motion_state": false,
    "pose": [
      [
        -0.9487831570878515,
        0.315607190032288,
        -0.014234550443630808,
        68.9592095360581
      ],
      [
        -0.31511661379220274,
        -0.9486124295746365,
        -0.028913287060466013,
        -15.939124670701858
      ],
      [
        -0.02262831276398593,
        -0.022946896444365036,
        0.9994805647960479,
        0.33838351797117916
      ],
      [
        0.0,
        0.0,
        0.0,
        1.0
      ]
    ],
    "location": [
      68.9592095360581,
      -15.939124670701858,
      0.33838351797117916
    ],
    "rotation": [
      -0.02295478941757815,
      0.02263024431132512,
      -2.8209280872345084
    ]
  },
  {
    "label_id": "k6puQ9PybdEgUY95DxFDLw",
    "size": [
      0.900487336429992,
      0.13316299712684823,
      0.880000000000003
    ],
    "obj_class": "sign",
    "point_num_in_lidar": 30,
    "speed": 0.0068794972050815325,
    "if_vehicle": false,
    "motion_state": false,
    "pose": [
      [
        -0.758974443302796,
        -0.6509648008816441,
        -0.014234550443630808,
        68.86064092391939
      ],
      [
        0.6510709577475496,
        -0.7584659714245904,
        -0.028913287060466013,
        -14.97923743190404
      ],
      [
        0.008025110024129303,
        -0.031212148341211644,
        0.9994805647960479,
        3.1155260666099167
      ],
      [
        0.0,
