[
  {
    "label_id": "-wC3yRQEkQtgCX6CiRTZfA",
    "size": [
      0.7905696473942806,
      0.8055608685156399,
      1.7100000000000044
    ],
    "obj_class": "pedestrian",
    "point_num_in_lidar": 23,
    "speed": 0.04167327892771321,
    "if_vehicle": false,
    "motion_state": false,
    "pose": [
      [
        -0.9446062778916863,
        -0.3278400225192117,
        0.015488686265045373,
        56.292299999301804
      ],
      [
        0.32804162264799963,
        -0.9445741638710811,
        0.012974696825567181,
        -36.24389554893969
      ],
      [
        0.01037658797879284,
        0.01733691385024336,
        0.9997958580830727,
        0.44600971069727
      ],
      [
        0.0,
        0.0,
        0.0,
        1.0
      ]
    ],
    "location": [
      56.292299999301804,
      -36.24389554893969,
      0.44600971069727
    ],
    "rotation": [
      0.01733871603580889,
      -0.010376774201875393,
      2.8073442255465904
    ]
  },
  {
    "label_id": "1hK-hL5ja_cpx_svwJHM3A",
    "size": [
      2.166743419787603,
      4.704275997152225,
      1.6600000000000037
    ],
    "obj_class": "vehicle",
    "point_num_in_lidar": 1209,
    "speed": 2.3787068340203947,
    "if_vehicle": true,
    "motion_state": true,
    "pose": [
      [
        0.9881522384291113,
        -0.15269333412208805,
        0.015488686265045373,
        12.582553725687603
      ],
      [
        0.152500167640812,
        0.9882182735164377,
        0.012974696825567181,
        -4.273412006239596
      ],
      [
        -0.017287352517400024,
        -0.010458948459167934,
        0.9997958580830727,
        0.5302689698523615
      ],
      [
        0.0,
        0.0,
        0.0,
        1.0
      ]
    ],
    "location": [
      12.582553725687603,
      -4.273412006239596,
      0.5302689698523615
    ],
    "rotation": [
      -0.010460702429570303,
      0.01728821369480344,
      0.1531206014319389
    ]
  },
  {
    "label_id": "4ZJOSWsiNfN4ChmTiuEyaw",
    "size": [
      0.9854092713222357,
      0.13388303223457954,
      0.4200000000000035
    ],
    "obj_class": "sign",
    "point_num_in_lidar": 26,
    "speed": 0.05235061789127735,
    "if_vehicle": false,
    "motion_state": false,
    "pose": [
      [
        -0.6828513176940816,
        -0.7303931670827976,
        0.015488686265045373,
        55.229231063763336
      ],
      [
        0.7305565497906089,
        -0.6827289248305847,
        0.012974696825567181,
        -33.75741975032179
      ],
      [
        0.0010979442144075386,
        0.020175150022600508,
        0.9997958580830727,
        2.3451742942102083
      ],
      [
        0.0,
        0.0,
        0.0,
        1.0
      ]
    ],
    "location": [
      55.229231063763336,
      -33.75741975032179,
      2.3451742942102083
    ],
    "rotation": [
      0.020176531107236287,
      -0.0010979444349995644,
      2.322455376082331
    ]
  },
  {
    "label_id": "4rNwARFbwg8i6YohNYeuyQ",
    "size": [
      0.7903563748366541,
      0.7137609645760534,
      1.7200000000000042
    ],
    "obj_class": "pedestrian",
    "point_num_in_lidar": 40,
    "speed": 0.045261597829431024,
    "if_vehicle": false,
    "motion_state": false,
    "pose": [
      [
        -0.8431314086210324,
        0.5374844447930532,
        0.015488686265045373,
        37.57543454773827
      ],
      [
        -0.5373341913012711,
        -0.8432696034489169,
        0.012974696825567181,
        -38.01939534421217
      ],
      [
        0.020034836044317664,
        0.002616773702424035,
        0.9997958580830727,
        0.6461131798251856
      ],
      [
        0.0,
        0.0,
        0.0,
        1.0
      ]
    ],
    "location": [
      37.57543454773827,
      -38.01939534421217,
      0.6461131798251856
    ],
    "rotation": [
      0.002617302028272486,
      -0.020036176599157723,
      -2.5741917279365976
    ]
  },
  {
    "label_id": "5NPFGnlHPlvOnO8ShSEMKQ",
    "size": [
      0.8121676524219991,
      0.7805203499219474,
      1.730000000000004
    ],
    "obj_class": "pedestrian",
    "point_num_in_lidar": 223,
    "speed": 0.047485048305081524,
    "if_vehicle": false,
    "motion_state": false,
    "pose": [
      [
        0.11293103468130113,
        0.9934820994882564,
        0.015488686265045373,
        18.997146319158674
      ],
      [
        -0.9935403326145288,
        0.1127353747077468,
        0.012974696825567181,
        -7.019996117727715
      ],
      [
        0.011144006192667477,
        -0.016853880440722755,
        0.9997958580830727,
        0.6705212186142049
      ],
      [
        0.0,
        0.0,
        0.0,
        1.0
      ]
    ],
    "location": [
      18.997146319158674,
      -7.019996117727715,
      0.6705212186142049
    ],
    "rotation": [
      -0.016855725221144143,
      -0.011144236865822403,
      -1.4576168029587806
    ]
  },
  {
    "label_id": "6xyQYh3CyL43cP6r_sQMWw",
    "size": [
      0.8118255771759201,
      0.8368263542432286,
      2.020000000000005
    ],
    "obj_class": "pedestrian",
    "point_num_in_lidar": 29,
    "speed": 0.0344300888941507,
    "if_vehicle": false,
    "motion_state": false,
    "pose": [
      [
        0.7314056298692072,
        -0.6817667527779653,
        0.015488686265045373,
        68.51826519494603
      ],
      [
        0.6816441176094828,
        0.7315688307812697,
        0.012974696825567181,
        -40.231308862570586
      ],
      [
        -0.020176757024302668,
        0.0010680055780010024,
        0.9997958580830727,
        0.3836191178616666
      ],
      [
        0.0,
        0.0,
        0.0,
        1.0
      ]
    ],
    "location": [
      68.51826519494603,
      -40.231308862570586,
      0.3836191178616666
    ],
    "rotation": [
      0.0010682232409070372,
      0.020178126273247055,
      0.7501970268803728
    ]
  },
  {
    "label_id": "7zRc0M_V6kWZiiTMJvEU4Q",
    "size": [
      0.9750323162861709,
      1.1262346547427113,
      1.8000000000000043
    ],
    "obj_class": "pedestrian",
    "point_num_in_lidar": 56,
    "speed": 1.301638088493257,
    "if_vehicle": false,
    "motion_state": true,
    "pose": [
      [
        -0.9963657764299662,
        0.08375762745501841,
        0.015488686265045373,
        -19.126544555599594
      ],
      [
        -0.08356034441778588,
        -0.9964182485698792,
        0.012974696825567181,
        0.704404335381696
      ],
      [
        0.01651993946392252,
        0.01163330391766344,
        0.9997958580830727,
        1.2245523890071546
      ],
      [
        0.0,
        0.0,
        0.0,
        1.0
      ]
    ],
    "location": [
      -19.126544555599594,
      0.704404335381696,
      1.2245523890071546
    ],
    "rotation": [
      0.011635154175734243,
      -0.01652069096125755,
      -3.0579233168362085
    ]
  },
  {
    "label_id": "84Lqx5iF0YcPmp7YrZ-ckQ",
    "size": [
      0.9098280519341715,
      2.2932305098907504,
      1.9400000000000048
    ],
    "obj_class": "cyclist",
    "point_num_in_lidar": 40,
    "speed": 3.137932277432336,
    "if_vehicle": false,
    "motion_state": true,
    "pose": [
      [
        0.519987695163067,
        0.8540333116903487,
        0.015488686265045373,
        48.96658282496742
      ],
      [
        -0.8541683794282334,
        0.5198346244982436,
        0.012974696825567181,
        -25.57239223436227
      ],
      [
        0.003029267889556429,
        -0.01997662874425238,
        0.9997958580830727,
        0.5252721189617766
      ],
      [
        0.0,
        0.0,
        0.0,
        1.0
      ]
    ],
    "location": [
      48.96658282496742,
      -25.57239223436227,
      0.5252721189617766
    ],
    "rotation": [
      -0.01997804932378418,
      -0.0030292725225701564,
      -1.0239569885469573
    ]
  },
  {
    "label_id": "8V4foKFdLBczw0yCOtZanw",
    "size": [
      2.2119740933892587,
      4.43889582269016,
      1.5800000000000036
    ],
    "obj_class": "vehicle",
    "point_num_in_lidar": 378,
    "speed": 2.0328884617817846,
    "if_vehicle": true,
    "motion_state": true,
    "pose": [
      [
        0.9858801397957243,
        -0.1667346711219534,
        0.015488686265045373,
        3.042288979728255
      ],
      [
        0.16654246355685484,
        0.9859489160573676,
        0.012974696825567181,
        -5.66125781707342
      ],
      [
        -0.01743438524229212,
        -0.010211971952357436,
        0.9997958580830727,
        0.6641146135920497
      ],
      [
        0.0,
        0.0,
        0.0,
        1.0
      ]
    ],
    "location": [
      3.042288979728255,
      -5.66125781707342,
      0.6641146135920497
    ],
    "rotation": [
      -0.010213701891265782,
      0.01743526858265279,
      0.16734779095676175
    ]
  },
  {
    "label_id": "8liQcwOY32Ie_jBorjI25A",
    "size": [
      0.6996892479831851,
      0.605680209401072,
      1.8000000000000043
    ],
    "obj_class": "pedestrian",
    "point_num_in_lidar": 27,
    "speed": 0.00879001970195154,
    "if_vehicle": false,
    "motion_state": false,
    "pose": [
      [
        -0.5173189638304068,
        -0.8556524938660655,
        0.015488686265045373,
        55.77202842931115
      ],
      [
        0.8557870830760944,
        -0.5171654722450004,
        0.012974696825567181,
        -40.87892901685518
      ],
      [
        -0.00309161794923584,
        0.01996707435726003,
        0.9997958580830727,
        0.6258625252949983
      ],
      [
        0.0,
        0.0,
        0.0,
        1.0
      ]
    ],
    "location": [
      55.77202842931115,
      -40.87892901685518,
      0.6258625252949983
    ],
    "rotation": [
      0.019968496797761345,
      0.003091622874256739,
      2.1145143788402136
    ]
  },
  {
    "label_id": "AmKB-ON3t3pW_Psu2V_a9Q",
    "size": [
      0.8998468438684513,
      1.986590630496192,
      1.8800000000000043
    ],
    "obj_class": "cyclist",
    "point_num_in_lidar": 169,
    "speed": 3.493499956482222,
    "if_vehicle": false,
    "motion_state": true,
    "pose": [
      [
        0.5347823293298921,
        0.8448478921286824,
        0.015488686265045373,
        40.01284929673761
      ],
      [
        -0.8449856051982786,
        0.5346316341650421,
        0.012974696825567181,
        -15.168098479683977
      ],
      [
        0.00268090361513829,
        -0.020026355528121605,
        0.9997958580830727,
        0.4361002711155315
      ],
      [
        0.0,
        0.0,
        0.0,
        1.0
      ]
    ],
    "location": [
      40.01284929673761,
      -15.168098479683977,
      0.4361002711155315
    ],
    "rotation": [
      -0.020027766363130486,
      -0.0026809068265335,
      -1.0065439278162023
    ]
  },
  {
    "label_id": "AssUze2EisIVcSNjArZ5Tw",
    "size": [
      2.1996433954188004,
      4.514666635837244,
      1.7200000000000042
    ],
    "obj_class": "vehicle",
    "point_num_in_lidar": 1038,
    "speed": 6.338250349023069,
    "if_vehicle": true,
    "motion_state": true,
    "pose": [
      [
        0.7818049889207351,
        0.6233306184493362,
        0.015488686265045373,
        38.76080334735548
      ],
      [
        -0.6235100625523249,
        0.7817076558012467,
        0.012974696825567181,
        -6.300975276126337
      ],
      [
        -0.004020098835216155,
        -0.01980103444993422,
        0.9997958580830727,
        0.3698438140102631
      ],
      [
        0.0,
        0.0,
        0.0,
        1.0
      ]
    ],
    "location": [
      38.76080334735548,
      -6.300975276126337,
      0.3698438140102631
    ],
    "rotation": [
      -0.01980248865057076,
      0.004020109663561532,
      -0.6732307849353891
    ]
  },
  {
    "label_id": "FKpMaGA7mEI_RyDC9rQY9w",
    "size": [
      0.8758197377380236,
      1.06300575053586,
      1.6900000000000048
    ],
    "obj_class": "pedestrian",
    "point_num_in_lidar": 299,
    "speed": 1.2523108750010594,
    "if_vehicle": false,
    "motion_state": true,
    "pose": [
      [
        -0.40996202265992177,
        -0.9119710744175874,
        0.015488686265045373,
        29.083263996900314
      ],
      [
        0.9120860981855253,
        -0.4097933707845806,
        0.012974696825567181,
        -12.138173303173971
      ],
      [
        -0.005485387250677184,
        0.01944614837551376,
        0.9997958580830727,
        0.5782992865071339
      ],
      [
        0.0,
        0.0,
        0.0,
        1.0
      ]
    ],
    "location": [
      29.083263996900314,
      -12.138173303173971,
      0.5782992865071339
    ],
    "rotation": [
      0.01944766681044658,
      0.005485414759785194,
      1.9932155137642396
    ]
  },
  {
    "label_id": "GrK6mrV6VkUOh1nnhsA3qA",
    "size": [
      0.7759055552805906,
      0.7686219955496099,
      1.8600000000000048
    ],
    "obj_class": "pedestrian",
    "point_num_in_lidar": 31,
    "speed": 0.04824108147169132,
    "if_vehicle": false,
    "motion_state": false,
    "pose": [
      [
        -0.7221964630349753,
        0.6915145474807848,
        0.015488686265045373,
        35.705233367028086
      ],
      [
        -0.6913941120801056,
        -0.7223612939680855,
        0.012974696825567181,
        -51.44490772482277
      ],
      [
        0.020160619056316356,
        -0.0013385063311326319,
        0.9997958580830727,
        0.7002511730738146
      ],
      [
        0.0,
        0.0,
        0.0,
        1.0
      ]
    ],
    "location": [
      35.705233367028086,
      -51.44490772482277,
      0.7002511730738146
    ],
    "rotation": [
      -0.001338778832328578,
      -0.02016198502199002,
      -2.3779811926440244
    ]
  },
  {
    "label_id": "HsUEYNI6ObHDRuboWHD9cQ",
    "size": [
      2.216863768914936,
      4.528614274927486,
      1.7100000000000044
    ],
    "obj_class": "vehicle",
    "point_num_in_lidar": 6909,
    "speed": 1.479815745908062,
    "if_vehicle": true,
    "motion_state": true,
    "pose": [
      [
        0.9871376762607373,
        -0.15912042202160778,
        0.015488686265045373,
        23.422381695638023
      ],
      [
        0.15892768934833965,
        0.9872049669651597,
        0.012974696825567181,
        -2.5029370497377386
      ],
      [
        -0.017355047247104505,
        -0.010346230955432927,
        0.9997958580830727,
        0.44510550205172095
      ],
      [
        0.0,
        0.0,
        0.0,
        1.0
      ]
    ],
    "location": [
      23.422381695638023,
      -2.5029370497377386,
      0.44510550205172095
    ],
    "rotation": [
      -0.010347974114638621,
      0.01735591858182712,
      0.1596286908138401
    ]
  },
  {
    "label_id": "HtZusIAJ8dF6ertTZFuI_A",
    "size": [
      0.8100600019965795,
      0.09693712044314179,
      0.7800000000000029
    ],
    "obj_class": "sign",
    "point_num_in_lidar": 121,
    "speed": 0.029744557693275584,
    "if_vehicle": false,
    "motion_state": false,
    "pose": [
      [
        -0.9988780641432942,
        -0.04475168791373123,
        0.015488686265045373,
        21.209681966862036
      ],
      [
        0.044954072216580786,
        -0.9989047945792587,
        0.012974696825567181,
        -6.136763252914534
      ],
      [
        0.01489108338877467,
        0.013656419568867503,
        0.9997958580830727,
        2.3491877411884463
      ],
      [
        0.0,
        0.0,
        0.0,
        1.0
      ]
    ],
    "location": [
      21.209681966862036,
      -6.136763252914534,
      2.3491877411884463
    ],
    "rotation": [
      0.013658358596664203,
      -0.014891633779334246,
      3.0966184365115796
    ]
  },
  {
    "label_id": "JwXiJQrToIoWPhyl6DfSpw",
    "size": [
      0.9396957875944871,
      2.2487845134696376,
      1.900000000000004
    ],
    "obj_class": "cyclist",
    "point_num_in_lidar": 21,
    "speed": 3.8489910399833276,
    "if_vehicle": false,
    "motion_state": true,
    "pose": [
      [
        0.6965687928070274,
        -0.7173228126061121,
        0.015488686265045373,
        39.10731247621925
      ],
      [
        0.7172084516638073,
        0.6967378948387181,
        0.012974696825567181,
        -38.476418573396586
      ],
      [
        -0.020098600681752524,
        0.002070847789637169,
        0.9997958580830727,
        0.6356725590564132
      ],
      [
        0.0,
        0.0,
        0.0,
        1.0
      ]
    ],
    "location": [
      39.10731247621925,
      -38.476418573396586,
      0.6356725590564132
    ],
    "rotation": [
      0.002071267660771371,
      0.020099954078636743,
      0.7999960732308212
    ]
  },
  {
    "label_id": "K37cXi8osz3hwjBom_ZkCg",
    "size": [
      2.299231774641155,
      4.662704021474388,
      1.5900000000000034
    ],
    "obj_class": "vehicle",
    "point_num_in_lidar": 30,
    "speed": 4.710536851462035,
    "if_vehicle": true,
    "motion_state": true,
    "pose": [
      [
        0.7630861412689377,
        0.646111168144512,
        0.015488686265045373,
        84.6493842071709
      ],
      [
        -0.6462876643569716,
        0.7629835595491523,
        0.012974696825567181,
        -42.28489627806084
      ],
      [
        -0.003434516456956282,
        -0.019910958204950473,
        0.9997958580830727,
        0.3902922680884924
      ],
      [
        0.0,
        0.0,
        0.0,
        1.0
      ]
    ],
    "location": [
      84.6493842071709,
      -42.28489627806084,
      0.3902922680884924
    ],
    "rotation": [
      -0.019912391502044845,
      0.003434523209196122,
      -0.7027145010740237
    ]
  },
  {
    "label_id": "KRXPt8SP-giewQRo-HQapw",
    "size": [
      2.1171220637242194,
      4.500384774329073,
      1.5300000000000047
    ],
    "obj_class": "vehicle",
    "point_num_in_lidar": 112,
    "speed": 3.395049936235679,
    "if_vehicle": true,
    "motion_state": true,
    "pose": [
      [
        0.6836597578743199,
        0.7296365095449988,
        0.015488686265045373,
        68.7975528552156
      ],
      [
        -0.7298000276940856,
        0.6835375460206969,
        0.012974696825567181,
        -27.640846179290747
      ],
      [
        -0.0011202860964821726,
        -0.020173921755435083,
        0.9997958580830727,
        0.33293655494317953
      ],
      [
        0.0,
        0.0,
        0.0,
        1.0
      ]
    ],
    "location": [
      68.7975528552156,
      -27.640846179290747,
      0.33293655494317953
    ],
    "rotation": [
      -0.02017530308930089,
      0.0011202863308164572,
      -0.8180300725398273
    ]
  },
  {
    "label_id": "KxTPaWgRlBzRqeloR_TQuw",
    "size": [
      0.8591700821325726,
      1.1659696415964578,
      1.7200000000000042
    ],
    "obj_class": "pedestrian",
    "point_num_in_lidar": 121,
    "speed": 1.5107378738884156,
    "if_vehicle": false,
    "motion_state": true,
    "pose": [
      [
        0.6410787029859212,
        -0.767318836713704,
        0.015488686265045373,
        25.297994114675703
      ],
      [
        0.7672174179527305,
        0.6412558700177565,
        0.012974696825567181,
        -22.20226882662064
      ],
      [
        -0.019887940261230943,
        0.0035653880711778736,
        0.9997958580830727,
        0.5930301644952749
      ],
      [
        0.0,
        0.0,
        0.0,
        1.0
      ]
    ],
    "location": [
      25.297994114675703,
      -22.20226882662064,
      0.5930301644952749
    ],
    "rotation": [
      0.0035661009480782335,
      0.01988925154136214,
      0.8747281077576757
    ]
  },
  {
    "label_id": "Ky0iIFqK0U0nc3PmgOBHog",
    "size": [
      0.7858074742254291,
      0.774795925489014,
      1.650000000000004
    ],
    "obj_class": "pedestrian",
    "point_num_in_lidar": 24,
    "speed": 1.3617478308815254e-27,
    "if_vehicle": false,
    "motion_state": false,
    "pose": [
      [
        0.9926084952301505,
        -0.12036808461847065,
        0.015488686265045373,
        21.533913714339633
      ],
      [
        0.12017286624145153,
        0.9926681920267209,
        0.012974696825567181,
        44.07675728801769
      ],
      [
        -0.016936865596990567,
        -0.011017474469308546,
        0.9997958580830727,
        0.5750735017751101
      ],
      [
        0.0,
        0.0,
        0.0,
        1.0
      ]
    ],
    "location": [
      21.533913714339633,
      44.07675728801769,
      0.5750735017751101
    ],
    "rotation": [
      -0.011019278031839198,
      0.01693767544578569,
      0.12048137452855749
    ]
  },
  {
    "label_id": "L284BCL1HW9_uOMJUXrx9g",
    "size": [
      0.7291974242259437,
      0.9899061133748079,
      1.7400000000000002
    ],
    "obj_class": "pedestrian",
    "point_num_in_lidar": 940,
    "speed": 1.2609772200363967,
    "if_vehicle": false,
    "motion_state": true,
    "pose": [
      [
        0.100911256594531,
        -0.9947748583927398,
        0.015488686265045373,
        24.947917937862712
      ],
      [
        0.9947901534814921,
        0.10111482472196458,
        0.012974696825567181,
        8.265556134525468
      ],
      [
        -0.014473037994205887,
        0.014098699626230109,
        0.9997958580830727,
        0.5441318323797635
      ],
      [
        0.0,
        0.0,
        0.0,
        1.0
      ]
    ],
    "location": [
      24.947917937862712,
      8.265556134525468,
      0.5441318323797635
    ],
    "rotation": [
      0.01410064374014752,
      0.01447354331689247,
      1.4697023912317158
    ]
  },
  {
    "label_id": "L4snb6xvhDhpmIn3mRFNkw",
    "size": [
      0.7813640478731894,
      0.9730712411753827,
      1.6900000000000048
    ],
    "obj_class": "pedestrian",
    "point_num_in_lidar": 97,
    "speed": 1.5446901842550307,
    "if_vehicle": false,
    "motion_state": true,
    "pose": [
      [
        0.6752159955325855,
        -0.7374574292626813,
        0.015488686265045373,
        23.81502965884465
      ],
      [
        0.737348080565745,
        0.6753883811025299,
        0.012974696825567181,
        -24.57514445554625
      ],
      [
        -0.02002916530839943,
        0.002659830254207403,
        0.9997958580830727,
        0.6446734655319961
      ],
      [
        0.0,
        0.0,
        0.0,
        1.0
      ]
    ],
    "location": [
      23.81502965884465,
      -24.57514445554625,
      0.6446734655319961
    ],
    "rotation": [
      0.002660367071608345,
      0.020030504725117502,
      0.8293551515263875
    ]
  },
  {
    "label_id": "NfBUR0rONso4b1AmRWZoQw",
    "size": [
      2.1377915724780436,
      4.56232836195279,
      1.9900000000000038
    ],
    "obj_class": "vehicle",
    "point_num_in_lidar": 220,
    "speed": 5.738881717605409,
    "if_vehicle": true,
    "motion_state": true,
    "pose": [
      [
        0.7095085432573491,
        -0.7045265982506391,
        0.015488686265045373,
        26.636134045706513
      ],
      [
        0.7044091786288119,
        0.7096755359358015,
        0.012974696825567181,
        -45.62796839359726
      ],
      [
        -0.020132960743937774,
        0.0017047145260860503,
        0.9997958580830727,
        0.7553083131344671
      ],
      [
        0.0,
        0.0,
        0.0,
        1.0
      ]
    ],
    "location": [
      26.636134045706513,
      -45.62796839359726,
      0.7553083131344671
    ],
    "rotation": [
      0.0017050609484955508,
      0.020134321094741545,
      0.7817916292687014
    ]
  },
  {
    "label_id": "O2XNeS9LcyFvcLdYZisPjQ",
    "size": [
      2.057928283571138,
      4.975976130770658,
      1.5200000000000031
    ],
    "obj_class": "vehicle",
    "point_num_in_lidar": 34,
    "speed": 0.023420584062835058,
    "if_vehicle": true,
    "motion_state": false,
    "pose": [
      [
        0.9897033923173851,
        -0.1422929929168782,
        0.015488686265045373,
        -28.345370699542173
      ],
      [
        0.14209914266006737,
        0.9897673923188004,
        0.012974696825567181,
        -17.3868163926727
      ],
      [
        -0.017176405058497053,
        -0.01064017242335974,
        0.9997958580830727,
        1.1501369112119253
      ],
      [
        0.0,
        0.0,
        0.0,
        1.0
      ]
    ],
    "location": [
      -28.345370699542173,
      -17.3868163926727,
      1.1501369112119253
    ],
    "rotation": [
      -0.010641943217117596,
      0.01717724975993549,
      0.14260293711015193
    ]
  },
  {
    "label_id": "OAMynEEqx3osxUHtJS_ELg",
    "size": [
      0.8170537752817432,
      0.8340350894805498,
      1.6600000000000037
    ],
    "obj_class": "pedestrian",
    "point_num_in_lidar": 39,
    "speed": 0.4500355334669888,
    "if_vehicle": false,
    "motion_state": false,
    "pose": [
      [
        0.998357125329623,
        -0.055164761409383874,
        0.015488686265045373,
        -30.19922928827441
      ],
      [
        0.054966055438320144,
        0.9984039212622494,
        0.012974696825567181,
        -3.6152040111610404
      ],
      [
        -0.016179711156963546,
        -0.012102029036885405,
        0.9997958580830727,
        1.3150276596700845
      ],
      [
        0.0,
        0.0,
        0.0,
        1.0
      ]
    ],
    "location": [
      -30.19922928827441,
      -3.6152040111610404,
      1.3150276596700845
    ],
    "rotation": [
      -0.012103908945265598,
      0.016180417169167505,
      0.055000977893750275
    ]
  },
  {
    "label_id": "OqejN01yv4ROhYelLwjIiA",
    "size": [
      0.9214124577234919,
      0.8781961397293535,
      1.8300000000000036
    ],
    "obj_class": "pedestrian",
    "point_num_in_lidar": 39,
    "speed": 0.8567624357518129,
    "if_vehicle": false,
    "motion_state": false,
    "pose": [
      [
        0.784540113458756,
        0.6198845948819065,
        0.015488686265045373,
        67.1724926500774
      ],
      [
        -0.6200644655194689,
        0.7844435708464567,
        0.012974696825567181,
        -38.02467962677292
      ],
      [
        -0.00410718567604039,
        -0.01978315409015754,
        0.9997958580830727,
        0.3986681938325116
      ],
      [
        0.0,
        0.0,
        0.0,
        1.0
      ]
    ],
    "location": [
      67.1724926500774,
      -38.02467962677292,
      0.3986681938325116
    ],
    "rotation": [
      -0.019784611645683802,
      0.004107197223462898,
      -0.6688315354697042
    ]
  },
  {
    "label_id": "PZVkiiiTmHjez6OdHRP2IA",
    "size": [
      2.144554483971814,
      4.5633007576846065,
      1.4700000000000042
    ],
    "obj_class": "vehicle",
    "point_num_in_lidar": 49,
    "speed": 1.2631579716109511,
    "if_vehicle": true,
    "motion_state": true,
    "pose": [
      [
        0.9888630719897976,
        -0.14802001706756837,
        0.015488686265045373,
        -6.255986646146084
      ],
      [
        0.1478265405560212,
        0.9889281931209786,
        0.012974696825567181,
        -7.420965966208314
      ],
      [
        -0.017237713367476017,
        -0.01054055965274742,
        0.9997958580830727,
        0.8197584215264584
      ],
      [
        0.0,
        0.0,
        0.0,
        1.0
      ]
    ],
    "location": [
      -6.255986646146084,
      -7.420965966208314,
      0.8197584215264584
    ],
    "rotation": [
      -0.010542321285039583,
      0.01723856714711059,
      0.14839251757027225
    ]
  },
  {
    "label_id": "QmpdBgxGLSxvyzQXu1z3-Q",
    "size": [
      0.9145604087965272,
      1.0514743018973143,
      1.8600000000000048
    ],
    "obj_class": "pedestrian",
    "point_num_in_lidar": 60,
    "speed": 1.4935752936897402,
    "if_vehicle": false,
    "motion_state": true,
    "pose": [
      [
        -0.9892570245015211,
        0.14536381968075743,
        0.015488686265045373,
        -5.029197971726035
      ],
      [
        -0.1451701689793892,
        -0.9893216258026406,
        0.012974696825567181,
        -16.47270257161108
      ],
      [
        0.017209343767045963,
        0.01058681477310454,
        0.9997958580830727,
        1.1474502630320487
      ],
      [
        0.0,
        0.0,
        0.0,
        1.0
      ]
    ],
    "location": [
      -5.029197971726035,
      -16.47270257161108,
      1.1474502630320487
    ],
    "rotation": [
      0.010588580685661821,
      -0.017210193337823063,
      -2.9958859603923984
    ]
  },
  {
    "label_id": "T8tGOYNptaeRe02a602ilg",
    "size": [
      1.9845935336933516,
      4.543331189578774,
      1.3800000000000043
    ],
    "obj_class": "vehicle",
    "point_num_in_lidar": 51,
    "speed": 5.443895068112487,
    "if_vehicle": true,
    "motion_state": true,
    "pose": [
      [
        0.7261214969230075,
        0.6873919350007489,
        0.015488686265045373,
        69.3296702329526
      ],
      [
        -0.6875624774291057,
        0.7260092953081488,
        0.012974696825567181,
        -32.30594806472436
      ],
      [
        -0.0023262282435598967,
        -0.020070645781619795,
        0.9997958580830727,
        0.19846997452204995
      ],
      [
        0.0,
        0.0,
        0.0,
        1.0
      ]
    ],
    "location": [
      69.3296702329526,
      -32.30594806472436,
      0.19846997452204995
    ],
    "rotation": [
      -0.020072047854087914,
      0.002326230341566159,
      -0.758129366136516
    ]
  },
  {
    "label_id": "ThO25XBwVviv8REsVZ30cA",
    "size": [
      0.8459990681884222,
      0.9383425052869193,
      1.8400000000000034
    ],
    "obj_class": "pedestrian",
    "point_num_in_lidar": 49,
    "speed": 1.2118040201689786,
    "if_vehicle": false,
    "motion_state": true,
    "pose": [
      [
        -0.7431646452360823,
        -0.6689293016970559,
        0.015488686265045373,
        59.35466055217512
      ],
      [
        0.6691026096197877,
        -0.743056764347297,
        0.012974696825567181,
        -36.590731412554305
      ],
      [
        0.0028298182128373723,
        0.02000585636294238,
        0.9997958580830727,
        0.4320909814021636
      ],
      [
        0.0,
        0.0,
        0.0,
        1.0
      ]
    ],
    "location": [
      59.35466055217512,
      -36.590731412554305,
      0.4320909814021636
    ],
    "rotation": [
      0.020007271226975723,
      -0.002829821989654238,
      2.408588435527506
    ]
  },
  {
    "label_id": "UhG6nfOxoXzKOzJFMQXGyg",
    "size": [
      2.4255564837587467,
      5.253257967382423,
      1.7800000000000047
    ],
    "obj_class": "vehicle",
    "point_num_in_lidar": 27,
    "speed": 0.6067862184931543,
    "if_vehicle": true,
    "motion_state": false,
    "pose": [
      [
        0.6628692266591758,
        -0.7485749721611384,
        0.015488686265045373,
        22.583221065740645
      ],
      [
        0.7484685029094807,
        0.6630434053625186,
        0.012974696825567181,
        -60.98309100917868
      ],
      [
        -0.019982204600765517,
        0.002992266569932166,
        0.9997958580830727,
        0.5087821968295128
      ],
      [
        0.0,
        0.0,
        0.0,
        1.0
      ]
    ],
    "location": [
      22.583221065740645,
      -60.98309100917868,
      0.5087821968295128
    ],
    "rotation": [
      0.002992868605688738,
      0.019983534617175804,
      0.8459751214976485
    ]
  },
  {
    "label_id": "W_9pz6y0uZhT8Gzg3NsiGA",
    "size": [
      2.1572539104067756,
      4.864886469337955,
      1.480000000000004
    ],
    "obj_class": "vehicle",
    "point_num_in_lidar": 305,
    "speed": 0.02021082522737093,
    "if_vehicle": true,
    "motion_state": false,
    "pose": [
      [
        0.9878714811048248,
        -0.15449931202935108,
        0.015488686265045373,
        2.242828233875798
      ],
      [
        0.154306266575613,
        0.9879378691687957,
        0.012974696825567181,
        -11.559440710640047
      ],
      [
        -0.01730644143825245,
        -0.010427331618238993,
        0.9997958580830727,
        0.6295697145420149
      ],
      [
        0.0,
        0.0,
        0.0,
        1.0
      ]
    ],
    "location": [
      2.242828233875798,
      -11.559440710640047,
      0.6295697145420149
    ],
    "rotation": [
      -0.010429082582846349,
      0.017307305471833977,
      0.15494866561932427
    ]
  },
  {
    "label_id": "X9L6pHOLLqFEva_gxG7HmA",
    "size": [
      3.7889503618310156,
      13.641193063657227,
      3.6499999999999693
    ],
    "obj_class": "vehicle",
    "point_num_in_lidar": 126,
    "speed": 0.033256086506164746,
    "if_vehicle": true,
    "motion_state": false,
    "pose": [
      [
        0.707889343650762,
        -0.7061535086250557,
        0.015488686265045373,
        13.421945498568675
      ],
      [
        0.7060364726654785,
        0.7080566054408175,
        0.012974696825567181,
        -70.42643710873745
      ],
      [
        -0.020128994306286476,
        0.0017509277968765042,
        0.9997958580830727,
        1.8614726753468105
      ],
      [
        0.0,
        0.0,
        0.0,
        1.0
      ]
    ],
    "location": [
      13.421945498568675,
      -70.42643710873745,
      1.8614726753468105
    ],
    "rotation": [
      0.0017512835172221028,
      0.020130353853134043,
      0.7840877198768053
    ]
  },
  {
    "label_id": "XpXpbE64O8frRdwvgKrmSA",
    "size": [
      0.3125653711221472,
      0.09840957330842284,
      0.6000000000000032
    ],
    "obj_class": "sign",
    "point_num_in_lidar": 32,
    "speed": 0.00983361170572046,
    "if_vehicle": false,
    "motion_state": false,
    "pose": [
      [
        0.9989283284662305,
        -0.04361530907199446,
        0.015488686265045373,
        11.333918319396616
      ],
      [
        0.04341607520535845,
        0.9989728232820185,
        0.012974696825567181,
        3.5332973397235037
      ],
      [
        -0.016038672059284338,
        -0.012288334244604519,
        0.9997958580830727,
        2.3782411526115173
      ],
      [
        0.0,
        0.0,
        0.0,
        1.0
      ]
    ],
    "location": [
      11.333918319396616,
      3.5332973397235037,
      2.3782411526115173
    ],
    "rotation": [
      -0.012290224472294437,
      0.016039359767558856,
      0.043435316853673286
    ]
  },
  {
    "label_id": "Y3qzBsEcJ7TcF7mHZA3fJA",
    "size": [
      0.8734828166195423,
      1.8485204711222172,
      1.810000000000004
    ],
    "obj_class": "cyclist",
    "point_num_in_lidar": 23,
    "speed": 6.611510076404977,
    "if_vehicle": false,
    "motion_state": true,
    "pose": [
      [
        0.6989577393580426,
        0.714995230186382,
        0.015488686265045373,
        69.62173116233203
      ],
      [
        -0.715161299709998,
        0.6988390176853256,
        0.012974696825567181,
        -43.375444890900326
      ],
      [
        -0.001547251951305576,
        -0.020145673762164654,
        0.9997958580830727,
        0.06393685490819756
      ],
      [
        0.0,
        0.0,
        0.0,
        1.0
      ]
    ],
    "location": [
      69.62173116233203,
      -43.375444890900326,
      0.06393685490819756
    ],
    "rotation": [
      -0.020147060811097746,
      0.00154725256865683,
      -0.7968560752210582
    ]
  },
  {
    "label_id": "YurWdc7QEzz9ED-TzDYktQ",
    "size": [
      2.426513934801704,
      5.3769130872342465,
      1.9100000000000037
    ],
    "obj_class": "vehicle",
    "point_num_in_lidar": 41,
    "speed": 0.015536539036598632,
    "if_vehicle": true,
    "motion_state": false,
    "pose": [
      [
        0.9824042584141722,
        -0.18612354404395867,
        0.015488686265045373,
        -34.50867135632552
      ],
      [
        0.18593272862680177,
        0.9824768076996406,
        0.012974696825567181,
        -18.559181629265368
      ],
      [
        -0.01763217159321351,
        -0.009866543712965687,
        0.9997958580830727,
        1.3945485825831678
      ],
      [
        0.0,
        0.0,
        0.0,
        1.0
      ]
    ],
    "location": [
      -34.50867135632552,
      -18.559181629265368,
      1.3945485825831678
    ],
    "rotation": [
      -0.009868237956917105,
      0.017633085342237998,
      0.1870504814894817
    ]
  },
  {
    "label_id": "_ZmS0R7JA9RdyheIOil2Tw",
    "size": [
      2.0638067640562636,
      4.406326390068568,
      1.8200000000000038
    ],
    "obj_class": "vehicle",
    "point_num_in_lidar": 1791,
    "speed": 0.03919220097748679,
    "if_vehicle": true,
    "motion_state": false,
    "pose": [
      [
        -0.9812333201464474,
        0.19220112390972732,
        0.015488686265045373,
        14.761521085601771
      ],
      [
        -0.19201076123309047,
        -0.9813070492017132,
        0.012974696825567181,
        2.3376884313147457
      ],
      [
        0.01769290832702476,
        0.009757210403792982,
        0.9997958580830727,
        0.5792955578808208
      ],
      [
        0.0,
        0.0,
        0.0,
        1.0
      ]
    ],
    "location": [
      14.761521085601771,
      2.3376884313147457,
      0.5792955578808208
    ],
    "rotation": [
      0.009758892855057532,
      -0.01769383155215305,
      -2.9483514003943485
    ]
  },
  {
    "label_id": "arRPinlwGJPCz9OwFoByTQ",
    "size": [
      1.0972456353941082,
      0.13447912843505266,
      1.3500000000000045
    ],
    "obj_class": "sign",
    "point_num_in_lidar": 59,
    "speed": 0.02705906790222832,
    "if_vehicle": false,
    "motion_state": false,
    "pose": [
      [
        -0.682851317696629,
        -0.730393167080416,
        0.015488686265045373,
        54.96261241821162
      ],
      [
        0.7305565497882278,
        -0.6827289248331326,
        0.012974696825567181,
        -33.83111588101019
      ],
      [
        0.0010979442144779018,
        0.02017515002259668,
        0.9997958580830727,
        3.230174294210258
      ],
      [
        0.0,
        0.0,
        0.0,
        1.0
      ]
    ],
    "location": [
      54.96261241821162,
      -33.83111588101019,
      3.230174294210258
    ],
    "rotation": [
      0.02017653110723246,
      -0.0010979444350699276,
      2.322455376085818
    ]
  },
  {
    "label_id": "atF-54Yn8JHAuuuCPouVRg",
    "size": [
      0.8874608762637728,
      0.15882044991512934,
      0.8800000000000034
    ],
    "obj_class": "sign",
    "point_num_in_lidar": 23,
    "speed": 0.02160869990681016,
    "if_vehicle": false,
    "motion_state": false,
    "pose": [
      [
        0.7056919628002759,
        -0.7083494577091712,
        0.015488686265045373,
        11.523425355127756
      ],
      [
        0.7082329419838869,
        0.7058595874046997,
        0.012974696825567181,
        -40.21367781933259
      ],
      [
        -0.020123457156817185,
        0.001813458571385491,
        0.9997958580830727,
        2.8436736988103632
      ],
      [
        0.0,
        0.0,
        0.0,
        1.0
      ]
    ],
    "location": [
      11.523425355127756,
      -40.21367781933259,
      2.8436736988103632
    ],
    "rotation": [
      0.001813826860737229,
      0.020124815581871316,
      0.7871952718857173
    ]
  },
  {
    "label_id": "cGa1URHMkxxAB6W4qYTHMw",
    "size": [
      1.2461233338901594,
      1.1367741460899659,
      1.9100000000000037
    ],
    "obj_class": "pedestrian",
    "point_num_in_lidar": 87,
    "speed": 1.6643715193972461,
    "if_vehicle": false,
    "motion_state": true,
    "pose": [
      [
        -0.9886208409533762,
        0.14962932008942054,
        0.015488686265045373,
        -10.772399564482384
      ],
      [
        -0.14943594982698494,
        -0.9886862769056681,
        0.012974696825567181,
        2.116175618279158
      ],
      [
        0.01725484662192365,
        0.010512489143218095,
        0.9997958580830727,
        1.2527129979290912
      ],
