[
  {
    "label_id": "-lGbuKX8skc2bchJBBkNgg",
    "size": [
      0.49691701119819737,
      0.059578854588236294,
      0.6000000000000032
    ],
    "obj_class": "sign",
    "point_num_in_lidar": 46,
    "speed": 0.011906167673566682,
    "if_vehicle": false,
    "motion_state": false,
    "pose": [
      [
        -0.9917178173126432,
        0.12769702978979508,
        0.013756431496258754,
        1.2308579674263456
      ],
      [
        -0.12758473060009345,
        -0.9917890180657242,
        0.008756720957533853,
        -14.190601594647887
      ],
      [
        0.014761684942737996,
        0.006929085588352538,
        0.9998670313749527,
        2.6936138747947123
      ],
      [
        0.0,
        0.0,
        0.0,
        1.0
      ]
    ],
    "location": [
      1.2308579674263456,
      -14.190601594647887,
      2.6936138747947123
    ],
    "rotation": [
      0.0069298961272015415,
      -0.014762221108570915,
      -3.013645210561751
    ]
  },
  {
    "label_id": "17uCnxYTYb0tHvESLUeCJA",
    "size": [
      0.8889410461046293,
      0.9589459079899387,
      1.650000000000004
    ],
    "obj_class": "pedestrian",
    "point_num_in_lidar": 74,
    "speed": 1.4863699707163385,
    "if_vehicle": false,
    "motion_state": true,
    "pose": [
      [
        -0.9900803232925555,
        0.1398274437347605,
        0.013756431496258754,
        -22.070726344803006
      ],
      [
        -0.13971602455402257,
        -0.990152893406312,
        0.008756720957533853,
        -0.3763626994659717
      ],
      [
        0.014845400355956892,
        0.006747863195910796,
        0.9998670313749527,
        1.2063625300138483
      ],
      [
        0.0,
        0.0,
        0.0,
        1.0
      ]
    ],
    "location": [
      -22.070726344803006,
      -0.3763626994659717,
      1.2063625300138483
    ],
    "rotation": [
      0.006748658112960522,
      -0.014845945696224085,
      -3.0014024822515357
    ]
  },
  {
    "label_id": "7EgtlAH6ywce4f682WJLHA",
    "size": [
      2.0357031085749977,
      4.55947893137863,
      1.4400000000000048
    ],
    "obj_class": "vehicle",
    "point_num_in_lidar": 36,
    "speed": 0.025363033874641776,
    "if_vehicle": true,
    "motion_state": false,
    "pose": [
      [
        0.98287564543447,
        -0.18375588753632555,
        0.013756431496258754,
        -60.547820733148
      ],
      [
        0.18364780875999973,
        0.9829531027346738,
        0.008756720957533853,
        -22.47830504938429
      ],
      [
        -0.015131026053264112,
        -0.006080429262380673,
        0.9998670313749527,
        1.6340143921773116
      ],
      [
        0.0,
        0.0,
        0.0,
        1.0
      ]
    ],
    "location": [
      -60.547820733148,
      -22.47830504938429,
      1.6340143921773116
    ],
    "rotation": [
      -0.006081162913543178,
      0.015131603482321227,
      0.18471748836636656
    ]
  },
  {
    "label_id": "7zRc0M_V6kWZiiTMJvEU4Q",
    "size": [
      0.9750323162876403,
      1.1262346547427113,
      1.8000000000000043
    ],
    "obj_class": "pedestrian",
    "point_num_in_lidar": 53,
    "speed": 1.3980961666671923,
    "if_vehicle": false,
    "motion_state": true,
    "pose": [
      [
        -0.9795959564245804,
        0.20050566762338723,
        0.013756431496258754,
        -24.531342380773367
      ],
      [
        -0.20039892669884596,
        -0.9796752472202318,
        0.008756720957533853,
        -0.002845769668056164
      ],
      [
        0.015232607608747511,
        0.005821274334482089,
        0.9998670313749527,
        1.374552389007114
      ],
      [
        0.0,
        0.0,
        0.0,
        1.0
      ]
    ],
    "location": [
      -24.531342380773367,
      -0.002845769668056164,
      1.374552389007114
    ],
    "rotation": [
      0.00582198270373432,
      -0.01523319674651496,
      -2.9398038279107785
    ]
  },
  {
    "label_id": "CWSv1DRZP1IrZmTidTdj-w",
    "size": [
      0.4422699651150706,
      0.07457283692242789,
      0.49000000000000377
    ],
    "obj_class": "sign",
    "point_num_in_lidar": 43,
    "speed": 0.02065278882371454,
    "if_vehicle": false,
    "motion_state": false,
    "pose": [
      [
        -0.9973395941620958,
        0.07158557472755916,
        0.013756431496258754,
        0.17467937367405284
      ],
      [
        -0.07146944017040811,
        -0.9974043507824699,
        0.008756720957533853,
        -14.727665092807001
      ],
      [
        0.01434757952808341,
        0.00775026006819735,
        0.9998670313749527,
        2.7341300391269776
      ],
      [
        0.0,
        0.0,
        0.0,
        1.0
      ]
    ],
    "location": [
      0.17467937367405284,
      -14.727665092807001,
      2.7341300391269776
    ],
    "rotation": [
      0.0077511355132696075,
      -0.014348071822494295,
      -3.070054854143884
    ]
  },
  {
    "label_id": "LGE6aZngIxf-g4ygRGDNeA",
    "size": [
      0.8908187372473925,
      0.9613914346561343,
      1.6300000000000043
    ],
    "obj_class": "pedestrian",
    "point_num_in_lidar": 25,
    "speed": 0.03187252523134762,
    "if_vehicle": false,
    "motion_state": false,
    "pose": [
      [
        0.5486575325541935,
        -0.8359340120870983,
        0.013756431496258754,
        -43.99665438266038
      ],
      [
        0.8359149551794198,
        0.5487891284869447,
        0.008756720957533853,
        -7.165976413913086
      ],
      [
        -0.01486942093468065,
        0.00669476590379778,
        0.9998670313749527,
        1.5015708866182162
      ],
      [
        0.0,
        0.0,
        0.0,
        1.0
      ]
    ],
    "location": [
      -43.99665438266038,
      -7.165976413913086,
      1.5015708866182162
    ],
    "rotation": [
      0.006695556159222772,
      0.014869968926570536,
      0.9899661058980922
    ]
  },
  {
    "label_id": "NMF9Nrf43a912J1uRSKvAA",
    "size": [
      0.9757377133145565,
      0.9462817931777863,
      1.6100000000000048
    ],
    "obj_class": "pedestrian",
    "point_num_in_lidar": 37,
    "speed": 1.2820442303005455,
    "if_vehicle": false,
    "motion_state": true,
    "pose": [
      [
        -0.9898307447913254,
        0.1415833932999875,
        0.013756431496258754,
        -37.42830651962845
      ],
      [
        -0.14147210301683183,
        -0.9899035124223303,
        0.008756720957533853,
        -2.0597660460643965
      ],
      [
        0.014857346123892477,
        0.006721520333542834,
        0.9998670313749527,
        1.4735554641515272
      ],
      [
        0.0,
        0.0,
        0.0,
        1.0
      ]
    ],
    "location": [
      -37.42830651962845,
      -2.0597660460643965,
      1.4735554641515272
    ],
    "rotation": [
      0.006722312942585384,
      -0.014857892781776629,
      -2.9996285612112694
    ]
  },
  {
    "label_id": "O2XNeS9LcyFvcLdYZisPjQ",
    "size": [
      2.0579282835711368,
      4.975976130770658,
      1.5200000000000031
    ],
    "obj_class": "vehicle",
    "point_num_in_lidar": 152,
    "speed": 0.023420584061240347,
    "if_vehicle": true,
    "motion_state": false,
    "pose": [
      [
        0.9897284671995724,
        -0.14229659801721803,
        0.013756431496258754,
        -28.294525649295565
      ],
      [
        0.1421853601970626,
        0.9898013150040281,
        0.008756720957533853,
        -17.305200535580298
      ],
      [
        -0.014862185586802891,
        -0.006710812843672586,
        0.9998670313749527,
        1.1501369112119324
      ],
      [
        0.0,
        0.0,
        0.0,
        1.0
      ]
    ],
    "location": [
      -28.294525649295565,
      -17.305200535580298,
      1.1501369112119324
    ],
    "rotation": [
      -0.006711604511918215,
      0.014862732779082845,
      0.1426847248775843
    ]
  },
  {
    "label_id": "OAMynEEqx3osxUHtJS_ELg",
    "size": [
      0.8170537752794805,
      0.8340350894805498,
      1.6600000000000037
    ],
    "obj_class": "pedestrian",
    "point_num_in_lidar": 69,
    "speed": 0.24038328073498916,
    "if_vehicle": false,
    "motion_state": false,
    "pose": [
      [
        0.9193612257206693,
        0.3931738765913593,
        0.013756431496258754,
        -29.9165671274352
      ],
      [
        -0.39330677332822794,
        0.919365597513965,
        0.008756720957533853,
        -3.5661266806437197
      ],
      [
        -0.009204275937115473,
        -0.013461087397116534,
        0.9998670313749527,
        1.3150276596700614
      ],
      [
        0.0,
        0.0,
        0.0,
        1.0
      ]
    ],
    "location": [
      -29.9165671274352,
      -3.5661266806437197,
      1.3150276596700614
    ],
    "rotation": [
      -0.013462064247856636,
      0.009204405904445443,
      -0.4042435955824884
    ]
  },
  {
    "label_id": "P1UuB38YkU4_aXx-wiuAlA",
    "size": [
      0.32199353441771617,
      0.13156426811666824,
      0.44000000000000306
    ],
    "obj_class": "sign",
    "point_num_in_lidar": 25,
    "speed": 0.010144591858369762,
    "if_vehicle": false,
    "motion_state": false,
    "pose": [
      [
        0.8616734874888323,
        0.5072766124623942,
        0.013756431496258754,
        -9.635975411223626
      ],
      [
        -0.5074089806134445,
        0.8616608649758308,
        0.008756720957533853,
        0.32293067250429885
      ],
      [
        -0.007411298918430855,
        -0.01452557116884008,
        0.9998670313749527,
        2.905486971066587
      ],
      [
        0.0,
        0.0,
        0.0,
        1.0
      ]
    ],
    "location": [
      -9.635975411223626,
      0.32293067250429885,
      2.905486971066587
    ],
    "rotation": [
      -0.014526480998530966,
      0.007411366767278232,
      -0.5321914408979393
    ]
  },
  {
    "label_id": "PZVkiiiTmHjez6OdHRP2IA",
    "size": [
      2.14455448397335,
      4.5633007576846065,
      1.4700000000000042
    ],
    "obj_class": "vehicle",
    "point_num_in_lidar": 4598,
    "speed": 1.83631206632065,
    "if_vehicle": true,
    "motion_state": true,
    "pose": [
      [
        0.987367409840234,
        -0.15784916400753002,
        0.013756431496258754,
        3.5059221574929325
      ],
      [
        0.15773908597778852,
        0.9874419985968612,
        0.008756720957533853,
        -5.927044961075808
      ],
      [
        -0.014965919292820493,
        -0.006476173959997978,
        0.9998670313749527,
        0.7172575127442791
      ],
      [
        0.0,
        0.0,
        0.0,
        1.0
      ]
    ],
    "location": [
      3.5059221574929325,
      -5.927044961075808,
      0.7172575127442791
    ],
    "rotation": [
      -0.0064769446299151245,
      0.014966478023762112,
      0.1584185465518864
    ]
  },
  {
    "label_id": "QmpdBgxGLSxvyzQXu1z3-Q",
    "size": [
      0.9145604087951962,
      1.0514743018973143,
      1.8600000000000048
    ],
    "obj_class": "pedestrian",
    "point_num_in_lidar": 196,
    "speed": 1.3401713205944878,
    "if_vehicle": false,
    "motion_state": true,
    "pose": [
      [
        -0.9870776452612611,
        0.15965112845818782,
        0.013756431496258754,
        -10.894062985697474
      ],
      [
        -0.15954118675759296,
        -0.9871524348174656,
        0.008756720957533853,
        -17.198891070658647
      ],
      [
        0.014977715228395245,
        0.0064488460965098,
        0.9998670313749527,
        1.1774481692837266
      ],
      [
        0.0,
        0.0,
        0.0,
        1.0
      ]
    ],
    "location": [
      -10.894062985697474,
      -17.198891070658647,
      1.1774481692837266
    ],
    "rotation": [
      0.006449614273926552,
      -0.014978275281620044,
      -2.9813486540602065
    ]
  },
  {
    "label_id": "W_9pz6y0uZhT8Gzg3NsiGA",
    "size": [
      2.157253910406776,
      4.864886469337955,
      1.480000000000004
    ],
    "obj_class": "vehicle",
    "point_num_in_lidar": 2607,
    "speed": 0.06713766308619432,
    "if_vehicle": true,
    "motion_state": false,
    "pose": [
      [
        0.9878965095741598,
        -0.15450322638599198,
        0.013756431496258754,
        2.192348065222859
      ],
      [
        0.15439289629401654,
        0.9879707249772216,
        0.008756720957533853,
        -11.451785565403043
      ],
      [
        -0.014943893238959062,
        -0.0065268387678849675,
        0.9998670313749527,
        0.6485691264922906
      ],
      [
        0.0,
        0.0,
        0.0,
        1.0
      ]
    ],
    "location": [
      2.192348065222859,
      -11.451785565403043,
      0.6485691264922906
    ],
    "rotation": [
      -0.006527614033172684,
      0.014944449506432115,
      0.15503040396578716
    ]
  },
  {
    "label_id": "YurWdc7QEzz9ED-TzDYktQ",
    "size": [
      2.426513934801706,
      5.3769130872342465,
      1.9100000000000037
    ],
    "obj_class": "vehicle",
    "point_num_in_lidar": 152,
    "speed": 0.015536539038661226,
    "if_vehicle": true,
    "motion_state": false,
    "pose": [
      [
        0.9824291483672948,
        -0.18612825962438023,
        0.013756431496258754,
        -34.46950382215937
      ],
      [
        0.1860203681643225,
        0.9825068663709591,
        0.008756720957533853,
        -18.50883411576433
      ],
      [
        -0.015145661633678068,
        -0.0060438814612386906,
        0.9998670313749527,
        1.3978534244166365
      ],
      [
        0.0,
        0.0,
        0.0,
        1.0
      ]
    ],
    "location": [
      -34.46950382215937,
      -18.50883411576433,
      1.3978534244166365
    ],
    "rotation": [
      -0.006044611595656392,
      0.015146240740037597,
      0.1871319731019351
    ]
  },
  {
    "label_id": "bY1X4-breOuP-79CNrGS-w",
    "size": [
      0.8784205207562575,
      0.9302074121880761,
      1.650000000000004
    ],
    "obj_class": "pedestrian",
    "point_num_in_lidar": 48,
    "speed": 1.1254540778123407,
    "if_vehicle": false,
    "motion_state": true,
    "pose": [
      [
        -0.9884965582149348,
        0.15061644993066634,
        0.013756431496258754,
        -21.721293935560652
      ],
      [
        -0.15050582878906194,
        -0.9885703390950941,
        0.008756720957533853,
        1.0001040984425345
      ],
      [
        0.014918106372652165,
        0.0065855654042464235,
        0.9998670313749527,
        1.156245717931153
      ],
      [
        0.0,
        0.0,
        0.0,
        1.0
      ]
    ],
    "location": [
      -21.721293935560652,
      1.0001040984425345,
      1.156245717931153
    ],
    "rotation": [
      0.006586345954164004,
      -0.014918659765249448,
      -2.9904958003596063
    ]
  },
  {
    "label_id": "cGa1URHMkxxAB6W4qYTHMw",
    "size": [
      1.246123333889564,
      1.1367741460899659,
      1.9100000000000037
    ],
    "obj_class": "pedestrian",
    "point_num_in_lidar": 182,
    "speed": 1.7096230122144571,
    "if_vehicle": false,
    "motion_state": true,
    "pose": [
      [
        -0.9889110961742315,
        0.1478702284300958,
        0.013756431496258754,
        -17.219499379427134
      ],
      [
        -0.1477594027820048,
        -0.9889845695093412,
        0.008756720957533853,
        1.228298222842568
      ],
      [
        0.014899756809601346,
        0.006626976418707915,
        0.9998670313749527,
        1.2768191108130846
      ],
      [
        0.0,
        0.0,
        0.0,
        1.0
      ]
    ],
    "location": [
      -17.219499379427134,
      1.228298222842568,
      1.2768191108130846
    ],
    "rotation": [
      0.006627760667782038,
      -0.014900308162522385,
      -2.9932736444147774
    ]
  },
  {
    "label_id": "g_Lae-btzGAPjMp5anVtlA",
    "size": [
      1.9640719277707492,
      4.6384649418272845,
      1.400000000000004
    ],
    "obj_class": "vehicle",
    "point_num_in_lidar": 3526,
    "speed": 0.04916066977685698,
    "if_vehicle": true,
    "motion_state": false,
    "pose": [
      [
        -0.9848802818270304,
        0.17268929052143925,
        0.013756431496258754,
        8.223462370003972
      ],
      [
        -0.17258034737449768,
        -0.984956518602811,
        0.008756720957533853,
        1.5610375245305477
      ],
      [
        0.015061678804403822,
        0.0062502320782787885,
        0.9998670313749527,
        0.5246723230492822
      ],
      [
        0.0,
        0.0,
        0.0,
        1.0
      ]
    ],
    "location": [
      8.223462370003972,
      1.5610375245305477,
      0.5246723230492822
    ],
    "rotation": [
      0.006250981853726753,
      -0.015062248329982065,
      -2.9681240513685894
    ]
  },
  {
    "label_id": "idZxvTPEN4rPuuDPp1m1jQ",
    "size": [
      0.916846991427498,
      1.0720597660446636,
      1.650000000000004
    ],
    "obj_class": "pedestrian",
    "point_num_in_lidar": 42,
    "speed": 1.934236527980342,
    "if_vehicle": false,
    "motion_state": true,
    "pose": [
      [
        -0.9942854533321268,
        0.10586405378888458,
        0.013756431496258754,
        -25.76602135046528
      ],
      [
        -0.10575021644886302,
        -0.994354168070457,
        0.008756720957533853,
        -1.1208287472636584
      ],
      [
        0.014605786974543223,
        0.007251934658671164,
        0.9998670313749527,
        1.2519079784546747
      ],
      [
        0.0,
        0.0,
        0.0,
        1.0
      ]
    ],
    "location": [
      -25.76602135046528,
      -1.1208287472636584,
      1.2519079784546747
    ],
    "rotation": [
      0.007252771892216817,
      -0.014606306330755537,
      -3.0356329906791215
    ]
  },
  {
    "label_id": "llDxFjojX6EWsJwNE3HgHA",
    "size": [
      2.058374700135472,
      4.683878169405639,
      1.459999999999999
    ],
    "obj_class": "vehicle",
    "point_num_in_lidar": 5297,
    "speed": 0.024263888975900105,
    "if_vehicle": true,
    "motion_state": false,
    "pose": [
      [
        -0.9849258484789101,
        0.17242921327486205,
        0.013756431496258754,
        2.021048512795005
      ],
      [
        -0.17232025000034637,
        -0.9850020564840918,
        0.008756720957533853,
        0.3377872703822504
      ],
      [
        0.015060027819272466,
        0.0062542091044441375,
        0.9998670313749527,
        0.6642418656948763
      ],
      [
        0.0,
        0.0,
        0.0,
        1.0
      ]
    ],
    "location": [
      2.021048512795005,
      0.3377872703822504,
      0.6642418656948763
    ],
    "rotation": [
      0.006254959253263177,
      -0.015060597157572946,
      -2.968388139958456
    ]
  },
  {
    "label_id": "lmhrkJg9CBuWpz2QHHXInA",
    "size": [
      1.9856750735552897,
      4.463052041877781,
      1.7500000000000036
    ],
    "obj_class": "vehicle",
    "point_num_in_lidar": 21,
    "speed": 0.017650431834511735,
    "if_vehicle": true,
    "motion_state": false,
    "pose": [
      [
        0.9904342968514392,
        -0.137297721076804,
        0.013756431496258754,
        -51.20475561832677
      ],
      [
        0.13718611687148774,
        0.9905065820961485,
        0.008756720957533853,
        -20.95651727031145
      ],
      [
        -0.014828113774773954,
        -0.006785765345318936,
        0.9998670313749527,
        1.660405913312351
      ],
      [
        0.0,
        0.0,
        0.0,
        1.0
      ]
    ],
    "location": [
      -51.20475561832677,
      -20.95651727031145,
      1.660405913312351
    ],
    "rotation": [
      -0.0067865635666871545,
      0.014828657212084725,
      0.1376353385710032
    ]
  },
  {
    "label_id": "o0-L9qUfJleQFtgDWVc_Gg",
    "size": [
      0.8516784965925301,
      0.5598271903077685,
      1.7800000000000047
    ],
    "obj_class": "pedestrian",
    "point_num_in_lidar": 47,
    "speed": 2.8421709430404007e-13,
    "if_vehicle": false,
    "motion_state": false,
    "pose": [
      [
        -0.6281269061766618,
        -0.7779892996239884,
        0.013756431496258754,
        32.52427239946178
      ],
      [
        0.7781087652391894,
        -0.6280685227712147,
        0.008756720957533853,
        -43.56839196016335
      ],
      [
        0.001827346403704184,
        0.01620433196895947,
        0.9998670313749527,
        0.6981925251435666
      ],
      [
        0.0,
        0.0,
        0.0,
        1.0
      ]
    ],
    "location": [
      32.52427239946178,
      -43.56839196016335,
      0.6981925251435666
    ],
    "rotation": [
      0.01620506826769198,
      -0.0018273474206833378,
      2.2499413079095496
    ]
  },
  {
    "label_id": "s6kR0GUKpEmP8E_Wb7TDOg",
    "size": [
      0.9387171352719187,
      1.1357424908506306,
      1.7600000000000051
    ],
    "obj_class": "pedestrian",
    "point_num_in_lidar": 144,
    "speed": 1.1306149463100703,
    "if_vehicle": false,
    "motion_state": true,
    "pose": [
      [
        -0.973723114935681,
        0.22731928213955663,
        0.013756431496258754,
        -17.410059832664047
      ],
      [
        -0.2272147579072914,
        -0.9738053058117946,
        0.008756720957533853,
        -19.360047682665027
      ],
      [
        0.015386657502056268,
        0.005400957355301753,
        0.9998670313749527,
        1.3125379653277083
      ],
      [
        0.0,
        0.0,
        0.0,
        1.0
      ]
    ],
    "location": [
      -17.410059832664047,
      -19.360047682665027,
      1.3125379653277083
    ],
    "rotation": [
      0.005401623072724215,
      -0.015387264696630909,
      -2.912348353251059
    ]
  },
  {
    "label_id": "vFt_3_EsR1rNFG8rGPQh6w",
    "size": [
      2.324482656582568,
      4.583314384500328,
      1.5100000000000033
    ],
    "obj_class": "vehicle",
    "point_num_in_lidar": 215,
    "speed": 2.929642751054232e-13,
    "if_vehicle": true,
    "motion_state": false,
    "pose": [
      [
        0.7500431766830614,
        -0.6612457891765138,
        0.013756431496258754,
        37.151637481097396
      ],
      [
        0.6611926368108451,
        0.7501650597469824,
        0.008756720957533853,
        -45.59967441457593
      ],
      [
        -0.016109939115459212,
        0.002527732409803253,
        0.9998670313749527,
        0.3649874888196809
      ],
      [
        0.0,
        0.0,
        0.0,
        1.0
      ]
    ],
    "location": [
      37.151637481097396,
      -45.59967441457593,
      0.3649874888196809
    ],
    "rotation": [
      0.0025280631778859955,
      0.01611063603264202,
      0.7225217683296816
    ]
  },
  {
    "label_id": "zVM5dN-2y4cd8zrNhglfhw",
    "size": [
      2.084118512297091,
      4.555342182430781,
      1.7400000000000002
    ],
    "obj_class": "vehicle",
    "point_num_in_lidar": 130,
    "speed": 0.7344388675613217,
    "if_vehicle": true,
    "motion_state": false,
    "pose": [
      [
        0.9941404637813123,
        -0.10721706424429979,
        0.013756431496258754,
        -41.1205313960113
      ],
      [
        0.1071033205225714,
        0.9942093333755779,
        0.008756720957533853,
        -18.697130629532694
      ],
      [
        -0.014615642500995535,
        -0.007232051142135643,
        0.9998670313749527,
        1.5222017416692974
      ],
      [
        0.0,
        0.0,
        0.0,
        1.0
      ]
    ],
    "location": [
      -41.1205313960113,
      -18.697130629532694,
      1.5222017416692974
    ],
    "rotation": [
      -0.007232886774627946,
      0.014616162909320666,
      0.10732065824022861
    ]
  },
  {
    "label_id": "zVVJtTwvTo5uy6ml0zAS_w",
    "size": [
      0.9175988781052835,
      0.9965206057023652,
      1.7600000000000033
    ],
    "obj_class": "pedestrian",
    "point_num_in_lidar": 70,
    "speed": 1.2658643423171427,
    "if_vehicle": false,
    "motion_state": true,
    "pose": [
      [
        -0.9843957828116705,
        0.1754300526565712,
        0.013756431496258754,
        -29.763873481305836
      ],
      [
        -0.17532132213804547,
        -0.9844723225372257,
        0.008756720957533853,
        -19.998524188071315
      ],
      [
        0.015079018083625165,
        0.006208283424029363,
        0.9998670313749527,
        1.4293264460238913
      ],
      [
        0.0,
        0.0,
        0.0,
        1.0
      ]
    ],
    "location": [
      -29.763873481305836,
      -19.998524188071315,
      1.4293264460238913
    ],
    "rotation": [
      0.006209029249234104,
      -0.015079589578547771,
      -2.9653402685277985
    ]
  }
]