[
  {
    "label_id": "-wC3yRQEkQtgCX6CiRTZfA",
    "size": [
      0.7905696473934807,
      0.8055608685156399,
      1.7100000000000044
    ],
    "obj_class": "pedestrian",
    "point_num_in_lidar": 21,
    "speed": 0.04167327997537566,
    "if_vehicle": false,
    "motion_state": false,
    "pose": [
      [
        -0.9482769606569179,
        -0.3169610807404841,
        0.01750654686402819,
        56.28445466399671
      ],
      [
        0.31716835888532713,
        -0.9483095970393493,
        0.010636742220025839,
        -36.240935908497704
      ],
      [
        0.01323019309255973,
        0.015639100322310116,
        0.9997901682512398,
        0.44600971069725226
      ],
      [
        0.0,
        0.0,
        0.0,
        1.0
      ]
    ],
    "location": [
      56.28445466399671,
      -36.240935908497704,
      0.44600971069725226
    ],
    "rotation": [
      0.015641106963799393,
      -0.013230579087407721,
      2.81882118975211
    ]
  },
  {
    "label_id": "17uCnxYTYb0tHvESLUeCJA",
    "size": [
      0.8889410461076078,
      0.9589459079899387,
      1.650000000000004
    ],
    "obj_class": "pedestrian",
    "point_num_in_lidar": 44,
    "speed": 1.6098891085257918,
    "if_vehicle": false,
    "motion_state": true,
    "pose": [
      [
        -0.964353173919207,
        0.2640387789110703,
        0.01750654686402819,
        -16.29679374404145
      ],
      [
        -0.2638846756151098,
        -0.964495587180394,
        0.010636742220025839,
        1.0843080590384488
      ],
      [
        0.019693499624489408,
        0.005637866679687555,
        0.9997901682512398,
        1.2013617939541632
      ],
      [
        0.0,
        0.0,
        0.0,
        1.0
      ]
    ],
    "location": [
      -16.29679374404145,
      1.0843080590384488,
      1.2013617939541632
    ],
    "rotation": [
      0.005638990160704599,
      -0.019694772814589902,
      -2.874492157169315
    ]
  },
  {
    "label_id": "1hK-hL5ja_cpx_svwJHM3A",
    "size": [
      2.166743419789604,
      4.704275997152225,
      1.6600000000000037
    ],
    "obj_class": "vehicle",
    "point_num_in_lidar": 1458,
    "speed": 2.3831451371814385,
    "if_vehicle": true,
    "motion_state": true,
    "pose": [
      [
        0.9878602984894083,
        -0.15435527683015843,
        0.01750654686402819,
        13.060790409800347
      ],
      [
        0.15418619098989467,
        0.9879845536358209,
        0.010636742220025839,
        -4.200339076140153
      ],
      [
        -0.018938035179104598,
        -0.007808347566079026,
        0.9997901682512398,
        0.5302689698523544
      ],
      [
        0.0,
        0.0,
        0.0,
        1.0
      ]
    ],
    "location": [
      13.060790409800347,
      -4.200339076140153,
      0.5302689698523544
    ],
    "rotation": [
      -0.007809827562635934,
      0.01893916738029589,
      0.15483173343977022
    ]
  },
  {
    "label_id": "4ZJOSWsiNfN4ChmTiuEyaw",
    "size": [
      0.9854092713222349,
      0.13388303223457954,
      0.4200000000000035
    ],
    "obj_class": "sign",
    "point_num_in_lidar": 27,
    "speed": 0.05152543562706255,
    "if_vehicle": false,
    "motion_state": false,
    "pose": [
      [
        -0.6828285798152397,
        -0.730368846134883,
        0.01750654686402819,
        55.23377044392623
      ],
      [
        0.7305666463346904,
        -0.6827585480814049,
        0.010636742220025839,
        -33.744321255251634
      ],
      [
        0.0041839993769284935,
        0.020052770815315212,
        0.9997901682512398,
        2.3451742942101976
      ],
      [
        0.0,
        0.0,
        0.0,
        1.0
      ]
    ],
    "location": [
      55.23377044392623,
      -33.744321255251634,
      2.3451742942101976
    ],
    "rotation": [
      0.020054290531937285,
      -0.004184011584436123,
      2.322431870117668
    ]
  },
  {
    "label_id": "59EwjXaFuOsab_KR3nEvxw",
    "size": [
      2.0519264429260207,
      4.555598149819266,
      1.6700000000000035
    ],
    "obj_class": "vehicle",
    "point_num_in_lidar": 129,
    "speed": 5.695433295429594e-13,
    "if_vehicle": true,
    "motion_state": false,
    "pose": [
      [
        0.7147474111356092,
        -0.6991635424504353,
        0.01750654686402819,
        41.878085459817385
      ],
      [
        0.699097999733055,
        0.7149467438097652,
        0.010636742220025839,
        -41.48496876379795
      ],
      [
        -0.01995307104647539,
        0.0046362079301947925,
        0.9997901682512398,
        0.3730042159124398
      ],
      [
        0.0,
        0.0,
        0.0,
        1.0
      ]
    ],
    "location": [
      41.878085459817385,
      -41.48496876379795,
      0.3730042159124398
    ],
    "rotation": [
      0.004637147719954676,
      0.01995439525327773,
      0.774329929042342
    ]
  },
  {
    "label_id": "5NPFGnlHPlvOnO8ShSEMKQ",
    "size": [
      0.8121676524219984,
      0.7805203499219474,
      1.730000000000004
    ],
    "obj_class": "pedestrian",
    "point_num_in_lidar": 278,
    "speed": 0.04748504949540661,
    "if_vehicle": false,
    "motion_state": false,
    "pose": [
      [
        0.11292727425480853,
        0.9934490180911533,
        0.01750654686402819,
        18.993328764308444
      ],
      [
        -0.9935660967563787,
        0.11275314226769309,
        0.010636742220025839,
        -7.011237519314818
      ],
      [
        0.008593142944997578,
        -0.018595089741233677,
        0.9997901682512398,
        0.6763145929209298
      ],
      [
        0.0,
        0.0,
        0.0,
        1.0
      ]
    ],
    "location": [
      18.993328764308444,
      -7.011237519314818,
      0.6763145929209298
    ],
    "rotation": [
      -0.018596848241914533,
      -0.00859324870447346,
      -1.4576234493234608
    ]
  },
  {
    "label_id": "6xyQYh3CyL43cP6r_sQMWw",
    "size": [
      0.8118255771759169,
      0.8368263542432286,
      2.020000000000005
    ],
    "obj_class": "pedestrian",
    "point_num_in_lidar": 27,
    "speed": 0.04076052422082974,
    "if_vehicle": false,
    "motion_state": false,
    "pose": [
      [
        0.7313812752078563,
        -0.6817440510134485,
        0.01750654686402819,
        68.51204161946725
      ],
      [
        0.6816737258456796,
        0.7315789712714641,
        0.010636742220025839,
        -40.22392489262711
      ],
      [
        -0.020058957275967623,
        0.004154238938554353,
        0.9997901682512398,
        0.3921113329462784
      ],
      [
        0.0,
        0.0,
        0.0,
        1.0
      ]
    ],
    "location": [
      68.51204161946725,
      -40.22392489262711,
      0.3921113329462784
    ],
    "rotation": [
      0.004155086900382437,
      0.02006030267916661,
      0.7502352992126973
    ]
  },
  {
    "label_id": "7zRc0M_V6kWZiiTMJvEU4Q",
    "size": [
      0.9750323162878554,
      1.1262346547427113,
      1.8000000000000043
    ],
    "obj_class": "pedestrian",
    "point_num_in_lidar": 50,
    "speed": 1.2288442630587926,
    "if_vehicle": false,
    "motion_state": true,
    "pose": [
      [
        -0.9963996054899951,
        0.08295388475701267,
        0.01750654686402819,
        -19.327833207337335
      ],
      [
        -0.08277630542553617,
        -0.9965113862746592,
        0.010636742220025839,
        0.684046249367384
      ],
      [
        0.018327832372665095,
        0.009149318481569262,
        0.9997901682512398,
        1.2245523890071475
      ],
      [
        0.0,
        0.0,
        0.0,
        1.0
      ]
    ],
    "location": [
      -19.327833207337335,
      0.684046249367384,
      1.2245523890071475
    ],
    "rotation": [
      0.009150983257478379,
      -0.018328858609781094,
      -3.058707572038417
    ]
  },
  {
    "label_id": "84Lqx5iF0YcPmp7YrZ-ckQ",
    "size": [
      0.9098280519321057,
      2.2932305098907504,
      1.9400000000000048
    ],
    "obj_class": "cyclist",
    "point_num_in_lidar": 43,
    "speed": 2.932721533522121,
    "if_vehicle": false,
    "motion_state": true,
    "pose": [
      [
        0.5412812554064436,
        0.8406593384733925,
        0.01750654686402819,
        49.308201544846725
      ],
      [
        -0.8408414352545425,
        0.5411769955144303,
        0.010636742220025839,
        -26.103142808789926
      ],
      [
        -0.0005322637555084212,
        -0.020477699173790682,
        0.9997901682512398,
        0.52527211896175
      ],
      [
        0.0,
        0.0,
        0.0,
        1.0
      ]
    ],
    "location": [
      49.308201544846725,
      -26.103142808789926,
      0.52527211896175
    ],
    "rotation": [
      -0.020479133518546907,
      0.0005322637806405621,
      -0.9988360948649354
    ]
  },
  {
    "label_id": "8V4foKFdLBczw0yCOtZanw",
    "size": [
      2.211974093390442,
      4.43889582269016,
      1.5800000000000036
    ],
    "obj_class": "vehicle",
    "point_num_in_lidar": 432,
    "speed": 2.061013157459308,
    "if_vehicle": true,
    "motion_state": true,
    "pose": [
      [
        0.9864435578789406,
        -0.16316441994514191,
        0.01750654686402819,
        3.454183128420027
      ],
      [
        0.16299644964283777,
        0.986569316935599,
        0.010636742220025839,
        -5.596895548294924
      ],
      [
        -0.019006959855981862,
        -0.007639040855420881,
        0.9997901682512398,
        0.6622954921572308
      ],
      [
        0.0,
        0.0,
        0.0,
        1.0
      ]
    ],
    "location": [
      3.454183128420027,
      -5.596895548294924,
      0.6622954921572308
    ],
    "rotation": [
      -0.00764049542482901,
      0.019008104465450586,
      0.1637568111113462
    ]
  },
  {
    "label_id": "8liQcwOY32Ie_jBorjI25A",
    "size": [
      0.6996892479844866,
      0.605680209401072,
      1.8000000000000043
    ],
    "obj_class": "pedestrian",
    "point_num_in_lidar": 24,
    "speed": 0.008295713719889655,
    "if_vehicle": false,
    "motion_state": false,
    "pose": [
      [
        -0.5184518360660763,
        -0.8549276077520317,
        0.01750654686402819,
        55.77345813924035
      ],
      [
        0.8551068315181516,
        -0.5183427113463948,
        0.010636742220025839,
        -40.87796255993271
      ],
      [
        -1.9253612628629043e-05,
        0.02048460635345713,
        0.9997901682512398,
        0.6276620853902788
      ],
      [
        0.0,
        0.0,
        0.0,
        1.0
      ]
    ],
    "location": [
      55.77345813924035,
      -40.87796255993271,
      0.6276620853902788
    ],
    "rotation": [
      0.020486039249847314,
      1.92536126298186e-05,
      2.115835789997282
    ]
  },
  {
    "label_id": "AmKB-ON3t3pW_Psu2V_a9Q",
    "size": [
      0.8998468438694232,
      1.986590630496192,
      1.8800000000000043
    ],
    "obj_class": "cyclist",
    "point_num_in_lidar": 166,
    "speed": 3.4233272387954576,
    "if_vehicle": false,
    "motion_state": true,
    "pose": [
      [
        0.5368313082304788,
        0.8435079533237669,
        0.01750654686402819,
        40.39786187130403
      ],
      [
        -0.8436894966102491,
        0.536726087519965,
        0.010636742220025839,
        -15.773549303863547
      ],
      [
        -0.0004240437442682657,
        -0.02048022595238252,
        0.9997901682512398,
        0.4420985638789343
      ],
      [
        0.0,
        0.0,
        0.0,
        1.0
      ]
    ],
    "location": [
      40.39786187130403,
      -15.773549303863547,
      0.4420985638789343
    ],
    "rotation": [
      -0.020481659767525355,
      0.00042404375697636986,
      -1.0041194228640444
    ]
  },
  {
    "label_id": "FKpMaGA7mEI_RyDC9rQY9w",
    "size": [
      0.8758197377367274,
      1.06300575053586,
      1.6900000000000048
    ],
    "obj_class": "pedestrian",
    "point_num_in_lidar": 309,
    "speed": 1.2407592923711495,
    "if_vehicle": false,
    "motion_state": true,
    "pose": [
      [
        -0.4110302947100845,
        -0.9114535740494074,
        0.01750654686402819,
        28.97900448243945
      ],
      [
        0.9116182532002003,
        -0.41090025571561783,
        0.010636742220025839,
        -11.908459351318015
      ],
      [
        -0.0025014521295581493,
        0.020331310961205246,
        0.9997901682512398,
        0.5853605143380705
      ],
      [
        0.0,
        0.0,
        0.0,
        1.0
      ]
    ],
    "location": [
      28.97900448243945,
      -11.908459351318015,
      0.5853605143380705
    ],
    "rotation": [
      0.020332775543700846,
      0.0025014547382727027,
      1.9943816899845028
    ]
  },
  {
    "label_id": "GpOaV2-NWHwc6MJRZBp45A",
    "size": [
      0.8710197687492796,
      1.1460911671396543,
      1.7800000000000047
    ],
    "obj_class": "pedestrian",
    "point_num_in_lidar": 20,
    "speed": 1.447827887711411,
    "if_vehicle": false,
    "motion_state": true,
    "pose": [
      [
        -0.9900511805054003,
        0.13961440039179632,
        0.01750654686402819,
        -47.864045352723
      ],
      [
        -0.1394434813519135,
        -0.9901729016810161,
        0.010636742220025839,
        -4.159954875625772
      ],
      [
        0.018819550693940503,
        0.008089745350497701,
        0.9997901682512398,
        1.7956358597452287
      ],
      [
        0.0,
        0.0,
        0.0,
        1.0
      ]
    ],
    "location": [
      -47.864045352723,
      -4.159954875625772,
      1.7956358597452287
    ],
    "rotation": [
      0.008091266612928492,
      -0.01882066177495873,
      -3.0016683265744937
    ]
  },
  {
    "label_id": "GrK6mrV6VkUOh1nnhsA3qA",
    "size": [
      0.7759055552805962,
      0.7686219955496099,
      1.8600000000000048
    ],
    "obj_class": "pedestrian",
    "point_num_in_lidar": 37,
    "speed": 0.04965795616678026,
    "if_vehicle": false,
    "motion_state": false,
    "pose": [
      [
        -0.7221724150244523,
        0.6914915211299757,
        0.01750654686402819,
        35.71568738897054
      ],
      [
        -0.6914238536507499,
        -0.7223710364609665,
        0.010636742220025839,
        -51.442856021958505
      ],
      [
        0.020001439460613633,
        -0.004422882279815208,
        0.9997901682512398,
        0.7002511730738128
      ],
      [
        0.0,
        0.0,
        0.0,
        1.0
      ]
    ],
    "location": [
      35.71568738897054,
      -51.442856021958505,
      0.7002511730738128
    ],
    "rotation": [
      -0.004423781677917269,
      -0.020002773322003377,
      -2.3779430713614453
    ]
  },
  {
    "label_id": "HsUEYNI6ObHDRuboWHD9cQ",
    "size": [
      2.216863768915945,
      4.528614274927486,
      1.7100000000000044
    ],
    "obj_class": "vehicle",
    "point_num_in_lidar": 7125,
    "speed": 1.439292998079253,
    "if_vehicle": true,
    "motion_state": true,
    "pose": [
      [
        0.9869584939182878,
        -0.1600201615404834,
        0.01750654686402819,
        23.704188455746817
      ],
      [
        0.15985179134351996,
        0.987083717077337,
        0.010636742220025839,
        -2.458738867946522
      ],
      [
        -0.01898252056004656,
        -0.00769957020521958,
        0.9997901682512398,
        0.4451055020517316
      ],
      [
        0.0,
        0.0,
        0.0,
        1.0
      ]
    ],
    "location": [
      23.704188455746817,
      -2.458738867946522,
      0.4451055020517316
    ],
    "rotation": [
      -0.00770103391599143,
      0.018983660759470396,
      0.16056969513794872
    ]
  },
  {
    "label_id": "HtZusIAJ8dF6ertTZFuI_A",
    "size": [
      0.8100600019965798,
      0.09693712044314179,
      0.7800000000000029
    ],
    "obj_class": "sign",
    "point_num_in_lidar": 94,
    "speed": 0.029744558440001116,
    "if_vehicle": false,
    "motion_state": false,
    "pose": [
      [
        -0.9988448030690235,
        -0.044750197752649976,
        0.01750654686402819,
        21.204118211124296
      ],
      [
        0.04494057860611867,
        -0.9989330328452913,
        0.010636742220025839,
        -6.134557972103721
      ],
      [
        0.01701187163574179,
        0.011411209033522237,
        0.9997901682512398,
        2.3491877411884516
      ],
      [
        0.0,
        0.0,
        0.0,
        1.0
      ]
    ],
    "location": [
      21.204118211124296,
      -6.134557972103721,
      2.3491877411884516
    ],
    "rotation": [
      0.011413108390655366,
      -0.017012692292604752,
      3.09663042282574
    ]
  },
  {
    "label_id": "JwXiJQrToIoWPhyl6DfSpw",
    "size": [
      0.939695787594917,
      2.2487845134696376,
      1.900000000000004
    ],
    "obj_class": "cyclist",
    "point_num_in_lidar": 76,
    "speed": 3.7936040682162684,
    "if_vehicle": false,
    "motion_state": true,
    "pose": [
      [
        0.6955041714182729,
        -0.7183087555895996,
        0.01750654686402819,
        39.64403715418325
      ],
      [
        0.7182486482079697,
        0.6957052098858889,
        0.010636742220025839,
        -37.92638719498973
      ],
      [
        -0.01981986092801,
        0.0051761550355488885,
        0.9997901682512398,
        0.6326851014598649
      ],
      [
        0.0,
        0.0,
        0.0,
        1.0
      ]
    ],
    "location": [
      39.64403715418325,
      -37.92638719498973,
      0.6326851014598649
    ],
    "rotation": [
      0.005177195129276567,
      0.019821158786493792,
      0.801484790780072
    ]
  },
  {
    "label_id": "KxTPaWgRlBzRqeloR_TQuw",
    "size": [
      0.8591700821318343,
      1.1659696415964578,
      1.7200000000000042
    ],
    "obj_class": "pedestrian",
    "point_num_in_lidar": 119,
    "speed": 1.5432785805066984,
    "if_vehicle": false,
    "motion_state": true,
    "pose": [
      [
        0.642594375717927,
        -0.7660065202807251,
        0.01750654686402819,
        25.506604478404824
      ],
      [
        0.7659608796714479,
        0.6427991836708307,
        0.010636742220025839,
        -21.954069785973843
      ],
      [
        -0.019401007928177533,
        0.00657421930943044,
        0.9997901682512398,
        0.59303016449525
      ],
      [
        0.0,
        0.0,
        0.0,
        1.0
      ]
    ],
    "location": [
      25.506604478404824,
      -21.954069785973843,
      0.59303016449525
    ],
    "rotation": [
      0.006575504308322233,
      0.019402225221388552,
      0.8727589560110243
    ]
  },
  {
    "label_id": "L4snb6xvhDhpmIn3mRFNkw",
    "size": [
      0.7813640478720237,
      0.9730712411753827,
      1.6900000000000048
    ],
    "obj_class": "pedestrian",
    "point_num_in_lidar": 33,
    "speed": 1.5778399994812686,
    "if_vehicle": false,
    "motion_state": true,
    "pose": [
      [
        0.6818280029578238,
        -0.7313030118900395,
        0.01750654686402819,
        24.04594764980243
      ],
      [
        0.7312467082109427,
        0.6820301396900322,
        0.010636742220025839,
        -24.342945613923803
      ],
      [
        -0.019718674225366085,
        0.005549176060603832,
        0.9997901682512398,
        0.6375179131493969
      ],
      [
        0.0,
        0.0,
        0.0,
        1.0
      ]
    ],
    "location": [
      24.04594764980243,
      -24.342945613923803,
      0.6375179131493969
    ],
    "rotation": [
      0.005550283704232229,
      0.01971995230491597,
      0.8203563804464227
    ]
  },
  {
    "label_id": "NfBUR0rONso4b1AmRWZoQw",
    "size": [
      2.137791572475747,
      4.56232836195279,
      1.9900000000000038
    ],
    "obj_class": "vehicle",
    "point_num_in_lidar": 221,
    "speed": 5.588614212902664,
    "if_vehicle": true,
    "motion_state": true,
    "pose": [
      [
        0.7100673286971276,
        -0.703916123933685,
        0.01750654686402819,
        27.432891780051705
      ],
      [
        0.7038519124395451,
        0.7102670941766481,
        0.010636742220025839,
        -44.83473287612469
      ],
      [
        -0.01992169852498299,
        0.004769213356245061,
        0.9997901682512398,
        0.7553083131344742
      ],
      [
        0.0,
        0.0,
        0.0,
        1.0
      ]
    ],
    "location": [
      27.432891780051705,
      -44.83473287612469,
      0.7553083131344742
    ],
    "rotation": [
      0.0047701781171601565,
      0.01992301649464668,
      0.7810023138735274
    ]
  },
  {
    "label_id": "O2XNeS9LcyFvcLdYZisPjQ",
    "size": [
      2.0579282835711354,
      4.975976130770658,
      1.5200000000000031
    ],
    "obj_class": "vehicle",
    "point_num_in_lidar": 25,
    "speed": 0.023420584254691124,
    "if_vehicle": true,
    "motion_state": false,
    "pose": [
      [
        0.989670436745309,
        -0.1422882547831925,
        0.01750654686402819,
        -28.34287893001124
      ],
      [
        0.1421176651647327,
        0.9897926191698286,
        0.010636742220025839,
        -17.38281663448106
      ],
      [
        -0.018841334360231995,
        -0.008038879753027584,
        0.9997901682512398,
        1.1501369112119573
      ],
      [
        0.0,
        0.0,
        0.0,
        1.0
      ]
    ],
    "location": [
      -28.34287893001124,
      -17.38281663448106,
      1.1501369112119573
    ],
    "rotation": [
      -0.008040393649829267,
      0.018842449304364857,
      0.14262595933691255
    ]
  },
  {
    "label_id": "OAMynEEqx3osxUHtJS_ELg",
    "size": [
      0.8170537752810114,
      0.8340350894805498,
      1.6600000000000037
    ],
    "obj_class": "pedestrian",
    "point_num_in_lidar": 42,
    "speed": 0.42890564976761913,
    "if_vehicle": false,
    "motion_state": false,
    "pose": [
      [
        0.9997550948342621,
        -0.01353776827372975,
        0.01750654686402819,
        -30.112900965808194
      ],
      [
        0.013352852969887516,
        0.9998542698976232,
        0.010636742220025839,
        -3.5853095322581794
      ],
      [
        -0.01764799338452354,
        -0.01040037488062372,
        0.9997901682512398,
        1.3150276596700863
      ],
      [
        0.0,
        0.0,
        0.0,
        1.0
      ]
    ],
    "location": [
      -30.112900965808194,
      -3.5853095322581794,
      1.3150276596700863
    ],
    "rotation": [
      -0.010402182460479758,
      0.0176489095957761,
      0.0133553298565777
    ]
  },
  {
    "label_id": "OqejN01yv4ROhYelLwjIiA",
    "size": [
      0.9214124577236475,
      0.8781961397293535,
      1.8300000000000036
    ],
    "obj_class": "pedestrian",
    "point_num_in_lidar": 41,
    "speed": 0.8546817814550901,
    "if_vehicle": false,
    "motion_state": false,
    "pose": [
      [
        0.7924233123340175,
        0.609720275935188,
        0.01750654686402819,
        67.30984294309224
      ],
      [
        -0.6099268263649469,
        0.792386349071795,
        0.010636742220025839,
        -38.1295755714018
      ],
      [
        -0.007386511352995962,
        -0.019106515071821897,
        0.9997901682512398,
        0.40266605230844554
      ],
      [
        0.0,
        0.0,
        0.0,
        1.0
      ]
    ],
    "location": [
      67.30984294309224,
      -38.1295755714018,
      0.40266605230844554
    ],
    "rotation": [
      -0.01910819911094303,
      0.007386578523332118,
      -0.6559892477530257
    ]
  },
  {
    "label_id": "PZVkiiiTmHjez6OdHRP2IA",
    "size": [
      2.1445544839723554,
      4.5633007576846065,
      1.4700000000000042
    ],
    "obj_class": "vehicle",
    "point_num_in_lidar": 52,
    "speed": 1.527940654750651,
    "if_vehicle": true,
    "motion_state": true,
    "pose": [
      [
        0.9890197773985782,
        -0.14674263433428017,
        0.01750654686402819,
        -5.8964159053095955
      ],
      [
        0.14657259655028704,
        0.9891427266352674,
        0.010636742220025839,
        -7.368795461901755
      ],
      [
        -0.01887733707315419,
        -0.007953968392206119,
        0.9997901682512398,
        0.8197584215264229
      ],
      [
        0.0,
        0.0,
        0.0,
        1.0
      ]
    ],
    "location": [
      -5.8964159053095955,
      -7.368795461901755,
      0.8197584215264229
    ],
    "rotation": [
      -0.007955469900761854,
      0.018878458421621686,
      0.14712896023082409
    ]
  },
  {
    "label_id": "QmpdBgxGLSxvyzQXu1z3-Q",
    "size": [
      0.9145604087952736,
      1.0514743018973143,
      1.8600000000000048
    ],
    "obj_class": "pedestrian",
    "point_num_in_lidar": 67,
    "speed": 1.4946000698953343,
    "if_vehicle": false,
    "motion_state": true,
    "pose": [
      [
        -0.9924323996990825,
        0.12153786588721222,
        0.01750654686402819,
        -5.344197878402838
      ],
      [
        -0.12136475571203081,
        -0.9925509839730671,
        0.010636742220025839,
        -16.511975916033407
      ],
      [
        0.018668907265276143,
        0.008431569822886792,
        0.9997901682512398,
        1.1474502630320398
      ],
      [
        0.0,
        0.0,
        0.0,
        1.0
      ]
    ],
    "location": [
      -5.344197878402838,
      -16.511975916033407,
      1.1474502630320398
    ],
    "rotation": [
      0.008433139483995678,
      -0.01866999187518406,
      -3.0199066545503572
    ]
  },
  {
    "label_id": "T8tGOYNptaeRe02a602ilg",
    "size": [
      1.9845935336923575,
      4.543331189578774,
      1.3800000000000043
    ],
    "obj_class": "vehicle",
    "point_num_in_lidar": 55,
    "speed": 5.371617896809262,
    "if_vehicle": true,
    "motion_state": true,
    "pose": [
      [
        0.7236656344721276,
        0.6899286704442353,
        0.01750654686402819,
        70.13377539129328
      ],
      [
        -0.6901301677130847,
        0.7236070835247912,
        0.010636742220025839,
        -33.05382438014931
      ],
      [
        -0.0053292679011490264,
        -0.01977924093072022,
        0.9997901682512398,
        0.1984699745220322
      ],
      [
        0.0,
        0.0,
        0.0,
        1.0
      ]
    ],
    "location": [
      70.13377539129328,
      -33.05382438014931,
      0.1984699745220322
    ],
    "rotation": [
      -0.019780811761895674,
      0.005329293127646634,
      -0.7616824476652905
    ]
  },
  {
    "label_id": "ThO25XBwVviv8REsVZ30cA",
    "size": [
      0.8459990681873334,
      0.9383425052869193,
      1.8400000000000034
    ],
    "obj_class": "pedestrian",
    "point_num_in_lidar": 33,
    "speed": 1.173900622534864,
    "if_vehicle": false,
    "motion_state": true,
    "pose": [
      [
        -0.7571790618475954,
        -0.6529727322917035,
        0.01750654686402819,
        59.19200497094448
      ],
      [
        0.653176899305491,
        -0.7571306346520453,
        0.010636742220025839,
        -36.41506056006256
      ],
      [
        0.006309240307634645,
        0.01948879049346608,
        0.9997901682512398,
        0.4320909814021565
      ],
      [
        0.0,
        0.0,
        0.0,
        1.0
      ]
    ],
    "location": [
      59.19200497094448,
      -36.41506056006256,
      0.4320909814021565
    ],
    "rotation": [
      0.019490412362554044,
      -0.006309282166527459,
      2.4298030415267733
    ]
  },
  {
    "label_id": "UhG6nfOxoXzKOzJFMQXGyg",
    "size": [
      2.425556483757817,
      5.253257967382423,
      1.7800000000000047
    ],
    "obj_class": "vehicle",
    "point_num_in_lidar": 28,
    "speed": 0.5430004755642478,
    "if_vehicle": true,
    "motion_state": false,
    "pose": [
      [
        0.6650619929913028,
        -0.7465829266031563,
        0.01750654686402819,
        22.5338250010675
      ],
      [
        0.7465312231412303,
        0.6652653550202379,
        0.010636742220025839,
        -61.04584487971806
      ],
      [
        -0.019587709250826393,
        0.005995090863597117,
        0.9997901682512398,
        0.508782196829566
      ],
      [
        0.0,
        0.0,
        0.0,
        1.0
      ]
    ],
    "location": [
      22.5338250010675,
      -61.04584487971806,
      0.508782196829566
    ],
    "rotation": [
      0.005996277220915738,
      0.019588962030477112,
      0.8430485919583289
    ]
  },
  {
    "label_id": "W_9pz6y0uZhT8Gzg3NsiGA",
    "size": [
      2.157253910406776,
      4.864886469337955,
      1.480000000000004
    ],
    "obj_class": "vehicle",
    "point_num_in_lidar": 301,
    "speed": 0.020210825061650395,
    "if_vehicle": true,
    "motion_state": false,
    "pose": [
      [
        0.9878385865325218,
        -0.15449416744436395,
        0.01750654686402819,
        2.2418516856369024
      ],
      [
        0.15432509907591693,
        0.9879628654510012,
        0.010636742220025839,
        -11.555493108760857
      ],
      [
        -0.01893913283754074,
        -0.00780568482067279,
        0.9997901682512398,
        0.6295697145420238
      ],
      [
        0.0,
        0.0,
        0.0,
        1.0
      ]
    ],
    "location": [
      2.2418516856369024,
      -11.555493108760857,
      0.6295697145420238
    ],
    "rotation": [
      -0.007807164420769221,
      0.018940265235633556,
      0.15497235334362122
    ]
  },
  {
    "label_id": "X9L6pHOLLqFEva_gxG7HmA",
    "size": [
      3.7889503618310205,
      13.641193063657227,
      3.6499999999999693
    ],
    "obj_class": "vehicle",
    "point_num_in_lidar": 128,
    "speed": 0.03864983134928093,
    "if_vehicle": true,
    "motion_state": false,
    "pose": [
      [
        0.707865772044899,
        -0.7061299948197757,
        0.01750654686402819,
        13.421359894695797
      ],
      [
        0.7060664074395007,
        0.7080657370614832,
        0.010636742220025839,
        -70.41806236460252
      ],
      [
        -0.01990670873740566,
        0.004831398907334476,
        0.9997901682512398,
        1.8614726753467963
      ],
      [
        0.0,
        0.0,
        0.0,
        1.0
      ]
    ],
    "location": [
      13.421359894695797,
      -70.41806236460252,
      1.8614726753467963
    ],
    "rotation": [
      0.004832375285663809,
      0.019908023733893564,
      0.7841255679645487
    ]
  },
  {
    "label_id": "XpXpbE64O8frRdwvgKrmSA",
    "size": [
      0.3125653711212066,
      0.09840957330842284,
      0.6000000000000032
    ],
    "obj_class": "sign",
    "point_num_in_lidar": 30,
    "speed": 0.00986141451630287,
    "if_vehicle": false,
    "motion_state": false,
    "pose": [
      [
        0.9985245644796175,
        -0.051402479976044975,
        0.01750654686402819,
        11.33341936458487
      ],
      [
        0.051221454531890795,
        0.9986306736279343,
        0.010636742220025839,
        3.5352177845634287
      ],
      [
        -0.01802932961669871,
        -0.009724337598527028,
        0.9997901682512398,
        2.3827905938793776
      ],
      [
        0.0,
        0.0,
        0.0,
        1.0
      ]
    ],
    "location": [
      11.33341936458487,
      3.5352177845634287,
      2.3827905938793776
    ],
    "rotation": [
      -0.009726071805903246,
      0.018030306518746465,
      0.051252216686950326
    ]
  },
  {
    "label_id": "Y3qzBsEcJ7TcF7mHZA3fJA",
    "size": [
      0.8734828166188955,
      1.8485204711222172,
      1.810000000000004
    ],
    "obj_class": "cyclist",
    "point_num_in_lidar": 22,
    "speed": 6.604350851645842,
    "if_vehicle": false,
    "motion_state": true,
    "pose": [
      [
        0.7019677860175153,
        0.7119935029272144,
        0.01750654686402819,
        70.5741643559868
      ],
      [
        -0.7121930917072576,
        0.7019030273758635,
        0.010636742220025839,
        -44.33738472479854
      ],
      [
        -0.004714606889788825,
        -0.019934692122840804,
        0.9997901682512398,
        0.05144115990857756
      ],
      [
        0.0,
        0.0,
        0.0,
        1.0
      ]
    ],
    "location": [
      70.5741643559868,
      -44.33738472479854,
      0.05144115990857756
    ],
    "rotation": [
      -0.019936234270460363,
      0.004714624355631874,
      -0.7926286897508824
    ]
  },
  {
    "label_id": "YurWdc7QEzz9ED-TzDYktQ",
    "size": [
      2.426513934801707,
      5.3769130872342465,
      1.9100000000000037
    ],
    "obj_class": "vehicle",
    "point_num_in_lidar": 37,
    "speed": 0.015536539170122427,
    "if_vehicle": true,
    "motion_state": false,
    "pose": [
      [
        0.9823715458918181,
        -0.18611734642159777,
        0.01750654686402819,
        -34.506751868236734
      ],
      [
        0.18595235363334015,
        0.9825011867133625,
        0.010636742220025839,
        -18.556714242577073
      ],
      [
        -0.01917988530572258,
        -0.007193849304581141,
        0.9997901682512398,
        1.3947105433670188
      ],
      [
        0.0,
        0.0,
        0.0,
        1.0
      ]
    ],
    "location": [
      -34.506751868236734,
      -18.556714242577073,
      1.3947105433670188
    ],
    "rotation": [
      -0.007195234947653566,
      0.01918106144477411,
      0.18707585211833372
    ]
  },
  {
    "label_id": "ZzZvKWTkFasK010z8-d2jQ",
    "size": [
      0.6600576835458791,
      0.7563223923365557,
      1.4500000000000046
    ],
    "obj_class": "pedestrian",
    "point_num_in_lidar": 27,
    "speed": 3.0354398977712303e-13,
    "if_vehicle": false,
    "motion_state": false,
    "pose": [
      [
        -0.1375837227555046,
        -0.9903354179517331,
        0.01750654686402819,
        23.530005916051095
      ],
      [
        0.9904567883528482,
        -0.13741255445084244,
        0.010636742220025839,
        -30.601452629531195
      ],
      [
        -0.008128323227914637,
        0.018802920774715796,
        0.9997901682512398,
        0.41044798281138206
      ],
      [
        0.0,
        0.0,
        0.0,
        1.0
      ]
    ],
    "location": [
      23.530005916051095,
      -30.601452629531195,
      0.41044798281138206
    ],
    "rotation": [
      0.018804650204311952,
      0.00812841273647208,
      1.7088224382287223
    ]
  },
  {
    "label_id": "_ZmS0R7JA9RdyheIOil2Tw",
    "size": [
      2.0638067640562645,
      4.406326390068568,
      1.8200000000000038
    ],
    "obj_class": "vehicle",
    "point_num_in_lidar": 2130,
    "speed": 0.039192199994757315,
    "if_vehicle": true,
    "motion_state": false,
    "pose": [
      [
        -0.9812006466145021,
        0.1921947239134841,
        0.01750654686402819,
        14.753704635290887
      ],
      [
        -0.19203053677131177,
        -0.9813313062683093,
        0.010636742220025839,
        2.338732083861032
      ],
      [
        0.019224048236640926,
        0.007074986752849672,
        0.9997901682512398,
        0.5841543730044343
      ],
      [
        0.0,
        0.0,
        0.0,
        1.0
      ]
    ],
    "location": [
      14.753704635290887,
      2.338732083861032,
      0.5841543730044343
    ],
    "rotation": [
      0.007076353503286747,
      -0.019225232519727437,
      -2.948325713540606
    ]
  },
  {
    "label_id": "arRPinlwGJPCz9OwFoByTQ",
    "size": [
      1.09724563539411,
      0.13447912843505266,
      1.3500000000000045
    ],
    "obj_class": "sign",
    "point_num_in_lidar": 55,
    "speed": 0.0283955343117924,
    "if_vehicle": false,
    "motion_state": false,
    "pose": [
      [
        -0.6828285798178038,
        -0.7303688461324858,
        0.01750654686402819,
        54.95940864364138
      ],
      [
        0.7305666463322933,
        -0.6827585480839696,
        0.010636742220025839,
        -33.82629822744275
      ],
      [
        0.004183999376998894,
        0.020052770815300523,
        0.9997901682512398,
        3.2301742942102125
      ],
      [
        0.0,
        0.0,
        0.0,
        1.0
      ]
    ],
    "location": [
      54.95940864364138,
      -33.82629822744275,
      3.2301742942102125
    ],
    "rotation": [
      0.0200542905319226,
      -0.004184011584506524,
      2.322431870121178
    ]
  },
  {
    "label_id": "atF-54Yn8JHAuuuCPouVRg",
    "size": [
      0.8874608762637719,
      0.15882044991512934,
      0.8800000000000034
    ],
    "obj_class": "sign",
    "point_num_in_lidar": 24,
    "speed": 0.030756871267129025,
    "if_vehicle": false,
    "motion_state": false,
    "pose": [
      [
        0.7056684643637473,
        -0.7083258707822325,
        0.01750654686402819,
        11.48241806725673
      ],
      [
        0.7082629049846714,
        0.705868625976264,
        0.010636742220025839,
        -40.20813388386159
      ],
      [
        -0.019891601875786594,
        0.004893224189928224,
        0.9997901682512398,
        2.843673698810381
      ],
      [
        0.0,
        0.0,
        0.0,
        1.0
      ]
    ],
    "location": [
      11.48241806725673,
      -40.20813388386159,
      2.843673698810381
    ],
    "rotation": [
      0.004894212081303923,
      0.01989291388040559,
      0.7872330740341512
    ]
  },
  {
    "label_id": "cGa1URHMkxxAB6W4qYTHMw",
    "size": [
      1.2461233338914706,
      1.1367741460899659,
      1.9100000000000037
    ],
    "obj_class": "pedestrian",
    "point_num_in_lidar": 57,
    "speed": 1.6443090128345907,
    "if_vehicle": false,
    "motion_state": true,
    "pose": [
      [
        -0.9880508760922361,
        0.15313062094258656,
        0.01750654686402819,
        -11.07386322463276
      ],
      [
        -0.1529613812073518,
        -0.9881749215468301,
        0.010636742220025839,
        2.077890242493595
      ],
      [
        0.018928341514875748,
        0.007831816880770823,
        0.9997901682512398,
        1.2668191108131222
      ],
      [
        0.0,
        0.0,
        0.0,
        1.0
      ]
    ],
    "location": [
      -11.07386322463276,
      2.077890242493595,
      1.2668191108131222
    ],
    "rotation": [
      0.007833300366916455,
      -0.018929471978177074,
      -2.9880006902745433
    ]
  },
  {
    "label_id": "cRrQqodMngjZh0yaNW-ZMA",
    "size": [
      0.4604666503317102,
      0.10708526752263839,
      0.44000000000000306
    ],
    "obj_class": "sign",
    "point_num_in_lidar": 45,
    "speed": 0.0070574757355531086,
    "if_vehicle": false,
    "motion_state": false,
    "pose": [
      [
        -0.9857366630802156,
        0.16738205362696193,
        0.01750654686402819,
        6.906419442429751
      ],
      [
        -0.16721462274619053,
        -0.9858631394137798,
        0.010636742220025839,
        3.095408781138758
      ],
      [
        0.019039459008353833,
        0.007557676152555737,
        0.9997901682512398,
        2.6279907183428737
      ],
      [
        0.0,
        0.0,
        0.0,
        1.0
      ]
    ],
    "location": [
      6.906419442429751,
      3.095408781138758,
      2.6279907183428737
    ],
    "rotation": [
      0.007559118345809907,
      -0.0190406094998577,
      -2.973558070358179
    ]
  },
  {
    "label_id": "g_Lae-btzGAPjMp5anVtlA",
    "size": [
      1.9640719277707495,
      4.6384649418272845,
      1.400000000000004
    ],
    "obj_class": "vehicle",
    "point_num_in_lidar": 235,
    "speed": 0.04916067059943575,
    "if_vehicle": true,
    "motion_state": false,
    "pose": [
      [
        -0.9848225356349752,
        0.1726791652817311,
        0.01750654686402819,
        8.415280272932478
      ],
      [
        -0.1725124167844191,
        -0.9849499102848547,
        0.010636742220025839,
        1.5539799271155061
      ],
      [
        0.019079815530993183,
        0.007455206734958248,
        0.9997901682512398,
        0.46403281342346325
      ],
      [
        0.0,
        0.0,
        0.0,
