[
  {
    "label_id": "-lGbuKX8skc2bchJBBkNgg",
    "size": [
      0.4969170111981973,
      0.059578854588236294,
      0.6000000000000032
    ],
    "obj_class": "sign",
    "point_num_in_lidar": 42,
    "speed": 0.011906167375795845,
    "if_vehicle": false,
    "motion_state": false,
    "pose": [
      [
        -0.991737330012391,
        0.1276995423127571,
        0.01224316760508315,
        1.2468297337045442
      ],
      [
        -0.1276926719559848,
        -0.99181287246293,
        0.001344449914561943,
        -14.203034029949777
      ],
      [
        0.012314616869194595,
        -0.0002300216160949739,
        0.9999241457737786,
        2.693613874794739
      ],
      [
        0.0,
        0.0,
        0.0,
        1.0
      ]
    ],
    "location": [
      1.2468297337045442,
      -14.203034029949777,
      2.693613874794739
    ],
    "rotation": [
      -0.00023003906147255694,
      -0.01231492814194462,
      -3.0135406333945625
    ]
  },
  {
    "label_id": "17uCnxYTYb0tHvESLUeCJA",
    "size": [
      0.888941046106343,
      0.9589459079899387,
      1.650000000000004
    ],
    "obj_class": "pedestrian",
    "point_num_in_lidar": 21,
    "speed": 1.4892065085459492,
    "if_vehicle": false,
    "motion_state": true,
    "pose": [
      [
        -0.969886403060166,
        0.24324980987866532,
        0.01224316760508315,
        -19.52254680681972
      ],
      [
        -0.24325185598070098,
        -0.969962229685451,
        0.001344449914561943,
        0.20110061719606165
      ],
      [
        0.012202447334747714,
        -0.0016742095512902392,
        0.9999241457737786,
        1.2013617939541597
      ],
      [
        0.0,
        0.0,
        0.0,
        1.0
      ]
    ],
    "location": [
      -19.52254680681972,
      0.20110061719606165,
      1.2013617939541597
    ],
    "rotation": [
      -0.001674334992183498,
      -0.012202750178540687,
      -2.8958569752831864
    ]
  },
  {
    "label_id": "1hK-hL5ja_cpx_svwJHM3A",
    "size": [
      2.166743419789496,
      4.704275997152225,
      1.6600000000000037
    ],
    "obj_class": "vehicle",
    "point_num_in_lidar": 4496,
    "speed": 1.0266324925855266,
    "if_vehicle": true,
    "motion_state": true,
    "pose": [
      [
        0.9885993624341252,
        -0.15007133451074253,
        0.01224316760508315,
        17.467142819366018
      ],
      [
        0.15006617249023796,
        0.9886750408139964,
        0.001344449914561943,
        -3.55014631652557
      ],
      [
        -0.012306277624509346,
        0.0005081629732907498,
        0.9999241457737786,
        0.5502689698523291
      ],
      [
        0.0,
        0.0,
        0.0,
        1.0
      ]
    ],
    "location": [
      17.467142819366018,
      -3.55014631652557,
      0.5502689698523291
    ],
    "rotation": [
      0.0005082014787731485,
      0.012306588265293296,
      0.15064669766448183
    ]
  },
  {
    "label_id": "4rNwARFbwg8i6YohNYeuyQ",
    "size": [
      0.7903563748348962,
      0.7137609645760534,
      1.7200000000000042
    ],
    "obj_class": "pedestrian",
    "point_num_in_lidar": 36,
    "speed": 7.105427357601002e-14,
    "if_vehicle": false,
    "motion_state": false,
    "pose": [
      [
        -0.7509575436992274,
        0.6602369820058678,
        0.01224316760508315,
        37.55403787262412
      ],
      [
        -0.6602735110337259,
        -0.7510240229723837,
        0.001344449914561943,
        -38.01262262917044
      ],
      [
        0.010082568542743134,
        -0.00707421445531655,
        0.9999241457737786,
        0.5420257571189318
      ],
      [
        0.0,
        0.0,
        0.0,
        1.0
      ]
    ],
    "location": [
      37.55403787262412,
      -38.01262262917044,
      0.5420257571189318
    ],
    "rotation": [
      -0.007074633073241154,
      -0.01008273937983384,
      -2.420365076104745
    ]
  },
  {
    "label_id": "59EwjXaFuOsab_KR3nEvxw",
    "size": [
      2.0519264429260256,
      4.555598149819266,
      1.6700000000000035
    ],
    "obj_class": "vehicle",
    "point_num_in_lidar": 122,
    "speed": 5.695433295429594e-13,
    "if_vehicle": true,
    "motion_state": false,
    "pose": [
      [
        0.7148033851144665,
        -0.6992182960105473,
        0.01224316760508315,
        41.878085459815566
      ],
      [
        0.6992583068821566,
        0.7148678288402177,
        0.001344449914561943,
        -41.48496876379795
      ],
      [
        -0.009692310622304207,
        0.00760011930035918,
        0.9999241457737786,
        0.3730042159124469
      ],
      [
        0.0,
        0.0,
        0.0,
        1.0
      ]
    ],
    "location": [
      41.878085459815566,
      -41.48496876379795,
      0.3730042159124469
    ],
    "rotation": [
      0.007600549484805394,
      0.009692462379426165,
      0.7744053954336573
    ]
  },
  {
    "label_id": "5NPFGnlHPlvOnO8ShSEMKQ",
    "size": [
      0.8121676524219997,
      0.7805203499219474,
      1.730000000000004
    ],
    "obj_class": "pedestrian",
    "point_num_in_lidar": 185,
    "speed": 0.00444977612526791,
    "if_vehicle": false,
    "motion_state": false,
    "pose": [
      [
        0.11293611792288528,
        0.993526818015247,
        0.01224316760508315,
        18.969032784865476
      ],
      [
        -0.9936022499337951,
        0.11292812484464289,
        0.001344449914561943,
        -6.966761861762279
      ],
      [
        -4.685091420511884e-05,
        -0.012316675832819552,
        0.9999241457737786,
        0.7080936980359915
      ],
      [
        0.0,
        0.0,
        0.0,
        1.0
      ]
    ],
    "location": [
      18.969032784865476,
      -6.966761861762279,
      0.7080936980359915
    ],
    "rotation": [
      -0.012316987275252773,
      4.685091422225854e-05,
      -1.4576187450607754
    ]
  },
  {
    "label_id": "7zRc0M_V6kWZiiTMJvEU4Q",
    "size": [
      0.975032316288111,
      1.1262346547427113,
      1.8000000000000043
    ],
    "obj_class": "pedestrian",
    "point_num_in_lidar": 26,
    "speed": 1.4168646943053083,
    "if_vehicle": false,
    "motion_state": true,
    "pose": [
      [
        -0.9883798101033217,
        0.15151057991808833,
        0.01224316760508315,
        -22.12069165319076
      ],
      [
        -0.15150552809106788,
        -0.9884554959188976,
        0.001344449914561943,
        0.3902566722154006
      ],
      [
        0.01230552469292675,
        -0.0005260804222674167,
        0.9999241457737786,
        1.2360941687817508
      ],
      [
        0.0,
        0.0,
        0.0,
        1.0
      ]
    ],
    "location": [
      -22.12069165319076,
      0.3902566722154006,
      1.2360941687817508
    ],
    "rotation": [
      -0.0005261202821741852,
      -0.01230583527669405,
      -2.9894898414966042
    ]
  },
  {
    "label_id": "8V4foKFdLBczw0yCOtZanw",
    "size": [
      2.211974093388579,
      4.43889582269016,
      1.5800000000000036
    ],
    "obj_class": "vehicle",
    "point_num_in_lidar": 3639,
    "speed": 2.1054857163167053,
    "if_vehicle": true,
    "motion_state": true,
    "pose": [
      [
        0.9855894726880416,
        -0.16871128051645468,
        0.01224316760508315,
        8.063225945918703
      ],
      [
        0.16870754837292454,
        0.9856652350450555,
        0.001344449914561943,
        -4.8779251397972985
      ],
      [
        -0.012294488541836276,
        0.0007404391086237996,
        0.9999241457737786,
        0.6177550270836427
      ],
      [
        0.0,
        0.0,
        0.0,
        1.0
      ]
    ],
    "location": [
      8.063225945918703,
      -4.8779251397972985,
      0.6177550270836427
    ],
    "rotation": [
      0.000740495142974139,
      0.012294798290678236,
      0.1695312120857502
    ]
  },
  {
    "label_id": "CWSv1DRZP1IrZmTidTdj-w",
    "size": [
      0.4422699651150694,
      0.07457283692242789,
      0.49000000000000377
    ],
    "obj_class": "sign",
    "point_num_in_lidar": 44,
    "speed": 0.013496607400767743,
    "if_vehicle": false,
    "motion_state": false,
    "pose": [
      [
        -0.9973592174739934,
        0.07158698322081529,
        0.01224316760508315,
        0.20466501576015617
      ],
      [
        -0.07157586506334046,
        -0.9974342524672299,
        0.001344449914561943,
        -14.724854027501351
      ],
      [
        0.012307999841482089,
        0.00046458420227118443,
        0.9999241457737786,
        2.7117047012388156
      ],
      [
        0.0,
        0.0,
        0.0,
        1.0
      ]
    ],
    "location": [
      0.20466501576015617,
      -14.724854027501351,
      2.7117047012388156
    ],
    "rotation": [
      0.0004646194121870667,
      -0.012308310612709225,
      -3.0699500961341353
    ]
  },
  {
    "label_id": "DgygFxPtkbGIjoy2evFp1Q",
    "size": [
      0.9796182952199085,
      0.909036853816171,
      1.709999999999999
    ],
    "obj_class": "pedestrian",
    "point_num_in_lidar": 22,
    "speed": 0.8688028015365374,
    "if_vehicle": false,
    "motion_state": false,
    "pose": [
      [
        -0.7152205264324796,
        0.6987916022797072,
        0.01224316760508315,
        37.41180468257039
      ],
      [
        -0.6988315746864695,
        -0.7152849940238202,
        0.001344449914561943,
        -56.671516150692696
      ],
      [
        0.009696844377216084,
        -0.007594333920955534,
        0.9999241457737786,
        0.7410992733688282
      ],
      [
        0.0,
        0.0,
        0.0,
        1.0
      ]
    ],
    "location": [
      37.41180468257039,
      -56.671516150692696,
      0.7410992733688282
    ],
    "rotation": [
      -0.007594764000499388,
      -0.009696996347405165,
      -2.3677840334291615
    ]
  },
  {
    "label_id": "KxTPaWgRlBzRqeloR_TQuw",
    "size": [
      0.8591700821317708,
      1.1659696415964578,
      1.7200000000000042
    ],
    "obj_class": "pedestrian",
    "point_num_in_lidar": 92,
    "speed": 1.480083779941633,
    "if_vehicle": false,
    "motion_state": true,
    "pose": [
      [
        0.6518407902187271,
        -0.7582570072567871,
        0.01224316760508315,
        27.68202292555361
      ],
      [
        0.7583024266048128,
        0.6519015433788141,
        0.001344449914561943,
        -19.466598068800522
      ],
      [
        -0.009000778426221587,
        0.00840765640954643,
        0.9999241457737786,
        0.6177420303128542
      ],
      [
        0.0,
        0.0,
        0.0,
        1.0
      ]
    ],
    "location": [
      27.68202292555361,
      -19.466598068800522,
      0.6177420303128542
    ],
    "rotation": [
      0.008408096068785266,
      0.009000899962181381,
      0.8607522508006477
    ]
  },
  {
    "label_id": "L4snb6xvhDhpmIn3mRFNkw",
    "size": [
      0.7813640478713806,
      0.9730712411753827,
      1.6900000000000048
    ],
    "obj_class": "pedestrian",
    "point_num_in_lidar": 121,
    "speed": 1.5277004119403583,
    "if_vehicle": false,
    "motion_state": true,
    "pose": [
      [
        0.7065276910549523,
        -0.7075794843122232,
        0.01224316760508315,
        26.54355899769962
      ],
      [
        0.7076202505878139,
        0.7065916595973001,
        0.001344449914561943,
        -21.89210246026778
      ],
      [
        -0.009602225294032957,
        0.007713622234823065,
        0.9999241457737786,
        0.604053130538583
      ],
      [
        0.0,
        0.0,
        0.0,
        1.0
      ]
    ],
    "location": [
      26.54355899769962,
      -21.89210246026778,
      0.604053130538583
    ],
    "rotation": [
      0.00771405437394099,
      0.009602372858721,
      0.7861707553472057
    ]
  },
  {
    "label_id": "LGE6aZngIxf-g4ygRGDNeA",
    "size": [
      0.8908187372473927,
      0.9613914346561343,
      1.6300000000000043
    ],
    "obj_class": "pedestrian",
    "point_num_in_lidar": 20,
    "speed": 0.03187252550300171,
    "if_vehicle": false,
    "motion_state": false,
    "pose": [
      [
        0.548668327751687,
        -0.8359504596381063,
        0.01224316760508315,
        -43.99322692903138
      ],
      [
        0.8360033308506791,
        0.5487227198330656,
        0.001344449914561943,
        -7.22005023611564
      ],
      [
        -0.007841997751671775,
        0.009497671811644046,
        0.9999241457737786,
        1.5015708866182305
      ],
      [
        0.0,
        0.0,
        0.0,
        1.0
      ]
    ],
    "location": [
      -43.99322692903138,
      -7.22005023611564,
      1.5015708866182305
    ],
    "rotation": [
      0.009498106673707478,
      0.00784207813035898,
      0.9900055755859302
    ]
  },
  {
    "label_id": "NMF9Nrf43a912J1uRSKvAA",
    "size": [
      0.9757377133147623,
      0.9462817931777863,
      1.6100000000000048
    ],
    "obj_class": "pedestrian",
    "point_num_in_lidar": 31,
    "speed": 1.2197307050178214,
    "if_vehicle": false,
    "motion_state": true,
    "pose": [
      [
        -0.988882559225856,
        0.14819375461170767,
        0.01224316760508315,
        -35.32486974833614
      ],
      [
        -0.14818844889039573,
        -0.988958227666814,
        0.001344449914561943,
        -1.754798830495929
      ],
      [
        0.012307220416477105,
        -0.0004847929446394151,
        0.9999241457737786,
        1.4368886782831698
      ],
      [
        0.0,
        0.0,
        0.0,
        1.0
      ]
    ],
    "location": [
      -35.32486974833614,
      -1.754798830495929,
      1.4368886782831698
    ],
    "rotation": [
      -0.0004848296830347559,
      -0.01230753112866495,
      -2.9928450593096536
    ]
  },
  {
    "label_id": "NfBUR0rONso4b1AmRWZoQw",
    "size": [
      2.1377915724773913,
      4.56232836195279,
      1.9900000000000038
    ],
    "obj_class": "vehicle",
    "point_num_in_lidar": 257,
    "speed": 2.8311054388435264,
    "if_vehicle": true,
    "motion_state": true,
    "pose": [
      [
        0.7142906495477039,
        -0.6997420759220592,
        0.01224316760508315,
        34.295139024288574
      ],
      [
        0.6997821340216922,
        0.7143550639272276,
        0.001344449914561943,
        -38.03135425894834
      ],
      [
        -0.009686736951389744,
        0.007607221951113532,
        0.9999241457737786,
        0.7553083131344529
      ],
      [
        0.0,
        0.0,
        0.0,
        1.0
      ]
    ],
    "location": [
      34.295139024288574,
      -38.03135425894834,
      0.7553083131344529
    ],
    "rotation": [
      0.0076076522636514664,
      0.00968688844684601,
      0.7751384323386946
    ]
  },
  {
    "label_id": "O2XNeS9LcyFvcLdYZisPjQ",
    "size": [
      2.0579282835711368,
      4.975976130770658,
      1.5200000000000031
    ],
    "obj_class": "vehicle",
    "point_num_in_lidar": 78,
    "speed": 0.023420584256360975,
    "if_vehicle": true,
    "motion_state": false,
    "pose": [
      [
        0.9897479407575482,
        -0.14229939779628895,
        0.01224316760508315,
        -28.315578072659036
      ],
      [
        0.14229364133931072,
        0.9898235762441845,
        0.001344449914561943,
        -17.338993629860852
      ],
      [
        -0.012309890356629787,
        0.000411458365665424,
        0.9999241457737786,
        1.1501369112119342
      ],
      [
        0.0,
        0.0,
        0.0,
        1.0
      ]
    ],
    "location": [
      -28.315578072659036,
      -17.338993629860852,
      1.1501369112119342
    ],
    "rotation": [
      0.0004114895556640554,
      0.012310201271089297,
      0.14278914439577758
    ]
  },
  {
    "label_id": "OAMynEEqx3osxUHtJS_ELg",
    "size": [
      0.817053775279027,
      0.8340350894805498,
      1.6600000000000037
    ],
    "obj_class": "pedestrian",
    "point_num_in_lidar": 54,
    "speed": 0.06993052960366745,
    "if_vehicle": false,
    "motion_state": false,
    "pose": [
      [
        0.9670365769398308,
        0.25434300404667826,
        0.01224316760508315,
        -29.639777627572812
      ],
      [
        -0.2543777587849488,
        0.9671040007620554,
        0.001344449914561943,
        -3.4433995712151955
      ],
      [
        -0.011498464942816321,
        -0.00441452177905457,
        0.9999241457737786,
        1.315027659670081
      ],
      [
        0.0,
        0.0,
        0.0,
        1.0
      ]
    ],
    "location": [
      -29.639777627572812,
      -3.4433995712151955,
      1.315027659670081
    ],
    "rotation": [
      -0.004414827981662218,
      0.011498718335567181,
      -0.2572216325996462
    ]
  },
  {
    "label_id": "P1UuB38YkU4_aXx-wiuAlA",
    "size": [
      0.3219935344177153,
      0.13156426811666824,
      0.44000000000000306
    ],
    "obj_class": "sign",
    "point_num_in_lidar": 30,
    "speed": 0.013016912087792876,
    "if_vehicle": false,
    "motion_state": false,
    "pose": [
      [
        0.8616904414809308,
        0.5072865934630958,
        0.01224316760508315,
        -9.634075865862314
      ],
      [
        -0.5073383448951785,
        0.8617459000502689,
        0.001344449914561943,
        0.3008839936228469
      ],
      [
        -0.009868478070068796,
        -0.007369928029465031,
        0.9999241457737786,
        2.9092603073754972
      ],
      [
        0.0,
        0.0,
        0.0,
        1.0
      ]
    ],
    "location": [
      -9.634075865862314,
      0.3008839936228469,
      2.9092603073754972
    ],
    "rotation": [
      -0.007370353651434006,
      0.009868638253769883,
      -0.532121968073471
    ]
  },
  {
    "label_id": "PZVkiiiTmHjez6OdHRP2IA",
    "size": [
      2.1445544839714703,
      4.5633007576846065,
      1.4700000000000042
    ],
    "obj_class": "vehicle",
    "point_num_in_lidar": 575,
    "speed": 2.685197215232147,
    "if_vehicle": true,
    "motion_state": true,
    "pose": [
      [
        0.9879790462467436,
        -0.15410226807016364,
        0.01224316760508315,
        -0.6037494745880849
      ],
      [
        0.1540974147605963,
        0.9880547450513701,
        0.001344449914561943,
        -6.596004332563098
      ],
      [
        -0.012304102627802358,
        0.0005583521321085696,
        0.9999241457737786,
        0.7664213358465481
      ],
      [
        0.0,
        0.0,
        0.0,
        1.0
      ]
    ],
    "location": [
      -0.6037494745880849,
      -6.596004332563098,
      0.7664213358465481
    ],
    "rotation": [
      0.0005583944306538259,
      0.012304413103901101,
      0.1547256986212308
    ]
  },
  {
    "label_id": "QmpdBgxGLSxvyzQXu1z3-Q",
    "size": [
      0.9145604087970541,
      1.0514743018973143,
      1.8600000000000048
    ],
    "obj_class": "pedestrian",
    "point_num_in_lidar": 142,
    "speed": 1.460253523270841,
    "if_vehicle": false,
    "motion_state": true,
    "pose": [
      [
        -0.9921567424736768,
        0.12439896788565394,
        0.01224316760508315,
        -8.533035002721817
      ],
      [
        -0.12439184620995496,
        -0.9922322616458841,
        0.001344449914561943,
        -16.88868052567159
      ],
      [
        0.012315314064246737,
        -0.00018904517420341468,
        0.9999241457737786,
        1.1474502630320433
      ],
      [
        0.0,
        0.0,
        0.0,
        1.0
      ]
    ],
    "location": [
      -8.533035002721817,
      -16.88868052567159,
      1.1474502630320433
    ],
    "rotation": [
      -0.00018905951291409788,
      -0.012315625389870511,
      -3.0168682522060712
    ]
  },
  {
    "label_id": "W_9pz6y0uZhT8Gzg3NsiGA",
    "size": [
      2.157253910406776,
      4.864886469337955,
      1.480000000000004
    ],
    "obj_class": "vehicle",
    "point_num_in_lidar": 1049,
    "speed": 0.03244110343738634,
    "if_vehicle": true,
    "motion_state": false,
    "pose": [
      [
        0.9879159470871649,
        -0.15450626633850092,
        0.01224316760508315,
        2.227935971337274
      ],
      [
        0.1545014439846126,
        0.9879916478701106,
        0.001344449914561943,
        -11.509388466078235
      ],
      [
        -0.01230387327387414,
        0.0005633835632752576,
        0.9999241457737786,
        0.6315697081047986
      ],
      [
        0.0,
        0.0,
        0.0,
        1.0
      ]
    ],
    "location": [
      2.227935971337274,
      -11.509388466078235,
      0.6315697081047986
    ],
    "rotation": [
      0.0005634262419216627,
      0.012304183732610182,
      0.15513465636873697
    ]
  },
  {
    "label_id": "X9L6pHOLLqFEva_gxG7HmA",
    "size": [
      3.7889503618310223,
      13.641193063657227,
      3.6499999999999693
    ],
    "obj_class": "vehicle",
    "point_num_in_lidar": 31,
    "speed": 0.04172378159010787,
    "if_vehicle": true,
    "motion_state": false,
    "pose": [
      [
        0.7079212071022914,
        -0.7061852939433307,
        0.01224316760508315,
        13.414943776508153
      ],
      [
        0.7062259340351321,
        0.707985255885059,
        0.001344449914561943,
        -70.32630520489693
      ],
      [
        -0.00961741290783547,
        0.007694677871043255,
        0.9999241457737786,
        1.861472675346791
      ],
      [
        0.0,
        0.0,
        0.0,
        1.0
      ]
    ],
    "location": [
      13.414943776508153,
      -70.32630520489693,
      1.861472675346791
    ],
    "rotation": [
      0.0076951096976542385,
      0.009617561173849848,
      0.7841993685862533
    ]
  },
  {
    "label_id": "XpXpbE64O8frRdwvgKrmSA",
    "size": [
      0.31256537112245525,
      0.09840957330842284,
      0.6000000000000032
    ],
    "obj_class": "sign",
    "point_num_in_lidar": 38,
    "speed": 0.012039972371483219,
    "if_vehicle": false,
    "motion_state": false,
    "pose": [
      [
        0.9910940618840808,
        -0.13259964308061936,
        0.01224316760508315,
        11.342817788083721
      ],
      [
        0.13259314617623083,
        0.9911696373686575,
        0.001344449914561943,
        3.528419878637578
      ],
      [
        -0.012313329574184642,
        0.00029088378509798215,
        0.9999241457737786,
        2.3703554032433765
      ],
      [
        0.0,
        0.0,
        0.0,
        1.0
      ]
    ],
    "location": [
      11.342817788083721,
      3.528419878637578,
      2.3703554032433765
    ],
    "rotation": [
      0.00029090584333016714,
      0.012313640749324763,
      0.13299491367524538
    ]
  },
  {
    "label_id": "YurWdc7QEzz9ED-TzDYktQ",
    "size": [
      2.426513934801704,
      5.3769130872342465,
      1.9100000000000037
    ],
    "obj_class": "vehicle",
    "point_num_in_lidar": 84,
    "speed": 0.015536539165744913,
    "if_vehicle": true,
    "motion_state": false,
    "pose": [
      [
        0.9824484783063762,
        -0.1861319218201965,
        0.01224316760508315,
        -34.485721163028074
      ],
      [
        0.18612953142000488,
        0.9825242948588073,
        0.001344449914561943,
        -18.529680533743885
      ],
      [
        -0.012279454664410928,
        0.0009579622767101912,
        0.9999241457737786,
        1.3964850526854988
      ],
      [
        0.0,
        0.0,
        0.0,
        1.0
      ]
    ],
    "location": [
      -34.485721163028074,
      -18.529680533743885,
      1.3964850526854988
    ],
    "rotation": [
      0.0009580346546052919,
      0.012279763278294468,
      0.1872356422103867
    ]
  },
  {
    "label_id": "ZzZvKWTkFasK010z8-d2jQ",
    "size": [
      0.6600576835458788,
      0.7563223923365557,
      1.4500000000000046
    ],
    "obj_class": "pedestrian",
    "point_num_in_lidar": 43,
    "speed": 3.0354398977712303e-13,
    "if_vehicle": false,
    "motion_state": false,
    "pose": [
      [
        -0.13759449734281445,
        -0.9904129740406129,
        0.01224316760508315,
        23.530005916051323
      ],
      [
        0.9904885813185078,
        -0.13758838153011616,
        0.001344449914561943,
        -30.601452629533014
      ],
      [
        0.0003529569772553963,
        0.012311706622200262,
        0.9999241457737786,
        0.4080051482848166
      ],
      [
        0.0,
        0.0,
        0.0,
        1.0
      ]
    ],
    "location": [
      23.530005916051323,
      -30.601452629533014,
      0.4080051482848166
    ],
    "rotation": [
      0.012312018441254131,
      -0.0003529569845838794,
      1.708828736005734
    ]
  },
  {
    "label_id": "_ZmS0R7JA9RdyheIOil2Tw",
    "size": [
      2.0638067640562636,
      4.406326390068568,
      1.8200000000000038
    ],
    "obj_class": "vehicle",
    "point_num_in_lidar": 3247,
    "speed": 0.041477151066231684,
    "if_vehicle": true,
    "motion_state": false,
    "pose": [
      [
        -0.9812774873324829,
        0.19220977524944574,
        0.01224316760508315,
        14.667760799262169
      ],
      [
        -0.19220785420440167,
        -0.9813533172291041,
        0.001344449914561943,
        2.350801075612253
      ],
      [
        0.012273289558552341,
        -0.0010339545400321604,
        0.9999241457737786,
        0.6362243998704322
      ],
      [
        0.0,
        0.0,
        0.0,
        1.0
      ]
    ],
    "location": [
      14.667760799262169,
      2.350801075612253,
      0.6362243998704322
    ],
    "rotation": [
      -0.0010340326072659717,
      -0.012273597707813923,
      -2.9481664438974455
    ]
  },
  {
    "label_id": "atF-54Yn8JHAuuuCPouVRg",
    "size": [
      0.8874608762637771,
      0.15882044991512934,
      0.8800000000000034
    ],
    "obj_class": "sign",
    "point_num_in_lidar": 24,
    "speed": 0.1670637682608085,
    "if_vehicle": false,
    "motion_state": false,
    "pose": [
      [
        0.7057237273435286,
        -0.7083813418712769,
        0.01224316760508315,
        11.57335648602475
      ],
      [
        0.7084221807615334,
        0.7057876495515493,
        0.001344449914561943,
        -40.202528108080514
      ],
      [
        -0.009593459721613419,
        0.0077245212892906225,
        0.9999241457737786,
        2.8436736988103704
      ],
      [
        0.0,
        0.0,
        0.0,
        1.0
      ]
    ],
    "location": [
      11.57335648602475,
      -40.202528108080514,
      2.8436736988103704
    ],
    "rotation": [
      0.00772495360569139,
      0.009593606882537492,
      0.7873063470773407
    ]
  },
  {
    "label_id": "bY1X4-breOuP-79CNrGS-w",
    "size": [
      0.8784205207575958,
      0.9302074121880761,
      1.650000000000004
    ],
    "obj_class": "pedestrian",
    "point_num_in_lidar": 83,
    "speed": 1.226194888381674,
    "if_vehicle": false,
    "motion_state": true,
    "pose": [
      [
        -0.9889662012874062,
        0.14763454053219205,
        0.01224316760508315,
        -19.730948936611185
      ],
      [
        -0.14762919202296215,
        -0.9890418667160024,
        0.001344449914561943,
        1.2797249760387785
      ],
      [
        0.012307492588053224,
        -0.0004778334165146271,
        0.9999241457737786,
        1.0344318595897644
      ],
      [
        0.0,
        0.0,
        0.0,
        1.0
      ]
    ],
    "location": [
      -19.730948936611185,
      1.2797249760387785,
      1.0344318595897644
    ],
    "rotation": [
      -0.0004778696285729554,
      -0.012307803320856464,
      -2.9934105791493573
    ]
  },
  {
    "label_id": "cGa1URHMkxxAB6W4qYTHMw",
    "size": [
      1.2461233338898705,
      1.1367741460899659,
      1.9100000000000037
    ],
    "obj_class": "pedestrian",
    "point_num_in_lidar": 125,
    "speed": 1.4560830205075568,
    "if_vehicle": false,
    "motion_state": true,
    "pose": [
      [
        -0.991998814182927,
        0.12565212893803457,
        0.01224316760508315,
        -14.398912187456745
      ],
      [
        -0.12564510266139228,
        -0.9920743422907556,
        0.001344449914561943,
        1.7004073587995663
      ],
      [
        0.012315065443383618,
        -0.00020460132966751906,
        0.9999241457737786,
        1.2668191108131115
      ],
      [
        0.0,
        0.0,
        0.0,
        1.0
      ]
    ],
    "location": [
      -14.398912187456745,
      1.7004073587995663,
      1.2668191108131115
    ],
    "rotation": [
      -0.00020461684786476583,
      -0.012315376750151843,
      -3.015604988448625
    ]
  },
  {
    "label_id": "g_Lae-btzGAPjMp5anVtlA",
    "size": [
      1.9640719277707492,
      4.6384649418272845,
      1.400000000000004
    ],
    "obj_class": "vehicle",
    "point_num_in_lidar": 4217,
    "speed": 0.04916066936544005,
    "if_vehicle": true,
    "motion_state": false,
    "pose": [
      [
        -0.9848996599937727,
        0.17269268829670986,
        0.01224316760508315,
        8.306977524332524
      ],
      [
        -0.17268926234073928,
        -0.9849754368138519,
        0.001344449914561943,
        1.557964733468907
      ],
      [
        0.01229139602982796,
        -0.0007901153187051299,
        0.9999241457737786,
        0.48060163471112816
      ],
      [
        0.0,
        0.0,
        0.0,
        1.0
      ]
    ],
    "location": [
      8.306977524332524,
      1.557964733468907,
      0.48060163471112816
    ],
    "rotation": [
      -0.0007901750923821428,
      -0.012291705544978744,
      -2.9680201078146005
    ]
  },
  {
    "label_id": "idZxvTPEN4rPuuDPp1m1jQ",
    "size": [
      0.9168469914272057,
      1.0720597660446636,
      1.650000000000004
    ],
    "obj_class": "pedestrian",
    "point_num_in_lidar": 34,
    "speed": 1.8604477329581957,
    "if_vehicle": false,
    "motion_state": true,
    "pose": [
      [
        -0.9891642364871769,
        0.1463018048478364,
        0.01224316760508315,
        -22.53724270885914
      ],
      [
        -0.14629635438661528,
        -0.9892398946401288,
        0.001344449914561943,
        -0.7238664087017241
      ],
      [
        0.012308125280741824,
        -0.0004612490135350574,
        0.9999241457737786,
        1.1900046091000807
      ],
      [
        0.0,
        0.0,
        0.0,
        1.0
      ]
    ],
    "location": [
      -22.53724270885914,
      -0.7238664087017241,
      1.1900046091000807
    ],
    "rotation": [
      -0.0004612839711584563,
      -0.012308436061471336,
      -2.994758150840906
    ]
  },
  {
    "label_id": "llDxFjojX6EWsJwNE3HgHA",
    "size": [
      2.058374700135472,
      4.683878169405639,
      1.459999999999999
    ],
    "obj_class": "vehicle",
    "point_num_in_lidar": 1441,
    "speed": 0.008085777909908247,
    "if_vehicle": true,
    "motion_state": false,
    "pose": [
      [
        -0.9849452275422065,
        0.17243260593294107,
        0.01224316760508315,
        2.030443593271002
      ],
      [
        -0.17242915996717517,
        -0.9850210034549728,
        0.001344449914561943,
        0.31427599431117414
      ],
      [
        0.012291604242140658,
        -0.0007868695784645062,
        0.9999241457737786,
        0.6539790878289615
      ],
      [
        0.0,
        0.0,
        0.0,
        1.0
      ]
    ],
    "location": [
      2.030443593271002,
      0.31427599431117414,
      0.6539790878289615
    ],
    "rotation": [
      -0.0007869291079381312,
      -0.012291913773021683,
      -2.9682841914813
    ]
  },
  {
    "label_id": "o0-L9qUfJleQFtgDWVc_Gg",
    "size": [
      0.8516784965925279,
      0.5598271903077685,
      1.7800000000000047
    ],
    "obj_class": "pedestrian",
    "point_num_in_lidar": 54,
    "speed": 2.8421709430404007e-13,
    "if_vehicle": false,
    "motion_state": false,
    "pose": [
      [
        -0.6281392649863036,
        -0.7780046070747011,
        0.01224316760508315,
        32.524272399462006
      ],
      [
        0.7780725608196382,
        -0.6281729718429453,
        0.001344449914561943,
        -43.56839196016699
      ],
      [
        0.006644838751745976,
        0.01037057455217492,
        0.9999241457737786,
        0.6981925251435861
      ],
      [
        0.0,
        0.0,
        0.0,
        1.0
      ]
    ],
    "location": [
      32.524272399462006,
      -43.56839196016699,
      0.6981925251435861
    ],
    "rotation": [
      0.010370989422133499,
      -0.006644887651955326,
      2.249973666146111
    ]
  },
  {
    "label_id": "s6kR0GUKpEmP8E_Wb7TDOg",
    "size": [
      0.9387171352706539,
      1.1357424908506306,
      1.7600000000000051
    ],
    "obj_class": "pedestrian",
    "point_num_in_lidar": 78,
    "speed": 1.1665154568565288,
    "if_vehicle": false,
    "motion_state": true,
    "pose": [
      [
        -0.9826104129013641,
        0.18527515026253405,
        0.01224316760508315,
        -15.589706303657522
      ],
      [
        -0.18527269375077626,
        -0.9826862273405271,
        0.001344449914561943,
        -18.837182933004442
      ],
      [
        0.012280285344477834,
        -0.0009472541565630806,
        0.9999241457737786,
        1.239815100796923
      ],
      [
        0.0,
        0.0,
        0.0,
        1.0
      ]
    ],
    "location": [
      -15.589706303657522,
      -18.837182933004442,
      1.239815100796923
    ],
    "rotation": [
      -0.0009473257318599172,
      -0.012280594020999744,
      -2.955229082668672
    ]
  },
  {
    "label_id": "tDcGc5KzG0YzgDZq8KCvjQ",
    "size": [
      0.775539770264787,
      0.9284619175747324,
      1.6000000000000032
    ],
    "obj_class": "pedestrian",
    "point_num_in_lidar": 21,
    "speed": 1.4702736468798312,
    "if_vehicle": false,
    "motion_state": true,
    "pose": [
      [
        0.7409246947023221,
        -0.6714765086190765,
        0.01224316760508315,
        36.7978134878299
      ],
      [
        0.6715140351253803,
        0.740990616056679,
        0.001344449914561943,
        -55.68657377483214
      ],
      [
        -0.00997483884081901,
        0.007225322738716354,
        0.9999241457737786,
        0.7029176124524454
      ],
      [
        0.0,
        0.0,
        0.0,
        1.0
      ]
    ],
    "location": [
      36.7978134878299,
      -55.68657377483214,
      0.7029176124524454
    ],
    "rotation": [
      0.007225745093528605,
      0.00997500425999704,
      0.7362952438354365
    ]
  },
  {
    "label_id": "vFt_3_EsR1rNFG8rGPQh6w",
    "size": [
      2.3244826565825734,
      4.583314384500328,
      1.5100000000000033
    ],
    "obj_class": "vehicle",
    "point_num_in_lidar": 38,
    "speed": 2.929642751054232e-13,
    "if_vehicle": true,
    "motion_state": false,
    "pose": [
      [
        0.7500579342754417,
        -0.6612587996219416,
        0.01224316760508315,
        37.151637481097396
      ],
      [
        0.6612954191275492,
        0.7501243637526689,
        0.001344449914561943,
        -45.59967441457775
      ],
      [
        -0.010072927646735338,
        0.007087935327199169,
        0.9999241457737786,
        0.3649874888197111
      ],
      [
        0.0,
        0.0,
        0.0,
        1.0
      ]
    ],
    "location": [
      37.151637481097396,
      -45.59967441457775,
      0.3649874888197111
    ],
    "rotation": [
      0.007088354297879789,
      0.01007309799421916,
      0.7225891140495524
    ]
  },
  {
    "label_id": "zVM5dN-2y4cd8zrNhglfhw",
    "size": [
      2.084118512297408,
      4.555342182430781,
      1.7400000000000002
    ],
    "obj_class": "vehicle",
    "point_num_in_lidar": 127,
    "speed": 1.7979827662036638,
    "if_vehicle": true,
    "motion_state": true,
    "pose": [
      [
        0.9764845900796945,
        0.21523928587477897,
        0.01224316760508315,
        -43.631464121106546
      ],
      [
        -0.21527130044415022,
        0.9765533573028724,
        0.001344449914561943,
        -19.068759436078835
      ],
      [
        -0.011666727989260998,
        -0.003948437235605642,
        0.9999241457737786,
        1.5222017416693312
      ],
      [
        0.0,
        0.0,
        0.0,
        1.0
      ]
    ],
    "location": [
      -43.631464121106546,
      -19.068759436078835,
      1.5222017416693312
    ],
    "rotation": [
      -0.0039487162405811025,
      0.011666992670140387,
      -0.21698463918979866
    ]
  },
  {
    "label_id": "zVVJtTwvTo5uy6ml0zAS_w",
    "size": [
      0.917598878106152,
      0.9965206057023652,
      1.7600000000000033
    ],
    "obj_class": "pedestrian",
    "point_num_in_lidar": 45,
    "speed": 1.2994369345411632,
    "if_vehicle": false,
    "motion_state": true,
    "pose": [
      [
        -0.9855460781947999,
        0.16896458978686402,
        0.01224316760508315,
        -27.641596427424474
      ],
      [
        -0.16896087711579336,
        -0.9856218415085418,
        0.001344449914561943,
        -19.558995164670705
      ],
      [
        0.012294297829122721,
        -0.0007435989966046589,
        0.9999241457737786,
        1.4165497437036905
      ],
      [
        0.0,
        0.0,
        0.0,
        1.0
      ]
    ],
    "location": [
      -27.641596427424474,
      -19.558995164670705,
      1.4165497437036905
    ],
    "rotation": [
      -0.0007436552689238314,
      -0.012294607563549732,
      -2.9718044035287137
    ]
  }
]