[
  {
    "label_id": "-lGbuKX8skc2bchJBBkNgg",
    "size": [
      0.4969170111981949,
      0.059578854588236294,
      0.6000000000000032
    ],
    "obj_class": "sign",
    "point_num_in_lidar": 51,
    "speed": 0.011906167374545754,
    "if_vehicle": false,
    "motion_state": false,
    "pose": [
      [
        -0.9916488933662424,
        0.12768815490311664,
        0.01811649477532734,
        1.232737455716915
      ],
      [
        -0.12757438592939405,
        -0.9918020879013698,
        0.007307153291229607,
        -14.192064589797155
      ],
      [
        0.018901014264975265,
        0.004934929778749874,
        0.9998091808579445,
        2.6936138747947336
      ],
      [
        0.0,
        0.0,
        0.0,
        1.0
      ]
    ],
    "location": [
      1.232737455716915,
      -14.192064589797155,
      2.6936138747947336
    ],
    "rotation": [
      0.004935831554195039,
      -0.01890213983859636,
      -3.0136466763343916
    ]
  },
  {
    "label_id": "17uCnxYTYb0tHvESLUeCJA",
    "size": [
      0.8889410461045635,
      0.9589459079899387,
      1.650000000000004
    ],
    "obj_class": "pedestrian",
    "point_num_in_lidar": 47,
    "speed": 1.506411978246127,
    "if_vehicle": false,
    "motion_state": true,
    "pose": [
      [
        -0.9876392469156512,
        0.15569364331577845,
        0.01811649477532734,
        -21.782204787485625
      ],
      [
        -0.15558425420136113,
        -0.987795598975509,
        0.007307153291229607,
        -0.3591426434668392
      ],
      [
        0.01903307112610957,
        0.00439819004528507,
        0.9998091808579445,
        1.2013617939541739
      ],
      [
        0.0,
        0.0,
        0.0,
        1.0
      ]
    ],
    "location": [
      -21.782204787485625,
      -0.3591426434668392,
      1.2013617939541739
    ],
    "rotation": [
      0.0043990010887615515,
      -0.019034220459880333,
      -2.9853452351471623
    ]
  },
  {
    "label_id": "7EgtlAH6ywce4f682WJLHA",
    "size": [
      2.035703108574999,
      4.55947893137863,
      1.4400000000000048
    ],
    "obj_class": "vehicle",
    "point_num_in_lidar": 33,
    "speed": 0.02536303387442354,
    "if_vehicle": true,
    "motion_state": false,
    "pose": [
      [
        0.9828073360150742,
        -0.1837431165840193,
        0.01811649477532734,
        -60.552602243908495
      ],
      [
        0.18363822226100224,
        0.9829667384177336,
        0.007307153291229607,
        -22.4800021359315
      ],
      [
        -0.01915055089995313,
        -0.0038546429658653024,
        0.9998091808579445,
        1.6340143921773223
      ],
      [
        0.0,
        0.0,
        0.0,
        1.0
      ]
    ],
    "location": [
      -60.552602243908495,
      -22.4800021359315,
      1.6340143921773223
    ],
    "rotation": [
      -0.0038553595440364275,
      0.01915172165017352,
      0.18472061183548616
    ]
  },
  {
    "label_id": "7zRc0M_V6kWZiiTMJvEU4Q",
    "size": [
      0.9750323162899373,
      1.1262346547427113,
      1.8000000000000043
    ],
    "obj_class": "pedestrian",
    "point_num_in_lidar": 45,
    "speed": 1.4108981225443318,
    "if_vehicle": false,
    "motion_state": true,
    "pose": [
      [
        -0.978584212953577,
        0.20504811819444635,
        0.01811649477532734,
        -24.258250913946313
      ],
      [
        -0.20494671112971619,
        -0.9787458562404701,
        0.007307153291229607,
        0.05779874013205699
      ],
      [
        0.01922976222267875,
        0.003437748831027038,
        0.9998091808579445,
        1.3745523890071318
      ],
      [
        0.0,
        0.0,
        0.0,
        1.0
      ]
    ],
    "location": [
      -24.258250913946313,
      0.05779874013205699,
      1.3745523890071318
    ],
    "rotation": [
      0.0034383913942765396,
      -0.019230947562213895,
      -2.935144665523826
    ]
  },
  {
    "label_id": "8V4foKFdLBczw0yCOtZanw",
    "size": [
      2.2119740933891934,
      4.43889582269016,
      1.5800000000000036
    ],
    "obj_class": "vehicle",
    "point_num_in_lidar": 3037,
    "speed": 1.595954222123812,
    "if_vehicle": true,
    "motion_state": true,
    "pose": [
      [
        0.9848835089575615,
        -0.17226800747816243,
        0.01811649477532734,
        10.963858370065282
      ],
      [
        0.17216126115846905,
        0.985041677121889,
        0.007307153291229607,
        -4.443264209159679
      ],
      [
        -0.01910429113487601,
        -0.004077736185665838,
        0.9998091808579445,
        0.627505092644288
      ],
      [
        0.0,
        0.0,
        0.0,
        1.0
      ]
    ],
    "location": [
      10.963858370065282,
      -4.443264209159679,
      0.627505092644288
    ],
    "rotation": [
      -0.0040784918301348125,
      0.01910545342051157,
      0.1730551731791196
    ]
  },
  {
    "label_id": "CWSv1DRZP1IrZmTidTdj-w",
    "size": [
      0.44226996511506816,
      0.07457283692242789,
      0.49000000000000377
    ],
    "obj_class": "sign",
    "point_num_in_lidar": 56,
    "speed": 0.022106934138401972,
    "if_vehicle": false,
    "motion_state": false,
    "pose": [
      [
        -0.9972702795047068,
        0.07158059956202817,
        0.01811649477532734,
        0.17916341077193465
      ],
      [
        -0.07145837513571285,
        -0.997416816648758,
        0.007307153291229607,
        -14.726079300306083
      ],
      [
        0.01859274696131872,
        0.005992631525328765,
        0.9998091808579445,
        2.731463136829122
      ],
      [
        0.0,
        0.0,
        0.0,
        1.0
      ]
    ],
    "location": [
      0.17916341077193465,
      -14.726079300306083,
      2.731463136829122
    ],
    "rotation": [
      0.005993703477785718,
      -0.018593818349851486,
      -3.07006093753898
    ]
  },
  {
    "label_id": "GrK6mrV6VkUOh1nnhsA3qA",
    "size": [
      0.7759055552805888,
      0.7686219955496099,
      1.8600000000000048
    ],
    "obj_class": "pedestrian",
    "point_num_in_lidar": 33,
    "speed": 1.1374233532693354e-12,
    "if_vehicle": false,
    "motion_state": false,
    "pose": [
      [
        -0.7221645668232356,
        0.6914840063530493,
        0.01811649477532734,
        35.745782756307335
      ],
      [
        -0.6914834077792784,
        -0.7223553850264663,
        0.007307153291229607,
        -51.50434566982585
      ],
      [
        0.018139327191616872,
        -0.007250288352987035,
        0.9998091808579445,
        0.7002511730738341
      ],
      [
        0.0,
        0.0,
        0.0,
        1.0
      ]
    ],
    "location": [
      35.745782756307335,
      -51.50434566982585,
      0.7002511730738341
    ],
    "rotation": [
      -0.007251545000895984,
      -0.018140322085098057,
      -2.3778946189158785
    ]
  },
  {
    "label_id": "LGE6aZngIxf-g4ygRGDNeA",
    "size": [
      0.8908187372473835,
      0.9613914346561343,
      1.6300000000000043
    ],
    "obj_class": "pedestrian",
    "point_num_in_lidar": 23,
    "speed": 0.031872525501592454,
    "if_vehicle": false,
    "motion_state": false,
    "pose": [
      [
        0.5486194011001643,
        -0.8358759150457397,
        0.01811649477532734,
        -43.996251054759796
      ],
      [
        0.8359181421878248,
        0.5488054892874468,
        0.007307153291229607,
        -7.17233958714678
      ],
      [
        -0.01605030522303303,
        0.011135060593165588,
        0.9998091808579445,
        1.501570886618218
      ],
      [
        0.0,
        0.0,
        0.0,
        1.0
      ]
    ],
    "location": [
      -43.996251054759796,
      -7.17233958714678,
      1.501570886618218
    ],
    "rotation": [
      0.011136725341641587,
      0.01605099442893394,
      0.9899997371768056
    ]
  },
  {
    "label_id": "NMF9Nrf43a912J1uRSKvAA",
    "size": [
      0.9757377133141547,
      0.9462817931777863,
      1.6100000000000048
    ],
    "obj_class": "pedestrian",
    "point_num_in_lidar": 22,
    "speed": 1.2751732301276069,
    "if_vehicle": false,
    "motion_state": true,
    "pose": [
      [
        -0.9896891350281146,
        0.1420816970068902,
        0.01811649477532734,
        -37.17660963373214
      ],
      [
        -0.1419701657038349,
        -0.989843966269838,
        0.007307153291229607,
        -2.0243583447972924
      ],
      [
        0.018970715783224203,
        0.004659808455088988,
        0.9998091808579445,
        1.4668877167225425
      ],
      [
        0.0,
        0.0,
        0.0,
        1.0
      ]
    ],
    "location": [
      -37.17660963373214,
      -2.0243583447972924,
      1.4668877167225425
    ],
    "rotation": [
      0.00466066405916456,
      -0.018971853856552614,
      -2.999115380612355
    ]
  },
  {
    "label_id": "O2XNeS9LcyFvcLdYZisPjQ",
    "size": [
      2.0579282835711368,
      4.975976130770658,
      1.5200000000000031
    ],
    "obj_class": "vehicle",
    "point_num_in_lidar": 151,
    "speed": 0.023420584254876,
    "if_vehicle": true,
    "motion_state": false,
    "pose": [
      [
        0.9896596815121173,
        -0.1422867084670594,
        0.01811649477532734,
        -28.297003007311105
      ],
      [
        0.14217520923975205,
        0.9898145358542736,
        0.007307153291229607,
        -17.309177160575928
      ],
      [
        -0.018971680657420307,
        -0.004655878563585472,
        0.9998091808579445,
        1.1501369112119484
      ],
      [
        0.0,
        0.0,
        0.0,
        1.0
      ]
    ],
    "location": [
      -28.297003007311105,
      -17.309177160575928,
      1.1501369112119484
    ],
    "rotation": [
      -0.004656733502927363,
      0.018972818904427778,
      0.14268445842653268
    ]
  },
  {
    "label_id": "OAMynEEqx3osxUHtJS_ELg",
    "size": [
      0.817053775278793,
      0.8340350894805498,
      1.6600000000000037
    ],
    "obj_class": "pedestrian",
    "point_num_in_lidar": 59,
    "speed": 0.26248751297940937,
    "if_vehicle": false,
    "motion_state": false,
    "pose": [
      [
        0.9147969837033263,
        0.4035074611755669,
        0.01811649477532734,
        -29.849849473255745
      ],
      [
        -0.40368405714469313,
        0.9148692734582239,
        0.007307153291229607,
        -3.5400454944774538
      ],
      [
        -0.013625733539748691,
        -0.013997901902419455,
        0.9998091808579445,
        1.3150276596700827
      ],
      [
        0.0,
        0.0,
        0.0,
        1.0
      ]
    ],
    "location": [
      -29.849849473255745,
      -3.5400454944774538,
      1.3150276596700827
    ],
    "rotation": [
      -0.013999658808337615,
      0.0136261552019887,
      -0.41558099080901234
    ]
  },
  {
    "label_id": "P1UuB38YkU4_aXx-wiuAlA",
    "size": [
      0.32199353441771966,
      0.13156426811666824,
      0.44000000000000306
    ],
    "obj_class": "sign",
    "point_num_in_lidar": 41,
    "speed": 0.012013877203867688,
    "if_vehicle": false,
    "motion_state": false,
    "pose": [
      [
        0.8616136015653997,
        0.5072413569638778,
        0.01811649477532734,
        -9.63575188095183
      ],
      [
        -0.5074251667017164,
        0.8616648453479541,
        0.007307153291229607,
        0.32033631480408076
      ],
      [
        -0.011903856317843083,
        -0.01548870804586806,
        0.9998091808579445,
        2.905931000943223
      ],
      [
        0.0,
        0.0,
        0.0,
        1.0
      ]
    ],
    "location": [
      -9.63575188095183,
      0.32033631480408076,
      2.905931000943223
    ],
    "rotation": [
      -0.01549042504029551,
      0.011904137468739678,
      -0.5322357790355728
    ]
  },
  {
    "label_id": "PZVkiiiTmHjez6OdHRP2IA",
    "size": [
      2.1445544839736814,
      4.5633007576846065,
      1.4700000000000042
    ],
    "obj_class": "vehicle",
    "point_num_in_lidar": 3923,
    "speed": 2.0098703057195935,
    "if_vehicle": true,
    "motion_state": true,
    "pose": [
      [
        0.9875088618627254,
        -0.15651849845829774,
        0.01811649477532734,
        3.141839741216245
      ],
      [
        0.1564092399725246,
        0.9876653052335065,
        0.007307153291229607,
        -5.985308660570809
      ],
      [
        -0.019036738003182774,
        -0.004382291451303454,
        0.9998091808579445,
        0.7197584215264108
      ],
      [
        0.0,
        0.0,
        0.0,
        1.0
      ]
    ],
    "location": [
      3.141839741216245,
      -5.985308660570809,
      0.7197584215264108
    ],
    "rotation": [
      -0.0043830997670476725,
      0.01903788800143949,
      0.1570827954068505
    ]
  },
  {
    "label_id": "QmpdBgxGLSxvyzQXu1z3-Q",
    "size": [
      0.9145604087957224,
      1.0514743018973143,
      1.8600000000000048
    ],
    "obj_class": "pedestrian",
    "point_num_in_lidar": 172,
    "speed": 1.3493014236703889,
    "if_vehicle": false,
    "motion_state": true,
    "pose": [
      [
        -0.9877273475194135,
        0.1551337473901765,
        0.01811649477532734,
        -10.627795591890617
      ],
      [
        -0.15502426966080046,
        -0.9878836375438728,
        0.007307153291229607,
        -17.15878894989146
      ],
      [
        0.019030574831017853,
        0.004408978766905143,
        0.9998091808579445,
        1.1707811503482333
      ],
      [
        0.0,
        0.0,
        0.0,
        1.0
      ]
    ],
    "location": [
      -10.627795591890617,
      -17.15878894989146,
      1.1707811503482333
    ],
    "rotation": [
      0.004409791660143192,
      -0.01903172371257389,
      -2.9859122103184226
    ]
  },
  {
    "label_id": "W_9pz6y0uZhT8Gzg3NsiGA",
    "size": [
      2.1572539104067756,
      4.864886469337955,
      1.480000000000004
    ],
    "obj_class": "vehicle",
    "point_num_in_lidar": 2521,
    "speed": 0.05426855820518961,
    "if_vehicle": true,
    "motion_state": false,
    "pose": [
      [
        0.9878278512069428,
        -0.1544924884806044,
        0.01811649477532734,
        2.196535895903253
      ],
      [
        0.15438290931182305,
        0.9879840701262322,
        0.007307153291229607,
        -11.458564025309897
      ],
      [
        -0.019027708540219835,
        -0.004421332364167604,
        0.9998091808579445,
        0.6465687085514524
      ],
      [
        0.0,
        0.0,
        0.0,
        1.0
      ]
    ],
    "location": [
      2.196535895903253,
      -11.458564025309897,
      0.6465687085514524
    ],
    "rotation": [
      -0.004422147374208953,
      0.01902885690268114,
      0.1550311384400792
    ]
  },
  {
    "label_id": "YurWdc7QEzz9ED-TzDYktQ",
    "size": [
      2.426513934801706,
      5.3769130872342465,
      1.9100000000000037
    ],
    "obj_class": "vehicle",
    "point_num_in_lidar": 123,
    "speed": 0.01553653916601287,
    "if_vehicle": true,
    "motion_state": false,
    "pose": [
      [
        0.9823608699792462,
        -0.18611532379327098,
        0.01811649477532734,
        -34.471412208604306
      ],
      [
        0.186010814613212,
        0.9825205251584863,
        0.007307153291229607,
        -18.511287231958704
      ],
      [
        -0.01915980116148986,
        -0.0038083975131493896,
        0.9998091808579445,
        1.3976924003569984
      ],
      [
        0.0,
        0.0,
        0.0,
        1.0
      ]
    ],
    "location": [
      -34.471412208604306,
      -18.511287231958704,
      1.3976924003569984
    ],
    "rotation": [
      -0.0038091059444143177,
      0.019160973609233974,
      0.18713528957486397
    ]
  },
  {
    "label_id": "ZzZvKWTkFasK010z8-d2jQ",
    "size": [
      0.6600576835458796,
      0.7563223923365557,
      1.4500000000000046
    ],
    "obj_class": "pedestrian",
    "point_num_in_lidar": 29,
    "speed": 1.9858879800422433e-27,
    "if_vehicle": false,
    "motion_state": false,
    "pose": [
      [
        -0.13758222756582383,
        -0.9903246554918651,
        0.01811649477532734,
        23.530005916051323
      ],
      [
        0.990478978239951,
        -0.13746999372779814,
        0.007307153291229607,
        -30.601452629533014
      ],
      [
        -0.00474597964262927,
        0.01894934166132795,
        0.9998091808579445,
        0.43822883407056423
      ],
      [
        0.0,
        0.0,
        0.0,
        1.0
      ]
    ],
    "location": [
      23.530005916051323,
      -30.601452629533014,
      0.43822883407056423
    ],
    "rotation": [
      0.018950689344282477,
      0.004745997459472748,
      1.7088179041398304
    ]
  },
  {
    "label_id": "bY1X4-breOuP-79CNrGS-w",
    "size": [
      0.8784205207556692,
      0.9302074121880761,
      1.650000000000004
    ],
    "obj_class": "pedestrian",
    "point_num_in_lidar": 53,
    "speed": 1.1359889081941177,
    "if_vehicle": false,
    "motion_state": true,
    "pose": [
      [
        -0.9890024611847732,
        0.14678530031142917,
        0.01811649477532734,
        -21.49958796485589
      ],
      [
        -0.14667450637205234,
        -0.9891578209220676,
        0.007307153291229607,
        1.0319191296475765
      ],
      [
        0.018992655184983605,
        0.004569564660917493,
        0.9998091808579445,
        1.1462441618168953
      ],
      [
        0.0,
        0.0,
        0.0,
        1.0
      ]
    ],
    "location": [
      -21.49958796485589,
      1.0319191296475765,
      1.1462441618168953
    ],
    "rotation": [
      0.004570404964355529,
      -0.01899379721181215,
      -2.994360327386561
    ]
  },
  {
    "label_id": "cGa1URHMkxxAB6W4qYTHMw",
    "size": [
      1.246123333890364,
      1.1367741460899659,
      1.9100000000000037
    ],
    "obj_class": "pedestrian",
    "point_num_in_lidar": 150,
    "speed": 1.7394306988988986,
    "if_vehicle": false,
    "motion_state": true,
    "pose": [
      [
        -0.9866678585521951,
        0.16173536878827977,
        0.01811649477532734,
        -16.878113868113132
      ],
      [
        -0.16162693864303365,
        -0.9868248771771309,
        0.007307153291229607,
        1.288587557426581
      ],
      [
        0.01905963286389205,
        0.004281619700491468,
        0.9998091808579445,
        1.2718186608584983
      ],
      [
        0.0,
        0.0,
        0.0,
        1.0
      ]
    ],
    "location": [
      -16.878113868113132,
      1.288587557426581,
      1.2718186608584983
    ],
    "rotation": [
      0.004282410692793564,
      -0.019060787016789597,
      -2.9792238512704325
    ]
  },
  {
    "label_id": "g_Lae-btzGAPjMp5anVtlA",
    "size": [
      1.9640719277707495,
      4.6384649418272845,
      1.400000000000004
    ],
    "obj_class": "vehicle",
    "point_num_in_lidar": 3244,
    "speed": 0.0491606693655487,
    "if_vehicle": true,
    "motion_state": false,
    "pose": [
      [
        -0.9848118330862979,
        0.17267728869269697,
        0.01811649477532734,
        8.23329007170787
      ],
      [
        -0.1725706081134583,
        -0.9849700455984078,
        0.007307153291229607,
        1.5606759317834076
      ],
      [
        0.01910598410332894,
        0.004069796507115874,
        0.9998091808579445,
        0.5194862752912215
      ],
      [
        0.0,
        0.0,
        0.0,
        1.0
      ]
    ],
    "location": [
      8.23329007170787,
      1.5606759317834076,
      0.5194862752912215
    ],
    "rotation": [
      0.004070550768089865,
      -0.01910714669802117,
      -2.968121829809826
    ]
  },
  {
    "label_id": "idZxvTPEN4rPuuDPp1m1jQ",
    "size": [
      0.9168469914271684,
      1.0720597660446636,
      1.650000000000004
    ],
    "obj_class": "pedestrian",
    "point_num_in_lidar": 31,
    "speed": 1.9352972697783608,
    "if_vehicle": false,
    "motion_state": true,
    "pose": [
      [
        -0.993648040746037,
        0.11106468267913774,
        0.01811649477532734,
        -25.38173529013966
      ],
      [
        -0.11094836435195321,
        -0.9937993086928592,
        0.007307153291229607,
        -1.0738518689922785
      ],
      [
        0.01881572664523634,
        0.005250743088147979,
        0.9998091808579445,
        1.2423828217899384
      ],
      [
        0.0,
        0.0,
        0.0,
        1.0
      ]
    ],
    "location": [
      -25.38173529013966,
      -1.0738518689922785,
      1.2423828217899384
    ],
    "rotation": [
      0.005251696939970794,
      -0.01881683704902014,
      -3.0303956316307867
    ]
  },
  {
    "label_id": "llDxFjojX6EWsJwNE3HgHA",
    "size": [
      2.0583747001354724,
      4.683878169405639,
      1.459999999999999
    ],
    "obj_class": "vehicle",
    "point_num_in_lidar": 5300,
    "speed": 0.024263889583240203,
    "if_vehicle": true,
    "motion_state": false,
    "pose": [
      [
        -0.9848573965713158,
        0.17241722952137206,
        0.01811649477532734,
        2.0228496371660185
      ],
      [
        -0.17231050716765633,
        -0.9850155809074308,
        0.007307153291229607,
        0.3332799399304349
      ],
      [
        0.019104908751287286,
        0.004074841563911061,
        0.9998091808579445,
        0.6626627179359375
      ],
      [
        0.0,
        0.0,
        0.0,
        1.0
      ]
    ],
    "location": [
      2.0228496371660185,
      0.3332799399304349,
      0.6626627179359375
    ],
    "rotation": [
      0.004075596704049537,
      -0.019106071149664304,
      -2.968385939625294
    ]
  },
  {
    "label_id": "o0-L9qUfJleQFtgDWVc_Gg",
    "size": [
      0.8516784965925303,
      0.5598271903077685,
      1.7800000000000047
    ],
    "obj_class": "pedestrian",
    "point_num_in_lidar": 30,
    "speed": 2.8421709430404007e-13,
    "if_vehicle": false,
    "motion_state": false,
    "pose": [
      [
        -0.6280832516365755,
        -0.7779352297143262,
        0.01811649477532734,
        32.524272399462006
      ],
      [
        0.7781253169187158,
        -0.6280665543403234,
        0.007307153291229607,
        -43.56839196016699
      ],
      [
        0.005693872476093819,
        0.018686403837870243,
        0.9998091808579445,
        0.6981925251435861
      ],
      [
        0.0,
        0.0,
        0.0,
        1.0
      ]
    ],
    "location": [
      32.524272399462006,
      -43.56839196016699,
      0.6981925251435861
    ],
    "rotation": [
      0.018687794469048655,
      -0.00569390324260802,
      2.249896942580756
    ]
  },
  {
    "label_id": "s6kR0GUKpEmP8E_Wb7TDOg",
    "size": [
      0.9387171352711312,
      1.1357424908506306,
      1.7600000000000051
    ],
    "obj_class": "pedestrian",
    "point_num_in_lidar": 110,
    "speed": 1.134985489935151,
    "if_vehicle": false,
    "motion_state": true,
    "pose": [
      [
        -0.9738936617534211,
        0.22628064038615553,
        0.01811649477532734,
        -17.18904801501799
      ],
      [
        -0.2261827725170777,
        -0.9740574720863581,
        0.007307153291229607,
        -19.302643862152763
      ],
      [
        0.019299974430060308,
        0.0030187512592144724,
        0.9998091808579445,
        1.312537965327726
      ],
      [
        0.0,
        0.0,
        0.0,
        1.0
      ]
    ],
    "location": [
      -17.18904801501799,
      -19.302643862152763,
      1.312537965327726
    ],
    "rotation": [
      0.003019318229659909,
      -0.019301172802346805,
      -2.9133922902288165
    ]
  },
  {
    "label_id": "tDcGc5KzG0YzgDZq8KCvjQ",
    "size": [
      0.7755397702647242,
      0.9284619175747324,
      1.6000000000000032
    ],
    "obj_class": "pedestrian",
    "point_num_in_lidar": 28,
    "speed": 1.3957717167835901,
    "if_vehicle": false,
    "motion_state": true,
    "pose": [
      [
        0.6898613918202203,
        -0.7237147592062247,
        0.01811649477532734,
        38.25572537425978
      ],
      [
        0.7237228679111338,
        0.6900520385980045,
        0.007307153291229607,
        -54.27232943112176
      ],
      [
        -0.017789618836609938,
        0.008070398615565619,
        0.9998091808579445,
        0.7029176124524472
      ],
      [
        0.0,
        0.0,
        0.0,
        1.0
      ]
    ],
    "location": [
      38.25572537425978,
      -54.27232943112176,
      0.7029176124524472
    ],
    "rotation": [
      0.008071763590592022,
      0.01779055728530391,
      0.8093479218914261
    ]
  },
  {
    "label_id": "vFt_3_EsR1rNFG8rGPQh6w",
    "size": [
      2.324482656582568,
      4.583314384500328,
      1.5100000000000033
    ],
    "obj_class": "vehicle",
    "point_num_in_lidar": 197,
    "speed": 2.929642751054232e-13,
    "if_vehicle": true,
    "motion_state": false,
    "pose": [
      [
        0.7499910490164963,
        -0.6611998328888106,
        0.01811649477532734,
        37.151637481097396
      ],
      [
        0.6611913873804629,
        0.750181681171086,
        0.007307153291229607,
        -45.59967441457957
      ],
      [
        -0.0184221510425362,
        0.00649817075275596,
        0.9998091808579445,
        0.36498748881971643
      ],
      [
        0.0,
        0.0,
        0.0,
        1.0
      ]
    ],
    "location": [
      37.151637481097396,
      -45.59967441457957,
      0.36498748881971643
    ],
    "rotation": [
      0.006499319450317402,
      0.018423193206613456,
      0.722555307675743
    ]
  },
  {
    "label_id": "zVM5dN-2y4cd8zrNhglfhw",
    "size": [
      2.0841185122959005,
      4.555342182430781,
      1.7400000000000002
    ],
    "obj_class": "vehicle",
    "point_num_in_lidar": 121,
    "speed": 0.952212353268105,
    "if_vehicle": true,
    "motion_state": false,
    "pose": [
      [
        0.9929528836029727,
        -0.11711687991744275,
        0.01811649477532734,
        -41.240423024294614
      ],
      [
        0.11700148541910343,
        0.9931048574649616,
        0.007307153291229607,
        -18.73676359656929
      ],
      [
        -0.018847369956163467,
        -0.005136002132154665,
        0.9998091808579445,
        1.5222017416693419
      ],
      [
        0.0,
        0.0,
        0.0,
        1.0
      ]
    ],
    "location": [
      -41.240423024294614,
      -18.73676359656929,
      1.5222017416693419
    ],
    "rotation": [
      -0.005136937181534593,
      0.01884848597223089,
      0.11729101919969306
    ]
  },
  {
    "label_id": "zVVJtTwvTo5uy6ml0zAS_w",
    "size": [
      0.9175988781079998,
      0.9965206057023652,
      1.7600000000000033
    ],
    "obj_class": "pedestrian",
    "point_num_in_lidar": 62,
    "speed": 1.2658643105485887,
    "if_vehicle": false,
    "motion_state": true,
    "pose": [
      [
        -0.9842015495013781,
        0.17612240793306802,
        0.01811649477532734,
        -29.517039242067767
      ],
      [
        -0.17601628164396727,
        -0.9843601343548052,
        0.007307153291229607,
        -19.941970903995752
      ],
      [
        0.019120108663866753,
        0.004002913544896794,
        0.9998091808579445,
        1.429326446023925
      ],
      [
        0.0,
        0.0,
        0.0,
        1.0
      ]
    ],
    "location": [
      -29.517039242067767,
      -19.941970903995752,
      1.429326446023925
    ],
    "rotation": [
      0.004003656131184762,
      -0.019121273839177475,
      -2.9646218870326213
    ]
  }
]