[
  {
    "label_id": "1dV_4md2l_8dieaFKFmDtQ",
    "size": [
      1.9909670536871984,
      4.4638174836953315,
      1.79
    ],
    "obj_class": "vehicle",
    "point_num_in_lidar": 90,
    "speed": 7.574676580285498,
    "if_vehicle": true,
    "motion_state": true,
    "pose": [
      [
        -0.15339072682874724,
        -0.9881308565326377,
        0.00828826224396612,
        -104.24663361923422
      ],
      [
        0.9876907938750934,
        -0.15305164380520633,
        0.032281419158891704,
        -38.154995672910445
      ],
      [
        -0.030629734202837117,
        0.013137910663433705,
        0.9994444530268118,
        2.698761868570365
      ],
      [
        0.0,
        0.0,
        0.0,
        1.0
      ]
    ],
    "location": [
      -104.24663361923422,
      -38.154995672910445,
      2.698761868570365
    ],
    "rotation": [
      0.013144456375909273,
      0.030634525596440094,
      1.7248678950342975
    ]
  },
  {
    "label_id": "7EgtlAH6ywce4f682WJLHA",
    "size": [
      2.0357031085749995,
      4.55947893137863,
      1.4400000000000048
    ],
    "obj_class": "vehicle",
    "point_num_in_lidar": 401,
    "speed": 0.025363034299571888,
    "if_vehicle": true,
    "motion_state": false,
    "pose": [
      [
        0.9829348947994458,
        -0.18376696464429496,
        0.00828826224396612,
        -60.382891339671005
      ],
      [
        0.18341448219304363,
        0.9825054899077896,
        0.032281419158891704,
        -22.419767179444534
      ],
      [
        -0.014075521569731885,
        -0.030210346017164838,
        0.9994444530268118,
        1.6340143921772352
      ],
      [
        0.0,
        0.0,
        0.0,
        1.0
      ]
    ],
    "location": [
      -60.382891339671005,
      -22.419767179444534,
      1.6340143921772352
    ],
    "rotation": [
      -0.030217937679611312,
      0.014075986385616848,
      0.18447722504346545
    ]
  },
  {
    "label_id": "CylGTHfEnRj7dRsPPu8M5g",
    "size": [
      1.8917129179512506,
      4.033344322490808,
      1.4900000000000038
    ],
    "obj_class": "vehicle",
    "point_num_in_lidar": 243,
    "speed": 1.4228607195221901e-12,
    "if_vehicle": true,
    "motion_state": false,
    "pose": [
      [
        -0.9874518825969744,
        0.1577025182572123,
        0.00828826224396612,
        -71.16572121073
      ],
      [
        -0.15736151756316577,
        -0.9870133042504065,
        0.032281419158891704,
        -11.156845244962824
      ],
      [
        0.01327148619818473,
        0.030572094596677656,
        0.9994444530268118,
        1.8832067220774285
      ],
      [
        0.0,
        0.0,
        0.0,
        1.0
      ]
    ],
    "location": [
      -71.16572121073,
      -11.156845244962824,
      1.8832067220774285
    ],
    "rotation": [
      0.030579552966437547,
      -0.01327187581873297,
      -2.9835603077122235
    ]
  },
  {
    "label_id": "GGpSECh4csvMrhW8zIOq8Q",
    "size": [
      0.4882863719261653,
      0.079089428634823,
      0.5100000000000033
    ],
    "obj_class": "sign",
    "point_num_in_lidar": 97,
    "speed": 0.006116395647248617,
    "if_vehicle": false,
    "motion_state": false,
    "pose": [
      [
        0.9998515864835092,
        -0.015103301473014743,
        0.00828826224396612,
        -52.63777041742128
      ],
      [
        0.01482841236315829,
        0.999368814884613,
        0.032281419158891704,
        -6.3101126060355455
      ],
      [
        -0.008770586821738799,
        -0.032153726389629496,
        0.9994444530268118,
        3.389078574101114
      ],
      [
        0.0,
        0.0,
        0.0,
        1.0
      ]
    ],
    "location": [
      -52.63777041742128,
      -6.3101126060355455,
      3.389078574101114
    ],
    "rotation": [
      -0.03216050678363287,
      0.00877069926922202,
      0.014829526253339253
    ]
  },
  {
    "label_id": "GpOaV2-NWHwc6MJRZBp45A",
    "size": [
      0.8710197687499736,
      1.1460911671396543,
      1.7800000000000047
    ],
    "obj_class": "pedestrian",
    "point_num_in_lidar": 105,
    "speed": 1.6376041714138816,
    "if_vehicle": false,
    "motion_state": true,
    "pose": [
      [
        -0.9908599541870788,
        0.13463972629708995,
        0.00828826224396612,
        -64.1496927752844
      ],
      [
        -0.1343090426178757,
        -0.9904135454688398,
        0.032281419158891704,
        -6.729048791099558
      ],
      [
        0.01255516863485682,
        0.03087317694192035,
        0.9994444530268118,
        2.1362813833732304
      ],
      [
        0.0,
        0.0,
        0.0,
        1.0
      ]
    ],
    "location": [
      -64.1496927752844,
      -6.729048791099558,
      2.1362813833732304
    ],
    "rotation": [
      0.030880518276634353,
      -0.012555498508190042,
      -3.0068658153995
    ]
  },
  {
    "label_id": "IW-rVM1tCUwHE-S701Z5CQ",
    "size": [
      0.4836891188408533,
      0.08585010331879363,
      0.5200000000000031
    ],
    "obj_class": "sign",
    "point_num_in_lidar": 29,
    "speed": 0.0127305573074911,
    "if_vehicle": false,
    "motion_state": false,
    "pose": [
      [
        0.9788793078903298,
        -0.20427091151978538,
        0.00828826224396612,
        -68.61612973886167
      ],
      [
        0.20390953117639313,
        0.9784573639523142,
        0.032281419158891704,
        -8.879220395187076
      ],
      [
        -0.014703866143715653,
        -0.029909557575539418,
        0.9994444530268118,
        3.87539186112841
      ],
      [
        0.0,
        0.0,
        0.0,
        1.0
      ]
    ],
    "location": [
      -68.61612973886167,
      -8.879220395187076,
      3.87539186112841
    ],
    "rotation": [
      -0.029917254045330924,
      0.014704396033598506,
      0.20537222599876595
    ]
  },
  {
    "label_id": "IzWh0PLVTsHFYL2u5a9nWg",
    "size": [
      0.47111895253877084,
      0.07851021281441528,
      0.5100000000000033
    ],
    "obj_class": "sign",
    "point_num_in_lidar": 88,
    "speed": 0.0430934831683488,
    "if_vehicle": false,
    "motion_state": false,
    "pose": [
      [
        0.9969532210520327,
        -0.07756016853354555,
        0.00828826224396612,
        -32.01829330096734
      ],
      [
        0.07725564563477227,
        0.9964885725359034,
        0.032281419158891704,
        -19.927057559145396
      ],
      [
        -0.010762910922758688,
        -0.031542749759739974,
        0.9994444530268118,
        3.330932396773383
      ],
      [
        0.0,
        0.0,
        0.0,
        1.0
      ]
    ],
    "location": [
      -32.01829330096734,
      -19.927057559145396,
      3.330932396773383
    ],
    "rotation": [
      -0.03154981068194686,
      0.010763118729976219,
      0.07733719044695028
    ]
  },
  {
    "label_id": "LGE6aZngIxf-g4ygRGDNeA",
    "size": [
      0.8908187372477797,
      0.9613914346561343,
      1.6300000000000043
    ],
    "obj_class": "pedestrian",
    "point_num_in_lidar": 993,
    "speed": 0.024955673533025656,
    "if_vehicle": false,
    "motion_state": false,
    "pose": [
      [
        0.4941127063647291,
        -0.8693583485064708,
        0.00828826224396612,
        -43.969276346689185
      ],
      [
        0.8688028585245972,
        0.4941047490123696,
        0.032281419158891704,
        -7.093979683613725
      ],
      [
        -0.03215939098322282,
        -0.008749793456134943,
        0.9994444530268118,
        1.4835724807504267
      ],
      [
        0.0,
        0.0,
        0.0,
        1.0
      ]
    ],
    "location": [
      -43.969276346689185,
      -7.093979683613725,
      1.4835724807504267
    ],
    "rotation": [
      -0.00875443342562252,
      0.032164936913376525,
      1.0536882272474655
    ]
  },
  {
    "label_id": "NMF9Nrf43a912J1uRSKvAA",
    "size": [
      0.9757377133138095,
      0.9462817931777863,
      1.6100000000000048
    ],
    "obj_class": "pedestrian",
    "point_num_in_lidar": 238,
    "speed": 1.291927703531692,
    "if_vehicle": false,
    "motion_state": true,
    "pose": [
      [
        -0.9858091497516837,
        0.16766521694984213,
        0.00828826224396612,
        -46.02468171252008
      ],
      [
        -0.16731980512060837,
        -0.9853740369988898,
        0.032281419158891704,
        -3.3683891271466564
      ],
      [
        0.01357950957376674,
        0.030436527950355837,
        0.9994444530268118,
        1.6497437449495624
      ],
      [
        0.0,
        0.0,
        0.0,
        1.0
      ]
    ],
    "location": [
      -46.02468171252008,
      -3.3683891271466564,
      1.6497437449495624
    ],
    "rotation": [
      0.030444037204223354,
      -0.013579926958968518,
      -2.9734664840218676
    ]
  },
  {
    "label_id": "Sg1SkSVG4WLFDebcJd5QIQ",
    "size": [
      0.541944535537609,
      0.10259448914598271,
      0.570000000000003
    ],
    "obj_class": "sign",
    "point_num_in_lidar": 28,
    "speed": 0.026146668554429913,
    "if_vehicle": false,
    "motion_state": false,
    "pose": [
      [
        0.9933614508699092,
        -0.11473592564931158,
        0.00828826224396612,
        -73.98263339930668
      ],
      [
        0.11441426349604378,
        0.9929084984457258,
        0.032281419158891704,
        -26.66682938964732
      ],
      [
        -0.011933324527849662,
        -0.0311188219515109,
        0.9994444530268118,
        3.9749547594702737
      ],
      [
        0.0,
        0.0,
        0.0,
        1.0
      ]
    ],
    "location": [
      -73.98263339930668,
      -26.66682938964732,
      3.9749547594702737
    ],
    "rotation": [
      -0.031126063657645104,
      0.011933607771991176,
      0.11467357249392131
    ]
  },
  {
    "label_id": "Sx94Y1SFnd1yLexKQjbZ2Q",
    "size": [
      3.3930136254968764,
      10.123527607233386,
      3.700000000000001
    ],
    "obj_class": "vehicle",
    "point_num_in_lidar": 181,
    "speed": 7.758083550245113,
    "if_vehicle": true,
    "motion_state": true,
    "pose": [
      [
        -0.15619345382906072,
        -0.9876917078167278,
        0.00828826224396612,
        -112.97738553826957
      ],
      [
        0.987252608914537,
        -0.15585312370474996,
        0.032281419158891704,
        -8.10706885196305
      ],
      [
        -0.030592338458987123,
        0.013224754876654313,
        0.9994444530268118,
        3.8159390012948293
      ],
      [
        0.0,
        0.0,
        0.0,
        1.0
      ]
    ],
    "location": [
      -112.97738553826957,
      -8.10706885196305,
      3.8159390012948293
    ],
    "rotation": [
      0.013231333750417695,
      0.030597112319694628,
      1.7277059994120207
    ]
  },
  {
    "label_id": "TpULvZQyo_g5v2ED23CK4Q",
    "size": [
      0.911725064488317,
      1.0929633263942455,
      1.8700000000000045
    ],
    "obj_class": "pedestrian",
    "point_num_in_lidar": 154,
    "speed": 1.4296009066899804,
    "if_vehicle": false,
    "motion_state": true,
    "pose": [
      [
        0.9979161355018794,
        -0.06398977429222522,
        0.00828826224396612,
        -37.58869454727778
      ],
      [
        0.06369160096452763,
        0.9974473870554093,
        0.032281419158891704,
        -22.257784199868183
      ],
      [
        -0.010332786244284202,
        -0.03168625636402549,
        0.9994444530268118,
        1.6896940550532253
      ],
      [
        0.0,
        0.0,
        0.0,
        1.0
      ]
    ],
    "location": [
      -37.58869454727778,
      -22.257784199868183,
      1.6896940550532253
    ],
    "rotation": [
      -0.031693253527737,
      0.010332970118973382,
      0.06373814912230297
    ]
  },
  {
    "label_id": "WhYQg_C0P0Z6-piDAr0CVQ",
    "size": [
      1.9435251000595954,
      4.317106775999505,
      1.3900000000000041
    ],
    "obj_class": "vehicle",
    "point_num_in_lidar": 85,
    "speed": 0.019778554023615405,
    "if_vehicle": true,
    "motion_state": false,
    "pose": [
      [
        0.9880285999130117,
        -0.15404801349874409,
        0.00828826224396612,
        -77.39028570390997
      ],
      [
        0.15370863781343858,
        0.9875887629163391,
        0.032281419158891704,
        -25.1865032345886
      ],
      [
        -0.013158283150592266,
        -0.03062098787540426,
        0.9994444530268118,
        1.872747134428634
      ],
      [
        0.0,
        0.0,
        0.0,
        1.0
      ]
    ],
    "location": [
      -77.39028570390997,
      -25.1865032345886,
      1.872747134428634
    ],
    "rotation": [
      -0.030628427617962903,
      0.01315866288528128,
      0.1543338954656607
    ]
  },
  {
    "label_id": "YurWdc7QEzz9ED-TzDYktQ",
    "size": [
      2.4265139348017066,
      5.3769130872342465,
      1.9100000000000037
    ],
    "obj_class": "vehicle",
    "point_num_in_lidar": 3546,
    "speed": 0.009697527091649344,
    "if_vehicle": true,
    "motion_state": false,
    "pose": [
      [
        0.9824883708166909,
        -0.18613947974285233,
        0.00828826224396612,
        -34.43817551581424
      ],
      [
        0.18578596162804722,
        0.9820598181572392,
        0.032281419158891704,
        -18.444210242185363
      ],
      [
        -0.014148415879745926,
        -0.030176276145849543,
        0.9994444530268118,
        1.4225265453644411
      ],
      [
        0.0,
        0.0,
        0.0,
        1.0
      ]
    ],
    "location": [
      -34.43817551581424,
      -18.444210242185363,
      1.4225265453644411
    ],
    "rotation": [
      -0.030183879953141486,
      0.014148887955097018,
      0.18689061686437447
    ]
  },
  {
    "label_id": "a5oqi_-tW2nuUd1J4NNsQg",
    "size": [
      2.0504583041654625,
      4.186669464633484,
      1.5300000000000047
    ],
    "obj_class": "vehicle",
    "point_num_in_lidar": 43,
    "speed": 0.007000214266655638,
    "if_vehicle": true,
    "motion_state": false,
    "pose": [
      [
        0.981199715431678,
        -0.1928170717176496,
        0.00828826224396612,
        -83.25534601551476
      ],
      [
        0.1924606471949005,
        0.9807735769577034,
        0.032281419158891704,
        -26.06074218318645
      ],
      [
        -0.014353317320885661,
        -0.030079354976840486,
        0.9994444530268118,
        2.0425223523404767
      ],
      [
        0.0,
        0.0,
        0.0,
        1.0
      ]
    ],
    "location": [
      -83.25534601551476,
      -26.06074218318645,
      2.0425223523404767
    ],
    "rotation": [
      -0.030086992950715676,
      0.014353810206195063,
      0.19368926504570882
    ]
  },
  {
    "label_id": "fSHSyFC6ANX94wcEAGyubA",
    "size": [
      2.830170316775836,
      6.409242601291343,
      1.9100000000000001
    ],
    "obj_class": "vehicle",
    "point_num_in_lidar": 40,
    "speed": 7.047431783884175,
    "if_vehicle": true,
    "motion_state": true,
    "pose": [
      [
        -0.13900339113851223,
        -0.9902572201003985,
        0.00828826224396612,
        -108.65538518635276
      ],
      [
        0.9898122724531283,
        -0.1386707441325025,
        0.032281419158891704,
        -33.386273292680926
      ],
      [
        -0.03081756890424374,
        0.012691050420237255,
        0.9994444530268118,
        2.8287618685703038
      ],
      [
        0.0,
        0.0,
        0.0,
        1.0
      ]
    ],
    "location": [
      -108.65538518635276,
      -33.386273292680926,
      2.8287618685703038
    ],
    "rotation": [
      0.012697422391247324,
      0.03082244901353936,
      1.710317993602756
    ]
  },
  {
    "label_id": "fZf2sS-D5MiFnsxrwl2QKA",
    "size": [
      0.897112121873309,
      0.7020370838765297,
      1.7900000000000045
    ],
    "obj_class": "pedestrian",
    "point_num_in_lidar": 110,
    "speed": 5.684341886080801e-13,
    "if_vehicle": false,
    "motion_state": false,
    "pose": [
      [
        0.8049932749935027,
        0.5932260378002724,
        0.00828826224396612,
        -67.69814372123483
      ],
      [
        -0.5931526011402068,
        0.804442603134428,
        0.032281419158891704,
        -9.393314308639674
      ],
      [
        0.012482747127202229,
        -0.03090252963909491,
        0.9994444530268118,
        2.0616781092743253
      ],
      [
        0.0,
        0.0,
        0.0,
        1.0
      ]
    ],
    "location": [
      -67.69814372123483,
      -9.393314308639674,
      2.0616781092743253
    ],
    "rotation": [
      -0.030909859265495665,
      -0.012483071324747177,
      -0.6350264629956041
    ]
  },
  {
    "label_id": "idZxvTPEN4rPuuDPp1m1jQ",
    "size": [
      0.9168469914271639,
      1.0720597660446636,
      1.650000000000004
    ],
    "obj_class": "pedestrian",
    "point_num_in_lidar": 606,
    "speed": 1.8573541335518757,
    "if_vehicle": false,
    "motion_state": true,
    "pose": [
      [
        -0.992409308412526,
        0.12269910058817653,
        0.00828826224396612,
        -38.32991935800737
      ],
      [
        -0.12237381605320719,
        -0.9919589503208607,
        0.032281419158891704,
        -2.3916220479804906
      ],
      [
        0.012182517012014595,
        0.03102211458280673,
        0.9994444530268118,
        1.4900046091000565
      ],
      [
        0.0,
        0.0,
        0.0,
        1.0
      ]
    ],
    "location": [
      -38.32991935800737,
      -2.3916220479804906,
      1.4900046091000565
    ],
    "rotation": [
      0.03102939595792456,
      -0.012182818374254832,
      -3.018902178149103
    ]
  },
  {
    "label_id": "lXv2x4c0f8VhG--PWjjnSA",
    "size": [
      0.9893577857504976,
      1.329735368185263,
      1.980000000000004
    ],
    "obj_class": "pedestrian",
    "point_num_in_lidar": 33,
    "speed": 1.7993054599085994,
    "if_vehicle": false,
    "motion_state": true,
    "pose": [
      [
        0.0795595372322208,
        0.9967956584698642,
        0.00828826224396612,
        -95.0236354274698
      ],
      [
        -0.9963316216501898,
        0.0792540830304081,
        0.032281419158891704,
        -26.46039137969092
      ],
      [
        0.03152109984276806,
        -0.010826152531673575,
        0.9994444530268118,
        2.4091592782723286
      ],
      [
        0.0,
        0.0,
        0.0,
        1.0
      ]
    ],
    "location": [
      -95.0236354274698,
      -26.46039137969092,
      2.4091592782723286
    ],
    "rotation": [
      -0.010831746673393901,
      -0.031526321965646135,
      -1.49111293829892
    ]
  },
  {
    "label_id": "lmhrkJg9CBuWpz2QHHXInA",
    "size": [
      1.985675073555289,
      4.463052041877781,
      1.7500000000000036
    ],
    "obj_class": "vehicle",
    "point_num_in_lidar": 1091,
    "speed": 0.04156622064902233,
    "if_vehicle": true,
    "motion_state": false,
    "pose": [
      [
        0.9904940018643893,
        -0.13730599760987275,
        0.00828826224396612,
        -51.099525293520855
      ],
      [
        0.13697411368259058,
        0.9900484847511039,
        0.032281419158891704,
        -20.831813206992592
      ],
      [
        -0.012638213937732526,
        -0.030839274673716277,
        0.9994444530268118,
        1.640405913312339
      ],
      [
        0.0,
        0.0,
        0.0,
        1.0
      ]
    ],
    "location": [
      -51.099525293520855,
      -20.831813206992592,
      1.640405913312339
    ],
    "rotation": [
      -0.03084662946530541,
      0.012638550400548289,
      0.13741713122549162
    ]
  },
  {
    "label_id": "nz4jS99ev0vxCepFpx-Y4A",
    "size": [
      0.9198481503039208,
      1.1910221815967144,
      1.83
    ],
    "obj_class": "pedestrian",
    "point_num_in_lidar": 32,
    "speed": 1.2814030534662537,
    "if_vehicle": false,
    "motion_state": true,
    "pose": [
      [
        0.0012797042023692344,
        0.9999648329147028,
        0.00828826224396612,
        -97.06984701647184
      ],
      [
        -0.999478307325325,
        0.001011515294509461,
        0.032281419158891704,
        -23.24446757907208
      ],
      [
        0.03227190021144596,
        -0.008325248986023734,
        0.9994444530268118,
        2.4570505489242827
      ],
      [
        0.0,
        0.0,
        0.0,
        1.0
      ]
    ],
    "location": [
      -97.06984701647184,
      -23.24446757907208,
      2.4570505489242827
    ],
    "rotation": [
      -0.008329683970504745,
      -0.03227750457087238,
      -1.5695159553314089
    ]
  },
  {
    "label_id": "qqAuRhy9s6l_Vs8qs2Ob4A",
    "size": [
      0.9896315697626248,
      1.1548622480809712,
      1.6600000000000037
    ],
    "obj_class": "pedestrian",
    "point_num_in_lidar": 26,
    "speed": 1.3511504098139255,
    "if_vehicle": false,
    "motion_state": true,
    "pose": [
      [
        0.1672392810843669,
        0.9858814977325416,
        0.00828826224396612,
        -92.99475809388059
      ],
      [
        -0.9854462357846966,
        0.16689405727844292,
        0.032281419158891704,
        -40.37523483623772
      ],
      [
        0.030442392155616883,
        -0.013566358162028992,
        0.9994444530268118,
        2.275896822628992
      ],
      [
        0.0,
        0.0,
        0.0,
        1.0
      ]
    ],
    "location": [
      -92.99475809388059,
      -40.37523483623772,
      2.275896822628992
    ],
    "rotation": [
      -0.013573065525768663,
      -0.030447096144160368,
      -1.4026888262376924
    ]
  },
  {
    "label_id": "xDWfAq0CYrYP1r3hfBa-7A",
    "size": [
      1.8053202189238777,
      4.3917578049466295,
      1.5999999999999996
    ],
    "obj_class": "vehicle",
    "point_num_in_lidar": 130,
    "speed": 8.307608218371723,
    "if_vehicle": true,
    "motion_state": true,
    "pose": [
      [
        -0.1522904273221695,
        -0.988301032304938,
        0.00828826224396612,
        -107.07263010766519
      ],
      [
        0.9878605923784269,
        -0.15195183448327104,
        0.032281419158891704,
        -21.78359187726892
      ],
      [
        -0.030644343226351994,
        0.013103798768385808,
        0.9994444530268118,
        2.5103456315980957
      ],
      [
        0.0,
        0.0,
        0.0,
        1.0
      ]
    ],
    "location": [
      -107.07263010766519,
      -21.78359187726892,
      2.5103456315980957
    ],
    "rotation": [
      0.013110331400951166,
      0.030649141481005757,
      1.7237540481070739
    ]
  },
  {
    "label_id": "zVM5dN-2y4cd8zrNhglfhw",
    "size": [
      2.0841185122944386,
      4.555342182430781,
      1.7400000000000002
    ],
    "obj_class": "vehicle",
    "point_num_in_lidar": 2177,
    "speed": 0.650295745759513,
    "if_vehicle": true,
    "motion_state": false,
    "pose": [
      [
        0.9519858937598753,
        -0.30602967632435046,
        0.00828826224396612,
        -44.5497720359092
      ],
      [
        0.30562594716361763,
        0.9516042719520702,
        0.032281419158891704,
        -19.477380090876977
      ],
      [
        -0.017766218014903527,
        -0.028198347671162086,
        0.9994444530268118,
        1.5222017416692992
      ],
      [
        0.0,
        0.0,
        0.0,
        1.0
      ]
    ],
    "location": [
      -44.5497720359092,
      -19.477380090876977,
      1.5222017416692992
    ],
    "rotation": [
      -0.028206539046930445,
      0.01776715276475403,
      0.31064643272084386
    ]
  },
  {
    "label_id": "zVVJtTwvTo5uy6ml0zAS_w",
    "size": [
      0.9175988781061871,
      0.9965206057023652,
      1.7600000000000051
    ],
    "obj_class": "pedestrian",
    "point_num_in_lidar": 268,
    "speed": 1.3092026313161675,
    "if_vehicle": false,
    "motion_state": true,
    "pose": [
      [
        -0.9704419723263729,
        0.24119221184829875,
        0.00828826224396612,
        -37.902827871582076
      ],
      [
        -0.24081511269500003,
        -0.9700340156276904,
        0.032281419158891704,
        -20.912091518952366
      ],
      [
        0.015825923195624966,
        0.029331305271722813,
        0.9994444530268118,
        1.619326446023834
      ],
      [
        0.0,
        0.0,
        0.0,
        1.0
      ]
    ],
    "location": [
      -37.902827871582076,
      -20.912091518952366,
      1.619326446023834
    ],
    "rotation": [
      0.029339188074407985,
      -0.015826583896471652,
      -2.898355984324223
    ]
  }
]