[
  {
    "label_id": "17uCnxYTYb0tHvESLUeCJA",
    "size": [
      0.888941046104469,
      0.9589459079899387,
      1.650000000000004
    ],
    "obj_class": "pedestrian",
    "point_num_in_lidar": 179,
    "speed": 1.5048748848332718,
    "if_vehicle": false,
    "motion_state": true,
    "pose": [
      [
        -0.9966395752710626,
        0.0803150910492162,
        0.01609481759051415,
        -26.207207905916675
      ],
      [
        -0.08028408665730785,
        -0.9967687241872217,
        0.002564354066842192,
        -0.5647301348235487
      ],
      [
        0.016248767126083703,
        0.0012635790178518239,
        0.9998671816471165,
        1.2927921003633607
      ],
      [
        0.0,
        0.0,
        0.0,
        1.0
      ]
    ],
    "location": [
      -26.207207905916675,
      -0.5647301348235487,
      1.2927921003633607
    ],
    "rotation": [
      0.0012637461938715237,
      -0.016249482217552343,
      -3.061211435338555
    ]
  },
  {
    "label_id": "6RWK6duLMc_52HMgNg5Yqw",
    "size": [
      0.32961270965896394,
      0.08470290190792105,
      0.44000000000000306
    ],
    "obj_class": "sign",
    "point_num_in_lidar": 23,
    "speed": 0.011974728689100956,
    "if_vehicle": false,
    "motion_state": false,
    "pose": [
      [
        0.8340030426451437,
        0.5515250508411843,
        0.01609481759051415,
        -22.075727775793666
      ],
      [
        -0.5516291155878013,
        0.8340855729024691,
        0.002564354066842192,
        -1.9113714413288108
      ],
      [
        -0.012010149643654796,
        -0.011017049087168143,
        0.9998671816471165,
        3.1325993518048367
      ],
      [
        0.0,
        0.0,
        0.0,
        1.0
      ]
    ],
    "location": [
      -22.075727775793666,
      -1.9113714413288108,
      3.1325993518048367
    ],
    "rotation": [
      -0.011018066669878384,
      0.01201043839379047,
      -0.5843638496576524
    ]
  },
  {
    "label_id": "72bo1abRb4anrmuqvARPAw",
    "size": [
      0.610021249782557,
      0.06596132314454406,
      0.5300000000000029
    ],
    "obj_class": "sign",
    "point_num_in_lidar": 24,
    "speed": 0.023390049437659054,
    "if_vehicle": false,
    "motion_state": false,
    "pose": [
      [
        0.9969799773813394,
        -0.0759729000857033,
        0.01609481759051415,
        -52.54010665361125
      ],
      [
        0.07594133340659871,
        0.9971089900149571,
        0.002564354066842192,
        -6.689569901369396
      ],
      [
        -0.016243108727457097,
        -0.001334347750798449,
        0.9998671816471165,
        3.9098537784479532
      ],
      [
        0.0,
        0.0,
        0.0,
        1.0
      ]
    ],
    "location": [
      -52.54010665361125,
      -6.689569901369396,
      3.9098537784479532
    ],
    "rotation": [
      -0.0013345242079678358,
      0.016243823072065903,
      0.0760245659917875
    ]
  },
  {
    "label_id": "7EgtlAH6ywce4f682WJLHA",
    "size": [
      2.035703108575,
      4.55947893137863,
      1.4400000000000048
    ],
    "obj_class": "vehicle",
    "point_num_in_lidar": 82,
    "speed": 0.025363033875491995,
    "if_vehicle": true,
    "motion_state": false,
    "pose": [
      [
        0.9828413341418132,
        -0.18374947278582576,
        0.01609481759051415,
        -60.480886004963395
      ],
      [
        0.18373209740080382,
        0.9829730110602841,
        0.002564354066842192,
        -22.45454811721902
      ],
      [
        -0.016291970017232163,
        0.00043678142092135194,
        0.9998671816471165,
        1.634014392177317
      ],
      [
        0.0,
        0.0,
        0.0,
        1.0
      ]
    ],
    "location": [
      -60.480886004963395,
      -22.45454811721902,
      1.634014392177317
    ],
    "rotation": [
      0.00043683941342924484,
      0.01629269082828016,
      0.18480665685383543
    ]
  },
  {
    "label_id": "7zRc0M_V6kWZiiTMJvEU4Q",
    "size": [
      0.9750323162885128,
      1.1262346547427113,
      1.8000000000000043
    ],
    "obj_class": "pedestrian",
    "point_num_in_lidar": 223,
    "speed": 1.4076852777612956,
    "if_vehicle": false,
    "motion_state": true,
    "pose": [
      [
        -0.9901915222476768,
        0.13878654875583807,
        0.01609481759051415,
        -28.26679122329233
      ],
      [
        -0.1387631930226132,
        -0.9903222709554648,
        0.002564354066842192,
        -0.6956978854250337
      ],
      [
        0.01629495415757696,
        0.0003058333770522258,
        0.9998671816471165,
        1.3985523003339964
      ],
      [
        0.0,
        0.0,
        0.0,
        1.0
      ]
    ],
    "location": [
      -28.26679122329233,
      -0.6956978854250337,
      1.3985523003339964
    ],
    "rotation": [
      0.00030587399319438027,
      -0.016295675364814015,
      -3.0023616314562007
    ]
  },
  {
    "label_id": "CylGTHfEnRj7dRsPPu8M5g",
    "size": [
      1.8917129179512515,
      4.033344322490808,
      1.4900000000000038
    ],
    "obj_class": "vehicle",
    "point_num_in_lidar": 42,
    "speed": 1.4228607195221901e-12,
    "if_vehicle": true,
    "motion_state": false,
    "pose": [
      [
        -0.9873578919898595,
        0.15768750734306508,
        0.01609481759051415,
        -71.16572121072977
      ],
      [
        -0.15766665497993185,
        -0.9874890632283778,
        0.002564354066842192,
        -11.156845244962824
      ],
      [
        0.01629782294603383,
        -5.680826255602419e-06,
        0.9998671816471165,
        1.8832067220774746
      ],
      [
        0.0,
        0.0,
        0.0,
        1.0
      ]
    ],
    "location": [
      -71.16572121072977,
      -11.156845244962824,
      1.8832067220774746
    ],
    "rotation": [
      -5.681580873754719e-06,
      -0.016298544534282127,
      -2.9832441388514166
    ]
  },
  {
    "label_id": "GGpSECh4csvMrhW8zIOq8Q",
    "size": [
      0.488286371926166,
      0.079089428634823,
      0.5100000000000033
    ],
    "obj_class": "sign",
    "point_num_in_lidar": 20,
    "speed": 0.02094333127190026,
    "if_vehicle": false,
    "motion_state": false,
    "pose": [
      [
        0.9997564156105841,
        -0.015101863865268576,
        0.01609481759051415,
        -52.681999844723805
      ],
      [
        0.015062497139808924,
        0.9998832658206322,
        0.002564354066842192,
        -6.313873493021674
      ],
      [
        -0.016131665301210445,
        -0.0023213012862997088,
        0.9998671816471165,
        3.3890785741011227
      ],
      [
        0.0,
        0.0,
        0.0,
        1.0
      ]
    ],
    "location": [
      -52.681999844723805,
      -6.313873493021674,
      3.3890785741011227
    ],
    "rotation": [
      -0.002321605467622379,
      0.016132365042047493,
      0.015065027224785418
    ]
  },
  {
    "label_id": "IzWh0PLVTsHFYL2u5a9nWg",
    "size": [
      0.47111895253877123,
      0.07851021281441528,
      0.5100000000000033
    ],
    "obj_class": "sign",
    "point_num_in_lidar": 45,
    "speed": 0.012016498988192707,
    "if_vehicle": false,
    "motion_state": false,
    "pose": [
      [
        0.9968583260600175,
        -0.07755278596896542,
        0.01609481759051415,
        -31.971831329118913
      ],
      [
        0.07752142378450604,
        0.9969873885574697,
        0.002564354066842192,
        -19.946107817680968
      ],
      [
        -0.016245202960969988,
        -0.001308604527328936,
        0.9998671816471165,
        3.3289325042729345
      ],
      [
        0.0,
        0.0,
        0.0,
        1.0
      ]
    ],
    "location": [
      -31.971831329118913,
      -19.946107817680968,
      3.3289325042729345
    ],
    "rotation": [
      -0.0013087776098462257,
      0.01624591758193891,
      0.07760954171967285
    ]
  },
  {
    "label_id": "LGE6aZngIxf-g4ygRGDNeA",
    "size": [
      0.8908187372473847,
      0.9613914346561343,
      1.6300000000000043
    ],
    "obj_class": "pedestrian",
    "point_num_in_lidar": 59,
    "speed": 8.526512829121202e-13,
    "if_vehicle": false,
    "motion_state": false,
    "pose": [
      [
        0.5486383794199731,
        -0.8359048303928825,
        0.01609481759051415,
        -43.99967888092715
      ],
      [
        0.8359877199371015,
        0.5487421582151185,
        0.002564354066842192,
        -7.118259887518434
      ],
      [
        -0.01097546089200841,
        0.01204816680080616,
        0.9998671816471165,
        1.497236987394956
      ],
      [
        0.0,
        0.0,
        0.0,
        1.0
      ]
    ],
    "location": [
      -43.99967888092715,
      -7.118259887518434,
      1.497236987394956
    ],
    "rotation": [
      0.01204918408560043,
      0.010975681255980722,
      0.9900220487758686
    ]
  },
  {
    "label_id": "NMF9Nrf43a912J1uRSKvAA",
    "size": [
      0.9757377133135904,
      0.9462817931777863,
      1.6100000000000048
    ],
    "obj_class": "pedestrian",
    "point_num_in_lidar": 67,
    "speed": 1.3200610748607744,
    "if_vehicle": false,
    "motion_state": true,
    "pose": [
      [
        -0.9756979967664664,
        0.21852774641365927,
        0.01609481759051415,
        -40.99673901019537
      ],
      [
        -0.21851505694875237,
        -0.9758302075540106,
        0.002564354066842192,
        -2.6387285613818676
      ],
      [
        0.01626619170512909,
        -0.0010149248563531127,
        0.9998671816471165,
        1.5483172394960683
      ],
      [
        0.0,
        0.0,
        0.0,
        1.0
      ]
    ],
    "location": [
      -40.99673901019537,
      -2.6387285613818676,
      1.5483172394960683
    ],
    "rotation": [
      -0.0010150593262864874,
      -0.016266909099761747,
      -2.9212705303247546
    ]
  },
  {
    "label_id": "O2XNeS9LcyFvcLdYZisPjQ",
    "size": [
      2.0579282835711363,
      4.975976130770658,
      1.520000000000005
    ],
    "obj_class": "vehicle",
    "point_num_in_lidar": 720,
    "speed": 0.013570386024925874,
    "if_vehicle": true,
    "motion_state": false,
    "pose": [
      [
        0.9896939166811555,
        -0.142291630572716,
        0.01609481759051415,
        -28.261810949021537
      ],
      [
        0.14226873792528347,
        0.9898247472645685,
        0.002564354066842192,
        -17.25067100128763
      ],
      [
        -0.016295934875336753,
        -0.0002481362344301985,
        0.9998671816471165,
        1.1485575376614285
      ],
      [
        0.0,
        0.0,
        0.0,
        1.0
      ]
    ],
    "location": [
      -28.261810949021537,
      -17.25067100128763,
      1.1485575376614285
    ],
    "rotation": [
      -0.0002481691907592844,
      0.016296656212810384,
      0.14277218003770817
    ]
  },
  {
    "label_id": "OAMynEEqx3osxUHtJS_ELg",
    "size": [
      0.8170537752792257,
      0.8340350894805498,
      1.6600000000000037
    ],
    "obj_class": "pedestrian",
    "point_num_in_lidar": 184,
    "speed": 0.3779212528173585,
    "if_vehicle": false,
    "motion_state": false,
    "pose": [
      [
        0.9963239775837878,
        0.08413969656677021,
        0.01609481759051415,
        -29.385312799006897
      ],
      [
        -0.08419145158112132,
        0.9964462973832978,
        0.002564354066842192,
        -3.4261806609356427
      ],
      [
        -0.01582185742205353,
        -0.0039099734996881266,
        0.9998671816471165,
        1.3090897371373558
      ],
      [
        0.0,
        0.0,
        0.0,
        1.0
      ]
    ],
    "location": [
      -29.385312799006897,
      -3.4261806609356427,
      1.3090897371373558
    ],
    "rotation": [
      -0.003910472952068393,
      0.015822517613778883,
      -0.08430180856771172
    ]
  },
  {
    "label_id": "QmpdBgxGLSxvyzQXu1z3-Q",
    "size": [
      0.9145604087954773,
      1.0514743018973143,
      1.8600000000000048
    ],
    "obj_class": "pedestrian",
    "point_num_in_lidar": 388,
    "speed": 1.513922327148619,
    "if_vehicle": false,
    "motion_state": true,
    "pose": [
      [
        -0.9951488345745658,
        0.09705541660109193,
        0.01609481759051415,
        -14.893432610577747
      ],
      [
        -0.09702658734394749,
        -0.9952784863728379,
        0.002564354066842192,
        -17.786973171410864
      ],
      [
        0.01626771014220392,
        0.000990288736323632,
        0.9998671816471165,
        1.2649502913384065
      ],
      [
        0.0,
        0.0,
        0.0,
        1.0
      ]
    ],
    "location": [
      -14.893432610577747,
      -17.786973171410864,
      1.2649502913384065
    ],
    "rotation": [
      0.0009904199584692885,
      -0.01626842773777608,
      -3.0444002784829416
    ]
  },
  {
    "label_id": "TpULvZQyo_g5v2ED23CK4Q",
    "size": [
      0.9117250644882159,
      1.0929633263942455,
      1.8700000000000045
    ],
    "obj_class": "pedestrian",
    "point_num_in_lidar": 30,
    "speed": 1.5028044725196466,
    "if_vehicle": false,
    "motion_state": true,
    "pose": [
      [
        0.991917123133707,
        -0.1258625348579896,
        0.01609481759051415,
        -43.722853717869384
      ],
      [
        0.12583747613214252,
        0.9920475561629656,
        0.002564354066842192,
        -22.8845649484756
      ],
      [
        -0.016289580560684424,
        -0.0005182954842808167,
        0.9998671816471165,
        1.7730250554083593
      ],
      [
        0.0,
        0.0,
        0.0,
        1.0
      ]
    ],
    "location": [
      -43.722853717869384,
      -22.8845649484756,
      1.7730250554083593
    ],
    "rotation": [
      -0.0005183642861492321,
      0.016290301054601122,
      0.12618880541686053
    ]
  },
  {
    "label_id": "WhYQg_C0P0Z6-piDAr0CVQ",
    "size": [
      1.9435251000595968,
      4.317106775999505,
      1.3900000000000041
    ],
    "obj_class": "vehicle",
    "point_num_in_lidar": 33,
    "speed": 0.019778553857285518,
    "if_vehicle": true,
    "motion_state": false,
    "pose": [
      [
        0.9879345544110587,
        -0.15403335043863348,
        0.01609481759051415,
        -77.44416389615799
      ],
      [
        0.15401201290411495,
        0.9880656476011311,
        0.002564354066842192,
        -25.24710439393857
      ],
      [
        -0.016297732414220077,
        -5.4618737938285705e-05,
        0.9998671816471165,
        1.8727471344286304
      ],
      [
        0.0,
        0.0,
        0.0,
        1.0
      ]
    ],
    "location": [
      -77.44416389615799,
      -25.24710439393857,
      1.8727471344286304
    ],
    "rotation": [
      -5.4625993218402176e-05,
      0.016298453990442555,
      0.15464816328678
    ]
  },
  {
    "label_id": "YurWdc7QEzz9ED-TzDYktQ",
    "size": [
      2.426513934801703,
      5.3769130872342465,
      1.9100000000000037
    ],
    "obj_class": "vehicle",
    "point_num_in_lidar": 503,
    "speed": 0.015536539168305977,
    "if_vehicle": true,
    "motion_state": false,
    "pose": [
      [
        0.9823948526614434,
        -0.18612176205653386,
        0.01609481759051415,
        -34.4427889752435
      ],
      [
        0.1861047046231605,
        0.9825265711446923,
        0.002564354066842192,
        -18.474493784051447
      ],
      [
        -0.016290868037864652,
        0.0004761130379790748,
        0.9998671816471165,
        1.4001075449667848
      ],
      [
        0.0,
        0.0,
        0.0,
        1.0
      ]
    ],
    "location": [
      -34.4427889752435,
      -18.474493784051447,
      1.4001075449667848
    ],
    "rotation": [
      0.0004761762469386455,
      0.016291588702645174,
      0.1872212294786184
    ]
  },
  {
    "label_id": "bY1X4-breOuP-79CNrGS-w",
    "size": [
      0.8784205207555874,
      0.9302074121880761,
      1.650000000000004
    ],
    "obj_class": "pedestrian",
    "point_num_in_lidar": 256,
    "speed": 1.1954745092047352,
    "if_vehicle": false,
    "motion_state": true,
    "pose": [
      [
        -0.9677513068110061,
        0.25139284996259936,
        0.01609481759051415,
        -24.824473893383583
      ],
      [
        -0.25138463803093414,
        -0.9678838710559631,
        0.002564354066842192,
        0.48114597138737736
      ],
      [
        0.016222574630623085,
        -0.0015643328948526615,
        0.9998671816471165,
        1.2362486693024177
      ],
      [
        0.0,
        0.0,
        0.0,
        1.0
      ]
    ],
    "location": [
      -24.824473893383583,
      0.48114597138737736,
      1.2362486693024177
    ],
    "rotation": [
      -0.0015645394180181789,
      -0.016223286269276622,
      -2.887447902760736
    ]
  },
  {
    "label_id": "cGa1URHMkxxAB6W4qYTHMw",
    "size": [
      1.246123333890763,
      1.1367741460899659,
      1.9100000000000037
    ],
    "obj_class": "pedestrian",
    "point_num_in_lidar": 453,
    "speed": 1.4839303357563876,
    "if_vehicle": false,
    "motion_state": true,
    "pose": [
      [
        -0.9891241371539463,
        0.1461998568610419,
        0.01609481759051415,
        -21.50869108627535
      ],
      [
        -0.14617748117901155,
        -0.9892550571436971,
        0.002564354066842192,
        0.5040719984881434
      ],
      [
        0.016296787892734817,
        0.00018376460830549048,
        0.9998671816471165,
        1.3368191108131047
      ],
      [
        0.0,
        0.0,
        0.0,
        1.0
      ]
    ],
    "location": [
      -21.50869108627535,
      0.5040719984881434,
      1.3368191108131047
    ],
    "rotation": [
      0.00018378901679088705,
      -0.016297509343499526,
      -2.9948698928831132
    ]
  },
  {
    "label_id": "fZf2sS-D5MiFnsxrwl2QKA",
    "size": [
      0.8971121218733085,
      0.7020370838765297,
      1.7900000000000045
    ],
    "obj_class": "pedestrian",
    "point_num_in_lidar": 31,
    "speed": 5.684341886080801e-13,
    "if_vehicle": false,
    "motion_state": false,
    "pose": [
      [
        0.8049166517088885,
        0.5931695715800666,
        0.01609481759051415,
        -67.69814372123506
      ],
      [
        -0.5932776934718628,
        0.8049937903592339,
        0.002564354066842192,
        -9.393314308639674
      ],
      [
        -0.011435131414120073,
        -0.011612787546229287,
        0.9998671816471165,
        2.061678109274382
      ],
      [
        0.0,
        0.0,
        0.0,
        1.0
      ]
    ],
    "location": [
      -67.69814372123506,
      -9.393314308639674,
      2.061678109274382
    ],
    "rotation": [
      -0.011613807955377812,
      0.011435380642667256,
      -0.6351726317270547
    ]
  },
  {
    "label_id": "idZxvTPEN4rPuuDPp1m1jQ",
    "size": [
      0.9168469914278422,
      1.0720597660446636,
      1.650000000000004
    ],
    "obj_class": "pedestrian",
    "point_num_in_lidar": 157,
    "speed": 1.7798630836941536,
    "if_vehicle": false,
    "motion_state": true,
    "pose": [
      [
        -0.9964216605770213,
        0.08297488282401837,
        0.01609481759051415,
        -30.93896904554299
      ],
      [
        -0.08294422324706976,
        -0.9965508917853418,
        0.002564354066842192,
        -1.6493489312724705
      ],
      [
        0.01625208180116481,
        0.0012202057942418635,
        0.9998671816471165,
        1.4300046091000702
      ],
      [
        0.0,
        0.0,
        0.0,
        1.0
      ]
    ],
    "location": [
      -30.93896904554299,
      -1.6493489312724705,
      1.4300046091000702
    ],
    "rotation": [
      0.0012203672756639502,
      -0.016252797330383713,
      -3.058542034760583
    ]
  },
  {
    "label_id": "lmhrkJg9CBuWpz2QHHXInA",
    "size": [
      1.9856750735552897,
      4.463052041877781,
      1.7500000000000036
    ],
    "obj_class": "vehicle",
    "point_num_in_lidar": 95,
    "speed": 0.017750665688816326,
    "if_vehicle": true,
    "motion_state": false,
    "pose": [
      [
        0.9903997216931528,
        -0.1372929281385374,
        0.01609481759051415,
        -51.186139966795054
      ],
      [
        0.13726937522929483,
        0.9905304350257891,
        0.002564354066842192,
        -20.910426349792033
      ],
      [
        -0.016294474348213434,
        -0.0003304099990438699,
        0.9998671816471165,
        1.6604059133123776
      ],
      [
        0.0,
        0.0,
        0.0,
        1.0
      ]
    ],
    "location": [
      -51.186139966795054,
      -20.910426349792033,
      1.6604059133123776
    ],
    "rotation": [
      -0.0003304538773566662,
      0.01629519549173886,
      0.1377225649049971
    ]
  },
  {
    "label_id": "s6kR0GUKpEmP8E_Wb7TDOg",
    "size": [
      0.9387171352713978,
      1.1357424908506306,
      1.7600000000000033
    ],
    "obj_class": "pedestrian",
    "point_num_in_lidar": 296,
    "speed": 1.0489285027673731,
    "if_vehicle": false,
    "motion_state": true,
    "pose": [
      [
        -0.9941644894888716,
        0.10666735529701486,
        0.01609481759051415,
        -20.402881897580528
      ],
      [
        -0.1066397802564985,
        -0.9942944138207082,
        0.002564354066842192,
        -19.860562218220366
      ],
      [
        0.01627652008806669,
        0.0008330419406100236,
        0.9998671816471165,
        1.3266583302767039
      ],
      [
        0.0,
        0.0,
        0.0,
        1.0
      ]
    ],
    "location": [
      -20.402881897580528,
      -19.860562218220366,
      1.3266583302767039
    ],
    "rotation": [
      0.0008331524057901945,
      -0.016277238850226906,
      -3.03473550363858
    ]
  },
  {
    "label_id": "u986gfmXszRsIQsZpB6g6Q",
    "size": [
      0.479639038178948,
      0.09345417972031636,
      0.4900000000000029
    ],
    "obj_class": "sign",
    "point_num_in_lidar": 23,
    "speed": 0.008354903070975804,
    "if_vehicle": false,
    "motion_state": false,
    "pose": [
      [
        0.1370636380130423,
        0.9904314797003162,
        0.01609481759051415,
        -32.53112601937937
      ],
      [
        -0.9905621875767392,
        0.13704005484311832,
        0.002564354066842192,
        -3.403120499184297
      ],
      [
        0.0003341823076039911,
        -0.01629439741866321,
        0.9998671816471165,
        3.2601413805063313
      ],
      [
        0.0,
        0.0,
        0.0,
        1.0
      ]
    ],
    "location": [
      -32.53112601937937,
      -3.403120499184297,
      3.2601413805063313
    ],
    "rotation": [
      -0.01629511946195611,
      -0.00033418231382411636,
      -1.4332998555935534
    ]
  },
  {
    "label_id": "zVM5dN-2y4cd8zrNhglfhw",
    "size": [
      2.0841185122945767,
      4.555342182430781,
      1.7400000000000002
    ],
    "obj_class": "vehicle",
    "point_num_in_lidar": 305,
    "speed": 1.164947607284991,
    "if_vehicle": true,
    "motion_state": true,
    "pose": [
      [
        0.983742085287854,
        -0.17886438013263703,
        0.01609481759051415,
        -41.793829356946844
      ],
      [
        0.17884635078183292,
        0.983873674259171,
        0.002564354066842192,
        -18.605379095688477
      ],
      [
        -0.01629393891991663,
        0.0003558363754309814,
        0.9998671816471165,
        1.522201741669333
      ],
      [
        0.0,
        0.0,
        0.0,
        1.0
      ]
    ],
    "location": [
      -41.793829356946844,
      -18.605379095688477,
      1.522201741669333
    ],
    "rotation": [
      0.00035588362828570827,
      0.01629465999234948,
      0.17983790678536293
    ]
  },
  {
    "label_id": "zVVJtTwvTo5uy6ml0zAS_w",
    "size": [
      0.9175988781057877,
      0.9965206057023652,
      1.7600000000000051
    ],
    "obj_class": "pedestrian",
    "point_num_in_lidar": 41,
    "speed": 1.1957841189998368,
    "if_vehicle": false,
    "motion_state": true,
    "pose": [
      [
        -0.9942622695623906,
        0.10575205043578295,
        0.01609481759051415,
        -33.12587601533937
      ],
      [
        -0.10572435579445295,
        -0.9943921684527025,
        0.002564354066842192,
        -20.56066966691469
      ],
      [
        0.016275746265293965,
        0.0008480262730737262,
        0.9998671816471165,
        1.5457856404465353
      ],
      [
        0.0,
        0.0,
        0.0,
        1.0
      ]
    ],
    "location": [
      -33.12587601533937,
      -20.56066966691469,
      1.5457856404465353
    ],
    "rotation": [
      0.0008481387181217364,
      -0.016276464924936146,
      -3.035656257426373
    ]
  }
]