[
  {
    "label_id": "1dV_4md2l_8dieaFKFmDtQ",
    "size": [
      1.9909670536877193,
      4.4638174836953315,
      1.79
    ],
    "obj_class": "vehicle",
    "point_num_in_lidar": 268,
    "speed": 8.781085597124642,
    "if_vehicle": true,
    "motion_state": true,
    "pose": [
      [
        -0.15684690072969765,
        -0.9875213559127145,
        0.014164086550226229,
        -107.25794459690883
      ],
      [
        0.9875517489355624,
        -0.15664728447235612,
        0.014253822004949552,
        -18.860504950633185
      ],
      [
        -0.011857187938141904,
        0.016223436249779687,
        0.9997980832200315,
        2.698761868570381
      ],
      [
        0.0,
        0.0,
        0.0,
        1.0
      ]
    ],
    "location": [
      -107.25794459690883,
      -18.860504950633185,
      2.698761868570381
    ],
    "rotation": [
      0.016225288722268482,
      0.011857465795139195,
      1.7283047151935138
    ]
  },
  {
    "label_id": "4HZoU56BbDz078xPcJGf3A",
    "size": [
      0.8455878593201747,
      0.5888169381296183,
      1.810000000000004
    ],
    "obj_class": "pedestrian",
    "point_num_in_lidar": 28,
    "speed": 1.5834798463047763e-29,
    "if_vehicle": false,
    "motion_state": false,
    "pose": [
      [
        0.9558427274363985,
        -0.2935371510714523,
        0.014164086550226229,
        -113.6277267415694
      ],
      [
        0.2933437546623335,
        0.9559007637609963,
        0.014253822004949552,
        -32.97852222651636
      ],
      [
        -0.017723487454550574,
        -0.00946946577159831,
        0.9997980832200315,
        2.3470158838942794
      ],
      [
        0.0,
        0.0,
        0.0,
        1.0
      ]
    ],
    "location": [
      -113.6277267415694,
      -32.97852222651636,
      2.3470158838942794
    ],
    "rotation": [
      -0.009471095000705563,
      0.017724415475313518,
      0.29777080034447745
    ]
  },
  {
    "label_id": "7EgtlAH6ywce4f682WJLHA",
    "size": [
      2.0357031085749995,
      4.55947893137863,
      1.4400000000000048
    ],
    "obj_class": "vehicle",
    "point_num_in_lidar": 2104,
    "speed": 0.037635118794244984,
    "if_vehicle": true,
    "motion_state": false,
    "pose": [
      [
        0.982870050843879,
        -0.18375484158614291,
        0.014164086550226229,
        -60.4130298201419
      ],
      [
        0.18355612971582583,
        0.9829058834913943,
        0.014253822004949552,
        -22.389380562855877
      ],
      [
        -0.016541172809015264,
        -0.011409749850604856,
        0.9997980832200315,
        1.6340143921773578
      ],
      [
        0.0,
        0.0,
        0.0,
        1.0
      ]
    ],
    "location": [
      -60.4130298201419,
      -22.389380562855877,
      1.6340143921773578
    ],
    "rotation": [
      -0.01141155875832498,
      0.016541927208049756,
      0.18462838431082074
    ]
  },
  {
    "label_id": "Cioqh2EDjbLnb-X8uFGcag",
    "size": [
      0.5415278463966751,
      0.09166022241361646,
      0.8900000000000032
    ],
    "obj_class": "sign",
    "point_num_in_lidar": 42,
    "speed": 1.1534638386727145e-27,
    "if_vehicle": false,
    "motion_state": false,
    "pose": [
      [
        0.7116378154387679,
        -0.7024037288409964,
        0.014164086550226229,
        -71.01721144757198
      ],
      [
        0.7022591156680144,
        0.7117787317835719,
        0.014253822004949552,
        -40.90360043349574
      ],
      [
        -0.02009363328810518,
        -0.00019669985824825016,
        0.9997980832200315,
        3.541283796341224
      ],
      [
        0.0,
        0.0,
        0.0,
        1.0
      ]
    ],
    "location": [
      -71.01721144757198,
      -40.90360043349574,
      3.541283796341224
    ],
    "rotation": [
      -0.00019673958073303222,
      0.020094985681634783,
      0.7787650333476485
    ]
  },
  {
    "label_id": "CylGTHfEnRj7dRsPPu8M5g",
    "size": [
      1.8917129179512508,
      4.033344322490808,
      1.4900000000000038
    ],
    "obj_class": "vehicle",
    "point_num_in_lidar": 938,
    "speed": 1.7021903644088893e-28,
    "if_vehicle": true,
    "motion_state": false,
    "pose": [
      [
        -0.9873867406569153,
        0.15769211466370575,
        0.014164086550226229,
        -71.16572121073
      ],
      [
        -0.15749252449447357,
        -0.9874173045306676,
        0.014253822004949552,
        -11.156845244961005
      ],
      [
        0.016233579496564017,
        0.011843297103417605,
        0.9997980832200315,
        1.8832067220774906
      ],
      [
        0.0,
        0.0,
        0.0,
        1.0
      ]
    ],
    "location": [
      -71.16572121073,
      -11.156845244961005,
      1.8832067220774906
    ],
    "rotation": [
      0.011845134929703084,
      -0.01623429258457227,
      -2.9834206631379705
    ]
  },
  {
    "label_id": "FY9iF_Yefwg_RSG5uLZyYg",
    "size": [
      1.063141939375031,
      0.15542308593297535,
      0.9500000000000037
    ],
    "obj_class": "sign",
    "point_num_in_lidar": 22,
    "speed": 0.013469631455285836,
    "if_vehicle": false,
    "motion_state": false,
    "pose": [
      [
        0.984989167070529,
        -0.17203406466715662,
        0.014164086550226229,
        -130.07710832182465
      ],
      [
        0.17183494006411373,
        0.9850226301620759,
        0.014253822004949552,
        -10.14871767886325
      ],
      [
        -0.016404088724100752,
        -0.01160597530080579,
        0.9997980832200315,
        4.18151548203987
      ],
      [
        0.0,
        0.0,
        0.0,
        1.0
      ]
    ],
    "location": [
      -130.07710832182465,
      -10.14871767886325,
      4.18151548203987
    ],
    "rotation": [
      -0.01160779783849291,
      0.016404824520525604,
      0.17271548698167777
    ]
  },
  {
    "label_id": "GpOaV2-NWHwc6MJRZBp45A",
    "size": [
      0.8710197687510687,
      1.1460911671396543,
      1.7800000000000047
    ],
    "obj_class": "pedestrian",
    "point_num_in_lidar": 370,
    "speed": 1.730762522548235,
    "if_vehicle": false,
    "motion_state": true,
    "pose": [
      [
        -0.9808615637117376,
        0.19419055457246798,
        0.014164086550226229,
        -68.17642515424245
      ],
      [
        -0.19399223476027214,
        -0.9808995062752182,
        0.014253822004949552,
        -7.333433729483659
      ],
      [
        0.016661503103874764,
        0.01123330333742729,
        0.9997980832200315,
        2.142281728455467
      ],
      [
        0.0,
        0.0,
        0.0,
        1.0
      ]
    ],
    "location": [
      -68.17642515424245,
      -7.333433729483659,
      2.142281728455467
    ],
    "rotation": [
      0.011235099238080495,
      -0.016662274088190918,
      -2.9463351344960507
    ]
  },
  {
    "label_id": "IW-rVM1tCUwHE-S701Z5CQ",
    "size": [
      0.48368911884085264,
      0.08585010331879363,
      0.5200000000000031
    ],
    "obj_class": "sign",
    "point_num_in_lidar": 40,
    "speed": 0.011505171590306198,
    "if_vehicle": false,
    "motion_state": false,
    "pose": [
      [
        0.9788147314807614,
        -0.2042574358216678,
        0.014164086550226229,
        -68.60552903051098
      ],
      [
        0.20405951628862184,
        0.9788547095306356,
        0.014253822004949552,
        -8.886096926085884
      ],
      [
        -0.01677603195927793,
        -0.011061534308239923,
        0.9997980832200315,
        3.899392183627022
      ],
      [
        0.0,
        0.0,
        0.0,
        1.0
      ]
    ],
    "location": [
      -68.60552903051098,
      -8.886096926085884,
      3.899392183627022
    ],
    "rotation": [
      -0.011063316874410948,
      0.016776818953404875,
      0.2055322508850928
    ]
  },
  {
    "label_id": "Sg1SkSVG4WLFDebcJd5QIQ",
    "size": [
      0.5419445355376074,
      0.10259448914598271,
      0.570000000000003
    ],
    "obj_class": "sign",
    "point_num_in_lidar": 64,
    "speed": 0.0005106473065958194,
    "if_vehicle": false,
    "motion_state": false,
    "pose": [
      [
        0.993295919077189,
        -0.11472835655059561,
        0.014164086550226229,
        -73.9547541887323
      ],
      [
        0.11452762879174548,
        0.9933177994990282,
        0.014253822004949552,
        -26.635623231306454
      ],
      [
        -0.015704756857177076,
        -0.012536083982170557,
        0.9997980832200315,
        3.9863213550994008
      ],
      [
        0.0,
        0.0,
        0.0,
        1.0
      ]
    ],
    "location": [
      -73.9547541887323,
      -26.635623231306454,
      3.9863213550994008
    ],
    "rotation": [
      -0.012537958707027877,
      0.01570540249744096,
      0.11479370634944476
    ]
  },
  {
    "label_id": "WhYQg_C0P0Z6-piDAr0CVQ",
    "size": [
      1.9435251000595961,
      4.317106775999505,
      1.3900000000000041
    ],
    "obj_class": "vehicle",
    "point_num_in_lidar": 359,
    "speed": 0.019778554023327642,
    "if_vehicle": true,
    "motion_state": false,
    "pose": [
      [
        0.987963419927063,
        -0.15403785099195466,
        0.014164086550226229,
        -77.35874367791257
      ],
      [
        0.1538381491070169,
        0.9879932451376268,
        0.014253822004949552,
        -25.151025367495095
      ],
      [
        -0.016189649945232486,
        -0.011903277876363187,
        0.9997980832200315,
        1.8727471344286375
      ],
      [
        0.0,
        0.0,
        0.0,
        1.0
      ]
    ],
    "location": [
      -77.35874367791257,
      -25.151025367495095,
      1.8727471344286375
    ],
    "rotation": [
      -0.011905119356483264,
      0.016190357259394675,
      0.15447190508916703
    ]
  },
  {
    "label_id": "a5oqi_-tW2nuUd1J4NNsQg",
    "size": [
      2.050458304165462,
      4.186669464633484,
      1.5300000000000047
    ],
    "obj_class": "vehicle",
    "point_num_in_lidar": 216,
    "speed": 0.007000214149729185,
    "if_vehicle": true,
    "motion_state": false,
    "pose": [
      [
        0.9811349859454368,
        -0.19280435162631968,
        0.014164086550226229,
        -83.23891171388482
      ],
      [
        0.1926059783972768,
        0.9811726482346923,
        0.014253822004949552,
        -26.064236568301567
      ],
      [
        -0.01664561322017212,
        -0.0112568357043849,
        0.9997980832200315,
        2.0310933245245852
      ],
      [
        0.0,
        0.0,
        0.0,
        1.0
      ]
    ],
    "location": [
      -83.23891171388482,
      -26.064236568301567,
      2.0310933245245852
    ],
    "rotation": [
      -0.011258633380444569,
      0.016646382000571554,
      0.19384435932222738
    ]
  },
  {
    "label_id": "fSHSyFC6ANX94wcEAGyubA",
    "size": [
      2.8301703167750425,
      6.409242601291343,
      1.9100000000000001
    ],
    "obj_class": "vehicle",
    "point_num_in_lidar": 166,
    "speed": 8.193404927983037,
    "if_vehicle": true,
    "motion_state": true,
    "pose": [
      [
        -0.15782035185349663,
        -0.9873662517997243,
        0.014164086550226229,
        -111.37939206239434
      ],
      [
        0.9873968415953288,
        -0.1576207656554825,
        0.014253822004949552,
        -15.03856118798467
      ],
      [
        -0.011841188639990287,
        0.016235117527854503,
        0.9997980832200315,
        2.828761868570382
      ],
      [
        0.0,
        0.0,
        0.0,
        1.0
      ]
    ],
    "location": [
      -111.37939206239434,
      -15.03856118798467,
      2.828761868570382
    ],
    "rotation": [
      0.016236969281686914,
      0.011841465373692286,
      1.7292904838543697
    ]
  },
  {
    "label_id": "fZf2sS-D5MiFnsxrwl2QKA",
    "size": [
      0.8971121218733079,
      0.7020370838765297,
      1.7900000000000045
    ],
    "obj_class": "pedestrian",
    "point_num_in_lidar": 486,
    "speed": 4.512905402146934e-28,
    "if_vehicle": false,
    "motion_state": false,
    "pose": [
      [
        0.8049401697996273,
        0.5931869028351393,
        0.014164086550226229,
        -67.69814372123437
      ],
      [
        -0.593348678134745,
        0.804819342904979,
        0.014253822004949552,
        -9.393314308639674
      ],
      [
        -0.0029443503015229434,
        -0.019877715936520608,
        0.9997980832200315,
        2.0616781092744123
      ],
      [
        0.0,
        0.0,
        0.0,
        1.0
      ]
    ],
    "location": [
      -67.69814372123437,
      -9.393314308639674,
      2.0616781092744123
    ],
    "rotation": [
      -0.01987911137459961,
      0.002944354555732506,
      -0.6352158187165019
    ]
  },
  {
    "label_id": "lC8rU5ixMdK-OyqmBZabGA",
    "size": [
      0.3197972788583955,
      0.06205823015221254,
      0.4700000000000033
    ],
    "obj_class": "sign",
    "point_num_in_lidar": 28,
    "speed": 0.013993855018884028,
    "if_vehicle": false,
    "motion_state": false,
    "pose": [
      [
        -0.14852720204458617,
        -0.9888068815016432,
        0.014164086550226229,
        -69.73825123138909
      ],
      [
        0.9888355928381245,
        -0.14832733697712733,
        0.014253822004949552,
        -29.695541657694775
      ],
      [
        -0.01199335604748506,
        0.016123033221740166,
        0.9997980832200315,
        3.098394257938054
      ],
      [
        0.0,
        0.0,
        0.0,
        1.0
      ]
    ],
    "location": [
      -69.73825123138909,
      -29.695541657694775,
      3.098394257938054
    ],
    "rotation": [
      0.016124891688976777,
      0.01199364358799767,
      1.719885918541253
    ]
  },
  {
    "label_id": "lXv2x4c0f8VhG--PWjjnSA",
    "size": [
      0.9893577857500703,
      1.329735368185263,
      1.980000000000004
    ],
    "obj_class": "pedestrian",
    "point_num_in_lidar": 35,
    "speed": 1.6916131523896836,
    "if_vehicle": false,
    "motion_state": true,
    "pose": [
      [
        0.10933010568533011,
        0.993904576226024,
        0.014164086550226229,
        -94.63146992170732
      ],
      [
        -0.9939253657748837,
        0.10912926201305967,
        0.014253822004949552,
        -30.49992605710031
      ],
      [
        0.012621222607115264,
        -0.01563641677152173,
        0.9997980832200315,
        2.3779068281010183
      ],
      [
        0.0,
        0.0,
        0.0,
        1.0
      ]
    ],
    "location": [
      -94.63146992170732,
      -30.49992605710031,
      2.3779068281010183
    ],
    "rotation": [
      -0.01563829972383723,
      -0.012621557714626945,
      -1.4612384746042797
    ]
  },
  {
    "label_id": "lmhrkJg9CBuWpz2QHHXInA",
    "size": [
      1.9856750735552902,
      4.463052041877781,
      1.7500000000000036
    ],
    "obj_class": "vehicle",
    "point_num_in_lidar": 3386,
    "speed": 0.09134659389350382,
    "if_vehicle": true,
    "motion_state": false,
    "pose": [
      [
        0.9904286592365247,
        -0.13729693956945274,
        0.014164086550226229,
        -51.26703921547505
      ],
      [
        0.1370967615627067,
        0.9904551007124299,
        0.014253822004949552,
        -20.79986977115186
      ],
      [
        -0.015985897909051184,
        -0.012175543420828347,
        0.9997980832200315,
        1.636238921317478
      ],
      [
        0.0,
        0.0,
        0.0,
        1.0
      ]
    ],
    "location": [
      -51.26703921547505,
      -20.79986977115186,
      1.636238921317478
    ],
    "rotation": [
      -0.01217740040297654,
      0.015986578850549844,
      0.13754759055228827
    ]
  },
  {
    "label_id": "lt4IF30rAxBT1mwoS1Y2sA",
    "size": [
      0.4051700867160436,
      0.3961710552255877,
      1.7100000000000044
    ],
    "obj_class": "pedestrian",
    "point_num_in_lidar": 34,
    "speed": 1.0929644031513747e-33,
    "if_vehicle": false,
    "motion_state": false,
    "pose": [
      [
        0.6829405998874738,
        0.7303365769818292,
        0.014164086550226229,
        -78.36862666580191
      ],
      [
        -0.7304735388531003,
        0.6827922360379324,
        0.014253822004949552,
        -36.14445473480191
      ],
      [
        0.0007389592449393574,
        -0.02008100417771487,
        0.9997980832200315,
        2.307689899976852
      ],
      [
        0.0,
        0.0,
        0.0,
        1.0
      ]
    ],
    "location": [
      -78.36862666580191,
      -36.14445473480191,
      2.307689899976852
    ],
    "rotation": [
      -0.020082359506379963,
      -0.0007389593121921491,
      -0.8190153675811717
    ]
  },
  {
    "label_id": "nz4jS99ev0vxCepFpx-Y4A",
    "size": [
      0.9198481503053307,
      1.1910221815967144,
      1.83
    ],
    "obj_class": "pedestrian",
    "point_num_in_lidar": 53,
    "speed": 1.368559587426138,
    "if_vehicle": false,
    "motion_state": true,
    "pose": [
      [
        -0.21984485138740667,
        0.9754320170932708,
        0.014164086550226229,
        -97.2824165731995
      ],
      [
        -0.9753863593295777,
        -0.22004153833320483,
        0.014253822004949552,
        -26.44834225795239
      ],
      [
        0.017020321743172823,
        -0.010681827433073516,
        0.9997980832200315,
        2.4452804668460573
      ],
      [
        0.0,
        0.0,
        0.0,
        1.0
      ]
    ],
    "location": [
      -97.2824165731995,
      -26.44834225795239,
      2.4452804668460573
    ],
    "rotation": [
      -0.010683578219883574,
      -0.017021143623655473,
      -1.7924844042876638
    ]
  },
  {
    "label_id": "oxaTBN10mibMjxGVEWTGaA",
    "size": [
      0.8274230075251457,
      0.8621955875999376,
      1.8300000000000045
    ],
    "obj_class": "pedestrian",
    "point_num_in_lidar": 20,
    "speed": 1.473234418476209,
    "if_vehicle": false,
    "motion_state": true,
    "pose": [
      [
        0.4394590927621465,
        0.898150925201811,
        0.014164086550226229,
        -119.75347099269607
      ],
      [
        -0.8982385027152495,
        0.4392771571549312,
        0.014253822004949552,
        -32.948577981656854
      ],
      [
        0.006580123747927596,
        -0.01898669958189266,
        0.9997980832200315,
        2.417734212026362
      ],
      [
        0.0,
        0.0,
        0.0,
        1.0
      ]
    ],
    "location": [
      -119.75347099269607,
      -32.948577981656854,
      2.417734212026362
    ],
    "rotation": [
      -0.018988251665404292,
      -0.006580171233250448,
      -1.1157893208890293
    ]
  },
  {
    "label_id": "qBkb67Z9B2qRT2rA66X3iw",
    "size": [
      0.6468100401938592,
      0.1017481166743686,
      0.570000000000003
    ],
    "obj_class": "sign",
    "point_num_in_lidar": 47,
    "speed": 0.01152641327176013,
    "if_vehicle": false,
    "motion_state": false,
    "pose": [
      [
        0.9881231755632728,
        -0.15300970089164695,
        0.014164086550226229,
        -90.39822714031538
      ],
      [
        0.15280996807895936,
        0.9881527929495311,
        0.014253822004949552,
        -12.533212511179954
      ],
      [
        -0.016177254725725038,
        -0.011920118249836718,
        0.9997980832200315,
        4.336778002373994
      ],
      [
        0.0,
        0.0,
        0.0,
        1.0
      ]
    ],
    "location": [
      -90.39822714031538,
      -12.533212511179954,
      4.336778002373994
    ],
    "rotation": [
      -0.011921960740432254,
      0.016177960416388654,
      0.15343125059346716
    ]
  },
  {
    "label_id": "qqAuRhy9s6l_Vs8qs2Ob4A",
    "size": [
      0.9896315697624043,
      1.1548622480809712,
      1.6600000000000037
    ],
    "obj_class": "pedestrian",
    "point_num_in_lidar": 39,
    "speed": 1.3503011871971504,
    "if_vehicle": false,
    "motion_state": true,
    "pose": [
      [
        0.08048040011842506,
        0.9966555492490753,
        0.014164086550226229,
        -92.50502450543831
      ],
      [
        -0.9966705095293715,
        0.0802790383145835,
        0.014253822004949552,
        -43.60619633089664
      ],
      [
        0.013069071552384862,
        -0.015264080657207243,
        0.9997980832200315,
        2.2973265878275413
      ],
      [
        0.0,
        0.0,
        0.0,
        1.0
      ]
    ],
    "location": [
      -92.50502450543831,
      -43.60619633089664,
      2.2973265878275413
    ],
    "rotation": [
      -0.015265977330779034,
      -0.013069443615260908,
      -1.4902218962998435
    ]
  }
]