[
  {
    "label_id": "17uCnxYTYb0tHvESLUeCJA",
    "size": [
      0.888941046107047,
      0.9589459079899387,
      1.650000000000004
    ],
    "obj_class": "pedestrian",
    "point_num_in_lidar": 182,
    "speed": 1.5077043710628746,
    "if_vehicle": false,
    "motion_state": true,
    "pose": [
      [
        -0.9978905285659644,
        0.06346436664786377,
        0.013666278364115873,
        -25.759325790262437
      ],
      [
        -0.06338472325400758,
        -0.9979700039026539,
        0.006184510372697093,
        -0.5113598488842399
      ],
      [
        0.014031031906201835,
        0.005305231052710675,
        0.9998874860038626,
        1.2842193382019307
      ],
      [
        0.0,
        0.0,
        0.0,
        1.0
      ]
    ],
    "location": [
      -25.759325790262437,
      -0.5113598488842399,
      1.2842193382019307
    ],
    "rotation": [
      0.005305778243910238,
      -0.014031492328198425,
      -3.0781591579966605
    ]
  },
  {
    "label_id": "7EgtlAH6ywce4f682WJLHA",
    "size": [
      2.0357031085749977,
      4.55947893137863,
      1.4400000000000048
    ],
    "obj_class": "vehicle",
    "point_num_in_lidar": 73,
    "speed": 0.025363033874032524,
    "if_vehicle": true,
    "motion_state": false,
    "pose": [
      [
        0.9828768606174878,
        -0.18375611472379907,
        0.013666278364115873,
        -60.48805827680235
      ],
      [
        0.1836866742227189,
        0.9829653897998887,
        0.006184510372697093,
        -22.457093749060732
      ],
      [
        -0.014569920236852794,
        -0.003568298917866464,
        0.9998874860038626,
        1.634014392177308
      ],
      [
        0.0,
        0.0,
        0.0,
        1.0
      ]
    ],
    "location": [
      -60.48805827680235,
      -22.457093749060732,
      1.634014392177308
    ],
    "rotation": [
      -0.0035686852968561445,
      0.01457043577613494,
      0.18475547349753346
    ]
  },
  {
    "label_id": "7zRc0M_V6kWZiiTMJvEU4Q",
    "size": [
      0.9750323162877557,
      1.1262346547427113,
      1.8000000000000043
    ],
    "obj_class": "pedestrian",
    "point_num_in_lidar": 207,
    "speed": 1.3825002430836073,
    "if_vehicle": false,
    "motion_state": true,
    "pose": [
      [
        -0.990021270975526,
        0.14025375521417827,
        0.013666278364115873,
        -27.85677321455364
      ],
      [
        -0.14018047996874064,
        -0.9901066532789201,
        0.006184510372697093,
        -0.6458370429754723
      ],
      [
        0.014398473937804685,
        0.00420705135907072,
        0.9998874860038626,
        1.3895521494466596
      ],
      [
        0.0,
        0.0,
        0.0,
        1.0
      ]
    ],
    "location": [
      -27.85677321455364,
      -0.6458370429754723,
      1.3895521494466596
    ],
    "rotation": [
      0.004207499935784749,
      -0.014398971490018474,
      -3.000934283387502
    ]
  },
  {
    "label_id": "CylGTHfEnRj7dRsPPu8M5g",
    "size": [
      1.8917129179512513,
      4.033344322490808,
      1.4900000000000038
    ],
    "obj_class": "vehicle",
    "point_num_in_lidar": 44,
    "speed": 1.4228607195221901e-12,
    "if_vehicle": true,
    "motion_state": false,
    "pose": [
      [
        -0.9873935817242189,
        0.1576932072268577,
        0.013666278364115873,
        -71.16572121073
      ],
      [
        -0.1576214492896661,
        -0.9874802431214893,
        0.006184510372697093,
        -11.156845244961005
      ],
      [
        0.014470435157361463,
        0.003952447245960016,
        0.9998874860038626,
        1.883206722077464
      ],
      [
        0.0,
        0.0,
        0.0,
        1.0
      ]
    ],
    "location": [
      -71.16572121073,
      -11.156845244961005,
      1.883206722077464
    ],
    "rotation": [
      0.003952871413381272,
      -0.014470940207447658,
      -2.9832944120677416
    ]
  },
  {
    "label_id": "IzWh0PLVTsHFYL2u5a9nWg",
    "size": [
      0.47111895253877045,
      0.07851021281441528,
      0.5100000000000033
    ],
    "obj_class": "sign",
    "point_num_in_lidar": 41,
    "speed": 0.010183141431753187,
    "if_vehicle": false,
    "motion_state": false,
    "pose": [
      [
        0.9968943592037639,
        -0.07755558924662595,
        0.013666278364115873,
        -31.97373770978038
      ],
      [
        0.07747707657735127,
        0.996974951759811,
        0.006184510372697093,
        -19.943821346050754
      ],
      [
        -0.014104580558956963,
        -0.0051064802096348946,
        0.9998874860038626,
        3.3248411297266873
      ],
      [
        0.0,
        0.0,
        0.0,
        1.0
      ]
    ],
    "location": [
      -31.97373770978038,
      -19.943821346050754,
      3.3248411297266873
    ],
    "rotation": [
      -0.0051070104247266076,
      0.014105048259806385,
      0.07756252961665684
    ]
  },
  {
    "label_id": "LGE6aZngIxf-g4ygRGDNeA",
    "size": [
      0.8908187372473834,
      0.9613914346561343,
      1.6300000000000043
    ],
    "obj_class": "pedestrian",
    "point_num_in_lidar": 56,
    "speed": 8.526512829121202e-13,
    "if_vehicle": false,
    "motion_state": false,
    "pose": [
      [
        0.5486582108895696,
        -0.83593504559812,
        0.013666278364115873,
        -43.99967888092783
      ],
      [
        0.8359507471810272,
        0.5487696239032664,
        0.006184510372697093,
        -7.118259887514796
      ],
      [
        -0.012669487398435805,
        0.008031153213354597,
        0.9998874860038626,
        1.498237149588661
      ],
      [
        0.0,
        0.0,
        0.0,
        1.0
      ]
    ],
    "location": [
      -43.99967888092783,
      -7.118259887514796,
      1.498237149588661
    ],
    "rotation": [
      0.00803188421232041,
      0.012669826365305835,
      0.9899851800582021
    ]
  },
  {
    "label_id": "NMF9Nrf43a912J1uRSKvAA",
    "size": [
      0.9757377133125087,
      0.9462817931777863,
      1.6100000000000048
    ],
    "obj_class": "pedestrian",
    "point_num_in_lidar": 34,
    "speed": 1.3117526116499825,
    "if_vehicle": false,
    "motion_state": true,
    "pose": [
      [
        -0.9781582721738645,
        0.2074117340304409,
        0.013666278364115873,
        -40.603948738744975
      ],
      [
        -0.20734444924816767,
        -0.9782484506491305,
        0.006184510372697093,
        -2.5325809277383087
      ],
      [
        0.014651755656366436,
        0.0032158030197189757,
        0.9998874860038626,
        1.5354600557762783
      ],
      [
        0.0,
        0.0,
        0.0,
        1.0
      ]
    ],
    "location": [
      -40.603948738744975,
      -2.5325809277383087,
      1.5354600557762783
    ],
    "rotation": [
      0.003216153794318401,
      -0.014652279932043188,
      -2.9327102678800396
    ]
  },
  {
    "label_id": "O2XNeS9LcyFvcLdYZisPjQ",
    "size": [
      2.057928283571137,
      4.975976130770658,
      1.5200000000000031
    ],
    "obj_class": "vehicle",
    "point_num_in_lidar": 588,
    "speed": 0.01722698216796706,
    "if_vehicle": true,
    "motion_state": false,
    "pose": [
      [
        0.9897296908551093,
        -0.14229677394629903,
        0.013666278364115873,
        -28.263562004611003
      ],
      [
        0.14222367507854675,
        0.9898152242103584,
        0.006184510372697093,
        -17.255498069218447
      ],
      [
        -0.01440712625757074,
        -0.004177325205668721,
        0.9998874860038626,
        1.15013691121192
      ],
      [
        0.0,
        0.0,
        0.0,
        1.0
      ]
    ],
    "location": [
      -28.263562004611003,
      -17.255498069218447,
      1.15013691121192
    ],
    "rotation": [
      -0.004177770959988041,
      0.014407624707345622,
      0.14272248030876744
    ]
  },
  {
    "label_id": "OAMynEEqx3osxUHtJS_ELg",
    "size": [
      0.8170537752812465,
      0.8340350894805498,
      1.6600000000000037
    ],
    "obj_class": "pedestrian",
    "point_num_in_lidar": 161,
    "speed": 0.3779212496560229,
    "if_vehicle": false,
    "motion_state": false,
    "pose": [
      [
        0.9922524829269934,
        0.12348377610395264,
        0.013666278364115873,
        -29.49667655430403
      ],
      [
        -0.12357682697043654,
        0.9923157358761218,
        0.006184510372697093,
        -3.4475847743615304
      ],
      [
        -0.012797576377400862,
        -0.007825431089728602,
        0.9998874860038626,
        1.3100273791767005
      ],
      [
        0.0,
        0.0,
        0.0,
        1.0
      ]
    ],
    "location": [
      -29.49667655430403,
      -3.4475847743615304,
      1.3100273791767005
    ],
    "rotation": [
      -0.007826151874993161,
      0.01279792572997655,
      -0.1239037356887107
    ]
  },
  {
    "label_id": "QmpdBgxGLSxvyzQXu1z3-Q",
    "size": [
      0.9145604087931705,
      1.0514743018973143,
      1.8600000000000048
    ],
    "obj_class": "pedestrian",
    "point_num_in_lidar": 372,
    "speed": 1.5360041173675325,
    "if_vehicle": false,
    "motion_state": true,
    "pose": [
      [
        -0.9954926741567003,
        0.0938486469588994,
        0.013666278364115873,
        -14.423925522942227
      ],
      [
        -0.0937714628182602,
        -0.9955745399478504,
        0.006184510372697093,
        -17.72928852653604
      ],
      [
        0.014186206725734821,
        0.0048751278557813945,
        0.9998874860038626,
        1.2574501378880285
      ],
      [
        0.0,
        0.0,
        0.0,
        1.0
      ]
    ],
    "location": [
      -14.423925522942227,
      -17.72928852653604,
      1.2574501378880285
    ],
    "rotation": [
      0.0048756378029535035,
      -0.014186682594210716,
      -3.047673741820538
    ]
  },
  {
    "label_id": "TpULvZQyo_g5v2ED23CK4Q",
    "size": [
      0.9117250644910124,
      1.0929633263942455,
      1.8700000000000045
    ],
    "obj_class": "pedestrian",
    "point_num_in_lidar": 21,
    "speed": 1.5218451518074296,
    "if_vehicle": false,
    "motion_state": true,
    "pose": [
      [
        0.9908326075721394,
        -0.13440229390702166,
        0.013666278364115873,
        -44.182200802873695
      ],
      [
        0.13432851550451747,
        0.9909175554776507,
        0.006184510372697093,
        -22.949386449934536
      ],
      [
        -0.014373367529829064,
        -0.004292043654013213,
        0.9998874860038626,
        1.773025055408345
      ],
      [
        0.0,
        0.0,
        0.0,
        1.0
      ]
    ],
    "location": [
      -44.182200802873695,
      -22.949386449934536,
      1.773025055408345
    ],
    "rotation": [
      -0.004292500259237978,
      0.014373862483694122,
      0.13474981017503612
    ]
  },
  {
    "label_id": "WhYQg_C0P0Z6-piDAr0CVQ",
    "size": [
      1.9435251000595966,
      4.317106775999505,
      1.3900000000000041
    ],
    "obj_class": "vehicle",
    "point_num_in_lidar": 33,
    "speed": 0.01977855435646398,
    "if_vehicle": true,
    "motion_state": false,
    "pose": [
      [
        0.9879702649898635,
        -0.1540389182367022,
        0.013666278364115873,
        -77.44810726429819
      ],
      [
        0.1539668401563519,
        0.9880566603002676,
        0.006184510372697093,
        -25.25153981893709
      ],
      [
        -0.014455712646816058,
        -0.004005958655326066,
        0.9998874860038626,
        1.8727471344286073
      ],
      [
        0.0,
        0.0,
        0.0,
        1.0
      ]
    ],
    "location": [
      -77.44810726429819,
      -25.25153981893709,
      1.8727471344286073
    ],
    "rotation": [
      -0.004006387996619255,
      0.014456216156829394,
      0.1545980238124935
    ]
  },
  {
    "label_id": "YurWdc7QEzz9ED-TzDYktQ",
    "size": [
      2.4265139348017044,
      5.3769130872342465,
      1.9100000000000037
    ],
    "obj_class": "vehicle",
    "point_num_in_lidar": 429,
    "speed": 0.015536539041194291,
    "if_vehicle": true,
    "motion_state": false,
    "pose": [
      [
        0.9824303629982841,
        -0.1861284897449452,
        0.013666278364115873,
        -34.44565155718601
      ],
      [
        0.18605926317782187,
        0.9825190595694194,
        0.006184510372697093,
        -18.478173461262486
      ],
      [
        -0.014578492541607087,
        -0.00353311308760505,
        0.9998874860038626,
        1.3998660086853594
      ],
      [
        0.0,
        0.0,
        0.0,
        1.0
      ]
    ],
    "location": [
      -34.44565155718601,
      -18.478173461262486,
      1.3998660086853594
    ],
    "rotation": [
      -0.0035334959510044998,
      0.014579008991445194,
      0.1871699671460604
    ]
  },
  {
    "label_id": "bY1X4-breOuP-79CNrGS-w",
    "size": [
      0.878420520757267,
      0.9302074121880761,
      1.650000000000004
    ],
    "obj_class": "pedestrian",
    "point_num_in_lidar": 31,
    "speed": 1.1630824673921893,
    "if_vehicle": false,
    "motion_state": true,
    "pose": [
      [
        -0.972603384898527,
        0.2320687150815511,
        0.013666278364115873,
        -24.46799692232821
      ],
      [
        -0.2320037310828022,
        -0.9726952352073639,
        0.006184510372697093,
        0.5843237153530936
      ],
      [
        0.014728355223393335,
        0.0028444481519341864,
        0.9998874860038626,
        1.221245957416711
      ],
      [
        0.0,
        0.0,
        0.0,
        1.0
      ]
    ],
    "location": [
      -24.46799692232821,
      0.5843237153530936,
      1.221245957416711
    ],
    "rotation": [
      0.002844760554254991,
      -0.014728887765433046,
      -2.9074296646150652
    ]
  },
  {
    "label_id": "cGa1URHMkxxAB6W4qYTHMw",
    "size": [
      1.2461233338903424,
      1.1367741460899659,
      1.9100000000000037
    ],
    "obj_class": "pedestrian",
    "point_num_in_lidar": 408,
    "speed": 1.4868443628484362,
    "if_vehicle": false,
    "motion_state": true,
    "pose": [
      [
        -0.9893886071205182,
        0.1446492894410314,
        0.013666278364115873,
        -21.085021630754
      ],
      [
        -0.14457639412116202,
        -0.9894743140144532,
        0.006184510372697093,
        0.5703909845196904
      ],
      [
        0.014417016440415438,
        0.004143062856425248,
        0.9998874860038626,
        1.3301523911749715
      ],
      [
        0.0,
        0.0,
        0.0,
        1.0
      ]
    ],
    "location": [
      -21.085021630754,
      0.5703909845196904,
      1.3301523911749715
    ],
    "rotation": [
      0.004143505348496059,
      -0.01441751591748446,
      -2.9964926111302876
    ]
  },
  {
    "label_id": "fZf2sS-D5MiFnsxrwl2QKA",
    "size": [
      0.8971121218733066,
      0.7020370838765297,
      1.7900000000000045
    ],
    "obj_class": "pedestrian",
    "point_num_in_lidar": 26,
    "speed": 5.684341886080801e-13,
    "if_vehicle": false,
    "motion_state": false,
    "pose": [
      [
        0.8049457467935752,
        0.5931910127055264,
        0.013666278364115873,
        -67.69814372123506
      ],
      [
        -0.5933031133572824,
        0.8049553823113466,
        0.006184510372697093,
        -9.393314308637855
      ],
      [
        -0.007332148354292154,
        -0.013086440821940487,
        0.9998874860038626,
        2.0616781092743643
      ],
      [
        0.0,
        0.0,
        0.0,
        1.0
      ]
    ],
    "location": [
      -67.69814372123506,
      -9.393314308637855,
      2.0616781092743643
    ],
    "rotation": [
      -0.013087166180774405,
      0.007332214052418988,
      -0.635175831446592
    ]
  },
  {
    "label_id": "idZxvTPEN4rPuuDPp1m1jQ",
    "size": [
      0.9168469914284102,
      1.0720597660446636,
      1.650000000000004
    ],
    "obj_class": "pedestrian",
    "point_num_in_lidar": 139,
    "speed": 1.7941299927932057,
    "if_vehicle": false,
    "motion_state": true,
    "pose": [
      [
        -0.9964653252279708,
        0.08288599673038081,
        0.013666278364115873,
        -30.408764146263138
      ],
      [
        -0.0828079162030852,
        -0.9965463365270845,
        0.006184510372697093,
        -1.608152725330001
      ],
      [
        0.014131688944249406,
        0.005030974106321624,
        0.9998874860038626,
        1.4300046091000596
      ],
      [
        0.0,
        0.0,
        0.0,
        1.0
      ]
    ],
    "location": [
      -30.408764146263138,
      -1.608152725330001,
      1.4300046091000596
    ],
    "rotation": [
      0.005031497765507338,
      -0.01413215934714871,
      -3.0586815081290797
    ]
  },
  {
    "label_id": "lmhrkJg9CBuWpz2QHHXInA",
    "size": [
      1.9856750735552897,
      4.463052041877781,
      1.7500000000000036
    ],
    "obj_class": "vehicle",
    "point_num_in_lidar": 85,
    "speed": 0.017750665244633163,
    "if_vehicle": true,
    "motion_state": false,
    "pose": [
      [
        0.9904355213796329,
        -0.13729789082549426,
        0.013666278364115873,
        -51.18813469385054
      ],
      [
        0.13722436103809152,
        0.9905206845740969,
        0.006184510372697093,
        -20.915365140466747
      ],
      [
        -0.014385851630763925,
        -0.004250012439175497,
        0.9998874860038626,
        1.660405913312374
      ],
      [
        0.0,
        0.0,
        0.0,
        1.0
      ]
    ],
    "location": [
      -51.18813469385054,
      -20.915365140466747,
      1.660405913312374
    ],
    "rotation": [
      -0.004250465081739217,
      0.014386347875517833,
      0.13767305696659396
    ]
  },
  {
    "label_id": "s6kR0GUKpEmP8E_Wb7TDOg",
    "size": [
      0.9387171352735633,
      1.1357424908506306,
      1.7600000000000051
    ],
    "obj_class": "pedestrian",
    "point_num_in_lidar": 253,
    "speed": 1.0610623162662558,
    "if_vehicle": false,
    "motion_state": true,
    "pose": [
      [
        -0.9935265228336196,
        0.11277535751134385,
        0.013666278364115873,
        -20.092535296177857
      ],
      [
        -0.11269974521011066,
        -0.9936098425745521,
        0.006184510372697093,
        -19.837070385879997
      ],
      [
        0.014276409062262707,
        0.004604288996407888,
        0.9998874860038626,
        1.3160680165959846
      ],
      [
        0.0,
        0.0,
        0.0,
        1.0
      ]
    ],
    "location": [
      -20.092535296177857,
      -19.837070385879997,
      1.3160680165959846
    ],
    "rotation": [
      0.004604774554912475,
      -0.014276894066502148,
      -3.0286414030584923
    ]
  },
  {
    "label_id": "u986gfmXszRsIQsZpB6g6Q",
    "size": [
      0.479639038178945,
      0.09345417972031636,
      0.4900000000000029
    ],
    "obj_class": "sign",
    "point_num_in_lidar": 20,
    "speed": 0.008354903071148046,
    "if_vehicle": false,
    "motion_state": false,
    "pose": [
      [
        0.13706859241192187,
        0.9904672805347428,
        0.013666278364115873,
        -32.53361442773303
      ],
      [
        -0.9905524267041174,
        0.1369950429104439,
        0.006184510372697093,
        -3.4028154343304777
      ],
      [
        0.004253342779366073,
        -0.014384867329131471,
        0.9998874860038626,
        3.260141380506319
      ],
      [
        0.0,
        0.0,
        0.0,
        1.0
      ]
    ],
    "location": [
      -32.53361442773303,
      -3.4028154343304777,
      3.260141380506319
    ],
    "rotation": [
      -0.014385493605031286,
      -0.004253355603954538,
      -1.4332936100358062
    ]
  },
  {
    "label_id": "zVM5dN-2y4cd8zrNhglfhw",
    "size": [
      2.0841185122965484,
      4.555342182430781,
      1.7400000000000002
    ],
    "obj_class": "vehicle",
    "point_num_in_lidar": 306,
    "speed": 1.0042236754956628,
    "if_vehicle": true,
    "motion_state": true,
    "pose": [
      [
        0.9855281892944219,
        -0.1689598204950893,
        0.013666278364115873,
        -41.39174102155971
      ],
      [
        0.16888905698690537,
        0.9856156645779957,
        0.006184510372697093,
        -18.59863456457424
      ],
      [
        -0.014514631794576866,
        -0.003786924443840658,
        0.9998874860038626,
        1.5222017416693063
      ],
      [
        0.0,
        0.0,
        0.0,
        1.0
      ]
    ],
    "location": [
      -41.39174102155971,
      -18.59863456457424,
      1.5222017416693063
    ],
    "rotation": [
      -0.003787332465328029,
      0.014515141486785715,
      0.1697204782781962
    ]
  },
  {
    "label_id": "zVVJtTwvTo5uy6ml0zAS_w",
    "size": [
      0.917598878106071,
      0.9965206057023652,
      1.7600000000000051
    ],
    "obj_class": "pedestrian",
    "point_num_in_lidar": 53,
    "speed": 1.1957841490100882,
    "if_vehicle": false,
    "motion_state": true,
    "pose": [
      [
        -0.993120498458181,
        0.11629663958106766,
        0.013666278364115873,
        -32.77036427341227
      ],
      [
        -0.11622132311830893,
        -0.993204085716566,
        0.006184510372697093,
        -20.512083301275197
      ],
      [
        0.01429264128157872,
        0.004553651070472062,
        0.9998874860038626,
        1.5273958692837102
      ],
      [
        0.0,
        0.0,
        0.0,
        1.0
      ]
    ],
    "location": [
      -32.77036427341227,
      -20.512083301275197,
      1.5273958692837102
    ],
    "rotation": [
      0.004554131992930834,
      -0.014293127942144998,
      -3.025096132331185
    ]
  }
]