[
  {
    "label_id": "-lGbuKX8skc2bchJBBkNgg",
    "size": [
      0.49691701119819465,
      0.059578854588236294,
      0.6000000000000032
    ],
    "obj_class": "sign",
    "point_num_in_lidar": 21,
    "speed": 0.011906167373897136,
    "if_vehicle": false,
    "motion_state": false,
    "pose": [
      [
        -0.9914809237106328,
        0.12766652654700558,
        0.02582316629178638,
        1.2242802176126588
      ],
      [
        -0.1275134281298437,
        -0.9918085045076096,
        0.0074977351883229355,
        -14.185481469075967
      ],
      [
        0.02656884574997041,
        0.004141060951223435,
        0.9996384086507043,
        2.6936138747947496
      ],
      [
        0.0,
        0.0,
        0.0,
        1.0
      ]
    ],
    "location": [
      1.2242802176126588,
      -14.185481469075967,
      2.6936138747947496
    ],
    "rotation": [
      0.004142535168383807,
      -0.02657197258381823,
      -3.0136857171969758
    ]
  },
  {
    "label_id": "17uCnxYTYb0tHvESLUeCJA",
    "size": [
      0.8889410461043695,
      0.9589459079899387,
      1.650000000000004
    ],
    "obj_class": "pedestrian",
    "point_num_in_lidar": 81,
    "speed": 1.448025653910954,
    "if_vehicle": false,
    "motion_state": true,
    "pose": [
      [
        -0.9961323775514122,
        0.08398482289341169,
        0.02582316629178638,
        -23.080481302690714
      ],
      [
        -0.08381748078282383,
        -0.9964529160388195,
        0.0074977351883229355,
        -0.43662868820865697
      ],
      [
        0.02636126531469889,
        0.005304304034981543,
        0.9996384086507043,
        1.2238638844233485
      ],
      [
        0.0,
        0.0,
        0.0,
        1.0
      ]
    ],
    "location": [
      -23.080481302690714,
      -0.43662868820865697,
      1.2238638844233485
    ],
    "rotation": [
      0.005306172919387385,
      -0.026364319415382424,
      -3.057647478580351
    ]
  },
  {
    "label_id": "6RWK6duLMc_52HMgNg5Yqw",
    "size": [
      0.32961270965896616,
      0.08470290190792105,
      0.44000000000000306
    ],
    "obj_class": "sign",
    "point_num_in_lidar": 30,
    "speed": 0.003991111250479705,
    "if_vehicle": false,
    "motion_state": false,
    "pose": [
      [
        0.8338329310315641,
        0.5514125562679704,
        0.02582316629178638,
        -22.069235044873494
      ],
      [
        -0.5517425347789312,
        0.8339807907156888,
        0.0074977351883229355,
        -1.9178802417591214
      ],
      [
        -0.017401679316393266,
        -0.020499597734025883,
        0.9996384086507043,
        3.132599351804835
      ],
      [
        0.0,
        0.0,
        0.0,
        1.0
      ]
    ],
    "location": [
      -22.069235044873494,
      -1.9178802417591214,
      3.132599351804835
    ],
    "rotation": [
      -0.020504138961100826,
      0.017402557694333052,
      -0.5845523222582892
    ]
  },
  {
    "label_id": "7EgtlAH6ywce4f682WJLHA",
    "size": [
      2.035703108574999,
      4.55947893137863,
      1.4400000000000048
    ],
    "obj_class": "vehicle",
    "point_num_in_lidar": 33,
    "speed": 0.02536303366256835,
    "if_vehicle": true,
    "motion_state": false,
    "pose": [
      [
        0.9826408639795938,
        -0.1837119934030005,
        0.02582316629178638,
        -60.531086613725165
      ],
      [
        0.1835777266883012,
        0.9829766030943977,
        0.0074977351883229355,
        -22.47236566110587
      ],
      [
        -0.02676099216009656,
        -0.002627022819603741,
        0.9996384086507043,
        1.6340143921773311
      ],
      [
        0.0,
        0.0,
        0.0,
        1.0
      ]
    ],
    "location": [
      -60.531086613725165,
      -22.47236566110587,
      1.6340143921773311
    ],
    "rotation": [
      -0.0026279670221513924,
      0.0267641873404584,
      0.18469171132294546
    ]
  },
  {
    "label_id": "7zRc0M_V6kWZiiTMJvEU4Q",
    "size": [
      0.9750323162870675,
      1.1262346547427113,
      1.8000000000000043
    ],
    "obj_class": "pedestrian",
    "point_num_in_lidar": 39,
    "speed": 1.3573342992743485,
    "if_vehicle": false,
    "motion_state": true,
    "pose": [
      [
        -0.9827948154132004,
        0.1828866175519694,
        0.02582316629178638,
        -25.47530039621506
      ],
      [
        -0.18275206890042212,
        -0.9831304416402032,
        0.0074977351883229355,
        -0.20889094227277383
      ],
      [
        0.026758776308885113,
        0.0026494982050412953,
        0.9996384086507043,
        1.3745523890071354
      ],
      [
        0.0,
        0.0,
        0.0,
        1.0
      ]
    ],
    "location": [
      -25.47530039621506,
      -0.20889094227277383,
      1.3745523890071354
    ],
    "rotation": [
      0.002650450380825806,
      -0.0267619706954446,
      -2.9577411311539037
    ]
  },
  {
    "label_id": "CWSv1DRZP1IrZmTidTdj-w",
    "size": [
      0.44226996511507016,
      0.07457283692242789,
      0.49000000000000377
    ],
    "obj_class": "sign",
    "point_num_in_lidar": 26,
    "speed": 0.01765129830688799,
    "if_vehicle": false,
    "motion_state": false,
    "pose": [
      [
        -0.9971013576750956,
        0.07156847493937614,
        0.02582316629178638,
        0.16214187285117987
      ],
      [
        -0.07139715254248147,
        -0.9974197865371788,
        0.0074977351883229355,
        -14.725629774447953
      ],
      [
        0.02629313848339521,
        0.0056323013929006,
        0.9996384086507043,
        2.742033251600308
      ],
      [
        0.0,
        0.0,
        0.0,
        1.0
      ]
    ],
    "location": [
      0.16214187285117987,
      -14.725629774447953,
      2.742033251600308
    ],
    "rotation": [
      0.005634279100031073,
      -0.02629616896169715,
      -3.0701099475450895
    ]
  },
  {
    "label_id": "CylGTHfEnRj7dRsPPu8M5g",
    "size": [
      1.8917129179512506,
      4.033344322490808,
      1.4900000000000038
    ],
    "obj_class": "vehicle",
    "point_num_in_lidar": 22,
    "speed": 1.4228607195221901e-12,
    "if_vehicle": true,
    "motion_state": false,
    "pose": [
      [
        -0.987156500585265,
        0.15765534381974028,
        0.02582316629178638,
        -71.16572121073
      ],
      [
        -0.15751224326740706,
        -0.9874885706619165,
        0.0074977351883229355,
        -11.156845244962824
      ],
      [
        0.026682139590425532,
        0.003333973179933311,
        0.9996384086507043,
        1.8832067220774995
      ],
      [
        0.0,
        0.0,
        0.0,
        1.0
      ]
    ],
    "location": [
      -71.16572121073,
      -11.156845244962824,
      1.8832067220774995
    ],
    "rotation": [
      0.003335166785746042,
      -0.026685306603655062,
      -2.9833649047963045
    ]
  },
  {
    "label_id": "IzWh0PLVTsHFYL2u5a9nWg",
    "size": [
      0.4711189525387705,
      0.07851021281441528,
      0.5100000000000033
    ],
    "obj_class": "sign",
    "point_num_in_lidar": 23,
    "speed": 0.009502337561855884,
    "if_vehicle": false,
    "motion_state": false,
    "pose": [
      [
        0.9966549968517384,
        -0.0775369675260019,
        0.02582316629178638,
        -31.98517459567097
      ],
      [
        0.07736755467467028,
        0.9969744457360518,
        0.0074977351883229355,
        -19.93010419309212
      ],
      [
        -0.026326388550719178,
        -0.0054747800105602795,
        0.9996384086507043,
        3.300295882936881
      ],
      [
        0.0,
        0.0,
        0.0,
        1.0
      ]
    ],
    "location": [
      -31.98517459567097,
      -19.93010419309212,
      3.300295882936881
    ],
    "rotation": [
      -0.005476705602413507,
      0.026329430542909555,
      0.07747185249924231
    ]
  },
  {
    "label_id": "LGE6aZngIxf-g4ygRGDNeA",
    "size": [
      0.8908187372473892,
      0.9613914346561343,
      1.6300000000000043
    ],
    "obj_class": "pedestrian",
    "point_num_in_lidar": 24,
    "speed": 0.0314794900398814,
    "if_vehicle": false,
    "motion_state": false,
    "pose": [
      [
        0.5485264736411799,
        -0.8357343308716226,
        0.02582316629178638,
        -43.998065931769816
      ],
      [
        0.8358833304975198,
        0.5488559389889296,
        0.0074977351883229355,
        -7.143706862274485
      ],
      [
        -0.02043931288341138,
        0.01747244800082352,
        0.9996384086507043,
        1.5015708866182393
      ],
      [
        0.0,
        0.0,
        0.0,
        1.0
      ]
    ],
    "location": [
      -43.998065931769816,
      -7.143706862274485,
      1.5015708866182393
    ],
    "rotation": [
      0.01747698853442327,
      0.02044073629101943,
      0.9900583383461777
    ]
  },
  {
    "label_id": "NMF9Nrf43a912J1uRSKvAA",
    "size": [
      0.9757377133138468,
      0.9462817931777863,
      1.6100000000000048
    ],
    "obj_class": "pedestrian",
    "point_num_in_lidar": 51,
    "speed": 1.3048098614581023,
    "if_vehicle": false,
    "motion_state": true,
    "pose": [
      [
        -0.9898470462757132,
        0.13977120254871206,
        0.02582316629178638,
        -38.3272568224354
      ],
      [
        -0.13962211803837338,
        -0.990176473221579,
        0.0074977351883229355,
        -2.1860784165655787
      ],
      [
        0.026617459189879088,
        0.0038161258578025942,
        0.9996384086507043,
        1.496890951062813
      ],
      [
        0.0,
        0.0,
        0.0,
        1.0
      ]
    ],
    "location": [
      -38.3272568224354,
      -2.1860784165655787,
      1.496890951062813
    ],
    "rotation": [
      0.003817487690572149,
      -0.02662060322246365,
      -3.0014628927662423
    ]
  },
  {
    "label_id": "O2XNeS9LcyFvcLdYZisPjQ",
    "size": [
      2.0579282835711377,
      4.975976130770658,
      1.5200000000000031
    ],
    "obj_class": "vehicle",
    "point_num_in_lidar": 189,
    "speed": 0.02342058465011102,
    "if_vehicle": true,
    "motion_state": false,
    "pose": [
      [
        0.9894920487975686,
        -0.14226260734661383,
        0.02582316629178638,
        -28.285855501520473
      ],
      [
        0.1421143526103096,
        0.9898218500059484,
        0.0074977351883229355,
        -17.291283319680588
      ],
      [
        -0.026626981589032515,
        -0.003749106792929696,
        0.9996384086507043,
        1.150136911211943
      ],
      [
        0.0,
        0.0,
        0.0,
        1.0
      ]
    ],
    "location": [
      -28.285855501520473,
      -17.291283319680588,
      1.150136911211943
    ],
    "rotation": [
      -0.0037504453433929506,
      0.02663012899787695,
      0.1426480448280975
    ]
  },
  {
    "label_id": "OAMynEEqx3osxUHtJS_ELg",
    "size": [
      0.8170537752807779,
      0.8340350894805498,
      1.6600000000000037
    ],
    "obj_class": "pedestrian",
    "point_num_in_lidar": 76,
    "speed": 0.02858461409460162,
    "if_vehicle": false,
    "motion_state": false,
    "pose": [
      [
        0.9385909536518189,
        0.3440642175606703,
        0.02582316629178638,
        -30.012355281789723
      ],
      [
        -0.3443511581703878,
        0.9388109840823968,
        0.0074977351883229355,
        -3.563137809484033
      ],
      [
        -0.021663369767467914,
        -0.015929543640839983,
        0.9996384086507043,
        1.315027659670104
      ],
      [
        0.0,
        0.0,
        0.0,
        1.0
      ]
    ],
    "location": [
      -30.012355281789723,
      -3.563137809484033,
      1.315027659670104
    ],
    "rotation": [
      -0.01593395707653487,
      0.021665064567721545,
      -0.3516336856350715
    ]
  },
  {
    "label_id": "P1UuB38YkU4_aXx-wiuAlA",
    "size": [
      0.3219935344177176,
      0.13156426811666824,
      0.44000000000000306
    ],
    "obj_class": "sign",
    "point_num_in_lidar": 44,
    "speed": 0.013692365889927982,
    "if_vehicle": false,
    "motion_state": false,
    "pose": [
      [
        0.8614676578338137,
        0.5071554382918418,
        0.02582316629178638,
        -9.631571505297188
      ],
      [
        -0.5074772526186584,
        0.861632533068282,
        0.0074977351883229355,
        0.327323245432126
      ],
      [
        -0.018447563008205287,
        -0.019563725855413227,
        0.9996384086507043,
        2.904376854038631
      ],
      [
        0.0,
        0.0,
        0.0,
        1.0
      ]
    ],
    "location": [
      -9.631571505297188,
      0.327323245432126,
      2.904376854038631
    ],
    "rotation": [
      -0.019568304416830076,
      0.01844860949143558,
      -0.5323547411639844
    ]
  },
  {
    "label_id": "PZVkiiiTmHjez6OdHRP2IA",
    "size": [
      2.144554483973607,
      4.5633007576846065,
      1.4700000000000042
    ],
    "obj_class": "vehicle",
    "point_num_in_lidar": 2306,
    "speed": 1.3136494391752536,
    "if_vehicle": true,
    "motion_state": true,
    "pose": [
      [
        0.9873034025468648,
        -0.1567327515296354,
        0.02582316629178638,
        4.565710727285477
      ],
      [
        0.15658934071165898,
        0.9876353387473201,
        0.0074977351883229355,
        -5.758805311379547
      ],
      [
        -0.02667901225442324,
        -0.0033589068781082285,
        0.9996384086507043,
        0.6997584215264361
      ],
      [
        0.0,
        0.0,
        0.0,
        1.0
      ]
    ],
    "location": [
      4.565710727285477,
      -5.758805311379547,
      0.6997584215264361
    ],
    "rotation": [
      -0.003360109223466439,
      0.02668217815395618,
      0.15729289506403352
    ]
  },
  {
    "label_id": "QmpdBgxGLSxvyzQXu1z3-Q",
    "size": [
      0.914560408796495,
      1.0514743018973143,
      1.8600000000000048
    ],
    "obj_class": "pedestrian",
    "point_num_in_lidar": 212,
    "speed": 1.341936424922761,
    "if_vehicle": false,
    "motion_state": true,
    "pose": [
      [
        -0.9874993014832653,
        0.155493709367068,
        0.02582316629178638,
        -11.814088710053738
      ],
      [
        -0.15534988213149564,
        -0.9878310574631556,
        0.0074977351883229355,
        -17.350832029025696
      ],
      [
        0.02667477632134658,
        0.003392382421484372,
        0.9996384086507043,
        1.195450564408727
      ],
      [
        0.0,
        0.0,
        0.0,
        1.0
      ]
    ],
    "location": [
      -11.814088710053738,
      -17.350832029025696,
      1.195450564408727
    ],
    "rotation": [
      0.003393596493822029,
      -0.02667794071280949,
      -2.985555049550265
    ]
  },
  {
    "label_id": "W_9pz6y0uZhT8Gzg3NsiGA",
    "size": [
      2.157253910406776,
      4.864886469337955,
      1.480000000000004
    ],
    "obj_class": "vehicle",
    "point_num_in_lidar": 4030,
    "speed": 0.10480759557345466,
    "if_vehicle": true,
    "motion_state": false,
    "pose": [
      [
        0.9876605287755071,
        -0.15446631989386114,
        0.02582316629178638,
        2.1131935378875824
      ],
      [
        0.1543221476070758,
        0.987992134950975,
        0.0074977351883229355,
        -11.449160869420666
      ],
      [
        -0.026671232757895028,
        -0.003420130620554636,
        0.9996384086507043,
        0.6550248188144607
      ],
      [
        0.0,
        0.0,
        0.0,
        1.0
      ]
    ],
    "location": [
      2.1131935378875824,
      -11.449160869420666,
      0.6550248188144607
    ],
    "rotation": [
      -0.0034213544077320445,
      0.026674395888152295,
      0.15499692969909845
    ]
  },
  {
    "label_id": "YurWdc7QEzz9ED-TzDYktQ",
    "size": [
      2.4265139348017057,
      5.3769130872342465,
      1.9100000000000037
    ],
    "obj_class": "vehicle",
    "point_num_in_lidar": 172,
    "speed": 0.015536539426648352,
    "if_vehicle": true,
    "motion_state": false,
    "pose": [
      [
        0.9821944735680578,
        -0.18608379879783393,
        0.02582316629178638,
        -34.462824935865456
      ],
      [
        0.18595034303261482,
        0.9825305358578422,
        0.0074977351883229355,
        -18.500248808446486
      ],
      [
        -0.026767256460438364,
        -0.0025624074361016154,
        0.9996384086507043,
        1.3984169692834776
      ],
      [
        0.0,
        0.0,
        0.0,
        1.0
      ]
    ],
    "location": [
      -34.462824935865456,
      -18.500248808446486,
      1.3984169692834776
    ],
    "rotation": [
      -0.002563328701352051,
      0.026770453885622936,
      0.18710682076772295
    ]
  },
  {
    "label_id": "bY1X4-breOuP-79CNrGS-w",
    "size": [
      0.8784205207576862,
      0.9302074121880761,
      1.650000000000004
    ],
    "obj_class": "pedestrian",
    "point_num_in_lidar": 49,
    "speed": 1.1193667350827523,
    "if_vehicle": false,
    "motion_state": true,
    "pose": [
      [
        -0.9861336628153862,
        0.16393158068223815,
        0.02582316629178638,
        -22.49721066494999
      ],
      [
        -0.16379059536463283,
        -0.9864666364541402,
        0.0074977351883229355,
        0.888759262401436
      ],
      [
        0.026702807575413063,
        0.0031641772829490975,
        0.9996384086507043,
        1.1912487207115863
      ],
      [
        0.0,
        0.0,
        0.0,
        1.0
      ]
    ],
    "location": [
      -22.49721066494999,
      0.888759262401436,
      1.1912487207115863
    ],
    "rotation": [
      0.0031653112646096554,
      -0.026705981955426904,
      -2.977001502474791
    ]
  },
  {
    "label_id": "cGa1URHMkxxAB6W4qYTHMw",
    "size": [
      1.2461233338922877,
      1.1367741460899659,
      1.9100000000000037
    ],
    "obj_class": "pedestrian",
    "point_num_in_lidar": 157,
    "speed": 1.5956710528445377,
    "if_vehicle": false,
    "motion_state": true,
    "pose": [
      [
        -0.9797858355637231,
        0.1983756046275952,
        0.02582316629178638,
        -18.367776440732086
      ],
      [
        -0.19824637003324502,
        -0.9801235436085022,
        0.0074977351883229355,
        1.078238642654469
      ],
      [
        0.02679726100441845,
        0.0022268257562150146,
        0.9996384086507043,
        1.2790404847295012
      ],
      [
        0.0,
        0.0,
        0.0,
        1.0
      ]
    ],
    "location": [
      -18.367776440732086,
      1.078238642654469,
      1.2790404847295012
    ],
    "rotation": [
      0.0022276275636595524,
      -0.02680046919636708,
      -2.9419515373026055
    ]
  },
  {
    "label_id": "gY_LuJhkuK1xzQSls47Evg",
    "size": [
      0.4711189525387705,
      0.07851021281441528,
      0.5100000000000033
    ],
    "obj_class": "sign",
    "point_num_in_lidar": 21,
    "speed": 0.009493309602531782,
    "if_vehicle": false,
    "motion_state": false,
    "pose": [
      [
        0.9966549968517384,
        -0.0775369675260019,
        0.02582316629178638,
        -31.984694073559922
      ],
      [
        0.07736755467467028,
        0.9969744457360518,
        0.0074977351883229355,
        -19.929399178254243
      ],
      [
        -0.026326388550719178,
        -0.0054747800105602795,
        0.9996384086507043,
        3.8202958829368487
      ],
      [
        0.0,
        0.0,
        0.0,
        1.0
      ]
    ],
    "location": [
      -31.984694073559922,
      -19.929399178254243,
      3.8202958829368487
    ],
    "rotation": [
      -0.005476705602413507,
      0.026329430542909555,
      0.07747185249924231
    ]
  },
  {
    "label_id": "idZxvTPEN4rPuuDPp1m1jQ",
    "size": [
      0.916846991427878,
      1.0720597660446636,
      1.650000000000004
    ],
    "obj_class": "pedestrian",
    "point_num_in_lidar": 84,
    "speed": 1.9002646999672026,
    "if_vehicle": false,
    "motion_state": true,
    "pose": [
      [
        -0.9958215652868389,
        0.08759323142992871,
        0.02582316629178638,
        -27.11092867132288
      ],
      [
        -0.08742705171957434,
        -0.9961427079463406,
        0.0074977351883229355,
        -1.2852363436377345
      ],
      [
        0.02638030965119984,
        0.005208763096386782,
        0.9996384086507043,
        1.285243699557446
      ],
      [
        0.0,
        0.0,
        0.0,
        1.0
      ]
    ],
    "location": [
      -27.11092867132288,
      -1.2852363436377345,
      1.285243699557446
    ],
    "rotation": [
      0.005210600064290373,
      -0.026383370377230726,
      -3.0540232883428633
    ]
  },
  {
    "label_id": "llDxFjojX6EWsJwNE3HgHA",
    "size": [
      2.0583747001354724,
      4.683878169405639,
      1.459999999999999
    ],
    "obj_class": "vehicle",
    "point_num_in_lidar": 3754,
    "speed": 0.024263889178593154,
    "if_vehicle": true,
    "motion_state": false,
    "pose": [
      [
        -0.9846905772879656,
        0.17238802476668752,
        0.02582316629178638,
        2.0147450175541053
      ],
      [
        -0.17224990204496898,
        -0.9850247485279466,
        0.0074977351883229355,
        0.3535618257119495
      ],
      [
        0.026728977642100908,
        0.0029349113266908576,
        0.9996384086507043,
        0.6697684970276256
      ],
      [
        0.0,
        0.0,
        0.0,
        1.0
      ]
    ],
    "location": [
      2.0147450175541053,
      0.3535618257119495,
      0.6697684970276256
    ],
    "rotation": [
      0.002935964513187213,
      -0.02673216136641538,
      -2.968416899023142
    ]
  },
  {
    "label_id": "lmhrkJg9CBuWpz2QHHXInA",
    "size": [
      1.9856750735552906,
      4.463052041877781,
      1.7500000000000036
    ],
    "obj_class": "vehicle",
    "point_num_in_lidar": 25,
    "speed": 0.017750665394046513,
    "if_vehicle": true,
    "motion_state": false,
    "pose": [
      [
        0.990197709846507,
        -0.1372649244978468,
        0.02582316629178638,
        -51.20010158380228
      ],
      [
        0.13711500651013514,
        0.990526758324464,
        0.0074977351883229355,
        -20.94499423900743
      ],
      [
        -0.02660771325120673,
        -0.003883496598302349,
        0.9996384086507043,
        1.6604059133123776
      ],
      [
        0.0,
        0.0,
        0.0,
        1.0
      ]
    ],
    "location": [
      -51.20010158380228,
      -20.94499423900743,
      1.6604059133123776
    ],
    "rotation": [
      -0.003884881800961165,
      0.026610853830775164,
      0.13759734725663153
    ]
  },
  {
    "label_id": "s6kR0GUKpEmP8E_Wb7TDOg",
    "size": [
      0.938717135272245,
      1.1357424908506306,
      1.7600000000000051
    ],
    "obj_class": "pedestrian",
    "point_num_in_lidar": 134,
    "speed": 1.0928222255764046,
    "if_vehicle": false,
    "motion_state": true,
    "pose": [
      [
        -0.9726484931716519,
        0.23084209497745828,
        0.02582316629178638,
        -18.170517819849465
      ],
      [
        -0.23072416003636664,
        -0.9729903113302613,
        0.0074977351883229355,
        -19.54480915748354
      ],
      [
        0.026856483508237012,
        0.001334632480970547,
        0.9996384086507043,
        1.3125379653277314
      ],
      [
        0.0,
        0.0,
        0.0,
        1.0
      ]
    ],
    "location": [
      -18.170517819849465,
      -19.54480915748354,
      1.3125379653277314
    ],
    "rotation": [
      0.0013351144537995185,
      -0.026859713022361488,
      -2.9086852343881295
    ]
  },
  {
    "label_id": "zVM5dN-2y4cd8zrNhglfhw",
    "size": [
      2.084118512294623,
      4.555342182430781,
      1.7400000000000002
    ],
    "obj_class": "vehicle",
    "point_num_in_lidar": 139,
    "speed": 0.18227856866950376,
    "if_vehicle": true,
    "motion_state": false,
    "pose": [
      [
        0.9924744943213487,
        -0.11969771177533121,
        0.02582316629178638,
        -40.941605731474056
      ],
      [
        0.11954198679882783,
        0.99280083468903,
        0.0074977351883229355,
        -18.668600613780654
      ],
      [
        -0.02653472279433878,
        -0.004354358335629525,
        0.9996384086507043,
        1.5222017416693667
      ],
      [
        0.0,
        0.0,
        0.0,
        1.0
      ]
    ],
    "location": [
      -40.941605731474056,
      -18.668600613780654,
      1.5222017416693667
    ],
    "rotation": [
      -0.004355905853726926,
      0.026537837593526355,
      0.11987095901115259
    ]
  },
  {
    "label_id": "zVVJtTwvTo5uy6ml0zAS_w",
    "size": [
      0.9175988781053562,
      0.9965206057023652,
      1.7600000000000033
    ],
    "obj_class": "pedestrian",
    "point_num_in_lidar": 60,
    "speed": 1.2418928071348856,
    "if_vehicle": false,
    "motion_state": true,
    "pose": [
      [
        -0.9845969257078899,
        0.17292211532721583,
        0.02582316629178638,
        -30.62773301112543
      ],
      [
        -0.172784173887,
        -0.9849311718192458,
        0.0074977351883229355,
        -20.19644686503125
      ],
      [
        0.02673056566478051,
        0.002920412561321695,
        0.9996384086507043,
        1.4293264460239161
      ],
      [
        0.0,
        0.0,
        0.0,
        1.0
      ]
    ],
    "location": [
      -30.62773301112543,
      -20.19644686503125,
      1.4293264460239161
    ],
    "rotation": [
      0.002921460627699517,
      -0.02673374995670493,
      -2.967874287386944
    ]
  }
]