[
  {
    "label_id": "1dV_4md2l_8dieaFKFmDtQ",
    "size": [
      1.9909670536880737,
      4.4638174836953315,
      1.79
    ],
    "obj_class": "vehicle",
    "point_num_in_lidar": 102,
    "speed": 7.604993793783747,
    "if_vehicle": true,
    "motion_state": true,
    "pose": [
      [
        -0.15313958041002657,
        -0.9881276415774415,
        0.012330160682016748,
        -104.36555673711018
      ],
      [
        0.9877029811423559,
        -0.15265244070341752,
        0.03376467665760316,
        -37.39406085579503
      ],
      [
        -0.03148158119192713,
        0.017349244879617774,
        0.9993537480530922,
        2.698761868570376
      ],
      [
        0.0,
        0.0,
        0.0,
        1.0
      ]
    ],
    "location": [
      -104.36555673711018,
      -37.39406085579503,
      2.698761868570376
    ],
    "rotation": [
      0.01735872036337213,
      0.03148678369233796,
      1.7246177292934337
    ]
  },
  {
    "label_id": "7EgtlAH6ywce4f682WJLHA",
    "size": [
      2.035703108575,
      4.55947893137863,
      1.4400000000000048
    ],
    "obj_class": "vehicle",
    "point_num_in_lidar": 411,
    "speed": 0.02453834255938092,
    "if_vehicle": true,
    "motion_state": false,
    "pose": [
      [
        0.9828939334286714,
        -0.1837593066124,
        0.012330160682016748,
        -60.380499740880396
      ],
      [
        0.1832592110007455,
        0.9824846096471902,
        0.03376467665760316,
        -22.418918336821662
      ],
      [
        -0.018318766675151404,
        -0.030927480332840013,
        0.9993537480530922,
        1.6340143921773382
      ],
      [
        0.0,
        0.0,
        0.0,
        1.0
      ]
    ],
    "location": [
      -60.380499740880396,
      -22.418918336821662,
      1.6340143921773382
    ],
    "rotation": [
      -0.030937605928515046,
      0.018319791390010418,
      0.1843320777457802
    ]
  },
  {
    "label_id": "CylGTHfEnRj7dRsPPu8M5g",
    "size": [
      1.8917129179512508,
      4.033344322490808,
      1.4900000000000038
    ],
    "obj_class": "vehicle",
    "point_num_in_lidar": 242,
    "speed": 1.4228607195221901e-12,
    "if_vehicle": true,
    "motion_state": false,
    "pose": [
      [
        -0.9874107329919514,
        0.15769594639638962,
        0.012330160682016748,
        -71.16572121072954
      ],
      [
        -0.15720685301590173,
        -0.9869883241330893,
        0.03376467665760316,
        -11.156845244964643
      ],
      [
        0.017494277268124237,
        0.03140121836971991,
        0.9993537480530922,
        1.8832067220776079
      ],
      [
        0.0,
        0.0,
        0.0,
        1.0
      ]
    ],
    "location": [
      -71.16572121072954,
      -11.156845244964643,
      1.8832067220776079
    ],
    "rotation": [
      0.03141118976108987,
      -0.01749516974420351,
      -2.9837065914148173
    ]
  },
  {
    "label_id": "GGpSECh4csvMrhW8zIOq8Q",
    "size": [
      0.48828637192616403,
      0.079089428634823,
      0.5100000000000033
    ],
    "obj_class": "sign",
    "point_num_in_lidar": 116,
    "speed": 0.0068473599491391006,
    "if_vehicle": false,
    "motion_state": false,
    "pose": [
      [
        0.9998099201516188,
        -0.015102672080428923,
        0.012330160682016748,
        -52.63748593390119
      ],
      [
        0.014678898870423252,
        0.9993220084327971,
        0.03376467665760316,
        -6.309917669768765
      ],
      [
        -0.012831737776513575,
        -0.033577265491276057,
        0.9993537480530922,
        3.389078574101257
      ],
      [
        0.0,
        0.0,
        0.0,
        1.0
      ]
    ],
    "location": [
      -52.63748593390119,
      -6.309917669768765,
      3.389078574101257
    ],
    "rotation": [
      -0.0335863442543318,
      0.012832089934350954,
      0.014680634810934318
    ]
  },
  {
    "label_id": "GpOaV2-NWHwc6MJRZBp45A",
    "size": [
      0.8710197687514682,
      1.1460911671396543,
      1.7800000000000047
    ],
    "obj_class": "pedestrian",
    "point_num_in_lidar": 125,
    "speed": 1.6554529371072313,
    "if_vehicle": false,
    "motion_state": true,
    "pose": [
      [
        -0.9906723320970378,
        0.1357066599506897,
        0.012330160682016748,
        -64.32139067162257
      ],
      [
        -0.1352270776595928,
        -0.9902391549912849,
        0.03376467665760316,
        -6.753000889171744
      ],
      [
        0.016791899388185372,
        0.0317823593707878,
        0.9993537480530922,
        2.138281682698725
      ],
      [
        0.0,
        0.0,
        0.0,
        1.0
      ]
    ],
    "location": [
      -64.32139067162257,
      -6.753000889171744,
      2.138281682698725
    ],
    "rotation": [
      0.031792196477618655,
      -0.016792688617724073,
      -3.005930766234928
    ]
  },
  {
    "label_id": "IW-rVM1tCUwHE-S701Z5CQ",
    "size": [
      0.4836891188408541,
      0.08585010331879363,
      0.5200000000000031
    ],
    "obj_class": "sign",
    "point_num_in_lidar": 31,
    "speed": 0.012196832432474864,
    "if_vehicle": false,
    "motion_state": false,
    "pose": [
      [
        0.9788385155260672,
        -0.2042623990368289,
        0.012330160682016748,
        -68.61503156764206
      ],
      [
        0.20375385748889882,
        0.9784397335393739,
        0.03376467665760316,
        -8.879248913928677
      ],
      [
        -0.01896117298899497,
        -0.030537848174327066,
        0.9993537480530922,
        3.8768923480941577
      ],
      [
        0.0,
        0.0,
        0.0,
        1.0
      ]
    ],
    "location": [
      -68.61503156764206,
      -8.879248913928677,
      3.8768923480941577
    ],
    "rotation": [
      -0.030548090183830364,
      0.018962309345555015,
      0.20522811671429647
    ]
  },
  {
    "label_id": "IzWh0PLVTsHFYL2u5a9nWg",
    "size": [
      0.47111895253877123,
      0.07851021281441528,
      0.5100000000000033
    ],
    "obj_class": "sign",
    "point_num_in_lidar": 97,
    "speed": 0.04355279299232927,
    "if_vehicle": false,
    "motion_state": false,
    "pose": [
      [
        0.9969116755023211,
        -0.07755693640616765,
        0.012330160682016748,
        -32.021157629623076
      ],
      [
        0.07710349920540706,
        0.9964512015249363,
        0.03376467665760316,
        -19.923609156719976
      ],
      [
        -0.014905088306899657,
        -0.03270970184517686,
        0.9993537480530922,
        3.33143255909539
      ],
      [
        0.0,
        0.0,
        0.0,
        1.0
      ]
    ],
    "location": [
      -32.021157629623076,
      -19.923609156719976,
      3.33143255909539
    ],
    "rotation": [
      -0.032719173446503325,
      0.014905640251934648,
      0.07718869210527225
    ]
  },
  {
    "label_id": "LGE6aZngIxf-g4ygRGDNeA",
    "size": [
      0.8908187372476236,
      0.9613914346561343,
      1.6300000000000043
    ],
    "obj_class": "pedestrian",
    "point_num_in_lidar": 1059,
    "speed": 0.02893626365514964,
    "if_vehicle": false,
    "motion_state": false,
    "pose": [
      [
        0.49177121252230016,
        -0.8706371469630171,
        0.012330160682016748,
        -43.972460836334676
      ],
      [
        0.8700020288070325,
        0.49189065500561696,
        0.03376467665760316,
        -7.094900169213361
      ],
      [
        -0.03546187256750612,
        -0.005877231171461639,
        0.9993537480530922,
        1.4822387202812717
      ],
      [
        0.0,
        0.0,
        0.0,
        1.0
      ]
    ],
    "location": [
      -43.972460836334676,
      -7.094900169213361,
      1.4822387202812717
    ],
    "rotation": [
      -0.00588096399961489,
      0.03546930925657248,
      1.0563180656023392
    ]
  },
  {
    "label_id": "NMF9Nrf43a912J1uRSKvAA",
    "size": [
      0.9757377133119511,
      0.9462817931777863,
      1.6100000000000048
    ],
    "obj_class": "pedestrian",
    "point_num_in_lidar": 33,
    "speed": 1.2918872331398887,
    "if_vehicle": false,
    "motion_state": true,
    "pose": [
      [
        -0.9849239086992585,
        0.17254814171740676,
        0.012330160682016748,
        -46.154600365254055
      ],
      [
        -0.17205274246420488,
        -0.984508913327225,
        0.03376467665760316,
        -3.394744940711462
      ],
      [
        0.01796518530716091,
        0.03113419934920783,
        0.9993537480530922,
        1.6540299348771246
      ],
      [
        0.0,
        0.0,
        0.0,
        1.0
      ]
    ],
    "location": [
      -46.154600365254055,
      -3.394744940711462,
      1.6540299348771246
    ],
    "rotation": [
      0.03114425937636613,
      -0.017966151818461548,
      -2.968651353110191
    ]
  },
  {
    "label_id": "Sg1SkSVG4WLFDebcJd5QIQ",
    "size": [
      0.5419445355376084,
      0.10259448914598271,
      0.570000000000003
    ],
    "obj_class": "sign",
    "point_num_in_lidar": 25,
    "speed": 0.026146668990050446,
    "if_vehicle": false,
    "motion_state": false,
    "pose": [
      [
        0.9933200549983005,
        -0.11473114431456184,
        0.012330160682016748,
        -73.98089040639161
      ],
      [
        0.11426082762198016,
        0.9928768352023062,
        0.03376467665760316,
        -26.664878397787106
      ],
      [
        -0.016116190905834684,
        -0.03213027611029097,
        0.9993537480530922,
        3.9746649885061345
      ],
      [
        0.0,
        0.0,
        0.0,
        1.0
      ]
    ],
    "location": [
      -73.98089040639161,
      -26.664878397787106,
      3.9746649885061345
    ],
    "rotation": [
      -0.03213998258006017,
      0.01611688863475444,
      0.11452586178893215
    ]
  },
  {
    "label_id": "Sx94Y1SFnd1yLexKQjbZ2Q",
    "size": [
      3.393013625496894,
      10.123527607233386,
      3.700000000000001
    ],
    "obj_class": "vehicle",
    "point_num_in_lidar": 133,
    "speed": 7.773220793918041,
    "if_vehicle": true,
    "motion_state": true,
    "pose": [
      [
        -0.15618694485475515,
        -0.9876505482175835,
        0.012330160682016748,
        -113.09654368988845
      ],
      [
        0.987227392490522,
        -0.15569849750903889,
        0.03376467665760316,
        -7.3316477503976785
      ],
      [
        -0.031427913919036175,
        0.017446274070256253,
        0.9993537480530922,
        3.815939001294998
      ],
      [
        0.0,
        0.0,
        0.0,
        1.0
      ]
    ],
    "location": [
      -113.09654368988845,
      -7.3316477503976785,
      3.815939001294998
    ],
    "rotation": [
      0.017455782882697172,
      0.03143308985049281,
      1.727703509655862
    ]
  },
  {
    "label_id": "TpULvZQyo_g5v2ED23CK4Q",
    "size": [
      0.9117250644885222,
      1.0929633263942455,
      1.8700000000000045
    ],
    "obj_class": "pedestrian",
    "point_num_in_lidar": 219,
    "speed": 1.414791046725587,
    "if_vehicle": false,
    "motion_state": true,
    "pose": [
      [
        0.9972190797030256,
        -0.07349880416582454,
        0.012330160682016748,
        -37.47130504470715
      ],
      [
        0.0730472448772566,
        0.9967567640232242,
        0.03376467665760316,
        -22.24977933813898
      ],
      [
        -0.014771834418672969,
        -0.032770095516250056,
        0.9993537480530922,
        1.6863600438058377
      ],
      [
        0.0,
        0.0,
        0.0,
        1.0
      ]
    ],
    "location": [
      -37.47130504470715,
      -22.24977933813898,
      1.6863600438058377
    ],
    "rotation": [
      -0.032779541380161516,
      0.014772371691270048,
      0.07312035586283853
    ]
  },
  {
    "label_id": "WhYQg_C0P0Z6-piDAr0CVQ",
    "size": [
      1.9435251000595954,
      4.317106775999505,
      1.3900000000000041
    ],
    "obj_class": "vehicle",
    "point_num_in_lidar": 84,
    "speed": 0.019778554355755897,
    "if_vehicle": true,
    "motion_state": false,
    "pose": [
      [
        0.9879874262747252,
        -0.15404159393034014,
        0.012330160682016748,
        -77.38897078519472
      ],
      [
        0.15355406674750588,
        0.9875632107341332,
        0.03376467665760316,
        -25.185024239186532
      ],
      [
        -0.01737797768287997,
        -0.03146572967356977,
        0.9993537480530922,
        1.8727471344287228
      ],
      [
        0.0,
        0.0,
        0.0,
        1.0
      ]
    ],
    "location": [
      -77.38897078519472,
      -25.185024239186532,
      1.8727471344287228
    ],
    "rotation": [
      -0.031475678980565344,
      0.017378852476246487,
      0.15418746878864317
    ]
  },
  {
    "label_id": "YurWdc7QEzz9ED-TzDYktQ",
    "size": [
      2.426513934801705,
      5.3769130872342465,
      1.9100000000000037
    ],
    "obj_class": "vehicle",
    "point_num_in_lidar": 3539,
    "speed": 0.009697527092498208,
    "if_vehicle": true,
    "motion_state": false,
    "pose": [
      [
        0.9824474280536946,
        -0.18613172284228202,
        0.012330160682016748,
        -34.43913892729802
      ],
      [
        0.18563064047808556,
        0.9820393128209802,
        0.03376467665760316,
        -18.44409471363724
      ],
      [
        -0.01839337996063226,
        -0.030883164116726366,
        0.9993537480530922,
        1.4236700156359987
      ],
      [
        0.0,
        0.0,
        0.0,
        1.0
      ]
    ],
    "location": [
      -34.43913892729802,
      -18.44409471363724,
      1.4236700156359987
    ],
    "rotation": [
      -0.030893303424239904,
      0.018394417248988822,
      0.18674558318064452
    ]
  },
  {
    "label_id": "a5oqi_-tW2nuUd1J4NNsQg",
    "size": [
      2.0504583041654625,
      4.186669464633484,
      1.5300000000000047
    ],
    "obj_class": "vehicle",
    "point_num_in_lidar": 43,
    "speed": 0.007000214149992524,
    "if_vehicle": true,
    "motion_state": false,
    "pose": [
      [
        0.9811588263701946,
        -0.19280903654501785,
        0.012330160682016748,
        -83.25466090509121
      ],
      [
        0.19230519018040135,
        0.9807541284337717,
        0.03376467665760316,
        -26.060887856530826
      ],
      [
        -0.018602990768746216,
        -0.030757356627232883,
        0.9993537480530922,
        2.0420459009364667
      ],
      [
        0.0,
        0.0,
        0.0,
        1.0
      ]
    ],
    "location": [
      -83.25466090509121,
      -26.060887856530826,
      2.0420459009364667
    ],
    "rotation": [
      -0.0307675342002946,
      0.0186040639293065,
      0.193544560256737
    ]
  },
  {
    "label_id": "fSHSyFC6ANX94wcEAGyubA",
    "size": [
      2.8301703167761794,
      6.409242601291343,
      1.9100000000000001
    ],
    "obj_class": "vehicle",
    "point_num_in_lidar": 34,
    "speed": 7.115206972463249,
    "if_vehicle": true,
    "motion_state": true,
    "pose": [
      [
        -0.13921285673509304,
        -0.9901857137210222,
        0.012330160682016748,
        -108.74942026296753
      ],
      [
        0.989754237083364,
        -0.13873174397280402,
        0.03376467665760316,
        -32.70780589037895
      ],
      [
        -0.03172271575988724,
        0.016904305873186427,
        0.9993537480530922,
        2.8287618685704317
      ],
      [
        0.0,
        0.0,
        0.0,
        1.0
      ]
    ],
    "location": [
      -108.74942026296753,
      -32.70780589037895,
      2.8287618685704317
    ],
    "rotation": [
      0.016913624362974215,
      0.03172803876118851,
      1.7105336032078011
    ]
  },
  {
    "label_id": "fZf2sS-D5MiFnsxrwl2QKA",
    "size": [
      0.8971121218733088,
      0.7020370838765297,
      1.7900000000000045
    ],
    "obj_class": "pedestrian",
    "point_num_in_lidar": 110,
    "speed": 5.684341886080801e-13,
    "if_vehicle": false,
    "motion_state": false,
    "pose": [
      [
        0.8049597288978421,
        0.5932013165783333,
        0.012330160682016748,
        -67.6981437212346
      ],
      [
        -0.5932432755103607,
        0.8043148405145498,
        0.03376467665760316,
        -9.393314308641493
      ],
      [
        0.010111919424656843,
        -0.03449398987919622,
        0.9993537480530922,
        2.0616781092744496
      ],
      [
        0.0,
        0.0,
        0.0,
        1.0
      ]
    ],
    "location": [
      -67.6981437212346,
      -9.393314308641493,
      2.0616781092744496
    ],
    "rotation": [
      -0.0345025986121269,
      -0.010112091758087862,
      -0.6351193651954886
    ]
  },
  {
    "label_id": "idZxvTPEN4rPuuDPp1m1jQ",
    "size": [
      0.9168469914285003,
      1.0720597660446636,
      1.650000000000004
    ],
    "obj_class": "pedestrian",
    "point_num_in_lidar": 93,
    "speed": 1.8590139461769515,
    "if_vehicle": false,
    "motion_state": true,
    "pose": [
      [
        -0.9913554114728912,
        0.13062318048865001,
        0.012330160682016748,
        -38.515648712399525
      ],
      [
        -0.13014582650663298,
        -0.9909197800291975,
        0.03376467665760316,
        -2.4205370497893455
      ],
      [
        0.0166286495639357,
        0.03186807596822665,
        0.9993537480530922,
        1.498338425641892
      ],
      [
        0.0,
        0.0,
        0.0,
        1.0
      ]
    ],
    "location": [
      -38.515648712399525,
      -2.4205370497893455,
      1.498338425641892
    ],
    "rotation": [
      0.03187788160735478,
      -0.016629415996127113,
      -3.0110584463096135
    ]
  },
  {
    "label_id": "lXv2x4c0f8VhG--PWjjnSA",
    "size": [
      0.9893577857507878,
      1.329735368185263,
      1.980000000000004
    ],
    "obj_class": "pedestrian",
    "point_num_in_lidar": 38,
    "speed": 1.786715973422437,
    "if_vehicle": false,
    "motion_state": true,
    "pose": [
      [
        0.08122129094777834,
        0.9966198217145452,
        0.012330160682016748,
        -95.01139581641792
      ],
      [
        -0.9961610177891068,
        0.08076616400187808,
        0.03376467665760316,
        -26.646859394832063
      ],
      [
        0.032654686250936454,
        -0.015025236041065877,
        0.9993537480530922,
        2.4029083920402243
      ],
      [
        0.0,
        0.0,
        0.0,
        1.0
      ]
    ],
    "location": [
      -95.01139581641792,
      -26.646859394832063,
      2.4029083920402243
    ],
    "rotation": [
      -0.015033819679328183,
      -0.032660492474759294,
      -1.489441985577935
    ]
  },
  {
    "label_id": "lmhrkJg9CBuWpz2QHHXInA",
    "size": [
      1.98567507355529,
      4.463052041877781,
      1.7500000000000036
    ],
    "obj_class": "vehicle",
    "point_num_in_lidar": 1129,
    "speed": 0.04102652277762012,
    "if_vehicle": true,
    "motion_state": false,
    "pose": [
      [
        0.9904527254865998,
        -0.1373002757234004,
        0.012330160682016748,
        -51.10105633028388
      ],
      [
        0.13681999715859686,
        0.9900203204923266,
        0.03376467665760316,
        -20.82738604174847
      ],
      [
        -0.01684300904493248,
        -0.03175530347121826,
        0.9993537480530922,
        1.6404059133124438
      ],
      [
        0.0,
        0.0,
        0.0,
        1.0
      ]
    ],
    "location": [
      -51.10105633028388,
      -20.82738604174847,
      1.6404059133124438
    ],
    "rotation": [
      -0.03176515041360509,
      0.016843805503599703,
      0.13727010092988431
    ]
  },
  {
    "label_id": "nz4jS99ev0vxCepFpx-Y4A",
    "size": [
      0.9198481503042261,
      1.1910221815967144,
      1.83
    ],
    "obj_class": "pedestrian",
    "point_num_in_lidar": 28,
    "speed": 1.2730720830798774,
    "if_vehicle": false,
    "motion_state": true,
    "pose": [
      [
        -0.004009059197521877,
        0.9999159437582273,
        0.012330160682016748,
        -97.07164960624436
      ],
      [
        -0.999420021752406,
        -0.004423429735837917,
        0.03376467665760316,
        -23.370931642562937
      ],
      [
        0.033816380125187145,
        -0.012187644869526322,
        0.9993537480530922,
        2.452343117319188
      ],
      [
        0.0,
        0.0,
        0.0,
        1.0
      ]
    ],
    "location": [
      -97.07164960624436,
      -23.370931642562937,
      2.452343117319188
    ],
    "rotation": [
      -0.012194921689021533,
      -0.033822828550598705,
      -1.5748076909930593
    ]
  },
  {
    "label_id": "qBkb67Z9B2qRT2rA66X3iw",
    "size": [
      0.6468100401938598,
      0.1017481166743686,
      0.570000000000003
    ],
    "obj_class": "sign",
    "point_num_in_lidar": 21,
    "speed": 0.026234545544202795,
    "if_vehicle": false,
    "motion_state": false,
    "pose": [
      [
        0.9881471857928076,
        -0.15301341884720454,
        0.012330160682016748,
        -90.44477059313999
      ],
      [
        0.1525263333635675,
        0.9877224631650701,
        0.03376467665760316,
        -12.548090075582877
      ],
      [
        -0.017345225291712948,
        -0.03148379601980303,
        0.9993537480530922,
        4.322942629326002
      ],
      [
        0.0,
        0.0,
        0.0,
        1.0
      ]
    ],
    "location": [
      -90.44477059313999,
      -12.548090075582877,
      4.322942629326002
    ],
    "rotation": [
      -0.03149373909516677,
      0.017346095147763665,
      0.15314723566373592
    ]
  },
  {
    "label_id": "qqAuRhy9s6l_Vs8qs2Ob4A",
    "size": [
      0.9896315697607535,
      1.1548622480809712,
      1.6600000000000037
    ],
    "obj_class": "pedestrian",
    "point_num_in_lidar": 23,
    "speed": 1.3424231955715866,
    "if_vehicle": false,
    "motion_state": true,
    "pose": [
      [
        0.16708279950019728,
        0.985865764315169,
        0.012330160682016748,
        -92.97215795250031
      ],
      [
        -0.9854480276908307,
        0.1665897095575209,
        0.03376467665760316,
        -40.5036954725565
      ],
      [
        0.031233360873087757,
        -0.017792229225375735,
        0.9993537480530922,
        2.2716100175667044
      ],
      [
        0.0,
        0.0,
        0.0,
        1.0
      ]
    ],
    "location": [
      -92.97215795250031,
      -40.5036954725565,
      2.2716100175667044
    ],
    "rotation": [
      -0.01780185418045146,
      -0.03123844124638528,
      -1.4028434771968648
    ]
  },
  {
    "label_id": "xDWfAq0CYrYP1r3hfBa-7A",
    "size": [
      1.8053202189232433,
      4.3917578049466295,
      1.5999999999999996
    ],
    "obj_class": "vehicle",
    "point_num_in_lidar": 121,
    "speed": 8.348560580113043,
    "if_vehicle": true,
    "motion_state": true,
    "pose": [
      [
        -0.152867585710082,
        -0.9881697568620111,
        0.012330160682016748,
        -107.19458900695668
      ],
      [
        0.9877449623544737,
        -0.15238056291261953,
        0.03376467665760316,
        -20.973072721761127
      ],
      [
        -0.03148635549773938,
        0.0173405787016126,
        0.9993537480530922,
        2.510345631598243
      ],
      [
        0.0,
        0.0,
        0.0,
        1.0
      ]
    ],
    "location": [
      -107.19458900695668,
      -20.973072721761127,
      2.510345631598243
    ],
    "rotation": [
      0.017350051192670163,
      0.03149156036615288,
      1.7243423773888629
    ]
  },
  {
    "label_id": "zVM5dN-2y4cd8zrNhglfhw",
    "size": [
      2.084118512297179,
      4.555342182430781,
      1.7400000000000002
    ],
    "obj_class": "vehicle",
    "point_num_in_lidar": 2298,
    "speed": 0.6446123084080317,
    "if_vehicle": true,
    "motion_state": false,
    "pose": [
      [
        0.9516136585925525,
        -0.30704952681554887,
        0.012330160682016748,
        -44.614809769611384
      ],
      [
        0.306501514264848,
        0.9512711329392701,
        0.03376467665760316,
        -19.489439637989562
      ],
      [
        -0.022096753912102376,
        -0.028351714565169276,
        0.9993537480530922,
        1.5222017416693863
      ],
      [
        0.0,
        0.0,
        0.0,
        1.0
      ]
    ],
    "location": [
      -44.614809769611384,
      -19.489439637989562,
      1.5222017416693863
    ],
    "rotation": [
      -0.028362441135257564,
      0.022098552491553042,
      0.31159410604083626
    ]
  },
  {
    "label_id": "zVVJtTwvTo5uy6ml0zAS_w",
    "size": [
      0.9175988781045185,
      0.9965206057023652,
      1.7600000000000051
    ],
    "obj_class": "pedestrian",
    "point_num_in_lidar": 272,
    "speed": 1.3167965383110967,
    "if_vehicle": false,
    "motion_state": true,
    "pose": [
      [
        -0.9661324899436436,
        0.25775177790434517,
        0.012330160682016748,
        -38.02825753117895
      ],
      [
        -0.2572220874912188,
        -0.965762260764453,
        0.03376467665760316,
        -20.930879213821754
      ],
      [
        0.020610909294716023,
        0.02944956146162167,
        0.9993537480530922,
        1.6193264460240187
      ],
      [
        0.0,
        0.0,
        0.0,
        1.0
      ]
    ],
    "location": [
      -38.02825753117895,
      -20.930879213821754,
      1.6193264460240187
    ],
    "rotation": [
      0.029460079880736588,
      -0.020612368859043384,
      -2.8813896366713534
    ]
  }
]