[
  {
    "label_id": "17uCnxYTYb0tHvESLUeCJA",
    "size": [
      0.8889410461067351,
      0.9589459079899387,
      1.650000000000004
    ],
    "obj_class": "pedestrian",
    "point_num_in_lidar": 596,
    "speed": 1.4894187359845987,
    "if_vehicle": false,
    "motion_state": true,
    "pose": [
      [
        -0.9846985604030348,
        0.17326561840150345,
        0.01864860906704161,
        -31.084526786750303
      ],
      [
        -0.1730102181305147,
        -0.9848126172921017,
        0.014545557559339381,
        -1.5299078395073593
      ],
      [
        0.02088563052968407,
        0.011096589666421405,
        0.9997202889484401,
        1.3751095179287507
      ],
      [
        0.0,
        0.0,
        0.0,
        1.0
      ]
    ],
    "location": [
      -31.084526786750303,
      -1.5299078395073593,
      1.3751095179287507
    ],
    "rotation": [
      0.011099238567955388,
      -0.020887149246444817,
      -2.9676691677641904
    ]
  },
  {
    "label_id": "72bo1abRb4anrmuqvARPAw",
    "size": [
      0.610021249781286,
      0.06596132314454406,
      0.5300000000000029
    ],
    "obj_class": "sign",
    "point_num_in_lidar": 25,
    "speed": 0.003298278439477172,
    "if_vehicle": false,
    "motion_state": false,
    "pose": [
      [
        0.9975702581506942,
        -0.06712532631594366,
        0.01864860906704161,
        -52.505998256694056
      ],
      [
        0.06685920694981773,
        0.9976563903475631,
        0.014545557559339381,
        -6.674728867054
      ],
      [
        -0.01958127930444557,
        -0.013263384396476386,
        0.9997202889484401,
        3.9051173093025575
      ],
      [
        0.0,
        0.0,
        0.0,
        1.0
      ]
    ],
    "location": [
      -52.505998256694056,
      -6.674728867054,
      3.9051173093025575
    ],
    "rotation": [
      -0.013266317025646554,
      0.019582530850630706,
      0.06692196947940982
    ]
  },
  {
    "label_id": "7EgtlAH6ywce4f682WJLHA",
    "size": [
      2.035703108575,
      4.55947893137863,
      1.4400000000000048
    ],
    "obj_class": "vehicle",
    "point_num_in_lidar": 286,
    "speed": 0.02536303366336236,
    "if_vehicle": true,
    "motion_state": false,
    "pose": [
      [
        0.9827977193652713,
        -0.18374131868005664,
        0.01864860906704161,
        -60.40201113691455
      ],
      [
        0.18348714741964986,
        0.9829144894074395,
        0.014545557559339381,
        -22.426553308836446
      ],
      [
        -0.02100260798617984,
        -0.010873560715159342,
        0.9997202889484401,
        1.6340143921773311
      ],
      [
        0.0,
        0.0,
        0.0,
        1.0
      ]
    ],
    "location": [
      -60.40201113691455,
      -22.426553308836446,
      1.6340143921773311
    ],
    "rotation": [
      -0.010876174149167984,
      0.021004152367890532,
      0.18457384107235233
    ]
  },
  {
    "label_id": "7zRc0M_V6kWZiiTMJvEU4Q",
    "size": [
      0.975032316287843,
      1.1262346547427113,
      1.8000000000000043
    ],
    "obj_class": "pedestrian",
    "point_num_in_lidar": 713,
    "speed": 1.4219985213078403,
    "if_vehicle": false,
    "motion_state": true,
    "pose": [
      [
        -0.9907591826006122,
        0.13434459971443283,
        0.01864860906704161,
        -33.027329406029594
      ],
      [
        -0.13408490503169518,
        -0.9908630909454288,
        0.014545557559339381,
        -1.3860444758502126
      ],
      [
        0.02043233552993449,
        0.011910647742233759,
        0.9997202889484401,
        1.4895518959991296
      ],
      [
        0.0,
        0.0,
        0.0,
        1.0
      ]
    ],
    "location": [
      -33.027329406029594,
      -1.3860444758502126,
      1.4895518959991296
    ],
    "rotation": [
      0.011913416560439425,
      -0.02043375748013469,
      -3.007074429814235
    ]
  },
  {
    "label_id": "CylGTHfEnRj7dRsPPu8M5g",
    "size": [
      1.8917129179512506,
      4.033344322490808,
      1.4900000000000038
    ],
    "obj_class": "vehicle",
    "point_num_in_lidar": 167,
    "speed": 1.4228607195221901e-12,
    "if_vehicle": true,
    "motion_state": false,
    "pose": [
      [
        -0.9873140767855842,
        0.1576805097686275,
        0.01864860906704161,
        -71.16572121073
      ],
      [
        -0.1574233386956657,
        -0.9874240827472245,
        0.014545557559339381,
        -11.156845244962824
      ],
      [
        0.020707636633360685,
        0.011425307431666783,
        0.9997202889484401,
        1.8832067220774888
      ],
      [
        0.0,
        0.0,
        0.0,
        1.0
      ]
    ],
    "location": [
      -71.16572121073,
      -11.156845244962824,
      1.8832067220774888
    ],
    "rotation": [
      0.011428006587893547,
      -0.02070911684621867,
      -2.9834775519551133
    ]
  },
  {
    "label_id": "GGpSECh4csvMrhW8zIOq8Q",
    "size": [
      0.48828637192616475,
      0.079089428634823,
      0.5100000000000033
    ],
    "obj_class": "sign",
    "point_num_in_lidar": 91,
    "speed": 0.003446644180728715,
    "if_vehicle": false,
    "motion_state": false,
    "pose": [
      [
        0.9997120502067818,
        -0.01510119370174593,
        0.01864860906704161,
        -52.64004474003991
      ],
      [
        0.014830951191135639,
        0.999784211538697,
        0.014545557559339381,
        -6.311671037135966
      ],
      [
        -0.01886424019458907,
        -0.014264792558192062,
        0.9997202889484401,
        3.389078574101127
      ],
      [
        0.0,
        0.0,
        0.0,
        1.0
      ]
    ],
    "location": [
      -52.64004474003991,
      -6.311671037135966,
      3.389078574101127
    ],
    "rotation": [
      -0.014267815446792143,
      0.01886535921049061,
      0.014834134803266454
    ]
  },
  {
    "label_id": "GpOaV2-NWHwc6MJRZBp45A",
    "size": [
      0.871019768750045,
      1.1460911671396543,
      1.7800000000000047
    ],
    "obj_class": "pedestrian",
    "point_num_in_lidar": 102,
    "speed": 1.4997196316191344,
    "if_vehicle": false,
    "motion_state": true,
    "pose": [
      [
        -0.9887379127292918,
        0.14849097383877558,
        0.01864860906704161,
        -62.93563790269832
      ],
      [
        -0.14823279075622756,
        -0.9888455220609073,
        0.014545557559339381,
        -6.536521296831779
      ],
      [
        0.020600477575622802,
        0.011617408854975525,
        0.9997202889484401,
        2.0907405387759983
      ],
      [
        0.0,
        0.0,
        0.0,
        1.0
      ]
    ],
    "location": [
      -62.93563790269832,
      -6.536521296831779,
      2.0907405387759983
    ],
    "rotation": [
      0.011620136240647689,
      -0.02060193492461882,
      -2.992779756669095
    ]
  },
  {
    "label_id": "IW-rVM1tCUwHE-S701Z5CQ",
    "size": [
      0.48368911884085264,
      0.08585010331879363,
      0.5200000000000031
    ],
    "obj_class": "sign",
    "point_num_in_lidar": 21,
    "speed": 0.01795731210988952,
    "if_vehicle": false,
    "motion_state": false,
    "pose": [
      [
        0.9787426984416534,
        -0.20424240408645639,
        0.01864860906704161,
        -68.6283754135377
      ],
      [
        0.20399072893148476,
        0.9788647553494249,
        0.014545557559339381,
        -8.879851282521486
      ],
      [
        -0.021225285796714156,
        -0.010432214898822102,
        0.9997202889484401,
        3.869392183627034
      ],
      [
        0.0,
        0.0,
        0.0,
        1.0
      ]
    ],
    "location": [
      -68.6283754135377,
      -8.879851282521486,
      3.869392183627034
    ],
    "rotation": [
      -0.010434754978211393,
      0.021226879830232505,
      0.2054796005648436
    ]
  },
  {
    "label_id": "LGE6aZngIxf-g4ygRGDNeA",
    "size": [
      0.8908187372479299,
      0.9613914346561343,
      1.6300000000000043
    ],
    "obj_class": "pedestrian",
    "point_num_in_lidar": 302,
    "speed": 0.020229204200258713,
    "if_vehicle": false,
    "motion_state": false,
    "pose": [
      [
        0.4768297982899469,
        -0.8787977997484024,
        0.01864860906704161,
        -43.960601493011836
      ],
      [
        0.8787282439693158,
        0.4771007231244682,
        0.014545557559339381,
        -7.0881840742349596
      ],
      [
        -0.021679868850412256,
        0.009451304220917124,
        0.9997202889484401,
        1.491570886618236
      ],
      [
        0.0,
        0.0,
        0.0,
        1.0
      ]
    ],
    "location": [
      -43.960601493011836,
      -7.0881840742349596,
      1.491570886618236
    ],
    "rotation": [
      0.009453666954281409,
      0.021681567526503454,
      1.0736242409075052
    ]
  },
  {
    "label_id": "NMF9Nrf43a912J1uRSKvAA",
    "size": [
      0.9757377133116532,
      0.9462817931777863,
      1.6100000000000048
    ],
    "obj_class": "pedestrian",
    "point_num_in_lidar": 22,
    "speed": 1.2605986892343677,
    "if_vehicle": false,
    "motion_state": true,
    "pose": [
      [
        -0.9900539465006448,
        0.1394468084911338,
        0.01864860906704161,
        -45.009756606411884
      ],
      [
        -0.13918765254828902,
        -0.9901591913088443,
        0.014545557559339381,
        -3.217440171039925
      ],
      [
        0.020493423252230667,
        0.011805230546343982,
        0.9997202889484401,
        1.6285552203975318
      ],
      [
        0.0,
        0.0,
        0.0,
        1.0
      ]
    ],
    "location": [
      -45.009756606411884,
      -3.217440171039925,
      1.6285552203975318
    ],
    "rotation": [
      0.011807984703188872,
      -0.020494857996071984,
      -3.001922094114213
    ]
  },
  {
    "label_id": "O2XNeS9LcyFvcLdYZisPjQ",
    "size": [
      2.0579282835711368,
      4.975976130770658,
      1.520000000000005
    ],
    "obj_class": "vehicle",
    "point_num_in_lidar": 3228,
    "speed": 0.04608404496452582,
    "if_vehicle": true,
    "motion_state": false,
    "pose": [
      [
        0.9896499978129503,
        -0.14228531620898943,
        0.01864860906704161,
        -28.359825835355423
      ],
      [
        0.14202646313194875,
        0.9897559853446288,
        0.014545557559339381,
        -17.230407549583106
      ],
      [
        -0.02052719169922321,
        -0.011746415018666051,
        0.9997202889484401,
        1.1438229096941885
      ],
      [
        0.0,
        0.0,
        0.0,
        1.0
      ]
    ],
    "location": [
      -28.359825835355423,
      -17.230407549583106,
      1.1438229096941885
    ],
    "rotation": [
      -0.011749160881236587,
      0.020528633548039965,
      0.1425385701916981
    ]
  },
  {
    "label_id": "TpULvZQyo_g5v2ED23CK4Q",
    "size": [
      0.9117250644910051,
      1.0929633263942455,
      1.8700000000000045
    ],
    "obj_class": "pedestrian",
    "point_num_in_lidar": 206,
    "speed": 1.515331857233446,
    "if_vehicle": false,
    "motion_state": true,
    "pose": [
      [
        0.9874066946071461,
        -0.157099487029254,
        0.01864860906704161,
        -38.86603776779998
      ],
      [
        0.15684225126664492,
        0.9875165492146947,
        0.014545557559339381,
        -22.383899820544684
      ],
      [
        -0.020700909704665503,
        -0.011437491081818912,
        0.9997202889484401,
        1.7215953478444863
      ],
      [
        0.0,
        0.0,
        0.0,
        1.0
      ]
    ],
    "location": [
      -38.86603776779998,
      -22.383899820544684,
      1.7215953478444863
    ],
    "rotation": [
      -0.011440192053650685,
      0.020702388475253842,
      0.15752655330429735
    ]
  },
  {
    "label_id": "WhYQg_C0P0Z6-piDAr0CVQ",
    "size": [
      1.9435251000595948,
      4.317106775999505,
      1.3900000000000041
    ],
    "obj_class": "vehicle",
    "point_num_in_lidar": 70,
    "speed": 0.019778554023214195,
    "if_vehicle": true,
    "motion_state": false,
    "pose": [
      [
        0.987890713616689,
        -0.1540265150218414,
        0.01864860906704161,
        -77.40079790994218
      ],
      [
        0.15376893870335387,
        0.9879997673306062,
        0.014545557559339381,
        -25.19832716271958
      ],
      [
        -0.020665222959191192,
        -0.011501844412715677,
        0.9997202889484401,
        1.8727471344286855
      ],
      [
        0.0,
        0.0,
        0.0,
        1.0
      ]
    ],
    "location": [
      -77.40079790994218,
      -25.19832716271958,
      1.8727471344286855
    ],
    "rotation": [
      -0.011504554918014895,
      0.020666694094124975,
      0.15441469303203798
    ]
  },
  {
    "label_id": "YurWdc7QEzz9ED-TzDYktQ",
    "size": [
      2.4265139348017057,
      5.3769130872342465,
      1.9100000000000037
    ],
    "obj_class": "vehicle",
    "point_num_in_lidar": 3854,
    "speed": 0.009697527173175955,
    "if_vehicle": true,
    "motion_state": false,
    "pose": [
      [
        0.9823512576980592,
        -0.18611350267754906,
        0.01864860906704161,
        -34.43047345797095
      ],
      [
        0.18585961406995918,
        0.9824686410329104,
        0.014545557559339381,
        -18.445133842940777
      ],
      [
        -0.02102879827301694,
        -0.010822823478194658,
        0.9997202889484401,
        1.4133849954402535
      ],
      [
        0.0,
        0.0,
        0.0,
        1.0
      ]
    ],
    "location": [
      -34.43047345797095,
      -18.445133842940777,
      1.4133849954402535
    ],
    "rotation": [
      -0.010825428691711249,
      0.021030348440243013,
      0.18698848466005524
    ]
  },
  {
    "label_id": "a5oqi_-tW2nuUd1J4NNsQg",
    "size": [
      2.0504583041654616,
      4.186669464633484,
      1.5300000000000047
    ],
    "obj_class": "vehicle",
    "point_num_in_lidar": 29,
    "speed": 0.007000214091343019,
    "if_vehicle": true,
    "motion_state": false,
    "pose": [
      [
        0.981062782153912,
        -0.19279016274771527,
        0.01864860906704161,
        -83.26082317683404
      ],
      [
        0.19253707833508668,
        0.9811818894687552,
        0.014545557559339381,
        -26.05957758785371
      ],
      [
        -0.021101917889485348,
        -0.010679556462363961,
        0.9997202889484401,
        2.0463313751078296
      ],
      [
        0.0,
        0.0,
        0.0,
        1.0
      ]
    ],
    "location": [
      -83.26082317683404,
      -26.05957758785371,
      2.0463313751078296
    ],
    "rotation": [
      -0.0106821381634932,
      0.0211034842855188,
      0.19379064654219355
    ]
  },
  {
    "label_id": "fZf2sS-D5MiFnsxrwl2QKA",
    "size": [
      0.8971121218733084,
      0.7020370838765297,
      1.7900000000000045
    ],
    "obj_class": "pedestrian",
    "point_num_in_lidar": 75,
    "speed": 5.684341886080801e-13,
    "if_vehicle": false,
    "motion_state": false,
    "pose": [
      [
        0.8048809325559829,
        0.5931432489607175,
        0.01864860906704161,
        -67.6981437212346
      ],
      [
        -0.5934020355404963,
        0.8047747827632792,
        0.014545557559339381,
        -9.393314308641493
      ],
      [
        -0.006380331042074047,
        -0.022773564513289258,
        0.9997202889484401,
        2.061678109274423
      ],
      [
        0.0,
        0.0,
        0.0,
        1.0
      ]
    ],
    "location": [
      -67.6981437212346,
      -9.393314308641493,
      2.061678109274423
    ],
    "rotation": [
      -0.022775997176359766,
      0.006380374331950191,
      -0.6352939185042484
    ]
  },
  {
    "label_id": "idZxvTPEN4rPuuDPp1m1jQ",
    "size": [
      0.9168469914296666,
      1.0720597660446636,
      1.650000000000004
    ],
    "obj_class": "pedestrian",
    "point_num_in_lidar": 558,
    "speed": 1.825113911648327,
    "if_vehicle": false,
    "motion_state": true,
    "pose": [
      [
        -0.9952737345049167,
        0.09530174596774771,
        0.01864860906704161,
        -36.86356545056856
      ],
      [
        -0.0950381681026284,
        -0.9953673559842037,
        0.014545557559339381,
        -2.242686929173942
      ],
      [
        0.01994843373132367,
        0.012704481749146228,
        0.9997202889484401,
        1.4660017188267425
      ],
      [
        0.0,
        0.0,
        0.0,
        1.0
      ]
    ],
    "location": [
      -36.86356545056856,
      -2.242686929173942,
      1.4660017188267425
    ],
    "rotation": [
      0.012707352302296087,
      -0.019949757014949287,
      -3.046391831288023
    ]
  },
  {
    "label_id": "lXv2x4c0f8VhG--PWjjnSA",
    "size": [
      0.9893577857515413,
      1.329735368185263,
      1.980000000000004
    ],
    "obj_class": "pedestrian",
    "point_num_in_lidar": 26,
    "speed": 1.769796397300982,
    "if_vehicle": false,
    "motion_state": true,
    "pose": [
      [
        0.07880389440832247,
        0.9967156944715713,
        0.01864860906704161,
        -95.14994079000871
      ],
      [
        -0.9968049374522185,
        0.07853880204183503,
        0.014545557559339381,
        -25.018225357618576
      ],
      [
        0.013033146088361215,
        -0.019735272176659647,
        0.9997202889484401,
        2.452909082137884
      ],
      [
        0.0,
        0.0,
        0.0,
        1.0
      ]
    ],
    "location": [
      -95.14994079000871,
      -25.018225357618576,
      2.452909082137884
    ],
    "rotation": [
      -0.019738230172124394,
      -0.013033515091226376,
      -1.491903926209305
    ]
  },
  {
    "label_id": "lmhrkJg9CBuWpz2QHHXInA",
    "size": [
      1.9856750735552904,
      4.463052041877781,
      1.7500000000000036
    ],
    "obj_class": "vehicle",
    "point_num_in_lidar": 685,
    "speed": 0.058959620859576595,
    "if_vehicle": true,
    "motion_state": false,
    "pose": [
      [
        0.9903557715039943,
        -0.13728683559829294,
        0.01864860906704161,
        -51.146624920907925
      ],
      [
        0.13702745069763494,
        0.9904604507554026,
        0.014545557559339381,
        -20.856803461254458
      ],
      [
        -0.020467623311837855,
        -0.011849905519121798,
        0.9997202889484401,
        1.6554074758384676
      ],
      [
        0.0,
        0.0,
        0.0,
        1.0
      ]
    ],
    "location": [
      -51.146624920907925,
      -20.856803461254458,
      1.6554074758384676
    ],
    "rotation": [
      -0.011852665921524348,
      0.02046905264305949,
      0.13748891596978557
    ]
  },
  {
    "label_id": "nz4jS99ev0vxCepFpx-Y4A",
    "size": [
      0.9198481503042981,
      1.1910221815967144,
      1.83
    ],
    "obj_class": "pedestrian",
    "point_num_in_lidar": 24,
    "speed": 1.3937302539992082,
    "if_vehicle": false,
    "motion_state": true,
    "pose": [
      [
        0.04575101068626836,
        0.9987787915254557,
        0.01864860906704161,
        -97.06376898302506
      ],
      [
        -0.9988592061086505,
        0.04548310815329355,
        0.014545557559339381,
        -22.193810080967523
      ],
      [
        0.0136795976980762,
        -0.019292808807070832,
        0.9997202889484401,
        2.485280466846053
      ],
      [
        0.0,
        0.0,
        0.0,
        1.0
      ]
    ],
    "location": [
      -97.06376898302506,
      -22.193810080967523,
      2.485280466846053
    ],
    "rotation": [
      -0.0192958115795276,
      -0.013680024381037008,
      -1.5250250545826316
    ]
  },
  {
    "label_id": "xDWfAq0CYrYP1r3hfBa-7A",
    "size": [
      1.8053202189229145,
      4.3917578049466295,
      1.5999999999999996
    ],
    "obj_class": "vehicle",
    "point_num_in_lidar": 23,
    "speed": 7.979411604759629,
    "if_vehicle": true,
    "motion_state": true,
    "pose": [
      [
        -0.14701526869985523,
        -0.9889584117388224,
        0.01864860906704161,
        -106.10220926278589
      ],
      [
        0.9890656356519315,
        -0.14675692531437326,
        0.014545557559339381,
        -28.23285214650423
      ],
      [
        -0.011648138973671125,
        0.020583117433893374,
        0.9997202889484401,
        2.510345631598165
      ],
      [
        0.0,
        0.0,
        0.0,
        1.0
      ]
    ],
    "location": [
      -106.10220926278589,
      -28.23285214650423,
      2.510345631598165
    ],
    "rotation": [
      0.02058596788907216,
      0.011648402391337336,
      1.718356483070605
    ]
  },
  {
    "label_id": "zVM5dN-2y4cd8zrNhglfhw",
    "size": [
      2.0841185122971644,
      4.555342182430781,
      1.7400000000000002
    ],
    "obj_class": "vehicle",
    "point_num_in_lidar": 1340,
    "speed": 0.6471702476272188,
    "if_vehicle": true,
    "motion_state": false,
    "pose": [
      [
        0.9530485786662184,
        -0.30224267746657735,
        0.01864860906704161,
        -44.03427844708858
      ],
      [
        0.30200464655646914,
        0.9531954784899003,
        0.014545557559339381,
        -19.36787964721043
      ],
      [
        -0.02217205810480877,
        -0.008230656367774399,
        0.9997202889484401,
        1.5222017416693507
      ],
      [
        0.0,
        0.0,
        0.0,
        1.0
      ]
    ],
    "location": [
      -44.03427844708858,
      -19.36787964721043,
      1.5222017416693507
    ],
    "rotation": [
      -0.00823277321058842,
      0.022173875138022568,
      0.30687268942093193
    ]
  },
  {
    "label_id": "zVVJtTwvTo5uy6ml0zAS_w",
    "size": [
      0.9175988781077751,
      0.9965206057023652,
      1.7600000000000051
    ],
    "obj_class": "pedestrian",
    "point_num_in_lidar": 184,
    "speed": 1.2056403944975047,
    "if_vehicle": false,
    "motion_state": true,
    "pose": [
      [
        -0.9941295925704833,
        0.1065766510803827,
        0.01864860906704161,
        -36.90007441858711
      ],
      [
        -0.10631415130892331,
        -0.9942261955846623,
        0.014545557559339381,
        -20.76189238772895
      ],
      [
        0.020091152458441758,
        0.012477558164122151,
        0.9997202889484401,
        1.6193264460239511
      ],
      [
        0.0,
        0.0,
        0.0,
        1.0
      ]
    ],
    "location": [
      -36.90007441858711,
      -20.76189238772895,
      1.6193264460239511
    ],
    "rotation": [
      0.012480401227000936,
      -0.02009250435105895,
      -3.035055617992486
    ]
  }
]