[
  {
    "label_id": "-lGbuKX8skc2bchJBBkNgg",
    "size": [
      0.496917011198195,
      0.059578854588236294,
      0.6000000000000032
    ],
    "obj_class": "sign",
    "point_num_in_lidar": 38,
    "speed": 0.011906167675368548,
    "if_vehicle": false,
    "motion_state": false,
    "pose": [
      [
        -0.9914677330919245,
        0.12766482807717972,
        0.02633298140325831,
        1.2261590674979743
      ],
      [
        -0.12729338058701228,
        -0.991746525214953,
        0.015337046090979856,
        -14.186943967288244
      ],
      [
        0.02807364415764813,
        0.011854172096394486,
        0.9995355667046665,
        2.693613874794785
      ],
      [
        0.0,
        0.0,
        0.0,
        1.0
      ]
    ],
    "location": [
      1.2261590674979743,
      -14.186943967288244,
      2.693613874794785
    ],
    "rotation": [
      0.01185912414434331,
      -0.02807733307727531,
      -3.0139023700020955
    ]
  },
  {
    "label_id": "17uCnxYTYb0tHvESLUeCJA",
    "size": [
      0.888941046107546,
      0.9589459079899387,
      1.650000000000004
    ],
    "obj_class": "pedestrian",
    "point_num_in_lidar": 95,
    "speed": 1.4507274896243783,
    "if_vehicle": false,
    "motion_state": true,
    "pose": [
      [
        -0.9946429926473348,
        0.09995944811757047,
        0.02633298140325831,
        -22.792057747451736
      ],
      [
        -0.09958036861523094,
        -0.9949113152455639,
        0.015337046090979856,
        -0.4194144813409366
      ],
      [
        0.027732063825260788,
        0.012632637427427831,
        0.9995355667046665,
        1.2188648469630436
      ],
      [
        0.0,
        0.0,
        0.0,
        1.0
      ]
    ],
    "location": [
      -22.792057747451736,
      -0.4194144813409366,
      1.2188648469630436
    ],
    "rotation": [
      0.01263783431134563,
      -0.027735619693551747,
      -3.041808463341281
    ]
  },
  {
    "label_id": "6RWK6duLMc_52HMgNg5Yqw",
    "size": [
      0.3296127096589663,
      0.08470290190792105,
      0.44000000000000306
    ],
    "obj_class": "sign",
    "point_num_in_lidar": 23,
    "speed": 0.00399111125148032,
    "if_vehicle": false,
    "motion_state": false,
    "pose": [
      [
        0.8338218377548471,
        0.5514052202995045,
        0.02633298140325831,
        -22.069843659531898
      ],
      [
        -0.5518685650679459,
        0.8337900586520863,
        0.015337046090979856,
        -1.9173639071414073
      ],
      [
        -0.013499250830166643,
        -0.027320708618288687,
        0.9995355667046665,
        3.1325993518048243
      ],
      [
        0.0,
        0.0,
        0.0,
        1.0
      ]
    ],
    "location": [
      -22.069843659531898,
      -1.9173639071414073,
      3.1325993518048243
    ],
    "rotation": [
      -0.02732659914604492,
      0.013499660858026898,
      -0.5846635580739905
    ]
  },
  {
    "label_id": "7EgtlAH6ywce4f682WJLHA",
    "size": [
      2.0357031085749995,
      4.55947893137863,
      1.4400000000000048
    ],
    "obj_class": "vehicle",
    "point_num_in_lidar": 32,
    "speed": 0.02536303387467526,
    "if_vehicle": true,
    "motion_state": false,
    "pose": [
      [
        0.9826277909686566,
        -0.18370954930670763,
        0.02633298140325831,
        -60.53586650034981
      ],
      [
        0.18335451721537918,
        0.9829272079019475,
        0.015337046090979856,
        -22.474062171206242
      ],
      [
        -0.02870096571150871,
        -0.010242336628328023,
        0.9995355667046665,
        1.6340143921773649
      ],
      [
        0.0,
        0.0,
        0.0,
        1.0
      ]
    ],
    "location": [
      -60.53586650034981,
      -22.474062171206242,
      1.6340143921773649
    ],
    "rotation": [
      -0.010246737084858366,
      0.02870490755443757,
      0.18447460932797385
    ]
  },
  {
    "label_id": "7zRc0M_V6kWZiiTMJvEU4Q",
    "size": [
      0.9750323162886373,
      1.1262346547427113,
      1.8000000000000043
    ],
    "obj_class": "pedestrian",
    "point_num_in_lidar": 44,
    "speed": 1.3673781832785252,
    "if_vehicle": false,
    "motion_state": true,
    "pose": [
      [
        -0.9816148952266359,
        0.18904700886186043,
        0.02633298140325831,
        -25.21409708600072
      ],
      [
        -0.18869360921968628,
        -0.9819162371897369,
        0.015337046090979856,
        -0.1544628263782215
      ],
      [
        0.02875620470175095,
        0.01008620758918759,
        0.9995355667046665,
        1.3745523890071656
      ],
      [
        0.0,
        0.0,
        0.0,
        1.0
      ]
    ],
    "location": [
      -25.21409708600072,
      -0.1544628263782215,
      1.3745523890071656
    ],
    "rotation": [
      0.010090551651713586,
      -0.028760169354049115,
      -2.9516814713317383
    ]
  },
  {
    "label_id": "CWSv1DRZP1IrZmTidTdj-w",
    "size": [
      0.44226996511506844,
      0.07457283692242789,
      0.49000000000000377
    ],
    "obj_class": "sign",
    "point_num_in_lidar": 53,
    "speed": 0.017877864517011018,
    "if_vehicle": false,
    "motion_state": false,
    "pose": [
      [
        -0.9970880922823864,
        0.07156752279551792,
        0.02633298140325831,
        0.16504677811940383
      ],
      [
        -0.0711809490525195,
        -0.9973455005709835,
        0.015337046090979856,
        -14.727836743146327
      ],
      [
        0.02736071491489117,
        0.013417979420435863,
        0.9995355667046665,
        2.74008233054656
      ],
      [
        0.0,
        0.0,
        0.0,
        1.0
      ]
    ],
    "location": [
      0.16504677811940383,
      -14.727836743146327,
      2.74008233054656
    ],
    "rotation": [
      0.013423407769188147,
      -0.027364129810370303,
      -3.070324731866974
    ]
  },
  {
    "label_id": "CylGTHfEnRj7dRsPPu8M5g",
    "size": [
      1.8917129179512515,
      4.033344322490808,
      1.4900000000000038
    ],
    "obj_class": "vehicle",
    "point_num_in_lidar": 23,
    "speed": 1.4228607195221901e-12,
    "if_vehicle": true,
    "motion_state": false,
    "pose": [
      [
        -0.9871433674984988,
        0.15765324637995648,
        0.02633298140325831,
        -71.16572121073
      ],
      [
        -0.15729041847531608,
        -0.987433288517793,
        0.015337046090979856,
        -11.156845244962824
      ],
      [
        0.02841999752961924,
        0.01099793766110833,
        0.9995355667046665,
        1.8832067220775244
      ],
      [
        0.0,
        0.0,
        0.0,
        1.0
      ]
    ],
    "location": [
      -71.16572121073,
      -11.156845244962824,
      1.8832067220775244
    ],
    "rotation": [
      0.011002603839570923,
      -0.0284238247084386,
      -2.9835819768967484
    ]
  },
  {
    "label_id": "IzWh0PLVTsHFYL2u5a9nWg",
    "size": [
      0.4711189525387692,
      0.07851021281441528,
      0.5100000000000033
    ],
    "obj_class": "sign",
    "point_num_in_lidar": 24,
    "speed": 0.013766162175095381,
    "if_vehicle": false,
    "motion_state": false,
    "pose": [
      [
        0.996641737397398,
        -0.07753593597752889,
        0.02633298140325831,
        -31.98649583106817
      ],
      [
        0.07715091029995076,
        0.9969014555396597,
        0.015337046090979856,
        -19.931875892347307
      ],
      [
        -0.027440559713401626,
        -0.013253926776485086,
        0.9995355667046665,
        3.2989325042729813
      ],
      [
        0.0,
        0.0,
        0.0,
        1.0
      ]
    ],
    "location": [
      -31.98649583106817,
      -19.931875892347307,
      3.2989325042729813
    ],
    "rotation": [
      -0.013259308110558598,
      0.027444004599325354,
      0.07725680316299434
    ]
  },
  {
    "label_id": "LGE6aZngIxf-g4ygRGDNeA",
    "size": [
      0.8908187372473862,
      0.9613914346561343,
      1.6300000000000043
    ],
    "obj_class": "pedestrian",
    "point_num_in_lidar": 23,
    "speed": 0.03187252522964349,
    "if_vehicle": false,
    "motion_state": false,
    "pose": [
      [
        0.5485191760690439,
        -0.8357232122987568,
        0.02633298140325831,
        -43.99766274086733
      ],
      [
        0.8356930352947751,
        0.5489826279373593,
        0.015337046090979856,
        -7.150067874128581
      ],
      [
        -0.027273874758514137,
        0.013593625272092583,
        0.9995355667046665,
        1.5015708866182145
      ],
      [
        0.0,
        0.0,
        0.0,
        1.0
      ]
    ],
    "location": [
      -43.99766274086733,
      -7.150067874128581,
      1.5015708866182145
    ],
    "rotation": [
      0.01359910315627456,
      0.027277257234255677,
      0.9899599991902558
    ]
  },
  {
    "label_id": "NMF9Nrf43a912J1uRSKvAA",
    "size": [
      0.975737713313283,
      0.9462817931777863,
      1.6100000000000048
    ],
    "obj_class": "pedestrian",
    "point_num_in_lidar": 45,
    "speed": 1.3047347175729427,
    "if_vehicle": false,
    "motion_state": true,
    "pose": [
      [
        -0.9897620111960906,
        0.14027735128482152,
        0.02633298140325831,
        -38.06359850203262
      ],
      [
        -0.13990948334162334,
        -0.9900455098066367,
        0.015337046090979856,
        -2.149086901134069
      ],
      [
        0.02822229020029344,
        0.01149579176184092,
        0.9995355667046665,
        1.490225468466722
      ],
      [
        0.0,
        0.0,
        0.0,
        1.0
      ]
    ],
    "location": [
      -38.06359850203262,
      -2.149086901134069,
      1.490225468466722
    ],
    "rotation": [
      0.011500626203086036,
      -0.028226038041801967,
      -3.001166349139942
    ]
  },
  {
    "label_id": "O2XNeS9LcyFvcLdYZisPjQ",
    "size": [
      2.057928283571137,
      4.975976130770658,
      1.5200000000000031
    ],
    "obj_class": "vehicle",
    "point_num_in_lidar": 163,
    "speed": 0.023420584059811726,
    "if_vehicle": true,
    "motion_state": false,
    "pose": [
      [
        0.9894788846387701,
        -0.14226071469112989,
        0.02633298140325831,
        -28.288332018051733
      ],
      [
        0.14189341566436958,
        0.9897631199475466,
        0.015337046090979856,
        -17.295258593936524
      ],
      [
        -0.028245272969363265,
        -0.011439206583821512,
        0.9995355667046665,
        1.150136911211959
      ],
      [
        0.0,
        0.0,
        0.0,
        1.0
      ]
    ],
    "location": [
      -28.288332018051733,
      -17.295258593936524,
      1.150136911211959
    ],
    "rotation": [
      -0.01144402218337782,
      0.0282490299766686,
      0.1424311368732545
    ]
  },
  {
    "label_id": "OAMynEEqx3osxUHtJS_ELg",
    "size": [
      0.8170537752800301,
      0.8340350894805498,
      1.6600000000000037
    ],
    "obj_class": "pedestrian",
    "point_num_in_lidar": 71,
    "speed": 0.07709693261945198,
    "if_vehicle": false,
    "motion_state": false,
    "pose": [
      [
        0.9327451576743271,
        0.35957342077176724,
        0.02633298140325831,
        -30.00073512073982
      ],
      [
        -0.360032786892045,
        0.9328135758981805,
        0.015337046090979856,
        -3.5747665958788275
      ],
      [
        -0.019048968419365785,
        -0.023786292156180912,
        0.9995355667046665,
        1.3150276596701218
      ],
      [
        0.0,
        0.0,
        0.0,
        1.0
      ]
    ],
    "location": [
      -30.00073512073982,
      -3.5747665958788275,
      1.3150276596701218
    ],
    "rotation": [
      -0.023792853707791398,
      0.019050120635785362,
      -0.36837307350833276
    ]
  },
  {
    "label_id": "P1UuB38YkU4_aXx-wiuAlA",
    "size": [
      0.3219935344177171,
      0.13156426811666824,
      0.44000000000000306
    ],
    "obj_class": "sign",
    "point_num_in_lidar": 57,
    "speed": 0.011349193405926727,
    "if_vehicle": false,
    "motion_state": false,
    "pose": [
      [
        0.861456196905891,
        0.5071486911181515,
        0.02633298140325831,
        -9.636534258217353
      ],
      [
        -0.5076130628731788,
        0.8614486365522401,
        0.015337046090979856,
        0.32941681410738965
      ],
      [
        -0.014906348075533166,
        -0.02657915874199628,
        0.9995355667046665,
        2.9043768540387056
      ],
      [
        0.0,
        0.0,
        0.0,
        1.0
      ]
    ],
    "location": [
      -9.636534258217353,
      0.32941681410738965,
      2.9043768540387056
    ],
    "rotation": [
      -0.02658524368934395,
      0.014906900160539454,
      -0.5324775880179958
    ]
  },
  {
    "label_id": "PZVkiiiTmHjez6OdHRP2IA",
    "size": [
      2.14455448397283,
      4.5633007576846065,
      1.4700000000000042
    ],
    "obj_class": "vehicle",
    "point_num_in_lidar": 1468,
    "speed": 1.442230620099627,
    "if_vehicle": true,
    "motion_state": true,
    "pose": [
      [
        0.9872413024864849,
        -0.1570388001584462,
        0.02633298140325831,
        4.262995712406337
      ],
      [
        0.15667579187205957,
        0.987530997619045,
        0.015337046090979856,
        -5.806860809912905
      ],
      [
        -0.0284131467115457,
        -0.011015624645446491,
        0.9995355667046665,
        0.7047568125351749
      ],
      [
        0.0,
        0.0,
        0.0,
        1.0
      ]
    ],
    "location": [
      4.262995712406337,
      -5.806860809912905,
      0.7047568125351749
    ],
    "rotation": [
      -0.011020296896657187,
      0.028416971122665568,
      0.15738804506668758
    ]
  },
  {
    "label_id": "QmpdBgxGLSxvyzQXu1z3-Q",
    "size": [
      0.9145604087943837,
      1.0514743018973143,
      1.8600000000000048
    ],
    "obj_class": "pedestrian",
    "point_num_in_lidar": 190,
    "speed": 1.3326419970644927,
    "if_vehicle": false,
    "motion_state": true,
    "pose": [
      [
        -0.9866145260312108,
        0.16092964647517505,
        0.02633298140325831,
        -11.553833715423252
      ],
      [
        -0.16056778309406583,
        -0.9869056500240843,
        0.015337046090979856,
        -17.304947443411947
      ],
      [
        0.028456353534249617,
        0.010903524013592479,
        0.9995355667046665,
        1.1914508142843339
      ],
      [
        0.0,
        0.0,
        0.0,
        1.0
      ]
    ],
    "location": [
      -11.553833715423252,
      -17.304947443411947,
      1.1914508142843339
    ],
    "rotation": [
      0.010908157659281853,
      -0.02846019542308659,
      -2.9802608744788954
    ]
  },
  {
    "label_id": "W_9pz6y0uZhT8Gzg3NsiGA",
    "size": [
      2.157253910406777,
      4.864886469337955,
      1.480000000000004
    ],
    "obj_class": "vehicle",
    "point_num_in_lidar": 3551,
    "speed": 0.10117383410848589,
    "if_vehicle": true,
    "motion_state": false,
    "pose": [
      [
        0.9876473889831708,
        -0.1544642648807192,
        0.02633298140325831,
        2.138875132819294
      ],
      [
        0.15410050251565702,
        0.9879361366716095,
        0.015337046090979856,
        -11.448905646393541
      ],
      [
        -0.028384329464465268,
        -0.011089667859493245,
        0.9995355667046665,
        0.6532068054692619
      ],
      [
        0.0,
        0.0,
        0.0,
        1.0
      ]
    ],
    "location": [
      2.138875132819294,
      -11.448905646393541,
      0.6532068054692619
    ],
    "rotation": [
      -0.011094365458083155,
      0.028388142248163963,
      0.15477988271710638
    ]
  },
  {
    "label_id": "YurWdc7QEzz9ED-TzDYktQ",
    "size": [
      2.4265139348017035,
      5.3769130872342465,
      1.9100000000000037
    ],
    "obj_class": "vehicle",
    "point_num_in_lidar": 136,
    "speed": 0.015536539038820112,
    "if_vehicle": true,
    "motion_state": false,
    "pose": [
      [
        0.9821814064958805,
        -0.1860813231471374,
        0.02633298140325831,
        -34.46473267408919
      ],
      [
        0.1857270149578373,
        0.982481679692835,
        0.015337046090979856,
        -18.50270109138728
      ],
      [
        -0.028725609630171577,
        -0.010173015470163336,
        0.9995355667046665,
        1.3982559999188613
      ],
      [
        0.0,
        0.0,
        0.0,
        1.0
      ]
    ],
    "location": [
      -34.46473267408919,
      -18.50270109138728,
      1.3982559999188613
    ],
    "rotation": [
      -0.01017739094905953,
      0.028729561638261982,
      0.18688973165405884
    ]
  },
  {
    "label_id": "bY1X4-breOuP-79CNrGS-w",
    "size": [
      0.8784205207571301,
      0.9302074121880761,
      1.650000000000004
    ],
    "obj_class": "pedestrian",
    "point_num_in_lidar": 39,
    "speed": 1.1196328785930272,
    "if_vehicle": false,
    "motion_state": true,
    "pose": [
      [
        -0.9867464387892185,
        0.16011882970847227,
        0.02633298140325831,
        -22.275580001082517
      ],
      [
        -0.15975672721487988,
        -0.9870372653181813,
        0.015337046090979856,
        0.9205634869977075
      ],
      [
        0.0284473838232192,
        0.010926904685025636,
        0.9995355667046665,
        1.181250561824534
      ],
      [
        0.0,
        0.0,
        0.0,
        1.0
      ]
    ],
    "location": [
      -22.275580001082517,
      0.9205634869977075,
      1.181250561824534
    ],
    "rotation": [
      0.010931546405351829,
      -0.0284512220793203,
      -2.9810829204758584
    ]
  },
  {
    "label_id": "cGa1URHMkxxAB6W4qYTHMw",
    "size": [
      1.246123333891622,
      1.1367741460899659,
      1.9100000000000037
    ],
    "obj_class": "pedestrian",
    "point_num_in_lidar": 177,
    "speed": 1.6236528914719845,
    "if_vehicle": false,
    "motion_state": true,
    "pose": [
      [
        -0.9808415919422786,
        0.1930190291306854,
        0.02633298140325831,
        -18.051627091919045
      ],
      [
        -0.19266685221379892,
        -0.9811443619953332,
        0.015337046090979856,
        1.127609592544104
      ],
      [
        0.028796797984548355,
        0.0099697200671985,
        0.9995355667046665,
        1.2684852007517442
      ],
      [
        0.0,
        0.0,
        0.0,
        1.0
      ]
    ],
    "location": [
      -18.051627091919045,
      1.127609592544104,
      1.2684852007517442
    ],
    "rotation": [
      0.009974021733182513,
      -0.028800779454680493,
      -2.9476319950599486
    ]
  },
  {
    "label_id": "idZxvTPEN4rPuuDPp1m1jQ",
    "size": [
      0.9168469914277292,
      1.0720597660446636,
      1.650000000000004
    ],
    "obj_class": "pedestrian",
    "point_num_in_lidar": 80,
    "speed": 1.9131753704203962,
    "if_vehicle": false,
    "motion_state": true,
    "pose": [
      [
        -0.9953358520484334,
        0.09280687322302456,
        0.02633298140325831,
        -26.72677314139105
      ],
      [
        -0.09242587467791742,
        -0.9956014427004538,
        0.015337046090979856,
        -1.2382754219961498
      ],
      [
        0.02764053756786945,
        0.012831662999798049,
        0.9995355667046665,
        1.275721778301465
      ],
      [
        0.0,
        0.0,
        0.0,
        1.0
      ]
    ],
    "location": [
      -26.72677314139105,
      -1.2382754219961498,
      1.275721778301465
    ],
    "rotation": [
      0.012836920056789686,
      -0.027644058337080602,
      -3.0489991996562127
    ]
  },
  {
    "label_id": "llDxFjojX6EWsJwNE3HgHA",
    "size": [
      2.0583747001354724,
      4.683878169405639,
      1.459999999999999
    ],
    "obj_class": "vehicle",
    "point_num_in_lidar": 3726,
    "speed": 0.024263888975372256,
    "if_vehicle": true,
    "motion_state": false,
    "pose": [
      [
        -0.9846774770077334,
        0.17238573132397034,
        0.02633298140325831,
        2.016545530137364
      ],
      [
        -0.17202727598118048,
        -0.9849727871041402,
        0.015337046090979856,
        0.3490560262653162
      ],
      [
        0.028581157992271834,
        0.010572052790351756,
        0.9995355667046665,
        0.668189885657636
      ],
      [
        0.0,
        0.0,
        0.0,
        1.0
      ]
    ],
    "location": [
      2.016545530137364,
      0.3490560262653162,
      0.668189885657636
    ],
    "rotation": [
      0.010576570688823046,
      -0.028585050665115217,
      -2.968634026536359
    ]
  },
  {
    "label_id": "lmhrkJg9CBuWpz2QHHXInA",
    "size": [
      1.9856750735552886,
      4.463052041877781,
      1.7500000000000036
    ],
    "obj_class": "vehicle",
    "point_num_in_lidar": 26,
    "speed": 0.017750665243488457,
    "if_vehicle": true,
    "motion_state": false,
    "pose": [
      [
        0.9901845362996247,
        -0.13726309833131706,
        0.02633298140325831,
        -51.20143094908349
      ],
      [
        0.1368943689038028,
        0.9904669135209074,
        0.015337046090979856,
        -20.94828564513591
      ],
      [
        -0.02818715727998682,
        -0.01158166900124824,
        0.9995355667046665,
        1.6604059133124167
      ],
      [
        0.0,
        0.0,
        0.0,
        1.0
      ]
    ],
    "location": [
      -51.20143094908349,
      -20.94828564513591,
      1.6604059133124167
    ],
    "rotation": [
      -0.01158653189690897,
      0.02819089113891836,
      0.13738051580006083
    ]
  },
  {
    "label_id": "s6kR0GUKpEmP8E_Wb7TDOg",
    "size": [
      0.9387171352724395,
      1.1357424908506306,
      1.7600000000000051
    ],
    "obj_class": "pedestrian",
    "point_num_in_lidar": 118,
    "speed": 1.1028701842830568,
    "if_vehicle": false,
    "motion_state": true,
    "pose": [
      [
        -0.9728774055021543,
        0.22981759713697408,
        0.02633298140325831,
        -17.96261044935659
      ],
      [
        -0.22947707139677204,
        -0.9731932227057297,
        0.015337046090979856,
        -19.503562707170204
      ],
      [
        0.029151802115095014,
        0.008878250155494063,
        0.9995355667046665,
        1.3125379653277705
      ],
      [
        0.0,
        0.0,
        0.0,
        1.0
      ]
    ],
    "location": [
      -17.96261044935659,
      -19.503562707170204,
      1.3125379653277705
    ],
    "rotation": [
      0.008882141841054146,
      -0.0291559326957587,
      -2.909952024346386
    ]
  },
  {
    "label_id": "zVM5dN-2y4cd8zrNhglfhw",
    "size": [
      2.084118512297368,
      4.555342182430781,
      1.7400000000000002
    ],
    "obj_class": "vehicle",
    "point_num_in_lidar": 133,
    "speed": 0.29613493424654436,
    "if_vehicle": true,
    "motion_state": false,
    "pose": [
      [
        0.9935011279801154,
        -0.11073428914592735,
        0.02633298140325831,
        -40.96520450007756
      ],
      [
        0.1103581401997805,
        0.9937735435746158,
        0.015337046090979856,
        -18.664156327167802
      ],
      [
        -0.027867357138483446,
        -0.012331313737692515,
        0.9995355667046665,
        1.5222017416693596
      ],
      [
        0.0,
        0.0,
        0.0,
        1.0
      ]
    ],
    "location": [
      -40.96520450007756,
      -18.664156327167802,
      1.5222017416693596
    ],
    "rotation": [
      -0.0123364176183975,
      0.027870965316152473,
      0.11062652406551544
    ]
  },
  {
    "label_id": "zVVJtTwvTo5uy6ml0zAS_w",
    "size": [
      0.9175988781063532,
      0.9965206057023652,
      1.7600000000000033
    ],
    "obj_class": "pedestrian",
    "point_num_in_lidar": 62,
    "speed": 1.2519871347811038,
    "if_vehicle": false,
    "motion_state": true,
    "pose": [
      [
        -0.9844598387099975,
        0.173624307219644,
        0.02633298140325831,
        -30.380982614039794
      ],
      [
        -0.17326622365700026,
        -0.9847555995051999,
        0.015337046090979856,
        -20.13991279039692
      ],
      [
        0.028594434890867042,
        0.010536089675641246,
        0.9995355667046665,
        1.429326446023957
      ],
      [
        0.0,
        0.0,
        0.0,
        1.0
      ]
    ],
    "location": [
      -30.380982614039794,
      -20.13991279039692,
      1.429326446023957
    ],
    "rotation": [
      0.010540594874901641,
      -0.02859833299239129,
      -2.967375594140233
    ]
  }
]