[
  {
    "label_id": "-lGbuKX8skc2bchJBBkNgg",
    "size": [
      0.496917011198198,
      0.059578854588236294,
      0.6000000000000032
    ],
    "obj_class": "sign",
    "point_num_in_lidar": 42,
    "speed": 0.011906167476643548,
    "if_vehicle": false,
    "motion_state": false,
    "pose": [
      [
        -0.9915011970852751,
        0.12766913701717175,
        0.025019345150450373,
        1.2270988519630919
      ],
      [
        -0.12723737332660573,
        -0.9917061081636045,
        0.018156152123813565,
        -14.187675496246811
      ],
      [
        0.027129817681154862,
        0.014818450805928453,
        0.9995220790499325,
        2.6936138747947087
      ],
      [
        0.0,
        0.0,
        0.0,
        1.0
      ]
    ],
    "location": [
      1.2270988519630919,
      -14.187675496246811,
      2.6936138747947087
    ],
    "rotation": [
      0.014824450183069007,
      -0.02713314683034737,
      -3.0139622047372554
    ]
  },
  {
    "label_id": "17uCnxYTYb0tHvESLUeCJA",
    "size": [
      0.8889410461062626,
      0.9589459079899387,
      1.650000000000004
    ],
    "obj_class": "pedestrian",
    "point_num_in_lidar": 88,
    "speed": 1.4556021909067496,
    "if_vehicle": false,
    "motion_state": true,
    "pose": [
      [
        -0.9938420358323649,
        0.10794461626604276,
        0.025019345150450373,
        -22.6477907791882
      ],
      [
        -0.10750886659274472,
        -0.9940383281061149,
        0.018156152123813565,
        -0.41080408391826495
      ],
      [
        0.02683004689753648,
        0.015354545749595385,
        0.9995220790499325,
        1.2163643716531425
      ],
      [
        0.0,
        0.0,
        0.0,
        1.0
      ]
    ],
    "location": [
      -22.6477907791882,
      -0.41080408391826495,
      1.2163643716531425
    ],
    "rotation": [
      0.0153606792836169,
      -0.02683326688191598,
      -3.0338366597532964
    ]
  },
  {
    "label_id": "7EgtlAH6ywce4f682WJLHA",
    "size": [
      2.035703108574998,
      4.55947893137863,
      1.4400000000000048
    ],
    "obj_class": "vehicle",
    "point_num_in_lidar": 34,
    "speed": 0.02536303429921973,
    "if_vehicle": true,
    "motion_state": false,
    "pose": [
      [
        0.9826609565965099,
        -0.18371574986667608,
        0.025019345150450373,
        -60.53825735830719
      ],
      [
        0.18329630712744577,
        0.9828900334897581,
        0.018156152123813565,
        -22.47491075088692
      ],
      [
        -0.02792683609493784,
        -0.013255388241273869,
        0.9995220790499325,
        1.6340143921773276
      ],
      [
        0.0,
        0.0,
        0.0,
        1.0
      ]
    ],
    "location": [
      -60.53825735830719,
      -22.47491075088692,
      1.6340143921773276
    ],
    "rotation": [
      -0.013260948918573996,
      0.027930467430823103,
      0.1844112786298638
    ]
  },
  {
    "label_id": "7zRc0M_V6kWZiiTMJvEU4Q",
    "size": [
      0.9750323162865724,
      1.1262346547427113,
      1.8000000000000043
    ],
    "obj_class": "pedestrian",
    "point_num_in_lidar": 43,
    "speed": 1.3725969767944253,
    "if_vehicle": false,
    "motion_state": true,
    "pose": [
      [
        -0.9812054375490511,
        0.1913371936985025,
        0.025019345150450373,
        -25.07754549400147
      ],
      [
        -0.190919541586474,
        -0.9814377630703169,
        0.018156152123813565,
        -0.12413927047964535
      ],
      [
        0.028028877333675793,
        0.013038233281935865,
        0.9995220790499325,
        1.3745523890070928
      ],
      [
        0.0,
        0.0,
        0.0,
        1.0
      ]
    ],
    "location": [
      -25.07754549400147,
      -0.12413927047964535,
      1.3745523890070928
    ],
    "rotation": [
      0.013043727707690881,
      -0.028032548629990384,
      -2.9494173735133953
    ]
  },
  {
    "label_id": "CWSv1DRZP1IrZmTidTdj-w",
    "size": [
      0.4422699651150689,
      0.07457283692242789,
      0.49000000000000377
    ],
    "obj_class": "sign",
    "point_num_in_lidar": 60,
    "speed": 0.018199302488203832,
    "if_vehicle": false,
    "motion_state": false,
    "pose": [
      [
        -0.9971217459739583,
        0.07156993834067382,
        0.025019345150450373,
        0.16649978661484965
      ],
      [
        -0.07112730938595353,
        -0.997301990371809,
        0.018156152123813565,
        -14.728940649805736
      ],
      [
        0.026251277404348655,
        0.016324335402715735,
        0.9995220790499325,
        2.739106496705473
      ],
      [
        0.0,
        0.0,
        0.0,
        1.0
      ]
    ],
    "location": [
      0.16649978661484965,
      -14.728940649805736,
      2.739106496705473
    ],
    "rotation": [
      0.016330688968668176,
      -0.026254293428301007,
      -3.0703806510401077
    ]
  },
  {
    "label_id": "CylGTHfEnRj7dRsPPu8M5g",
    "size": [
      1.8917129179512508,
      4.033344322490808,
      1.4900000000000038
    ],
    "obj_class": "vehicle",
    "point_num_in_lidar": 25,
    "speed": 1.4228607195221901e-12,
    "if_vehicle": true,
    "motion_state": false,
    "pose": [
      [
        -0.9871766855359748,
        0.15765856748825896,
        0.025019345150450373,
        -71.16572121073
      ],
      [
        -0.1572332120758867,
        -0.9873945873663457,
        0.018156152123813565,
        -11.156845244962824
      ],
      [
        0.027566438915944486,
        0.013989458073632655,
        0.9995220790499325,
        1.883206722077487
      ],
      [
        0.0,
        0.0,
        0.0,
        1.0
      ]
    ],
    "location": [
      -71.16572121073,
      -11.156845244962824,
      1.883206722077487
    ],
    "rotation": [
      0.013995233321254947,
      -0.027569931439167156,
      -2.9836437368302224
    ]
  },
  {
    "label_id": "IzWh0PLVTsHFYL2u5a9nWg",
    "size": [
      0.47111895253877073,
      0.07851021281441528,
      0.5100000000000033
    ],
    "obj_class": "sign",
    "point_num_in_lidar": 22,
    "speed": 0.016032351518616456,
    "if_vehicle": false,
    "motion_state": false,
    "pose": [
      [
        0.9966753760236059,
        -0.07753855296848688,
        0.025019345150450373,
        -31.98718208649916
      ],
      [
        0.07709701109363147,
        0.9968582672679629,
        0.018156152123813565,
        -19.934410581403426
      ],
      [
        -0.026348542818013295,
        -0.01616687301452401,
        0.9995220790499325,
        3.2989325042729245
      ],
      [
        0.0,
        0.0,
        0.0,
        1.0
      ]
    ],
    "location": [
      -31.98718208649916,
      -19.934410581403426,
      3.2989325042729245
    ],
    "rotation": [
      -0.01617319289631331,
      0.026351592497991672,
      0.07720044893491114
    ]
  },
  {
    "label_id": "LGE6aZngIxf-g4ygRGDNeA",
    "size": [
      0.8908187372473834,
      0.9613914346561343,
      1.6300000000000043
    ],
    "obj_class": "pedestrian",
    "point_num_in_lidar": 27,
    "speed": 0.03187252523390045,
    "if_vehicle": false,
    "motion_state": false,
    "pose": [
      [
        0.5485376896741331,
        -0.8357514196070547,
        0.025019345150450373,
        -43.99746106826501
      ],
      [
        0.835625895248966,
        0.5489988318106157,
        0.018156152123813565,
        -7.153249597255126
      ],
      [
        -0.028909621172342678,
        0.010947478950519174,
        0.9995220790499325,
        1.5015708866182553
      ],
      [
        0.0,
        0.0,
        0.0,
        1.0
      ]
    ],
    "location": [
      -43.99746106826501,
      -7.153249597255126,
      1.5015708866182553
    ],
    "rotation": [
      0.010952275543714416,
      0.028913649634964542,
      0.9899076585573084
    ]
  },
  {
    "label_id": "NMF9Nrf43a912J1uRSKvAA",
    "size": [
      0.9757377133131467,
      0.9462817931777863,
      1.6100000000000048
    ],
    "obj_class": "pedestrian",
    "point_num_in_lidar": 47,
    "speed": 1.2999374210557413,
    "if_vehicle": false,
    "motion_state": true,
    "pose": [
      [
        -0.9897593717282691,
        0.1405361819756928,
        0.025019345150450373,
        -37.93171889008363
      ],
      [
        -0.14010711613014093,
        -0.9899698733546148,
        0.018156152123813565,
        -2.130584064987488
      ],
      [
        0.027319994248857376,
        0.014464833422574363,
        0.9995220790499325,
        1.486891451710063
      ],
      [
        0.0,
        0.0,
        0.0,
        1.0
      ]
    ],
    "location": [
      -37.93171889008363,
      -2.130584064987488,
      1.486891451710063
    ],
    "rotation": [
      0.014470739621619608,
      -0.027323393916549237,
      -3.0009702191232877
    ]
  },
  {
    "label_id": "O2XNeS9LcyFvcLdYZisPjQ",
    "size": [
      2.057928283571136,
      4.975976130770658,
      1.5200000000000031
    ],
    "obj_class": "vehicle",
    "point_num_in_lidar": 161,
    "speed": 0.02342058406369026,
    "if_vehicle": true,
    "motion_state": false,
    "pose": [
      [
        0.9895122815045603,
        -0.14226551627110073,
        0.025019345150450373,
        -28.289570750205712
      ],
      [
        0.14183681892039732,
        0.9897235325779615,
        0.018156152123813565,
        -17.297246991744032
      ],
      [
        -0.027345229020482014,
        -0.014417071183767277,
        0.9995220790499325,
        1.150136911211911
      ],
      [
        0.0,
        0.0,
        0.0,
        1.0
      ]
    ],
    "location": [
      -28.289570750205712,
      -17.297246991744032,
      1.150136911211911
    ],
    "rotation": [
      -0.014422964517935335,
      0.02734863811955066,
      0.14237034981981092
    ]
  },
  {
    "label_id": "OAMynEEqx3osxUHtJS_ELg",
    "size": [
      0.8170537752807526,
      0.8340350894805498,
      1.6600000000000037
    ],
    "obj_class": "pedestrian",
    "point_num_in_lidar": 70,
    "speed": 0.11691581886601378,
    "if_vehicle": false,
    "motion_state": false,
    "pose": [
      [
        0.9297624623564735,
        0.36730885636078814,
        0.025019345150450373,
        -29.994922816665166
      ],
      [
        -0.3677858831027851,
        0.9297332404138089,
        0.018156152123813565,
        -3.5805832142741565
      ],
      [
        -0.016592401367249286,
        -0.02608267065636739,
        0.9995220790499325,
        1.3150276596701236
      ],
      [
        0.0,
        0.0,
        0.0,
        1.0
      ]
    ],
    "location": [
      -29.994922816665166,
      -3.5805832142741565,
      1.3150276596701236
    ],
    "rotation": [
      -0.026089221272007634,
      0.016593162797791758,
      -0.3766813511748516
    ]
  },
  {
    "label_id": "P1UuB38YkU4_aXx-wiuAlA",
    "size": [
      0.32199353441771816,
      0.13156426811666824,
      0.44000000000000306
    ],
    "obj_class": "sign",
    "point_num_in_lidar": 44,
    "speed": 0.010065715737797909,
    "if_vehicle": false,
    "motion_state": false,
    "pose": [
      [
        0.8614852727532297,
        0.5071658083876873,
        0.025019345150450373,
        -9.636422488286144
      ],
      [
        -0.5076325187723758,
        0.861382365749886,
        0.018156152123813565,
        0.3281195796062093
      ],
      [
        -0.012343043146124149,
        -0.02834189086129121,
        0.9995220790499325,
        2.9045988785026573
      ],
      [
        0.0,
        0.0,
        0.0,
        1.0
      ]
    ],
    "location": [
      -9.636422488286144,
      0.3281195796062093,
      2.9045988785026573
    ],
    "rotation": [
      -0.028347846632640884,
      0.012343356579519196,
      -0.5324795895178343
    ]
  },
  {
    "label_id": "PZVkiiiTmHjez6OdHRP2IA",
    "size": [
      2.144554483974778,
      4.5633007576846065,
      1.4700000000000042
    ],
    "obj_class": "vehicle",
    "point_num_in_lidar": 1922,
    "speed": 1.5103888302917046,
    "if_vehicle": true,
    "motion_state": true,
    "pose": [
      [
        0.9872500950402953,
        -0.1571982258524913,
        0.025019345150450373,
        4.111580279612099
      ],
      [
        0.15677276887785568,
        0.9874677985020206,
        0.018156152123813565,
        -5.830897754731268
      ],
      [
        -0.027559912577848872,
        -0.014002310895054144,
        0.9995220790499325,
        0.707256964495377
      ],
      [
        0.0,
        0.0,
        0.0,
        1.0
      ]
    ],
    "location": [
      4.111580279612099,
      -5.830897754731268,
      0.707256964495377
    ],
    "rotation": [
      -0.014008089767454912,
      0.027563402620535003,
      0.1574824811759148
    ]
  },
  {
    "label_id": "QmpdBgxGLSxvyzQXu1z3-Q",
    "size": [
      0.9145604087945652,
      1.0514743018973143,
      1.8600000000000048
    ],
    "obj_class": "pedestrian",
    "point_num_in_lidar": 189,
    "speed": 1.3321947287267217,
    "if_vehicle": false,
    "motion_state": true,
    "pose": [
      [
        -0.9862005881036495,
        0.1636533910197363,
        0.025019345150450373,
        -11.423656417596476
      ],
      [
        -0.16322936735189902,
        -0.9864210702199927,
        0.018156152123813565,
        -17.281996370458728
      ],
      [
        0.02765092508244292,
        0.013821716021737446,
        0.9995220790499325,
        1.1894501738588836
      ],
      [
        0.0,
        0.0,
        0.0,
        1.0
      ]
    ],
    "location": [
      -11.423656417596476,
      -17.281996370458728,
      1.1894501738588836
    ],
    "rotation": [
      0.013827443539744712,
      -0.02765444982344933,
      -2.977566327370141
    ]
  },
  {
    "label_id": "W_9pz6y0uZhT8Gzg3NsiGA",
    "size": [
      2.1572539104067765,
      4.864886469337955,
      1.480000000000004
    ],
    "obj_class": "vehicle",
    "point_num_in_lidar": 3155,
    "speed": 0.09660050567592698,
    "if_vehicle": true,
    "motion_state": false,
    "pose": [
      [
        0.9876807240323663,
        -0.15446947835460387,
        0.025019345150450373,
        2.1517208445293363
      ],
      [
        0.1540434214070038,
        0.9878972509635204,
        0.018156152123813565,
        -11.448777986042842
      ],
      [
        -0.027521113642529727,
        -0.014078415946951865,
        0.9995220790499325,
        0.6522974509147534
      ],
      [
        0.0,
        0.0,
        0.0,
        1.0
      ]
    ],
    "location": [
      2.1517208445293363,
      -11.448777986042842,
      0.6522974509147534
    ],
    "rotation": [
      -0.014084216187612774,
      0.027524588962732296,
      0.15471832164880114
    ]
  },
  {
    "label_id": "YurWdc7QEzz9ED-TzDYktQ",
    "size": [
      2.4265139348017057,
      5.3769130872342465,
      1.9100000000000037
    ],
    "obj_class": "vehicle",
    "point_num_in_lidar": 133,
    "speed": 0.01553653904068019,
    "if_vehicle": true,
    "motion_state": false,
    "pose": [
      [
        0.9822145570573767,
        -0.18608760375915492,
        0.025019345150450373,
        -34.465686908252565
      ],
      [
        0.18566871529121773,
        0.982444645922693,
        0.018156152123813565,
        -18.50392770210965
      ],
      [
        -0.027958756529759023,
        -0.01318792724464621,
        0.9995220790499325,
        1.3981754844345762
      ],
      [
        0.0,
        0.0,
        0.0,
        1.0
      ]
    ],
    "location": [
      -34.465686908252565,
      -18.50392770210965,
      1.3981754844345762
    ],
    "rotation": [
      -0.013193467473398213,
      0.027962400334683606,
      0.1868262628581082
    ]
  },
  {
    "label_id": "bY1X4-breOuP-79CNrGS-w",
    "size": [
      0.8784205207561926,
      0.9302074121880761,
      1.650000000000004
    ],
    "obj_class": "pedestrian",
    "point_num_in_lidar": 39,
    "speed": 1.119632887959382,
    "if_vehicle": false,
    "motion_state": true,
    "pose": [
      [
        -0.9870872972752704,
        0.1582172554623694,
        0.025019345150450373,
        -22.16472225950929
      ],
      [
        -0.15779202344420626,
        -0.9873054398095049,
        0.018156152123813565,
        0.9364716851250705
      ],
      [
        0.02757435212629826,
        0.01397385403227524,
        0.9995220790499325,
        1.1762495692056483
      ],
      [
        0.0,
        0.0,
        0.0,
        1.0
      ]
    ],
    "location": [
      -22.16472225950929,
      0.9364716851250705,
      1.1762495692056483
    ],
    "rotation": [
      0.013979624872996515,
      -0.02757784765875788,
      -2.983077606111145
    ]
  },
  {
    "label_id": "cGa1URHMkxxAB6W4qYTHMw",
    "size": [
      1.2461233338901483,
      1.1367741460899659,
      1.9100000000000037
    ],
    "obj_class": "pedestrian",
    "point_num_in_lidar": 178,
    "speed": 1.6401626615230673,
    "if_vehicle": false,
    "motion_state": true,
    "pose": [
      [
        -0.9826045042297801,
        0.18401744655219712,
        0.025019345150450373,
        -17.88520083538856
      ],
      [
        -0.1835980741659706,
        -0.9828337098932879,
        0.018156152123813565,
        1.1477474050025194
      ],
      [
        0.027930904566355205,
        0.013246813269823894,
        0.9995220790499325,
        1.270151989915128
      ],
      [
        0.0,
        0.0,
        0.0,
        1.0
      ]
    ],
    "location": [
      -17.88520083538856,
      1.1477474050025194,
      1.270151989915128
    ],
    "rotation": [
      0.013252371354595506,
      -0.027934537489917546,
      -2.9568742531963372
    ]
  },
  {
    "label_id": "idZxvTPEN4rPuuDPp1m1jQ",
    "size": [
      0.916846991429436,
      1.0720597660446636,
      1.650000000000004
    ],
    "obj_class": "pedestrian",
    "point_num_in_lidar": 70,
    "speed": 1.9189764177771902,
    "if_vehicle": false,
    "motion_state": true,
    "pose": [
      [
        -0.9951228686819995,
        0.09541754867083233,
        0.025019345150450373,
        -26.534621867203896
      ],
      [
        -0.09497936105589998,
        -0.9953136566497366,
        0.018156152123813565,
        -1.2147859750712087
      ],
      [
        0.026634511437625633,
        0.01569128076924933,
        0.9995220790499325,
        1.2709589956274314
      ],
      [
        0.0,
        0.0,
        0.0,
        1.0
      ]
    ],
    "location": [
      -26.534621867203896,
      -1.2147859750712087,
      1.2709589956274314
    ],
    "rotation": [
      0.015697494072954427,
      -0.026637661517962864,
      -3.0464360468669254
    ]
  },
  {
    "label_id": "llDxFjojX6EWsJwNE3HgHA",
    "size": [
      2.0583747001354724,
      4.683878169405639,
      1.459999999999999
    ],
    "obj_class": "vehicle",
    "point_num_in_lidar": 4102,
    "speed": 0.024263889177563818,
    "if_vehicle": true,
    "motion_state": false,
    "pose": [
      [
        -0.9847107118165368,
        0.1723915496827272,
        0.025019345150450373,
        2.0174461309618437
      ],
      [
        -0.17196949768829514,
        -0.9849349450623083,
        0.018156152123813565,
        0.3468022643446602
      ],
      [
        0.027772394542153328,
        0.01357599326367675,
        0.9995220790499325,
        0.667400277900887
      ],
      [
        0.0,
        0.0,
        0.0,
        1.0
      ]
    ],
    "location": [
      2.0174461309618437,
      0.3468022643446602,
      0.667400277900887
    ],
    "rotation": [
      0.013581649460212645,
      -0.02777596595050545,
      -2.9686966865716804
    ]
  },
  {
    "label_id": "lmhrkJg9CBuWpz2QHHXInA",
    "size": [
      1.98567507355529,
      4.463052041877781,
      1.7500000000000036
    ],
    "obj_class": "vehicle",
    "point_num_in_lidar": 21,
    "speed": 0.017750665390963937,
    "if_vehicle": true,
    "motion_state": false,
    "pose": [
      [
        0.9902179569825511,
        -0.1372677312318712,
        0.025019345150450373,
        -51.20209588610237
      ],
      [
        0.13683797275480608,
        0.990427040903272,
        0.018156152123813565,
        -20.949931978018867
      ],
      [
        -0.0272720897926348,
        -0.014554951392666658,
        0.9995220790499325,
        1.6604059133123936
      ],
      [
        0.0,
        0.0,
        0.0,
        1.0
      ]
    ],
    "location": [
      -51.20209588610237,
      -20.949931978018867,
      1.6604059133123936
    ],
    "rotation": [
      -0.014560881685119504,
      0.027275471604163076,
      0.13732005159654395
    ]
  },
  {
    "label_id": "s6kR0GUKpEmP8E_Wb7TDOg",
    "size": [
      0.9387171352728294,
      1.1357424908506306,
      1.7600000000000051
    ],
    "obj_class": "pedestrian",
    "point_num_in_lidar": 119,
    "speed": 1.1085201673609086,
    "if_vehicle": false,
    "motion_state": true,
    "pose": [
      [
        -0.973030816147162,
        0.22931433273179969,
        0.025019345150450373,
        -17.852099799203188
      ],
      [
        -0.22890602221966835,
        -0.9732791927970235,
        0.018156152123813565,
        -19.474859565438237
      ],
      [
        0.02851427396158982,
        0.0119394167421958,
        0.9995220790499325,
        1.3125379653277047
      ],
      [
        0.0,
        0.0,
        0.0,
        1.0
      ]
    ],
    "location": [
      -17.852099799203188,
      -19.474859565438237,
      1.3125379653277047
    ],
    "rotation": [
      0.011944557482428692,
      -0.02851813936344169,
      -2.910543281046115
    ]
  },
  {
    "label_id": "zVM5dN-2y4cd8zrNhglfhw",
    "size": [
      2.0841185122959263,
      4.555342182430781,
      1.7400000000000002
    ],
    "obj_class": "vehicle",
    "point_num_in_lidar": 122,
    "speed": 0.36966031966406837,
    "if_vehicle": true,
    "motion_state": false,
    "pose": [
      [
        0.9940244383606424,
        -0.10625181556120507,
        0.025019345150450373,
        -40.977008400068826
      ],
      [
        0.1058157322082401,
        0.9942199882105021,
        0.018156152123813565,
        -18.661933333436536
      ],
      [
        -0.026803857167275874,
        -0.015400218591198578,
        0.9995220790499325,
        1.522201741669356
      ],
      [
        0.0,
        0.0,
        0.0,
        1.0
      ]
    ],
    "location": [
      -40.977008400068826,
      -18.661933333436536,
      1.522201741669356
    ],
    "rotation": [
      -0.0154063631507395,
      0.026807067729414255,
      0.10605244989834231
    ]
  },
  {
    "label_id": "zVVJtTwvTo5uy6ml0zAS_w",
    "size": [
      0.9175988781068201,
      0.9965206057023652,
      1.7600000000000033
    ],
    "obj_class": "pedestrian",
    "point_num_in_lidar": 59,
    "speed": 1.2563457712518946,
    "if_vehicle": false,
    "motion_state": true,
    "pose": [
      [
        -0.9844308572348945,
        0.17398252697329503,
        0.025019345150450373,
        -30.257560199127283
      ],
      [
        -0.17356083787028298,
        -0.9846557721852963,
        0.018156152123813565,
        -20.111634935128677
      ],
      [
        0.027794295845299802,
        0.013531097892054974,
        0.9995220790499325,
        1.429326446023902
      ],
      [
        0.0,
        0.0,
        0.0,
        1.0
      ]
    ],
    "location": [
      -30.257560199127283,
      -20.111634935128677,
      1.429326446023902
    ],
    "rotation": [
      0.013536740879434695,
      -0.027797875711513455,
      -2.9670803019826666
    ]
  }
]