[
  {
    "label_id": "1dV_4md2l_8dieaFKFmDtQ",
    "size": [
      1.9909670536879382,
      4.4638174836953315,
      1.79
    ],
    "obj_class": "vehicle",
    "point_num_in_lidar": 189,
    "speed": 8.337888631473136,
    "if_vehicle": true,
    "motion_state": true,
    "pose": [
      [
        -0.15320378826226005,
        -0.9880771739443235,
        0.015234749498823365,
        -106.20058661411849
      ],
      [
        0.9881231527304432,
        -0.1529890982263499,
        0.014386481916637155,
        -25.640482585744394
      ],
      [
        -0.01188420380766263,
        0.017257872235231193,
        0.9997804416699551,
        2.698761868570365
      ],
      [
        0.0,
        0.0,
        0.0,
        1.0
      ]
    ],
    "location": [
      -106.20058661411849,
      -25.640482585744394,
      2.698761868570365
    ],
    "rotation": [
      0.017259948026448056,
      0.011884483568311226,
      1.724616802154803
    ]
  },
  {
    "label_id": "4HZoU56BbDz078xPcJGf3A",
    "size": [
      0.8455878593201732,
      0.5888169381296183,
      1.810000000000004
    ],
    "obj_class": "pedestrian",
    "point_num_in_lidar": 21,
    "speed": 2.8421709430404007e-13,
    "if_vehicle": false,
    "motion_state": false,
    "pose": [
      [
        0.9558276811297,
        -0.2935325303845028,
        0.015234749498823365,
        -113.62772674156963
      ],
      [
        0.2933266702816885,
        0.9559040190518712,
        0.014386481916637155,
        -32.97852222651636
      ],
      [
        -0.018785858715495127,
        -0.009282239306928172,
        0.9997804416699551,
        2.3470158838942687
      ],
      [
        0.0,
        0.0,
        0.0,
        1.0
      ]
    ],
    "location": [
      -113.62772674156963,
      -32.97852222651636,
      2.3470158838942687
    ],
    "rotation": [
      -0.009284010999761838,
      0.01878696383917235,
      0.2977588801280095
    ]
  },
  {
    "label_id": "7EgtlAH6ywce4f682WJLHA",
    "size": [
      2.0357031085749986,
      4.55947893137863,
      1.4400000000000048
    ],
    "obj_class": "vehicle",
    "point_num_in_lidar": 1157,
    "speed": 0.035071905301728025,
    "if_vehicle": true,
    "motion_state": false,
    "pose": [
      [
        0.9828545790891547,
        -0.18375194902691175,
        0.015234749498823365,
        -60.38548396927058
      ],
      [
        0.18353878705640628,
        0.9829071893032046,
        0.014386481916637155,
        -22.401510643332585
      ],
      [
        -0.017617888901449375,
        -0.011343652184627913,
        0.9997804416699551,
        1.6340143921773436
      ],
      [
        0.0,
        0.0,
        0.0,
        1.0
      ]
    ],
    "location": [
      -60.38548396927058,
      -22.401510643332585,
      1.6340143921773436
    ],
    "rotation": [
      -0.011345656480711943,
      0.017618800431557,
      0.18461417451642664
    ]
  },
  {
    "label_id": "CylGTHfEnRj7dRsPPu8M5g",
    "size": [
      1.891712917951251,
      4.033344322490808,
      1.4900000000000038
    ],
    "obj_class": "vehicle",
    "point_num_in_lidar": 505,
    "speed": 1.4228607195221901e-12,
    "if_vehicle": true,
    "motion_state": false,
    "pose": [
      [
        -0.9873711978031509,
        0.15768963236839387,
        0.015234749498823365,
        -71.16572121072954
      ],
      [
        -0.1574751533625701,
        -0.9874181511454493,
        0.014386481916637155,
        -11.156845244961005
      ],
      [
        0.017311667227801284,
        0.011805703368435849,
        0.9997804416699551,
        1.8832067220774356
      ],
      [
        0.0,
        0.0,
        0.0,
        1.0
      ]
    ],
    "location": [
      -71.16572121072954,
      -11.156845244961005,
      1.8832067220774356
    ],
    "rotation": [
      0.011807747190815504,
      -0.017312532044390823,
      -2.983435371422029
    ]
  },
  {
    "label_id": "GGpSECh4csvMrhW8zIOq8Q",
    "size": [
      0.4882863719261644,
      0.079089428634823,
      0.5100000000000033
    ],
    "obj_class": "sign",
    "point_num_in_lidar": 61,
    "speed": 0.07740893795398016,
    "if_vehicle": false,
    "motion_state": false,
    "pose": [
      [
        0.9997698885086189,
        -0.015102067380728144,
        0.015234749498823365,
        -52.66274990447687
      ],
      [
        0.014883081909900788,
        0.9997857385514786,
        0.014386481916637155,
        -6.313956761010559
      ],
      [
        -0.015448750898604568,
        -0.01415643139715978,
        0.9997804416699551,
        3.389078574101106
      ],
      [
        0.0,
        0.0,
        0.0,
        1.0
      ]
    ],
    "location": [
      -52.66274990447687,
      -6.313956761010559,
      3.389078574101106
    ],
    "rotation": [
      -0.014158594061737266,
      0.01544936547447928,
      0.014885407955626938
    ]
  },
  {
    "label_id": "GpOaV2-NWHwc6MJRZBp45A",
    "size": [
      0.8710197687523107,
      1.1460911671396543,
      1.7800000000000047
    ],
    "obj_class": "pedestrian",
    "point_num_in_lidar": 76,
    "speed": 1.6776010962051953,
    "if_vehicle": false,
    "motion_state": true,
    "pose": [
      [
        -0.985691813473554,
        0.16786765995546898,
        0.015234749498823365,
        -66.84644315181936
      ],
      [
        -0.1676536767678142,
        -0.985740977034178,
        0.014386481916637155,
        -7.119299497931934
      ],
      [
        0.017432541910178647,
        0.011626475681800214,
        0.9997804416699551,
        2.1469474484582687
      ],
      [
        0.0,
        0.0,
        0.0,
        1.0
      ]
    ],
    "location": [
      -66.84644315181936,
      -7.119299497931934,
      2.1469474484582687
    ],
    "rotation": [
      0.011628504759920551,
      -0.01743342497035749,
      -2.9731176324348008
    ]
  },
  {
    "label_id": "IW-rVM1tCUwHE-S701Z5CQ",
    "size": [
      0.48368911884085264,
      0.08585010331879363,
      0.5200000000000031
    ],
    "obj_class": "sign",
    "point_num_in_lidar": 61,
    "speed": 0.004305840063567673,
    "if_vehicle": false,
    "motion_state": false,
    "pose": [
      [
        0.9787993235624568,
        -0.204254220522821,
        0.015234749498823365,
        -68.59856446570143
      ],
      [
        0.20404220471008722,
        0.9788563775320204,
        0.014386481916637155,
        -8.87967655308239
      ],
      [
        -0.017851131356974383,
        -0.010972946892502148,
        0.9997804416699551,
        3.899392183626995
      ],
      [
        0.0,
        0.0,
        0.0,
        1.0
      ]
    ],
    "location": [
      -68.59856446570143,
      -8.87967655308239,
      3.899392183626995
    ],
    "rotation": [
      -0.01097491596382894,
      0.01785207957514037,
      0.20551844604722258
    ]
  },
  {
    "label_id": "NMF9Nrf43a912J1uRSKvAA",
    "size": [
      0.9757377133139912,
      0.9462817931777863,
      1.6100000000000048
    ],
    "obj_class": "pedestrian",
    "point_num_in_lidar": 629,
    "speed": 1.2457204484274669,
    "if_vehicle": false,
    "motion_state": true,
    "pose": [
      [
        -0.990080674800882,
        0.139671614129495,
        0.015234749498823365,
        -48.036159200397606
      ],
      [
        -0.13945631515257625,
        -0.9901237121199188,
        0.014386481916637155,
        -3.6802654660805274
      ],
      [
        0.017093669877933565,
        0.012119195696656334,
        0.9997804416699551,
        1.6926042542360324
      ],
      [
        0.0,
        0.0,
        0.0,
        1.0
      ]
    ],
    "location": [
      -48.036159200397606,
      -3.6802654660805274,
      1.6926042542360324
    ],
    "rotation": [
      0.01212126347748617,
      -0.017094502430755228,
      -3.0016597304641053
    ]
  },
  {
    "label_id": "Sg1SkSVG4WLFDebcJd5QIQ",
    "size": [
      0.5419445355376067,
      0.10259448914598271,
      0.570000000000003
    ],
    "obj_class": "sign",
    "point_num_in_lidar": 51,
    "speed": 0.013336598247024881,
    "if_vehicle": false,
    "motion_state": false,
    "pose": [
      [
        0.993280283204661,
        -0.11472655056514491,
        0.015234749498823365,
        -73.9547541887323
      ],
      [
        0.11451023728770938,
        0.9933178920639529,
        0.014386481916637155,
        -26.635623231306454
      ],
      [
        -0.016783460703357206,
        -0.01254527405234701,
        0.9997804416699551,
        3.970319866430099
      ],
      [
        0.0,
        0.0,
        0.0,
        1.0
      ]
    ],
    "location": [
      -73.9547541887323,
      -26.635623231306454,
      3.970319866430099
    ],
    "rotation": [
      -0.012547370563784499,
      0.016784248743523238,
      0.114778218087451
    ]
  },
  {
    "label_id": "WhYQg_C0P0Z6-piDAr0CVQ",
    "size": [
      1.9435251000595979,
      4.317106775999505,
      1.3900000000000041
    ],
    "obj_class": "vehicle",
    "point_num_in_lidar": 206,
    "speed": 0.019778554355614347,
    "if_vehicle": true,
    "motion_state": false,
    "pose": [
      [
        0.9879478679955573,
        -0.15403542621988406,
        0.015234749498823365,
        -77.3692535559785
      ],
      [
        0.15382077496166052,
        0.987994027476005,
        0.014386481916637155,
        -25.162846677172638
      ],
      [
        -0.0172678693887644,
        -0.011869673163242535,
        0.9997804416699551,
        1.8727471344286144
      ],
      [
        0.0,
        0.0,
        0.0,
        1.0
      ]
    ],
    "location": [
      -77.3692535559785,
      -25.162846677172638,
      1.8727471344286144
    ],
    "rotation": [
      -0.01187172206499382,
      0.01726872765750502,
      0.1544571284098883
    ]
  },
  {
    "label_id": "a5oqi_-tW2nuUd1J4NNsQg",
    "size": [
      2.050458304165462,
      4.186669464633484,
      1.5300000000000047
    ],
    "obj_class": "vehicle",
    "point_num_in_lidar": 114,
    "speed": 0.007000214150173437,
    "if_vehicle": true,
    "motion_state": false,
    "pose": [
      [
        0.9811195415030701,
        -0.19280131661509375,
        0.015234749498823365,
        -83.24438766226672
      ],
      [
        0.19258864850751153,
        0.9811741138065723,
        0.014386481916637155,
        -26.06307223087242
      ],
      [
        -0.01772167449356002,
        -0.011180818725564373,
        0.9997804416699551,
        2.034901503769861
      ],
      [
        0.0,
        0.0,
        0.0,
        1.0
      ]
    ],
    "location": [
      -83.24438766226672,
      -26.06307223087242,
      2.034901503769861
    ],
    "rotation": [
      -0.01118280792716399,
      0.017722602229539527,
      0.19383032690548543
    ]
  },
  {
    "label_id": "fSHSyFC6ANX94wcEAGyubA",
    "size": [
      2.830170316774884,
      6.409242601291343,
      1.9100000000000001
    ],
    "obj_class": "vehicle",
    "point_num_in_lidar": 214,
    "speed": 7.961811056604101,
    "if_vehicle": true,
    "motion_state": true,
    "pose": [
      [
        -0.14905725553967356,
        -0.9887111999864717,
        0.015234749498823365,
        -110.38421575131997
      ],
      [
        0.988756277699652,
        -0.14884237450266338,
        0.014386481916637155,
        -21.415069494083582
      ],
      [
        -0.011956499509023865,
        0.017207863717508307,
        0.9997804416699551,
        2.8287618685703073
      ],
      [
        0.0,
        0.0,
        0.0,
        1.0
      ]
    ],
    "location": [
      -110.38421575131997,
      -21.415069494083582,
      2.8287618685703073
    ],
    "rotation": [
      0.017209943383026626,
      0.011956784406656694,
      1.7204219116455624
    ]
  },
  {
    "label_id": "fZf2sS-D5MiFnsxrwl2QKA",
    "size": [
      0.8971121218733094,
      0.7020370838765297,
      1.7900000000000045
    ],
    "obj_class": "pedestrian",
    "point_num_in_lidar": 266,
    "speed": 5.684341886080801e-13,
    "if_vehicle": false,
    "motion_state": false,
    "pose": [
      [
        0.8049274989110761,
        0.5931775652403484,
        0.015234749498823365,
        -67.6981437212346
      ],
      [
        -0.5933614654725893,
        0.8048075549038315,
        0.014386481916637155,
        -9.393314308639674
      ],
      [
        -0.0037273031780352757,
        -0.020619788196017792,
        0.9997804416699551,
        2.0616781092743803
      ],
      [
        0.0,
        0.0,
        0.0,
        1.0
      ]
    ],
    "location": [
      -67.6981437212346,
      -9.393314308639674,
      2.0616781092743803
    ],
    "rotation": [
      -0.02062139291281592,
      0.0037273118085286512,
      -0.6352336302143027
    ]
  },
  {
    "label_id": "lXv2x4c0f8VhG--PWjjnSA",
    "size": [
      0.9893577857512906,
      1.329735368185263,
      1.980000000000004
    ],
    "obj_class": "pedestrian",
    "point_num_in_lidar": 41,
    "speed": 1.6707866285853954,
    "if_vehicle": false,
    "motion_state": true,
    "pose": [
      [
        0.10380836543472377,
        0.9944806311203247,
        0.015234749498823365,
        -94.78359110040674
      ],
      [
        -0.9945158614918517,
        0.10359165207285098,
        0.014386481916637155,
        -29.09934810001687
      ],
      [
        0.012728884746559303,
        -0.01664463719455719,
        0.9997804416699551,
        2.377906828100942
      ],
      [
        0.0,
        0.0,
        0.0,
        1.0
      ]
    ],
    "location": [
      -94.78359110040674,
      -29.09934810001687,
      2.377906828100942
    ],
    "rotation": [
      -0.016646754610028812,
      -0.01272922850350262,
      -1.466792152059255
    ]
  },
  {
    "label_id": "lmhrkJg9CBuWpz2QHHXInA",
    "size": [
      1.985675073555291,
      4.463052041877781,
      1.7500000000000036
    ],
    "obj_class": "vehicle",
    "point_num_in_lidar": 3288,
    "speed": 0.10451262732827361,
    "if_vehicle": true,
    "motion_state": false,
    "pose": [
      [
        0.9904130684986905,
        -0.13729477832283532,
        0.015234749498823365,
        -51.18554600783773
      ],
      [
        0.13707937666611206,
        0.9904555889240529,
        0.014386481916637155,
        -20.783878339414514
      ],
      [
        -0.017064531632557695,
        -0.012160189734994454,
        0.9997804416699551,
        1.6404059133123496
      ],
      [
        0.0,
        0.0,
        0.0,
        1.0
      ]
    ],
    "location": [
      -51.18554600783773,
      -20.783878339414514,
      1.6404059133123496
    ],
    "rotation": [
      -0.012162260473908736,
      0.017065359934698186,
      0.1375325053682367
    ]
  },
  {
    "label_id": "nz4jS99ev0vxCepFpx-Y4A",
    "size": [
      0.9198481503031274,
      1.1910221815967144,
      1.83
    ],
    "obj_class": "pedestrian",
    "point_num_in_lidar": 44,
    "speed": 1.3639678277372385,
    "if_vehicle": false,
    "motion_state": true,
    "pose": [
      [
        -0.07167825961221473,
        0.99731145060441,
        0.015234749498823365,
        -97.11050089154128
      ],
      [
        -0.9973082453673068,
        -0.07189779454507794,
        0.014386481916637155,
        -25.243609292690962
      ],
      [
        0.015443148038787642,
        -0.014162543305554836,
        0.9997804416699551,
        2.4252839814819698
      ],
      [
        0.0,
        0.0,
        0.0,
        1.0
      ]
    ],
    "location": [
      -97.11050089154128,
      -25.243609292690962,
      2.4252839814819698
    ],
    "rotation": [
      -0.014164706086402688,
      -0.015443761946184995,
      -1.6425446773991046
    ]
  },
  {
    "label_id": "qBkb67Z9B2qRT2rA66X3iw",
    "size": [
      0.6468100401938588,
      0.1017481166743686,
      0.570000000000003
    ],
    "obj_class": "sign",
    "point_num_in_lidar": 32,
    "speed": 0.018668497935838253,
    "if_vehicle": false,
    "motion_state": false,
    "pose": [
      [
        0.9881076211169891,
        -0.15300729230410282,
        0.015234749498823365,
        -90.40399937014399
      ],
      [
        0.15279259312891483,
        0.9881535572080912,
        0.014386481916637155,
        -12.540203998432844
      ],
      [
        -0.017255508554283084,
        -0.011887635541296262,
        0.9997804416699551,
        4.315442684148225
      ],
      [
        0.0,
        0.0,
        0.0,
        1.0
      ]
    ],
    "location": [
      -90.40399937014399,
      -12.540203998432844,
      4.315442684148225
    ],
    "rotation": [
      -0.011889685851855502,
      0.01725636498105836,
      0.15341645473827498
    ]
  },
  {
    "label_id": "qqAuRhy9s6l_Vs8qs2Ob4A",
    "size": [
      0.9896315697607807,
      1.1548622480809712,
      1.6600000000000037
    ],
    "obj_class": "pedestrian",
    "point_num_in_lidar": 32,
    "speed": 1.4083408349722228,
    "if_vehicle": false,
    "motion_state": true,
    "pose": [
      [
        0.1497232808514201,
        0.9886105611305166,
        0.015234749498823365,
        -92.62288760562978
      ],
      [
        -0.9886557835910857,
        0.14950843023040114,
        0.014386481916637155,
        -42.50434355231664
      ],
      [
        0.011944904477778216,
        -0.017215914476041653,
        0.9997804416699551,
        2.256187051771512
      ],
      [
        0.0,
        0.0,
        0.0,
        1.0
      ]
    ],
    "location": [
      -92.62288760562978,
      -42.50434355231664,
      2.256187051771512
    ],
    "rotation": [
      -0.017217993523664505,
      -0.011945188547325283,
      -1.420497129604328
    ]
  },
  {
    "label_id": "xDWfAq0CYrYP1r3hfBa-7A",
    "size": [
      1.805320218923966,
      4.3917578049466295,
      1.5999999999999996
    ],
    "obj_class": "vehicle",
    "point_num_in_lidar": 85,
    "speed": 8.762253818272944,
    "if_vehicle": true,
    "motion_state": true,
    "pose": [
      [
        -0.16479465707687233,
        -0.9862102328644863,
        0.015234749498823365,
        -109.26150793474244
      ],
      [
        0.9862587292471465,
        -0.16458052169642104,
        0.014386481916637155,
        -8.226898381950377
      ],
      [
        -0.01168075266067681,
        0.017396220035102977,
        0.9997804416699551,
        2.5203456315981594
      ],
      [
        0.0,
        0.0,
        0.0,
        1.0
      ]
    ],
    "location": [
      -109.26150793474244,
      -8.226898381950377,
      2.5203456315981594
    ],
    "rotation": [
      0.017398284657611923,
      0.01168101829726855,
      1.736357544477007
    ]
  },
  {
    "label_id": "zVM5dN-2y4cd8zrNhglfhw",
    "size": [
      2.084118512295107,
      4.555342182430781,
      1.7400000000000002
    ],
    "obj_class": "vehicle",
    "point_num_in_lidar": 4170,
    "speed": 0.5045447406813631,
    "if_vehicle": true,
    "motion_state": false,
    "pose": [
      [
        0.9498961306345722,
        -0.3121942398782786,
        0.015234749498823365,
        -45.45046832587809
      ],
      [
        0.31198991417997174,
        0.9499764852816286,
        0.014386481916637155,
        -19.731300395551443
      ],
      [
        -0.01896403056952541,
        -0.008912575317366606,
        0.9997804416699551,
        1.4606586360883327
      ],
      [
        0.0,
        0.0,
        0.0,
        1.0
      ]
    ],
    "location": [
      -45.45046832587809,
      -19.731300395551443,
      1.4606586360883327
    ],
    "rotation": [
      -0.008914296445838582,
      0.018965167439988835,
      0.3173458374451026
    ]
  }
]