[
  {
    "label_id": "-lGbuKX8skc2bchJBBkNgg",
    "size": [
      0.49691701119819753,
      0.059578854588236294,
      0.6000000000000032
    ],
    "obj_class": "sign",
    "point_num_in_lidar": 50,
    "speed": 0.011486561456519483,
    "if_vehicle": false,
    "motion_state": false,
    "pose": [
      [
        -0.9917402913961142,
        0.12769992363082266,
        0.011996829840944934,
        1.215824531842145
      ],
      [
        -0.12765588719512888,
        -0.9918088892654267,
        0.004370542129429507,
        -14.178899556691249
      ],
      [
        0.012456680375407361,
        0.00280297676812459,
        0.9999184838951936,
        2.693613874794732
      ],
      [
        0.0,
        0.0,
        0.0,
        1.0
      ]
    ],
    "location": [
      1.215824531842145,
      -14.178899556691249,
      2.693613874794732
    ],
    "rotation": [
      0.002803197932042695,
      -0.012457002546106558,
      -3.0135774980174648
    ]
  },
  {
    "label_id": "17uCnxYTYb0tHvESLUeCJA",
    "size": [
      0.8889410461056955,
      0.9589459079899387,
      1.650000000000004
    ],
    "obj_class": "pedestrian",
    "point_num_in_lidar": 33,
    "speed": 1.4917499998948633,
    "if_vehicle": false,
    "motion_state": true,
    "pose": [
      [
        -0.9993527473851477,
        0.03391404380967341,
        0.011996829840944934,
        -24.39400484840371
      ],
      [
        -0.03386375436033885,
        -0.9994169022495655,
        0.004370542129429507,
        -0.4962203256727662
      ],
      [
        0.01213805727370183,
        0.00396145558577137,
        0.9999184838951936,
        1.2493609529762146
      ],
      [
        0.0,
        0.0,
        0.0,
        1.0
      ]
    ],
    "location": [
      -24.39400484840371,
      -0.4962203256727662,
      1.2493609529762146
    ],
    "rotation": [
      0.003961757807106014,
      -0.012138355348385612,
      -3.107719927333193
    ]
  },
  {
    "label_id": "6RWK6duLMc_52HMgNg5Yqw",
    "size": [
      0.3296127096589667,
      0.08470290190792105,
      0.44000000000000306
    ],
    "obj_class": "sign",
    "point_num_in_lidar": 27,
    "speed": 0.002681665356040496,
    "if_vehicle": false,
    "motion_state": false,
    "pose": [
      [
        0.8340510585943208,
        0.5515568037214845,
        0.011996829840944934,
        -22.066495999915333
      ],
      [
        -0.5516349679371355,
        0.834074193648557,
        0.004370542129429507,
        -1.9202039842275553
      ],
      [
        -0.007595643928486862,
        -0.010263126134338687,
        0.9999184838951936,
        3.1325993518048403
      ],
      [
        0.0,
        0.0,
        0.0,
        1.0
      ]
    ],
    "location": [
      -22.066495999915333,
      -1.9202039842275553,
      3.1325993518048403
    ],
    "rotation": [
      -0.010263602402879128,
      0.007595716967318541,
      -0.5843422413574401
    ]
  },
  {
    "label_id": "7EgtlAH6ywce4f682WJLHA",
    "size": [
      2.035703108574999,
      4.55947893137863,
      1.4400000000000048
    ],
    "obj_class": "vehicle",
    "point_num_in_lidar": 53,
    "speed": 0.0253630336619872,
    "if_vehicle": true,
    "motion_state": false,
    "pose": [
      [
        0.9828979191386552,
        -0.1837600517704244,
        0.011996829840944934,
        -60.50957493275496
      ],
      [
        0.1837199781245488,
        0.9829689048995447,
        0.004370542129429507,
        -22.46473058796255
      ],
      [
        -0.012595641738988608,
        -0.0020917394485817516,
        0.9999184838951936,
        1.6340143921773187
      ],
      [
        0.0,
        0.0,
        0.0,
        1.0
      ]
    ],
    "location": [
      -60.50957493275496,
      -22.46473058796255,
      1.6340143921773187
    ],
    "rotation": [
      -0.002091906921482117,
      0.012595974812929057,
      0.1847843443168739
    ]
  },
  {
    "label_id": "7zRc0M_V6kWZiiTMJvEU4Q",
    "size": [
      0.9750323162877041,
      1.1262346547427113,
      1.8000000000000043
    ],
    "obj_class": "pedestrian",
    "point_num_in_lidar": 123,
    "speed": 1.3414401306296857,
    "if_vehicle": false,
    "motion_state": true,
    "pose": [
      [
        -0.9878250386437393,
        0.15510567076113813,
        0.011996829840944934,
        -26.650835030929784
      ],
      [
        -0.1550635502212387,
        -0.9878948292982813,
        0.004370542129429507,
        -0.45384241430292604
      ],
      [
        0.0125295020364158,
        0.002457059921360773,
        0.9999184838951936,
        1.3745523890071265
      ],
      [
        0.0,
        0.0,
        0.0,
        1.0
      ]
    ],
    "location": [
      -26.650835030929784,
      -0.45384241430292604,
      1.3745523890071265
    ],
    "rotation": [
      0.0024572552819104917,
      -0.012529829890701547,
      -2.985888550188134
    ]
  },
  {
    "label_id": "CWSv1DRZP1IrZmTidTdj-w",
    "size": [
      0.44226996511507033,
      0.07457283692242789,
      0.49000000000000377
    ],
    "obj_class": "sign",
    "point_num_in_lidar": 20,
    "speed": 0.01824296140269922,
    "if_vehicle": false,
    "motion_state": false,
    "pose": [
      [
        -0.9973621956449928,
        0.07158719698358423,
        0.011996829840944934,
        0.14906846750250224
      ],
      [
        -0.07153936335702034,
        -0.9974282018531294,
        0.004370542129429507,
        -14.71569740360792
      ],
      [
        0.012278851276536195,
        0.003500767925243051,
        0.9999184838951936,
        2.750813290668031
      ],
      [
        0.0,
        0.0,
        0.0,
        1.0
      ]
    ],
    "location": [
      0.14906846750250224,
      -14.71569740360792,
      2.750813290668031
    ],
    "rotation": [
      0.0035010390130037227,
      -0.012279159844925903,
      -3.0699867201474937
    ]
  },
  {
    "label_id": "CylGTHfEnRj7dRsPPu8M5g",
    "size": [
      1.891712917951251,
      4.033344322490808,
      1.4900000000000038
    ],
    "obj_class": "vehicle",
    "point_num_in_lidar": 27,
    "speed": 1.4228607195221901e-12,
    "if_vehicle": true,
    "motion_state": false,
    "pose": [
      [
        -0.9874147370179013,
        0.1576965858655039,
        0.011996829840944934,
        -71.16572121072977
      ],
      [
        -0.15765464855854489,
        -0.987484637930827,
        0.004370542129429507,
        -11.156845244962824
      ],
      [
        0.012535904743995633,
        0.002424181714965457,
        0.9999184838951936,
        1.8832067220774675
      ],
      [
        0.0,
        0.0,
        0.0,
        1.0
      ]
    ],
    "location": [
      -71.16572121072977,
      -11.156845244962824,
      1.8832067220774675
    ],
    "rotation": [
      0.0024243745910863743,
      -0.012536233101172963,
      -2.9832649604531363
    ]
  },
  {
    "label_id": "GpOaV2-NWHwc6MJRZBp45A",
    "size": [
      0.8710197687522218,
      1.1460911671396543,
      1.7800000000000047
    ],
    "obj_class": "pedestrian",
    "point_num_in_lidar": 41,
    "speed": 1.5785873684003335,
    "if_vehicle": false,
    "motion_state": true,
    "pose": [
      [
        -0.9809814233287578,
        0.19373054265564815,
        0.011996829840944934,
        -55.954800412849636
      ],
      [
        -0.19369119183737393,
        -0.9810528123226152,
        0.004370542129429507,
        -5.264129683497231
      ],
      [
        0.01261623115284865,
        0.00196374036868326,
        0.9999184838951936,
        2.0018518780118573
      ],
      [
        0.0,
        0.0,
        0.0,
        1.0
      ]
    ],
    "location": [
      -55.954800412849636,
      -5.264129683497231,
      2.0018518780118573
    ],
    "rotation": [
      0.0019638979333455107,
      -0.012616565862912571,
      -2.946653737347936
    ]
  },
  {
    "label_id": "IzWh0PLVTsHFYL2u5a9nWg",
    "size": [
      0.4711189525387696,
      0.07851021281441528,
      0.5100000000000033
    ],
    "obj_class": "sign",
    "point_num_in_lidar": 32,
    "speed": 0.009920933953259551,
    "if_vehicle": false,
    "motion_state": false,
    "pose": [
      [
        0.9969157180553195,
        -0.07755725090547021,
        0.011996829840944934,
        -31.979456813898196
      ],
      [
        0.07750981332396903,
        0.9969820094665592,
        0.004370542129429507,
        -19.93696197657482
      ],
      [
        -0.012299590754578755,
        -0.003427190103800179,
        0.9999184838951936,
        3.312567087357948
      ],
      [
        0.0,
        0.0,
        0.0,
        1.0
      ]
    ],
    "location": [
      -31.979456813898196,
      -19.93696197657482,
      3.312567087357948
    ],
    "rotation": [
      -0.0034274560764043943,
      0.012299900889235596,
      0.07759351529922427
    ]
  },
  {
    "label_id": "LGE6aZngIxf-g4ygRGDNeA",
    "size": [
      0.8908187372473862,
      0.9613914346561343,
      1.6300000000000043
    ],
    "obj_class": "pedestrian",
    "point_num_in_lidar": 43,
    "speed": 0.013971085448245893,
    "if_vehicle": false,
    "motion_state": false,
    "pose": [
      [
        0.5486699661063292,
        -0.8359529558334291,
        0.011996829840944934,
        -43.99967888092738
      ],
      [
        0.8359763609843488,
        0.5487480498706675,
        0.004370542129429507,
        -7.118259887516615
      ],
      [
        -0.010236804591539889,
        0.007631080951761219,
        0.9999184838951936,
        1.5012376139188
      ],
      [
        0.0,
        0.0,
        0.0,
        1.0
      ]
    ],
    "location": [
      -43.99967888092738,
      -7.118259887516615,
      1.5012376139188
    ],
    "rotation": [
      0.0076315548994938245,
      0.010236983389463005,
      0.9899894070602037
    ]
  },
  {
    "label_id": "NMF9Nrf43a912J1uRSKvAA",
    "size": [
      0.9757377133153456,
      0.9462817931777863,
      1.6100000000000048
    ],
    "obj_class": "pedestrian",
    "point_num_in_lidar": 68,
    "speed": 1.2636222150773255,
    "if_vehicle": false,
    "motion_state": true,
    "pose": [
      [
        -0.9904262778558649,
        0.13752041378044405,
        0.011996829840944934,
        -39.46726863353433
      ],
      [
        -0.13747705921549572,
        -0.9904953086970952,
        0.004370542129429507,
        -2.3479166570868983
      ],
      [
        0.012483842438777286,
        0.002679410887021299,
        0.9999184838951936,
        1.5268886782831554
      ],
      [
        0.0,
        0.0,
        0.0,
        1.0
      ]
    ],
    "location": [
      -39.46726863353433,
      -2.3479166570868983,
      1.5268886782831554
    ],
    "rotation": [
      0.0026796229063780898,
      -0.012484166721674862,
      -3.0036680012934585
    ]
  },
  {
    "label_id": "O2XNeS9LcyFvcLdYZisPjQ",
    "size": [
      2.0579282835711363,
      4.975976130770658,
      1.5200000000000031
    ],
    "obj_class": "vehicle",
    "point_num_in_lidar": 321,
    "speed": 0.02342058425886725,
    "if_vehicle": true,
    "motion_state": false,
    "pose": [
      [
        0.989750896200844,
        -0.14229982271033764,
        0.011996829840944934,
        -28.274710041864182
      ],
      [
        0.14225680187797052,
        0.9898201355200584,
        0.004370542129429507,
        -17.27339276321436
      ],
      [
        -0.012496631109141076,
        -0.0026191173436393715,
        0.9999184838951936,
        1.1501369112119288
      ],
      [
        0.0,
        0.0,
        0.0,
        1.0
      ]
    ],
    "location": [
      -28.274710041864182,
      -17.27339276321436,
      1.1501369112119288
    ],
    "rotation": [
      -0.0026193248709957717,
      0.01249695638971022,
      0.1427522563987773
    ]
  },
  {
    "label_id": "OAMynEEqx3osxUHtJS_ELg",
    "size": [
      0.817053775280094,
      0.8340350894805498,
      1.6600000000000037
    ],
    "obj_class": "pedestrian",
    "point_num_in_lidar": 120,
    "speed": 0.311694002500015,
    "if_vehicle": false,
    "motion_state": false,
    "pose": [
      [
        0.9706722685658341,
        0.24010710758123074,
        0.011996829840944934,
        -29.8307653426441
      ],
      [
        -0.240172996545277,
        0.9707202635630706,
        0.004370542129429507,
        -3.5117966384605097
      ],
      [
        -0.010596167595864146,
        -0.007123678615579434,
        0.9999184838951936,
        1.3128402844346923
      ],
      [
        0.0,
        0.0,
        0.0,
        1.0
      ]
    ],
    "location": [
      -29.8307653426441,
      -3.5117966384605097,
      1.3128402844346923
    ],
    "rotation": [
      -0.007124138830358178,
      0.010596365893323412,
      -0.24255795083549989
    ]
  },
  {
    "label_id": "QmpdBgxGLSxvyzQXu1z3-Q",
    "size": [
      0.9145604087957571,
      1.0514743018973143,
      1.8600000000000048
    ],
    "obj_class": "pedestrian",
    "point_num_in_lidar": 157,
    "speed": 1.46830887690172,
    "if_vehicle": false,
    "motion_state": true,
    "pose": [
      [
        -0.9926267394420706,
        0.12061605290495672,
        0.011996829840944934,
        -13.045993463642162
      ],
      [
        -0.12057152783117663,
        -0.9926950211610567,
        0.004370542129429507,
        -17.549943943782637
      ],
      [
        0.01243635079352904,
        0.0028918408804764328,
        0.9999184838951936,
        1.2224491128847852
      ],
      [
        0.0,
        0.0,
        0.0,
        1.0
      ]
    ],
    "location": [
      -13.045993463642162,
      -17.549943943782637,
      1.2224491128847852
    ],
    "rotation": [
      0.0028920685681256514,
      -0.012436671389358691,
      -3.0207176697355287
    ]
  },
  {
    "label_id": "W_9pz6y0uZhT8Gzg3NsiGA",
    "size": [
      2.157253910406776,
      4.864886469337955,
      1.480000000000004
    ],
    "obj_class": "vehicle",
    "point_num_in_lidar": 3356,
    "speed": 0.060228850978398286,
    "if_vehicle": true,
    "motion_state": false,
    "pose": [
      [
        0.9879188970600244,
        -0.15450672770294555,
        0.011996829840944934,
        2.038012113469904
      ],
      [
        0.15446456485698035,
        0.9879886621642165,
        0.004370542129429507,
        -11.469492323403756
      ],
      [
        -0.012528010027472954,
        -0.0024646560590155728,
        0.9999184838951936,
        0.6668421337040655
      ],
      [
        0.0,
        0.0,
        0.0,
        1.0
      ]
    ],
    "location": [
      2.038012113469904,
      -11.469492323403756,
      0.6668421337040655
    ],
    "rotation": [
      -0.0024648519928114573,
      0.012528337764644794,
      0.15509776142733392
    ]
  },
  {
    "label_id": "YurWdc7QEzz9ED-TzDYktQ",
    "size": [
      2.4265139348017044,
      5.3769130872342465,
      1.9100000000000037
    ],
    "obj_class": "vehicle",
    "point_num_in_lidar": 263,
    "speed": 0.015536539166533157,
    "if_vehicle": true,
    "motion_state": false,
    "pose": [
      [
        0.982451411953065,
        -0.1861324776206363,
        0.011996829840944934,
        -34.454239239327535
      ],
      [
        0.1860925754689267,
        0.9825224942548831,
        0.004370542129429507,
        -18.4892124110429
      ],
      [
        -0.012600655013572716,
        -0.0020613243234944563,
        0.9999184838951936,
        1.399141405214671
      ],
      [
        0.0,
        0.0,
        0.0,
        1.0
      ]
    ],
    "location": [
      -34.454239239327535,
      -18.4892124110429,
      1.399141405214671
    ],
    "rotation": [
      -0.0020614894480535865,
      0.012600988485397317,
      0.18719878314912
    ]
  },
  {
    "label_id": "bY1X4-breOuP-79CNrGS-w",
    "size": [
      0.8784205207548942,
      0.9302074121880761,
      1.650000000000004
    ],
    "obj_class": "pedestrian",
    "point_num_in_lidar": 151,
    "speed": 1.1076189150996216,
    "if_vehicle": false,
    "motion_state": true,
    "pose": [
      [
        -0.9827574617585432,
        0.18450974887976274,
        0.011996829840944934,
        -23.492218654251474
      ],
      [
        -0.184469729393198,
        -0.9828284780667964,
        0.004370542129429507,
        0.7438126910601568
      ],
      [
        0.012597233644971699,
        0.0020821309352915657,
        0.9999184838951936,
        1.2302462601523079
      ],
      [
        0.0,
        0.0,
        0.0,
        1.0
      ]
    ],
    "location": [
      -23.492218654251474,
      0.7438126910601568,
      1.2302462601523079
    ],
    "rotation": [
      0.0020822976667375726,
      -0.012597566845221234,
      -2.956045454367939
    ]
  },
  {
    "label_id": "cGa1URHMkxxAB6W4qYTHMw",
    "size": [
      1.2461233338922808,
      1.1367741460899659,
      1.9100000000000037
    ],
    "obj_class": "pedestrian",
    "point_num_in_lidar": 189,
    "speed": 1.5617303935071811,
    "if_vehicle": false,
    "motion_state": true,
    "pose": [
      [
        -0.9861518026289334,
        0.16541069568039615,
        0.011996829840944934,
        -19.728298994050874
      ],
      [
        -0.16536930609205183,
        -0.9862220292429733,
        0.004370542129429507,
        0.8126463882799726
      ],
      [
        0.012554472284348785,
        0.0023261105733011207,
        0.9999184838951936,
        1.36682208653653
      ],
      [
        0.0,
        0.0,
        0.0,
        1.0
      ]
    ],
    "location": [
      -19.728298994050874,
      0.8126463882799726,
      1.36682208653653
    ],
    "rotation": [
      0.002326296007854283,
      -0.01255480210279491,
      -2.9754469763999762
    ]
  },
  {
    "label_id": "idZxvTPEN4rPuuDPp1m1jQ",
    "size": [
      0.9168469914268301,
      1.0720597660446636,
      1.650000000000004
    ],
    "obj_class": "pedestrian",
    "point_num_in_lidar": 70,
    "speed": 1.8446755917441626,
    "if_vehicle": false,
    "motion_state": true,
    "pose": [
      [
        -0.9964151050271346,
        0.08374374333364697,
        0.011996829840944934,
        -28.77461496891965
      ],
      [
        -0.08369671814548157,
        -0.9964816896125943,
        0.004370542129429507,
        -1.4562684845386684
      ],
      [
        0.012320626828215435,
        0.003350778909084148,
        0.9999184838951936,
        1.3699967318583557
      ],
      [
        0.0,
        0.0,
        0.0,
        1.0
      ]
    ],
    "location": [
      -28.77461496891965,
      -1.4562684845386684,
      1.3699967318583557
    ],
    "rotation": [
      0.003351039530278449,
      -0.012320938556944291,
      -3.057791532650291
    ]
  },
  {
    "label_id": "lmhrkJg9CBuWpz2QHHXInA",
    "size": [
      1.9856750735552897,
      4.463052041877781,
      1.7500000000000036
    ],
    "obj_class": "vehicle",
    "point_num_in_lidar": 52,
    "speed": 0.01775066524414601,
    "if_vehicle": true,
    "motion_state": false,
    "pose": [
      [
        0.9904567418480621,
        -0.13730083248651123,
        0.011996829840944934,
        -51.19411883063822
      ],
      [
        0.1372574626184624,
        0.9905257630758709,
        0.004370542129429507,
        -20.930181402611197
      ],
      [
        -0.012483248105481402,
        -0.002682178494190887,
        0.9999184838951936,
        1.6604059133123794
      ],
      [
        0.0,
        0.0,
        0.0,
        1.0
      ]
    ],
    "location": [
      -51.19411883063822,
      -20.930181402611197,
      1.6604059133123794
    ],
    "rotation": [
      -0.00268239071927605,
      0.012483572342063438,
      0.13770293540211245
    ]
  },
  {
    "label_id": "s6kR0GUKpEmP8E_Wb7TDOg",
    "size": [
      0.9387171352730002,
      1.1357424908506306,
      1.7600000000000051
    ],
    "obj_class": "pedestrian",
    "point_num_in_lidar": 181,
    "speed": 1.0845036684007858,
    "if_vehicle": false,
    "motion_state": true,
    "pose": [
      [
        -0.9808882634585723,
        0.1942016752836955,
        0.011996829840944934,
        -19.12319031760535
      ],
      [
        -0.1941623587573365,
        -0.9809596713439764,
        0.004370542129429507,
        -19.708358703559497
      ],
      [
        0.012617172861376131,
        0.001957680700180369,
        0.9999184838951936,
        1.3125379653277207
      ],
      [
        0.0,
        0.0,
        0.0,
        1.0
      ]
    ],
    "location": [
      -19.12319031760535,
      -19.708358703559497,
      1.3125379653277207
    ],
    "rotation": [
      0.001957837794143108,
      -0.012617507646400133,
      -2.9461734106284423
    ]
  },
  {
    "label_id": "zVM5dN-2y4cd8zrNhglfhw",
    "size": [
      2.0841185122965906,
      4.555342182430781,
      1.7400000000000002
    ],
    "obj_class": "vehicle",
    "point_num_in_lidar": 216,
    "speed": 0.19335657091015254,
    "if_vehicle": true,
    "motion_state": false,
    "pose": [
      [
        0.9885564153408168,
        -0.15037383336964585,
        0.011996829840944934,
        -40.87861547739658
      ],
      [
        0.15033137913003755,
        0.9886260035070673,
        0.004370542129429507,
        -18.657256165777653
      ],
      [
        -0.012517593114313566,
        -0.002517027485387212,
        0.9999184838951936,
        1.5222017416693312
      ],
      [
        0.0,
        0.0,
        0.0,
        1.0
      ]
    ],
    "location": [
      -40.87861547739658,
      -18.657256165777653,
      1.5222017416693312
    ],
    "rotation": [
      -0.0025172273636287178,
      0.012517920034596204,
      0.1509153670818186
    ]
  },
  {
    "label_id": "zVVJtTwvTo5uy6ml0zAS_w",
    "size": [
      0.9175988781056978,
      0.9965206057023652,
      1.7600000000000051
    ],
    "obj_class": "pedestrian",
    "point_num_in_lidar": 66,
    "speed": 1.1994009846925777,
    "if_vehicle": false,
    "motion_state": true,
    "pose": [
      [
        -0.9889387326152381,
        0.14783862555886415,
        0.011996829840944934,
        -31.703836956829264
      ],
      [
        -0.14779599303089164,
        -0.9890082116977127,
        0.004370542129429507,
        -20.36632528528571
      ],
      [
        0.012511098168396673,
        0.00254911501475443,
        0.9999184838951936,
        1.4722269649192103
      ],
      [
        0.0,
        0.0,
        0.0,
        1.0
      ]
    ],
    "location": [
      -31.703836956829264,
      -20.36632528528571,
      1.4722269649192103
    ],
    "rotation": [
      0.0025493173029197615,
      -0.01251142458003656,
      -2.993241537378893
    ]
  }
]