[
  {
    "label_id": "-u6v7A9TrXDu-9EE_fzpuA",
    "size": [
      2.039947509740859,
      4.415591832276201,
      1.7400000000000055
    ],
    "obj_class": "vehicle",
    "point_num_in_lidar": 1040,
    "speed": 2.215257898045264,
    "if_vehicle": true,
    "motion_state": true,
    "pose": [
      [
        0.21630830236863133,
        0.9757483528179853,
        -0.03355399081166388,
        5.261973918524745
      ],
      [
        -0.9763223352264225,
        0.2160979844747332,
        -0.009816254070834396,
        -13.11029279473405
      ],
      [
        -0.002327243954975223,
        0.03488284791909096,
        0.9993886985836029,
        0.8402082645109417
      ],
      [
        0.0,
        0.0,
        0.0,
        1.0
      ]
    ],
    "location": [
      5.261973918524745,
      -13.11029279473405,
      0.8402082645109417
    ],
    "rotation": [
      0.0348900206349353,
      0.002327246055730876,
      -1.3527640680647735
    ]
  },
  {
    "label_id": "3UOARbDkuMcY1CDZ705q0w",
    "size": [
      0.7092548309698311,
      0.7043774177189961,
      1.867408505954046
    ],
    "obj_class": "pedestrian",
    "point_num_in_lidar": 22,
    "speed": 1.5401168067675817,
    "if_vehicle": false,
    "motion_state": true,
    "pose": [
      [
        -0.6987580201587104,
        0.7145707515456325,
        -0.03355399081166388,
        43.16011849442907
      ],
      [
        -0.7147084493762315,
        -0.699353611234145,
        -0.009816254070834396,
        -36.59317701067266
      ],
      [
        -0.030480512694213462,
        0.017122134483477488,
        0.9993886985836029,
        0.6685500591023512
      ],
      [
        0.0,
        0.0,
        0.0,
        1.0
      ]
    ],
    "location": [
      43.16011849442907,
      -36.59317701067266,
      0.6685500591023512
    ],
    "rotation": [
      0.017130931675970087,
      0.030485234381102417,
      -2.344910351122462
    ]
  },
  {
    "label_id": "3nT8tDOtD-Z4SicFOMGd2Q",
    "size": [
      2.08945508902155,
      4.8468502346614635,
      1.4700000000000024
    ],
    "obj_class": "vehicle",
    "point_num_in_lidar": 1065,
    "speed": 0.044328025710558924,
    "if_vehicle": true,
    "motion_state": false,
    "pose": [
      [
        0.14470947634569042,
        0.9889051001771437,
        -0.03355399081166388,
        8.092393878888288
      ],
      [
        -0.9894622508605911,
        0.14445793601567708,
        -0.009816254070834396,
        7.4216080839232745
      ],
      [
        -0.004860203457540825,
        0.03462091226013123,
        0.9993886985836029,
        0.7535569685402592
      ],
      [
        0.0,
        0.0,
        0.0,
        1.0
      ]
    ],
    "location": [
      8.092393878888288,
      7.4216080839232745,
      0.7535569685402592
    ],
    "rotation": [
      0.03462824129388681,
      0.004860222592023114,
      -1.4255752474358896
    ]
  },
  {
    "label_id": "4-di8TbCFGO6PIx82mET6Q",
    "size": [
      2.0534868131468555,
      4.473265707077264,
      1.4899999999999984
    ],
    "obj_class": "vehicle",
    "point_num_in_lidar": 24,
    "speed": 3.4477439383269983,
    "if_vehicle": true,
    "motion_state": true,
    "pose": [
      [
        -0.5089351326656186,
        0.8601506614769531,
        -0.03355399081166388,
        9.549547755376807
      ],
      [
        -0.8604259479245764,
        -0.5094809410509006,
        -0.009816254070834396,
        -45.75596941410731
      ],
      [
        -0.025538576246993825,
        0.023874887782958897,
        0.9993886985836029,
        0.5943912582196411
      ],
      [
        0.0,
        0.0,
        0.0,
        1.0
      ]
    ],
    "location": [
      9.549547755376807,
      -45.75596941410731,
      0.5943912582196411
    ],
    "rotation": [
      0.02388494837876582,
      0.025541353185683867,
      -2.104936515577435
    ]
  },
  {
    "label_id": "5AjDD1HMSXUI04BJtWagJA",
    "size": [
      0.27114271324103567,
      0.04132458893582225,
      0.3999999999999986
    ],
    "obj_class": "sign",
    "point_num_in_lidar": 29,
    "speed": 0.012129563045978288,
    "if_vehicle": false,
    "motion_state": false,
    "pose": [
      [
        -0.17953235038945942,
        -0.9831796706931277,
        -0.03355399081166388,
        10.044746103469379
      ],
      [
        0.9837453546227376,
        -0.1793006369598309,
        -0.009816254070834396,
        5.434892219362155
      ],
      [
        0.0036348895197273884,
        -0.03477091775538536,
        0.9993886985836029,
        2.554708147221355
      ],
      [
        0.0,
        0.0,
        0.0,
        1.0
      ]
    ],
    "location": [
      10.044746103469379,
      5.434892219362155,
      2.554708147221355
    ],
    "rotation": [
      -0.03477815785214601,
      -0.0036348975240572466,
      1.7513085895857796
    ]
  },
  {
    "label_id": "5Zo39jZeAKvLd3jygUscXQ",
    "size": [
      0.8633204129126365,
      0.9964958227765475,
      1.7600000000000051
    ],
    "obj_class": "pedestrian",
    "point_num_in_lidar": 74,
    "speed": 1.1526526086490412,
    "if_vehicle": false,
    "motion_state": true,
    "pose": [
      [
        -0.5102254455910307,
        -0.859385899565524,
        -0.03355399081166388,
        -1.0807889491954938
      ],
      [
        0.8599968559159984,
        -0.5102049088068581,
        -0.009816254070834396,
        -34.47466608887407
      ],
      [
        -0.00868346048714337,
        -0.03386482920879148,
        0.9993886985836029,
        0.9425935116681714
      ],
      [
        0.0,
        0.0,
        0.0,
        1.0
      ]
    ],
    "location": [
      -1.0807889491954938,
      -34.47466608887407,
      0.9425935116681714
    ],
    "rotation": [
      -0.033872582950841654,
      0.008683569616597643,
      2.106265598278646
    ]
  },
  {
    "label_id": "6nFW7Fnejgm08SNoDjHi2w",
    "size": [
      0.7576715269810353,
      0.7637234397275995,
      1.8900000000000041
    ],
    "obj_class": "pedestrian",
    "point_num_in_lidar": 31,
    "speed": 0.0021243309966840927,
    "if_vehicle": false,
    "motion_state": false,
    "pose": [
      [
        -0.630978873176361,
        0.7750740553687114,
        -0.03355399081166388,
        18.81262644220351
      ],
      [
        -0.7752652712937821,
        -0.6315594986078472,
        -0.009816254070834396,
        -19.92865889460154
      ],
      [
        -0.02879966546451799,
        0.019819394857165714,
        0.9993886985836029,
        0.7783001229324711
      ],
      [
        0.0,
        0.0,
        0.0,
        1.0
      ]
    ],
    "location": [
      18.81262644220351,
      -19.92865889460154,
      0.7783001229324711
    ],
    "rotation": [
      0.01982891866550968,
      0.028803648124445504,
      -2.2539482029350353
    ]
  },
  {
    "label_id": "7qaAcL3WFHPDh_NixTan-A",
    "size": [
      2.0450077495462975,
      4.144237317604301,
      1.6999999999999993
    ],
    "obj_class": "vehicle",
    "point_num_in_lidar": 41,
    "speed": 4.311247943822942,
    "if_vehicle": true,
    "motion_state": true,
    "pose": [
      [
        0.6863809311154233,
        0.7264677192427308,
        -0.03355399081166388,
        27.96024876191177
      ],
      [
        -0.7270682894649665,
        0.6864949698362723,
        -0.009816254070834396,
        -44.14061909132943
      ],
      [
        0.01590345420379352,
        0.031133732313364536,
        0.9993886985836029,
        0.5572475573101237
      ],
      [
        0.0,
        0.0,
        0.0,
        1.0
      ]
    ],
    "location": [
      27.96024876191177,
      -44.14061909132943,
      0.5572475573101237
    ],
    "rotation": [
      0.031142704037881334,
      -0.015904124663327458,
      -0.8141760813729008
    ]
  },
  {
    "label_id": "98eaCxEDxm2x1CEezRDTiQ",
    "size": [
      0.2546044225488089,
      0.04920328620637804,
      0.41999999999999815
    ],
    "obj_class": "sign",
    "point_num_in_lidar": 49,
    "speed": 0.012054814765613455,
    "if_vehicle": false,
    "motion_state": false,
    "pose": [
      [
        -0.1391828896166597,
        -0.9896980615008637,
        -0.03355399081166388,
        11.746864207509816
      ],
      [
        0.990253798308959,
        -0.1389282407960906,
        -0.009816254070834396,
        -6.1510317881075025
      ],
      [
        0.005053530709952112,
        -0.034593221456464096,
        0.9993886985836029,
        2.518248204959864
      ],
      [
        0.0,
        0.0,
        0.0,
        1.0
      ]
    ],
    "location": [
      11.746864207509816,
      -6.1510317881075025,
      2.518248204959864
    ],
    "rotation": [
      -0.03460056673740648,
      -0.005053552219855925,
      1.7104343465580019
    ]
  },
  {
    "label_id": "ABRBhQePUHY_I0XPW1ez4A",
    "size": [
      2.1306944974744884,
      4.5215893642290155,
      1.8999999999999986
    ],
    "obj_class": "vehicle",
    "point_num_in_lidar": 168,
    "speed": 2.0666538016764453,
    "if_vehicle": true,
    "motion_state": true,
    "pose": [
      [
        0.6586633939869354,
        0.7516892064691509,
        -0.03355399081166388,
        9.598637510908247
      ],
      [
        -0.7522936297720629,
        0.6587548373715304,
        -0.009816254070834396,
        -26.800147792951975
      ],
      [
        0.014725081527298381,
        0.03170806076357892,
        0.9993886985836029,
        0.7725484083418692
      ],
      [
        0.0,
        0.0,
        0.0,
        1.0
      ]
    ],
    "location": [
      9.598637510908247,
      -26.800147792951975,
      0.7725484083418692
    ],
    "rotation": [
      0.03171681627592889,
      -0.014725613714286899,
      -0.8516603957033785
    ]
  },
  {
    "label_id": "BMprUx_wfiGkn4Jsd9YGfw",
    "size": [
      0.9165089260500505,
      0.14690670426762598,
      1.129999999999999
    ],
    "obj_class": "sign",
    "point_num_in_lidar": 21,
    "speed": 8.881784197001252e-13,
    "if_vehicle": false,
    "motion_state": false,
    "pose": [
      [
        -0.7032299846905916,
        -0.7101702037770108,
        -0.03355399081166388,
        25.458941641197953
      ],
      [
        0.7107679342563138,
        -0.7033580772188726,
        -0.009816254070834396,
        -24.83657221876456
      ],
      [
        -0.016629259306500246,
        -0.030752184935213495,
        0.9993886985836029,
        3.3772245104993885
      ],
      [
        0.0,
        0.0,
        0.0,
        1.0
      ]
    ],
    "location": [
      25.458941641197953,
      -24.83657221876456,
      3.3772245104993885
    ],
    "rotation": [
      -0.03076128892038954,
      0.016630025823012803,
      2.3508635925588197
    ]
  },
  {
    "label_id": "EynIiRmnuBbFsLCDQ1XKbQ",
    "size": [
      0.5413567342716089,
      0.13723403558369326,
      0.5999999999999979
    ],
    "obj_class": "sign",
    "point_num_in_lidar": 20,
    "speed": 0.009883298960820476,
    "if_vehicle": false,
    "motion_state": false,
    "pose": [
      [
        0.6252976822163733,
        -0.7796646319510987,
        -0.03355399081166388,
        2.3492852304107146
      ],
      [
        0.779860086055099,
        0.6258768947118519,
        -0.009816254070834396,
        -43.27713276112627
      ],
      [
        0.028654053691669772,
        -0.020029337243336408,
        0.9993886985836029,
        2.860633756639647
      ],
      [
        0.0,
        0.0,
        0.0,
        1.0
      ]
    ],
    "location": [
      2.3492852304107146,
      -43.27713276112627,
      2.860633756639647
    ],
    "rotation": [
      -0.020038906004627897,
      -0.028657976232475655,
      0.8949542090775532
    ]
  },
  {
    "label_id": "HvXo3bcZJiBtcXJw3euZyA",
    "size": [
      2.1355814538903757,
      4.745719360965725,
      1.7100000000000044
    ],
    "obj_class": "vehicle",
    "point_num_in_lidar": 6027,
    "speed": 0.07756516502759568,
    "if_vehicle": true,
    "motion_state": false,
    "pose": [
      [
        0.12761029986981634,
        0.9912566474267631,
        -0.03355399081166388,
        -2.893487642636501
      ],
      [
        -0.9918093711263593,
        0.12734917550558725,
        -0.009816254070834396,
        2.5424302450028335
      ],
      [
        -0.0054573540357571735,
        0.034531817651273465,
        0.9993886985836029,
        0.8478839694967775
      ],
      [
        0.0,
        0.0,
        0.0,
        1.0
      ]
    ],
    "location": [
      -2.893487642636501,
      2.5424302450028335,
      0.8478839694967775
    ],
    "rotation": [
      0.034539198770945155,
      0.005457381125255131,
      -1.4428352054410993
    ]
  },
  {
    "label_id": "KX-4SfeSeDvbwnkBCjdU4g",
    "size": [
      0.842286040055641,
      0.8451582887489959,
      1.7199999999999989
    ],
    "obj_class": "pedestrian",
    "point_num_in_lidar": 35,
    "speed": 0.0,
    "if_vehicle": false,
    "motion_state": false,
    "pose": [
      [
        -0.5123223545699709,
        0.8581374800744294,
        -0.03355399081166388,
        21.74109081043821
      ],
      [
        -0.8584106125118937,
        -0.512869244040791,
        -0.009816254070834396,
        -18.834928855962062
      ],
      [
        -0.02563250543424589,
        0.0237740154062319,
        0.9993886985836029,
        0.6654090060640705
      ],
      [
        0.0,
        0.0,
        0.0,
        1.0
      ]
    ],
    "location": [
      21.74109081043821,
      -18.834928855962062,
      0.6654090060640705
    ],
    "rotation": [
      0.023784071629144064,
      0.025635313132030595,
      -2.1088792353907566
    ]
  },
  {
    "label_id": "MMRb3jHqGvp6u3_L3aIsDw",
    "size": [
      2.187111608220172,
      5.576670239505544,
      2.0900000000000034
    ],
    "obj_class": "vehicle",
    "point_num_in_lidar": 9101,
    "speed": 2.0048090955458733,
    "if_vehicle": true,
    "motion_state": true,
    "pose": [
      [
        0.12771954404710217,
        0.991242577661498,
        -0.03355399081166388,
        3.721707429472872
      ],
      [
        -0.9917953301358735,
        0.1274584805993333,
        -0.009816254070834396,
        -3.4890091743200173
      ],
      [
        -0.005453548301255391,
        0.03453241888860772,
        0.9993886985836029,
        1.0707195060217565
      ],
      [
        0.0,
        0.0,
        0.0,
        1.0
      ]
    ],
    "location": [
      3.721707429472872,
      -3.4890091743200173,
      1.0707195060217565
    ],
    "rotation": [
      0.03453979965862576,
      0.005453575334119046,
      -1.4427250609889835
    ]
  },
  {
    "label_id": "OLbKrwdNgogwuqHpnALO5Q",
    "size": [
      0.8445474455711641,
      0.8392516669915127,
      1.6200000000000045
    ],
    "obj_class": "pedestrian",
    "point_num_in_lidar": 35,
    "speed": 0.9183995561084277,
    "if_vehicle": false,
    "motion_state": false,
    "pose": [
      [
        -0.9038987472685935,
        0.42642840476084376,
        -0.03355399081166388,
        21.417606778394884
      ],
      [
        -0.4263500221031155,
        -0.904505002644369,
        -0.009816254070834396,
        -18.195931511092567
      ],
      [
        -0.03453568211198622,
        0.005432844966703187,
        0.9993886985836029,
        0.6624235787842316
      ],
      [
        0.0,
        0.0,
        0.0,
        1.0
      ]
    ],
    "location": [
      21.417606778394884,
      -18.195931511092567,
      0.6624235787842316
    ],
    "rotation": [
      0.005436114555172798,
      0.03454255099408591,
      -2.7008574722362444
    ]
  },
  {
    "label_id": "PDJRXsFgAheGLL2zZRkw1g",
    "size": [
      0.3025201445957595,
      0.09175552356189816,
      0.41999999999999815
    ],
    "obj_class": "sign",
    "point_num_in_lidar": 63,
    "speed": 0.01062503704684662,
    "if_vehicle": false,
    "motion_state": false,
    "pose": [
      [
        -0.48392219427289535,
        -0.8744675177447799,
        -0.03355399081166388,
        10.874848912212201
      ],
      [
        0.8750775699885452,
        -0.48388313429893337,
        -0.009816254070834396,
        -0.48322918001940707
      ],
      [
        -0.0076522149113108845,
        -0.03411264795238723,
        0.9993886985836029,
        2.548344614486428
      ],
      [
        0.0,
        0.0,
        0.0,
        1.0
      ]
    ],
    "location": [
      10.874848912212201,
      -0.48322918001940707,
      2.548344614486428
    ],
    "rotation": [
      -0.03412026679475455,
      0.007652289594296167,
      2.0759436439235586
    ]
  },
  {
    "label_id": "Q1XCV9T8TgLtNR0LInE2iQ",
    "size": [
      2.0838595894311265,
      4.420796265683074,
      1.379999999999999
    ],
    "obj_class": "vehicle",
    "point_num_in_lidar": 27,
    "speed": 6.461653553301225,
    "if_vehicle": true,
    "motion_state": true,
    "pose": [
      [
        0.711270254745224,
        0.702117336643438,
        -0.03355399081166388,
        32.03898183718138
      ],
      [
        -0.7027135699421843,
        0.71140514460828,
        -0.009816254070834396,
        -39.53191158374648
      ],
      [
        0.01697831952152709,
        0.030560854202677797,
        0.9993886985836029,
        0.5034407988784153
      ],
      [
        0.0,
        0.0,
        0.0,
        1.0
      ]
    ],
    "location": [
      32.03898183718138,
      -39.53191158374648,
      0.5034407988784153
    ],
    "rotation": [
      0.030570021133830453,
      -0.016979135331855078,
      -0.7793467643599084
    ]
  },
  {
    "label_id": "Tk8uWCSNPghhW_MllAuKRQ",
    "size": [
      0.850370666660687,
      0.7324686268579055,
      1.8900000000000006
    ],
    "obj_class": "pedestrian",
    "point_num_in_lidar": 84,
    "speed": 2.1762841956280264e-28,
    "if_vehicle": false,
    "motion_state": false,
    "pose": [
      [
        0.9957897030820612,
        -0.08530531599115734,
        -0.03355399081166388,
        -10.465092211487445
      ],
      [
        0.08502090350629053,
        0.9963308120915416,
        -0.009816254070834396,
        -30.960459229278058
      ],
      [
        0.034268253569659214,
        0.006922134111524822,
        0.9993886985836029,
        1.0383015676129084
      ],
      [
        0.0,
        0.0,
        0.0,
        1.0
      ]
    ],
    "location": [
      -10.465092211487445,
      -30.960459229278058,
      1.0383015676129084
    ],
    "rotation": [
      0.006926257450216351,
      -0.03427496406012907,
      0.08517381410730486
    ]
  },
  {
    "label_id": "TudpSXYouq_oe3kMbFIu3Q",
    "size": [
      2.025184540248245,
      4.31999934299972,
      1.5999999999999979
    ],
    "obj_class": "vehicle",
    "point_num_in_lidar": 37,
    "speed": 4.134107968536185,
    "if_vehicle": true,
    "motion_state": true,
    "pose": [
      [
        0.7294154699820142,
        0.6832475406845808,
        -0.03355399081166388,
        37.35000974040145
      ],
      [
        -0.6838400365367941,
        0.7295659295672824,
        -0.009816254070834396,
        -53.18668757224805
      ],
      [
        0.017772917044571002,
        0.030105689879144016,
        0.9993886985836029,
        0.49923561528845184
      ],
      [
        0.0,
        0.0,
        0.0,
        1.0
      ]
    ],
    "location": [
      37.35000974040145,
      -53.18668757224805,
      0.49923561528845184
    ],
    "rotation": [
      0.030114997588208996,
      -0.01777385285230658,
      -0.7531607908353882
    ]
  },
  {
    "label_id": "UdjYZNG7VuXTcEAMszCFUQ",
    "size": [
      0.9597720429050706,
      0.08222598728067632,
      1.1799999999999997
    ],
    "obj_class": "sign",
    "point_num_in_lidar": 33,
    "speed": 0.0014978682761082514,
    "if_vehicle": false,
    "motion_state": false,
    "pose": [
      [
        -0.6782556147555264,
        -0.7340595689405687,
        -0.03355399081166388,
        25.497554490572384
      ],
      [
        0.7346613708070906,
        -0.6783629643486321,
        -0.009816254070834396,
        -57.77735310950084
      ],
      [
        -0.015556069440879271,
        -0.031308750325155725,
        0.9993886985836029,
        3.7092928701991426
      ],
      [
        0.0,
        0.0,
        0.0,
        1.0
      ]
    ],
    "location": [
      25.497554490572384,
      -57.77735310950084,
      3.7092928701991426
    ],
    "rotation": [
      -0.03131765835523032,
      0.015556696914779733,
      2.3162941845487737
    ]
  },
  {
    "label_id": "UrPTO7bI-UlA2evMPT9ruw",
    "size": [
      0.9026372548562462,
      0.12409654716689594,
      0.759999999999998
    ],
    "obj_class": "sign",
    "point_num_in_lidar": 20,
    "speed": 1.7053025658242404e-12,
    "if_vehicle": false,
    "motion_state": false,
    "pose": [
      [
        -0.6957525773126277,
        -0.7174973734191971,
        -0.03355399081166388,
        39.367046792952806
      ],
      [
        0.7180964128383867,
        -0.695874401759871,
        -0.009816254070834396,
        -38.81614112329953
      ],
      [
        -0.01630622677008363,
        -0.03092468450760662,
        0.9993886985836029,
        2.6780543334641003
      ],
      [
        0.0,
        0.0,
        0.0,
        1.0
      ]
    ],
    "location": [
      39.367046792952806,
      -38.81614112329953,
      2.6780543334641003
    ],
    "rotation": [
      -0.030933729812557594,
      0.016306949475237965,
      2.3403922540136115
    ]
  },
  {
    "label_id": "Vt45fS8g51rI27DFn0ZCGg",
    "size": [
      2.092570798174496,
      4.518763712196428,
      1.6099999999999994
    ],
    "obj_class": "vehicle",
    "point_num_in_lidar": 77,
    "speed": 0.5553078637549925,
    "if_vehicle": true,
    "motion_state": false,
    "pose": [
      [
        0.5492811954002877,
        0.8349636507538766,
        -0.03355399081166388,
        6.789870349798321
      ],
      [
        -0.8355749044778863,
        0.5492888312743925,
        -0.009816254070834396,
        -33.083816663058315
      ],
      [
        0.010234617061819067,
        0.03342875643768878,
        0.9993886985836029,
        0.5518507588010024
      ],
      [
        0.0,
        0.0,
        0.0,
        1.0
      ]
    ],
    "location": [
      6.789870349798321,
      -33.083816663058315,
      0.5518507588010024
    ],
    "rotation": [
      0.03343673747904387,
      -0.010234795745139679,
      -0.9892580900064134
    ]
  },
  {
    "label_id": "ZUj8bgZ_464uLWT5gJwlkQ",
    "size": [
      1.9746059315845517,
      4.49332408016428,
      1.5799999999999983
    ],
    "obj_class": "vehicle",
    "point_num_in_lidar": 190,
    "speed": 5.108004186179053,
    "if_vehicle": true,
    "motion_state": true,
    "pose": [
      [
        0.7078426177720394,
        0.7055727872914582,
        -0.03355399081166388,
        17.443083409992596
      ],
      [
        -0.7061696704129904,
        0.7079746024716039,
        -0.009816254070834396,
        -34.41795986882789
      ],
      [
        0.016829291560703834,
        0.030643173610728044,
        0.9993886985836029,
        0.5516452927694466
      ],
      [
        0.0,
        0.0,
        0.0,
        1.0
      ]
    ],
    "location": [
      17.443083409992596,
      -34.41795986882789,
      0.5516452927694466
    ],
    "rotation": [
      0.030652313734635974,
      -0.01683008607480623,
      -0.7842150431428049
    ]
  },
  {
    "label_id": "Zl-y3j7oUzSX87ynXxP3zQ",
    "size": [
      1.1146094968875724,
      1.2440111412605759,
      2.0199999999999996
    ],
    "obj_class": "pedestrian",
    "point_num_in_lidar": 177,
    "speed": 1.4633730468738089,
    "if_vehicle": false,
    "motion_state": true,
    "pose": [
      [
        0.0969650762119262,
        0.9947220233290435,
        -0.03355399081166388,
        10.307809618966076
      ],
      [
        -0.9952664270808786,
        0.09668702230226675,
        -0.009816254070834396,
        8.378421273160711
      ],
      [
        -0.00652020865291495,
        0.034346994373523426,
        0.9993886985836029,
        1.1540327937562722
      ],
      [
        0.0,
        0.0,
        0.0,
        1.0
      ]
    ],
    "location": [
      10.307809618966076,
      8.378421273160711,
      1.1540327937562722
    ],
    "rotation": [
      0.03435448179773864,
      0.0065202548528685705,
      -1.4736765851742286
    ]
  },
  {
    "label_id": "b8ZBD1C07gdK2dD44CLu4g",
    "size": [
      1.000000000000056,
      1.0,
      1.7580791733006507
    ],
    "obj_class": "pedestrian",
    "point_num_in_lidar": 66,
    "speed": 1.5172222555800503,
    "if_vehicle": false,
    "motion_state": true,
    "pose": [
      [
        -0.30777355068957996,
        -0.9508677990112713,
        -0.03355399081166388,
        15.492194688046311
      ],
      [
        0.9514591245073275,
        -0.30761855527221854,
        -0.009816254070834396,
        -11.619414669132311
      ],
      [
        -0.0009878702742316052,
        -0.03494643409124437,
        0.9993886985836029,
        0.8208059650066204
      ],
      [
        0.0,
        0.0,
        0.0,
        1.0
      ]
    ],
    "location": [
      15.492194688046311,
      -11.619414669132311,
      0.8208059650066204
    ],
    "rotation": [
      -0.034953568139910844,
      0.0009878704349067472,
      1.8836485931447697
    ]
  },
  {
    "label_id": "c1T2ewj30YC7QSMo1n8rSg",
    "size": [
      2.139506114804398,
      4.899611174664626,
      2.0600000000000023
    ],
    "obj_class": "vehicle",
    "point_num_in_lidar": 926,
    "speed": 1.2281603666565428,
    "if_vehicle": true,
    "motion_state": true,
    "pose": [
      [
        0.9796181223876653,
        -0.19804662074944832,
        -0.03355399081166388,
        -3.92529471697776
      ],
      [
        0.1978256193307617,
        0.9801880765916393,
        -0.009816254070834396,
        -25.898758128070767
      ],
      [
        0.03483329766280512,
        0.0029783413684149724,
        0.9993886985836029,
        0.9238969232655805
      ],
      [
        0.0,
        0.0,
        0.0,
        1.0
      ]
    ],
    "location": [
      -3.92529471697776,
      -25.898758128070767,
      0.9238969232655805
    ],
    "rotation": [
      0.0029801543237682375,
      -0.03484034572550507,
      0.19926175285512138
    ]
  },
  {
    "label_id": "cQIW16PR8_kjnnaneb5pEw",
    "size": [
      0.1567089696933643,
      0.038743489508956494,
      0.3000000000000007
    ],
    "obj_class": "sign",
    "point_num_in_lidar": 27,
    "speed": 0.0027063602098831956,
    "if_vehicle": false,
    "motion_state": false,
    "pose": [
      [
        0.5999281065584252,
        -0.7993499838380141,
        -0.03355399081166388,
        -3.9255654110011164
      ],
      [
        0.7995639443386181,
        0.6005007411066935,
        -0.009816254070834396,
        -0.7194901890998153
      ],
      [
        0.027995818882362657,
        -0.02093951452346361,
        0.9993886985836029,
        0.592856138906491
      ],
      [
        0.0,
        0.0,
        0.0,
        1.0
      ]
    ],
    "location": [
      -3.9255654110011164,
      -0.7194901890998153,
      0.592856138906491
    ],
    "rotation": [
      -0.02094925749333484,
      -0.027999477200692156,
      0.9270910193189591
    ]
  },
  {
    "label_id": "cTtq-GMvsci0tRg4OYAu-A",
    "size": [
      3.0199428802985473,
      8.05412118617281,
      3.3000000000000007
    ],
    "obj_class": "vehicle",
    "point_num_in_lidar": 281,
    "speed": 3.294836359617538,
    "if_vehicle": true,
    "motion_state": true,
    "pose": [
      [
        0.7213503680193587,
        0.6917570211128662,
        -0.03355399081166388,
        36.51326420757209
      ],
      [
        -0.6923512411812447,
        0.721493866911429,
        -0.009816254070834396,
        -47.917418869312314
      ],
      [
        0.017418535906490482,
        0.030312105671607484,
        0.9993886985836029,
        1.4791390345696556
      ],
      [
        0.0,
        0.0,
        0.0,
        1.0
      ]
    ],
    "location": [
      36.51326420757209,
      -47.917418869312314,
      1.4791390345696556
    ],
    "rotation": [
      0.030321351095377775,
      -0.017419416839727468,
      -0.7648881347849795
    ]
  },
  {
    "label_id": "d6uA9LEwbNgFClVe3mDiow",
    "size": [
      2.093650229780046,
      4.690981136743863,
      1.6500000000000057
    ],
    "obj_class": "vehicle",
    "point_num_in_lidar": 4409,
    "speed": 1.9859698010888749,
    "if_vehicle": true,
    "motion_state": true,
    "pose": [
      [
        0.15780283135719197,
        0.9869003982754614,
        -0.03355399081166388,
        2.445430720028753
      ],
      [
        -0.9874608337171481,
        0.15755869709619894,
        -0.009816254070834396,
        3.7098598502871027
      ],
      [
        -0.004400941977415992,
        0.034682284427122366,
        0.9993886985836029,
        0.9375376491399976
      ],
      [
        0.0,
        0.0,
        0.0,
        1.0
      ]
    ],
    "location": [
      2.445430720028753,
      3.7098598502871027,
      0.9375376491399976
    ],
    "rotation": [
      0.03468957726243652,
      0.00440095618399344,
      -1.4123295708637367
    ]
  },
  {
    "label_id": "hiebKsby5uy1leYvMiBsGg",
    "size": [
      0.9772276589120111,
      1.2902794644725941,
      1.9900000000000055
    ],
    "obj_class": "pedestrian",
    "point_num_in_lidar": 156,
    "speed": 3.301086521016139,
    "if_vehicle": false,
    "motion_state": true,
    "pose": [
      [
        -0.19395537046041977,
        0.9804363538599393,
        -0.03355399081166388,
        -5.309382186556377
      ],
      [
        -0.980877468584403,
        -0.1943785810717594,
        -0.009816254070834396,
        -22.207904725410117
      ],
      [
        -0.016146389473037738,
        0.031008438373406895,
        0.9993886985836029,
        1.087725458801735
      ],
      [
        0.0,
        0.0,
        0.0,
        1.0
      ]
    ],
    "location": [
      -5.309382186556377,
      -22.207904725410117,
      1.087725458801735
    ],
    "rotation": [
      0.031017454524270717,
      0.016147091131838907,
      -1.766014591126391
    ]
  },
  {
    "label_id": "iRUOipEMGVM3WBYeknKwYQ",
    "size": [
      2.1591980208721004,
      4.587808644371815,
      1.5470532529445684
    ],
    "obj_class": "vehicle",
    "point_num_in_lidar": 67,
    "speed": 5.557419149726475,
    "if_vehicle": true,
    "motion_state": true,
    "pose": [
      [
        0.7255703271553267,
        0.6873294916212479,
        -0.03355399081166388,
        23.207613877953236
      ],
      [
        -0.6879228223663846,
        0.7257174599136255,
        -0.009816254070834396,
        -35.291368372192665
      ],
      [
        0.01760371606167423,
        0.03020493873843067,
        0.9993886985836029,
        0.5626300703956488
      ],
      [
        0.0,
        0.0,
        0.0,
        1.0
      ]
    ],
    "location": [
      23.207613877953236,
      -35.291368372192665,
      0.5626300703956488
    ],
    "rotation": [
      0.03021421682077115,
      -0.017604625393485545,
      -0.758770085054018
    ]
  },
  {
    "label_id": "lRzyNQtprTy8rnSr_elHgw",
    "size": [
      1.9175647331678283,
      4.524339314131563,
      1.5799999999999983
    ],
    "obj_class": "vehicle",
    "point_num_in_lidar": 213,
    "speed": 0.8407312110671977,
    "if_vehicle": true,
    "motion_state": false,
    "pose": [
      [
        0.9558842373751374,
        0.2918209287189024,
        -0.03355399081166388,
        2.6762373820076846
      ],
      [
        -0.2922864587063031,
        0.9562804333525524,
        -0.009816254070834396,
        -26.372321077351444
      ],
      [
        0.029222436494593898,
        0.01919057968618519,
        0.9993886985836029,
        0.6828893859514373
      ],
      [
        0.0,
        0.0,
        0.0,
        1.0
      ]
    ],
    "location": [
      2.6762373820076846,
      -26.372321077351444,
      0.6828893859514373
    ],
    "rotation": [
      0.019199958461804084,
      -0.029226597180796374,
      -0.2967474171039778
    ]
  },
  {
    "label_id": "lznON-h0EPw_nGsACmmUWg",
    "size": [
      0.7580006794909698,
      0.8024282435494285,
      1.6624271538721658
    ],
    "obj_class": "pedestrian",
    "point_num_in_lidar": 48,
    "speed": 1.4170975727659838,
    "if_vehicle": false,
    "motion_state": true,
    "pose": [
      [
        0.7433710821297068,
        0.6680370977377824,
        -0.03355399081166388,
        16.269975381610493
      ],
      [
        -0.6686263597512337,
        0.7435337465117711,
        -0.009816254070834396,
        -14.696763157535315
      ],
      [
        0.018390902618481086,
        0.02973220214262547,
        0.9993886985836029,
        0.7341186019395991
      ],
      [
        0.0,
        0.0,
        0.0,
        1.0
      ]
    ],
    "location": [
      16.269975381610493,
      -14.696763157535315,
      0.7341186019395991
    ],
    "rotation": [
      0.029741616041790934,
      -0.01839193948772499,
      -0.7325120733084416
    ]
  },
  {
    "label_id": "tFlmliGB17ftCtEQhPYBeA",
    "size": [
      2.223148486985493,
      4.761291906445937,
      1.7500000000000036
    ],
    "obj_class": "vehicle",
    "point_num_in_lidar": 1742,
    "speed": 0.007369186277804359,
    "if_vehicle": true,
    "motion_state": false,
    "pose": [
      [
        0.14218108130139084,
        0.9892717876400691,
        -0.03355399081166388,
        10.102166551123446
      ],
      [
        -0.9898282934946303,
        0.14192811755788545,
        -0.009816254070834396,
        -4.4560946648452955
      ],
      [
        -0.004948688460129408,
        0.034608375083164174,
        0.9993886985836029,
        0.7071545569650546
      ],
      [
        0.0,
        0.0,
        0.0,
        1.0
      ]
    ],
    "location": [
      10.102166551123446,
      -4.4560946648452955,
      0.7071545569650546
    ],
    "rotation": [
      0.03461571147950191,
      0.004948708658850758,
      -1.428130032961227
    ]
  },
  {
    "label_id": "tJ6eBPVLTAZBYef0et6UBw",
    "size": [
      1.0000000000000957,
      1.0,
      1.5899999999999999
    ],
    "obj_class": "pedestrian",
    "point_num_in_lidar": 134,
    "speed": 0.15512992415738128,
    "if_vehicle": false,
    "motion_state": false,
    "pose": [
      [
        0.3812045518730742,
        0.923881604607354,
        -0.03355399081166388,
        12.694590261044368
      ],
      [
        -0.9244832417563017,
        0.3810962829361843,
        -0.009816254070834396,
        -9.553033082434922
      ],
      [
        0.0037182446138040344,
        0.03476210293357285,
        0.9993886985836029,
        0.7971079267129326
      ],
      [
        0.0,
        0.0,
        0.0,
        1.0
      ]
    ],
    "location": [
      12.694590261044368,
      -9.553033082434922,
      0.7971079267129326
    ],
    "rotation": [
      0.034769348299751146,
      -0.0037182531815252,
      -1.1796945937610672
    ]
  },
  {
    "label_id": "xfS8VoC0AfB3m7ZdKCuApA",
    "size": [
      2.317314649713611,
      5.728274035621146,
      2.450000000000003
    ],
    "obj_class": "vehicle",
    "point_num_in_lidar": 1979,
    "speed": 4.145834069660431,
    "if_vehicle": true,
    "motion_state": true,
    "pose": [
      [
        0.25948901877713676,
        0.9651629804518455,
        -0.03355399081166388,
        2.435190897239181
      ],
      [
        -0.9657457484753403,
        0.259304435862215,
        -0.009816254070834396,
        -15.315692583133568
      ],
      [
        -0.000773586377534638,
        0.034951834107652915,
        0.9993886985836029,
        1.0934978381309222
      ],
      [
        0.0,
        0.0,
        0.0,
        1.0
      ]
    ],
    "location": [
      2.435190897239181,
      -15.315692583133568,
      1.0934978381309222
    ],
    "rotation": [
      0.034958964859529824,
      0.0007735864546916333,
      -1.3083031862894756
    ]
  }
]