[
  {
    "label_id": "-u6v7A9TrXDu-9EE_fzpuA",
    "size": [
      2.039947509740028,
      4.415591832276201,
      1.7400000000000055
    ],
    "obj_class": "vehicle",
    "point_num_in_lidar": 1074,
    "speed": 1.915629486154567,
    "if_vehicle": true,
    "motion_state": true,
    "pose": [
      [
        0.25839195314298263,
        0.9657098793792408,
        -0.025259204664568612,
        5.609582157298746
      ],
      [
        -0.9660111146511018,
        0.25849861441093014,
        0.0009963524301941362,
        -14.387624709626834
      ],
      [
        0.007491656792095083,
        0.024143223002763618,
        0.9996804388711166,
        0.8352081870437544
      ],
      [
        0.0,
        0.0,
        0.0,
        1.0
      ]
    ],
    "location": [
      5.609582157298746,
      -14.387624709626834,
      0.8352081870437544
    ],
    "rotation": [
      0.024146246857405195,
      -0.007491726871973265,
      -1.3094315646126038
    ]
  },
  {
    "label_id": "0s0MLJ4EvKMJbQzmaFGapQ",
    "size": [
      1.0271755662514739,
      1.1252974528226218,
      1.6799999999999997
    ],
    "obj_class": "pedestrian",
    "point_num_in_lidar": 21,
    "speed": 1.047924772088638,
    "if_vehicle": false,
    "motion_state": true,
    "pose": [
      [
        -0.8811913746644882,
        -0.472084456211622,
        -0.025259204664568612,
        2.186321142295128
      ],
      [
        0.47221270401827053,
        -0.8814840721451455,
        0.0009963524301941362,
        -46.61926384659273
      ],
      [
        -0.022735949082074925,
        -0.011049740168393782,
        0.9996804388711166,
        0.8405591032759112
      ],
      [
        0.0,
        0.0,
        0.0,
        1.0
      ]
    ],
    "location": [
      2.186321142295128,
      -46.61926384659273,
      0.8405591032759112
    ],
    "rotation": [
      -0.011052822253692769,
      0.022737908328470616,
      2.6496548398037327
    ]
  },
  {
    "label_id": "3nT8tDOtD-Z4SicFOMGd2Q",
    "size": [
      2.08945508902155,
      4.8468502346614635,
      1.4700000000000024
    ],
    "obj_class": "vehicle",
    "point_num_in_lidar": 1190,
    "speed": 0.028187956715579554,
    "if_vehicle": true,
    "motion_state": false,
    "pose": [
      [
        0.144744809561358,
        0.9891465577379115,
        -0.025259204664568612,
        8.118998503151033
      ],
      [
        -0.989458123558598,
        0.1448158451473222,
        0.0009963524301941362,
        7.410305485725985
      ],
      [
        0.004643471647869021,
        0.0248487084072222,
        0.9996804388711166,
        0.737557771173524
      ],
      [
        0.0,
        0.0,
        0.0,
        1.0
      ]
    ],
    "location": [
      8.118998503151033,
      7.410305485725985,
      0.737557771173524
    ],
    "rotation": [
      0.024851534270470082,
      -0.00464348833498783,
      -1.4255396884897302
    ]
  },
  {
    "label_id": "5AjDD1HMSXUI04BJtWagJA",
    "size": [
      0.27114271324103345,
      0.04132458893582225,
      0.3999999999999986
    ],
    "obj_class": "sign",
    "point_num_in_lidar": 33,
    "speed": 0.011946592864999456,
    "if_vehicle": false,
    "motion_state": false,
    "pose": [
      [
        -0.1795761861866514,
        -0.9834197302954473,
        -0.025259204664568612,
        10.038276751615285
      ],
      [
        0.983728593986912,
        -0.17965817725438485,
        0.0009963524301941362,
        5.431553211195933
      ],
      [
        -0.005517855307112584,
        -0.02466928072039167,
        0.9996804388711166,
        2.5498918597948084
      ],
      [
        0.0,
        0.0,
        0.0,
        1.0
      ]
    ],
    "location": [
      10.038276751615285,
      5.431553211195933,
      2.5498918597948084
    ],
    "rotation": [
      -0.024672159256272308,
      0.005517883307602089,
      1.7513547229310666
    ]
  },
  {
    "label_id": "5Zo39jZeAKvLd3jygUscXQ",
    "size": [
      0.8633204129138432,
      0.9964958227765475,
      1.7600000000000051
    ],
    "obj_class": "pedestrian",
    "point_num_in_lidar": 61,
    "speed": 1.1738462449237408,
    "if_vehicle": false,
    "motion_state": true,
    "pose": [
      [
        -0.4948082993607158,
        -0.8686349748101727,
        -0.025259204664568612,
        -1.4356335887578098
      ],
      [
        0.8688993215545721,
        -0.49498785468316203,
        0.0009963524301941362,
        -33.889056547785
      ],
      [
        -0.013368466096021476,
        -0.021454702344503477,
        0.9996804388711166,
        0.9545926851705069
      ],
      [
        0.0,
        0.0,
        0.0,
        1.0
      ]
    ],
    "location": [
      -1.4356335887578098,
      -33.889056547785,
      0.9545926851705069
    ],
    "rotation": [
      -0.02145826648054873,
      0.013368864320925012,
      2.0884614338055414
    ]
  },
  {
    "label_id": "6nFW7Fnejgm08SNoDjHi2w",
    "size": [
      0.7576715269810338,
      0.7637234397275995,
      1.8900000000000041
    ],
    "obj_class": "pedestrian",
    "point_num_in_lidar": 50,
    "speed": 0.002124330976746281,
    "if_vehicle": false,
    "motion_state": false,
    "pose": [
      [
        -0.6311329371199914,
        0.7752633025379224,
        -0.025259204664568612,
        18.81157270880385
      ],
      [
        -0.7755262493007651,
        -0.6313145364454412,
        0.0009963524301941362,
        -19.92937677507871
      ],
      [
        -0.015174067608268671,
        0.02021800708950836,
        0.9996804388711166,
        0.7739012969512444
      ],
      [
        0.0,
        0.0,
        0.0,
        1.0
      ]
    ],
    "location": [
      18.81157270880385,
      -19.92937677507871,
      0.7739012969512444
    ],
    "rotation": [
      0.020221713254329143,
      0.015174649979343672,
      -2.2539029477714343
    ]
  },
  {
    "label_id": "7qaAcL3WFHPDh_NixTan-A",
    "size": [
      2.045007749546047,
      4.144237317604301,
      1.6999999999999993
    ],
    "obj_class": "vehicle",
    "point_num_in_lidar": 60,
    "speed": 4.178293708326872,
    "if_vehicle": true,
    "motion_state": true,
    "pose": [
      [
        0.6923767093329071,
        0.7210939362891969,
        -0.025259204664568612,
        29.682565519322225
      ],
      [
        -0.7213062907957611,
        0.6926155081575172,
        0.0009963524301941362,
        -45.96352438089889
      ],
      [
        0.018213380570224917,
        0.017529772008097317,
        0.9996804388711166,
        0.557247557310145
      ],
      [
        0.0,
        0.0,
        0.0,
        1.0
      ]
    ],
    "location": [
      29.682565519322225,
      -45.96352438089889,
      0.557247557310145
    ],
    "rotation": [
      0.017533578650014366,
      -0.01821438769962671,
      -0.8058592880986178
    ]
  },
  {
    "label_id": "98eaCxEDxm2x1CEezRDTiQ",
    "size": [
      0.25460442254880844,
      0.04920328620637804,
      0.41999999999999815
    ],
    "obj_class": "sign",
    "point_num_in_lidar": 54,
    "speed": 0.011665317233720628,
    "if_vehicle": false,
    "motion_state": false,
    "pose": [
      [
        -0.13921687342465225,
        -0.9899397126762708,
        -0.025259204664568612,
        11.747470412532493
      ],
      [
        0.9902516704621089,
        -0.13928616739948607,
        0.0009963524301941362,
        -6.158641342857663
      ],
      [
        -0.004504586647757671,
        -0.024874260543472682,
        0.9996804388711166,
        2.5150905142162294
      ],
      [
        0.0,
        0.0,
        0.0,
        1.0
      ]
    ],
    "location": [
      11.747470412532493,
      -6.158641342857663,
      2.5150905142162294
    ],
    "rotation": [
      -0.02487707877581259,
      0.004504601881883934,
      1.710468296090772
    ]
  },
  {
    "label_id": "ABRBhQePUHY_I0XPW1ez4A",
    "size": [
      2.130694497475102,
      4.5215893642290155,
      1.8999999999999986
    ],
    "obj_class": "vehicle",
    "point_num_in_lidar": 130,
    "speed": 2.074057436936934,
    "if_vehicle": true,
    "motion_state": true,
    "pose": [
      [
        0.6676267058435925,
        0.7440675736948537,
        -0.025259204664568612,
        10.4244548217373
      ],
      [
        -0.744287872484262,
        0.6678581961424789,
        0.0009963524301941362,
        -27.742598769786127
      ],
      [
        0.017610920398552006,
        0.018134928209606552,
        0.9996804388711166,
        0.7757362321573424
      ],
      [
        0.0,
        0.0,
        0.0,
        1.0
      ]
    ],
    "location": [
      10.4244548217373,
      -27.742598769786127,
      0.7757362321573424
    ],
    "rotation": [
      0.018138735720698077,
      -0.017611830847358872,
      -0.8396407976781627
    ]
  },
  {
    "label_id": "BMprUx_wfiGkn4Jsd9YGfw",
    "size": [
      0.9165089260500566,
      0.14690670426762598,
      1.129999999999999
    ],
    "obj_class": "sign",
    "point_num_in_lidar": 93,
    "speed": 8.881784197001252e-13,
    "if_vehicle": false,
    "motion_state": false,
    "pose": [
      [
        -0.7034016899398909,
        -0.710343603595766,
        -0.025259204664568612,
        25.458941641197725
      ],
      [
        0.7105522546543864,
        -0.70364373136368,
        0.0009963524301941362,
        -24.83657221876274
      ],
      [
        -0.018481233597171434,
        -0.017247148842011555,
        0.9996804388711166,
        3.3772245104993885
      ],
      [
        0.0,
        0.0,
        0.0,
        1.0
      ]
    ],
    "location": [
      25.458941641197725,
      -24.83657221876274,
      3.3772245104993885
    ],
    "rotation": [
      -0.017250950651196254,
      0.01848228582159575,
      2.3511373921270406
    ]
  },
  {
    "label_id": "D4z6nIzEPtOK_XVEKkQUvQ",
    "size": [
      1.0000000000006384,
      1.0,
      1.6700000000000266
    ],
    "obj_class": "pedestrian",
    "point_num_in_lidar": 26,
    "speed": 2.533567754087642e-28,
    "if_vehicle": false,
    "motion_state": false,
    "pose": [
      [
        -0.7332215276803246,
        -0.6795205397380157,
        -0.025259204664568612,
        48.747186992900424
      ],
      [
        0.6797186174657824,
        -0.7334722955587621,
        0.0009963524301941362,
        -38.169325299253615
      ],
      [
        -0.01920396877044454,
        -0.016438604621910873,
        0.9996804388711166,
        0.5001581353173101
      ],
      [
        0.0,
        0.0,
        0.0,
        1.0
      ]
    ],
    "location": [
      48.747186992900424,
      -38.169325299253615,
      0.5001581353173101
    ],
    "rotation": [
      -0.01644237753793594,
      0.019205149346054325,
      2.3940427744598
    ]
  },
  {
    "label_id": "ERcztt6ItC06k_ercBFdsg",
    "size": [
      0.9210467867722251,
      1.027108511389792,
      1.9000000000000057
    ],
    "obj_class": "pedestrian",
    "point_num_in_lidar": 126,
    "speed": 1.039215143390065,
    "if_vehicle": false,
    "motion_state": true,
    "pose": [
      [
        0.43050522811973707,
        0.9022345710186938,
        -0.025259204664568612,
        -7.803117828222639
      ],
      [
        -0.9025112442864421,
        0.43066513815071283,
        0.0009963524301941362,
        -20.776839874370125
      ],
      [
        0.011777202473883213,
        0.022367781301257345,
        0.9996804388711166,
        0.9151132842301308
      ],
      [
        0.0,
        0.0,
        0.0,
        1.0
      ]
    ],
    "location": [
      -7.803117828222639,
      -20.776839874370125,
      0.9151132842301308
    ],
    "rotation": [
      0.022371198670466334,
      -0.011777474745445004,
      -1.1257107876159458
    ]
  },
  {
    "label_id": "EynIiRmnuBbFsLCDQ1XKbQ",
    "size": [
      0.5413567342716117,
      0.13723403558369326,
      0.5999999999999979
    ],
    "obj_class": "sign",
    "point_num_in_lidar": 20,
    "speed": 0.009883298877644792,
    "if_vehicle": false,
    "motion_state": false,
    "pose": [
      [
        0.6254503590031131,
        -0.7798549999856321,
        -0.025259204664568612,
        2.344902372843535
      ],
      [
        0.7801192668777699,
        0.6256300318302547,
        0.0009963524301941362,
        -43.2731353707386
      ],
      [
        0.015025906593866248,
        -0.020328361209997363,
        0.9996804388711166,
        2.855269166103735
      ],
      [
        0.0,
        0.0,
        0.0,
        1.0
      ]
    ],
    "location": [
      2.344902372843535,
      -43.2731353707386,
      2.855269166103735
    ],
    "rotation": [
      -0.02033205727025662,
      -0.015026472070848961,
      0.8949972302330939
    ]
  },
  {
    "label_id": "HvXo3bcZJiBtcXJw3euZyA",
    "size": [
      2.1355814538903752,
      4.745719360965725,
      1.7100000000000044
    ],
    "obj_class": "vehicle",
    "point_num_in_lidar": 5536,
    "speed": 0.039345195590457425,
    "if_vehicle": true,
    "motion_state": false,
    "pose": [
      [
        0.1276414580383099,
        0.9914986791567437,
        -0.025259204664568612,
        -2.8986485195885052
      ],
      [
        -0.9918114252431014,
        0.12770710253968848,
        0.0009963524301941362,
        2.5194136513800913
      ],
      [
        0.004213661958681139,
        0.024925191901963004,
        0.9996804388711166,
        0.8478839694967775
      ],
      [
        0.0,
        0.0,
        0.0,
        1.0
      ]
    ],
    "location": [
      -2.8986485195885052,
      2.5194136513800913,
      0.8478839694967775
    ],
    "rotation": [
      0.024927994827224895,
      -0.004213674427671627,
      -1.4428045638757343
    ]
  },
  {
    "label_id": "KX-4SfeSeDvbwnkBCjdU4g",
    "size": [
      0.8422860400556387,
      0.8451582887489959,
      1.7199999999999989
    ],
    "obj_class": "pedestrian",
    "point_num_in_lidar": 29,
    "speed": 0.0,
    "if_vehicle": false,
    "motion_state": false,
    "pose": [
      [
        -0.5124474465591162,
        0.8583470085546724,
        -0.025259204664568612,
        21.74109081043821
      ],
      [
        -0.8586334426967952,
        -0.5125891321170243,
        0.0009963524301941362,
        -18.834928855962062
      ],
      [
        -0.012092377669054204,
        0.022198976119647454,
        0.9996804388711166,
        0.6654090060640918
      ],
      [
        0.0,
        0.0,
        0.0,
        1.0
      ]
    ],
    "location": [
      21.74109081043821,
      -18.834928855962062,
      0.6654090060640918
    ],
    "rotation": [
      0.02220242338721846,
      0.012092672390973128,
      -2.108872452072206
    ]
  },
  {
    "label_id": "MMRb3jHqGvp6u3_L3aIsDw",
    "size": [
      2.187111608220986,
      5.576670239505544,
      2.0900000000000034
    ],
    "obj_class": "vehicle",
    "point_num_in_lidar": 10037,
    "speed": 1.9733241174833862,
    "if_vehicle": true,
    "motion_state": true,
    "pose": [
      [
        0.15101996725113104,
        0.9882079447521056,
        -0.025259204664568612,
        3.9175677357131917
      ],
      [
        -0.9885190534371978,
        0.15109297890193757,
        0.0009963524301941362,
        -4.676993233144458
      ],
      [
        0.004801091864754302,
        0.024818735974217316,
        0.9996804388711166,
        1.0707195060217636
      ],
      [
        0.0,
        0.0,
        0.0,
        1.0
      ]
    ],
    "location": [
      3.9175677357131917,
      -4.676993233144458,
      1.0707195060217636
    ],
    "rotation": [
      0.024821570747114205,
      -0.004801110309526769,
      -1.4191945731007443
    ]
  },
  {
    "label_id": "O59JY3j7LGqToSBNDEeqYg",
    "size": [
      2.1727495916735045,
      4.601014708920024,
      1.5799999999999983
    ],
    "obj_class": "vehicle",
    "point_num_in_lidar": 104,
    "speed": 1.5632135706503438,
    "if_vehicle": true,
    "motion_state": true,
    "pose": [
      [
        -0.07414310088709032,
        0.9969276669701569,
        -0.025259204664568612,
        12.666904102384251
      ],
      [
        -0.9972472246782408,
        -0.07414162227373508,
        0.0009963524301941362,
        -40.352495286373596
      ],
      [
        -0.0008794671074619269,
        0.025263544408071707,
        0.9996804388711166,
        0.6243135782308507
      ],
      [
        0.0,
        0.0,
        0.0,
        1.0
      ]
    ],
    "location": [
      12.666904102384251,
      -40.352495286373596,
      0.6243135782308507
    ],
    "rotation": [
      0.025266242349081112,
      0.000879467220834422,
      -1.6450075549291399
    ]
  },
  {
    "label_id": "OLbKrwdNgogwuqHpnALO5Q",
    "size": [
      0.8445474455711525,
      0.8392516669915127,
      1.6200000000000045
    ],
    "obj_class": "pedestrian",
    "point_num_in_lidar": 20,
    "speed": 0.9042857441816136,
    "if_vehicle": false,
    "motion_state": false,
    "pose": [
      [
        -0.8970844982382015,
        0.4411364591602326,
        -0.025259204664568612,
        20.914930517838457
      ],
      [
        -0.4412996273464813,
        -0.8973592626065057,
        0.0009963524301941362,
        -18.414007708586723
      ],
      [
        -0.022227053888692568,
        0.012040689925451754,
        0.9996804388711166,
        0.6725119776012178
      ],
      [
        0.0,
        0.0,
        0.0,
        1.0
      ]
    ],
    "location": [
      20.914930517838457,
      -18.414007708586723,
      0.6725119776012178
    ],
    "rotation": [
      0.012043956505154076,
      0.0222288844784432,
      -2.68442468857304
    ]
  },
  {
    "label_id": "Opsu-eCN5bijngQM_qsPNg",
    "size": [
      0.9139655828612657,
      0.9791306923078545,
      1.8950753638610287
    ],
    "obj_class": "pedestrian",
    "point_num_in_lidar": 25,
    "speed": 1.544615524467536,
    "if_vehicle": false,
    "motion_state": true,
    "pose": [
      [
        0.844752182177546,
        0.5345612437186102,
        -0.025259204664568612,
        12.035189252648024
      ],
      [
        -0.5347103186320464,
        0.8450348409564249,
        0.0009963524301941362,
        -51.8519132208894
      ],
      [
        0.021877519390676163,
        0.012664686484959161,
        0.9996804388711166,
        0.7679559195460648
      ],
      [
        0.0,
        0.0,
        0.0,
        1.0
      ]
    ],
    "location": [
      12.035189252648024,
      -51.8519132208894,
      0.7679559195460648
    ],
    "rotation": [
      0.01266805722145895,
      -0.021879264957734866,
      -0.5643163970297089
    ]
  },
  {
    "label_id": "PDJRXsFgAheGLL2zZRkw1g",
    "size": [
      0.302520144595761,
      0.09175552356189816,
      0.41999999999999815
    ],
    "obj_class": "sign",
    "point_num_in_lidar": 71,
    "speed": 0.010625036956173225,
    "if_vehicle": false,
    "motion_state": false,
    "pose": [
      [
        -0.4840403518924598,
        -0.8746810334742241,
        -0.025259204664568612,
        10.873314011141701
      ],
      [
        0.8749475780844898,
        -0.4842166280559978,
        0.0009963524301941362,
        -0.48941889943307615
      ],
      [
        -0.013102417483400509,
        -0.02161820516468468,
        0.9996804388711166,
        2.5483446144864423
      ],
      [
        0.0,
        0.0,
        0.0,
        1.0
      ]
    ],
    "location": [
      10.873314011141701,
      -0.48941889943307615,
      2.5483446144864423
    ],
    "rotation": [
      -0.02162174569299086,
      0.013102792401668572,
      2.0761099661208013
    ]
  },
  {
    "label_id": "Q1XCV9T8TgLtNR0LInE2iQ",
    "size": [
      2.0838595894315577,
      4.420796265683074,
      1.379999999999999
    ],
    "obj_class": "vehicle",
    "point_num_in_lidar": 31,
    "speed": 6.790150239469325,
    "if_vehicle": true,
    "motion_state": true,
    "pose": [
      [
        0.7136176120485525,
        0.7000799071204907,
        -0.025259204664568612,
        34.85032187742445
      ],
      [
        -0.7002850301819734,
        0.7138626505041901,
        0.0009963524301941362,
        -42.30115348830441
      ],
      [
        0.01872912910826634,
        0.016977628258906165,
        0.9996804388711166,
        0.4834385023232173
      ],
      [
        0.0,
        0.0,
        0.0,
        1.0
      ]
    ],
    "location": [
      34.85032187742445,
      -42.30115348830441,
      0.4834385023232173
    ],
    "rotation": [
      0.01698142289120527,
      -0.018730224249327642,
      -0.7759688106819366
    ]
  },
  {
    "label_id": "Rqi1rKFoDmNStEQoR06fGg",
    "size": [
      2.1162528393108073,
      4.457104393150359,
      1.4400000000000048
    ],
    "obj_class": "vehicle",
    "point_num_in_lidar": 177,
    "speed": 6.171989227200589,
    "if_vehicle": true,
    "motion_state": true,
    "pose": [
      [
        0.4394304938166657,
        0.8979213850241872,
        -0.025259204664568612,
        10.915578180095963
      ],
      [
        -0.898196459044438,
        0.43959313943903644,
        0.0009963524301941362,
        -15.426393279467447
      ],
      [
        0.011998419232323006,
        0.022249900547578638,
        0.9996804388711166,
        0.6445156143898103
      ],
      [
        0.0,
        0.0,
        0.0,
        1.0
      ]
    ],
    "location": [
      10.915578180095963,
      -15.426393279467447,
      0.6445156143898103
    ],
    "rotation": [
      0.022253338929235037,
      -0.011998707137174436,
      -1.1157965337649172
    ]
  },
  {
    "label_id": "TudpSXYouq_oe3kMbFIu3Q",
    "size": [
      2.0251845402493034,
      4.31999934299972,
      1.5999999999999979
    ],
    "obj_class": "vehicle",
    "point_num_in_lidar": 23,
    "speed": 3.345350250793835,
    "if_vehicle": true,
    "motion_state": true,
    "pose": [
      [
        0.7291138595366333,
        0.6839261308148036,
        -0.025259204664568612,
        38.98956309299706
      ],
      [
        -0.6841257159145381,
        0.7293634293726657,
        0.0009963524301941362,
        -54.72462758811889
      ],
      [
        0.019104571599886405,
        0.016554017108742294,
        0.9996804388711166,
        0.4992356152884554
      ],
      [
        0.0,
        0.0,
        0.0,
        1.0
      ]
    ],
    "location": [
      38.98956309299706,
      -54.72462758811889,
      0.4992356152884554
    ],
    "rotation": [
      0.01655779548920235,
      -0.019105733936717943,
      -0.7535755643045609
    ]
  },
  {
    "label_id": "UdjYZNG7VuXTcEAMszCFUQ",
    "size": [
      0.9597720429050608,
      0.08222598728067632,
      1.1799999999999997
    ],
    "obj_class": "sign",
    "point_num_in_lidar": 40,
    "speed": 0.0014978682650294139,
    "if_vehicle": false,
    "motion_state": false,
    "pose": [
      [
        -0.6784212220987845,
        -0.7342388017434824,
        -0.025259204664568612,
        25.497149124905263
      ],
      [
        0.734455696562166,
        -0.6786559047626554,
        0.0009963524301941362,
        -57.77655065865838
      ],
      [
        -0.01787386900967785,
        -0.017875820123188658,
        0.9996804388711166,
        3.709292870199146
      ],
      [
        0.0,
        0.0,
        0.0,
        1.0
      ]
    ],
    "location": [
      25.497149124905263,
      -57.77655065865838,
      3.709292870199146
    ],
    "rotation": [
      -0.017879628862859195,
      0.017874820856151673,
      2.3165554229194805
    ]
  },
  {
    "label_id": "UqfT7dp5-bBFopGIlRR1vg",
    "size": [
      0.9959356071548804,
      1.1302182293966205,
      1.8599999999999994
    ],
    "obj_class": "pedestrian",
    "point_num_in_lidar": 34,
    "speed": 0.9174350990140586,
    "if_vehicle": false,
    "motion_state": false,
    "pose": [
      [
        -0.8782639906889154,
        -0.4775084661436842,
        -0.025259204664568612,
        1.9086459870857198
      ],
      [
        0.4776385161381828,
        -0.8785558918948468,
        0.0009963524301941362,
        -47.41567295387176
      ],
      [
        -0.022667389803315088,
        -0.01118970857334032,
        0.9996804388711166,
        0.9729137698739088
      ],
      [
        0.0,
        0.0,
        0.0,
        1.0
      ]
    ],
    "location": [
      1.9086459870857198,
      -47.41567295387176,
      0.9729137698739088
    ],
    "rotation": [
      -0.011192818079859865,
      0.02266933137631222,
      2.643488095858802
    ]
  },
  {
    "label_id": "XiCj749rLzeYiNMLxXt6lw",
    "size": [
      2.1243213945681374,
      4.819037753337582,
      1.4600000000000044
    ],
    "obj_class": "vehicle",
    "point_num_in_lidar": 90,
    "speed": 1.214384846906182,
    "if_vehicle": true,
    "motion_state": true,
    "pose": [
      [
        0.9812744294351479,
        -0.19095147738741927,
        -0.025259204664568612,
        -11.137044850702068
      ],
      [
        0.1910370393893722,
        0.981582323018899,
        0.0009963524301941362,
        -27.220190692174583
      ],
      [
        0.024603733823712958,
        -0.0058031388389044826,
        0.9996804388711166,
        0.8031310583471694
      ],
      [
        0.0,
        0.0,
        0.0,
        1.0
      ]
    ],
    "location": [
      -11.137044850702068,
      -27.220190692174583,
      0.8031310583471694
    ],
    "rotation": [
      -0.005804928685150796,
      -0.024606216786094866,
      0.19227746873107973
    ]
  },
  {
    "label_id": "ZUj8bgZ_464uLWT5gJwlkQ",
    "size": [
      1.9746059315867366,
      4.49332408016428,
      1.5799999999999983
    ],
    "obj_class": "vehicle",
    "point_num_in_lidar": 179,
    "speed": 5.0230728725525156,
    "if_vehicle": true,
    "motion_state": true,
    "pose": [
      [
        0.7111467741212909,
        0.7025896656204067,
        -0.025259204664568612,
        19.605774235262288
      ],
      [
        -0.7027956506891063,
        0.7113910883995599,
        0.0009963524301941362,
        -36.66438260586983
      ],
      [
        0.018669200019204885,
        0.017043506361504344,
        0.9996804388711166,
        0.5516452927694537
      ],
      [
        0.0,
        0.0,
        0.0,
        1.0
      ]
    ],
    "location": [
      19.605774235262288,
      -36.66438260586983,
      0.5516452927694537
    ],
    "rotation": [
      0.01704730297737838,
      -0.018670284680143426,
      -0.7794919636959602
    ]
  },
  {
    "label_id": "_SLh77a3MDODXX6UWGrvyw",
    "size": [
      0.7519602755870073,
      0.10692985834484674,
      1.1199999999999974
    ],
    "obj_class": "sign",
    "point_num_in_lidar": 27,
    "speed": 2.929642751054232e-13,
    "if_vehicle": false,
    "motion_state": false,
    "pose": [
      [
        0.7025472631795101,
        -0.7111886638429309,
        -0.025259204664568612,
        6.767234171847349
      ],
      [
        0.7114329904023546,
        0.7027532336809259,
        0.0009963524301941362,
        -40.538605775942415
      ],
      [
        0.017042393204687496,
        -0.0186702161826943,
        0.9996804388711166,
        3.8391294640986935
      ],
      [
        0.0,
        0.0,
        0.0,
        1.0
      ]
    ],
    "location": [
      6.767234171847349,
      -40.538605775942415,
      3.8391294640986935
    ],
    "rotation": [
      -0.01867401340272818,
      -0.017043218286969995,
      0.7916822753813678
    ]
  },
  {
    "label_id": "b8ZBD1C07gdK2dD44CLu4g",
    "size": [
      0.9999999999988768,
      1.0,
      1.7580791733006507
    ],
    "obj_class": "pedestrian",
    "point_num_in_lidar": 104,
    "speed": 1.5515056537936842,
    "if_vehicle": false,
    "motion_state": true,
    "pose": [
      [
        -0.2517900740767408,
        -0.9674521854728235,
        -0.025259204664568612,
        15.219862703368563
      ],
      [
        0.9677541422207183,
        -0.251894675403186,
        0.0009963524301941362,
        -10.7281037717039
      ],
      [
        -0.007326582496016629,
        -0.024193828291132046,
        0.9996804388711166,
        0.8329442340546471
      ],
      [
        0.0,
        0.0,
        0.0,
        1.0
      ]
    ],
    "location": [
      15.219862703368563,
      -10.7281037717039,
      0.8329442340546471
    ],
    "rotation": [
      -0.02419683875190159,
      0.007326648044639599,
      1.8253327881777217
    ]
  },
  {
    "label_id": "c1T2ewj30YC7QSMo1n8rSg",
    "size": [
      2.1395061148041705,
      4.899611174664626,
      2.0600000000000023
    ],
    "obj_class": "vehicle",
    "point_num_in_lidar": 1058,
    "speed": 1.0213498787833386,
    "if_vehicle": true,
    "motion_state": true,
    "pose": [
      [
        0.9796918567570277,
        -0.19891163461115255,
        -0.025259204664568612,
        -3.3196958463790907
      ],
      [
        0.19899969341916895,
        0.9799990455612249,
        0.0009963524301941362,
        -25.76843713215385
      ],
      [
        0.024555810372374174,
        -0.006002692346582468,
        0.9996804388711166,
        0.922232667700051
      ],
      [
        0.0,
        0.0,
        0.0,
        1.0
      ]
    ],
    "location": [
      -3.3196958463790907,
      -25.76843713215385,
      0.922232667700051
    ],
    "rotation": [
      -0.006004539022342669,
      -0.02455827885134768,
      0.2003983430801462
    ]
  },
  {
    "label_id": "cTtq-GMvsci0tRg4OYAu-A",
    "size": [
      3.019942880299346,
      8.05412118617281,
      3.3000000000000007
    ],
    "obj_class": "vehicle",
    "point_num_in_lidar": 280,
    "speed": 3.0554893630202766,
    "if_vehicle": true,
    "motion_state": true,
    "pose": [
      [
        0.7187186351342604,
        0.6948420655735081,
        -0.025259204664568612,
        37.879382170550116
      ],
      [
        -0.695045391034295,
        0.7189651672256583,
        0.0009963524301941362,
        -49.23815258231116
      ],
      [
        0.018852795886283982,
        0.01684019672455855,
        0.9996804388711166,
        1.4791390345696627
      ],
      [
        0.0,
        0.0,
        0.0,
        1.0
      ]
    ],
    "location": [
      37.879382170550116,
      -49.23815258231116,
      1.4791390345696627
    ],
    "rotation": [
      0.01684398674493499,
      -0.018853912866594397,
      -0.7686548940414212
    ]
  },
  {
    "label_id": "d6uA9LEwbNgFClVe3mDiow",
    "size": [
      2.0936502297802297,
      4.690981136743863,
      1.6500000000000057
    ],
    "obj_class": "vehicle",
    "point_num_in_lidar": 5009,
    "speed": 1.7870297008515768,
    "if_vehicle": true,
    "motion_state": true,
    "pose": [
      [
        0.1502741683337782,
        0.9883216313079991,
        -0.025259204664568612,
        2.6115319593554887
      ],
      [
        -0.9886327950030986,
        0.15034694518411776,
        0.0009963524301941362,
        2.6168943640695943
      ],
      [
        0.004782360918265467,
        0.024822352074273014,
        0.9996804388711166,
        0.9203976663448223
      ],
      [
        0.0,
        0.0,
        0.0,
        1.0
      ]
    ],
    "location": [
      2.6115319593554887,
      2.6168943640695943,
      0.9203976663448223
    ],
    "rotation": [
      0.024825185774608564,
      -0.004782379147996681,
      -1.4199490041819904
    ]
  },
  {
    "label_id": "hiebKsby5uy1leYvMiBsGg",
    "size": [
      0.9772276589108762,
      1.2902794644725941,
      1.9900000000000055
    ],
    "obj_class": "pedestrian",
    "point_num_in_lidar": 143,
    "speed": 3.323020100272339,
    "if_vehicle": false,
    "motion_state": true,
    "pose": [
      [
        -0.1375965997119535,
        0.9901662225744835,
        -0.025259204664568612,
        -5.715735500176834
      ],
      [
        -0.9904852235738945,
        -0.1376155120747916,
        0.0009963524301941362,
        -24.14215295071517
      ],
      [
        -0.00248950386235834,
        0.025155963685993456,
        0.9996804388711166,
        1.0877254588017387
      ],
      [
        0.0,
        0.0,
        0.0,
        1.0
      ]
    ],
    "location": [
      -5.715735500176834,
      -24.14215295071517,
      1.0877254588017387
    ],
    "rotation": [
      0.02515869563055311,
      0.0024895064338692667,
      -1.7088312803935852
    ]
  },
  {
    "label_id": "iRUOipEMGVM3WBYeknKwYQ",
    "size": [
      2.1591980208725445,
      4.587808644371815,
      1.5470532529445684
    ],
    "obj_class": "vehicle",
    "point_num_in_lidar": 111,
    "speed": 5.33243102466256,
    "if_vehicle": true,
    "motion_state": true,
    "pose": [
      [
        0.7249523284474289,
        0.6883357422496412,
        -0.025259204664568612,
        25.611743381218275
      ],
      [
        -0.6885368373589474,
        0.7252006831778174,
        0.0009963524301941362,
        -37.57406780105157
      ],
      [
        0.01900381746885339,
        0.016669584879720954,
        0.9996804388711166,
        0.546678395305527
      ],
      [
        0.0,
        0.0,
        0.0,
        1.0
      ]
    ],
    "location": [
      25.611743381218275,
      -37.57406780105157,
      0.546678395305527
    ],
    "rotation": [
      0.016673368289894595,
      -0.01900496151064567,
      -0.759641023854361
    ]
  },
  {
    "label_id": "kI5riGGb50pg5NJmt3zPzw",
    "size": [
      0.8344754884323955,
      1.265281157418144,
      1.8166522409794972
    ],
    "obj_class": "pedestrian",
    "point_num_in_lidar": 39,
    "speed": 1.480592125491834,
    "if_vehicle": false,
    "motion_state": true,
    "pose": [
      [
        -0.9265139693645338,
        -0.3754115570305327,
        -0.025259204664568612,
        22.394443060710046
      ],
      [
        0.3755078567568373,
        -0.9268186752519186,
        0.0009963524301941362,
        -16.8201973994328
      ],
      [
        -0.023784744822302903,
        -0.0085618953619893,
        0.9996804388711166,
        0.8604836723203491
      ],
      [
        0.0,
        0.0,
        0.0,
        1.0
      ]
    ],
    "location": [
      22.394443060710046,
      -16.8201973994328,
      0.8604836723203491
    ],
    "rotation": [
      -0.008564422881153834,
      0.02378698795425096,
      2.7565333302276955
    ]
  },
  {
    "label_id": "lRzyNQtprTy8rnSr_elHgw",
    "size": [
      1.9175647331685468,
      4.524339314131563,
      1.5799999999999983
    ],
    "obj_class": "vehicle",
    "point_num_in_lidar": 209,
    "speed": 1.2273482776092264,
    "if_vehicle": true,
    "motion_state": true,
    "pose": [
      [
        0.9405841036896726,
        0.33862001781644346,
        -0.025259204664568612,
        3.2954515069372974
      ],
      [
        -0.3387042388671185,
        0.9408923667749043,
        0.0009963524301941362,
        -26.605220893765363
      ],
      [
        0.02410357773736146,
        0.007618246432788304,
        0.9996804388711166,
        0.6732697045073905
      ],
      [
        0.0,
        0.0,
        0.0,
        1.0
      ]
    ],
    "location": [
      3.2954515069372974,
      -26.605220893765363,
      0.6732697045073905
    ],
    "rotation": [
      0.007620534188415071,
      -0.02410591230708154,
      -0.3456440135036388
    ]
  },
  {
    "label_id": "lznON-h0EPw_nGsACmmUWg",
    "size": [
      0.758000679489171,
      0.8024282435494285,
      1.6624271538721658
    ],
    "obj_class": "pedestrian",
    "point_num_in_lidar": 23,
    "speed": 1.3293624188703446,
    "if_vehicle": false,
    "motion_state": true,
    "pose": [
      [
        0.7672966828978717,
        0.6407946418265654,
        -0.025259204664568612,
        16.88300074285371
      ],
      [
        -0.6409795206681766,
        0.7675573342531679,
        0.0009963524301941362,
        -15.23626476953541
      ],
      [
        0.020026345096330753,
        0.015426134983669371,
        0.9996804388711166,
        0.7341186019395813
      ],
      [
        0.0,
        0.0,
        0.0,
        1.0
      ]
    ],
    "location": [
      16.88300074285371,
      -15.23626476953541,
      0.7341186019395813
    ],
    "rotation": [
      0.015429841523693066,
      -0.020027683947269604,
      -0.69594125899972
    ]
  },
  {
    "label_id": "tFlmliGB17ftCtEQhPYBeA",
    "size": [
      2.2231484869854916,
      4.761291906445937,
      1.7500000000000036
    ],
    "obj_class": "vehicle",
    "point_num_in_lidar": 2121,
    "speed": 0.007369186213061622,
    "if_vehicle": true,
    "motion_state": false,
    "pose": [
      [
        0.14221579716752672,
        0.9895133347336549,
        -0.025259204664568612,
        10.103275942366963
      ],
      [
        -0.9898250811234909,
        0.1422860360706898,
        0.0009963524301941362,
        -4.460376289873238
      ],
      [
        0.004579936121791126,
        0.024860497251101628,
        0.9996804388711166,
        0.7071545569650652
      ],
      [
        0.0,
        0.0,
        0.0,
        1.0
      ]
    ],
    "location": [
      10.103275942366963,
      -4.460376289873238,
      0.7071545569650652
    ],
    "rotation": [
      0.024863319597753553,
      -0.004579952133257636,
      -1.4280952126847255
    ]
  },
  {
    "label_id": "tJ6eBPVLTAZBYef0et6UBw",
    "size": [
      0.9999999999992851,
      1.0,
      1.5899999999999999
    ],
    "obj_class": "pedestrian",
    "point_num_in_lidar": 108,
    "speed": 0.08639147117401078,
    "if_vehicle": false,
    "motion_state": false,
    "pose": [
      [
        0.48694666799256336,
        0.873066386428119,
        -0.025259204664568612,
        12.654186079781311
      ],
      [
        -0.8733323433092799,
        0.48712382964884493,
        0.0009963524301941362,
        -9.620231077673452
      ],
      [
        0.0131742423259271,
        0.021574509903807076,
        0.9996804388711166,
        0.7971079267129291
      ],
      [
        0.0,
        0.0,
        0.0,
        1.0
      ]
    ],
    "location": [
      12.654186079781311,
      -9.620231077673452,
      0.7971079267129291
    ],
    "rotation": [
      0.021578056853969806,
      -0.013174623444061461,
      -1.0621573942977174
    ]
  },
  {
    "label_id": "vlaoAGsFL9B8W5jLYVMXGQ",
    "size": [
      0.6392962244543375,
      0.0608221108014739,
      0.46999999999999886
    ],
    "obj_class": "sign",
    "point_num_in_lidar": 31,
    "speed": 0.0005472691928768953,
    "if_vehicle": false,
    "motion_state": false,
    "pose": [
      [
        0.968779602081309,
        -0.2466334429287598,
        -0.025259204664568612,
        -5.766710625499172
      ],
      [
        0.24673643442207607,
        0.9690821116966897,
        0.0009963524301941362,
        -18.080774599447977
      ],
      [
        0.024232509565889813,
        -0.007197612006129353,
        0.9996804388711166,
        2.7992904186368044
      ],
      [
        0.0,
        0.0,
        0.0,
        1.0
      ]
    ],
    "location": [
      -5.766710625499172,
      -18.080774599447977,
      2.7992904186368044
    ],
    "rotation": [
      -0.007199788410786359,
      -0.024234881806377912,
      0.24938590663287313
    ]
  },
  {
    "label_id": "wXp6vXhTV8f1jleasmAGTw",
    "size": [
      2.289450396410271,
      4.793928541223385,
      1.870000000000001
    ],
    "obj_class": "vehicle",
    "point_num_in_lidar": 50,
    "speed": 6.426791715494232,
    "if_vehicle": true,
    "motion_state": true,
    "pose": [
      [
        0.6719268955395399,
        0.7401866113557509,
        -0.025259204664568612,
        22.398972135657004
      ],
      [
        -0.7404055651081306,
        0.6721596584433973,
        0.0009963524301941362,
        -28.964829645035934
      ],
      [
        0.017715705108909775,
        0.018032579708568235,
        0.9996804388711166,
        0.7267991396749807
      ],
      [
