[
  {
    "label_id": "-u6v7A9TrXDu-9EE_fzpuA",
    "size": [
      2.03994750974004,
      4.415591832276201,
      1.7400000000000055
    ],
    "obj_class": "vehicle",
    "point_num_in_lidar": 763,
    "speed": 3.46695050848138,
    "if_vehicle": true,
    "motion_state": true,
    "pose": [
      [
        0.11687761340680183,
        0.9924164519533695,
        -0.03806848272016589,
        3.840395923253709
      ],
      [
        -0.9931302340874668,
        0.116571627182898,
        -0.010168277991124599,
        -5.171063488092841
      ],
      [
        -0.005653461391353638,
        0.03899540521929258,
        0.9992233968167877,
        0.9327087823278681
      ],
      [
        0.0,
        0.0,
        0.0,
        1.0
      ]
    ],
    "location": [
      3.840395923253709,
      -5.171063488092841,
      0.9327087823278681
    ],
    "rotation": [
      0.039005918661917965,
      0.005653491507422945,
      -1.4536490847736974
    ]
  },
  {
    "label_id": "3DGCEQS1fQrrltlr7Y0QFA",
    "size": [
      2.2388669044008913,
      4.778130853572724,
      1.8000000000000043
    ],
    "obj_class": "vehicle",
    "point_num_in_lidar": 3869,
    "speed": 0.02996308197017747,
    "if_vehicle": true,
    "motion_state": false,
    "pose": [
      [
        0.17667127870240695,
        0.9835334513401367,
        -0.03806848272016589,
        6.871708778000084
      ],
      [
        -0.9842644292178488,
        0.17640901195561876,
        -0.010168277991124599,
        14.711169657277424
      ],
      [
        -0.0032852181234827196,
        0.03926589609064714,
        0.9992233968167877,
        0.9952121217501322
      ],
      [
        0.0,
        0.0,
        0.0,
        1.0
      ]
    ],
    "location": [
      6.871708778000084,
      14.711169657277424,
      0.9952121217501322
    ],
    "rotation": [
      0.03927620525046159,
      0.0032852240328840954,
      -1.393191859666069
    ]
  },
  {
    "label_id": "3nT8tDOtD-Z4SicFOMGd2Q",
    "size": [
      2.08945508902155,
      4.8468502346614635,
      1.4700000000000024
    ],
    "obj_class": "vehicle",
    "point_num_in_lidar": 1923,
    "speed": 0.009561364782529535,
    "if_vehicle": true,
    "motion_state": false,
    "pose": [
      [
        0.14468605296615358,
        0.988745031188759,
        -0.03806848272016589,
        8.1095553585767
      ],
      [
        -0.9894671203354256,
        0.14440022125265484,
        -0.010168277991124599,
        7.546394143093494
      ],
      [
        -0.004556737011925642,
        0.039138719980659875,
        0.9992233968167877,
        0.768427651925677
      ],
      [
        0.0,
        0.0,
        0.0,
        1.0
      ]
    ],
    "location": [
      8.1095553585767,
      7.546394143093494,
      0.768427651925677
    ],
    "rotation": [
      0.03914912590041215,
      0.004556752781308623,
      -1.4255991291748853
    ]
  },
  {
    "label_id": "5AjDD1HMSXUI04BJtWagJA",
    "size": [
      0.2711427132410352,
      0.04132458893582225,
      0.3999999999999986
    ],
    "obj_class": "sign",
    "point_num_in_lidar": 49,
    "speed": 0.013904800119081247,
    "if_vehicle": false,
    "motion_state": false,
    "pose": [
      [
        -0.17950329041020913,
        -0.9830205284505978,
        -0.03806848272016589,
        10.04621155866289
      ],
      [
        0.9837522586695009,
        -0.17924313009248277,
        -0.010168277991124599,
        5.4658994692217675
      ],
      [
        0.003172112003633761,
        -0.03927519521729663,
        0.9992233968167877,
        2.5706936912674365
      ],
      [
        0.0,
        0.0,
        0.0,
        1.0
      ]
    ],
    "location": [
      10.04621155866289,
      5.4658994692217675,
      2.5706936912674365
    ],
    "rotation": [
      -0.03928549725227199,
      -0.003172117323445411,
      1.7512787621193266
    ]
  },
  {
    "label_id": "6nFW7Fnejgm08SNoDjHi2w",
    "size": [
      0.757671526981036,
      0.7637234397275995,
      1.8900000000000041
    ],
    "obj_class": "pedestrian",
    "point_num_in_lidar": 24,
    "speed": 0.0021243309746953485,
    "if_vehicle": false,
    "motion_state": false,
    "pose": [
      [
        -0.6308767398676097,
        0.7749485981130625,
        -0.03806848272016589,
        18.81771940827798
      ],
      [
        -0.775226028740302,
        -0.631602098228177,
        -0.010168277991124599,
        -19.925189192599646
      ],
      [
        -0.03192402633686579,
        0.023096748610214754,
        0.9992233968167877,
        0.7995607866747534
      ],
      [
        0.0,
        0.0,
        0.0,
        1.0
      ]
    ],
    "location": [
      18.81771940827798,
      -19.925189192599646,
      0.7995607866747534
    ],
    "rotation": [
      0.023110584232831813,
      0.03192945135232198,
      -2.2538937334044093
    ]
  },
  {
    "label_id": "7qaAcL3WFHPDh_NixTan-A",
    "size": [
      2.045007749545772,
      4.144237317604301,
      1.6999999999999993
    ],
    "obj_class": "vehicle",
    "point_num_in_lidar": 97,
    "speed": 5.79133287275923,
    "if_vehicle": true,
    "motion_state": true,
    "pose": [
      [
        0.6314540844632136,
        0.7744782307063958,
        -0.03806848272016589,
        18.02590736501952
      ],
      [
        -0.7752446904610228,
        0.6315791922116245,
        -0.010168277991124599,
        -33.20217066451369
      ],
      [
        0.01616815161722759,
        0.035933189772168826,
        0.9992233968167877,
        0.5572475573100988
      ],
      [
        0.0,
        0.0,
        0.0,
        1.0
      ]
    ],
    "location": [
      18.02590736501952,
      -33.20217066451369,
      0.5572475573100988
    ],
    "rotation": [
      0.0359456276448813,
      -0.016168856117169776,
      -0.8872628416169491
    ]
  },
  {
    "label_id": "98eaCxEDxm2x1CEezRDTiQ",
    "size": [
      0.2546044225488067,
      0.04920328620637804,
      0.41999999999999815
    ],
    "obj_class": "sign",
    "point_num_in_lidar": 22,
    "speed": 0.011985252425156417,
    "if_vehicle": false,
    "motion_state": false,
    "pose": [
      [
        -0.13916036079731728,
        -0.9895378641599042,
        -0.03806848272016589,
        11.772411634314494
      ],
      [
        0.9902583452953551,
        -0.13887049973122711,
        -0.010168277991124599,
        -6.144637280083771
      ],
      [
        0.0047753068661625766,
        -0.039112653940308606,
        0.9992233968167877,
        2.521933711536146
      ],
      [
        0.0,
        0.0,
        0.0,
        1.0
      ]
    ],
    "location": [
      11.772411634314494,
      -6.144637280083771,
      2.521933711536146
    ],
    "rotation": [
      -0.039123079535641536,
      -0.004775325015344808,
      1.7104114038918248
    ]
  },
  {
    "label_id": "BJzgD4pDd9zzx_tJ81Wh9w",
    "size": [
      2.057682672119534,
      4.348731250934897,
      1.5799999999999983
    ],
    "obj_class": "vehicle",
    "point_num_in_lidar": 79,
    "speed": 2.905045337383109,
    "if_vehicle": true,
    "motion_state": true,
    "pose": [
      [
        0.1677119226444237,
        0.9851007570935552,
        -0.03806848272016589,
        5.293014765263933
      ],
      [
        -0.9858293175621576,
        0.16744301346316545,
        -0.010168277991124599,
        -12.576852126550875
      ],
      [
        -0.0036424768827595586,
        0.03923436779252241,
        0.9992233968167877,
        0.7294506771151141
      ],
      [
        0.0,
        0.0,
        0.0,
        1.0
      ]
    ],
    "location": [
      5.293014765263933,
      -12.576852126550875,
      0.7294506771151141
    ],
    "rotation": [
      0.03924470105830821,
      0.003642484937318336,
      -1.4022869407722163
    ]
  },
  {
    "label_id": "BMprUx_wfiGkn4Jsd9YGfw",
    "size": [
      0.9165089260500511,
      0.14690670426762598,
      1.129999999999999
    ],
    "obj_class": "sign",
    "point_num_in_lidar": 36,
    "speed": 8.881784197001252e-13,
    "if_vehicle": false,
    "motion_state": false,
    "pose": [
      [
        -0.703116156465617,
        -0.710055252174366,
        -0.03806848272016589,
        25.458941641197498
      ],
      [
        0.710806097743433,
        -0.7033145082631584,
        -0.010168277991124599,
        -24.83657221876092
      ],
      [
        -0.01955407701149098,
        -0.03420879018832788,
        0.9992233968167877,
        3.3772245104993885
      ],
      [
        0.0,
        0.0,
        0.0,
        1.0
      ]
    ],
    "location": [
      25.458941641197498,
      -24.83657221876092,
      3.3772245104993885
    ],
    "rotation": [
      -0.0342220115718649,
      0.019555323348381507,
      2.350755813890303
    ]
  },
  {
    "label_id": "HvXo3bcZJiBtcXJw3euZyA",
    "size": [
      2.1355814538903757,
      4.745719360965725,
      1.7100000000000044
    ],
    "obj_class": "vehicle",
    "point_num_in_lidar": 2625,
    "speed": 0.028505926477043152,
    "if_vehicle": true,
    "motion_state": false,
    "pose": [
      [
        0.12758964424613323,
        0.9910961978055055,
        -0.03806848272016589,
        -2.8883982934028154
      ],
      [
        -0.9918132431874345,
        0.1272913852572835,
        -0.010168277991124599,
        2.672774822491192
      ],
      [
        -0.005231951755140118,
        0.03905419228139591,
        0.9992233968167877,
        0.8664559746231326
      ],
      [
        0.0,
        0.0,
        0.0,
        1.0
      ]
    ],
    "location": [
      -2.8883982934028154,
      2.672774822491192,
      0.8664559746231326
    ],
    "rotation": [
      0.03906466181259648,
      0.005231975624748356,
      -1.442856186596711
    ]
  },
  {
    "label_id": "MMRb3jHqGvp6u3_L3aIsDw",
    "size": [
      2.1871116082201714,
      5.576670239505544,
      2.0900000000000034
    ],
    "obj_class": "vehicle",
    "point_num_in_lidar": 5314,
    "speed": 4.245018169390305,
    "if_vehicle": true,
    "motion_state": true,
    "pose": [
      [
        0.1610767675353311,
        0.9862074150926636,
        -0.03806848272016589,
        2.4559484152550795
      ],
      [
        -0.986934148850742,
        0.1608029600317001,
        -0.010168277991124599,
        4.781992984742828
      ],
      [
        -0.0039065064482523126,
        0.0392089589416771,
        0.9992233968167877,
        1.172719179805263
      ],
      [
        0.0,
        0.0,
        0.0,
        1.0
      ]
    ],
    "location": [
      2.4559484152550795,
      4.781992984742828,
      1.172719179805263
    ],
    "rotation": [
      0.0392193115778936,
      0.0039065163843846834,
      -1.409013511259262
    ]
  },
  {
    "label_id": "PDJRXsFgAheGLL2zZRkw1g",
    "size": [
      0.30252014459575854,
      0.09175552356189816,
      0.41999999999999815
    ],
    "obj_class": "sign",
    "point_num_in_lidar": 53,
    "speed": 0.011550464932978309,
    "if_vehicle": false,
    "motion_state": false,
    "pose": [
      [
        -0.4838438642732999,
        -0.8743259721799789,
        -0.03806848272016589,
        10.886666317254821
      ],
      [
        0.8751024661103434,
        -0.4838308381348699,
        -0.010168277991124599,
        -0.45736699113876966
      ],
      [
        -0.009528316361034374,
        -0.03823368202572703,
        0.9992233968167877,
        2.548344614486407
      ],
      [
        0.0,
        0.0,
        0.0,
        1.0
      ]
    ],
    "location": [
      10.886666317254821,
      -0.45736699113876966,
      2.548344614486407
    ],
    "rotation": [
      -0.03824474023368809,
      0.009528460544346593,
      2.075863045293359
    ]
  },
  {
    "label_id": "Rqi1rKFoDmNStEQoR06fGg",
    "size": [
      2.11625283931072,
      4.457104393150359,
      1.4400000000000048
    ],
    "obj_class": "vehicle",
    "point_num_in_lidar": 2002,
    "speed": 6.372799078784422,
    "if_vehicle": true,
    "motion_state": true,
    "pose": [
      [
        0.1775639358166097,
        0.9833726858728076,
        -0.03806848272016589,
        5.1849610443582606
      ],
      [
        -0.9841039015026825,
        0.1773023326690712,
        -0.010168277991124599,
        5.908388470665159
      ],
      [
        -0.003249576051375913,
        0.03926886182978419,
        0.9992233968167877,
        0.8838521045505665
      ],
      [
        0.0,
        0.0,
        0.0,
        1.0
      ]
    ],
    "location": [
      5.1849610443582606,
      5.908388470665159,
      0.8838521045505665
    ],
    "rotation": [
      0.03927916871803477,
      0.00324958177051857,
      -1.3922848785769046
    ]
  },
  {
    "label_id": "SE1GxLqUzqbnMSkTAHHg2Q",
    "size": [
      0.9299821989763186,
      1.0130600459139427,
      1.8200000000000038
    ],
    "obj_class": "pedestrian",
    "point_num_in_lidar": 105,
    "speed": 1.499174748067766,
    "if_vehicle": false,
    "motion_state": true,
    "pose": [
      [
        0.1573031459681135,
        0.9868163511474255,
        -0.03806848272016589,
        9.70130370072684
      ],
      [
        -0.9875420322194779,
        0.15702656056387065,
        -0.010168277991124599,
        20.667435618832315
      ],
      [
        -0.004056460077221459,
        0.03919372890606693,
        0.9992233968167877,
        1.0486965888134172
      ],
      [
        0.0,
        0.0,
        0.0,
        1.0
      ]
    ],
    "location": [
      9.70130370072684,
      20.667435618832315,
      1.0486965888134172
    ],
    "rotation": [
      0.03920409312864538,
      0.004056471202056597,
      -1.4128358130574228
    ]
  },
  {
    "label_id": "SRw4fz_BRx13yIxaJKROLQ",
    "size": [
      2.309529234897609,
      4.680840153599171,
      1.7399999999999984
    ],
    "obj_class": "vehicle",
    "point_num_in_lidar": 35,
    "speed": 0.2837316166067255,
    "if_vehicle": true,
    "motion_state": false,
    "pose": [
      [
        0.8635651510617213,
        0.5027981906243608,
        -0.03806848272016589,
        10.542538879618633
      ],
      [
        -0.5034716299805219,
        0.8639519222314699,
        -0.010168277991124599,
        -32.121080844965036
      ],
      [
        0.02777674704681985,
        0.02794737156545034,
        0.9992233968167877,
        0.5550693549054522
      ],
      [
        0.0,
        0.0,
        0.0,
        1.0
      ]
    ],
    "location": [
      10.542538879618633,
      -32.121080844965036,
      0.5550693549054522
    ],
    "rotation": [
      0.027961802744332954,
      -0.02778032013496325,
      -0.5278370697377591
    ]
  },
  {
    "label_id": "TudpSXYouq_oe3kMbFIu3Q",
    "size": [
      2.0251845402478366,
      4.31999934299972,
      1.5999999999999979
    ],
    "obj_class": "vehicle",
    "point_num_in_lidar": 32,
    "speed": 6.6293618259615,
    "if_vehicle": true,
    "motion_state": true,
    "pose": [
      [
        0.7360115045743075,
        0.6758978145826842,
        -0.03806848272016589,
        25.313960129092266
      ],
      [
        -0.6766384042751622,
        0.7362452553209815,
        -0.010168277991124599,
        -42.02022535343349
      ],
      [
        0.021155022907720582,
        0.033242566984127066,
        0.9992233968167877,
        0.49923561528841987
      ],
      [
        0.0,
        0.0,
        0.0,
        1.0
      ]
    ],
    "location": [
      25.313960129092266,
      -42.02022535343349,
      0.49923561528841987
    ],
    "rotation": [
      0.03325613780121557,
      -0.02115660116109602,
      -0.7433932927365785
    ]
  },
  {
    "label_id": "UKPPRkSzxShd_vfgFE0sew",
    "size": [
      2.1840450924505133,
      5.292964081439663,
      1.8599999999999994
    ],
    "obj_class": "vehicle",
    "point_num_in_lidar": 801,
    "speed": 0.006105825320133928,
    "if_vehicle": true,
    "motion_state": false,
    "pose": [
      [
        0.15893726811668143,
        0.9865544766646142,
        -0.03806848272016589,
        6.073692761497568
      ],
      [
        -0.9872806148145067,
        0.1586618849446358,
        -0.010168277991124599,
        21.02101148658221
      ],
      [
        -0.003991542946750427,
        0.03920039335038112,
        0.9992233968167877,
        1.0308445771558894
      ],
      [
        0.0,
        0.0,
        0.0,
        1.0
      ]
    ],
    "location": [
      6.073692761497568,
      21.02101148658221,
      1.0308445771558894
    ],
    "rotation": [
      0.03921075250517052,
      0.003991553545979603,
      -1.411180899415256
    ]
  },
  {
    "label_id": "VTRd1yBJHqNe_iEnYQW6UA",
    "size": [
      0.8202675324545154,
      0.8400554809897636,
      1.6400000000000006
    ],
    "obj_class": "pedestrian",
    "point_num_in_lidar": 890,
    "speed": 0.44109875833026624,
    "if_vehicle": false,
    "motion_state": false,
    "pose": [
      [
        0.49143611396495307,
        -0.8700812240902628,
        -0.03806848272016589,
        -6.46124957631082
      ],
      [
        0.8704767889115798,
        0.49210442600009224,
        -0.010168277991124599,
        13.220091894432699
      ],
      [
        0.027580896599109433,
        -0.028140671575312328,
        0.9992233968167877,
        0.947611271007684
      ],
      [
        0.0,
        0.0,
        0.0,
        1.0
      ]
    ],
    "location": [
      -6.46124957631082,
      13.220091894432699,
      0.947611271007684
    ],
    "rotation": [
      -0.028155100728757466,
      -0.02758439462160825,
      1.056843605755528
    ]
  },
  {
    "label_id": "Zl-y3j7oUzSX87ynXxP3zQ",
    "size": [
      1.114609496887017,
      1.2440111412605759,
      2.0199999999999996
    ],
    "obj_class": "pedestrian",
    "point_num_in_lidar": 268,
    "speed": 1.4636459876421222,
    "if_vehicle": false,
    "motion_state": true,
    "pose": [
      [
        0.14555339678631224,
        0.988617721522,
        -0.03806848272016589,
        9.749998603148697
      ],
      [
        -0.9893400611432995,
        0.1452681986522434,
        -0.010168277991124599,
        12.720859840903358
      ],
      [
        -0.004522399909205348,
        0.03914270242307724,
        0.9992233968167877,
        1.16722274261382
      ],
      [
        0.0,
        0.0,
        0.0,
        1.0
      ]
    ],
    "location": [
      9.749998603148697,
      12.720859840903358,
      1.16722274261382
    ],
    "rotation": [
      0.0391531053320601,
      0.00452241532477713,
      -1.4247225191123818
    ]
  },
  {
    "label_id": "_SLh77a3MDODXX6UWGrvyw",
    "size": [
      0.7519602755870024,
      0.10692985834484674,
      1.1199999999999974
    ],
    "obj_class": "sign",
    "point_num_in_lidar": 21,
    "speed": 2.929642751054232e-13,
    "if_vehicle": false,
    "motion_state": false,
    "pose": [
      [
        0.7022620765446588,
        -0.7108999693842786,
        -0.03806848272016589,
        6.767234171846894
      ],
      [
        0.7111065852664717,
        0.7030106901842627,
        -0.010168277991124599,
        -40.538605775942415
      ],
      [
        0.033991178823952806,
        -0.019929952736482334,
        0.9992233968167877,
        3.839129464098665
      ],
      [
        0.0,
        0.0,
        0.0,
        1.0
      ]
    ],
    "location": [
      6.767234171846894,
      -40.538605775942415,
      3.839129464098665
    ],
    "rotation": [
      -0.019942798158588102,
      -0.03399772779888338,
      0.7916558324082438
    ]
  },
  {
    "label_id": "cTtq-GMvsci0tRg4OYAu-A",
    "size": [
      3.019942880301544,
      8.05412118617281,
      3.3000000000000007
    ],
    "obj_class": "vehicle",
    "point_num_in_lidar": 280,
    "speed": 4.530724028422166,
    "if_vehicle": true,
    "motion_state": true,
    "pose": [
      [
        0.7249890573432881,
        0.6877075376610867,
        -0.03806848272016589,
        28.31943923626045
      ],
      [
        -0.6884518092931668,
        0.7252108054928996,
        -0.010168277991124599,
        -40.13850802593697
      ],
      [
        0.020614873597854314,
        0.03358020608133379,
        0.9992233968167877,
        1.4791390345696378
      ],
      [
        0.0,
        0.0,
        0.0,
        1.0
      ]
    ],
    "location": [
      28.31943923626045,
      -40.13850802593697,
      1.4791390345696378
    ],
    "rotation": [
      0.03359366193950864,
      -0.0206163340046491,
      -0.7595540591798896
    ]
  },
  {
    "label_id": "d6uA9LEwbNgFClVe3mDiow",
    "size": [
      2.0936502297795387,
      4.690981136743863,
      1.6500000000000057
    ],
    "obj_class": "vehicle",
    "point_num_in_lidar": 3868,
    "speed": 5.184031828643837,
    "if_vehicle": true,
    "motion_state": true,
    "pose": [
      [
        0.16244889948570349,
        0.98598232523675,
        -0.03806848272016589,
        0.7182127312071316
      ],
      [
        -0.9867094392889353,
        0.1621761034826349,
        -0.010168277991124599,
        14.404850950231776
      ],
      [
        -0.003851944184290181,
        0.03921435680871829,
        0.9992233968167877,
        1.0422219666459362
      ],
      [
        0.0,
        0.0,
        0.0,
        1.0
      ]
    ],
    "location": [
      0.7182127312071316,
      14.404850950231776,
      1.0422219666459362
    ],
    "rotation": [
      0.03922470533410545,
      0.0038519537098740623,
      -1.4076230905182303
    ]
  },
  {
    "label_id": "gSyJHmz9hma10BKIiIIo3A",
    "size": [
      0.2839665992812679,
      0.08844951503223594,
      0.41999999999999815
    ],
    "obj_class": "sign",
    "point_num_in_lidar": 37,
    "speed": 0.010853659984281038,
    "if_vehicle": false,
    "motion_state": false,
    "pose": [
      [
        -0.12476418822089705,
        -0.9914558426682275,
        -0.03806848272016589,
        9.044188379783918
      ],
      [
        0.9921720350049195,
        -0.12446388663741927,
        -0.010168277991124599,
        11.856617693692897
      ],
      [
        0.00534324730643395,
        -0.03903912091918367,
        0.9992233968167877,
        2.5985031961337874
      ],
      [
        0.0,
        0.0,
        0.0,
        1.0
      ]
    ],
    "location": [
      9.044188379783918,
      11.856617693692897,
      2.5985031961337874
    ],
    "rotation": [
      -0.03904960173374454,
      -0.005343272731972216,
      1.6958882806777085
    ]
  },
  {
    "label_id": "hiebKsby5uy1leYvMiBsGg",
    "size": [
      0.9772276589130569,
      1.2902794644725941,
      1.9900000000000055
    ],
    "obj_class": "pedestrian",
    "point_num_in_lidar": 128,
    "speed": 3.284017283108316,
    "if_vehicle": false,
    "motion_state": true,
    "pose": [
      [
        0.1623796636091378,
        0.985993729934206,
        -0.03806848272016589,
        -5.142798052423359
      ],
      [
        -0.9867208248289192,
        0.1621068165489426,
        -0.010168277991124599,
        -12.782095964083055
      ],
      [
        -0.0038546977988623155,
        0.03921408622931055,
        0.9992233968167877,
        1.0877254588017138
      ],
      [
        0.0,
        0.0,
        0.0,
        1.0
      ]
    ],
    "location": [
      -5.142798052423359,
      -12.782095964083055,
      1.0877254588017138
    ],
    "rotation": [
      0.03922443496081601,
      0.0038547073448893733,
      -1.4076932568215081
    ]
  },
  {
    "label_id": "iRUOipEMGVM3WBYeknKwYQ",
    "size": [
      2.159198020873135,
      4.587808644371815,
      1.5470532529445684
    ],
    "obj_class": "vehicle",
    "point_num_in_lidar": 68,
    "speed": 5.2528376415535085,
    "if_vehicle": true,
    "motion_state": true,
    "pose": [
      [
        0.6092105009526236,
        0.7920942848881299,
        -0.03806848272016589,
        11.903224840291386
      ],
      [
        -0.7928639877207079,
        0.6093137969046101,
        -0.010168277991124599,
        -23.798311844544514
      ],
      [
        0.015141416864698264,
        0.036377750744786136,
        0.9992233968167877,
        0.6383670490383615
      ],
      [
        0.0,
        0.0,
        0.0,
        1.0
      ]
    ],
    "location": [
      11.903224840291386,
      -23.798311844544514,
      0.6383670490383615
    ],
    "rotation": [
      0.036389952393480696,
      -0.01514199548425446,
      -0.915643610552082
    ]
  },
  {
    "label_id": "lRzyNQtprTy8rnSr_elHgw",
    "size": [
      1.9175647331672774,
      4.524339314131563,
      1.5799999999999983
    ],
    "obj_class": "vehicle",
    "point_num_in_lidar": 306,
    "speed": 1.2880033291611463,
    "if_vehicle": true,
    "motion_state": true,
    "pose": [
      [
        0.9955179583249308,
        0.08657242791989721,
        -0.03806848272016589,
        1.1997510413793862
      ],
      [
        -0.08701665680915163,
        0.9961549616201555,
        -0.010168277991124599,
        -25.978269479004666
      ],
      [
        0.037041815429588294,
        0.013435295441510484,
        0.9992233968167877,
        0.7362123110691137
      ],
      [
        0.0,
        0.0,
        0.0,
        1.0
      ]
    ],
    "location": [
      1.1997510413793862,
      -25.978269479004666,
      0.7362123110691137
    ],
    "rotation": [
      0.013444927256545905,
      -0.037050291485803764,
      -0.08718683303367637
    ]
  },
  {
    "label_id": "p4rlez2SgtaXLYRB6hZLqQ",
    "size": [
      0.7317470381364297,
      0.13853810500110264,
      0.8299999999999983
    ],
    "obj_class": "sign",
    "point_num_in_lidar": 25,
    "speed": 0.0013393282062163702,
    "if_vehicle": false,
    "motion_state": false,
    "pose": [
      [
        -0.7031161564690458,
        -0.7100552521709707,
        -0.03806848272016589,
        25.470606428154497
      ],
      [
        0.7108060977400366,
        -0.703314508266591,
        -0.010168277991124599,
        -24.827734777913065
      ],
      [
        -0.01955407701165618,
        -0.034208790188233446,
        0.9992233968167877,
        4.367224510499383
      ],
      [
        0.0,
        0.0,
        0.0,
        1.0
      ]
    ],
    "location": [
      25.470606428154497,
      -24.827734777913065,
      4.367224510499383
    ],
    "rotation": [
      -0.0342220115717705,
      0.01955532334854674,
      2.3507558138951303
    ]
  },
  {
    "label_id": "tFlmliGB17ftCtEQhPYBeA",
    "size": [
      2.223148486985494,
      4.761291906445937,
      1.7500000000000036
    ],
    "obj_class": "vehicle",
    "point_num_in_lidar": 264,
    "speed": 0.003104202556111377,
    "if_vehicle": true,
    "motion_state": false,
    "pose": [
      [
        0.14215806718017096,
        0.9891116592978684,
        -0.03806848272016589,
        10.096989451479658
      ],
      [
        -0.9898330154182323,
        0.1418703905356742,
        -0.010168277991124599,
        -4.436113977657442
      ],
      [
        -0.004656771805392748,
        0.039126943789067614,
        0.9992233968167877,
        0.7071545569650404
      ],
      [
        0.0,
        0.0,
        0.0,
        1.0
      ]
    ],
    "location": [
      10.096989451479658,
      -4.436113977657442,
      0.7071545569650404
    ],
    "rotation": [
      0.03913735860449031,
      0.004656788636312844,
      -1.428153484899213
    ]
  },
  {
    "label_id": "wXp6vXhTV8f1jleasmAGTw",
    "size": [
      2.28945039641079,
      4.793928541223385,
      1.870000000000001
    ],
    "obj_class": "vehicle",
    "point_num_in_lidar": 55,
    "speed": 6.593418277592634,
    "if_vehicle": true,
    "motion_state": true,
    "pose": [
      [
        0.29212360766986906,
        0.9556226182261097,
        -0.03806848272016589,
        8.927063195182654
      ],
      [
        -0.9563795512667305,
        0.2919499272847016,
        -0.010168277991124599,
        -10.15773074657227
      ],
      [
        0.0013970543252619328,
        0.03937831247187498,
        0.9992233968167877,
        0.7267991396749665
      ],
      [
        0.0,
        0.0,
        0.0,
        1.0
      ]
    ],
    "location": [
      8.927063195182654,
      -10.15773074657227,
      0.7267991396749665
    ],
    "rotation": [
      0.03938853504479623,
      -0.0013970547797149736,
      -1.2743494786336795
    ]
  },
  {
    "label_id": "xfS8VoC0AfB3m7ZdKCuApA",
    "size": [
      2.317314649713993,
      5.728274035621146,
      2.450000000000003
    ],
    "obj_class": "vehicle",
    "point_num_in_lidar": 2439,
    "speed": 4.385282387951107,
    "if_vehicle": true,
    "motion_state": true,
    "pose": [
      [
        0.09310377569578548,
        0.9949283781130044,
        -0.03806848272016589,
        0.43658364627299306
      ],
      [
        -0.9956346362437452,
        0.09278080207931214,
        -0.010168277991124599,
        -2.2176735837147135
      ],
      [
        -0.0065846839691923315,
        0.038849005018741715,
        0.9992233968167877,
        1.2092759396205714
      ],
      [
        0.0,
        0.0,
        0.0,
        1.0
      ]
    ],
    "location": [
      0.43658364627299306,
      -2.2176735837147135,
      1.2092759396205714
    ],
    "rotation": [
      0.038859626646370174,
      0.006584731553311123,
      -1.4775554876418213
    ]
  }
]