[
  {
    "label_id": "-u6v7A9TrXDu-9EE_fzpuA",
    "size": [
      2.0399475097390716,
      4.415591832276201,
      1.7400000000000055
    ],
    "obj_class": "vehicle",
    "point_num_in_lidar": 770,
    "speed": 4.683648770326957,
    "if_vehicle": true,
    "motion_state": true,
    "pose": [
      [
        0.12093091720896554,
        0.9916456550092209,
        -0.044884386643146056,
        1.635546571185614
      ],
      [
        -0.992649412002227,
        0.12102360847267635,
        -0.0006565393248501566,
        10.28042980664759
      ],
      [
        0.004781016066805986,
        0.044633855912137435,
        0.9989919723360061,
        1.0764578219223147
      ],
      [
        0.0,
        0.0,
        0.0,
        1.0
      ]
    ],
    "location": [
      1.635546571185614,
      10.28042980664759,
      1.0764578219223147
    ],
    "rotation": [
      0.04464919964143852,
      -0.004781034281162226,
      -1.449567305666907
    ]
  },
  {
    "label_id": "0MlUkBaER0Efvh_AS-1Bpw",
    "size": [
      0.8325983238170724,
      0.7496736177587451,
      1.6400000000000006
    ],
    "obj_class": "pedestrian",
    "point_num_in_lidar": 997,
    "speed": 0.06499225595824092,
    "if_vehicle": false,
    "motion_state": false,
    "pose": [
      [
        -0.026081255439530576,
        -0.9986516709796096,
        -0.044884386643146056,
        -8.458621888486732
      ],
      [
        0.9996596936208425,
        -0.026078073280024372,
        -0.0006565393248501566,
        24.29343161533143
      ],
      [
        -0.0005148442301834757,
        -0.04488623556988434,
        0.9989919723360061,
        1.0028915901983382
      ],
      [
        0.0,
        0.0,
        0.0,
        1.0
      ]
    ],
    "location": [
      -8.458621888486732,
      24.29343161533143,
      1.0028915901983382
    ],
    "rotation": [
      -0.04490132781119831,
      0.0005148442529279735,
      1.5968805434812874
    ]
  },
  {
    "label_id": "2YFGey36rkBRLSWRbmLXgA",
    "size": [
      0.2308792473567998,
      0.05586975960836327,
      0.23999999999999844
    ],
    "obj_class": "sign",
    "point_num_in_lidar": 45,
    "speed": 0.02787698293868508,
    "if_vehicle": false,
    "motion_state": false,
    "pose": [
      [
        0.983632457760743,
        -0.17450667573255918,
        -0.044884386643146056,
        -12.802151634811253
      ],
      [
        0.17465364078633178,
        0.9846297145202323,
        -0.0006565393248501566,
        28.30861339934563
      ],
      [
        0.04430907130192393,
        -0.007193428151967921,
        0.9989919723360061,
        1.7066688411904671
      ],
      [
        0.0,
        0.0,
        0.0,
        1.0
      ]
    ],
    "location": [
      -12.802151634811253,
      28.30861339934563,
      1.7066688411904671
    ],
    "rotation": [
      -0.007200562195576676,
      -0.0443235827470126,
      0.17572837532434293
    ]
  },
  {
    "label_id": "3DGCEQS1fQrrltlr7Y0QFA",
    "size": [
      2.2388669044008904,
      4.778130853572724,
      1.8000000000000043
    ],
    "obj_class": "vehicle",
    "point_num_in_lidar": 340,
    "speed": 0.030605092252869563,
    "if_vehicle": true,
    "motion_state": false,
    "pose": [
      [
        0.17662125427119071,
        0.9832549640735814,
        -0.044884386643146056,
        6.927106362941686
      ],
      [
        -0.9842519025271964,
        0.1767703632618011,
        -0.0006565393248501566,
        14.800587884199558
      ],
      [
        0.007288683781423627,
        0.04429350174631619,
        0.9989919723360061,
        1.0840030552877487
      ],
      [
        0.0,
        0.0,
        0.0,
        1.0
      ]
    ],
    "location": [
      6.927106362941686,
      14.800587884199558,
      1.0840030552877487
    ],
    "rotation": [
      0.044309175637414884,
      -0.007288748318079654,
      -1.3932388853307625
    ]
  },
  {
    "label_id": "5AjDD1HMSXUI04BJtWagJA",
    "size": [
      0.27114271324103534,
      0.04132458893582225,
      0.3999999999999986
    ],
    "obj_class": "sign",
    "point_num_in_lidar": 21,
    "speed": 0.0076115451348990676,
    "if_vehicle": false,
    "motion_state": false,
    "pose": [
      [
        -0.1794524640955038,
        -0.9827421864180454,
        -0.044884386643146056,
        10.069678146994875
      ],
      [
        0.9837386912772728,
        -0.17960444382084037,
        -0.0006565393248501566,
        5.473861357593705
      ],
      [
        -0.0074162264077091335,
        -0.044272325374731566,
        0.9989919723360061,
        2.6022293769560996
      ],
      [
        0.0,
        0.0,
        0.0,
        1.0
      ]
    ],
    "location": [
      10.069678146994875,
      5.473861357593705,
      2.6022293769560996
    ],
    "rotation": [
      -0.04428801946843823,
      0.0074162943919790555,
      1.751231195461545
    ]
  },
  {
    "label_id": "5Zo39jZeAKvLd3jygUscXQ",
    "size": [
      0.8633204129108187,
      0.9964958227765475,
      1.7600000000000051
    ],
    "obj_class": "pedestrian",
    "point_num_in_lidar": 22,
    "speed": 1.1179679702981105,
    "if_vehicle": false,
    "motion_state": true,
    "pose": [
      [
        -0.515400607221084,
        -0.8557731042231967,
        -0.044884386643146056,
        2.937418323594102
      ],
      [
        0.8566514663112198,
        -0.5158951775534949,
        -0.0006565393248501566,
        -41.11574275445855
      ],
      [
        -0.022593789920573933,
        -0.03878865639902309,
        0.9989919723360061,
        0.9365923233990046
      ],
      [
        0.0,
        0.0,
        0.0,
        1.0
      ]
    ],
    "location": [
      2.937418323594102,
      -41.11574275445855,
      0.9365923233990046
    ],
    "rotation": [
      -0.038808301290023134,
      0.02259571263945774,
      2.1124249673221347
    ]
  },
  {
    "label_id": "9vJuFi9oGTXbvK2kqBNGSg",
    "size": [
      0.850702561872714,
      1.3206064828369461,
      1.759999999999998
    ],
    "obj_class": "pedestrian",
    "point_num_in_lidar": 323,
    "speed": 0.8091128958134273,
    "if_vehicle": false,
    "motion_state": false,
    "pose": [
      [
        0.1713655552244192,
        0.984184555009016,
        -0.044884386643146056,
        -10.147555677399396
      ],
      [
        -0.9851822758701272,
        0.1715093358026655,
        -0.0006565393248501566,
        18.241242276140838
      ],
      [
        0.0070519354778024405,
        0.044331810410058986,
        0.9989919723360061,
        1.0911098462294966
      ],
      [
        0.0,
        0.0,
        0.0,
        1.0
      ]
    ],
    "location": [
      -10.147555677399396,
      18.241242276140838,
      1.0911098462294966
    ],
    "rotation": [
      0.044347447653202705,
      -0.007051993927660214,
      -1.3985764406624794
    ]
  },
  {
    "label_id": "BJzgD4pDd9zzx_tJ81Wh9w",
    "size": [
      2.0576826721194963,
      4.348731250934897,
      1.5799999999999983
    ],
    "obj_class": "vehicle",
    "point_num_in_lidar": 86,
    "speed": 4.446262440555459,
    "if_vehicle": true,
    "motion_state": true,
    "pose": [
      [
        0.12370774118896892,
        0.9913030750510116,
        -0.044884386643146056,
        3.449851444378737
      ],
      [
        -0.9923065685072511,
        0.12380324330759333,
        -0.0006565393248501566,
        0.231611310313383
      ],
      [
        0.004906003188677628,
        0.0446202906862919,
        0.9989919723360061,
        0.8437207810338698
      ],
      [
        0.0,
        0.0,
        0.0,
        1.0
      ]
    ],
    "location": [
      3.449851444378737,
      0.231611310313383,
      0.8437207810338698
    ],
    "rotation": [
      0.04463564777174132,
      -0.004906022869214065,
      -1.4467693632976009
    ]
  },
  {
    "label_id": "HvXo3bcZJiBtcXJw3euZyA",
    "size": [
      2.1355814538903757,
      4.745719360965725,
      1.7100000000000044
    ],
    "obj_class": "vehicle",
    "point_num_in_lidar": 412,
    "speed": 0.015091435657633625,
    "if_vehicle": true,
    "motion_state": false,
    "pose": [
      [
        0.12755351726822772,
        0.9908155691490583,
        -0.044884386643146056,
        -2.8910429017162187
      ],
      [
        -0.9918186844582779,
        0.1276529126795232,
        -0.0006565393248501566,
        2.68749001024662
      ],
      [
        0.005079113304011334,
        0.04460091721323137,
        0.9989919723360061,
        0.8678839694967841
      ],
      [
        0.0,
        0.0,
        0.0,
        1.0
      ]
    ],
    "location": [
      -2.8910429017162187,
      2.68749001024662,
      0.8678839694967841
    ],
    "rotation": [
      0.044616293345109935,
      -0.005079135142244299,
      -1.4428927130327216
    ]
  },
  {
    "label_id": "MMRb3jHqGvp6u3_L3aIsDw",
    "size": [
      2.18711160822148,
      5.576670239505544,
      2.0900000000000034
    ],
    "obj_class": "vehicle",
    "point_num_in_lidar": 7450,
    "speed": 4.6103728852177,
    "if_vehicle": true,
    "motion_state": true,
    "pose": [
      [
        0.13793812149937887,
        0.9894232999444126,
        -0.044884386643146056,
        -0.39710733834272105
      ],
      [
        -0.9904253176286221,
        0.13804803206260505,
        -0.0006565393248501566,
        22.251342793029835
      ],
      [
        0.005546605941086869,
        0.04454519469876411,
        0.9989919723360061,
        1.240719506021776
      ],
      [
        0.0,
        0.0,
        0.0,
        1.0
      ]
    ],
    "location": [
      -0.39710733834272105,
      22.251342793029835,
      1.240719506021776
    ],
    "rotation": [
      0.044560625426099044,
      -0.005546634381552316,
      -1.432414851646756
    ]
  },
  {
    "label_id": "Rqi1rKFoDmNStEQoR06fGg",
    "size": [
      2.1162528393102535,
      4.457104393150359,
      1.4400000000000048
    ],
    "obj_class": "vehicle",
    "point_num_in_lidar": 4032,
    "speed": 4.931685246409283,
    "if_vehicle": true,
    "motion_state": true,
    "pose": [
      [
        0.1389513444109675,
        0.9892815148996028,
        -0.044884386643146056,
        2.041151841092187
      ],
      [
        -0.9902834194959457,
        0.13906228111005411,
        -0.0006565393248501566,
        25.893576495300294
      ],
      [
        0.005592222974942609,
        0.044539490908799426,
        0.9989919723360061,
        0.9070138153562937
      ],
      [
        0.0,
        0.0,
        0.0,
        1.0
      ]
    ],
    "location": [
      2.041151841092187,
      25.893576495300294,
      0.9070138153562937
    ],
    "rotation": [
      0.04455492720895998,
      -0.005592252122911657,
      -1.4313917249460952
    ]
  },
  {
    "label_id": "SE1GxLqUzqbnMSkTAHHg2Q",
    "size": [
      0.929982198974228,
      1.0130600459139427,
      1.8200000000000038
    ],
    "obj_class": "pedestrian",
    "point_num_in_lidar": 119,
    "speed": 1.4557569292078223,
    "if_vehicle": false,
    "motion_state": true,
    "pose": [
      [
        0.1470716615217462,
        0.9881069366282687,
        -0.044884386643146056,
        8.804577800337483
      ],
      [
        -0.9891078963058543,
        0.14719082315661694,
        -0.0006565393248501566,
        26.103278206317555
      ],
      [
        0.00595783875583085,
        0.044492059578940854,
        0.9989919723360061,
        1.0486965888134172
      ],
      [
        0.0,
        0.0,
        0.0,
        1.0
      ]
    ],
    "location": [
      8.804577800337483,
      26.103278206317555,
      1.0486965888134172
    ],
    "rotation": [
      0.04450754210925308,
      -0.005957874002811683,
      -1.423186603035911
    ]
  },
  {
    "label_id": "UKPPRkSzxShd_vfgFE0sew",
    "size": [
      2.1840450924505133,
      5.292964081439663,
      1.8599999999999994
    ],
    "obj_class": "vehicle",
    "point_num_in_lidar": 987,
    "speed": 0.006105825374111351,
    "if_vehicle": true,
    "motion_state": false,
    "pose": [
      [
        0.15889226506641282,
        0.9862751339954451,
        -0.044884386643146056,
        6.073236595816525
      ],
      [
        -0.9872745951311037,
        0.15902340319849131,
        -0.0006565393248501566,
        20.998425742438485
      ],
      [
        0.006490139503880127,
        0.04441753367125056,
        0.9989919723360061,
        1.021509389067699
      ],
      [
        0.0,
        0.0,
        0.0,
        1.0
      ]
    ],
    "location": [
      6.073236595816525,
      20.998425742438485,
      1.021509389067699
    ],
    "rotation": [
      0.04443308843620681,
      -0.006490185067589974,
      -1.4112243745643362
    ]
  },
  {
    "label_id": "VTRd1yBJHqNe_iEnYQW6UA",
    "size": [
      0.820267532454925,
      0.8400554809897636,
      1.6400000000000006
    ],
    "obj_class": "pedestrian",
    "point_num_in_lidar": 244,
    "speed": 0.8268948038169509,
    "if_vehicle": false,
    "motion_state": false,
    "pose": [
      [
        0.3734117603829165,
        -0.9265792189788199,
        -0.044884386643146056,
        -6.975350413528531
      ],
      [
        0.9275027522763692,
        0.3738157480308649,
        -0.0006565393248501566,
        12.236999665403346
      ],
      [
        0.017386826262762747,
        -0.04138523264070176,
        0.9989919723360061,
        0.9608335105609491
      ],
      [
        0.0,
        0.0,
        0.0,
        1.0
      ]
    ],
    "location": [
      -6.975350413528531,
      12.236999665403346,
      0.9608335105609491
    ],
    "rotation": [
      -0.04140331762649618,
      -0.017387702393222206,
      1.188051368294292
    ]
  },
  {
    "label_id": "Zl-y3j7oUzSX87ynXxP3zQ",
    "size": [
      1.1146094968868627,
      1.2440111412605759,
      2.0199999999999996
    ],
    "obj_class": "pedestrian",
    "point_num_in_lidar": 109,
    "speed": 1.397592824505314,
    "if_vehicle": false,
    "motion_state": true,
    "pose": [
      [
        0.13469809284638126,
        0.9898695952595049,
        -0.044884386643146056,
        8.993727844512932
      ],
      [
        -0.9908719674116433,
        0.1348047222981978,
        -0.0006565393248501566,
        17.98673624998628
      ],
      [
        0.005400738961192868,
        0.04456311509409498,
        0.9989919723360061,
        1.2049849861006052
      ],
      [
        0.0,
        0.0,
        0.0,
        1.0
      ]
    ],
    "location": [
      8.993727844512932,
      17.98673624998628,
      1.2049849861006052
    ],
    "rotation": [
      0.04457852829366129,
      -0.005400765216313012,
      -1.4356855719296138
    ]
  },
  {
    "label_id": "cTtq-GMvsci0tRg4OYAu-A",
    "size": [
      3.0199428803004364,
      8.05412118617281,
      3.3000000000000007
    ],
    "obj_class": "vehicle",
    "point_num_in_lidar": 351,
    "speed": 5.318442942423825,
    "if_vehicle": true,
    "motion_state": true,
    "pose": [
      [
        0.7127652368926257,
        0.6999650769238902,
        -0.044884386643146056,
        15.218348088566927
      ],
      [
        -0.7006921168478968,
        0.7134634723258986,
        -0.0006565393248501566,
        -27.843573546382686
      ],
      [
        0.031563815748614873,
        0.03191809429781162,
        0.9989919723360061,
        1.4791390345696378
      ],
      [
        0.0,
        0.0,
        0.0,
        1.0
      ]
    ],
    "location": [
      15.218348088566927,
      -27.843573546382686,
      1.4791390345696378
    ],
    "rotation": [
      0.031939435885285375,
      -0.031569059136962126,
      -0.7768568187187928
    ]
  },
  {
    "label_id": "cg0h8afU5l6J7-8fjr1SZQ",
    "size": [
      0.19229064882076735,
      0.0621777752682898,
      0.18999999999999773
    ],
    "obj_class": "sign",
    "point_num_in_lidar": 36,
    "speed": 0.0026868482040464806,
    "if_vehicle": false,
    "motion_state": false,
    "pose": [
      [
        0.9851984908209965,
        -0.1654367719695326,
        -0.044884386643146056,
        -12.359832308499563
      ],
      [
        0.1655745427637734,
        0.9861970592861663,
        -0.0006565393248501566,
        25.577569706027134
      ],
      [
        0.04437346586190819,
        -0.006784890243664316,
        0.9989919723360061,
        1.6954623059312475
      ],
      [
        0.0,
        0.0,
        0.0,
        1.0
      ]
    ],
    "location": [
      -12.359832308499563,
      25.577569706027134,
      1.6954623059312475
    ],
    "rotation": [
      -0.006791632075808311,
      -0.04438804070513185,
      0.16650610361643525
    ]
  },
  {
    "label_id": "d6uA9LEwbNgFClVe3mDiow",
    "size": [
      2.093650229779134,
      4.690981136743863,
      1.6500000000000057
    ],
    "obj_class": "vehicle",
    "point_num_in_lidar": 4786,
    "speed": 3.4948737373761936,
    "if_vehicle": true,
    "motion_state": true,
    "pose": [
      [
        0.16900218039920956,
        0.9845931417880085,
        -0.044884386643146056,
        -2.0182602456611676
      ],
      [
        -0.9855912049694536,
        0.1691435651834714,
        -0.0006565393248501566,
        31.68210621263279
      ],
      [
        0.006945481061333514,
        0.04434861329335068,
        0.9989919723360061,
        1.042221966645947
      ],
      [
        0.0,
        0.0,
        0.0,
        1.0
      ]
    ],
    "location": [
      -2.0182602456611676,
      31.68210621263279,
      1.042221966645947
    ],
    "rotation": [
      0.04436423442101964,
      -0.006945536903874507,
      -1.4009749918058139
    ]
  },
  {
    "label_id": "gSyJHmz9hma10BKIiIIo3A",
    "size": [
      0.2839665992812668,
      0.08844951503223594,
      0.41999999999999815
    ],
    "obj_class": "sign",
    "point_num_in_lidar": 32,
    "speed": 0.0005852618687484778,
    "if_vehicle": false,
    "motion_state": false,
    "pose": [
      [
        -0.12472886127020069,
        -0.991175112178422,
        -0.044884386643146056,
        9.055153590789132
      ],
      [
        0.9921785067211965,
        -0.12482539708173017,
        -0.0006565393248501566,
        11.895248003431334
      ],
      [
        -0.004951965946542712,
        -0.04461521311706114,
        0.9989919723360061,
        2.5985031961337803
      ],
      [
        0.0,
        0.0,
        0.0,
        1.0
      ]
    ],
    "location": [
      9.055153590789132,
      11.895248003431334,
      2.5985031961337803
    ],
    "rotation": [
      -0.04463057519760048,
      0.0049519861854234164,
      1.6958524218751563
    ]
  },
  {
    "label_id": "hiebKsby5uy1leYvMiBsGg",
    "size": [
      0.9772276589101141,
      1.2902794644725941,
      1.9900000000000055
    ],
    "obj_class": "pedestrian",
    "point_num_in_lidar": 75,
    "speed": 3.2358704058737,
    "if_vehicle": false,
    "motion_state": true,
    "pose": [
      [
        0.13019161815004077,
        0.9904723794226381,
        -0.044884386643146056,
        -7.083353887938074
      ],
      [
        -0.991475226483876,
        0.13029368451640977,
        -0.0006565393248501566,
        -0.9866565934189566
      ],
      [
        0.005197868045725761,
        0.04458723332968447,
        0.9989919723360061,
        1.0877254588017102
      ],
      [
        0.0,
        0.0,
        0.0,
        1.0
      ]
    ],
    "location": [
      -7.083353887938074,
      -0.9866565934189566,
      1.0877254588017102
    ],
    "rotation": [
      0.044602622894291816,
      -0.005197891451864795,
      -1.4402323126209802
    ]
  },
  {
    "label_id": "lznON-h0EPw_nGsACmmUWg",
    "size": [
      0.7580006794911499,
      0.8024282435494285,
      1.6624271538721658
    ],
    "obj_class": "pedestrian",
    "point_num_in_lidar": 23,
    "speed": 0.433799773343394,
    "if_vehicle": false,
    "motion_state": false,
    "pose": [
      [
        0.12127973106027734,
        0.9916030549920746,
        -0.044884386643146056,
        13.434988299998167
      ],
      [
        -0.9926067793178964,
        0.12137277539987154,
        -0.0006565393248501566,
        -6.999359067194746
      ],
      [
        0.004796716178755711,
        0.044632171380260745,
        0.9989919723360061,
        0.8429447641292285
      ],
      [
        0.0,
        0.0,
        0.0,
        1.0
      ]
    ],
    "location": [
      13.434988299998167,
      -6.999359067194746,
      0.8429447641292285
    ],
    "rotation": [
      0.044647516769022746,
      -0.004796734573142418,
      -1.44921589212658
    ]
  },
  {
    "label_id": "t0ccuriz40o-ctRGwvPO6w",
    "size": [
      0.47809002901644154,
      0.07158715838705526,
      0.4499999999999993
    ],
    "obj_class": "sign",
    "point_num_in_lidar": 47,
    "speed": 0.01568264523550047,
    "if_vehicle": false,
    "motion_state": false,
    "pose": [
      [
        -0.10901998921767786,
        -0.9930256964382371,
        -0.044884386643146056,
        9.08620309293724
      ],
      [
        0.9940304936541047,
        -0.10910062622135662,
        -0.0006565393248501566,
        15.600769172011496
      ],
      [
        -0.004244954270030312,
        -0.04468802492236432,
        0.9989919723360061,
        3.43497194907523
      ],
      [
        0.0,
        0.0,
        0.0,
        1.0
      ]
    ],
    "location": [
      9.08620309293724,
      15.600769172011496,
      3.43497194907523
    ],
    "rotation": [
      -0.044703315153891365,
      0.004244967018889355,
      1.680034424364949
    ]
  },
  {
    "label_id": "t6DnS0RS2qwEJ9YZjBU_Hw",
    "size": [
      0.791584723245284,
      0.07201363665077959,
      0.8200000000000003
    ],
    "obj_class": "sign",
    "point_num_in_lidar": 30,
    "speed": 0.011664803752381535,
    "if_vehicle": false,
    "motion_state": false,
    "pose": [
      [
        -0.1960836494967111,
        -0.9795593878043941,
        -0.044884386643146056,
        12.79479074548749
      ],
      [
        0.9805531735364649,
        -0.1962524976240614,
        -0.0006565393248501566,
        -11.54793964039709
      ],
      [
        -0.008165553723921744,
        -0.04414026439202931,
        0.9989919723360061,
        4.404227907925261
      ],
      [
        0.0,
        0.0,
        0.0,
        1.0
      ]
    ],
    "location": [
      12.79479074548749,
      -11.54793964039709,
      4.404227907925261
    ],
    "rotation": [
      -0.0441560835797143,
      0.008165644468085377,
      1.768165424586538
    ]
  },
  {
    "label_id": "tFlmliGB17ftCtEQhPYBeA",
    "size": [
      2.223148486985494,
      4.761291906445937,
      1.7500000000000036
    ],
    "obj_class": "vehicle",
    "point_num_in_lidar": 126,
    "speed": 1.8025283936641677e-27,
    "if_vehicle": true,
    "motion_state": false,
    "pose": [
      [
        0.14211781515672178,
        0.9888315925630351,
        -0.044884386643146056,
        10.096989451479203
      ],
      [
        -0.989833136861183,
        0.1422319588828945,
        -0.0006565393248501566,
        -4.436113977653804
      ],
      [
        0.005734787409340048,
        0.044521359161487625,
        0.9989919723360061,
        0.7071545569650368
      ],
      [
        0.0,
        0.0,
        0.0,
        1.0
      ]
    ],
    "location": [
      10.096989451479203,
      -4.436113977653804,
      0.7071545569650368
    ],
    "rotation": [
      0.04453681315784457,
      -0.005734818843882714,
      -1.4281933460327438
    ]
  },
  {
    "label_id": "tJ6eBPVLTAZBYef0et6UBw",
    "size": [
      0.9999999999992449,
      1.0,
      1.5899999999999999
    ],
    "obj_class": "pedestrian",
    "point_num_in_lidar": 29,
    "speed": 0.9429694439988208,
    "if_vehicle": false,
    "motion_state": false,
    "pose": [
      [
        0.3233289393154178,
        0.9452215554232961,
        -0.044884386643146056,
        12.479084075635228
      ],
      [
        -0.946184464869884,
        0.3236271425498889,
        -0.0006565393248501566,
        -5.876543560301798
      ],
      [
        0.013905230672594332,
        0.042681187520480786,
        0.9989919723360061,
        0.801552988994036
      ],
      [
        0.0,
        0.0,
        0.0,
        1.0
      ]
    ],
    "location": [
      12.479084075635228,
      -5.876543560301798,
      0.801552988994036
    ],
    "rotation": [
      0.04269828744220519,
      -0.013905678820254699,
      -1.2415180085675666
    ]
  },
  {
    "label_id": "vmn__6KAMDH9asbD_5T3qA",
    "size": [
      0.24908351304935175,
      0.041174764240526046,
      0.3999999999999986
    ],
    "obj_class": "sign",
    "point_num_in_lidar": 25,
    "speed": 1.1705728313727963e-27,
    "if_vehicle": false,
    "motion_state": false,
    "pose": [
      [
        0.29629780159423136,
        -0.9540403579545752,
        -0.044884386643146056,
        -6.8101519174683744
      ],
      [
        0.9549938659085989,
        0.296624822011011,
        -0.0006565393248501566,
        17.004352015313998
      ],
      [
        0.013940188211587897,
        -0.04266978276066107,
        0.9989919723360061,
        2.6966007629465985
      ],
      [
        0.0,
        0.0,
        0.0,
        1.0
      ]
    ],
    "location": [
      -6.8101519174683744,
      17.004352015313998,
      2.6966007629465985
    ],
    "rotation": [
      -0.04268689196977583,
      -0.013940639747859505,
      1.2699521277674886
    ]
  },
  {
    "label_id": "wXp6vXhTV8f1jleasmAGTw",
    "size": [
      2.289450396410845,
      4.793928541223385,
      1.870000000000001
    ],
    "obj_class": "vehicle",
    "point_num_in_lidar": 72,
    "speed": 5.8690657397140615,
    "if_vehicle": true,
    "motion_state": true,
    "pose": [
      [
        0.1695872180465553,
        0.9844925430448411,
        -0.044884386643146056,
        4.425114655493189
      ],
      [
        -0.9854905220360457,
        0.16972919587754215,
        -0.0006565393248501566,
        12.949279656706494
      ],
      [
        0.006971832782867201,
        0.04434447830186122,
        0.9989919723360061,
        0.7267991396749558
      ],
      [
        0.0,
        0.0,
        0.0,
        1.0
      ]
    ],
    "location": [
      4.425114655493189,
      12.949279656706494,
      0.7267991396749558
    ],
    "rotation": [
      0.0443601033976791,
      -0.006971889263445598,
      -1.4003813394293947
    ]
  },
  {
    "label_id": "xfS8VoC0AfB3m7ZdKCuApA",
    "size": [
      2.317314649714157,
      5.728274035621146,
      2.450000000000003
    ],
    "obj_class": "vehicle",
    "point_num_in_lidar": 2172,
    "speed": 4.121392065123247,
    "if_vehicle": true,
    "motion_state": true,
    "pose": [
      [
        0.15899438694885218,
        0.9862586763899353,
        -0.044884386643146056,
        -1.667918759283566
      ],
      [
        -0.9872581239416879,
        0.1591256285682914,
        -0.0006565393248501566,
        12.967030538666222
      ],
      [
        0.006494738631968182,
        0.04441686141904809,
        0.9989919723360061,
        1.3309034258842978
      ],
      [
        0.0,
        0.0,
        0.0,
        1.0
      ]
    ],
    "location": [
      -1.667918759283566,
      12.967030538666222,
      1.3309034258842978
    ],
    "rotation": [
      0.04443241683334391,
      -0.006494784292611781,
      -1.4111209307190766
    ]
  }
]