[
  {
    "label_id": "-u6v7A9TrXDu-9EE_fzpuA",
    "size": [
      2.0399475097392736,
      4.415591832276201,
      1.7400000000000055
    ],
    "obj_class": "vehicle",
    "point_num_in_lidar": 799,
    "speed": 3.044628361561128,
    "if_vehicle": true,
    "motion_state": true,
    "pose": [
      [
        0.12299978837118478,
        0.9917772695495023,
        -0.035339774554707465,
        4.266755692985498
      ],
      [
        -0.9923287583107854,
        0.12246583821878779,
        -0.016904256823198793,
        -8.046272482119093
      ],
      [
        -0.012437342562570404,
        0.037147894614681556,
        0.9992323785965295,
        0.8852097652842517
      ],
      [
        0.0,
        0.0,
        0.0,
        1.0
      ]
    ],
    "location": [
      4.266755692985498,
      -8.046272482119093,
      0.8852097652842517
    ],
    "rotation": [
      0.037159319205863954,
      0.01243766323510997,
      -1.4474746776790464
    ]
  },
  {
    "label_id": "3DGCEQS1fQrrltlr7Y0QFA",
    "size": [
      2.238866904400891,
      4.778130853572724,
      1.8000000000000043
    ],
    "obj_class": "vehicle",
    "point_num_in_lidar": 2131,
    "speed": 0.029962773040421817,
    "if_vehicle": true,
    "motion_state": false,
    "pose": [
      [
        0.17668899798045268,
        0.9836320950066066,
        -0.035339774554707465,
        6.877050258627833
      ],
      [
        -0.9842117724151037,
        0.17618579154056507,
        -0.016904256823198793,
        14.684741097842561
      ],
      [
        -0.010401203400746498,
        0.03776861835093404,
        0.9992323785965295,
        0.9921091190697382
      ],
      [
        0.0,
        0.0,
        0.0,
        1.0
      ]
    ],
    "location": [
      6.877050258627833,
      14.684741097842561,
      0.9921091190697382
    ],
    "rotation": [
      0.037779648034939835,
      0.010401390952298039,
      -1.3931651146752404
    ]
  },
  {
    "label_id": "3nT8tDOtD-Z4SicFOMGd2Q",
    "size": [
      2.08945508902155,
      4.8468502346614635,
      1.4700000000000024
    ],
    "obj_class": "vehicle",
    "point_num_in_lidar": 3085,
    "speed": 0.04212275459853414,
    "if_vehicle": true,
    "motion_state": false,
    "pose": [
      [
        0.14470056428016348,
        0.9888441975515782,
        -0.035339774554707465,
        8.126631927508242
      ],
      [
        -0.98940725301821,
        0.144178825686074,
        -0.016904256823198793,
        7.545260948925716
      ],
      [
        -0.01162042907823348,
        0.03741148476550961,
        0.9992323785965295,
        0.7525568594139393
      ],
      [
        0.0,
        0.0,
        0.0,
        1.0
      ]
    ],
    "location": [
      8.126631927508242,
      7.545260948925716,
      0.7525568594139393
    ],
    "rotation": [
      0.037422745182441645,
      0.011620690620350272,
      -1.4255761069475192
    ]
  },
  {
    "label_id": "5AjDD1HMSXUI04BJtWagJA",
    "size": [
      0.2711427132410353,
      0.04132458893582225,
      0.3999999999999986
    ],
    "obj_class": "sign",
    "point_num_in_lidar": 53,
    "speed": 0.016345359588695867,
    "if_vehicle": false,
    "motion_state": false,
    "pose": [
      [
        -0.17952129372538791,
        -0.9831191206733727,
        -0.035339774554707465,
        10.058862970326345
      ],
      [
        0.9837002449981176,
        -0.17901975894268987,
        -0.016904256823198793,
        5.449742242006323
      ],
      [
        0.010292380181787322,
        -0.03779841894201084,
        0.9992323785965295,
        2.5469092305898258
      ],
      [
        0.0,
        0.0,
        0.0,
        1.0
      ]
    ],
    "location": [
      10.058862970326345,
      5.449742242006323,
      2.5469092305898258
    ],
    "rotation": [
      -0.037809428938765106,
      -0.010292561907722661,
      1.7513058111152706
    ]
  },
  {
    "label_id": "6nFW7Fnejgm08SNoDjHi2w",
    "size": [
      0.7576715269810348,
      0.7637234397275995,
      1.8900000000000041
    ],
    "obj_class": "pedestrian",
    "point_num_in_lidar": 25,
    "speed": 0.0021243309956652354,
    "if_vehicle": false,
    "motion_state": false,
    "pose": [
      [
        -0.6309400137650362,
        0.7750263217237194,
        -0.035339774554707465,
        18.816139569982397
      ],
      [
        -0.7750224012374987,
        -0.6317076251568576,
        -0.016904256823198793,
        -19.926265494310428
      ],
      [
        -0.035425649044689846,
        0.01672354490186448,
        0.9992323785965295,
        0.7929657278658979
      ],
      [
        0.0,
        0.0,
        0.0,
        1.0
      ]
    ],
    "location": [
      18.816139569982397,
      -19.926265494310428,
      0.7929657278658979
    ],
    "rotation": [
      0.0167348297180461,
      0.035433062959209255,
      -2.254071450909394
    ]
  },
  {
    "label_id": "7qaAcL3WFHPDh_NixTan-A",
    "size": [
      2.045007749544972,
      4.144237317604301,
      1.6999999999999993
    ],
    "obj_class": "vehicle",
    "point_num_in_lidar": 57,
    "speed": 5.417523656209198,
    "if_vehicle": true,
    "motion_state": true,
    "pose": [
      [
        0.6716500845153949,
        0.7400251781560444,
        -0.035339774554707465,
        21.368344870173587
      ],
      [
        -0.7407835220903575,
        0.6715311009183866,
        -0.016904256823198793,
        -37.04187458155866
      ],
      [
        0.011222182045747073,
        0.0375328681884868,
        0.9992323785965295,
        0.5572475573101094
      ],
      [
        0.0,
        0.0,
        0.0,
        1.0
      ]
    ],
    "location": [
      21.368344870173587,
      -37.04187458155866,
      0.5572475573101094
    ],
    "rotation": [
      0.03754405125793296,
      -0.011222417607778881,
      -0.8343054591649213
    ]
  },
  {
    "label_id": "98eaCxEDxm2x1CEezRDTiQ",
    "size": [
      0.2546044225488059,
      0.04920328620637804,
      0.41999999999999815
    ],
    "obj_class": "sign",
    "point_num_in_lidar": 27,
    "speed": 0.01198525252531369,
    "if_vehicle": false,
    "motion_state": false,
    "pose": [
      [
        -0.13917431791104715,
        -0.9896371100400475,
        -0.035339774554707465,
        11.761674504062057
      ],
      [
        0.9901972421283919,
        -0.13864944205651267,
        -0.016904256823198793,
        -6.1436202047989354
      ],
      [
        0.011829239845472074,
        -0.037345985714672306,
        0.9992323785965295,
        2.5219337115361427
      ],
      [
        0.0,
        0.0,
        0.0,
        1.0
      ]
    ],
    "location": [
      11.761674504062057,
      -6.1436202047989354,
      2.5219337115361427
    ],
    "rotation": [
      -0.037357287410723236,
      -0.011829515742238535,
      1.710433729995586
    ]
  },
  {
    "label_id": "ABRBhQePUHY_I0XPW1ez4A",
    "size": [
      2.1306944974763495,
      4.5215893642290155,
      1.8999999999999986
    ],
    "obj_class": "vehicle",
    "point_num_in_lidar": 267,
    "speed": 3.7340003598180487,
    "if_vehicle": true,
    "motion_state": true,
    "pose": [
      [
        0.5694587509786179,
        0.821259904822033,
        -0.035339774554707465,
        6.567155114971683
      ],
      [
        -0.8219962694654808,
        0.5692419337031382,
        -0.016904256823198793,
        -22.962875674505995
      ],
      [
        0.0062340932544471955,
        0.03867543982448122,
        0.9992323785965295,
        0.8680666977640499
      ],
      [
        0.0,
        0.0,
        0.0,
        1.0
      ]
    ],
    "location": [
      6.567155114971683,
      -22.962875674505995,
      0.8680666977640499
    ],
    "rotation": [
      0.03868584016477614,
      -0.006234133635368985,
      -0.9649355976660323
    ]
  },
  {
    "label_id": "BJzgD4pDd9zzx_tJ81Wh9w",
    "size": [
      2.0576826721185095,
      4.348731250934897,
      1.5799999999999983
    ],
    "obj_class": "vehicle",
    "point_num_in_lidar": 33,
    "speed": 2.9761091748934287,
    "if_vehicle": true,
    "motion_state": true,
    "pose": [
      [
        0.20441535917739811,
        0.9782461148743693,
        -0.035339774554707465,
        5.848208819264983
      ],
      [
        -0.9788397811220664,
        0.20392873508694276,
        -0.016904256823198793,
        -14.998220492861947
      ],
      [
        -0.009329728038933546,
        0.03804746692017419,
        0.9992323785965295,
        0.7333168670613581
      ],
      [
        0.0,
        0.0,
        0.0,
        1.0
      ]
    ],
    "location": [
      5.848208819264983,
      -14.998220492861947,
      0.7333168670613581
    ],
    "rotation": [
      0.03805830975907659,
      0.0093298633934383,
      -1.3649208200161969
    ]
  },
  {
    "label_id": "BMprUx_wfiGkn4Jsd9YGfw",
    "size": [
      0.9165089260500515,
      0.14690670426762598,
      1.129999999999999
    ],
    "obj_class": "sign",
    "point_num_in_lidar": 78,
    "speed": 8.881784197001252e-13,
    "if_vehicle": false,
    "motion_state": false,
    "pose": [
      [
        -0.7031866756284613,
        -0.7101264672950979,
        -0.035339774554707465,
        25.45894164119727
      ],
      [
        0.7108892669214739,
        -0.703100772490761,
        -0.016904256823198793,
        -24.83657221876274
      ],
      [
        -0.012843262608956943,
        -0.037009514585841036,
        0.9992323785965295,
        3.377224510499392
      ],
      [
        0.0,
        0.0,
        0.0,
        1.0
      ]
    ],
    "location": [
      25.45894164119727,
      -24.83657221876274,
      3.377224510499392
    ],
    "rotation": [
      -0.03702102329781621,
      0.012843615716566104,
      2.350747459462174
    ]
  },
  {
    "label_id": "HvXo3bcZJiBtcXJw3euZyA",
    "size": [
      2.1355814538903757,
      4.745719360965725,
      1.7100000000000044
    ],
    "obj_class": "vehicle",
    "point_num_in_lidar": 5955,
    "speed": 0.022280058681036604,
    "if_vehicle": true,
    "motion_state": false,
    "pose": [
      [
        0.1276024408727192,
        0.9911955999790085,
        -0.035339774554707465,
        -2.894924113623574
      ],
      [
        -0.9917495614742287,
        0.12707105656651538,
        -0.016904256823198793,
        2.6538173915596417
      ],
      [
        -0.012264762492580643,
        0.03720523034900872,
        0.9992323785965295,
        0.8600299934354112
      ],
      [
        0.0,
        0.0,
        0.0,
        1.0
      ]
    ],
    "location": [
      -2.894924113623574,
      2.6538173915596417,
      0.8600299934354112
    ],
    "rotation": [
      0.03721661966961211,
      0.012265069999984378,
      -1.4428353677550498
    ]
  },
  {
    "label_id": "MMRb3jHqGvp6u3_L3aIsDw",
    "size": [
      2.187111608221432,
      5.576670239505544,
      2.0900000000000034
    ],
    "obj_class": "vehicle",
    "point_num_in_lidar": 5088,
    "speed": 3.4375579016789417,
    "if_vehicle": true,
    "motion_state": true,
    "pose": [
      [
        0.15860679672632644,
        0.9867091690901814,
        -0.035339774554707465,
        3.048311723090819
      ],
      [
        -0.9872795135980137,
        0.15809303631382673,
        -0.016904256823198793,
        1.3088465770124458
      ],
      [
        -0.011092612942105692,
        0.03757136545880175,
        0.9992323785965295,
        1.1407195060217745
      ],
      [
        0.0,
        0.0,
        0.0,
        1.0
      ]
    ],
    "location": [
      3.048311723090819,
      1.3088465770124458,
      1.1407195060217745
    ],
    "rotation": [
      0.03758252376643737,
      0.01109284043842564,
      -1.4115070150561384
    ]
  },
  {
    "label_id": "PDJRXsFgAheGLL2zZRkw1g",
    "size": [
      0.30252014459575993,
      0.09175552356189816,
      0.41999999999999815
    ],
    "obj_class": "sign",
    "point_num_in_lidar": 64,
    "speed": 0.009790998788737085,
    "if_vehicle": false,
    "motion_state": false,
    "pose": [
      [
        -0.4838923914817024,
        -0.8744136628624585,
        -0.035339774554707465,
        10.879966244157913
      ],
      [
        0.8751244606115905,
        -0.4836025481121126,
        -0.016904256823198793,
        -0.462592769323237
      ],
      [
        -0.002309091897623166,
        -0.03910654240572213,
        0.9992323785965295,
        2.5483446144863784
      ],
      [
        0.0,
        0.0,
        0.0,
        1.0
      ]
    ],
    "location": [
      10.879966244157913,
      -0.462592769323237,
      2.5483446144863784
    ],
    "rotation": [
      -0.03911662135519723,
      0.002309093949604679,
      2.0758948711982277
    ]
  },
  {
    "label_id": "Rqi1rKFoDmNStEQoR06fGg",
    "size": [
      2.116252839309961,
      4.457104393150359,
      1.4400000000000048
    ],
    "obj_class": "vehicle",
    "point_num_in_lidar": 821,
    "speed": 6.4706961736884585,
    "if_vehicle": true,
    "motion_state": true,
    "pose": [
      [
        0.19787546069786183,
        0.9795899154176871,
        -0.035339774554707465,
        6.243704297121667
      ],
      [
        -0.9801803174435679,
        0.1973848813802157,
        -0.016904256823198793,
        0.15214897512669268
      ],
      [
        -0.009583702303151666,
        0.037984289048062725,
        0.9992323785965295,
        0.7905203159162681
      ],
      [
        0.0,
        0.0,
        0.0,
        1.0
      ]
    ],
    "location": [
      6.243704297121667,
      0.15214897512669268,
      0.7905203159162681
    ],
    "rotation": [
      0.03799517473646068,
      0.009583849015491919,
      -1.3715970057715006
    ]
  },
  {
    "label_id": "TudpSXYouq_oe3kMbFIu3Q",
    "size": [
      2.0251845402477415,
      4.31999934299972,
      1.5999999999999979
    ],
    "obj_class": "vehicle",
    "point_num_in_lidar": 44,
    "speed": 6.2167205445039375,
    "if_vehicle": true,
    "motion_state": true,
    "pose": [
      [
        0.7339342037809466,
        0.6783005859166349,
        -0.035339774554707465,
        29.60403777431543
      ],
      [
        -0.6790664406001509,
        0.7338821535859127,
        -0.016904256823198793,
        -45.977027467999505
      ],
      [
        0.014469062549788338,
        0.03640466719052002,
        0.9992323785965295,
        0.4992356152884305
      ],
      [
        0.0,
        0.0,
        0.0,
        1.0
      ]
    ],
    "location": [
      29.60403777431543,
      -45.977027467999505,
      0.4992356152884305
    ],
    "rotation": [
      0.03641652702691026,
      -0.014469567456158046,
      -0.7465869913016696
    ]
  },
  {
    "label_id": "UdjYZNG7VuXTcEAMszCFUQ",
    "size": [
      0.9597720429050689,
      0.08222598728067632,
      1.1799999999999997
    ],
    "obj_class": "sign",
    "point_num_in_lidar": 29,
    "speed": 0.0014978682749653563,
    "if_vehicle": false,
    "motion_state": false,
    "pose": [
      [
        -0.678213843762769,
        -0.7340143612102917,
        -0.035339774554707465,
        25.49890597225317
      ],
      [
        0.7347737346962454,
        -0.6781016184184984,
        -0.016904256823198793,
        -57.78002846585332
      ],
      [
        -0.01155599104627702,
        -0.037431439128900415,
        0.9992323785965295,
        3.7092928701991426
      ],
      [
        0.0,
        0.0,
        0.0,
        1.0
      ]
    ],
    "location": [
      25.49890597225317,
      -57.78002846585332,
      3.7092928701991426
    ],
    "rotation": [
      -0.0374426869063646,
      0.011556248261364343,
      2.3161872654991247
    ]
  },
  {
    "label_id": "ZUj8bgZ_464uLWT5gJwlkQ",
    "size": [
      1.9746059315862887,
      4.49332408016428,
      1.5799999999999983
    ],
    "obj_class": "vehicle",
    "point_num_in_lidar": 36,
    "speed": 2.6597173095778817,
    "if_vehicle": true,
    "motion_state": true,
    "pose": [
      [
        0.7172432702605683,
        0.6959261394719614,
        -0.035339774554707465,
        11.95476771130393
      ],
      [
        -0.6966905040496765,
        0.7171726344948357,
        -0.016904256823198793,
        -28.890528658403127
      ],
      [
        0.013580605028241812,
        0.0367453497927167,
        0.9992323785965295,
        0.5516452927694289
      ],
      [
        0.0,
        0.0,
        0.0,
        1.0
      ]
    ],
    "location": [
      11.95476771130393,
      -28.890528658403127,
      0.5516452927694289
    ],
    "rotation": [
      0.03675701516028665,
      -0.0135810225144683,
      -0.7708633108995194
    ]
  },
  {
    "label_id": "Zl-y3j7oUzSX87ynXxP3zQ",
    "size": [
      1.1146094968883147,
      1.2440111412605759,
      2.0199999999999996
    ],
    "obj_class": "pedestrian",
    "point_num_in_lidar": 353,
    "speed": 1.5272307889525707,
    "if_vehicle": false,
    "motion_state": true,
    "pose": [
      [
        0.13324094470551281,
        0.9904534067730824,
        -0.035339774554707465,
        9.959350936140027
      ],
      [
        -0.991010383232841,
        0.13271272141717633,
        -0.016904256823198793,
        11.298088198398546
      ],
      [
        -0.012052841104079658,
        0.037274422673490466,
        0.9992323785965295,
        1.1489534337071277
      ],
      [
        0.0,
        0.0,
        0.0,
        1.0
      ]
    ],
    "location": [
      9.959350936140027,
      11.298088198398546,
      1.1489534337071277
    ],
    "rotation": [
      0.037285769104224056,
      0.012053132944495412,
      -1.4371481916147353
    ]
  },
  {
    "label_id": "b8ZBD1C07gdK2dD44CLu4g",
    "size": [
      0.9999999999997455,
      1.0,
      1.7580791733006507
    ],
    "obj_class": "pedestrian",
    "point_num_in_lidar": 27,
    "speed": 1.4101825778687365,
    "if_vehicle": false,
    "motion_state": true,
    "pose": [
      [
        -0.7103817731122608,
        -0.7029287565353283,
        -0.035339774554707465,
        16.924763431019983
      ],
      [
        0.7036923914012833,
        -0.7103036423848597,
        -0.016904256823198793,
        -14.03401390126237
      ],
      [
        -0.013219482358383529,
        -0.0368768064031933,
        0.9992323785965295,
        0.8039084798443952
      ],
      [
        0.0,
        0.0,
        0.0,
        1.0
      ]
    ],
    "location": [
      16.924763431019983,
      -14.03401390126237,
      0.8039084798443952
    ],
    "rotation": [
      -0.036888394457138506,
      0.013219867416474525,
      2.3609250283638668
    ]
  },
  {
    "label_id": "c1T2ewj30YC7QSMo1n8rSg",
    "size": [
      2.1395061148054126,
      4.899611174664626,
      2.0600000000000023
    ],
    "obj_class": "vehicle",
    "point_num_in_lidar": 99,
    "speed": 2.1424066425145925,
    "if_vehicle": true,
    "motion_state": true,
    "pose": [
      [
        0.9741406857574307,
        -0.22316143189732626,
        -0.035339774554707465,
        -7.525945072538434
      ],
      [
        0.2226862967858304,
        0.9747435864498255,
        -0.016904256823198793,
        -26.705941177640852
      ],
      [
        0.038219596751609027,
        0.008597440809136674,
        0.9992323785965295,
        0.9672319723593858
      ],
      [
        0.0,
        0.0,
        0.0,
        1.0
      ]
    ],
    "location": [
      -7.525945072538434,
      -26.705941177640852,
      0.9672319723593858
    ],
    "rotation": [
      0.00860383315000776,
      -0.038228907673459316,
      0.2247361124192207
    ]
  },
  {
    "label_id": "cTtq-GMvsci0tRg4OYAu-A",
    "size": [
      3.0199428803005355,
      8.05412118617281,
      3.3000000000000007
    ],
    "obj_class": "vehicle",
    "point_num_in_lidar": 303,
    "speed": 4.187350064663239,
    "if_vehicle": true,
    "motion_state": true,
    "pose": [
      [
        0.7242923189754551,
        0.6885867679585339,
        -0.035339774554707465,
        31.248254537086268
      ],
      [
        -0.689351812154774,
        0.7242294699749412,
        -0.016904256823198793,
        -42.845866315967214
      ],
      [
        0.013954058624162251,
        0.036605161005460074,
        0.9992323785965295,
        1.4791390345696414
      ],
      [
        0.0,
        0.0,
        0.0,
        1.0
      ]
    ],
    "location": [
      31.248254537086268,
      -42.845866315967214,
      1.4791390345696414
    ],
    "rotation": [
      0.036616907423658446,
      -0.013954511509682757,
      -0.760686573348749
    ]
  },
  {
    "label_id": "d6uA9LEwbNgFClVe3mDiow",
    "size": [
      2.0936502297802653,
      4.690981136743863,
      1.6500000000000057
    ],
    "obj_class": "vehicle",
    "point_num_in_lidar": 3698,
    "speed": 4.606287937118482,
    "if_vehicle": true,
    "motion_state": true,
    "pose": [
      [
        0.15552646630724717,
        0.9871993813877737,
        -0.035339774554707465,
        1.4210582595951564
      ],
      [
        -0.9877681196514154,
        0.15501092832946467,
        -0.016904256823198793,
        9.903734250699927
      ],
      [
        -0.011209820618002703,
        0.03753656199007061,
        0.9992323785965295,
        1.042221966645922
      ],
      [
        0.0,
        0.0,
        0.0,
        1.0
      ]
    ],
    "location": [
      1.4210582595951564,
      9.903734250699927,
      1.042221966645922
    ],
    "rotation": [
      0.03754774268845287,
      0.011210055402435384,
      -1.4146260513333062
    ]
  },
  {
    "label_id": "fX6FA_-uf7OEDt4vM-5TvA",
    "size": [
      0.1252138579582906,
      0.034335064228911104,
      0.28999999999999915
    ],
    "obj_class": "sign",
    "point_num_in_lidar": 30,
    "speed": 0.032222213988071347,
    "if_vehicle": false,
    "motion_state": false,
    "pose": [
      [
        0.6168987660296097,
        -0.7862486965366412,
        -0.035339774554707465,
        -4.981755399429176
      ],
      [
        0.7862585825162026,
        0.6176663237710692,
        -0.016904256823198793,
        5.70872294477158
      ],
      [
        0.03511913852526521,
        -0.01735798587294751,
        0.9992323785965295,
        0.64696437844486
      ],
      [
        0.0,
        0.0,
        0.0,
        1.0
      ]
    ],
    "location": [
      -4.981755399429176,
      5.70872294477158,
      0.64696437844486
    ],
    "rotation": [
      -0.01736957344735858,
      -0.035126361589207754,
      0.9055161993035192
    ]
  },
  {
    "label_id": "gSyJHmz9hma10BKIiIIo3A",
    "size": [
      0.28396659928126483,
      0.08844951503223594,
      0.41999999999999815
    ],
    "obj_class": "sign",
    "point_num_in_lidar": 26,
    "speed": 0.010853660075840424,
    "if_vehicle": false,
    "motion_state": false,
    "pose": [
      [
        -0.12477670146783743,
        -0.9915552809123799,
        -0.035339774554707465,
        9.041521403353272
      ],
      [
        0.992107725543923,
        -0.12424374035467296,
        -0.016904256823198793,
        11.847221967014775
      ],
      [
        0.01237075934897414,
        -0.037170120761869756,
        0.9992323785965295,
        2.598503196133766
      ],
      [
        0.0,
        0.0,
        0.0,
        1.0
      ]
    ],
    "location": [
      9.041521403353272,
      11.847221967014775,
      2.598503196133766
    ],
    "rotation": [
      -0.037181531709438775,
      -0.012371074898647631,
      1.6959087213449964
    ]
  },
  {
    "label_id": "hiebKsby5uy1leYvMiBsGg",
    "size": [
      0.977227658910473,
      1.2902794644725941,
      1.9900000000000055
    ],
    "obj_class": "pedestrian",
    "point_num_in_lidar": 128,
    "speed": 3.2670144811291335,
    "if_vehicle": false,
    "motion_state": true,
    "pose": [
      [
        0.0803453756488611,
        0.9961404122643884,
        -0.035339774554707465,
        -4.660953784313051
      ],
      [
        -0.9966684902421046,
        0.07978826141594515,
        -0.016904256823198793,
        -15.743535394316496
      ],
      [
        -0.01401931419033278,
        0.03658021861546136,
        0.9992323785965295,
        1.087725458801735
      ],
      [
        0.0,
        0.0,
        0.0,
        1.0
      ]
    ],
    "location": [
      -4.660953784313051,
      -15.743535394316496,
      1.087725458801735
    ],
    "rotation": [
      0.036591979303319734,
      0.014019773459689792,
      -1.4903563333862724
    ]
  },
  {
    "label_id": "iRUOipEMGVM3WBYeknKwYQ",
    "size": [
      2.159198020873685,
      4.587808644371815,
      1.5470532529445684
    ],
    "obj_class": "vehicle",
    "point_num_in_lidar": 136,
    "speed": 5.510758891345243,
    "if_vehicle": true,
    "motion_state": true,
    "pose": [
      [
        0.6861811273103325,
        0.7265717864447694,
        -0.035339774554707465,
        15.04444797412134
      ],
      [
        -0.7273323390503103,
        0.6860771929403133,
        -0.016904256823198793,
        -27.425184135372547
      ],
      [
        0.011963657247084477,
        0.03730314289167194,
        0.9992323785965295,
        0.6296376935322101
      ],
      [
        0.0,
        0.0,
        0.0,
        1.0
      ]
    ],
    "location": [
      15.04444797412134,
      -27.425184135372547,
      0.6296376935322101
    ],
    "rotation": [
      0.03731447141502957,
      -0.011963942656706111,
      -0.8145026556599433
    ]
  },
  {
    "label_id": "lRzyNQtprTy8rnSr_elHgw",
    "size": [
      1.917564733169482,
      4.524339314131563,
      1.5799999999999983
    ],
    "obj_class": "vehicle",
    "point_num_in_lidar": 232,
    "speed": 0.49808258338154865,
    "if_vehicle": true,
    "motion_state": false,
    "pose": [
      [
        0.9879878256605544,
        0.15043655367281017,
        -0.035339774554707465,
        1.9144427270286997
      ],
      [
        -0.15110000073551827,
        0.98837393524869,
        -0.016904256823198793,
        -26.132724391482043
      ],
      [
        0.032385893908555625,
        0.022041039904369113,
        0.9992323785965295,
        0.7185472083700688
      ],
      [
        0.0,
        0.0,
        0.0,
        1.0
      ]
    ],
    "location": [
      1.9144427270286997,
      -26.132724391482043,
      0.7185472083700688
    ],
    "rotation": [
      0.02205439565404759,
      -0.03239155788546893,
      -0.15176117978561274
    ]
  },
  {
    "label_id": "lznON-h0EPw_nGsACmmUWg",
    "size": [
      0.7580006794895825,
      0.8024282435494285,
      1.6624271538721658
    ],
    "obj_class": "pedestrian",
    "point_num_in_lidar": 34,
    "speed": 1.318578184324993,
    "if_vehicle": false,
    "motion_state": true,
    "pose": [
      [
        0.4671496100558587,
        0.8834717551563727,
        -0.035339774554707465,
        14.73805098408343
      ],
      [
        -0.8841769032984813,
        0.46684628066930506,
        -0.016904256823198793,
        -12.396503629352082
      ],
      [
        0.001563808865351401,
        0.03914342941228911,
        0.9992323785965295,
        0.7901521545603458
      ],
      [
        0.0,
        0.0,
        0.0,
        1.0
      ]
    ],
    "location": [
      14.73805098408343,
      -12.396503629352082,
      0.7901521545603458
    ],
    "rotation": [
      0.03915348018984986,
      -0.0015638095027340547,
      -1.0847314313384875
    ]
  },
  {
    "label_id": "or2qeyvL5xeZMlGMLu9X4w",
    "size": [
      0.9279801164532173,
      0.8973330326287554,
      2.0547642734433467
    ],
    "obj_class": "pedestrian",
    "point_num_in_lidar": 44,
    "speed": 1.1036538551781256,
    "if_vehicle": false,
    "motion_state": true,
    "pose": [
      [
        -0.9587827181162004,
        -0.28193403444091836,
        -0.035339774554707465,
        20.858580968597835
      ],
      [
        0.28264337878788137,
        -0.9590761004887076,
        -0.016904256823198793,
        -21.057339344970387
      ],
      [
        -0.02912764784668903,
        -0.026196062590425378,
        0.9992323785965295,
        0.6736788056840162
      ],
      [
        0.0,
        0.0,
        0.0,
        1.0
      ]
    ],
    "location": [
      20.858580968597835,
      -21.057339344970387,
      0.6736788056840162
    ],
    "rotation": [
      -0.02621018314456437,
      0.029131768165837357,
      2.8549188359790927
    ]
  },
  {
    "label_id": "p4rlez2SgtaXLYRB6hZLqQ",
    "size": [
      0.7317470381364303,
      0.13853810500110264,
      0.8299999999999983
    ],
    "obj_class": "sign",
    "point_num_in_lidar": 21,
    "speed": 0.0013393282168820677,
    "if_vehicle": false,
    "motion_state": false,
    "pose": [
      [
        -0.7031866756318831,
        -0.7101264672917094,
        -0.035339774554707465,
        25.469824759063385
      ],
      [
        0.7108892669180858,
        -0.7031007724941866,
        -0.016904256823198793,
        -24.828652142858118
      ],
      [
        -0.012843262609135283,
        -0.03700951458577915,
        0.9992323785965295,
        4.367224510499387
      ],
      [
        0.0,
        0.0,
        0.0,
        1.0
      ]
    ],
    "location": [
      25.469824759063385,
      -24.828652142858118,
      4.367224510499387
    ],
    "rotation": [
      -0.037021023297754356,
      0.01284361571674446,
      2.35074745946699
    ]
  },
  {
    "label_id": "tFlmliGB17ftCtEQhPYBeA",
    "size": [
      2.223148486985493,
      4.761291906445937,
      1.7500000000000036
    ],
    "obj_class": "vehicle",
    "point_num_in_lidar": 184,
    "speed": 0.00725310822807581,
    "if_vehicle": true,
    "motion_state": false,
    "pose": [
      [
        0.14217232494938517,
        0.9892108624317208,
        -0.035339774554707465,
        10.098467861117797
      ],
      [
        -0.989772582346688,
        0.14164914873031972,
        -0.016904256823198793,
        -4.441819805737396
      ],
      [
        -0.011716025488848052,
        0.03738165741465826,
        0.9992323785965295,
        0.707154556965012
      ],
      [
        0.0,
        0.0,
        0.0,
        1.0
      ]
    ],
    "location": [
      10.098467861117797,
      -4.441819805737396,
      0.707154556965012
    ],
    "rotation": [
      0.0373929366692753,
      0.01171629353927333,
      -1.4281307792352929
    ]
  },
  {
    "label_id": "tJ6eBPVLTAZBYef0et6UBw",
    "size": [
      0.999999999998387,
      1.0,
      1.5899999999999999
    ],
    "obj_class": "pedestrian",
    "point_num_in_lidar": 29,
    "speed": 0.4281625828372468,
    "if_vehicle": false,
    "motion_state": false,
    "pose": [
      [
        -0.0337517780162831,
        0.9988052451880506,
        -0.035339774554707465,
        12.59475952550838
      ],
      [
        -0.99926636126508,
        -0.034365467337170635,
        -0.016904256823198793,
        -8.940017212604289
      ],
      [
        -0.01809852824917962,
        0.03474329920338394,
        0.9992323785965295,
        0.7971079267129006
      ],
      [
        0.0,
        0.0,
        0.0,
        1.0
      ]
    ],
    "location": [
      12.59475952550838,
      -8.940017212604289,
      0.7971079267129006
    ],
    "rotation": [
      0.0347559877951072,
      0.018099516443953103,
      -1.6045600486596125
    ]
  },
  {
    "label_id": "wXp6vXhTV8f1jleasmAGTw",
    "size": [
      2.289450396411205,
      4.793928541223385,
      1.870000000000001
    ],
    "obj_class": "vehicle",
    "point_num_in_lidar": 23,
    "speed": 6.8138939962102185,
    "if_vehicle": true,
    "motion_state": true,
    "pose": [
      [
        0.5062892395652777,
        0.8616393133062321,
        -0.035339774554707465,
        11.579378506385183
      ],
      [
        -0.8623573517934373,
        0.506017829635543,
        -0.016904256823198793,
        -15.847164872886424
      ],
      [
        0.0033171837788892604,
        0.039033957730408096,
        0.9992323785965295,
        0.7267991396749878
      ],
      [
        0.0,
        0.0,
        0.0,
        1.0
      ]
    ],
    "location": [
      11.579378506385183,
      -15.847164872886424,
      0.7267991396749878
    ],
    "rotation": [
      0.039044091804962294,
      -0.0033171898624731215,
      -1.0399167795845767
    ]
  },
  {
    "label_id": "xfS8VoC0AfB3m7ZdKCuApA",
    "size": [
      2.3173146497143082,
      5.728274035621146,
      2.450000000000003
    ],
    "obj_class": "vehicle",
    "point_num_in_lidar": 2284,
    "speed": 4.643453811183385,
    "if_vehicle": true,
    "motion_state": true,
    "pose": [
      [
        0.114309935379869,
        0.9928163672139337,
        -0.035339774554707465,
        0.8203689348927128
      ],
      [
        -0.9933631589501313,
        0.11377117623489563,
        -0.016904256823198793,
        -6.283268205725108
      ],
      [
        -0.012762175130694473,
        0.037037554593354234,
        0.9992323785965295,
        1.128883452366967
      ],
      [
        0.0,
        0.0,
        0.0,
        1.0
      ]
    ],
    "location": [
      0.8203689348927128,
      -6.283268205725108,
      1.128883452366967
    ],
    "rotation": [
      0.03704904637452082,
      0.012762521591955858,
      -1.456226601109797
    ]
  }
]