[
  {
    "label_id": "-u6v7A9TrXDu-9EE_fzpuA",
    "size": [
      2.0399475097398314,
      4.415591832276201,
      1.7400000000000055
    ],
    "obj_class": "vehicle",
    "point_num_in_lidar": 811,
    "speed": 2.9549779422190148,
    "if_vehicle": true,
    "motion_state": true,
    "pose": [
      [
        0.12635868536668185,
        0.9911241538752968,
        -0.04130852499642798,
        4.362060736592412
      ],
      [
        -0.9919048285673909,
        0.12571076967014747,
        -0.017933584517148653,
        -8.636099676159574
      ],
      [
        -0.012581482309270595,
        0.043240189568452866,
        0.9989854815306305,
        0.8777085371233078
      ],
      [
        0.0,
        0.0,
        0.0,
        1.0
      ]
    ],
    "location": [
      4.362060736592412,
      -8.636099676159574,
      0.8777085371233078
    ],
    "rotation": [
      0.04325710131830328,
      0.01258181426114174,
      -1.4440888680101465
    ]
  },
  {
    "label_id": "3DGCEQS1fQrrltlr7Y0QFA",
    "size": [
      2.2388669044008913,
      4.778130853572724,
      1.8000000000000043
    ],
    "obj_class": "vehicle",
    "point_num_in_lidar": 2419,
    "speed": 0.029383781929937732,
    "if_vehicle": true,
    "motion_state": false,
    "pose": [
      [
        0.17664852567637346,
        0.9834067846720314,
        -0.04130852499642798,
        6.878237618661387
      ],
      [
        -0.9842194296701199,
        0.17604119065204699,
        -0.017933584517148653,
        14.678866281965384
      ],
      [
        -0.010364006763202252,
        0.04382459417754519,
        0.9989854815306305,
        0.9914193512652574
      ],
      [
        0.0,
        0.0,
        0.0,
        1.0
      ]
    ],
    "location": [
      6.878237618661387,
      14.678866281965384,
      0.9914193512652574
    ],
    "rotation": [
      0.04384099064303367,
      0.010364192309718894,
      -1.3932063053864103
    ]
  },
  {
    "label_id": "3nT8tDOtD-Z4SicFOMGd2Q",
    "size": [
      2.0894550890215497,
      4.8468502346614635,
      1.4700000000000024
    ],
    "obj_class": "vehicle",
    "point_num_in_lidar": 2799,
    "speed": 0.053669510940972054,
    "if_vehicle": true,
    "motion_state": false,
    "pose": [
      [
        0.14466741923262222,
        0.988617693335089,
        -0.04130852499642798,
        8.134770208017017
      ],
      [
        -0.9894102173792874,
        0.14403405254257656,
        -0.017933584517148653,
        7.5322828125390515
      ],
      [
        -0.011779624698781521,
        0.04346548208601954,
        0.9989854815306305,
        0.737557771173492
      ],
      [
        0.0,
        0.0,
        0.0,
        1.0
      ]
    ],
    "location": [
      8.134770208017017,
      7.5322828125390515,
      0.737557771173492
    ],
    "rotation": [
      0.043482198707317295,
      0.011779897138379672,
      -1.4256093343914211
    ]
  },
  {
    "label_id": "5AjDD1HMSXUI04BJtWagJA",
    "size": [
      0.27114271324103534,
      0.04132458893582225,
      0.3999999999999986
    ],
    "obj_class": "sign",
    "point_num_in_lidar": 41,
    "speed": 0.01323124921254921,
    "if_vehicle": false,
    "motion_state": false,
    "pose": [
      [
        -0.17948017265690508,
        -0.9828939278404698,
        -0.04130852499642798,
        10.061675258082687
      ],
      [
        0.9837083186966515,
        -0.17887518070814923,
        -0.017933584517148653,
        5.446150644997033
      ],
      [
        0.01023774145279612,
        -0.04385426251756982,
        0.9989854815306305,
        2.5416221725650487
      ],
      [
        0.0,
        0.0,
        0.0,
        1.0
      ]
    ],
    "location": [
      10.061675258082687,
      5.446150644997033,
      2.5416221725650487
    ],
    "rotation": [
      -0.04387063202929033,
      -0.01023792029981545,
      1.7512639064937283
    ]
  },
  {
    "label_id": "6nFW7Fnejgm08SNoDjHi2w",
    "size": [
      0.7576715269810403,
      0.7637234397275995,
      1.8900000000000041
    ],
    "obj_class": "pedestrian",
    "point_num_in_lidar": 20,
    "speed": 0.002124330977327649,
    "if_vehicle": false,
    "motion_state": false,
    "pose": [
      [
        -0.6307954909233013,
        0.774848794535715,
        -0.04130852499642798,
        18.81578838704604
      ],
      [
        -0.7749177116804644,
        -0.6318076658843883,
        -0.017933584517148653,
        -19.926504745882994
      ],
      [
        -0.039994859103937075,
        0.020698283413617936,
        0.9989854815306305,
        0.7914997093982095
      ],
      [
        0.0,
        0.0,
        0.0,
        1.0
      ]
    ],
    "location": [
      18.81578838704604,
      -19.926504745882994,
      0.7914997093982095
    ],
    "rotation": [
      0.02071633943307206,
      0.04000552934079713,
      -2.2540254296140168
    ]
  },
  {
    "label_id": "7qaAcL3WFHPDh_NixTan-A",
    "size": [
      2.0450077495470156,
      4.144237317604301,
      1.6999999999999993
    ],
    "obj_class": "vehicle",
    "point_num_in_lidar": 47,
    "speed": 5.312802469471395,
    "if_vehicle": true,
    "motion_state": true,
    "pose": [
      [
        0.6714962349322076,
        0.7398556698670955,
        -0.04130852499642798,
        22.08362105010542
      ],
      [
        -0.7408667344266096,
        0.6714125917544425,
        -0.017933584517148653,
        -37.830021386382214
      ],
      [
        0.014466799643351697,
        0.042646446500187424,
        0.9989854815306305,
        0.5572475573101521
      ],
      [
        0.0,
        0.0,
        0.0,
        1.0
      ]
    ],
    "location": [
      22.08362105010542,
      -37.830021386382214,
      0.5572475573101521
    ],
    "rotation": [
      0.042663851544395656,
      -0.014467304312847266,
      -0.8344753464499568
    ]
  },
  {
    "label_id": "98eaCxEDxm2x1CEezRDTiQ",
    "size": [
      0.2546044225488063,
      0.04920328620637804,
      0.41999999999999815
    ],
    "obj_class": "sign",
    "point_num_in_lidar": 26,
    "speed": 0.011985252424969903,
    "if_vehicle": false,
    "motion_state": false,
    "pose": [
      [
        -0.1391424387030378,
        -0.9894104241993767,
        -0.04130852499642798,
        11.759287742745755
      ],
      [
        0.9901993976958084,
        -0.13850465461212602,
        -0.017933584517148653,
        -6.1433941186933225
      ],
      [
        0.012022252477360792,
        -0.04339899925556834,
        0.9989854815306305,
        2.5219337115362066
      ],
      [
        0.0,
        0.0,
        0.0,
        1.0
      ]
    ],
    "location": [
      11.759287742745755,
      -6.1433941186933225,
      2.5219337115362066
    ],
    "rotation": [
      -0.043415773916000204,
      -0.012022542101349735,
      1.7104018587589704
    ]
  },
  {
    "label_id": "ABRBhQePUHY_I0XPW1ez4A",
    "size": [
      2.1306944974756554,
      4.5215893642290155,
      1.8999999999999986
    ],
    "obj_class": "vehicle",
    "point_num_in_lidar": 310,
    "speed": 3.390683021994095,
    "if_vehicle": true,
    "motion_state": true,
    "pose": [
      [
        0.5796114641981267,
        0.8138452901705108,
        -0.04130852499642798,
        6.99290905118869
      ],
      [
        -0.8148394483564064,
        0.5794092335720871,
        -0.017933584517148653,
        -23.562359804947846
      ],
      [
        0.009339377513017515,
        0.04405432690081159,
        0.9989854815306305,
        0.8504110685007085
      ],
      [
        0.0,
        0.0,
        0.0,
        1.0
      ]
    ],
    "location": [
      6.99290905118869,
      -23.562359804947846,
      0.8504110685007085
    ],
    "rotation": [
      0.044070512636927246,
      -0.009339513287947819,
      -0.952513488271609
    ]
  },
  {
    "label_id": "BJzgD4pDd9zzx_tJ81Wh9w",
    "size": [
      2.0576826721183576,
      4.348731250934897,
      1.5799999999999983
    ],
    "obj_class": "vehicle",
    "point_num_in_lidar": 26,
    "speed": 3.057487636742961,
    "if_vehicle": true,
    "motion_state": true,
    "pose": [
      [
        0.27083912472757155,
        0.9617378927126778,
        -0.04130852499642798,
        6.050696876956408
      ],
      [
        -0.9626054165049112,
        0.27031314925799055,
        -0.017933584517148653,
        -15.604270150743105
      ],
      [
        -0.00608117029932038,
        0.04462092624324256,
        0.9989854815306305,
        0.727297307223651
      ],
      [
        0.0,
        0.0,
        0.0,
        1.0
      ]
    ],
    "location": [
      6.050696876956408,
      -15.604270150743105,
      0.727297307223651
    ],
    "rotation": [
      0.04463657233787781,
      0.006081207780864497,
      -1.296526494568814
    ]
  },
  {
    "label_id": "BMprUx_wfiGkn4Jsd9YGfw",
    "size": [
      0.9165089260500561,
      0.14690670426762598,
      1.129999999999999
    ],
    "obj_class": "sign",
    "point_num_in_lidar": 81,
    "speed": 8.881784197001252e-13,
    "if_vehicle": false,
    "motion_state": false,
    "pose": [
      [
        -0.7030256039981391,
        -0.7099638060392031,
        -0.04130852499642798,
        25.458941641197498
      ],
      [
        0.710977550985782,
        -0.7029859945551022,
        -0.017933584517148653,
        -24.83657221876274
      ],
      [
        -0.016307118608497644,
        -0.041977203023815426,
        0.9989854815306305,
        3.377224510499385
      ],
      [
        0.0,
        0.0,
        0.0,
        1.0
      ]
    ],
    "location": [
      25.458941641197498,
      -24.83657221876274,
      3.377224510499385
    ],
    "rotation": [
      -0.04199512808561917,
      0.016307841432248928,
      2.3505708371393736
    ]
  },
  {
    "label_id": "HvXo3bcZJiBtcXJw3euZyA",
    "size": [
      2.1355814538903757,
      4.745719360965725,
      1.7100000000000044
    ],
    "obj_class": "vehicle",
    "point_num_in_lidar": 6994,
    "speed": 0.022280058495308393,
    "if_vehicle": true,
    "motion_state": false,
    "pose": [
      [
        0.12757321231379887,
        0.9909685571513143,
        -0.04130852499642798,
        -2.8963747410159613
      ],
      [
        -0.9917500252773322,
        0.12692625381999134,
        -0.017933584517148653,
        2.649603336061773
      ],
      [
        -0.012528482044883875,
        0.043255575694530424,
        0.9989854815306305,
        0.8586015593050291
      ],
      [
        0.0,
        0.0,
        0.0,
        1.0
      ]
    ],
    "location": [
      -2.8963747410159613,
      2.649603336061773,
      0.8586015593050291
    ],
    "rotation": [
      0.04327247425808242,
      0.012528809819103282,
      -1.4428644188129165
    ]
  },
  {
    "label_id": "MMRb3jHqGvp6u3_L3aIsDw",
    "size": [
      2.1871116082211532,
      5.576670239505544,
      2.0900000000000034
    ],
    "obj_class": "vehicle",
    "point_num_in_lidar": 5023,
    "speed": 3.2051850574605374,
    "if_vehicle": true,
    "motion_state": true,
    "pose": [
      [
        0.1545533992469883,
        0.9871204853227494,
        -0.04130852499642798,
        3.1630936713040683
      ],
      [
        -0.9879193078648308,
        0.15392799516085331,
        -0.017933584517148653,
        0.6039367386201775
      ],
      [
        -0.011344070216392166,
        0.04358118587119668,
        0.9989854815306305,
        1.1407195060217425
      ],
      [
        0.0,
        0.0,
        0.0,
        1.0
      ]
    ],
    "location": [
      3.1630936713040683,
      0.6039367386201775,
      1.1407195060217425
    ],
    "rotation": [
      0.04359780056783986,
      0.011344313537966982,
      -1.4156108551228979
    ]
  },
  {
    "label_id": "PDJRXsFgAheGLL2zZRkw1g",
    "size": [
      0.30252014459575977,
      0.09175552356189816,
      0.41999999999999815
    ],
    "obj_class": "sign",
    "point_num_in_lidar": 77,
    "speed": 0.010314951574622517,
    "if_vehicle": false,
    "motion_state": false,
    "pose": [
      [
        -0.483781551303561,
        -0.874213370053867,
        -0.04130852499642798,
        10.879454700094357
      ],
      [
        0.8751782537470523,
        -0.483468107236275,
        -0.017933584517148653,
        -0.4646556476909609
      ],
      [
        -0.004293575034863015,
        -0.04482826010938,
        0.9989854815306305,
        2.548344614486453
      ],
      [
        0.0,
        0.0,
        0.0,
        1.0
      ]
    ],
    "location": [
      10.879454700094357,
      -0.4646556476909609,
      2.548344614486453
    ],
    "rotation": [
      -0.04484370160054607,
      0.0042935882268290235,
      2.0757718406958268
    ]
  },
  {
    "label_id": "Rqi1rKFoDmNStEQoR06fGg",
    "size": [
      2.1162528393100297,
      4.457104393150359,
      1.4400000000000048
    ],
    "obj_class": "vehicle",
    "point_num_in_lidar": 630,
    "speed": 6.427527464181183,
    "if_vehicle": true,
    "motion_state": true,
    "pose": [
      [
        0.21260784581309178,
        0.9762640573437782,
        -0.04130852499642798,
        6.514632163243959
      ],
      [
        -0.9770984365703014,
        0.2120307331455489,
        -0.017933584517148653,
        -1.1107044892469276
      ],
      [
        -0.008749237143275246,
        0.04417531596293299,
        0.9989854815306305,
        0.7819494258536395
      ],
      [
        0.0,
        0.0,
        0.0,
        1.0
      ]
    ],
    "location": [
      6.514632163243959,
      -1.1107044892469276,
      0.7819494258536395
    ],
    "rotation": [
      0.04419138885184419,
      0.00874934877156583,
      -1.3565449475749358
    ]
  },
  {
    "label_id": "TudpSXYouq_oe3kMbFIu3Q",
    "size": [
      2.025184540247737,
      4.31999934299972,
      1.5999999999999979
    ],
    "obj_class": "vehicle",
    "point_num_in_lidar": 46,
    "speed": 6.065764559634768,
    "if_vehicle": true,
    "motion_state": true,
    "pose": [
      [
        0.7337660891353888,
        0.6781452146830913,
        -0.04130852499642798,
        30.53029125698299
      ],
      [
        -0.6791597192700521,
        0.7337713964630879,
        -0.017933584517148653,
        -46.83306916324182
      ],
      [
        0.0181494395500402,
        0.04121414241536109,
        0.9989854815306305,
        0.49923561528841276
      ],
      [
        0.0,
        0.0,
        0.0,
        1.0
      ]
    ],
    "location": [
      30.53029125698299,
      -46.83306916324182,
      0.49923561528841276
    ],
    "rotation": [
      0.04123261457059007,
      -0.01815043610852104,
      -0.746769661930752
    ]
  },
  {
    "label_id": "UdjYZNG7VuXTcEAMszCFUQ",
    "size": [
      0.9597720429050695,
      0.08222598728067632,
      1.1799999999999997
    ],
    "obj_class": "sign",
    "point_num_in_lidar": 27,
    "speed": 0.0014978682626207078,
    "if_vehicle": false,
    "motion_state": false,
    "pose": [
      [
        -0.678058492398451,
        -0.7338462282038105,
        -0.04130852499642798,
        25.498770874034335
      ],
      [
        0.7348579975643836,
        -0.6779838567119651,
        -0.017933584517148653,
        -57.779761029094516
      ],
      [
        -0.014846019736077066,
        -0.042515919242211375,
        0.9989854815306305,
        3.709292870199146
      ],
      [
        0.0,
        0.0,
        0.0,
        1.0
      ]
    ],
    "location": [
      25.498770874034335,
      -57.779761029094516,
      3.709292870199146
    ],
    "rotation": [
      -0.042533428687494046,
      0.014846565144609717,
      2.3160159388321597
    ]
  },
  {
    "label_id": "ZUj8bgZ_464uLWT5gJwlkQ",
    "size": [
      1.974605931585877,
      4.49332408016428,
      1.5799999999999983
    ],
    "obj_class": "vehicle",
    "point_num_in_lidar": 47,
    "speed": 2.7807903933933042,
    "if_vehicle": true,
    "motion_state": true,
    "pose": [
      [
        0.7156659570507664,
        0.6972200826720569,
        -0.04130852499642798,
        12.306794673045488
      ],
      [
        -0.6982343755792688,
        0.7156445649243728,
        -0.017933584517148653,
        -29.231067809490924
      ],
      [
        0.01705856611908358,
        0.0416774880837975,
        0.9989854815306305,
        0.5516452927694253
      ],
      [
        0.0,
        0.0,
        0.0,
        1.0
      ]
    ],
    "location": [
      12.306794673045488,
      -29.231067809490924,
      0.5516452927694253
    ],
    "rotation": [
      0.04169563381074797,
      -0.01705939355276456,
      -0.7730700678697101
    ]
  },
  {
    "label_id": "Zl-y3j7oUzSX87ynXxP3zQ",
    "size": [
      1.1146094968881581,
      1.2440111412605759,
      2.0199999999999996
    ],
    "obj_class": "pedestrian",
    "point_num_in_lidar": 278,
    "speed": 1.5140967677021835,
    "if_vehicle": false,
    "motion_state": true,
    "pose": [
      [
        0.13051362900076025,
        0.990585583585624,
        -0.04130852499642798,
        9.99278633084782
      ],
      [
        -0.9913689683018339,
        0.12986899258300166,
        -0.017933584517148653,
        11.017609727385206
      ],
      [
        -0.012400053758325964,
        0.04329256700410424,
        0.9989854815306305,
        1.1426201338111
      ],
      [
        0.0,
        0.0,
        0.0,
        1.0
      ]
    ],
    "location": [
      9.99278633084782,
      11.017609727385206,
      1.1426201338111
    ],
    "rotation": [
      0.043309433781407,
      0.012400371555115267,
      -1.4398991827968752
    ]
  },
  {
    "label_id": "b8ZBD1C07gdK2dD44CLu4g",
    "size": [
      1.0000000000019111,
      1.0,
      1.7580791733006507
    ],
    "obj_class": "pedestrian",
    "point_num_in_lidar": 27,
    "speed": 1.4058174792667413,
    "if_vehicle": false,
    "motion_state": true,
    "pose": [
      [
        -0.6589352087629182,
        -0.7510645753962762,
        -0.04130852499642798,
        16.707791877258614
      ],
      [
        0.7520740871433559,
        -0.6588345421984598,
        -0.017933584517148653,
        -13.847667076999642
      ],
      [
        -0.013746203114209777,
        -0.042884141485601865,
        0.9989854815306305,
        0.8045677560417168
      ],
      [
        0.0,
        0.0,
        0.0,
        1.0
      ]
    ],
    "location": [
      16.707791877258614,
      -13.847667076999642,
      0.8045677560417168
    ],
    "rotation": [
      -0.042901352678086715,
      0.013746636060428611,
      2.290281417953096
    ]
  },
  {
    "label_id": "c1T2ewj30YC7QSMo1n8rSg",
    "size": [
      2.1395061148071965,
      4.899611174664626,
      2.0600000000000023
    ],
    "obj_class": "vehicle",
    "point_num_in_lidar": 174,
    "speed": 2.1405104372901844,
    "if_vehicle": true,
    "motion_state": true,
    "pose": [
      [
        0.9763387671643781,
        -0.21226449890304683,
        -0.04130852499642798,
        -7.092540445217082
      ],
      [
        0.21168709283566453,
        0.9771729433796,
        -0.017933584517148653,
        -26.601568881595085
      ],
      [
        0.04417223628849731,
        0.008764772232487875,
        0.9989854815306305,
        0.9552318436331824
      ],
      [
        0.0,
        0.0,
        0.0,
        1.0
      ]
    ],
    "location": [
      -7.092540445217082,
      -26.601568881595085,
      0.9552318436331824
    ],
    "rotation": [
      0.008773448171792177,
      -0.04418661362741887,
      0.21351247505794482
    ]
  },
  {
    "label_id": "cTtq-GMvsci0tRg4OYAu-A",
    "size": [
      3.0199428802996926,
      8.05412118617281,
      3.3000000000000007
    ],
    "obj_class": "vehicle",
    "point_num_in_lidar": 298,
    "speed": 4.059160465179295,
    "if_vehicle": true,
    "motion_state": true,
    "pose": [
      [
        0.7226474561968632,
        0.6899813474397855,
        -0.04130852499642798,
        31.84536277443567
      ],
      [
        -0.6909958042850961,
        0.7226362743502153,
        -0.017933584517148653,
        -43.419535854600326
      ],
      [
        0.017477199792753955,
        0.04150367668554667,
        0.9989854815306305,
        1.4791390345696556
      ],
      [
        0.0,
        0.0,
        0.0,
        1.0
      ]
    ],
    "location": [
      31.84536277443567,
      -43.419535854600326,
      1.4791390345696556
    ],
    "rotation": [
      0.041521946948972925,
      -0.017478089657506163,
      -0.7630117769531621
    ]
  },
  {
    "label_id": "d6uA9LEwbNgFClVe3mDiow",
    "size": [
      2.0936502297789747,
      4.690981136743863,
      1.6500000000000057
    ],
    "obj_class": "vehicle",
    "point_num_in_lidar": 3689,
    "speed": 4.348326882324064,
    "if_vehicle": true,
    "motion_state": true,
    "pose": [
      [
        0.1570774989091806,
        0.9867219796371497,
        -0.04130852499642798,
        1.5682616080671323
      ],
      [
        -0.9875223990658016,
        0.15645413989310047,
        -0.017933584517148653,
        8.983801799666253
      ],
      [
        -0.011232572268182275,
        0.04361005630877231,
        0.9989854815306305,
        1.0422219666459434
      ],
      [
        0.0,
        0.0,
        0.0,
        1.0
      ]
    ],
    "location": [
      1.5682616080671323,
      8.983801799666253,
      1.0422219666459434
    ],
    "rotation": [
      0.04362664539150318,
      0.011232808485140586,
      -1.4130555763297552
    ]
  },
  {
    "label_id": "fX6FA_-uf7OEDt4vM-5TvA",
    "size": [
      0.12521385795829046,
      0.034335064228911104,
      0.28999999999999915
    ],
    "obj_class": "sign",
    "point_num_in_lidar": 24,
    "speed": 0.029291892796973012,
    "if_vehicle": false,
    "motion_state": false,
    "pose": [
      [
        0.6167574594698634,
        -0.7860685987564312,
        -0.04130852499642798,
        -4.983192630103304
      ],
      [
        0.7861557091697498,
        0.6177682312050159,
        -0.017933584517148653,
        5.704761907247303
      ],
      [
        0.03961612207280658,
        -0.0214142607373385,
        0.9989854815306305,
        0.6459735280148848
      ],
      [
        0.0,
        0.0,
        0.0,
        1.0
      ]
    ],
    "location": [
      -4.983192630103304,
      5.704761907247303,
      0.6459735280148848
    ],
    "rotation": [
      -0.021432725568937817,
      -0.03962649190027574,
      0.9055639072167495
    ]
  },
  {
    "label_id": "gSyJHmz9hma10BKIiIIo3A",
    "size": [
      0.2839665992812668,
      0.08844951503223594,
      0.41999999999999815
    ],
    "obj_class": "sign",
    "point_num_in_lidar": 33,
    "speed": 0.010853659986468363,
    "if_vehicle": false,
    "motion_state": false,
    "pose": [
      [
        -0.12474812017154976,
        -0.9913281556963284,
        -0.04130852499642798,
        9.040928560012162
      ],
      [
        0.9921077766115,
        -0.12409893687438409,
        -0.017933584517148653,
        11.845133386877933
      ],
      [
        0.012651723228503569,
        -0.043219689845758635,
        0.9989854815306305,
        2.598503196133823
      ],
      [
        0.0,
        0.0,
        0.0,
        1.0
      ]
    ],
    "location": [
      9.040928560012162,
      11.845133386877933,
      2.598503196133823
    ],
    "rotation": [
      -0.04323661913260265,
      -0.012652060771484553,
      1.6958803548072887
    ]
  },
  {
    "label_id": "hiebKsby5uy1leYvMiBsGg",
    "size": [
      0.977227658912845,
      1.2902794644725941,
      1.9900000000000055
    ],
    "obj_class": "pedestrian",
    "point_num_in_lidar": 129,
    "speed": 3.2347770073338427,
    "if_vehicle": false,
    "motion_state": true,
    "pose": [
      [
        0.05681273712914603,
        0.9975299086556322,
        -0.04130852499642798,
        -4.553913067115445
      ],
      [
        -0.9982634145169642,
        0.05611186847092015,
        -0.017933584517148653,
        -16.407094726193463
      ],
      [
        -0.01557138840393207,
        0.04225564523454966,
        0.9989854815306305,
        1.0877254588017458
      ],
      [
        0.0,
        0.0,
        0.0,
        1.0
      ]
    ],
    "location": [
      -4.553913067115445,
      -16.407094726193463,
      1.0877254588017458
    ],
    "rotation": [
      0.042273358540021636,
      0.015572017733523407,
      -1.5139460828620348
    ]
  },
  {
    "label_id": "iRUOipEMGVM3WBYeknKwYQ",
    "size": [
      2.159198020872209,
      4.587808644371815,
      1.5470532529445684
    ],
    "obj_class": "vehicle",
    "point_num_in_lidar": 121,
    "speed": 5.584350690896076,
    "if_vehicle": true,
    "motion_state": true,
    "pose": [
      [
        0.7022653203260398,
        0.710715854353893,
        -0.04130852499642798,
        15.818926532286014
      ],
      [
        -0.7117295563254553,
        0.7022246258848638,
        -0.017933584517148653,
        -28.21465402920512
      ],
      [
        0.016262180669739133,
        0.04199463264369617,
        0.9989854815306305,
        0.6002777897478566
      ],
      [
        0.0,
        0.0,
        0.0,
        1.0
      ]
    ],
    "location": [
      15.818926532286014,
      -28.21465402920512,
      0.6002777897478566
    ],
    "rotation": [
      0.04201254464153153,
      -0.01626289753375945,
      -0.7920913239086587
    ]
  },
  {
    "label_id": "lRzyNQtprTy8rnSr_elHgw",
    "size": [
      1.9175647331667471,
      4.524339314131563,
      1.5799999999999983
    ],
    "obj_class": "vehicle",
    "point_num_in_lidar": 231,
    "speed": 0.40389729800220614,
    "if_vehicle": true,
    "motion_state": false,
    "pose": [
      [
        0.9856829003465057,
        0.16347117705308103,
        -0.04130852499642798,
        1.9722610627698032
      ],
      [
        -0.16431592394527286,
        0.9862447280895231,
        -0.017933584517148653,
        -26.149886899289413
      ],
      [
        0.037808690833082186,
        0.024464476052076738,
        0.9989854815306305,
        0.7166424737514028
      ],
      [
        0.0,
        0.0,
        0.0,
        1.0
      ]
    ],
    "location": [
      1.9722610627698032,
      -26.149886899289413,
      0.7166424737514028
    ],
    "rotation": [
      0.024484427046981744,
      -0.03781770453489675,
      -0.1651836607751914
    ]
  },
  {
    "label_id": "lznON-h0EPw_nGsACmmUWg",
    "size": [
      0.7580006794917816,
      0.8024282435494285,
      1.6624271538721658
    ],
    "obj_class": "pedestrian",
    "point_num_in_lidar": 34,
    "speed": 1.3245859151465535,
    "if_vehicle": false,
    "motion_state": true,
    "pose": [
      [
        0.5110090450935807,
        0.8585821810375324,
        -0.04130852499642798,
        14.85038850610863
      ],
      [
        -0.8595564362789817,
        0.5107260708028748,
        -0.017933584517148653,
        -12.637666602235186
      ],
      [
        0.005699884553533587,
        0.044671232433084025,
        0.9989854815306305,
        0.7818320204568288
      ],
      [
        0.0,
        0.0,
        0.0,
        1.0
      ]
    ],
    "location": [
      14.85038850610863,
      -12.637666602235186,
      0.7818320204568288
    ],
    "rotation": [
      0.04468682923683804,
      -0.0056999154176094295,
      -1.0344284002974864
    ]
  },
  {
    "label_id": "or2qeyvL5xeZMlGMLu9X4w",
    "size": [
      0.9279801164554992,
      0.8973330326287554,
      2.0547642734433467
    ],
    "obj_class": "pedestrian",
    "point_num_in_lidar": 56,
    "speed": 1.0321514822714417,
    "if_vehicle": false,
    "motion_state": true,
    "pose": [
      [
        -0.9564252028271887,
        -0.2890405458747788,
        -0.04130852499642798,
        20.651777282062312
      ],
      [
        0.2899506082317109,
        -0.9568735712373014,
        -0.017933584517148653,
        -20.998080703879168
      ],
      [
        -0.03434350277754925,
        -0.029129564157101558,
        0.9989854815306305,
        0.6736788056840801
      ],
      [
        0.0,
        0.0,
        0.0,
        1.0
      ]
    ],
    "location": [
      20.651777282062312,
      -20.998080703879168,
      0.6736788056840801
    ],
    "rotation": [
      -0.029150886618558695,
      0.03435025758730353,
      2.8472385916824443
    ]
  },
  {
    "label_id": "p4rlez2SgtaXLYRB6hZLqQ",
    "size": [
      0.7317470381364313,
      0.13853810500110264,
      0.8299999999999983
    ],
    "obj_class": "sign",
    "point_num_in_lidar": 22,
    "speed": 0.0013393282094383368,
    "if_vehicle": false,
    "motion_state": false,
    "pose": [
      [
        -0.7030256040016254,
        -0.7099638060357507,
        -0.04130852499642798,
        25.46965100150419
      ],
      [
        0.7109775509823297,
        -0.7029859945585935,
        -0.017933584517148653,
        -24.828856064305
      ],
      [
        -0.01630711860870378,
        -0.04197720302373535,
        0.9989854815306305,
        4.36722451049944
      ],
      [
        0.0,
        0.0,
        0.0,
        1.0
      ]
    ],
    "location": [
      25.46965100150419,
      -24.828856064305,
      4.36722451049944
    ],
    "rotation": [
      -0.04199512808553915,
      0.01630784143245509,
      2.350570837144281
    ]
  },
  {
    "label_id": "t0ccuriz40o-ctRGwvPO6w",
    "size": [
      0.47809002901644326,
      0.07158715838705526,
      0.4499999999999993
    ],
    "obj_class": "sign",
    "point_num_in_lidar": 26,
    "speed": 0.015517200348514943,
    "if_vehicle": false,
    "motion_state": false,
    "pose": [
      [
        -0.10903682257286096,
        -0.9931790256977006,
        -0.04130852499642798,
        9.049719845790378
      ],
      [
        0.9939482703938707,
        -0.10837537694236217,
        -0.017933584517148653,
        15.53492947531413
      ],
      [
        0.013334433030588195,
        -0.043013958045813316,
        0.9989854815306305,
        3.421715285591578
      ],
      [
        0.0,
        0.0,
        0.0,
        1.0
      ]
    ],
    "location": [
      9.049719845790378,
      15.53492947531413,
      3.421715285591578
    ],
    "rotation": [
      -0.04303106132367481,
      -0.013334828221696841,
      1.6800601237286519
    ]
  },
  {
    "label_id": "tFlmliGB17ftCtEQhPYBeA",
    "size": [
      2.2231484869854934,
      4.761291906445937,
      1.7500000000000036
    ],
    "obj_class": "vehicle",
    "point_num_in_lidar": 329,
    "speed": 0.007369186216975841,
    "if_vehicle": true,
    "motion_state": false,
    "pose": [
      [
        0.14213975901923312,
        0.9889842742271353,
        -0.04130852499642798,
        10.098837593418466
      ],
      [
        -0.9897751766168166,
        0.14150436848209214,
        -0.017933584517148653,
        -4.443246764061769
      ],
      [
        -0.01189069632543699,
        0.04343522800573825,
        0.9989854815306305,
        0.7071545569650368
      ],
      [
        0.0,
        0.0,
        0.0,
        1.0
      ]
    ],
    "location": [
      10.098837593418466,
      -4.443246764061769,
      0.7071545569650368
    ],
    "rotation": [
      0.04345197108624752,
      0.011890976544867834,
      -1.4281633854764257
    ]
  },
  {
    "label_id": "tJ6eBPVLTAZBYef0et6UBw",
    "size": [
      1.0000000000005251,
      1.0,
      1.5899999999999999
    ],
    "obj_class": "pedestrian",
    "point_num_in_lidar": 46,
    "speed": 0.4168940734432037,
    "if_vehicle": false,
    "motion_state": false,
    "pose": [
      [
        -0.03781180156379206,
        0.9984307053697415,
        -0.04130852499642798,
        12.596388645807565
      ],
      [
        -0.9990946169178107,
        -0.03857891901309974,
        -0.017933584517148653,
        -9.025018638620168
      ],
      [
        -0.019499079679652406,
        0.0405930238176561,
        0.9989854815306305,
        0.7971079267129504
      ],
      [
        0.0,
        0.0,
        0.0,
        1.0
      ]
    ],
    "location": [
      12.596388645807565,
      -9.025018638620168,
      0.7971079267129504
    ],
    "rotation": [
      0.04061190583662365,
      0.019500315528645687,
      -1.6086243397737678
    ]
  },
  {
    "label_id": "xfS8VoC0AfB3m7ZdKCuApA",
    "size": [
      2.3173146497137598,
      5.728274035621146,
      2.450000000000003
    ],
    "obj_class": "vehicle",
    "point_num_in_lidar": 2227,
    "speed": 4.663906474510594,
    "if_vehicle": true,
    "motion_state": true,
    "pose": [
      [
        0.12398234966679775,
        0.9914242193600675,
        -0.04130852499642798,
        0.935201013302958
      ],
      [
        -0.9922033385929026,
        0.12333256435939367,
        -0.017933584517148653,
        -7.230828079365892
      ],
      [
        -0.012685103712528319,
        0.043209904360188414,
        0.9989854815306305,
        1.1171376776436652
      ],
      [
        0.0,
        0.0,
        0.0,
        1.0
      ]
    ],
    "location": [
      0.935201013302958,
      -7.230828079365892,
      1.1171376776436652
    ],
    "rotation": [
      0.04322684200546697,
      0.012685443934428551,
      -1.4464840707704096
    ]
  }
]