[
  {
    "label_id": "-u6v7A9TrXDu-9EE_fzpuA",
    "size": [
      2.0399475097393602,
      4.415591832276201,
      1.7400000000000055
    ],
    "obj_class": "vehicle",
    "point_num_in_lidar": 666,
    "speed": 4.28198900969875,
    "if_vehicle": true,
    "motion_state": true,
    "pose": [
      [
        0.1353727879673156,
        0.9898153793756269,
        -0.044042286832543256,
        2.814074311362674
      ],
      [
        -0.9907898420606096,
        0.13537801908846459,
        -0.002877640908009433,
        2.3548569550275715
      ],
      [
        0.0031140243204474927,
        0.044026204687289634,
        0.9990255232742378,
        1.0127085834725449
      ],
      [
        0.0,
        0.0,
        0.0,
        1.0
      ]
    ],
    "location": [
      2.814074311362674,
      2.3548569550275715,
      1.0127085834725449
    ],
    "rotation": [
      0.04404065349483014,
      -0.0031140293533282975,
      -1.4350059600606235
    ]
  },
  {
    "label_id": "3DGCEQS1fQrrltlr7Y0QFA",
    "size": [
      2.238866904400892,
      4.778130853572724,
      1.8000000000000043
    ],
    "obj_class": "vehicle",
    "point_num_in_lidar": 1086,
    "speed": 0.03334058538530519,
    "if_vehicle": true,
    "motion_state": false,
    "pose": [
      [
        0.17662788064992144,
        0.9832918532906072,
        -0.044042286832543256,
        6.888593815310742
      ],
      [
        -0.984265245673304,
        0.17667383887399668,
        -0.002877640908009433,
        14.762229871403179
      ],
      [
        0.004951559025953632,
        0.04385756388410053,
        0.9990255232742378,
        1.0381289219958951
      ],
      [
        0.0,
        0.0,
        0.0,
        1.0
      ]
    ],
    "location": [
      6.888593815310742,
      14.762229871403179,
      1.0381289219958951
    ],
    "rotation": [
      0.04387217414510952,
      -0.004951579259845408,
      -1.3932347198263801
    ]
  },
  {
    "label_id": "3nT8tDOtD-Z4SicFOMGd2Q",
    "size": [
      2.0894550890215497,
      4.8468502346614635,
      1.4700000000000024
    ],
    "obj_class": "vehicle",
    "point_num_in_lidar": 518,
    "speed": 0.05600623599196758,
    "if_vehicle": true,
    "motion_state": false,
    "pose": [
      [
        0.1446505118585846,
        0.9885021529514285,
        -0.044042286832543256,
        8.077115086057347
      ],
      [
        -0.9894765237102636,
        0.14466488243197334,
        -0.002877640908009433,
        7.561687459176028
      ],
      [
        0.00352681801367669,
        0.043995061101603984,
        0.9990255232742378,
        0.7858189427506019
      ],
      [
        0.0,
        0.0,
        0.0,
        1.0
      ]
    ],
    "location": [
      8.077115086057347,
      7.561687459176028,
      0.7858189427506019
    ],
    "rotation": [
      0.04400953991348007,
      -0.0035268253250731064,
      -1.4256356570758484
    ]
  },
  {
    "label_id": "5AjDD1HMSXUI04BJtWagJA",
    "size": [
      0.2711427132410345,
      0.04132458893582225,
      0.3999999999999986
    ],
    "obj_class": "sign",
    "point_num_in_lidar": 33,
    "speed": 0.007611545070465122,
    "if_vehicle": false,
    "motion_state": false,
    "pose": [
      [
        -0.1794591966940356,
        -0.982779056396956,
        -0.044042286832543256,
        10.056913154876838
      ],
      [
        0.9837523123747698,
        -0.17950795826396587,
        -0.002877640908009433,
        5.471737877531268
      ],
      [
        -0.005077855770362998,
        -0.043843120639512574,
        0.9990255232742378,
        2.589477868662769
      ],
      [
        0.0,
        0.0,
        0.0,
        1.0
      ]
    ],
    "location": [
      10.056913154876838,
      5.471737877531268,
      2.589477868662769
    ],
    "rotation": [
      -0.04385774461220556,
      0.005077877592379121,
      1.7512353744085027
    ]
  },
  {
    "label_id": "5Zo39jZeAKvLd3jygUscXQ",
    "size": [
      0.8633204129107517,
      0.9964958227765475,
      1.7600000000000051
    ],
    "obj_class": "pedestrian",
    "point_num_in_lidar": 21,
    "speed": 1.1805943642348586,
    "if_vehicle": false,
    "motion_state": true,
    "pose": [
      [
        -0.5157670029435464,
        -0.8555960937528827,
        -0.044042286832543256,
        1.9057814490092824
      ],
      [
        0.8564890540352045,
        -0.516157165503575,
        -0.002877640908009433,
        -39.40639436774836
      ],
      [
        -0.020270643613664586,
        -0.039205928813423885,
        0.9990255232742378,
        0.9365923233990046
      ],
      [
        0.0,
        0.0,
        0.0,
        1.0
      ]
    ],
    "location": [
      1.9057814490092824,
      -39.40639436774836,
      0.9365923233990046
    ],
    "rotation": [
      -0.03922404322676497,
      0.020272032068251213,
      2.1128227313972885
    ]
  },
  {
    "label_id": "7qaAcL3WFHPDh_NixTan-A",
    "size": [
      2.045007749547012,
      4.144237317604301,
      1.6999999999999993
    ],
    "obj_class": "vehicle",
    "point_num_in_lidar": 21,
    "speed": 4.951848020247703,
    "if_vehicle": true,
    "motion_state": true,
    "pose": [
      [
        0.5365665961234405,
        0.842707876369424,
        -0.044042286832543256,
        11.483654198254271
      ],
      [
        -0.8435910133896226,
        0.5369785110328661,
        -0.002877640908009433,
        -24.50851921553658
      ],
      [
        0.02122475094727907,
        0.03869772336793779,
        0.9990255232742378,
        0.5572475573101237
      ],
      [
        0.0,
        0.0,
        0.0,
        1.0
      ]
    ],
    "location": [
      11.483654198254271,
      -24.50851921553658,
      0.5572475573101237
    ],
    "rotation": [
      0.038716114231490836,
      -0.02122634486028149,
      -1.004289927237951
    ]
  },
  {
    "label_id": "9vJuFi9oGTXbvK2kqBNGSg",
    "size": [
      0.8507025618730911,
      1.3206064828369461,
      1.759999999999998
    ],
    "obj_class": "pedestrian",
    "point_num_in_lidar": 820,
    "speed": 0.8475258570752228,
    "if_vehicle": false,
    "motion_state": false,
    "pose": [
      [
        0.16014489341252974,
        0.9861104857390217,
        -0.044042286832543256,
        -9.939456929147354
      ],
      [
        -0.987084511004927,
        0.16017455265106423,
        -0.002877640908009433,
        16.890547074021015
      ],
      [
        0.004216781717552812,
        0.0439342986581324,
        0.9990255232742378,
        1.1060240574294227
      ],
      [
        0.0,
        0.0,
        0.0,
        1.0
      ]
    ],
    "location": [
      -9.939456929147354,
      16.890547074021015,
      1.1060240574294227
    ],
    "rotation": [
      0.04394883576432756,
      -0.004216794214259756,
      -1.4099574452381678
    ]
  },
  {
    "label_id": "BJzgD4pDd9zzx_tJ81Wh9w",
    "size": [
      2.0576826721188177,
      4.348731250934897,
      1.5799999999999983
    ],
    "obj_class": "vehicle",
    "point_num_in_lidar": 34,
    "speed": 3.392880965287818,
    "if_vehicle": true,
    "motion_state": true,
    "pose": [
      [
        0.153574927771483,
        0.9871550124122066,
        -0.044042286832543256,
        4.32013520611099
      ],
      [
        -0.9881292135812674,
        0.15359810041166025,
        -0.002877640908009433,
        -6.413985168082945
      ],
      [
        0.003924133949000196,
        0.04396140374676139,
        0.9990255232742378,
        0.7818065975304904
      ],
      [
        0.0,
        0.0,
        0.0,
        1.0
      ]
    ],
    "location": [
      4.32013520611099,
      -6.413985168082945,
      0.7818065975304904
    ],
    "rotation": [
      0.04397591488892556,
      -0.003924144020246782,
      -1.4166100197787788
    ]
  },
  {
    "label_id": "HvXo3bcZJiBtcXJw3euZyA",
    "size": [
      2.1355814538903752,
      4.745719360965725,
      1.7100000000000044
    ],
    "obj_class": "vehicle",
    "point_num_in_lidar": 806,
    "speed": 0.012451953405263078,
    "if_vehicle": true,
    "motion_state": false,
    "pose": [
      [
        0.12755830275068447,
        0.9908527420206923,
        -0.044042286832543256,
        -2.8931038174446257
      ],
      [
        -0.9918272156460164,
        0.12755584458061878,
        -0.002877640908009433,
        2.7130640961640893
      ],
      [
        0.0027665327099348582,
        0.04404940570995621,
        0.9990255232742378,
        0.8678839694967699
      ],
      [
        0.0,
        0.0,
        0.0,
        1.0
      ]
    ],
    "location": [
      -2.8931038174446257,
      2.7130640961640893,
      0.8678839694967699
    ],
    "rotation": [
      0.044063832109726545,
      -0.002766536238983738,
      -1.4428890548236237
    ]
  },
  {
    "label_id": "MMRb3jHqGvp6u3_L3aIsDw",
    "size": [
      2.187111608220511,
      5.576670239505544,
      2.0900000000000034
    ],
    "obj_class": "vehicle",
    "point_num_in_lidar": 6258,
    "speed": 4.8561709151771995,
    "if_vehicle": true,
    "motion_state": true,
    "pose": [
      [
        0.15316460180809194,
        0.9872187608243314,
        -0.044042286832543256,
        0.921760276283976
      ],
      [
        -0.9881929715409858,
        0.15318736951785786,
        -0.002877640908009433,
        14.127872271767046
      ],
      [
        0.003905860976125813,
        0.043963031022333295,
        0.9990255232742378,
        1.2447188541499443
      ],
      [
        0.0,
        0.0,
        0.0,
        1.0
      ]
    ],
    "location": [
      0.921760276283976,
      14.127872271767046,
      1.2447188541499443
    ],
    "rotation": [
      0.04397754060367309,
      -0.0039058709073337334,
      -1.4170252728509924
    ]
  },
  {
    "label_id": "PDJRXsFgAheGLL2zZRkw1g",
    "size": [
      0.30252014459576043,
      0.09175552356189816,
      0.41999999999999815
    ],
    "obj_class": "sign",
    "point_num_in_lidar": 24,
    "speed": 0.013557121494563876,
    "if_vehicle": false,
    "motion_state": false,
    "pose": [
      [
        -0.4837250114435106,
        -0.8741112001768055,
        -0.044042286832543256,
        10.913774225382213
      ],
      [
        0.8750179980038949,
        -0.48408183435454416,
        -0.002877640908009433,
        -0.4570162561558391
      ],
      [
        -0.018804692851288527,
        -0.03992978053288248,
        0.9990255232742378,
        2.5483446144864175
      ],
      [
        0.0,
        0.0,
        0.0,
        1.0
      ]
    ],
    "location": [
      10.913774225382213,
      -0.4570162561558391,
      2.5483446144864175
    ],
    "rotation": [
      -0.039947466166955235,
      0.018805801302543612,
      2.075799892230573
    ]
  },
  {
    "label_id": "Q1XCV9T8TgLtNR0LInE2iQ",
    "size": [
      2.0838595894312393,
      4.420796265683074,
      1.379999999999999
    ],
    "obj_class": "vehicle",
    "point_num_in_lidar": 32,
    "speed": 7.225477844980006,
    "if_vehicle": true,
    "motion_state": true,
    "pose": [
      [
        0.38158296441321843,
        0.9232847438575926,
        -0.044042286832543256,
        10.108655530207216
      ],
      [
        -0.9242261280868592,
        0.38183475921447607,
        -0.002877640908009433,
        -13.369029051938924
      ],
      [
        0.014159994039293425,
        0.04180309097952731,
        0.9990255232742378,
        0.5774411413248899
      ],
      [
        0.0,
        0.0,
        0.0,
        1.0
      ]
    ],
    "location": [
      10.108655530207216,
      -13.369029051938924,
      0.5774411413248899
    ],
    "rotation": [
      0.041819470874136525,
      -0.014160467274611904,
      -1.1792466967921158
    ]
  },
  {
    "label_id": "Rqi1rKFoDmNStEQoR06fGg",
    "size": [
      2.116252839309847,
      4.457104393150359,
      1.4400000000000048
    ],
    "obj_class": "vehicle",
    "point_num_in_lidar": 4020,
    "speed": 5.281116968916871,
    "if_vehicle": true,
    "motion_state": true,
    "pose": [
      [
        0.14426470275831785,
        0.9885585326669403,
        -0.044042286832543256,
        3.233009131372455
      ],
      [
        -0.9895329089601927,
        0.14427869304780722,
        -0.002877640908009433,
        17.452064425984645
      ],
      [
        0.003509647109471823,
        0.04399643421690488,
        0.9990255232742378,
        0.9215192679693409
      ],
      [
        0.0,
        0.0,
        0.0,
        1.0
      ]
    ],
    "location": [
      3.233009131372455,
      17.452064425984645,
      0.9215192679693409
    ],
    "rotation": [
      0.044010911707692175,
      -0.0035096543145966557,
      -1.4260255671146589
    ]
  },
  {
    "label_id": "SE1GxLqUzqbnMSkTAHHg2Q",
    "size": [
      0.9299821989764835,
      1.0130600459139427,
      1.8200000000000038
    ],
    "obj_class": "pedestrian",
    "point_num_in_lidar": 133,
    "speed": 1.4935021253211431,
    "if_vehicle": false,
    "motion_state": true,
    "pose": [
      [
        0.1687892491131713,
        0.9846676933637925,
        -0.044042286832543256,
        9.227275777468776
      ],
      [
        -0.9856414209696824,
        0.1688274517123028,
        -0.002877640908009433,
        23.498319720836662
      ],
      [
        0.004602027018301648,
        0.04389561702446252,
        0.9990255232742378,
        1.048696588813442
      ],
      [
        0.0,
        0.0,
        0.0,
        1.0
      ]
    ],
    "location": [
      9.227275777468776,
      23.498319720836662,
      1.048696588813442
    ],
    "rotation": [
      0.04391019107220305,
      -0.004602043262578435,
      -1.401193349202887
    ]
  },
  {
    "label_id": "UKPPRkSzxShd_vfgFE0sew",
    "size": [
      2.1840450924505137,
      5.292964081439663,
      1.8599999999999994
    ],
    "obj_class": "vehicle",
    "point_num_in_lidar": 2899,
    "speed": 0.006105825323256091,
    "if_vehicle": true,
    "motion_state": false,
    "pose": [
      [
        0.15889822629871136,
        0.9863121365215393,
        -0.044042286832543256,
        6.073446209296208
      ],
      [
        -0.9872861985013769,
        0.15892665425127464,
        -0.002877640908009433,
        21.008804156717815
      ],
      [
        0.004161241139750501,
        0.0439395939764162,
        0.9990255232742378,
        1.0487107382351795
      ],
      [
        0.0,
        0.0,
        0.0,
        1.0
      ]
    ],
    "location": [
      6.073446209296208,
      21.008804156717815,
      1.0487107382351795
    ],
    "rotation": [
      0.043954126015283396,
      -0.004161253149135952,
      -1.411220332756799
    ]
  },
  {
    "label_id": "VTRd1yBJHqNe_iEnYQW6UA",
    "size": [
      0.8202675324553297,
      0.8400554809897636,
      1.6400000000000006
    ],
    "obj_class": "pedestrian",
    "point_num_in_lidar": 637,
    "speed": 0.1741686595941766,
    "if_vehicle": false,
    "motion_state": false,
    "pose": [
      [
        0.334557531755942,
        -0.941345598022284,
        -0.044042286832543256,
        -6.5632067727708545
      ],
      [
        0.9422135107772056,
        0.3350006258079183,
        -0.002877640908009433,
        13.049522462584719
      ],
      [
        0.017463048252357356,
        -0.04053450125968372,
        0.9990255232742378,
        0.9737573409133802
      ],
      [
        0.0,
        0.0,
        0.0,
        1.0
      ]
    ],
    "location": [
      -6.5632067727708545,
      13.049522462584719,
      0.9737573409133802
    ],
    "rotation": [
      -0.04055179664276332,
      -0.01746393595705289,
      1.2296065150133524
    ]
  },
  {
    "label_id": "Zl-y3j7oUzSX87ynXxP3zQ",
    "size": [
      1.114609496887284,
      1.2440111412605759,
      2.0199999999999996
    ],
    "obj_class": "pedestrian",
    "point_num_in_lidar": 66,
    "speed": 1.4982849729134948,
    "if_vehicle": false,
    "motion_state": true,
    "pose": [
      [
        0.14182427100278908,
        0.9889116002581257,
        -0.044042286832543256,
        9.346571276369787
      ],
      [
        -0.9898860081146272,
        0.14183585626241504,
        -0.002877640908009433,
        15.460487647053014
      ],
      [
        0.0034010429893408054,
        0.0440049628248919,
        0.9990255232742378,
        1.1817269959755201
      ],
      [
        0.0,
        0.0,
        0.0,
        1.0
      ]
    ],
    "location": [
      9.346571276369787,
      15.460487647053014,
      1.1817269959755201
    ],
    "rotation": [
      0.04401943210650296,
      -0.003401049546071929,
      -1.4284914263404556
    ]
  },
  {
    "label_id": "_SLh77a3MDODXX6UWGrvyw",
    "size": [
      0.7519602755870026,
      0.10692985834484674,
      1.1199999999999974
    ],
    "obj_class": "sign",
    "point_num_in_lidar": 20,
    "speed": 2.929642751054232e-13,
    "if_vehicle": false,
    "motion_state": false,
    "pose": [
      [
        0.7020895708228,
        -0.7107253418251078,
        -0.044042286832543256,
        6.767234171847576
      ],
      [
        0.7113235458361516,
        0.7028588281596018,
        -0.002877640908009433,
        -40.538605775944234
      ],
      [
        0.033000722430585334,
        -0.02930795396637105,
        0.9990255232742378,
        3.8391294640986935
      ],
      [
        0.0,
        0.0,
        0.0,
        1.0
      ]
    ],
    "location": [
      6.767234171847576,
      -40.538605775944234,
      3.8391294640986935
    ],
    "rotation": [
      -0.029328130091164584,
      -0.03300671526133748,
      0.7919311745424122
    ]
  },
  {
    "label_id": "cTtq-GMvsci0tRg4OYAu-A",
    "size": [
      3.019942880300708,
      8.05412118617281,
      3.3000000000000007
    ],
    "obj_class": "vehicle",
    "point_num_in_lidar": 421,
    "speed": 4.837564966149938,
    "if_vehicle": true,
    "motion_state": true,
    "pose": [
      [
        0.7260315093280111,
        0.6862496079659718,
        -0.044042286832543256,
        21.601648225229837
      ],
      [
        -0.6870054897636506,
        0.7266465276992735,
        -0.002877640908009433,
        -33.828408668876364
      ],
      [
        0.030028394853814675,
        0.03234655080744868,
        0.9990255232742378,
        1.4791390345696627
      ],
      [
        0.0,
        0.0,
        0.0,
        1.0
      ]
    ],
    "location": [
      21.601648225229837,
      -33.828408668876364,
      1.4791390345696627
    ],
    "rotation": [
      0.03236679518985672,
      -0.03003290947572143,
      -0.7577866420264906
    ]
  },
  {
    "label_id": "d6uA9LEwbNgFClVe3mDiow",
    "size": [
      2.0936502297795805,
      4.690981136743863,
      1.6500000000000057
    ],
    "obj_class": "vehicle",
    "point_num_in_lidar": 4769,
    "speed": 4.863251106855448,
    "if_vehicle": true,
    "motion_state": true,
    "pose": [
      [
        0.15988109484241542,
        0.9861532905601189,
        -0.044042286832543256,
        -0.8592371817969706
      ],
      [
        -0.9871273237252688,
        0.15991049351994646,
        -0.002877640908009433,
        24.661771901201064
      ],
      [
        0.004205028772655121,
        0.04393542511068494,
        0.9990255232742378,
        1.0422219666459505
      ],
      [
        0.0,
        0.0,
        0.0,
        1.0
      ]
    ],
    "location": [
      -0.8592371817969706,
      24.661771901201064,
      1.0422219666459505
    ],
    "rotation": [
      0.04394996113913318,
      -0.0042050411651606305,
      -1.4102246977013257
    ]
  },
  {
    "label_id": "gSyJHmz9hma10BKIiIIo3A",
    "size": [
      0.283966599281265,
      0.08844951503223594,
      0.41999999999999815
    ],
    "obj_class": "sign",
    "point_num_in_lidar": 49,
    "speed": 0.010853659988997014,
    "if_vehicle": false,
    "motion_state": false,
    "pose": [
      [
        -0.12473354077875255,
        -0.9912122985391955,
        -0.044042286832543256,
        9.050114947751354
      ],
      [
        0.9921867611994893,
        -0.12472830506052739,
        -0.002877640908009433,
        11.877496923118088
      ],
      [
        -0.002640966728814256,
        -0.04405711226774581,
        0.9990255232742378,
        2.5985031961337874
      ],
      [
        0.0,
        0.0,
        0.0,
        1.0
      ]
    ],
    "location": [
      9.050114947751354,
      11.877496923118088,
      2.5985031961337874
    ],
    "rotation": [
      -0.04407153121396784,
      0.0026409697988179818,
      1.6958560352681906
    ]
  },
  {
    "label_id": "hiebKsby5uy1leYvMiBsGg",
    "size": [
      0.9772276589116233,
      1.2902794644725941,
      1.9900000000000055
    ],
    "obj_class": "pedestrian",
    "point_num_in_lidar": 113,
    "speed": 3.261414534136478,
    "if_vehicle": false,
    "motion_state": true,
    "pose": [
      [
        0.15661180847603726,
        0.9866777682792011,
        -0.044042286832543256,
        -6.261226679089987
      ],
      [
        -0.9876518935307089,
        0.1566379787535882,
        -0.002877640908009433,
        -6.3691369306179695
      ],
      [
        0.004059390480111667,
        0.043949120532331944,
        0.9990255232742378,
        1.087725458801728
      ],
      [
        0.0,
        0.0,
        0.0,
        1.0
      ]
    ],
    "location": [
      -6.261226679089987,
      -6.3691369306179695,
      1.087725458801728
    ],
    "rotation": [
      0.043963643448611096,
      -0.004059401629074221,
      -1.4135358310033714
    ]
  },
  {
    "label_id": "lRzyNQtprTy8rnSr_elHgw",
    "size": [
      1.9175647331685177,
      4.524339314131563,
      1.5799999999999983
    ],
    "obj_class": "vehicle",
    "point_num_in_lidar": 159,
    "speed": 2.121295368573735,
    "if_vehicle": true,
    "motion_state": true,
    "pose": [
      [
        0.995517950136255,
        -0.08369162399588616,
        -0.044042286832543256,
        -2.4495832515012808
      ],
      [
        0.08364614897690968,
        0.9964913652130344,
        -0.002877640908009433,
        -25.83238256218101
      ],
      [
        0.04412859297373339,
        -0.0008192245077089183,
        0.9990255232742378,
        0.7715859712765045
      ],
      [
        0.0,
        0.0,
        0.0,
        1.0
      ]
    ],
    "location": [
      -2.4495832515012808,
      -25.83238256218101,
      0.7715859712765045
    ],
    "rotation": [
      -0.0008200234178181465,
      -0.044142927714300416,
      0.08382584793870095
    ]
  },
  {
    "label_id": "p4rlez2SgtaXLYRB6hZLqQ",
    "size": [
      0.7317470381364363,
      0.13853810500110264,
      0.8299999999999983
    ],
    "obj_class": "sign",
    "point_num_in_lidar": 31,
    "speed": 0.001339328207785749,
    "if_vehicle": false,
    "motion_state": false,
    "pose": [
      [
        -0.7029434409485297,
        -0.7098808321105738,
        -0.044042286832543256,
        25.472343457003944
      ],
      [
        0.710656636371085,
        -0.7035331295429802,
        -0.002877640908009433,
        -24.82569620508184
      ],
      [
        -0.028942425765235584,
        -0.03332176222019612,
        0.9990255232742378,
        4.367224510499419
      ],
      [
        0.0,
        0.0,
        0.0,
        1.0
      ]
    ],
    "location": [
      25.472343457003944,
      -24.82569620508184,
      4.367224510499419
    ],
    "rotation": [
      -0.03334190447386376,
      0.028946467960522013,
      2.350738124562069
    ]
  },
  {
    "label_id": "t0ccuriz40o-ctRGwvPO6w",
    "size": [
      0.4780900290164417,
      0.07158715838705526,
      0.4499999999999993
    ],
    "obj_class": "sign",
    "point_num_in_lidar": 34,
    "speed": 0.015682647218366128,
    "if_vehicle": false,
    "motion_state": false,
    "pose": [
      [
        -0.10902407936947395,
        -0.9930629522282052,
        -0.044042286832543256,
        9.073280375081367
      ],
      [
        0.9940372098434678,
        -0.10900341567775845,
        -0.002877640908009433,
        15.577448116711821
      ],
      [
        -0.0019430811234462798,
        -0.04409340406889867,
        0.9990255232742378,
        3.4364974905275325
      ],
      [
        0.0,
        0.0,
        0.0,
        1.0
      ]
    ],
    "location": [
      9.073280375081367,
      15.577448116711821,
      3.4364974905275325
    ],
    "rotation": [
      -0.044107787844497405,
      0.001943082346152962,
      1.680037757937994
    ]
  },
  {
    "label_id": "t6DnS0RS2qwEJ9YZjBU_Hw",
    "size": [
      0.7915847232452854,
      0.07201363665077959,
      0.8200000000000003
    ],
    "obj_class": "sign",
    "point_num_in_lidar": 25,
    "speed": 0.011945990500395574,
    "if_vehicle": false,
    "motion_state": false,
    "pose": [
      [
        -0.19609100605486648,
        -0.9795961383728247,
        -0.044042286832543256,
        12.79509517120141
      ],
      [
        0.9805684280568016,
        -0.19615625679803741,
        -0.002877640908009433,
        -11.532906449681832
      ],
      [
        -0.005820244204787468,
        -0.04375075546812992,
        0.9990255232742378,
        4.404227907925282
      ],
      [
        0.0,
        0.0,
        0.0,
        1.0
      ]
    ],
    "location": [
      12.79509517120141,
      -11.532906449681832,
      4.404227907925282
    ],
    "rotation": [
      -0.0437654666957571,
      0.005820277065652472,
      1.7681696471332569
    ]
  },
  {
    "label_id": "wXp6vXhTV8f1jleasmAGTw",
    "size": [
      2.2894503964110964,
      4.793928541223385,
      1.870000000000001
    ],
    "obj_class": "vehicle",
    "point_num_in_lidar": 68,
    "speed": 6.577907185553779,
    "if_vehicle": true,
    "motion_state": true,
    "pose": [
      [
        0.16882187164856746,
        0.9846621007348838,
        -0.044042286832543256,
        6.161445898904731
      ],
      [
        -0.9856358270745643,
        0.16886010650785438,
        -0.002877640908009433,
        2.705641984635804
      ],
      [
        0.00460348130375152,
        0.043895464532471604,
        0.9990255232742378,
        0.7267991396749807
      ],
      [
        0.0,
        0.0,
        0.0,
        1.0
      ]
    ],
    "location": [
      6.161445898904731,
      2.705641984635804,
      0.7267991396749807
    ],
    "rotation": [
      0.043910038725584515,
      -0.0046034975634333215,
      -1.4011602501901668
    ]
  },
  {
    "label_id": "xfS8VoC0AfB3m7ZdKCuApA",
    "size": [
      2.317314649714177,
      5.728274035621146,
      2.450000000000003
    ],
    "obj_class": "vehicle",
    "point_num_in_lidar": 2243,
    "speed": 4.099946549023894,
    "if_vehicle": true,
    "motion_state": true,
    "pose": [
      [
        0.1448216788672141,
        0.9884770904278164,
        -0.044042286832543256,
        -0.5720890879388207
      ],
      [
        -0.9894514586836328,
        0.1448362181625704,
        -0.002877640908009433,
        6.0537243835642585
      ],
      [
        0.003534436152011513,
        0.04399444973769778,
        0.9990255232742378,
        1.273243995034818
      ],
      [
        0.0,
        0.0,
        0.0,
        1.0
      ]
    ],
    "location": [
      -0.5720890879388207,
      6.0537243835642585,
      1.273243995034818
    ],
    "rotation": [
      0.04400892913772023,
      -0.0035344435108896864,
      -1.4254626635129573
    ]
  }
]