[
  {
    "label_id": "-u6v7A9TrXDu-9EE_fzpuA",
    "size": [
      2.039947509739692,
      4.415591832276201,
      1.7400000000000055
    ],
    "obj_class": "vehicle",
    "point_num_in_lidar": 735,
    "speed": 4.702863991428819,
    "if_vehicle": true,
    "motion_state": true,
    "pose": [
      [
        0.110084010986902,
        0.9930284831660611,
        -0.04214192859786631,
        2.3028965047381007
      ],
      [
        -0.9939204513656864,
        0.1100662777928509,
        -0.0027478809758046405,
        5.540296563807715
      ],
      [
        0.0019096811424550825,
        0.042188222452942986,
        0.9991078555412298,
        1.05521100999524
      ],
      [
        0.0,
        0.0,
        0.0,
        1.0
      ]
    ],
    "location": [
      2.3028965047381007,
      5.540296563807715,
      1.05521100999524
    ],
    "rotation": [
      0.042200824240823345,
      -0.001909682303187306,
      -1.4604885505391048
    ]
  },
  {
    "label_id": "0MlUkBaER0Efvh_AS-1Bpw",
    "size": [
      0.8325983238170724,
      0.7496736177587451,
      1.6400000000000006
    ],
    "obj_class": "pedestrian",
    "point_num_in_lidar": 1041,
    "speed": 0.060196788466690264,
    "if_vehicle": false,
    "motion_state": false,
    "pose": [
      [
        -0.026084373890629498,
        -0.9987710765199332,
        -0.04214192859786631,
        -8.445834997407019
      ],
      [
        0.999658384491687,
        -0.025991603752241764,
        -0.0027478809758046405,
        24.22970249157879
      ],
      [
        0.001649167730882039,
        -0.04219920901628689,
        0.9991078555412298,
        1.0094302315635204
      ],
      [
        0.0,
        0.0,
        0.0,
        1.0
      ]
    ],
    "location": [
      -8.445834997407019,
      24.22970249157879,
      1.0094302315635204
    ],
    "rotation": [
      -0.042211801037508496,
      -0.001649168478438099,
      1.5968836950195928
    ]
  },
  {
    "label_id": "3DGCEQS1fQrrltlr7Y0QFA",
    "size": [
      2.2388669044008904,
      4.778130853572724,
      1.8000000000000043
    ],
    "obj_class": "vehicle",
    "point_num_in_lidar": 1424,
    "speed": 0.032951215742528454,
    "if_vehicle": true,
    "motion_state": false,
    "pose": [
      [
        0.17664237230154328,
        0.9833725286796124,
        -0.04214192859786631,
        6.906808141775173
      ],
      [
        -0.9842636690238286,
        0.17668468804594795,
        -0.0027478809758046405,
        14.776821866351384
      ],
      [
        0.004743642844281011,
        0.04196416147584451,
        0.9991078555412298,
        1.0685648264384682
      ],
      [
        0.0,
        0.0,
        0.0,
        1.0
      ]
    ],
    "location": [
      6.906808141775173,
      14.776821866351384,
      1.0685648264384682
    ],
    "rotation": [
      0.04197696022969095,
      -0.004743660634819601,
      -1.3932201773751869
    ]
  },
  {
    "label_id": "3nT8tDOtD-Z4SicFOMGd2Q",
    "size": [
      2.08945508902155,
      4.8468502346614635,
      1.4700000000000024
    ],
    "obj_class": "vehicle",
    "point_num_in_lidar": 74,
    "speed": 0.1197076222276465,
    "if_vehicle": true,
    "motion_state": false,
    "pose": [
      [
        0.14466237988767094,
        0.9885832558258751,
        -0.04214192859786631,
        8.051779822533035
      ],
      [
        -0.9894752996880617,
        0.14467577702353407,
        -0.0027478809758046405,
        7.628166797574522
      ],
      [
        0.0033804071434836657,
        0.04209591243041462,
        0.9991078555412298,
        0.7750569412222639
      ],
      [
        0.0,
        0.0,
        0.0,
        1.0
      ]
    ],
    "location": [
      8.051779822533035,
      7.628166797574522,
      0.7750569412222639
    ],
    "rotation": [
      0.04210859587691185,
      -0.0033804135815880708,
      -1.4256237367420035
    ]
  },
  {
    "label_id": "4DmDR3w-hvQgpP8Q0g9N_w",
    "size": [
      0.9999999999997009,
      1.0,
      1.8650753638610276
    ],
    "obj_class": "pedestrian",
    "point_num_in_lidar": 23,
    "speed": 1.5118877909491077,
    "if_vehicle": false,
    "motion_state": true,
    "pose": [
      [
        0.749533958552617,
        0.6606231170875693,
        -0.04214192859786631,
        3.6961171775724324
      ],
      [
        -0.6612949642170209,
        0.7501209365504683,
        -0.0027478809758046405,
        -46.57660263040816
      ],
      [
        0.029796229252252747,
        0.029927875269588535,
        0.9991078555412298,
        0.7694073385534104
      ],
      [
        0.0,
        0.0,
        0.0,
        1.0
      ]
    ],
    "location": [
      3.6961171775724324,
      -46.57660263040816,
      0.7694073385534104
    ],
    "rotation": [
      0.029945644718441456,
      -0.02980063993921504,
      -0.7229354469291902
    ]
  },
  {
    "label_id": "5AjDD1HMSXUI04BJtWagJA",
    "size": [
      0.2711427132410357,
      0.04132458893582225,
      0.3999999999999986
    ],
    "obj_class": "sign",
    "point_num_in_lidar": 25,
    "speed": 0.007611545262001855,
    "if_vehicle": false,
    "motion_state": false,
    "pose": [
      [
        -0.17947392064451692,
        -0.9828596897128999,
        -0.04214192859786631,
        10.062168971233177
      ],
      [
        0.983750704484354,
        -0.17951880284995173,
        -0.0027478809758046405,
        5.472612192308588
      ],
      [
        -0.0048644871284297736,
        -0.04195032491867247,
        0.9991078555412298,
        2.5947281332332537
      ],
      [
        0.0,
        0.0,
        0.0,
        1.0
      ]
    ],
    "location": [
      10.062168971233177,
      5.472612192308588,
      2.5947281332332537
    ],
    "rotation": [
      -0.041963135697618864,
      0.004864506313551098,
      1.7512501480448213
    ]
  },
  {
    "label_id": "5Zo39jZeAKvLd3jygUscXQ",
    "size": [
      0.8633204129131147,
      0.9964958227765475,
      1.7600000000000051
    ],
    "obj_class": "pedestrian",
    "point_num_in_lidar": 27,
    "speed": 1.1805943938624832,
    "if_vehicle": false,
    "motion_state": true,
    "pose": [
      [
        -0.5156664211994206,
        -0.8557524174090506,
        -0.04214192859786631,
        2.333804945061047
      ],
      [
        0.8565698959000999,
        -0.5160237035135447,
        -0.0027478809758046405,
        -40.11332382118417
      ],
      [
        -0.019394728280477173,
        -0.03751449734077894,
        0.9991078555412298,
        0.9365923233989939
      ],
      [
        0.0,
        0.0,
        0.0,
        1.0
      ]
    ],
    "location": [
      2.333804945061047,
      -40.11332382118417,
      0.9365923233989939
    ],
    "rotation": [
      -0.0375303647834539,
      0.01939594439191027,
      2.1126948383382693
    ]
  },
  {
    "label_id": "7qaAcL3WFHPDh_NixTan-A",
    "size": [
      2.045007749546708,
      4.144237317604301,
      1.6999999999999993
    ],
    "obj_class": "vehicle",
    "point_num_in_lidar": 25,
    "speed": 4.674183119243591,
    "if_vehicle": true,
    "motion_state": true,
    "pose": [
      [
        0.47814006366961603,
        0.8772719859701824,
        -0.04214192859786631,
        9.791174205995503
      ],
      [
        -0.8781041639216727,
        0.47846162484943666,
        -0.0027478809758046405,
        -21.685569995788683
      ],
      [
        0.017752656630370237,
        0.03831887496220398,
        0.9991078555412298,
        0.6692553001376638
      ],
      [
        0.0,
        0.0,
        0.0,
        1.0
      ]
    ],
    "location": [
      9.791174205995503,
      -21.685569995788683,
      0.6692553001376638
    ],
    "rotation": [
      0.03833430275689078,
      -0.017753589241100452,
      -1.0721747241752313
    ]
  },
  {
    "label_id": "9vJuFi9oGTXbvK2kqBNGSg",
    "size": [
      0.8507025618729394,
      1.3206064828369461,
      1.7600000000000016
    ],
    "obj_class": "pedestrian",
    "point_num_in_lidar": 259,
    "speed": 0.804740535320501,
    "if_vehicle": false,
    "motion_state": false,
    "pose": [
      [
        0.16939100310876623,
        0.9846475236955905,
        -0.04214192859786631,
        -10.028998643488421
      ],
      [
        -0.9855389516724398,
        0.16942675079966363,
        -0.0027478809758046405,
        17.463655909257795
      ],
      [
        0.004434275836531651,
        0.041997978446711014,
        0.9991078555412298,
        1.1009479477071622
      ],
      [
        0.0,
        0.0,
        0.0,
        1.0
      ]
    ],
    "location": [
      -10.028998643488421,
      17.463655909257795,
      1.1009479477071622
    ],
    "rotation": [
      0.042010747743265145,
      -0.004434290368375008,
      -1.400582927320689
    ]
  },
  {
    "label_id": "BJzgD4pDd9zzx_tJ81Wh9w",
    "size": [
      2.0576826721188892,
      4.348731250934897,
      1.5799999999999983
    ],
    "obj_class": "vehicle",
    "point_num_in_lidar": 61,
    "speed": 3.848914512074116,
    "if_vehicle": true,
    "motion_state": true,
    "pose": [
      [
        0.1304332492303492,
        0.9905610659365055,
        -0.04214192859786631,
        3.9725169638497846
      ],
      [
        -0.9914532102134098,
        0.1304338188801775,
        -0.0027478809758046405,
        -3.9212016643268726
      ],
      [
        0.002774788773535777,
        0.04214016543711131,
        0.9991078555412298,
        0.8218015664051528
      ],
      [
        0.0,
        0.0,
        0.0,
        1.0
      ]
    ],
    "location": [
      3.9725169638497846,
      -3.9212016643268726,
      0.8218015664051528
    ],
    "rotation": [
      0.04215280982637969,
      -0.002774792334273951,
      -1.4399898708461818
    ]
  },
  {
    "label_id": "HvXo3bcZJiBtcXJw3euZyA",
    "size": [
      2.1355814538903757,
      4.745719360965725,
      1.7100000000000044
    ],
    "obj_class": "vehicle",
    "point_num_in_lidar": 603,
    "speed": 0.01509143590987759,
    "if_vehicle": true,
    "motion_state": false,
    "pose": [
      [
        0.12756876842845977,
        0.9909340377521092,
        -0.04214192859786631,
        -2.8922552627029745
      ],
      [
        -0.9918261799471919,
        0.1275667586854172,
        -0.0027478809758046405,
        2.7025343051682285
      ],
      [
        0.0026529404453657945,
        0.042148011848700456,
        0.9991078555412298,
        0.8678839694967557
      ],
      [
        0.0,
        0.0,
        0.0,
        1.0
      ]
    ],
    "location": [
      -2.8922552627029745,
      2.7025343051682285,
      0.8678839694967557
    ],
    "rotation": [
      0.042160649295603564,
      -0.0026529435573159166,
      -1.4428785424903692
    ]
  },
  {
    "label_id": "MMRb3jHqGvp6u3_L3aIsDw",
    "size": [
      2.187111608220145,
      5.576670239505544,
      2.0900000000000034
    ],
    "obj_class": "vehicle",
    "point_num_in_lidar": 6629,
    "speed": 4.84892333775438,
    "if_vehicle": true,
    "motion_state": true,
    "pose": [
      [
        0.14430207684883997,
        0.9886359129988976,
        -0.04214192859786631,
        0.36596413920324267
      ],
      [
        -0.9895279616844844,
        0.14431514887458044,
        -0.0027478809758046405,
        17.48155636573938
      ],
      [
        0.0033650648821360925,
        0.042097141638641755,
        0.9991078555412298,
        1.2482190184292747
      ],
      [
        0.0,
        0.0,
        0.0,
        1.0
      ]
    ],
    "location": [
      0.36596413920324267,
      17.48155636573938,
      1.2482190184292747
    ],
    "rotation": [
      0.042109824002478105,
      -0.00336507123297782,
      -1.425987870059273
    ]
  },
  {
    "label_id": "PDJRXsFgAheGLL2zZRkw1g",
    "size": [
      0.30252014459575777,
      0.09175552356189816,
      0.41999999999999815
    ],
    "obj_class": "sign",
    "point_num_in_lidar": 21,
    "speed": 0.013557121834689417,
    "if_vehicle": false,
    "motion_state": false,
    "pose": [
      [
        -0.4837646992567964,
        -0.8741829177048895,
        -0.04214192859786631,
        10.923263345818214
      ],
      [
        0.8750130131850903,
        -0.48409159867414747,
        -0.0027478809758046405,
        -0.4568934814105887
      ],
      [
        -0.017998402977218213,
        -0.038204063737703534,
        0.9991078555412298,
        2.5483446144863997
      ],
      [
        0.0,
        0.0,
        0.0,
        1.0
      ]
    ],
    "location": [
      10.923263345818214,
      -0.4568934814105887,
      2.5483446144863997
    ],
    "rotation": [
      -0.038219557293461014,
      0.01799937486020554,
      2.075837043649184
    ]
  },
  {
    "label_id": "Rqi1rKFoDmNStEQoR06fGg",
    "size": [
      2.116252839308947,
      4.457104393150359,
      1.4400000000000048
    ],
    "obj_class": "vehicle",
    "point_num_in_lidar": 4136,
    "speed": 5.034875465725244,
    "if_vehicle": true,
    "motion_state": true,
    "pose": [
      [
        0.13958653809082938,
        0.9893127191327673,
        -0.04214192859786631,
        2.729345299923125
      ],
      [
        -0.9902048200066113,
        0.13959535660550243,
        -0.0027478809758046405,
        20.977443759247763
      ],
      [
        0.003164303950636277,
        0.04211270801447989,
        0.9991078555412298,
        0.9245156143898399
      ],
      [
        0.0,
        0.0,
        0.0,
        1.0
      ]
    ],
    "location": [
      2.729345299923125,
      20.977443759247763,
      0.9245156143898399
    ],
    "rotation": [
      0.04212537665678038,
      -0.0031643092312607832,
      -1.4307517684177782
    ]
  },
  {
    "label_id": "SE1GxLqUzqbnMSkTAHHg2Q",
    "size": [
      0.9299821989763941,
      1.0130600459139427,
      1.8200000000000038
    ],
    "obj_class": "pedestrian",
    "point_num_in_lidar": 183,
    "speed": 1.534530333630943,
    "if_vehicle": false,
    "motion_state": true,
    "pose": [
      [
        0.17172577279630588,
        0.9842430171515386,
        -0.04214192859786631,
        9.039220087873218
      ],
      [
        -0.9851343578400945,
        0.1717636345479667,
        -0.0027478809758046405,
        24.600275726999826
      ],
      [
        0.004533868160431141,
        0.04198734375152446,
        0.9991078555412298,
        1.04869658881341
      ],
      [
        0.0,
        0.0,
        0.0,
        1.0
      ]
    ],
    "location": [
      9.039220087873218,
      24.600275726999826,
      1.04869658881341
    ],
    "rotation": [
      0.042000122322092125,
      -0.0045338836935772935,
      -1.3982133364268332
    ]
  },
  {
    "label_id": "UKPPRkSzxShd_vfgFE0sew",
    "size": [
      2.184045092450513,
      5.292964081439663,
      1.8599999999999994
    ],
    "obj_class": "vehicle",
    "point_num_in_lidar": 773,
    "speed": 0.00610582547562637,
    "if_vehicle": true,
    "motion_state": false,
    "pose": [
      [
        0.15891126329904437,
        0.9863930597133955,
        -0.04214192859786631,
        6.073359903723258
      ],
      [
        -0.9872848174121168,
        0.15893753004770764,
        -0.0027478809758046405,
        21.004530982163487
      ],
      [
        0.003987443319339555,
        0.04204275551839943,
        0.9991078555412298,
        1.0375109431584697
      ],
      [
        0.0,
        0.0,
        0.0,
        1.0
      ]
    ],
    "location": [
      6.073359903723258,
      21.004530982163487,
      1.0375109431584697
    ],
    "rotation": [
      0.04205548566284845,
      -0.00398745388594339,
      -1.4112072418362545
    ]
  },
  {
    "label_id": "VTRd1yBJHqNe_iEnYQW6UA",
    "size": [
      0.820267532452614,
      0.8400554809897636,
      1.6400000000000006
    ],
    "obj_class": "pedestrian",
    "point_num_in_lidar": 397,
    "speed": 0.4741768549589582,
    "if_vehicle": false,
    "motion_state": false,
    "pose": [
      [
        0.37729913845614,
        -0.9251321083900974,
        -0.04214192859786631,
        -6.701745740857177
      ],
      [
        0.9259074233032615,
        0.37774050963863776,
        -0.0027478809758046405,
        12.840917225117664
      ],
      [
        0.018460866506464287,
        -0.03798275139632931,
        0.9991078555412298,
        0.9673593487015566
      ],
      [
        0.0,
        0.0,
        0.0,
        1.0
      ]
    ],
    "location": [
      -6.701745740857177,
      12.840917225117664,
      0.9673593487015566
    ],
    "rotation": [
      -0.03799836887578574,
      -0.018461915255580105,
      1.183848736096418
    ]
  },
  {
    "label_id": "Zl-y3j7oUzSX87ynXxP3zQ",
    "size": [
      1.1146094968872846,
      1.2440111412605759,
      2.0199999999999996
    ],
    "obj_class": "pedestrian",
    "point_num_in_lidar": 239,
    "speed": 1.5240726499756114,
    "if_vehicle": false,
    "motion_state": true,
    "pose": [
      [
        0.1390715038246638,
        0.9893852508896617,
        -0.04214192859786631,
        9.196762175828326
      ],
      [
        -0.9902773562333578,
        0.13907985792922786,
        -0.0027478809758046405,
        16.517943825603652
      ],
      [
        0.0031423805335935077,
        0.042114349578106315,
        0.9991078555412298,
        1.190338406704658
      ],
      [
        0.0,
        0.0,
        0.0,
        1.0
      ]
    ],
    "location": [
      9.196762175828326,
      16.517943825603652,
      1.190338406704658
    ],
    "rotation": [
      0.04212701677220371,
      -0.0031423857052182754,
      -1.4312718881067399
    ]
  },
  {
    "label_id": "cTtq-GMvsci0tRg4OYAu-A",
    "size": [
      3.0199428802991415,
      8.05412118617281,
      3.3000000000000007
    ],
    "obj_class": "vehicle",
    "point_num_in_lidar": 416,
    "speed": 5.157383772032623,
    "if_vehicle": true,
    "motion_state": true,
    "pose": [
      [
        0.7232262935923933,
        0.6893241516954572,
        -0.04214192859786631,
        19.010254671576604
      ],
      [
        -0.6900183579874821,
        0.7237866500498622,
        -0.0027478809758046405,
        -31.488953672132993
      ],
      [
        0.028607584603883525,
        0.031066044146889665,
        0.9991078555412298,
        1.4791390345696556
      ],
      [
        0.0,
        0.0,
        0.0,
        1.0
      ]
    ],
    "location": [
      19.010254671576604,
      -31.488953672132993,
      1.4791390345696556
    ],
    "rotation": [
      0.031083769370230854,
      -0.028611488087059194,
      -0.7619048313801826
    ]
  },
  {
    "label_id": "d6uA9LEwbNgFClVe3mDiow",
    "size": [
      2.093650229779247,
      4.690981136743863,
      1.6500000000000057
    ],
    "obj_class": "vehicle",
    "point_num_in_lidar": 4843,
    "speed": 4.284088895552184,
    "if_vehicle": true,
    "motion_state": true,
    "pose": [
      [
        0.16530985239436613,
        0.9853409108300564,
        -0.04214192859786631,
        -1.3733891694821523
      ],
      [
        -0.9862324792689542,
        0.16534190631885945,
        -0.0027478809758046405,
        27.841534645835054
      ],
      [
        0.004260227266772546,
        0.04201599052075649,
        0.9991078555412298,
        1.042221966645947
      ],
      [
        0.0,
        0.0,
        0.0,
        1.0
      ]
    ],
    "location": [
      -1.3733891694821523,
      27.841534645835054,
      1.042221966645947
    ],
    "rotation": [
      0.04202874408818149,
      -0.004260240153736081,
      -1.4047226277420344
    ]
  },
  {
    "label_id": "gSyJHmz9hma10BKIiIIo3A",
    "size": [
      0.2839665992812653,
      0.08844951503223594,
      0.41999999999999815
    ],
    "obj_class": "sign",
    "point_num_in_lidar": 41,
    "speed": 0.010853660256195937,
    "if_vehicle": false,
    "motion_state": false,
    "pose": [
      [
        -0.12474377469549813,
        -0.9912936237708639,
        -0.04214192859786631,
        9.052189542255292
      ],
      [
        0.9921857566135188,
        -0.12473922207309952,
        -0.0027478809758046405,
        11.884805695217437
      ],
      [
        -0.002532794499761549,
        -0.04215540235636269,
        0.9991078555412298,
        2.598503196133766
      ],
      [
        0.0,
        0.0,
        0.0,
        1.0
      ]
    ],
    "location": [
      9.052189542255292,
      11.884805695217437,
      2.598503196133766
    ],
    "rotation": [
      -0.04216803325953416,
      0.0025327972077690726,
      1.6958663145992852
    ]
  },
  {
    "label_id": "hiebKsby5uy1leYvMiBsGg",
    "size": [
      0.9772276589103626,
      1.2902794644725941,
      1.9900000000000055
    ],
    "obj_class": "pedestrian",
    "point_num_in_lidar": 48,
    "speed": 3.2149150218516467,
    "if_vehicle": false,
    "motion_state": true,
    "pose": [
      [
        0.1528153642885473,
        0.9873558235466133,
        -0.04214192859786631,
        -6.663298848982549
      ],
      [
        -0.9882477264804881,
        0.15283612222341084,
        -0.0027478809758046405,
        -4.120541613085152
      ],
      [
        0.0037276726660400846,
        0.0420665835586836,
        0.9991078555412298,
        1.0877254588017102
      ],
      [
        0.0,
        0.0,
        0.0,
        1.0
      ]
    ],
    "location": [
      -6.663298848982549,
      -4.120541613085152,
      1.0877254588017102
    ],
    "rotation": [
      0.04207929279975055,
      -0.0037276812991003517,
      -1.4173787785916483
    ]
  },
  {
    "label_id": "lRzyNQtprTy8rnSr_elHgw",
    "size": [
      1.9175647331675385,
      4.524339314131563,
      1.5799999999999983
    ],
    "obj_class": "vehicle",
    "point_num_in_lidar": 132,
    "speed": 2.325580583987805,
    "if_vehicle": true,
    "motion_state": true,
    "pose": [
      [
        0.991042660989072,
        -0.12672214468573206,
        -0.04214192859786631,
        -4.1149168795757305
      ],
      [
        0.12671937276632278,
        0.9919348011416136,
        -0.0027478809758046405,
        -25.99779743020008
      ],
      [
        0.042150262934043684,
        -0.002616931484742099,
        0.9991078555412298,
        0.7649521411538913
      ],
      [
        0.0,
        0.0,
        0.0,
        1.0
      ]
    ],
    "location": [
      -4.1149168795757305,
      -25.99779743020008,
      0.7649521411538913
    ],
    "rotation": [
      -0.002619262260534666,
      -0.042162753929681385,
      0.12717462085478956
    ]
  },
  {
    "label_id": "p4rlez2SgtaXLYRB6hZLqQ",
    "size": [
      0.7317470381364363,
      0.13853810500110264,
      0.8299999999999983
    ],
    "obj_class": "sign",
    "point_num_in_lidar": 20,
    "speed": 0.0026978957003090743,
    "if_vehicle": false,
    "motion_state": false,
    "pose": [
      [
        -0.7030011148073866,
        -0.7099390751561884,
        -0.04214192859786631,
        25.472951503772492
      ],
      [
        0.7106491870212599,
        -0.7035411730212847,
        -0.0027478809758046405,
        -24.824982602876844
      ],
      [
        -0.02769775380052006,
        -0.03187989068693035,
        0.9991078555412298,
        4.367224510499398
      ],
      [
        0.0,
        0.0,
        0.0,
        1.0
      ]
    ],
    "location": [
      25.472951503772492,
      -24.824982602876844,
      4.367224510499398
    ],
    "rotation": [
      -0.031897535068552696,
      0.027701296484170936,
      2.350784384463884
    ]
  },
  {
    "label_id": "t0ccuriz40o-ctRGwvPO6w",
    "size": [
      0.47809002901644126,
      0.07158715838705526,
      0.4499999999999993
    ],
    "obj_class": "sign",
    "point_num_in_lidar": 41,
    "speed": 0.01568264839387539,
    "if_vehicle": false,
    "motion_state": false,
    "pose": [
      [
        -0.10903302438409143,
        -0.9931444292990372,
        -0.04214192859786631,
        9.07860113292054
      ],
      [
        0.9940363782320668,
        -0.10901434722740991,
        -0.0027478809758046405,
        15.587050252206609
      ],
      [
        -0.0018650321535033313,
        -0.04219021984857687,
        0.9991078555412298,
        3.4398358082633784
      ],
      [
        0.0,
        0.0,
        0.0,
        1.0
      ]
    ],
    "location": [
      9.07860113292054,
      15.587050252206609,
      3.4398358082633784
    ],
    "rotation": [
      -0.04220281986160141,
      0.0018650332347092142,
      1.6800467403136126
    ]
  },
  {
    "label_id": "tFlmliGB17ftCtEQhPYBeA",
    "size": [
      2.2231484869854934,
      4.761291906445937,
      1.7500000000000036
    ],
    "obj_class": "vehicle",
    "point_num_in_lidar": 50,
    "speed": 2.929642751054232e-13,
    "if_vehicle": true,
    "motion_state": false,
    "pose": [
      [
        0.1421348077227976,
        0.9889498239484427,
        -0.04214192859786631,
        10.096989451479658
      ],
      [
        -0.9898418991429384,
        0.14214592449748115,
        -0.0027478809758046405,
        -4.436113977657442
      ],
      [
        0.0032727869933972713,
        0.04210441617099922,
        0.9991078555412298,
        0.7071545569650546
      ],
      [
        0.0,
        0.0,
        0.0,
        1.0
      ]
    ],
    "location": [
      10.096989451479658,
      -4.436113977657442,
      0.7071545569650546
    ],
    "rotation": [
      0.0421170921249777,
      -0.003272792835969157,
      -1.4281777711645751
    ]
  },
  {
    "label_id": "wXp6vXhTV8f1jleasmAGTw",
    "size": [
      2.28945039641146,
      4.793928541223385,
      1.870000000000001
    ],
    "obj_class": "vehicle",
    "point_num_in_lidar": 68,
    "speed": 6.098846131651905,
    "if_vehicle": true,
    "motion_state": true,
    "pose": [
      [
        0.16717470961057224,
        0.9850262302703787,
        -0.04214192859786631,
        5.425226548209821
      ],
      [
        -0.9859177364370716,
        0.16720845112895394,
        -0.0027478809758046405,
        7.050547930079119
      ],
      [
        0.00433975176960766,
        0.0420078510564756,
        0.9991078555412298,
        0.7267991396749558
      ],
      [
        0.0,
        0.0,
        0.0,
        1.0
      ]
    ],
    "location": [
      5.425226548209821,
      7.050547930079119,
      0.7267991396749558
    ],
    "rotation": [
      0.042020611735099134,
      -0.004339765391802792,
      -1.4028313787956967
    ]
  },
  {
    "label_id": "xfS8VoC0AfB3m7ZdKCuApA",
    "size": [
      2.3173146497134436,
      5.728274035621146,
      2.450000000000003
    ],
    "obj_class": "vehicle",
    "point_num_in_lidar": 2185,
    "speed": 4.108860580621116,
    "if_vehicle": true,
    "motion_state": true,
    "pose": [
      [
        0.15623898353103297,
        0.9868198609063571,
        -0.04214192859786631,
        -1.0102160859557898
      ],
      [
        -0.9877116864788458,
        0.156262834811279,
        -0.0027478809758046405,
        8.887232625635079
      ],
      [
        0.003873553704786338,
        0.04205340149739361,
        0.9991078555412298,
        1.2957731300475857
      ],
      [
        0.0,
        0.0,
        0.0,
        1.0
      ]
    ],
    "location": [
      -1.0102160859557898,
      8.887232625635079,
      1.2957731300475857
    ],
    "rotation": [
      0.04206612230844976,
      -0.0038735633915884284,
      -1.4139134225008445
    ]
  }
]