[
  {
    "label_id": "-u6v7A9TrXDu-9EE_fzpuA",
    "size": [
      2.0399475097390516,
      4.415591832276201,
      1.7400000000000055
    ],
    "obj_class": "vehicle",
    "point_num_in_lidar": 941,
    "speed": 2.39038482042895,
    "if_vehicle": true,
    "motion_state": true,
    "pose": [
      [
        0.17387492419240932,
        0.9842491408941628,
        -0.031955271649390014,
        4.940952927331637
      ],
      [
        -0.9847113691578183,
        0.1734261960431464,
        -0.016336277952428004,
        -11.78280595621618
      ],
      [
        -0.010537086334406406,
        0.0343071883882454,
        0.9993557858122775,
        0.84909723928169
      ],
      [
        0.0,
        0.0,
        0.0,
        1.0
      ]
    ],
    "location": [
      4.940952927331637,
      -11.78280595621618,
      0.84909723928169
    ],
    "rotation": [
      0.03431582763311084,
      0.010537281333262922,
      -1.3960233496493504
    ]
  },
  {
    "label_id": "3nT8tDOtD-Z4SicFOMGd2Q",
    "size": [
      2.0894550890215497,
      4.8468502346614635,
      1.4700000000000024
    ],
    "obj_class": "vehicle",
    "point_num_in_lidar": 1183,
    "speed": 0.04973608078324284,
    "if_vehicle": true,
    "motion_state": false,
    "pose": [
      [
        0.1447170624658615,
        0.9889569416537131,
        -0.031955271649390014,
        8.07304879091339
      ],
      [
        -0.9894057093766356,
        0.1442548726233446,
        -0.016336277952428004,
        7.4464553044945205
      ],
      [
        -0.011546171840411047,
        0.033980866371489026,
        0.9993557858122775,
        0.7375577711734884
      ],
      [
        0.0,
        0.0,
        0.0,
        1.0
      ]
    ],
    "location": [
      8.07304879091339,
      7.4464553044945205,
      0.7375577711734884
    ],
    "rotation": [
      0.033989675985181905,
      0.011546428400356813,
      -1.4255595579366696
    ]
  },
  {
    "label_id": "4-di8TbCFGO6PIx82mET6Q",
    "size": [
      2.0534868131462525,
      4.473265707077264,
      1.4899999999999984
    ],
    "obj_class": "vehicle",
    "point_num_in_lidar": 56,
    "speed": 2.3064460135224256,
    "if_vehicle": true,
    "motion_state": true,
    "pose": [
      [
        -0.387573276498213,
        0.9212848723159701,
        -0.031955271649390014,
        10.374524053230289
      ],
      [
        -0.921429950989925,
        -0.3882009420923205,
        -0.016336277952428004,
        -44.254164936626694
      ],
      [
        -0.027455432306630057,
        0.023113039617959144,
        0.9993557858122775,
        0.5943912582195878
      ],
      [
        0.0,
        0.0,
        0.0,
        1.0
      ]
    ],
    "location": [
      10.374524053230289,
      -44.254164936626694,
      0.5943912582195878
    ],
    "rotation": [
      0.02312381656378944,
      0.027458882798171533,
      -1.9689525339257232
    ]
  },
  {
    "label_id": "4DmDR3w-hvQgpP8Q0g9N_w",
    "size": [
      1.0000000000005405,
      1.0,
      1.8650753638610276
    ],
    "obj_class": "pedestrian",
    "point_num_in_lidar": 22,
    "speed": 1.643764570553626,
    "if_vehicle": false,
    "motion_state": true,
    "pose": [
      [
        0.8453479415598261,
        0.5332595224788569,
        -0.031955271649390014,
        9.899885650955184
      ],
      [
        -0.5339024751292315,
        0.8453882380738102,
        -0.016336277952428004,
        -51.75298743296116
      ],
      [
        0.01830313501685417,
        0.03087083756687047,
        0.9993557858122775,
        0.6944075233307139
      ],
      [
        0.0,
        0.0,
        0.0,
        1.0
      ]
    ],
    "location": [
      9.899885650955184,
      -51.75298743296116,
      0.6944075233307139
    ],
    "rotation": [
      0.03088091773821682,
      -0.0183041571104773,
      -0.5633150032265181
    ]
  },
  {
    "label_id": "5Zo39jZeAKvLd3jygUscXQ",
    "size": [
      0.8633204129121835,
      0.9964958227765475,
      1.7600000000000051
    ],
    "obj_class": "pedestrian",
    "point_num_in_lidar": 40,
    "speed": 1.1640256989457167,
    "if_vehicle": false,
    "motion_state": true,
    "pose": [
      [
        -0.517561300491384,
        -0.8550492154534036,
        -0.031955271649390014,
        -0.7210312019115008
      ],
      [
        0.8556422932928331,
        -0.5173097640207869,
        -0.016336277952428004,
        -35.06838386224081
      ],
      [
        -0.0025624523895137917,
        -0.03579730717912689,
        0.9993557858122775,
        0.9365923233990081
      ],
      [
        0.0,
        0.0,
        0.0,
        1.0
      ]
    ],
    "location": [
      -0.7210312019115008,
      -35.06838386224081,
      0.9365923233990081
    ],
    "rotation": [
      -0.03580507458581778,
      0.002562455193768435,
      2.1147966722047196
    ]
  },
  {
    "label_id": "7qaAcL3WFHPDh_NixTan-A",
    "size": [
      2.0450077495474934,
      4.144237317604301,
      1.6999999999999993
    ],
    "obj_class": "vehicle",
    "point_num_in_lidar": 23,
    "speed": 4.622142354571474,
    "if_vehicle": true,
    "motion_state": true,
    "pose": [
      [
        0.6864169420790179,
        0.7265057757793146,
        -0.031955271649390014,
        26.1421889039068
      ],
      [
        -0.7271385906786109,
        0.6862962887620656,
        -0.016336277952428004,
        -42.21828821834788
      ],
      [
        0.0100623840521848,
        0.03444940914894813,
        0.9993557858122775,
        0.5572475573101201
      ],
      [
        0.0,
        0.0,
        0.0,
        1.0
      ]
    ],
    "location": [
      26.1421889039068,
      -42.21828821834788,
      0.5572475573101201
    ],
    "rotation": [
      0.03445797186097557,
      -0.010062553865290735,
      -0.814198156264891
    ]
  },
  {
    "label_id": "98eaCxEDxm2x1CEezRDTiQ",
    "size": [
      0.2546044225488089,
      0.04920328620637804,
      0.41999999999999815
    ],
    "obj_class": "sign",
    "point_num_in_lidar": 43,
    "speed": 0.008174001174728404,
    "if_vehicle": false,
    "motion_state": false,
    "pose": [
      [
        -0.1391901860160047,
        -0.9897499445469262,
        -0.031955271649390014,
        11.746257765056498
      ],
      [
        0.990196123332539,
        -0.13872549643044027,
        -0.016336277952428004,
        -6.143419252939566
      ],
      [
        0.011735819274387585,
        -0.033915835674271796,
        0.9993557858122775,
        2.5214071324700313
      ],
      [
        0.0,
        0.0,
        0.0,
        1.0
      ]
    ],
    "location": [
      11.746257765056498,
      -6.143419252939566,
      2.5214071324700313
    ],
    "rotation": [
      -0.03392467837302516,
      -0.01173608868574913,
      1.7104496004603027
    ]
  },
  {
    "label_id": "ABRBhQePUHY_I0XPW1ez4A",
    "size": [
      2.1306944974772244,
      4.5215893642290155,
      1.8999999999999986
    ],
    "obj_class": "vehicle",
    "point_num_in_lidar": 203,
    "speed": 2.077256908278784,
    "if_vehicle": true,
    "motion_state": true,
    "pose": [
      [
        0.6586979231667959,
        0.7517286123525987,
        -0.031955271649390014,
        8.786937297785698
      ],
      [
        -0.7523564591364593,
        0.6585536306317886,
        -0.016336277952428004,
        -25.87380773114637
      ],
      [
        0.008763812606345803,
        0.0348024273884186,
        0.9993557858122775,
        0.7836654406008776
      ],
      [
        0.0,
        0.0,
        0.0,
        1.0
      ]
    ],
    "location": [
      8.786937297785698,
      -25.87380773114637,
      0.7836654406008776
    ],
    "rotation": [
      0.034810794099488916,
      -0.008763924793468063,
      -0.8516758052861386
    ]
  },
  {
    "label_id": "BMprUx_wfiGkn4Jsd9YGfw",
    "size": [
      0.9165089260500568,
      0.14690670426762598,
      1.129999999999999
    ],
    "obj_class": "sign",
    "point_num_in_lidar": 84,
    "speed": 8.881784197001252e-13,
    "if_vehicle": false,
    "motion_state": false,
    "pose": [
      [
        -0.7032668501904081,
        -0.7102074331046359,
        -0.031955271649390014,
        25.458941641197953
      ],
      [
        0.710842903620536,
        -0.7031610714445066,
        -0.016336277952428004,
        -24.83657221876274
      ],
      [
        -0.010867557020207598,
        -0.03420394082467444,
        0.9993557858122775,
        3.3772245104993814
      ],
      [
        0.0,
        0.0,
        0.0,
        1.0
      ]
    ],
    "location": [
      25.458941641197953,
      -24.83657221876274,
      3.3772245104993814
    ],
    "rotation": [
      -0.034212634760404384,
      0.010867770948199504,
      2.350837069435539
    ]
  },
  {
    "label_id": "EynIiRmnuBbFsLCDQ1XKbQ",
    "size": [
      0.5413567342716035,
      0.13723403558369326,
      0.5999999999999979
    ],
    "obj_class": "sign",
    "point_num_in_lidar": 20,
    "speed": 0.009883299123514395,
    "if_vehicle": false,
    "motion_state": false,
    "pose": [
      [
        0.6253304622628352,
        -0.7797055043924997,
        -0.031955271649390014,
        2.3536698046038964
      ],
      [
        0.7796729203855738,
        0.6259738518820828,
        -0.016336277952428004,
        -43.28113171716541
      ],
      [
        0.03274065032310093,
        -0.014699087724948278,
        0.9993557858122775,
        2.8660004483141392
      ],
      [
        0.0,
        0.0,
        0.0,
        1.0
      ]
    ],
    "location": [
      2.3536698046038964,
      -43.28113171716541,
      2.8660004483141392
    ],
    "rotation": [
      -0.014707502635200466,
      -0.03274650253753845,
      0.8948114758694088
    ]
  },
  {
    "label_id": "HvXo3bcZJiBtcXJw3euZyA",
    "size": [
      2.1355814538903752,
      4.745719360965725,
      1.7100000000000044
    ],
    "obj_class": "vehicle",
    "point_num_in_lidar": 7736,
    "speed": 0.07303743228795814,
    "if_vehicle": true,
    "motion_state": false,
    "pose": [
      [
        0.12761698959805162,
        0.9913086121787424,
        -0.031955271649390014,
        -2.905081401441066
      ],
      [
        -0.9917493313323791,
        0.12714711882083649,
        -0.016336277952428004,
        2.624310590010282
      ],
      [
        -0.012131272303830492,
        0.03377640590435296,
        0.9993557858122775,
        0.8500281027583938
      ],
      [
        0.0,
        0.0,
        0.0,
        1.0
      ]
    ],
    "location": [
      -2.905081401441066,
      2.624310590010282,
      0.8500281027583938
    ],
    "rotation": [
      0.03378531857367989,
      0.012131569878915378,
      -1.4428209075447966
    ]
  },
  {
    "label_id": "LEDQQXEw_Ihy4SUDGjGeJA",
    "size": [
      0.8499373098894446,
      0.9264115891780135,
      1.9299999999999997
    ],
    "obj_class": "pedestrian",
    "point_num_in_lidar": 26,
    "speed": 0.03173920812932616,
    "if_vehicle": false,
    "motion_state": false,
    "pose": [
      [
        -0.5176578488177682,
        0.8549907673017143,
        -0.031955271649390014,
        22.34859612747414
      ],
      [
        -0.8550428550249904,
        -0.5182999537848466,
        -0.016336277952428004,
        -19.743112272321014
      ],
      [
        -0.030529782640461564,
        0.018866524201650556,
        0.9993557858122775,
        0.8195081425369715
      ],
      [
        0.0,
        0.0,
        0.0,
        1.0
      ]
    ],
    "location": [
      22.34859612747414,
      -19.743112272321014,
      0.8195081425369715
    ],
    "rotation": [
      0.018876443780531337,
      0.030534527267787395,
      -2.1151897135987734
    ]
  },
  {
    "label_id": "MMRb3jHqGvp6u3_L3aIsDw",
    "size": [
      2.187111608221135,
      5.576670239505544,
      2.0900000000000034
    ],
    "obj_class": "vehicle",
    "point_num_in_lidar": 7536,
    "speed": 2.105623092403543,
    "if_vehicle": true,
    "motion_state": true,
    "pose": [
      [
        0.12657777125488462,
        0.9914418431950307,
        -0.031955271649390014,
        3.585599859735339
      ],
      [
        -0.9918820695602296,
        0.12610743874798483,
        -0.016336277952428004,
        -2.2981210235830076
      ],
      [
        -0.012166672061900892,
        0.03376367063077495,
        0.9993557858122775,
        1.0857193630789048
      ],
      [
        0.0,
        0.0,
        0.0,
        1.0
      ]
    ],
    "location": [
      3.585599859735339,
      -2.2981210235830076,
      1.0857193630789048
    ],
    "rotation": [
      0.03377258962558023,
      0.012166972249735198,
      -1.4438686461303993
    ]
  },
  {
    "label_id": "OLbKrwdNgogwuqHpnALO5Q",
    "size": [
      0.8445474455703037,
      0.8392516669915127,
      1.6200000000000045
    ],
    "obj_class": "pedestrian",
    "point_num_in_lidar": 28,
    "speed": 0.967614799150952,
    "if_vehicle": false,
    "motion_state": false,
    "pose": [
      [
        -0.9107446695936302,
        0.4117317177733615,
        -0.031955271649390014,
        21.875905665655864
      ],
      [
        -0.41141114626284897,
        -0.9113034592019004,
        -0.016336277952428004,
        -17.99710756317654
      ],
      [
        -0.03584711337720181,
        -0.0017314231277574792,
        0.9993557858122775,
        0.6572203429174017
      ],
      [
        0.0,
        0.0,
        0.0,
        1.0
      ]
    ],
    "location": [
      21.875905665655864,
      -17.99710756317654,
      0.6572203429174017
    ],
    "rotation": [
      -0.0017325375206123348,
      0.035854795169692165,
      -2.717300573360081
    ]
  },
  {
    "label_id": "Opsu-eCN5bijngQM_qsPNg",
    "size": [
      0.9139655828610923,
      0.9791306923078545,
      1.8950753638610287
    ],
    "obj_class": "pedestrian",
    "point_num_in_lidar": 26,
    "speed": 1.6499022956841234,
    "if_vehicle": false,
    "motion_state": true,
    "pose": [
      [
        0.824402491216633,
        0.5651012237551988,
        -0.031955271649390014,
        10.414638646421054
      ],
      [
        -0.5657452452789893,
        0.8244182454718462,
        -0.016336277952428004,
        -50.80457327819386
      ],
      [
        0.01711285832424421,
        0.03154621123842989,
        0.9993557858122775,
        0.7679559195460648
      ],
      [
        0.0,
        0.0,
        0.0,
        1.0
      ]
    ],
    "location": [
      10.414638646421054,
      -50.80457327819386,
      0.7679559195460648
    ],
    "rotation": [
      0.031556068324125705,
      -0.017113693684199963,
      -0.6014372491402753
    ]
  },
  {
    "label_id": "PDJRXsFgAheGLL2zZRkw1g",
    "size": [
      0.30252014459576027,
      0.09175552356189816,
      0.41999999999999815
    ],
    "obj_class": "sign",
    "point_num_in_lidar": 74,
    "speed": 0.010625037222081694,
    "if_vehicle": false,
    "motion_state": false,
    "pose": [
      [
        -0.48394756297721764,
        -0.8745133600478758,
        -0.031955271649390014,
        10.876384414454833
      ],
      [
        0.8750962165903932,
        -0.4836731724334528,
        -0.016336277952428004,
        -0.4770370362948597
      ],
      [
        -0.0011696142917793967,
        -0.03586983922369544,
        0.9993557858122775,
        2.548344614486389
      ],
      [
        0.0,
        0.0,
        0.0,
        1.0
      ]
    ],
    "location": [
      10.876384414454833,
      -0.4770370362948597,
      2.548344614486389
    ],
    "rotation": [
      -0.035877560191834065,
      0.00116961455845115,
      2.0759568203980105
    ]
  },
  {
    "label_id": "TudpSXYouq_oe3kMbFIu3Q",
    "size": [
      2.025184540249526,
      4.31999934299972,
      1.5999999999999979
    ],
    "obj_class": "vehicle",
    "point_num_in_lidar": 40,
    "speed": 4.872985154822689,
    "if_vehicle": true,
    "motion_state": true,
    "pose": [
      [
        0.7314746590252669,
        0.6811194343268171,
        -0.031955271649390014,
        35.37893214571341
      ],
      [
        -0.681758670015851,
        0.7313947237168716,
        -0.016336277952428004,
        -51.340802051419814
      ],
      [
        0.012244960681339779,
        0.03373535684467763,
        0.9993557858122775,
        0.49923561528843763
      ],
      [
        0.0,
        0.0,
        0.0,
        1.0
      ]
    ],
    "location": [
      35.37893214571341,
      -51.340802051419814,
      0.49923561528843763
    ],
    "rotation": [
      0.03374428986342463,
      -0.012245266701641517,
      -0.750233768070613
    ]
  },
  {
    "label_id": "UdjYZNG7VuXTcEAMszCFUQ",
    "size": [
      0.9597720429050625,
      0.08222598728067632,
      1.1799999999999997
    ],
    "obj_class": "sign",
    "point_num_in_lidar": 30,
    "speed": 0.0014978683025439286,
    "if_vehicle": false,
    "motion_state": false,
    "pose": [
      [
        -0.6782911710212537,
        -0.73409805062296,
        -0.031955271649390014,
        25.49796001500863
      ],
      [
        0.7347294839332755,
        -0.6781634843176118,
        -0.016336277952428004,
        -57.77815587463738
      ],
      [
        -0.00967846856475389,
        -0.034559233350385035,
        0.9993557858122775,
        3.7092928701991426
      ],
      [
        0.0,
        0.0,
        0.0,
        1.0
      ]
    ],
    "location": [
      25.49796001500863,
      -57.77815587463738,
      3.7092928701991426
    ],
    "rotation": [
      -0.03456773601017636,
      0.009678619672590693,
      2.3162741048833526
    ]
  },
  {
    "label_id": "UqfT7dp5-bBFopGIlRR1vg",
    "size": [
      0.9959356071566087,
      1.1302182293966205,
      1.8599999999999994
    ],
    "obj_class": "pedestrian",
    "point_num_in_lidar": 20,
    "speed": 1.0016868775771286,
    "if_vehicle": false,
    "motion_state": true,
    "pose": [
      [
        -0.6943388164709079,
        -0.718938431686325,
        -0.031955271649390014,
        2.869856360786116
      ],
      [
        0.7195725310322171,
        -0.6942251065803873,
        -0.016336277952428004,
        -48.38331035737065
      ],
      [
        -0.010439373815892534,
        -0.034337047599602266,
        0.9993557858122775,
        0.9729137698738946
      ],
      [
        0.0,
        0.0,
        0.0,
        1.0
      ]
    ],
    "location": [
      2.869856360786116,
      -48.38331035737065,
      0.9729137698738946
    ],
    "rotation": [
      -0.03434567089166287,
      0.010439563439933098,
      2.3383496400994024
    ]
  },
  {
    "label_id": "UrPTO7bI-UlA2evMPT9ruw",
    "size": [
      0.9026372548562398,
      0.12409654716689594,
      0.759999999999998
    ],
    "obj_class": "sign",
    "point_num_in_lidar": 32,
    "speed": 1.7053025658242404e-12,
    "if_vehicle": false,
    "motion_state": false,
    "pose": [
      [
        -0.6957890508235324,
        -0.7175349868598057,
        -0.031955271649390014,
        39.36704679295303
      ],
      [
        0.7181693145112384,
        -0.6956766215111148,
        -0.016336277952428004,
        -38.81614112330135
      ],
      [
        -0.010508684434583993,
        -0.03431589886597212,
        0.9993557858122775,
        2.6776402597141526
      ],
      [
        0.0,
        0.0,
        0.0,
        1.0
      ]
    ],
    "location": [
      39.36704679295303,
      -38.81614112330135,
      2.6776402597141526
    ],
    "rotation": [
      -0.0343245334634324,
      0.010508877860821905,
      2.340367719367596
    ]
  },
  {
    "label_id": "Vt45fS8g51rI27DFn0ZCGg",
    "size": [
      2.0925707981760198,
      4.518763712196428,
      1.6099999999999994
    ],
    "obj_class": "vehicle",
    "point_num_in_lidar": 120,
    "speed": 0.5677374589127705,
    "if_vehicle": true,
    "motion_state": false,
    "pose": [
      [
        0.5414800884142402,
        0.8401060495346527,
        -0.031955271649390014,
        6.646351627617605
      ],
      [
        -0.8407059882538533,
        0.5412453855108353,
        -0.016336277952428004,
        -32.8285773303287
      ],
      [
        0.00357143738826323,
        0.0357107574619611,
        0.9993557858122775,
        0.5518507588009918
      ],
      [
        0.0,
        0.0,
        0.0,
        1.0
      ]
    ],
    "location": [
      6.646351627617605,
      -32.8285773303287,
      0.5518507588009918
    ],
    "rotation": [
      0.03571857978950234,
      -0.003571444980685683,
      -0.9985955913404875
    ]
  },
  {
    "label_id": "ZUj8bgZ_464uLWT5gJwlkQ",
    "size": [
      1.9746059315857443,
      4.49332408016428,
      1.5799999999999983
    ],
    "obj_class": "vehicle",
    "point_num_in_lidar": 196,
    "speed": 4.579571373260049,
    "if_vehicle": true,
    "motion_state": true,
    "pose": [
      [
        0.7099691937766599,
        0.7035073592379351,
        -0.031955271649390014,
        15.283589739605532
      ],
      [
        -0.7041438041479163,
        0.7098694451113964,
        -0.016336277952428004,
        -32.21100957349881
      ],
      [
        0.011191379192046899,
        0.03409936062897828,
        0.9993557858122775,
        0.5516452927694324
      ],
      [
        0.0,
        0.0,
        0.0,
        1.0
      ]
    ],
    "location": [
      15.283589739605532,
      -32.21100957349881,
      0.5516452927694324
    ],
    "rotation": [
      0.03410810921837783,
      -0.011191612819600322,
      -0.7812787212557312
    ]
  },
  {
    "label_id": "Zl-y3j7oUzSX87ynXxP3zQ",
    "size": [
      1.1146094968861415,
      1.2440111412605759,
      2.0199999999999996
    ],
    "obj_class": "pedestrian",
    "point_num_in_lidar": 181,
    "speed": 1.4947806762152316,
    "if_vehicle": false,
    "motion_state": true,
    "pose": [
      [
        0.10707682175521598,
        0.9937370954415535,
        -0.031955271649390014,
        10.20513307462761
      ],
      [
        -0.994167997339018,
        0.10659793191984204,
        -0.016336277952428004,
        9.268598375774673
      ],
      [
        -0.012827599531009959,
        0.03351814514255417,
        0.9993557858122775,
        1.1032465346585347
      ],
      [
        0.0,
        0.0,
        0.0,
        1.0
      ]
    ],
    "location": [
      10.20513307462761,
      9.268598375774673,
      1.1032465346585347
    ],
    "rotation": [
      0.033527183952025155,
      0.012827951348226858,
      -1.4635049665267292
    ]
  },
  {
    "label_id": "b8ZBD1C07gdK2dD44CLu4g",
    "size": [
      1.0000000000020495,
      1.0,
      1.7580791733006507
    ],
    "obj_class": "pedestrian",
    "point_num_in_lidar": 62,
    "speed": 1.4528001937331578,
    "if_vehicle": false,
    "motion_state": true,
    "pose": [
      [
        -0.3919201997476748,
        -0.9194440807594316,
        -0.031955271649390014,
        15.772522038911802
      ],
      [
        0.9199957999644032,
        -0.39158760714624097,
        -0.016336277952428004,
        -12.46541370307932
      ],
      [
        0.0025070057041079864,
        -0.0358012330224095,
        0.9993557858122775,
        0.8126733229549465
      ],
      [
        0.0,
        0.0,
        0.0,
        1.0
      ]
    ],
    "location": [
      15.772522038911802,
      -12.46541370307932,
      0.8126733229549465
    ],
    "rotation": [
      -0.03580899792522635,
      -0.0025070083302363134,
      1.9735155080872886
    ]
  },
  {
    "label_id": "c1T2ewj30YC7QSMo1n8rSg",
    "size": [
      2.139506114805796,
      4.899611174664626,
      2.0600000000000023
    ],
    "obj_class": "vehicle",
    "point_num_in_lidar": 805,
    "speed": 1.6045283019292633,
    "if_vehicle": true,
    "motion_state": true,
    "pose": [
      [
        0.9798342846842046,
        -0.19724004454270133,
        -0.031955271649390014,
        -4.737461596202365
      ],
      [
        0.19680243934241382,
        0.9803070569426381,
        -0.016336277952428004,
        -26.08327421904505
      ],
      [
        0.03454814649541489,
        0.009717969811470202,
        0.9993557858122775,
        0.9292323030350609
      ],
      [
        0.0,
        0.0,
        0.0,
        1.0
      ]
    ],
    "location": [
      -4.737461596202365,
      -26.08327421904505,
      0.9292323030350609
    ],
    "rotation": [
      0.009723927808320583,
      -0.03455502282007654,
      0.19821540532089782
    ]
  },
  {
    "label_id": "cTtq-GMvsci0tRg4OYAu-A",
    "size": [
      3.0199428803007557,
      8.05412118617281,
      3.3000000000000007
    ],
    "obj_class": "vehicle",
    "point_num_in_lidar": 285,
    "speed": 3.454158988864632,
    "if_vehicle": true,
    "motion_state": true,
    "pose": [
      [
        0.7189794943854001,
        0.6942962964521187,
        -0.031955271649390014,
        35.02848301581162
      ],
      [
        -0.6949339743885493,
        0.7188879587690951,
        -0.016336277952428004,
        -46.47351764633095
      ],
      [
        0.011630042727758758,
        0.03395225279235239,
        0.9993557858122775,
        1.4791390345696556
      ],
      [
        0.0,
        0.0,
        0.0,
        1.0
      ]
    ],
    "location": [
      35.02848301581162,
      -46.47351764633095,
      1.4791390345696556
    ],
    "rotation": [
      0.03396107699887184,
      -0.011630304919565109,
      -0.7683934436520863
    ]
  },
  {
    "label_id": "d6uA9LEwbNgFClVe3mDiow",
    "size": [
      2.0936502297795103,
      4.690981136743863,
      1.6500000000000057
    ],
    "obj_class": "vehicle",
    "point_num_in_lidar": 3429,
    "speed": 2.5298342682939277,
    "if_vehicle": true,
    "motion_state": true,
    "pose": [
      [
        0.1646640754681178,
        0.9858319343904638,
        -0.031955271649390014,
        2.252143369762962
      ],
      [
        -0.9862899466024967,
        0.16421104485845467,
        -0.016336277952428004,
        4.926135925894414
      ],
      [
        -0.010857415948300295,
        0.03420716127437191,
        0.9993557858122775,
        0.9720898126502675
      ],
      [
        0.0,
        0.0,
        0.0,
        1.0
      ]
    ],
    "location": [
      2.252143369762962,
      4.926135925894414,
      0.9720898126502675
    ],
    "rotation": [
      0.03421585351523506,
      0.01085762927794835,
      -1.405369057851229
    ]
  },
  {
    "label_id": "hiebKsby5uy1leYvMiBsGg",
    "size": [
      0.9772276589112044,
      1.2902794644725941,
      1.9900000000000055
    ],
    "obj_class": "pedestrian",
    "point_num_in_lidar": 149,
    "speed": 3.3013229039307164,
    "if_vehicle": false,
    "motion_state": true,
    "pose": [
      [
        -0.18560667324869684,
        0.9821043852154236,
        -0.031955271649390014,
        -4.9208295716703105
      ],
      [
        -0.9823779521670186,
        -0.18618991680216135,
        -0.016336277952428004,
        -20.273945397864736
      ],
      [
        -0.021993679584967975,
        0.028360032119852358,
        0.9993557858122775,
        1.0877254588017315
      ],
      [
        0.0,
        0.0,
        0.0,
        1.0
      ]
    ],
    "location": [
      -4.9208295716703105,
      -20.273945397864736,
      1.0877254588017315
    ],
    "rotation": [
      0.028370699554282137,
      0.021995453108612253,
      -1.7575312559069571
    ]
  },
  {
    "label_id": "iRUOipEMGVM3WBYeknKwYQ",
    "size": [
      2.1591980208743737,
      4.587808644371815,
      1.5470532529445684
    ],
    "obj_class": "vehicle",
    "point_num_in_lidar": 69,
    "speed": 5.677811698624407,
    "if_vehicle": true,
    "motion_state": true,
    "pose": [
      [
        0.7243883370089206,
        0.6886511437725665,
        -0.031955271649390014,
        20.766427099786824
      ],
      [
        -0.6892895181991117,
        0.7243017921581427,
        -0.016336277952428004,
        -32.98544886168929
      ],
      [
        0.011895264027627373,
        0.03386024301800459,
        0.9993557858122775,
        0.5525701419652975
      ],
      [
        0.0,
        0.0,
        0.0,
        1.0
      ]
    ],
    "location": [
      20.766427099786824,
      -32.98544886168929,
      0.5525701419652975
    ],
    "rotation": [
      0.0338691137727455,
      -0.011895544570127193,
      -0.7605752453945499
    ]
  },
  {
    "label_id": "lRzyNQtprTy8rnSr_elHgw",
    "size": [
      1.9175647331666845,
      4.524339314131563,
      1.5799999999999983
    ],
    "obj_class": "vehicle",
    "point_num_in_lidar": 220,
    "speed": 0.487009239659836,
    "if_vehicle": true,
    "motion_state": false,
    "pose": [
      [
        0.9691502124327405,
        0.24439052018314403,
        -0.031955271649390014,
        2.343088273981948
      ],
      [
        -0.24498917411652185,
        0.9693881733280871,
        -0.016336277952428004,
        -26.26459671056
      ],
      [
        0.026984630945754692,
        0.023661002858009057,
        0.9993557858122775,
        0.691512498040872
      ],
      [
        0.0,
        0.0,
        0.0,
        1.0
      ]
    ],
    "location": [
      2.343088273981948,
      -26.26459671056,
      0.691512498040872
    ],
    "rotation": [
      0.023671832897777235,
      -0.02698790692049658,
      -0.24760057826349133
    ]
  },
  {
    "label_id": "lznON-h0EPw_nGsACmmUWg",
    "size": [
      0.7580006794909494,
      0.8024282435494285,
      1.6624271538721658
    ],
    "obj_class": "pedestrian",
    "point_num_in_lidar": 70,
    "speed": 1.4157461448974828,
    "if_vehicle": false,
    "motion_state": true,
    "pose": [
      [
        0.6389183532015222,
        0.7686105636511045,
        -0.031955271649390014,
        15.659556958104304
      ],
      [
        -0.769234444084753,
        0.6387577757305829,
        -0.016336277952428004,
        -14.034774276944518
      ],
      [
        0.007855442436654125,
        0.03501864342960344,
        0.9993557858122775,
        0.7373691610307809
      ],
      [
        0.0,
        0.0,
        0.0,
        1.0
      ]
    ],
    "location": [
      15.659556958104304,
      -14.034774276944518,
      0.7373691610307809
    ],
    "rotation": [
      0.03502688581861015,
      -0.007855523229473044,
      -0.8776793172646528
    ]
  },
  {
    "label_id": "rMwPBlsdQGCQhnjaFjeuDA",
    "size": [
      0.9026372548562398,
      0.12409654716689594,
      0.7799999999999976
    ],
    "obj_class": "sign",
    "point_num_in_lidar": 22,
    "speed": 2.864289338439558e-13,
    "if_vehicle": false,
    "motion_state": false,
    "pose": [
      [
        -0.6957890508235324,
        -0.7175349868598057,
        -0.031955271649390014,
        39.35357894009621
      ],
      [
        0.7181693145112384,
        -0.6956766215111148,
        -0.016336277952428004,
        -38.80574423672988
      ],
      [
        -0.010508684434583993,
        -0.03431589886597212,
        0.9993557858122775,
        3.486881259602633
      ],
      [
        0.0,
        0.0,
        0.0,
        1.0
      ]
    ],
    "location": [
      39.35357894009621,
      -38.80574423672988,
      3.486881259602633
    ],
    "rotation": [
      -0.0343245334634324,
      0.010508877860821905,
      2.340367719367596
    ]
  },
  {
    "label_id": "tFlmliGB17ftCtEQhPYBeA",
    "size": [
      2.223148486985493,
      4.761291906445937,
      1.7500000000000036
    ],
    "obj_class": "vehicle",
    "point_num_in_lidar": 1302,
    "speed": 0.00736918639923082,
    "if_vehicle": true,
    "motion_state": false,
    "pose": [
      [
        0.1421885348752404,
        0.9893236483395341,
        -0.031955271649390014,
        10.101056725366789
      ],
      [
        -0.9897712331077222,
        0.14172519936510886,
        -0.016336277952428004,
        -4.451811362841909
      ],
      [
        -0.011632998858908755,
        0.033951240052079425,
        0.9993557858122775,
        0.7071545569650546
      ],
      [
        0.0,
        0.0,
        0.0,
        1.0
      ]
    ],
    "location": [
      10.101056725366789,
      -4.451811362841909,
      0.7071545569650546
    ],
    "rotation": [
      0.03396006477407433,
      0.011633261250706255,
      -1.42811454105748
    ]
  },
  {
    "label_id": "tJ6eBPVLTAZBYef0et6UBw",
    "size": [
      0.9999999999992494,
      1.0,
      1.5899999999999999
    ],
    "obj_class": "pedestrian",
    "point_num_in_lidar": 105,
    "speed": 0.23715410192568012,
    "if_vehicle": false,
    "motion_state": false,
    "pose": [
      [
        0.2835604806125276,
        0.9584217831667883,
        -0.031955271649390014,
        12.675520670863762
      ],
      [
        -0.9589315841998584,
        0.2831666344162231,
        -0.016336277952428004,
        -9.434431812293042
      ],
      [
        -0.006608377920660416,
        0.035275242093896715,
        0.9993557858122775,
        0.7971079267128971
      ],
      [
        0.0,
        0.0,
        0.0,
        1.0
      ]
    ],
    "location": [
      12.675520670863762,
      -9.434431812293042,
      0.7971079267128971
    ],
    "rotation": [
      0.03528333269323524,
      0.006608426020308503,
      -1.283284910043983
    ]
  },
  {
    "label_id": "xSHzBozWpR1JwuApSFwmaA",
    "size": [
      0.9891194758845543,
      0.9929590564880421,
      1.7399999999999984
    ],
    "obj_class": "pedestrian",
    "point_num_in_lidar": 33,
    "speed": 1.4228607195221901e-12,
    "if_vehicle": false,
    "motion_state": false,
    "pose": [
      [
        -0.6762900110263598,
        0.7359420368478619,
        -0.031955271649390014,
        20.393558268988727
      ],
      [
        -0.7358663108098008,
        -0.6769297590133222,
        -0.016336277952428004,
        -19.682809918320345
      ],
      [
        -0.033654028007649515,
        0.012466746262984439,
        0.9993557858122775,
        0.7244292396483729
      ],
      [
        0.0,
        0.0,
        0.0,
        1.0
      ]
    ],
    "location": [
      20.393558268988727,
      -19.682809918320345,
      0.7244292396483729
    ],
    "rotation": [
      0.012474135645994248,
      0.0336603839704036,
      -2.3140313166899893
    ]
  },
  {
    "label_id": "xfS8VoC0AfB3m7ZdKCuApA",
    "size": [
      2.3173146497133623,
      5.728274035621146,
      2.450000000000003
    ],
    "obj_class": "vehicle",
    "point_num_in_lidar": 1922,
    "speed": 4.496678952254079,
    "if_vehicle": true,
    "motion_state": true,
    "pose": [
      [
        0.2017386487885221,
        0.9789179629564446,
        -0.031955271649390014,
        1.8687559431048157
      ],
      [
        -0.9793927402848578,
        0.20130321979535812,
        -0.016336277952428004,
        -12.71752740532611
      ],
      [
        -0.009559176863023563,
        0.034592419707599666,
        0.9993557858122775,
        1.087968287164955
      ],
      [
        0.0,
        0.0,
        0.0,
        1.0
      ]
    ],
    "location": [
      1.8687559431048157,
      -12.71752740532611,
      1.087968287164955
    ],
    "rotation": [
      0.0346009040571587,
      0.009559322451868107,
      -1.3676541712210857
    ]
  },
  {
    "label_id": "yLRT4v6BE8QQxrE2r_CDYg",
    "size": [
      0.731240419867183,
      0.7316173955478007,
      1.860000000000003
    ],
    "obj_class": "pedestrian",
    "point_num_in_lidar": 27,
    "speed": 0.306875808704187,
    "if_vehicle": false,
    "motion_state": false,
    "pose": [
      [
        -0.6467618431637836,
        0.7620222955013842,
        -0.031955271649390014,
        24.43376287412366
      ],
      [
        -0.7619718401702728,
        -0.6474040784627397,
        -0.016336277952428004,
        -22.335996879888626
      ],
      [
        -0.0331365812194577,
        0.013783335902878441,
        0.9993557858122775,
        0.709705506023802
      ],
      [
        0.0,
        0.0,
        0.0,
        1.0
      ]
    ],
    "location": [
      24.43376287412366,
      -22.335996879888626,
      0.709705506023802
    ],
    "rotation": [
      0.013791346603748826,
      0.033142648394514106,
      -2.2745934273205317
    ]
  }
]