[
  {
    "label_id": "-u6v7A9TrXDu-9EE_fzpuA",
    "size": [
      2.0399475097393096,
      4.415591832276201,
      1.7400000000000055
    ],
    "obj_class": "vehicle",
    "point_num_in_lidar": 736,
    "speed": 4.554396625197744,
    "if_vehicle": true,
    "motion_state": true,
    "pose": [
      [
        0.12094086906970467,
        0.9917838012345727,
        -0.04169169938208204,
        2.502776046186682
      ],
      [
        -0.9926563804447409,
        0.12094258050845574,
        -0.0024904984042075006,
        4.117105714854915
      ],
      [
        0.0025722657347582397,
        0.04168673444462937,
        0.9991274191114629,
        1.025208900210096
      ],
      [
        0.0,
        0.0,
        0.0,
        1.0
      ]
    ],
    "location": [
      2.502776046186682,
      4.117105714854915,
      1.025208900210096
    ],
    "rotation": [
      0.04169895568348912,
      -0.0025722685713545934,
      -1.4495582695251716
    ]
  },
  {
    "label_id": "3DGCEQS1fQrrltlr7Y0QFA",
    "size": [
      2.238866904400891,
      4.778130853572724,
      1.8000000000000043
    ],
    "obj_class": "vehicle",
    "point_num_in_lidar": 1336,
    "speed": 0.03334103571860249,
    "if_vehicle": true,
    "motion_state": false,
    "pose": [
      [
        0.17664571182647182,
        0.9833911198988696,
        -0.04169169938208204,
        6.899000543081229
      ],
      [
        -0.9842622156907979,
        0.17669659923478964,
        -0.0024904984042075006,
        14.770566985558617
      ],
      [
        0.004917647482313116,
        0.04147550027313667,
        0.9991274191114629,
        1.0555184297869573
      ],
      [
        0.0,
        0.0,
        0.0,
        1.0
      ]
    ],
    "location": [
      6.899000543081229,
      14.770566985558617,
      1.0555184297869573
    ],
    "rotation": [
      0.041487902579125,
      -0.004917667303317439,
      -1.3932166335992122
    ]
  },
  {
    "label_id": "3nT8tDOtD-Z4SicFOMGd2Q",
    "size": [
      2.0894550890215506,
      4.8468502346614635,
      1.4700000000000024
    ],
    "obj_class": "vehicle",
    "point_num_in_lidar": 234,
    "speed": 0.09441750085872061,
    "if_vehicle": true,
    "motion_state": false,
    "pose": [
      [
        0.14466511481258046,
        0.9886019455569045,
        -0.04169169938208204,
        8.065035705508535
      ],
      [
        -0.9894742333547007,
        0.14468772907481056,
        -0.0024904984042075006,
        7.589194268985011
      ],
      [
        0.003570165737057233,
        0.041613150520925506,
        0.9991274191114629,
        0.7825578945486811
      ],
      [
        0.0,
        0.0,
        0.0,
        1.0
      ]
    ],
    "location": [
      8.065035705508535,
      7.589194268985011,
      0.7825578945486811
    ],
    "rotation": [
      0.041625435255869626,
      -0.003570173321372435,
      -1.4256208763084643
    ]
  },
  {
    "label_id": "5AjDD1HMSXUI04BJtWagJA",
    "size": [
      0.2711427132410358,
      0.04132458893582225,
      0.3999999999999986
    ],
    "obj_class": "sign",
    "point_num_in_lidar": 24,
    "speed": 0.007611545071503306,
    "if_vehicle": false,
    "motion_state": false,
    "pose": [
      [
        -0.17947731370146913,
        -0.9828782712366463,
        -0.04169169938208204,
        10.059916057572309
      ],
      [
        0.9837492168510937,
        -0.17953070980352692,
        -0.0024904984042075006,
        5.472237415951895
      ],
      [
        -0.00503708361693536,
        -0.0414611645796794,
        0.9991274191114629,
        2.592477599353426
      ],
      [
        0.0,
        0.0,
        0.0,
        1.0
      ]
    ],
    "location": [
      10.059916057572309,
      5.472237415951895,
      2.592477599353426
    ],
    "rotation": [
      -0.04147357903981452,
      0.005037104917503591,
      1.7512537530467485
    ]
  },
  {
    "label_id": "5Zo39jZeAKvLd3jygUscXQ",
    "size": [
      0.8633204129126134,
      0.9964958227765475,
      1.7600000000000051
    ],
    "obj_class": "pedestrian",
    "point_num_in_lidar": 27,
    "speed": 1.1805943642347259,
    "if_vehicle": false,
    "motion_state": true,
    "pose": [
      [
        -0.5157374267399204,
        -0.8557316804129197,
        -0.04169169938208204,
        2.1503320235910905
      ],
      [
        0.8565273498771797,
        -0.51609562711776,
        -0.0024904984042075006,
        -39.810297437607005
      ],
      [
        -0.01938570535370258,
        -0.036994524021896645,
        0.9991274191114629,
        0.9365923233990188
      ],
      [
        0.0,
        0.0,
        0.0,
        1.0
      ]
    ],
    "location": [
      2.1503320235910905,
      -39.810297437607005,
      0.9365923233990188
    ],
    "rotation": [
      -0.03700992573995136,
      0.019386919768434888,
      2.112777630230313
    ]
  },
  {
    "label_id": "7qaAcL3WFHPDh_NixTan-A",
    "size": [
      2.045007749547046,
      4.144237317604301,
      1.6999999999999993
    ],
    "obj_class": "vehicle",
    "point_num_in_lidar": 26,
    "speed": 4.7442309095396045,
    "if_vehicle": true,
    "motion_state": true,
    "pose": [
      [
        0.500298120522542,
        0.8648488843747478,
        -0.04169169938208204,
        10.425217008779327
      ],
      [
        -0.8656508536841024,
        0.5006419847892134,
        -0.0024904984042075006,
        -22.842484376924403
      ],
      [
        0.01871871036146483,
        0.0373364468324297,
        0.9991274191114629,
        0.5852511617298539
      ],
      [
        0.0,
        0.0,
        0.0,
        1.0
      ]
    ],
    "location": [
      10.425217008779327,
      -22.842484376924403,
      0.5852511617298539
    ],
    "rotation": [
      0.03735167429001403,
      -0.018719803675716667,
      -1.0467520181237502
    ]
  },
  {
    "label_id": "9vJuFi9oGTXbvK2kqBNGSg",
    "size": [
      0.8507025618729394,
      1.3206064828369461,
      1.7600000000000016
    ],
    "obj_class": "pedestrian",
    "point_num_in_lidar": 773,
    "speed": 0.8177344140275211,
    "if_vehicle": false,
    "motion_state": false,
    "pose": [
      [
        0.16939420554241807,
        0.9846661390193566,
        -0.04169169938208204,
        -9.983918579162719
      ],
      [
        -0.9855375861536418,
        0.1694386723748495,
        -0.0024904984042075006,
        17.209092617478746
      ],
      [
        0.0046118767444464455,
        0.04151061277024581,
        0.9991274191114629,
        1.1083822496538396
      ],
      [
        0.0,
        0.0,
        0.0,
        1.0
      ]
    ],
    "location": [
      -9.983918579162719,
      17.209092617478746,
      1.1083822496538396
    ],
    "rotation": [
      0.04152298523504752,
      -0.004611893093250258,
      -1.400579539821657
    ]
  },
  {
    "label_id": "BJzgD4pDd9zzx_tJ81Wh9w",
    "size": [
      2.0576826721187116,
      4.348731250934897,
      1.5799999999999983
    ],
    "obj_class": "vehicle",
    "point_num_in_lidar": 55,
    "speed": 3.649132843566604,
    "if_vehicle": true,
    "motion_state": true,
    "pose": [
      [
        0.15152268752107706,
        0.9875741376570287,
        -0.04169169938208204,
        4.122203637629809
      ],
      [
        -0.988446247500715,
        0.15155135505647477,
        -0.0024904984042075006,
        -5.12393348502701
      ],
      [
        0.003858881722090296,
        0.04158737081761935,
        0.9991274191114629,
        0.8025854903095002
      ],
      [
        0.0,
        0.0,
        0.0,
        1.0
      ]
    ],
    "location": [
      4.122203637629809,
      -5.12393348502701,
      0.8025854903095002
    ],
    "rotation": [
      0.04159967769150546,
      -0.0038588912992352717,
      -1.418686619727119
    ]
  },
  {
    "label_id": "HvXo3bcZJiBtcXJw3euZyA",
    "size": [
      2.1355814538903757,
      4.745719360965725,
      1.7100000000000044
    ],
    "obj_class": "vehicle",
    "point_num_in_lidar": 676,
    "speed": 0.01509143553235873,
    "if_vehicle": true,
    "motion_state": false,
    "pose": [
      [
        0.12757118018887814,
        0.990952771926014,
        -0.04169169938208204,
        -2.8926189969804454
      ],
      [
        -0.9918253201751737,
        0.12757872736907594,
        -0.0024904984042075006,
        2.7070479160647665
      ],
      [
        0.0028510076518933796,
        0.041668598908963884,
        0.9991274191114629,
        0.8678839694967984
      ],
      [
        0.0,
        0.0,
        0.0,
        1.0
      ]
    ],
    "location": [
      -2.8926189969804454,
      2.7070479160647665,
      0.8678839694967984
    ],
    "rotation": [
      0.041680835838957764,
      -0.00285101151418878,
      -1.4428760407442178
    ]
  },
  {
    "label_id": "MMRb3jHqGvp6u3_L3aIsDw",
    "size": [
      2.1871116082208597,
      5.576670239505544,
      2.0900000000000034
    ],
    "obj_class": "vehicle",
    "point_num_in_lidar": 6544,
    "speed": 4.855523621308735,
    "if_vehicle": true,
    "motion_state": true,
    "pose": [
      [
        0.1481106660956323,
        0.9880916115377876,
        -0.04169169938208204,
        0.6042069972543231
      ],
      [
        -0.9889638151978877,
        0.14813632116039827,
        -0.0024904984042075006,
        16.04399458680564
      ],
      [
        0.003715214387641206,
        0.041600451460544564,
        0.9991274191114629,
        1.2467186676964985
      ],
      [
        0.0,
        0.0,
        0.0,
        1.0
      ]
    ],
    "location": [
      0.6042069972543231,
      16.04399458680564,
      1.2467186676964985
    ],
    "rotation": [
      0.041612747108017545,
      -0.003715222934432263,
      -1.42213769911247
    ]
  },
  {
    "label_id": "Opsu-eCN5bijngQM_qsPNg",
    "size": [
      0.9139655828625202,
      0.9791306923078545,
      1.8950753638610287
    ],
    "obj_class": "pedestrian",
    "point_num_in_lidar": 27,
    "speed": 1.8307072139659013,
    "if_vehicle": false,
    "motion_state": true,
    "pose": [
      [
        0.7828469755825145,
        0.6208159268446195,
        -0.04169169938208204,
        3.26586016555234
      ],
      [
        -0.6214356782955125,
        0.7834612276042094,
        -0.0024904984042075006,
        -45.413872922526934
      ],
      [
        0.031117688903678536,
        0.02785838862822368,
        0.9991274191114629,
        0.9514014579396566
      ],
      [
        0.0,
        0.0,
        0.0,
        1.0
      ]
    ],
    "location": [
      3.26586016555234,
      -45.413872922526934,
      0.9514014579396566
    ],
    "rotation": [
      0.02787549615499093,
      -0.031122713024337733,
      -0.6709582109505051
    ]
  },
  {
    "label_id": "PDJRXsFgAheGLL2zZRkw1g",
    "size": [
      0.3025201445957592,
      0.09175552356189816,
      0.41999999999999815
    ],
    "obj_class": "sign",
    "point_num_in_lidar": 27,
    "speed": 0.013557121494555336,
    "if_vehicle": false,
    "motion_state": false,
    "pose": [
      [
        -0.48377384510471344,
        -0.8741994446321929,
        -0.04169169938208204,
        10.919195819936476
      ],
      [
        0.8750078032836338,
        -0.48410240818492944,
        -0.0024904984042075006,
        -0.4569461089940887
      ],
      [
        -0.018005859750372492,
        -0.03768540028070786,
        0.9991274191114629,
        2.548344614486439
      ],
      [
        0.0,
        0.0,
        0.0,
        1.0
      ]
    ],
    "location": [
      10.919195819936476,
      -0.4569461089940887,
      2.548344614486439
    ],
    "rotation": [
      -0.0377004408944483,
      0.01800683284193694,
      2.0758475701629377
    ]
  },
  {
    "label_id": "Rqi1rKFoDmNStEQoR06fGg",
    "size": [
      2.1162528393102695,
      4.457104393150359,
      1.4400000000000048
    ],
    "obj_class": "vehicle",
    "point_num_in_lidar": 4140,
    "speed": 5.113525546061015,
    "if_vehicle": true,
    "motion_state": true,
    "pose": [
      [
        0.14164157630740437,
        0.9890396685996916,
        -0.04169169938208204,
        2.9333339955280735
      ],
      [
        -0.9899120214676512,
        0.14166152325711795,
        -0.0024904984042075006,
        19.482946938389432
      ],
      [
        0.0034429079252981383,
        0.04162387253350149,
        0.9991274191114629,
        0.9245156143898683
      ],
      [
        0.0,
        0.0,
        0.0,
        1.0
      ]
    ],
    "location": [
      2.9333339955280735,
      19.482946938389432,
      0.9245156143898683
    ],
    "rotation": [
      0.04163614804438824,
      -0.0034429147271519147,
      -1.4286759647500602
    ]
  },
  {
    "label_id": "SE1GxLqUzqbnMSkTAHHg2Q",
    "size": [
      0.929982198975269,
      1.0130600459139427,
      1.8200000000000038
    ],
    "obj_class": "pedestrian",
    "point_num_in_lidar": 207,
    "speed": 1.5106030973329208,
    "if_vehicle": false,
    "motion_state": true,
    "pose": [
      [
        0.17094121995099776,
        0.9843987512813588,
        -0.04169169938208204,
        9.108680626060277
      ],
      [
        -0.9852701274682947,
        0.1709870560490145,
        -0.0024904984042075006,
        24.19858346100409
      ],
      [
        0.004677097419852646,
        0.04150331480005504,
        0.9991274191114629,
        1.0486965888134385
      ],
      [
        0.0,
        0.0,
        0.0,
        1.0
      ]
    ],
    "location": [
      9.108680626060277,
      24.19858346100409,
      1.0486965888134385
    ],
    "rotation": [
      0.041515693475625816,
      -0.004677114472125482,
      -1.3990095585110702
    ]
  },
  {
    "label_id": "UKPPRkSzxShd_vfgFE0sew",
    "size": [
      2.184045092450513,
      5.292964081439663,
      1.8599999999999994
    ],
    "obj_class": "vehicle",
    "point_num_in_lidar": 1781,
    "speed": 0.006105825324960329,
    "if_vehicle": true,
    "motion_state": false,
    "pose": [
      [
        0.15891426760723099,
        0.9864117080375168,
        -0.04169169938208204,
        6.073396898738338
      ],
      [
        -0.987283578737544,
        0.15894946546901664,
        -0.0024904984042075006,
        21.00636268492417
      ],
      [
        0.004170216546517842,
        0.04155730589947343,
        0.9991274191114629,
        1.042311752323279
      ],
      [
        0.0,
        0.0,
        0.0,
        1.0
      ]
    ],
    "location": [
      6.073396898738338,
      21.00636268492417,
      1.042311752323279
    ],
    "rotation": [
      0.04156963852257065,
      -0.004170228633780786,
      -1.411204078836405
    ]
  },
  {
    "label_id": "VTRd1yBJHqNe_iEnYQW6UA",
    "size": [
      0.8202675324535859,
      0.8400554809897636,
      1.6400000000000006
    ],
    "obj_class": "pedestrian",
    "point_num_in_lidar": 504,
    "speed": 0.3338204748166101,
    "if_vehicle": false,
    "motion_state": false,
    "pose": [
      [
        0.3365262229645288,
        -0.9407507127076026,
        -0.04169169938208204,
        -6.61734213721661
      ],
      [
        0.9415314569548565,
        0.3369158841345473,
        -0.0024904984042075006,
        12.964753035634203
      ],
      [
        0.016389533907141287,
        -0.03841592844086846,
        0.9991274191114629,
        0.972192347311367
      ],
      [
        0.0,
        0.0,
        0.0,
        1.0
      ]
    ],
    "location": [
      -6.61734213721661,
      12.964753035634203,
      0.972192347311367
    ],
    "rotation": [
      -0.03843054808874892,
      -0.016390267746600674,
      1.2275228022243156
    ]
  },
  {
    "label_id": "Zl-y3j7oUzSX87ynXxP3zQ",
    "size": [
      1.1146094968879001,
      1.2440111412605759,
      2.0199999999999996
    ],
    "obj_class": "pedestrian",
    "point_num_in_lidar": 190,
    "speed": 1.526186731911892,
    "if_vehicle": false,
    "motion_state": true,
    "pose": [
      [
        0.1402055001439264,
        0.9892442670705882,
        -0.04169169938208204,
        9.260481964811788
      ],
      [
        -0.9901166479789282,
        0.14022418055624233,
        -0.0024904984042075006,
        16.05698166843831
      ],
      [
        0.0033824731133389302,
        0.04162882721510179,
        0.9991274191114629,
        1.182933794738041
      ],
      [
        0.0,
        0.0,
        0.0,
        1.0
      ]
    ],
    "location": [
      9.260481964811788,
      16.05698166843831,
      1.182933794738041
    ],
    "rotation": [
      0.041641098460287414,
      -0.0033824795632547283,
      -1.4301265548339195
    ]
  },
  {
    "label_id": "cTtq-GMvsci0tRg4OYAu-A",
    "size": [
      3.019942880299381,
      8.05412118617281,
      3.3000000000000007
    ],
    "obj_class": "vehicle",
    "point_num_in_lidar": 422,
    "speed": 5.042543773704338,
    "if_vehicle": true,
    "motion_state": true,
    "pose": [
      [
        0.7244177872884692,
        0.6880993181675972,
        -0.04169169938208204,
        20.114402321212538
      ],
      [
        -0.6887713352232809,
        0.7249743755419479,
        -0.0024904984042075006,
        -32.513112672291754
      ],
      [
        0.028511703470974877,
        0.030520208794345752,
        0.9991274191114629,
        1.4791390345696662
      ],
      [
        0.0,
        0.0,
        0.0,
        1.0
      ]
    ],
    "location": [
      20.114402321212538,
      -32.513112672291754,
      1.4791390345696662
    ],
    "rotation": [
      0.030537367516053664,
      -0.028515567827296938,
      -0.7601793909841672
    ]
  },
  {
    "label_id": "d6uA9LEwbNgFClVe3mDiow",
    "size": [
      2.093650229779421,
      4.690981136743863,
      1.6500000000000057
    ],
    "obj_class": "vehicle",
    "point_num_in_lidar": 4826,
    "speed": 4.54966190725639,
    "if_vehicle": true,
    "motion_state": true,
    "pose": [
      [
        0.16472115818126085,
        0.9854586456315952,
        -0.04169169938208204,
        -1.1613080736544816
      ],
      [
        -0.9863302939055806,
        0.16476149046979874,
        -0.0024904984042075006,
        26.571176994513735
      ],
      [
        0.004414903346052652,
        0.04153202388654174,
        0.9991274191114629,
        1.0422219666459611
      ],
      [
        0.0,
        0.0,
        0.0,
        1.0
      ]
    ],
    "location": [
      -1.1613080736544816,
      26.571176994513735,
      1.0422219666459611
    ],
    "rotation": [
      0.04154437810440922,
      -0.004414917688265366,
      -1.4053193980854093
    ]
  },
  {
    "label_id": "gSyJHmz9hma10BKIiIIo3A",
    "size": [
      0.2839665992812658,
      0.08844951503223594,
      0.41999999999999815
    ],
    "obj_class": "sign",
    "point_num_in_lidar": 47,
    "speed": 0.010853659984329543,
    "if_vehicle": false,
    "motion_state": false,
    "pose": [
      [
        -0.12474613304777947,
        -0.99131236474295,
        -0.04169169938208204,
        9.051300264172369
      ],
      [
        0.9921849309595303,
        -0.12475119315874465,
        -0.0024904984042075006,
        11.881672778958091
      ],
      [
        -0.002732227380266951,
        -0.04167655591828312,
        0.9991274191114629,
        2.5985031961338088
      ],
      [
        0.0,
        0.0,
        0.0,
        1.0
      ]
    ],
    "location": [
      9.051300264172369,
      11.881672778958091,
      2.5985031961338088
    ],
    "rotation": [
      -0.04168878596712723,
      0.002732230779654866,
      1.695868757534977
    ]
  },
  {
    "label_id": "hiebKsby5uy1leYvMiBsGg",
    "size": [
      0.9772276589115835,
      1.2902794644725941,
      1.9900000000000055
    ],
    "obj_class": "pedestrian",
    "point_num_in_lidar": 65,
    "speed": 3.2399254098566064,
    "if_vehicle": false,
    "motion_state": true,
    "pose": [
      [
        0.15445142572590523,
        0.9871203367846643,
        -0.04169169938208204,
        -6.490950002872751
      ],
      [
        -0.9879923577561632,
        0.15448268004250823,
        -0.0024904984042075006,
        -5.084405410092586
      ],
      [
        0.003982223832547641,
        0.04157574140066236,
        0.9991274191114629,
        1.0877254588017315
      ],
      [
        0.0,
        0.0,
        0.0,
        1.0
      ]
    ],
    "location": [
      -6.490950002872751,
      -5.084405410092586,
      1.0877254588017315
    ],
    "rotation": [
      0.04158805824351155,
      -0.003982234357711126,
      -1.4157228949401552
    ]
  },
  {
    "label_id": "lRzyNQtprTy8rnSr_elHgw",
    "size": [
      1.9175647331701164,
      4.524339314131563,
      1.5799999999999983
    ],
    "obj_class": "vehicle",
    "point_num_in_lidar": 148,
    "speed": 2.2212643927891547,
    "if_vehicle": true,
    "motion_state": true,
    "pose": [
      [
        0.9932429297041603,
        -0.10830643930685903,
        -0.04169169938208204,
        -3.3749739131899332
      ],
      [
        0.10829704335688732,
        0.994115460003442,
        -0.0024904984042075006,
        -25.92123730817184
      ],
      [
        0.04171609992380284,
        -0.002041417844185057,
        0.9991274191114629,
        0.7677346792080861
      ],
      [
        0.0,
        0.0,
        0.0,
        1.0
      ]
    ],
    "location": [
      -3.3749739131899332,
      -25.92123730817184,
      0.7677346792080861
    ],
    "rotation": [
      -0.0020431978588472985,
      -0.0417282086975444,
      0.10860477050068897
    ]
  },
  {
    "label_id": "p4rlez2SgtaXLYRB6hZLqQ",
    "size": [
      0.7317470381364354,
      0.13853810500110264,
      0.8299999999999983
    ],
    "obj_class": "sign",
    "point_num_in_lidar": 29,
    "speed": 0.0013393282073210814,
    "if_vehicle": false,
    "motion_state": false,
    "pose": [
      [
        -0.7030144054449499,
        -0.7099524969598442,
        -0.04169169938208204,
        25.47269086360211
      ],
      [
        0.7106412371850606,
        -0.7035501612747913,
        -0.0024904984042075006,
        -24.825288489546438
      ],
      [
        -0.02756406626334232,
        -0.031378697084125946,
        0.9991274191114629,
        4.3672245104994225
      ],
      [
        0.0,
        0.0,
        0.0,
        1.0
      ]
    ],
    "location": [
      25.47269086360211,
      -24.825288489546438,
      4.3672245104994225
    ],
    "rotation": [
      -0.03139578182294075,
      0.027567557884629043,
      2.350799429674967
    ]
  },
  {
    "label_id": "t0ccuriz40o-ctRGwvPO6w",
    "size": [
      0.4780900290164409,
      0.07158715838705526,
      0.4499999999999993
    ],
    "obj_class": "sign",
    "point_num_in_lidar": 37,
    "speed": 0.01568264859311044,
    "if_vehicle": false,
    "motion_state": false,
    "pose": [
      [
        -0.10903508571571248,
        -0.9931632052616534,
        -0.04169169938208204,
        9.076320381994037
      ],
      [
        0.9940357422193065,
        -0.10902632988508373,
        -0.0024904984042075006,
        15.582934282247152
      ],
      [
        -0.0020720215924788644,
        -0.04171459104662974,
        0.9991274191114629,
        3.438404833297181
      ],
      [
        0.0,
        0.0,
        0.0,
        1.0
      ]
    ],
    "location": [
      9.076320381994037,
      15.582934282247152,
      3.438404833297181
    ],
    "rotation": [
      -0.04172678813017813,
      0.0020720230751076207,
      1.680048858706858
    ]
  },
  {
    "label_id": "t6DnS0RS2qwEJ9YZjBU_Hw",
    "size": [
      0.7915847232452836,
      0.07201363665077959,
      0.8200000000000003
    ],
    "obj_class": "sign",
    "point_num_in_lidar": 21,
    "speed": 0.016157556527886807,
    "if_vehicle": false,
    "motion_state": false,
    "pose": [
      [
        -0.19611080209916448,
        -0.9796950318862785,
        -0.04169169938208204,
        12.794092449668597
      ],
      [
        0.9805649473511593,
        -0.1961789526017427,
        -0.0024904984042075006,
        -11.540619559524202
      ],
      [
        -0.005739105003440785,
        -0.041369832649247464,
        0.9991274191114629,
        4.404227907925282
      ],
      [
        0.0,
        0.0,
        0.0,
        1.0
      ]
    ],
    "location": [
      12.794092449668597,
      -11.540619559524202,
      4.404227907925282
    ],
    "rotation": [
      -0.04138232414323688,
      0.005739136509036728,
      1.7681897417156538
    ]
  },
  {
    "label_id": "tFlmliGB17ftCtEQhPYBeA",
    "size": [
      2.223148486985492,
      4.761291906445937,
      1.7500000000000036
    ],
    "obj_class": "vehicle",
    "point_num_in_lidar": 20,
    "speed": 2.929642751054232e-13,
    "if_vehicle": true,
    "motion_state": false,
    "pose": [
      [
        0.14213749486250968,
        0.9889685206096521,
        -0.04169169938208204,
        10.096989451479885
      ],
      [
        -0.9898408633658987,
        0.1421578792355554,
        -0.0024904984042075006,
        -4.436113977657442
      ],
      [
        0.0034637790434933063,
        0.04162214091568473,
        0.9991274191114629,
        0.7071545569650688
      ],
      [
        0.0,
        0.0,
        0.0,
        1.0
      ]
    ],
    "location": [
      10.096989451479885,
      -4.436113977657442,
      0.7071545569650688
    ],
    "rotation": [
      0.04163441791691513,
      -0.003463785969798682,
      -1.428174964069256
    ]
  },
  {
    "label_id": "wXp6vXhTV8f1jleasmAGTw",
    "size": [
      2.289450396410836,
      4.793928541223385,
      1.870000000000001
    ],
    "obj_class": "vehicle",
    "point_num_in_lidar": 62,
    "speed": 6.2883060087088865,
    "if_vehicle": true,
    "motion_state": true,
    "pose": [
      [
        0.1669827234330381,
        0.9850779523862665,
        -0.04169169938208204,
        5.720111979794183
      ],
      [
        -0.985949505786187,
        0.16702505637679677,
        -0.0024904984042075006,
        5.3102385186157335
      ],
      [
        0.004510223371298728,
        0.04152178060739028,
        0.9991274191114629,
        0.7267991396749771
      ],
      [
        0.0,
        0.0,
        0.0,
        1.0
      ]
    ],
    "location": [
      5.720111979794183,
      5.3102385186157335,
      0.7267991396749771
    ],
    "rotation": [
      0.0415341435595084,
      -0.004510238662685681,
      -1.403025976217951
    ]
  },
  {
    "label_id": "xfS8VoC0AfB3m7ZdKCuApA",
    "size": [
      2.3173146497132673,
      5.728274035621146,
      2.450000000000003
    ],
    "obj_class": "vehicle",
    "point_num_in_lidar": 2235,
    "speed": 4.108770704636558,
    "if_vehicle": true,
    "motion_state": true,
    "pose": [
      [
        0.1534659464426573,
        0.987274027555214,
        -0.04169169938208204,
        -0.8148526330430741
      ],
      [
        -0.9881460792921394,
        0.15349633024040465,
        -0.0024904984042075006,
        7.675372860127027
      ],
      [
        0.003940718466493968,
        0.04157969597814652,
        0.9991274191114629,
        1.2885182279349436
      ],
      [
        0.0,
        0.0,
        0.0,
        1.0
      ]
    ],
    "location": [
      -0.8148526330430741,
      7.675372860127027,
      1.2885182279349436
    ],
    "rotation": [
      0.041592009432315696,
      -0.00394072866597352,
      -1.4167202992694456
    ]
  }
]