[
  {
    "label_id": "-u6v7A9TrXDu-9EE_fzpuA",
    "size": [
      2.0399475097397572,
      4.415591832276201,
      1.7400000000000055
    ],
    "obj_class": "vehicle",
    "point_num_in_lidar": 828,
    "speed": 4.663847539563693,
    "if_vehicle": true,
    "motion_state": true,
    "pose": [
      [
        0.12318867483751572,
        0.9913529476224785,
        -0.045209331249203386,
        1.575059412673454
      ],
      [
        -0.9923823228470384,
        0.12312353064586748,
        -0.004233379502565428,
        10.74701181616365
      ],
      [
        0.0013695592332676483,
        0.04538644557045099,
        0.9989685655044342,
        1.0752078263929299
      ],
      [
        0.0,
        0.0,
        0.0,
        1.0
      ]
    ],
    "location": [
      1.575059412673454,
      10.74701181616365,
      1.0752078263929299
    ],
    "rotation": [
      0.045402084787730224,
      -0.0013695596614133384,
      -1.4472938144733003
    ]
  },
  {
    "label_id": "0MlUkBaER0Efvh_AS-1Bpw",
    "size": [
      0.8325983238170731,
      0.7496736177587451,
      1.6400000000000006
    ],
    "obj_class": "pedestrian",
    "point_num_in_lidar": 1015,
    "speed": 0.06499225595791468,
    "if_vehicle": false,
    "motion_state": false,
    "pose": [
      [
        -0.026080872895581402,
        -0.9986370233658496,
        -0.045209331249203386,
        -8.459900365127169
      ],
      [
        0.9996551650937651,
        -0.025915813692504747,
        -0.004233379502565428,
        24.299803468780738
      ],
      [
        0.0030559728994028527,
        -0.045304151726426295,
        0.9989685655044342,
        0.9975277891956829
      ],
      [
        0.0,
        0.0,
        0.0,
        1.0
      ]
    ],
    "location": [
      -8.459900365127169,
      24.299803468780738,
      0.9975277891956829
    ],
    "rotation": [
      -0.04531987536334636,
      -0.003055977656029565,
      1.5968802791759227
    ]
  },
  {
    "label_id": "2YFGey36rkBRLSWRbmLXgA",
    "size": [
      0.23087924735679982,
      0.05586975960836327,
      0.23999999999999844
    ],
    "obj_class": "sign",
    "point_num_in_lidar": 48,
    "speed": 0.027876982938702846,
    "if_vehicle": false,
    "motion_state": false,
    "pose": [
      [
        0.9836180304396448,
        -0.17450411617504555,
        -0.045209331249203386,
        -12.799371369277196
      ],
      [
        0.1744925160678548,
        0.9846493997024,
        -0.004233379502565428,
        28.308814598743993
      ],
      [
        0.0452540830240038,
        -0.0037246615510016213,
        0.9989685655044342,
        1.7066688411905133
      ],
      [
        0.0,
        0.0,
        0.0,
        1.0
      ]
    ],
    "location": [
      -12.799371369277196,
      28.308814598743993,
      1.7066688411905133
    ],
    "rotation": [
      -0.0037284899845404073,
      -0.04526954349049377,
      0.17557209416537212
    ]
  },
  {
    "label_id": "3DGCEQS1fQrrltlr7Y0QFA",
    "size": [
      2.238866904400891,
      4.778130853572724,
      1.8000000000000043
    ],
    "obj_class": "vehicle",
    "point_num_in_lidar": 241,
    "speed": 0.03092198617588022,
    "if_vehicle": true,
    "motion_state": false,
    "pose": [
      [
        0.17661866369833287,
        0.9832405422893296,
        -0.045209331249203386,
        6.9278000933161366
      ],
      [
        -0.9842719341102024,
        0.1766092812423759,
        -0.004233379502565428,
        14.803644865716706
      ],
      [
        0.0038219571395513297,
        0.04524596973915325,
        0.9989685655044342,
        1.0790030731701243
      ],
      [
        0.0,
        0.0,
        0.0,
        1.0
      ]
    ],
    "location": [
      6.9278000933161366,
      14.803644865716706,
      1.0790030731701243
    ],
    "rotation": [
      0.045261752691036834,
      -0.0038219664443941586,
      -1.3932449733165198
    ]
  },
  {
    "label_id": "5Zo39jZeAKvLd3jygUscXQ",
    "size": [
      0.8633204129122829,
      0.9964958227765475,
      1.7600000000000051
    ],
    "obj_class": "pedestrian",
    "point_num_in_lidar": 23,
    "speed": 1.1094754228184571,
    "if_vehicle": false,
    "motion_state": true,
    "pose": [
      [
        -0.5153726332378182,
        -0.8557728467750757,
        -0.045209331249203386,
        2.9906439636238247
      ],
      [
        0.8567398860400891,
        -0.5157313701589255,
        -0.004233379502565428,
        -41.2091324858975
      ],
      [
        -0.019693059120730716,
        -0.04091440524412329,
        0.9989685655044342,
        0.9365923233990436
      ],
      [
        0.0,
        0.0,
        0.0,
        1.0
      ]
    ],
    "location": [
      2.9906439636238247,
      -41.2091324858975,
      0.9365923233990436
    ],
    "rotation": [
      -0.040933771495261145,
      0.019694332225387114,
      2.112355400540437
    ]
  },
  {
    "label_id": "9vJuFi9oGTXbvK2kqBNGSg",
    "size": [
      0.85070256187436,
      1.3206064828369461,
      1.7600000000000016
    ],
    "obj_class": "pedestrian",
    "point_num_in_lidar": 236,
    "speed": 0.8111558260256321,
    "if_vehicle": false,
    "motion_state": false,
    "pose": [
      [
        0.17186153437196078,
        0.9840831923020101,
        -0.045209331249203386,
        -10.162367414536675
      ],
      [
        -0.9851145266870821,
        0.17184716409668663,
        -0.004233379502565428,
        18.325052366271848
      ],
      [
        0.003603097750772834,
        0.045263924052288206,
        0.9989685655044342,
        1.092366934616134
      ],
      [
        0.0,
        0.0,
        0.0,
        1.0
      ]
    ],
    "location": [
      -10.162367414536675,
      18.325052366271848,
      1.092366934616134
    ],
    "rotation": [
      0.04527968873289959,
      -0.003603105546909082,
      -1.398076185213766
    ]
  },
  {
    "label_id": "BJzgD4pDd9zzx_tJ81Wh9w",
    "size": [
      2.057682672119744,
      4.348731250934897,
      1.5799999999999983
    ],
    "obj_class": "vehicle",
    "point_num_in_lidar": 94,
    "speed": 4.4958737636545125,
    "if_vehicle": true,
    "motion_state": true,
    "pose": [
      [
        0.12364003581581477,
        0.9912967557252792,
        -0.045209331249203386,
        3.3953858056900117
      ],
      [
        -0.9923261605039971,
        0.12357536031662128,
        -0.004233379502565428,
        0.6827736132399878
      ],
      [
        0.0013902240321467894,
        0.045385817290794495,
        0.9989685655044342,
        0.8492985862764328
      ],
      [
        0.0,
        0.0,
        0.0,
        1.0
      ]
    ],
    "location": [
      3.3953858056900117,
      0.6827736132399878,
      0.8492985862764328
    ],
    "rotation": [
      0.04540145715490789,
      -0.0013902244799668068,
      -1.4468389723708015
    ]
  },
  {
    "label_id": "HvXo3bcZJiBtcXJw3euZyA",
    "size": [
      2.1355814538903757,
      4.745719360965725,
      1.7100000000000044
    ],
    "obj_class": "vehicle",
    "point_num_in_lidar": 413,
    "speed": 0.015091435657760728,
    "if_vehicle": true,
    "motion_state": false,
    "pose": [
      [
        0.12755164639101477,
        0.9908010364704618,
        -0.045209331249203386,
        -2.8909216857616684
      ],
      [
        -0.9918306885003279,
        0.1274910343787083,
        -0.004233379502565428,
        2.685985830732534
      ],
      [
        0.0015693476056159658,
        0.045379976664886974,
        0.9989685655044342,
        0.8678839694968055
      ],
      [
        0.0,
        0.0,
        0.0,
        1.0
      ]
    ],
    "location": [
      -2.8909216857616684,
      2.685985830732534,
      0.8678839694968055
    ],
    "rotation": [
      0.04539562254040014,
      -0.001569348249795137,
      -1.4428960998093385
    ]
  },
  {
    "label_id": "MMRb3jHqGvp6u3_L3aIsDw",
    "size": [
      2.1871116082205515,
      5.576670239505544,
      2.0900000000000034
    ],
    "obj_class": "vehicle",
    "point_num_in_lidar": 7609,
    "speed": 4.577455073295122,
    "if_vehicle": true,
    "motion_state": true,
    "pose": [
      [
        0.140652677479992,
        0.9890262588453904,
        -0.045209331249203386,
        -0.46420751160530926
      ],
      [
        -0.9900566228418545,
        0.1406056971284211,
        -0.004233379502565428,
        22.685046304233765
      ],
      [
        0.002169766045308909,
        0.04535523397934976,
        0.9989685655044342,
        1.2327189680820219
      ],
      [
        0.0,
        0.0,
        0.0,
        1.0
      ]
    ],
    "location": [
      -0.46420751160530926,
      22.685046304233765,
      1.2327189680820219
    ],
    "rotation": [
      0.045370905286699306,
      -0.002169767747813907,
      -1.4296753775961752
    ]
  },
  {
    "label_id": "Rqi1rKFoDmNStEQoR06fGg",
    "size": [
      2.1162528393097038,
      4.457104393150359,
      1.4400000000000048
    ],
    "obj_class": "vehicle",
    "point_num_in_lidar": 4047,
    "speed": 4.924400834801773,
    "if_vehicle": true,
    "motion_state": true,
    "pose": [
      [
        0.13915409993613959,
        0.9892382184483991,
        -0.045209331249203386,
        1.971989160123485
      ],
      [
        -0.9902685100851424,
        0.13910555859396656,
        -0.004233379502565428,
        26.382315778660995
      ],
      [
        0.0021010484799463105,
        0.0453584692124619,
        0.9989685655044342,
        0.904514007081044
      ],
      [
        0.0,
        0.0,
        0.0,
        1.0
      ]
    ],
    "location": [
      1.971989160123485,
      26.382315778660995,
      0.904514007081044
    ],
    "rotation": [
      0.045374137197621636,
      -0.002101050025762434,
      -1.4311888642074386
    ]
  },
  {
    "label_id": "SE1GxLqUzqbnMSkTAHHg2Q",
    "size": [
      0.9299821989756542,
      1.0130600459139427,
      1.8200000000000038
    ],
    "obj_class": "pedestrian",
    "point_num_in_lidar": 110,
    "speed": 1.4494730350465976,
    "if_vehicle": false,
    "motion_state": true,
    "pose": [
      [
        0.1451534186961885,
        0.9883757389823006,
        -0.045209331249203386,
        8.78484767399982
      ],
      [
        -0.9894063061647927,
        0.14511112920561148,
        -0.004233379502565428,
        26.23543335011709
      ],
      [
        0.0023762075139618123,
        0.0453448869428906,
        0.9989685655044342,
        1.0486965888134385
      ],
      [
        0.0,
        0.0,
        0.0,
        1.0
      ]
    ],
    "location": [
      8.78484767399982,
      26.23543335011709,
      1.0486965888134385
    ],
    "rotation": [
      0.04536056886901738,
      -0.002376209750122188,
      -1.425127880949192
    ]
  },
  {
    "label_id": "UKPPRkSzxShd_vfgFE0sew",
    "size": [
      2.1840450924505155,
      5.292964081439663,
      1.8599999999999994
    ],
    "obj_class": "vehicle",
    "point_num_in_lidar": 1039,
    "speed": 0.0061058253741039705,
    "if_vehicle": true,
    "motion_state": false,
    "pose": [
      [
        0.15888993453155667,
        0.9862606679131828,
        -0.045209331249203386,
        6.07322426707492
      ],
      [
        -0.987291723700261,
        0.1588619866769736,
        -0.004233379502565428,
        20.997815319909932
      ],
      [
        0.0030068284828556773,
        0.045307439968371936,
        0.9989685655044342,
        1.0199094995401516
      ],
      [
        0.0,
        0.0,
        0.0,
        1.0
      ]
    ],
    "location": [
      6.07322426707492,
      20.997815319909932,
      1.0199094995401516
    ],
    "rotation": [
      0.045323160243873874,
      -0.003006833013672279,
      -1.4112293971678298
    ]
  },
  {
    "label_id": "VTRd1yBJHqNe_iEnYQW6UA",
    "size": [
      0.8202675324541197,
      0.8400554809897636,
      1.6400000000000006
    ],
    "obj_class": "pedestrian",
    "point_num_in_lidar": 234,
    "speed": 0.8617307350492617,
    "if_vehicle": false,
    "motion_state": false,
    "pose": [
      [
        0.3590977593211143,
        -0.9322043314738216,
        -0.045209331249203386,
        -7.001934354909281
      ],
      [
        0.9330812060798831,
        0.3596408505140901,
        -0.004233379502565428,
        12.157503770820767
      ],
      [
        0.02020549705070072,
        -0.040663780234344464,
        0.9989685655044342,
        0.9611392391801168
      ],
      [
        0.0,
        0.0,
        0.0,
        1.0
      ]
    ],
    "location": [
      -7.001934354909281,
      12.157503770820767,
      0.9611392391801168
    ],
    "rotation": [
      -0.04068330529072822,
      -0.02020687215982811,
      1.203416767395199
    ]
  },
  {
    "label_id": "Zl-y3j7oUzSX87ynXxP3zQ",
    "size": [
      1.1146094968870437,
      1.2440111412605759,
      2.0199999999999996
    ],
    "obj_class": "pedestrian",
    "point_num_in_lidar": 102,
    "speed": 1.3806076827634335,
    "if_vehicle": false,
    "motion_state": true,
    "pose": [
      [
        0.13417262440330727,
        0.9899261705949232,
        -0.045209331249203386,
        8.974829981622406
      ],
      [
        -0.9909562048262005,
        0.1341188973054901,
        -0.004233379502565428,
        18.123447306050366
      ],
      [
        0.0018726924954121575,
        0.04536847095539551,
        0.9989685655044342,
        1.2049446382970714
      ],
      [
        0.0,
        0.0,
        0.0,
        1.0
      ]
    ],
    "location": [
      8.974829981622406,
      18.123447306050366,
      1.2049446382970714
    ],
    "rotation": [
      0.04538412866398584,
      -0.0018726935899955268,
      -1.436217599215829
    ]
  },
  {
    "label_id": "cTtq-GMvsci0tRg4OYAu-A",
    "size": [
      3.0199428802993706,
      8.05412118617281,
      3.3000000000000007
    ],
    "obj_class": "vehicle",
    "point_num_in_lidar": 358,
    "speed": 5.328957144907662,
    "if_vehicle": true,
    "motion_state": true,
    "pose": [
      [
        0.7102367135719649,
        0.7025097344966079,
        -0.045209331249203386,
        14.858653212058016
      ],
      [
        -0.70335865593339,
        0.7108225373618668,
        -0.004233379502565428,
        -27.488207726564724
      ],
      [
        0.029161821240621267,
        0.03480507600829209,
        0.9989685655044342,
        1.4791390345696875
      ],
      [
        0.0,
        0.0,
        0.0,
        1.0
      ]
    ],
    "location": [
      14.858653212058016,
      -27.488207726564724,
      1.4791390345696875
    ],
    "rotation": [
      0.03482692469921583,
      -0.029165956082730066,
      -0.7805325536837658
    ]
  },
  {
    "label_id": "cg0h8afU5l6J7-8fjr1SZQ",
    "size": [
      0.1922906488207675,
      0.0621777752682898,
      0.18999999999999773
    ],
    "obj_class": "sign",
    "point_num_in_lidar": 34,
    "speed": 6.441026913539354e-05,
    "if_vehicle": false,
    "motion_state": false,
    "pose": [
      [
        0.9851840405302785,
        -0.1654343454438473,
        -0.045209331249203386,
        -12.359832308499108
      ],
      [
        0.16541324351856113,
        0.9862152591430821,
        -0.004233379502565428,
        25.577569706025315
      ],
      [
        0.04528647870064086,
        -0.0033075641958003046,
        0.9989685655044342,
        1.691018056933963
      ],
      [
        0.0,
        0.0,
        0.0,
        1.0
      ]
    ],
    "location": [
      -12.359832308499108,
      25.577569706025315,
      1.691018056933963
    ],
    "rotation": [
      -0.0033109671551342684,
      -0.04530197241406596,
      0.16634926921606555
    ]
  },
  {
    "label_id": "d6uA9LEwbNgFClVe3mDiow",
    "size": [
      2.093650229779135,
      4.690981136743863,
      1.6500000000000057
    ],
    "obj_class": "vehicle",
    "point_num_in_lidar": 4664,
    "speed": 3.4206904234126543,
    "if_vehicle": true,
    "motion_state": true,
    "pose": [
      [
        0.16899970157828006,
        0.9845787003761822,
        -0.045209331249203386,
        -2.074087196654773
      ],
      [
        -0.9856099886224857,
        0.16898233288001138,
        -0.004233379502565428,
        32.00734954941254
      ],
      [
        0.0034714829736005475,
        0.0452742083307587,
        0.9989685655044342,
        1.0382216976760965
      ],
      [
        0.0,
        0.0,
        0.0,
        1.0
      ]
    ],
    "location": [
      -2.074087196654773,
      32.00734954941254,
      1.0382216976760965
    ],
    "rotation": [
      0.0452899625324053,
      -0.003471489946224178,
      -1.4009806095575896
    ]
  },
  {
    "label_id": "gSyJHmz9hma10BKIiIIo3A",
    "size": [
      0.2839665992812667,
      0.08844951503223594,
      0.41999999999999815
    ],
    "obj_class": "sign",
    "point_num_in_lidar": 34,
    "speed": 0.0009530730355372808,
    "if_vehicle": false,
    "motion_state": false,
    "pose": [
      [
        -0.1247270318232997,
        -0.99116057422627,
        -0.045209331249203386,
        9.055449946392855
      ],
      [
        0.9921900493101128,
        -0.12466348522315322,
        -0.004233379502565428,
        11.896292060740961
      ],
      [
        -0.0014399939394532334,
        -0.04538426546136091,
        0.9989685655044342,
        2.5985031961338088
      ],
      [
        0.0,
        0.0,
        0.0,
        1.0
      ]
    ],
    "location": [
      9.055449946392855,
      11.896292060740961,
      2.5985031961338088
    ],
    "rotation": [
      -0.04539990692297936,
      0.0014399944371114141,
      1.6958491670000075
    ]
  },
  {
    "label_id": "hiebKsby5uy1leYvMiBsGg",
    "size": [
      0.9772276589102051,
      1.2902794644725941,
      1.9900000000000055
    ],
    "obj_class": "pedestrian",
    "point_num_in_lidar": 60,
    "speed": 3.2440445655727332,
    "if_vehicle": false,
    "motion_state": true,
    "pose": [
      [
        0.12773477223586724,
        0.9907774443990188,
        -0.045209331249203386,
        -7.123637625626543
      ],
      [
        -0.99180710761411,
        0.1276743505333808,
        -0.004233379502565428,
        -0.674194935721971
      ],
      [
        0.0015777350805675544,
        0.04537968582998879,
        0.9989685655044342,
        1.0877254588017529
      ],
      [
        0.0,
        0.0,
        0.0,
        1.0
      ]
    ],
    "location": [
      -7.123637625626543,
      -0.674194935721971,
      1.0877254588017529
    ],
    "rotation": [
      0.04539533200475972,
      -0.001577735735130599,
      -1.4427114617374737
    ]
  },
  {
    "label_id": "lznON-h0EPw_nGsACmmUWg",
    "size": [
      0.7580006794920187,
      0.8024282435494285,
      1.6624271538721658
    ],
    "obj_class": "pedestrian",
    "point_num_in_lidar": 20,
    "speed": 0.37161165650331507,
    "if_vehicle": false,
    "motion_state": false,
    "pose": [
      [
        0.12277609727555323,
        0.9914041286507655,
        -0.045209331249203386,
        13.43011669295197
      ],
      [
        -0.9924334766754197,
        0.12271052469909219,
        -0.004233379502565428,
        -6.962674839682222
      ],
      [
        0.0013506708418959217,
        0.045387011603428916,
        0.9989685655044342,
        0.8425589301904317
      ],
      [
        0.0,
        0.0,
        0.0,
        1.0
      ]
    ],
    "location": [
      13.43011669295197,
      -6.962674839682222,
      0.8425589301904317
    ],
    "rotation": [
      0.04540265023792829,
      -0.0013506712525703673,
      -1.4477095515060165
    ]
  },
  {
    "label_id": "t0ccuriz40o-ctRGwvPO6w",
    "size": [
      0.47809002901644165,
      0.07158715838705526,
      0.4499999999999993
    ],
    "obj_class": "sign",
    "point_num_in_lidar": 42,
    "speed": 0.015682644805535235,
    "if_vehicle": false,
    "motion_state": false,
    "pose": [
      [
        -0.1090183901789606,
        -0.9930111313428404,
        -0.045209331249203386,
        9.08696316262558
      ],
      [
        0.9940394712519404,
        -0.10893855190496161,
        -0.004233379502565428,
        15.602140836037506
      ],
      [
        -0.0007212461096338589,
        -0.04540137594899825,
        0.9989685655044342,
        3.4338435139046553
      ],
      [
        0.0,
        0.0,
        0.0,
        1.0
      ]
    ],
    "location": [
      9.08696316262558,
      15.602140836037506,
      3.4338435139046553
    ],
    "rotation": [
      -0.0454169997844379,
      0.0007212461721654244,
      1.6800318561102765
    ]
  },
  {
    "label_id": "t6DnS0RS2qwEJ9YZjBU_Hw",
    "size": [
      0.7915847232452826,
      0.07201363665077959,
      0.8200000000000003
    ],
    "obj_class": "sign",
    "point_num_in_lidar": 23,
    "speed": 0.014392554573589992,
    "if_vehicle": false,
    "motion_state": false,
    "pose": [
      [
        -0.1960807734613177,
        -0.9795450202245995,
        -0.045209331249203386,
        12.795199607537143
      ],
      [
        0.9805763953023785,
        -0.19609184448564088,
        -0.004233379502565428,
        -11.546909509732359
      ],
      [
        -0.0047183953421597565,
        -0.04516128739759335,
        0.9989685655044342,
        4.4042279079253035
      ],
      [
        0.0,
        0.0,
        0.0,
        1.0
      ]
    ],
    "location": [
      12.795199607537143,
      -11.546909509732359,
      4.4042279079253035
    ],
    "rotation": [
      -0.04517715613410029,
      0.0047184128501412985,
      1.7681580507443828
    ]
  },
  {
    "label_id": "tFlmliGB17ftCtEQhPYBeA",
    "size": [
      2.2231484869854916,
      4.761291906445937,
      1.7500000000000036
    ],
    "obj_class": "vehicle",
    "point_num_in_lidar": 132,
    "speed": 2.253159954885015e-27,
    "if_vehicle": true,
    "motion_state": false,
    "pose": [
      [
        0.14211573065926963,
        0.9888170889841972,
        -0.045209331249203386,
        10.096989451479885
      ],
      [
        -0.9898475213577675,
        0.14207027472300915,
        -0.004233379502565428,
        -4.436113977655623
      ],
      [
        0.002236864114325731,
        0.045351974300431294,
        0.9989685655044342,
        0.7071545569650759
      ],
      [
        0.0,
        0.0,
        0.0,
        1.0
      ]
    ],
    "location": [
      10.096989451479885,
      -4.436113977655623,
      0.7071545569650759
    ],
    "rotation": [
      0.04536764895411427,
      -0.002236865979710963,
      -1.4281974537084454
    ]
  },
  {
    "label_id": "tJ6eBPVLTAZBYef0et6UBw",
    "size": [
      1.0000000000014682,
      1.0,
      1.5899999999999999
    ],
    "obj_class": "pedestrian",
    "point_num_in_lidar": 36,
    "speed": 0.9369724693992562,
    "if_vehicle": false,
    "motion_state": false,
    "pose": [
      [
        0.3860774848276521,
        0.9213578523446543,
        -0.045209331249203386,
        12.473402787213217
      ],
      [
        -0.9223666328331293,
        0.3862924709777071,
        -0.004233379502565428,
        -5.783038929497707
      ],
      [
        0.01356356683286088,
        0.04333399114763669,
        0.9989685655044342,
        0.8026640512433936
      ],
      [
        0.0,
        0.0,
        0.0,
        1.0
      ]
    ],
    "location": [
      12.473402787213217,
      -5.783038929497707,
      0.8026640512433936
    ],
    "rotation": [
      0.04335155535048968,
      -0.013563982749639622,
      -1.1743822375662345
    ]
  },
  {
    "label_id": "wXp6vXhTV8f1jleasmAGTw",
    "size": [
      2.2894503964098796,
      4.793928541223385,
      1.870000000000001
    ],
    "obj_class": "vehicle",
    "point_num_in_lidar": 78,
    "speed": 5.859993754934865,
    "if_vehicle": true,
    "motion_state": true,
    "pose": [
      [
        0.17009509289965472,
        0.9843900526414606,
        -0.045209331249203386,
        4.330546714644697
      ],
      [
        -0.9854213595747568,
        0.17007887167965643,
        -0.004233379502565428,
        13.503937931156543
      ],
      [
        0.0035218553768746816,
        0.0452703177448239,
        0.9989685655044342,
        0.7267991396749949
      ],
      [
        0.0,
        0.0,
        0.0,
        1.0
      ]
    ],
    "location": [
      4.330546714644697,
      13.503937931156543,
      0.7267991396749949
    ],
    "rotation": [
      0.04528607591183204,
      -0.0035218626574504757,
      -1.3998690888572132
    ]
  },
  {
    "label_id": "xfS8VoC0AfB3m7ZdKCuApA",
    "size": [
      2.317314649713547,
      5.728274035621146,
      2.450000000000003
    ],
    "obj_class": "vehicle",
    "point_num_in_lidar": 2208,
    "speed": 4.121443055655666,
    "if_vehicle": true,
    "motion_state": true,
    "pose": [
      [
        0.15968448097441468,
        0.9861323353911134,
        -0.045209331249203386,
        -1.7331692109194137
      ],
      [
        -0.9871634133602362,
        0.15965736381687723,
        -0.004233379502565428,
        13.371785859273587
      ],
      [
        0.0030433302317100647,
        0.04530500276033209,
        0.9989685655044342,
        1.3306721745190764
      ],
      [
        0.0,
        0.0,
        0.0,
        1.0
      ]
    ],
    "location": [
      -1.7331692109194137,
      13.371785859273587,
      1.3306721745190764
    ],
    "rotation": [
      0.04532072552737331,
      -0.003043334929545509,
      -1.410424553366804
    ]
  }
]