[
  {
    "label_id": "-u6v7A9TrXDu-9EE_fzpuA",
    "size": [
      2.0399475097395223,
      4.415591832276201,
      1.7400000000000055
    ],
    "obj_class": "vehicle",
    "point_num_in_lidar": 772,
    "speed": 4.703450391041737,
    "if_vehicle": true,
    "motion_state": true,
    "pose": [
      [
        0.11867615548207333,
        0.9919685896885324,
        -0.04375256782565634,
        1.696048007578156
      ],
      [
        -0.9929156749692323,
        0.11881922060859032,
        0.0006746957544339002,
        9.813737661321284
      ],
      [
        0.005867923004663609,
        0.04336254011599239,
        0.9990421700780705,
        1.0777081125108197
      ],
      [
        0.0,
        0.0,
        0.0,
        1.0
      ]
    ],
    "location": [
      1.696048007578156,
      9.813737661321284,
      1.0777081125108197
    ],
    "rotation": [
      0.04337688805895381,
      -0.005867956679748477,
      -1.4518377599826813
    ]
  },
  {
    "label_id": "0MlUkBaER0Efvh_AS-1Bpw",
    "size": [
      0.8325983238170737,
      0.7496736177587451,
      1.6400000000000006
    ],
    "obj_class": "pedestrian",
    "point_num_in_lidar": 1031,
    "speed": 0.06499225595856713,
    "if_vehicle": false,
    "motion_state": false,
    "pose": [
      [
        -0.026082566295979378,
        -0.9987018636931029,
        -0.04375256782565634,
        -8.457343110063448
      ],
      [
        0.9996581399892741,
        -0.02613709889838015,
        0.0006746957544339002,
        24.287058257812532
      ],
      [
        -0.0018173850996962258,
        -0.04372001277560554,
        0.9990421700780705,
        1.0080796819528572
      ],
      [
        0.0,
        0.0,
        0.0,
        1.0
      ]
    ],
    "location": [
      -8.457343110063448,
      24.287058257812532,
      1.0080796819528572
    ],
    "rotation": [
      -0.0437340250665479,
      0.0018173861001344674,
      1.5968818944147152
    ]
  },
  {
    "label_id": "2YFGey36rkBRLSWRbmLXgA",
    "size": [
      0.23087924735679974,
      0.05586975960836327,
      0.23999999999999844
    ],
    "obj_class": "sign",
    "point_num_in_lidar": 34,
    "speed": 0.027876982938667312,
    "if_vehicle": false,
    "motion_state": false,
    "pose": [
      [
        0.9836818956013538,
        -0.17451544652204456,
        -0.04375256782565634,
        -12.804932556620088
      ],
      [
        0.17471177688887327,
        0.9846193882927411,
        0.0006746957544339002,
        28.308412152451638
      ],
      [
        0.04296188173788285,
        -0.008307774866947091,
        0.9990421700780705,
        1.706668841190485
      ],
      [
        0.0,
        0.0,
        0.0,
        1.0
      ]
    ],
    "location": [
      -12.804932556620088,
      28.308412152451638,
      1.706668841190485
    ],
    "rotation": [
      -0.008315548257380982,
      -0.042975108684371585,
      0.17577701802345444
    ]
  },
  {
    "label_id": "3DGCEQS1fQrrltlr7Y0QFA",
    "size": [
      2.238866904400892,
      4.778130853572724,
      1.8000000000000043
    ],
    "obj_class": "vehicle",
    "point_num_in_lidar": 460,
    "speed": 0.03042795066481077,
    "if_vehicle": true,
    "motion_state": false,
    "pose": [
      [
        0.17663013134041397,
        0.9833043829411773,
        -0.04375256782565634,
        6.926412468812941
      ],
      [
        -0.9842414513207801,
        0.1768284770267602,
        0.0006746957544339002,
        14.797530181092952
      ],
      [
        0.008400131227107498,
        0.04294391925601439,
        0.9990421700780705,
        1.0890042176417474
      ],
      [
        0.0,
        0.0,
        0.0,
        1.0
      ]
    ],
    "location": [
      6.926412468812941,
      14.797530181092952,
      1.0890042176417474
    ],
    "rotation": [
      0.04295864619770565,
      -0.008400230018874228,
      -1.3932283014987623
    ]
  },
  {
    "label_id": "5Zo39jZeAKvLd3jygUscXQ",
    "size": [
      0.8633204129132052,
      0.9964958227765475,
      1.7600000000000051
    ],
    "obj_class": "pedestrian",
    "point_num_in_lidar": 21,
    "speed": 1.126465727483344,
    "if_vehicle": false,
    "motion_state": true,
    "pose": [
      [
        -0.5154469317538345,
        -0.8558038170949105,
        -0.04375256782565634,
        2.8841801197531822
      ],
      [
        0.8566086817949111,
        -0.5159661917792904,
        0.0006746957544339002,
        -41.02233097854878
      ],
      [
        -0.02315225300359127,
        -0.03713105959378763,
        0.9990421700780705,
        0.9365923233990259
      ],
      [
        0.0,
        0.0,
        0.0,
        1.0
      ]
    ],
    "location": [
      2.8841801197531822,
      -41.02233097854878,
      0.9365923233990259
    ],
    "rotation": [
      -0.03714955958315777,
      0.02315432187408891,
      2.112486734786787
    ]
  },
  {
    "label_id": "9vJuFi9oGTXbvK2kqBNGSg",
    "size": [
      0.8507025618737906,
      1.3206064828369461,
      1.759999999999998
    ],
    "obj_class": "pedestrian",
    "point_num_in_lidar": 369,
    "speed": 0.8070707858403867,
    "if_vehicle": false,
    "motion_state": false,
    "pose": [
      [
        0.17087548147403256,
        0.9843207214316271,
        -0.04375256782565634,
        -10.132740443979856
      ],
      [
        -0.9852589339611739,
        0.17106834258661052,
        0.0006746957544339002,
        18.15741240279567
      ],
      [
        0.008148796273594525,
        0.04299231937208275,
        0.9990421700780705,
        1.0898524611094977
      ],
      [
        0.0,
        0.0,
        0.0,
        1.0
      ]
    ],
    "location": [
      -10.132740443979856,
      18.15741240279567,
      1.0898524611094977
    ],
    "rotation": [
      0.04300700326632857,
      -0.008148886460213924,
      -1.3990724180115028
    ]
  },
  {
    "label_id": "BJzgD4pDd9zzx_tJ81Wh9w",
    "size": [
      2.057682672119574,
      4.348731250934897,
      1.5799999999999983
    ],
    "obj_class": "vehicle",
    "point_num_in_lidar": 79,
    "speed": 4.396652358123635,
    "if_vehicle": true,
    "motion_state": true,
    "pose": [
      [
        0.12377986898773068,
        0.9913446710615039,
        -0.04375256782565634,
        3.50432993957952
      ],
      [
        -0.9922910074972457,
        0.12392780650741789,
        0.0006746957544339002,
        -0.21965748863112822
      ],
      [
        0.006091015800446484,
        0.043331765856221706,
        0.9990421700780705,
        0.8381416591608826
      ],
      [
        0.0,
        0.0,
        0.0,
        1.0
      ]
    ],
    "location": [
      3.50432993957952,
      -0.21965748863112822,
      0.8381416591608826
    ],
    "rotation": [
      0.04334614217601256,
      -0.006091053464336991,
      -1.4466958631436735
    ]
  },
  {
    "label_id": "HvXo3bcZJiBtcXJw3euZyA",
    "size": [
      2.1355814538903757,
      4.745719360965725,
      1.7100000000000044
    ],
    "obj_class": "vehicle",
    "point_num_in_lidar": 418,
    "speed": 0.015091435657506523,
    "if_vehicle": true,
    "motion_state": false,
    "pose": [
      [
        0.12755992816937936,
        0.9908653680163032,
        -0.04375256782565634,
        -2.891164146283245
      ],
      [
        -0.9918111333397841,
        0.12771147391245694,
        0.0006746957544339002,
        2.6889945448237995
      ],
      [
        0.0062562375814854965,
        0.04330821973971821,
        0.9990421700780705,
        0.8678839694967913
      ],
      [
        0.0,
        0.0,
        0.0,
        1.0
      ]
    ],
    "location": [
      -2.891164146283245,
      2.6889945448237995,
      0.8678839694967913
    ],
    "rotation": [
      0.04332261771591785,
      -0.006256278394257901,
      -1.4428853911717188
    ]
  },
  {
    "label_id": "MMRb3jHqGvp6u3_L3aIsDw",
    "size": [
      2.187111608221479,
      5.576670239505544,
      2.0900000000000034
    ],
    "obj_class": "vehicle",
    "point_num_in_lidar": 7341,
    "speed": 4.643296441924262,
    "if_vehicle": true,
    "motion_state": true,
    "pose": [
      [
        0.13794505433573495,
        0.9894730288355374,
        -0.04375256782565634,
        -0.3238967452837187
      ],
      [
        -0.9904171527384212,
        0.1381065108789502,
        0.0006746957544339002,
        21.77650551469378
      ],
      [
        0.0067101077360782035,
        0.04324022270837574,
        0.9990421700780705,
        1.2427197110463055
      ],
      [
        0.0,
        0.0,
        0.0,
        1.0
      ]
    ],
    "location": [
      -0.3238967452837187,
      21.77650551469378,
      1.2427197110463055
    ],
    "rotation": [
      0.04325468295521367,
      -0.0067101580914757175,
      -1.4324068586375927
    ]
  },
  {
    "label_id": "PDJRXsFgAheGLL2zZRkw1g",
    "size": [
      0.30252014459575993,
      0.09175552356189816,
      0.41999999999999815
    ],
    "obj_class": "sign",
    "point_num_in_lidar": 20,
    "speed": 0.013557121607937627,
    "if_vehicle": false,
    "motion_state": false,
    "pose": [
      [
        -0.4837311753360888,
        -0.8741223385868979,
        -0.04375256782565634,
        10.935464957099384
      ],
      [
        0.874945695808661,
        -0.48422058420882624,
        0.0006746957544339002,
        -0.45673561117291683
      ],
      [
        -0.021775660583876023,
        -0.03795474952934794,
        0.9990421700780705,
        2.548344614486428
      ],
      [
        0.0,
        0.0,
        0.0,
        1.0
      ]
    ],
    "location": [
      10.935464957099384,
      -0.45673561117291683,
      2.548344614486428
    ],
    "rotation": [
      -0.03797287651715362,
      0.021777381879448734,
      2.0758402768429254
    ]
  },
  {
    "label_id": "Rqi1rKFoDmNStEQoR06fGg",
    "size": [
      2.11625283930988,
      4.457104393150359,
      1.4400000000000048
    ],
    "obj_class": "vehicle",
    "point_num_in_lidar": 4023,
    "speed": 4.938970464487372,
    "if_vehicle": true,
    "motion_state": true,
    "pose": [
      [
        0.1387534669935829,
        0.9893599891879205,
        -0.04375256782565634,
        2.110330847782734
      ],
      [
        -0.9903039808559999,
        0.13891569488865713,
        0.0006746957544339002,
        25.404721845949098
      ],
      [
        0.006745435346976012,
        0.04323472571532606,
        0.9990421700780705,
        0.9095142137066361
      ],
      [
        0.0,
        0.0,
        0.0,
        1.0
      ]
    ],
    "location": [
      2.110330847782734,
      25.404721845949098,
      0.9095142137066361
    ],
    "rotation": [
      0.04324919097876383,
      -0.006745486501917741,
      -1.4315905443336268
    ]
  },
  {
    "label_id": "SE1GxLqUzqbnMSkTAHHg2Q",
    "size": [
      0.9299821989769017,
      1.0130600459139427,
      1.8200000000000038
    ],
    "obj_class": "pedestrian",
    "point_num_in_lidar": 135,
    "speed": 1.4620510316266822,
    "if_vehicle": false,
    "motion_state": true,
    "pose": [
      [
        0.14899516269617682,
        0.9878695026681414,
        -0.04375256782565634,
        8.824312583935352
      ],
      [
        -0.988811763103983,
        0.14916716104032957,
        0.0006746957544339002,
        25.971091867540963
      ],
      [
        0.007192957690162545,
        0.04316252732831155,
        0.9990421700780705,
        1.0486965888134385
      ],
      [
        0.0,
        0.0,
        0.0,
        1.0
      ]
    ],
    "location": [
      8.824312583935352,
      25.971091867540963,
      1.0486965888134385
    ],
    "rotation": [
      0.04317705823838463,
      -0.007193019717248505,
      -1.4212404139177048
    ]
  },
  {
    "label_id": "UKPPRkSzxShd_vfgFE0sew",
    "size": [
      2.1840450924505133,
      5.292964081439663,
      1.8599999999999994
    ],
    "obj_class": "vehicle",
    "point_num_in_lidar": 894,
    "speed": 0.00610582537411873,
    "if_vehicle": true,
    "motion_state": false,
    "pose": [
      [
        0.15890025106810687,
        0.9863247046582346,
        -0.04375256782565634,
        6.0732489274680574
      ],
      [
        -0.9872651917711831,
        0.15908169568698963,
        0.0006746957544339002,
        20.999036309056464
      ],
      [
        0.007625701771091617,
        0.04308817794010417,
        0.9990421700780705,
        1.0231096562461985
      ],
      [
        0.0,
        0.0,
        0.0,
        1.0
      ]
    ],
    "location": [
      6.0732489274680574,
      20.999036309056464,
      1.0231096562461985
    ],
    "rotation": [
      0.04310277598273993,
      -0.007625775680472555,
      -1.4112149955963598
    ]
  },
  {
    "label_id": "VTRd1yBJHqNe_iEnYQW6UA",
    "size": [
      0.820267532452325,
      0.8400554809897636,
      1.6400000000000006
    ],
    "obj_class": "pedestrian",
    "point_num_in_lidar": 252,
    "speed": 0.7922765205942723,
    "if_vehicle": false,
    "motion_state": false,
    "pose": [
      [
        0.3876548194842082,
        -0.9207656888369196,
        -0.04375256782565634,
        -6.948760197057709
      ],
      [
        0.9216595163590334,
        0.3879990730536238,
        0.0006746957544339002,
        12.31651432484432
      ],
      [
        0.01635471905898379,
        -0.04058651956255207,
        0.9990421700780705,
        0.9605277097751674
      ],
      [
        0.0,
        0.0,
        0.0,
        1.0
      ]
    ],
    "location": [
      -6.948760197057709,
      12.31651432484432,
      0.9605277097751674
    ],
    "rotation": [
      -0.04060310417025623,
      -0.016355448231503634,
      1.172653963986615
    ]
  },
  {
    "label_id": "Zl-y3j7oUzSX87ynXxP3zQ",
    "size": [
      1.114609496887688,
      1.2440111412605759,
      2.0199999999999996
    ],
    "obj_class": "pedestrian",
    "point_num_in_lidar": 150,
    "speed": 1.4145779662471945,
    "if_vehicle": false,
    "motion_state": true,
    "pose": [
      [
        0.13522847548948214,
        0.9898479540946942,
        -0.04375256782565634,
        9.012630168209625
      ],
      [
        -0.9907925176316694,
        0.13538733984659393,
        0.0006746957544339002,
        17.849992923531318
      ],
      [
        0.006591389981536058,
        0.0432584787505411,
        0.9990421700780705,
        1.205025343428204
      ],
      [
        0.0,
        0.0,
        0.0,
        1.0
      ]
    ],
    "location": [
      9.012630168209625,
      17.849992923531318,
      1.205025343428204
    ],
    "rotation": [
      0.04327292231803276,
      -0.006591437711187549,
      -1.4351493094068166
    ]
  },
  {
    "label_id": "cTtq-GMvsci0tRg4OYAu-A",
    "size": [
      3.0199428802986974,
      8.05412118617281,
      3.3000000000000007
    ],
    "obj_class": "vehicle",
    "point_num_in_lidar": 341,
    "speed": 5.307956238394056,
    "if_vehicle": true,
    "motion_state": true,
    "pose": [
      [
        0.715310693062021,
        0.6974355347985879,
        -0.04375256782565634,
        15.578127870377784
      ],
      [
        -0.6980827252573321,
        0.7160167969279319,
        0.0006746957544339002,
        -28.19902324964096
      ],
      [
        0.031798130266218486,
        0.030060294697030324,
        0.9990421700780705,
        1.4791390345696485
      ],
      [
        0.0,
        0.0,
        0.0,
        1.0
      ]
    ],
    "location": [
      15.578127870377784,
      -28.19902324964096,
      1.4791390345696485
    ],
    "rotation": [
      0.030080039439144404,
      -0.031803491332566936,
      -0.7732096853348325
    ]
  },
  {
    "label_id": "cg0h8afU5l6J7-8fjr1SZQ",
    "size": [
      0.1922906488207671,
      0.0621777752682898,
      0.18999999999999773
    ],
    "obj_class": "sign",
    "point_num_in_lidar": 59,
    "speed": 0.005309286138957568,
    "if_vehicle": false,
    "motion_state": false,
    "pose": [
      [
        0.9852480073711812,
        -0.1654450869012978,
        -0.04375256782565634,
        -12.359832308500017
      ],
      [
        0.16563277153742492,
        0.9861872691220822,
        0.0006746957544339002,
        25.577569706027134
      ],
      [
        0.04303660028333845,
        -0.00791160171848042,
        0.9990421700780705,
        1.699907603985178
      ],
      [
        0.0,
        0.0,
        0.0,
        1.0
      ]
    ],
    "location": [
      -12.359832308500017,
      25.577569706027134,
      1.699907603985178
    ],
    "rotation": [
      -0.007919021412228297,
      -0.04304989640063545,
      0.1665553659557858
    ]
  },
  {
    "label_id": "d6uA9LEwbNgFClVe3mDiow",
    "size": [
      2.093650229780792,
      4.690981136743863,
      1.6500000000000057
    ],
    "obj_class": "vehicle",
    "point_num_in_lidar": 4920,
    "speed": 3.569057532447983,
    "if_vehicle": true,
    "motion_state": true,
    "pose": [
      [
        0.16856494808881745,
        0.9847190315437574,
        -0.04375256782565634,
        -1.9564265046772107
      ],
      [
        -0.9856576941075885,
        0.1687556068169303,
        0.0006746957544339002,
        31.31489343593421
      ],
      [
        0.008047876883110372,
        0.04301132505950041,
        0.9990421700780705,
        1.0422219666459611
      ],
      [
        0.0,
        0.0,
        0.0,
        1.0
      ]
    ],
    "location": [
      -1.9564265046772107,
      31.31489343593421,
      1.0422219666459611
    ],
    "rotation": [
      0.043025991994918474,
      -0.00804796376022316,
      -1.4014171859349511
    ]
  },
  {
    "label_id": "gSyJHmz9hma10BKIiIIo3A",
    "size": [
      0.2839665992812648,
      0.08844951503223594,
      0.41999999999999815
    ],
    "obj_class": "sign",
    "point_num_in_lidar": 33,
    "speed": 0.002109898142330533,
    "if_vehicle": false,
    "motion_state": false,
    "pose": [
      [
        -0.12473513020278632,
        -0.9912249291164722,
        -0.04375256782565634,
        9.054857165232079
      ],
      [
        0.992171122551418,
        -0.12488397959985914,
        0.0006746957544339002,
        11.894203699672289
      ],
      [
        -0.006132770039144648,
        -0.04332587607131193,
        0.9990421700780705,
        2.5985031961337874
      ],
      [
        0.0,
        0.0,
        0.0,
        1.0
      ]
    ],
    "location": [
      9.054857165232079,
      11.894203699672289,
      2.5985031961337874
    ],
    "rotation": [
      -0.04334025781270063,
      0.006132808482929738,
      1.6958595630162656
    ]
  },
  {
    "label_id": "hiebKsby5uy1leYvMiBsGg",
    "size": [
      0.9772276589110627,
      1.2902794644725941,
      1.9900000000000055
    ],
    "obj_class": "pedestrian",
    "point_num_in_lidar": 82,
    "speed": 3.2277168892864676,
    "if_vehicle": false,
    "motion_state": true,
    "pose": [
      [
        0.13265303702030948,
        0.9901963868738108,
        -0.04375256782565634,
        -7.043060641348347
      ],
      [
        -0.9911413604829447,
        0.1328094436614225,
        0.0006746957544339002,
        -1.2991920071035565
      ],
      [
        0.00647883548996362,
        0.04327547915845297,
        0.9990421700780705,
        1.0877254588017315
      ],
      [
        0.0,
        0.0,
        0.0,
        1.0
      ]
    ],
    "location": [
      -7.043060641348347,
      -1.2991920071035565,
      1.0877254588017315
    ],
    "rotation": [
      0.04328990716788371,
      -0.0064788808160070556,
      -1.437748321990606
    ]
  },
  {
    "label_id": "lznON-h0EPw_nGsACmmUWg",
    "size": [
      0.7580006794893962,
      0.8024282435494285,
      1.6624271538721658
    ],
    "obj_class": "pedestrian",
    "point_num_in_lidar": 24,
    "speed": 0.49599590694027185,
    "if_vehicle": false,
    "motion_state": false,
    "pose": [
      [
        0.11978695362697415,
        0.9918350662027585,
        -0.04375256782565634,
        13.439861056977861
      ],
      [
        -0.9927819906757209,
        0.11993107927302116,
        0.0006746957544339002,
        -7.036051953948117
      ],
      [
        0.005916479588562693,
        0.04335594163408091,
        0.9990421700780705,
        0.8433306891434071
      ],
      [
        0.0,
        0.0,
        0.0,
        1.0
      ]
    ],
    "location": [
      13.439861056977861,
      -7.036051953948117,
      0.8433306891434071
    ],
    "rotation": [
      0.04337029566838695,
      -0.005916514106568897,
      -1.4507189268771172
    ]
  },
  {
    "label_id": "t0ccuriz40o-ctRGwvPO6w",
    "size": [
      0.47809002901644104,
      0.07158715838705526,
      0.4499999999999993
    ],
    "obj_class": "sign",
    "point_num_in_lidar": 50,
    "speed": 0.015682645665465705,
    "if_vehicle": false,
    "motion_state": false,
    "pose": [
      [
        -0.10902546861482477,
        -0.9930756063875394,
        -0.04375256782565634,
        9.085442843836972
      ],
      [
        0.9940240379446768,
        -0.10915931830951926,
        0.0006746957544339002,
        15.599397184205372
      ],
      [
        -0.005446024373601197,
        -0.04341754511970767,
        0.9990421700780705,
        3.436100650610868
      ],
      [
        0.0,
        0.0,
        0.0,
        1.0
      ]
    ],
    "location": [
      9.085442843836972,
      15.599397184205372,
      3.436100650610868
    ],
    "rotation": [
      -0.043431842138308724,
      0.005446051294731376,
      1.6800405750007996
    ]
  },
  {
    "label_id": "t6DnS0RS2qwEJ9YZjBU_Hw",
    "size": [
      0.791584723245285,
      0.07201363665077959,
      0.8200000000000003
    ],
    "obj_class": "sign",
    "point_num_in_lidar": 37,
    "speed": 0.008952499233641336,
    "if_vehicle": false,
    "motion_state": false,
    "pose": [
      [
        -0.1960935047552933,
        -0.9796086209305463,
        -0.04375256782565634,
        12.794381786927033
      ],
      [
        0.9805415720376718,
        -0.196310392724202,
        0.0006746957544339002,
        -11.548970014222505
      ],
      [
        -0.009250021550095569,
        -0.042768908181323465,
        0.9990421700780705,
        4.4042279079252715
      ],
      [
        0.0,
        0.0,
        0.0,
        1.0
      ]
    ],
    "location": [
      12.794381786927033,
      -11.548970014222505,
      4.4042279079252715
    ],
    "rotation": [
      -0.04278378910317186,
      0.009250153464950898,
      1.768177363964661
    ]
  },
  {
    "label_id": "tFlmliGB17ftCtEQhPYBeA",
    "size": [
      2.223148486985493,
      4.761291906445937,
      1.7500000000000036
    ],
    "obj_class": "vehicle",
    "point_num_in_lidar": 133,
    "speed": 1.3518968324433206e-27,
    "if_vehicle": true,
    "motion_state": false,
    "pose": [
      [
        0.14212495806649306,
        0.9888812917146621,
        -0.04375256782565634,
        10.096989451479203
      ],
      [
        -0.9898247249347237,
        0.1422904026754346,
        0.0006746957544339002,
        -4.436113977655623
      ],
      [
        0.006892764503155898,
        0.04321148230741157,
        0.9990421700780705,
        0.7071545569650475
      ],
      [
        0.0,
        0.0,
        0.0,
        1.0
      ]
    ],
    "location": [
      10.096989451479203,
      -4.436113977655623,
      0.7071545569650475
    ],
    "rotation": [
      0.043225968754116495,
      -0.006892819083762367,
      -1.4281850799270595
    ]
  },
  {
    "label_id": "tJ6eBPVLTAZBYef0et6UBw",
    "size": [
      0.9999999999988213,
      1.0,
      1.5899999999999999
    ],
    "obj_class": "pedestrian",
    "point_num_in_lidar": 23,
    "speed": 0.9489664185983856,
    "if_vehicle": false,
    "motion_state": false,
    "pose": [
      [
        0.25911228605924025,
        0.9648557073582639,
        -0.04375256782565634,
        12.48476670511559
      ],
      [
        -0.965772657008836,
        0.2593891280677203,
        0.0006746957544339002,
        -5.970070262703302
      ],
      [
        0.01199992446841673,
        0.04208021172061761,
        0.9990421700780705,
        0.8004416644805623
      ],
      [
        0.0,
        0.0,
        0.0,
        1.0
      ]
    ],
    "location": [
      12.48476670511559,
      -5.970070262703302,
      0.8004416644805623
    ],
    "rotation": [
      0.04209567325964134,
      -0.012000212481641901,
      -1.308674023599413
    ]
  },
  {
    "label_id": "vmn__6KAMDH9asbD_5T3qA",
    "size": [
      0.24908351304935245,
      0.041174764240526046,
      0.3999999999999986
    ],
    "obj_class": "sign",
    "point_num_in_lidar": 28,
    "speed": 3.901909437909321e-28,
    "if_vehicle": false,
    "motion_state": false,
    "pose": [
      [
        0.2963126936643572,
        -0.9540883084819948,
        -0.04375256782565634,
        -6.810151917468829
      ],
      [
        0.9550113672332997,
        0.29656842927193455,
        0.0006746957544339002,
        17.004352015315817
      ],
      [
        0.012331910985580858,
        -0.04198412053554796,
        0.9990421700780705,
        2.6966007629465842
      ],
      [
        0.0,
        0.0,
        0.0,
        1.0
      ]
    ],
    "location": [
      -6.810151917468829,
      17.004352015315817,
      2.6966007629465842
    ],
    "rotation": [
      -0.04199965989989562,
      -0.012332223571647444,
      1.2699430899705308
    ]
  },
  {
    "label_id": "wXp6vXhTV8f1jleasmAGTw",
    "size": [
      2.2894503964116315,
      4.793928541223385,
      1.870000000000001
    ],
    "obj_class": "vehicle",
    "point_num_in_lidar": 75,
    "speed": 5.878137757479113,
    "if_vehicle": true,
    "motion_state": true,
    "pose": [
      [
        0.16908518011037105,
        0.9846298363728903,
        -0.04375256782565634,
        4.52771753901925
      ],
      [
        -0.9855683980751955,
        0.16927633473445783,
        0.0006746957544339002,
        12.344647454949154
      ],
      [
        0.008070599887037606,
        0.0430070671304503,
        0.9990421700780705,
        0.7267991396749558
      ],
      [
        0.0,
        0.0,
        0.0,
        1.0
      ]
    ],
    "location": [
      4.52771753901925,
      12.344647454949154,
      0.7267991396749558
    ],
    "rotation": [
      0.043021737867928476,
      -0.008070687502131422,
      -1.4008893287495183
    ]
  },
  {
    "label_id": "xfS8VoC0AfB3m7ZdKCuApA",
    "size": [
      2.3173146497141572,
      5.728274035621146,
      2.450000000000003
    ],
    "obj_class": "vehicle",
    "point_num_in_lidar": 2143,
    "speed": 4.121341074590827,
    "if_vehicle": true,
    "motion_state": true,
    "pose": [
      [
        0.15900237808324205,
        0.9863082462255575,
        -0.04375256782565634,
        -1.596836440133984
      ],
      [
        -0.9872487145459882,
        0.15918392008281793,
        0.0006746957544339002,
        12.526099538868948
      ],
      [
        0.00763016324646888,
        0.043087388114527725,
        0.9990421700780705,
        1.3251860227706267
      ],
      [
        0.0,
        0.0,
        0.0,
        1.0
      ]
    ],
    "location": [
      -1.596836440133984,
      12.526099538868948,
      1.3251860227706267
    ],
    "rotation": [
      0.04310198686776711,
      -0.0076302372856517486,
      -1.4111115448944562
    ]
  }
]