[
  {
    "label_id": "-u6v7A9TrXDu-9EE_fzpuA",
    "size": [
      2.03994750973952,
      4.415591832276201,
      1.7400000000000055
    ],
    "obj_class": "vehicle",
    "point_num_in_lidar": 4397,
    "speed": 0.06868610059262603,
    "if_vehicle": true,
    "motion_state": false,
    "pose": [
      [
        0.31785008026190115,
        0.947825055623375,
        -0.02447428058286572,
        6.280727854424185
      ],
      [
        -0.9481349045356204,
        0.31764969118580116,
        -0.01178458700146329,
        -16.40607844175429
      ],
      [
        -0.003395479161018503,
        0.026950651608281844,
        0.9996309984685129,
        0.8265725222347307
      ],
      [
        0.0,
        0.0,
        0.0,
        1.0
      ]
    ],
    "location": [
      6.280727854424185,
      -16.40607844175429,
      0.8265725222347307
    ],
    "rotation": [
      0.026954070639063996,
      0.0033954856856233005,
      -1.2473332820047327
    ]
  },
  {
    "label_id": "0W_ICpRE-uhjmG5ZAXO0qA",
    "size": [
      0.8560961486115197,
      0.7477227720306335,
      1.9060699903247986
    ],
    "obj_class": "pedestrian",
    "point_num_in_lidar": 113,
    "speed": 0.0020684853344530405,
    "if_vehicle": false,
    "motion_state": false,
    "pose": [
      [
        -0.9920734419717411,
        0.12325297288217191,
        -0.02447428058286572,
        21.08725569375042
      ],
      [
        -0.12299503207451667,
        -0.9923373144219628,
        -0.01178458700146329,
        -22.318891565981176
      ],
      [
        -0.025739227248129513,
        -0.00868096086346684,
        0.9996309984685129,
        0.6639469675210137
      ],
      [
        0.0,
        0.0,
        0.0,
        1.0
      ]
    ],
    "location": [
      21.08725569375042,
      -22.318891565981176,
      0.6639469675210137
    ],
    "rotation": [
      -0.00868394703899799,
      0.025742070168986116,
      -3.01824430951988
    ]
  },
  {
    "label_id": "0s0MLJ4EvKMJbQzmaFGapQ",
    "size": [
      1.0271755662494193,
      1.1252974528226218,
      1.6799999999999997
    ],
    "obj_class": "pedestrian",
    "point_num_in_lidar": 70,
    "speed": 0.2814180539065496,
    "if_vehicle": false,
    "motion_state": false,
    "pose": [
      [
        -0.9321261437513856,
        0.3613057731688247,
        -0.02447428058286572,
        0.8199378123624683
      ],
      [
        -0.3611199149916701,
        -0.9324449208964645,
        -0.01178458700146329,
        -46.641891396448045
      ],
      [
        -0.02707875794012708,
        -0.002146571513809931,
        0.9996309984685129,
        0.8755599671462768
      ],
      [
        0.0,
        0.0,
        0.0,
        1.0
      ]
    ],
    "location": [
      0.8199378123624683,
      -46.641891396448045,
      0.8755599671462768
    ],
    "rotation": [
      -0.002147360593763545,
      0.02708206832364805,
      -2.771982022708869
    ]
  },
  {
    "label_id": "2hG8b9thgwMFUB5DUm0BBA",
    "size": [
      2.009110343804713,
      4.430774636678162,
      1.4100000000000001
    ],
    "obj_class": "vehicle",
    "point_num_in_lidar": 20,
    "speed": 1.4228607195221901e-12,
    "if_vehicle": true,
    "motion_state": false,
    "pose": [
      [
        0.6856859428243641,
        -0.7274859430965066,
        -0.02447428058286572,
        12.116101720405368
      ],
      [
        0.7274554734697265,
        0.6860536842173072,
        -0.01178458700146329,
        -65.62938108120761
      ],
      [
        0.02536379175120549,
        -0.009723423720345415,
        0.9996309984685129,
        0.4933694238172244
      ],
      [
        0.0,
        0.0,
        0.0,
        1.0
      ]
    ],
    "location": [
      12.116101720405368,
      -65.62938108120761,
      0.4933694238172244
    ],
    "rotation": [
      -0.009726706247382843,
      -0.025366512052711124,
      0.8149474868126497
    ]
  },
  {
    "label_id": "3UOARbDkuMcY1CDZ705q0w",
    "size": [
      0.7092548309718903,
      0.7043774177189961,
      1.867408505954046
    ],
    "obj_class": "pedestrian",
    "point_num_in_lidar": 29,
    "speed": 1.077094622336689,
    "if_vehicle": false,
    "motion_state": true,
    "pose": [
      [
        -0.8185256800063836,
        0.5739483607085557,
        -0.02447428058286572,
        39.7893575429232
      ],
      [
        -0.5738442214754714,
        -0.8188796816311997,
        -0.01178458700146329,
        -39.53527257837595
      ],
      [
        -0.026805235482966944,
        0.0043984373982796955,
        0.9996309984685129,
        0.6832459268507556
      ],
      [
        0.0,
        0.0,
        0.0,
        1.0
      ]
    ],
    "location": [
      39.7893575429232,
      -39.53527257837595,
      0.6832459268507556
    ],
    "rotation": [
      0.004400032632019168,
      0.026808446540520985,
      -2.530148582845351
    ]
  },
  {
    "label_id": "5plMF05KDpyMprvl5e_ipg",
    "size": [
      0.922183667399739,
      0.9039507390933251,
      1.860000000000003
    ],
    "obj_class": "pedestrian",
    "point_num_in_lidar": 86,
    "speed": 0.015675828697625127,
    "if_vehicle": false,
    "motion_state": false,
    "pose": [
      [
        -0.7624032728477296,
        0.6466392032200193,
        -0.02447428058286572,
        22.525923312280383
      ],
      [
        -0.6465679885785606,
        -0.7627653372136671,
        -0.01178458700146329,
        -23.633270104020994
      ],
      [
        -0.026288508830754696,
        0.006839678669296383,
        0.9996309984685129,
        0.8847018103033868
      ],
      [
        0.0,
        0.0,
        0.0,
        1.0
      ]
    ],
    "location": [
      22.525923312280383,
      -23.633270104020994,
      0.8847018103033868
    ],
    "rotation": [
      0.006842096681557285,
      0.02629153770820159,
      -2.4382226811060703
    ]
  },
  {
    "label_id": "6nFW7Fnejgm08SNoDjHi2w",
    "size": [
      0.7576715269810339,
      0.7637234397275995,
      1.8900000000000041
    ],
    "obj_class": "pedestrian",
    "point_num_in_lidar": 142,
    "speed": 0.0021243309943850546,
    "if_vehicle": false,
    "motion_state": false,
    "pose": [
      [
        -0.6311452636358185,
        0.7752784440315776,
        -0.02447428058286572,
        18.80683330860552
      ],
      [
        -0.7752747127484063,
        -0.6315142463017606,
        -0.01178458700146329,
        -19.932605602076364
      ],
      [
        -0.024592193130115476,
        0.011536504578727331,
        0.9996309984685129,
        0.7541165992965908
      ],
      [
        0.0,
        0.0,
        0.0,
        1.0
      ]
    ],
    "location": [
      18.80683330860552,
      -19.932605602076364,
      0.7541165992965908
    ],
    "rotation": [
      0.011540250810551359,
      0.024594672599507216,
      -2.2540713306170725
    ]
  },
  {
    "label_id": "7qaAcL3WFHPDh_NixTan-A",
    "size": [
      2.0450077495463854,
      4.144237317604301,
      1.6999999999999993
    ],
    "obj_class": "vehicle",
    "point_num_in_lidar": 67,
    "speed": 1.8558738031187552,
    "if_vehicle": true,
    "motion_state": true,
    "pose": [
      [
        0.7074174176701244,
        0.7063721446708411,
        -0.02447428058286572,
        36.13522655387919
      ],
      [
        -0.7067388548926556,
        0.7073763598638441,
        -0.01178458700146329,
        -52.5460352562277
      ],
      [
        0.008988223514710172,
        0.02563354713834015,
        0.9996309984685129,
        0.5805786838958511
      ],
      [
        0.0,
        0.0,
        0.0,
        1.0
      ]
    ],
    "location": [
      36.13522655387919,
      -52.5460352562277,
      0.5805786838958511
    ],
    "rotation": [
      0.025637391025228294,
      -0.008988344542786318,
      -0.7849183276547117
    ]
  },
  {
    "label_id": "98eaCxEDxm2x1CEezRDTiQ",
    "size": [
      0.25460442254880594,
      0.04920328620637804,
      0.41999999999999815
    ],
    "obj_class": "sign",
    "point_num_in_lidar": 23,
    "speed": 0.0006694160717458827,
    "if_vehicle": false,
    "motion_state": false,
    "pose": [
      [
        -0.13921959243812426,
        -0.9899590469667487,
        -0.02447428058286572,
        11.748427419488735
      ],
      [
        0.9902270406792885,
        -0.1389659361740993,
        -0.01178458700146329,
        -6.167609678799636
      ],
      [
        0.008265167203479822,
        -0.025875739833721028,
        0.9996309984685129,
        2.5119337115361695
      ],
      [
        0.0,
        0.0,
        0.0,
        1.0
      ]
    ],
    "location": [
      11.748427419488735,
      -6.167609678799636,
      2.5119337115361695
    ],
    "rotation": [
      -0.025879512403791927,
      -0.008265261309418653,
      1.7104744177509665
    ]
  },
  {
    "label_id": "ABRBhQePUHY_I0XPW1ez4A",
    "size": [
      2.130694497476106,
      4.5215893642290155,
      1.8999999999999986
    ],
    "obj_class": "vehicle",
    "point_num_in_lidar": 338,
    "speed": 4.260928935904897,
    "if_vehicle": true,
    "motion_state": true,
    "pose": [
      [
        0.7182819751482235,
        0.6953215182684324,
        -0.02447428058286572,
        16.544277455416022
      ],
      [
        -0.6956888208718454,
        0.7182466066910072,
        -0.01178458700146329,
        -34.086799231621626
      ],
      [
        0.009384492053823018,
        0.025491139828097687,
        0.9996309984685129,
        0.7383045361137306
      ],
      [
        0.0,
        0.0,
        0.0,
        1.0
      ]
    ],
    "location": [
      16.544277455416022,
      -34.086799231621626,
      0.7383045361137306
    ],
    "rotation": [
      0.025495024243216185,
      -0.009384629805937647,
      -0.7694210075329526
    ]
  },
  {
    "label_id": "BJzgD4pDd9zzx_tJ81Wh9w",
    "size": [
      2.0576826721181756,
      4.348731250934897,
      1.5799999999999983
    ],
    "obj_class": "vehicle",
    "point_num_in_lidar": 198,
    "speed": 1.7053025658242404e-12,
    "if_vehicle": true,
    "motion_state": false,
    "pose": [
      [
        0.586513022783381,
        0.8095699374948726,
        -0.02447428058286572,
        9.23629842936225
      ],
      [
        -0.809925504226896,
        0.5864143595718074,
        -0.01178458700146329,
        -21.358248356105832
      ],
      [
        0.004811622211804394,
        0.02673415778615003,
        0.9996309984685129,
        0.6775634715894014
      ],
      [
        0.0,
        0.0,
        0.0,
        1.0
      ]
    ],
    "location": [
      9.23629842936225,
      -21.358248356105832,
      0.6775634715894014
    ],
    "rotation": [
      0.026737652949001548,
      -0.004811640778210149,
      -0.9440410787962454
    ]
  },
  {
    "label_id": "BMprUx_wfiGkn4Jsd9YGfw",
    "size": [
      0.9165089260500532,
      0.14690670426762598,
      1.129999999999999
    ],
    "obj_class": "sign",
    "point_num_in_lidar": 105,
    "speed": 8.881784197001252e-13,
    "if_vehicle": false,
    "motion_state": false,
    "pose": [
      [
        -0.70341542792054,
        -0.7103574771573214,
        -0.02447428058286572,
        25.458941641197725
      ],
      [
        0.7107239495678012,
        -0.7033722990137943,
        -0.01178458700146329,
        -24.83657221876456
      ],
      [
        -0.008843261508578499,
        -0.025683917667186005,
        0.9996309984685129,
        3.3772245104993672
      ],
      [
        0.0,
        0.0,
        0.0,
        1.0
      ]
    ],
    "location": [
      25.458941641197725,
      -24.83657221876456,
      3.3772245104993672
    ],
    "rotation": [
      -0.0256877469703752,
      0.008843376774635555,
      2.351026359883318
    ]
  },
  {
    "label_id": "BrpalxtMlwqR7rQyfylZ8g",
    "size": [
      2.338097194635429,
      6.178880489167328,
      2.219999999999999
    ],
    "obj_class": "vehicle",
    "point_num_in_lidar": 993,
    "speed": 1.2176264335223212,
    "if_vehicle": true,
    "motion_state": true,
    "pose": [
      [
        0.9797736096447903,
        -0.19860685646162624,
        -0.02447428058286572,
        -20.55675225407981
      ],
      [
        0.19836980623129863,
        0.9800563981143952,
        -0.01178458700146329,
        -28.974353687355688
      ],
      [
        0.026326675053543625,
        0.006691269047723259,
        0.9996309984685129,
        1.2423176039081198
      ],
      [
        0.0,
        0.0,
        0.0,
        1.0
      ]
    ],
    "location": [
      -20.55675225407981,
      -28.974353687355688,
      1.2423176039081198
    ],
    "rotation": [
      0.006693639076829062,
      -0.02632971714507123,
      0.19976456817686014
    ]
  },
  {
    "label_id": "DnkDdpFLPhtXJp7Xu6Nxjw",
    "size": [
      0.9205373522613217,
      1.0187786598589441,
      1.9588175399497842
    ],
    "obj_class": "pedestrian",
    "point_num_in_lidar": 39,
    "speed": 1.523445320324643,
    "if_vehicle": false,
    "motion_state": true,
    "pose": [
      [
        -0.9787245750500871,
        0.20371356308056018,
        -0.02447428058286572,
        -28.538575569757768
      ],
      [
        -0.20347799078304035,
        -0.9790085958642558,
        -0.01178458700146329,
        -39.040311683089385
      ],
      [
        -0.026361211275720133,
        -0.006553887466286047,
        0.9996309984685129,
        1.5253865562974553
      ],
      [
        0.0,
        0.0,
        0.0,
        1.0
      ]
    ],
    "location": [
      -28.538575569757768,
      -39.040311683089385,
      1.5253865562974553
    ],
    "rotation": [
      -0.006556212814647332,
      0.02636426535761763,
      -2.9366114802202334
    ]
  },
  {
    "label_id": "ERcztt6ItC06k_ercBFdsg",
    "size": [
      0.9210467867710027,
      1.027108511389792,
      1.9000000000000057
    ],
    "obj_class": "pedestrian",
    "point_num_in_lidar": 332,
    "speed": 1.1475209735532281,
    "if_vehicle": false,
    "motion_state": true,
    "pose": [
      [
        0.5040026262792698,
        0.8633552931983157,
        -0.02447428058286572,
        -6.505577567685805
      ],
      [
        -0.8636994255250007,
        0.5038694531890068,
        -0.01178458700146329,
        -23.670498917184887
      ],
      [
        0.0021575568086134745,
        0.027077884877912847,
        0.9996309984685129,
        0.9151132842300989
      ],
      [
        0.0,
        0.0,
        0.0,
        1.0
      ]
    ],
    "location": [
      -6.505577567685805,
      -23.670498917184887,
      0.9151132842300989
    ],
    "rotation": [
      0.027081257988988337,
      -0.0021575584825399485,
      -1.0425681587165592
    ]
  },
  {
    "label_id": "EUjlvkwSB2q67LcxAKGoDA",
    "size": [
      0.9651760985936121,
      1.0981614056106253,
      1.8000000000000007
    ],
    "obj_class": "pedestrian",
    "point_num_in_lidar": 78,
    "speed": 1.1638206805295095,
    "if_vehicle": false,
    "motion_state": true,
    "pose": [
      [
        -0.9300283875538242,
        -0.36667179866194344,
        -0.02447428058286572,
        21.360621792911388
      ],
      [
        0.3670245785356063,
        -0.9301365933345304,
        -0.01178458700146329,
        -15.545130682790841
      ],
      [
        -0.01844334825334546,
        -0.01994266296284713,
        0.9996309984685129,
        0.7358740079864994
      ],
      [
        0.0,
        0.0,
        0.0,
        1.0
      ]
    ],
    "location": [
      21.360621792911388,
      -15.545130682790841,
      0.7358740079864994
    ],
    "rotation": [
      -0.019947378457927403,
      0.018444394019389528,
      2.7657171864417562
    ]
  },
  {
    "label_id": "EynIiRmnuBbFsLCDQ1XKbQ",
    "size": [
      0.5413567342716068,
      0.13723403558369326,
      0.5999999999999979
    ],
    "obj_class": "sign",
    "point_num_in_lidar": 24,
    "speed": 0.009883298959915347,
    "if_vehicle": false,
    "motion_state": false,
    "pose": [
      [
        0.6254625745337636,
        -0.7798702311587146,
        -0.02447428058286572,
        2.3251894966795135
      ],
      [
        0.7798691965479457,
        0.6258315746148211,
        -0.01178458700146329,
        -43.2551562189019
      ],
      [
        0.024507226143680956,
        -0.01171591940849612,
        0.9996309984685129,
        2.831140727687025
      ],
      [
        0.0,
        0.0,
        0.0,
        1.0
      ]
    ],
    "location": [
      2.3251894966795135,
      -43.2551562189019,
      2.831140727687025
    ],
    "rotation": [
      -0.011719707593753528,
      -0.024509679997165797,
      0.8948312254893688
    ]
  },
  {
    "label_id": "GJEO8qd3JaW07GphAWS-nA",
    "size": [
      0.829606198804653,
      0.1290419424672085,
      0.7899999999999991
    ],
    "obj_class": "sign",
    "point_num_in_lidar": 22,
    "speed": 1.4426817432597938e-12,
    "if_vehicle": false,
    "motion_state": false,
    "pose": [
      [
        -0.6879305949368132,
        -0.7253637061087583,
        -0.02447428058286572,
        31.035472135703685
      ],
      [
        0.7257291630522342,
        -0.6878795718762903,
        -0.01178458700146329,
        -60.166687087936225
      ],
      [
        -0.008287245946979362,
        -0.025868677110709965,
        0.9996309984685129,
        3.8786783349605862
      ],
      [
        0.0,
        0.0,
        0.0,
        1.0
      ]
    ],
    "location": [
      31.035472135703685,
      -60.166687087936225,
      3.8786783349605862
    ],
    "rotation": [
      -0.02587245180331552,
      0.008287340809105828,
      2.3294627649371824
    ]
  },
  {
    "label_id": "KX-4SfeSeDvbwnkBCjdU4g",
    "size": [
      0.8422860400556402,
      0.8451582887489959,
      1.7199999999999989
    ],
    "obj_class": "pedestrian",
    "point_num_in_lidar": 116,
    "speed": 0.0,
    "if_vehicle": false,
    "motion_state": false,
    "pose": [
      [
        -0.5124574550552494,
        0.8583637727375544,
        -0.02447428058286572,
        21.74109081043798
      ],
      [
        -0.8584134139789308,
        -0.5128231022587044,
        -0.01178458700146329,
        -18.834928855960243
      ],
      [
        -0.022666439052785148,
        0.014969951286168967,
        0.9996309984685129,
        0.6654090060640669
      ],
      [
        0.0,
        0.0,
        0.0,
        1.0
      ]
    ],
    "location": [
      21.74109081043798,
      -18.834928855960243,
      0.6654090060640669
    ],
    "rotation": [
      0.014974357919427096,
      0.022668380381445533,
      -2.108993838915922
    ]
  },
  {
    "label_id": "L6FARVJJcyZSmCMc6NE_Mw",
    "size": [
      2.051799652171492,
      4.481819076765856,
      1.8000000000000043
    ],
    "obj_class": "vehicle",
    "point_num_in_lidar": 1028,
    "speed": 6.393153784963432,
    "if_vehicle": true,
    "motion_state": true,
    "pose": [
      [
        0.22914037474047286,
        0.9730856582304287,
        -0.02447428058286572,
        8.204510479041119
      ],
      [
        -0.9733757193574674,
        0.22891228117892212,
        -0.01178458700146329,
        -8.780798849293205
      ],
      [
        -0.0058649492008558705,
        0.02652299514978042,
        0.9996309984685129,
        0.9489861755935607
      ],
      [
        0.0,
        0.0,
        0.0,
        1.0
      ]
    ],
    "location": [
      8.204510479041119,
      -8.780798849293205,
      0.9489861755935607
    ],
    "rotation": [
      0.026526562156329557,
      0.005864982824767581,
      -1.3395978092393703
    ]
  },
  {
    "label_id": "LEDQQXEw_Ihy4SUDGjGeJA",
    "size": [
      0.8499373098872972,
      0.9264115891780135,
      1.9299999999999997
    ],
    "obj_class": "pedestrian",
    "point_num_in_lidar": 96,
    "speed": 0.07765811647941281,
    "if_vehicle": false,
    "motion_state": false,
    "pose": [
      [
        -0.4817602986369628,
        0.8759612001950631,
        -0.02447428058286572,
        22.324972889684886
      ],
      [
        -0.8760237500331949,
        -0.4821239600839015,
        -0.01178458700146329,
        -19.767558435918545
      ],
      [
        -0.02212247804842068,
        0.01576270490242841,
        0.9996309984685129,
        0.8066865906275353
      ],
      [
        0.0,
        0.0,
        0.0,
        1.0
      ]
    ],
    "location": [
      22.324972889684886,
      -19.767558435918545,
      0.8066865906275353
    ],
    "rotation": [
      0.015767216778176805,
      0.022124282917608755,
      -2.0735932938531945
    ]
  },
  {
    "label_id": "MMRb3jHqGvp6u3_L3aIsDw",
    "size": [
      2.187111608221479,
      5.576670239505544,
      2.0900000000000034
    ],
    "obj_class": "vehicle",
    "point_num_in_lidar": 10986,
    "speed": 0.5458641317097371,
    "if_vehicle": true,
    "motion_state": false,
    "pose": [
      [
        0.13803591774913318,
        0.9901247875904862,
        -0.02447428058286572,
        4.547379678680954
      ],
      [
        -0.9903924778451456,
        0.13778194125848844,
        -0.01178458700146329,
        -8.549136330535475
      ],
      [
        -0.00829609781205328,
        0.025865839671983207,
        0.9996309984685129,
        1.0047202291054802
      ],
      [
        0.0,
        0.0,
        0.0,
        1.0
      ]
    ],
    "location": [
      4.547379678680954,
      -8.549136330535475,
      1.0047202291054802
    ],
    "rotation": [
      0.02586961521658743,
      0.008296192978486395,
      -1.4323134568578377
    ]
  },
  {
    "label_id": "N1G3ObOTcL37PoStSOPQxg",
    "size": [
      0.8769430839473119,
      0.7703446808274568,
      2.033662047750184
    ],
    "obj_class": "pedestrian",
    "point_num_in_lidar": 31,
    "speed": 1.7763568394002505e-13,
    "if_vehicle": false,
    "motion_state": false,
    "pose": [
      [
        -0.8289285841046169,
        0.5588187649357043,
        -0.02447428058286572,
        43.26066562699907
      ],
      [
        -0.558708141781847,
        -0.8292806134330407,
        -0.01178458700146329,
        -42.648351026200544
      ],
      [
        -0.026881494768526314,
        0.003905398808519805,
        0.9996309984685129,
        0.713973756250109
      ],
      [
        0.0,
        0.0,
        0.0,
        1.0
      ]
    ],
    "location": [
      43.26066562699907,
      -42.648351026200544,
      0.713973756250109
    ],
    "rotation": [
      0.003906820561581302,
      0.026884733315889708,
      -2.5485217712550994
    ]
  },
  {
    "label_id": "O59JY3j7LGqToSBNDEeqYg",
    "size": [
      2.172749591672931,
      4.601014708920024,
      1.5799999999999983
    ],
    "obj_class": "vehicle",
    "point_num_in_lidar": 320,
    "speed": 5.335540375788348,
    "if_vehicle": true,
    "motion_state": true,
    "pose": [
      [
        -0.6564489668481602,
        0.7539733175079434,
        -0.02447428058286572,
        7.935475725841343
      ],
      [
        -0.753957380895655,
        -0.6568176240800554,
        -0.01178458700146329,
        -48.990558215871715
      ],
      [
        -0.02496040298046076,
        0.010716584525719988,
        0.9996309984685129,
        0.6243135782308187
      ],
      [
        0.0,
        0.0,
        0.0,
        1.0
      ]
    ],
    "location": [
      7.935475725841343,
      -48.990558215871715,
      0.6243135782308187
    ],
    "rotation": [
      0.010720129746016055,
      0.024962995519556986,
      -2.2871693427069633
    ]
  },
  {
    "label_id": "OGAaBVDVAhjJMcaKvP7EOw",
    "size": [
      1.8657107994764879,
      4.3588581548173195,
      1.8999999999999986
    ],
    "obj_class": "vehicle",
    "point_num_in_lidar": 476,
    "speed": 1.4210854715202004e-12,
    "if_vehicle": true,
    "motion_state": false,
    "pose": [
      [
        -0.9852970509569339,
        0.16908793855719081,
        -0.02447428058286572,
        -14.718374578382054
      ],
      [
        -0.16884250121322225,
        -0.9855725915899184,
        -0.01178458700146329,
        -21.546047176554566
      ],
      [
        -0.02611381166417908,
        -0.0074790200702819516,
        0.9996309984685129,
        0.9295871176626633
      ],
      [
        0.0,
        0.0,
        0.0,
        1.0
      ]
    ],
    "location": [
      -14.718374578382054,
      -21.546047176554566,
      0.9295871176626633
    ],
    "rotation": [
      -0.007481641260904843,
      0.026116780545638856,
      -2.971879023659712
    ]
  },
  {
    "label_id": "OLbKrwdNgogwuqHpnALO5Q",
    "size": [
      0.8445474455692382,
      0.8392516669915127,
      1.6200000000000045
    ],
    "obj_class": "pedestrian",
    "point_num_in_lidar": 60,
    "speed": 0.10265969181183195,
    "if_vehicle": false,
    "motion_state": false,
    "pose": [
      [
        -0.8925935826240917,
        0.45019740764273597,
        -0.02447428058286572,
        19.681822301958846
      ],
      [
        -0.45004341459297914,
        -0.8929289156986109,
        -0.01178458700146329,
        -19.009603254115063
      ],
      [
        -0.02715918334156091,
        0.0004956420718381141,
        0.9996309984685129,
        0.6227028105790282
      ],
      [
        0.0,
        0.0,
        0.0,
        1.0
      ]
    ],
    "location": [
      19.681822301958846,
      -19.009603254115063,
      0.6227028105790282
    ],
    "rotation": [
      0.0004958249914026749,
      0.02716252331539707,
      -2.674592719974461
    ]
  },
  {
    "label_id": "R-25fKgUYgqBqMlM6mbh8A",
    "size": [
      0.8792966680053159,
      0.8397044615812774,
      1.948185417723952
    ],
    "obj_class": "pedestrian",
    "point_num_in_lidar": 26,
    "speed": 0.0033331537365970717,
    "if_vehicle": false,
    "motion_state": false,
    "pose": [
      [
        -0.6844356571735976,
        0.7286623640475036,
        -0.02447428058286572,
        42.21497893381866
      ],
      [
        -0.7286325259692485,
        -0.6848034503482567,
        -0.01178458700146329,
        -44.91465219259226
      ],
      [
        -0.025347056811747513,
        0.009766965333507616,
        0.9996309984685129,
        0.5996151626966295
      ],
      [
        0.0,
        0.0,
        0.0,
        1.0
      ]
    ],
    "location": [
      42.21497893381866,
      -44.91465219259226,
      0.5996151626966295
    ],
    "rotation": [
      0.009770259794107988,
      0.025349771731232037,
      -2.3249274461215346
    ]
  },
  {
    "label_id": "Rqi1rKFoDmNStEQoR06fGg",
    "size": [
      2.116252839310768,
      4.457104393150359,
      1.4400000000000048
    ],
    "obj_class": "vehicle",
    "point_num_in_lidar": 187,
    "speed": 5.624357834637378,
    "if_vehicle": true,
    "motion_state": true,
    "pose": [
      [
        0.6828656042941008,
        0.7301339439185137,
        -0.02447428058286572,
        20.09007596812785
      ],
      [
        -0.7304990369046279,
        0.6828120389906844,
        -0.01178458700146329,
        -27.870616184420214
      ],
      [
        0.008107006442787413,
        0.02592572751882768,
        0.9996309984685129,
        0.48951827920216573
      ],
      [
        0.0,
        0.0,
        0.0,
        1.0
      ]
    ],
    "location": [
      20.09007596812785,
      -27.870616184420214,
      0.48951827920216573
    ],
    "rotation": [
      0.02592948499246356,
      -0.008107095248959162,
      -0.8190875659246466
    ]
  },
  {
    "label_id": "SRw4fz_BRx13yIxaJKROLQ",
    "size": [
      2.3095292348975014,
      4.680840153599171,
      1.7399999999999984
    ],
    "obj_class": "vehicle",
    "point_num_in_lidar": 92,
    "speed": 3.9292966004484735,
    "if_vehicle": true,
    "motion_state": true,
    "pose": [
      [
        0.7915713121817337,
        0.610586494545072,
        -0.02447428058286572,
        21.65761176093497
      ],
      [
        -0.6109554480827636,
        0.791577263422336,
        -0.01178458700146329,
        -39.43024098512615
      ],
      [
        0.012177774381130371,
        0.024281036056276108,
        0.9996309984685129,
        0.5550693549054841
      ],
      [
        0.0,
        0.0,
        0.0,
        1.0
      ]
    ],
    "location": [
      21.65761176093497,
      -39.43024098512615,
      0.5550693549054841
    ],
    "rotation": [
      0.024285223727525108,
      -0.012178075391532702,
      -0.6573241451264201
    ]
  },
  {
    "label_id": "TP8kVNw81YpTmfMxxvCU_g",
    "size": [
      1.0000000000004559,
      1.0,
      1.9199999999999982
    ],
    "obj_class": "pedestrian",
    "point_num_in_lidar": 24,
    "speed": 1.389996696064909,
    "if_vehicle": false,
    "motion_state": true,
    "pose": [
      [
        -0.3395564361370315,
        0.940267215353098,
        -0.02447428058286572,
        46.98350033464135
      ],
      [
        -0.9403856026425292,
        -0.33990593088655,
        -0.01178458700146329,
        -35.773993664324735
      ],
      [
        -0.019399613928249793,
        0.01901372873159687,
        0.9996309984685129,
        0.6725990612280981
      ],
      [
        0.0,
        0.0,
        0.0,
        1.0
      ]
    ],
    "location": [
      46.98350033464135,
      -35.773993664324735,
      0.6725990612280981
    ],
    "rotation": [
      0.01901845408299217,
      0.019400830959055426,
      -1.9173095528243815
    ]
  },
  {
    "label_id": "TcSiRnZrSapo9_Qiz4bzsA",
    "size": [
      0.7859034642580631,
      0.715045946479222,
      1.7800000000000011
    ],
    "obj_class": "pedestrian",
    "point_num_in_lidar": 29,
    "speed": 1.432144669219779e-12,
    "if_vehicle": false,
    "motion_state": false,
    "pose": [
      [
        -0.9413038872023094,
        0.33667194942224227,
        -0.02447428058286572,
        41.829907458420166
      ],
      [
        -0.3364777737192321,
        -0.9416176672631806,
        -0.01178458700146329,
        -43.82207824037141
      ],
      [
        -0.02701295486930124,
        -0.002857826109648718,
        0.9996309984685129,
        0.592812535155776
      ],
      [
        0.0,
        0.0,
        0.0,
        1.0
      ]
    ],
    "location": [
      41.829907458420166,
      -43.82207824037141,
      0.592812535155776
    ],
    "rotation": [
      -0.002858873252433152,
      0.02701624117283822,
      -2.7982881468526055
    ]
  },
  {
    "label_id": "Tk8uWCSNPghhW_MllAuKRQ",
    "size": [
      0.8503706666606876,
      0.7324686268579055,
      1.8900000000000006
    ],
    "obj_class": "pedestrian",
    "point_num_in_lidar": 144,
    "speed": 4.263256414560601e-13,
    "if_vehicle": false,
    "motion_state": false,
    "pose": [
      [
        0.9960522949266725,
        -0.08532781118287219,
        -0.02447428058286572,
        -10.465092211487672
      ],
      [
        0.08505999451632408,
        0.9963061381132245,
        -0.01178458700146329,
        -30.960459229278058
      ],
      [
        0.025389428985143417,
        0.009656282755401011,
        0.9996309984685129,
        1.068855544836076
      ],
      [
        0.0,
        0.0,
        0.0,
        1.0
      ]
    ],
    "location": [
      -10.465092211487672,
      -30.960459229278058,
      1.068855544836076
    ],
    "rotation": [
      0.009659546808674003,
      -0.02539215754547375,
      0.08519042984876884
    ]
  },
  {
    "label_id": "TudpSXYouq_oe3kMbFIu3Q",
    "size": [
      2.025184540248699,
      4.31999934299972,
      1.5999999999999979
    ],
    "obj_class": "vehicle",
    "point_num_in_lidar": 36,
    "speed": 1.1274599078803977,
    "if_vehicle": true,
    "motion_state": true,
    "pose": [
      [
        0.731120649375045,
        0.6818090683229165,
        -0.02447428058286572,
        42.56849277723336
      ],
      [
        -0.6821769664911476,
        0.7310921350268655,
        -0.01178458700146329,
        -58.09169800564814
      ],
      [
        0.009858115760535817,
        0.02531174538619909,
        0.9996309984685129,
        0.4992356152884341
      ],
      [
        0.0,
        0.0,
        0.0,
        1.0
      ]
    ],
    "location": [
      42.56849277723336,
      -58.09169800564814,
      0.4992356152884341
    ],
    "rotation": [
      0.02531567938525872,
      -0.009858275440153373,
      -0.750781158154015
    ]
  },
  {
    "label_id": "UdjYZNG7VuXTcEAMszCFUQ",
    "size": [
      0.9597720429050682,
      0.08222598728067632,
      1.1799999999999997
    ],
    "obj_class": "sign",
    "point_num_in_lidar": 43,
    "speed": 0.001383183304543418,
    "if_vehicle": false,
    "motion_state": false,
    "pose": [
      [
        -0.6784344721914096,
        -0.7342531419968963,
        -0.02447428058286572,
        25.495325902708828
      ],
      [
        0.7346179041306099,
        -0.6783786983978454,
        -0.01178458700146329,
        -57.77294145762244
      ],
      [
        -0.007949960573067901,
        -0.025974314769220793,
        0.9996309984685129,
        3.709292870199153
      ],
      [
        0.0,
        0.0,
        0.0,
        1.0
      ]
    ],
    "location": [
      25.495325902708828,
      -57.77294145762244,
      3.709292870199153
    ],
    "rotation": [
      -0.025978057445218097,
      0.007950044317516253,
      2.3164550902701775
    ]
  },
  {
    "label_id": "UqfT7dp5-bBFopGIlRR1vg",
    "size": [
      0.9959356071573624,
      1.1302182293966205,
      1.8599999999999994
    ],
    "obj_class": "pedestrian",
    "point_num_in_lidar": 59,
    "speed": 0.017456763701473494,
    "if_vehicle": false,
    "motion_state": false,
    "pose": [
      [
        -0.9164571479478274,
        0.3993836571084063,
        -0.02447428058286572,
        1.114366009978994
      ],
      [
        -0.3992110836191039,
        -0.9167833082167595,
        -0.01178458700146329,
        -47.25561348435804
      ],
      [
        -0.027144183373141433,
        -0.00102966492082027,
        0.9996309984685129,
        0.9729137698738803
      ],
      [
        0.0,
        0.0,
        0.0,
        1.0
      ]
    ],
    "location": [
      1.114366009978994,
      -47.25561348435804,
      0.9729137698738803
    ],
    "rotation": [
      -0.0010300446447162404,
      0.0271475178148258,
      -2.7307759229410222
    ]
  },
  {
    "label_id": "UrOGkly-QyOhYtgC2fxXew",
    "size": [
      0.9340873831877275,
      1.129515858979401,
      2.16
    ],
    "obj_class": "pedestrian",
    "point_num_in_lidar": 42,
    "speed": 1.7189413482869356,
    "if_vehicle": false,
    "motion_state": true,
    "pose": [
      [
        -0.3071445534498294,
        0.9513481134033198,
        -0.02447428058286572,
        48.33043604580257
      ],
      [
        -0.9514784045184987,
        -0.3074897872192455,
        -0.01178458700146329,
        -34.664856453711764
      ],
      [
        -0.018736835939848883,
        0.019667177728568044,
        0.9996309984685129,
        0.7244379816630051
      ],
      [
        0.0,
        0.0,
        0.0,
        1.0
      ]
    ],
    "location": [
      48.33043604580257,
      -34.664856453711764,
      0.7244379816630051
    ],
    "rotation": [
      0.01967189966556667,
      0.01873793243352474,
      -1.8830440876516095
    ]
  },
  {
    "label_id": "UrPTO7bI-UlA2evMPT9ruw",
    "size": [
      0.9026372548562412,
      0.12409654716689594,
      0.759999999999998
    ],
    "obj_class": "sign",
    "point_num_in_lidar": 46,
    "speed": 1.7053025658242404e-12,
    "if_vehicle": false,
    "motion_state": false,
    "pose": [
      [
        -0.6959360487345154,
        -0.7176865789895622,
        -0.02447428058286572,
        39.367046792952806
      ],
      [
        0.718052579532083,
        -0.6958890835014776,
        -0.01178458700146329,
        -38.81614112330135
      ],
      [
        -0.008573744754283382,
        -0.025775139218485198,
        0.9996309984685129,
        2.680329904679102
      ],
      [
        0.0,
        0.0,
        0.0,
        1.0
      ]
    ],
    "location": [
      39.367046792952806,
      -38.81614112330135,
      2.680329904679102
    ],
    "rotation": [
      -0.025778941778599292,
      0.008573849799133691,
      2.3405545288590375
    ]
  },
  {
    "label_id": "Vt45fS8g51rI27DFn0ZCGg",
    "size": [
      2.0925707981755615,
      4.518763712196428,
      1.6099999999999994
    ],
    "obj_class": "vehicle",
    "point_num_in_lidar": 143,
    "speed": 2.557747243365882,
    "if_vehicle": true,
    "motion_state": true,
    "pose": [
      [
        0.524035304882564,
        0.8513448236916633,
        -0.02447428058286572,
        8.573584587624737
      ],
      [
        -0.8516919733622116,
        0.5239102079742165,
        -0.01178458700146329,
        -35.637544841347335
      ],
      [
        0.0027895782871486755,
        0.02702008796846828,
        0.9996309984685129,
        0.5518507588009953
      ],
      [
        0.0,
        0.0,
        0.0,
        1.0
      ]
    ],
    "location": [
      8.573584587624737,
      -35.637544841347335,
      0.5518507588009953
    ],
    "rotation": [
      0.027023482047385788,
      -0.0027895819051267654,
      -1.019211889588967
    ]
  },
  {
    "label_id": "XiCj749rLzeYiNMLxXt6lw",
    "size": [
      2.124321394568248,
      4.819037753337582,
      1.4600000000000044
    ],
    "obj_class": "vehicle",
    "point_num_in_lidar": 1016,
    "speed": 0.023171390162274826,
    "if_vehicle": true,
    "motion_state": false,
    "pose": [
      [
        0.9802114575113088,
        -0.19643448819773582,
        -0.02447428058286572,
        -10.434713213688838
      ],
      [
        0.19619681168796174,
        0.9804937198129742,
        -0.01178458700146329,
        -27.069302165416957
      ],
      [
        0.02631177772469459,
        0.0067496113821583145,
        0.9996309984685129,
        0.7801961546781122
      ],
      [
        0.0,
        0.0,
        0.0,
        1.0
      ]
    ],
    "location": [
      -10.434713213688838,
      -27.069302165416957,
      0.7801961546781122
    ],
    "rotation": [
      0.006752000309813712,
      -0.026314814653837563,
      0.19754713183502035
    ]
  },
  {
    "label_id": "XpvqD6XE8eAm5eOEJrvZTw",
    "size": [
      0.8418577773432239,
      0.8558389045720105,
      1.9259733954514147
    ],
    "obj_class": "pedestrian",
    "point_num_in_lidar": 25,
    "speed": 1.1838149519882555,
    "if_vehicle": false,
    "motion_state": true,
    "pose": [
      [
        0.7116104015429164,
        0.7021478804396407,
        -0.02447428058286572,
        46.61076187451863
      ],
      [
        -0.7025148286076162,
        0.7115715277437795,
        -0.01178458700146329,
        -49.84273431906331
      ],
      [
        0.009140678439845689,
        0.025579579717095347,
        0.9996309984685129,
        0.46280153920209344
      ],
      [
        0.0,
        0.0,
        0.0,
        1.0
      ]
    ],
    "location": [
      46.61076187451863,
      -49.84273431906331,
      0.46280153920209344
    ],
    "rotation": [
      0.025583439084782975,
      -0.009140805731629448,
      -0.7789663090490013
    ]
  },
  {
    "label_id": "ZUj8bgZ_464uLWT5gJwlkQ",
    "size": [
      1.9746059315847875,
      4.49332408016428,
      1.5799999999999983
    ],
    "obj_class": "vehicle",
    "point_num_in_lidar": 125,
    "speed": 4.050060094428005,
    "if_vehicle": true,
    "motion_state": true,
    "pose": [
      [
        0.7259735663137152,
        0.6872869783457974,
        -0.02447428058286572,
        28.719143918358895
      ],
      [
        -0.6876546517197258,
        0.7259422866023355,
        -0.01178458700146329,
        -45.03329780034437
      ],
      [
        0.009667522017983815,
        0.025385151543287934,
        0.9996309984685129,
