[
  {
    "label_id": "-3y3uSWZpzEtolStN25xzw",
    "size": [
      0.9999999999996365,
      1.0,
      1.7399999999999984
    ],
    "obj_class": "pedestrian",
    "point_num_in_lidar": 44,
    "speed": 1.1729368560302138,
    "if_vehicle": false,
    "motion_state": true,
    "pose": [
      [
        -0.8339500838734022,
        0.5515462657801011,
        -0.01799928641840027,
        43.067964062571036
      ],
      [
        -0.5515814302944858,
        -0.8341141302684065,
        -0.0033975639609991727,
        -37.358879761037315
      ],
      [
        -0.016887372851774024,
        0.007094673396700823,
        0.9998322270498983,
        0.5967049794941097
      ],
      [
        0.0,
        0.0,
        0.0,
        1.0
      ]
    ],
    "location": [
      43.067964062571036,
      -37.358879761037315,
      0.5967049794941097
    ],
    "rotation": [
      0.007095744799030284,
      0.016888175621093432,
      -2.5572393622784833
    ]
  },
  {
    "label_id": "-BQNloss4qTNgCNWyqfQPw",
    "size": [
      0.9503483244337935,
      1.0782520726229397,
      1.7800000000000047
    ],
    "obj_class": "pedestrian",
    "point_num_in_lidar": 23,
    "speed": 0.12739792716132742,
    "if_vehicle": false,
    "motion_state": false,
    "pose": [
      [
        -0.7344844223771981,
        0.6783868063086591,
        -0.01799928641840027,
        40.89645460937368
      ],
      [
        -0.6784478745762096,
        -0.7346406863509227,
        -0.0033975639609991727,
        -40.65540930594216
      ],
      [
        -0.01552787069297204,
        0.009716119811068033,
        0.9998322270498983,
        0.6907937639614659
      ],
      [
        0.0,
        0.0,
        0.0,
        1.0
      ]
    ],
    "location": [
      40.89645460937368,
      -40.65540930594216,
      0.6907937639614659
    ],
    "rotation": [
      0.00971744430651,
      0.015528494760510712,
      -2.3958334705795234
    ]
  },
  {
    "label_id": "-Dzbj8ej64m1E-fNNfo-Ww",
    "size": [
      2.6091428097860385,
      6.207139029641827,
      2.6000000000000014
    ],
    "obj_class": "vehicle",
    "point_num_in_lidar": 61,
    "speed": 1.4210854715202004e-12,
    "if_vehicle": true,
    "motion_state": false,
    "pose": [
      [
        0.7266196851429957,
        -0.6868040905899748,
        -0.01799928641840027,
        -8.701875333534417
      ],
      [
        0.6868669551887476,
        0.726775235151054,
        -0.0033975639609991727,
        -86.5593455124872
      ],
      [
        0.015414896445739335,
        -0.009894378202182362,
        0.9998322270498983,
        1.5759752053911313
      ],
      [
        0.0,
        0.0,
        0.0,
        1.0
      ]
    ],
    "location": [
      -8.701875333534417,
      -86.5593455124872,
      1.5759752053911313
    ],
    "rotation": [
      -0.009895715463846832,
      -0.015415506989822605,
      0.7572816938471705
    ]
  },
  {
    "label_id": "-u6v7A9TrXDu-9EE_fzpuA",
    "size": [
      2.039947509739988,
      4.415591832276201,
      1.7400000000000055
    ],
    "obj_class": "vehicle",
    "point_num_in_lidar": 6659,
    "speed": 0.009776372627500423,
    "if_vehicle": true,
    "motion_state": false,
    "pose": [
      [
        0.3348787202205396,
        0.9420893102205767,
        -0.01799928641840027,
        6.268203201505457
      ],
      [
        -0.9422569992621883,
        0.3348734147413725,
        -0.0033975639609991727,
        -16.443876571014698
      ],
      [
        0.0028266738173897046,
        0.018097725480589327,
        0.9998322270498983,
        0.8202082645109314
      ],
      [
        0.0,
        0.0,
        0.0,
        1.0
      ]
    ],
    "location": [
      6.268203201505457,
      -16.443876571014698,
      0.8202082645109314
    ],
    "rotation": [
      0.018098785857318105,
      -0.0028266775816305225,
      -1.2293183912116321
    ]
  },
  {
    "label_id": "0W_ICpRE-uhjmG5ZAXO0qA",
    "size": [
      0.8560961486084004,
      0.7477227720306335,
      1.9060699903247986
    ],
    "obj_class": "pedestrian",
    "point_num_in_lidar": 94,
    "speed": 0.0020684853701264283,
    "if_vehicle": false,
    "motion_state": false,
    "pose": [
      [
        -0.9914388780401928,
        0.12932508186284747,
        -0.01799928641840027,
        21.07326585970236
      ],
      [
        -0.12928463933202067,
        -0.9916017036047892,
        -0.0033975639609991727,
        -22.32335927276472
      ],
      [
        -0.018287513313546725,
        -0.0010414457487261963,
        0.9998322270498983,
        0.6556091309538274
      ],
      [
        0.0,
        0.0,
        0.0,
        1.0
      ]
    ],
    "location": [
      21.07326585970236,
      -22.32335927276472,
      0.6556091309538274
    ],
    "rotation": [
      -0.0010416201277612263,
      0.018288532792073618,
      -3.0119233160029575
    ]
  },
  {
    "label_id": "0s0MLJ4EvKMJbQzmaFGapQ",
    "size": [
      1.027175566252668,
      1.1252974528226218,
      1.6799999999999997
    ],
    "obj_class": "pedestrian",
    "point_num_in_lidar": 59,
    "speed": 1.3535402789100341,
    "if_vehicle": false,
    "motion_state": true,
    "pose": [
      [
        -0.9063168414299324,
        0.4222153581158546,
        -0.01799928641840027,
        -6.082328167907235
      ],
      [
        -0.4222258874883036,
        -0.9064842836441487,
        -0.0033975639609991727,
        -49.20290576781372
      ],
      [
        -0.017750573939604206,
        0.004520495244476282,
        0.9998322270498983,
        0.9291322547984393
      ],
      [
        0.0,
        0.0,
        0.0,
        1.0
      ]
    ],
    "location": [
      -6.082328167907235,
      -49.20290576781372,
      0.9291322547984393
    ],
    "rotation": [
      0.0045212229815152225,
      0.01775150622210825,
      -2.7056198356311096
    ]
  },
  {
    "label_id": "1rDkIQm97fn96_z7MlfEFA",
    "size": [
      2.056830189203351,
      4.3471459235386005,
      1.509999999999998
    ],
    "obj_class": "vehicle",
    "point_num_in_lidar": 39,
    "speed": 1.7067822212573438e-12,
    "if_vehicle": true,
    "motion_state": false,
    "pose": [
      [
        0.9849835712208505,
        -0.17170728031579877,
        -0.01799928641840027,
        -57.41395462616606
      ],
      [
        0.1716738549815338,
        0.985147980800301,
        -0.0033975639609991727,
        -41.3579835101682
      ],
      [
        0.018315347138375442,
        0.00025653779739268453,
        0.9998322270498983,
        1.4667695830536829
      ],
      [
        0.0,
        0.0,
        0.0,
        1.0
      ]
    ],
    "location": [
      -57.41395462616606,
      -41.3579835101682,
      1.4667695830536829
    ],
    "rotation": [
      0.00025658083908738466,
      -0.018316371279437853,
      0.17255773379757947
    ]
  },
  {
    "label_id": "2hG8b9thgwMFUB5DUm0BBA",
    "size": [
      2.009110343804714,
      4.430774636678162,
      1.4100000000000001
    ],
    "obj_class": "vehicle",
    "point_num_in_lidar": 41,
    "speed": 1.4228607195221901e-12,
    "if_vehicle": true,
    "motion_state": false,
    "pose": [
      [
        0.6857802801822996,
        -0.7275860313402911,
        -0.01799928641840027,
        12.116101720405368
      ],
      [
        0.7276577664893789,
        0.6859319437282532,
        -0.0033975639609991727,
        -65.62938108120761
      ],
      [
        0.014818305597303029,
        -0.010767338188504455,
        0.9998322270498983,
        0.4933694238172208
      ],
      [
        0.0,
        0.0,
        0.0,
        1.0
      ]
    ],
    "location": [
      12.116101720405368,
      -65.62938108120761,
      0.4933694238172208
    ],
    "rotation": [
      -0.010768728673350922,
      -0.01481884795687277,
      0.8150176003174215
    ]
  },
  {
    "label_id": "3UOARbDkuMcY1CDZ705q0w",
    "size": [
      0.7092548309712556,
      0.7043774177189961,
      1.867408505954046
    ],
    "obj_class": "pedestrian",
    "point_num_in_lidar": 34,
    "speed": 0.010621318563812376,
    "if_vehicle": false,
    "motion_state": false,
    "pose": [
      [
        -0.8962585723427016,
        0.4431665569406732,
        -0.01799928641840027,
        38.957369675460995
      ],
      [
        -0.44318097527946865,
        -0.8964257245915414,
        -0.0033975639609991727,
        -40.15180882166169
      ],
      [
        -0.017640710092326865,
        0.004931845484112992,
        0.9998322270498983,
        0.6362604111651962
      ],
      [
        0.0,
        0.0,
        0.0,
        1.0
      ]
    ],
    "location": [
      38.957369675460995,
      -40.15180882166169,
      0.6362604111651962
    ],
    "rotation": [
      0.00493263304775119,
      0.017641625169585895,
      -2.682371651676215
    ]
  },
  {
    "label_id": "5Zo39jZeAKvLd3jygUscXQ",
    "size": [
      0.8633204129112558,
      0.9964958227765475,
      1.7600000000000051
    ],
    "obj_class": "pedestrian",
    "point_num_in_lidar": 456,
    "speed": 1.3827820110582394,
    "if_vehicle": false,
    "motion_state": true,
    "pose": [
      [
        -0.11933064989482299,
        -0.9926914030473456,
        -0.01799928641840027,
        -4.091648887076644
      ],
      [
        0.9928538129266193,
        -0.11928856909278567,
        -0.0033975639609991727,
        -20.84813909127297
      ],
      [
        0.0012256234138451863,
        -0.01827609366599228,
        0.9998322270498983,
        0.7505942287298772
      ],
      [
        0.0,
        0.0,
        0.0,
        1.0
      ]
    ],
    "location": [
      -4.091648887076644,
      -20.84813909127297,
      0.7505942287298772
    ],
    "rotation": [
      -0.018277124964729254,
      -0.0012256237206909912,
      1.690412104773832
    ]
  },
  {
    "label_id": "5plMF05KDpyMprvl5e_ipg",
    "size": [
      0.9221836674008509,
      0.9039507390933251,
      1.860000000000003
    ],
    "obj_class": "pedestrian",
    "point_num_in_lidar": 77,
    "speed": 0.027367397628768653,
    "if_vehicle": false,
    "motion_state": false,
    "pose": [
      [
        -0.6469874841393041,
        0.7622881483110716,
        -0.01799928641840027,
        22.54749963731615
      ],
      [
        -0.7623676788276283,
        -0.647135209085478,
        -0.0033975639609991727,
        -23.753262789157816
      ],
      [
        -0.014237894720359348,
        0.011523892848020243,
        0.9998322270498983,
        0.8847018103034223
      ],
      [
        0.0,
        0.0,
        0.0,
        1.0
      ]
    ],
    "location": [
      22.54749963731615,
      -23.753262789157816,
      0.8847018103034223
    ],
    "rotation": [
      0.011525316229049684,
      0.014238375809664134,
      -2.2745092913217273
    ]
  },
  {
    "label_id": "6nFW7Fnejgm08SNoDjHi2w",
    "size": [
      0.757671526981035,
      0.7637234397275995,
      1.8900000000000041
    ],
    "obj_class": "pedestrian",
    "point_num_in_lidar": 72,
    "speed": 0.0021243310288492716,
    "if_vehicle": false,
    "motion_state": false,
    "pose": [
      [
        -0.631232097232553,
        0.7753851076154489,
        -0.01799928641840027,
        18.7943686556589
      ],
      [
        -0.7754676483707474,
        -0.6313781615557144,
        -0.0033975639609991727,
        -19.941097437817007
      ],
      [
        -0.01399877686569401,
        0.011813212886645141,
        0.9998322270498983,
        0.7087038313182745
      ],
      [
        0.0,
        0.0,
        0.0,
        1.0
      ]
    ],
    "location": [
      18.7943686556589,
      -19.941097437817007,
      0.7087038313182745
    ],
    "rotation": [
      0.011814645407005877,
      0.01399923411949454,
      -2.2540168582943148
    ]
  },
  {
    "label_id": "ABRBhQePUHY_I0XPW1ez4A",
    "size": [
      2.130694497474347,
      4.5215893642290155,
      1.8999999999999986
    ],
    "obj_class": "vehicle",
    "point_num_in_lidar": 226,
    "speed": 1.197873725543981,
    "if_vehicle": true,
    "motion_state": true,
    "pose": [
      [
        0.7415089954687158,
        0.6707014502201442,
        -0.01799928641840027,
        26.857223212939743
      ],
      [
        -0.670851609386093,
        0.7415838285340505,
        -0.0033975639609991727,
        -43.92216618462953
      ],
      [
        0.011069228657180363,
        0.014594174501346271,
        0.9998322270498983,
        0.6736001124618731
      ],
      [
        0.0,
        0.0,
        0.0,
        1.0
      ]
    ],
    "location": [
      26.857223212939743,
      -43.92216618462953,
      0.6736001124618731
    ],
    "rotation": [
      0.014595586893340718,
      -0.01106945471772673,
      -0.735411971912201
    ]
  },
  {
    "label_id": "BJzgD4pDd9zzx_tJ81Wh9w",
    "size": [
      2.0576826721181747,
      4.348731250934897,
      1.5799999999999983
    ],
    "obj_class": "vehicle",
    "point_num_in_lidar": 756,
    "speed": 0.01052352192446937,
    "if_vehicle": true,
    "motion_state": false,
    "pose": [
      [
        0.5865937158317686,
        0.8096813189367202,
        -0.01799928641840027,
        9.236298429362705
      ],
      [
        -0.8098437172658567,
        0.5866358411861228,
        -0.0033975639609991727,
        -21.358248356105832
      ],
      [
        0.007808082459694519,
        0.016569598689868726,
        0.9998322270498983,
        0.6566342730101447
      ],
      [
        0.0,
        0.0,
        0.0,
        1.0
      ]
    ],
    "location": [
      9.236298429362705,
      -21.358248356105832,
      0.6566342730101447
    ],
    "rotation": [
      0.016570862169985656,
      -0.007808161799994505,
      -0.9439277495538296
    ]
  },
  {
    "label_id": "BMprUx_wfiGkn4Jsd9YGfw",
    "size": [
      0.9165089260500563,
      0.14690670426762598,
      1.129999999999999
    ],
    "obj_class": "sign",
    "point_num_in_lidar": 96,
    "speed": 0.0018304880124593,
    "if_vehicle": false,
    "motion_state": false,
    "pose": [
      [
        -0.703512204518764,
        -0.7104552088496342,
        -0.01799928641840027,
        25.47852752379481
      ],
      [
        0.7106092552207839,
        -0.7035786686317983,
        -0.0033975639609991727,
        -24.820101532170156
      ],
      [
        -0.010250096961088811,
        -0.015180687228481015,
        0.9998322270498983,
        3.377224510499385
      ],
      [
        0.0,
        0.0,
        0.0,
        1.0
      ]
    ],
    "location": [
      25.47852752379481,
      -24.820101532170156,
      3.377224510499385
    ],
    "rotation": [
      -0.015182067992438791,
      0.010250276456439673,
      2.351175832799974
    ]
  },
  {
    "label_id": "BrpalxtMlwqR7rQyfylZ8g",
    "size": [
      2.338097194635429,
      6.178880489167328,
      2.219999999999999
    ],
    "obj_class": "vehicle",
    "point_num_in_lidar": 1688,
    "speed": 0.5952760422494816,
    "if_vehicle": true,
    "motion_state": false,
    "pose": [
      [
        0.9799084078781134,
        -0.19863418099161448,
        -0.01799928641840027,
        -16.04904189617946
      ],
      [
        0.19860527350471457,
        0.9800736716672112,
        -0.0033975639609991727,
        -28.101440287120568
      ],
      [
        0.01831549906223101,
        -0.0002454517103293237,
        0.9998322270498983,
        1.1303182390184112
      ],
      [
        0.0,
        0.0,
        0.0,
        1.0
      ]
    ],
    "location": [
      -16.04904189617946,
      -28.101440287120568,
      1.1303182390184112
    ],
    "rotation": [
      -0.0002454928924652618,
      -0.018316523228781623,
      0.19996863785061017
    ]
  },
  {
    "label_id": "C88vprxSbrDQhEq30YQshA",
    "size": [
      0.8219031737474483,
      0.7469626673616249,
      1.7100000000000009
    ],
    "obj_class": "pedestrian",
    "point_num_in_lidar": 26,
    "speed": 1.1390866590859189e-12,
    "if_vehicle": false,
    "motion_state": false,
    "pose": [
      [
        0.7749711845975763,
        0.6317402066766511,
        -0.01799928641840027,
        44.30618239147634
      ],
      [
        -0.631886325071782,
        0.7750536295937264,
        -0.0033975639609991727,
        -14.622825412032398
      ],
      [
        0.01180403450975943,
        0.014006517116438943,
        0.9998322270498983,
        0.4392924908671887
      ],
      [
        0.0,
        0.0,
        0.0,
        1.0
      ]
    ],
    "location": [
      44.30618239147634,
      -14.622825412032398,
      0.4392924908671887
    ],
    "rotation": [
      0.014007951127562129,
      -0.011804308646593674,
      -0.6840413856012326
    ]
  },
  {
    "label_id": "CqtQi6C05E5Whu1WPAou8w",
    "size": [
      0.7161626533540727,
      1.7238894661741775,
      2.1999999999999993
    ],
    "obj_class": "cyclist",
    "point_num_in_lidar": 82,
    "speed": 4.500703019661109,
    "if_vehicle": false,
    "motion_state": true,
    "pose": [
      [
        0.8255093264764488,
        -0.5641013894583389,
        -0.01799928641840027,
        17.881912588253726
      ],
      [
        0.5641390320867531,
        0.8256728220278007,
        -0.0033975639609991727,
        -56.85074990212706
      ],
      [
        0.016778092162740423,
        -0.007349379281223484,
        0.9998322270498983,
        0.9354899080634524
      ],
      [
        0.0,
        0.0,
        0.0,
        1.0
      ]
    ],
    "location": [
      17.881912588253726,
      -56.85074990212706,
      0.9354899080634524
    ],
    "rotation": [
      -0.007350480131244566,
      -0.01677887944687113,
      0.5994863347023502
    ]
  },
  {
    "label_id": "DNJU6vLPoCqw-LexqChKbQ",
    "size": [
      2.483009722720828,
      5.749171203661658,
      2.2116833098079987
    ],
    "obj_class": "vehicle",
    "point_num_in_lidar": 234,
    "speed": 3.082343389912583,
    "if_vehicle": true,
    "motion_state": true,
    "pose": [
      [
        0.7153543236318078,
        -0.698530040406071,
        -0.01799928641840027,
        4.453963546576006
      ],
      [
        0.6985954263498615,
        0.7155088307227147,
        -0.0033975639609991727,
        -62.21638921894737
      ],
      [
        0.015251948870031774,
        -0.010143757100139235,
        0.9998322270498983,
        1.0072777809026974
      ],
      [
        0.0,
        0.0,
        0.0,
        1.0
      ]
    ],
    "location": [
      4.453963546576006,
      -62.21638921894737,
      1.0072777809026974
    ],
    "rotation": [
      -0.010145111163394479,
      -0.015252540254940135,
      0.7735461774483167
    ]
  },
  {
    "label_id": "DnkDdpFLPhtXJp7Xu6Nxjw",
    "size": [
      0.9205373522625144,
      1.0187786598589441,
      1.9588175399497842
    ],
    "obj_class": "pedestrian",
    "point_num_in_lidar": 50,
    "speed": 1.3817734507608672,
    "if_vehicle": false,
    "motion_state": true,
    "pose": [
      [
        -0.9856888750529226,
        0.1676110595555447,
        -0.01799928641840027,
        -39.39164809268982
      ],
      [
        -0.16757695103272668,
        -0.9858531442571485,
        -0.0033975639609991727,
        -41.23442890251863
      ],
      [
        -0.018314122405375693,
        -0.0003326754598773419,
        0.9998322270498983,
        1.5492349241686583
      ],
      [
        0.0,
        0.0,
        0.0,
        1.0
      ]
    ],
    "location": [
      -39.39164809268982,
      -41.23442890251863,
      1.5492349241686583
    ],
    "rotation": [
      -0.0003327312709074087,
      0.018315146340980623,
      -2.9731927917515146
    ]
  },
  {
    "label_id": "ERcztt6ItC06k_ercBFdsg",
    "size": [
      0.9210467867687728,
      1.027108511389792,
      1.9000000000000057
    ],
    "obj_class": "pedestrian",
    "point_num_in_lidar": 239,
    "speed": 0.6966345775373196,
    "if_vehicle": false,
    "motion_state": false,
    "pose": [
      [
        0.6163384765280973,
        0.7872756239332275,
        -0.01799928641840027,
        -2.621995817190964
      ],
      [
        -0.7874363409205594,
        0.6163866201961002,
        -0.0033975639609991727,
        -27.912407158042697
      ],
      [
        0.00841970003413064,
        0.016267341632115222,
        0.9998322270498983,
        0.9151132842301237
      ],
      [
        0.0,
        0.0,
        0.0,
        1.0
      ]
    ],
    "location": [
      -2.621995817190964,
      -27.912407158042697,
      0.9151132842301237
    ],
    "rotation": [
      0.016268635892785346,
      -0.008419799517952778,
      -0.906684051484621
    ]
  },
  {
    "label_id": "EUjlvkwSB2q67LcxAKGoDA",
    "size": [
      0.9651760985935116,
      1.0981614056106253,
      1.8000000000000007
    ],
    "obj_class": "pedestrian",
    "point_num_in_lidar": 250,
    "speed": 1.2127699075618852,
    "if_vehicle": false,
    "motion_state": true,
    "pose": [
      [
        -0.20970642068615275,
        -0.9775987125663734,
        -0.01799928641840027,
        15.14355562546234
      ],
      [
        0.9777642927891573,
        -0.20967938455091376,
        -0.0033975639609991727,
        -10.887665247661062
      ],
      [
        -0.00045262514443108966,
        -0.018311550532910024,
        0.9998322270498983,
        0.8333154190327363
      ],
      [
        0.0,
        0.0,
        0.0,
        1.0
      ]
    ],
    "location": [
      15.14355562546234,
      -10.887665247661062,
      0.8333154190327363
    ],
    "rotation": [
      -0.018312575913209048,
      0.0004526251598859405,
      1.7820710431699716
    ]
  },
  {
    "label_id": "EynIiRmnuBbFsLCDQ1XKbQ",
    "size": [
      0.5413567342716079,
      0.13723403558369326,
      0.5999999999999979
    ],
    "obj_class": "sign",
    "point_num_in_lidar": 42,
    "speed": 0.002646850449441989,
    "if_vehicle": false,
    "motion_state": false,
    "pose": [
      [
        0.6255486263004396,
        -0.779977526485258,
        -0.01799928641840027,
        2.30402937857707
      ],
      [
        0.7800611324931801,
        0.6256940835045416,
        -0.0033975639609991727,
        -43.23165767757928
      ],
      [
        0.013912070553672289,
        -0.011915202279035513,
        0.9998322270498983,
        2.835045846686093
      ],
      [
        0.0,
        0.0,
        0.0,
        1.0
      ]
    ],
    "location": [
      2.30402937857707,
      -43.23165767757928,
      2.835045846686093
    ],
    "rotation": [
      -0.011916637552066584,
      -0.013912519363018093,
      0.894884186148153
    ]
  },
  {
    "label_id": "F2JamCeRc3TUMgMz4AxtWQ",
    "size": [
      0.7457916163598822,
      0.7358267476223533,
      1.6800000000000033
    ],
    "obj_class": "pedestrian",
    "point_num_in_lidar": 26,
    "speed": 0.784729641204069,
    "if_vehicle": false,
    "motion_state": false,
    "pose": [
      [
        -0.9819395462945164,
        -0.18833680763819835,
        -0.01799928641840027,
        -28.58047896769449
      ],
      [
        0.18842630436141164,
        -0.9820814550656334,
        -0.0033975639609991727,
        -24.941890065156258
      ],
      [
        -0.01703687904576445,
        -0.006727741435331838,
        0.9998322270498983,
        1.095995267103575
      ],
      [
        0.0,
        0.0,
        0.0,
        1.0
      ]
    ],
    "location": [
      -28.58047896769449,
      -24.941890065156258,
      1.095995267103575
    ],
    "rotation": [
      -0.0067287688046053055,
      0.017037703327356764,
      2.952005302249075
    ]
  },
  {
    "label_id": "GJEO8qd3JaW07GphAWS-nA",
    "size": [
      0.829606198804654,
      0.1290419424672085,
      0.7899999999999991
    ],
    "obj_class": "sign",
    "point_num_in_lidar": 24,
    "speed": 1.4426817432597938e-12,
    "if_vehicle": false,
    "motion_state": false,
    "pose": [
      [
        -0.6880252411162577,
        -0.7254635023730304,
        -0.01799928641840027,
        31.035472135703458
      ],
      [
        0.7256189464273454,
        -0.6880883672500213,
        -0.0033975639609991727,
        -60.166687087934406
      ],
      [
        -0.009920290952619678,
        -0.015398233010837991,
        0.9998322270498983,
        3.859065863505922
      ],
      [
        0.0,
        0.0,
        0.0,
        1.0
      ]
    ],
    "location": [
      31.035472135703458,
      -60.166687087934406,
      3.859065863505922
    ],
    "rotation": [
      -0.01539959940949783,
      0.009920453672723472,
      2.3296072858926755
    ]
  },
  {
    "label_id": "GiHYRbxhmvNPKbWHFSSQLQ",
    "size": [
      2.1947292656194866,
      4.8705239665823665,
      1.8399999999999999
    ],
    "obj_class": "vehicle",
    "point_num_in_lidar": 39,
    "speed": 5.695433295429594e-13,
    "if_vehicle": true,
    "motion_state": false,
    "pose": [
      [
        0.9852704734690904,
        -0.17005328517386273,
        -0.01799928641840027,
        -63.78842972119969
      ],
      [
        0.17001958384874907,
        0.985434826696839,
        -0.0033975639609991727,
        -42.585904923407725
      ],
      [
        0.018314890605539265,
        0.0002872882660643176,
        0.9998322270498983,
        1.8087297881369828
      ],
      [
        0.0,
        0.0,
        0.0,
        1.0
      ]
    ],
    "location": [
      -63.78842972119969,
      -42.585904923407725,
      1.8087297881369828
    ],
    "rotation": [
      0.000287336465444409,
      -0.018315914670011903,
      0.1708784862127171
    ]
  },
  {
    "label_id": "HSYlWnCOg45HraIyv_ltIQ",
    "size": [
      0.47477027299266134,
      0.04903281749638218,
      0.629999999999999
    ],
    "obj_class": "sign",
    "point_num_in_lidar": 27,
    "speed": 0.0017905891252076487,
    "if_vehicle": false,
    "motion_state": false,
    "pose": [
      [
        -0.6974237210025831,
        0.7164329550427867,
        -0.01799928641840027,
        26.09769249942201
      ],
      [
        -0.7165022352310284,
        -0.6975765215860342,
        -0.0033975639609991727,
        -22.08616481034005
      ],
      [
        -0.014990006399303918,
        0.010526987251322964,
        0.9998322270498983,
        2.7924992348391484
      ],
      [
        0.0,
        0.0,
        0.0,
        1.0
      ]
    ],
    "location": [
      26.09769249942201,
      -22.08616481034005,
      2.7924992348391484
    ],
    "rotation": [
      0.010528364663482132,
      0.014990567832543962,
      -2.342702018112897
    ]
  },
  {
    "label_id": "J3L10LSZhOaAERyZECqKyA",
    "size": [
      2.00095248608597,
      4.516471889621558,
      1.4899999999999984
    ],
    "obj_class": "vehicle",
    "point_num_in_lidar": 367,
    "speed": 1.718573603063735e-12,
    "if_vehicle": true,
    "motion_state": false,
    "pose": [
      [
        -0.9933095399330674,
        0.1140709584705357,
        -0.01799928641840027,
        -21.19598657696679
      ],
      [
        -0.11402801801765794,
        -0.9934717246434827,
        -0.0033975639609991727,
        -22.443894325220754
      ],
      [
        -0.01826934549793625,
        -0.001322409738970926,
        0.9998322270498983,
        0.8119863880325475
      ],
      [
        0.0,
        0.0,
        0.0,
        1.0
      ]
    ],
    "location": [
      -21.19598657696679,
      -22.443894325220754,
      0.8119863880325475
    ],
    "rotation": [
      -0.0013226308695334888,
      0.018270361940759684,
      -3.0272969130805207
    ]
  },
  {
    "label_id": "KX-4SfeSeDvbwnkBCjdU4g",
    "size": [
      0.8422860400556365,
      0.8451582887489959,
      1.7199999999999989
    ],
    "obj_class": "pedestrian",
    "point_num_in_lidar": 52,
    "speed": 0.0,
    "if_vehicle": false,
    "motion_state": false,
    "pose": [
      [
        -0.5125279594645525,
        0.8584818672840624,
        -0.01799928641840027,
        21.741090810437754
      ],
      [
        -0.858584653625823,
        -0.5126605593541954,
        -0.0033975639609991727,
        -18.834928855958424
      ],
      [
        -0.012144271296689057,
        0.013712564570972965,
        0.9998322270498983,
        0.6654090060640812
      ],
      [
        0.0,
        0.0,
        0.0,
        1.0
      ]
    ],
    "location": [
      21.741090810437754,
      -18.834928855958424,
      0.6654090060640812
    ],
    "rotation": [
      0.013714005740651344,
      0.012144569829421437,
      -2.108966598806229
    ]
  },
  {
    "label_id": "L6FARVJJcyZSmCMc6NE_Mw",
    "size": [
      2.0517996521709803,
      4.481819076765856,
      1.8000000000000043
    ],
    "obj_class": "vehicle",
    "point_num_in_lidar": 91,
    "speed": 4.949849464795776,
    "if_vehicle": true,
    "motion_state": true,
    "pose": [
      [
        0.7234350973802881,
        0.6901577251373788,
        -0.01799928641840027,
        31.588202864504638
      ],
      [
        -0.6903098187404398,
        0.7235059161538848,
        -0.0033975639609991727,
        -38.88792410556562
      ],
      [
        0.01067773519592893,
        0.014883001159924341,
        0.9998322270498983,
        0.7834297131341756
      ],
      [
        0.0,
        0.0,
        0.0,
        1.0
      ]
    ],
    "location": [
      31.588202864504638,
      -38.88792410556562,
      0.7834297131341756
    ],
    "rotation": [
      0.014884399256741107,
      -0.010677938108274682,
      -0.7619715761342668
    ]
  },
  {
    "label_id": "LEDQQXEw_Ihy4SUDGjGeJA",
    "size": [
      0.849937309887298,
      0.9264115891780135,
      1.9299999999999997
    ],
    "obj_class": "pedestrian",
    "point_num_in_lidar": 66,
    "speed": 0.007375779916093138,
    "if_vehicle": false,
    "motion_state": false,
    "pose": [
      [
        -0.48182657970077525,
        0.8760817158132459,
        -0.01799928641840027,
        22.41017873154965
      ],
      [
        -0.8761891302784938,
        -0.4819554590840812,
        -0.0033975639609991727,
        -19.696001067333782
      ],
      [
        -0.01165139801350337,
        0.014133742489928786,
        0.9998322270498983,
        0.7833464903945853
      ],
      [
        0.0,
        0.0,
        0.0,
        1.0
      ]
    ],
    "location": [
      22.41017873154965,
      -19.696001067333782,
      0.7833464903945853
    ],
    "rotation": [
      0.014135172655123575,
      0.011651661652345824,
      -2.0735716772456585
    ]
  },
  {
    "label_id": "LwSqmBnMVv6Bxt4JdUirjw",
    "size": [
      1.9169959747088894,
      4.186827698229656,
      1.6000000000000014
    ],
    "obj_class": "vehicle",
    "point_num_in_lidar": 44,
    "speed": 3.552713678800501e-14,
    "if_vehicle": true,
    "motion_state": false,
    "pose": [
      [
        0.621982581479915,
        -0.7828241782316189,
        -0.01799928641840027,
        16.10748136019197
      ],
      [
        0.7829084471821266,
        0.6221276556222222,
        -0.0033975639609991727,
        -60.886474600671136
      ],
      [
        0.013857549078110801,
        -0.011978567777010703,
        0.9998322270498983,
        0.6310538454489567
      ],
      [
        0.0,
        0.0,
        0.0,
        1.0
      ]
    ],
    "location": [
      16.10748136019197,
      -60.886474600671136,
      0.6310538454489567
    ],
    "rotation": [
      -0.011980004635524467,
      -0.013857992631148243,
      0.899447948582671
    ]
  },
  {
    "label_id": "M8sjiibdjQXMQVuY4NYmfQ",
    "size": [
      0.8508967923395958,
      0.9774615490357054,
      1.6200000000000045
    ],
    "obj_class": "pedestrian",
    "point_num_in_lidar": 90,
    "speed": 1.3559994789109742,
    "if_vehicle": false,
    "motion_state": true,
    "pose": [
      [
        -0.9998206436464012,
        0.005891199107505499,
        -0.01799928641840027,
        25.406549327132325
      ],
      [
        -0.00583095704539682,
        -0.9999772279902506,
        -0.0033975639609991727,
        -15.173299568827133
      ],
      [
        -0.018018892264249194,
        -0.0032920015203625227,
        0.9998322270498983,
        0.6322816635216526
      ],
      [
        0.0,
        0.0,
        0.0,
        1.0
      ]
    ],
    "location": [
      25.406549327132325,
      -15.173299568827133,
      0.6322816635216526
    ],
    "rotation": [
      -0.0032925420238297145,
      0.018019867470499797,
      -3.1357607166561126
    ]
  },
  {
    "label_id": "MGDi0Feg3WgL1_2697vcBQ",
    "size": [
      0.8273713641493899,
      0.9264627697768697,
      1.610000000000003
    ],
    "obj_class": "pedestrian",
    "point_num_in_lidar": 97,
    "speed": 1.3115371786014067,
    "if_vehicle": false,
    "motion_state": true,
    "pose": [
      [
        -0.9987282065623896,
        -0.04709559538960597,
        -0.01799928641840027,
        26.498002974144356
      ],
      [
        0.04716404991518319,
        -0.9988813788206932,
        -0.0033975639609991727,
        -14.236677436128957
      ],
      [
        -0.01781914173778271,
        -0.0042421622045248205,
        0.9998322270498983,
        0.6022857461079028
      ],
      [
        0.0,
        0.0,
        0.0,
        1.0
      ]
    ],
    "location": [
      26.498002974144356,
      -14.236677436128957,
      0.6022857461079028
    ],
    "rotation": [
      -0.004242848584250313,
      0.017820084866910706,
      3.094403602552306
    ]
  },
  {
    "label_id": "MMRb3jHqGvp6u3_L3aIsDw",
    "size": [
      2.1871116082214797,
      5.576670239505544,
      2.0900000000000034
    ],
    "obj_class": "vehicle",
    "point_num_in_lidar": 9104,
    "speed": 0.012747553836557284,
    "if_vehicle": true,
    "motion_state": false,
    "pose": [
      [
        0.13805490886878044,
        0.9902610099492262,
        -0.01799928641840027,
        4.622695546107025
      ],
      [
        -0.9904241855040672,
        0.13801590244510265,
        -0.0033975639609991727,
        -8.78688980618972
      ],
      [
        -0.0008802873609827409,
        0.018295978973610096,
        0.9998322270498983,
        1.01071950602174
      ],
      [
        0.0,
        0.0,
        0.0,
        1.0
      ]
    ],
    "location": [
      4.622695546107025,
      -8.78688980618972,
      1.01071950602174
    ],
    "rotation": [
      0.018297006958767893,
      0.0008802874746727497,
      -1.4322990244893357
    ]
  },
  {
    "label_id": "MhxUH3Qh4-q6ZeQGrgjZog",
    "size": [
      1.8095717427191178,
      4.104413323080284,
      1.5700000000000003
    ],
    "obj_class": "vehicle",
    "point_num_in_lidar": 103,
    "speed": 8.556067554929069e-13,
    "if_vehicle": true,
    "motion_state": false,
    "pose": [
      [
        -0.9819264788938199,
        0.188404924923987,
        -0.01799928641840027,
        -27.31055869484294
      ],
      [
        -0.18837429564298178,
        -0.9820914322506543,
        -0.0033975639609991727,
        -23.575675562620745
      ],
      [
        -0.01831706276113296,
        5.4444884101981466e-05,
        0.9998322270498983,
        0.9219863880325576
      ],
      [
        0.0,
        0.0,
        0.0,
        1.0
      ]
    ],
    "location": [
      -27.31055869484294,
      -23.575675562620745,
      0.9219863880325576
    ],
    "rotation": [
      5.4454019959740956e-05,
      0.018318087190049247,
      -2.952053924637681
    ]
  },
  {
    "label_id": "N1G3ObOTcL37PoStSOPQxg",
    "size": [
      0.8769430839473141,
      0.7703446808274568,
      2.033662047750184
    ],
    "obj_class": "pedestrian",
    "point_num_in_lidar": 28,
    "speed": 1.7763568394002505e-13,
    "if_vehicle": false,
    "motion_state": false,
    "pose": [
      [
        -0.8290426289284287,
        0.5588956477803958,
        -0.01799928641840027,
        43.26066562699884
      ],
      [
        -0.5589322608567111,
        -0.8292063581116201,
        -0.0033975639609991727,
        -42.648351026200544
      ],
      [
        -0.016824006450467593,
        0.0072436564934647155,
        0.9998322270498983,
        0.6955562025547692
      ],
      [
        0.0,
        0.0,
        0.0,
        1.0
      ]
    ],
    "location": [
      43.26066562699884,
      -42.648351026200544,
      0.6955562025547692
    ],
    "rotation": [
      0.007244745234311783,
      0.01682480021620827,
      -2.54839964890914
    ]
  },
  {
    "label_id": "O9135g1GOeSBKxxZHcQSJw",
    "size": [
      0.8631129191734142,
      0.10705276516763673,
      0.8000000000000007
    ],
    "obj_class": "sign",
    "point_num_in_lidar": 34,
    "speed": 1.0658141036401503e-13,
    "if_vehicle": false,
    "motion_state": false,
    "pose": [
      [
        -0.999810918093276,
        0.007358923148727776,
        -0.01799928641840027,
        -8.263926939923294
      ],
      [
        -0.0072989110163577155,
        -0.9999675907033718,
        -0.0033975639609991727,
        -30.1138689304953
      ],
      [
        -0.018023705486269515,
        -0.0032655463532013703,
        0.9998322270498983,
        2.706947261151033
      ],
      [
        0.0,
        0.0,
        0.0,
        1.0
      ]
    ],
    "location": [
      -8.263926939923294,
      -30.1138689304953,
      2.706947261151033
    ],
    "rotation": [
      -0.003266082702006552,
      0.018024681474298903,
      -3.134292491904138
    ]
  },
  {
    "label_id": "OBmaSu1uTjgZW7C-GFlGRg",
    "size": [
      0.8698284263562621,
      1.0188197221530193,
      1.7100000000000044
    ],
    "obj_class": "pedestrian",
    "point_num_in_lidar": 73,
    "speed": 1.6158711204724874,
    "if_vehicle": false,
    "motion_state": true,
    "pose": [
      [
        0.6057327631930451,
        -0.7954645468422504,
        -0.01799928641840027,
        -6.5173687721303395
      ],
      [
        0.7955517849344191,
        0.6058760715251844,
        -0.0033975639609991727,
        -46.08978616798959
      ],
      [
        0.01360797862204073,
        -0.012261348631483046,
        0.9998322270498983,
        0.9874750256841551
      ],
      [
        0.0,
        0.0,
        0.0,
        1.0
      ]
    ],
    "location": [
      -6.5173687721303395,
      -46.08978616798959,
      0.9874750256841551
    ],
    "rotation": [
      -0.012262791385606635,
      -0.013608398638004063,
      0.920039342904346
    ]
  },
  {
    "label_id": "OGAaBVDVAhjJMcaKvP7EOw",
    "size": [
      1.8657107994764883,
      4.3588581548173195,
      1.8999999999999986
    ],
    "obj_class": "vehicle",
    "point_num_in_lidar": 910,
    "speed": 1.4210854715202004e-12,
    "if_vehicle": true,
    "motion_state": false,
    "pose": [
      [
        -0.9854326091108382,
        0.1691112018449241,
        -0.01799928641840027,
        -14.7183745783816
      ],
      [
        -0.16907734339901,
        -0.985596930042025,
        -0.0033975639609991727,
        -21.546047176552747
      ],
      [
        -0.01831460756171199,
        -0.0003047987880073694,
        0.9998322270498983,
        0.9295871176626775
      ],
      [
        0.0,
        0.0,
        0.0,
        1.0
      ]
    ],
    "location": [
      -14.7183745783816,
      -21.546047176552747,
      0.9295871176626775
    ],
    "rotation": [
      -0.0003048499241364763,
      0.01831563157870198,
      -2.9716704162057117
    ]
  },
  {
    "label_id": "OLbKrwdNgogwuqHpnALO5Q",
    "size": [
      0.8445474455693038,
      0.8392516669915127,
      1.6200000000000045
    ],
    "obj_class": "pedestrian",
    "point_num_in_lidar": 43,
    "speed": 0.008544703230265146,
    "if_vehicle": false,
    "motion_state": false,
    "pose": [
      [
        -0.8822981331841856,
        0.47034671240280773,
        -0.01799928641840027,
        19.64757504980662
      ],
      [
        -0.4703662317043554,
        -0.8824647667931993,
        -0.0033975639609991727,
