[
  {
    "label_id": "-3y3uSWZpzEtolStN25xzw",
    "size": [
      1.0000000000001326,
      1.0,
      1.7399999999999984
    ],
    "obj_class": "pedestrian",
    "point_num_in_lidar": 33,
    "speed": 1.2972083627909043,
    "if_vehicle": false,
    "motion_state": true,
    "pose": [
      [
        -0.6747288067231553,
        0.7378587779469998,
        -0.017477447883117697,
        47.25386965116195
      ],
      [
        -0.7379324810742006,
        -0.6748677810779284,
        -0.0030218270347114823,
        -33.98862304101931
      ],
      [
        -0.014024648074784197,
        0.010858262729979428,
        0.9998426913154215,
        0.5452745572169846
      ],
      [
        0.0,
        0.0,
        0.0,
        1.0
      ]
    ],
    "location": [
      47.25386965116195,
      -33.98862304101931,
      0.5452745572169846
    ],
    "rotation": [
      0.010859544190013115,
      0.014025107868581946,
      -2.3114834522759837
    ]
  },
  {
    "label_id": "-BQNloss4qTNgCNWyqfQPw",
    "size": [
      0.9503483244358811,
      1.0782520726229397,
      1.7800000000000047
    ],
    "obj_class": "pedestrian",
    "point_num_in_lidar": 25,
    "speed": 1.138177228034937,
    "if_vehicle": false,
    "motion_state": true,
    "pose": [
      [
        -0.7460042893555613,
        0.6657117537482697,
        -0.017477447883117697,
        42.81905625103013
      ],
      [
        -0.6657709993664336,
        -0.7461500150532684,
        -0.0030218270347114823,
        -39.05108095688411
      ],
      [
        -0.015052463775882693,
        0.009381682013932665,
        0.9998426913154215,
        0.6850789898031273
      ],
      [
        0.0,
        0.0,
        0.0,
        1.0
      ]
    ],
    "location": [
      42.81905625103013,
      -39.05108095688411,
      0.6850789898031273
    ],
    "rotation": [
      0.009382882704886606,
      0.015053032256688833,
      -2.412964911092304
    ]
  },
  {
    "label_id": "-Dzbj8ej64m1E-fNNfo-Ww",
    "size": [
      2.609142809786022,
      6.207139029641827,
      2.6000000000000014
    ],
    "obj_class": "vehicle",
    "point_num_in_lidar": 67,
    "speed": 1.4210854715202004e-12,
    "if_vehicle": true,
    "motion_state": false,
    "pose": [
      [
        0.7266264132928786,
        -0.6868104500665521,
        -0.017477447883117697,
        -8.701875333534872
      ],
      [
        0.6868738461968869,
        0.726770381875918,
        -0.0030218270347114823,
        -86.5593455124872
      ],
      [
        0.014777513857963368,
        -0.00980906250935883,
        0.9998426913154215,
        1.575975205391135
      ],
      [
        0.0,
        0.0,
        0.0,
        1.0
      ]
    ],
    "location": [
      -8.701875333534872,
      -86.5593455124872,
      1.575975205391135
    ],
    "rotation": [
      -0.009810291070677093,
      -0.014778051750547187,
      0.7572820797334918
    ]
  },
  {
    "label_id": "-u6v7A9TrXDu-9EE_fzpuA",
    "size": [
      2.0399475097390183,
      4.415591832276201,
      1.7400000000000055
    ],
    "obj_class": "vehicle",
    "point_num_in_lidar": 6684,
    "speed": 0.017457488268007935,
    "if_vehicle": true,
    "motion_state": false,
    "pose": [
      [
        0.3338457622142696,
        0.9424656735749405,
        -0.017477447883117697,
        6.284379710731855
      ],
      [
        -0.9426229819436774,
        0.3338454469855503,
        -0.0030218270347114823,
        -16.46875769149665
      ],
      [
        0.002986798149009764,
        0.017483468190032554,
        0.9998426913154215,
        0.8202082645109243
      ],
      [
        0.0,
        0.0,
        0.0,
        1.0
      ]
    ],
    "location": [
      6.284379710731855,
      -16.46875769149665,
      0.8202082645109243
    ],
    "rotation": [
      0.017484437009828064,
      -0.002986802589880312,
      -1.2304142724205827
    ]
  },
  {
    "label_id": "0W_ICpRE-uhjmG5ZAXO0qA",
    "size": [
      0.8560961486086367,
      0.7477227720306335,
      1.9060699903247986
    ],
    "obj_class": "pedestrian",
    "point_num_in_lidar": 117,
    "speed": 0.002068485317234914,
    "if_vehicle": false,
    "motion_state": false,
    "pose": [
      [
        -0.9919086581596516,
        0.12574479187390813,
        -0.017477447883117697,
        21.08154177052802
      ],
      [
        -0.12571102447474458,
        -0.9920622999020184,
        -0.0030218270347114823,
        -22.32071632912448
      ],
      [
        -0.01771869615490215,
        -0.0008002685206005438,
        0.9998426913154215,
        0.6605415119719851
      ],
      [
        0.0,
        0.0,
        0.0,
        1.0
      ]
    ],
    "location": [
      21.08154177052802,
      -22.32071632912448,
      0.6605415119719851
    ],
    "rotation": [
      -0.000800394258676247,
      0.01771962342316494,
      -3.0155282485592765
    ]
  },
  {
    "label_id": "1rDkIQm97fn96_z7MlfEFA",
    "size": [
      2.056830189203348,
      4.3471459235386005,
      1.509999999999998
    ],
    "obj_class": "vehicle",
    "point_num_in_lidar": 37,
    "speed": 1.7067822212573438e-12,
    "if_vehicle": true,
    "motion_state": false,
    "pose": [
      [
        0.9849926916964427,
        -0.17170887024288964,
        -0.017477447883117697,
        -57.41395462616515
      ],
      [
        0.1716822799878214,
        0.9851477367885263,
        -0.0030218270347114823,
        -41.357983510171834
      ],
      [
        0.017736742733092545,
        -2.4090556180425762e-05,
        0.9998426913154215,
        1.46676958305369
      ],
      [
        0.0,
        0.0,
        0.0,
        1.0
      ]
    ],
    "location": [
      -57.41395462616515,
      -41.357983510171834,
      1.46676958305369
    ],
    "rotation": [
      -2.4094346425705945e-05,
      -0.0177376728377916,
      0.17256446873215828
    ]
  },
  {
    "label_id": "3UOARbDkuMcY1CDZ705q0w",
    "size": [
      0.7092548309712504,
      0.7043774177189961,
      1.867408505954046
    ],
    "obj_class": "pedestrian",
    "point_num_in_lidar": 33,
    "speed": 0.010621318561736402,
    "if_vehicle": false,
    "motion_state": false,
    "pose": [
      [
        -0.8962668712673422,
        0.44317066045051146,
        -0.017477447883117697,
        38.977550944306586
      ],
      [
        -0.44318898760873354,
        -0.8964231087068864,
        -0.0030218270347114823,
        -40.19159258841137
      ],
      [
        -0.01700637324638725,
        0.005037448971391404,
        0.9998426913154215,
        0.6043618252178327
      ],
      [
        0.0,
        0.0,
        0.0,
        1.0
      ]
    ],
    "location": [
      38.977550944306586,
      -40.19159258841137,
      0.6043618252178327
    ],
    "rotation": [
      0.005038198901152775,
      0.017007193107707392,
      -2.6823681474309486
    ]
  },
  {
    "label_id": "5Zo39jZeAKvLd3jygUscXQ",
    "size": [
      0.8633204129116417,
      0.9964958227765475,
      1.7600000000000051
    ],
    "obj_class": "pedestrian",
    "point_num_in_lidar": 245,
    "speed": 1.5144942584822778,
    "if_vehicle": false,
    "motion_state": true,
    "pose": [
      [
        -0.02603619133183823,
        -0.9995082068479602,
        -0.017477447883117697,
        -3.557985984726429
      ],
      [
        0.999657707224906,
        -0.025987245856696137,
        -0.0030218270347114823,
        -26.861949873049525
      ],
      [
        0.00256615018578299,
        -0.01755014234582769,
        0.9998426913154215,
        0.7684113681984819
      ],
      [
        0.0,
        0.0,
        0.0,
        1.0
      ]
    ],
    "location": [
      -3.557985984726429,
      -26.861949873049525,
      0.7684113681984819
    ],
    "rotation": [
      -0.0175511011940993,
      -0.0025661530021953856,
      1.5968355463627633
    ]
  },
  {
    "label_id": "5plMF05KDpyMprvl5e_ipg",
    "size": [
      0.9221836673993559,
      0.9039507390933251,
      1.860000000000003
    ],
    "obj_class": "pedestrian",
    "point_num_in_lidar": 115,
    "speed": 0.03098876364567572,
    "if_vehicle": false,
    "motion_state": false,
    "pose": [
      [
        -0.8788313950158031,
        0.4768122460152112,
        -0.017477447883117697,
        22.520891658263963
      ],
      [
        -0.47683647989689404,
        -0.8789868258403599,
        -0.0030218270347114823,
        -23.678447761449206
      ],
      [
        -0.016803290574062206,
        0.005678208257755304,
        0.9998426913154215,
        0.8847018103034223
      ],
      [
        0.0,
        0.0,
        0.0,
        1.0
      ]
    ],
    "location": [
      22.520891658263963,
      -23.678447761449206,
      0.8847018103034223
    ],
    "rotation": [
      0.00567904057644539,
      0.01680408141100507,
      -2.644463898178773
    ]
  },
  {
    "label_id": "6nFW7Fnejgm08SNoDjHi2w",
    "size": [
      0.7576715269810342,
      0.7637234397275995,
      1.8900000000000041
    ],
    "obj_class": "pedestrian",
    "point_num_in_lidar": 155,
    "speed": 0.0021243309768607995,
    "if_vehicle": false,
    "motion_state": false,
    "pose": [
      [
        -0.6312379421391073,
        0.7753922873097705,
        -0.017477447883117697,
        18.801742321128813
      ],
      [
        -0.7754738504400304,
        -0.6313724541386688,
        -0.0030218270347114823,
        -19.93607395611616
      ],
      [
        -0.013377880538344138,
        0.011645811926894638,
        0.9998426913154215,
        0.7355125323140541
      ],
      [
        0.0,
        0.0,
        0.0,
        1.0
      ]
    ],
    "location": [
      18.801742321128813,
      -19.93607395611616,
      0.7355125323140541
    ],
    "rotation": [
      0.011647117509316773,
      0.013378279605208382,
      -2.2540174760008544
    ]
  },
  {
    "label_id": "7qaAcL3WFHPDh_NixTan-A",
    "size": [
      2.045007749545911,
      4.144237317604301,
      1.6999999999999993
    ],
    "obj_class": "vehicle",
    "point_num_in_lidar": 20,
    "speed": 0.42026097431753767,
    "if_vehicle": true,
    "motion_state": false,
    "pose": [
      [
        0.7153007994271944,
        0.6985980998788285,
        -0.017477447883117697,
        38.5274859110998
      ],
      [
        -0.6987394198724369,
        0.715369898498464,
        -0.0030218270347114823,
        -54.81987467664658
      ],
      [
        0.010391797493546183,
        0.01437369708836024,
        0.9998426913154215,
        0.557247557310145
      ],
      [
        0.0,
        0.0,
        0.0,
        1.0
      ]
    ],
    "location": [
      38.5274859110998,
      -54.81987467664658,
      0.557247557310145
    ],
    "rotation": [
      0.014374968323192162,
      -0.010391984536727291,
      -0.7736865995172207
    ]
  },
  {
    "label_id": "ABRBhQePUHY_I0XPW1ez4A",
    "size": [
      2.1306944974766444,
      4.5215893642290155,
      1.8999999999999986
    ],
    "obj_class": "vehicle",
    "point_num_in_lidar": 282,
    "speed": 1.7505093075142628,
    "if_vehicle": true,
    "motion_state": true,
    "pose": [
      [
        0.7180518010766851,
        0.695770184605536,
        -0.017477447883117697,
        23.22695590008084
      ],
      [
        -0.6959112308437239,
        0.718121457238917,
        -0.0030218270347114823,
        -40.555567874333065
      ],
      [
        0.010448433188854495,
        0.014332580613164269,
        0.9998426913154215,
        0.6805416307715468
      ],
      [
        0.0,
        0.0,
        0.0,
        1.0
      ]
    ],
    "location": [
      23.22695590008084,
      -40.555567874333065,
      0.6805416307715468
    ],
    "rotation": [
      0.014333853851770136,
      -0.010448623307011608,
      -0.7697409216904301
    ]
  },
  {
    "label_id": "BJzgD4pDd9zzx_tJ81Wh9w",
    "size": [
      2.057682672118175,
      4.348731250934897,
      1.5799999999999983
    ],
    "obj_class": "vehicle",
    "point_num_in_lidar": 758,
    "speed": 1.7053025658242404e-12,
    "if_vehicle": true,
    "motion_state": false,
    "pose": [
      [
        0.5865991474083202,
        0.8096888161975098,
        -0.017477447883117697,
        9.236298429362478
      ],
      [
        -0.809839800284001,
        0.586643304263623,
        -0.0030218270347114823,
        -21.358248356105832
      ],
      [
        0.007806288221758255,
        0.01592653406531524,
        0.9998426913154215,
        0.6673936470585957
      ],
      [
        0.0,
        0.0,
        0.0,
        1.0
      ]
    ],
    "location": [
      9.236298429362478,
      -21.358248356105832,
      0.6673936470585957
    ],
    "rotation": [
      0.01592769279870879,
      -0.0078063675073744175,
      -0.9439210527405577
    ]
  },
  {
    "label_id": "BMprUx_wfiGkn4Jsd9YGfw",
    "size": [
      0.9165089260500563,
      0.14690670426762598,
      1.129999999999999
    ],
    "obj_class": "sign",
    "point_num_in_lidar": 93,
    "speed": 0.0038150494317130074,
    "if_vehicle": false,
    "motion_state": false,
    "pose": [
      [
        -0.7035187187044384,
        -0.7104617873242431,
        -0.017477447883117697,
        25.459831923591082
      ],
      [
        0.7106042430429813,
        -0.7035854449394784,
        -0.0030218270347114823,
        -24.835823538574914
      ],
      [
        -0.01014998530918407,
        -0.01454546050691266,
        0.9998426913154215,
        3.3772245104993956
      ],
      [
        0.0,
        0.0,
        0.0,
        1.0
      ]
    ],
    "location": [
      25.459831923591082,
      -24.835823538574914,
      3.3772245104993956
    ],
    "rotation": [
      -0.014546722843815032,
      0.010150159596236562,
      2.3511839888174393
    ]
  },
  {
    "label_id": "BrpalxtMlwqR7rQyfylZ8g",
    "size": [
      2.3380971946354303,
      6.178880489167328,
      2.219999999999999
    ],
    "obj_class": "vehicle",
    "point_num_in_lidar": 1283,
    "speed": 0.5123727305410791,
    "if_vehicle": true,
    "motion_state": false,
    "pose": [
      [
        0.9799174813601278,
        -0.1986360202488878,
        -0.017477447883117697,
        -18.29735689084623
      ],
      [
        0.19861368866053436,
        0.9800731968776764,
        -0.0030218270347114823,
        -28.5253692051665
      ],
      [
        0.017729421916125723,
        -0.0005101192554778337,
        0.9998426913154215,
        1.2050445889749675
      ],
      [
        0.0,
        0.0,
        0.0,
        1.0
      ]
    ],
    "location": [
      -18.29735689084623,
      -28.5253692051665,
      1.2050445889749675
    ],
    "rotation": [
      -0.0005101994700233926,
      -0.017730350869493077,
      0.19997508398549158
    ]
  },
  {
    "label_id": "C88vprxSbrDQhEq30YQshA",
    "size": [
      0.821903173747453,
      0.7469626673616249,
      1.7100000000000009
    ],
    "obj_class": "pedestrian",
    "point_num_in_lidar": 25,
    "speed": 1.1390866590859189e-12,
    "if_vehicle": false,
    "motion_state": false,
    "pose": [
      [
        0.7749783604591618,
        0.6317460562880645,
        -0.017477447883117697,
        44.30618239147634
      ],
      [
        -0.6318806217212692,
        0.7750598354027348,
        -0.0030218270347114823,
        -14.622825412032398
      ],
      [
        0.011637040567585442,
        0.013385511195437363,
        0.9998426913154215,
        0.4392924908671958
      ],
      [
        0.0,
        0.0,
        0.0,
        1.0
      ]
    ],
    "location": [
      44.30618239147634,
      -14.622825412032398,
      0.4392924908671958
    ],
    "rotation": [
      0.013386817456622442,
      -0.01163730323298122,
      -0.6840324301098357
    ]
  },
  {
    "label_id": "DNJU6vLPoCqw-LexqChKbQ",
    "size": [
      2.4830097227218606,
      5.749171203661658,
      2.2116833098079987
    ],
    "obj_class": "vehicle",
    "point_num_in_lidar": 156,
    "speed": 7.503386398189197,
    "if_vehicle": true,
    "motion_state": true,
    "pose": [
      [
        0.7011895895889264,
        -0.7127606177866492,
        -0.017477447883117697,
        -12.497077833317235
      ],
      [
        0.7128292035003648,
        0.7013311594378276,
        -0.0030218270347114823,
        -79.32145722489076
      ],
      [
        0.014411318091986494,
        -0.010339561595463856,
        0.9998426913154215,
        1.2576893226490107
      ],
      [
        0.0,
        0.0,
        0.0,
        1.0
      ]
    ],
    "location": [
      -12.497077833317235,
      -79.32145722489076,
      1.2576893226490107
    ],
    "rotation": [
      -0.010340819748348938,
      -0.014411816976995397,
      0.7936295610867385
    ]
  },
  {
    "label_id": "ERcztt6ItC06k_ercBFdsg",
    "size": [
      0.9210467867687272,
      1.027108511389792,
      1.9000000000000057
    ],
    "obj_class": "pedestrian",
    "point_num_in_lidar": 274,
    "speed": 0.7889163302482547,
    "if_vehicle": false,
    "motion_state": false,
    "pose": [
      [
        0.6752323425081305,
        0.7373980081655196,
        -0.017477447883117697,
        -4.873853775036196
      ],
      [
        -0.7375429614039009,
        0.6752934537258126,
        -0.0030218270347114823,
        -26.410355357063963
      ],
      [
        0.009574116906886474,
        0.014930804016799595,
        0.9998426913154215,
        0.9151132842301166
      ],
      [
        0.0,
        0.0,
        0.0,
        1.0
      ]
    ],
    "location": [
      -4.873853775036196,
      -26.410355357063963,
      0.9151132842301166
    ],
    "rotation": [
      0.014932043253589999,
      -0.009574263179439968,
      -0.8294747142383249
    ]
  },
  {
    "label_id": "EUjlvkwSB2q67LcxAKGoDA",
    "size": [
      0.9651760985935136,
      1.0981614056106253,
      1.8000000000000007
    ],
    "obj_class": "pedestrian",
    "point_num_in_lidar": 133,
    "speed": 1.195012300344405,
    "if_vehicle": false,
    "motion_state": true,
    "pose": [
      [
        -0.8958804257299793,
        -0.44395135049841217,
        -0.017477447883117697,
        18.146250087638464
      ],
      [
        0.4440644724267807,
        -0.8959897392770172,
        -0.0030218270347114823,
        -14.50073762478496
      ],
      [
        -0.014318069778989504,
        -0.010468309363922897,
        0.9998426913154215,
        0.7714155942790839
      ],
      [
        0.0,
        0.0,
        0.0,
        1.0
      ]
    ],
    "location": [
      18.146250087638464,
      -14.50073762478496,
      0.7714155942790839
    ],
    "rotation": [
      -0.010469573831989789,
      0.01431855904184038,
      2.6814119745575336
    ]
  },
  {
    "label_id": "EynIiRmnuBbFsLCDQ1XKbQ",
    "size": [
      0.5413567342716055,
      0.13723403558369326,
      0.5999999999999979
    ],
    "obj_class": "sign",
    "point_num_in_lidar": 42,
    "speed": 0.0026468503836772645,
    "if_vehicle": false,
    "motion_state": false,
    "pose": [
      [
        0.6255544185807934,
        -0.7799847487031643,
        -0.017477447883117697,
        2.3103827256311433
      ],
      [
        0.7800672926862887,
        0.6256883309144069,
        -0.0030218270347114823,
        -43.24078011628444
      ],
      [
        0.013292414194925306,
        -0.011743268199498662,
        0.9998426913154215,
        2.8192031964430093
      ],
      [
        0.0,
        0.0,
        0.0,
        1.0
      ]
    ],
    "location": [
      2.3103827256311433,
      -43.24078011628444,
      2.8192031964430093
    ],
    "rotation": [
      -0.011744575782164996,
      -0.013292805661674251,
      0.8948835211926227
    ]
  },
  {
    "label_id": "F2JamCeRc3TUMgMz4AxtWQ",
    "size": [
      0.7457916163605837,
      0.7358267476223533,
      1.6800000000000033
    ],
    "obj_class": "pedestrian",
    "point_num_in_lidar": 35,
    "speed": 0.12160246921468375,
    "if_vehicle": false,
    "motion_state": false,
    "pose": [
      [
        -0.4867320465507259,
        0.8733764673243921,
        -0.017477447883117697,
        -26.525526229763955
      ],
      [
        -0.8734801857324623,
        -0.48685031959952046,
        -0.0030218270347114823,
        -24.489070541814726
      ],
      [
        -0.01114809370812147,
        0.013795384366147644,
        0.9998426913154215,
        1.0959952671035822
      ],
      [
        0.0,
        0.0,
        0.0,
        1.0
      ]
    ],
    "location": [
      -26.525526229763955,
      -24.489070541814726,
      1.0959952671035822
    ],
    "rotation": [
      0.013796679382919409,
      0.011148324635205136,
      -2.0791757934272637
    ]
  },
  {
    "label_id": "GJEO8qd3JaW07GphAWS-nA",
    "size": [
      0.8296061988046551,
      0.1290419424672085,
      0.7899999999999991
    ],
    "obj_class": "sign",
    "point_num_in_lidar": 24,
    "speed": 1.4426817432597938e-12,
    "if_vehicle": false,
    "motion_state": false,
    "pose": [
      [
        -0.6880316119000883,
        -0.7254702198172295,
        -0.017477447883117697,
        31.035472135703685
      ],
      [
        0.725614081568909,
        -0.6880952500855393,
        -0.0030218270347114823,
        -60.166687087936225
      ],
      [
        -0.009833903348869064,
        -0.014760994819452724,
        0.9998426913154215,
        3.8706679357152005
      ],
      [
        0.0,
        0.0,
        0.0,
        1.0
      ]
    ],
    "location": [
      31.035472135703685,
      -60.166687087936225,
      3.8706679357152005
    ],
    "rotation": [
      -0.01476224477547206,
      0.009834061854777832,
      2.3296152565771364
    ]
  },
  {
    "label_id": "GiHYRbxhmvNPKbWHFSSQLQ",
    "size": [
      2.194729265619492,
      4.8705239665823665,
      1.8399999999999999
    ],
    "obj_class": "vehicle",
    "point_num_in_lidar": 43,
    "speed": 5.695433295429594e-13,
    "if_vehicle": true,
    "motion_state": false,
    "pose": [
      [
        0.9852795966012619,
        -0.1700548597857394,
        -0.017477447883117697,
        -63.78842972119969
      ],
      [
        0.17002800925283695,
        0.9854345968307027,
        -0.0030218270347114823,
        -42.585904923409544
      ],
      [
        0.01773675818101432,
        5.688851372605638e-06,
        0.9998426913154215,
        1.8087297881369935
      ],
      [
        0.0,
        0.0,
        0.0,
        1.0
      ]
    ],
    "location": [
      -63.78842972119969,
      -42.585904923409544,
      1.8087297881369935
    ],
    "rotation": [
      5.689746419069019e-06,
      -0.017737688288143847,
      0.17088523859807628
    ]
  },
  {
    "label_id": "HSYlWnCOg45HraIyv_ltIQ",
    "size": [
      0.4747702729926594,
      0.04903281749638218,
      0.629999999999999
    ],
    "obj_class": "sign",
    "point_num_in_lidar": 26,
    "speed": 0.0017905891268173424,
    "if_vehicle": false,
    "motion_state": false,
    "pose": [
      [
        -0.6974301788118618,
        0.7164395888684177,
        -0.017477447883117697,
        26.090842230365297
      ],
      [
        -0.716508918406967,
        -0.6975713858843772,
        -0.0030218270347114823,
        -22.08926834704289
      ],
      [
        -0.014356724059928546,
        0.010415233910089446,
        0.9998426913154215,
        2.792499234839152
      ],
      [
        0.0,
        0.0,
        0.0,
        1.0
      ]
    ],
    "location": [
      26.090842230365297,
      -22.08926834704289,
      2.792499234839152
    ],
    "rotation": [
      0.010416495816574115,
      0.014357217296299804,
      -2.34270198413493
    ]
  },
  {
    "label_id": "J3L10LSZhOaAERyZECqKyA",
    "size": [
      2.0009524860859713,
      4.516471889621558,
      1.4899999999999984
    ],
    "obj_class": "vehicle",
    "point_num_in_lidar": 372,
    "speed": 1.718573603063735e-12,
    "if_vehicle": true,
    "motion_state": false,
    "pose": [
      [
        -0.9933187375031387,
        0.11407201471291517,
        -0.017477447883117697,
        -21.19598657696656
      ],
      [
        -0.11403644293978492,
        -0.9934719715437438,
        -0.0030218270347114823,
        -22.443894325220754
      ],
      [
        -0.01770806050395746,
        -0.001008571426816247,
        0.9998426913154215,
        0.8119863880325582
      ],
      [
        0.0,
        0.0,
        0.0,
        1.0
      ]
    ],
    "location": [
      -21.19598657696656,
      -22.443894325220754,
      0.8119863880325582
    ],
    "rotation": [
      -0.0010087297666830908,
      0.017708986103286473,
      -3.0272895909357094
    ]
  },
  {
    "label_id": "JVYPAlhJdEp7rPPkcSy-eg",
    "size": [
      1.0656834320430664,
      1.1186858250039786,
      1.7899999999999991
    ],
    "obj_class": "pedestrian",
    "point_num_in_lidar": 27,
    "speed": 1.0274051098742574,
    "if_vehicle": false,
    "motion_state": true,
    "pose": [
      [
        -0.37815672980871123,
        0.9255765913828387,
        -0.017477447883117697,
        45.42409109330856
      ],
      [
        -0.9256937817626739,
        -0.3782616699684114,
        -0.0030218270347114823,
        -41.84897244787135
      ],
      [
        -0.00940798098959074,
        0.015036040596989209,
        0.9998426913154215,
        0.6136384552557566
      ],
      [
        0.0,
        0.0,
        0.0,
        1.0
      ]
    ],
    "location": [
      45.42409109330856,
      -41.84897244787135,
      0.6136384552557566
    ],
    "rotation": [
      0.015037272759146974,
      0.009408119778684963,
      -1.9586187623720615
    ]
  },
  {
    "label_id": "KX-4SfeSeDvbwnkBCjdU4g",
    "size": [
      0.842286040055639,
      0.8451582887489959,
      1.7199999999999989
    ],
    "obj_class": "pedestrian",
    "point_num_in_lidar": 99,
    "speed": 0.0,
    "if_vehicle": false,
    "motion_state": false,
    "pose": [
      [
        -0.5125327052277079,
        0.858489816414534,
        -0.017477447883117697,
        21.74109081043798
      ],
      [
        -0.8585899656063398,
        -0.5126540154153447,
        -0.0030218270347114823,
        -18.834928855960243
      ],
      [
        -0.011554091572758638,
        0.013457176192021717,
        0.9998426913154215,
        0.6654090060640883
      ],
      [
        0.0,
        0.0,
        0.0,
        1.0
      ]
    ],
    "location": [
      21.74109081043798,
      -18.834928855960243,
      0.6654090060640883
    ],
    "rotation": [
      0.013458480815516262,
      0.01155434866102538,
      -2.108967951097093
    ]
  },
  {
    "label_id": "L6FARVJJcyZSmCMc6NE_Mw",
    "size": [
      2.0517996521708497,
      4.481819076765856,
      1.8000000000000043
    ],
    "obj_class": "vehicle",
    "point_num_in_lidar": 212,
    "speed": 5.410959196979364,
    "if_vehicle": true,
    "motion_state": true,
    "pose": [
      [
        0.6486660894291669,
        0.7608724224468678,
        -0.017477447883117697,
        16.31628573740636
      ],
      [
        -0.7610194510469236,
        0.6487220234350082,
        -0.0030218270347114823,
        -23.817364305905357
      ],
      [
        0.009038780499099648,
        0.015260834519249077,
        0.9998426913154215,
        1.0334297131342183
      ],
      [
        0.0,
        0.0,
        0.0,
        1.0
      ]
    ],
    "location": [
      16.31628573740636,
      -23.817364305905357,
      1.0334297131342183
    ],
    "rotation": [
      0.015262050450931746,
      -0.00903890358101239,
      -0.8649310536074388
    ]
  },
  {
    "label_id": "LEDQQXEw_Ihy4SUDGjGeJA",
    "size": [
      0.8499373098873024,
      0.9264115891780135,
      1.9299999999999997
    ],
    "obj_class": "pedestrian",
    "point_num_in_lidar": 81,
    "speed": 0.008444191453454994,
    "if_vehicle": false,
    "motion_state": false,
    "pose": [
      [
        -0.4818310411838765,
        0.876089827909875,
        -0.017477447883117697,
        22.380864976149724
      ],
      [
        -0.8761942073518568,
        -0.4819487312613486,
        -0.0030218270347114823,
        -19.707662051721854
      ],
      [
        -0.011070625759768705,
        0.013857628528069077,
        0.9998426913154215,
        0.7971537012247225
      ],
      [
        0.0,
        0.0,
        0.0,
        1.0
      ]
    ],
    "location": [
      22.380864976149724,
      -19.707662051721854,
      0.7971537012247225
    ],
    "rotation": [
      0.013858921435208945,
      0.011070851905925714,
      -2.0735731402687225
    ]
  },
  {
    "label_id": "LwSqmBnMVv6Bxt4JdUirjw",
    "size": [
      1.9169959747088876,
      4.186827698229656,
      1.6000000000000014
    ],
    "obj_class": "vehicle",
    "point_num_in_lidar": 55,
    "speed": 3.552713678800501e-14,
    "if_vehicle": true,
    "motion_state": false,
    "pose": [
      [
        0.6219883407403918,
        -0.7828314268081649,
        -0.017477447883117697,
        16.10748136019174
      ],
      [
        0.7829145810583892,
        0.6221218749791227,
        -0.0030218270347114823,
        -60.886474600672955
      ],
      [
        0.013238683816045755,
        -0.011803807604056266,
        0.9998426913154215,
        0.6310538454489567
      ],
      [
        0.0,
        0.0,
        0.0,
        1.0
      ]
    ],
    "location": [
      16.10748136019174,
      -60.886474600672955,
      0.6310538454489567
    ],
    "rotation": [
      -0.011805116317037125,
      -0.013239070554568107,
      0.8994472546457469
    ]
  },
  {
    "label_id": "M8sjiibdjQXMQVuY4NYmfQ",
    "size": [
      0.8508967923387027,
      0.9774615490357054,
      1.6200000000000045
    ],
    "obj_class": "pedestrian",
    "point_num_in_lidar": 63,
    "speed": 1.1470909109753393,
    "if_vehicle": false,
    "motion_state": true,
    "pose": [
      [
        -0.912519099143238,
        0.40866053456910434,
        -0.017477447883117697,
        31.04240162297856
      ],
      [
        -0.4086728887990956,
        -0.9126759219580487,
        -0.0030218270347114823,
        -14.819863978120338
      ],
      [
        -0.017186147311578755,
        0.004385084231747742,
        0.9998426913154215,
        0.6022816635216408
      ],
      [
        0.0,
        0.0,
        0.0,
        1.0
      ]
    ],
    "location": [
      31.04240162297856,
      -14.819863978120338,
      0.6022816635216408
    ],
    "rotation": [
      0.0043857460322912585,
      0.017186993451273957,
      -2.7205270023233985
    ]
  },
  {
    "label_id": "MGDi0Feg3WgL1_2697vcBQ",
    "size": [
      0.8273713641483542,
      0.9264627697768697,
      1.610000000000003
    ],
    "obj_class": "pedestrian",
    "point_num_in_lidar": 50,
    "speed": 1.187240002830573,
    "if_vehicle": false,
    "motion_state": true,
    "pose": [
      [
        -0.9966139458170152,
        0.08034414613730291,
        -0.017477447883117697,
        31.953835541243052
      ],
      [
        -0.08030340188358026,
        -0.9967658863581239,
        -0.0030218270347114823,
        -14.461585785335046
      ],
      [
        -0.017663709943372238,
        -0.001608096443383012,
        0.9998426913154215,
        0.5689484811656662
      ],
      [
        0.0,
        0.0,
        0.0,
        1.0
      ]
    ],
    "location": [
      31.953835541243052,
      -14.461585785335046,
      0.5689484811656662
    ],
    "rotation": [
      -0.0016083480639019372,
      0.017664628604852187,
      -3.06119012124356
    ]
  },
  {
    "label_id": "MMRb3jHqGvp6u3_L3aIsDw",
    "size": [
      2.187111608221479,
      5.576670239505544,
      2.0900000000000034
    ],
    "obj_class": "vehicle",
    "point_num_in_lidar": 9063,
    "speed": 0.0018550989062876334,
    "if_vehicle": true,
    "motion_state": false,
    "pose": [
      [
        0.13805618719104243,
        0.9902701792913714,
        -0.017477447883117697,
        4.608470337085919
      ],
      [
        -0.990424228625373,
        0.1380243308739695,
        -0.0030218270347114823,
        -8.77103695156984
      ],
      [
        -0.000580112149999258,
        0.01772726975674008,
        0.9998426913154215,
        1.016319660045255
      ],
      [
        0.0,
        0.0,
        0.0,
        1.0
      ]
    ],
    "location": [
      4.608470337085919,
      -8.77103695156984,
      1.016319660045255
    ],
    "rotation": [
      0.017728201355171586,
      0.0005801121825367968,
      -1.4322977643604582
    ]
  },
  {
    "label_id": "MhxUH3Qh4-q6ZeQGrgjZog",
    "size": [
      1.8095717427191174,
      4.104413323080284,
      1.5700000000000003
    ],
    "obj_class": "vehicle",
    "point_num_in_lidar": 108,
    "speed": 8.556067554929069e-13,
    "if_vehicle": true,
    "motion_state": false,
    "pose": [
      [
        -0.9819355710622042,
        0.18840666946325405,
        -0.017477447883117697,
        -27.31055869484271
      ],
      [
        -0.1883827152923377,
        -0.98209104523993,
        -0.0030218270347114823,
        -23.575675562624383
      ],
      [
        -0.01773377742696147,
        0.0003252096336214041,
        0.9998426913154215,
        0.9219863880325576
      ],
      [
        0.0,
        0.0,
        0.0,
        1.0
      ]
    ],
    "location": [
      -27.31055869484271,
      -23.575675562624383,
      0.9219863880325576
    ],
    "rotation": [
      0.0003252607884997156,
      0.017734707065197596,
      -2.95204736776086
    ]
  },
  {
    "label_id": "N1G3ObOTcL37PoStSOPQxg",
    "size": [
      0.8769430839473092,
      0.7703446808274568,
      2.033662047750184
    ],
    "obj_class": "pedestrian",
    "point_num_in_lidar": 32,
    "speed": 1.7763568394002505e-13,
    "if_vehicle": false,
    "motion_state": false,
    "pose": [
      [
        -0.8290503054656634,
        0.558900822886121,
        -0.017477447883117697,
        43.26066562699907
      ],
      [
        -0.5589398520447931,
        -0.8292026955802285,
        -0.0030218270347114823,
        -42.648351026200544
      ],
      [
        -0.016181248512863924,
        0.007263595507718433,
        0.9998426913154215,
        0.6995386422418228
      ],
      [
        0.0,
        0.0,
        0.0,
        1.0
      ]
    ],
    "location": [
      43.26066562699907,
      -42.648351026200544,
      0.6995386422418228
    ],
    "rotation": [
      0.0072646105158930534,
      0.016181954726353392,
      -2.548397645609149
    ]
  },
  {
    "label_id": "O59JY3j7LGqToSBNDEeqYg",
    "size": [
      2.17274959167202,
      4.601014708920024,
      1.5799999999999983
    ],
    "obj_class": "vehicle",
    "point_num_in_lidar": 102,
    "speed": 7.612093747163498,
    "if_vehicle": true,
    "motion_state": true,
    "pose": [
      [
        -0.6978509218487651,
        0.7160297687179785,
        -0.017477447883117697,
        -5.539384529442259
      ],
      [
        -0.7160990152942572,
        -0.6979921696236767,
        -0.0030218270347114823,
        -63.02883863046554
      ],
      [
        -0.014362839880192251,
        0.010406798437116352,
        0.9998426913154215,
        0.6243135782308507
      ],
      [
        0.0,
        0.0,
        0.0,
        1.0
      ]
    ],
    "location": [
      -5.539384529442259,
      -63.02883863046554,
      0.6243135782308507
    ],
    "rotation": [
      0.010408059931066246,
      0.014363333747212331,
      -2.343289450245684
    ]
  },
  {
    "label_id": "O9135g1GOeSBKxxZHcQSJw",
    "size": [
      0.8631129191734186,
      0.10705276516763673,
      0.8000000000000007
    ],
    "obj_class": "sign",
    "point_num_in_lidar": 37,
    "speed": 1.0658141036401503e-13,
    "if_vehicle": false,
    "motion_state": false,
    "pose": [
      [
        -0.9998201758629917,
        0.00735899128884742,
        -0.017477447883117697,
        -8.263926939923977
      ],
      [
        -0.007307261413024137,
        -0.9999687357572805,
        -0.0030218270347114823,
        -30.1138689304953
      ],
      [
        -0.017499139062769804,
        -0.0028935713567583305,
        0.9998426913154215,
        2.706947261151033
      ],
      [
        0.0,
        0.0,
        0.0,
        1.0
      ]
    ],
    "location": [
      -8.263926939923977,
      -30.1138689304953,
      2.706947261151033
    ],
    "rotation": [
      -0.002894018532784564,
      0.01750003228320225,
      -3.134284208044154
    ]
  },
  {
    "label_id": "OBmaSu1uTjgZW7C-GFlGRg",
    "size": [
      0.8698284263545005,
      1.0188197221530193,
      1.7100000000000044
    ],
    "obj_class": "pedestrian",
    "point_num_in_lidar": 51,
    "speed": 1.6533829240591629,
    "if_vehicle": false,
    "motion_state": true,
    "pose": [
      [
        0.5208231642661768,
        -0.8534856591526655,
        -0.017477447883117697,
        -10.267689279293336
      ],
      [
        0.8535846287548953,
        0.5209454387119056,
        -0.0030218270347114823,
        -51.56812083763543
      ],
      [
        0.011683882793601288,
        -0.013344643344810534,
        0.9998426913154215,
        0.9674750256841484
      ],
      [
        0.0,
        0.0,
        0.0,
        1.0
      ]
    ],
    "location": [
      -10.267689279293336,
      -51.56812083763543,
      0.9674750256841484
    ],
    "rotation": [
      -0.013345950478295081,
      -0.01168414864380976,
      1.0229397398111517
    ]
  },
  {
    "label_id": "OGAaBVDVAhjJMcaKvP7EOw",
    "size": [
      1.8657107994764894,
      4.3588581548173195,
      1.8999999999999986
    ],
    "obj_class": "vehicle",
    "point_num_in_lidar": 899,
    "speed": 1.4210854715202004e-12,
    "if_vehicle": true,
    "motion_state": false,
    "pose": [
      [
        -0.9854417337443069,
        0.16911276773356787,
        -0.017477447883117697,
        -14.7183745783816
      ],
      [
        -0.1690857690190264,
        -0.985596708231423,
        -0.0030218270347114823,
        -21.546047176556385
      ],
      [
        -0.01773674463533923,
        -2.264675635459093e-05,
        0.9998426913154215,
        0.9295871176626846
      ],
      [
        0.0,
        0.0,
        0.0,
        1.0
      ]
    ],
    "location": [
      -14.7183745783816,
      -21.546047176556385,
      0.9295871176626846
    ],
    "rotation": [
      -2.2650319442674866e-05,
      0.01773767474033757,
      -2.9716636538959738
    ]
  },
  {
    "label_id": "OLbKrwdNgogwuqHpnALO5Q",
    "size": [
      0.844547445569092,
      0.8392516669915127,
      1.6200000000000045
    ],
    "obj_class": "pedestrian",
    "point_num_in_lidar": 27,
    "speed": 0.010584749166778717,
    "if_vehicle": false,
    "motion_state": false,
    "pose": [
      [
        -0.8866833252561831,
        0.4620467720135384,
        -0.017477447883117697,
        19.634949330254585
      ],
      [
        -0.4620684028677456,
        -0.8868391396598501,
        -0.0030218270347114823,
        -19.033713650416757
      ],
      [
        -0.016895910271085647,
        0.005396372786069445,
        0.9998426913154215,
        0.6143956793962104
      ],
      [
        0.0,
        0.0,
        0.0,
        1.0
      ]
    ],
    "location": [
      19.634949330254585,
      -19.033713650416757,
      0.6143956793962104
    ],
    "rotation": [
      0.005397169409819815,
      0.016896714258646275,
      -2.6611921639935265
    ]
  },
  {
    "label_id": "QejprcVDDCJCuLextiGizw",
    "size": [
      0.7812847892950102,
      0.8672253570285257,
      1.714137808965699
    ],
    "obj_class": "pedestrian",
    "point_num_in_lidar": 20,
    "speed": 1.1871416645455337,
    "if_vehicle": false,
    "motion_state": true,
    "pose": [
      [
        -0.7224768421811851,
        -0.6911741830590866,
        -0.017477447883117697,
        46.19042417474793
      ],
      [
        0.6913147819548544,
        -0.7225473969312217,
