[
  {
    "label_id": "-3y3uSWZpzEtolStN25xzw",
    "size": [
      0.9999999999998692,
      1.0,
      1.7399999999999984
    ],
    "obj_class": "pedestrian",
    "point_num_in_lidar": 33,
    "speed": 1.2929331948373075,
    "if_vehicle": false,
    "motion_state": true,
    "pose": [
      [
        -0.8131466059213197,
        0.5817883428969056,
        -0.0177460234393656,
        44.79950425564289
      ],
      [
        -0.5818314148753797,
        -0.8133032669308017,
        -0.0031623826142384358,
        -36.204015001332664
      ],
      [
        -0.01627273617901039,
        0.007753713236745165,
        0.9998375257952118,
        0.5967049794941168
      ],
      [
        0.0,
        0.0,
        0.0,
        1.0
      ]
    ],
    "location": [
      44.79950425564289,
      -36.204015001332664,
      0.5967049794941168
    ],
    "rotation": [
      0.007754817765107496,
      0.016273454439961296,
      -2.5205192259867175
    ]
  },
  {
    "label_id": "-Dzbj8ej64m1E-fNNfo-Ww",
    "size": [
      2.6091428097860265,
      6.207139029641827,
      2.6000000000000014
    ],
    "obj_class": "vehicle",
    "point_num_in_lidar": 56,
    "speed": 1.4210854715202004e-12,
    "if_vehicle": true,
    "motion_state": false,
    "pose": [
      [
        0.7266229752322524,
        -0.6868072003966754,
        -0.0177460234393656,
        -8.701875333534417
      ],
      [
        0.6868711444545941,
        0.7267723372912851,
        -0.0031623826142384358,
        -86.55934551248538
      ],
      [
        0.015069266082521888,
        -0.009891371565334421,
        0.9998375257952118,
        1.5759752053911456
      ],
      [
        0.0,
        0.0,
        0.0,
        1.0
      ]
    ],
    "location": [
      -8.701875333534417,
      -86.55934551248538,
      1.5759752053911456
    ],
    "rotation": [
      -0.009892656192816651,
      -0.015069836469283162,
      0.757282478178851
    ]
  },
  {
    "label_id": "-u6v7A9TrXDu-9EE_fzpuA",
    "size": [
      2.0399475097404007,
      4.415591832276201,
      1.7400000000000055
    ],
    "obj_class": "vehicle",
    "point_num_in_lidar": 6656,
    "speed": 0.00021746128303404825,
    "if_vehicle": true,
    "motion_state": false,
    "pose": [
      [
        0.33761749637492566,
        0.9411160952792257,
        -0.0177460234393656,
        6.268567891198472
      ],
      [
        -0.9412785639021471,
        0.3376161496056029,
        -0.0031623826142384358,
        -16.4439371336357
      ],
      [
        0.0030151749267184054,
        0.017771627158778665,
        0.9998375257952118,
        0.8202082645109279
      ],
      [
        0.0,
        0.0,
        0.0,
        1.0
      ]
    ],
    "location": [
      6.268567891198472,
      -16.4439371336357,
      0.8202082645109279
    ],
    "rotation": [
      0.017772643559487177,
      -0.0030151794953702663,
      -1.2264100740906767
    ]
  },
  {
    "label_id": "0W_ICpRE-uhjmG5ZAXO0qA",
    "size": [
      0.8560961486102202,
      0.7477227720306335,
      1.9060699903247986
    ],
    "obj_class": "pedestrian",
    "point_num_in_lidar": 110,
    "speed": 0.0020684853165204944,
    "if_vehicle": false,
    "motion_state": false,
    "pose": [
      [
        -0.9916313567845855,
        0.1278762327160585,
        -0.0177460234393656,
        21.0766156156933
      ],
      [
        -0.1278400656225034,
        -0.991789754412615,
        -0.0031623826142384358,
        -22.322289515432203
      ],
      [
        -0.01800471780384449,
        -0.0008672649614022623,
        0.9998375257952118,
        0.6576055604967124
      ],
      [
        0.0,
        0.0,
        0.0,
        1.0
      ]
    ],
    "location": [
      21.0766156156933,
      -22.322289515432203,
      0.6576055604967124
    ],
    "rotation": [
      -0.0008674056749416019,
      0.018005690710259856,
      -3.013380887582282
    ]
  },
  {
    "label_id": "0s0MLJ4EvKMJbQzmaFGapQ",
    "size": [
      1.0271755662515851,
      1.1252974528226218,
      1.6799999999999997
    ],
    "obj_class": "pedestrian",
    "point_num_in_lidar": 71,
    "speed": 1.30434563723924,
    "if_vehicle": false,
    "motion_state": true,
    "pose": [
      [
        -0.9394796714496564,
        0.3421447436172815,
        -0.0177460234393656,
        -3.8707112526681158
      ],
      [
        -0.3421441790958541,
        -0.9396421446737185,
        -0.0031623826142384358,
        -48.35391817217533
      ],
      [
        -0.01775690411276393,
        0.003100704442454697,
        0.9998375257952118,
        0.8805608554170767
      ],
      [
        0.0,
        0.0,
        0.0,
        1.0
      ]
    ],
    "location": [
      -3.8707112526681158,
      -48.35391817217533,
      0.8805608554170767
    ],
    "rotation": [
      0.003101198366916215,
      0.017757837393124132,
      -2.792337384864455
    ]
  },
  {
    "label_id": "1rDkIQm97fn96_z7MlfEFA",
    "size": [
      2.056830189203349,
      4.3471459235386005,
      1.509999999999998
    ],
    "obj_class": "vehicle",
    "point_num_in_lidar": 42,
    "speed": 1.7067822212573438e-12,
    "if_vehicle": true,
    "motion_state": false,
    "pose": [
      [
        0.9849880311659018,
        -0.17170805779581202,
        -0.0177460234393656,
        -57.41395462616538
      ],
      [
        0.17167894778274048,
        0.9851478763233529,
        -0.0031623826142384358,
        -41.357983510170016
      ],
      [
        0.01802546388117359,
        6.829039359385914e-05,
        0.9998375257952118,
        1.4667695830536864
      ],
      [
        0.0,
        0.0,
        0.0,
        1.0
      ]
    ],
    "location": [
      -57.41395462616538,
      -41.357983510170016,
      1.4667695830536864
    ],
    "rotation": [
      6.83014907180557e-05,
      -0.018026440154911238,
      0.17256198587110902
    ]
  },
  {
    "label_id": "2hG8b9thgwMFUB5DUm0BBA",
    "size": [
      2.0091103438047058,
      4.430774636678162,
      1.4100000000000001
    ],
    "obj_class": "vehicle",
    "point_num_in_lidar": 35,
    "speed": 1.4228607195221901e-12,
    "if_vehicle": true,
    "motion_state": false,
    "pose": [
      [
        0.6857833853532431,
        -0.72758932580511,
        -0.0177460234393656,
        12.116101720405595
      ],
      [
        0.7276617815682407,
        0.6859288089744701,
        -0.0031623826142384358,
        -65.62938108120761
      ],
      [
        0.014473424556028621,
        -0.010744393576665857,
        0.9998375257952118,
        0.4933694238172315
      ],
      [
        0.0,
        0.0,
        0.0,
        1.0
      ]
    ],
    "location": [
      12.116101720405595,
      -65.62938108120761,
      0.4933694238172315
    ],
    "rotation": [
      -0.010745725922807087,
      -0.014473929919208975,
      0.8150180943835676
    ]
  },
  {
    "label_id": "2ryfjIE_p6ANUWGqygpFyw",
    "size": [
      0.9252097176568786,
      1.0750809994151234,
      1.8999999999999986
    ],
    "obj_class": "pedestrian",
    "point_num_in_lidar": 30,
    "speed": 1.5818426822240332,
    "if_vehicle": false,
    "motion_state": true,
    "pose": [
      [
        0.6770645334800697,
        -0.7357096547929114,
        -0.0177460234393656,
        7.83015547915511
      ],
      [
        0.7357838383205983,
        0.6772090833726381,
        -0.0031623826142384358,
        -80.8495065789266
      ],
      [
        0.014344363688326593,
        -0.010916100131748898,
        0.9998375257952118,
        1.1986271967910405
      ],
      [
        0.0,
        0.0,
        0.0,
        1.0
      ]
    ],
    "location": [
      7.83015547915511,
      -80.8495065789266,
      1.1986271967910405
    ],
    "rotation": [
      -0.010917440232240692,
      -0.01434485565176538,
      0.8269351974921507
    ]
  },
  {
    "label_id": "3UOARbDkuMcY1CDZ705q0w",
    "size": [
      0.7092548309712542,
      0.7043774177189961,
      1.867408505954046
    ],
    "obj_class": "pedestrian",
    "point_num_in_lidar": 33,
    "speed": 0.010621318563828449,
    "if_vehicle": false,
    "motion_state": false,
    "pose": [
      [
        -0.8962626305464076,
        0.4431685635716088,
        -0.0177460234393656,
        38.96553824175521
      ],
      [
        -0.4431858307865769,
        -0.8964241845946664,
        -0.0031623826142384358,
        -40.16791169104181
      ],
      [
        -0.017309433152047023,
        0.0050304607805017445,
        0.9998375257952118,
        0.6233491459714706
      ],
      [
        0.0,
        0.0,
        0.0,
        1.0
      ]
    ],
    "location": [
      38.96553824175521,
      -40.16791169104181,
      0.6233491459714706
    ],
    "rotation": [
      0.005031235780552231,
      0.017310297633835164,
      -2.6823690976250014
    ]
  },
  {
    "label_id": "5Zo39jZeAKvLd3jygUscXQ",
    "size": [
      0.8633204129113686,
      0.9964958227765475,
      1.7600000000000051
    ],
    "obj_class": "pedestrian",
    "point_num_in_lidar": 367,
    "speed": 1.4067588325195914,
    "if_vehicle": false,
    "motion_state": true,
    "pose": [
      [
        -0.09621553936692129,
        -0.9952023154295924,
        -0.0177460234393656,
        -3.8075269135636063
      ],
      [
        0.995359480262713,
        -0.09617434370632778,
        -0.0031623826142384358,
        -23.195844434208993
      ],
      [
        0.0014404983422862828,
        -0.017967943016250394,
        0.9998375257952118,
        0.7965923233989933
      ],
      [
        0.0,
        0.0,
        0.0,
        1.0
      ]
    ],
    "location": [
      -3.8075269135636063,
      -23.195844434208993,
      0.7965923233989933
    ],
    "rotation": [
      -0.017968928617848108,
      -0.001440498840467608,
      1.6671610397444456
    ]
  },
  {
    "label_id": "5plMF05KDpyMprvl5e_ipg",
    "size": [
      0.9221836674008543,
      0.9039507390933251,
      1.860000000000003
    ],
    "obj_class": "pedestrian",
    "point_num_in_lidar": 110,
    "speed": 0.013313048388794536,
    "if_vehicle": false,
    "motion_state": false,
    "pose": [
      [
        -0.6469904136588505,
        0.762291599904944,
        -0.0177460234393656,
        22.525904290268727
      ],
      [
        -0.7623715253335323,
        -0.64713186963464,
        -0.0031623826142384358,
        -23.794471743083704
      ],
      [
        -0.013894675029416203,
        0.011483031722340086,
        0.9998375257952118,
        0.8847018103034117
      ],
      [
        0.0,
        0.0,
        0.0,
        1.0
      ]
    ],
    "location": [
      22.525904290268727,
      -23.794471743083704,
      0.8847018103034117
    ],
    "rotation": [
      0.011484392798245648,
      0.01389512215720774,
      -2.274509036001041
    ]
  },
  {
    "label_id": "6nFW7Fnejgm08SNoDjHi2w",
    "size": [
      0.7576715269810339,
      0.7637234397275995,
      1.8900000000000041
    ],
    "obj_class": "pedestrian",
    "point_num_in_lidar": 151,
    "speed": 0.0021243309749992504,
    "if_vehicle": false,
    "motion_state": false,
    "pose": [
      [
        -0.6312349554126778,
        0.7753886185115462,
        -0.0177460234393656,
        18.79735321900216
      ],
      [
        -0.7754714256425562,
        -0.6313747439897344,
        -0.0031623826142384358,
        -19.939064134381624
      ],
      [
        -0.013656466492324553,
        0.011765327647514433,
        0.9998375257952118,
        0.7195549157088763
      ],
      [
        0.0,
        0.0,
        0.0,
        1.0
      ]
    ],
    "location": [
      18.79735321900216,
      -19.939064134381624,
      0.7195549157088763
    ],
    "rotation": [
      0.011766696437100347,
      0.013656891014352796,
      -2.2540166903532133
    ]
  },
  {
    "label_id": "ABRBhQePUHY_I0XPW1ez4A",
    "size": [
      2.130694497475668,
      4.5215893642290155,
      1.8999999999999986
    ],
    "obj_class": "vehicle",
    "point_num_in_lidar": 221,
    "speed": 1.0552437134356876,
    "if_vehicle": true,
    "motion_state": true,
    "pose": [
      [
        0.7365319955685894,
        0.6761698737416811,
        -0.0177460234393656,
        25.780451831680693
      ],
      [
        -0.676314333367032,
        0.7366063547231373,
        -0.0031623826142384358,
        -42.943485440882796
      ],
      [
        0.010933525783509956,
        0.014331085989926719,
        0.9998375257952118,
        0.6708678939822583
      ],
      [
        0.0,
        0.0,
        0.0,
        1.0
      ]
    ],
    "location": [
      25.780451831680693,
      -42.943485440882796,
      0.6708678939822583
    ],
    "rotation": [
      0.014332433336440329,
      -0.010933743631126827,
      -0.7428024210468995
    ]
  },
  {
    "label_id": "BJzgD4pDd9zzx_tJ81Wh9w",
    "size": [
      2.0576826721181747,
      4.348731250934897,
      1.5799999999999983
    ],
    "obj_class": "vehicle",
    "point_num_in_lidar": 779,
    "speed": 1.7053025658242404e-12,
    "if_vehicle": true,
    "motion_state": false,
    "pose": [
      [
        0.5865963718920495,
        0.8096849851239517,
        -0.0177460234393656,
        9.236298429362705
      ],
      [
        -0.8098413881632139,
        0.5866403713980822,
        -0.0031623826142384358,
        -21.35824835610765
      ],
      [
        0.007850000061342618,
        0.01622650642455953,
        0.9998375257952118,
        0.6586259180707295
      ],
      [
        0.0,
        0.0,
        0.0,
        1.0
      ]
    ],
    "location": [
      9.236298429362705,
      -21.35824835610765,
      0.6586259180707295
    ],
    "rotation": [
      0.016227718628708712,
      -0.007850080686351103,
      -0.9439242321075252
    ]
  },
  {
    "label_id": "BMprUx_wfiGkn4Jsd9YGfw",
    "size": [
      0.9165089260500527,
      0.14690670426762598,
      1.129999999999999
    ],
    "obj_class": "sign",
    "point_num_in_lidar": 90,
    "speed": 0.005816061390451977,
    "if_vehicle": false,
    "motion_state": false,
    "pose": [
      [
        -0.7035153899787704,
        -0.7104584257471425,
        -0.0177460234393656,
        25.47096029643899
      ],
      [
        0.7106062607447362,
        -0.7035827893905485,
        -0.0031623826142384358,
        -24.826465168300274
      ],
      [
        -0.010239055298336934,
        -0.01483522019745407,
        0.9998375257952118,
        3.3772245104993885
      ],
      [
        0.0,
        0.0,
        0.0,
        1.0
      ]
    ],
    "location": [
      25.47096029643899,
      -24.826465168300274,
      3.3772245104993885
    ],
    "rotation": [
      -0.01483654221256078,
      0.010239234214223476,
      2.351180203526496
    ]
  },
  {
    "label_id": "BrpalxtMlwqR7rQyfylZ8g",
    "size": [
      2.338097194635429,
      6.178880489167328,
      2.219999999999999
    ],
    "obj_class": "vehicle",
    "point_num_in_lidar": 1593,
    "speed": 0.5614958403421945,
    "if_vehicle": true,
    "motion_state": false,
    "pose": [
      [
        0.979912844843138,
        -0.19863508039497324,
        -0.0177460234393656,
        -16.87287894660585
      ],
      [
        0.19861036153045122,
        0.9800734276721028,
        -0.0031623826142384358,
        -28.257026716522887
      ],
      [
        0.01802056614458744,
        -0.0004256847870193973,
        0.9998375257952118,
        1.1343172658422631
      ],
      [
        0.0,
        0.0,
        0.0,
        1.0
      ]
    ],
    "location": [
      -16.87287894660585,
      -28.257026716522887,
      1.1343172658422631
    ],
    "rotation": [
      -0.00042575393533069046,
      -0.018021541622667624,
      0.19997274380052743
    ]
  },
  {
    "label_id": "C88vprxSbrDQhEq30YQshA",
    "size": [
      0.8219031737474528,
      0.7469626673616249,
      1.7100000000000009
    ],
    "obj_class": "pedestrian",
    "point_num_in_lidar": 26,
    "speed": 1.1390866590859189e-12,
    "if_vehicle": false,
    "motion_state": false,
    "pose": [
      [
        0.7749746936194541,
        0.6317430671574661,
        -0.0177460234393656,
        44.30618239147657
      ],
      [
        -0.6318829099824429,
        0.7750574091048489,
        -0.0031623826142384358,
        -14.622825412036036
      ],
      [
        0.011756373656584187,
        0.013664175429059896,
        0.9998375257952118,
        0.43929249086719224
      ],
      [
        0.0,
        0.0,
        0.0,
        1.0
      ]
    ],
    "location": [
      44.30618239147657,
      -14.622825412036036,
      0.43929249086719224
    ],
    "rotation": [
      0.013665545135228616,
      -0.01175664448604493,
      -0.6840365210273877
    ]
  },
  {
    "label_id": "CqtQi6C05E5Whu1WPAou8w",
    "size": [
      0.7161626533542218,
      1.7238894661741775,
      2.1999999999999993
    ],
    "obj_class": "cyclist",
    "point_num_in_lidar": 23,
    "speed": 6.357344557853055,
    "if_vehicle": false,
    "motion_state": true,
    "pose": [
      [
        0.679999226995794,
        -0.732998042246507,
        -0.0177460234393656,
        10.86630758597039
      ],
      [
        0.7330716475203368,
        0.6801440721920762,
        -0.0031623826142384358,
        -62.89419780515527
      ],
      [
        0.014387872912337318,
        -0.010858688906483182,
        0.9998375257952118,
        0.9354899080634524
      ],
      [
        0.0,
        0.0,
        0.0,
        1.0
      ]
    ],
    "location": [
      10.86630758597039,
      -62.89419780515527,
      0.9354899080634524
    ],
    "rotation": [
      -0.010860026485402904,
      -0.01438836936630796,
      0.8229387337842979
    ]
  },
  {
    "label_id": "DNJU6vLPoCqw-LexqChKbQ",
    "size": [
      2.483009722720102,
      5.749171203661658,
      2.2116833098079987
    ],
    "obj_class": "vehicle",
    "point_num_in_lidar": 114,
    "speed": 5.284025776256238,
    "if_vehicle": true,
    "motion_state": true,
    "pose": [
      [
        0.7126489397451188,
        -0.7012963477248741,
        -0.0177460234393656,
        -0.8603753963964209
      ],
      [
        0.7013632857736837,
        0.7127969842142596,
        -0.0031623826142384358,
        -67.4907391063316
      ],
      [
        0.014867079366849417,
        -0.010192740691744846,
        0.9998375257952118,
        1.0628568281418822
      ],
      [
        0.0,
        0.0,
        0.0,
        1.0
      ]
    ],
    "location": [
      -0.8603753963964209,
      -67.4907391063316,
      1.0628568281418822
    ],
    "rotation": [
      -0.010194043886927151,
      -0.014867627099877198,
      0.7774170341394236
    ]
  },
  {
    "label_id": "ERcztt6ItC06k_ercBFdsg",
    "size": [
      0.9210467867698875,
      1.027108511389792,
      1.9000000000000057
    ],
    "obj_class": "pedestrian",
    "point_num_in_lidar": 239,
    "speed": 0.5923465708644061,
    "if_vehicle": false,
    "motion_state": false,
    "pose": [
      [
        0.8328191602906265,
        0.5532606301779525,
        -0.0177460234393656,
        -3.403782845241267
      ],
      [
        -0.5533917520482532,
        0.8329151025771869,
        -0.0031623826142384358,
        -27.178460944671315
      ],
      [
        0.013031309135319004,
        0.01245419583630763,
        0.9998375257952118,
        0.9151132842301237
      ],
      [
        0.0,
        0.0,
        0.0,
        1.0
      ]
    ],
    "location": [
      -3.403782845241267,
      -27.178460944671315,
      0.9151132842301237
    ],
    "rotation": [
      0.012455575485739057,
      -0.013031677982171197,
      -0.5864872928435392
    ]
  },
  {
    "label_id": "EUjlvkwSB2q67LcxAKGoDA",
    "size": [
      0.9651760985939062,
      1.0981614056106253,
      1.8000000000000007
    ],
    "obj_class": "pedestrian",
    "point_num_in_lidar": 86,
    "speed": 1.1598401904625155,
    "if_vehicle": false,
    "motion_state": true,
    "pose": [
      [
        -0.5655427235418788,
        -0.8245280507665724,
        -0.0177460234393656,
        15.782301183207437
      ],
      [
        0.8246855354046395,
        -0.5655826792172512,
        -0.0031623826142384358,
        -12.806427479852573
      ],
      [
        -0.007429370309592421,
        -0.016423351317934393,
        0.9998375257952118,
        0.7912812205892514
      ],
      [
        0.0,
        0.0,
        0.0,
        1.0
      ]
    ],
    "location": [
      15.782301183207437,
      -12.806427479852573,
      0.7912812205892514
    ],
    "rotation": [
      -0.01642454303745906,
      0.00742943865597833,
      2.1719064286677985
    ]
  },
  {
    "label_id": "EynIiRmnuBbFsLCDQ1XKbQ",
    "size": [
      0.5413567342716085,
      0.13723403558369326,
      0.5999999999999979
    ],
    "obj_class": "sign",
    "point_num_in_lidar": 41,
    "speed": 0.0026468503856852143,
    "if_vehicle": false,
    "motion_state": false,
    "pose": [
      [
        0.6255514587461712,
        -0.7799810581755345,
        -0.0177460234393656,
        2.3066009580452373
      ],
      [
        0.7800648846880951,
        0.6256906384250527,
        -0.0031623826142384358,
        -43.23535007402279
      ],
      [
        0.013570119273092221,
        -0.011864816670450577,
        0.9998375257952118,
        2.828633378779287
      ],
      [
        0.0,
        0.0,
        0.0,
        1.0
      ]
    ],
    "location": [
      2.3066009580452373,
      -43.23535007402279,
      2.828633378779287
    ],
    "rotation": [
      -0.011866187733886771,
      -0.013570535792972785,
      0.8948843238737115
    ]
  },
  {
    "label_id": "F2JamCeRc3TUMgMz4AxtWQ",
    "size": [
      0.7457916163612285,
      0.7358267476223533,
      1.6800000000000033
    ],
    "obj_class": "pedestrian",
    "point_num_in_lidar": 36,
    "speed": 0.5960327050093059,
    "if_vehicle": false,
    "motion_state": false,
    "pose": [
      [
        -0.9776704745946417,
        0.2093932228081356,
        -0.0177460234393656,
        -27.367114823053953
      ],
      [
        -0.2093702703891627,
        -0.9778313194070694,
        -0.0031623826142384358,
        -24.875405596954806
      ],
      [
        -0.018014799001291448,
        0.0006237216145200592,
        0.9998375257952118,
        1.0959952671035857
      ],
      [
        0.0,
        0.0,
        0.0,
        1.0
      ]
    ],
    "location": [
      -27.367114823053953,
      -24.875405596954806,
      1.0959952671035857
    ],
    "rotation": [
      0.0006238228887397062,
      0.018015773543029922,
      -2.9306269888837293
    ]
  },
  {
    "label_id": "GJEO8qd3JaW07GphAWS-nA",
    "size": [
      0.8296061988046542,
      0.1290419424672085,
      0.7899999999999991
    ],
    "obj_class": "sign",
    "point_num_in_lidar": 24,
    "speed": 1.4426817432597938e-12,
    "if_vehicle": false,
    "motion_state": false,
    "pose": [
      [
        -0.688028356452219,
        -0.7254667872271945,
        -0.0177460234393656,
        31.035472135703912
      ],
      [
        0.725616041525664,
        -0.688092551635917,
        -0.0031623826142384358,
        -60.166687087936225
      ],
      [
        -0.009916702994649173,
        -0.015052608193441657,
        0.9998375257952118,
        3.8637619159057977
      ],
      [
        0.0,
        0.0,
        0.0,
        1.0
      ]
    ],
    "location": [
      31.035472135703912,
      -60.166687087936225,
      3.8637619159057977
    ],
    "rotation": [
      -0.015053916973340067,
      0.00991686553825442,
      2.3296115455041995
    ]
  },
  {
    "label_id": "GiHYRbxhmvNPKbWHFSSQLQ",
    "size": [
      2.1947292656194874,
      4.8705239665823665,
      1.8399999999999999
    ],
    "obj_class": "vehicle",
    "point_num_in_lidar": 45,
    "speed": 5.695433295429594e-13,
    "if_vehicle": true,
    "motion_state": false,
    "pose": [
      [
        0.9852749347132191,
        -0.17005405516467717,
        -0.0177460234393656,
        -63.78842972119946
      ],
      [
        0.1700246768181803,
        0.9854347307706759,
        -0.0031623826142384358,
        -42.585904923409544
      ],
      [
        0.018025323817754863,
        9.855442369600597e-05,
        0.9998375257952118,
        1.808729788136997
      ],
      [
        0.0,
        0.0,
        0.0,
        1.0
      ]
    ],
    "location": [
      -63.78842972119946,
      -42.585904923409544,
      1.808729788136997
    ],
    "rotation": [
      9.857043853043258e-05,
      -0.018026300068732622,
      0.17088274707307408
    ]
  },
  {
    "label_id": "HSYlWnCOg45HraIyv_ltIQ",
    "size": [
      0.47477027299265856,
      0.04903281749638218,
      0.629999999999999
    ],
    "obj_class": "sign",
    "point_num_in_lidar": 28,
    "speed": 0.0017905891262552022,
    "if_vehicle": false,
    "motion_state": false,
    "pose": [
      [
        -0.6974268788943341,
        0.7164361990071393,
        -0.0177460234393656,
        26.094919785905176
      ],
      [
        -0.7165063003369406,
        -0.6975734519845713,
        -0.0031623826142384358,
        -22.087420997228037
      ],
      [
        -0.014644800209548621,
        0.01050960696371446,
        0.9998375257952118,
        2.792499234839159
      ],
      [
        0.0,
        0.0,
        0.0,
        1.0
      ]
    ],
    "location": [
      26.094919785905176,
      -22.087420997228037,
      2.792499234839159
    ],
    "rotation": [
      0.010510927683086885,
      0.014645323738883019,
      -2.3427014455223714
    ]
  },
  {
    "label_id": "J3L10LSZhOaAERyZECqKyA",
    "size": [
      2.000952486085971,
      4.516471889621558,
      1.4899999999999984
    ],
    "obj_class": "vehicle",
    "point_num_in_lidar": 359,
    "speed": 1.718573603063735e-12,
    "if_vehicle": true,
    "motion_state": false,
    "pose": [
      [
        -0.9933140375775941,
        0.11407147497682041,
        -0.0177460234393656,
        -21.19598657696656
      ],
      [
        -0.11403310826311094,
        -0.993471916843176,
        -0.0031623826142384358,
        -22.443894325220754
      ],
      [
        -0.017990913571897707,
        -0.0011176048308134863,
        0.9998375257952118,
        0.8119863880325511
      ],
      [
        0.0,
        0.0,
        0.0,
        1.0
      ]
    ],
    "location": [
      -21.19598657696656,
      -22.443894325220754,
      0.8119863880325511
    ],
    "rotation": [
      -0.0011177859767390365,
      0.0179918842420268,
      -3.0272923682546633
    ]
  },
  {
    "label_id": "KX-4SfeSeDvbwnkBCjdU4g",
    "size": [
      0.8422860400556365,
      0.8451582887489959,
      1.7199999999999989
    ],
    "obj_class": "pedestrian",
    "point_num_in_lidar": 95,
    "speed": 0.0,
    "if_vehicle": false,
    "motion_state": false,
    "pose": [
      [
        -0.5125302801596381,
        0.8584857544371789,
        -0.0177460234393656,
        21.741090810437754
      ],
      [
        -0.8585878972510445,
        -0.5126566317041369,
        -0.0031623826142384358,
        -18.834928855960243
      ],
      [
        -0.011812477026971333,
        0.013615704102125065,
        0.9998375257952118,
        0.6654090060640883
      ],
      [
        0.0,
        0.0,
        0.0,
        1.0
      ]
    ],
    "location": [
      21.741090810437754,
      -18.834928855960243,
      0.6654090060640883
    ],
    "rotation": [
      0.013617074952392734,
      0.011812751752457952,
      -2.1089669289181736
    ]
  },
  {
    "label_id": "L6FARVJJcyZSmCMc6NE_Mw",
    "size": [
      2.0517996521712454,
      4.481819076765856,
      1.8000000000000043
    ],
    "obj_class": "vehicle",
    "point_num_in_lidar": 201,
    "speed": 5.055969678848664,
    "if_vehicle": true,
    "motion_state": true,
    "pose": [
      [
        0.7214846181650002,
        0.6922030225326912,
        -0.0177460234393656,
        25.545546257709248
      ],
      [
        -0.6923490824151792,
        0.7215557826080119,
        -0.0031623826142384358,
        -33.08963427194249
      ],
      [
        0.01061573502699089,
        0.01456805345768849,
        0.9998375257952118,
        0.7834297131341863
      ],
      [
        0.0,
        0.0,
        0.0,
        1.0
      ]
    ],
    "location": [
      25.545546257709248,
      -33.08963427194249,
      0.7834297131341863
    ],
    "rotation": [
      0.014569389820211009,
      -0.01061593442507634,
      -0.7647936096368292
    ]
  },
  {
    "label_id": "LEDQQXEw_Ihy4SUDGjGeJA",
    "size": [
      0.8499373098872989,
      0.9264115891780135,
      1.9299999999999997
    ],
    "obj_class": "pedestrian",
    "point_num_in_lidar": 87,
    "speed": 0.0073757799777377335,
    "if_vehicle": false,
    "motion_state": false,
    "pose": [
      [
        -0.4818287613819035,
        0.8760856826573928,
        -0.0177460234393656,
        22.398283473260562
      ],
      [
        -0.8761922328785359,
        -0.48195141910728595,
        -0.0031623826142384358,
        -19.69996654278293
      ],
      [
        -0.011323239311532361,
        0.014025201004018408,
        0.9998375257952118,
        0.7889350942564626
      ],
      [
        0.0,
        0.0,
        0.0,
        1.0
      ]
    ],
    "location": [
      22.398283473260562,
      -19.69996654278293,
      0.7889350942564626
    ],
    "rotation": [
      0.014026560152956571,
      0.011323481295095007,
      -2.0735720939507813
    ]
  },
  {
    "label_id": "LwSqmBnMVv6Bxt4JdUirjw",
    "size": [
      1.916995974708891,
      4.186827698229656,
      1.6000000000000014
    ],
    "obj_class": "vehicle",
    "point_num_in_lidar": 55,
    "speed": 3.552713678800501e-14,
    "if_vehicle": true,
    "motion_state": false,
    "pose": [
      [
        0.6219853977788025,
        -0.7828277228113696,
        -0.0177460234393656,
        16.107481360191514
      ],
      [
        0.7829121836159021,
        0.6221241934549573,
        -0.0031623826142384358,
        -60.886474600672955
      ],
      [
        0.013515831299810634,
        -0.011926622153166842,
        0.9998375257952118,
        0.6310538454489532
      ],
      [
        0.0,
        0.0,
        0.0,
        1.0
      ]
    ],
    "location": [
      16.107481360191514,
      -60.886474600672955,
      0.6310538454489532
    ],
    "rotation": [
      -0.011927994511006986,
      -0.013516242840461823,
      0.8994480676975242
    ]
  },
  {
    "label_id": "M8sjiibdjQXMQVuY4NYmfQ",
    "size": [
      0.8508967923392337,
      0.9774615490357054,
      1.6200000000000045
    ],
    "obj_class": "pedestrian",
    "point_num_in_lidar": 71,
    "speed": 1.3526686765457383,
    "if_vehicle": false,
    "motion_state": true,
    "pose": [
      [
        -0.9994852219499578,
        0.02672769641650924,
        -0.0177460234393656,
        27.732797691057158
      ],
      [
        -0.026675663764478684,
        -0.9996391390391464,
        -0.0031623826142384358,
        -15.181848124857424
      ],
      [
        -0.017824142794762153,
        -0.002687367734657717,
        0.9998375257952118,
        0.6282824550164214
      ],
      [
        0.0,
        0.0,
        0.0,
        1.0
      ]
    ],
    "location": [
      27.732797691057158,
      -15.181848124857424,
      0.6282824550164214
    ],
    "rotation": [
      -0.002687797961078447,
      0.017825086718274576,
      -3.1149095851688666
    ]
  },
  {
    "label_id": "MGDi0Feg3WgL1_2697vcBQ",
    "size": [
      0.8273713641506619,
      0.9264627697768697,
      1.610000000000003
    ],
    "obj_class": "pedestrian",
    "point_num_in_lidar": 65,
    "speed": 1.350971743705628,
    "if_vehicle": false,
    "motion_state": true,
    "pose": [
      [
        -0.9988341187457085,
        -0.044894118563273605,
        -0.0177460234393656,
        28.75562865318102
      ],
      [
        0.044957036644710256,
        -0.9989839158826969,
        -0.0031623826142384358,
        -14.331550365062867
      ],
      [
        -0.01758601960677752,
        -0.003956504277691044,
        0.9998375257952118,
        0.5852830486374927
      ],
      [
        0.0,
        0.0,
        0.0,
        1.0
      ]
    ],
    "location": [
      28.75562865318102,
      -14.331550365062867,
      0.5852830486374927
    ],
    "rotation": [
      -0.003957126557223669,
      0.017586926198723714,
      3.096613498573714
    ]
  },
  {
    "label_id": "MMRb3jHqGvp6u3_L3aIsDw",
    "size": [
      2.1871116082214797,
      5.576670239505544,
      2.0900000000000034
    ],
    "obj_class": "vehicle",
    "point_num_in_lidar": 9079,
    "speed": 0.004372692772614077,
    "if_vehicle": true,
    "motion_state": false,
    "pose": [
      [
        0.13805553397291995,
        0.9902654937901963,
        -0.0177460234393656,
        4.613088937185921
      ],
      [
        -0.9904242545701744,
        0.1380209958496013,
        -0.0031623826142384358,
        -8.771458390296175
      ],
      [
        -0.0006822745535707496,
        0.018012676456953883,
        0.9998375257952118,
        1.0113194504683776
      ],
      [
        0.0,
        0.0,
        0.0,
        1.0
      ]
    ],
    "location": [
      4.613088937185921,
      -8.771458390296175,
      1.0113194504683776
    ],
    "rotation": [
      0.018013654847350572,
      0.0006822746065037318,
      -1.4322984149056146
    ]
  },
  {
    "label_id": "MhxUH3Qh4-q6ZeQGrgjZog",
    "size": [
      1.809571742719118,
      4.104413323080284,
      1.5700000000000003
    ],
    "obj_class": "vehicle",
    "point_num_in_lidar": 103,
    "speed": 8.556067554929069e-13,
    "if_vehicle": true,
    "motion_state": false,
    "pose": [
      [
        -0.9819309249965458,
        0.1884057780099045,
        -0.0177460234393656,
        -27.310558694842484
      ],
      [
        -0.18837938593644346,
        -0.9820912413265936,
        -0.0031623826142384358,
        -23.575675562624383
      ],
      [
        -0.01802402534497798,
        0.00023774371272928215,
        0.9998375257952118,
        0.9219863880325576
      ],
      [
        0.0,
        0.0,
        0.0,
        1.0
      ]
    ],
    "location": [
      -27.310558694842484,
      -23.575675562624383,
      0.9219863880325576
    ],
    "rotation": [
      0.00023778234174545837,
      0.018025001384974634,
      -2.952049762500918
    ]
  },
  {
    "label_id": "N1G3ObOTcL37PoStSOPQxg",
    "size": [
      0.8769430839473111,
      0.7703446808274568,
      2.033662047750184
    ],
    "obj_class": "pedestrian",
    "point_num_in_lidar": 37,
    "speed": 1.7763568394002505e-13,
    "if_vehicle": false,
    "motion_state": false,
    "pose": [
      [
        -0.8290463827824831,
        0.558898178425525,
        -0.0177460234393656,
        43.26066562699884
      ],
      [
        -0.5589368671924911,
        -0.8292041834368931,
        -0.0031623826142384358,
        -42.648351026198725
      ],
      [
        -0.01648252675787353,
        0.007297144879014938,
        0.9998375257952118,
        0.6955562025547799
      ],
      [
        0.0,
        0.0,
        0.0,
        1.0
      ]
    ],
    "location": [
      43.26066562699884,
      -42.648351026198725,
      0.6955562025547799
    ],
    "rotation": [
      0.007298201090232941,
      0.01648327316060009,
      -2.5483979277331628
    ]
  },
  {
    "label_id": "O9135g1GOeSBKxxZHcQSJw",
    "size": [
      0.8631129191734155,
      0.10705276516763673,
      0.8000000000000007
    ],
    "obj_class": "sign",
    "point_num_in_lidar": 34,
    "speed": 1.0658141036401503e-13,
    "if_vehicle": false,
    "motion_state": false,
    "pose": [
      [
        -0.999815445175643,
        0.007358956469510008,
        -0.0177460234393656,
        -8.26392693992375
      ],
      [
        -0.007303951640372997,
        -0.9999683253116752,
        -0.0031623826142384358,
        -30.11386893049712
      ],
      [
        -0.01776873317560227,
        -0.003032182884260464,
        0.9998375257952118,
        2.7069472611510292
      ],
      [
        0.0,
        0.0,
        0.0,
        1.0
      ]
    ],
    "location": [
      -8.26392693992375,
      -30.11386893049712,
      2.7069472611510292
    ],
    "rotation": [
      -0.0030326663185755703,
      0.017769668322543765,
      -3.1342874836718937
    ]
  },
  {
    "label_id": "OBmaSu1uTjgZW7C-GFlGRg",
    "size": [
      0.869828426353979,
      1.0188197221530193,
      1.7100000000000044
    ],
    "obj_class": "pedestrian",
    "point_num_in_lidar": 72,
    "speed": 1.5582051567704986,
    "if_vehicle": false,
    "motion_state": true,
    "pose": [
      [
        0.577537457648817,
        -0.8161712832883979,
        -0.0177460234393656,
        -8.090696202758863
      ],
      [
        0.8162633240163232,
        0.5776713470495348,
        -0.0031623826142384358,
        -48.23520230592476
      ],
      [
        0.01283241514150285,
        -0.012659033665548063,
        0.9998375257952118,
        0.967475025684152
      ],
      [
        0.0,
        0.0,
        0.0,
        1.0
      ]
    ],
    "location": [
      -8.090696202758863,
      -48.23520230592476,
      0.967475025684152
    ],
    "rotation": [
      -0.012660414293395051,
      -0.012832767355115316,
      0.9550290847678802
    ]
  },
  {
    "label_id": "OGAaBVDVAhjJMcaKvP7EOw",
    "size": [
      1.8657107994764897,
      4.3588581548173195,
      1.8999999999999986
    ],
    "obj_class": "vehicle",
    "point_num_in_lidar": 904,
    "speed": 1.4210854715202004e-12,
    "if_vehicle": true,
    "motion_state": false,
    "pose": [
      [
        -0.9854370710891063,
        0.1691119675700484,
        -0.0177460234393656,
        -14.718374578382054
      ],
      [
        -0.16908243645783258,
        -0.9855968389852334,
        -0.0031623826142384358,
        -21.546047176554566
      ],
      [
        -0.01802522135249977,
        -0.0001157881804724935,
        0.9998375257952118,
        0.929587117662674
      ],
      [
        0.0,
        0.0,
        0.0,
        1.0
      ]
    ],
    "location": [
      -14.718374578382054,
      -21.546047176554566,
      0.929587117662674
    ],
    "rotation": [
      -0.00011580699560439143,
      0.018026197586827455,
      -2.971666150350456
    ]
  },
  {
    "label_id": "OLbKrwdNgogwuqHpnALO5Q",
    "size": [
      0.8445474455706341,
      0.8392516669915127,
      1.6200000000000045
    ],
    "obj_class": "pedestrian",
    "point_num_in_lidar": 125,
    "speed": 0.0058724578785231425,
    "if_vehicle": false,
    "motion_state": false,
    "pose": [
      [
        -0.8827747627293097,
        0.46946117724504155,
        -0.0177460234393656,
        19.653216663055446
      ],
      [
        -0.46948321113028696,
        -0.8829357359417477,
        -0.0031623826142384358,
        -19.01249098862354
      ],
      [
        -0.0171532141304554,
        0.005539788507163072,
        0.9998375257952118,
        0.6091375632086198
      ],
      [
        0.0,
        0.0,
        0.0,
        1.0
      ]
    ],
    "location": [
      19.653216663055446,
      -19.01249098862354,
      0.6091375632086198
    ],
    "rotation": [
      0.005540632028906765,
      0.017154055414758652,
      -2.6528090258696664
    ]
  },
  {
    "label_id": "QejprcVDDCJCuLextiGizw",
    "size": [
      0.7812847892951426,
      0.8672253570285257,
      1.714137808965699
    ],
    "obj_class": "pedestrian",
    "point_num_in_lidar": 26,
    "speed": 0.906657816188729,
    "if_vehicle": false,
    "motion_state": false,
    "pose": [
      [
        -0.42926049248189585,
        -0.9030063722069129,
        -0.0177460234393656,
        44.53119903128368
      ],
      [
        0.9031681738803047,
        -0.4292752602071506,
        -0.0031623826142384358,
