[
  {
    "label_id": "-BQNloss4qTNgCNWyqfQPw",
    "size": [
      0.9503483244331533,
      1.0782520726229397,
      1.7800000000000047
    ],
    "obj_class": "pedestrian",
    "point_num_in_lidar": 37,
    "speed": 1.0265505447369154,
    "if_vehicle": false,
    "motion_state": true,
    "pose": [
      [
        -0.7373562504492251,
        0.6752787177337708,
        -0.017447443918633475,
        42.5221220487565
      ],
      [
        -0.6753367672780732,
        -0.7375025160444082,
        -0.0032077391678474866,
        -39.34042100087572
      ],
      [
        -0.01503365178062434,
        0.009417653848052269,
        0.9998426361733816,
        0.6907937639614765
      ],
      [
        0.0,
        0.0,
        0.0,
        1.0
      ]
    ],
    "location": [
      42.5221220487565,
      -39.34042100087572,
      0.6907937639614765
    ],
    "rotation": [
      0.009418857538534487,
      0.015034218132551933,
      -2.400067917738466
    ]
  },
  {
    "label_id": "-Dzbj8ej64m1E-fNNfo-Ww",
    "size": [
      2.6091428097860225,
      6.207139029641827,
      2.6000000000000014
    ],
    "obj_class": "vehicle",
    "point_num_in_lidar": 66,
    "speed": 1.4210854715202004e-12,
    "if_vehicle": true,
    "motion_state": false,
    "pose": [
      [
        0.7266267941196421,
        -0.6868108100256702,
        -0.017447443918633475,
        -8.701875333534645
      ],
      [
        0.6868711565511595,
        0.7267721270848956,
        -0.0032077391678474866,
        -86.55934551248538
      ],
      [
        0.014883425865160078,
        -0.009653316755348243,
        0.9998426361733816,
        1.575975205391149
      ],
      [
        0.0,
        0.0,
        0.0,
        1.0
      ]
    ],
    "location": [
      -8.701875333534645,
      -86.55934551248538,
      1.575975205391149
    ],
    "rotation": [
      -0.009654536099461172,
      -0.014883975407008738,
      0.7572798632984248
    ]
  },
  {
    "label_id": "-u6v7A9TrXDu-9EE_fzpuA",
    "size": [
      2.039947509739404,
      4.415591832276201,
      1.7400000000000055
    ],
    "obj_class": "vehicle",
    "point_num_in_lidar": 6705,
    "speed": 0.025364146477729565,
    "if_vehicle": true,
    "motion_state": false,
    "pose": [
      [
        0.33603863415003293,
        0.9416865843046117,
        -0.017447443918633475,
        6.278739087686972
      ],
      [
        -0.9418439137370062,
        0.33603534422139336,
        -0.0032077391678474866,
        -16.459750037423873
      ],
      [
        0.002842272882671038,
        0.01751069315370571,
        0.9998426361733816,
        0.8202082645109385
      ],
      [
        0.0,
        0.0,
        0.0,
        1.0
      ]
    ],
    "location": [
      6.278739087686972,
      -16.459750037423873,
      0.8202082645109385
    ],
    "rotation": [
      0.017511658886234308,
      -0.0028422767095757024,
      -1.2280871104374196
    ]
  },
  {
    "label_id": "0W_ICpRE-uhjmG5ZAXO0qA",
    "size": [
      0.8560961486113704,
      0.7477227720306335,
      1.9060699903247986
    ],
    "obj_class": "pedestrian",
    "point_num_in_lidar": 115,
    "speed": 0.00206848531743033,
    "if_vehicle": false,
    "motion_state": false,
    "pose": [
      [
        -0.9918658679157784,
        0.12608602921967965,
        -0.017447443918633475,
        21.080753575099607
      ],
      [
        -0.12604904723848867,
        -0.9920188244684173,
        -0.0032077391678474866,
        -22.320968042335153
      ],
      [
        -0.017712643900587743,
        -0.0009824133110737712,
        0.9998426361733816,
        0.6600717533857221
      ],
      [
        0.0,
        0.0,
        0.0,
        1.0
      ]
    ],
    "location": [
      21.080753575099607,
      -22.320968042335153,
      0.6600717533857221
    ],
    "rotation": [
      -0.0009825676155202265,
      0.017713570218892142,
      -3.01518747469111
    ]
  },
  {
    "label_id": "1rDkIQm97fn96_z7MlfEFA",
    "size": [
      2.0568301892033474,
      4.3471459235386005,
      1.509999999999998
    ],
    "obj_class": "vehicle",
    "point_num_in_lidar": 40,
    "speed": 1.7067822212573438e-12,
    "if_vehicle": true,
    "motion_state": false,
    "pose": [
      [
        0.9849932079336368,
        -0.17170896023594534,
        -0.017447443918633475,
        -57.41395462616538
      ],
      [
        0.1716790738838311,
        0.9851477077067282,
        -0.0032077391678474866,
        -41.357983510170016
      ],
      [
        0.017739106939002672,
        0.0001642402795613942,
        0.9998426361733816,
        1.46676958305369
      ],
      [
        0.0,
        0.0,
        0.0,
        1.0
      ]
    ],
    "location": [
      -57.41395462616538,
      -41.357983510170016,
      1.46676958305369
    ],
    "rotation": [
      0.00016426612763057035,
      -0.017740037415719268,
      0.17256122109256275
    ]
  },
  {
    "label_id": "2hG8b9thgwMFUB5DUm0BBA",
    "size": [
      2.009110343804708,
      4.430774636678162,
      1.4100000000000001
    ],
    "obj_class": "vehicle",
    "point_num_in_lidar": 34,
    "speed": 1.4228607195221901e-12,
    "if_vehicle": true,
    "motion_state": false,
    "pose": [
      [
        0.6857869896014069,
        -0.7275931497713168,
        -0.017447443918633475,
        12.11610172040605
      ],
      [
        0.7276617815156733,
        0.6859285984203222,
        -0.0032077391678474866,
        -65.62938108120943
      ],
      [
        0.014301629797904409,
        -0.010496012337382985,
        0.9998426361733816,
        0.4933694238172386
      ],
      [
        0.0,
        0.0,
        0.0,
        1.0
      ]
    ],
    "location": [
      12.11610172040605,
      -65.62938108120943,
      0.4933694238172386
    ],
    "rotation": [
      -0.010497278697956209,
      -0.01430211737727428,
      0.8150154711308426
    ]
  },
  {
    "label_id": "3UOARbDkuMcY1CDZ705q0w",
    "size": [
      0.7092548309712551,
      0.7043774177189961,
      1.867408505954046
    ],
    "obj_class": "pedestrian",
    "point_num_in_lidar": 32,
    "speed": 0.010621318475801824,
    "if_vehicle": false,
    "motion_state": false,
    "pose": [
      [
        -0.8962673410031067,
        0.44317089271738846,
        -0.017447443918633475,
        38.97562888591665
      ],
      [
        -0.4431859040739746,
        -0.8964239872067039,
        -0.0032077391678474866,
        -40.187803593611534
      ],
      [
        -0.01706188387472628,
        0.004857469352261362,
        0.9998426361733816,
        0.6073998376063798
      ],
      [
        0.0,
        0.0,
        0.0,
        1.0
      ]
    ],
    "location": [
      38.97562888591665,
      -40.187803593611534,
      0.6073998376063798
    ],
    "rotation": [
      0.004858195641022151,
      0.01706271179133119,
      -2.682371120145287
    ]
  },
  {
    "label_id": "5Zo39jZeAKvLd3jygUscXQ",
    "size": [
      0.8633204129123803,
      0.9964958227765475,
      1.7600000000000051
    ],
    "obj_class": "pedestrian",
    "point_num_in_lidar": 233,
    "speed": 1.5259034143827235,
    "if_vehicle": false,
    "motion_state": true,
    "pose": [
      [
        -0.04567933627158599,
        -0.9988037769945073,
        -0.017447443918633475,
        -3.55878429452855
      ],
      [
        0.9989532525941075,
        -0.045630138517042104,
        -0.0032077391678474866,
        -26.246584765085572
      ],
      [
        0.002407772713683718,
        -0.01757570824809183,
        0.9998426361733816,
        0.7902286574812081
      ],
      [
        0.0,
        0.0,
        0.0,
        1.0
      ]
    ],
    "location": [
      -3.55878429452855,
      -26.246584765085572,
      0.7902286574812081
    ],
    "rotation": [
      -0.017576664200645332,
      -0.002407775040147779,
      1.6164916963141613
    ]
  },
  {
    "label_id": "5plMF05KDpyMprvl5e_ipg",
    "size": [
      0.9221836674002587,
      0.9039507390933251,
      1.860000000000003
    ],
    "obj_class": "pedestrian",
    "point_num_in_lidar": 116,
    "speed": 0.040203509284092304,
    "if_vehicle": false,
    "motion_state": false,
    "pose": [
      [
        -0.9067502976172312,
        0.4213068768389245,
        -0.017447443918633475,
        22.521693689901895
      ],
      [
        -0.42131808524778497,
        -0.9069072617707786,
        -0.0032077391678474866,
        -23.69701184193582
      ],
      [
        -0.01717465615966682,
        0.0044423052191426065,
        0.9998426361733816,
        0.8847018103034294
      ],
      [
        0.0,
        0.0,
        0.0,
        1.0
      ]
    ],
    "location": [
      22.521693689901895,
      -23.69701184193582,
      0.8847018103034294
    ],
    "rotation": [
      0.004442975152265565,
      0.017175500603086598,
      -2.7066259155638543
    ]
  },
  {
    "label_id": "6nFW7Fnejgm08SNoDjHi2w",
    "size": [
      0.7576715269810361,
      0.7637234397275995,
      1.8900000000000041
    ],
    "obj_class": "pedestrian",
    "point_num_in_lidar": 156,
    "speed": 0.0021243309775141076,
    "if_vehicle": false,
    "motion_state": false,
    "pose": [
      [
        -0.6312382729725308,
        0.7753926936948548,
        -0.017447443918633475,
        18.80104005529597
      ],
      [
        -0.7754714103267129,
        -0.6313745339933581,
        -0.0032077391678474866,
        -19.936552391107398
      ],
      [
        -0.013503129287530214,
        0.011505146209720539,
        0.9998426361733816,
        0.7329592791422677
      ],
      [
        0.0,
        0.0,
        0.0,
        1.0
      ]
    ],
    "location": [
      18.80104005529597,
      -19.936552391107398,
      0.7329592791422677
    ],
    "rotation": [
      0.011506449149898365,
      0.013503539668925544,
      -2.2540192731702926
    ]
  },
  {
    "label_id": "7qaAcL3WFHPDh_NixTan-A",
    "size": [
      2.0450077495476147,
      4.144237317604301,
      1.6999999999999993
    ],
    "obj_class": "vehicle",
    "point_num_in_lidar": 20,
    "speed": 0.45660447330601006,
    "if_vehicle": true,
    "motion_state": false,
    "pose": [
      [
        0.7126474309655743,
        0.7013053727434813,
        -0.017447443918633475,
        38.6110485606805
      ],
      [
        -0.7014484275078283,
        0.7127129955011527,
        -0.0032077391678474866,
        -54.90409671898851
      ],
      [
        0.010185415306316488,
        0.014524469177930632,
        0.9998426361733816,
        0.5572475573101379
      ],
      [
        0.0,
        0.0,
        0.0,
        1.0
      ]
    ],
    "location": [
      38.6110485606805,
      -54.90409671898851,
      0.5572475573101379
    ],
    "rotation": [
      0.01452573344908126,
      -0.010185591424927126,
      -0.7774787785351622
    ]
  },
  {
    "label_id": "ABRBhQePUHY_I0XPW1ez4A",
    "size": [
      2.1306944974755333,
      4.5215893642290155,
      1.8999999999999986
    ],
    "obj_class": "vehicle",
    "point_num_in_lidar": 268,
    "speed": 1.583327757786264,
    "if_vehicle": true,
    "motion_state": true,
    "pose": [
      [
        0.7206478265732892,
        0.6930817388706045,
        -0.017447443918633475,
        23.69035214353903
      ],
      [
        -0.6932240318789732,
        0.7207150283120864,
        -0.0032077391678474866,
        -41.00866597770437
      ],
      [
        0.010351409597496383,
        0.01440663767878067,
        0.9998426361733816,
        0.6755999994154429
      ],
      [
        0.0,
        0.0,
        0.0,
        1.0
      ]
    ],
    "location": [
      23.69035214353903,
      -41.00866597770437,
      0.6755999994154429
    ],
    "rotation": [
      0.014407908067719606,
      -0.010351594468233253,
      -0.7660043574918425
    ]
  },
  {
    "label_id": "BJzgD4pDd9zzx_tJ81Wh9w",
    "size": [
      2.0576826721181747,
      4.348731250934897,
      1.5799999999999983
    ],
    "obj_class": "vehicle",
    "point_num_in_lidar": 757,
    "speed": 1.7053025658242404e-12,
    "if_vehicle": true,
    "motion_state": false,
    "pose": [
      [
        0.586599454846436,
        0.8096892405574933,
        -0.017447443918633475,
        9.236298429362478
      ],
      [
        -0.8098411813093856,
        0.5866404106987942,
        -0.0032077391678474866,
        -21.358248356104014
      ],
      [
        0.007638103775350365,
        0.016011316641044285,
        0.9998426361733816,
        0.6659907914566858
      ],
      [
        0.0,
        0.0,
        0.0,
        1.0
      ]
    ],
    "location": [
      9.236298429362478,
      -21.358248356104014,
      0.6659907914566858
    ],
    "rotation": [
      0.016012467971664526,
      -0.007638178045930358,
      -0.9439216139067161
    ]
  },
  {
    "label_id": "BMprUx_wfiGkn4Jsd9YGfw",
    "size": [
      0.9165089260500521,
      0.14690670426762598,
      1.129999999999999
    ],
    "obj_class": "sign",
    "point_num_in_lidar": 89,
    "speed": 0.005305128385717757,
    "if_vehicle": false,
    "motion_state": false,
    "pose": [
      [
        -0.7035190874204167,
        -0.7104621596790714,
        -0.017447443918633475,
        25.46161248731596
      ],
      [
        0.7106060503139319,
        -0.7035827965965804,
        -0.0032077391678474866,
        -24.83432617908693
      ],
      [
        -0.009996744088858067,
        -0.014654964943140752,
        0.9998426361733816,
        3.377224510499399
      ],
      [
        0.0,
        0.0,
        0.0,
        1.0
      ]
    ],
    "location": [
      25.46161248731596,
      -24.83432617908693,
      3.377224510499399
    ],
    "rotation": [
      -0.014656221968141635,
      0.00999691060027042,
      2.3511829792771874
    ]
  },
  {
    "label_id": "BrpalxtMlwqR7rQyfylZ8g",
    "size": [
      2.33809719463543,
      6.178880489167328,
      2.219999999999999
    ],
    "obj_class": "vehicle",
    "point_num_in_lidar": 1317,
    "speed": 0.5049347858383636,
    "if_vehicle": true,
    "motion_state": false,
    "pose": [
      [
        0.9799179949373905,
        -0.19863612435453532,
        -0.017447443918633475,
        -18.111015929493988
      ],
      [
        0.19861048296360864,
        0.980073255663266,
        -0.0032077391678474866,
        -28.489072748709077
      ],
      [
        0.017736946040578825,
        -0.0003219239295210281,
        0.9998426361733816,
        1.1977721592140647
      ],
      [
        0.0,
        0.0,
        0.0,
        1.0
      ]
    ],
    "location": [
      -18.111015929493988,
      -28.489072748709077,
      1.1977721592140647
    ],
    "rotation": [
      -0.00032197458554951994,
      -0.01773787617726525,
      0.19997183964332482
    ]
  },
  {
    "label_id": "C88vprxSbrDQhEq30YQshA",
    "size": [
      0.8219031737474464,
      0.7469626673616249,
      1.7100000000000009
    ],
    "obj_class": "pedestrian",
    "point_num_in_lidar": 26,
    "speed": 1.1390866590859189e-12,
    "if_vehicle": false,
    "motion_state": false,
    "pose": [
      [
        0.7749787666273068,
        0.6317463873877907,
        -0.017447443918633475,
        44.306182391476796
      ],
      [
        -0.6318826999760788,
        0.7750573939266511,
        -0.0032077391678474866,
        -14.622825412034217
      ],
      [
        0.011496292783287489,
        0.013510667714947886,
        0.9998426361733816,
        0.43929249086719935
      ],
      [
        0.0,
        0.0,
        0.0,
        1.0
      ]
    ],
    "location": [
      44.306182391476796,
      -14.622825412034217,
      0.43929249086719935
    ],
    "rotation": [
      0.013511971771094219,
      -0.011496546032455531,
      -0.684033784243734
    ]
  },
  {
    "label_id": "CqtQi6C05E5Whu1WPAou8w",
    "size": [
      0.7161626533551007,
      1.7238894661741775,
      2.1999999999999993
    ],
    "obj_class": "cyclist",
    "point_num_in_lidar": 32,
    "speed": 7.0726516847225405,
    "if_vehicle": false,
    "motion_state": true,
    "pose": [
      [
        0.6823371374462296,
        -0.7308294038709658,
        -0.017447443918633475,
        0.9200410262335481
      ],
      [
        0.7308987047858411,
        0.6824784199898274,
        -0.0032077391678474866,
        -73.85476475672476
      ],
      [
        0.014251814062261623,
        -0.0105635546004896,
        0.9998426361733816,
        0.935489908063456
      ],
      [
        0.0,
        0.0,
        0.0,
        1.0
      ]
    ],
    "location": [
      0.9200410262335481,
      -73.85476475672476,
      0.935489908063456
    ],
    "rotation": [
      -0.010564824099874415,
      -0.014252296564009212,
      0.819746618535646
    ]
  },
  {
    "label_id": "DNJU6vLPoCqw-LexqChKbQ",
    "size": [
      2.483009722720373,
      5.749171203661658,
      2.2116833098079987
    ],
    "obj_class": "vehicle",
    "point_num_in_lidar": 111,
    "speed": 7.312387497806611,
    "if_vehicle": true,
    "motion_state": true,
    "pose": [
      [
        0.7012575423892564,
        -0.7126944969219886,
        -0.017447443918633475,
        -10.478364848705723
      ],
      [
        0.712760071058428,
        0.7014005927529687,
        -0.0032077391678474866,
        -77.30732351052939
      ],
      [
        0.014523785559039722,
        -0.010186390081762645,
        0.9998426361733816,
        1.2152944784454363
      ],
      [
        0.0,
        0.0,
        0.0,
        1.0
      ]
    ],
    "location": [
      -10.478364848705723,
      -77.30732351052939,
      1.2152944784454363
    ],
    "rotation": [
      -0.01018764083703161,
      -0.01452429621624191,
      0.7935326271078997
    ]
  },
  {
    "label_id": "ERcztt6ItC06k_ercBFdsg",
    "size": [
      0.9210467867717784,
      1.027108511389792,
      1.9000000000000057
    ],
    "obj_class": "pedestrian",
    "point_num_in_lidar": 262,
    "speed": 0.7563763312384206,
    "if_vehicle": false,
    "motion_state": false,
    "pose": [
      [
        0.7688347525922686,
        0.6392094413469589,
        -0.017447443918633475,
        -4.6481818914624
      ],
      [
        -0.6393465077417579,
        0.7689120583316726,
        -0.0032077391678474866,
        -26.538526720005393
      ],
      [
        0.01136513285463634,
        0.013621183687891034,
        0.9998426361733816,
        0.9151132842301237
      ],
      [
        0.0,
        0.0,
        0.0,
        1.0
      ]
    ],
    "location": [
      -4.6481818914624,
      -26.538526720005393,
      0.9151132842301237
    ],
    "rotation": [
      0.013622484793284899,
      -0.011365377534113975,
      -0.6937017868232647
    ]
  },
  {
    "label_id": "EUjlvkwSB2q67LcxAKGoDA",
    "size": [
      0.9651760985952292,
      1.0981614056106253,
      1.8000000000000007
    ],
    "obj_class": "pedestrian",
    "point_num_in_lidar": 146,
    "speed": 1.1484695147650472,
    "if_vehicle": false,
    "motion_state": true,
    "pose": [
      [
        -0.8862214099261274,
        -0.46293325576075556,
        -0.017447443918633475,
        17.707376065052586
      ],
      [
        0.46305096470410656,
        -0.8863258511947102,
        -0.0032077391678474866,
        -14.294780229491153
      ],
      [
        -0.013979151445751849,
        -0.01092182286614909,
        0.9998426361733816,
        0.776351668810026
      ],
      [
        0.0,
        0.0,
        0.0,
        1.0
      ]
    ],
    "location": [
      17.707376065052586,
      -14.294780229491153,
      0.776351668810026
    ],
    "rotation": [
      -0.010923107388212032,
      0.013979606779009997,
      2.6601072452420373
    ]
  },
  {
    "label_id": "EynIiRmnuBbFsLCDQ1XKbQ",
    "size": [
      0.5413567342716061,
      0.13723403558369326,
      0.5999999999999979
    ],
    "obj_class": "sign",
    "point_num_in_lidar": 43,
    "speed": 0.002646850381618823,
    "if_vehicle": false,
    "motion_state": false,
    "pose": [
      [
        0.6255547464354794,
        -0.7799851574951598,
        -0.017447443918633475,
        2.3097776346378396
      ],
      [
        0.7800648678379698,
        0.6256904285462278,
        -0.0032077391678474866,
        -43.239911297778235
      ],
      [
        0.013418687602522968,
        -0.01160352157272522,
        0.9998426361733816,
        2.820712046013494
      ],
      [
        0.0,
        0.0,
        0.0,
        1.0
      ]
    ],
    "location": [
      2.3097776346378396,
      -43.239911297778235,
      2.820712046013494
    ],
    "rotation": [
      -0.01160482685816632,
      -0.013419090332603238,
      0.8948817482530775
    ]
  },
  {
    "label_id": "F2JamCeRc3TUMgMz4AxtWQ",
    "size": [
      0.7457916163576889,
      0.7358267476223533,
      1.6800000000000033
    ],
    "obj_class": "pedestrian",
    "point_num_in_lidar": 36,
    "speed": 0.07927509952927562,
    "if_vehicle": false,
    "motion_state": false,
    "pose": [
      [
        -0.7827406856351423,
        0.6221033722398018,
        -0.017447443918633475,
        -26.516982971136258
      ],
      [
        -0.6221510591992397,
        -0.782890650057015,
        -0.0032077391678474866,
        -24.479927446825968
      ],
      [
        -0.01565498606487589,
        0.008344117758717507,
        0.9998426361733816,
        1.0959952671035893
      ],
      [
        0.0,
        0.0,
        0.0,
        1.0
      ]
    ],
    "location": [
      -26.516982971136258,
      -24.479927446825968,
      1.0959952671035893
    ],
    "rotation": [
      0.008345237293202022,
      0.015655625585723316,
      -2.470007976341232
    ]
  },
  {
    "label_id": "GJEO8qd3JaW07GphAWS-nA",
    "size": [
      0.8296061988046545,
      0.1290419424672085,
      0.7899999999999991
    ],
    "obj_class": "sign",
    "point_num_in_lidar": 27,
    "speed": 1.4426817432597938e-12,
    "if_vehicle": false,
    "motion_state": false,
    "pose": [
      [
        -0.6880319724992007,
        -0.7254706000380481,
        -0.017447443918633475,
        31.035472135703912
      ],
      [
        0.7256158312992275,
        -0.6880925633789122,
        -0.0032077391678474866,
        -60.166687087934406
      ],
      [
        -0.009678335951518456,
        -0.014867168629982929,
        0.9998426361733816,
        3.8695629576085757
      ],
      [
        0.0,
        0.0,
        0.0,
        1.0
      ]
    ],
    "location": [
      31.035472135703912,
      -60.166687087934406,
      3.8695629576085757
    ],
    "rotation": [
      -0.014868412804004616,
      0.00967848705314378,
      2.329614314273463
    ]
  },
  {
    "label_id": "GiHYRbxhmvNPKbWHFSSQLQ",
    "size": [
      2.1947292656194852,
      4.8705239665823665,
      1.8399999999999999
    ],
    "obj_class": "vehicle",
    "point_num_in_lidar": 39,
    "speed": 5.695433295429594e-13,
    "if_vehicle": true,
    "motion_state": false,
    "pose": [
      [
        0.9852801129888235,
        -0.17005494891192485,
        -0.017447443918633475,
        -63.78842972119946
      ],
      [
        0.17002480320219376,
        0.9854345623660083,
        -0.0032077391678474866,
        -42.585904923407725
      ],
      [
        0.017738806182675135,
        0.0001940233910884772,
        0.9998426361733816,
        1.808729788136997
      ],
      [
        0.0,
        0.0,
        0.0,
        1.0
      ]
    ],
    "location": [
      -63.78842972119946,
      -42.585904923407725,
      1.808729788136997
    ],
    "rotation": [
      0.00019405392572135753,
      -0.017739736612060977,
      0.17088199091962922
    ]
  },
  {
    "label_id": "HSYlWnCOg45HraIyv_ltIQ",
    "size": [
      0.4747702729926586,
      0.04903281749638218,
      0.629999999999999
    ],
    "obj_class": "sign",
    "point_num_in_lidar": 24,
    "speed": 0.0017905891105647216,
    "if_vehicle": false,
    "motion_state": false,
    "pose": [
      [
        -0.6974305443367872,
        0.71643996435626,
        -0.017447443918633475,
        26.09149464807092
      ],
      [
        -0.7165063036796666,
        -0.697573241456933,
        -0.0032077391678474866,
        -22.088972767072846
      ],
      [
        -0.01446902254453604,
        0.010264028276876044,
        0.9998426361733816,
        2.7924992348391626
      ],
      [
        0.0,
        0.0,
        0.0,
        1.0
      ]
    ],
    "location": [
      26.09149464807092,
      -22.088972767072846,
      2.7924992348391626
    ],
    "rotation": [
      0.01026528313103435,
      0.014469527446717477,
      -2.342704070059845
    ]
  },
  {
    "label_id": "J3L10LSZhOaAERyZECqKyA",
    "size": [
      2.0009524860859695,
      4.516471889621558,
      1.4899999999999984
    ],
    "obj_class": "vehicle",
    "point_num_in_lidar": 371,
    "speed": 1.718573603063735e-12,
    "if_vehicle": true,
    "motion_state": false,
    "pose": [
      [
        -0.9933192581040342,
        0.1140720744983505,
        -0.017447443918633475,
        -21.195986576966334
      ],
      [
        -0.1140332439670602,
        -0.9934717558540757,
        -0.0032077391678474866,
        -22.443894325218935
      ],
      [
        -0.017699456206336287,
        -0.0011967204614223854,
        0.9998426361733816,
        0.8119863880325653
      ],
      [
        0.0,
        0.0,
        0.0,
        1.0
      ]
    ],
    "location": [
      -21.195986576966334,
      -22.443894325218935,
      0.8119863880325653
    ],
    "rotation": [
      -0.0011969082400134336,
      0.017700380456955583,
      -3.02729282891759
    ]
  },
  {
    "label_id": "JVYPAlhJdEp7rPPkcSy-eg",
    "size": [
      1.0656834320418833,
      1.1186858250039786,
      1.7899999999999991
    ],
    "obj_class": "pedestrian",
    "point_num_in_lidar": 24,
    "speed": 0.9852686683749697,
    "if_vehicle": false,
    "motion_state": false,
    "pose": [
      [
        -0.3237536234975229,
        0.9459805378404623,
        -0.017447443918633475,
        45.30747834240219
      ],
      [
        -0.9461015611505821,
        -0.323854205465766,
        -0.0032077391678474866,
        -42.225041129891906
      ],
      [
        -0.008684886910929836,
        0.015468536750680805,
        0.9998426361733816,
        0.6136384552557601
      ],
      [
        0.0,
        0.0,
        0.0,
        1.0
      ]
    ],
    "location": [
      45.30747834240219,
      -42.225041129891906,
      0.6136384552557601
    ],
    "rotation": [
      0.015469737168582248,
      0.008684996094173936,
      -1.9005033373958589
    ]
  },
  {
    "label_id": "KX-4SfeSeDvbwnkBCjdU4g",
    "size": [
      0.8422860400556414,
      0.8451582887489959,
      1.7199999999999989
    ],
    "obj_class": "pedestrian",
    "point_num_in_lidar": 77,
    "speed": 0.0,
    "if_vehicle": false,
    "motion_state": false,
    "pose": [
      [
        -0.5125329738474136,
        0.8584902663512456,
        -0.017447443918633475,
        21.74109081043798
      ],
      [
        -0.8585878517428246,
        -0.5126564261267703,
        -0.0032077391678474866,
        -18.834928855958424
      ],
      [
        -0.011698357096964603,
        0.013336091297479223,
        0.9998426361733816,
        0.6654090060640918
      ],
      [
        0.0,
        0.0,
        0.0,
        1.0
      ]
    ],
    "location": [
      21.74109081043798,
      -18.834928855958424,
      0.6654090060640918
    ],
    "rotation": [
      0.013337399343336718,
      0.011698623936465051,
      -2.108969265333114
    ]
  },
  {
    "label_id": "L6FARVJJcyZSmCMc6NE_Mw",
    "size": [
      2.051799652171861,
      4.481819076765856,
      1.8000000000000043
    ],
    "obj_class": "vehicle",
    "point_num_in_lidar": 228,
    "speed": 5.314375551321224,
    "if_vehicle": true,
    "motion_state": true,
    "pose": [
      [
        0.6757318895951144,
        0.736940974627495,
        -0.017447443918633475,
        17.744232876225624
      ],
      [
        -0.7370872045083169,
        0.6757900290471486,
        -0.0032077391678474866,
        -25.385860421465622
      ],
      [
        0.009426894203867494,
        0.015027859313019021,
        0.9998426361733816,
        0.9614323566122742
      ],
      [
        0.0,
        0.0,
        0.0,
        1.0
      ]
    ],
    "location": [
      17.744232876225624,
      -25.385860421465622,
      0.9614323566122742
    ],
    "rotation": [
      0.015029092865821481,
      -0.009427033831706599,
      -0.8287984739118242
    ]
  },
  {
    "label_id": "LEDQQXEw_Ihy4SUDGjGeJA",
    "size": [
      0.849937309887299,
      0.9264115891780135,
      1.9299999999999997
    ],
    "obj_class": "pedestrian",
    "point_num_in_lidar": 73,
    "speed": 0.008134441291356006,
    "if_vehicle": false,
    "motion_state": false,
    "pose": [
      [
        -0.48183129371276295,
        0.8760902870707968,
        -0.017447443918633475,
        22.383621247677866
      ],
      [
        -0.8761921801237545,
        -0.48195121526915286,
        -0.0032077391678474866,
        -19.70566392517503
      ],
      [
        -0.011219085928333535,
        0.01374172481151735,
        0.9998426361733816,
        0.7958387063336687
      ],
      [
        0.0,
        0.0,
        0.0,
        1.0
      ]
    ],
    "location": [
      22.383621247677866,
      -19.70566392517503,
      0.7958387063336687
    ],
    "rotation": [
      0.013743022318982482,
      0.011219321295442279,
      -2.073574338463329
    ]
  },
  {
    "label_id": "LwSqmBnMVv6Bxt4JdUirjw",
    "size": [
      1.9169959747088912,
      4.186827698229656,
      1.6000000000000014
    ],
    "obj_class": "vehicle",
    "point_num_in_lidar": 54,
    "speed": 3.552713678800501e-14,
    "if_vehicle": true,
    "motion_state": false,
    "pose": [
      [
        0.6219886667260767,
        -0.78283183709212,
        -0.017447443918633475,
        16.107481360191514
      ],
      [
        0.78291216580815,
        0.6221239836552059,
        -0.0032077391678474866,
        -60.886474600671136
      ],
      [
        0.01336559366093945,
        -0.011664638697939095,
        0.9998426361733816,
        0.6310538454489674
      ],
      [
        0.0,
        0.0,
        0.0,
        1.0
      ]
    ],
    "location": [
      16.107481360191514,
      -60.886474600671136,
      0.6310538454489674
    ],
    "rotation": [
      -0.011665945327399294,
      -0.013365991629188848,
      0.8994454968582701
    ]
  },
  {
    "label_id": "M8sjiibdjQXMQVuY4NYmfQ",
    "size": [
      0.8508967923392048,
      0.9774615490357054,
      1.6200000000000045
    ],
    "obj_class": "pedestrian",
    "point_num_in_lidar": 46,
    "speed": 1.2713227894323054,
    "if_vehicle": false,
    "motion_state": true,
    "pose": [
      [
        -0.9680927695885546,
        0.2499839518270482,
        -0.017447443918633475,
        30.556597594404593
      ],
      [
        -0.24996652542843156,
        -0.9682491655429756,
        -0.0032077391678474866,
        -14.9526197528794
      ],
      [
        -0.017695356328683645,
        0.0012558878388290694,
        0.9998426361733816,
        0.5662846102727137
      ],
      [
        0.0,
        0.0,
        0.0,
        1.0
      ]
    ],
    "location": [
      30.556597594404593,
      -14.9526197528794,
      0.5662846102727137
    ],
    "rotation": [
      0.001256084840654102,
      0.017696279937114957,
      -2.8889065424045306
    ]
  },
  {
    "label_id": "MGDi0Feg3WgL1_2697vcBQ",
    "size": [
      0.8273713641503534,
      0.9264627697768697,
      1.610000000000003
    ],
    "obj_class": "pedestrian",
    "point_num_in_lidar": 77,
    "speed": 1.2552266038783608,
    "if_vehicle": false,
    "motion_state": true,
    "pose": [
      [
        -0.9997940515589969,
        -0.010365383155098074,
        -0.017447443918633475,
        31.440298445613507
      ],
      [
        0.010422880205043058,
        -0.9999405352208013,
        -0.0032077391678474866,
        -14.464494944932085
      ],
      [
        -0.017413156964696915,
        -0.0033889311568148475,
        0.9998426361733816,
        0.5372841191475324
      ],
      [
        0.0,
        0.0,
        0.0,
        1.0
      ]
    ],
    "location": [
      31.440298445613507,
      -14.464494944932085,
      0.5372841191475324
    ],
    "rotation": [
      -0.0033894515560935136,
      0.017414037082000268,
      3.1311680040101515
    ]
  },
  {
    "label_id": "MMRb3jHqGvp6u3_L3aIsDw",
    "size": [
      2.18711160822148,
      5.576670239505544,
      2.0900000000000034
    ],
    "obj_class": "vehicle",
    "point_num_in_lidar": 9100,
    "speed": 0.0018550989062915218,
    "if_vehicle": true,
    "motion_state": false,
    "pose": [
      [
        0.13805625954664374,
        0.9902706982945098,
        -0.017447443918633475,
        4.609209323091818
      ],
      [
        -0.990424090346945,
        0.13802112762130944,
        -0.0032077391678474866,
        -8.771104382678459
      ],
      [
        -0.0007684142219316298,
        0.017723217243106184,
        0.9998426361733816,
        1.0155196156979365
      ],
      [
        0.0,
        0.0,
        0.0,
        1.0
      ]
    ],
    "location": [
      4.609209323091818,
      -8.771104382678459,
      1.0155196156979365
    ],
    "rotation": [
      0.017724150454673508,
      0.0007684142975513468,
      -1.432297673607483
    ]
  },
  {
    "label_id": "MhxUH3Qh4-q6ZeQGrgjZog",
    "size": [
      1.8095717427191167,
      4.104413323080284,
      1.5700000000000003
    ],
    "obj_class": "vehicle",
    "point_num_in_lidar": 112,
    "speed": 8.556067554929069e-13,
    "if_vehicle": true,
    "motion_state": false,
    "pose": [
      [
        -0.981936085697153,
        0.1884067682076726,
        -0.017447443918633475,
        -27.310558694842484
      ],
      [
        -0.18837950915670018,
        -0.9820910705934109,
        -0.0032077391678474866,
        -23.575675562622564
      ],
      [
        -0.017739338647036557,
        0.0001369460790176239,
        0.9998426361733816,
        0.9219863880325647
      ],
      [
        0.0,
        0.0,
        0.0,
        1.0
      ]
    ],
    "location": [
      -27.310558694842484,
      -23.575675562622564,
      0.9219863880325647
    ],
    "rotation": [
      0.0001369676319119289,
      0.017740269160218706,
      -2.952050613949021
    ]
  },
  {
    "label_id": "N1G3ObOTcL37PoStSOPQxg",
    "size": [
      0.8769430839473088,
      0.7703446808274568,
      2.033662047750184
    ],
    "obj_class": "pedestrian",
    "point_num_in_lidar": 35,
    "speed": 1.7763568394002505e-13,
    "if_vehicle": false,
    "motion_state": false,
    "pose": [
      [
        -0.8290507399730516,
        0.5589011158074761,
        -0.017447443918633475,
        43.2606656269993
      ],
      [
        -0.5589369134613418,
        -0.8292039780293747,
        -0.0032077391678474866,
        -42.648351026200544
      ],
      [
        -0.016260298903904603,
        0.007092641920926351,
        0.9998426361733816,
        0.6975474200246374
      ],
      [
        0.0,
        0.0,
        0.0,
        1.0
      ]
    ],
    "location": [
      43.2606656269993,
      -42.648351026200544,
      0.6975474200246374
    ],
    "rotation": [
      0.0070936392361625805,
      0.016261015519079856,
      -2.5484003254112486
    ]
  },
  {
    "label_id": "O59JY3j7LGqToSBNDEeqYg",
    "size": [
      2.1727495916741337,
      4.601014708920024,
      1.5799999999999983
    ],
    "obj_class": "vehicle",
    "point_num_in_lidar": 171,
    "speed": 8.026336636494126,
    "if_vehicle": true,
    "motion_state": true,
    "pose": [
      [
        -0.7054578933127473,
        0.7085370473471706,
        -0.017447443918633475,
        -7.751904488937498
      ],
      [
        -0.7086017747946921,
        -0.7056013287737231,
        -0.0032077391678474866,
        -65.1982421521734
      ],
      [
        -0.014583741651339322,
        0.010100364810728065,
        0.9998426361733816,
        0.6243135782308542
      ],
      [
        0.0,
        0.0,
        0.0,
        1.0
      ]
    ],
    "location": [
      -7.751904488937498,
      -65.1982421521734,
      0.6243135782308542
    ],
    "rotation": [
      0.010101610880899337,
      0.014584258659270351,
      -2.3539711920015236
    ]
  },
  {
    "label_id": "O9135g1GOeSBKxxZHcQSJw",
    "size": [
      0.8631129191734151,
      0.10705276516763673,
      0.8000000000000007
    ],
    "obj_class": "sign",
    "point_num_in_lidar": 35,
    "speed": 1.0658141036401503e-13,
    "if_vehicle": false,
    "motion_state": false,
    "pose": [
      [
        -0.9998206998713075,
        0.007358995145729927,
        -0.017447443918633475,
        -8.263926939923522
      ],
      [
        -0.007304103758043732,
        -0.9999681797325968,
        -0.0032077391678474866,
        -30.11386893049712
      ],
      [
        -0.017470494473267435,
        -0.0030797260791075314,
        0.9998426361733816,
        2.7069472611510292
      ],
      [
        0.0,
        0.0,
        0.0,
        1.0
      ]
    ],
    "location": [
      -8.263926939923522,
      -30.11386893049712,
      2.7069472611510292
    ],
    "rotation": [
      -0.0030802010515496724,
      0.017471383314099663,
      -3.134287369927025
    ]
  },
  {
    "label_id": "OBmaSu1uTjgZW7C-GFlGRg",
    "size": [
      0.8698284263520198,
      1.0188197221530193,
      1.7100000000000044
    ],
    "obj_class": "pedestrian",
    "point_num_in_lidar": 61,
    "speed": 1.6177239800746703,
    "if_vehicle": false,
    "motion_state": true,
    "pose": [
      [
        0.5270789105323783,
        -0.8496372218616057,
        -0.017447443918633475,
        -9.916590357271389
      ],
      [
        0.8497326906831033,
        0.5272040068075021,
        -0.0032077391678474866,
        -51.00448812450668
      ],
      [
        0.01192377693747935,
        -0.013134931800661878,
        0.9998426361733816,
        0.9674750256841627
      ],
      [
        0.0,
        0.0,
        0.0,
        1.0
      ]
    ],
    "location": [
      -9.916590357271389,
      -51.00448812450668,
      0.9674750256841627
    ],
    "rotation": [
      -0.013136243436323702,
      -0.011924059502283473,
      1.0155926625156153
    ]
  },
  {
    "label_id": "OGAaBVDVAhjJMcaKvP7EOw",
    "size": [
      1.8657107994764883,
      4.3588581548173195,
      1.8999999999999986
    ],
    "obj_class": "vehicle",
    "point_num_in_lidar": 908,
    "speed": 1.4210854715202004e-12,
    "if_vehicle": true,
    "motion_state": false,
    "pose": [
      [
        -0.9854422502168445,
        0.1691128563660022,
        -0.017447443918633475,
        -14.7183745783816
      ],
      [
        -0.16908256300280156,
        -0.9855966707014765,
        -0.0032077391678474866,
        -21.546047176554566
      ],
      [
        -0.01773861257160767,
        -0.00021098316806214442,
        0.9998426361733816,
        0.9295871176626846
      ],
      [
        0.0,
        0.0,
        0.0,
        1.0
      ]
    ],
    "location": [
      -14.7183745783816,
      -21.546047176554566,
      0.9295871176626846
    ],
    "rotation": [
      -0.0002110163712742608,
      0.017739542970525317,
      -2.9716669015881227
    ]
  },
  {
    "label_id": "OLbKrwdNgogwuqHpnALO5Q",
    "size": [
      0.8445474455708297,
      0.8392516669915127,
      1.6200000000000045
    ],
    "obj_class": "pedestrian",
    "point_num_in_lidar": 36,
    "speed": 0.01120059328679448,
    "if_vehicle": false,
    "motion_state": false,
    "pose": [
      [
        -0.8860632596373051,
        0.46323588658654213,
        -0.017447443918633475,
        19.637872143013965
      ],
      [
        -0.463254420652539,
