[
  {
    "label_id": "-3y3uSWZpzEtolStN25xzw",
    "size": [
      0.9999999999990575,
      1.0,
      1.7399999999999984
    ],
    "obj_class": "pedestrian",
    "point_num_in_lidar": 46,
    "speed": 0.8772421663841686,
    "if_vehicle": false,
    "motion_state": false,
    "pose": [
      [
        -0.8362152764997649,
        0.5481054596099685,
        -0.01801156556679866,
        41.52711259728744
      ],
      [
        -0.5481513528722742,
        -0.8363747289834641,
        -0.0027215918379588436,
        -38.37454409581551
      ],
      [
        -0.016556137614714292,
        0.007597227361490097,
        0.9998340744562072,
        0.5967049794941204
      ],
      [
        0.0,
        0.0,
        0.0,
        1.0
      ]
    ],
    "location": [
      41.52711259728744,
      -38.37454409581551,
      0.5967049794941204
    ],
    "rotation": [
      0.007598341911807376,
      0.016556894063285695,
      -2.561350475048662
    ]
  },
  {
    "label_id": "-BQNloss4qTNgCNWyqfQPw",
    "size": [
      0.9503483244335734,
      1.0782520726229397,
      1.7800000000000047
    ],
    "obj_class": "pedestrian",
    "point_num_in_lidar": 24,
    "speed": 0.05451427025396406,
    "if_vehicle": false,
    "motion_state": false,
    "pose": [
      [
        -0.8521844297957687,
        0.5229314306096868,
        -0.01801156556679866,
        40.81313591820481
      ],
      [
        -0.5229725496574097,
        -0.852345179632463,
        -0.0027215918379588436,
        -40.74449973517585
      ],
      [
        -0.01677527700185435,
        0.007100256179222526,
        0.9998340744562072,
        0.6907937639614801
      ],
      [
        0.0,
        0.0,
        0.0,
        1.0
      ]
    ],
    "location": [
      40.81313591820481,
      -40.74449973517585,
      0.6907937639614801
    ],
    "rotation": [
      0.007101315116219883,
      0.016776063889727834,
      -2.5911715895282623
    ]
  },
  {
    "label_id": "-Dzbj8ej64m1E-fNNfo-Ww",
    "size": [
      2.609142809786025,
      6.207139029641827,
      2.6000000000000014
    ],
    "obj_class": "vehicle",
    "point_num_in_lidar": 73,
    "speed": 1.4075378884361536e-28,
    "if_vehicle": true,
    "motion_state": false,
    "pose": [
      [
        0.7266195244416224,
        -0.6868039386943435,
        -0.01801156556679866,
        -8.7018753335351
      ],
      [
        0.6868771956856551,
        0.7267684025773807,
        -0.0027215918379588436,
        -86.55934551248538
      ],
      [
        0.014959436728728525,
        -0.010394171879409112,
        0.9998340744562072,
        1.5759752053911313
      ],
      [
        0.0,
        0.0,
        0.0,
        1.0
      ]
    ],
    "location": [
      -8.7018753335351,
      -86.55934551248538,
      1.5759752053911313
    ],
    "rotation": [
      -0.01039552233748386,
      -0.014959994733884423,
      0.7572892469167798
    ]
  },
  {
    "label_id": "-u6v7A9TrXDu-9EE_fzpuA",
    "size": [
      2.0399475097409905,
      4.415591832276201,
      1.7400000000000055
    ],
    "obj_class": "vehicle",
    "point_num_in_lidar": 6534,
    "speed": 0.5805028438463784,
    "if_vehicle": true,
    "motion_state": false,
    "pose": [
      [
        0.33213830674508016,
        0.9430587090411413,
        -0.01801156556679866,
        6.353082708653119
      ],
      [
        -0.9432245105638646,
        0.33214472088146385,
        -0.0027215918379588436,
        -16.63633322892929
      ],
      [
        0.0034158255325801514,
        0.0178928950209435,
        0.9998340744562072,
        0.8202082645109279
      ],
      [
        0.0,
        0.0,
        0.0,
        1.0
      ]
    ],
    "location": [
      6.353082708653119,
      -16.63633322892929,
      0.8202082645109279
    ],
    "rotation": [
      0.017893954314113874,
      -0.0034158321751796947,
      -1.2322245965922247
    ]
  },
  {
    "label_id": "0W_ICpRE-uhjmG5ZAXO0qA",
    "size": [
      0.856096148609349,
      0.7477227720306335,
      1.9060699903247986
    ],
    "obj_class": "pedestrian",
    "point_num_in_lidar": 62,
    "speed": 0.0020684853339529865,
    "if_vehicle": false,
    "motion_state": false,
    "pose": [
      [
        -0.9912485332028051,
        0.1307743435430681,
        -0.01801156556679866,
        21.06991578284419
      ],
      [
        -0.1307464699186005,
        -0.9914121007642039,
        -0.0027215918379588436,
        -22.324429132568184
      ],
      [
        -0.018212798442633297,
        -0.00034282530178708924,
        0.9998340744562072,
        0.653612510176611
      ],
      [
        0.0,
        0.0,
        0.0,
        1.0
      ]
    ],
    "location": [
      21.06991578284419,
      -22.324429132568184,
      0.653612510176611
    ],
    "rotation": [
      -0.0003428821812643555,
      0.018213805475460358,
      -3.010448900045523
    ]
  },
  {
    "label_id": "0s0MLJ4EvKMJbQzmaFGapQ",
    "size": [
      1.0271755662515423,
      1.1252974528226218,
      1.6799999999999997
    ],
    "obj_class": "pedestrian",
    "point_num_in_lidar": 57,
    "speed": 1.4279133003833138,
    "if_vehicle": false,
    "motion_state": true,
    "pose": [
      [
        -0.872757451268422,
        0.4878217038645177,
        -0.01801156556679866,
        -8.110948041617348
      ],
      [
        -0.4878562477129945,
        -0.872919741159097,
        -0.0027215918379588436,
        -50.34017214951746
      ],
      [
        -0.017050302720056833,
        0.006411765236965067,
        0.9998340744562072,
        0.9080262378195094
      ],
      [
        0.0,
        0.0,
        0.0,
        1.0
      ]
    ],
    "location": [
      -8.110948041617348,
      -50.34017214951746,
      0.9080262378195094
    ],
    "rotation": [
      0.00641274138344605,
      0.017051128951755354,
      -2.6318791642874872
    ]
  },
  {
    "label_id": "1rDkIQm97fn96_z7MlfEFA",
    "size": [
      2.056830189203353,
      4.3471459235386005,
      1.509999999999998
    ],
    "obj_class": "vehicle",
    "point_num_in_lidar": 38,
    "speed": 1.3057719702039484e-28,
    "if_vehicle": true,
    "motion_state": false,
    "pose": [
      [
        0.9849833533789554,
        -0.17170724234050552,
        -0.01801156556679866,
        -57.41395462616583
      ],
      [
        0.1716861655349985,
        0.985147934830986,
        -0.0027215918379588436,
        -41.357983510170016
      ],
      [
        0.018211373650476936,
        -0.0004116139723643769,
        0.9998340744562072,
        1.4667695830536829
      ],
      [
        0.0,
        0.0,
        0.0,
        1.0
      ]
    ],
    "location": [
      -57.41395462616583,
      -41.357983510170016,
      1.4667695830536829
    ],
    "rotation": [
      -0.0004116822577130992,
      -0.018212380446957617,
      0.17256990094664254
    ]
  },
  {
    "label_id": "2hG8b9thgwMFUB5DUm0BBA",
    "size": [
      2.009110343804709,
      4.430774636678162,
      1.4100000000000001
    ],
    "obj_class": "vehicle",
    "point_num_in_lidar": 31,
    "speed": 1.1260303107489229e-27,
    "if_vehicle": true,
    "motion_state": false,
    "pose": [
      [
        0.6857801285130923,
        -0.7275858704252025,
        -0.01801156556679866,
        12.11610172040605
      ],
      [
        0.7276675956833685,
        0.6859245316580048,
        -0.0027215918379588436,
        -65.62938108120943
      ],
      [
        0.014334766442197227,
        -0.011240019010090127,
        0.9998340744562072,
        0.49336942381723503
      ],
      [
        0.0,
        0.0,
        0.0,
        1.0
      ]
    ],
    "location": [
      12.11610172040605,
      -65.62938108120943,
      0.49336942381723503
    ],
    "rotation": [
      -0.011241410778791964,
      -0.014335257418775907,
      0.8150244528044921
    ]
  },
  {
    "label_id": "3UOARbDkuMcY1CDZ705q0w",
    "size": [
      0.7092548309712515,
      0.7043774177189961,
      1.867408505954046
    ],
    "obj_class": "pedestrian",
    "point_num_in_lidar": 36,
    "speed": 0.010621318564992798,
    "if_vehicle": false,
    "motion_state": false,
    "pose": [
      [
        -0.8962583741234907,
        0.44316645892864004,
        -0.01801156556679866,
        38.94920032671439
      ],
      [
        -0.44319277063597584,
        -0.8964222001902199,
        -0.0027215918379588436,
        -40.13570440982039
      ],
      [
        -0.01735208545173737,
        0.005543346171324281,
        0.9998340744562072,
        0.6491729131053461
      ],
      [
        0.0,
        0.0,
        0.0,
        1.0
      ]
    ],
    "location": [
      38.94920032671439,
      -40.13570440982039,
      0.6491729131053461
    ],
    "rotation": [
      0.005544209299551517,
      0.017352956340392422,
      -2.682360988875488
    ]
  },
  {
    "label_id": "3drq9t_ugP2rT_AHc0GtKQ",
    "size": [
      0.817584029080464,
      0.765391699955769,
      1.350000000000005
    ],
    "obj_class": "pedestrian",
    "point_num_in_lidar": 22,
    "speed": 1.413599093416513,
    "if_vehicle": false,
    "motion_state": true,
    "pose": [
      [
        -0.7981532571634629,
        0.602185155566947,
        -0.01801156556679866,
        46.68980007382629
      ],
      [
        -0.6022414891638073,
        -0.7983093270578938,
        -0.0027215918379588436,
        -32.19501767199836
      ],
      [
        -0.01601770299122115,
        0.00867506467898403,
        0.9998340744562072,
        0.8045887079330285
      ],
      [
        0.0,
        0.0,
        0.0,
        1.0
      ]
    ],
    "location": [
      46.68980007382629,
      -32.19501767199836,
      0.8045887079330285
    ],
    "rotation": [
      0.008676286615106239,
      0.016018388005470095,
      -2.495189931439725
    ]
  },
  {
    "label_id": "5Zo39jZeAKvLd3jygUscXQ",
    "size": [
      0.8633204129114282,
      0.9964958227765475,
      1.7600000000000051
    ],
    "obj_class": "pedestrian",
    "point_num_in_lidar": 705,
    "speed": 1.30613166418916,
    "if_vehicle": false,
    "motion_state": true,
    "pose": [
      [
        -0.0610376344862587,
        -0.9979729408566923,
        -0.01801156556679866,
        -4.35052038813069
      ],
      [
        0.9981341549098016,
        -0.06099837489936644,
        -0.0027215918379588436,
        -18.52118231078566
      ],
      [
        0.0016173987813712534,
        -0.018144078303445176,
        0.9998340744562072,
        0.7655931137790013
      ],
      [
        0.0,
        0.0,
        0.0,
        1.0
      ]
    ],
    "location": [
      -4.35052038813069,
      -18.52118231078566,
      0.7655931137790013
    ],
    "rotation": [
      -0.018145097715181864,
      -0.0016173994865522423,
      1.6318720051774998
    ]
  },
  {
    "label_id": "5plMF05KDpyMprvl5e_ipg",
    "size": [
      0.9221836674008491,
      0.9039507390933251,
      1.860000000000003
    ],
    "obj_class": "pedestrian",
    "point_num_in_lidar": 66,
    "speed": 0.02736739762907232,
    "if_vehicle": false,
    "motion_state": false,
    "pose": [
      [
        -0.6469873410496245,
        0.7622879797211616,
        -0.01801156556679866,
        22.56909704991267
      ],
      [
        -0.7623771089790676,
        -0.647127295547473,
        -0.0027215918379588436,
        -23.712049893685617
      ],
      [
        -0.013730412457601652,
        0.011970769818339529,
        0.9998340744562072,
        0.8847018103034223
      ],
      [
        0.0,
        0.0,
        0.0,
        1.0
      ]
    ],
    "location": [
      22.56909704991267,
      -23.712049893685617,
      0.8847018103034223
    ],
    "rotation": [
      0.011972184367833573,
      0.01373084391343639,
      -2.2745030798297274
    ]
  },
  {
    "label_id": "6nFW7Fnejgm08SNoDjHi2w",
    "size": [
      0.7576715269810361,
      0.7637234397275995,
      1.8900000000000041
    ],
    "obj_class": "pedestrian",
    "point_num_in_lidar": 52,
    "speed": 0.002124330994895272,
    "if_vehicle": false,
    "motion_state": false,
    "pose": [
      [
        -0.6312319576273837,
        0.7753849361289745,
        -0.01801156556679866,
        18.791383806429167
      ],
      [
        -0.7754769143911536,
        -0.6313700564520327,
        -0.0027215918379588436,
        -19.94313093601886
      ],
      [
        -0.013482244482144013,
        0.012249597545357501,
        0.9998340744562072,
        0.6978517075222008
      ],
      [
        0.0,
        0.0,
        0.0,
        1.0
      ]
    ],
    "location": [
      18.791383806429167,
      -19.94313093601886,
      0.6978517075222008
    ],
    "rotation": [
      0.012251017459092985,
      0.0134826529622128,
      -2.2540108999001762
    ]
  },
  {
    "label_id": "ABRBhQePUHY_I0XPW1ez4A",
    "size": [
      2.1306944974764024,
      4.5215893642290155,
      1.8999999999999986
    ],
    "obj_class": "vehicle",
    "point_num_in_lidar": 185,
    "speed": 1.8837255474592822,
    "if_vehicle": true,
    "motion_state": true,
    "pose": [
      [
        0.7421151062652356,
        0.6700304116670909,
        -0.01801156556679866,
        29.04987201453241
      ],
      [
        -0.6701730302705049,
        0.7421999073268041,
        -0.0027215918379588436,
        -45.90255538612291
      ],
      [
        0.01154463299491126,
        0.014090599891854764,
        0.9998340744562072,
        0.657769994726003
      ],
      [
        0.0,
        0.0,
        0.0,
        1.0
      ]
    ],
    "location": [
      29.04987201453241,
      -45.90255538612291,
      0.657769994726003
    ],
    "rotation": [
      0.014092005377707427,
      -0.011544889452285552,
      -0.7345020724859564
    ]
  },
  {
    "label_id": "BJzgD4pDd9zzx_tJ81Wh9w",
    "size": [
      2.057682672119772,
      4.348731250934897,
      1.5799999999999983
    ],
    "obj_class": "vehicle",
    "point_num_in_lidar": 712,
    "speed": 2.365663546140192,
    "if_vehicle": true,
    "motion_state": true,
    "pose": [
      [
        0.6099915414156487,
        0.7922031954664118,
        -0.01801156556679866,
        9.995166444969072
      ],
      [
        -0.7923587048181082,
        0.610049404422984,
        -0.0027215918379588436,
        -22.266487145623614
      ],
      [
        0.008831891095964746,
        0.01593176876459578,
        0.9998340744562072,
        0.6196713943917338
      ],
      [
        0.0,
        0.0,
        0.0,
        1.0
      ]
    ],
    "location": [
      9.995166444969072,
      -22.266487145623614,
      0.6196713943917338
    ],
    "rotation": [
      0.015933064284385987,
      -0.008832005917965456,
      -0.9147163854584676
    ]
  },
  {
    "label_id": "BMprUx_wfiGkn4Jsd9YGfw",
    "size": [
      0.9165089260500511,
      0.14690670426762598,
      1.129999999999999
    ],
    "obj_class": "sign",
    "point_num_in_lidar": 96,
    "speed": 0.013958212031077742,
    "if_vehicle": false,
    "motion_state": false,
    "pose": [
      [
        -0.7035120489279032,
        -0.7104550517232576,
        -0.01801156556679866,
        25.466419385327754
      ],
      [
        0.7106021864045,
        -0.703588747504543,
        -0.0027215918379588436,
        -24.830283833269277
      ],
      [
        -0.010739166187733176,
        -0.014713730522603018,
        0.9998340744562072,
        3.3772245104993885
      ],
      [
        0.0,
        0.0,
        0.0,
        1.0
      ]
    ],
    "location": [
      25.466419385327754,
      -24.830283833269277,
      3.3772245104993885
    ],
    "rotation": [
      -0.014715110109993908,
      0.010739372622565597,
      2.3511806957700805
    ]
  },
  {
    "label_id": "BrpalxtMlwqR7rQyfylZ8g",
    "size": [
      2.3380971946354276,
      6.178880489167328,
      2.219999999999999
    ],
    "obj_class": "vehicle",
    "point_num_in_lidar": 1777,
    "speed": 1.098838176912128,
    "if_vehicle": true,
    "motion_state": true,
    "pose": [
      [
        0.9799081911586568,
        -0.19863413706108607,
        -0.01801156556679866,
        -14.730381839842494
      ],
      [
        0.19861757817551265,
        0.9800732883706001,
        -0.0027215918379588436,
        -27.840542153608112
      ],
      [
        0.018193255339920483,
        -0.0009105033970205895,
        0.9998340744562072,
        1.1223176039081189
      ],
      [
        0.0,
        0.0,
        0.0,
        1.0
      ]
    ],
    "location": [
      -14.730381839842494,
      -27.840542153608112,
      1.1223176039081189
    ],
    "rotation": [
      -0.0009106542461307671,
      -0.018194259134136997,
      0.19998074237615157
    ]
  },
  {
    "label_id": "C88vprxSbrDQhEq30YQshA",
    "size": [
      0.8219031737474506,
      0.7469626673616249,
      1.7100000000000009
    ],
    "obj_class": "pedestrian",
    "point_num_in_lidar": 27,
    "speed": 3.3780903394620005e-28,
    "if_vehicle": false,
    "motion_state": false,
    "pose": [
      [
        0.7749710132026414,
        0.6317400669591128,
        -0.01801156556679866,
        44.30618239147657
      ],
      [
        -0.6318782260434863,
        0.7750629009248244,
        -0.0027215918379588436,
        -14.622825412036036
      ],
      [
        0.012240757648453152,
        0.01349027088280168,
        0.9998340744562072,
        0.43929249086719224
      ],
      [
        0.0,
        0.0,
        0.0,
        1.0
      ]
    ],
    "location": [
      44.30618239147657,
      -14.622825412036036,
      0.43929249086719224
    ],
    "rotation": [
      0.01349169096358226,
      -0.012241063353728215,
      -0.6840352164978316
    ]
  },
  {
    "label_id": "DNJU6vLPoCqw-LexqChKbQ",
    "size": [
      2.4830097227194616,
      5.749171203661658,
      2.2116833098079987
    ],
    "obj_class": "vehicle",
    "point_num_in_lidar": 385,
    "speed": 0.9690654446351837,
    "if_vehicle": true,
    "motion_state": false,
    "pose": [
      [
        0.7159370427582357,
        -0.6979324711692568,
        -0.01801156556679866,
        6.748699761391663
      ],
      [
        0.698008016331216,
        0.7160847729670199,
        -0.0027215918379588436,
        -59.95014751409508
      ],
      [
        0.014797295156662305,
        -0.01062372874023756,
        0.9998340744562072,
        0.9707348631209456
      ],
      [
        0.0,
        0.0,
        0.0,
        1.0
      ]
    ],
    "location": [
      6.748699761391663,
      -59.95014751409508,
      0.9707348631209456
    ],
    "rotation": [
      -0.010625091931341505,
      -0.014797835212363114,
      0.7727186993036635
    ]
  },
  {
    "label_id": "ERcztt6ItC06k_ercBFdsg",
    "size": [
      0.921046786770691,
      1.027108511389792,
      1.9000000000000057
    ],
    "obj_class": "pedestrian",
    "point_num_in_lidar": 267,
    "speed": 0.5300719179805313,
    "if_vehicle": false,
    "motion_state": false,
    "pose": [
      [
        0.7677110046140009,
        0.6405430484365549,
        -0.01801156556679866,
        -1.970367183513872
      ],
      [
        -0.6406822471645427,
        0.7678013096537797,
        -0.0027215918379588436,
        -28.79789685636206
      ],
      [
        0.01208600689861673,
        0.013629086306356711,
        0.9998340744562072,
        0.9151132842301308
      ],
      [
        0.0,
        0.0,
        0.0,
        1.0
      ]
    ],
    "location": [
      -1.970367183513872,
      -28.79789685636206,
      0.9151132842301308
    ],
    "rotation": [
      0.013630503892466622,
      -0.012086301154945111,
      -0.6954474551809151
    ]
  },
  {
    "label_id": "EUjlvkwSB2q67LcxAKGoDA",
    "size": [
      0.9651760985944512,
      1.0981614056106253,
      1.8000000000000007
    ],
    "obj_class": "pedestrian",
    "point_num_in_lidar": 58,
    "speed": 1.2728283783349505,
    "if_vehicle": false,
    "motion_state": true,
    "pose": [
      [
        -0.19391032678779116,
        -0.9808538977191685,
        -0.01801156556679866,
        14.71685025818033
      ],
      [
        0.9810189132287448,
        -0.19389297260437202,
        -0.0027215918379588436,
        -8.803728982242319
      ],
      [
        -0.0008228320267425348,
        -0.018197431240570685,
        0.9998340744562072,
        0.85480477144473
      ],
      [
        0.0,
        0.0,
        0.0,
        1.0
      ]
    ],
    "location": [
      14.71685025818033,
      -8.803728982242319,
      0.85480477144473
    ],
    "rotation": [
      -0.01819844188754961,
      0.0008228321195926494,
      1.765942965492888
    ]
  },
  {
    "label_id": "EynIiRmnuBbFsLCDQ1XKbQ",
    "size": [
      0.5413567342716064,
      0.13723403558369326,
      0.5999999999999979
    ],
    "obj_class": "sign",
    "point_num_in_lidar": 42,
    "speed": 0.0026468504046010762,
    "if_vehicle": false,
    "motion_state": false,
    "pose": [
      [
        0.625548487952255,
        -0.7799773539831016,
        -0.01801156556679866,
        2.3014575527824945
      ],
      [
        0.7800703390329908,
        0.6256859109000475,
        -0.0027215918379588436,
        -43.22796492744783
      ],
      [
        0.013392362808791495,
        -0.01234780039914922,
        0.9998340744562072,
        2.841458928831443
      ],
      [
        0.0,
        0.0,
        0.0,
        1.0
      ]
    ],
    "location": [
      2.3014575527824945,
      -43.22796492744783,
      2.841458928831443
    ],
    "rotation": [
      -0.01234922175075682,
      -0.013392763173162736,
      0.8948900543006465
    ]
  },
  {
    "label_id": "GJEO8qd3JaW07GphAWS-nA",
    "size": [
      0.8296061988046499,
      0.1290419424672085,
      0.7899999999999991
    ],
    "obj_class": "sign",
    "point_num_in_lidar": 29,
    "speed": 0.0,
    "if_vehicle": false,
    "motion_state": false,
    "pose": [
      [
        -0.6880250889505553,
        -0.72546334192736,
        -0.01801156556679866,
        31.035472135703685
      ],
      [
        0.7256120966395563,
        -0.6880985962405495,
        -0.0027215918379588436,
        -60.166687087936225
      ],
      [
        -0.010419317872480923,
        -0.01494193332108435,
        0.9998340744562072,
        3.8543693612797902
      ],
      [
        0.0,
        0.0,
        0.0,
        1.0
      ]
    ],
    "location": [
      31.035472135703685,
      -60.166687087936225,
      3.8543693612797902
    ],
    "rotation": [
      -0.014943300590780577,
      0.010419506405677093,
      2.329611888781594
    ]
  },
  {
    "label_id": "GiHYRbxhmvNPKbWHFSSQLQ",
    "size": [
      2.194729265619489,
      4.8705239665823665,
      1.8399999999999999
    ],
    "obj_class": "vehicle",
    "point_num_in_lidar": 41,
    "speed": 9.008262627731976e-28,
    "if_vehicle": true,
    "motion_state": false,
    "pose": [
      [
        0.9852702555637433,
        -0.17005324756437024,
        -0.01801156556679866,
        -63.78842972119946
      ],
      [
        0.17003189446204162,
        0.9854348013965797,
        -0.0027215918379588436,
        -42.585904923409544
      ],
      [
        0.018212039067749295,
        -0.00038103712982414436,
        0.9998340744562072,
        1.8087297881370041
      ],
      [
        0.0,
        0.0,
        0.0,
        1.0
      ]
    ],
    "location": [
      -63.78842972119946,
      -42.585904923409544,
      1.8087297881370041
    ],
    "rotation": [
      -0.00038110034565928065,
      -0.018213045974605657,
      0.17089065660419803
    ]
  },
  {
    "label_id": "HSYlWnCOg45HraIyv_ltIQ",
    "size": [
      0.47477027299265784,
      0.04903281749638218,
      0.629999999999999
    ],
    "obj_class": "sign",
    "point_num_in_lidar": 27,
    "speed": 0.0017905891263301423,
    "if_vehicle": false,
    "motion_state": false,
    "pose": [
      [
        -0.6974235667582874,
        0.7164327965943365,
        -0.01801156556679866,
        26.100465478533124
      ],
      [
        -0.7165121826695073,
        -0.6975692689791073,
        -0.0027215918379588436,
        -22.084908503125916
      ],
      [
        -0.014514152277258175,
        0.011007403870672347,
        0.9998340744562072,
        2.7924992348391555
      ],
      [
        0.0,
        0.0,
        0.0,
        1.0
      ]
    ],
    "location": [
      26.100465478533124,
      -22.084908503125916,
      2.7924992348391555
    ],
    "rotation": [
      0.011008785831081643,
      0.014514661918949666,
      -2.3426949684823892
    ]
  },
  {
    "label_id": "J3L10LSZhOaAERyZECqKyA",
    "size": [
      2.00095248608597,
      4.516471889621558,
      1.4899999999999984
    ],
    "obj_class": "vehicle",
    "point_num_in_lidar": 363,
    "speed": 6.769377116782817e-28,
    "if_vehicle": true,
    "motion_state": false,
    "pose": [
      [
        -0.993309320249776,
        0.11407093324226365,
        -0.01801156556679866,
        -21.195986576966334
      ],
      [
        -0.11404031036647191,
        -0.9934723954642052,
        -0.0027215918379588436,
        -22.443894325220754
      ],
      [
        -0.01820444771056855,
        -0.0006493380111364603,
        0.9998340744562072,
        0.8119863880325511
      ],
      [
        0.0,
        0.0,
        0.0,
        1.0
      ]
    ],
    "location": [
      -21.195986576966334,
      -22.443894325220754,
      0.8119863880325511
    ],
    "rotation": [
      -0.0006494456794714595,
      0.01820545335869213,
      -3.027284673852536
    ]
  },
  {
    "label_id": "KX-4SfeSeDvbwnkBCjdU4g",
    "size": [
      0.8422860400556411,
      0.8451582887489959,
      1.7199999999999989
    ],
    "obj_class": "pedestrian",
    "point_num_in_lidar": 65,
    "speed": 4.539183448071274e-28,
    "if_vehicle": false,
    "motion_state": false,
    "pose": [
      [
        -0.5125278461123357,
        0.8584816774196657,
        -0.01801156556679866,
        21.741090810437754
      ],
      [
        -0.8585926508166385,
        -0.5126512000390961,
        -0.0027215918379588436,
        -18.834928855958424
      ],
      [
        -0.011570087428704775,
        0.01406970622264939,
        0.9998340744562072,
        0.6654090060640847
      ],
      [
        0.0,
        0.0,
        0.0,
        1.0
      ]
    ],
    "location": [
      21.741090810437754,
      -18.834928855958424,
      0.6654090060640847
    ],
    "rotation": [
      0.014071112384559676,
      0.011570345586257212,
      -2.1089624021094946
    ]
  },
  {
    "label_id": "LEDQQXEw_Ihy4SUDGjGeJA",
    "size": [
      0.8499373098872983,
      0.9264115891780135,
      1.9299999999999997
    ],
    "obj_class": "pedestrian",
    "point_num_in_lidar": 70,
    "speed": 0.007375779977593429,
    "if_vehicle": false,
    "motion_state": false,
    "pose": [
      [
        -0.48182647313857985,
        0.8760815220564068,
        -0.01801156556679866,
        22.42207512926393
      ],
      [
        -0.8761967912483986,
        -0.481945822623122,
        -0.0027215918379588436,
        -19.69203521203417
      ],
      [
        -0.011064935103636354,
        0.01447034095838267,
        0.9998340744562072,
        0.7777573512106031
      ],
      [
        0.0,
        0.0,
        0.0,
        1.0
      ]
    ],
    "location": [
      22.42207512926393,
      -19.69203521203417,
      0.7777573512106031
    ],
    "rotation": [
      0.014471731994823411,
      0.011065160901220698,
      -2.073567892129459
    ]
  },
  {
    "label_id": "LwSqmBnMVv6Bxt4JdUirjw",
    "size": [
      1.9169959747088898,
      4.186827698229656,
      1.6000000000000014
    ],
    "obj_class": "vehicle",
    "point_num_in_lidar": 54,
    "speed": 2.8368658765544052e-28,
    "if_vehicle": true,
    "motion_state": false,
    "pose": [
      [
        0.6219824439203977,
        -0.7828240050998962,
        -0.01801156556679866,
        16.10748136019197
      ],
      [
        0.7829176163293108,
        0.6221194410875597,
        -0.0027215918379588436,
        -60.886474600672955
      ],
      [
        0.013335872526366845,
        -0.012408789637189646,
        0.9998340744562072,
        0.6310538454489638
      ],
      [
        0.0,
        0.0,
        0.0,
        1.0
      ]
    ],
    "location": [
      16.10748136019197,
      -60.886474600672955,
      0.6310538454489638
    ],
    "rotation": [
      -0.012410211762005354,
      -0.013336267845482665,
      0.8994537604038448
    ]
  },
  {
    "label_id": "M8sjiibdjQXMQVuY4NYmfQ",
    "size": [
      0.8508967923377094,
      0.9774615490357054,
      1.6200000000000045
    ],
    "obj_class": "pedestrian",
    "point_num_in_lidar": 100,
    "speed": 1.2531102676172317,
    "if_vehicle": false,
    "motion_state": true,
    "pose": [
      [
        -0.9997333954659033,
        -0.014447196823218121,
        -0.01801156556679866,
        23.16181304145084
      ],
      [
        0.014498510280951447,
        -0.999891187148632,
        -0.0027215918379588436,
        -15.211815398059116
      ],
      [
        -0.017970286304036277,
        -0.0029820071177811447,
        0.9998340744562072,
        0.6322816635216668
      ],
      [
        0.0,
        0.0,
        0.0,
        1.0
      ]
    ],
    "location": [
      23.16181304145084,
      -15.211815398059116,
      0.6322816635216668
    ],
    "rotation": [
      -0.0029824931476583965,
      0.01797125363893806,
      3.1270912934892956
    ]
  },
  {
    "label_id": "MGDi0Feg3WgL1_2697vcBQ",
    "size": [
      0.8273713641480933,
      0.9264627697768697,
      1.610000000000003
    ],
    "obj_class": "pedestrian",
    "point_num_in_lidar": 104,
    "speed": 1.4906493026121832,
    "if_vehicle": false,
    "motion_state": true,
    "pose": [
      [
        -0.9990680388742368,
        -0.03922546629193296,
        -0.01801156556679866,
        24.172598861261804
      ],
      [
        0.03928067552913164,
        -0.9992245100415834,
        -0.0027215918379588436,
        -14.107917765422826
      ],
      [
        -0.01789084206966599,
        -0.0034265618829667694,
        0.9998340744562072,
        0.6332818895245396
      ],
      [
        0.0,
        0.0,
        0.0,
        1.0
      ]
    ],
    "location": [
      24.172598861261804,
      -14.107917765422826,
      0.6332818895245396
    ],
    "rotation": [
      -0.0034271171140868484,
      0.01789179663060207,
      3.102295576656568
    ]
  },
  {
    "label_id": "MMRb3jHqGvp6u3_L3aIsDw",
    "size": [
      2.18711160822148,
      5.576670239505544,
      2.0900000000000034
    ],
    "obj_class": "vehicle",
    "point_num_in_lidar": 9125,
    "speed": 0.10112705512033829,
    "if_vehicle": true,
    "motion_state": false,
    "pose": [
      [
        0.13805487833614616,
        0.9902607909401568,
        -0.01801156556679866,
        4.6336885652822275
      ],
      [
        -0.9904245589111226,
        0.13802820741998953,
        -0.0027215918379588436,
        -8.805567838362549
      ],
      [
        -0.0002089815780605735,
        0.018214825911865382,
        0.9998340744562072,
        1.0107195060217542
      ],
      [
        0.0,
        0.0,
        0.0,
        1.0
      ]
    ],
    "location": [
      4.6336885652822275,
      -8.805567838362549,
      1.0107195060217542
    ],
    "rotation": [
      0.01821583367889225,
      0.00020898157958172607,
      -1.4322991062803057
    ]
  },
  {
    "label_id": "MhxUH3Qh4-q6ZeQGrgjZog",
    "size": [
      1.8095717427191178,
      4.104413323080284,
      1.5700000000000003
    ],
    "obj_class": "vehicle",
    "point_num_in_lidar": 103,
    "speed": 8.510951822044447e-29,
    "if_vehicle": true,
    "motion_state": false,
    "pose": [
      [
        -0.9819262617280404,
        0.1884048832557928,
        -0.01801156556679866,
        -27.310558694842484
      ],
      [
        -0.18838660364174814,
        -0.9820911772876255,
        -0.0027215918379588436,
        -23.575675562624383
      ],
      [
        -0.018201760824791104,
        0.0007207351640033833,
        0.9998340744562072,
        0.9219863880325576
      ],
      [
        0.0,
        0.0,
        0.0,
        1.0
      ]
    ],
    "location": [
      -27.310558694842484,
      -23.575675562624383,
      0.9219863880325576
    ],
    "rotation": [
      0.0007208546473638589,
      0.01820276602765019,
      -2.9520417941349146
    ]
  },
  {
    "label_id": "N1G3ObOTcL37PoStSOPQxg",
    "size": [
      0.8769430839473096,
      0.7703446808274568,
      2.033662047750184
    ],
    "obj_class": "pedestrian",
    "point_num_in_lidar": 23,
    "speed": 9.025839742256044e-28,
    "if_vehicle": false,
    "motion_state": false,
    "pose": [
      [
        -0.8290424455748986,
        0.5588955241733685,
        -0.01801156556679866,
        43.26066562699884
      ],
      [
        -0.5589434798454445,
        -0.8292012899628972,
        -0.0027215918379588436,
        -42.648351026200544
      ],
      [
        -0.016456298899102717,
        0.007811131982172744,
        0.9998340744562072,
        0.6955562025547799
      ],
      [
        0.0,
        0.0,
        0.0,
        1.0
      ]
    ],
    "location": [
      43.26066562699884,
      -42.648351026200544,
      0.6955562025547799
    ],
    "rotation": [
      0.007812269328059968,
      0.0164570417440621,
      -2.5483902428022045
    ]
  },
  {
    "label_id": "O9135g1GOeSBKxxZHcQSJw",
    "size": [
      0.8631129191734139,
      0.10705276516763673,
      0.8000000000000007
    ],
    "obj_class": "sign",
    "point_num_in_lidar": 37,
    "speed": 4.539183089065796e-28,
    "if_vehicle": false,
    "motion_state": false,
    "pose": [
      [
        -0.9998106969721208,
        0.007358921521207662,
        -0.01801156556679866,
        -8.26392693992375
      ],
      [
        -0.007311061466905851,
        -0.9999695701960608,
        -0.0027215918379588436,
        -30.11386893049712
      ],
      [
        -0.018031045459138122,
        -0.002589392969409197,
        0.9998340744562072,
        2.7069472611510257
      ],
      [
        0.0,
        0.0,
        0.0,
        1.0
      ]
    ],
    "location": [
      -8.26392693992375,
      -30.11386893049712,
      2.7069472611510257
    ],
    "rotation": [
      -0.0025898168970332073,
      0.0180320226401535,
      -3.1342803381872852
    ]
  },
  {
    "label_id": "OBmaSu1uTjgZW7C-GFlGRg",
    "size": [
      0.8698284263535319,
      1.0188197221530193,
      1.7100000000000044
    ],
    "obj_class": "pedestrian",
    "point_num_in_lidar": 80,
    "speed": 1.5633849516805274,
    "if_vehicle": false,
    "motion_state": true,
    "pose": [
      [
        0.6935104423460637,
        -0.7202213894788186,
        -0.01801156556679866,
        -4.831614344520631
      ],
      [
        0.720301568090655,
        0.6936557099483942,
        -0.0027215918379588436,
        -44.13284827972711
      ],
      [
        0.014453973955648706,
        -0.011086306562104447,
        0.9998340744562072,
        0.964616983671096
      ],
      [
        0.0,
        0.0,
        0.0,
        1.0
      ]
    ],
    "location": [
      -4.831614344520631,
      -44.13284827972711,
      0.964616983671096
    ],
    "rotation": [
      -0.011087691984265811,
      -0.014454477283990335,
      0.804345462942202
    ]
  },
  {
    "label_id": "OGAaBVDVAhjJMcaKvP7EOw",
    "size": [
      1.8657107994764894,
      4.3588581548173195,
      1.8999999999999986
    ],
    "obj_class": "vehicle",
    "point_num_in_lidar": 884,
    "speed": 2.959509938252388e-28,
    "if_vehicle": true,
    "motion_state": false,
    "pose": [
      [
        -0.985432391169632,
        0.16911116444378993,
        -0.01801156556679866,
        -14.718374578381827
      ],
      [
        -0.16908965403086962,
        -0.9855969165118103,
        -0.0027215918379588436,
        -21.546047176554566
      ],
      [
        -0.018212395049044986,
        0.00036362463757677187,
        0.9998340744562072,
        0.9295871176626775
      ],
      [
        0.0,
        0.0,
        0.0,
        1.0
      ]
    ],
    "location": [
      -14.718374578381827,
      -21.546047176554566,
      0.9295871176626775
    ],
    "rotation": [
      0.00036368496617073594,
      0.018213402014952838,
      -2.9716582439985797
    ]
  },
  {
    "label_id": "OLbKrwdNgogwuqHpnALO5Q",
    "size": [
      0.844547445568888,
      0.8392516669915127,
      1.6200000000000045
    ],
    "obj_class": "pedestrian",
    "point_num_in_lidar": 40,
    "speed": 0.008544703232567211,
    "if_vehicle": false,
    "motion_state": false,
    "pose": [
      [
        -0.8822979380917024,
        0.47034660830600605,
        -0.01801156556679866,
        19.638062411295778
      ],
      [
        -0.4703779137834962,
        -0.8824608836444555,
        -0.0027215918379588436,
        -19.029965868194267
      ],
      [
        -0.017174593556074442,
        0.006070987768327113,
        0.9998340744562072,
        0.6085066741312843
      ],
      [
        0.0,
        0.0,
        0.0,
        1.0
      ]
    ],
    "location": [
      19.638062411295778,
      -19.029965868194267,
      0.6085066741312843
    ],
    "rotation": [
      0.006071920646040569,
      0.017175437990259154,
      -2.6517950448930514
    ]
  },
  {
    "label_id": "QFuaLlBdwU53Hc_Ah-IioA",
    "size": [
      0.8822107898255164,
      1.040883245441516,
      1.8200000000000038
    ],
    "obj_class": "pedestrian",
    "point_num_in_lidar": 20,
    "speed": 1.3155514621109168,
    "if_vehicle": false,
    "motion_state": true,
    "pose": [
      [
        0.6783617126281738,
        -0.7345072976805636,
        -0.01801156556679866,
        3.4595546513407953
      ],
      [
        0.734590484048031,
        0.6785052790391148,
        -0.0027215918379588436,
        -85.03533526499996
      ],
      [
        0.014219971387120663,
        -0.011384900967904852,
        0.9998340744562072,
        1.1749972604078387
      ],
      [
        0.0,
        0.0,
        0.0,
        1.0
      ]
    ],
    "location": [
      3.4595546513407953,
      -85.03533526499996,
      1.1749972604078387
    ],
    "rotation": [
      -0.011386298232304703,
      -0.014220450661747902,
      0.8251724156933798
    ]
  },
  {
    "label_id": "R-25fKgUYgqBqMlM6mbh8A",
    "size": [
      0.8792966680053088,
      0.8397044615812774,
      1.948185417723952
    ],
    "obj_class": "pedestrian",
    "point_num_in_lidar": 29,
    "speed": 0.0033331536812280797,
    "if_vehicle": false,
    "motion_state": false,
    "pose": [
      [
        -0.6845296711233243,
        0.7287624529691596,
        -0.01801156556679866,
        42.194523731793424
      ],
      [
        -0.7288444260830033,
        -0.6846739337126871,
        -0.0027215918379588436,
        -44.93567447155692
      ],
      [
        -0.014315443392755752,
        0.01126461880261986,
        0.9998340744562072,
        0.5996151626966295
      ],
      [
        0.0,
        0.0,
        0.0,
        1.0
      ]
    ],
    "location": [
      42.194523731793424,
      -44.93567447155692,
      0.5996151626966295
    ],
    "rotation": [
      0.011266011537880614,
      0.01431593238640068,
      -2.3248508833078163
    ]
  },
  {
    "label_id": "SRw4fz_BRx13yIxaJKROLQ",
    "size": [
      2.3095292348992476,
      4.680840153599171,
      1.7399999999999984
    ],
    "obj_class": "vehicle",
    "point_num_in_lidar": 40,
    "speed": 1.7397060921147893,
    "if_vehicle": true,
    "motion_state": true,
    "pose": [
      [
        0.722686269598568,
        0.6909414875657265,
        -0.01801156556679866,
        34.87264865810039
      ],
      [
        -0.6910864687477964,
        0.7227669649697392,
        -0.0027215918379588436,
