[
  {
    "label_id": "-3y3uSWZpzEtolStN25xzw",
    "size": [
      0.9999999999988117,
      1.0,
      1.7399999999999984
    ],
    "obj_class": "pedestrian",
    "point_num_in_lidar": 34,
    "speed": 1.2629175495025202,
    "if_vehicle": false,
    "motion_state": true,
    "pose": [
      [
        -0.8230543244289987,
        0.567682856040614,
        -0.01782565556426453,
        44.38185117342732
      ],
      [
        -0.5677220316477619,
        -0.8232138227013782,
        -0.003270610817784479,
        -36.48909792523955
      ],
      [
        -0.016530995749253524,
        0.007428127015295713,
        0.9998357610670778,
        0.5967049794941133
      ],
      [
        0.0,
        0.0,
        0.0,
        1.0
      ]
    ],
    "location": [
      44.38185117342732,
      -36.48909792523955,
      0.5967049794941133
    ],
    "rotation": [
      0.007429210519777979,
      0.016531748756584343,
      -2.537762338223194
    ]
  },
  {
    "label_id": "-Dzbj8ej64m1E-fNNfo-Ww",
    "size": [
      2.609142809786035,
      6.207139029641827,
      2.6000000000000014
    ],
    "obj_class": "vehicle",
    "point_num_in_lidar": 72,
    "speed": 1.4210854715202004e-12,
    "if_vehicle": true,
    "motion_state": false,
    "pose": [
      [
        0.7266219457736303,
        -0.6868062273478942,
        -0.01782565556426453,
        -8.701875333533962
      ],
      [
        0.6868693198697112,
        0.726773582711011,
        -0.003270610817784479,
        -86.55934551248902
      ],
      [
        0.015201491435498775,
        -0.009867398317371271,
        0.9998357610670778,
        1.575975205391142
      ],
      [
        0.0,
        0.0,
        0.0,
        1.0
      ]
    ],
    "location": [
      -8.701875333533962,
      -86.55934551248902,
      1.575975205391142
    ],
    "rotation": [
      -0.00986869880721206,
      -0.015202076970030488,
      0.7572818593572146
    ]
  },
  {
    "label_id": "-u6v7A9TrXDu-9EE_fzpuA",
    "size": [
      2.039947509739789,
      4.415591832276201,
      1.7400000000000055
    ],
    "obj_class": "vehicle",
    "point_num_in_lidar": 6714,
    "speed": 0.00021746128316221778,
    "if_vehicle": true,
    "motion_state": false,
    "pose": [
      [
        0.3369732442122228,
        0.9413454619260633,
        -0.01782565556426453,
        6.268482085932874
      ],
      [
        -0.9415096706158995,
        0.3369700925032056,
        -0.003270610817784479,
        -16.44392288428753
      ],
      [
        0.00292793815337279,
        0.017885135436647607,
        0.9998357610670778,
        0.8202082645109208
      ],
      [
        0.0,
        0.0,
        0.0,
        1.0
      ]
    ],
    "location": [
      6.268482085932874,
      -16.44392288428753,
      0.8202082645109208
    ],
    "rotation": [
      0.01788616576015705,
      -0.002927942336837615,
      -1.2270945266098294
    ]
  },
  {
    "label_id": "0W_ICpRE-uhjmG5ZAXO0qA",
    "size": [
      0.856096148610448,
      0.7477227720306335,
      1.9060699903247986
    ],
    "obj_class": "pedestrian",
    "point_num_in_lidar": 111,
    "speed": 0.0020684853154453752,
    "if_vehicle": false,
    "motion_state": false,
    "pose": [
      [
        -0.9915859118064063,
        0.1282171030352879,
        -0.01782565556426453,
        21.075827475231335
      ],
      [
        -0.12817896393913403,
        -0.9917456610988367,
        -0.003270610817784479,
        -22.322541211093267
      ],
      [
        -0.01809786480631389,
        -0.0009582175481534327,
        0.9998357610670778,
        0.6571358346695
      ],
      [
        0.0,
        0.0,
        0.0,
        1.0
      ]
    ],
    "location": [
      21.075827475231335,
      -22.322541211093267,
      0.6571358346695
    ],
    "rotation": [
      -0.0009583746572159374,
      0.018098852892407074,
      -3.013038904253385
    ]
  },
  {
    "label_id": "0s0MLJ4EvKMJbQzmaFGapQ",
    "size": [
      1.0271755662506443,
      1.1252974528226218,
      1.6799999999999997
    ],
    "obj_class": "pedestrian",
    "point_num_in_lidar": 72,
    "speed": 1.280860387466441,
    "if_vehicle": false,
    "motion_state": true,
    "pose": [
      [
        -0.9333246592401085,
        0.35859075065879664,
        -0.01782565556426453,
        -4.390916372140509
      ],
      [
        -0.3585913863851925,
        -0.93348889694266,
        -0.003270610817784479,
        -48.550650327095354
      ],
      [
        -0.01781286233822721,
        0.003339584814998828,
        0.9998357610670778,
        0.8805608554170661
      ],
      [
        0.0,
        0.0,
        0.0,
        1.0
      ]
    ],
    "location": [
      -4.390916372140509,
      -48.550650327095354,
      0.8805608554170661
    ],
    "rotation": [
      0.003340120973637085,
      0.017813804470546007,
      -2.7747732079721916
    ]
  },
  {
    "label_id": "1rDkIQm97fn96_z7MlfEFA",
    "size": [
      2.056830189203347,
      4.3471459235386005,
      1.509999999999998
    ],
    "obj_class": "vehicle",
    "point_num_in_lidar": 39,
    "speed": 1.7067822212573438e-12,
    "if_vehicle": true,
    "motion_state": false,
    "pose": [
      [
        0.9849866356630624,
        -0.1717078145247485,
        -0.01782565556426453,
        -57.41395462616515
      ],
      [
        0.1716767388953291,
        0.9851479078936034,
        -0.003270610817784479,
        -41.357983510171834
      ],
      [
        0.01812249672164995,
        0.00016125753002843934,
        0.9998357610670778,
        1.4667695830536793
      ],
      [
        0.0,
        0.0,
        0.0,
        1.0
      ]
    ],
    "location": [
      -57.41395462616515,
      -41.357983510171834,
      1.4667695830536793
    ],
    "rotation": [
      0.0001612840177451722,
      -0.018123488848108785,
      0.17256004908921502
    ]
  },
  {
    "label_id": "2hG8b9thgwMFUB5DUm0BBA",
    "size": [
      2.0091103438047098,
      4.430774636678162,
      1.4100000000000001
    ],
    "obj_class": "vehicle",
    "point_num_in_lidar": 25,
    "speed": 1.4228607195221901e-12,
    "if_vehicle": true,
    "motion_state": false,
    "pose": [
      [
        0.6857824137549798,
        -0.7275882949773845,
        -0.01782565556426453,
        12.116101720406505
      ],
      [
        0.7276600318843363,
        0.6859301575983996,
        -0.003270610817784479,
        -65.62938108121307
      ],
      [
        0.014606812878937161,
        -0.010728089715178538,
        0.9998357610670778,
        0.4933694238172279
      ],
      [
        0.0,
        0.0,
        0.0,
        1.0
      ]
    ],
    "location": [
      12.116101720406505,
      -65.62938108121307,
      0.4933694238172279
    ],
    "rotation": [
      -0.010729440228096136,
      -0.014607332344602262,
      0.8150176013701069
    ]
  },
  {
    "label_id": "2ryfjIE_p6ANUWGqygpFyw",
    "size": [
      0.9252097176570098,
      1.0750809994151234,
      1.8999999999999986
    ],
    "obj_class": "pedestrian",
    "point_num_in_lidar": 22,
    "speed": 1.5961405537278126,
    "if_vehicle": false,
    "motion_state": true,
    "pose": [
      [
        0.6770635742382736,
        -0.7357086124569956,
        -0.01782565556426453,
        8.245653186208756
      ],
      [
        0.7357821048279668,
        0.6772104527543897,
        -0.003270610817784479,
        -80.38783132695971
      ],
      [
        0.014477936821958453,
        -0.010901386920781395,
        0.9998357610670778,
        1.1986271967910405
      ],
      [
        0.0,
        0.0,
        0.0,
        1.0
      ]
    ],
    "location": [
      8.245653186208756,
      -80.38783132695971,
      1.1986271967910405
    ],
    "rotation": [
      -0.010902745623878699,
      -0.014478442657975252,
      0.8269347295031868
    ]
  },
  {
    "label_id": "3UOARbDkuMcY1CDZ705q0w",
    "size": [
      0.709254830971254,
      0.7043774177189961,
      1.867408505954046
    ],
    "obj_class": "pedestrian",
    "point_num_in_lidar": 31,
    "speed": 0.010621318477765294,
    "if_vehicle": false,
    "motion_state": false,
    "pose": [
      [
        -0.8962613607471807,
        0.443167935703065,
        -0.01782565556426453,
        38.963616317402284
      ],
      [
        -0.44318372093448144,
        -0.896424839349929,
        -0.003270610817784479,
        -40.16412296047565
      ],
      [
        -0.017428790270108668,
        0.004968718259045233,
        0.9998357610670778,
        0.6263869465015404
      ],
      [
        0.0,
        0.0,
        0.0,
        1.0
      ]
    ],
    "location": [
      38.963616317402284,
      -40.16412296047565,
      0.6263869465015404
    ],
    "rotation": [
      0.004969493541027371,
      0.017429672760230733,
      -2.6823704262503973
    ]
  },
  {
    "label_id": "3drq9t_ugP2rT_AHc0GtKQ",
    "size": [
      0.8175840290794333,
      0.765391699955769,
      1.350000000000005
    ],
    "obj_class": "pedestrian",
    "point_num_in_lidar": 20,
    "speed": 1.3792448676274986,
    "if_vehicle": false,
    "motion_state": true,
    "pose": [
      [
        -0.726915302949906,
        0.6864957307521659,
        -0.01782565556426453,
        49.88428272798342
      ],
      [
        -0.6865587584845385,
        -0.7270669668283986,
        -0.003270610817784479,
        -29.537228371498713
      ],
      [
        -0.015205705686198476,
        0.009860902899933419,
        0.9998357610670778,
        0.804588707933025
      ],
      [
        0.0,
        0.0,
        0.0,
        1.0
      ]
    ],
    "location": [
      49.88428272798342,
      -29.537228371498713,
      0.804588707933025
    ],
    "rotation": [
      0.009862202955062176,
      0.015206291707875427,
      -2.3847380517680272
    ]
  },
  {
    "label_id": "5Zo39jZeAKvLd3jygUscXQ",
    "size": [
      0.8633204129133897,
      0.9964958227765475,
      1.7600000000000051
    ],
    "obj_class": "pedestrian",
    "point_num_in_lidar": 406,
    "speed": 1.4099381248446523,
    "if_vehicle": false,
    "motion_state": true,
    "pose": [
      [
        -0.10788786432219306,
        -0.9940032468436408,
        -0.01782565556426453,
        -3.8722169971736093
      ],
      [
        0.9941621817641298,
        -0.10784646241237483,
        -0.003270610817784479,
        -22.635632395596986
      ],
      [
        0.0013285638792523134,
        -0.018074451843304962,
        0.9998357610670778,
        0.7935924101824412
      ],
      [
        0.0,
        0.0,
        0.0,
        1.0
      ]
    ],
    "location": [
      -3.8722169971736093,
      -22.635632395596986,
      0.7935924101824412
    ],
    "rotation": [
      -0.01807545205323296,
      -0.0013285642700899846,
      1.6788946895384236
    ]
  },
  {
    "label_id": "5plMF05KDpyMprvl5e_ipg",
    "size": [
      0.9221836674008528,
      0.9039507390933251,
      1.860000000000003
    ],
    "obj_class": "pedestrian",
    "point_num_in_lidar": 84,
    "speed": 0.01451313492077917,
    "if_vehicle": false,
    "motion_state": false,
    "pose": [
      [
        -0.6469894970213594,
        0.7622905199120296,
        -0.01782565556426453,
        22.53098530948955
      ],
      [
        -0.7623698482028125,
        -0.6471333074847093,
        -0.003270610817784479,
        -23.784775974523654
      ],
      [
        -0.014028731064104561,
        0.011473691478692975,
        0.9998357610670778,
        0.8847018103034223
      ],
      [
        0.0,
        0.0,
        0.0,
        1.0
      ]
    ],
    "location": [
      22.53098530948955,
      -23.784775974523654,
      0.8847018103034223
    ],
    "rotation": [
      0.011475072519740328,
      0.014029191259621624,
      -2.2745094223455284
    ]
  },
  {
    "label_id": "6nFW7Fnejgm08SNoDjHi2w",
    "size": [
      0.7576715269810361,
      0.7637234397275995,
      1.8900000000000041
    ],
    "obj_class": "pedestrian",
    "point_num_in_lidar": 145,
    "speed": 0.00212433097750089,
    "if_vehicle": false,
    "motion_state": false,
    "pose": [
      [
        -0.6312340610970668,
        0.7753875199631526,
        -0.01782565556426453,
        18.79665100214288
      ],
      [
        -0.7754697783260043,
        -0.6313762159029244,
        -0.003270610817784479,
        -19.939542536008958
      ],
      [
        -0.013790685766920817,
        0.011758736220157828,
        0.9998357610670778,
        0.7170018405904521
      ],
      [
        0.0,
        0.0,
        0.0,
        1.0
      ]
    ],
    "location": [
      18.79665100214288,
      -19.939542536008958,
      0.7170018405904521
    ],
    "rotation": [
      0.011760125605728056,
      0.0137911229300325,
      -2.254017036746042
    ]
  },
  {
    "label_id": "ABRBhQePUHY_I0XPW1ez4A",
    "size": [
      2.130694497474558,
      4.5215893642290155,
      1.8999999999999986
    ],
    "obj_class": "vehicle",
    "point_num_in_lidar": 222,
    "speed": 0.9464544610259271,
    "if_vehicle": true,
    "motion_state": false,
    "pose": [
      [
        0.7382953160960387,
        0.6742419982723964,
        -0.01782565556426453,
        26.042594299028906
      ],
      [
        -0.6743885943511985,
        0.7383693702435746,
        -0.003270610817784479,
        -43.17851321467606
      ],
      [
        0.010956734899810553,
        0.014436095446916297,
        0.9998357610670778,
        0.6712705684104634
      ],
      [
        0.0,
        0.0,
        0.0,
        1.0
      ]
    ],
    "location": [
      26.042594299028906,
      -43.17851321467606,
      0.6712705684104634
    ],
    "rotation": [
      0.014437463604973009,
      -0.010956954137731097,
      -0.7401911779159301
    ]
  },
  {
    "label_id": "BJzgD4pDd9zzx_tJ81Wh9w",
    "size": [
      2.057682672118175,
      4.348731250934897,
      1.5799999999999983
    ],
    "obj_class": "vehicle",
    "point_num_in_lidar": 773,
    "speed": 1.7053025658242404e-12,
    "if_vehicle": true,
    "motion_state": false,
    "pose": [
      [
        0.5865955408191057,
        0.8096838379854477,
        -0.01782565556426453,
        9.236298429362932
      ],
      [
        -0.8098423860091191,
        0.5866384004886959,
        -0.003270610817784479,
        -21.35824835610765
      ],
      [
        0.007809053348382107,
        0.016354497155807824,
        0.9998357610670778,
        0.6572231602981944
      ],
      [
        0.0,
        0.0,
        0.0,
        1.0
      ]
    ],
    "location": [
      9.236298429362932,
      -21.35824835610765,
      0.6572231602981944
    ],
    "rotation": [
      0.016355725047524347,
      -0.0078091327182828,
      -0.9439254905547245
    ]
  },
  {
    "label_id": "BMprUx_wfiGkn4Jsd9YGfw",
    "size": [
      0.9165089260500581,
      0.14690670426762598,
      1.129999999999999
    ],
    "obj_class": "sign",
    "point_num_in_lidar": 98,
    "speed": 0.005816061387984948,
    "if_vehicle": false,
    "motion_state": false,
    "pose": [
      [
        -0.7035143932582925,
        -0.7104574191900037,
        -0.01782565556426453,
        25.472740735995558
      ],
      [
        0.7106075482490642,
        -0.7035809942546292,
        -0.003270610817784479,
        -24.824967913238652
      ],
      [
        -0.010218162744367734,
        -0.014967967181511967,
        0.9998357610670778,
        3.3772245104993814
      ],
      [
        0.0,
        0.0,
        0.0,
        1.0
      ]
    ],
    "location": [
      25.472740735995558,
      -24.824967913238652,
      3.3772245104993814
    ],
    "rotation": [
      -0.014969307699708024,
      0.010218340567232222,
      2.3511785893026875
    ]
  },
  {
    "label_id": "BrpalxtMlwqR7rQyfylZ8g",
    "size": [
      2.3380971946354276,
      6.178880489167328,
      2.219999999999999
    ],
    "obj_class": "vehicle",
    "point_num_in_lidar": 1603,
    "speed": 0.5026535571228578,
    "if_vehicle": true,
    "motion_state": false,
    "pose": [
      [
        0.9799114565306771,
        -0.19863479897447683,
        -0.01782565556426453,
        -16.67897077848761
      ],
      [
        0.19860815433765916,
        0.9800735197603633,
        -0.003270610817784479,
        -28.220400232650718
      ],
      [
        0.018120110113219016,
        -0.00033541154127722435,
        0.9998357610670778,
        1.1353175171246725
      ],
      [
        0.0,
        0.0,
        0.0,
        1.0
      ]
    ],
    "location": [
      -16.67897077848761,
      -28.220400232650718,
      1.1353175171246725
    ],
    "rotation": [
      -0.0003354666253756416,
      -0.018121101847722122,
      0.19997085606077744
    ]
  },
  {
    "label_id": "C88vprxSbrDQhEq30YQshA",
    "size": [
      0.8219031737474453,
      0.7469626673616249,
      1.7100000000000009
    ],
    "obj_class": "pedestrian",
    "point_num_in_lidar": 26,
    "speed": 1.1390866590859189e-12,
    "if_vehicle": false,
    "motion_state": false,
    "pose": [
      [
        0.7749735956574999,
        0.6317421721219738,
        -0.01782565556426453,
        44.30618239147702
      ],
      [
        -0.6318843808155399,
        0.7750557608238521,
        -0.003270610817784479,
        -14.622825412036036
      ],
      [
        0.011749694253352188,
        0.013798390354311135,
        0.9998357610670778,
        0.4392924908671887
      ],
      [
        0.0,
        0.0,
        0.0,
        1.0
      ]
    ],
    "location": [
      44.30618239147702,
      -14.622825412036036,
      0.4392924908671887
    ],
    "rotation": [
      0.013799780910474681,
      -0.011749964621439422,
      -0.6840383549225341
    ]
  },
  {
    "label_id": "CqtQi6C05E5Whu1WPAou8w",
    "size": [
      0.7161626533539304,
      1.7238894661741775,
      2.1999999999999993
    ],
    "obj_class": "cyclist",
    "point_num_in_lidar": 75,
    "speed": 5.942846481092877,
    "if_vehicle": false,
    "motion_state": true,
    "pose": [
      [
        0.7247685956131711,
        -0.6887617358830379,
        -0.01782565556426453,
        12.622265831688537
      ],
      [
        0.6888252367864,
        0.7249200619868639,
        -0.003270610817784479,
        -61.07450781660191
      ],
      [
        0.015174846920858213,
        -0.009908325405724425,
        0.9998357610670778,
        0.9354899080634489
      ],
      [
        0.0,
        0.0,
        0.0,
        1.0
      ]
    ],
    "location": [
      12.622265831688537,
      -61.07450781660191,
      0.9354899080634489
    ],
    "rotation": [
      -0.009909628615470525,
      -0.015175429381672588,
      0.7599767057871376
    ]
  },
  {
    "label_id": "DNJU6vLPoCqw-LexqChKbQ",
    "size": [
      2.483009722720924,
      5.749171203661658,
      2.2116833098079987
    ],
    "obj_class": "vehicle",
    "point_num_in_lidar": 178,
    "speed": 5.018356746300628,
    "if_vehicle": true,
    "motion_state": true,
    "pose": [
      [
        0.7133793280470234,
        -0.7005513402448684,
        -0.01782565556426453,
        0.6534200296578092
      ],
      [
        0.7006173158196326,
        0.7135297330024669,
        -0.003270610817784479,
        -65.95178281148401
      ],
      [
        0.015010366047181896,
        -0.0101557768066659,
        0.9998357610670778,
        1.0375449122247815
      ],
      [
        0.0,
        0.0,
        0.0,
        1.0
      ]
    ],
    "location": [
      0.6534200296578092,
      -65.95178281148401,
      1.0375449122247815
    ],
    "rotation": [
      -0.010157095749196895,
      -0.015010929771326157,
      0.776372918697764
    ]
  },
  {
    "label_id": "ERcztt6ItC06k_ercBFdsg",
    "size": [
      0.9210467867705394,
      1.027108511389792,
      1.9000000000000057
    ],
    "obj_class": "pedestrian",
    "point_num_in_lidar": 252,
    "speed": 0.6186866185778931,
    "if_vehicle": false,
    "motion_state": false,
    "pose": [
      [
        0.7948039047160953,
        0.6066044832110558,
        -0.01782565556426453,
        -3.2073570954123625
      ],
      [
        -0.6067439881541119,
        0.7948905811139803,
        -0.003270610817784479,
        -27.33103921764814
      ],
      [
        0.01218547852530925,
        0.013415103597305208,
        0.9998357610670778,
        0.9151132842301202
      ],
      [
        0.0,
        0.0,
        0.0,
        1.0
      ]
    ],
    "location": [
      -3.2073570954123625,
      -27.33103921764814,
      0.9151132842301202
    ],
    "rotation": [
      0.013416502182115004,
      -0.012185780107391995,
      -0.6520146914214306
    ]
  },
  {
    "label_id": "EUjlvkwSB2q67LcxAKGoDA",
    "size": [
      0.9651760985918358,
      1.0981614056106253,
      1.8000000000000007
    ],
    "obj_class": "pedestrian",
    "point_num_in_lidar": 92,
    "speed": 1.1396534601053454,
    "if_vehicle": false,
    "motion_state": true,
    "pose": [
      [
        -0.4365977509438722,
        -0.8994802109409948,
        -0.01782565556426453,
        15.567848335367898
      ],
      [
        0.899643800674138,
        -0.43661233951123096,
        -0.003270610817784479,
        -12.361855626029865
      ],
      [
        -0.004841051470948247,
        -0.017464681848600446,
        0.9998357610670778,
        0.8007839003030419
      ],
      [
        0.0,
        0.0,
        0.0,
        1.0
      ]
    ],
    "location": [
      15.567848335367898,
      -12.361855626029865,
      0.8007839003030419
    ],
    "rotation": [
      -0.017465774486496274,
      0.004841070380116677,
      2.022615482576062
    ]
  },
  {
    "label_id": "EynIiRmnuBbFsLCDQ1XKbQ",
    "size": [
      0.541356734271607,
      0.13723403558369326,
      0.5999999999999979
    ],
    "obj_class": "sign",
    "point_num_in_lidar": 43,
    "speed": 0.002646850381760951,
    "if_vehicle": false,
    "motion_state": false,
    "pose": [
      [
        0.6255505724827882,
        -0.7799799531206939,
        -0.01782565556426453,
        2.3059959092486224
      ],
      [
        0.7800632481724552,
        0.6256921223377493,
        -0.003270610817784479,
        -43.2344813161053
      ],
      [
        0.013704383134397962,
        -0.01185920631083011,
        0.9998357610670778,
        2.8301421231288124
      ],
      [
        0.0,
        0.0,
        0.0,
        1.0
      ]
    ],
    "location": [
      2.3059959092486224,
      -43.2344813161053,
      2.8301421231288124
    ],
    "rotation": [
      -0.01186059818444124,
      -0.013704812140956445,
      0.8948839914300819
    ]
  },
  {
    "label_id": "F2JamCeRc3TUMgMz4AxtWQ",
    "size": [
      0.7457916163587252,
      0.7358267476223533,
      1.6800000000000033
    ],
    "obj_class": "pedestrian",
    "point_num_in_lidar": 32,
    "speed": 0.6235766090181715,
    "if_vehicle": false,
    "motion_state": false,
    "pose": [
      [
        -0.9935115149616129,
        0.11232593486094271,
        -0.01782565556426453,
        -27.609868428857453
      ],
      [
        -0.1122852431558281,
        -0.9936706331950819,
        -0.003270610817784479,
        -24.92189814689482
      ],
      [
        -0.01808020486933413,
        -0.0012478314389814153,
        0.9998357610670778,
        1.0959952671035822
      ],
      [
        0.0,
        0.0,
        0.0,
        1.0
      ]
    ],
    "location": [
      -27.609868428857453,
      -24.92189814689482,
      1.0959952671035822
    ],
    "rotation": [
      -0.0012480357671727108,
      0.01808119006543575,
      -3.029051639330297
    ]
  },
  {
    "label_id": "GJEO8qd3JaW07GphAWS-nA",
    "size": [
      0.8296061988046544,
      0.1290419424672085,
      0.7899999999999991
    ],
    "obj_class": "sign",
    "point_num_in_lidar": 24,
    "speed": 1.4426817432597938e-12,
    "if_vehicle": false,
    "motion_state": false,
    "pose": [
      [
        -0.6880273816733393,
        -0.7254657594066263,
        -0.01782565556426453,
        31.03547213570414
      ],
      [
        0.7256172900124483,
        -0.6880907291483216,
        -0.003270610817784479,
        -60.166687087938044
      ],
      [
        -0.009892952174114076,
        -0.015184873680669708,
        0.9998357610670778,
        3.862657014855781
      ],
      [
        0.0,
        0.0,
        0.0,
        1.0
      ]
    ],
    "location": [
      31.03547213570414,
      -60.166687087938044,
      3.862657014855781
    ],
    "rotation": [
      -0.015186200512761112,
      0.009893113552588673,
      2.329609979041018
    ]
  },
  {
    "label_id": "GiHYRbxhmvNPKbWHFSSQLQ",
    "size": [
      2.1947292656194852,
      4.8705239665823665,
      1.8399999999999999
    ],
    "obj_class": "vehicle",
    "point_num_in_lidar": 41,
    "speed": 5.695433295429594e-13,
    "if_vehicle": true,
    "motion_state": false,
    "pose": [
      [
        0.9852735388039031,
        -0.17005381423695723,
        -0.01782565556426453,
        -63.788429721199236
      ],
      [
        0.17002246788087694,
        0.9854347586322367,
        -0.003270610817784479,
        -42.58590492341136
      ],
      [
        0.018122200432881316,
        0.0001916843438581004,
        0.9998357610670778,
        1.8087297881369864
      ],
      [
        0.0,
        0.0,
        0.0,
        1.0
      ]
    ],
    "location": [
      -63.788429721199236,
      -42.58590492341136,
      1.8087297881369864
    ],
    "rotation": [
      0.00019171582871278241,
      -0.01812319251067466,
      0.17088080736791672
    ]
  },
  {
    "label_id": "HSYlWnCOg45HraIyv_ltIQ",
    "size": [
      0.4747702729926578,
      0.04903281749638218,
      0.629999999999999
    ],
    "obj_class": "sign",
    "point_num_in_lidar": 28,
    "speed": 0.001790589112291705,
    "if_vehicle": false,
    "motion_state": false,
    "pose": [
      [
        -0.6974258907999124,
        0.7164351839808348,
        -0.01782565556426453,
        26.09557215811401
      ],
      [
        -0.7165045291334394,
        -0.6975747722188257,
        -0.003270610817784479,
        -22.08712543787624
      ],
      [
        -0.01477790828286221,
        0.010491154283515065,
        0.9998357610670778,
        2.792499234839152
      ],
      [
        0.0,
        0.0,
        0.0,
        1.0
      ]
    ],
    "location": [
      26.09557215811401,
      -22.08712543787624,
      2.792499234839152
    ],
    "rotation": [
      0.010492492557685838,
      0.014778446218520489,
      -2.342701972945572
    ]
  },
  {
    "label_id": "J3L10LSZhOaAERyZECqKyA",
    "size": [
      2.0009524860859704,
      4.516471889621558,
      1.4899999999999984
    ],
    "obj_class": "vehicle",
    "point_num_in_lidar": 364,
    "speed": 1.718573603063735e-12,
    "if_vehicle": true,
    "motion_state": false,
    "pose": [
      [
        -0.9933126302787064,
        0.11407131336362197,
        -0.01782565556426453,
        -21.195986576966334
      ],
      [
        -0.11403090128438359,
        -0.9934718197599515,
        -0.003270610817784479,
        -22.443894325222573
      ],
      [
        -0.01808236934332994,
        -0.001216063464053421,
        0.9998357610670778,
        0.8119863880325511
      ],
      [
        0.0,
        0.0,
        0.0,
        1.0
      ]
    ],
    "location": [
      -21.195986576966334,
      -22.443894325222573,
      0.8119863880325511
    ],
    "rotation": [
      -0.0012162626220897945,
      0.018083354893337268,
      -3.0272944006601348
    ]
  },
  {
    "label_id": "KX-4SfeSeDvbwnkBCjdU4g",
    "size": [
      0.8422860400556388,
      0.8451582887489959,
      1.7199999999999989
    ],
    "obj_class": "pedestrian",
    "point_num_in_lidar": 76,
    "speed": 0.0,
    "if_vehicle": false,
    "motion_state": false,
    "pose": [
      [
        -0.5125295540214104,
        0.8584845381591436,
        -0.01782565556426453,
        21.74109081043821
      ],
      [
        -0.8585864799860894,
        -0.5126583262661154,
        -0.003270610817784479,
        -18.834928855962062
      ],
      [
        -0.011946239563576133,
        0.013628582160549657,
        0.9998357610670778,
        0.6654090060640812
      ],
      [
        0.0,
        0.0,
        0.0,
        1.0
      ]
    ],
    "location": [
      21.74109081043821,
      -18.834928855962062,
      0.6654090060640812
    ],
    "rotation": [
      0.013629976767232392,
      0.01194652372838956,
      -2.1089670318704132
    ]
  },
  {
    "label_id": "L6FARVJJcyZSmCMc6NE_Mw",
    "size": [
      2.0517996521702075,
      4.481819076765856,
      1.8000000000000043
    ],
    "obj_class": "vehicle",
    "point_num_in_lidar": 164,
    "speed": 4.992858309886597,
    "if_vehicle": true,
    "motion_state": true,
    "pose": [
      [
        0.721260124628949,
        0.6924348912525545,
        -0.01782565556426453,
        26.995430381280357
      ],
      [
        -0.6925832876215421,
        0.7213305017897239,
        -0.003270610817784479,
        -34.48402417325633
      ],
      [
        0.010593504026959697,
        0.01470471230075559,
        0.9998357610670778,
        0.7834297131341756
      ],
      [
        0.0,
        0.0,
        0.0,
        1.0
      ]
    ],
    "location": [
      26.995430381280357,
      -34.48402417325633,
      0.7834297131341756
    ],
    "rotation": [
      0.014706067539334263,
      -0.010593702174912845,
      -0.7651180494759796
    ]
  },
  {
    "label_id": "LEDQQXEw_Ihy4SUDGjGeJA",
    "size": [
      0.8499373098872995,
      0.9264115891780135,
      1.9299999999999997
    ],
    "obj_class": "pedestrian",
    "point_num_in_lidar": 80,
    "speed": 0.007375780101083185,
    "if_vehicle": false,
    "motion_state": false,
    "pose": [
      [
        -0.48182807874071004,
        0.8760844414442823,
        -0.01782565556426453,
        22.401082224691663
      ],
      [
        -0.876190876469243,
        -0.4819531627626674,
        -0.003270610817784479,
        -19.699033534032424
      ],
      [
        -0.011456462328995578,
        0.014042804645850103,
        0.9998357610670778,
        0.7876201910677061
      ],
      [
        0.0,
        0.0,
        0.0,
        1.0
      ]
    ],
    "location": [
      22.401082224691663,
      -19.699033534032424,
      0.7876201910677061
    ],
    "rotation": [
      0.014044187972230612,
      0.011456712954922222,
      -2.0735721493900714
    ]
  },
  {
    "label_id": "LwSqmBnMVv6Bxt4JdUirjw",
    "size": [
      1.9169959747088894,
      4.186827698229656,
      1.6000000000000014
    ],
    "obj_class": "vehicle",
    "point_num_in_lidar": 52,
    "speed": 3.552713678800501e-14,
    "if_vehicle": true,
    "motion_state": false,
    "pose": [
      [
        0.6219845165677013,
        -0.7828266137234648,
        -0.01782565556426453,
        16.10748136019174
      ],
      [
        0.7829105538893447,
        0.6221256848206461,
        -0.003270610817784479,
        -60.886474600672955
      ],
      [
        0.013650119366588592,
        -0.011921624582878253,
        0.9998357610670778,
        0.6310538454489532
      ],
      [
        0.0,
        0.0,
        0.0,
        1.0
      ]
    ],
    "location": [
      16.10748136019174,
      -60.886474600672955,
      0.6310538454489532
    ],
    "rotation": [
      -0.011923017881743589,
      -0.013650543296942607,
      0.8994477438825662
    ]
  },
  {
    "label_id": "M8sjiibdjQXMQVuY4NYmfQ",
    "size": [
      0.850896792339863,
      0.9774615490357054,
      1.6200000000000045
    ],
    "obj_class": "pedestrian",
    "point_num_in_lidar": 71,
    "speed": 1.3449094395296834,
    "if_vehicle": false,
    "motion_state": true,
    "pose": [
      [
        -0.999815461059216,
        0.0071616918846754835,
        -0.01782565556426453,
        27.21214817307805
      ],
      [
        -0.0071044831107844346,
        -0.9999694142445592,
        -0.003270610817784479,
        -15.186683139865636
      ],
      [
        -0.017848533460074537,
        -0.0031433651938334722,
        0.9998357610670778,
        0.6442805859444434
      ],
      [
        0.0,
        0.0,
        0.0,
        1.0
      ]
    ],
    "location": [
      27.21214817307805,
      -15.186683139865636,
      0.6442805859444434
    ],
    "rotation": [
      -0.0031438711836120803,
      0.017849481264275165,
      -3.1344869787756138
    ]
  },
  {
    "label_id": "MGDi0Feg3WgL1_2697vcBQ",
    "size": [
      0.8273713641485433,
      0.9264627697768697,
      1.610000000000003
    ],
    "obj_class": "pedestrian",
    "point_num_in_lidar": 65,
    "speed": 1.347742207805155,
    "if_vehicle": false,
    "motion_state": true,
    "pose": [
      [
        -0.9989676590684036,
        -0.04178351515966399,
        -0.01782565556426453,
        28.196520453225958
      ],
      [
        0.04184819070519385,
        -0.9991186276111462,
        -0.003270610817784479,
        -14.30903692422362
      ],
      [
        -0.017673286906950716,
        -0.004013205865864402,
        0.9998357610670778,
        0.6132797777615266
      ],
      [
        0.0,
        0.0,
        0.0,
        1.0
      ]
    ],
    "location": [
      28.196520453225958,
      -14.30903692422362,
      0.6132797777615266
    ],
    "rotation": [
      -0.004013843543048725,
      0.017674207063629092,
      3.099725695859041
    ]
  },
  {
    "label_id": "MMRb3jHqGvp6u3_L3aIsDw",
    "size": [
      2.187111608221479,
      5.576670239505544,
      2.0900000000000034
    ],
    "obj_class": "vehicle",
    "point_num_in_lidar": 9130,
    "speed": 0.007859389691265458,
    "if_vehicle": true,
    "motion_state": false,
    "pose": [
      [
        0.13805533837979214,
        0.9902640908103985,
        -0.01782565556426453,
        4.6142898020561915
      ],
      [
        -0.9904242108780235,
        0.13801878716871507,
        -0.003270610817784479,
        -8.77260776453113
      ],
      [
        -0.0007784930864009535,
        0.018106486128777997,
        0.9998357610670778,
        1.01071950602174
      ],
      [
        0.0,
        0.0,
        0.0,
        1.0
      ]
    ],
    "location": [
      4.6142898020561915,
      -8.77260776453113,
      1.01071950602174
    ],
    "rotation": [
      0.018107481115407203,
      0.0007784931650354568,
      -1.4322986025939497
    ]
  },
  {
    "label_id": "MhxUH3Qh4-q6ZeQGrgjZog",
    "size": [
      1.8095717427191162,
      4.104413323080284,
      1.5700000000000003
    ],
    "obj_class": "vehicle",
    "point_num_in_lidar": 104,
    "speed": 8.556067554929069e-13,
    "if_vehicle": true,
    "motion_state": false,
    "pose": [
      [
        -0.9819295338249269,
        0.1884055110819893,
        -0.01782565556426453,
        -27.310558694841802
      ],
      [
        -0.1883771779033674,
        -0.9820913103933062,
        -0.003270610817784479,
        -23.575675562626202
      ],
      [
        -0.01812262253440326,
        0.00014643733384373347,
        0.9998357610670778,
        0.9219863880325612
      ],
      [
        0.0,
        0.0,
        0.0,
        1.0
      ]
    ],
    "location": [
      -27.310558694841802,
      -23.575675562626202,
      0.9219863880325612
    ],
    "rotation": [
      0.00014646138745865126,
      0.018123614681527348,
      -2.9520516691916394
    ]
  },
  {
    "label_id": "N1G3ObOTcL37PoStSOPQxg",
    "size": [
      0.8769430839473152,
      0.7703446808274568,
      2.033662047750184
    ],
    "obj_class": "pedestrian",
    "point_num_in_lidar": 32,
    "speed": 1.7763568394002505e-13,
    "if_vehicle": false,
    "motion_state": false,
    "pose": [
      [
        -0.8290452082132929,
        0.5588973865946071,
        -0.01782565556426453,
        43.26066562699907
      ],
      [
        -0.5589348636869375,
        -0.829205114106361,
        -0.003270610817784479,
        -42.64835102620236
      ],
      [
        -0.01660906059481446,
        0.007251896136527713,
        0.9998357610670778,
        0.6955562025547728
      ],
      [
        0.0,
        0.0,
        0.0,
        1.0
      ]
    ],
    "location": [
      43.26066562699907,
      -42.64835102620236,
      0.6955562025547728
    ],
    "rotation": [
      0.007252960191482209,
      0.016609824321342215,
      -2.548398932497243
    ]
  },
  {
    "label_id": "O9135g1GOeSBKxxZHcQSJw",
    "size": [
      0.8631129191734175,
      0.10705276516763673,
      0.8000000000000007
    ],
    "obj_class": "sign",
    "point_num_in_lidar": 34,
    "speed": 1.0658141036401503e-13,
    "if_vehicle": false,
    "motion_state": false,
    "pose": [
      [
        -0.9998140286657474,
        0.007358946043550147,
        -0.01782565556426453,
        -8.263926939923522
      ],
      [
        -0.007301767644305107,
        -0.9999679931348537,
        -0.003270610817784479,
        -30.11386893049712
      ],
      [
        -0.017849153269448276,
        -0.0031398437828892016,
        0.9998357610670778,
        2.7069472611510292
      ],
      [
        0.0,
        0.0,
        0.0,
        1.0
      ]
    ],
    "location": [
      -8.263926939923522,
      -30.11386893049712,
      2.7069472611510292
    ],
    "rotation": [
      -0.0031403492289920156,
      0.01785010117240231,
      -3.1342896576082606
    ]
  },
  {
    "label_id": "OBmaSu1uTjgZW7C-GFlGRg",
    "size": [
      0.8698284263547408,
      1.0188197221530193,
      1.7100000000000044
    ],
    "obj_class": "pedestrian",
    "point_num_in_lidar": 63,
    "speed": 1.5306656716947888,
    "if_vehicle": false,
    "motion_state": true,
    "pose": [
      [
        0.5879869101927868,
        -0.8086740007231862,
        -0.01782565556426453,
        -7.689886116888829
      ],
      [
        0.8087638928306077,
        0.5881243650439589,
        -0.003270610817784479,
        -47.67683567861059
      ],
      [
        0.013128560295051701,
        -0.01249367023721997,
        0.9998357610670778,
        0.9674750256841556
      ],
      [
        0.0,
        0.0,
        0.0,
        1.0
      ]
    ],
    "location": [
      -7.689886116888829,
      -47.67683567861059,
      0.9674750256841556
    ],
    "rotation": [
      -0.012495072208737659,
      -0.013128937462102216,
      0.9421658551642951
    ]
  },
  {
    "label_id": "OGAaBVDVAhjJMcaKvP7EOw",
    "size": [
      1.8657107994764888,
      4.3588581548173195,
      1.8999999999999986
    ],
    "obj_class": "vehicle",
    "point_num_in_lidar": 908,
    "speed": 1.4210854715202004e-12,
    "if_vehicle": true,
    "motion_state": false,
    "pose": [
      [
        -0.9854356749500792,
        0.16911172797705623,
        -0.01782565556426453,
        -14.7183745783816
      ],
      [
        -0.16908022749490575,
        -0.9855968647348415,
        -0.003270610817784479,
        -21.546047176554566
      ],
      [
        -0.018122008882918296,
        -0.00020901068067079962,
        0.9998357610670778,
        0.9295871176626775
      ],
      [
        0.0,
        0.0,
        0.0,
        1.0
      ]
    ],
    "location": [
      -14.7183745783816,
      -21.546047176554566,
      0.9295871176626775
    ],
    "rotation": [
      -0.00020904501095575555,
      0.01812300092925036,
      -2.971668091715987
    ]
  },
  {
    "label_id": "OLbKrwdNgogwuqHpnALO5Q",
    "size": [
      0.8445474455710029,
      0.8392516669915127,
      1.6200000000000045
    ],
    "obj_class": "pedestrian",
    "point_num_in_lidar": 109,
    "speed": 0.00022388954108611844,
    "if_vehicle": false,
    "motion_state": false,
    "pose": [
      [
        -0.8823008781235709,
        0.47034817578691596,
        -0.01782565556426453,
        19.65484882994906
      ],
      [
        -0.470368949086643,
        -0.8824637980336676,
        -0.003270610817784479,
        -19.01059053794779
