[
  {
    "label_id": "-3y3uSWZpzEtolStN25xzw",
    "size": [
      0.9999999999990653,
      1.0,
      1.7399999999999984
    ],
    "obj_class": "pedestrian",
    "point_num_in_lidar": 45,
    "speed": 0.8456719159032778,
    "if_vehicle": false,
    "motion_state": false,
    "pose": [
      [
        -0.8362150456059148,
        0.5481053082683323,
        -0.018026884100545263,
        41.45908991361944
      ],
      [
        -0.5481528836446887,
        -0.8363740282926129,
        -0.00262696585435054,
        -38.41913022733388
      ],
      [
        -0.016517071602146282,
        0.007684780131141558,
        0.9998340514805573,
        0.5967049794941204
      ],
      [
        0.0,
        0.0,
        0.0,
        1.0
      ]
    ],
    "location": [
      41.45908991361944,
      -38.41913022733388,
      0.5967049794941204
    ],
    "rotation": [
      0.007685904273655921,
      0.01651782270813737,
      -2.5613490680438487
    ]
  },
  {
    "label_id": "-BQNloss4qTNgCNWyqfQPw",
    "size": [
      0.9503483244348765,
      1.0782520726229397,
      1.7800000000000047
    ],
    "obj_class": "pedestrian",
    "point_num_in_lidar": 28,
    "speed": 0.05189360164917199,
    "if_vehicle": false,
    "motion_state": false,
    "pose": [
      [
        -0.8581349100689327,
        0.5131076958793449,
        -0.018026884100545263,
        40.808375480466566
      ],
      [
        -0.5131486657504166,
        -0.8582957217002584,
        -0.00262696585435054,
        -40.74956214549093
      ],
      [
        -0.016820313895763928,
        0.006996180416654942,
        0.9998340514805573,
        0.690793763961473
      ],
      [
        0.0,
        0.0,
        0.0,
        1.0
      ]
    ],
    "location": [
      40.808375480466566,
      -40.74956214549093,
      0.690793763961473
    ],
    "rotation": [
      0.006997227415368975,
      0.01682110713892476,
      -2.602658782134571
    ]
  },
  {
    "label_id": "-Dzbj8ej64m1E-fNNfo-Ww",
    "size": [
      2.6091428097860327,
      6.207139029641827,
      2.6000000000000014
    ],
    "obj_class": "vehicle",
    "point_num_in_lidar": 76,
    "speed": 2.111305993696472e-28,
    "if_vehicle": true,
    "motion_state": false,
    "pose": [
      [
        0.7266193238090997,
        -0.6868037490556036,
        -0.018026884100545263,
        -8.701875333534417
      ],
      [
        0.6868785791352126,
        0.7267674432551253,
        -0.00262696585435054,
        -86.5593455124872
      ],
      [
        0.014905562465018757,
        -0.0104734763844599,
        0.9998340514805573,
        1.5759752053911384
      ],
      [
        0.0,
        0.0,
        0.0,
        1.0
      ]
    ],
    "location": [
      -8.701875333534417,
      -86.5593455124872,
      1.5759752053911384
    ],
    "rotation": [
      -0.010474831607189884,
      -0.014906114462734078,
      0.7572903902230786
    ]
  },
  {
    "label_id": "-u6v7A9TrXDu-9EE_fzpuA",
    "size": [
      2.039947509739392,
      4.415591832276201,
      1.7400000000000055
    ],
    "obj_class": "vehicle",
    "point_num_in_lidar": 6495,
    "speed": 0.659506134790775,
    "if_vehicle": true,
    "motion_state": false,
    "pose": [
      [
        0.3319769673614113,
        0.9431152233906237,
        -0.018026884100545263,
        6.3743463792236525
      ],
      [
        -0.9432809725701417,
        0.33198509881849775,
        -0.00262696585435054,
        -16.671329439728652
      ],
      [
        0.003507125410943774,
        0.01787650892446083,
        0.9998340514805573,
        0.8202082645109279
      ],
      [
        0.0,
        0.0,
        0.0,
        1.0
      ]
    ],
    "location": [
      6.3743463792236525,
      -16.671329439728652,
      0.8202082645109279
    ],
    "rotation": [
      0.017877571151269207,
      -0.003507132600548954,
      -1.2323955310978745
    ]
  },
  {
    "label_id": "0W_ICpRE-uhjmG5ZAXO0qA",
    "size": [
      0.8560961486111274,
      0.7477227720306335,
      1.9060699903247986
    ],
    "obj_class": "pedestrian",
    "point_num_in_lidar": 62,
    "speed": 0.0020684853339529865,
    "if_vehicle": false,
    "motion_state": false,
    "pose": [
      [
        -0.9912370122052407,
        0.13085953188076593,
        -0.018026884100545263,
        21.069718763936635
      ],
      [
        -0.1308333916439548,
        -0.9914008889855505,
        -0.00262696585435054,
        -22.32449205130615
      ],
      [
        -0.018215632444887126,
        -0.000245427396984797,
        0.9998340514805573,
        0.653495088379529
      ],
      [
        0.0,
        0.0,
        0.0,
        1.0
      ]
    ],
    "location": [
      21.069718763936635,
      -22.32449205130615,
      0.653495088379529
    ],
    "rotation": [
      -0.00024546812712768754,
      0.018216639947932146,
      -3.010361203588918
    ]
  },
  {
    "label_id": "0s0MLJ4EvKMJbQzmaFGapQ",
    "size": [
      1.027175566251542,
      1.1252974528226218,
      1.6799999999999997
    ],
    "obj_class": "pedestrian",
    "point_num_in_lidar": 59,
    "speed": 1.4322204243590304,
    "if_vehicle": false,
    "motion_state": true,
    "pose": [
      [
        -0.872757210284627,
        0.48782156916829833,
        -0.018026884100545263,
        -8.272150011033318
      ],
      [
        -0.48785782405271544,
        -0.8729191500711563,
        -0.00262696585435054,
        -50.435169864229465
      ],
      [
        -0.01701750295270003,
        0.006501853061186553,
        0.9998340514805573,
        0.9138473240557303
      ],
      [
        0.0,
        0.0,
        0.0,
        1.0
      ]
    ],
    "location": [
      -8.272150011033318,
      -50.435169864229465,
      0.9138473240557303
    ],
    "rotation": [
      0.006502840549876546,
      0.017018324424871986,
      -2.631877670526379
    ]
  },
  {
    "label_id": "1rDkIQm97fn96_z7MlfEFA",
    "size": [
      2.056830189203352,
      4.3471459235386005,
      1.509999999999998
    ],
    "obj_class": "vehicle",
    "point_num_in_lidar": 42,
    "speed": 1.7410286017828203e-28,
    "if_vehicle": true,
    "motion_state": false,
    "pose": [
      [
        0.9849830814075984,
        -0.17170719492909464,
        -0.018026884100545263,
        -57.413954626165605
      ],
      [
        0.1716878486579532,
        0.9851478983754692,
        -0.00262696585435054,
        -41.357983510170016
      ],
      [
        0.01821021592393537,
        -0.0005074800272581384,
        0.9998340514805573,
        1.4667695830536829
      ],
      [
        0.0,
        0.0,
        0.0,
        1.0
      ]
    ],
    "location": [
      -57.413954626165605,
      -41.357983510170016,
      1.4667695830536829
    ],
    "rotation": [
      -0.0005075642132085982,
      -0.0182112225283981,
      0.17257160605392396
    ]
  },
  {
    "label_id": "2hG8b9thgwMFUB5DUm0BBA",
    "size": [
      2.00911034380471,
      4.430774636678162,
      1.4100000000000001
    ],
    "obj_class": "vehicle",
    "point_num_in_lidar": 27,
    "speed": 1.6890447949571775e-27,
    "if_vehicle": true,
    "motion_state": false,
    "pose": [
      [
        0.6857799391570487,
        -0.7275856695258507,
        -0.018026884100545263,
        12.116101720405595
      ],
      [
        0.7276689214748238,
        0.6859234941085391,
        -0.00262696585435054,
        -65.62938108120943
      ],
      [
        0.014276406040094862,
        -0.01131608282723126,
        0.9998340514805573,
        0.4933694238172279
      ],
      [
        0.0,
        0.0,
        0.0,
        1.0
      ]
    ],
    "location": [
      12.116101720405595,
      -65.62938108120943,
      0.4933694238172279
    ],
    "rotation": [
      -0.011317477800488357,
      -0.014276891044026269,
      0.8150255000084946
    ]
  },
  {
    "label_id": "3UOARbDkuMcY1CDZ705q0w",
    "size": [
      0.7092548309712621,
      0.7043774177189961,
      1.867408505954046
    ],
    "obj_class": "pedestrian",
    "point_num_in_lidar": 37,
    "speed": 0.010621318565005634,
    "if_vehicle": false,
    "motion_state": false,
    "pose": [
      [
        -0.8962581266506671,
        0.44316633656253995,
        -0.018026884100545263,
        38.948719885148876
      ],
      [
        -0.44319437479072515,
        -0.8964216893874547,
        -0.00262696585435054,
        -40.134757305091625
      ],
      [
        -0.017323872733750044,
        0.0056349741329705366,
        0.9998340514805573,
        0.6499323007667641
      ],
      [
        0.0,
        0.0,
        0.0,
        1.0
      ]
    ],
    "location": [
      38.948719885148876,
      -40.134757305091625,
      0.6499323007667641
    ],
    "rotation": [
      0.005635849732906896,
      0.017324739380998527,
      -2.682359440994892
    ]
  },
  {
    "label_id": "5Zo39jZeAKvLd3jygUscXQ",
    "size": [
      0.8633204129112625,
      0.9964958227765475,
      1.7600000000000051
    ],
    "obj_class": "pedestrian",
    "point_num_in_lidar": 705,
    "speed": 1.2944406699324678,
    "if_vehicle": false,
    "motion_state": true,
    "pose": [
      [
        -0.06169597087269537,
        -0.9979321813769216,
        -0.018026884100545263,
        -4.358821777631647
      ],
      [
        0.9980938467943997,
        -0.06165851150942176,
        -0.00262696585435054,
        -18.3950186677921
      ],
      [
        0.001510022924642241,
        -0.0181545953064636,
        0.9998340514805573,
        0.7785917964789775
      ],
      [
        0.0,
        0.0,
        0.0,
        1.0
      ]
    ],
    "location": [
      -4.358821777631647,
      -18.3950186677921,
      0.7785917964789775
    ],
    "rotation": [
      -0.018155613415776244,
      -0.001510023498494132,
      1.6325315751847351
    ]
  },
  {
    "label_id": "5plMF05KDpyMprvl5e_ipg",
    "size": [
      0.9221836674008518,
      0.9039507390933251,
      1.860000000000003
    ],
    "obj_class": "pedestrian",
    "point_num_in_lidar": 62,
    "speed": 0.02736739762909794,
    "if_vehicle": false,
    "motion_state": false,
    "pose": [
      [
        -0.6469871624049547,
        0.7622877692399442,
        -0.018026884100545263,
        22.570367199471548
      ],
      [
        -0.7623783789800226,
        -0.6471261904097169,
        -0.00262696585435054,
        -23.709626152376586
      ],
      [
        -0.013668172773925728,
        0.012043693494793475,
        0.9998340514805573,
        0.8847018103034117
      ],
      [
        0.0,
        0.0,
        0.0,
        1.0
      ]
    ],
    "location": [
      22.570367199471548,
      -23.709626152376586,
      0.8847018103034117
    ],
    "rotation": [
      0.012045109905539083,
      0.013668598388648291,
      -2.274502121780781
    ]
  },
  {
    "label_id": "6nFW7Fnejgm08SNoDjHi2w",
    "size": [
      0.7576715269810328,
      0.7637234397275995,
      1.8900000000000041
    ],
    "obj_class": "pedestrian",
    "point_num_in_lidar": 50,
    "speed": 0.002124330994907393,
    "if_vehicle": false,
    "motion_state": false,
    "pose": [
      [
        -0.6312317833330537,
        0.775384722031456,
        -0.018026884100545263,
        18.791208266655303
      ],
      [
        -0.775478161480812,
        -0.6313689255235324,
        -0.00262696585435054,
        -19.9432505265886
      ],
      [
        -0.013418523633860232,
        0.012321230598521788,
        0.9998340514805573,
        0.6972134912455132
      ],
      [
        0.0,
        0.0,
        0.0,
        1.0
      ]
    ],
    "location": [
      18.791208266655303,
      -19.9432505265886,
      0.6972134912455132
    ],
    "rotation": [
      0.012322651867664106,
      0.013418926349176493,
      -2.2540099773692024
    ]
  },
  {
    "label_id": "ABRBhQePUHY_I0XPW1ez4A",
    "size": [
      2.1306944974764077,
      4.5215893642290155,
      1.8999999999999986
    ],
    "obj_class": "vehicle",
    "point_num_in_lidar": 187,
    "speed": 1.8848954430115228,
    "if_vehicle": true,
    "motion_state": true,
    "pose": [
      [
        0.7421149013541068,
        0.67003022665982,
        -0.018026884100545263,
        29.180685323744456
      ],
      [
        -0.6701719645474866,
        0.7422012105790199,
        -0.00262696585435054,
        -46.0206622602218
      ],
      [
        0.011619428675574278,
        0.014030622838194225,
        0.9998340514805573,
        0.6563912426735605
      ],
      [
        0.0,
        0.0,
        0.0,
        1.0
      ]
    ],
    "location": [
      29.180685323744456,
      -46.0206622602218,
      0.6563912426735605
    ],
    "rotation": [
      0.01403203055416393,
      -0.011619690150145672,
      -0.7345014188350337
    ]
  },
  {
    "label_id": "BJzgD4pDd9zzx_tJ81Wh9w",
    "size": [
      2.0576826721192343,
      4.348731250934897,
      1.5799999999999983
    ],
    "obj_class": "vehicle",
    "point_num_in_lidar": 684,
    "speed": 2.6066993511513834,
    "if_vehicle": true,
    "motion_state": true,
    "pose": [
      [
        0.617675074605176,
        0.7862267698705736,
        -0.018026884100545263,
        10.135511770819221
      ],
      [
        -0.7863810964535111,
        0.6177360845789841,
        -0.00262696585435054,
        -22.446326877188767
      ],
      [
        0.009070465923203654,
        0.015798612214698367,
        0.9998340514805573,
        0.6132389399163429
      ],
      [
        0.0,
        0.0,
        0.0,
        1.0
      ]
    ],
    "location": [
      10.135511770819221,
      -22.446326877188767,
      0.6132389399163429
    ],
    "rotation": [
      0.015799919524278963,
      -0.009070590304081376,
      -0.9049810465750732
    ]
  },
  {
    "label_id": "BMprUx_wfiGkn4Jsd9YGfw",
    "size": [
      0.9165089260500553,
      0.14690670426762598,
      1.129999999999999
    ],
    "obj_class": "sign",
    "point_num_in_lidar": 97,
    "speed": 0.0139582120310411,
    "if_vehicle": false,
    "motion_state": false,
    "pose": [
      [
        -0.7035118546757678,
        -0.7104548555540225,
        -0.018026884100545263,
        25.465351235135586
      ],
      [
        0.7106011951766197,
        -0.7035901082760898,
        -0.00262696585435054,
        -24.831182090829316
      ],
      [
        -0.0108171966895852,
        -0.014658027007521926,
        0.9998340514805573,
        3.377224510499392
      ],
      [
        0.0,
        0.0,
        0.0,
        1.0
      ]
    ],
    "location": [
      25.465351235135586,
      -24.831182090829316,
      3.377224510499392
    ],
    "rotation": [
      -0.014659409704821528,
      0.010817407657202655,
      2.351181255139828
    ]
  },
  {
    "label_id": "BrpalxtMlwqR7rQyfylZ8g",
    "size": [
      2.3380971946354276,
      6.178880489167328,
      2.219999999999999
    ],
    "obj_class": "vehicle",
    "point_num_in_lidar": 1812,
    "speed": 1.1425840398465803,
    "if_vehicle": true,
    "motion_state": true,
    "pose": [
      [
        0.9799079205886422,
        -0.19863408221468157,
        -0.018026884100545263,
        -14.62814201454512
      ],
      [
        0.19861925966741856,
        0.9800732058063656,
        -0.00262696585435054,
        -27.82091825389216
      ],
      [
        0.01818947104260942,
        -0.0010063017263666546,
        0.9998340514805573,
        1.1223176039081189
      ],
      [
        0.0,
        0.0,
        0.0,
        1.0
      ]
    ],
    "location": [
      -14.62814201454512,
      -27.82091825389216,
      1.1223176039081189
    ],
    "rotation": [
      -0.001006468408521501,
      -0.01819047421050987,
      0.1999824443870437
    ]
  },
  {
    "label_id": "C88vprxSbrDQhEq30YQshA",
    "size": [
      0.8219031737474528,
      0.7469626673616249,
      1.7100000000000009
    ],
    "obj_class": "pedestrian",
    "point_num_in_lidar": 26,
    "speed": 4.504119557727526e-28,
    "if_vehicle": false,
    "motion_state": false,
    "pose": [
      [
        0.77497079921942,
        0.631739892524478,
        -0.018026884100545263,
        44.30618239147611
      ],
      [
        -0.6318770959326575,
        0.7750641487555152,
        -0.00262696585435054,
        -14.622825412034217
      ],
      [
        0.01231243245361056,
        0.0134265970018353,
        0.9998340514805573,
        0.4392924908671887
      ],
      [
        0.0,
        0.0,
        0.0,
        1.0
      ]
    ],
    "location": [
      44.30618239147611,
      -14.622825412034217,
      0.4392924908671887
    ],
    "rotation": [
      0.013428018361159477,
      -0.012312743560738049,
      -0.6840344757943999
    ]
  },
  {
    "label_id": "DNJU6vLPoCqw-LexqChKbQ",
    "size": [
      2.4830097227194616,
      5.749171203661658,
      2.2116833098079987
    ],
    "obj_class": "vehicle",
    "point_num_in_lidar": 398,
    "speed": 0.8637251326801055,
    "if_vehicle": true,
    "motion_state": false,
    "pose": [
      [
        0.7159368450753322,
        -0.6979322784577351,
        -0.018026884100545263,
        6.824917171010611
      ],
      [
        0.6980093848157116,
        0.7160837924151,
        -0.00262696585435054,
        -59.872412794191405
      ],
      [
        0.014742203796303463,
        -0.01070219263528138,
        0.9998340514805573,
        0.9673502080217453
      ],
      [
        0.0,
        0.0,
        0.0,
        1.0
      ]
    ],
    "location": [
      6.824917171010611,
      -59.872412794191405,
      0.9673502080217453
    ],
    "rotation": [
      -0.01070356016894091,
      -0.014742737842047831,
      0.7727198172805403
    ]
  },
  {
    "label_id": "ERcztt6ItC06k_ercBFdsg",
    "size": [
      0.9210467867715654,
      1.027108511389792,
      1.9000000000000057
    ],
    "obj_class": "pedestrian",
    "point_num_in_lidar": 265,
    "speed": 0.532250075490044,
    "if_vehicle": false,
    "motion_state": false,
    "pose": [
      [
        0.782651747013927,
        0.6221987418387099,
        -0.018026884100545263,
        -1.9201926489763537
      ],
      [
        -0.6223347913768735,
        0.7827467703493279,
        -0.00262696585435054,
        -28.816626072206418
      ],
      [
        0.012475990459733294,
        0.013274756571141298,
        0.9998340514805573,
        0.9151132842301202
      ],
      [
        0.0,
        0.0,
        0.0,
        1.0
      ]
    ],
    "location": [
      -1.9201926489763537,
      -28.816626072206418,
      0.9151132842301202
    ],
    "rotation": [
      0.013276179801656334,
      -0.012476314131093163,
      -0.6717838650683248
    ]
  },
  {
    "label_id": "EynIiRmnuBbFsLCDQ1XKbQ",
    "size": [
      0.5413567342716092,
      0.13723403558369326,
      0.5999999999999979
    ],
    "obj_class": "sign",
    "point_num_in_lidar": 40,
    "speed": 0.002646850404570475,
    "if_vehicle": false,
    "motion_state": false,
    "pose": [
      [
        0.625548315227245,
        -0.7799771386175246,
        -0.018026884100545263,
        2.3013063030259673
      ],
      [
        0.7800715778243645,
        0.6256847708878702,
        -0.00262696585435054,
        -43.22774775583093
      ],
      [
        0.013328120158594126,
        -0.012418965859220811,
        0.9998340514805573,
        2.84183608389214
      ],
      [
        0.0,
        0.0,
        0.0,
        1.0
      ]
    ],
    "location": [
      2.3013063030259673,
      -43.22774775583093,
      2.84183608389214
    ],
    "rotation": [
      -0.012420388389457084,
      -0.013328514788656905,
      0.8948909641247753
    ]
  },
  {
    "label_id": "GJEO8qd3JaW07GphAWS-nA",
    "size": [
      0.8296061988046579,
      0.1290419424672085,
      0.7899999999999991
    ],
    "obj_class": "sign",
    "point_num_in_lidar": 29,
    "speed": 0.0,
    "if_vehicle": false,
    "motion_state": false,
    "pose": [
      [
        -0.6880248989746159,
        -0.7254631416140969,
        -0.018026884100545263,
        31.035472135703912
      ],
      [
        0.7256111349918124,
        -0.6880999780746211,
        -0.00262696585435054,
        -60.166687087936225
      ],
      [
        -0.010498531652728826,
        -0.014887925749111802,
        0.9998340514805573,
        3.8540931587391185
      ],
      [
        0.0,
        0.0,
        0.0,
        1.0
      ]
    ],
    "location": [
      31.035472135703912,
      -60.166687087936225,
      3.8540931587391185
    ],
    "rotation": [
      -0.014889296415764934,
      0.010498724518863549,
      2.329612412627833
    ]
  },
  {
    "label_id": "GiHYRbxhmvNPKbWHFSSQLQ",
    "size": [
      2.1947292656194874,
      4.8705239665823665,
      1.8399999999999999
    ],
    "obj_class": "vehicle",
    "point_num_in_lidar": 46,
    "speed": 1.3512388572256306e-27,
    "if_vehicle": true,
    "motion_state": false,
    "pose": [
      [
        0.9852699835131686,
        -0.17005320060965048,
        -0.018026884100545263,
        -63.78842972119946
      ],
      [
        0.17003357764382546,
        0.9854347677670203,
        -0.00262696585435054,
        -42.585904923407725
      ],
      [
        0.018211042298608385,
        -0.0004769049933806915,
        0.9998340514805573,
        1.8087297881369935
      ],
      [
        0.0,
        0.0,
        0.0,
        1.0
      ]
    ],
    "location": [
      -63.78842972119946,
      -42.585904923407725,
      1.8087297881369935
    ],
    "rotation": [
      -0.0004769841120203825,
      -0.018212049040129286,
      0.17089236181596984
    ]
  },
  {
    "label_id": "HSYlWnCOg45HraIyv_ltIQ",
    "size": [
      0.47477027299265906,
      0.04903281749638218,
      0.629999999999999
    ],
    "obj_class": "sign",
    "point_num_in_lidar": 26,
    "speed": 0.0017905891262501251,
    "if_vehicle": false,
    "motion_state": false,
    "pose": [
      [
        -0.6974233741872679,
        0.7164325987745616,
        -0.018026884100545263,
        26.100628558169774
      ],
      [
        -0.7165135250194842,
        -0.697568252943433,
        -0.00262696585435054,
        -22.08483461936703
      ],
      [
        -0.014457026021955503,
        0.011084398881983485,
        0.9998340514805573,
        2.7924992348391555
      ],
      [
        0.0,
        0.0,
        0.0,
        1.0
      ]
    ],
    "location": [
      26.100628558169774,
      -22.08483461936703,
      2.7924992348391555
    ],
    "rotation": [
      0.011085784476797221,
      0.014457529669229264,
      -2.342693894090956
    ]
  },
  {
    "label_id": "J3L10LSZhOaAERyZECqKyA",
    "size": [
      2.000952486085971,
      4.516471889621558,
      1.4899999999999984
    ],
    "obj_class": "vehicle",
    "point_num_in_lidar": 358,
    "speed": 9.025839742256044e-28,
    "if_vehicle": true,
    "motion_state": false,
    "pose": [
      [
        -0.9933090459794723,
        0.11407090174525743,
        -0.018026884100545263,
        -21.19598657696656
      ],
      [
        -0.11404199275695563,
        -0.9934724570607998,
        -0.00262696585435054,
        -22.443894325220754
      ],
      [
        -0.018208873204378733,
        -0.000553567160580723,
        0.9998340514805573,
        0.8119863880325511
      ],
      [
        0.0,
        0.0,
        0.0,
        1.0
      ]
    ],
    "location": [
      -21.19598657696656,
      -22.443894325220754,
      0.8119863880325511
    ],
    "rotation": [
      -0.0005536589829060382,
      0.018209879586171564,
      -3.0272829708760107
    ]
  },
  {
    "label_id": "KX-4SfeSeDvbwnkBCjdU4g",
    "size": [
      0.8422860400556376,
      0.8451582887489959,
      1.7199999999999989
    ],
    "obj_class": "pedestrian",
    "point_num_in_lidar": 72,
    "speed": 6.808772466543387e-28,
    "if_vehicle": false,
    "motion_state": false,
    "pose": [
      [
        -0.5125277045943202,
        0.8584814403776606,
        -0.018026884100545263,
        21.74109081043821
      ],
      [
        -0.8585937213440591,
        -0.5126499007304698,
        -0.00262696585435054,
        -18.834928855962062
      ],
      [
        -0.011496681775089996,
        0.014131376724747267,
        0.9998340514805573,
        0.6654090060640883
      ],
      [
        0.0,
        0.0,
        0.0,
        1.0
      ]
    ],
    "location": [
      21.74109081043821,
      -18.834928855962062,
      0.6654090060640883
    ],
    "rotation": [
      0.014132781180447897,
      0.011496935049966957,
      -2.108961731838894
    ]
  },
  {
    "label_id": "LEDQQXEw_Ihy4SUDGjGeJA",
    "size": [
      0.8499373098873022,
      0.9264115891780135,
      1.9299999999999997
    ],
    "obj_class": "pedestrian",
    "point_num_in_lidar": 78,
    "speed": 0.007375779977594522,
    "if_vehicle": false,
    "motion_state": false,
    "pose": [
      [
        -0.48182634009775055,
        0.8760812801547767,
        -0.018026884100545263,
        22.42277475956621
      ],
      [
        -0.8761978151247515,
        -0.48194448624401964,
        -0.00262696585435054,
        -19.69180197903188
      ],
      [
        -0.01098939300502008,
        0.014529375119241397,
        0.9998340514805573,
        0.7774286524538354
      ],
      [
        0.0,
        0.0,
        0.0,
        1.0
      ]
    ],
    "location": [
      22.42277475956621,
      -19.69180197903188,
      0.7774286524538354
    ],
    "rotation": [
      0.014530763871169493,
      0.010989614209270379,
      -2.0735672821546065
    ]
  },
  {
    "label_id": "LwSqmBnMVv6Bxt4JdUirjw",
    "size": [
      1.9169959747088836,
      4.186827698229656,
      1.6000000000000014
    ],
    "obj_class": "vehicle",
    "point_num_in_lidar": 57,
    "speed": 4.255295433028788e-28,
    "if_vehicle": true,
    "motion_state": false,
    "pose": [
      [
        0.6219822721800223,
        -0.7828237889483189,
        -0.018026884100545263,
        16.107481360191514
      ],
      [
        0.7829188499051986,
        0.622118295433852,
        -0.00262696585435054,
        -60.886474600671136
      ],
      [
        0.013271305772155373,
        -0.01247966117634492,
        0.9998340514805573,
        0.6310538454489638
      ],
      [
        0.0,
        0.0,
        0.0,
        1.0
      ]
    ],
    "location": [
      16.107481360191514,
      -60.886474600671136,
      0.6310538454489638
    ],
    "rotation": [
      -0.012481084370418094,
      -0.013271695376812297,
      0.8994546622845764
    ]
  },
  {
    "label_id": "M8sjiibdjQXMQVuY4NYmfQ",
    "size": [
      0.8508967923395934,
      0.9774615490357054,
      1.6200000000000045
    ],
    "obj_class": "pedestrian",
    "point_num_in_lidar": 86,
    "speed": 1.2407524438261481,
    "if_vehicle": false,
    "motion_state": true,
    "pose": [
      [
        -0.9996451346092804,
        -0.01961214678762358,
        -0.018026884100545263,
        23.02907360908307
      ],
      [
        0.019662621118366322,
        -0.9998032208295569,
        -0.00262696585435054,
        -15.212770893900597
      ],
      [
        -0.017971816345304686,
        -0.0029804894270999524,
        0.9998340514805573,
        0.6322816635216597
      ],
      [
        0.0,
        0.0,
        0.0,
        1.0
      ]
    ],
    "location": [
      23.02907360908307,
      -15.212770893900597,
      0.6322816635216597
    ],
    "rotation": [
      -0.0029809752871081574,
      0.017972783927336387,
      3.121925588500411
    ]
  },
  {
    "label_id": "MGDi0Feg3WgL1_2697vcBQ",
    "size": [
      0.8273713641474931,
      0.9264627697768697,
      1.610000000000003
    ],
    "obj_class": "pedestrian",
    "point_num_in_lidar": 111,
    "speed": 1.506455080194561,
    "if_vehicle": false,
    "motion_state": true,
    "pose": [
      [
        -0.99914880246822,
        -0.03710393477715644,
        -0.018026884100545263,
        24.026960987259827
      ],
      [
        0.037157168044824725,
        -0.9993059811255453,
        -0.00262696585435054,
        -14.098659989957014
      ],
      [
        -0.017916902333010236,
        -0.0032945577493477857,
        0.9998340514805573,
        0.6352814713715382
      ],
      [
        0.0,
        0.0,
        0.0,
        1.0
      ]
    ],
    "location": [
      24.026960987259827,
      -14.098659989957014,
      0.6352814713715382
    ],
    "rotation": [
      -0.00329509264138201,
      0.017917861071742456,
      3.104420960451862
    ]
  },
  {
    "label_id": "MMRb3jHqGvp6u3_L3aIsDw",
    "size": [
      2.187111608221479,
      5.576670239505544,
      2.0900000000000034
    ],
    "obj_class": "vehicle",
    "point_num_in_lidar": 9128,
    "speed": 0.11778859147870765,
    "if_vehicle": true,
    "motion_state": false,
    "pose": [
      [
        0.13805484021674838,
        0.990260517511606,
        -0.018026884100545263,
        4.6343350676536375
      ],
      [
        -0.9904245798110736,
        0.13802989080796454,
        -0.00262696585435054,
        -8.806666298389246
      ],
      [
        -0.00011313172240838943,
        0.01821693446186268,
        0.9998340514805573,
        1.0107195060217542
      ],
      [
        0.0,
        0.0,
        0.0,
        1.0
      ]
    ],
    "location": [
      4.6343350676536375,
      -8.806666298389246,
      1.0107195060217542
    ],
    "rotation": [
      0.018217942297584246,
      0.00011313172264971421,
      -1.4322991469200348
    ]
  },
  {
    "label_id": "MhxUH3Qh4-q6ZeQGrgjZog",
    "size": [
      1.8095717427191162,
      4.104413323080284,
      1.5700000000000003
    ],
    "obj_class": "vehicle",
    "point_num_in_lidar": 104,
    "speed": 1.2766432805988062e-28,
    "if_vehicle": true,
    "motion_state": false,
    "pose": [
      [
        -0.9819259906008005,
        0.18840483123386784,
        -0.018026884100545263,
        -27.310558694842257
      ],
      [
        -0.1883882859032054,
        -0.9820911122624276,
        -0.00262696585435054,
        -23.575675562622564
      ],
      [
        -0.018198975715376414,
        0.0008165677470698356,
        0.9998340514805573,
        0.9219863880325612
      ],
      [
        0.0,
        0.0,
        0.0,
        1.0
      ]
    ],
    "location": [
      -27.310558694842257,
      -23.575675562622564,
      0.9219863880325612
    ],
    "rotation": [
      0.0008167030961881607,
      0.01819998045683237,
      -2.9520400906371815
    ]
  },
  {
    "label_id": "N1G3ObOTcL37PoStSOPQxg",
    "size": [
      0.8769430839473147,
      0.7703446808274568,
      2.033662047750184
    ],
    "obj_class": "pedestrian",
    "point_num_in_lidar": 28,
    "speed": 1.3538754233565634e-27,
    "if_vehicle": false,
    "motion_state": false,
    "pose": [
      [
        -0.829042216661587,
        0.5588953698524152,
        -0.018026884100545263,
        43.2606656269993
      ],
      [
        -0.5589450014094445,
        -0.8292005694943753,
        -0.00262696585435054,
        -42.648351026200544
      ],
      [
        -0.01641610161513814,
        0.007898171164002092,
        0.9998340514805573,
        0.6955562025547799
      ],
      [
        0.0,
        0.0,
        0.0,
        1.0
      ]
    ],
    "location": [
      43.2606656269993,
      -42.648351026200544,
      0.6955562025547799
    ],
    "rotation": [
      0.007899317763496495,
      0.01641683902937288,
      -2.548388853036018
    ]
  },
  {
    "label_id": "O9135g1GOeSBKxxZHcQSJw",
    "size": [
      0.863112919173417,
      0.10705276516763673,
      0.8000000000000007
    ],
    "obj_class": "sign",
    "point_num_in_lidar": 38,
    "speed": 6.808771941042796e-28,
    "if_vehicle": false,
    "motion_state": false,
    "pose": [
      [
        -0.9998104209066715,
        0.007358919489304653,
        -0.018026884100545263,
        -8.26392693992375
      ],
      [
        -0.007312727662735318,
        -0.9999698110765798,
        -0.00262696585435054,
        -30.11386893049712
      ],
      [
        -0.018045671518544963,
        -0.0024946421425106865,
        0.9998340514805573,
        2.7069472611510257
      ],
      [
        0.0,
        0.0,
        0.0,
        1.0
      ]
    ],
    "location": [
      -8.26392693992375,
      -30.11386893049712,
      2.7069472611510257
    ],
    "rotation": [
      -0.00249505101591564,
      0.01804665107967231,
      -3.1342786697456586
    ]
  },
  {
    "label_id": "OBmaSu1uTjgZW7C-GFlGRg",
    "size": [
      0.8698284263545601,
      1.0188197221530193,
      1.7100000000000044
    ],
    "obj_class": "pedestrian",
    "point_num_in_lidar": 83,
    "speed": 1.5718997031000186,
    "if_vehicle": false,
    "motion_state": true,
    "pose": [
      [
        0.6972897121983794,
        -0.7165626900082972,
        -0.018026884100545263,
        -4.721707432323683
      ],
      [
        0.7166436432788126,
        0.6974345758553058,
        -0.00262696585435054,
        -44.022135797034935
      ],
      [
        0.014454957985809909,
        -0.011087095634244598,
        0.9998340514805573,
        0.9589035834891426
      ],
      [
        0.0,
        0.0,
        0.0,
        1.0
      ]
    ],
    "location": [
      -4.721707432323683,
      -44.022135797034935,
      0.9589035834891426
    ],
    "rotation": [
      -0.011088481345116252,
      -0.01445546141696514,
      0.7990853166241099
    ]
  },
  {
    "label_id": "OGAaBVDVAhjJMcaKvP7EOw",
    "size": [
      1.8657107994764888,
      4.3588581548173195,
      1.8999999999999986
    ],
    "obj_class": "vehicle",
    "point_num_in_lidar": 894,
    "speed": 3.9460157476424005e-28,
    "if_vehicle": true,
    "motion_state": false,
    "pose": [
      [
        -0.9854321190742883,
        0.16911111774919887,
        -0.018026884100545263,
        -14.718374578381827
      ],
      [
        -0.16909133724403982,
        -0.9855968844915364,
        -0.00262696585435054,
        -21.546047176554566
      ],
      [
        -0.018211489938505618,
        0.00045949341031606704,
        0.9998340514805573,
        0.9295871176626775
      ],
      [
        0.0,
        0.0,
        0.0,
        1.0
      ]
    ],
    "location": [
      -14.718374578381827,
      -21.546047176554566,
      0.9295871176626775
    ],
    "rotation": [
      0.00045956964286889343,
      0.01821249675427492,
      -2.971656538731699
    ]
  },
  {
    "label_id": "OLbKrwdNgogwuqHpnALO5Q",
    "size": [
      0.8445474455703854,
      0.8392516669915127,
      1.6200000000000045
    ],
    "obj_class": "pedestrian",
    "point_num_in_lidar": 38,
    "speed": 0.008544703232660891,
    "if_vehicle": false,
    "motion_state": false,
    "pose": [
      [
        -0.8822976944763492,
        0.47034647842983207,
        -0.018026884100545263,
        19.637502970503647
      ],
      [
        -0.4703795015753106,
        -0.8824603240645794,
        -0.00262696585435054,
        -19.030611589614637
      ],
      [
        -0.01714359412379098,
        0.006161710841408798,
        0.9998340514805573,
        0.6085066741312808
      ],
      [
        0.0,
        0.0,
        0.0,
        1.0
      ]
    ],
    "location": [
      19.637502970503647,
      -19.030611589614637,
      0.6085066741312808
    ],
    "rotation": [
      0.006162655520955839,
      0.017144433993315233,
      -2.6517935289499794
    ]
  },
  {
    "label_id": "ORS3pRpKL34OZ7-yMZ-IWw",
    "size": [
      0.7368021419277243,
      0.8635867936873822,
      1.4200000000000053
    ],
    "obj_class": "pedestrian",
    "point_num_in_lidar": 20,
    "speed": 1.4171267379473975,
    "if_vehicle": false,
    "motion_state": true,
    "pose": [
      [
        -0.3862089435138824,
        0.9222351562370177,
        -0.018026884100545263,
        49.072902523454104
      ],
      [
        -0.9223635625138885,
        -0.38631406600988316,
        -0.00262696585435054,
        -31.533483455765236
      ],
      [
        -0.009386719159486837,
        0.015612783332748136,
        0.9998340514805573,
        0.5995887079329876
      ],
      [
        0.0,
        0.0,
        0.0,
        1.0
      ]
    ],
    "location": [
      49.072902523454104,
      -31.533483455765236,
      0.5995887079329876
    ],
    "rotation": [
      0.015614105649445039,
      0.00938685700970036,
      -1.96733287116976
    ]
  },
  {
    "label_id": "QFuaLlBdwU53Hc_Ah-IioA",
    "size": [
      0.8822107898258115,
      1.040883245441516,
      1.8200000000000038
    ],
    "obj_class": "pedestrian",
    "point_num_in_lidar": 23,
    "speed": 1.3145189897317568,
    "if_vehicle": false,
    "motion_state": true,
    "pose": [
      [
        0.6772010946206836,
        -0.7355771264076757,
        -0.018026884100545263,
        3.552152706281049
      ],
      [
        0.7356620559633777,
        0.6773436634871078,
        -0.00262696585435054,
        -84.93282295331119
      ],
      [
        0.014142731712235079,
        -0.011482710467923308,
        0.9998340514805573,
        1.176997057746302
      ],
      [
        0.0,
        0.0,
        0.0,
        1.0
      ]
    ],
    "location": [
      3.552152706281049,
      -84.93282295331119,
      1.176997057746302
    ],
    "rotation": [
      -0.011484111436391116,
      -0.014143203218807633,
      0.8267522263732517
    ]
  },
  {
    "label_id": "R-25fKgUYgqBqMlM6mbh8A",
    "size": [
      0.8792966680053101,
      0.8397044615812774,
      1.948185417723952
    ],
    "obj_class": "pedestrian",
    "point_num_in_lidar": 30,
    "speed": 0.003333153681188917,
    "if_vehicle": false,
    "motion_state": false,
    "pose": [
      [
        -0.6845294821125583,
        0.7287622517449285,
        -0.018026884100545263,
        42.19429131643801
      ],
      [
        -0.7288457500907687,
        -0.6846728938880413,
        -0.00262696585435054,
        -44.93591333013683
      ],
      [
        -0.014256952456178182,
        0.011340582288255314,
        0.9998340514805573,
        0.5996151626966295
      ],
      [
        0.0,
        0.0,
        0.0,
        1.0
      ]
    ],
    "location": [
      42.19429131643801,
      -44.93591333013683,
      0.5996151626966295
    ],
    "rotation": [
      0.011341978182630027,
      0.0142574354800339,
      -2.3248498390126358
    ]
  },
  {
    "label_id": "SRw4fz_BRx13yIxaJKROLQ",
    "size": [
      2.3095292348982452,
      4.680840153599171,
      1.7399999999999984
    ],
    "obj_class": "vehicle",
    "point_num_in_lidar": 37,
    "speed": 1.744523800035395,
    "if_vehicle": true,
    "motion_state": true,
    "pose": [
      [
        0.7232519819482277,
        0.690348898787842,
        -0.018026884100545263,
        34.99938847227031
      ],
      [
        -0.6904929752387573,
        0.7233343280920166,
        -0.00262696585435054,
        -51.18611850609159
      ],
      [
        0.011225941113756405,
        0.014347395097539092,
        0.9998340514805573,
        0.5550693549054841
      ],
      [
        0.0,
        0.0,
        0.0,
        1.0
      ]
    ],
    "location": [
      34.99938847227031,
      -51.18611850609159,
      0.5550693549054841
    ],
    "rotation": [
      0.014348791593443681,
      -0.011226176912593453,
      -0.7622305154344239
    ]
  },
  {
    "label_id": "TcSiRnZrSapo9_Qiz4bzsA",
    "size": [
      0.7859034642580541,
      0.715045946479222,
      1.7800000000000011
    ],
    "obj_class": "pedestrian",
    "point_num_in_lidar": 30,
    "speed": 8.705137620010207e-28,
    "if_vehicle": false,
    "motion_state": false,
    "pose": [
      [
        -0.9414329245761436,
        0.33671810164236027,
        -0.018026884100545263,
        41.82990745842062
      ],
      [
        -0.33672706697270705,
        -0.9415986307436722,
        -0.00262696585435054,
        -43.82207824037323
      ],
