[
  {
    "label_id": "-3y3uSWZpzEtolStN25xzw",
    "size": [
      0.9999999999990605,
      1.0,
      1.7399999999999984
    ],
    "obj_class": "pedestrian",
    "point_num_in_lidar": 43,
    "speed": 0.7825317229779389,
    "if_vehicle": false,
    "motion_state": false,
    "pose": [
      [
        -0.8362162461235448,
        0.5481060951593313,
        -0.017947093587458406,
        41.323023460314744
      ],
      [
        -0.5481548082605683,
        -0.8363730946519259,
        -0.0025204609063052964,
        -38.508316311374074
      ],
      [
        -0.016391946189107068,
        0.007730135286695976,
        0.9998357610670778,
        0.5967049794941204
      ],
      [
        0.0,
        0.0,
        0.0,
        1.0
      ]
    ],
    "location": [
      41.323023460314744,
      -38.508316311374074,
      0.5967049794941204
    ],
    "rotation": [
      0.007731251042662868,
      0.016392680352669206,
      -2.5613481164606484
    ]
  },
  {
    "label_id": "-BQNloss4qTNgCNWyqfQPw",
    "size": [
      0.950348324433333,
      1.0782520726229397,
      1.7800000000000047
    ],
    "obj_class": "pedestrian",
    "point_num_in_lidar": 25,
    "speed": 0.04706659029600785,
    "if_vehicle": false,
    "motion_state": false,
    "pose": [
      [
        -0.869698865669184,
        0.49325630749692145,
        -0.017947093587458406,
        40.798853129328336
      ],
      [
        -0.4932948441902722,
        -0.8698585195145904,
        -0.0025204609063052964,
        -40.759688535386886
      ],
      [
        -0.016854665497410864,
        0.006661166743716289,
        0.9998357610670778,
        0.690793763961473
      ],
      [
        0.0,
        0.0,
        0.0,
        1.0
      ]
    ],
    "location": [
      40.798853129328336,
      -40.759688535386886,
      0.690793763961473
    ],
    "rotation": [
      0.006662162379218255,
      0.01685546361096671,
      -2.625638604585751
    ]
  },
  {
    "label_id": "-Dzbj8ej64m1E-fNNfo-Ww",
    "size": [
      2.609142809786027,
      6.207139029641827,
      2.6000000000000014
    ],
    "obj_class": "vehicle",
    "point_num_in_lidar": 78,
    "speed": 3.5188438821326257e-28,
    "if_vehicle": true,
    "motion_state": false,
    "pose": [
      [
        0.7266203669849116,
        -0.6868047350699288,
        -0.017947093587458406,
        -8.70187533353419
      ],
      [
        0.6868803092481736,
        0.7267661852645274,
        -0.0025204609063052964,
        -86.55934551248902
      ],
      [
        0.01477440522815173,
        -0.010496086964748665,
        0.9998357610670778,
        1.5759752053911313
      ],
      [
        0.0,
        0.0,
        0.0,
        1.0
      ]
    ],
    "location": [
      -8.70187533353419,
      -86.55934551248902,
      1.5759752053911313
    ],
    "rotation": [
      -0.010497425505815455,
      -0.014774942781327982,
      0.7572909309405509
    ]
  },
  {
    "label_id": "-u6v7A9TrXDu-9EE_fzpuA",
    "size": [
      2.0399475097394637,
      4.415591832276201,
      1.7400000000000055
    ],
    "obj_class": "vehicle",
    "point_num_in_lidar": 6336,
    "speed": 0.8175130964102173,
    "if_vehicle": true,
    "motion_state": false,
    "pose": [
      [
        0.33165486905294395,
        0.94323006189648,
        -0.017947093587458406,
        6.426263739926526
      ],
      [
        -0.9433940146723447,
        0.331664559995812,
        -0.0025204609063052964,
        -16.787560532809948
      ],
      [
        0.003575040401226049,
        0.017767103803006428,
        0.9998357610670778,
        0.8202082645109243
      ],
      [
        0.0,
        0.0,
        0.0,
        1.0
      ]
    ],
    "location": [
      6.426263739926526,
      -16.787560532809948,
      0.8202082645109243
    ],
    "rotation": [
      0.017768152251616605,
      -0.003575048016650424,
      -1.232736891965261
    ]
  },
  {
    "label_id": "0W_ICpRE-uhjmG5ZAXO0qA",
    "size": [
      0.8560961486107889,
      0.7477227720306335,
      1.9060699903247986
    ],
    "obj_class": "pedestrian",
    "point_num_in_lidar": 61,
    "speed": 0.0020684853339529865,
    "if_vehicle": false,
    "motion_state": false,
    "pose": [
      [
        -0.9912159151807038,
        0.13103019241473504,
        -0.017947093587458406,
        21.06932466504827
      ],
      [
        -0.13100603135832975,
        -0.991378367236526,
        -0.0025204609063052964,
        -22.324617908290747
      ],
      [
        -0.018122616814902643,
        -0.00014714345861113577,
        0.9998357610670778,
        0.6532602083864241
      ],
      [
        0.0,
        0.0,
        0.0,
        1.0
      ]
    ],
    "location": [
      21.06932466504827,
      -22.324617908290747,
      0.6532602083864241
    ],
    "rotation": [
      -0.0001471676282030596,
      0.018123608961087275,
      -3.010187259095676
    ]
  },
  {
    "label_id": "0s0MLJ4EvKMJbQzmaFGapQ",
    "size": [
      1.0271755662515307,
      1.1252974528226218,
      1.6799999999999997
    ],
    "obj_class": "pedestrian",
    "point_num_in_lidar": 60,
    "speed": 1.4408977429531227,
    "if_vehicle": false,
    "motion_state": true,
    "pose": [
      [
        -0.8727584632642621,
        0.4878222695125413,
        -0.017947093587458406,
        -8.429387549089142
      ],
      [
        -0.48785980967109177,
        -0.8729183543633997,
        -0.0025204609063052964,
        -50.46117328516448
      ],
      [
        -0.016895884359501605,
        0.006555912074422071,
        0.9998357610670778,
        0.9254913009738601
      ],
      [
        0.0,
        0.0,
        0.0,
        1.0
      ]
    ],
    "location": [
      -8.429387549089142,
      -50.46117328516448,
      0.9254913009738601
    ],
    "rotation": [
      0.006556895019097147,
      0.016896688343362932,
      -2.6318765485169275
    ]
  },
  {
    "label_id": "1rDkIQm97fn96_z7MlfEFA",
    "size": [
      2.0568301892033514,
      4.3471459235386005,
      1.509999999999998
    ],
    "obj_class": "vehicle",
    "point_num_in_lidar": 43,
    "speed": 2.611542902674231e-28,
    "if_vehicle": true,
    "motion_state": false,
    "pose": [
      [
        0.9849844955050414,
        -0.17170744144166267,
        -0.017947093587458406,
        -57.41395462616492
      ],
      [
        0.17168998570239744,
        0.9851478041828701,
        -0.0025204609063052964,
        -41.35798351017365
      ],
      [
        0.018113321732624536,
        -0.000598721327193021,
        0.9998357610670778,
        1.4667695830536935
      ],
      [
        0.0,
        0.0,
        0.0,
        1.0
      ]
    ],
    "location": [
      -57.41395462616492,
      -41.35798351017365,
      1.4667695830536935
    ],
    "rotation": [
      -0.0005988196051218311,
      -0.018114312352827813,
      0.17257346883764127
    ]
  },
  {
    "label_id": "2hG8b9thgwMFUB5DUm0BBA",
    "size": [
      2.0091103438047107,
      4.430774636678162,
      1.4100000000000001
    ],
    "obj_class": "vehicle",
    "point_num_in_lidar": 25,
    "speed": 2.8150751057061005e-27,
    "if_vehicle": true,
    "motion_state": false,
    "pose": [
      [
        0.6857809237015311,
        -0.7275867140890064,
        -0.017947093587458406,
        12.116101720406277
      ],
      [
        0.7276705761188594,
        0.6859221383857407,
        -0.0025204609063052964,
        -65.62938108121125
      ],
      [
        0.014144162680126953,
        -0.011331087921965303,
        0.9998357610670778,
        0.4933694238172279
      ],
      [
        0.0,
        0.0,
        0.0,
        1.0
      ]
    ],
    "location": [
      12.116101720406277,
      -65.62938108121125,
      0.4933694238172279
    ],
    "rotation": [
      -0.011332464085605834,
      -0.014144634329844318,
      0.8150259183922461
    ]
  },
  {
    "label_id": "3UOARbDkuMcY1CDZ705q0w",
    "size": [
      0.7092548309712623,
      0.7043774177189961,
      1.867408505954046
    ],
    "obj_class": "pedestrian",
    "point_num_in_lidar": 35,
    "speed": 0.010621318565031299,
    "if_vehicle": false,
    "motion_state": false,
    "pose": [
      [
        -0.8962594133695495,
        0.44316697279719963,
        -0.017947093587458406,
        38.94775885308991
      ],
      [
        -0.44319639802670346,
        -0.8964209948751624,
        -0.0025204609063052964,
        -40.132862802045565
      ],
      [
        -0.017205136518688116,
        0.005695100419703647,
        0.9998357610670778,
        0.6514513114879321
      ],
      [
        0.0,
        0.0,
        0.0,
        1.0
      ]
    ],
    "location": [
      38.94775885308991,
      -40.132862802045565,
      0.6514513114879321
    ],
    "rotation": [
      0.005695974329469015,
      0.017205985466466647,
      -2.6823581975491453
    ]
  },
  {
    "label_id": "3drq9t_ugP2rT_AHc0GtKQ",
    "size": [
      0.8175840290789087,
      0.765391699955769,
      1.350000000000005
    ],
    "obj_class": "pedestrian",
    "point_num_in_lidar": 21,
    "speed": 1.4377621145371264,
    "if_vehicle": false,
    "motion_state": true,
    "pose": [
      [
        -0.7950850302374542,
        0.6062323783204501,
        -0.017947093587458406,
        46.354157499435814
      ],
      [
        -0.6062921313166307,
        -0.7952380139180704,
        -0.0025204609063052964,
        -32.45273857575921
      ],
      [
        -0.01580019606978534,
        0.008877200886177126,
        0.9998357610670778,
        0.804588707933025
      ],
      [
        0.0,
        0.0,
        0.0,
        1.0
      ]
    ],
    "location": [
      46.354157499435814,
      -32.45273857575921,
      0.804588707933025
    ],
    "rotation": [
      0.008878425815404286,
      0.01580085355345732,
      -2.4901077764606603
    ]
  },
  {
    "label_id": "5Zo39jZeAKvLd3jygUscXQ",
    "size": [
      0.8633204129130805,
      0.9964958227765475,
      1.7600000000000051
    ],
    "obj_class": "pedestrian",
    "point_num_in_lidar": 709,
    "speed": 1.2712113437945474,
    "if_vehicle": false,
    "motion_state": true,
    "pose": [
      [
        -0.06301289104232383,
        -0.9978513303063995,
        -0.017947093587458406,
        -4.3754271299360425
      ],
      [
        0.9980117524108607,
        -0.06297768911783572,
        -0.0025204609063052964,
        -18.142652273047133
      ],
      [
        0.001384778787822355,
        -0.01807023185036654,
        0.9998357610670778,
        0.8045931912672408
      ],
      [
        0.0,
        0.0,
        0.0,
        1.0
      ]
    ],
    "location": [
      -4.3754271299360425,
      -18.142652273047133,
      0.8045931912672408
    ],
    "rotation": [
      -0.018071232745612453,
      -0.0013847792304008742,
      1.6338510531477692
    ]
  },
  {
    "label_id": "5plMF05KDpyMprvl5e_ipg",
    "size": [
      0.92218366740085,
      0.9039507390933251,
      1.860000000000003
    ],
    "obj_class": "pedestrian",
    "point_num_in_lidar": 59,
    "speed": 0.02736739762914916,
    "if_vehicle": false,
    "motion_state": false,
    "pose": [
      [
        -0.6469880912563347,
        0.7622888636233954,
        -0.017947093587458406,
        22.57290789231638
      ],
      [
        -0.7623799608302244,
        -0.6471247504162744,
        -0.0025204609063052964,
        -23.70477791844496
      ],
      [
        -0.013535327738556197,
        0.012051796315366238,
        0.9998357610670778,
        0.8847018103034259
      ],
      [
        0.0,
        0.0,
        0.0,
        1.0
      ]
    ],
    "location": [
      22.57290789231638,
      -23.70477791844496,
      0.8847018103034259
    ],
    "rotation": [
      0.012053192287062562,
      0.01353574106280436,
      -2.274501806421872
    ]
  },
  {
    "label_id": "6nFW7Fnejgm08SNoDjHi2w",
    "size": [
      0.7576715269810367,
      0.7637234397275995,
      1.8900000000000041
    ],
    "obj_class": "pedestrian",
    "point_num_in_lidar": 43,
    "speed": 0.0021243309949316347,
    "if_vehicle": false,
    "motion_state": false,
    "pose": [
      [
        -0.631232689565118,
        0.7753858352176355,
        -0.017947093587458406,
        18.790857132692054
      ],
      [
        -0.7754797134929349,
        -0.6313674534197462,
        -0.0025204609063052964,
        -19.94348974479726
      ],
      [
        -0.013285540459568403,
        0.012326609676402308,
        0.9998357610670778,
        0.6959368608550598
      ],
      [
        0.0,
        0.0,
        0.0,
        1.0
      ]
    ],
    "location": [
      18.790857132692054,
      -19.94348974479726,
      0.6959368608550598
    ],
    "rotation": [
      0.012328009943929066,
      0.013285931319296696,
      -2.2540097004036195
    ]
  },
  {
    "label_id": "ABRBhQePUHY_I0XPW1ez4A",
    "size": [
      2.1306944974746216,
      4.5215893642290155,
      1.8999999999999986
    ],
    "obj_class": "vehicle",
    "point_num_in_lidar": 187,
    "speed": 1.887235231326759,
    "if_vehicle": true,
    "motion_state": true,
    "pose": [
      [
        0.7421159667751639,
        0.6700311885943271,
        -0.017947093587458406,
        29.45710523828575
      ],
      [
        -0.6701705736780714,
        0.7422028357887246,
        -0.0025204609063052964,
        -46.27023237080175
      ],
      [
        0.011631596337919992,
        0.013898088287562801,
        0.9998357610670778,
        0.6522132494264703
      ],
      [
        0.0,
        0.0,
        0.0,
        1.0
      ]
    ],
    "location": [
      29.45710523828575,
      -46.27023237080175,
      0.6522132494264703
    ],
    "rotation": [
      0.013899476095416318,
      -0.01163185863482006,
      -0.7344996723987567
    ]
  },
  {
    "label_id": "BJzgD4pDd9zzx_tJ81Wh9w",
    "size": [
      2.057682672118876,
      4.348731250934897,
      1.5799999999999983
    ],
    "obj_class": "vehicle",
    "point_num_in_lidar": 618,
    "speed": 3.088802137790761,
    "if_vehicle": true,
    "motion_state": true,
    "pose": [
      [
        0.6328693604960722,
        0.7740505631914852,
        -0.017947093587458406,
        10.514553680483914
      ],
      [
        -0.7742014306280774,
        0.6329342715403062,
        -0.0025204609063052964,
        -22.87915779666946
      ],
      [
        0.009408366422015953,
        0.015489788012955077,
        0.9998357610670778,
        0.6030637664518252
      ],
      [
        0.0,
        0.0,
        0.0,
        1.0
      ]
    ],
    "location": [
      10.514553680483914,
      -22.87915779666946,
      0.6030637664518252
    ],
    "rotation": [
      0.015491093185115174,
      -0.009408505228169339,
      -0.8855065775133456
    ]
  },
  {
    "label_id": "BMprUx_wfiGkn4Jsd9YGfw",
    "size": [
      0.9165089260500552,
      0.14690670426762598,
      1.129999999999999
    ],
    "obj_class": "sign",
    "point_num_in_lidar": 106,
    "speed": 0.013958212030967816,
    "if_vehicle": false,
    "motion_state": false,
    "pose": [
      [
        -0.703512864677184,
        -0.71045587552322,
        -0.017947093587458406,
        25.463214603641063
      ],
      [
        0.7105998973012945,
        -0.7035918086733313,
        -0.0025204609063052964,
        -24.832978884389377
      ],
      [
        -0.010836751777718229,
        -0.014526379532606357,
        0.9998357610670778,
        3.377224510499385
      ],
      [
        0.0,
        0.0,
        0.0,
        1.0
      ]
    ],
    "location": [
      25.463214603641063,
      -24.832978884389377,
      3.377224510499385
    ],
    "rotation": [
      -0.014527743582704457,
      0.010836963891593448,
      2.3511828861099064
    ]
  },
  {
    "label_id": "BrpalxtMlwqR7rQyfylZ8g",
    "size": [
      2.33809719463543,
      6.178880489167328,
      2.219999999999999
    ],
    "obj_class": "vehicle",
    "point_num_in_lidar": 1874,
    "speed": 1.2300759571276727,
    "if_vehicle": true,
    "motion_state": true,
    "pose": [
      [
        0.9799093273998974,
        -0.1986343673850108,
        -0.017947093587458406,
        -14.387359604956146
      ],
      [
        0.19862139332819023,
        0.9800730530879768,
        -0.0025204609063052964,
        -27.77470250728402
      ],
      [
        0.018090112963958616,
        -0.001094853583097058,
        0.9998357610670778,
        1.118984118248509
      ],
      [
        0.0,
        0.0,
        0.0,
        1.0
      ]
    ],
    "location": [
      -14.387359604956146,
      -27.77470250728402,
      1.118984118248509
    ],
    "rotation": [
      -0.0010950329925352564,
      -0.018091099780792843,
      0.19998425635455983
    ]
  },
  {
    "label_id": "C88vprxSbrDQhEq30YQshA",
    "size": [
      0.8219031737474471,
      0.7469626673616249,
      1.7100000000000009
    ],
    "obj_class": "pedestrian",
    "point_num_in_lidar": 28,
    "speed": 6.756180678924001e-28,
    "if_vehicle": false,
    "motion_state": false,
    "pose": [
      [
        0.77497191181135,
        0.6317407994860109,
        -0.017947093587458406,
        44.30618239147702
      ],
      [
        -0.63187562484649,
        0.7750657017322324,
        -0.0025204609063052964,
        -14.622825412036036
      ],
      [
        0.012317898697394957,
        0.013293617381958897,
        0.9998357610670778,
        0.4392924908672029
      ],
      [
        0.0,
        0.0,
        0.0,
        1.0
      ]
    ],
    "location": [
      44.30618239147702,
      -14.622825412036036,
      0.4392924908672029
    ],
    "rotation": [
      0.013295017683409703,
      -0.012318210219083903,
      -0.6840326324446508
    ]
  },
  {
    "label_id": "DNJU6vLPoCqw-LexqChKbQ",
    "size": [
      2.4830097227194705,
      5.749171203661658,
      2.2116833098079987
    ],
    "obj_class": "vehicle",
    "point_num_in_lidar": 398,
    "speed": 0.6530456852094637,
    "if_vehicle": true,
    "motion_state": false,
    "pose": [
      [
        0.7159378729147777,
        -0.6979332804488023,
        -0.017947093587458406,
        6.9356010126011824
      ],
      [
        0.6980110953144933,
        0.7160825078820744,
        -0.0025204609063052964,
        -59.75952549630529
      ],
      [
        0.014610713333882131,
        -0.010722777032668496,
        0.9998357610670778,
        0.9634150100648107
      ],
      [
        0.0,
        0.0,
        0.0,
        1.0
      ]
    ],
    "location": [
      6.9356010126011824,
      -59.75952549630529,
      0.9634150100648107
    ],
    "rotation": [
      -0.01072412728426835,
      -0.014611233215823532,
      0.7727203245573313
    ]
  },
  {
    "label_id": "ERcztt6ItC06k_ercBFdsg",
    "size": [
      0.9210467867694617,
      1.027108511389792,
      1.9000000000000057
    ],
    "obj_class": "pedestrian",
    "point_num_in_lidar": 257,
    "speed": 0.5489358473890856,
    "if_vehicle": false,
    "motion_state": false,
    "pose": [
      [
        0.8112163174046632,
        0.5844706906322847,
        -0.017947093587458406,
        -1.8198280265801259
      ],
      [
        -0.5845996916072969,
        0.8113179696330369,
        -0.0025204609063052964,
        -28.854090309660023
      ],
      [
        0.01308766400357092,
        0.012536504391050883,
        0.9998357610670778,
        0.9151132842301273
      ],
      [
        0.0,
        0.0,
        0.0,
        1.0
      ]
    ],
    "location": [
      -1.8198280265801259,
      -28.854090309660023,
      0.9151132842301273
    ],
    "rotation": [
      0.012537906687495553,
      -0.0130880376567121,
      -0.6244482872087584
    ]
  },
  {
    "label_id": "EUjlvkwSB2q67LcxAKGoDA",
    "size": [
      0.9651760985936058,
      1.0981614056106253,
      1.8000000000000007
    ],
    "obj_class": "pedestrian",
    "point_num_in_lidar": 158,
    "speed": 1.2659983055656745,
    "if_vehicle": false,
    "motion_state": true,
    "pose": [
      [
        -0.1894705019590533,
        -0.9817223796568698,
        -0.017947093587458406,
        14.64881837708981
      ],
      [
        0.9818859769836732,
        -0.18945599879559744,
        -0.0025204609063052964,
        -8.439430638018166
      ],
      [
        -0.0009257916623198482,
        -0.01809955251422485,
        0.9998357610670778,
        0.8610632864096814
      ],
      [
        0.0,
        0.0,
        0.0,
        1.0
      ]
    ],
    "location": [
      14.64881837708981,
      -8.439430638018166,
      0.8610632864096814
    ],
    "rotation": [
      -0.018100548634551857,
      0.0009257917945677264,
      1.7614192618496678
    ]
  },
  {
    "label_id": "EynIiRmnuBbFsLCDQ1XKbQ",
    "size": [
      0.5413567342716074,
      0.13723403558369326,
      0.5999999999999979
    ],
    "obj_class": "sign",
    "point_num_in_lidar": 42,
    "speed": 0.0026468504045092725,
    "if_vehicle": false,
    "motion_state": false,
    "pose": [
      [
        0.6255492132998071,
        -0.7799782583968321,
        -0.017947093587458406,
        2.301003756627779
      ],
      [
        0.7800731190367126,
        0.6256832874810982,
        -0.0025204609063052964,
        -43.22731334528544
      ],
      [
        0.01319510122458922,
        -0.01242337293532027,
        0.9998357610670778,
        2.8425905109256924
      ],
      [
        0.0,
        0.0,
        0.0,
        1.0
      ]
    ],
    "location": [
      2.301003756627779,
      -43.22731334528544,
      2.8425905109256924
    ],
    "rotation": [
      -0.012424774274278537,
      -0.013195484155969633,
      0.8948912277130411
    ]
  },
  {
    "label_id": "GJEO8qd3JaW07GphAWS-nA",
    "size": [
      0.8296061988046508,
      0.1290419424672085,
      0.7899999999999991
    ],
    "obj_class": "sign",
    "point_num_in_lidar": 30,
    "speed": 0.0,
    "if_vehicle": false,
    "motion_state": false,
    "pose": [
      [
        -0.6880258867420739,
        -0.7254641831300467,
        -0.017947093587458406,
        31.03547213570414
      ],
      [
        0.7256098740930867,
        -0.688101706069266,
        -0.0025204609063052964,
        -60.166687087936225
      ],
      [
        -0.010520921604010925,
        -0.014756730668391973,
        0.9998357610670778,
        3.853540668039301
      ],
      [
        0.0,
        0.0,
        0.0,
        1.0
      ]
    ],
    "location": [
      31.03547213570414,
      -60.166687087936225,
      3.853540668039301
    ],
    "rotation": [
      -0.014758083161009143,
      0.010521115706782363,
      2.329613997067626
    ]
  },
  {
    "label_id": "GiHYRbxhmvNPKbWHFSSQLQ",
    "size": [
      2.19472926561949,
      4.8705239665823665,
      1.8399999999999999
    ],
    "obj_class": "vehicle",
    "point_num_in_lidar": 45,
    "speed": 2.2520651199988282e-27,
    "if_vehicle": true,
    "motion_state": false,
    "pose": [
      [
        0.9852713980225044,
        -0.17005344474765158,
        -0.017947093587458406,
        -63.78842972119946
      ],
      [
        0.17003571484340457,
        0.985434677162577,
        -0.0025204609063052964,
        -42.585904923409544
      ],
      [
        0.018114301434832634,
        -0.0005683088466884847,
        0.9998357610670778,
        1.808729788136997
      ],
      [
        0.0,
        0.0,
        0.0,
        1.0
      ]
    ],
    "location": [
      -63.78842972119946,
      -42.585904923409544,
      1.808729788136997
    ],
    "rotation": [
      -0.0005684021392460419,
      -0.0181152922158006,
      0.17089422763598697
    ]
  },
  {
    "label_id": "HSYlWnCOg45HraIyv_ltIQ",
    "size": [
      0.47477027299265656,
      0.04903281749638218,
      0.629999999999999
    ],
    "obj_class": "sign",
    "point_num_in_lidar": 26,
    "speed": 0.0017905891260900908,
    "if_vehicle": false,
    "motion_state": false,
    "pose": [
      [
        -0.6974243754477585,
        0.7164336273257047,
        -0.017947093587458406,
        26.100954767994835
      ],
      [
        -0.716515201309903,
        -0.6975669240787217,
        -0.0025204609063052964,
        -22.08468682894454
      ],
      [
        -0.01432504181959325,
        0.011101534501324967,
        0.9998357610670778,
        2.7924992348391555
      ],
      [
        0.0,
        0.0,
        0.0,
        1.0
      ]
    ],
    "location": [
      26.100954767994835,
      -22.08468682894454,
      2.7924992348391555
    ],
    "rotation": [
      0.011102901847883883,
      0.014325531797561176,
      -2.3426934423299572
    ]
  },
  {
    "label_id": "J3L10LSZhOaAERyZECqKyA",
    "size": [
      2.00095248608597,
      4.516471889621558,
      1.4899999999999984
    ],
    "obj_class": "vehicle",
    "point_num_in_lidar": 364,
    "speed": 1.3538759613384068e-27,
    "if_vehicle": true,
    "motion_state": false,
    "pose": [
      [
        -0.9933104720301417,
        0.11407106551189944,
        -0.017947093587458406,
        -21.19598657696656
      ],
      [
        -0.11404413166040776,
        -0.9934724874452456,
        -0.0025204609063052964,
        -22.443894325220754
      ],
      [
        -0.01811745536990825,
        -0.0004568395085658663,
        0.9998357610670778,
        0.8119863880325546
      ],
      [
        0.0,
        0.0,
        0.0,
        1.0
      ]
    ],
    "location": [
      -21.19598657696656,
      -22.443894325220754,
      0.8119863880325546
    ],
    "rotation": [
      -0.0004569145199274602,
      0.018118446668540813,
      -3.027281008266053
    ]
  },
  {
    "label_id": "JVYPAlhJdEp7rPPkcSy-eg",
    "size": [
      1.065683432041175,
      1.1186858250039786,
      1.7899999999999991
    ],
    "obj_class": "pedestrian",
    "point_num_in_lidar": 21,
    "speed": 1.3538735694424227e-27,
    "if_vehicle": false,
    "motion_state": false,
    "pose": [
      [
        -0.6047913971804614,
        0.7961816801008852,
        -0.017947093587458406,
        44.242039507018944
      ],
      [
        -0.7962800387059416,
        -0.6049229266900735,
        -0.0025204609063052964,
        -44.755620056754196
      ],
      [
        -0.01286335317751674,
        0.012766559303417423,
        0.9998357610670778,
        0.7886408550835426
      ],
      [
        0.0,
        0.0,
        0.0,
        1.0
      ]
    ],
    "location": [
      44.242039507018944,
      -44.755620056754196,
      0.7886408550835426
    ],
    "rotation": [
      0.012767962553897765,
      0.012863707944888439,
      -2.220363069148596
    ]
  },
  {
    "label_id": "KX-4SfeSeDvbwnkBCjdU4g",
    "size": [
      0.8422860400556406,
      0.8451582887489959,
      1.7199999999999989
    ],
    "obj_class": "pedestrian",
    "point_num_in_lidar": 92,
    "speed": 1.1347955914614659e-27,
    "if_vehicle": false,
    "motion_state": false,
    "pose": [
      [
        -0.512528440408093,
        0.8584826728621905,
        -0.017947093587458406,
        21.74109081043821
      ],
      [
        -0.8585950442778548,
        -0.5126482197553488,
        -0.0025204609063052964,
        -18.834928855960243
      ],
      [
        -0.01136431759308282,
        0.014117477715964433,
        0.9998357610670778,
        0.6654090060640847
      ],
      [
        0.0,
        0.0,
        0.0,
        1.0
      ]
    ],
    "location": [
      21.74109081043821,
      -18.834928855960243,
      0.6654090060640847
    ],
    "rotation": [
      0.014118858500226174,
      0.011364562219906995,
      -2.1089616855577105
    ]
  },
  {
    "label_id": "LEDQQXEw_Ihy4SUDGjGeJA",
    "size": [
      0.8499373098873002,
      0.9264115891780135,
      1.9299999999999997
    ],
    "obj_class": "pedestrian",
    "point_num_in_lidar": 84,
    "speed": 0.007375779977596706,
    "if_vehicle": false,
    "motion_state": false,
    "pose": [
      [
        -0.48182703183490455,
        0.876082537906634,
        -0.017947093587458406,
        22.424174237045918
      ],
      [
        -0.8761990777427898,
        -0.48194275950521825,
        -0.0025204609063052964,
        -19.691335440731564
      ],
      [
        -0.010857603596128512,
        0.014510800652153598,
        0.9998357610670778,
        0.7767711530488626
      ],
      [
        0.0,
        0.0,
        0.0,
        1.0
      ]
    ],
    "location": [
      22.424174237045918,
      -19.691335440731564,
      0.7767711530488626
    ],
    "rotation": [
      0.0145121654279627,
      0.010857816936838027,
      -2.0735672798902907
    ]
  },
  {
    "label_id": "LwSqmBnMVv6Bxt4JdUirjw",
    "size": [
      1.9169959747088832,
      4.186827698229656,
      1.6000000000000014
    ],
    "obj_class": "vehicle",
    "point_num_in_lidar": 52,
    "speed": 7.0921579277803745e-28,
    "if_vehicle": true,
    "motion_state": false,
    "pose": [
      [
        0.6219831651329637,
        -0.782824912814445,
        -0.017947093587458406,
        16.10748136019197
      ],
      [
        0.7829203843317801,
        0.622116805008993,
        -0.0025204609063052964,
        -60.886474600674774
      ],
      [
        0.013138268111057673,
        -0.012483461157033698,
        0.9998357610670778,
        0.6310538454489638
      ],
      [
        0.0,
        0.0,
        0.0,
        1.0
      ]
    ],
    "location": [
      16.10748136019197,
      -60.886474600674774,
      0.6310538454489638
    ],
    "rotation": [
      -0.012484863044335668,
      -0.013138646115450486,
      0.8994549176055386
    ]
  },
  {
    "label_id": "M8sjiibdjQXMQVuY4NYmfQ",
    "size": [
      0.8508967923391744,
      0.9774615490357054,
      1.6200000000000045
    ],
    "obj_class": "pedestrian",
    "point_num_in_lidar": 76,
    "speed": 1.2160408809144403,
    "if_vehicle": false,
    "motion_state": true,
    "pose": [
      [
        -0.9994641767810591,
        -0.02737263529736889,
        -0.017947093587458406,
        22.788856586498014
      ],
      [
        0.027422182989700148,
        -0.9996207636683521,
        -0.0025204609063052964,
        -15.214500043735825
      ],
      [
        -0.017871295740352986,
        -0.0030112588693178236,
        0.9998357610670778,
        0.6322816635216526
      ],
      [
        0.0,
        0.0,
        0.0,
        1.0
      ]
    ],
    "location": [
      22.788856586498014,
      -15.214500043735825,
      0.6322816635216526
    ],
    "rotation": [
      -0.0030117444103545323,
      0.01787224717573964,
      3.1141626508423905
    ]
  },
  {
    "label_id": "MGDi0Feg3WgL1_2697vcBQ",
    "size": [
      0.8273713641475892,
      0.9264627697768697,
      1.610000000000003
    ],
    "obj_class": "pedestrian",
    "point_num_in_lidar": 110,
    "speed": 1.5380858690288834,
    "if_vehicle": false,
    "motion_state": true,
    "pose": [
      [
        -0.9993994704645548,
        -0.02964119206324685,
        -0.017947093587458406,
        23.72566827843616
      ],
      [
        0.029691095055669095,
        -0.9995559444829565,
        -0.0025204609063052964,
        -14.088112128285502
      ],
      [
        -0.0178644146157243,
        -0.003051816156766342,
        0.9998357610670778,
        0.6372816635216587
      ],
      [
        0.0,
        0.0,
        0.0,
        1.0
      ]
    ],
    "location": [
      23.72566827843616,
      -14.088112128285502,
      0.6372816635216587
    ],
    "rotation": [
      -0.0030523079870666265,
      0.017865364952413074,
      3.111892453390507
    ]
  },
  {
    "label_id": "MMRb3jHqGvp6u3_L3aIsDw",
    "size": [
      2.1871116082214797,
      5.576670239505544,
      2.0900000000000034
    ],
    "obj_class": "vehicle",
    "point_num_in_lidar": 9183,
    "speed": 0.1511238701671286,
    "if_vehicle": true,
    "motion_state": false,
    "pose": [
      [
        0.1380550384160884,
        0.9902619391856355,
        -0.017947093587458406,
        4.640529387214656
      ],
      [
        -0.9904245584699425,
        0.13803202982076102,
        -0.0025204609063052964,
        -8.850046398209088
      ],
      [
        -1.8642747459419553e-05,
        0.018123204569423457,
        0.9998357610670778,
        1.0073860163884127
      ],
      [
        0.0,
        0.0,
        0.0,
        1.0
      ]
    ],
    "location": [
      4.640529387214656,
      -8.850046398209088,
      1.0073860163884127
    ],
    "rotation": [
      0.018124196815302782,
      1.864274746049944e-05,
      -1.432298947672289
    ]
  },
  {
    "label_id": "MhxUH3Qh4-q6ZeQGrgjZog",
    "size": [
      1.809571742719117,
      4.104413323080284,
      1.5700000000000003
    ],
    "obj_class": "vehicle",
    "point_num_in_lidar": 106,
    "speed": 2.127738462803251e-28,
    "if_vehicle": true,
    "motion_state": false,
    "pose": [
      [
        -0.9819274003093118,
        0.18840510171850253,
        -0.017947093587458406,
        -27.310558694841575
      ],
      [
        -0.1883904210405038,
        -0.9820909818020943,
        -0.0025204609063052964,
        -23.575675562626202
      ],
      [
        -0.018100546455231056,
        0.0009061508920850034,
        0.9998357610670778,
        0.9219863880325683
      ],
      [
        0.0,
        0.0,
        0.0,
        1.0
      ]
    ],
    "location": [
      -27.310558694841575,
      -23.575675562626202,
      0.9219863880325683
    ],
    "rotation": [
      0.0009062994936490323,
      0.018101534980661128,
      -2.9520382590595933
    ]
  },
  {
    "label_id": "N1G3ObOTcL37PoStSOPQxg",
    "size": [
      0.8769430839473077,
      0.7703446808274568,
      2.033662047750184
    ],
    "obj_class": "pedestrian",
    "point_num_in_lidar": 28,
    "speed": 2.256459397582168e-27,
    "if_vehicle": false,
    "motion_state": false,
    "pose": [
      [
        -0.8290434068814976,
        0.5588961722342376,
        -0.017947093587458406,
        43.260665626999526
      ],
      [
        -0.5589469137651526,
        -0.8291996109919679,
        -0.0025204609063052964,
        -42.64835102620236
      ],
      [
        -0.01629039897395702,
        0.007941901075089268,
        0.9998357610670778,
        0.6955562025547835
      ],
      [
        0.0,
        0.0,
        0.0,
        1.0
      ]
    ],
    "location": [
      43.260665626999526,
      -42.64835102620236,
      0.6955562025547835
    ],
    "rotation": [
      0.007943038607462065,
      0.01629111957648395,
      -2.548387932633726
    ]
  },
  {
    "label_id": "O9135g1GOeSBKxxZHcQSJw",
    "size": [
      0.8631129191734132,
      0.10705276516763673,
      0.8000000000000007
    ],
    "obj_class": "sign",
    "point_num_in_lidar": 35,
    "speed": 1.1347955056123448e-27,
    "if_vehicle": false,
    "motion_state": false,
    "pose": [
      [
        -0.9998118562910826,
        0.007358930054195674,
        -0.017947093587458406,
        -8.26392693992284
      ],
      [
        -0.0073148510944163825,
        -0.9999700696672308,
        -0.0025204609063052964,
        -30.113868930500757
      ],
      [
        -0.01796510432048893,
        -0.0023887063802723895,
        0.9998357610670778,
        2.706947261151033
      ],
      [
        0.0,
        0.0,
        0.0,
        1.0
      ]
    ],
    "location": [
      -8.26392693992284,
      -30.113868930500757,
      2.706947261151033
    ],
    "rotation": [
      -0.0023890942178258334,
      0.017966070818717324,
      -3.134276556528015
    ]
  },
  {
    "label_id": "OBmaSu1uTjgZW7C-GFlGRg",
    "size": [
      0.8698284263543331,
      1.0188197221530193,
      1.7100000000000044
    ],
    "obj_class": "pedestrian",
    "point_num_in_lidar": 87,
    "speed": 1.5890499834705432,
    "if_vehicle": false,
    "motion_state": true,
    "pose": [
      [
        0.7047927916558222,
        -0.7091861692544177,
        -0.017947093587458406,
        -4.501859800576312
      ],
      [
        0.7092662653744871,
        0.7049361758900925,
        -0.0025204609063052964,
        -43.800676776510954
      ],
      [
        0.014439031536782701,
        -0.010952865364688757,
        0.9998357610670778,
        0.9474750256841453
      ],
      [
        0.0,
        0.0,
        0.0,
        1.0
      ]
    ],
    "location": [
      -4.501859800576312,
      -43.800676776510954,
      0.9474750256841453
    ],
    "rotation": [
      -0.01095422637499954,
      -0.014439533305627908,
      0.7885617220711484
    ]
  },
  {
    "label_id": "OGAaBVDVAhjJMcaKvP7EOw",
    "size": [
      1.8657107994764894,
      4.3588581548173195,
      1.8999999999999986
    ],
    "obj_class": "vehicle",
    "point_num_in_lidar": 878,
    "speed": 5.919022662402909e-28,
    "if_vehicle": true,
    "motion_state": false,
    "pose": [
      [
        -0.9854335338163958,
        0.16911136053468856,
        -0.017947093587458406,
        -14.718374578381145
      ],
      [
        -0.16909347452926402,
        -0.9855967959304864,
        -0.0025204609063052964,
        -21.546047176556385
      ],
      [
        -0.01811483650910337,
        0.0005509897146587123,
        0.9998357610670778,
        0.9295871176626882
      ],
      [
        0.0,
        0.0,
        0.0,
        1.0
      ]
    ],
    "location": [
      -14.718374578381145,
      -21.546047176556385,
      0.9295871176626882
    ],
    "rotation": [
      0.0005510801677008392,
      0.018115827377881945,
      -2.9716546711867178
    ]
  },
  {
    "label_id": "OLbKrwdNgogwuqHpnALO5Q",
    "size": [
      0.8445474455701745,
      0.8392516669915127,
      1.6200000000000045
    ],
    "obj_class": "pedestrian",
    "point_num_in_lidar": 39,
    "speed": 0.008544703232848255,
    "if_vehicle": false,
    "motion_state": false,
    "pose": [
      [
        -0.882298961157372,
        0.47034715367735036,
        -0.017947093587458406,
        19.636383915502165
      ],
      [
        -0.47038150263567435,
        -0.8824595680568176,
        -0.0025204609063052964,
        -19.031903232618788
      ],
      [
        -0.01702307606829956,
        0.00621818081034083,
        0.9998357610670778,
        0.6085066741312843
      ],
      [
        0.0,
        0.0,
        0.0,
        1.0
      ]
    ],
    "location": [
      19.636383915502165,
      -19.031903232618788,
      0.6085066741312843
    ],
    "rotation": [
      0.006219122064252574,
      0.017023898347885588,
      -2.6517923588983496
    ]
  },
  {
    "label_id": "ORS3pRpKL34OZ7-yMZ-IWw",
    "size": [
      0.7368021419306576,
      0.8635867936873822,
      1.4200000000000053
    ],
    "obj_class": "pedestrian",
    "point_num_in_lidar": 23,
    "speed": 1.438587622416518,
    "if_vehicle": false,
    "motion_state": true,
    "pose": [
      [
        -0.39044127367150755,
        0.9204528850764355,
        -0.017947093587458406,
        48.9648440010526
      ],
      [
        -0.9205805666003807,
        -0.39054457834483103,
        -0.0025204609063052964,
        -31.786609658471207
      ],
      [
        -0.009329105610560242,
        0.015537653617075438,
        0.9998357610670778,
        0.5995887079329805
      ],
      [
        0.0,
        0.0,
        0.0,
        1.0
      ]
    ],
    "location": [
      48.9648440010526,
      -31.786609658471207,
      0.5995887079329805
    ],
    "rotation": [
      0.015538955128929909,
      0.009329240937975762,
      -1.971925645600113
    ]
  },
  {
    "label_id": "QFuaLlBdwU53Hc_Ah-IioA",
    "size": [
      0.8822107898274754,
      1.040883245441516,
      1.8200000000000038
    ],
    "obj_class": "pedestrian",
    "point_num_in_lidar": 24,
    "speed": 1.3126456319337734,
    "if_vehicle": false,
    "motion_state": true,
    "pose": [
      [
        0.6748757804595189,
        -0.7377130761894615,
        -0.017947093587458406,
        3.7373775201103854
      ],
      [
        0.7377990307266699,
