[
  {
    "label_id": "-3y3uSWZpzEtolStN25xzw",
    "size": [
      0.9999999999990584,
      1.0,
      1.7399999999999984
    ],
    "obj_class": "pedestrian",
    "point_num_in_lidar": 46,
    "speed": 0.8141017129670363,
    "if_vehicle": false,
    "motion_state": false,
    "pose": [
      [
        -0.8362162424981642,
        0.5481060927830429,
        -0.017947335076758525,
        41.39104679278216
      ],
      [
        -0.5481548359518236,
        -0.836373081685183,
        -0.002518740768669343,
        -38.46372975459417
      ],
      [
        -0.01639120510763382,
        0.007731706573369365,
        0.9998357610670778,
        0.5967049794941168
      ],
      [
        0.0,
        0.0,
        0.0,
        1.0
      ]
    ],
    "location": [
      41.39104679278216,
      -38.46372975459417,
      0.5967049794941168
    ],
    "rotation": [
      0.007732822493493116,
      0.016391939171617617,
      -2.5613480913107436
    ]
  },
  {
    "label_id": "-BQNloss4qTNgCNWyqfQPw",
    "size": [
      0.9503483244350476,
      1.0782520726229397,
      1.7800000000000047
    ],
    "obj_class": "pedestrian",
    "point_num_in_lidar": 25,
    "speed": 0.049404106238344236,
    "if_vehicle": false,
    "motion_state": false,
    "pose": [
      [
        -0.8639753622665365,
        0.5032141358905264,
        -0.017947335076758525,
        40.80361361247219
      ],
      [
        -0.503254534530109,
        -0.8641345551589887,
        -0.002518740768669343,
        -40.754626076788554
      ],
      [
        -0.01677637837228223,
        0.006855947792043421,
        0.9998357610670778,
        0.690793763961473
      ],
      [
        0.0,
        0.0,
        0.0,
        1.0
      ]
    ],
    "location": [
      40.80361361247219,
      -40.754626076788554,
      0.690793763961473
    ],
    "rotation": [
      0.006856966521609905,
      0.016777165415166887,
      -2.6141497971956875
    ]
  },
  {
    "label_id": "-Dzbj8ej64m1E-fNNfo-Ww",
    "size": [
      2.609142809786042,
      6.207139029641827,
      2.6000000000000014
    ],
    "obj_class": "vehicle",
    "point_num_in_lidar": 77,
    "speed": 2.8150757768723073e-28,
    "if_vehicle": true,
    "motion_state": false,
    "pose": [
      [
        0.7266203638346841,
        -0.6868047320923127,
        -0.017947335076758525,
        -8.701875333533962
      ],
      [
        0.6868803342230685,
        0.7267661676237729,
        -0.002518740768669343,
        -86.5593455124872
      ],
      [
        0.014773399011631442,
        -0.010497503182201526,
        0.9998357610670778,
        1.575975205391142
      ],
      [
        0.0,
        0.0,
        0.0,
        1.0
      ]
    ],
    "location": [
      -8.701875333533962,
      -86.5593455124872,
      1.575975205391142
    ],
    "rotation": [
      -0.010498841799802192,
      -0.014773936454977188,
      0.7572909512560817
    ]
  },
  {
    "label_id": "-u6v7A9TrXDu-9EE_fzpuA",
    "size": [
      2.039947509739986,
      4.415591832276201,
      1.7400000000000055
    ],
    "obj_class": "vehicle",
    "point_num_in_lidar": 6395,
    "speed": 0.7385096847087511,
    "if_vehicle": true,
    "motion_state": false,
    "pose": [
      [
        0.33181613569778945,
        0.9431733378622555,
        -0.017947335076758525,
        6.395616539793309
      ],
      [
        -0.9433372871125961,
        0.3318258861029192,
        -0.002518740768669343,
        -16.70633633190664
      ],
      [
        0.003579781227035794,
        0.017766149210894467,
        0.9998357610670778,
        0.8202082645109279
      ],
      [
        0.0,
        0.0,
        0.0,
        1.0
      ]
    ],
    "location": [
      6.395616539793309,
      -16.70633633190664,
      0.8202082645109279
    ],
    "rotation": [
      0.017767197804070933,
      -0.003579788872796696,
      -1.232565937817665
    ]
  },
  {
    "label_id": "0W_ICpRE-uhjmG5ZAXO0qA",
    "size": [
      0.8560961486088469,
      0.7477227720306335,
      1.9060699903247986
    ],
    "obj_class": "pedestrian",
    "point_num_in_lidar": 61,
    "speed": 0.0020684853339529865,
    "if_vehicle": false,
    "motion_state": false,
    "pose": [
      [
        -0.9912271729605245,
        0.13094496839637826,
        -0.017947335076758525,
        21.069521685834843
      ],
      [
        -0.1309208245154274,
        -0.9913896275698778,
        -0.002518740768669343,
        -22.324554988948876
      ],
      [
        -0.018122618267971517,
        -0.0001469643854446543,
        0.9998357610670778,
        0.6533776313034672
      ],
      [
        0.0,
        0.0,
        0.0,
        1.0
      ]
    ],
    "location": [
      21.069521685834843,
      -22.324554988948876,
      0.6533776313034672
    ],
    "rotation": [
      -0.0001469885256248355,
      0.018123610414394822,
      -3.0102732205438607
    ]
  },
  {
    "label_id": "0s0MLJ4EvKMJbQzmaFGapQ",
    "size": [
      1.0271755662515338,
      1.1252974528226218,
      1.6799999999999997
    ],
    "obj_class": "pedestrian",
    "point_num_in_lidar": 56,
    "speed": 1.4365486317486116,
    "if_vehicle": false,
    "motion_state": true,
    "pose": [
      [
        -0.8727584594804545,
        0.487822267397611,
        -0.017947335076758525,
        -8.30107806033584
      ],
      [
        -0.4878598382071824,
        -0.8729183433800679,
        -0.002518740768669343,
        -50.37888102450961
      ],
      [
        -0.01689525583605012,
        0.006557531673703033,
        0.9998357610670778,
        0.9196701869769299
      ],
      [
        0.0,
        0.0,
        0.0,
        1.0
      ]
    ],
    "location": [
      -8.30107806033584,
      -50.37888102450961,
      0.9196701869769299
    ],
    "rotation": [
      0.006558514814764191,
      0.016896059730182992,
      -2.631876521758207
    ]
  },
  {
    "label_id": "1rDkIQm97fn96_z7MlfEFA",
    "size": [
      2.0568301892033523,
      4.3471459235386005,
      1.509999999999998
    ],
    "obj_class": "vehicle",
    "point_num_in_lidar": 41,
    "speed": 2.1762862710953585e-28,
    "if_vehicle": true,
    "motion_state": false,
    "pose": [
      [
        0.9849844912346842,
        -0.17170744069722904,
        -0.017947335076758525,
        -57.41395462616515
      ],
      [
        0.1716900162651577,
        0.9851478032558414,
        -0.002518740768669343,
        -41.357983510170016
      ],
      [
        0.018113264256333157,
        -0.0006004576566650761,
        0.9998357610670778,
        1.46676958305369
      ],
      [
        0.0,
        0.0,
        0.0,
        1.0
      ]
    ],
    "location": [
      -57.41395462616515,
      -41.357983510170016,
      1.46676958305369
    ],
    "rotation": [
      -0.0006005562191890986,
      -0.018114254867105373,
      0.17257349968478453
    ]
  },
  {
    "label_id": "2hG8b9thgwMFUB5DUm0BBA",
    "size": [
      2.0091103438047098,
      4.430774636678162,
      1.4100000000000001
    ],
    "obj_class": "vehicle",
    "point_num_in_lidar": 25,
    "speed": 2.2520606214978458e-27,
    "if_vehicle": true,
    "motion_state": false,
    "pose": [
      [
        0.6857809207283583,
        -0.7275867109345852,
        -0.017947335076758525,
        12.11610172040605
      ],
      [
        0.7276706000342706,
        0.6859221193333138,
        -0.002518740768669343,
        -65.62938108120943
      ],
      [
        0.014143076423808309,
        -0.011332443720906875,
        0.9998357610670778,
        0.4933694238172279
      ],
      [
        0.0,
        0.0,
        0.0,
        1.0
      ]
    ],
    "location": [
      12.11610172040605,
      -65.62938108120943,
      0.4933694238172279
    ],
    "rotation": [
      -0.011333819933098845,
      -0.01414354796486094,
      0.8150259369601837
    ]
  },
  {
    "label_id": "3UOARbDkuMcY1CDZ705q0w",
    "size": [
      0.7092548309712571,
      0.7043774177189961,
      1.867408505954046
    ],
    "obj_class": "pedestrian",
    "point_num_in_lidar": 36,
    "speed": 0.010621318565018465,
    "if_vehicle": false,
    "motion_state": false,
    "pose": [
      [
        -0.8962594094838575,
        0.44316697087586443,
        -0.017947335076758525,
        38.948239299237
      ],
      [
        -0.44319642708059553,
        -0.8964209853455767,
        -0.002518740768669343,
        -40.13380991580925
      ],
      [
        -0.01720459051070785,
        0.005696749667667122,
        0.9998357610670778,
        0.6506919165834688
      ],
      [
        0.0,
        0.0,
        0.0,
        1.0
      ]
    ],
    "location": [
      38.948239299237,
      -40.13380991580925,
      0.6506919165834688
    ],
    "rotation": [
      0.005697623794815596,
      0.017205439377657252,
      -2.682358169778976
    ]
  },
  {
    "label_id": "5Zo39jZeAKvLd3jygUscXQ",
    "size": [
      0.8633204129143021,
      0.9964958227765475,
      1.7600000000000051
    ],
    "obj_class": "pedestrian",
    "point_num_in_lidar": 722,
    "speed": 1.2828000827962582,
    "if_vehicle": false,
    "motion_state": true,
    "pose": [
      [
        -0.0623545843018953,
        -0.9978926790893798,
        -0.017947335076758525,
        -4.3671256612556135
      ],
      [
        0.998053084701539,
        -0.0623193073026562,
        -0.002518740768669343,
        -18.268817119389496
      ],
      [
        0.0013949674836668396,
        -0.018069448169125594,
        0.9998357610670778,
        0.7915943845860767
      ],
      [
        0.0,
        0.0,
        0.0,
        1.0
      ]
    ],
    "location": [
      -4.3671256612556135,
      -18.268817119389496,
      0.7915943845860767
    ],
    "rotation": [
      -0.01807044919156883,
      -0.0013949679360864102,
      1.6331914494949669
    ]
  },
  {
    "label_id": "5plMF05KDpyMprvl5e_ipg",
    "size": [
      0.9221836674008522,
      0.9039507390933251,
      1.860000000000003
    ],
    "obj_class": "pedestrian",
    "point_num_in_lidar": 61,
    "speed": 0.027367397629123554,
    "if_vehicle": false,
    "motion_state": false,
    "pose": [
      [
        -0.6469880884513457,
        0.7622888603185252,
        -0.017947335076758525,
        22.57163773064258
      ],
      [
        -0.762379983721743,
        -0.6471247301451052,
        -0.002518740768669343,
        -23.70720168286607
      ],
      [
        -0.013534172398357903,
        0.012053093748441981,
        0.9998357610670778,
        0.8847018103034188
      ],
      [
        0.0,
        0.0,
        0.0,
        1.0
      ]
    ],
    "location": [
      22.57163773064258,
      -23.70720168286607,
      0.8847018103034188
    ],
    "rotation": [
      0.012054489744729849,
      0.013534585616768449,
      -2.2745017894697592
    ]
  },
  {
    "label_id": "6nFW7Fnejgm08SNoDjHi2w",
    "size": [
      0.7576715269810337,
      0.7637234397275995,
      1.8900000000000041
    ],
    "obj_class": "pedestrian",
    "point_num_in_lidar": 48,
    "speed": 0.0021243309949195138,
    "if_vehicle": false,
    "motion_state": false,
    "pose": [
      [
        -0.6312326868284367,
        0.7753858318559832,
        -0.017947335076758525,
        18.791032674140297
      ],
      [
        -0.7754797359642834,
        -0.6313674326837785,
        -0.002518740768669343,
        -19.943370153088836
      ],
      [
        -0.013284358777072814,
        0.012327883163755752,
        0.9998357610670778,
        0.696575083219038
      ],
      [
        0.0,
        0.0,
        0.0,
        1.0
      ]
    ],
    "location": [
      18.791032674140297,
      -19.943370153088836,
      0.696575083219038
    ],
    "rotation": [
      0.012329283446886698,
      0.013284749532509795,
      -2.2540096840938504
    ]
  },
  {
    "label_id": "ABRBhQePUHY_I0XPW1ez4A",
    "size": [
      2.130694497476405,
      4.5215893642290155,
      1.8999999999999986
    ],
    "obj_class": "vehicle",
    "point_num_in_lidar": 189,
    "speed": 1.8860653357745185,
    "if_vehicle": true,
    "motion_state": true,
    "pose": [
      [
        0.742115963558837,
        0.6700311856882342,
        -0.017947335076758525,
        29.311538559187966
      ],
      [
        -0.6701705541163085,
        0.742202859291434,
        -0.002518740768669343,
        -46.13880518235419
      ],
      [
        0.011632928546958812,
        0.013896973225798298,
        0.9998357610670778,
        0.6550120698047905
      ],
      [
        0.0,
        0.0,
        0.0,
        1.0
      ]
    ],
    "location": [
      29.311538559187966,
      -46.13880518235419,
      0.6550120698047905
    ],
    "rotation": [
      0.013898361065914251,
      -0.011633190933998316,
      -0.7344996600354748
    ]
  },
  {
    "label_id": "BJzgD4pDd9zzx_tJ81Wh9w",
    "size": [
      2.0576826721189785,
      4.348731250934897,
      1.5799999999999983
    ],
    "obj_class": "vehicle",
    "point_num_in_lidar": 658,
    "speed": 2.8477467949307673,
    "if_vehicle": true,
    "motion_state": true,
    "pose": [
      [
        0.6253034431295035,
        0.7801752990027498,
        -0.017947335076758525,
        10.275899932219545
      ],
      [
        -0.7803267790791764,
        0.6253669113383425,
        -0.002518740768669343,
        -22.62622149859999
      ],
      [
        0.009258610171399754,
        0.015579763448501297,
        0.9998357610670778,
        0.606804522157006
      ],
      [
        0.0,
        0.0,
        0.0,
        1.0
      ]
    ],
    "location": [
      10.275899932219545,
      -22.62622149859999,
      0.606804522157006
    ],
    "rotation": [
      0.01558106168133367,
      -0.009258742454053642,
      -0.89524166879188
    ]
  },
  {
    "label_id": "BMprUx_wfiGkn4Jsd9YGfw",
    "size": [
      0.9165089260500543,
      0.14690670426762598,
      1.129999999999999
    ],
    "obj_class": "sign",
    "point_num_in_lidar": 96,
    "speed": 0.013958212031004459,
    "if_vehicle": false,
    "motion_state": false,
    "pose": [
      [
        -0.7035128616271226,
        -0.7104558724430811,
        -0.017947335076758525,
        25.46428276402139
      ],
      [
        0.7105998790846553,
        -0.7035918332313228,
        -0.002518740768669343,
        -24.832080618263717
      ],
      [
        -0.010838144218010421,
        -0.01452534066129987,
        0.9998357610670778,
        3.3772245104993885
      ],
      [
        0.0,
        0.0,
        0.0,
        1.0
      ]
    ],
    "location": [
      25.46428276402139,
      -24.832080618263717,
      3.3772245104993885
    ],
    "rotation": [
      -0.01452670476001107,
      0.010838356413664095,
      2.351182896759424
    ]
  },
  {
    "label_id": "BrpalxtMlwqR7rQyfylZ8g",
    "size": [
      2.33809719463543,
      6.178880489167328,
      2.219999999999999
    ],
    "obj_class": "vehicle",
    "point_num_in_lidar": 1852,
    "speed": 1.1863299367358788,
    "if_vehicle": true,
    "motion_state": true,
    "pose": [
      [
        0.9799093231515433,
        -0.1986343665238384,
        -0.017947335076758525,
        -14.507733157523035
      ],
      [
        0.19862142385407178,
        0.9800730513237886,
        -0.002518740768669343,
        -27.7978069924211
      ],
      [
        0.018090007928831593,
        -0.0010965876855109312,
        0.9998357610670778,
        1.1206506166939825
      ],
      [
        0.0,
        0.0,
        0.0,
        1.0
      ]
    ],
    "location": [
      -14.507733157523035,
      -27.7978069924211,
      1.1206506166939825
    ],
    "rotation": [
      -0.0010967673777200497,
      -0.018090994728475217,
      0.19998428712103822
    ]
  },
  {
    "label_id": "C88vprxSbrDQhEq30YQshA",
    "size": [
      0.8219031737474541,
      0.7469626673616249,
      1.7100000000000009
    ],
    "obj_class": "pedestrian",
    "point_num_in_lidar": 25,
    "speed": 5.630151460658475e-28,
    "if_vehicle": false,
    "motion_state": false,
    "pose": [
      [
        0.7749719084514812,
        0.63174079674714,
        -0.017947335076758525,
        44.30618239147657
      ],
      [
        -0.6318756041252696,
        0.7750657242171569,
        -0.002518740768669343,
        -14.622825412034217
      ],
      [
        0.012319172959037158,
        0.013292436534455665,
        0.9998357610670778,
        0.4392924908671958
      ],
      [
        0.0,
        0.0,
        0.0,
        1.0
      ]
    ],
    "location": [
      44.30618239147657,
      -14.622825412034217,
      0.4392924908671958
    ],
    "rotation": [
      0.013293836850660573,
      -0.01231948457741937,
      -0.6840326185071912
    ]
  },
  {
    "label_id": "DNJU6vLPoCqw-LexqChKbQ",
    "size": [
      2.48300972271947,
      5.749171203661658,
      2.2116833098079987
    ],
    "obj_class": "vehicle",
    "point_num_in_lidar": 400,
    "speed": 0.7583852653758002,
    "if_vehicle": true,
    "motion_state": false,
    "pose": [
      [
        0.7159378698108599,
        -0.6979332774229428,
        -0.017947335076758525,
        6.901157843353985
      ],
      [
        0.6980111200142582,
        0.7160824898581035,
        -0.002518740768669343,
        -59.79465434845588
      ],
      [
        0.014609685387739102,
        -0.010724177557672505,
        0.9998357610670778,
        0.963964519873798
      ],
      [
        0.0,
        0.0,
        0.0,
        1.0
      ]
    ],
    "location": [
      6.901157843353985,
      -59.79465434845588,
      0.963964519873798
    ],
    "rotation": [
      -0.010725527878219506,
      -0.01461020515995131,
      0.7727203444116355
    ]
  },
  {
    "label_id": "ERcztt6ItC06k_ercBFdsg",
    "size": [
      0.9210467867703755,
      1.027108511389792,
      1.9000000000000057
    ],
    "obj_class": "pedestrian",
    "point_num_in_lidar": 265,
    "speed": 0.5385860461266526,
    "if_vehicle": false,
    "motion_state": false,
    "pose": [
      [
        0.7971599097221808,
        0.6035014262579392,
        -0.017947335076758525,
        -1.8700030396817056
      ],
      [
        -0.603632777434187,
        0.7972585063528826,
        -0.002518740768669343,
        -28.835360915176352
      ],
      [
        0.012788601910045234,
        0.012841438883691788,
        0.9998357610670778,
        0.9151132842301308
      ],
      [
        0.0,
        0.0,
        0.0,
        1.0
      ]
    ],
    "location": [
      -1.8700030396817056,
      -28.835360915176352,
      0.9151132842301308
    ],
    "rotation": [
      0.012842842154325448,
      -0.012788950528136025,
      -0.6481117782908699
    ]
  },
  {
    "label_id": "EUjlvkwSB2q67LcxAKGoDA",
    "size": [
      0.9651760985929162,
      1.0981614056106253,
      1.8000000000000007
    ],
    "obj_class": "pedestrian",
    "point_num_in_lidar": 117,
    "speed": 1.2682631418513977,
    "if_vehicle": false,
    "motion_state": true,
    "pose": [
      [
        -0.19095081436273106,
        -0.9814355198676336,
        -0.017947335076758525,
        14.671493544099803
      ],
      [
        0.9815991416105213,
        -0.19093658930238597,
        -0.002518740768669343,
        -8.560852031403556
      ],
      [
        -0.0009548212909125485,
        -0.018098044306488592,
        0.9998357610670778,
        0.8589773103968135
      ],
      [
        0.0,
        0.0,
        0.0,
        1.0
      ]
    ],
    "location": [
      14.671493544099803,
      -8.560852031403556,
      0.8589773103968135
    ],
    "rotation": [
      -0.018099040673188405,
      0.0009548214359951088,
      1.7629271085874179
    ]
  },
  {
    "label_id": "EynIiRmnuBbFsLCDQ1XKbQ",
    "size": [
      0.5413567342716059,
      0.13723403558369326,
      0.5999999999999979
    ],
    "obj_class": "sign",
    "point_num_in_lidar": 40,
    "speed": 0.002646850404539874,
    "if_vehicle": false,
    "motion_state": false,
    "pose": [
      [
        0.6255492105877462,
        -0.7799782550152856,
        -0.017947335076758525,
        2.3011550078272194
      ],
      [
        0.780073141355936,
        0.6256832665814407,
        -0.002518740768669343,
        -43.227530518972344
      ],
      [
        0.01319391026684052,
        -0.012424637752778323,
        0.9998357610670778,
        2.8422133522676987
      ],
      [
        0.0,
        0.0,
        0.0,
        1.0
      ]
    ],
    "location": [
      2.3011550078272194,
      -43.227530518972344,
      2.8422133522676987
    ],
    "rotation": [
      -0.012426039104204863,
      -0.01319429309453751,
      0.8948912437932189
    ]
  },
  {
    "label_id": "GJEO8qd3JaW07GphAWS-nA",
    "size": [
      0.8296061988046523,
      0.1290419424672085,
      0.7899999999999991
    ],
    "obj_class": "sign",
    "point_num_in_lidar": 30,
    "speed": 0.0,
    "if_vehicle": false,
    "motion_state": false,
    "pose": [
      [
        -0.6880258837591869,
        -0.7254641799848094,
        -0.017947335076758525,
        31.035472135704367
      ],
      [
        0.7256098564103292,
        -0.6881017310144786,
        -0.002518740768669343,
        -60.166687087936225
      ],
      [
        -0.0105223361270774,
        -0.014755722071318837,
        0.9998357610670778,
        3.853816873214388
      ],
      [
        0.0,
        0.0,
        0.0,
        1.0
      ]
    ],
    "location": [
      31.035472135704367,
      -60.166687087936225,
      3.853816873214388
    ],
    "rotation": [
      -0.014757074617936482,
      0.010522530308152495,
      2.329614007070516
    ]
  },
  {
    "label_id": "GiHYRbxhmvNPKbWHFSSQLQ",
    "size": [
      2.194729265619491,
      4.8705239665823665,
      1.8399999999999999
    ],
    "obj_class": "vehicle",
    "point_num_in_lidar": 47,
    "speed": 1.8016525255463952e-27,
    "if_vehicle": true,
    "motion_state": false,
    "pose": [
      [
        0.9852713937509037,
        -0.17005344401038788,
        -0.017947335076758525,
        -63.78842972119946
      ],
      [
        0.17003574540767735,
        0.9854346762868637,
        -0.002518740768669343,
        -42.585904923409544
      ],
      [
        0.018114246873859007,
        -0.000570045270213924,
        0.9998357610670778,
        1.80872978813699
      ],
      [
        0.0,
        0.0,
        0.0,
        1.0
      ]
    ],
    "location": [
      -63.78842972119946,
      -42.585904923409544,
      1.80872978813699
    ],
    "rotation": [
      -0.0005701388474438612,
      -0.01811523764587331,
      0.17089425848653833
    ]
  },
  {
    "label_id": "HSYlWnCOg45HraIyv_ltIQ",
    "size": [
      0.47477027299266156,
      0.04903281749638218,
      0.629999999999999
    ],
    "obj_class": "sign",
    "point_num_in_lidar": 28,
    "speed": 0.001790589126170108,
    "if_vehicle": false,
    "motion_state": false,
    "pose": [
      [
        -0.6974243724240785,
        0.7164336242196638,
        -0.017947335076758525,
        26.10079168680295
      ],
      [
        -0.7165152255294591,
        -0.69756690541439,
        -0.002518740768669343,
        -22.084760713409196
      ],
      [
        -0.01432397756729718,
        0.01110290764028825,
        0.9998357610670778,
        2.7924992348391555
      ],
      [
        0.0,
        0.0,
        0.0,
        1.0
      ]
    ],
    "location": [
      26.10079168680295,
      -22.084760713409196,
      2.7924992348391555
    ],
    "rotation": [
      0.01110427504309238,
      0.014324467436060495,
      -2.342693423268224
    ]
  },
  {
    "label_id": "J3L10LSZhOaAERyZECqKyA",
    "size": [
      2.0009524860859695,
      4.516471889621558,
      1.4899999999999984
    ],
    "obj_class": "vehicle",
    "point_num_in_lidar": 365,
    "speed": 1.128229698791084e-27,
    "if_vehicle": true,
    "motion_state": false,
    "pose": [
      [
        -0.9933104677236874,
        0.11407106501734599,
        -0.017947335076758525,
        -21.195986576966334
      ],
      [
        -0.11404416222529917,
        -0.9934724882991324,
        -0.002518740768669343,
        -22.443894325220754
      ],
      [
        -0.018117499079030316,
        -0.0004551027779960137,
        0.9998357610670778,
        0.8119863880325582
      ],
      [
        0.0,
        0.0,
        0.0,
        1.0
      ]
    ],
    "location": [
      -21.195986576966334,
      -22.443894325220754,
      0.8119863880325582
    ],
    "rotation": [
      -0.0004551775044332384,
      0.01811849038483825,
      -3.0272809774043705
    ]
  },
  {
    "label_id": "KX-4SfeSeDvbwnkBCjdU4g",
    "size": [
      0.8422860400556397,
      0.8451582887489959,
      1.7199999999999989
    ],
    "obj_class": "pedestrian",
    "point_num_in_lidar": 81,
    "speed": 9.078361485015499e-28,
    "if_vehicle": false,
    "motion_state": false,
    "pose": [
      [
        -0.5125284381860469,
        0.8584826691402767,
        -0.017947335076758525,
        21.741090810437754
      ],
      [
        -0.8585950635160169,
        -0.512648195989089,
        -0.002518740768669343,
        -18.834928855958424
      ],
      [
        -0.011362964247871645,
        0.014118567027811103,
        0.9998357610670778,
        0.6654090060640883
      ],
      [
        0.0,
        0.0,
        0.0,
        1.0
      ]
    ],
    "location": [
      21.741090810437754,
      -18.834928855958424,
      0.6654090060640883
    ],
    "rotation": [
      0.014119947773825872,
      0.011363208787307044,
      -2.1089616737882477
    ]
  },
  {
    "label_id": "LEDQQXEw_Ihy4SUDGjGeJA",
    "size": [
      0.8499373098872991,
      0.9264115891780135,
      1.9299999999999997
    ],
    "obj_class": "pedestrian",
    "point_num_in_lidar": 81,
    "speed": 0.007375779977595613,
    "if_vehicle": false,
    "motion_state": false,
    "pose": [
      [
        -0.4818270297459639,
        0.8760825341084163,
        -0.017947335076758525,
        22.423474600070676
      ],
      [
        -0.87619909612785,
        -0.48194273507303664,
        -0.002518740768669343,
        -19.69156867595848
      ],
      [
        -0.01085621254954327,
        0.014511841388891462,
        0.9998357610670778,
        0.7770998549407331
      ],
      [
        0.0,
        0.0,
        0.0,
        1.0
      ]
    ],
    "location": [
      22.423474600070676,
      -19.69156867595848,
      0.7770998549407331
    ],
    "rotation": [
      0.01451320611643958,
      0.0108564258082625,
      -2.073567269200284
    ]
  },
  {
    "label_id": "LwSqmBnMVv6Bxt4JdUirjw",
    "size": [
      1.9169959747088845,
      4.186827698229656,
      1.6000000000000014
    ],
    "obj_class": "vehicle",
    "point_num_in_lidar": 54,
    "speed": 5.673724989503172e-28,
    "if_vehicle": true,
    "motion_state": false,
    "pose": [
      [
        0.6219831624363826,
        -0.7828249094205414,
        -0.017947335076758525,
        16.10748136019174
      ],
      [
        0.7829204065553773,
        0.6221167840077159,
        -0.002518740768669343,
        -60.886474600672955
      ],
      [
        0.013137071393549292,
        -0.012484720526226966,
        0.9998357610670778,
        0.6310538454489567
      ],
      [
        0.0,
        0.0,
        0.0,
        1.0
      ]
    ],
    "location": [
      16.10748136019174,
      -60.886474600672955,
      0.6310538454489567
    ],
    "rotation": [
      -0.012486122424058367,
      -0.013137449294652992,
      0.899454933542201
    ]
  },
  {
    "label_id": "M8sjiibdjQXMQVuY4NYmfQ",
    "size": [
      0.8508967923382497,
      0.9774615490357054,
      1.6200000000000045
    ],
    "obj_class": "pedestrian",
    "point_num_in_lidar": 78,
    "speed": 1.2283959481570814,
    "if_vehicle": false,
    "motion_state": true,
    "pose": [
      [
        -0.999531857681386,
        -0.024778188869242716,
        -0.017947335076758525,
        22.896293662601693
      ],
      [
        0.024827299891287357,
        -0.9996885820719612,
        -0.002518740768669343,
        -15.21372668137883
      ],
      [
        -0.017879336120376354,
        -0.0029631455097260152,
        0.9998357610670778,
        0.6322816635216526
      ],
      [
        0.0,
        0.0,
        0.0,
        1.0
      ]
    ],
    "location": [
      22.896293662601693,
      -15.21372668137883,
      0.6322816635216526
    ],
    "rotation": [
      -0.002963623576928545,
      0.01788028884062988,
      3.116758831965533
    ]
  },
  {
    "label_id": "MGDi0Feg3WgL1_2697vcBQ",
    "size": [
      0.827371364148169,
      0.9264627697768697,
      1.610000000000003
    ],
    "obj_class": "pedestrian",
    "point_num_in_lidar": 114,
    "speed": 1.5222673228906487,
    "if_vehicle": false,
    "motion_state": true,
    "pose": [
      [
        -0.9992267897618516,
        -0.034981649273107415,
        -0.017947335076758525,
        23.881278662340264
      ],
      [
        0.035032357818127795,
        -0.9993830045836496,
        -0.002518740768669343,
        -14.089399388869424
      ],
      [
        -0.017848151947100994,
        -0.0031455307168106075,
        0.9998357610670778,
        0.6372816635216516
      ],
      [
        0.0,
        0.0,
        0.0,
        1.0
      ]
    ],
    "location": [
      23.881278662340264,
      -14.089399388869424,
      0.6372816635216516
    ],
    "rotation": [
      -0.0031460370408887568,
      0.01784909969051908,
      3.1065475414854125
    ]
  },
  {
    "label_id": "MMRb3jHqGvp6u3_L3aIsDw",
    "size": [
      2.18711160822148,
      5.576670239505544,
      2.0900000000000034
    ],
    "obj_class": "vehicle",
    "point_num_in_lidar": 9144,
    "speed": 0.13445472565194755,
    "if_vehicle": true,
    "motion_state": false,
    "pose": [
      [
        0.13805503781755632,
        0.9902619348923977,
        -0.017947335076758525,
        4.637432677859124
      ],
      [
        -0.9904245585845488,
        0.13803206039736565,
        -0.002518740768669343,
        -8.828359502716921
      ],
      [
        -1.690546778797717e-05,
        0.01812320627323882,
        0.9998357610670778,
        1.0090525188076143
      ],
      [
        0.0,
        0.0,
        0.0,
        1.0
      ]
    ],
    "location": [
      4.637432677859124,
      -8.828359502716921,
      1.0090525188076143
    ],
    "rotation": [
      0.018124198518838314,
      1.690546778878242e-05,
      -1.4322989482809119
    ]
  },
  {
    "label_id": "MhxUH3Qh4-q6ZeQGrgjZog",
    "size": [
      1.809571742719117,
      4.104413323080284,
      1.5700000000000003
    ],
    "obj_class": "vehicle",
    "point_num_in_lidar": 104,
    "speed": 1.7021903644088893e-28,
    "if_vehicle": true,
    "motion_state": false,
    "pose": [
      [
        -0.9819273960522078,
        0.1884051009016817,
        -0.017947335076758525,
        -27.310558694842257
      ],
      [
        -0.18839045158312553,
        -0.9820909803563244,
        -0.002518740768669343,
        -23.575675562624383
      ],
      [
        -0.018100459508983556,
        0.0009078859955141831,
        0.9998357610670778,
        0.9219863880325576
      ],
      [
        0.0,
        0.0,
        0.0,
        1.0
      ]
    ],
    "location": [
      -27.310558694842257,
      -23.575675562624383,
      0.9219863880325576
    ],
    "rotation": [
      0.0009080348806684168,
      0.018101448020167107,
      -2.9520382282568667
    ]
  },
  {
    "label_id": "N1G3ObOTcL37PoStSOPQxg",
    "size": [
      0.8769430839473095,
      0.7703446808274568,
      2.033662047750184
    ],
    "obj_class": "pedestrian",
    "point_num_in_lidar": 27,
    "speed": 1.805167948451209e-27,
    "if_vehicle": false,
    "motion_state": false,
    "pose": [
      [
        -0.8290434032872117,
        0.5588961698111734,
        -0.017947335076758525,
        43.2606656269993
      ],
      [
        -0.5589469412860575,
        -0.8291995976674741,
        -0.002518740768669343,
        -42.648351026200544
      ],
      [
        -0.01628963759320806,
        0.007943462626534269,
        0.9998357610670778,
        0.6955562025547835
      ],
      [
        0.0,
        0.0,
        0.0,
        1.0
      ]
    ],
    "location": [
      43.2606656269993,
      -42.648351026200544,
      0.6955562025547835
    ],
    "rotation": [
      0.007944600316862062,
      0.016290358094693095,
      -2.548387907802097
    ]
  },
  {
    "label_id": "O9135g1GOeSBKxxZHcQSJw",
    "size": [
      0.8631129191734127,
      0.10705276516763673,
      0.8000000000000007
    ],
    "obj_class": "sign",
    "point_num_in_lidar": 37,
    "speed": 9.078360793019796e-28,
    "if_vehicle": false,
    "motion_state": false,
    "pose": [
      [
        -0.9998118519564415,
        0.007358930022283363,
        -0.017947335076758525,
        -8.263926939923067
      ],
      [
        -0.007314881393399164,
        -0.9999700737797811,
        -0.002518740768669343,
        -30.11386893049894
      ],
      [
        -0.017965333217917587,
        -0.002386984245107406,
        0.9998357610670778,
        2.7069472611510292
      ],
      [
        0.0,
        0.0,
        0.0,
        1.0
      ]
    ],
    "location": [
      -8.263926939923067,
      -30.11386893049894,
      2.7069472611510292
    ],
    "rotation": [
      -0.0023873718095968103,
      0.01796629975309314,
      -3.134276526193235
    ]
  },
  {
    "label_id": "OBmaSu1uTjgZW7C-GFlGRg",
    "size": [
      0.8698284263540096,
      1.0188197221530193,
      1.7100000000000044
    ],
    "obj_class": "pedestrian",
    "point_num_in_lidar": 82,
    "speed": 1.5804549451812038,
    "if_vehicle": false,
    "motion_state": true,
    "pose": [
      [
        0.7010520042350636,
        -0.7128842686731435,
        -0.017947335076758525,
        -4.611767498991867
      ],
      [
        0.7129651454342864,
        0.7011949495973336,
        -0.002518740768669343,
        -43.911390051182025
      ],
      [
        0.014380151385404228,
        -0.011030056099134804,
        0.9998357610670778,
        0.9531884667368118
      ],
      [
        0.0,
        0.0,
        0.0,
        1.0
      ]
    ],
    "location": [
      -4.611767498991867,
      -43.911390051182025,
      0.9531884667368118
    ],
    "rotation": [
      -0.01103142046016155,
      -0.014380647040459667,
      0.7938229971021874
    ]
  },
  {
    "label_id": "OGAaBVDVAhjJMcaKvP7EOw",
    "size": [
      1.8657107994764899,
      4.3588581548173195,
      1.8999999999999986
    ],
    "obj_class": "vehicle",
    "point_num_in_lidar": 881,
    "speed": 4.932519205022653e-28,
    "if_vehicle": true,
    "motion_state": false,
    "pose": [
      [
        -0.985433529544091,
        0.16911135980151493,
        -0.017947335076758525,
        -14.7183745783816
      ],
      [
        -0.16909350509436577,
        -0.9855967950839948,
        -0.002518740768669343,
        -21.546047176554566
      ],
      [
        -0.018114783608328952,
        0.0005527261895557296,
        0.9998357610670778,
        0.9295871176626775
      ],
      [
        0.0,
        0.0,
        0.0,
        1.0
      ]
    ],
    "location": [
      -14.7183745783816,
      -21.546047176554566,
      0.9295871176626775
    ],
    "rotation": [
      0.0005528169273123893,
      0.018115774468425792,
      -2.9716546403342985
    ]
  },
  {
    "label_id": "OLbKrwdNgogwuqHpnALO5Q",
    "size": [
      0.844547445571887,
      0.8392516669915127,
      1.6200000000000045
    ],
    "obj_class": "pedestrian",
    "point_num_in_lidar": 36,
    "speed": 0.008544703232754573,
    "if_vehicle": false,
    "motion_state": false,
    "pose": [
      [
        -0.8822989573304146,
        0.4703471516415354,
        -0.017947335076758525,
        19.6369433616303
      ],
      [
        -0.4703815313881612,
        -0.8824595576420875,
        -0.002518740768669343,
        -19.03125750503932
      ],
      [
        -0.017022479918957688,
        0.006219812603759568,
        0.9998357610670778,
        0.6085066741312879
      ],
      [
        0.0,
        0.0,
        0.0,
        1.0
      ]
    ],
    "location": [
      19.6369433616303,
      -19.03125750503932,
      0.6085066741312879
    ],
    "rotation": [
      0.00622075406257957,
      0.017023302112150362,
      -2.6517923317220555
    ]
  },
  {
    "label_id": "ORS3pRpKL34OZ7-yMZ-IWw",
    "size": [
      0.7368021419298192,
      0.8635867936873822,
      1.4200000000000053
    ],
    "obj_class": "pedestrian",
    "point_num_in_lidar": 24,
    "speed": 1.4278501008858004,
    "if_vehicle": false,
    "motion_state": true,
    "pose": [
      [
        -0.38832671587018014,
        0.9213469785618894,
        -0.017947335076758525,
        49.01886540468831
      ],
      [
        -0.9214749167007887,
        -0.38842970256690573,
        -0.002518740768669343,
        -31.660064963400146
      ],
      [
        -0.009291912222728058,
        0.015559924764031507,
        0.9998357610670778,
        0.5995887079329805
      ],
      [
        0.0,
        0.0,
        0.0,
        1.0
      ]
    ],
    "location": [
      49.01886540468831,
      -31.660064963400146,
      0.5995887079329805
    ],
    "rotation": [
      0.015561224548543584,
      0.00929204593797149,
      -1.969629632539806
    ]
  },
  {
    "label_id": "QFuaLlBdwU53Hc_Ah-IioA",
    "size": [
      0.8822107898258577,
      1.040883245441516,
      1.8200000000000038
    ],
    "obj_class": "pedestrian",
    "point_num_in_lidar": 22,
    "speed": 1.313550333427871,
    "if_vehicle": false,
    "motion_state": true,
    "pose": [
      [
        0.676039594299198,
        -0.7366466996487651,
        -0.017947335076758525,
        3.6447785819718774
      ],
      [
        0.7367324599862007,
        0.6761796642517588,
        -0.002518740768669343,
        -84.83027984216824
      ],
      [
        0.01399104508092746,
        -0.011519615833900867,
        0.9998357610670778,
        1.178997455916626
      ],
      [
        0.0,
        0.0,
        0.0,
        1.0
      ]
    ],
    "location": [
      3.6447785819718774,
      -84.83027984216824,
      1.178997455916626
    ],
    "rotation": [
      -0.011520998346595436,
      -0.013991501577452586,
      0.8283318901092984
    ]
  },
  {
    "label_id": "R-25fKgUYgqBqMlM6mbh8A",
    "size": [
      0.8792966680053099,
      0.8397044615812774,
      1.948185417723952
    ],
    "obj_class": "pedestrian",
    "point_num_in_lidar": 27,
    "speed": 0.003333153681149755,
    "if_vehicle": false,
    "motion_state": false,
    "pose": [
      [
        -0.6845304618940622,
        0.72876329483773,
        -0.017947335076758525,
        42.19405883125387
      ],
      [
        -0.728847426286909,
        -0.6846715162323382,
        -0.002518740768669343,
        -44.9361522604795
      ],
      [
        -0.014123594940751676,
        0.011356714197635587,
        0.9998357610670778,
        0.5996151626966366
      ],
      [
        0.0,
        0.0,
        0.0,
        1.0
      ]
    ],
    "location": [
      42.19405883125387,
      -44.9361522604795,
      0.5996151626966366
    ],
    "rotation": [
      0.011358091271903549,
      0.014124064535787866,
      -2.3248494056292754
    ]
  },
  {
    "label_id": "SRw4fz_BRx13yIxaJKROLQ",
    "size": [
      2.3095292348976217,
      4.680840153599171,
      1.7399999999999984
    ],
    "obj_class": "vehicle",
    "point_num_in_lidar": 39,
    "speed": 1.749341785218276,
    "if_vehicle": true,
    "motion_state": true,
    "pose": [
      [
        0.7238186167647662,
        0.6897568435241384,
        -0.017947335076758525,
        35.1261669693788
      ],
      [
        -0.6898984996115398,
        0.7239017310234078,
        -0.002518740768669343,
        -51.30693100519966
