[
  {
    "label_id": "-Dzbj8ej64m1E-fNNfo-Ww",
    "size": [
      2.6091428097860407,
      6.207139029641827,
      2.6000000000000014
    ],
    "obj_class": "vehicle",
    "point_num_in_lidar": 43,
    "speed": 1.4210854715202004e-12,
    "if_vehicle": true,
    "motion_state": false,
    "pose": [
      [
        0.726664437540765,
        -0.6868463907512298,
        -0.01417147577256666,
        -8.701875333534645
      ],
      [
        0.6867228419686151,
        0.7268025632771502,
        -0.01302967122809924,
        -86.55934551248356
      ],
      [
        0.01924924757261659,
        -0.0002636774031185258,
        0.9998146812995472,
        1.575975205391181
      ],
      [
        0.0,
        0.0,
        0.0,
        1.0
      ]
    ],
    "location": [
      -8.701875333534645,
      -86.55934551248356,
      1.575975205391181
    ],
    "rotation": [
      -0.0002637262704151774,
      -0.019250436519487966,
      0.7571461981996132
    ]
  },
  {
    "label_id": "-u6v7A9TrXDu-9EE_fzpuA",
    "size": [
      2.039947509739586,
      4.415591832276201,
      1.7400000000000055
    ],
    "obj_class": "vehicle",
    "point_num_in_lidar": 5489,
    "speed": 0.037142215356932164,
    "if_vehicle": true,
    "motion_state": false,
    "pose": [
      [
        0.3201190917656838,
        0.9472713108510893,
        -0.01417147577256666,
        6.273077275827745
      ],
      [
        -0.9473451296572408,
        0.31994910998843734,
        -0.01302967122809924,
        -16.421590167745308
      ],
      [
        -0.007808482683544888,
        0.0175963250727412,
        0.9998146812995472,
        0.8229354532866147
      ],
      [
        0.0,
        0.0,
        0.0,
        1.0
      ]
    ],
    "location": [
      6.273077275827745,
      -16.421590167745308,
      0.8229354532866147
    ],
    "rotation": [
      0.01759776981227694,
      0.007808562036046111,
      -1.2449308335882396
    ]
  },
  {
    "label_id": "0W_ICpRE-uhjmG5ZAXO0qA",
    "size": [
      0.8560961486108468,
      0.7477227720306335,
      1.9060699903247986
    ],
    "obj_class": "pedestrian",
    "point_num_in_lidar": 132,
    "speed": 0.002068485317170939,
    "if_vehicle": false,
    "motion_state": false,
    "pose": [
      [
        -0.9922285800689007,
        0.12361882611026745,
        -0.01417147577256666,
        21.08646748047022
      ],
      [
        -0.12343749259125437,
        -0.9922668053958428,
        -0.01302967122809924,
        -22.31914328489256
      ],
      [
        -0.01567259765440966,
        -0.011179120745738182,
        0.9998146812995472,
        0.66347719829513
      ],
      [
        0.0,
        0.0,
        0.0,
        1.0
      ]
    ],
    "location": [
      21.08646748047022,
      -22.31914328489256,
      0.66347719829513
    ],
    "rotation": [
      -0.011180726910690452,
      0.015673239336195244,
      -3.0178242466483054
    ]
  },
  {
    "label_id": "0s0MLJ4EvKMJbQzmaFGapQ",
    "size": [
      1.0271755662494237,
      1.1252974528226218,
      1.6799999999999997
    ],
    "obj_class": "pedestrian",
    "point_num_in_lidar": 79,
    "speed": 0.25065596589986094,
    "if_vehicle": false,
    "motion_state": false,
    "pose": [
      [
        -0.9323118040069758,
        0.3613777378086339,
        -0.01417147577256666,
        0.7066390741301802
      ],
      [
        -0.3612111589879636,
        -0.9323930106399659,
        -0.01302967122809924,
        -46.67741461769219
      ],
      [
        -0.017922018073595513,
        -0.007028821099908342,
        0.9998146812995472,
        0.8795608747324941
      ],
      [
        0.0,
        0.0,
        0.0,
        1.0
      ]
    ],
    "location": [
      0.7066390741301802,
      -46.67741461769219,
      0.8795608747324941
    ],
    "rotation": [
      -0.007030008101003866,
      0.017922977633875792,
      -2.7719640079118735
    ]
  },
  {
    "label_id": "2hG8b9thgwMFUB5DUm0BBA",
    "size": [
      2.0091103438047084,
      4.430774636678162,
      1.4100000000000001
    ],
    "obj_class": "vehicle",
    "point_num_in_lidar": 34,
    "speed": 1.4228607195221901e-12,
    "if_vehicle": true,
    "motion_state": false,
    "pose": [
      [
        0.6858225172872222,
        -0.7276308432551807,
        -0.01417147577256666,
        12.116101720405595
      ],
      [
        0.7275154702110597,
        0.6859675417038829,
        -0.01302967122809924,
        -65.62938108120579
      ],
      [
        0.019201963061063303,
        -0.001373925939183561,
        0.9998146812995472,
        0.4933694238172954
      ],
      [
        0.0,
        0.0,
        0.0,
        1.0
      ]
    ],
    "location": [
      12.116101720405595,
      -65.62938108120579,
      0.4933694238172954
    ],
    "rotation": [
      -0.0013741797355594175,
      -0.019203143266764203,
      0.8148892444219362
    ]
  },
  {
    "label_id": "3UOARbDkuMcY1CDZ705q0w",
    "size": [
      0.709254830969058,
      0.7043774177189961,
      1.867408505954046
    ],
    "obj_class": "pedestrian",
    "point_num_in_lidar": 40,
    "speed": 0.8954404225118959,
    "if_vehicle": false,
    "motion_state": false,
    "pose": [
      [
        -0.8280076061024456,
        0.5605377538675917,
        -0.01417147577256666,
        39.44765689879432
      ],
      [
        -0.5603935286471197,
        -0.8281239766593631,
        -0.01302967122809924,
        -39.78679373346131
      ],
      [
        -0.019039361515741655,
        -0.0028470635675545675,
        0.9998146812995472,
        0.6922654506899981
      ],
      [
        0.0,
        0.0,
        0.0,
        1.0
      ]
    ],
    "location": [
      39.44765689879432,
      -39.78679373346131,
      0.6922654506899981
    ],
    "rotation": [
      -0.002847583582680648,
      0.019040511989570224,
      -2.5466091090760345
    ]
  },
  {
    "label_id": "5plMF05KDpyMprvl5e_ipg",
    "size": [
      0.9221836673995704,
      0.9039507390933251,
      1.860000000000003
    ],
    "obj_class": "pedestrian",
    "point_num_in_lidar": 108,
    "speed": 0.01567582869846467,
    "if_vehicle": false,
    "motion_state": false,
    "pose": [
      [
        -0.7806512303949585,
        0.6248062305685377,
        -0.01417147577256666,
        22.525229215416402
      ],
      [
        -0.6246717485781837,
        -0.7807787357478185,
        -0.01302967122809924,
        -23.639502184018056
      ],
      [
        -0.019205806702961452,
        -0.0013191083250748811,
        0.9998146812995472,
        0.8847018103034721
      ],
      [
        0.0,
        0.0,
        0.0,
        1.0
      ]
    ],
    "location": [
      22.525229215416402,
      -23.639502184018056,
      0.8847018103034721
    ],
    "rotation": [
      -0.001319352060297885,
      0.019206987617605246,
      -2.466733962537428
    ]
  },
  {
    "label_id": "6nFW7Fnejgm08SNoDjHi2w",
    "size": [
      0.7576715269810359,
      0.7637234397275995,
      1.8900000000000041
    ],
    "obj_class": "pedestrian",
    "point_num_in_lidar": 156,
    "speed": 0.0021243309752444306,
    "if_vehicle": false,
    "motion_state": false,
    "pose": [
      [
        -0.6312709747230428,
        0.7754328634682998,
        -0.01417147577256666,
        18.806131026866296
      ],
      [
        -0.7753283070269631,
        -0.6314239811651049,
        -0.01302967122809924,
        -19.933084047901502
      ],
      [
        -0.019051844921754386,
        0.002762293062334736,
        0.9998146812995472,
        0.7514687077523377
      ],
      [
        0.0,
        0.0,
        0.0,
        1.0
      ]
    ],
    "location": [
      18.806131026866296,
      -19.933084047901502,
      0.7514687077523377
    ],
    "rotation": [
      0.002762798032229021,
      0.01905299766028332,
      -2.2541349962757304
    ]
  },
  {
    "label_id": "7qaAcL3WFHPDh_NixTan-A",
    "size": [
      2.045007749545783,
      4.144237317604301,
      1.6999999999999993
    ],
    "obj_class": "vehicle",
    "point_num_in_lidar": 52,
    "speed": 1.5888265809236422,
    "if_vehicle": true,
    "motion_state": true,
    "pose": [
      [
        0.7087514699341138,
        0.7053159030822009,
        -0.01417147577256666,
        36.58930190614274
      ],
      [
        -0.7054577431711847,
        0.7086322038035714,
        -0.01302967122809924,
        -52.927857414973914
      ],
      [
        0.0008523297787518451,
        0.019232175951593565,
        0.9998146812995472,
        0.6739183778547115
      ],
      [
        0.0,
        0.0,
        0.0,
        1.0
      ]
    ],
    "location": [
      36.58930190614274,
      -52.927857414973914,
      0.6739183778547115
    ],
    "rotation": [
      0.019233368724645004,
      -0.000852329881949987,
      -0.7830691439164675
    ]
  },
  {
    "label_id": "98eaCxEDxm2x1CEezRDTiQ",
    "size": [
      0.25460442254880894,
      0.04920328620637804,
      0.41999999999999815
    ],
    "obj_class": "sign",
    "point_num_in_lidar": 23,
    "speed": 0.0006694160674670572,
    "if_vehicle": false,
    "motion_state": false,
    "pose": [
      [
        -0.13924732210250024,
        -0.9901562263409295,
        -0.01417147577256666,
        11.748494289805876
      ],
      [
        0.990197305891314,
        -0.13906661379810414,
        -0.01302967122809924,
        -6.167868973352597
      ],
      [
        0.010930630945465012,
        -0.01584690395688835,
        0.9998146812995472,
        2.511933711536191
      ],
      [
        0.0,
        0.0,
        0.0,
        1.0
      ]
    ],
    "location": [
      11.748494289805876,
      -6.167868973352597,
      2.511933711536191
    ],
    "rotation": [
      -0.0158485141765669,
      -0.010930848620084841,
      1.7105060190467694
    ]
  },
  {
    "label_id": "ABRBhQePUHY_I0XPW1ez4A",
    "size": [
      2.130694497474564,
      4.5215893642290155,
      1.8999999999999986
    ],
    "obj_class": "vehicle",
    "point_num_in_lidar": 352,
    "speed": 4.168463948707566,
    "if_vehicle": true,
    "motion_state": true,
    "pose": [
      [
        0.7227306207090158,
        0.6909845288890253,
        -0.01417147577256666,
        17.80142544329715
      ],
      [
        -0.6911287283887941,
        0.7226142182820484,
        -0.01302967122809924,
        -35.30797499153232
      ],
      [
        0.0012372086521692028,
        0.01921125640440517,
        0.9998146812995472,
        0.7411598565240034
      ],
      [
        0.0,
        0.0,
        0.0,
        1.0
      ]
    ],
    "location": [
      17.80142544329715,
      -35.30797499153232,
      0.7411598565240034
    ],
    "rotation": [
      0.019212453030633438,
      -0.001237208967798926,
      -0.763050373814353
    ]
  },
  {
    "label_id": "BJzgD4pDd9zzx_tJ81Wh9w",
    "size": [
      2.0576826721181756,
      4.348731250934897,
      1.5799999999999983
    ],
    "obj_class": "vehicle",
    "point_num_in_lidar": 303,
    "speed": 1.7053025658242404e-12,
    "if_vehicle": true,
    "motion_state": false,
    "pose": [
      [
        0.5866298440510244,
        0.8097311870880967,
        -0.01417147577256666,
        9.236298429362478
      ],
      [
        -0.8098520929474169,
        0.5864893990656402,
        -0.01302967122809924,
        -21.358248356102195
      ],
      [
        -0.002239110841170516,
        0.0191203933151427,
        0.9998146812995472,
        0.676160584213914
      ],
      [
        0.0,
        0.0,
        0.0,
        1.0
      ]
    ],
    "location": [
      9.236298429362478,
      -21.358248356102195,
      0.676160584213914
    ],
    "rotation": [
      0.019121606482611842,
      0.0022391127121822343,
      -0.9439034036614382
    ]
  },
  {
    "label_id": "BMprUx_wfiGkn4Jsd9YGfw",
    "size": [
      0.916508926050056,
      0.14690670426762598,
      1.129999999999999
    ],
    "obj_class": "sign",
    "point_num_in_lidar": 79,
    "speed": 8.881784197001252e-13,
    "if_vehicle": false,
    "motion_state": false,
    "pose": [
      [
        -0.7035555337302467,
        -0.7104989656797364,
        -0.01417147577256666,
        25.458941641197498
      ],
      [
        0.7106399265640401,
        -0.7034352297409786,
        -0.01302967122809924,
        -24.83657221876092
      ],
      [
        -0.0007111473851326079,
        -0.019237913797535845,
        0.9998146812995472,
        3.3772245104994134
      ],
      [
        0.0,
        0.0,
        0.0,
        1.0
      ]
    ],
    "location": [
      25.458941641197498,
      -24.83657221876092,
      3.3772245104994134
    ],
    "rotation": [
      -0.019239105510791586,
      0.0007111474450741209,
      2.351185045760685
    ]
  },
  {
    "label_id": "BrpalxtMlwqR7rQyfylZ8g",
    "size": [
      2.3380971946354276,
      6.178880489167328,
      2.219999999999999
    ],
    "obj_class": "vehicle",
    "point_num_in_lidar": 941,
    "speed": 1.0885459822242172,
    "if_vehicle": true,
    "motion_state": true,
    "pose": [
      [
        0.9799687602904473,
        -0.19864641484112275,
        -0.01417147577256666,
        -20.11537440350162
      ],
      [
        0.19846850961213466,
        0.980020652006898,
        -0.01302967122809924,
        -28.88541076067122
      ],
      [
        0.01647663640255118,
        0.009956079084806745,
        0.9998146812995472,
        1.234317210992458
      ],
      [
        0.0,
        0.0,
        0.0,
        1.0
      ]
    ],
    "location": [
      -20.11537440350162,
      -28.88541076067122,
      1.234317210992458
    ],
    "rotation": [
      0.009957595350551492,
      -0.01647738200527342,
      0.199822591133843
    ]
  },
  {
    "label_id": "ERcztt6ItC06k_ercBFdsg",
    "size": [
      0.9210467867705011,
      1.027108511389792,
      1.9000000000000057
    ],
    "obj_class": "pedestrian",
    "point_num_in_lidar": 306,
    "speed": 1.1504830139154463,
    "if_vehicle": false,
    "motion_state": true,
    "pose": [
      [
        0.5304642812127763,
        0.8475888246265638,
        -0.01417147577256666,
        -6.289279909178276
      ],
      [
        -0.8476999448165946,
        0.5303159730063107,
        -0.01302967122809924,
        -24.061381107858324
      ],
      [
        -0.003528443758231145,
        0.018924934412826923,
        0.9998146812995472,
        0.9151132842301699
      ],
      [
        0.0,
        0.0,
        0.0,
        1.0
      ]
    ],
    "location": [
      -6.289279909178276,
      -24.061381107858324,
      0.9151132842301699
    ],
    "rotation": [
      0.0189261820948405,
      0.0035284510797431844,
      -1.0116442693722185
    ]
  },
  {
    "label_id": "EUjlvkwSB2q67LcxAKGoDA",
    "size": [
      0.9651760985942647,
      1.0981614056106253,
      1.8000000000000007
    ],
    "obj_class": "pedestrian",
    "point_num_in_lidar": 88,
    "speed": 1.1256657977040276,
    "if_vehicle": false,
    "motion_state": true,
    "pose": [
      [
        -0.9497970520027622,
        -0.3125455635284073,
        -0.01417147577256666,
        20.90435922487518
      ],
      [
        0.31272582765796175,
        -0.9497540652102154,
        -0.01302967122809924,
        -15.408900125014043
      ],
      [
        -0.009387050788447112,
        -0.01680732981112453,
        0.9998146812995472,
        0.7353829866799337
      ],
      [
        0.0,
        0.0,
        0.0,
        1.0
      ]
    ],
    "location": [
      20.90435922487518,
      -15.408900125014043,
      0.7353829866799337
    ],
    "rotation": [
      -0.016808861875540662,
      0.009387188653272115,
      2.8235166997188035
    ]
  },
  {
    "label_id": "EynIiRmnuBbFsLCDQ1XKbQ",
    "size": [
      0.5413567342716117,
      0.13723403558369326,
      0.5999999999999979
    ],
    "obj_class": "sign",
    "point_num_in_lidar": 21,
    "speed": 0.009883298876007593,
    "if_vehicle": false,
    "motion_state": false,
    "pose": [
      [
        0.6255871537468408,
        -0.7800255651844714,
        -0.01417147577256666,
        2.322268453428933
      ],
      [
        0.7799221297260353,
        0.6257409202148225,
        -0.01302967122809924,
        -43.25249207797788
      ],
      [
        0.019031148954593884,
        -0.002901452628057392,
        0.9998146812995472,
        2.8275653888276864
      ],
      [
        0.0,
        0.0,
        0.0,
        1.0
      ]
    ],
    "location": [
      2.322268453428933,
      -43.25249207797788,
      2.8275653888276864
    ],
    "rotation": [
      -0.0029019822747745287,
      -0.0190322979401444,
      0.8947671468728204
    ]
  },
  {
    "label_id": "JVYPAlhJdEp7rPPkcSy-eg",
    "size": [
      1.0656834320419153,
      1.1186858250039786,
      1.7899999999999991
    ],
    "obj_class": "pedestrian",
    "point_num_in_lidar": 27,
    "speed": 1.4185629391524246,
    "if_vehicle": false,
    "motion_state": true,
    "pose": [
      [
        -0.5467867672618846,
        0.8371519577840842,
        -0.01417147577256666,
        46.95622691051676
      ],
      [
        -0.8370639620378245,
        -0.5469498616191681,
        -0.01302967122809924,
        -38.93547500296336
      ],
      [
        -0.01865890149063096,
        0.004737979848810114,
        0.9998146812995472,
        0.6136384552557814
      ],
      [
        0.0,
        0.0,
        0.0,
        1.0
      ]
    ],
    "location": [
      46.95622691051676,
      -38.93547500296336,
      0.6136384552557814
    ],
    "rotation": [
      0.004738822575145871,
      0.018659984357371005,
      -2.149431709261687
    ]
  },
  {
    "label_id": "KX-4SfeSeDvbwnkBCjdU4g",
    "size": [
      0.8422860400556422,
      0.8451582887489959,
      1.7199999999999989
    ],
    "obj_class": "pedestrian",
    "point_num_in_lidar": 139,
    "speed": 0.0,
    "if_vehicle": false,
    "motion_state": false,
    "pose": [
      [
        -0.5125595259849449,
        0.8585347410539169,
        -0.01417147577256666,
        21.74109081043798
      ],
      [
        -0.8584533983828816,
        -0.512726038418734,
        -0.01302967122809924,
        -18.834928855958424
      ],
      [
        -0.018452510045249025,
        0.0054870694286463,
        0.9998146812995472,
        0.6654090060641202
      ],
      [
        0.0,
        0.0,
        0.0,
        1.0
      ]
    ],
    "location": [
      21.74109081043798,
      -18.834928855958424,
      0.6654090060641202
    ],
    "rotation": [
      0.005488031375966046,
      0.018453557370689568,
      -2.109060996350604
    ]
  },
  {
    "label_id": "L6FARVJJcyZSmCMc6NE_Mw",
    "size": [
      2.0517996521708812,
      4.481819076765856,
      1.8000000000000043
    ],
    "obj_class": "vehicle",
    "point_num_in_lidar": 3834,
    "speed": 6.210469666518599,
    "if_vehicle": true,
    "motion_state": true,
    "pose": [
      [
        0.2771154628388883,
        0.9607321112204047,
        -0.01417147577256666,
        8.97827545924406
      ],
      [
        -0.9607981966718385,
        0.2769423278226545,
        -0.01302967122809924,
        -11.169923389159521
      ],
      [
        -0.008593342058342586,
        0.017226651739473964,
        0.9998146812995472,
        0.8089861755935388
      ],
      [
        0.0,
        0.0,
        0.0,
        1.0
      ]
    ],
    "location": [
      8.97827545924406,
      -11.169923389159521,
      0.8089861755935388
    ],
    "rotation": [
      0.017228140061608634,
      0.008593447825170521,
      -1.2899949832999298
    ]
  },
  {
    "label_id": "LEDQQXEw_Ihy4SUDGjGeJA",
    "size": [
      0.8499373098873005,
      0.9264115891780135,
      1.9299999999999997
    ],
    "obj_class": "pedestrian",
    "point_num_in_lidar": 85,
    "speed": 0.0660354108088094,
    "if_vehicle": false,
    "motion_state": false,
    "pose": [
      [
        -0.4818562553277766,
        0.8761356735551407,
        -0.01417147577256666,
        22.345686481229905
      ],
      [
        -0.8760602744526625,
        -0.4820255420552037,
        -0.01302967122809924,
        -19.74285233390765
      ],
      [
        -0.018246773068626397,
        0.006136638368590034,
        0.9998146812995472,
        0.805371565952818
      ],
      [
        0.0,
        0.0,
        0.0,
        1.0
      ]
    ],
    "location": [
      22.345686481229905,
      -19.74285233390765,
      0.805371565952818
    ],
    "rotation": [
      0.006137698740275427,
      0.018247785748172842,
      -2.073659785518013
    ]
  },
  {
    "label_id": "MMRb3jHqGvp6u3_L3aIsDw",
    "size": [
      2.1871116082214797,
      5.576670239505544,
      2.0900000000000034
    ],
    "obj_class": "vehicle",
    "point_num_in_lidar": 10531,
    "speed": 0.3233024791015804,
    "if_vehicle": true,
    "motion_state": false,
    "pose": [
      [
        0.1380634116499768,
        0.9903219999767735,
        -0.01417147577256666,
        4.579562296940367
      ],
      [
        -0.9903628634465726,
        0.13788265436084723,
        -0.01302967122809924,
        -8.697931025559228
      ],
      [
        -0.010949569373919135,
        0.015833824187811773,
        0.9998146812995472,
        1.010720861094029
      ],
      [
        0.0,
        0.0,
        0.0,
        1.0
      ]
    ],
    "location": [
      4.579562296940367,
      -8.697931025559228,
      1.010720861094029
    ],
    "rotation": [
      0.01583543526605483,
      0.01094978818197139,
      -1.4322821362991731
    ]
  },
  {
    "label_id": "O59JY3j7LGqToSBNDEeqYg",
    "size": [
      2.1727495916739272,
      4.601014708920024,
      1.5799999999999983
    ],
    "obj_class": "vehicle",
    "point_num_in_lidar": 364,
    "speed": 5.801018163916836,
    "if_vehicle": true,
    "motion_state": true,
    "pose": [
      [
        -0.6720983031377131,
        0.740326306566121,
        -0.01417147577256666,
        6.350910349721289
      ],
      [
        -0.7402136651745611,
        -0.6722454593052528,
        -0.01302967122809924,
        -50.6999822503476
      ],
      [
        -0.019172918615831903,
        0.0017327000996962788,
        0.9998146812995472,
        0.6243135782308578
      ],
      [
        0.0,
        0.0,
        0.0,
        1.0
      ]
    ],
    "location": [
      6.350910349721289,
      -50.6999822503476,
      0.6243135782308578
    ],
    "rotation": [
      0.0017330195259835411,
      0.019174093473584293,
      -2.3080021483348756
    ]
  },
  {
    "label_id": "OGAaBVDVAhjJMcaKvP7EOw",
    "size": [
      1.8657107994764883,
      4.3588581548173195,
      1.8999999999999986
    ],
    "obj_class": "vehicle",
    "point_num_in_lidar": 803,
    "speed": 1.4210854715202004e-12,
    "if_vehicle": true,
    "motion_state": false,
    "pose": [
      [
        -0.9854933017578996,
        0.16912161737856293,
        -0.01417147577256666,
        -14.7183745783816
      ],
      [
        -0.16894223375850903,
        -0.9855398263491805,
        -0.01302967122809924,
        -21.546047176552747
      ],
      [
        -0.016170152844014036,
        -0.010446492946727424,
        0.9998146812995472,
        0.9295871176627202
      ],
      [
        0.0,
        0.0,
        0.0,
        1.0
      ]
    ],
    "location": [
      -14.7183745783816,
      -21.546047176552747,
      0.9295871176627202
    ],
    "rotation": [
      -0.010448049043755427,
      0.01617085760560938,
      -2.9718138622147534
    ]
  },
  {
    "label_id": "OLbKrwdNgogwuqHpnALO5Q",
    "size": [
      0.8445474455721982,
      0.8392516669915127,
      1.6200000000000045
    ],
    "obj_class": "pedestrian",
    "point_num_in_lidar": 82,
    "speed": 0.03492335131624663,
    "if_vehicle": false,
    "motion_state": false,
    "pose": [
      [
        -0.8918636015026041,
        0.4520823880546904,
        -0.01417147577256666,
        19.67177911081967
      ],
      [
        -0.4519246867769665,
        -0.8919609325240812,
        -0.01302967122809924,
        -19.015490227073315
      ],
      [
        -0.018530887629707577,
        -0.005216249758202893,
        0.9998146812995472,
        0.6214408156313382
      ],
      [
        0.0,
        0.0,
        0.0,
        1.0
      ]
    ],
    "location": [
      19.67177911081967,
      -19.015490227073315,
      0.6214408156313382
    ],
    "rotation": [
      -0.005217169270363963,
      0.018531948358936078,
      -2.67258389812668
    ]
  },
  {
    "label_id": "R-25fKgUYgqBqMlM6mbh8A",
    "size": [
      0.8792966680053111,
      0.8397044615812774,
      1.948185417723952
    ],
    "obj_class": "pedestrian",
    "point_num_in_lidar": 28,
    "speed": 0.00333315368248011,
    "if_vehicle": false,
    "motion_state": false,
    "pose": [
      [
        -0.6845719826054065,
        0.7288074985249058,
        -0.01417147577256666,
        42.214049110016504
      ],
      [
        -0.7286923746939571,
        -0.6847172049324958,
        -0.01302967122809924,
        -44.91560779378051
      ],
      [
        -0.01919957537511337,
        0.0014068984683129583,
        0.9998146812995472,
        0.5996151626966721
      ],
      [
        0.0,
        0.0,
        0.0,
        1.0
      ]
    ],
    "location": [
      42.214049110016504,
      -44.91560779378051,
      0.5996151626966721
    ],
    "rotation": [
      0.001407158312465319,
      0.019200755140558995,
      -2.3249858441876756
    ]
  },
  {
    "label_id": "Rqi1rKFoDmNStEQoR06fGg",
    "size": [
      2.1162528393092703,
      4.457104393150359,
      1.4400000000000048
    ],
    "obj_class": "vehicle",
    "point_num_in_lidar": 132,
    "speed": 5.6019869446566215,
    "if_vehicle": true,
    "motion_state": true,
    "pose": [
      [
        0.6863529927618882,
        0.7271304825141268,
        -0.01417147577256666,
        21.63612535798802
      ],
      [
        -0.7272685243571889,
        0.6862293502517975,
        -0.01302967122809924,
        -29.520040391396833
      ],
      [
        0.0002506114844292741,
        0.01924942211518759,
        0.9998146812995472,
        0.47751555644354227
      ],
      [
        0.0,
        0.0,
        0.0,
        1.0
      ]
    ],
    "location": [
      21.63612535798802,
      -29.520040391396833,
      0.47751555644354227
    ],
    "rotation": [
      0.01925061169900796,
      -0.0002506114870525965,
      -0.8143338518340925
    ]
  },
  {
    "label_id": "SOtGkWh8Fy13EnHmupjr4Q",
    "size": [
      0.626486918071318,
      0.6067873214470296,
      1.629999999999999
    ],
    "obj_class": "pedestrian",
    "point_num_in_lidar": 27,
    "speed": 0.0006197496726018338,
    "if_vehicle": false,
    "motion_state": false,
    "pose": [
      [
        -0.9989084897243079,
        0.04450840854411342,
        -0.01417147577256666,
        20.847125987497748
      ],
      [
        -0.04432461392493691,
        -0.9989322080442159,
        -0.01302967122809924,
        -21.64345107704503
      ],
      [
        -0.014736273514950845,
        -0.012387304015699267,
        0.9998146812995472,
        0.4893393975205669
      ],
      [
        0.0,
        0.0,
        0.0,
        1.0
      ]
    ],
    "location": [
      20.847125987497748,
      -21.64345107704503,
      0.4893393975205669
    ],
    "rotation": [
      -0.01238896615508217,
      0.014736806916427782,
      -3.097248694697708
    ]
  },
  {
    "label_id": "SRw4fz_BRx13yIxaJKROLQ",
    "size": [
      2.309529234898953,
      4.680840153599171,
      1.7399999999999984
    ],
    "obj_class": "vehicle",
    "point_num_in_lidar": 101,
    "speed": 3.9272135832222306,
    "if_vehicle": true,
    "motion_state": true,
    "pose": [
      [
        0.7807322584605031,
        0.624704978268614,
        -0.01417147577256666,
        22.91993968792667
      ],
      [
        -0.6248588615664111,
        0.7806289968926444,
        -0.01302967122809924,
        -40.398205135124954
      ],
      [
        0.002922964435430201,
        0.019027856862873737,
        0.9998146812995472,
        0.5550693549055197
      ],
      [
        0.0,
        0.0,
        0.0,
        1.0
      ]
    ],
    "location": [
      22.91993968792667,
      -40.398205135124954,
      0.5550693549055197
    ],
    "rotation": [
      0.01902908655178381,
      -0.002922968597611686,
      -0.6749541631110538
    ]
  },
  {
    "label_id": "TP8kVNw81YpTmfMxxvCU_g",
    "size": [
      0.9999999999988523,
      1.0,
      1.9199999999999982
    ],
    "obj_class": "pedestrian",
    "point_num_in_lidar": 22,
    "speed": 1.3874490595109303,
    "if_vehicle": false,
    "motion_state": true,
    "pose": [
      [
        -0.3443123770022769,
        0.938748185786513,
        -0.01417147577256666,
        46.79185215748521
      ],
      [
        -0.9386991606593638,
        -0.34449109341910955,
        -0.01302967122809924,
        -36.294502182156066
      ],
      [
        -0.0171135274110268,
        0.008816475340907806,
        0.9998146812995472,
        0.6725990612281372
      ],
      [
        0.0,
        0.0,
        0.0,
        1.0
      ]
    ],
    "location": [
      46.79185215748521,
      -36.294502182156066,
      0.6725990612281372
    ],
    "rotation": [
      0.008817880949543066,
      0.017114362868978914,
      -1.9223563234857697
    ]
  },
  {
    "label_id": "TcSiRnZrSapo9_Qiz4bzsA",
    "size": [
      0.7859034642580649,
      0.715045946479222,
      1.7800000000000011
    ],
    "obj_class": "pedestrian",
    "point_num_in_lidar": 34,
    "speed": 1.432144669219779e-12,
    "if_vehicle": false,
    "motion_state": false,
    "pose": [
      [
        -0.9414913754746405,
        0.3367390075136784,
        -0.01417147577256666,
        41.82990745842085
      ],
      [
        -0.33657035107431166,
        -0.9415681740826854,
        -0.01302967122809924,
        -43.82207824037141
      ],
      [
        -0.017731009124812274,
        -0.00749762451051164,
        0.9998146812995472,
        0.5928125351557938
      ],
      [
        0.0,
        0.0,
        0.0,
        1.0
      ]
    ],
    "location": [
      41.82990745842085,
      -43.82207824037141,
      0.5928125351557938
    ],
    "rotation": [
      -0.007498873653266942,
      0.017731938327716357,
      -2.7982640764985645
    ]
  },
  {
    "label_id": "Tk8uWCSNPghhW_MllAuKRQ",
    "size": [
      0.8503706666606872,
      0.7324686268579055,
      1.8900000000000006
    ],
    "obj_class": "pedestrian",
    "point_num_in_lidar": 74,
    "speed": 4.263256414560601e-13,
    "if_vehicle": false,
    "motion_state": false,
    "pose": [
      [
        0.9962506879498658,
        -0.08534480671866759,
        -0.01417147577256666,
        -10.465092211487445
      ],
      [
        0.08516213654276905,
        0.9962819069757105,
        -0.01302967122809924,
        -30.96045922927624
      ],
      [
        0.015230799679922706,
        0.011773945769998576,
        0.9998146812995472,
        1.0725594988195972
      ],
      [
        0.0,
        0.0,
        0.0,
        1.0
      ]
    ],
    "location": [
      -10.465092211487445,
      -30.96045922927624,
      1.0725594988195972
    ],
    "rotation": [
      0.011775583791914583,
      -0.015231388607929577,
      0.08527533055305685
    ]
  },
  {
    "label_id": "TudpSXYouq_oe3kMbFIu3Q",
    "size": [
      2.0251845402480795,
      4.31999934299972,
      1.5999999999999979
    ],
    "obj_class": "vehicle",
    "point_num_in_lidar": 35,
    "speed": 1.0464506701579346,
    "if_vehicle": true,
    "motion_state": true,
    "pose": [
      [
        0.7319143834315677,
        0.6812492235594957,
        -0.01417147577256666,
        42.89806364007359
      ],
      [
        -0.6813949681340196,
        0.7317999214739819,
        -0.01302967122809924,
        -58.39904044376635
      ],
      [
        0.0014942314501566092,
        0.019192976065690384,
        0.9998146812995472,
        0.4992356152884483
      ],
      [
        0.0,
        0.0,
        0.0,
        1.0
      ]
    ],
    "location": [
      42.89806364007359,
      -58.39904044376635,
      0.4992356152884483
    ],
    "rotation": [
      0.01919417604521433,
      -0.0014942320061924743,
      -0.7496679003479083
    ]
  },
  {
    "label_id": "TxVqU0ALz3P5VXXJrRPzhg",
    "size": [
      0.9999999999987411,
      1.0,
      1.8446270289506153
    ],
    "obj_class": "pedestrian",
    "point_num_in_lidar": 28,
    "speed": 1.0421675409765305,
    "if_vehicle": false,
    "motion_state": true,
    "pose": [
      [
        -0.48766040426597973,
        0.8729183807124059,
        -0.01417147577256666,
        46.11563936216589
      ],
      [
        -0.8728418597437083,
        -0.4878291868542023,
        -0.01302967122809924,
        -34.86948848759312
      ],
      [
        -0.018287099012302636,
        0.006015402530092308,
        0.9998146812995472,
        0.5909659024481897
      ],
      [
        0.0,
        0.0,
        0.0,
        1.0
      ]
    ],
    "location": [
      46.11563936216589,
      -34.86948848759312,
      0.5909659024481897
    ],
    "rotation": [
      0.006016444908605366,
      0.018288118421535684,
      -2.0802976467490697
    ]
  },
  {
    "label_id": "UdjYZNG7VuXTcEAMszCFUQ",
    "size": [
      0.9597720429050642,
      0.08222598728067632,
      1.1799999999999997
    ],
    "obj_class": "sign",
    "point_num_in_lidar": 31,
    "speed": 0.001299392793394638,
    "if_vehicle": false,
    "motion_state": false,
    "pose": [
      [
        -0.6785696023112637,
        -0.734399390041659,
        -0.01417147577256666,
        25.495075622184913
      ],
      [
        0.7345361071736755,
        -0.6784444965697859,
        -0.01302967122809924,
        -57.77248843901907
      ],
      [
        -4.557714381046838e-05,
        -0.019250999470384986,
        0.9998146812995472,
        3.7092928701991816
      ],
      [
        0.0,
        0.0,
        0.0,
        1.0
      ]
    ],
    "location": [
      25.495075622184913,
      -57.77248843901907,
      3.7092928701991816
    ],
    "rotation": [
      -0.019252188761943102,
      4.557714382624776e-05,
      2.3166098580425767
    ]
  },
  {
    "label_id": "UqfT7dp5-bBFopGIlRR1vg",
    "size": [
      0.9959356071573708,
      1.1302182293966205,
      1.8599999999999994
    ],
    "obj_class": "pedestrian",
    "point_num_in_lidar": 66,
    "speed": 1.421529491362787e-12,
    "if_vehicle": false,
    "motion_state": false,
    "pose": [
      [
        -0.9166396872634208,
        0.39946320607541,
        -0.01417147577256666,
        1.1143660099794488
      ],
      [
        -0.39930011258862924,
        -0.9167276846230813,
        -0.01302967122809924,
        -47.25561348435622
      ],
      [
        -0.01819625841556217,
        -0.006284841888137182,
        0.9998146812995472,
        0.9729137698739407
      ],
      [
        0.0,
        0.0,
        0.0,
        1.0
      ]
    ],
    "location": [
      1.1143660099794488,
      -47.25561348435622,
      0.9729137698739407
    ],
    "rotation": [
      -0.006285924009869089,
      0.018197262706985,
      -2.730767198765008
    ]
  },
  {
    "label_id": "UrOGkly-QyOhYtgC2fxXew",
    "size": [
      0.9340873831889998,
      1.129515858979401,
      2.16
    ],
    "obj_class": "pedestrian",
    "point_num_in_lidar": 34,
    "speed": 1.7833265276745824,
    "if_vehicle": false,
    "motion_state": true,
    "pose": [
      [
        -0.31349098040225276,
        0.9494854261550632,
        -0.01417147577256666,
        48.12412395295087
      ],
      [
        -0.9494422599216173,
        -0.313671201646915,
        -0.01302967122809924,
        -35.30260574537897
      ],
      [
        -0.0168166667733633,
        0.009370313576314281,
        0.9998146812995472,
        0.7404416120078743
      ],
      [
        0.0,
        0.0,
        0.0,
        1.0
      ]
    ],
    "location": [
      48.12412395295087,
      -35.30260574537897,
      0.7404416120078743
    ],
    "rotation": [
      0.009371776007932014,
      0.016817459500599208,
      -1.889710128621974
    ]
  },
  {
    "label_id": "UrPTO7bI-UlA2evMPT9ruw",
    "size": [
      0.9026372548562507,
      0.12409654716689594,
      0.759999999999998
    ],
    "obj_class": "sign",
    "point_num_in_lidar": 41,
    "speed": 1.7053025658242404e-12,
    "if_vehicle": false,
    "motion_state": false,
    "pose": [
      [
        -0.696074664806504,
        -0.7178295273175523,
        -0.01417147577256666,
        39.367046792952806
      ],
      [
        0.7179692203191034,
        -0.695952890892815,
        -0.01302967122809924,
        -38.81614112329771
      ],
      [
        -0.0005095967933656635,
        -0.019244307443838878,
        0.9998146812995472,
        2.6806057643816494
      ],
      [
        0.0,
        0.0,
        0.0,
        1.0
      ]
    ],
    "location": [
      39.367046792952806,
      -38.81614112329771,
      2.6806057643816494
    ],
    "rotation": [
      -0.019245497974678897,
      0.0005095968154217704,
      2.340712080980372
    ]
  },
  {
    "label_id": "Vt45fS8g51rI27DFn0ZCGg",
    "size": [
      2.09257079817673,
      4.518763712196428,
      1.6099999999999994
    ],
    "obj_class": "vehicle",
    "point_num_in_lidar": 215,
    "speed": 3.186843165281007,
    "if_vehicle": true,
    "motion_state": true,
    "pose": [
      [
        0.4671182637411808,
        0.8840812728215953,
        -0.01417147577256666,
        9.122468751504357
      ],
      [
        -0.8841812600263232,
        0.46696223304026524,
        -0.01302967122809924,
        -36.63812916437746
      ],
      [
        -0.004901744351551152,
        0.01861655070620864,
        0.9998146812995472,
        0.5518507588010344
      ],
      [
        0.0,
        0.0,
        0.0,
        1.0
      ]
    ],
    "location": [
      9.122468751504357,
      -36.63812916437746,
      0.5518507588010344
    ],
    "rotation": [
      0.01861784990908085,
      0.004901763980878452,
      -1.0847611826634453
    ]
  },
  {
    "label_id": "XiCj749rLzeYiNMLxXt6lw",
    "size": [
      2.1243213945678434,
      4.819037753337582,
      1.4600000000000044
    ],
    "obj_class": "vehicle",
    "point_num_in_lidar": 1050,
    "speed": 0.007312952526657594,
    "if_vehicle": true,
    "motion_state": false,
    "pose": [
      [
        0.980243708984208,
        -0.19728517499120632,
        -0.01417147577256666,
        -10.430784892470683
      ],
      [
        0.19710719786300632,
        0.9802953535635478,
        -0.01302967122809924,
        -27.065317547305312
      ],
      [
        0.01646279282129893,
        0.009978953372362723,
        0.9998146812995472,
        0.7842492577408251
      ],
      [
        0.0,
        0.0,
        0.0,
        1.0
      ]
    ],
    "location": [
      -10.430784892470683,
      -27.065317547305312,
      0.7842492577408251
    ],
    "rotation": [
      0.009980471604295446,
      -0.016463536546092918,
      0.19843360227732798
    ]
  },
  {
    "label_id": "XpvqD6XE8eAm5eOEJrvZTw",
    "size": [
      0.8418577773435272,
      0.8558389045720105,
      1.9259733954514147
    ],
    "obj_class": "pedestrian",
    "point_num_in_lidar": 22,
    "speed": 1.205542980228869,
    "if_vehicle": false,
    "motion_state": true,
    "pose": [
      [
        0.7077036875410222,
        0.7063672273791208,
        -0.01417147577256666,
        46.951576332884315
      ],
      [
        -0.7065088902680131,
        0.7075842109883091,
        -0.01302967122809924,
        -50.17421994629149
      ],
      [
        0.0008237797640175529,
        0.0192334199971091,
        0.9998146812995472,
        0.4546713841966259
      ],
      [
