[
  {
    "label_id": "-3y3uSWZpzEtolStN25xzw",
    "size": [
      1.0000000000006606,
      1.0,
      1.7399999999999984
    ],
    "obj_class": "pedestrian",
    "point_num_in_lidar": 38,
    "speed": 1.2367734449549133,
    "if_vehicle": false,
    "motion_state": true,
    "pose": [
      [
        -0.8273497799598969,
        0.5614011088229635,
        -0.017920284949108467,
        44.07122883347347
      ],
      [
        -0.5614395078236357,
        -0.8275112578365831,
        -0.0032859105997707825,
        -36.69530014043812
      ],
      [
        -0.016673951393231187,
        0.007342558550198515,
        0.9998340193146427,
        0.5967049794941168
      ],
      [
        0.0,
        0.0,
        0.0,
        1.0
      ]
    ],
    "location": [
      44.07122883347347,
      -36.69530014043812,
      0.5967049794941168
    ],
    "rotation": [
      0.0073436454604356195,
      0.016674724107056914,
      -2.545373992976752
    ]
  },
  {
    "label_id": "-Dzbj8ej64m1E-fNNfo-Ww",
    "size": [
      2.6091428097860296,
      6.207139029641827,
      2.6000000000000014
    ],
    "obj_class": "vehicle",
    "point_num_in_lidar": 60,
    "speed": 1.4210854715202004e-12,
    "if_vehicle": true,
    "motion_state": false,
    "pose": [
      [
        0.7266207164403204,
        -0.6868050653767036,
        -0.017920284949108467,
        -8.701875333534417
      ],
      [
        0.6868688610762859,
        0.7267739473008759,
        -0.0032859105997707825,
        -86.5593455124872
      ],
      [
        0.015280776273517614,
        -0.009921274998992351,
        0.9998340193146427,
        1.5759752053911456
      ],
      [
        0.0,
        0.0,
        0.0,
        1.0
      ]
    ],
    "location": [
      -8.701875333534417,
      -86.5593455124872,
      1.5759752053911456
    ],
    "rotation": [
      -0.009922596346836279,
      -0.01528137101829793,
      0.7572823704979124
    ]
  },
  {
    "label_id": "-u6v7A9TrXDu-9EE_fzpuA",
    "size": [
      2.0399475097408843,
      4.415591832276201,
      1.7400000000000055
    ],
    "obj_class": "vehicle",
    "point_num_in_lidar": 6658,
    "speed": 0.00021746128862906944,
    "if_vehicle": true,
    "motion_state": false,
    "pose": [
      [
        0.3364896652650955,
        0.9415166321192242,
        -0.017920284949108467,
        6.268417721881633
      ],
      [
        -0.9416825813080143,
        0.33648643189972055,
        -0.0032859105997707825,
        -16.44391219559293
      ],
      [
        0.002936193259810726,
        0.017980895146459522,
        0.9998340193146427,
        0.8202082645109314
      ],
      [
        0.0,
        0.0,
        0.0,
        1.0
      ]
    ],
    "location": [
      6.268417721881633,
      -16.44391219559293,
      0.8202082645109314
    ],
    "rotation": [
      0.017981941717509463,
      -0.002936197478760417,
      -1.2276080915796437
    ]
  },
  {
    "label_id": "0W_ICpRE-uhjmG5ZAXO0qA",
    "size": [
      0.8560961486096746,
      0.7477227720306335,
      1.9060699903247986
    ],
    "obj_class": "pedestrian",
    "point_num_in_lidar": 113,
    "speed": 0.0020684853681377617,
    "if_vehicle": false,
    "motion_state": false,
    "pose": [
      [
        -0.9915511220245553,
        0.1284727044908301,
        -0.017920284949108467,
        21.075236277099975
      ],
      [
        -0.12843423849289132,
        -0.9917125839547875,
        -0.0032859105997707825,
        -22.32273001246722
      ],
      [
        -0.018193921913554085,
        -0.0009565701910607312,
        0.9998340193146427,
        0.656783485000723
      ],
      [
        0.0,
        0.0,
        0.0,
        1.0
      ]
    ],
    "location": [
      21.075236277099975,
      -22.32273001246722,
      0.656783485000723
    ],
    "rotation": [
      -0.0009567286976865888,
      0.01819492581811815,
      -3.0127812334364403
    ]
  },
  {
    "label_id": "0s0MLJ4EvKMJbQzmaFGapQ",
    "size": [
      1.0271755662516835,
      1.1252974528226218,
      1.6799999999999997
    ],
    "obj_class": "pedestrian",
    "point_num_in_lidar": 68,
    "speed": 1.3532369638304576,
    "if_vehicle": false,
    "motion_state": true,
    "pose": [
      [
        -0.9268042670495124,
        0.37511693372355065,
        -0.017920284949108467,
        -4.798963356030754
      ],
      [
        -0.3751205621409902,
        -0.9269702080706573,
        -0.0032859105997707825,
        -48.70656295671506
      ],
      [
        -0.017844170976636275,
        0.0036768713988255108,
        0.9998340193146427,
        0.8805608554170696
      ],
      [
        0.0,
        0.0,
        0.0,
        1.0
      ]
    ],
    "location": [
      -4.798963356030754,
      -48.70656295671506,
      0.8805608554170696
    ],
    "rotation": [
      0.0036774652119764962,
      0.017845118085962248,
      -2.7570013800898234
    ]
  },
  {
    "label_id": "1rDkIQm97fn96_z7MlfEFA",
    "size": [
      2.056830189203353,
      4.3471459235386005,
      1.509999999999998
    ],
    "obj_class": "vehicle",
    "point_num_in_lidar": 39,
    "speed": 1.7067822212573438e-12,
    "if_vehicle": true,
    "motion_state": false,
    "pose": [
      [
        0.9849849692161777,
        -0.17170752402136621,
        -0.017920284949108467,
        -57.41395462616606
      ],
      [
        0.17167615508539452,
        0.9851479587181947,
        -0.0032859105997707825,
        -41.357983510170016
      ],
      [
        0.0182183477105048,
        0.00016008693286472962,
        0.9998340193146427,
        1.4667695830536829
      ],
      [
        0.0,
        0.0,
        0.0,
        1.0
      ]
    ],
    "location": [
      -57.41395462616606,
      -41.357983510170016,
      1.4667695830536829
    ],
    "rotation": [
      0.00016011350724638325,
      -0.018219355664204285,
      0.17255976003896364
    ]
  },
  {
    "label_id": "2hG8b9thgwMFUB5DUm0BBA",
    "size": [
      2.009110343804706,
      4.430774636678162,
      1.4100000000000001
    ],
    "obj_class": "vehicle",
    "point_num_in_lidar": 28,
    "speed": 1.4228607195221901e-12,
    "if_vehicle": true,
    "motion_state": false,
    "pose": [
      [
        0.6857812535159203,
        -0.7275870640091642,
        -0.017920284949108467,
        12.116101720405595
      ],
      [
        0.7276595948922354,
        0.6859305480533712,
        -0.0032859105997707825,
        -65.62938108120943
      ],
      [
        0.014682856922298365,
        -0.010786451396369634,
        0.9998340193146427,
        0.4933694238172279
      ],
      [
        0.0,
        0.0,
        0.0,
        1.0
      ]
    ],
    "location": [
      12.116101720405595,
      -65.62938108120943,
      0.4933694238172279
    ],
    "rotation": [
      -0.010787823531357458,
      -0.014683384543921946,
      0.8150181460650224
    ]
  },
  {
    "label_id": "2ryfjIE_p6ANUWGqygpFyw",
    "size": [
      0.9252097176580489,
      1.0750809994151234,
      1.8999999999999986
    ],
    "obj_class": "pedestrian",
    "point_num_in_lidar": 22,
    "speed": 1.5733321598971985,
    "if_vehicle": false,
    "motion_state": true,
    "pose": [
      [
        0.6770624389829186,
        -0.7357073583333553,
        -0.017920284949108467,
        8.710183203604629
      ],
      [
        0.7357816631005171,
        0.6772108586227538,
        -0.0032859105997707825,
        -79.95521180891228
      ],
      [
        0.01455328016422709,
        -0.010960650418129563,
        0.9998340193146427,
        1.188627199175265
      ],
      [
        0.0,
        0.0,
        0.0,
        1.0
      ]
    ],
    "location": [
      8.710183203604629,
      -79.95521180891228,
      1.188627199175265
    ],
    "rotation": [
      -0.010962030867061478,
      -0.014553793939046267,
      0.8269352658392037
    ]
  },
  {
    "label_id": "3UOARbDkuMcY1CDZ705q0w",
    "size": [
      0.7092548309712632,
      0.7043774177189961,
      1.867408505954046
    ],
    "obj_class": "pedestrian",
    "point_num_in_lidar": 32,
    "speed": 0.01062131856127768,
    "if_vehicle": false,
    "motion_state": false,
    "pose": [
      [
        -0.8962598444098999,
        0.44316718593064236,
        -0.017920284949108467,
        38.962174647877646
      ],
      [
        -0.44318317530928125,
        -0.8964250531496278,
        -0.0032859105997707825,
        -40.16128096651846
      ],
      [
        -0.01752040014168112,
        0.004996939063297611,
        0.9998340193146427,
        0.6286656545234166
      ],
      [
        0.0,
        0.0,
        0.0,
        1.0
      ]
    ],
    "location": [
      38.962174647877646,
      -40.16128096651846,
      0.6286656545234166
    ],
    "rotation": [
      0.0049977269860716185,
      0.017521296622102285,
      -2.6823702432012873
    ]
  },
  {
    "label_id": "3drq9t_ugP2rT_AHc0GtKQ",
    "size": [
      0.8175840290790038,
      0.765391699955769,
      1.350000000000005
    ],
    "obj_class": "pedestrian",
    "point_num_in_lidar": 20,
    "speed": 1.392135693021593,
    "if_vehicle": false,
    "motion_state": true,
    "pose": [
      [
        -0.7365885933864504,
        0.6761036218512019,
        -0.017920284949108467,
        49.581580929778056
      ],
      [
        -0.6761651694834596,
        -0.7367427409679275,
        -0.0032859105997707825,
        -29.814812360946235
      ],
      [
        -0.015424255909916751,
        0.009696708243127029,
        0.9998340193146427,
        0.804588707933032
      ],
      [
        0.0,
        0.0,
        0.0,
        1.0
      ]
    ],
    "location": [
      49.581580929778056,
      -29.814812360946235,
      0.804588707933032
    ],
    "rotation": [
      0.009698013927651046,
      0.01542486756686719,
      -2.398938400913353
    ]
  },
  {
    "label_id": "5Zo39jZeAKvLd3jygUscXQ",
    "size": [
      0.8633204129131846,
      0.9964958227765475,
      1.7600000000000051
    ],
    "obj_class": "pedestrian",
    "point_num_in_lidar": 396,
    "speed": 1.396261973095257,
    "if_vehicle": false,
    "motion_state": true,
    "pose": [
      [
        -0.11365952074421504,
        -0.9933581311548912,
        -0.017920284949108467,
        -3.9256405401224583
      ],
      [
        0.9935190009969186,
        -0.11361864921576537,
        -0.0032859105997707825,
        -22.220111863960483
      ],
      [
        0.0012280074430510378,
        -0.018177618624196645,
        0.9998340193146427,
        0.7905921131160127
      ],
      [
        0.0,
        0.0,
        0.0,
        1.0
      ]
    ],
    "location": [
      -3.9256405401224583,
      -22.220111863960483,
      0.7905921131160127
    ],
    "rotation": [
      -0.018178633540387085,
      -0.0012280077516909178,
      1.684702085625849
    ]
  },
  {
    "label_id": "5plMF05KDpyMprvl5e_ipg",
    "size": [
      0.9221836674008529,
      0.9039507390933251,
      1.860000000000003
    ],
    "obj_class": "pedestrian",
    "point_num_in_lidar": 79,
    "speed": 0.02430239299510057,
    "if_vehicle": false,
    "motion_state": false,
    "pose": [
      [
        -0.6469884024139857,
        0.7622892302329484,
        -0.017920284949108467,
        22.53479666979456
      ],
      [
        -0.7623694321221068,
        -0.647133720151675,
        -0.0032859105997707825,
        -23.777503011006047
      ],
      [
        -0.01410163492700819,
        0.011535931410697281,
        0.9998340193146427,
        0.8847018103034152
      ],
      [
        0.0,
        0.0,
        0.0,
        1.0
      ]
    ],
    "location": [
      22.53479666979456,
      -23.777503011006047,
      0.8847018103034152
    ],
    "rotation": [
      0.01153733453123235,
      0.01410210233487427,
      -2.274508856937863
    ]
  },
  {
    "label_id": "6nFW7Fnejgm08SNoDjHi2w",
    "size": [
      0.7576715269810355,
      0.7637234397275995,
      1.8900000000000041
    ],
    "obj_class": "pedestrian",
    "point_num_in_lidar": 140,
    "speed": 0.002124331029665528,
    "if_vehicle": false,
    "motion_state": false,
    "pose": [
      [
        -0.6312329931454862,
        0.7753862081259463,
        -0.017920284949108467,
        18.79612425682899
      ],
      [
        -0.7754693707883437,
        -0.6313766370088939,
        -0.0032859105997707825,
        -19.93990139354537
      ],
      [
        -0.013862299005606324,
        0.01182245691073118,
        0.9998340193146427,
        0.715086733691475
      ],
      [
        0.0,
        0.0,
        0.0,
        1.0
      ]
    ],
    "location": [
      18.79612425682899,
      -19.93990139354537,
      0.715086733691475
    ],
    "rotation": [
      0.011823868497664779,
      0.013862743014934092,
      -2.2540164657243547
    ]
  },
  {
    "label_id": "ABRBhQePUHY_I0XPW1ez4A",
    "size": [
      2.1306944974750177,
      4.5215893642290155,
      1.8999999999999986
    ],
    "obj_class": "vehicle",
    "point_num_in_lidar": 224,
    "speed": 0.8500788704718129,
    "if_vehicle": true,
    "motion_state": false,
    "pose": [
      [
        0.7394676137343394,
        0.6729535731574537,
        -0.017920284949108467,
        26.220700650355866
      ],
      [
        -0.6731015765693226,
        0.7395427441408796,
        -0.0032859105997707825,
        -43.33916099817361
      ],
      [
        0.011041551427858481,
        0.014491996521973288,
        0.9998340193146427,
        0.6703523296747491
      ],
      [
        0.0,
        0.0,
        0.0,
        1.0
      ]
    ],
    "location": [
      26.220700650355866,
      -43.33916099817361,
      0.6703523296747491
    ],
    "rotation": [
      0.014493387408857354,
      -0.011041775796870603,
      -0.7384501830492861
    ]
  },
  {
    "label_id": "BJzgD4pDd9zzx_tJ81Wh9w",
    "size": [
      2.057682672118176,
      4.348731250934897,
      1.5799999999999983
    ],
    "obj_class": "vehicle",
    "point_num_in_lidar": 774,
    "speed": 1.7053025658242404e-12,
    "if_vehicle": true,
    "motion_state": false,
    "pose": [
      [
        0.5865945483890811,
        0.8096824681241113,
        -0.017920284949108467,
        9.236298429362478
      ],
      [
        -0.8098426879105679,
        0.5866378982211401,
        -0.0032859105997707825,
        -21.358248356105832
      ],
      [
        0.007852174093611337,
        0.016440108975628732,
        0.9998340193146427,
        0.656170926829482
      ],
      [
        0.0,
        0.0,
        0.0,
        1.0
      ]
    ],
    "location": [
      9.236298429362478,
      -21.358248356105832,
      0.656170926829482
    ],
    "rotation": [
      0.016441356542976845,
      -0.007852254785626124,
      -0.9439264714208129
    ]
  },
  {
    "label_id": "BMprUx_wfiGkn4Jsd9YGfw",
    "size": [
      0.9165089260500564,
      0.14690670426762598,
      1.129999999999999
    ],
    "obj_class": "sign",
    "point_num_in_lidar": 96,
    "speed": 0.0058160615342188,
    "if_vehicle": false,
    "motion_state": false,
    "pose": [
      [
        -0.7035132030194493,
        -0.7104562172045915,
        -0.017920284949108467,
        25.47407627526445
      ],
      [
        0.7106079234072221,
        -0.7035805440618763,
        -0.0032859105997707825,
        -24.82384479567554
      ],
      [
        -0.010273868219451969,
        -0.015045977965431967,
        0.9998340193146427,
        3.377224510499392
      ],
      [
        0.0,
        0.0,
        0.0,
        1.0
      ]
    ],
    "location": [
      25.47407627526445,
      -24.82384479567554,
      3.377224510499392
    ],
    "rotation": [
      -0.015047339933742084,
      0.010274048966557502,
      2.3511774794643046
    ]
  },
  {
    "label_id": "BrpalxtMlwqR7rQyfylZ8g",
    "size": [
      2.33809719463543,
      6.178880489167328,
      2.219999999999999
    ],
    "obj_class": "vehicle",
    "point_num_in_lidar": 1614,
    "speed": 0.48229260925081907,
    "if_vehicle": true,
    "motion_state": false,
    "pose": [
      [
        0.9799097986702204,
        -0.19863446291474862,
        -0.017920284949108467,
        -16.548790199199175
      ],
      [
        0.19860757213969962,
        0.9800735865639397,
        -0.0032859105997707825,
        -28.195728901329858
      ],
      [
        0.018215893029491875,
        -0.0003392082915243023,
        0.9998340193146427,
        1.1383178141910975
      ],
      [
        0.0,
        0.0,
        0.0,
        1.0
      ]
    ],
    "location": [
      -16.548790199199175,
      -28.195728901329858,
      1.1383178141910975
    ],
    "rotation": [
      -0.0003392645898791041,
      -0.018216900575780466,
      0.19997061474327865
    ]
  },
  {
    "label_id": "C88vprxSbrDQhEq30YQshA",
    "size": [
      0.8219031737474456,
      0.7469626673616249,
      1.7100000000000009
    ],
    "obj_class": "pedestrian",
    "point_num_in_lidar": 28,
    "speed": 1.1390866590859189e-12,
    "if_vehicle": false,
    "motion_state": false,
    "pose": [
      [
        0.7749722845205854,
        0.6317411033107528,
        -0.017920284949108467,
        44.30618239147657
      ],
      [
        -0.6318848016542945,
        0.77505535301025,
        -0.0032859105997707825,
        -14.622825412034217
      ],
      [
        0.011813367989595841,
        0.013870045344890614,
        0.9998340193146427,
        0.4392924908671887
      ],
      [
        0.0,
        0.0,
        0.0,
        1.0
      ]
    ],
    "location": [
      44.30618239147657,
      -14.622825412034217,
      0.4392924908671887
    ],
    "rotation": [
      0.013871458115145811,
      -0.011813642777253717,
      -0.6840395097086849
    ]
  },
  {
    "label_id": "CqtQi6C05E5Whu1WPAou8w",
    "size": [
      0.7161626533536526,
      1.7238894661741775,
      2.1999999999999993
    ],
    "obj_class": "cyclist",
    "point_num_in_lidar": 77,
    "speed": 5.610775502209846,
    "if_vehicle": false,
    "motion_state": true,
    "pose": [
      [
        0.7556672349626111,
        -0.6547105416833491,
        -0.017920284949108467,
        13.8202479975414
      ],
      [
        0.6547676451898466,
        0.7558230835348132,
        -0.0032859105997707825,
        -60.03353618679648
      ],
      [
        0.015695885336756654,
        -0.009250567799995682,
        0.9998340193146427,
        0.9354899080634596
      ],
      [
        0.0,
        0.0,
        0.0,
        1.0
      ]
    ],
    "location": [
      13.8202479975414,
      -60.03353618679648,
      0.9354899080634596
    ],
    "rotation": [
      -0.009251839486301571,
      -0.015696529883403063,
      0.7139818973841173
    ]
  },
  {
    "label_id": "DNJU6vLPoCqw-LexqChKbQ",
    "size": [
      2.4830097227212926,
      5.749171203661658,
      2.2116833098079987
    ],
    "obj_class": "vehicle",
    "point_num_in_lidar": 221,
    "speed": 4.611866476293235,
    "if_vehicle": true,
    "motion_state": true,
    "pose": [
      [
        0.7125222985241932,
        -0.7014205853075193,
        -0.017920284949108467,
        1.709168140941756
      ],
      [
        0.7014874798644509,
        0.712674202132329,
        -0.0032859105997707825,
        -64.9014904868418
      ],
      [
        0.015076130114249266,
        -0.01022957095410926,
        0.9998340193146427,
        1.0198648695964394
      ],
      [
        0.0,
        0.0,
        0.0,
        1.0
      ]
    ],
    "location": [
      1.709168140941756,
      -64.9014904868418,
      1.0198648695964394
    ],
    "rotation": [
      -0.010230912170369462,
      -0.015076701280850173,
      0.7775944021890846
    ]
  },
  {
    "label_id": "ERcztt6ItC06k_ercBFdsg",
    "size": [
      0.921046786768442,
      1.027108511389792,
      1.9000000000000057
    ],
    "obj_class": "pedestrian",
    "point_num_in_lidar": 251,
    "speed": 0.6310097870123401,
    "if_vehicle": false,
    "motion_state": false,
    "pose": [
      [
        0.7567911171163982,
        0.6534111021715628,
        -0.017920284949108467,
        -3.05414243661221
      ],
      [
        -0.6535570928919179,
        0.7568700873480171,
        -0.0032859105997707825,
        -27.448911732082706
      ],
      [
        0.011416277168099636,
        0.014198677288679268,
        0.9998340193146427,
        0.9151132842301166
      ],
      [
        0.0,
        0.0,
        0.0,
        1.0
      ]
    ],
    "location": [
      -3.05414243661221,
      -27.448911732082706,
      0.9151132842301166
    ],
    "rotation": [
      0.01420007986367342,
      -0.011416525165846054,
      -0.7123309292990134
    ]
  },
  {
    "label_id": "EUjlvkwSB2q67LcxAKGoDA",
    "size": [
      0.9651760985918953,
      1.0981614056106253,
      1.8000000000000007
    ],
    "obj_class": "pedestrian",
    "point_num_in_lidar": 241,
    "speed": 1.1450080732139587,
    "if_vehicle": false,
    "motion_state": true,
    "pose": [
      [
        -0.32909211802955357,
        -0.9441277674330762,
        -0.017920284949108467,
        15.436012136672844
      ],
      [
        0.9442936861446681,
        -0.32908758271749683,
        -0.0032859105997707825,
        -11.99600433786145
      ],
      [
        -0.0027950238169645774,
        -0.01800337921029078,
        0.9998340193146427,
        0.8098434078999546
      ],
      [
        0.0,
        0.0,
        0.0,
        1.0
      ]
    ],
    "location": [
      15.436012136672844,
      -11.99600433786145,
      0.8098434078999546
    ],
    "rotation": [
      -0.01800442223413783,
      0.0027950274561720466,
      1.906139665917757
    ]
  },
  {
    "label_id": "EynIiRmnuBbFsLCDQ1XKbQ",
    "size": [
      0.5413567342716088,
      0.13723403558369326,
      0.5999999999999979
    ],
    "obj_class": "sign",
    "point_num_in_lidar": 39,
    "speed": 0.002646850449229065,
    "if_vehicle": false,
    "motion_state": false,
    "pose": [
      [
        0.6255495141467855,
        -0.7799786335138055,
        -0.017920284949108467,
        2.3055420514219804
      ],
      [
        0.7800628437231873,
        0.6256925464107947,
        -0.0032859105997707825,
        -43.23382964539269
      ],
      [
        0.01377552878167246,
        -0.011923448658515001,
        0.9998340193146427,
        2.8312738590075313
      ],
      [
        0.0,
        0.0,
        0.0,
        1.0
      ]
    ],
    "location": [
      2.3055420514219804,
      -43.23382964539269,
      2.8312738590075313
    ],
    "rotation": [
      -0.0119248627692375,
      -0.013775964504861925,
      0.8948845641037445
    ]
  },
  {
    "label_id": "F2JamCeRc3TUMgMz4AxtWQ",
    "size": [
      0.7457916163594711,
      0.7358267476223533,
      1.6800000000000033
    ],
    "obj_class": "pedestrian",
    "point_num_in_lidar": 36,
    "speed": 0.679344958706108,
    "if_vehicle": false,
    "motion_state": false,
    "pose": [
      [
        -0.9977050492902848,
        0.06529546697905467,
        -0.017920284949108467,
        -27.80283136203616
      ],
      [
        -0.06524683302229302,
        -0.9978637449933189,
        -0.0032859105997707825,
        -24.954538071904608
      ],
      [
        -0.01809655771772824,
        -0.0021091277571213874,
        0.9998340193146427,
        1.0959952671035786
      ],
      [
        0.0,
        0.0,
        0.0,
        1.0
      ]
    ],
    "location": [
      -27.80283136203616,
      -24.954538071904608,
      1.0959952671035786
    ],
    "rotation": [
      -0.0021094747607292,
      0.01809754558972716,
      -3.0762887282640254
    ]
  },
  {
    "label_id": "GJEO8qd3JaW07GphAWS-nA",
    "size": [
      0.8296061988046506,
      0.1290419424672085,
      0.7899999999999991
    ],
    "obj_class": "sign",
    "point_num_in_lidar": 25,
    "speed": 1.4426817432597938e-12,
    "if_vehicle": false,
    "motion_state": false,
    "pose": [
      [
        -0.6880262176361337,
        -0.725464532029415,
        -0.017920284949108467,
        31.035472135703458
      ],
      [
        0.7256176553734629,
        -0.6880902709687506,
        -0.0032859105997707825,
        -60.166687087934406
      ],
      [
        -0.009946962130916065,
        -0.015264067789847215,
        0.9998340193146427,
        3.8618282089940656
      ],
      [
        0.0,
        0.0,
        0.0,
        1.0
      ]
    ],
    "location": [
      31.035472135703458,
      -60.166687087934406,
      3.8618282089940656
    ],
    "rotation": [
      -0.015265415858843655,
      0.009947126167033124,
      2.329608882909247
    ]
  },
  {
    "label_id": "GiHYRbxhmvNPKbWHFSSQLQ",
    "size": [
      2.194729265619492,
      4.8705239665823665,
      1.8399999999999999
    ],
    "obj_class": "vehicle",
    "point_num_in_lidar": 41,
    "speed": 5.695433295429594e-13,
    "if_vehicle": true,
    "motion_state": false,
    "pose": [
      [
        0.9852718718716222,
        -0.17005352653188985,
        -0.017920284949108467,
        -63.78842972119992
      ],
      [
        0.1700218839864316,
        0.9854348084765601,
        -0.0032859105997707825,
        -42.585904923409544
      ],
      [
        0.018218053252029624,
        0.00019067467881784777,
        0.9998340193146427,
        1.808729788136997
      ],
      [
        0.0,
        0.0,
        0.0,
        1.0
      ]
    ],
    "location": [
      -63.78842972119992,
      -42.585904923409544,
      1.808729788136997
    ],
    "rotation": [
      0.00019070633007367232,
      -0.01821906115685114,
      0.17088051539171278
    ]
  },
  {
    "label_id": "HSYlWnCOg45HraIyv_ltIQ",
    "size": [
      0.4747702729926606,
      0.04903281749638218,
      0.629999999999999
    ],
    "obj_class": "sign",
    "point_num_in_lidar": 25,
    "speed": 0.0017905891258143036,
    "if_vehicle": false,
    "motion_state": false,
    "pose": [
      [
        -0.6974247108618358,
        0.7164339718820063,
        -0.017920284949108467,
        26.096061514070698
      ],
      [
        -0.7165040859019515,
        -0.6975751555763287,
        -0.0032859105997707825,
        -22.086903733565123
      ],
      [
        -0.014854883543589449,
        0.010548282136600483,
        0.9998340193146427,
        2.7924992348391555
      ],
      [
        0.0,
        0.0,
        0.0,
        1.0
      ]
    ],
    "location": [
      26.096061514070698,
      -22.086903733565123,
      2.7924992348391555
    ],
    "rotation": [
      0.010549641846994272,
      0.014855429929677765,
      -2.342701436517951
    ]
  },
  {
    "label_id": "J3L10LSZhOaAERyZECqKyA",
    "size": [
      2.0009524860859713,
      4.516471889621558,
      1.4899999999999984
    ],
    "obj_class": "vehicle",
    "point_num_in_lidar": 364,
    "speed": 1.718573603063735e-12,
    "if_vehicle": true,
    "motion_state": false,
    "pose": [
      [
        -0.9933109497455118,
        0.11407112037238903,
        -0.017920284949108467,
        -21.195986576967016
      ],
      [
        -0.11403031550572043,
        -0.9934718365093176,
        -0.0032859105997707825,
        -22.443894325220754
      ],
      [
        -0.018178125902720436,
        -0.0012204752319379085,
        0.9998340193146427,
        0.8119863880325475
      ],
      [
        0.0,
        0.0,
        0.0,
        1.0
      ]
    ],
    "location": [
      -21.195986576967016,
      -22.443894325220754,
      0.8119863880325475
    ],
    "rotation": [
      -0.001220677234590955,
      0.018179127194517322,
      -3.027294791017078
    ]
  },
  {
    "label_id": "KX-4SfeSeDvbwnkBCjdU4g",
    "size": [
      0.8422860400556396,
      0.8451582887489959,
      1.7199999999999989
    ],
    "obj_class": "pedestrian",
    "point_num_in_lidar": 69,
    "speed": 0.0,
    "if_vehicle": false,
    "motion_state": false,
    "pose": [
      [
        -0.5125286868997198,
        0.8584830857344783,
        -0.017920284949108467,
        21.74109081043798
      ],
      [
        -0.8585861375954188,
        -0.5126588018560793,
        -0.0032859105997707825,
        -18.834928855960243
      ],
      [
        -0.01200789048206833,
        0.013701984794093966,
        0.9998340193146427,
        0.6654090060640883
      ],
      [
        0.0,
        0.0,
        0.0,
        1.0
      ]
    ],
    "location": [
      21.74109081043798,
      -18.834928855960243,
      0.6654090060640883
    ],
    "rotation": [
      0.013703401615759291,
      0.012008179069282122,
      -2.1089664627751534
    ]
  },
  {
    "label_id": "L6FARVJJcyZSmCMc6NE_Mw",
    "size": [
      2.0517996521723223,
      4.481819076765856,
      1.8000000000000043
    ],
    "obj_class": "vehicle",
    "point_num_in_lidar": 136,
    "speed": 4.940620958587503,
    "if_vehicle": true,
    "motion_state": true,
    "pose": [
      [
        0.72147988885702,
        0.6922034624026412,
        -0.017920284949108467,
        28.05864754031836
      ],
      [
        -0.692353393970765,
        0.7215510935815237,
        -0.0032859105997707825,
        -35.51340513140531
      ],
      [
        0.010655882508014861,
        0.014777888519755195,
        0.9998340193146427,
        0.7834297131341827
      ],
      [
        0.0,
        0.0,
        0.0,
        1.0
      ]
    ],
    "location": [
      28.05864754031836,
      -35.51340513140531,
      0.7834297131341827
    ],
    "rotation": [
      0.014779265614954183,
      -0.0106560841770458,
      -0.7647999954122695
    ]
  },
  {
    "label_id": "LEDQQXEw_Ihy4SUDGjGeJA",
    "size": [
      0.8499373098872991,
      0.9264115891780135,
      1.9299999999999997
    ],
    "obj_class": "pedestrian",
    "point_num_in_lidar": 69,
    "speed": 0.007375779915621233,
    "if_vehicle": false,
    "motion_state": false,
    "pose": [
      [
        -0.4818272635612222,
        0.8760829592432712,
        -0.017920284949108467,
        22.403181617746895
      ],
      [
        -0.8761905511234311,
        -0.48195365017141234,
        -0.0032859105997707825,
        -19.698333667627594
      ],
      [
        -0.01151547702539067,
        0.014118343033253907,
        0.9998340193146427,
        0.7866338588794974
      ],
      [
        0.0,
        0.0,
        0.0,
        1.0
      ]
    ],
    "location": [
      22.403181617746895,
      -19.698333667627594,
      0.7866338588794974
    ],
    "rotation": [
      0.014119748381012947,
      0.011515731544541765,
      -2.07357159182443
    ]
  },
  {
    "label_id": "LwSqmBnMVv6Bxt4JdUirjw",
    "size": [
      1.9169959747088923,
      4.186827698229656,
      1.6000000000000014
    ],
    "obj_class": "vehicle",
    "point_num_in_lidar": 41,
    "speed": 3.552713678800501e-14,
    "if_vehicle": true,
    "motion_state": false,
    "pose": [
      [
        0.6219834642649354,
        -0.7828252893004494,
        -0.017920284949108467,
        16.107481360191287
      ],
      [
        0.78291015137959,
        0.6221261107350484,
        -0.0032859105997707825,
        -60.886474600671136
      ],
      [
        0.013720971094533654,
        -0.011986190944161595,
        0.9998340193146427,
        0.6310538454489567
      ],
      [
        0.0,
        0.0,
        0.0,
        1.0
      ]
    ],
    "location": [
      16.107481360191287,
      -60.886474600671136,
      0.6310538454489567
    ],
    "rotation": [
      -0.01198760650043161,
      -0.013721401660891695,
      0.899448317494107
    ]
  },
  {
    "label_id": "M8sjiibdjQXMQVuY4NYmfQ",
    "size": [
      0.8508967923407588,
      0.9774615490357054,
      1.6200000000000045
    ],
    "obj_class": "pedestrian",
    "point_num_in_lidar": 65,
    "speed": 1.3666463962295123,
    "if_vehicle": false,
    "motion_state": true,
    "pose": [
      [
        -0.9998374046791976,
        -0.002006886072769198,
        -0.017920284949108467,
        26.810383864279174
      ],
      [
        0.0020660913459481615,
        -0.999992467000667,
        -0.0032859105997707825,
        -15.187178273772588
      ],
      [
        -0.017913555507394856,
        -0.0033224012717329634,
        0.9998340193146427,
        0.6502817956073486
      ],
      [
        0.0,
        0.0,
        0.0,
        1.0
      ]
    ],
    "location": [
      26.810383864279174,
      -15.187178273772588,
      0.6502817956073486
    ],
    "rotation": [
      -0.003322940587101328,
      0.01791451370890683,
      3.1395262291937205
    ]
  },
  {
    "label_id": "MGDi0Feg3WgL1_2697vcBQ",
    "size": [
      0.8273713641496802,
      0.9264627697768697,
      1.610000000000003
    ],
    "obj_class": "pedestrian",
    "point_num_in_lidar": 75,
    "speed": 1.3174295567807106,
    "if_vehicle": false,
    "motion_state": true,
    "pose": [
      [
        -0.9990185676360452,
        -0.040506356362514984,
        -0.017920284949108467,
        27.79120824555207
      ],
      [
        0.04057148874334617,
        -0.9991712351207267,
        -0.0032859105997707825,
        -14.292365043425889
      ],
      [
        -0.0177723329805864,
        -0.004009738339853416,
        0.9998340193146427,
        0.62728166352165
      ],
      [
        0.0,
        0.0,
        0.0,
        1.0
      ]
    ],
    "location": [
      27.79120824555207,
      -14.292365043425889,
      0.62728166352165
    ],
    "rotation": [
      -0.0040103824894331085,
      0.01777326869605708,
      3.101003612002386
    ]
  },
  {
    "label_id": "MMRb3jHqGvp6u3_L3aIsDw",
    "size": [
      2.18711160822148,
      5.576670239505544,
      2.0900000000000034
    ],
    "obj_class": "vehicle",
    "point_num_in_lidar": 9093,
    "speed": 0.010396624985611258,
    "if_vehicle": true,
    "motion_state": false,
    "pose": [
      [
        0.138055104811254,
        0.9902624154348666,
        -0.017920284949108467,
        4.616229773185751
      ],
      [
        -0.9904242417860752,
        0.13801820196629258,
        -0.0032859105997707825,
        -8.775903932999427
      ],
      [
        -0.0007805882600324808,
        0.018202321365562938,
        0.9998340193146427,
        1.0107195060217542
      ],
      [
        0.0,
        0.0,
        0.0,
        1.0
      ]
    ],
    "location": [
      4.616229773185751,
      -8.775903932999427,
      1.0107195060217542
    ],
    "rotation": [
      0.018203332207725444,
      0.0007805883393035862,
      -1.4322988381930495
    ]
  },
  {
    "label_id": "MhxUH3Qh4-q6ZeQGrgjZog",
    "size": [
      1.809571742719117,
      4.104413323080284,
      1.5700000000000003
    ],
    "obj_class": "vehicle",
    "point_num_in_lidar": 102,
    "speed": 8.556067554929069e-13,
    "if_vehicle": true,
    "motion_state": false,
    "pose": [
      [
        -0.9819278725501919,
        0.188405192328653,
        -0.017920284949108467,
        -27.31055869484271
      ],
      [
        -0.18837659504043763,
        -0.9820913711221076,
        -0.0032859105997707825,
        -23.575675562624383
      ],
      [
        -0.01821843983509338,
        0.00014923505624440576,
        0.9998340193146427,
        0.9219863880325576
      ],
      [
        0.0,
        0.0,
        0.0,
        1.0
      ]
    ],
    "location": [
      -27.31055869484271,
      -23.575675562624383,
      0.9219863880325576
    ],
    "rotation": [
      0.00014925982938493915,
      0.0182194478040852,
      -2.9520519286613873
    ]
  },
  {
    "label_id": "N1G3ObOTcL37PoStSOPQxg",
    "size": [
      0.8769430839473117,
      0.7703446808274568,
      2.033662047750184
    ],
    "obj_class": "pedestrian",
    "point_num_in_lidar": 28,
    "speed": 1.7763568394002505e-13,
    "if_vehicle": false,
    "motion_state": false,
    "pose": [
      [
        -0.8290438055954804,
        0.5588964410256214,
        -0.017920284949108467,
        43.26066562699884
      ],
      [
        -0.5589343515035814,
        -0.8292053988613444,
        -0.0032859105997707825,
        -42.648351026198725
      ],
      [
        -0.01669608076867469,
        0.007292099018308835,
        0.9998340193146427,
        0.695556202554787
      ],
      [
        0.0,
        0.0,
        0.0,
        1.0
      ]
    ],
    "location": [
      43.26066562699884,
      -42.648351026198725,
      0.695556202554787
    ],
    "rotation": [
      0.007293180254829471,
      0.016696856563439933,
      -2.5483985730487255
    ]
  },
  {
    "label_id": "O9135g1GOeSBKxxZHcQSJw",
    "size": [
      0.8631129191734128,
      0.10705276516763673,
      0.8000000000000007
    ],
    "obj_class": "sign",
    "point_num_in_lidar": 39,
    "speed": 1.0658141036401503e-13,
    "if_vehicle": false,
    "motion_state": false,
    "pose": [
      [
        -0.9998123371331803,
        0.007358933593293376,
        -0.017920284949108467,
        -8.263926939924204
      ],
      [
        -0.007301183425926125,
        -0.9999679472423659,
        -0.0032859105997707825,
        -30.1138689304953
      ],
      [
        -0.017943891352455475,
        -0.0031544546689092124,
        0.9998340193146427,
        2.7069472611510292
      ],
      [
        0.0,
        0.0,
        0.0,
        1.0
      ]
    ],
    "location": [
      -8.263926939924204,
      -30.1138689304953,
      2.7069472611510292
    ],
    "rotation": [
      -0.003154967866337325,
      0.017944854430708056,
      -3.1342902295499995
    ]
  },
  {
    "label_id": "OBmaSu1uTjgZW7C-GFlGRg",
    "size": [
      0.869828426352565,
      1.0188197221530193,
      1.7100000000000044
    ],
    "obj_class": "pedestrian",
    "point_num_in_lidar": 67,
    "speed": 1.5428526702953407,
    "if_vehicle": false,
    "motion_state": true,
    "pose": [
      [
        0.5937195135109133,
        -0.8044724996317195,
        -0.017920284949108467,
        -7.5293357381483474
      ],
      [
        0.8045623863247555,
        0.5938590483464448,
        -0.0032859105997707825,
        -47.45754563907576
      ],
      [
        0.013285548079738639,
        -0.012467077979538046,
        0.9998340193146427,
        0.9874750256841658
      ],
      [
        0.0,
        0.0,
        0.0,
        1.0
      ]
    ],
    "location": [
      -7.5293357381483474,
      -47.45754563907576,
      0.9874750256841658
    ],
    "rotation": [
      -0.012468501444613875,
      -0.01328593894013952,
      0.9350578020406151
    ]
  },
  {
    "label_id": "OGAaBVDVAhjJMcaKvP7EOw",
    "size": [
      1.8657107994764894,
      4.3588581548173195,
      1.8999999999999986
    ],
    "obj_class": "vehicle",
    "point_num_in_lidar": 907,
    "speed": 1.4210854715202004e-12,
    "if_vehicle": true,
    "motion_state": false,
    "pose": [
      [
        -0.9854340077434893,
        0.16911144186585111,
        -0.017920284949108467,
        -14.718374578381827
      ],
      [
        -0.169079643553068,
        -0.985596914020888,
        -0.0032859105997707825,
        -21.546047176552747
      ],
      [
        -0.018217862623585795,
        -0.00020809265985426628,
        0.9998340193146427,
        0.9295871176626918
      ],
      [
        0.0,
        0.0,
        0.0,
        1.0
      ]
    ],
    "location": [
      -14.718374578381827,
      -21.546047176552747,
      0.9295871176626918
    ],
    "rotation": [
      -0.00020812720194524143,
      0.018218870496765217,
      -2.9716683853583823
    ]
  },
  {
    "label_id": "OLbKrwdNgogwuqHpnALO5Q",
    "size": [
      0.8445474455722909,
      0.8392516669915127,
      1.6200000000000045
    ],
    "obj_class": "pedestrian",
    "point_num_in_lidar": 65,
    "speed": 0.004554478730662427,
    "if_vehicle": false,
    "motion_state": false,
    "pose": [
      [
        -0.8822993854125677,
        0.4703473800160345,
        -0.017920284949108467,
        19.653170106043262
      ],
      [
        -0.47036841023569886,
