[
  {
    "label_id": "0swVhSVbEe4_bfXYmVkjxA",
    "size": [
      2.0805271023934995,
      4.2235539734875545,
      1.6300000000000026
    ],
    "obj_class": "vehicle",
    "point_num_in_lidar": 384,
    "speed": 0.010826341720418829,
    "if_vehicle": true,
    "motion_state": false,
    "pose": [
      [
        -0.44421543183568674,
        0.8954938961932652,
        0.027628463577259232,
        -9.008761909219174
      ],
      [
        -0.8956169613428746,
        -0.4430519640522244,
        -0.039688987193200215,
        -9.724265474855201
      ],
      [
        -0.023300400725953418,
        -0.04237498118078567,
        0.9988300417468118,
        0.6138466915381997
      ],
      [
        0.0,
        0.0,
        0.0,
        1.0
      ]
    ],
    "location": [
      -9.008761909219174,
      -9.724265474855201,
      0.6138466915381997
    ],
    "rotation": [
      -0.04239919104081286,
      0.023302509572814382,
      -2.031229336948233
    ]
  },
  {
    "label_id": "22F9ULjerOlKyH3Dp469yw",
    "size": [
      2.036658771883615,
      4.317112949988031,
      1.5899999999999963
    ],
    "obj_class": "vehicle",
    "point_num_in_lidar": 424,
    "speed": 0.004204082078488049,
    "if_vehicle": true,
    "motion_state": false,
    "pose": [
      [
        -0.8914987544557763,
        -0.4521798743908884,
        0.027628463577259232,
        -12.46648090471399
      ],
      [
        0.451017549784253,
        -0.8916321854229953,
        -0.039688987193200215,
        11.639542789565894
      ],
      [
        0.04258098860299412,
        -0.02292176070143031,
        0.9988300417468118,
        0.6127754600885567
      ],
      [
        0.0,
        0.0,
        0.0,
        1.0
      ]
    ],
    "location": [
      -12.46648090471399,
      11.639542789565894,
      0.6127754600885567
    ],
    "rotation": [
      -0.02294458234727246,
      -0.04259386666628223,
      2.673228752749238
    ]
  },
  {
    "label_id": "2w9dOhBjHynufErf2sTmhQ",
    "size": [
      2.0079232762281536,
      4.299028948583187,
      1.6099999999999994
    ],
    "obj_class": "vehicle",
    "point_num_in_lidar": 45,
    "speed": 0.005151312731026084,
    "if_vehicle": true,
    "motion_state": false,
    "pose": [
      [
        -0.4827805414028871,
        0.875305442027579,
        0.027628463577259232,
        -19.12319910627093
      ],
      [
        -0.875479043315018,
        -0.4816235345285762,
        -0.039688987193200215,
        -29.064397443575217
      ],
      [
        -0.021433468197097412,
        -0.04334921158574818,
        0.9988300417468118,
        2.826262254773596
      ],
      [
        0.0,
        0.0,
        0.0,
        1.0
      ]
    ],
    "location": [
      -19.12319910627093,
      -29.064397443575217,
      2.826262254773596
    ],
    "rotation": [
      -0.04337276970147946,
      0.021435109602649046,
      -2.0747500178245817
    ]
  },
  {
    "label_id": "4OME2iV4__hqoNfwcUJhqA",
    "size": [
      2.6825886502338094,
      6.162741556573076,
      2.6400000000000006
    ],
    "obj_class": "vehicle",
    "point_num_in_lidar": 1050,
    "speed": 0.09259616244690934,
    "if_vehicle": true,
    "motion_state": false,
    "pose": [
      [
        0.8792966648829602,
        0.47547244202589,
        0.027628463577259232,
        -11.824827328106267
      ],
      [
        -0.47431402918502225,
        0.8794606222076391,
        -0.039688987193200215,
        3.3690600972458924
      ],
      [
        -0.04316916543058267,
        0.02179382619204201,
        0.9988300417468118,
        1.0597081765758816
      ],
      [
        0.0,
        0.0,
        0.0,
        1.0
      ]
    ],
    "location": [
      -11.824827328106267,
      3.3690600972458924,
      1.0597081765758816
    ],
    "rotation": [
      0.02181589229741386,
      0.04318258486347476,
      -0.4946874662865824
    ]
  },
  {
    "label_id": "FrylGPsB2blyKQv9jX9B6g",
    "size": [
      0.39821858507688657,
      0.13795218438773005,
      0.6499999999999986
    ],
    "obj_class": "sign",
    "point_num_in_lidar": 260,
    "speed": 0.013791715145391834,
    "if_vehicle": false,
    "motion_state": false,
    "pose": [
      [
        -0.9508420784782003,
        -0.3084412582577367,
        0.027628463577259232,
        11.718253006865098
      ],
      [
        0.3072723038163235,
        -0.9507936240862087,
        -0.039688987193200215,
        1.5234467006794148
      ],
      [
        0.03851068816140199,
        -0.029248497421187344,
        0.9988300417468118,
        1.2210135272492195
      ],
      [
        0.0,
        0.0,
        0.0,
        1.0
      ]
    ],
    "location": [
      11.718253006865098,
      1.5234467006794148,
      1.2210135272492195
    ],
    "rotation": [
      -0.029274391536510697,
      -0.038520213547481606,
      2.8290276059099444
    ]
  },
  {
    "label_id": "LZ9vNd3lCkwG9GE7UnjVrw",
    "size": [
      2.049471988229052,
      4.3609996693622435,
      1.8800000000000026
    ],
    "obj_class": "vehicle",
    "point_num_in_lidar": 127,
    "speed": 2.929642751054232e-13,
    "if_vehicle": true,
    "motion_state": false,
    "pose": [
      [
        -0.4498845087577833,
        0.892659283702426,
        0.027628463577259232,
        -35.43803081486567
      ],
      [
        -0.8927897235113383,
        -0.44872184467454423,
        -0.039688987193200215,
        6.243166349719104
      ],
      [
        -0.02303124773684564,
        -0.04252186886469118,
        0.9988300417468118,
        1.4708387553188729
      ],
      [
        0.0,
        0.0,
        0.0,
        1.0
      ]
    ],
    "location": [
      -35.43803081486567,
      6.243166349719104,
      1.4708387553188729
    ],
    "rotation": [
      -0.04254598565357208,
      0.023033284332606607,
      -2.0375660041742676
    ]
  },
  {
    "label_id": "LZrxjRpBcbsFGjcCXZ-SPg",
    "size": [
      1.8225621404117116,
      4.136724390663064,
      1.4500000000000028
    ],
    "obj_class": "vehicle",
    "point_num_in_lidar": 241,
    "speed": 3.1776437161565096e-13,
    "if_vehicle": true,
    "motion_state": false,
    "pose": [
      [
        -0.10613887608683482,
        0.9939674074049831,
        0.027628463577259232,
        13.795755372094845
      ],
      [
        -0.9936794004491475,
        -0.10500492092564308,
        -0.039688987193200215,
        -18.42254647577829
      ],
      [
        -0.03654843506972768,
        -0.03166637961649311,
        0.9988300417468118,
        -0.4917247639565474
      ],
      [
        0.0,
        0.0,
        0.0,
        1.0
      ]
    ],
    "location": [
      13.795755372094845,
      -18.42254647577829,
      -0.4917247639565474
    ],
    "rotation": [
      -0.03169285592914861,
      0.036556576792181786,
      -1.6772068678713263
    ]
  },
  {
    "label_id": "Lp2aE54h-iTCtbmuyFtU1g",
    "size": [
      2.231573585163076,
      5.018725893423483,
      2.0700000000000003
    ],
    "obj_class": "vehicle",
    "point_num_in_lidar": 2310,
    "speed": 0.5751660149931267,
    "if_vehicle": true,
    "motion_state": false,
    "pose": [
      [
        -0.9572001150907339,
        -0.28810520243592586,
        0.027628463577259232,
        10.942476856806934
      ],
      [
        0.2869375462817838,
        -0.9571267569289696,
        -0.039688987193200215,
        -2.6697568711806525
      ],
      [
        0.0378785454324061,
        -0.03006265956277151,
        0.9988300417468118,
        -0.2546931631061682
      ],
      [
        0.0,
        0.0,
        0.0,
        1.0
      ]
    ],
    "location": [
      10.942476856806934,
      -2.6697568711806525,
      -0.2546931631061682
    ],
    "rotation": [
      -0.03008878938085869,
      -0.03788760920878984,
      2.8503491172477915
    ]
  },
  {
    "label_id": "V6tbs1CCK71HOxr7oYGLXA",
    "size": [
      2.0661645011061656,
      4.585339281261214,
      1.5899999999999963
    ],
    "obj_class": "vehicle",
    "point_num_in_lidar": 3142,
    "speed": 0.01575991218364512,
    "if_vehicle": true,
    "motion_state": false,
    "pose": [
      [
        -0.4906730629976761,
        0.8709056282105648,
        0.027628463577259232,
        4.064739505031639
      ],
      [
        -0.8710896810667392,
        -0.4895176726479081,
        -0.039688987193200215,
        13.444502773078057
      ],
      [
        -0.02104074113535766,
        -0.04354118643924185,
        0.9988300417468118,
        0.35621660102658836
      ],
      [
        0.0,
        0.0,
        0.0,
        1.0
      ]
    ],
    "location": [
      4.064739505031639,
      13.444502773078057,
      0.35621660102658836
    ],
    "rotation": [
      -0.04356460648218035,
      0.021042293945589523,
      -2.0837830509277753
    ]
  },
  {
    "label_id": "XOxTMIWHL5ip3LD7psueTg",
    "size": [
      1.920529088094073,
      4.513249209406444,
      1.6700000000000017
    ],
    "obj_class": "vehicle",
    "point_num_in_lidar": 4440,
    "speed": 0.024987103829923113,
    "if_vehicle": true,
    "motion_state": false,
    "pose": [
      [
        0.44861349026557423,
        -0.8932987206708065,
        0.027628463577259232,
        9.831574914307112
      ],
      [
        0.8934275054746323,
        0.4474506416991191,
        -0.039688987193200215,
        10.05102727135818
      ],
      [
        0.023091747727600392,
        0.042489044363774674,
        0.9988300417468118,
        0.12978254568268
      ],
      [
        0.0,
        0.0,
        0.0,
        1.0
      ]
    ],
    "location": [
      9.831574914307112,
      10.05102727135818,
      0.12978254568268
    ],
    "rotation": [
      0.04251318210991894,
      -0.02309380041772656,
      1.1054490868684574
    ]
  },
  {
    "label_id": "aFNCQJ_mhmlAGA1fcaLCMw",
    "size": [
      2.075438916251607,
      4.655105173716041,
      1.7100000000000009
    ],
    "obj_class": "vehicle",
    "point_num_in_lidar": 118,
    "speed": 0.0031116231908727495,
    "if_vehicle": true,
    "motion_state": false,
    "pose": [
      [
        0.4156218139913569,
        -0.909117800801906,
        0.027628463577259232,
        -7.416302132388864
      ],
      [
        0.9092039437205502,
        0.4144550313587425,
        -0.039688987193200215,
        -25.51112379006372
      ],
      [
        0.02463120901483034,
        0.041615516896101275,
        0.9988300417468118,
        1.7106348814060937
      ],
      [
        0.0,
        0.0,
        0.0,
        1.0
      ]
    ],
    "location": [
      -7.416302132388864,
      -25.51112379006372,
      1.7106348814060937
    ],
    "rotation": [
      0.04164017894231257,
      -0.02463370030625526,
      1.1420312856428285
    ]
  },
  {
    "label_id": "aODc5-qJaKf-jvm5pjvxXA",
    "size": [
      1.8870277732390806,
      4.196029966848567,
      1.6700000000000017
    ],
    "obj_class": "vehicle",
    "point_num_in_lidar": 195,
    "speed": 5.422982071392023e-13,
    "if_vehicle": true,
    "motion_state": false,
    "pose": [
      [
        -0.1406760472752476,
        0.9896701055015112,
        0.027628463577259232,
        18.87118423379161
      ],
      [
        -0.9894217477948273,
        -0.13953275345311184,
        -0.039688987193200215,
        -18.932963017901784
      ],
      [
        -0.035423928546128594,
        -0.032919492560194885,
        0.9988300417468118,
        -0.6496248269985614
      ],
      [
        0.0,
        0.0,
        0.0,
        1.0
      ]
    ],
    "location": [
      18.87118423379161,
      -18.932963017901784,
      -0.6496248269985614
    ],
    "rotation": [
      -0.0329461264999075,
      0.0354313413800906,
      -1.712029781165298
    ]
  },
  {
    "label_id": "aoj79G3iOHdhBgeszAfT8Q",
    "size": [
      1.2347263316737087,
      0.2022955934763529,
      1.0899999999999963
    ],
    "obj_class": "sign",
    "point_num_in_lidar": 45,
    "speed": 0.005925248730199973,
    "if_vehicle": false,
    "motion_state": false,
    "pose": [
      [
        0.49598559169805223,
        -0.867891099636523,
        0.027628463577259232,
        -9.836994702136508
      ],
      [
        0.8680822090963886,
        0.49483134757805286,
        -0.039688987193200215,
        -6.959900879133784
      ],
      [
        0.020774288875120082,
        0.04366894349300213,
        0.9988300417468118,
        2.6436453747947226
      ],
      [
        0.0,
        0.0,
        0.0,
        1.0
      ]
    ],
    "location": [
      -9.836994702136508,
      -6.959900879133784,
      2.6436453747947226
    ],
    "rotation": [
      0.04369226987289116,
      -0.02077578342909945,
      1.0517035210960153
    ]
  },
  {
    "label_id": "cedkFiBfazD1eILNFRFi2g",
    "size": [
      1.2052884090750455,
      1.354676491567917,
      1.8599999999999994
    ],
    "obj_class": "pedestrian",
    "point_num_in_lidar": 231,
    "speed": 1.406163113263135,
    "if_vehicle": false,
    "motion_state": true,
    "pose": [
      [
        -0.9314264015262936,
        -0.36287949313806583,
        0.027628463577259232,
        -6.517247067950393
      ],
      [
        0.3617096922127994,
        -0.9314455877048855,
        -0.039688987193200215,
        -6.813384210110598
      ],
      [
        0.04013673004993493,
        -0.026973887464742656,
        0.9988300417468118,
        0.5187896634785929
      ],
      [
        0.0,
        0.0,
        0.0,
        1.0
      ]
    ],
    "location": [
      -6.517247067950393,
      -6.813384210110598,
      0.5187896634785929
    ],
    "rotation": [
      -0.026998920625632597,
      -0.04014751429463032,
      2.7711786432779033
    ]
  },
  {
    "label_id": "csxgKZev0sjcjG8cLELscg",
    "size": [
      2.113377041293903,
      5.185767427937253,
      1.8900000000000006
    ],
    "obj_class": "vehicle",
    "point_num_in_lidar": 2430,
    "speed": 8.251948598442016,
    "if_vehicle": true,
    "motion_state": true,
    "pose": [
      [
        -0.8975227655697631,
        -0.44010175333025464,
        0.027628463577259232,
        -7.515705482849171
      ],
      [
        0.4389377331067102,
        -0.8976404908150704,
        -0.039688987193200215,
        5.688478909049081
      ],
      [
        0.0422676204575867,
        -0.02349459437648049,
        0.9988300417468118,
        0.6185563003458441
      ],
      [
        0.0,
        0.0,
        0.0,
        1.0
      ]
    ],
    "location": [
      -7.515705482849171,
      5.688478909049081,
      0.6185563003458441
    ],
    "rotation": [
      -0.023517777525361487,
      -0.042280216134962766,
      2.6867395566778836
    ]
  },
  {
    "label_id": "f-F206LnSHYeShECxDdREQ",
    "size": [
      1.8998600635909022,
      4.287560747320762,
      1.7000000000000028
    ],
    "obj_class": "vehicle",
    "point_num_in_lidar": 221,
    "speed": 0.006953871326080113,
    "if_vehicle": true,
    "motion_state": false,
    "pose": [
      [
        0.4422709554585066,
        -0.8964558382643173,
        0.027628463577259232,
        -3.3101560697045898
      ],
      [
        0.8965763781281125,
        0.441107223334932,
        -0.039688987193200215,
        -17.683726316410684
      ],
      [
        0.02339230943056693,
        0.04232431409446064,
        0.9988300417468118,
        0.6104584275979121
      ],
      [
        0.0,
        0.0,
        0.0,
        1.0
      ]
    ],
    "location": [
      -3.3101560697045898,
      -17.683726316410684,
      0.6104584275979121
    ],
    "rotation": [
      0.04234855563379014,
      -0.02339444333522934,
      1.1125321942632533
    ]
  },
  {
    "label_id": "vPtOaGxH36PqjRODE3Gbkg",
    "size": [
      1.906674584377556,
      4.572182520860192,
      1.5899999999999963
    ],
    "obj_class": "vehicle",
    "point_num_in_lidar": 52,
    "speed": 8.556067554929069e-13,
    "if_vehicle": true,
    "motion_state": false,
    "pose": [
      [
        -0.09156068538313844,
        0.9954161485994337,
        0.027628463577259232,
        22.32291255325481
      ],
      [
        -0.9951115542328218,
        -0.09043107280086457,
        -0.039688987193200215,
        -18.769143356246786
      ],
      [
        -0.03700858717253644,
        -0.031127354201003356,
        0.9988300417468118,
        -1.2565076845643048
      ],
      [
        0.0,
        0.0,
        0.0,
        1.0
      ]
    ],
    "location": [
      22.32291255325481,
      -18.769143356246786,
      -1.2565076845643048
    ],
    "rotation": [
      -0.031153731845215672,
      0.03701704042957061,
      -1.6625484600530585
    ]
  },
  {
    "label_id": "vfjDCWBNleMB9kSOrvvidA",
    "size": [
      2.0397121402273504,
      4.425729590636861,
      1.8299999999999983
    ],
    "obj_class": "vehicle",
    "point_num_in_lidar": 73,
    "speed": 0.0103349529608467,
    "if_vehicle": true,
    "motion_state": false,
    "pose": [
      [
        -0.42924754477881594,
        0.9027642069232245,
        0.027628463577259232,
        -10.86359086437551
      ],
      [
        -0.9028678880043947,
        -0.4280821896622911,
        -0.039688987193200215,
        -13.77220275610307
      ],
      [
        -0.024002543861897416,
        -0.04198125286624544,
        0.9988300417468118,
        1.1293801749738392
      ],
      [
        0.0,
        0.0,
        0.0,
        1.0
      ]
    ],
    "location": [
      -10.86359086437551,
      -13.77220275610307,
      1.1293801749738392
    ],
    "rotation": [
      -0.04200570319925673,
      0.024004849192325654,
      -2.0145927945140345
    ]
  },
  {
    "label_id": "vkTqMk5OhU77zv43jcQNZA",
    "size": [
      1.8357789136485467,
      4.0604646331539715,
      1.3100000000000023
    ],
    "obj_class": "vehicle",
    "point_num_in_lidar": 1114,
    "speed": 0.004671877642077989,
    "if_vehicle": true,
    "motion_state": false,
    "pose": [
      [
        -0.8882590344700553,
        -0.4585112383384788,
        0.027628463577259232,
        -8.07613969838394
      ],
      [
        0.457349892481292,
        -0.8884007317325491,
        -0.039688987193200215,
        9.498094383812713
      ],
      [
        0.04274299392503743,
        -0.02261822659684361,
        0.9988300417468118,
        0.3784354510248207
      ],
      [
        0.0,
        0.0,
        0.0,
        1.0
      ]
    ],
    "location": [
      -8.07613969838394,
      9.498094383812713,
      0.3784354510248207
    ],
    "rotation": [
      -0.0226408505525691,
      -0.04275601961858343,
      2.666109288722602
    ]
  }
]