[
  {
    "label_id": "0swVhSVbEe4_bfXYmVkjxA",
    "size": [
      2.0805271023934995,
      4.2235539734875545,
      1.6300000000000026
    ],
    "obj_class": "vehicle",
    "point_num_in_lidar": 276,
    "speed": 0.010826341991650905,
    "if_vehicle": true,
    "motion_state": false,
    "pose": [
      [
        -0.4442570405571365,
        0.8955777752155129,
        0.024002717667945213,
        -9.069816402709648
      ],
      [
        -0.8958245943341314,
        -0.44371435631651485,
        -0.024816651359711568,
        -9.709542737722586
      ],
      [
        -0.011574890993150169,
        -0.032527196907407414,
        0.9994038239669905,
        0.6022440960684179
      ],
      [
        0.0,
        0.0,
        0.0,
        1.0
      ]
    ],
    "location": [
      -9.069816402709648,
      -9.709542737722586,
      0.6022440960684179
    ],
    "rotation": [
      -0.032535115708334755,
      0.01157514947238762,
      -2.031174350034894
    ]
  },
  {
    "label_id": "1QIPVI4SYu5_OBX1AuXd9w",
    "size": [
      1.8772161115472412,
      3.98080271344166,
      1.5399999999999991
    ],
    "obj_class": "vehicle",
    "point_num_in_lidar": 4169,
    "speed": 0.054103127071248716,
    "if_vehicle": true,
    "motion_state": false,
    "pose": [
      [
        0.47461396640523057,
        -0.8798667242472847,
        0.024002717667945213,
        12.081781463834204
      ],
      [
        0.8801319515297559,
        0.47408003724235614,
        -0.024816651359711568,
        14.631749111829777
      ],
      [
        0.010456136452719117,
        0.03290388807783484,
        0.9994038239669905,
        0.20006369523544976
      ],
      [
        0.0,
        0.0,
        0.0,
        1.0
      ]
    ],
    "location": [
      12.081781463834204,
      14.631749111829777,
      0.20006369523544976
    ],
    "rotation": [
      0.03291162811784629,
      -0.010456326991702514,
      1.0762414457265117
    ]
  },
  {
    "label_id": "2w9dOhBjHynufErf2sTmhQ",
    "size": [
      2.007923276228154,
      4.299028948583187,
      1.6099999999999994
    ],
    "obj_class": "vehicle",
    "point_num_in_lidar": 74,
    "speed": 0.0051513128604626385,
    "if_vehicle": true,
    "motion_state": false,
    "pose": [
      [
        -0.48282576243671466,
        0.8753874300399556,
        0.024002717667945213,
        -19.140483994855913
      ],
      [
        -0.8756576414805225,
        -0.48229433827493656,
        -0.024816651359711568,
        -29.040020430702498
      ],
      [
        -0.010147809821513712,
        -0.03300028175611464,
        0.9994038239669905,
        2.8929331393733406
      ],
      [
        0.0,
        0.0,
        0.0,
        1.0
      ]
    ],
    "location": [
      -19.140483994855913,
      -29.040020430702498,
      2.8929331393733406
    ],
    "rotation": [
      -0.033007974556274876,
      0.010147983996519802,
      -2.0747033710558123
    ]
  },
  {
    "label_id": "7VTQFvqpaXeGiCwGrH7yBw",
    "size": [
      2.130065371239594,
      5.233383677907911,
      2.009999999999998
    ],
    "obj_class": "vehicle",
    "point_num_in_lidar": 5633,
    "speed": 3.552713678800501e-14,
    "if_vehicle": true,
    "motion_state": false,
    "pose": [
      [
        -0.44223374390571973,
        0.8965785996195109,
        0.024002717667945213,
        7.111312435613627
      ],
      [
        -0.8968241927585019,
        -0.441690503744819,
        -0.024816651359711568,
        18.943932283458707
      ],
      [
        -0.01164830606533644,
        -0.032500978538573415,
        0.9994038239669905,
        0.6370347035121853
      ],
      [
        0.0,
        0.0,
        0.0,
        1.0
      ]
    ],
    "location": [
      7.111312435613627,
      18.943932283458707,
      0.6370347035121853
    ],
    "rotation": [
      -0.03250890943685441,
      0.011648569494339395,
      -2.0289174462798414
    ]
  },
  {
    "label_id": "DrhUUz9LgHDjfIRA1Z-BUw",
    "size": [
      0.47075533909030975,
      0.14206044227185116,
      0.18999999999999773
    ],
    "obj_class": "sign",
    "point_num_in_lidar": 98,
    "speed": 0.008909183631209044,
    "if_vehicle": false,
    "motion_state": false,
    "pose": [
      [
        0.5207789591176241,
        -0.8533540562304235,
        0.024002717667945213,
        1.13428123081394
      ],
      [
        0.8536473300993552,
        0.5202599058446967,
        -0.024816651359711568,
        10.99122416823775
      ],
      [
        0.008689738465924107,
        0.033413845716265614,
        0.9994038239669905,
        2.1414315089143017
      ],
      [
        0.0,
        0.0,
        0.0,
        1.0
      ]
    ],
    "location": [
      1.13428123081394,
      10.99122416823775,
      2.1414315089143017
    ],
    "rotation": [
      0.0334213288610357,
      -0.008689847832250552,
      1.0230101364220936
    ]
  },
  {
    "label_id": "FrylGPsB2blyKQv9jX9B6g",
    "size": [
      0.398218585076886,
      0.13795218438773005,
      0.6499999999999986
    ],
    "obj_class": "sign",
    "point_num_in_lidar": 91,
    "speed": 0.003179879781421922,
    "if_vehicle": false,
    "motion_state": false,
    "pose": [
      [
        -0.9509311418478034,
        -0.30847014929906197,
        0.024002717667945213,
        11.712684995301288
      ],
      [
        0.3078971973689118,
        -0.9510959203296268,
        -0.024816651359711568,
        1.5274052242984908
      ],
      [
        0.030484083000839542,
        -0.01620855711513177,
        0.9994038239669905,
        1.239654350769662
      ],
      [
        0.0,
        0.0,
        0.0,
        1.0
      ]
    ],
    "location": [
      11.712684995301288,
      1.5274052242984908,
      1.239654350769662
    ],
    "rotation": [
      -0.016216804292537128,
      -0.03048880634759708,
      2.8284601129836653
    ]
  },
  {
    "label_id": "HjlBUfreDbfIcoA7Ha1nIA",
    "size": [
      0.8910268632995914,
      0.1569817500923732,
      0.8100000000000023
    ],
    "obj_class": "sign",
    "point_num_in_lidar": 40,
    "speed": 0.0003548421087785978,
    "if_vehicle": false,
    "motion_state": false,
    "pose": [
      [
        -0.6318961134653065,
        0.7746813353450522,
        0.024002717667945213,
        0.44867064853383454
      ],
      [
        -0.7750424141490301,
        -0.631421721265062,
        -0.024816651359711568,
        -13.90599738085075
      ],
      [
        -0.0040691593092006826,
        -0.03428466979092709,
        0.9994038239669905,
        2.455116666423372
      ],
      [
        0.0,
        0.0,
        0.0,
        1.0
      ]
    ],
    "location": [
      0.44867064853383454,
      -13.90599738085075,
      2.455116666423372
    ],
    "rotation": [
      -0.03429167394767637,
      0.004069170538846648,
      -2.254800286222226
    ]
  },
  {
    "label_id": "KiQb-qOU1yaSFh_1XhucKg",
    "size": [
      1.8512328958894837,
      4.73508114918199,
      1.759999999999998
    ],
    "obj_class": "vehicle",
    "point_num_in_lidar": 4646,
    "speed": 0.005850111366793812,
    "if_vehicle": true,
    "motion_state": false,
    "pose": [
      [
        0.4403408901304107,
        -0.8975097604058189,
        0.024002717667945213,
        14.572282358385337
      ],
      [
        0.8977542067077525,
        0.4397971329531654,
        -0.024816651359711568,
        19.31864518951079
      ],
      [
        0.011716860402482874,
        0.03247632710860777,
        0.9994038239669905,
        0.3063681676142309
      ],
      [
        0.0,
        0.0,
        0.0,
        1.0
      ]
    ],
    "location": [
      14.572282358385337,
      19.31864518951079,
      0.3063681676142309
    ],
    "rotation": [
      0.0324842693405009,
      -0.011717128510220456,
      1.1147843373455186
    ]
  },
  {
    "label_id": "LZrxjRpBcbsFGjcCXZ-SPg",
    "size": [
      1.8225621404117143,
      4.136724390663064,
      1.4500000000000028
    ],
    "obj_class": "vehicle",
    "point_num_in_lidar": 64,
    "speed": 3.1776437161565096e-13,
    "if_vehicle": true,
    "motion_state": false,
    "pose": [
      [
        -0.1061488178912259,
        0.9940605102330784,
        0.024002717667945213,
        13.795755372094618
      ],
      [
        -0.9941038380344642,
        -0.10555421839243546,
        -0.024816651359711568,
        -18.42254647577829
      ],
      [
        -0.022135665010177042,
        -0.02649545196281405,
        0.9994038239669905,
        -0.49172476395646214
      ],
      [
        0.0,
        0.0,
        0.0,
        1.0
      ]
    ],
    "location": [
      13.795755372094618,
      -18.42254647577829,
      -0.49172476395646214
    ],
    "rotation": [
      -0.02650504883985002,
      0.02213747310935148,
      -1.6771716653701836
    ]
  },
  {
    "label_id": "V6tbs1CCK71HOxr7oYGLXA",
    "size": [
      2.066164501106165,
      4.585339281261214,
      1.5899999999999963
    ],
    "obj_class": "vehicle",
    "point_num_in_lidar": 4368,
    "speed": 0.015759912578653806,
    "if_vehicle": true,
    "motion_state": false,
    "pose": [
      [
        -0.4907190233073353,
        0.8709872041016721,
        0.024002717667945213,
        4.117882908830552
      ],
      [
        -0.8712622082641658,
        -0.4901900634100406,
        -0.024816651359711568,
        13.518895226958193
      ],
      [
        -0.00984909208729777,
        -0.03309066371671157,
        0.9994038239669905,
        0.35296739376958186
      ],
      [
        0.0,
        0.0,
        0.0,
        1.0
      ]
    ],
    "location": [
      4.117882908830552,
      13.518895226958193,
      0.35296739376958186
    ],
    "rotation": [
      -0.03309831166636409,
      0.00984925132881334,
      -2.0837384199861164
    ]
  },
  {
    "label_id": "XOxTMIWHL5ip3LD7psueTg",
    "size": [
      1.9205290880940724,
      4.513249209406444,
      1.6700000000000017
    ],
    "obj_class": "vehicle",
    "point_num_in_lidar": 3925,
    "speed": 0.02498710445811213,
    "if_vehicle": true,
    "motion_state": false,
    "pose": [
      [
        0.4486555109438725,
        -0.8933823940755972,
        0.024002717667945213,
        9.876270016153512
      ],
      [
        0.8936318787616075,
        0.44811404695265883,
        -0.024816651359711568,
        10.188916822111423
      ],
      [
        0.011414804452633528,
        0.03258372108069766,
        0.9994038239669905,
        0.10456027389670197
      ],
      [
        0.0,
        0.0,
        0.0,
        1.0
      ]
    ],
    "location": [
      9.876270016153512,
      10.188916822111423,
      0.10456027389670197
    ],
    "rotation": [
      0.03259161364881872,
      -0.011415052354412428,
      1.1055032470217303
    ]
  },
  {
    "label_id": "aFNCQJ_mhmlAGA1fcaLCMw",
    "size": [
      2.0754389162516076,
      4.655105173716041,
      1.7100000000000009
    ],
    "obj_class": "vehicle",
    "point_num_in_lidar": 69,
    "speed": 0.004019173330119242,
    "if_vehicle": true,
    "motion_state": false,
    "pose": [
      [
        0.4156607444090082,
        -0.9092029559465269,
        0.024002717667945213,
        -7.412587083350445
      ],
      [
        0.9094324580915801,
        0.41511051297792595,
        -0.024816651359711568,
        -25.534141483107305
      ],
      [
        0.01259959232893909,
        0.03214415830755415,
        0.9994038239669905,
        1.6526316911062082
      ],
      [
        0.0,
        0.0,
        0.0,
        1.0
      ]
    ],
    "location": [
      -7.412587083350445,
      -25.534141483107305,
      1.6526316911062082
    ],
    "rotation": [
      0.032152249419723986,
      -0.012599925716396083,
      1.142090888323833
    ]
  },
  {
    "label_id": "aZJ-kQPe_1iw2haDM5zuog",
    "size": [
      2.113981498506654,
      4.2681103178543385,
      1.6000000000000014
    ],
    "obj_class": "vehicle",
    "point_num_in_lidar": 1024,
    "speed": 4.554136322423497,
    "if_vehicle": true,
    "motion_state": true,
    "pose": [
      [
        -0.09035109832112613,
        0.9956206850888139,
        0.024002717667945213,
        3.534964800570833
      ],
      [
        -0.9956545659915229,
        -0.08975588579877261,
        -0.024816651359711568,
        2.7566847734578914
      ],
      [
        -0.022553586242502005,
        -0.026140627149297463,
        0.9994038239669905,
        0.0329561973912007
      ],
      [
        0.0,
        0.0,
        0.0,
        1.0
      ]
    ],
    "location": [
      3.534964800570833,
      2.7566847734578914,
      0.0329561973912007
    ],
    "rotation": [
      -0.026150258400851955,
      0.022555498714144525,
      -1.661293888787385
    ]
  },
  {
    "label_id": "aoj79G3iOHdhBgeszAfT8Q",
    "size": [
      1.2347263316737087,
      0.2022955934763529,
      1.0899999999999963
    ],
    "obj_class": "sign",
    "point_num_in_lidar": 122,
    "speed": 0.005925248879141487,
    "if_vehicle": false,
    "motion_state": false,
    "pose": [
      [
        0.49603204962105724,
        -0.8679723931631039,
        0.024002717667945213,
        -9.844838203779545
      ],
      [
        0.8682506244132969,
        0.49550478001852843,
        -0.024816651359711568,
        -6.926434863757095
      ],
      [
        0.009646706933081207,
        0.03315022904149843,
        0.9994038239669905,
        2.675044318811821
      ],
      [
        0.0,
        0.0,
        0.0,
        1.0
      ]
    ],
    "location": [
      -9.844838203779545,
      -6.926434863757095,
      2.675044318811821
    ],
    "rotation": [
      0.03315784713752928,
      -0.009646856558090909,
      1.0517467347064025
    ]
  },
  {
    "label_id": "cedkFiBfazD1eILNFRFi2g",
    "size": [
      1.205288409074903,
      1.354676491567917,
      1.8599999999999994
    ],
    "obj_class": "pedestrian",
    "point_num_in_lidar": 117,
    "speed": 1.4700792968895913,
    "if_vehicle": false,
    "motion_state": true,
    "pose": [
      [
        -0.8424746474276005,
        -0.5382010200531889,
        0.024002717667945213,
        0.9184309582385595
      ],
      [
        0.5376881015850663,
        -0.8427785232367622,
        -0.024816651359711568,
        -10.683313387682574
      ],
      [
        0.03358532202596093,
        -0.008001423908846892,
        0.9994038239669905,
        0.06545604537149075
      ],
      [
        0.0,
        0.0,
        0.0,
        1.0
      ]
    ],
    "location": [
      0.9184309582385595,
      -10.683313387682574,
      0.06545604537149075
    ],
    "rotation": [
      -0.008006025954616781,
      -0.03359163912716891,
      2.573539936311792
    ]
  },
  {
    "label_id": "csxgKZev0sjcjG8cLELscg",
    "size": [
      2.113377041293391,
      5.185767427937253,
      1.8900000000000006
    ],
    "obj_class": "vehicle",
    "point_num_in_lidar": 548,
    "speed": 0.17544978400635242,
    "if_vehicle": true,
    "motion_state": false,
    "pose": [
      [
        -0.9736886985615353,
        -0.2266146240605328,
        0.024002717667945213,
        12.712976762759354
      ],
      [
        0.22602975017579585,
        -0.9738042338431055,
        -0.024816651359711568,
        -3.2378757963833777
      ],
      [
        0.02899776420710811,
        -0.01873836468706709,
        0.9994038239669905,
        -0.4514457026251506
      ],
      [
        0.0,
        0.0,
        0.0,
        1.0
      ]
    ],
    "location": [
      12.712976762759354,
      -3.2378757963833777,
      -0.4514457026251506
    ],
    "rotation": [
      -0.01874734607351188,
      -0.029001829638876393,
      2.913495020901703
    ]
  },
  {
    "label_id": "f-F206LnSHYeShECxDdREQ",
    "size": [
      1.8998600635909026,
      4.287560747320762,
      1.7000000000000028
    ],
    "obj_class": "vehicle",
    "point_num_in_lidar": 107,
    "speed": 0.007360404710021884,
    "if_vehicle": true,
    "motion_state": false,
    "pose": [
      [
        0.44231238204496137,
        -0.8965398073896468,
        0.024002717667945213,
        -3.3428918925721973
      ],
      [
        0.8967854481758518,
        0.44176916342737965,
        -0.024816651359711568,
        -17.706289697802276
      ],
      [
        0.011645455325940081,
        0.032502000098580036,
        0.9994038239669905,
        0.6709444863878815
      ],
      [
        0.0,
        0.0,
        0.0,
        1.0
      ]
    ],
    "location": [
      -3.3428918925721973,
      -17.706289697802276,
      0.6709444863878815
    ],
    "rotation": [
      0.03250993052634205,
      -0.011645718561572206,
      1.112587536669745
    ]
  },
  {
    "label_id": "vfjDCWBNleMB9kSOrvvidA",
    "size": [
      2.03971214022735,
      4.425729590636861,
      1.8299999999999983
    ],
    "obj_class": "vehicle",
    "point_num_in_lidar": 28,
    "speed": 0.01033495321927451,
    "if_vehicle": true,
    "motion_state": false,
    "pose": [
      [
        -0.4292877514898959,
        0.902848766940124,
        0.024002717667945213,
        -10.879870446627137
      ],
      [
        -0.9030865183706935,
        -0.42874103390320517,
        -0.024816651359711568,
        -13.71450135723535
      ],
      [
        -0.01211473309025698,
        -0.032330015191898626,
        0.9994038239669905,
        1.096665903094113
      ],
      [
        0.0,
        0.0,
        0.0,
        1.0
      ]
    ],
    "location": [
      -10.879870446627137,
      -13.71450135723535,
      1.096665903094113
    ],
    "rotation": [
      -0.03233802388030027,
      0.012115029449846788,
      -2.014535228506131
    ]
  },
  {
    "label_id": "vkTqMk5OhU77zv43jcQNZA",
    "size": [
      1.8357789136485478,
      4.0604646331539715,
      1.3100000000000023
    ],
    "obj_class": "vehicle",
    "point_num_in_lidar": 158,
    "speed": 0.030079336204542197,
    "if_vehicle": true,
    "motion_state": false,
    "pose": [
      [
        -0.8883422358180812,
        -0.458554186117939,
        0.024002717667945213,
        -8.120784155430101
      ],
      [
        0.4580155275747005,
        -0.8885977213091193,
        -0.024816651359711568,
        9.467001892560802
      ],
      [
        0.03270853959138744,
        -0.011052062158493489,
        0.9994038239669905,
        0.37843545102478515
      ],
      [
        0.0,
        0.0,
        0.0,
        1.0
      ]
    ],
    "location": [
      -8.120784155430101,
      9.467001892560802,
      0.37843545102478515
    ],
    "rotation": [
      -0.011058204294833804,
      -0.03271437459832463,
      2.665555281970013
    ]
  },
  {
    "label_id": "ye4M4U_b73PvfKmZ21IUgw",
    "size": [
      1.2533030558983014,
      1.4328117501689936,
      1.8900000000000006
    ],
    "obj_class": "pedestrian",
    "point_num_in_lidar": 356,
    "speed": 1.4198971242464313,
    "if_vehicle": false,
    "motion_state": true,
    "pose": [
      [
        -0.8951016991132763,
        -0.4452154734385122,
        0.024002717667945213,
        -2.8540354095853218
      ],
      [
        0.4446730537208094,
        -0.8953490990166352,
        -0.024816651359711568,
        10.072440978006853
      ],
      [
        0.0325395688222179,
        -0.011540065035376,
        0.9994038239669905,
        0.6016184155796793
      ],
      [
        0.0,
        0.0,
        0.0,
        1.0
      ]
    ],
    "location": [
      -2.8540354095853218,
      10.072440978006853,
      0.6016184155796793
    ],
    "rotation": [
      -0.011546435897976796,
      -0.032545313836873334,
      2.680520390059278
    ]
  }
]