[
  {
    "label_id": "0swVhSVbEe4_bfXYmVkjxA",
    "size": [
      2.0805271023934995,
      4.2235539734875545,
      1.6300000000000026
    ],
    "obj_class": "vehicle",
    "point_num_in_lidar": 393,
    "speed": 0.010826341720547186,
    "if_vehicle": true,
    "motion_state": false,
    "pose": [
      [
        -0.4442199102592205,
        0.8955029242473422,
        0.02726140116995166,
        -9.009814166570095
      ],
      [
        -0.8955999129754931,
        -0.4430461908929735,
        -0.040135627732927316,
        -9.72401173254002
      ],
      [
        -0.0238635120545868,
        -0.042244353465117165,
        0.9988222801843855,
        0.613646724006415
      ],
      [
        0.0,
        0.0,
        0.0,
        1.0
      ]
    ],
    "location": [
      -9.009814166570095,
      -9.72401173254002,
      0.613646724006415
    ],
    "rotation": [
      -0.042268972623887686,
      0.02386577754978664,
      -2.0312409274947116
    ]
  },
  {
    "label_id": "22F9ULjerOlKyH3Dp469yw",
    "size": [
      2.0366587718836184,
      4.317112949988031,
      1.5899999999999963
    ],
    "obj_class": "vehicle",
    "point_num_in_lidar": 425,
    "speed": 0.004204082111572468,
    "if_vehicle": true,
    "motion_state": false,
    "pose": [
      [
        -0.8915077422322409,
        -0.4521844331091278,
        0.02726140116995166,
        -12.466624472671356
      ],
      [
        0.45101162489173025,
        -0.8916151891926276,
        -0.040135627732927316,
        11.639937835167075
      ],
      [
        0.0424553854356953,
        -0.02348601402477053,
        0.9988222801843855,
        0.6128361580411834
      ],
      [
        0.0,
        0.0,
        0.0,
        1.0
      ]
    ],
    "location": [
      -12.466624472671356,
      11.639937835167075,
      0.6128361580411834
    ],
    "rotation": [
      -0.023509374487766146,
      -0.04246814981226923,
      2.6732381053360696
    ]
  },
  {
    "label_id": "2w9dOhBjHynufErf2sTmhQ",
    "size": [
      2.0079232762281536,
      4.299028948583187,
      1.6099999999999994
    ],
    "obj_class": "vehicle",
    "point_num_in_lidar": 40,
    "speed": 0.005151312731087733,
    "if_vehicle": true,
    "motion_state": false,
    "pose": [
      [
        -0.4827854086262728,
        0.8753142665487715,
        0.02726140116995166,
        -19.123497006558864
      ],
      [
        -0.8754622624526487,
        -0.48161702462410266,
        -0.040135627732927316,
        -29.063977312482166
      ],
      [
        -0.02200173263296565,
        -0.043243223381388446,
        0.9988222801843855,
        2.827411309076105
      ],
      [
        0.0,
        0.0,
        0.0,
        1.0
      ]
    ],
    "location": [
      -19.123497006558864,
      -29.063977312482166,
      2.827411309076105
    ],
    "rotation": [
      -0.04326719215168715,
      0.0220035081057486,
      -2.074762386285111
    ]
  },
  {
    "label_id": "4OME2iV4__hqoNfwcUJhqA",
    "size": [
      2.682588650234603,
      6.162741556573076,
      2.6400000000000006
    ],
    "obj_class": "vehicle",
    "point_num_in_lidar": 1166,
    "speed": 0.12177549710645409,
    "if_vehicle": true,
    "motion_state": false,
    "pose": [
      [
        0.8793221608972374,
        0.47544647791445876,
        0.02726140116995166,
        -11.83369405278495
      ],
      [
        -0.47427689679947804,
        0.8794603780436849,
        -0.040135627732927316,
        3.374176058143348
      ],
      [
        -0.043057665023432404,
        0.0223626941577944,
        0.9988222801843855,
        1.0603769849009694
      ],
      [
        0.0,
        0.0,
        0.0,
        1.0
      ]
    ],
    "location": [
      -11.83369405278495,
      3.374176058143348,
      1.0603769849009694
    ],
    "rotation": [
      0.02238532233554976,
      0.04307098068496402,
      -0.4946426394637997
    ]
  },
  {
    "label_id": "FrylGPsB2blyKQv9jX9B6g",
    "size": [
      0.3982185850768866,
      0.13795218438773005,
      0.6499999999999986
    ],
    "obj_class": "sign",
    "point_num_in_lidar": 265,
    "speed": 0.013282134935149844,
    "if_vehicle": false,
    "motion_state": false,
    "pose": [
      [
        -0.9508516645331578,
        -0.3084443678538708,
        0.02726140116995166,
        11.71954363111422
      ],
      [
        0.3072690866487261,
        -0.9507759145963582,
        -0.040135627732927316,
        1.5240051160144503
      ],
      [
        0.038299091955040075,
        -0.029786442598681545,
        0.9988222801843855,
        1.2202185659375928
      ],
      [
        0.0,
        0.0,
        0.0,
        1.0
      ]
    ],
    "location": [
      11.71954363111422,
      1.5240051160144503,
      1.2202185659375928
    ],
    "rotation": [
      -0.029812728398843268,
      -0.03830846112250548,
      2.829033619326931
    ]
  },
  {
    "label_id": "LZ9vNd3lCkwG9GE7UnjVrw",
    "size": [
      2.0494719882290555,
      4.3609996693622435,
      1.8800000000000026
    ],
    "obj_class": "vehicle",
    "point_num_in_lidar": 128,
    "speed": 2.929642751054232e-13,
    "if_vehicle": true,
    "motion_state": false,
    "pose": [
      [
        -0.44988904433495386,
        0.8926682831789381,
        0.02726140116995166,
        -35.43803081486658
      ],
      [
        -0.8927727120922028,
        -0.44871596353374454,
        -0.040135627732927316,
        6.243166349719104
      ],
      [
        -0.023595176009406388,
        -0.042394814262481435,
        0.9988222801843855,
        1.470838755318887
      ],
      [
        0.0,
        0.0,
        0.0,
        1.0
      ]
    ],
    "location": [
      -35.43803081486658,
      6.243166349719104,
      1.470838755318887
    ],
    "rotation": [
      -0.042419340893496735,
      0.023597365924312164,
      -2.0375777130296604
    ]
  },
  {
    "label_id": "LZrxjRpBcbsFGjcCXZ-SPg",
    "size": [
      1.822562140411712,
      4.136724390663064,
      1.4500000000000028
    ],
    "obj_class": "vehicle",
    "point_num_in_lidar": 244,
    "speed": 3.1776437161565096e-13,
    "if_vehicle": true,
    "motion_state": false,
    "pose": [
      [
        -0.10613994614160274,
        0.993977428234318,
        0.02726140116995166,
        13.7957553720953
      ],
      [
        -0.9936614079625467,
        -0.10500541753820786,
        -0.040135627732927316,
        -18.42254647577829
      ],
      [
        -0.0370313132220177,
        -0.03134859563549831,
        0.9988222801843855,
        -0.49172476395646214
      ],
      [
        0.0,
        0.0,
        0.0,
        1.0
      ]
    ],
    "location": [
      13.7957553720953,
      -18.42254647577829,
      -0.49172476395646214
    ],
    "rotation": [
      -0.03137525963388485,
      0.03703978206783803,
      -1.677209844894572
    ]
  },
  {
    "label_id": "Lp2aE54h-iTCtbmuyFtU1g",
    "size": [
      2.231573585163029,
      5.018725893423483,
      2.0700000000000003
    ],
    "obj_class": "vehicle",
    "point_num_in_lidar": 2294,
    "speed": 0.6810666883713934,
    "if_vehicle": true,
    "motion_state": false,
    "pose": [
      [
        -0.9587897122139932,
        -0.2828057703775845,
        0.02726140116995166,
        10.983543146907095
      ],
      [
        0.2816329464454246,
        -0.9586824369221294,
        -0.040135627732927316,
        -2.6849867524761066
      ],
      [
        0.0374856136281195,
        -0.030803918227857115,
        0.9988222801843855,
        -0.2556930915714446
      ],
      [
        0.0,
        0.0,
        0.0,
        1.0
      ]
    ],
    "location": [
      10.983543146907095,
      -2.6849867524761066,
      -0.2556930915714446
    ],
    "rotation": [
      -0.030830467371662715,
      -0.03749439813489762,
      2.855890693157154
    ]
  },
  {
    "label_id": "V6tbs1CCK71HOxr7oYGLXA",
    "size": [
      2.0661645011061656,
      4.585339281261214,
      1.5899999999999963
    ],
    "obj_class": "vehicle",
    "point_num_in_lidar": 3123,
    "speed": 0.015759912182406174,
    "if_vehicle": true,
    "motion_state": false,
    "pose": [
      [
        -0.49067800979068643,
        0.8709144083743832,
        0.02726140116995166,
        4.065655416933396
      ],
      [
        -0.8710729597356797,
        -0.4895110113202836,
        -0.040135627732927316,
        13.445784906498375
      ],
      [
        -0.021609940425045878,
        -0.04344033934134417,
        0.9988222801843855,
        0.3564318159683779
      ],
      [
        0.0,
        0.0,
        0.0,
        1.0
      ]
    ],
    "location": [
      4.065655416933396,
      13.445784906498375,
      0.3564318159683779
    ],
    "rotation": [
      -0.043464169634821484,
      0.02161162271456476,
      -2.08379557042936
    ]
  },
  {
    "label_id": "XOxTMIWHL5ip3LD7psueTg",
    "size": [
      1.920529088094073,
      4.513249209406444,
      1.6700000000000017
    ],
    "obj_class": "vehicle",
    "point_num_in_lidar": 4418,
    "speed": 0.024987103829857384,
    "if_vehicle": true,
    "motion_state": false,
    "pose": [
      [
        0.4486180130287852,
        -0.8933077265938965,
        0.02726140116995166,
        9.832345222055437
      ],
      [
        0.8934104857018315,
        0.44744478477740873,
        -0.040135627732927316,
        10.05340375972628
      ],
      [
        0.023655494586300622,
        0.04236118722536785,
        0.9988222801843855,
        0.12934784678697753
      ],
      [
        0.0,
        0.0,
        0.0,
        1.0
      ]
    ],
    "location": [
      9.832345222055437,
      10.05340375972628,
      0.12934784678697753
    ],
    "rotation": [
      0.042385734702061056,
      -0.023657701341867596,
      1.1054374044243698
    ]
  },
  {
    "label_id": "aFNCQJ_mhmlAGA1fcaLCMw",
    "size": [
      2.0754389162516067,
      4.655105173716041,
      1.7100000000000009
    ],
    "obj_class": "vehicle",
    "point_num_in_lidar": 113,
    "speed": 0.0018444608904725536,
    "if_vehicle": true,
    "motion_state": false,
    "pose": [
      [
        0.41562600414410955,
        -0.9091269662073893,
        0.02726140116995166,
        -7.416238104544391
      ],
      [
        0.90918672100862,
        0.41444980121611563,
        -0.040135627732927316,
        -25.511520493653734
      ],
      [
        0.02518989918190612,
        0.041467114518260996,
        0.9988222801843855,
        1.7096352124235707
      ],
      [
        0.0,
        0.0,
        0.0,
        1.0
      ]
    ],
    "location": [
      -7.416238104544391,
      -25.511520493653734,
      1.7096352124235707
    ],
    "rotation": [
      0.041492181340592064,
      -0.025192563904932103,
      1.1420203109936273
    ]
  },
  {
    "label_id": "aODc5-qJaKf-jvm5pjvxXA",
    "size": [
      1.887027773239079,
      4.196029966848567,
      1.6700000000000017
    ],
    "obj_class": "vehicle",
    "point_num_in_lidar": 186,
    "speed": 5.422982071392023e-13,
    "if_vehicle": true,
    "motion_state": false,
    "pose": [
      [
        -0.14067746552161214,
        0.9896800830069616,
        0.02726140116995166,
        18.8711842337907
      ],
      [
        -0.9894037489257159,
        -0.13953262341912218,
        -0.040135627732927316,
        -18.932963017903603
      ],
      [
        -0.03591757656293553,
        -0.032618710905105215,
        0.9988222801843855,
        -0.6503711422457883
      ],
      [
        0.0,
        0.0,
        0.0,
        1.0
      ]
    ],
    "location": [
      18.8711842337907,
      -18.932963017903603,
      -0.6503711422457883
    ],
    "rotation": [
      -0.03264556980149678,
      0.03592530376147142,
      -1.712033721432704
    ]
  },
  {
    "label_id": "aoj79G3iOHdhBgeszAfT8Q",
    "size": [
      1.2347263316737083,
      0.2022955934763529,
      1.0899999999999963
    ],
    "obj_class": "sign",
    "point_num_in_lidar": 38,
    "speed": 0.0059252487294265644,
    "if_vehicle": false,
    "motion_state": false,
    "pose": [
      [
        0.49599059205010504,
        -0.8678998494089265,
        0.02726140116995166,
        -9.837129882724184
      ],
      [
        0.868065528781706,
        0.49482458419870484,
        -0.040135627732927316,
        -6.959324101591847
      ],
      [
        0.021344093766744933,
        0.043571576383481546,
        0.9988222801843855,
        2.64418652693233
      ],
      [
        0.0,
        0.0,
        0.0,
        1.0
      ]
    ],
    "location": [
      -9.837129882724184,
      -6.959324101591847,
      2.64418652693233
    ],
    "rotation": [
      0.04359531261049456,
      -0.02134571472174466,
      1.0516909015859652
    ]
  },
  {
    "label_id": "cedkFiBfazD1eILNFRFi2g",
    "size": [
      1.2052884090772125,
      1.354676491567917,
      1.8599999999999994
    ],
    "obj_class": "pedestrian",
    "point_num_in_lidar": 243,
    "speed": 1.4061933067897443,
    "if_vehicle": false,
    "motion_state": true,
    "pose": [
      [
        -0.9311256879328256,
        -0.3636781121787139,
        0.02726140116995166,
        -6.385393640392749
      ],
      [
        0.3625004113802101,
        -0.9311189951534994,
        -0.040135627732927316,
        -6.859003619405485
      ],
      [
        0.03998005778886046,
        -0.02748904484452932,
        0.9988222801843855,
        0.5196228196561847
      ],
      [
        0.0,
        0.0,
        0.0,
        1.0
      ]
    ],
    "location": [
      -6.385393640392749,
      -6.859003619405485,
      0.5196228196561847
    ],
    "rotation": [
      -0.02751451203488881,
      -0.039990716177882024,
      2.770332016881509
    ]
  },
  {
    "label_id": "csxgKZev0sjcjG8cLELscg",
    "size": [
      2.1133770412939294,
      5.185767427937253,
      1.8900000000000006
    ],
    "obj_class": "vehicle",
    "point_num_in_lidar": 2661,
    "speed": 8.147791532149794,
    "if_vehicle": true,
    "motion_state": true,
    "pose": [
      [
        -0.8981835230509251,
        -0.4387746288541297,
        0.02726140116995166,
        -6.79089276721038
      ],
      [
        0.43760034224972516,
        -0.8982733836919623,
        -0.040135627732927316,
        5.324520363514239
      ],
      [
        0.0420986862354592,
        -0.024119561034843164,
        0.9988222801843855,
        0.588558446386287
      ],
      [
        0.0,
        0.0,
        0.0,
        1.0
      ]
    ],
    "location": [
      -6.79089276721038,
      5.324520363514239,
      0.588558446386287
    ],
    "rotation": [
      -0.024143308480092406,
      -0.04211113140941295,
      2.688232584094298
    ]
  },
  {
    "label_id": "f-F206LnSHYeShECxDdREQ",
    "size": [
      1.8998600635909033,
      4.287560747320762,
      1.7000000000000028
    ],
    "obj_class": "vehicle",
    "point_num_in_lidar": 207,
    "speed": 0.006719263168560001,
    "if_vehicle": true,
    "motion_state": false,
    "pose": [
      [
        0.4422754142785158,
        -0.8964648760163546,
        0.02726140116995166,
        -3.3107765880802162
      ],
      [
        0.8965593172717785,
        0.441101487188205,
        -0.040135627732927316,
        -17.68332417406782
      ],
      [
        0.0239551359405373,
        0.04219246460371264,
        0.9988222801843855,
        0.6079584051539868
      ],
      [
        0.0,
        0.0,
        0.0,
        1.0
      ]
    ],
    "location": [
      -3.3107765880802162,
      -17.68332417406782,
      0.6079584051539868
    ],
    "rotation": [
      0.042217115228311654,
      -0.023957427635664517,
      1.1125206445954559
    ]
  },
  {
    "label_id": "vPtOaGxH36PqjRODE3Gbkg",
    "size": [
      1.9066745843775563,
      4.572182520860192,
      1.5899999999999963
    ],
    "obj_class": "vehicle",
    "point_num_in_lidar": 43,
    "speed": 8.556067554929069e-13,
    "if_vehicle": true,
    "motion_state": false,
    "pose": [
      [
        -0.09156160846572457,
        0.9954261840344668,
        0.02726140116995166,
        22.322912553253673
      ],
      [
        -0.9950935709564489,
        -0.09043183304360611,
        -0.040135627732927316,
        -18.769143356248605
      ],
      [
        -0.037486756278879915,
        -0.030802527671491883,
        0.9988222801843855,
        -1.2570481645235958
      ],
      [
        0.0,
        0.0,
        0.0,
        1.0
      ]
    ],
    "location": [
      22.322912553253673,
      -18.769143356248605,
      -1.2570481645235958
    ],
    "rotation": [
      -0.030829076498508752,
      0.03749554158933959,
      -1.6625510287482423
    ]
  },
  {
    "label_id": "vfjDCWBNleMB9kSOrvvidA",
    "size": [
      2.03971214022735,
      4.425729590636861,
      1.8299999999999983
    ],
    "obj_class": "vehicle",
    "point_num_in_lidar": 77,
    "speed": 0.010334952959713957,
    "if_vehicle": true,
    "motion_state": false,
    "pose": [
      [
        -0.42925187230138473,
        0.9027733082740134,
        0.02726140116995166,
        -10.863871438484466
      ],
      [
        -0.9028507458994455,
        -0.42807670108906754,
        -0.040135627732927316,
        -13.771208288413618
      ],
      [
        -0.024563402748210474,
        -0.0418412697309053,
        0.9988222801843855,
        1.12881635352349
      ],
      [
        0.0,
        0.0,
        0.0,
        1.0
      ]
    ],
    "location": [
      -10.863871438484466,
      -13.771208288413618,
      1.12881635352349
    ],
    "rotation": [
      -0.04186612736433715,
      0.024565873517983255,
      -2.014604066549246
    ]
  },
  {
    "label_id": "vkTqMk5OhU77zv43jcQNZA",
    "size": [
      1.8357789136485474,
      4.0604646331539715,
      1.3100000000000023
    ],
    "obj_class": "vehicle",
    "point_num_in_lidar": 1103,
    "speed": 0.004671877643106195,
    "if_vehicle": true,
    "motion_state": false,
    "pose": [
      [
        -0.8882679895848036,
        -0.4585158608873006,
        0.02726140116995166,
        -8.07658448137363
      ],
      [
        0.45734384681445794,
        -0.8883837780866092,
        -0.040135627732927316,
        9.49823702220965
      ],
      [
        0.04262140846951175,
        -0.023183359276433575,
        0.9988222801843855,
        0.3784354510247425
      ],
      [
        0.0,
        0.0,
        0.0,
        1.0
      ]
    ],
    "location": [
      -8.07658448137363,
      9.49823702220965,
      0.3784354510247425
    ],
    "rotation": [
      -0.023206528170188666,
      -0.04263432326104497,
      2.666118771737464
    ]
  }
]