[
  {
    "label_id": "0swVhSVbEe4_bfXYmVkjxA",
    "size": [
      2.0805271023935,
      4.2235539734875545,
      1.6300000000000026
    ],
    "obj_class": "vehicle",
    "point_num_in_lidar": 370,
    "speed": 0.010826341811329628,
    "if_vehicle": true,
    "motion_state": false,
    "pose": [
      [
        -0.4442077278309894,
        0.8954783656900759,
        0.0282487365427253,
        -9.00770965437664
      ],
      [
        -0.8956521421800899,
        -0.4430758006138189,
        -0.03861444184031816,
        -9.72451921656284
      ],
      [
        -0.02206206571120575,
        -0.04245387486972253,
        0.9988548111538035,
        0.6140466585932955
      ],
      [
        0.0,
        0.0,
        0.0,
        1.0
      ]
    ],
    "location": [
      -9.00770965437664,
      -9.72451921656284,
      0.6140466585932955
    ],
    "rotation": [
      -0.04247698287330534,
      0.022063855832307137,
      -2.031206797636422
    ]
  },
  {
    "label_id": "22F9ULjerOlKyH3Dp469yw",
    "size": [
      2.0366587718836153,
      4.317112949988031,
      1.5899999999999963
    ],
    "obj_class": "vehicle",
    "point_num_in_lidar": 423,
    "speed": 0.004204082077079463,
    "if_vehicle": true,
    "motion_state": false,
    "pose": [
      [
        -0.8914832932401172,
        -0.4521720322592883,
        0.0282487365427253,
        -12.466337337101322
      ],
      [
        0.4510416989874142,
        -0.8916671523925884,
        -0.03861444184031816,
        11.639147744908769
      ],
      [
        0.04264884111323508,
        -0.02168277165395715,
        0.9988548111538035,
        0.6127147622807456
      ],
      [
        0.0,
        0.0,
        0.0,
        1.0
      ]
    ],
    "location": [
      -12.466337337101322,
      11.639147744908769,
      0.6127147622807456
    ],
    "rotation": [
      -0.021704222255600005,
      -0.042661780871709236,
      2.6732001986298934
    ]
  },
  {
    "label_id": "2w9dOhBjHynufErf2sTmhQ",
    "size": [
      2.0079232762281536,
      4.299028948583187,
      1.6099999999999994
    ],
    "obj_class": "vehicle",
    "point_num_in_lidar": 53,
    "speed": 0.005151312774963933,
    "if_vehicle": true,
    "motion_state": false,
    "pose": [
      [
        -0.48277216856554234,
        0.8752902616516781,
        0.0282487365427253,
        -19.122901206696724
      ],
      [
        -0.8755131530453688,
        -0.48164888012526014,
        -0.03861444184031816,
        -29.064817573666005
      ],
      [
        -0.02019287258118845,
        -0.04337411822526777,
        0.9988548111538035,
        2.8251132032111173
      ],
      [
        0.0,
        0.0,
        0.0,
        1.0
      ]
    ],
    "location": [
      -19.122901206696724,
      -29.064817573666005,
      2.8251132032111173
    ],
    "rotation": [
      -0.04339658379215896,
      0.020194245114090997,
      -2.0747262097443206
    ]
  },
  {
    "label_id": "4OME2iV4__hqoNfwcUJhqA",
    "size": [
      2.6825886502333134,
      6.162741556573076,
      2.6400000000000006
    ],
    "obj_class": "vehicle",
    "point_num_in_lidar": 1213,
    "speed": 0.07457702702111738,
    "if_vehicle": true,
    "motion_state": false,
    "pose": [
      [
        0.8792647834528352,
        0.4754949520903229,
        0.0282487365427253,
        -11.815960624570153
      ],
      [
        -0.47436985339358895,
        0.8794783494053197,
        -0.03861444184031816,
        3.3639441485465795
      ],
      [
        -0.043205124360238434,
        0.02055196983055274,
        0.9988548111538035,
        1.0590393698455856
      ],
      [
        0.0,
        0.0,
        0.0,
        1.0
      ]
    ],
    "location": [
      -11.815960624570153,
      3.3639441485465795,
      1.0590393698455856
    ],
    "rotation": [
      0.02057262987037241,
      0.04321857737414444,
      -0.49475179411637077
    ]
  },
  {
    "label_id": "FrylGPsB2blyKQv9jX9B6g",
    "size": [
      0.3982185850768863,
      0.13795218438773005,
      0.6499999999999986
    ],
    "obj_class": "sign",
    "point_num_in_lidar": 260,
    "speed": 0.014062746712814815,
    "if_vehicle": false,
    "motion_state": false,
    "pose": [
      [
        -0.9508255880744182,
        -0.30843590897733775,
        0.0282487365427253,
        11.716962385693478
      ],
      [
        0.3072907375996848,
        -0.9508319133615585,
        -0.03861444184031816,
        1.5228882866776985
      ],
      [
        0.03876988068563716,
        -0.028035024282512717,
        0.9988548111538035,
        1.221808486665104
      ],
      [
        0.0,
        0.0,
        0.0,
        1.0
      ]
    ],
    "location": [
      11.716962385693478,
      1.5228882866776985,
      1.221808486665104
    ],
    "rotation": [
      -0.0280597998518384,
      -0.038779599785891114,
      2.829004977462423
    ]
  },
  {
    "label_id": "LZ9vNd3lCkwG9GE7UnjVrw",
    "size": [
      2.049471988229056,
      4.3609996693622435,
      1.8800000000000026
    ],
    "obj_class": "vehicle",
    "point_num_in_lidar": 122,
    "speed": 2.929642751054232e-13,
    "if_vehicle": true,
    "motion_state": false,
    "pose": [
      [
        -0.44987670643458727,
        0.8926438023597699,
        0.0282487365427253,
        -35.43803081486544
      ],
      [
        -0.8928247525022316,
        -0.4487459038260847,
        -0.03861444184031816,
        6.243166349719104
      ],
      [
        -0.021792437378531593,
        -0.042592909128191726,
        0.9988548111538035,
        1.470838755318816
      ],
      [
        0.0,
        0.0,
        0.0,
        1.0
      ]
    ],
    "location": [
      -35.43803081486544,
      6.243166349719104,
      1.470838755318816
    ],
    "rotation": [
      -0.04261592471811182,
      0.021794162656192065,
      -2.0375432679109915
    ]
  },
  {
    "label_id": "LZrxjRpBcbsFGjcCXZ-SPg",
    "size": [
      1.8225621404117076,
      4.136724390663064,
      1.4500000000000028
    ],
    "obj_class": "vehicle",
    "point_num_in_lidar": 236,
    "speed": 3.1776437161565096e-13,
    "if_vehicle": true,
    "motion_state": false,
    "pose": [
      [
        -0.10613703532593236,
        0.9939501690809059,
        0.0282487365427253,
        13.795755372094845
      ],
      [
        -0.9937206639494636,
        -0.10501507949431747,
        -0.03861444184031816,
        -18.42254647577829
      ],
      [
        -0.03541428768250073,
        -0.03216977561066747,
        0.9988548111538035,
        -0.4917247639565332
      ],
      [
        0.0,
        0.0,
        0.0,
        1.0
      ]
    ],
    "location": [
      13.795755372094845,
      -18.42254647577829,
      -0.4917247639565332
    ],
    "rotation": [
      -0.03219552958744469,
      0.0354216944634715,
      -1.6772006510329032
    ]
  },
  {
    "label_id": "Lp2aE54h-iTCtbmuyFtU1g",
    "size": [
      2.2315735851626455,
      5.018725893423483,
      2.0700000000000003
    ],
    "obj_class": "vehicle",
    "point_num_in_lidar": 2332,
    "speed": 0.4796938394014322,
    "if_vehicle": true,
    "motion_state": false,
    "pose": [
      [
        -0.9555742808929193,
        -0.29339359669174764,
        0.0282487365427253,
        10.901410370847998
      ],
      [
        0.29224846808711846,
        -0.9555625347312928,
        -0.03861444184031816,
        -2.6545269172474946
      ],
      [
        0.03832266426949834,
        -0.02864331751363542,
        0.9988548111538035,
        -0.253693229871935
      ],
      [
        0.0,
        0.0,
        0.0,
        1.0
      ]
    ],
    "location": [
      10.901410370847998,
      -2.6545269172474946,
      -0.253693229871935
    ],
    "rotation": [
      -0.028668300660052246,
      -0.03833205075484857,
      2.844790891925001
    ]
  },
  {
    "label_id": "V6tbs1CCK71HOxr7oYGLXA",
    "size": [
      2.0661645011061656,
      4.585339281261214,
      1.5899999999999963
    ],
    "obj_class": "vehicle",
    "point_num_in_lidar": 3164,
    "speed": 0.01575991231474205,
    "if_vehicle": true,
    "motion_state": false,
    "pose": [
      [
        -0.4906645532807449,
        0.8708905241404035,
        0.0282487365427253,
        4.06382359531176
      ],
      [
        -0.8711235602942111,
        -0.48954332554095625,
        -0.03861444184031816,
        13.44322064271546
      ],
      [
        -0.019799971064247742,
        -0.04355487780667707,
        0.9988548111538035,
        0.35600138659806646
      ],
      [
        0.0,
        0.0,
        0.0,
        1.0
      ]
    ],
    "location": [
      4.06382359531176,
      13.44322064271546,
      0.35600138659806646
    ],
    "rotation": [
      -0.04357720860174381,
      0.01980126501886498,
      -2.083759004540461
    ]
  },
  {
    "label_id": "XOxTMIWHL5ip3LD7psueTg",
    "size": [
      1.9205290880940724,
      4.513249209406444,
      1.6700000000000017
    ],
    "obj_class": "vehicle",
    "point_num_in_lidar": 4456,
    "speed": 0.024987104040101342,
    "if_vehicle": true,
    "motion_state": false,
    "pose": [
      [
        0.4486057099855842,
        -0.8932832282384292,
        0.0282487365427253,
        9.830804608393692
      ],
      [
        0.8934625686745334,
        0.4474746509679237,
        -0.03861444184031816,
        10.04865078865987
      ],
      [
        0.021853039739003655,
        0.04256184781074649,
        0.9988548111538035,
        0.1302172435418214
      ],
      [
        0.0,
        0.0,
        0.0,
        1.0
      ]
    ],
    "location": [
      9.830804608393692,
      10.04865078865987,
      0.1302172435418214
    ],
    "rotation": [
      0.04258488418921674,
      -0.021854779452218812,
      1.105471779277663
    ]
  },
  {
    "label_id": "aFNCQJ_mhmlAGA1fcaLCMw",
    "size": [
      2.0754389162516076,
      4.655105173716041,
      1.7100000000000009
    ],
    "obj_class": "vehicle",
    "point_num_in_lidar": 122,
    "speed": 0.004556170105662349,
    "if_vehicle": true,
    "motion_state": false,
    "pose": [
      [
        0.4156146058842623,
        -0.9091020340200592,
        0.0282487365427253,
        -7.416366160081907
      ],
      [
        0.9092398620765121,
        0.41447774137153115,
        -0.03861444184031816,
        -25.51072708742322
      ],
      [
        0.023395995100754314,
        0.04173360334484789,
        0.9988548111538035,
        1.7116345480046746
      ],
      [
        0.0,
        0.0,
        0.0,
        1.0
      ]
    ],
    "location": [
      -7.416366160081907,
      -25.51072708742322,
      1.7116345480046746
    ],
    "rotation": [
      0.04175716394787367,
      -0.023398130014389402,
      1.1420527801375626
    ]
  },
  {
    "label_id": "aODc5-qJaKf-jvm5pjvxXA",
    "size": [
      1.8870277732390754,
      4.196029966848567,
      1.6700000000000017
    ],
    "obj_class": "vehicle",
    "point_num_in_lidar": 184,
    "speed": 5.422982071392023e-13,
    "if_vehicle": true,
    "motion_state": false,
    "pose": [
      [
        -0.14067360753801403,
        0.9896529417053135,
        0.0282487365427253,
        18.87118423378979
      ],
      [
        -0.9894626326500899,
        -0.13954434230922458,
        -0.03861444184031816,
        -18.932963017905422
      ],
      [
        -0.03427294459765846,
        -0.03338310206534816,
        0.9988548111538035,
        -0.6488785135311304
      ],
      [
        0.0,
        0.0,
        0.0,
        1.0
      ]
    ],
    "location": [
      18.87118423378979,
      -18.932963017905422,
      -0.6488785135311304
    ],
    "rotation": [
      -0.03340894042262979,
      0.03427965784530235,
      -1.712021605785382
    ]
  },
  {
    "label_id": "aoj79G3iOHdhBgeszAfT8Q",
    "size": [
      1.2347263316737078,
      0.2022955934763529,
      1.0899999999999963
    ],
    "obj_class": "sign",
    "point_num_in_lidar": 56,
    "speed": 0.00592524877818413,
    "if_vehicle": false,
    "motion_state": false,
    "pose": [
      [
        0.49597698984621336,
        -0.8678760478471732,
        0.0282487365427253,
        -9.836859521873976
      ],
      [
        0.868115930938752,
        0.49485720701198715,
        -0.03861444184031816,
        -6.960477655304203
      ],
      [
        0.01953345830704936,
        0.0436750528501842,
        0.9988548111538035,
        2.6431042239475175
      ],
      [
        0.0,
        0.0,
        0.0,
        1.0
      ]
    ],
    "location": [
      -9.836859521873976,
      -6.960477655304203,
      2.6431042239475175
    ],
    "rotation": [
      0.043697292470552755,
      -0.019534700705062757,
      1.0517277235983644
    ]
  },
  {
    "label_id": "cedkFiBfazD1eILNFRFi2g",
    "size": [
      1.2052884090747706,
      1.354676491567917,
      1.8599999999999994
    ],
    "obj_class": "pedestrian",
    "point_num_in_lidar": 225,
    "speed": 1.4059649824944243,
    "if_vehicle": false,
    "motion_state": true,
    "pose": [
      [
        -0.9317196638238181,
        -0.36207799840334276,
        0.0282487365427253,
        -6.649100181085714
      ],
      [
        0.3609350453020148,
        -0.9317911879569334,
        -0.03861444184031816,
        -6.767764909602192
      ],
      [
        0.04030336359243314,
        -0.02578187576643239,
        0.9988548111538035,
        0.5179565092879201
      ],
      [
        0.0,
        0.0,
        0.0,
        1.0
      ]
    ],
    "location": [
      -6.649100181085714,
      -6.767764909602192,
      0.5179565092879201
    ],
    "rotation": [
      -0.025805704905060053,
      -0.040314282778616366,
      2.772007586720554
    ]
  },
  {
    "label_id": "csxgKZev0sjcjG8cLELscg",
    "size": [
      2.113377041291887,
      5.185767427937253,
      1.8900000000000006
    ],
    "obj_class": "vehicle",
    "point_num_in_lidar": 2132,
    "speed": 8.344946139553187,
    "if_vehicle": true,
    "motion_state": true,
    "pose": [
      [
        -0.8968535316666151,
        -0.44142468397322276,
        0.0282487365427253,
        -8.240521655354087
      ],
      [
        0.4402922225525815,
        -0.8970237921265347,
        -0.03861444184031816,
        6.052439190418227
      ],
      [
        0.04238515656250371,
        -0.02219379954112561,
        0.9988548111538035,
        0.6485542973746945
      ],
      [
        0.0,
        0.0,
        0.0,
        1.0
      ]
    ],
    "location": [
      -8.240521655354087,
      6.052439190418227,
      0.6485542973746945
    ],
    "rotation": [
      -0.022215589346329768,
      -0.04239785766595128,
      2.6852274099257047
    ]
  },
  {
    "label_id": "f-F206LnSHYeShECxDdREQ",
    "size": [
      1.8998600635909024,
      4.287560747320762,
      1.7000000000000028
    ],
    "obj_class": "vehicle",
    "point_num_in_lidar": 217,
    "speed": 0.007158084331206804,
    "if_vehicle": true,
    "motion_state": false,
    "pose": [
      [
        0.44226328517676194,
        -0.8964402910782167,
        0.0282487365427253,
        -3.309535552810985
      ],
      [
        0.8966116106133664,
        0.4411309834897858,
        -0.03861444184031816,
        -17.684128457793122
      ],
      [
        0.022154148549721427,
        0.042405895072931715,
        0.9988548111538035,
        0.6129584440803626
      ],
      [
        0.0,
        0.0,
        0.0,
        1.0
      ]
    ],
    "location": [
      -3.309535552810985,
      -17.684128457793122,
      0.6129584440803626
    ],
    "rotation": [
      0.04242903458671519,
      -0.02215596118269893,
      1.1125546652241074
    ]
  },
  {
    "label_id": "vPtOaGxH36PqjRODE3Gbkg",
    "size": [
      1.9066745843775548,
      4.572182520860192,
      1.5899999999999963
    ],
    "obj_class": "vehicle",
    "point_num_in_lidar": 52,
    "speed": 8.556067554929069e-13,
    "if_vehicle": true,
    "motion_state": false,
    "pose": [
      [
        -0.09155909745102576,
        0.9953988851499148,
        0.0282487365427253,
        22.322912553253673
      ],
      [
        -0.9951529621775831,
        -0.09044062555368879,
        -0.03861444184031816,
        -18.769143356250424
      ],
      [
        -0.03588193895451351,
        -0.03164731729174188,
        0.9988548111538035,
        -1.2559672058940805
      ],
      [
        0.0,
        0.0,
        0.0,
        1.0
      ]
    ],
    "location": [
      22.322912553253673,
      -18.769143356250424,
      -1.2559672058940805
    ],
    "rotation": [
      -0.0316730055122541,
      0.03588964316608291,
      -1.662543081397714
    ]
  },
  {
    "label_id": "vfjDCWBNleMB9kSOrvvidA",
    "size": [
      2.03971214022735,
      4.425729590636861,
      1.8299999999999983
    ],
    "obj_class": "vehicle",
    "point_num_in_lidar": 81,
    "speed": 0.010334953049275224,
    "if_vehicle": true,
    "motion_state": false,
    "pose": [
      [
        -0.4292401003613943,
        0.9027485503314198,
        0.0282487365427253,
        -10.86331029093617
      ],
      [
        -0.9029034607492115,
        -0.4281054373030758,
        -0.03861444184031816,
        -13.773197221422379
      ],
      [
        -0.02276569368232136,
        -0.042080748877156786,
        0.9988548111538035,
        1.1299439950797279
      ],
      [
        0.0,
        0.0,
        0.0,
        1.0
      ]
    ],
    "location": [
      -10.86331029093617,
      -13.773197221422379,
      1.1299439950797279
    ],
    "rotation": [
      -0.042104096794372686,
      0.02276766062960843,
      -2.0145707916352515
    ]
  },
  {
    "label_id": "vkTqMk5OhU77zv43jcQNZA",
    "size": [
      1.8357789136485463,
      4.0604646331539715,
      1.3100000000000023
    ],
    "obj_class": "vehicle",
    "point_num_in_lidar": 1116,
    "speed": 0.004671877681968608,
    "if_vehicle": true,
    "motion_state": false,
    "pose": [
      [
        -0.8882436294406882,
        -0.45850328640236937,
        0.0282487365427253,
        -8.07569491645586
      ],
      [
        0.4573742898551824,
        -0.8884355260010871,
        -0.03861444184031816,
        9.497951745754108
      ],
      [
        0.042802029595581326,
        -0.02137878615353546,
        0.9988548111538035,
        0.3784354510247425
      ],
      [
        0.0,
        0.0,
        0.0,
        1.0
      ]
    ],
    "location": [
      -8.07569491645586,
      9.497951745754108,
      0.3784354510247425
    ],
    "rotation": [
      -0.02140002957708228,
      -0.04281510936586521,
      2.666080519413173
    ]
  }
]