[
  {
    "label_id": "0swVhSVbEe4_bfXYmVkjxA",
    "size": [
      2.0805271023934995,
      4.2235539734875545,
      1.6300000000000026
    ],
    "obj_class": "vehicle",
    "point_num_in_lidar": 442,
    "speed": 0.010826341810690556,
    "if_vehicle": true,
    "motion_state": false,
    "pose": [
      [
        -0.44417983948856216,
        0.895422145580122,
        0.03038834310399398,
        -9.04455045777513
      ],
      [
        -0.8955467605810032,
        -0.4427287814593995,
        -0.04457830952768918,
        -9.71563539109411
      ],
      [
        -0.026462611450616836,
        -0.04701496859688631,
        0.9985436009123725,
        0.6070455532826031
      ],
      [
        0.0,
        0.0,
        0.0,
        1.0
      ]
    ],
    "location": [
      -9.04455045777513,
      -9.71563539109411,
      0.6070455532826031
    ],
    "rotation": [
      -0.04704879469102855,
      0.02646570091889927,
      -2.0312286436692673
    ]
  },
  {
    "label_id": "22F9ULjerOlKyH3Dp469yw",
    "size": [
      2.0366587718836167,
      4.317112949988031,
      1.5899999999999963
    ],
    "obj_class": "vehicle",
    "point_num_in_lidar": 28,
    "speed": 0.00420408207586535,
    "if_vehicle": true,
    "motion_state": false,
    "pose": [
      [
        -0.8914273239496378,
        -0.4521436439002339,
        0.03038834310399398,
        -12.471363825005938
      ],
      [
        0.45069375428779895,
        -0.8915648681759631,
        -0.04457830952768918,
        11.652978769452602
      ],
      [
        0.047248978422360234,
        -0.02604248672834181,
        0.9985436009123725,
        0.61483987106093
      ],
      [
        0.0,
        0.0,
        0.0,
        1.0
      ]
    ],
    "location": [
      -12.471363825005938,
      11.652978769452602,
      0.61483987106093
    ],
    "rotation": [
      -0.026074559480472083,
      -0.04726657639653828,
      2.673485719420673
    ]
  },
  {
    "label_id": "2w9dOhBjHynufErf2sTmhQ",
    "size": [
      2.0079232762281536,
      4.299028948583187,
      1.6099999999999994
    ],
    "obj_class": "vehicle",
    "point_num_in_lidar": 37,
    "speed": 0.005151312775333823,
    "if_vehicle": true,
    "motion_state": false,
    "pose": [
      [
        -0.48274185906233,
        0.875235308995495,
        0.03038834310399398,
        -19.133331056256566
      ],
      [
        -0.8754229792153982,
        -0.4812976020938498,
        -0.04457830952768918,
        -29.050108275670937
      ],
      [
        -0.02439067384640637,
        -0.04812246986877077,
        0.9985436009123725,
        2.865342985026615
      ],
      [
        0.0,
        0.0,
        0.0,
        1.0
      ]
    ],
    "location": [
      -19.133331056256566,
      -29.050108275670937,
      2.865342985026615
    ],
    "rotation": [
      -0.04815539984985903,
      0.024393092849565243,
      -2.0747432153164924
    ]
  },
  {
    "label_id": "4OME2iV4__hqoNfwcUJhqA",
    "size": [
      2.6825886502326375,
      6.162741556573076,
      2.6400000000000006
    ],
    "obj_class": "vehicle",
    "point_num_in_lidar": 1171,
    "speed": 4.872779165795679,
    "if_vehicle": true,
    "motion_state": true,
    "pose": [
      [
        0.8748395833799776,
        0.4834586352056824,
        0.03038834310399398,
        -18.516288663907744
      ],
      [
        -0.48201453244946335,
        0.8750284365820226,
        -0.04457830952768918,
        7.1041376263656275
      ],
      [
        -0.048142433040639025,
        0.024351246741801755,
        0.9985436009123725,
        1.3080608455450289
      ],
      [
        0.0,
        0.0,
        0.0,
        1.0
      ]
    ],
    "location": [
      -18.516288663907744,
      7.1041376263656275,
      1.3080608455450289
    ],
    "rotation": [
      0.02438193094119054,
      0.04816104903319597,
      -0.5035912816718039
    ]
  },
  {
    "label_id": "FrylGPsB2blyKQv9jX9B6g",
    "size": [
      0.39821858507688795,
      0.13795218438773005,
      0.6499999999999986
    ],
    "obj_class": "sign",
    "point_num_in_lidar": 188,
    "speed": 0.0031798797286648113,
    "if_vehicle": false,
    "motion_state": false,
    "pose": [
      [
        -0.950765893143584,
        -0.30841654468960805,
        0.03038834310399398,
        11.720314825139894
      ],
      [
        0.3069628669612923,
        -0.9506769023314691,
        -0.04457830952768918,
        1.5276498232415179
      ],
      [
        0.04263818408172459,
        -0.03305544335151913,
        0.9985436009123725,
        1.2276530425354366
      ],
      [
        0.0,
        0.0,
        0.0,
        1.0
      ]
    ],
    "location": [
      11.720314825139894,
      1.5276498232415179,
      1.2276530425354366
    ],
    "rotation": [
      -0.03309157119396541,
      -0.04265111413722166,
      2.8292988695888033
    ]
  },
  {
    "label_id": "LZ9vNd3lCkwG9GE7UnjVrw",
    "size": [
      2.0494719882290573,
      4.3609996693622435,
      1.8800000000000026
    ],
    "obj_class": "vehicle",
    "point_num_in_lidar": 32,
    "speed": 0.0,
    "if_vehicle": true,
    "motion_state": false,
    "pose": [
      [
        -0.4498484621811586,
        0.8925877602099642,
        0.03038834310399398,
        -35.438030814866124
      ],
      [
        -0.8927215733459012,
        -0.4483982234604327,
        -0.04457830952768918,
        6.243166349719104
      ],
      [
        -0.026163974393529597,
        -0.047181813454839246,
        0.9985436009123725,
        1.470838755318887
      ],
      [
        0.0,
        0.0,
        0.0,
        1.0
      ]
    ],
    "location": [
      -35.438030814866124,
      6.243166349719104,
      1.470838755318887
    ],
    "rotation": [
      -0.04721551199406747,
      0.026166960420415962,
      -2.0375644809394253
    ]
  },
  {
    "label_id": "LZrxjRpBcbsFGjcCXZ-SPg",
    "size": [
      1.8225621404117147,
      4.136724390663064,
      1.4500000000000028
    ],
    "obj_class": "vehicle",
    "point_num_in_lidar": 80,
    "speed": 3.1776437161565096e-13,
    "if_vehicle": true,
    "motion_state": false,
    "pose": [
      [
        -0.10613037180839127,
        0.9938877666936075,
        0.03038834310399398,
        13.795755372095073
      ],
      [
        -0.993501490467775,
        -0.10472613216367292,
        -0.04457830952768918,
        -18.42254647577647
      ],
      [
        -0.041123382863307446,
        -0.034921976731427364,
        0.9985436009123725,
        -0.49172476395633424
      ],
      [
        0.0,
        0.0,
        0.0,
        1.0
      ]
    ],
    "location": [
      13.795755372095073,
      -18.42254647577647,
      -0.49172476395633424
    ],
    "rotation": [
      -0.0349586631934935,
      0.04113498254196644,
      -1.677217316323973
    ]
  },
  {
    "label_id": "Lp2aE54h-iTCtbmuyFtU1g",
    "size": [
      2.231573585161596,
      5.018725893423483,
      2.0700000000000003
    ],
    "obj_class": "vehicle",
    "point_num_in_lidar": 248,
    "speed": 1.3257746947256002,
    "if_vehicle": true,
    "motion_state": true,
    "pose": [
      [
        -0.9688727455965601,
        -0.245687100686172,
        0.03038834310399398,
        17.738746403095547
      ],
      [
        0.24424233405294446,
        -0.9686890401857675,
        -0.04457830952768918,
        -4.4938592056169
      ],
      [
        0.040389170535592434,
        -0.03576858929842432,
        0.9985436009123725,
        -0.7586932298717954
      ],
      [
        0.0,
        0.0,
        0.0,
        1.0
      ]
    ],
    "location": [
      17.738746403095547,
      -4.4938592056169,
      -0.7586932298717954
    ],
    "rotation": [
      -0.035805449545117156,
      -0.040400159646365716,
      2.8946486738831814
    ]
  },
  {
    "label_id": "V6tbs1CCK71HOxr7oYGLXA",
    "size": [
      2.0661645011061656,
      4.585339281261214,
      1.5899999999999963
    ],
    "obj_class": "vehicle",
    "point_num_in_lidar": 2329,
    "speed": 0.01575991231596445,
    "if_vehicle": true,
    "motion_state": false,
    "pose": [
      [
        -0.49063374827618816,
        0.8708358477094589,
        0.03038834310399398,
        4.095890779548881
      ],
      [
        -0.8710365654951469,
        -0.4891912467431038,
        -0.04457830952768918,
        13.488109685456948
      ],
      [
        -0.023954678517499835,
        -0.048340981103777304,
        0.9985436009123725,
        0.36353632217821996
      ],
      [
        0.0,
        0.0,
        0.0,
        1.0
      ]
    ],
    "location": [
      4.095890779548881,
      13.488109685456948,
      0.36353632217821996
    ],
    "rotation": [
      -0.04837372042612522,
      0.023956970081327283,
      -2.0837748624978305
    ]
  },
  {
    "label_id": "XOxTMIWHL5ip3LD7psueTg",
    "size": [
      1.9205290880940722,
      4.513249209406444,
      1.6700000000000017
    ],
    "obj_class": "vehicle",
    "point_num_in_lidar": 4732,
    "speed": 0.02498710404116091,
    "if_vehicle": true,
    "motion_state": false,
    "pose": [
      [
        0.4485775455281191,
        -0.893227145944055,
        0.03038834310399398,
        9.857774014999677
      ],
      [
        0.8933588947533564,
        0.4471271178140672,
        -0.04457830952768918,
        10.131854522564026
      ],
      [
        0.026231103923194665,
        0.04714452528049343,
        0.9985436009123725,
        0.11499790909125807
      ],
      [
        0.0,
        0.0,
        0.0,
        1.0
      ]
    ],
    "location": [
      9.857774014999677,
      10.131854522564026,
      0.11499790909125807
    ],
    "rotation": [
      0.047178252554568756,
      -0.02623411299782705,
      1.1054504220057408
    ]
  },
  {
    "label_id": "aFNCQJ_mhmlAGA1fcaLCMw",
    "size": [
      2.0754389162516063,
      4.655105173716041,
      1.7100000000000009
    ],
    "obj_class": "vehicle",
    "point_num_in_lidar": 106,
    "speed": 0.004019173259425152,
    "if_vehicle": true,
    "motion_state": false,
    "pose": [
      [
        0.41558851268119407,
        -0.9090449585861125,
        0.03038834310399398,
        -7.414124467727106
      ],
      [
        0.9091235392754463,
        0.41413423506749514,
        -0.04457830952768918,
        -25.524616160208097
      ],
      [
        0.027938834312095973,
        0.04615299138987387,
        0.9985436009123725,
        1.6766349270402472
      ],
      [
        0.0,
        0.0,
        0.0,
        1.0
      ]
    ],
    "location": [
      -7.414124467727106,
      -25.524616160208097,
      1.6766349270402472
    ],
    "rotation": [
      0.04618743498819313,
      -0.027942470331486367,
      1.1420281433043769
    ]
  },
  {
    "label_id": "aODc5-qJaKf-jvm5pjvxXA",
    "size": [
      1.887027773239076,
      4.196029966848567,
      1.6700000000000017
    ],
    "obj_class": "vehicle",
    "point_num_in_lidar": 249,
    "speed": 5.422982071392023e-13,
    "if_vehicle": true,
    "motion_state": false,
    "pose": [
      [
        -0.14066477573817693,
        0.9895908091074422,
        0.03038834310399398,
        18.871184233791155
      ],
      [
        -0.9892536507021042,
        -0.13924794035177798,
        -0.04457830952768918,
        -18.932963017901784
      ],
      [
        -0.03988277120621362,
        -0.0363323772669136,
        0.9985436009123725,
        -0.6750079135908891
      ],
      [
        0.0,
        0.0,
        0.0,
        1.0
      ]
    ],
    "location": [
      18.871184233791155,
      -18.932963017901784,
      -0.6750079135908891
    ],
    "rotation": [
      -0.036369324823943415,
      0.039893351939719934,
      -1.7120422938985584
    ]
  },
  {
    "label_id": "aZJ-kQPe_1iw2haDM5zuog",
    "size": [
      2.1139814985068934,
      4.2681103178543385,
      1.6000000000000014
    ],
    "obj_class": "vehicle",
    "point_num_in_lidar": 107,
    "speed": 6.6181508376372795,
    "if_vehicle": true,
    "motion_state": true,
    "pose": [
      [
        0.9050188819399523,
        0.4242845412403715,
        0.03038834310399398,
        11.332138785306597
      ],
      [
        -0.42283108382461815,
        0.9051114013597178,
        -0.04457830952768918,
        -7.371307748688196
      ],
      [
        -0.0464187234190828,
        0.027495075797226248,
        0.9985436009123725,
        -0.4545439546284342
      ],
      [
        0.0,
        0.0,
        0.0,
        1.0
      ]
    ],
    "location": [
      11.332138785306597,
      -7.371307748688196,
      -0.4545439546284342
    ],
    "rotation": [
      0.027528222240256413,
      0.04643540932389274,
      -0.43707070614508914
    ]
  },
  {
    "label_id": "aoj79G3iOHdhBgeszAfT8Q",
    "size": [
      1.234726331673709,
      0.2022955934763529,
      1.0899999999999963
    ],
    "obj_class": "sign",
    "point_num_in_lidar": 39,
    "speed": 0.005925248779844442,
    "if_vehicle": false,
    "motion_state": false,
    "pose": [
      [
        0.4959458513151565,
        -0.8678215606717077,
        0.03038834310399398,
        -9.841592357826585
      ],
      [
        0.868031089149587,
        0.49450460320348394,
        -0.04457830952768918,
        -6.94028397548027
      ],
      [
        0.02365884259777381,
        0.0484864542309116,
        0.9985436009123725,
        2.662050615234108
      ],
      [
        0.0,
        0.0,
        0.0,
        1.0
      ]
    ],
    "location": [
      -9.841592357826585,
      -6.94028397548027,
      2.662050615234108
    ],
    "rotation": [
      0.04851906406525455,
      -0.023661050290610997,
      1.051712668792457
    ]
  },
  {
    "label_id": "cedkFiBfazD1eILNFRFi2g",
    "size": [
      1.2052884090764888,
      1.354676491567917,
      1.8599999999999994
    ],
    "obj_class": "pedestrian",
    "point_num_in_lidar": 229,
    "speed": 1.447568948520712,
    "if_vehicle": false,
    "motion_state": true,
    "pose": [
      [
        -0.8681921233271993,
        -0.495296866127783,
        0.03038834310399398,
        -2.0426466743551828
      ],
      [
        0.4938554617602084,
        -0.8684005741645181,
        -0.04457830952768918,
        -8.804891272942768
      ],
      [
        0.04846875160575549,
        -0.02369508798743099,
        0.9985436009123725,
        0.36645473463127587
      ],
      [
        0.0,
        0.0,
        0.0,
        1.0
      ]
    ],
    "location": [
      -2.0426466743551828,
      -8.804891272942768,
      0.36645473463127587
    ],
    "rotation": [
      -0.02372519530436688,
      -0.04848774898816833,
      2.624406144204055
    ]
  },
  {
    "label_id": "csxgKZev0sjcjG8cLELscg",
    "size": [
      2.1133770412921917,
      5.185767427937253,
      1.8900000000000006
    ],
    "obj_class": "vehicle",
    "point_num_in_lidar": 2242,
    "speed": 2.9105596011188166,
    "if_vehicle": true,
    "motion_state": true,
    "pose": [
      [
        -0.9611453670714006,
        -0.274364961247927,
        0.03038834310399398,
        10.582375543908029
      ],
      [
        0.2729153743418912,
        -0.9610046684420834,
        -0.04457830952768918,
        -2.6373241336714273
      ],
      [
        0.04143406575522055,
        -0.03455278964055698,
        0.9985436009123725,
        -0.3214457026252333
      ],
      [
        0.0,
        0.0,
        0.0,
        1.0
      ]
    ],
    "location": [
      10.582375543908029,
      -2.6373241336714273,
      -0.3214457026252333
    ],
    "rotation": [
      -0.03458938454293673,
      -0.041445930465310615,
      2.8649266694508824
    ]
  },
  {
    "label_id": "f-F206LnSHYeShECxDdREQ",
    "size": [
      1.8998600635909035,
      4.287560747320762,
      1.7000000000000028
    ],
    "obj_class": "vehicle",
    "point_num_in_lidar": 187,
    "speed": 0.007360404587401068,
    "if_vehicle": true,
    "motion_state": false,
    "pose": [
      [
        0.442235518910736,
        -0.8963840105764639,
        0.03038834310399398,
        -3.329500963463488
      ],
      [
        0.8965054761500832,
        0.44078419385518586,
        -0.04457830952768918,
        -17.694761431730512
      ],
      [
        0.026564582561460232,
        0.046957427849999255,
        0.9985436009123725,
        0.6361018361165236
      ],
      [
        0.0,
        0.0,
        0.0,
        1.0
      ]
    ],
    "location": [
      -3.329500963463488,
      -17.694761431730512,
      0.6361018361165236
    ],
    "rotation": [
      0.04699129732728213,
      -0.026567707890052656,
      1.1125326082086526
    ]
  },
  {
    "label_id": "vPtOaGxH36PqjRODE3Gbkg",
    "size": [
      1.9066745843775583,
      4.572182520860192,
      1.5899999999999963
    ],
    "obj_class": "vehicle",
    "point_num_in_lidar": 179,
    "speed": 2.2695898585591e-28,
    "if_vehicle": true,
    "motion_state": false,
    "pose": [
      [
        -0.09155334916862781,
        0.9953363918090211,
        0.03038834310399398,
        22.3229125532539
      ],
      [
        -0.9949295776524426,
        -0.09015492128544991,
        -0.04457830952768918,
        -18.769143356246786
      ],
      [
        -0.04163075507770003,
        -0.03431555490754995,
        0.9985436009123725,
        -1.186416677575636
      ],
      [
        0.0,
        0.0,
        0.0,
        1.0
      ]
    ],
    "location": [
      22.3229125532539,
      -18.769143356246786,
      -1.186416677575636
    ],
    "rotation": [
      -0.034352085987817915,
      0.04164278964663782,
      -1.6625578361476767
    ]
  },
  {
    "label_id": "vfjDCWBNleMB9kSOrvvidA",
    "size": [
      2.039712140227351,
      4.425729590636861,
      1.8299999999999983
    ],
    "obj_class": "vehicle",
    "point_num_in_lidar": 57,
    "speed": 0.010334953047350805,
    "if_vehicle": true,
    "motion_state": false,
    "pose": [
      [
        -0.42921315171967817,
        0.9026918737832165,
        0.03038834310399398,
        -10.873133530059249
      ],
      [
        -0.9027923172903433,
        -0.427760220405294,
        -0.04457830952768918,
        -13.738379703989267
      ],
      [
        -0.027241553413721795,
        -0.04656795942018358,
        0.9985436009123725,
        1.1102039237146784
      ],
      [
        0.0,
        0.0,
        0.0,
        1.0
      ]
    ],
    "location": [
      -10.873133530059249,
      -13.738379703989267,
      1.1102039237146784
    ],
    "rotation": [
      -0.046602114383549484,
      0.027244923875662477,
      -2.0145941815830715
    ]
  },
  {
    "label_id": "vkTqMk5OhU77zv43jcQNZA",
    "size": [
      1.8357789136485472,
      4.0604646331539715,
      1.3100000000000023
    ],
    "obj_class": "vehicle",
    "point_num_in_lidar": 902,
    "speed": 0.00467202250253586,
    "if_vehicle": true,
    "motion_state": false,
    "pose": [
      [
        -0.8881878635434595,
        -0.458474500553192,
        0.03038834310399398,
        -8.091267307215958
      ],
      [
        0.4570256262334549,
        -0.8883357199198801,
        -0.04457830952768918,
        9.502945688656837
      ],
      [
        0.04743306884467172,
        -0.02570566196247736,
        0.9985436009123725,
        0.3784354510248491
      ],
      [
        0.0,
        0.0,
        0.0,
        1.0
      ]
    ],
    "location": [
      -8.091267307215958,
      9.502945688656837,
      0.3784354510248491
    ],
    "rotation": [
      -0.025737469780479034,
      -0.0474508734557062,
      2.6663652929864305
    ]
  }
]