[
  {
    "label_id": "0swVhSVbEe4_bfXYmVkjxA",
    "size": [
      2.0805271023934995,
      4.2235539734875545,
      1.6300000000000026
    ],
    "obj_class": "vehicle",
    "point_num_in_lidar": 302,
    "speed": 0.010826341720544738,
    "if_vehicle": true,
    "motion_state": false,
    "pose": [
      [
        -0.44425743400565915,
        0.8955785683683956,
        0.023965813358247354,
        -9.062448104522446
      ],
      [
        -0.8957853067384416,
        -0.44361551919884223,
        -0.027820053153392928,
        -9.711319535974326
      ],
      [
        -0.014283436639106858,
        -0.033827488898181234,
        0.9993256148186236,
        0.6036443432621752
      ],
      [
        0.0,
        0.0,
        0.0,
        1.0
      ]
    ],
    "location": [
      -9.062448104522446,
      -9.711319535974326,
      0.6036443432621752
    ],
    "rotation": [
      -0.033837396871432605,
      0.014283922359974284,
      -2.0311921592964786
    ]
  },
  {
    "label_id": "1QIPVI4SYu5_OBX1AuXd9w",
    "size": [
      1.877216111547241,
      3.98080271344166,
      1.5399999999999991
    ],
    "obj_class": "vehicle",
    "point_num_in_lidar": 3678,
    "speed": 0.05410312571360826,
    "if_vehicle": true,
    "motion_state": false,
    "pose": [
      [
        0.4746143867388356,
        -0.8798675034859491,
        0.023965813358247354,
        12.070125649866668
      ],
      [
        0.8800960657868214,
        0.47397991479502716,
        -0.027820053153392928,
        14.59570959967823
      ],
      [
        0.013118646541386635,
        0.03429601551641414,
        0.9993256148186236,
        0.20006369523545686
      ],
      [
        0.0,
        0.0,
        0.0,
        1.0
      ]
    ],
    "location": [
      12.070125649866668,
      14.59570959967823,
      0.20006369523545686
    ],
    "rotation": [
      0.03430569560662473,
      -0.013119022854609043,
      1.0762240414536353
    ]
  },
  {
    "label_id": "2w9dOhBjHynufErf2sTmhQ",
    "size": [
      2.007923276228153,
      4.299028948583187,
      1.6099999999999994
    ],
    "obj_class": "vehicle",
    "point_num_in_lidar": 78,
    "speed": 0.005151312730835336,
    "if_vehicle": true,
    "motion_state": false,
    "pose": [
      [
        -0.48282619004295635,
        0.8753882053116095,
        0.023965813358247354,
        -19.138397986013615
      ],
      [
        -0.875622694115373,
        -0.4821938844413919,
        -0.027820053153392928,
        -29.042962345205524
      ],
      [
        -0.012797177764611527,
        -0.03441726033025998,
        0.9993256148186236,
        2.8848870328524825
      ],
      [
        0.0,
        0.0,
        0.0,
        1.0
      ]
    ],
    "location": [
      -19.138397986013615,
      -29.042962345205524,
      2.8848870328524825
    ],
    "rotation": [
      -0.0344268790057933,
      0.012797527084542227,
      -2.07472062128143
    ]
  },
  {
    "label_id": "7VTQFvqpaXeGiCwGrH7yBw",
    "size": [
      2.1300653712395934,
      5.233383677907911,
      2.009999999999998
    ],
    "obj_class": "vehicle",
    "point_num_in_lidar": 5217,
    "speed": 3.552713678800501e-14,
    "if_vehicle": true,
    "motion_state": false,
    "pose": [
      [
        -0.4422341355623445,
        0.8965793936587566,
        0.023965813358247354,
        7.111312435613172
      ],
      [
        -0.8967846820943182,
        -0.4415917555882755,
        -0.027820053153392928,
        18.943932283460526
      ],
      [
        -0.014359780792854016,
        -0.03379515147119681,
        0.9993256148186236,
        0.6370347035122848
      ],
      [
        0.0,
        0.0,
        0.0,
        1.0
      ]
    ],
    "location": [
      7.111312435613172,
      18.943932283460526,
      0.6370347035122848
    ],
    "rotation": [
      -0.033805074622709826,
      0.014360274344361136,
      -2.0289352735233814
    ]
  },
  {
    "label_id": "DrhUUz9LgHDjfIRA1Z-BUw",
    "size": [
      0.4707553390903111,
      0.14206044227185116,
      0.18999999999999773
    ],
    "obj_class": "sign",
    "point_num_in_lidar": 62,
    "speed": 0.004528821520497748,
    "if_vehicle": false,
    "motion_state": false,
    "pose": [
      [
        0.5207794203364415,
        -0.8533548119886111,
        0.023965813358247354,
        1.1343171207086016
      ],
      [
        0.853616825055635,
        0.5201580150535795,
        -0.027820053153392928,
        10.98805375228585
      ],
      [
        0.011274366322656283,
        0.034945732663695994,
        0.9993256148186236,
        2.1431391141308893
      ],
      [
        0.0,
        0.0,
        0.0,
        1.0
      ]
    ],
    "location": [
      1.1343171207086016,
      10.98805375228585,
      2.1431391141308893
    ],
    "rotation": [
      0.03495507179008338,
      -0.011274605186280488,
      1.022993854669431
    ]
  },
  {
    "label_id": "FrylGPsB2blyKQv9jX9B6g",
    "size": [
      0.398218585076889,
      0.13795218438773005,
      0.6499999999999986
    ],
    "obj_class": "sign",
    "point_num_in_lidar": 103,
    "speed": 0.0031798797018182503,
    "if_vehicle": false,
    "motion_state": false,
    "pose": [
      [
        -0.9509319840234347,
        -0.3084704224902802,
        0.023965813358247354,
        11.714910079756919
      ],
      [
        0.30780517057753604,
        -0.9510425971576018,
        -0.027820053153392928,
        1.5274765565955022
      ],
      [
        0.03137417292915108,
        -0.019078177072028624,
        0.9993256148186236,
        1.236154413682364
      ],
      [
        0.0,
        0.0,
        0.0,
        1.0
      ]
    ],
    "location": [
      11.714910079756919,
      1.5274765565955022,
      1.236154413682364
    ],
    "rotation": [
      -0.01908873294072282,
      -0.031379322345997586,
      2.828547967489115
    ]
  },
  {
    "label_id": "HjlBUfreDbfIcoA7Ha1nIA",
    "size": [
      0.8910268632995937,
      0.1569817500923732,
      0.8100000000000023
    ],
    "obj_class": "sign",
    "point_num_in_lidar": 30,
    "speed": 0.0003548421012241991,
    "if_vehicle": false,
    "motion_state": false,
    "pose": [
      [
        -0.6318966730931159,
        0.7746820214281015,
        0.023965813358247354,
        0.4487439994231863
      ],
      [
        -0.7750260360655142,
        -0.6313166305928576,
        -0.027820053153392928,
        -13.906234729245625
      ],
      [
        -0.006421678474361645,
        -0.036153528361031036,
        0.9993256148186236,
        2.454723974435325
      ],
      [
        0.0,
        0.0,
        0.0,
        1.0
      ]
    ],
    "location": [
      0.4487439994231863,
      -13.906234729245625,
      2.454723974435325
    ],
    "rotation": [
      -0.03616215486790585,
      0.006421722611328082,
      -2.2548110695164505
    ]
  },
  {
    "label_id": "LZrxjRpBcbsFGjcCXZ-SPg",
    "size": [
      1.8225621404117118,
      4.136724390663064,
      1.4500000000000028
    ],
    "obj_class": "vehicle",
    "point_num_in_lidar": 101,
    "speed": 3.1776437161565096e-13,
    "if_vehicle": true,
    "motion_state": false,
    "pose": [
      [
        -0.10614891190007986,
        0.994061390605483,
        0.023965813358247354,
        13.795755372093481
      ],
      [
        -0.9940327158590498,
        -0.1054751366172317,
        -0.027820053153392928,
        -18.42254647578011
      ],
      [
        -0.025127043286276008,
        -0.026775870911504757,
        0.9993256148186236,
        -0.4917247639565048
      ],
      [
        0.0,
        0.0,
        0.0,
        1.0
      ]
    ],
    "location": [
      13.795755372093481,
      -18.42254647578011,
      -0.4917247639565048
    ],
    "rotation": [
      -0.026787531182309383,
      0.025129688107565617,
      -1.6771793126472714
    ]
  },
  {
    "label_id": "V6tbs1CCK71HOxr7oYGLXA",
    "size": [
      2.066164501106166,
      4.585339281261214,
      1.5899999999999963
    ],
    "obj_class": "vehicle",
    "point_num_in_lidar": 4783,
    "speed": 0.015759912181332436,
    "if_vehicle": true,
    "motion_state": false,
    "pose": [
      [
        -0.490719457904105,
        0.8709879754763432,
        0.023965813358247354,
        4.111469352291351
      ],
      [
        -0.8712281703703929,
        -0.49008929777704796,
        -0.027820053153392928,
        13.50991725086169
      ],
      [
        -0.012485543134318721,
        -0.03453153312584053,
        0.9993256148186236,
        0.3652290277168504
      ],
      [
        0.0,
        0.0,
        0.0,
        1.0
      ]
    ],
    "location": [
      4.111469352291351,
      13.50991725086169,
      0.3652290277168504
    ],
    "rotation": [
      -0.034541092992367274,
      0.01248586754977342,
      -2.0837555038360502
    ]
  },
  {
    "label_id": "XOxTMIWHL5ip3LD7psueTg",
    "size": [
      1.9205290880940724,
      4.513249209406444,
      1.6700000000000017
    ],
    "obj_class": "vehicle",
    "point_num_in_lidar": 4497,
    "speed": 0.02498710383161105,
    "if_vehicle": true,
    "motion_state": false,
    "pose": [
      [
        0.44865590828782326,
        -0.8933831852841793,
        0.023965813358247354,
        9.870876034168077
      ],
      [
        0.8935930776545322,
        0.44801501784029907,
        -0.027820053153392928,
        10.172275764771257
      ],
      [
        0.01411692340170088,
        0.03389731613344138,
        0.9993256148186236,
        0.10760419759300532
      ],
      [
        0.0,
        0.0,
        0.0,
        1.0
      ]
    ],
    "location": [
      9.870876034168077,
      10.172275764771257,
      0.10760419759300532
    ],
    "rotation": [
      0.03390719109044383,
      -0.014117392331546125,
      1.1054854806842158
    ]
  },
  {
    "label_id": "aFNCQJ_mhmlAGA1fcaLCMw",
    "size": [
      2.0754389162516076,
      4.655105173716041,
      1.7100000000000009
    ],
    "obj_class": "vehicle",
    "point_num_in_lidar": 79,
    "speed": 0.0040191732288395775,
    "if_vehicle": true,
    "motion_state": false,
    "pose": [
      [
        0.4156611125317205,
        -0.9092037611663131,
        0.023965813358247354,
        -7.413035430188756
      ],
      [
        0.909390058905375,
        0.41501297016674155,
        -0.027820053153392928,
        -25.531363616710223
      ],
      [
        0.015347973578643592,
        0.03335798666600269,
        0.9993256148186236,
        1.659631745935215
      ],
      [
        0.0,
        0.0,
        0.0,
        1.0
      ]
    ],
    "location": [
      -7.413035430188756,
      -25.531363616710223,
      1.659631745935215
    ],
    "rotation": [
      0.03336810810308159,
      -0.015348576204717542,
      1.1420729263224767
    ]
  },
  {
    "label_id": "aZJ-kQPe_1iw2haDM5zuog",
    "size": [
      2.1139814985060363,
      4.2681103178543385,
      1.6000000000000014
    ],
    "obj_class": "vehicle",
    "point_num_in_lidar": 1015,
    "speed": 5.089932180658953,
    "if_vehicle": true,
    "motion_state": true,
    "pose": [
      [
        0.2400916984618306,
        0.9704543348966973,
        0.023965813358247354,
        4.172421074890963
      ],
      [
        -0.9701970410637201,
        0.24071507255206215,
        -0.027820053153392928,
        -0.6427916324064427
      ],
      [
        -0.03276702368106639,
        -0.016572197393960444,
        0.9993256148186236,
        0.010457844838171582
      ],
      [
        0.0,
        0.0,
        0.0,
        1.0
      ]
    ],
    "location": [
      4.172421074890963,
      -0.6427916324064427,
      0.010457844838171582
    ],
    "rotation": [
      -0.016581861040761106,
      0.03277289005374926,
      -1.3282031320383
    ]
  },
  {
    "label_id": "aoj79G3iOHdhBgeszAfT8Q",
    "size": [
      1.234726331673709,
      0.2022955934763529,
      1.0899999999999963
    ],
    "obj_class": "sign",
    "point_num_in_lidar": 117,
    "speed": 0.005925248729394137,
    "if_vehicle": false,
    "motion_state": false,
    "pose": [
      [
        0.4960324889232129,
        -0.8679731618677621,
        0.023965813358247354,
        -9.84389161892409
      ],
      [
        0.8682172028857594,
        0.49540380827741964,
        -0.027820053153392928,
        -6.930473675092799
      ],
      [
        0.01227430429273807,
        0.034607181646433255,
        0.9993256148186236,
        2.6712549698370154
      ],
      [
        0.0,
        0.0,
        0.0,
        1.0
      ]
    ],
    "location": [
      -9.84389161892409,
      -6.930473675092799,
      2.6712549698370154
    ],
    "rotation": [
      0.03461670208567397,
      -0.012274612518441157,
      1.0517297730662933
    ]
  },
  {
    "label_id": "cedkFiBfazD1eILNFRFi2g",
    "size": [
      1.2052884090772253,
      1.354676491567917,
      1.8599999999999994
    ],
    "obj_class": "pedestrian",
    "point_num_in_lidar": 88,
    "speed": 1.4954577130755242,
    "if_vehicle": false,
    "motion_state": true,
    "pose": [
      [
        -0.8357199510425256,
        -0.5486326669271128,
        0.023965813358247354,
        -0.000661575807043846
      ],
      [
        0.5480202384743815,
        -0.8360023103227793,
        -0.027820053153392928,
        -10.0961605717348
      ],
      [
        0.0352984652918593,
        -0.010116022707534764,
        0.9993256148186236,
        0.19844729077780698
      ],
      [
        0.0,
        0.0,
        0.0,
        1.0
      ]
    ],
    "location": [
      -0.000661575807043846,
      -10.0961605717348,
      0.19844729077780698
    ],
    "rotation": [
      -0.010122503658613927,
      -0.03530579961157912,
      2.5611884784473102
    ]
  },
  {
    "label_id": "csxgKZev0sjcjG8cLELscg",
    "size": [
      2.113377041293374,
      5.185767427937253,
      1.8900000000000006
    ],
    "obj_class": "vehicle",
    "point_num_in_lidar": 888,
    "speed": 0.28957044873660115,
    "if_vehicle": true,
    "motion_state": false,
    "pose": [
      [
        -0.9741711700229059,
        -0.22453545663498312,
        0.023965813358247354,
        12.616480730194553
      ],
      [
        0.2238631019680993,
        -0.9742234631847884,
        -0.027820053153392928,
        -3.2161682140413177
      ],
      [
        0.02959464602631858,
        -0.021736432410974456,
        0.9993256148186236,
        -0.45144570262518613
      ],
      [
        0.0,
        0.0,
        0.0,
        1.0
      ]
    ],
    "location": [
      12.616480730194553,
      -3.2161682140413177,
      -0.45144570262518613
    ],
    "rotation": [
      -0.021747671780576426,
      -0.029598967774151917,
      2.9157156225712644
    ]
  },
  {
    "label_id": "f-F206LnSHYeShECxDdREQ",
    "size": [
      1.8998600635909026,
      4.287560747320762,
      1.7000000000000028
    ],
    "obj_class": "vehicle",
    "point_num_in_lidar": 97,
    "speed": 0.007360404524497987,
    "if_vehicle": true,
    "motion_state": false,
    "pose": [
      [
        0.44231277377122824,
        -0.896540601394538,
        0.023965813358247354,
        -3.3389867008640977
      ],
      [
        0.8967459461731246,
        0.4416704118056922,
        -0.027820053153392928,
        -17.702927713828103
      ],
      [
        0.014356816529775438,
        0.033796410852490265,
        0.9993256148186236,
        0.6607833371595078
      ],
      [
        0.0,
        0.0,
        0.0,
        1.0
      ]
    ],
    "location": [
      -3.3389867008640977,
      -17.702927713828103,
      0.6607833371595078
    ],
    "rotation": [
      0.033806333414208585,
      -0.014357309775677968,
      1.1125697101044165
    ]
  },
  {
    "label_id": "vfjDCWBNleMB9kSOrvvidA",
    "size": [
      2.0397121402273504,
      4.425729590636861,
      1.8299999999999983
    ],
    "obj_class": "vehicle",
    "point_num_in_lidar": 42,
    "speed": 0.010334952961648021,
    "if_vehicle": true,
    "motion_state": false,
    "pose": [
      [
        -0.42928813168112884,
        0.9028495665324338,
        0.023965813358247354,
        -10.877905762138425
      ],
      [
        -0.9030455909814911,
        -0.4286428644587846,
        -0.027820053153392928,
        -13.721464990678214
      ],
      [
        -0.014844548043486321,
        -0.03358504072894034,
        0.9993256148186236,
        1.1006139910469415
      ],
      [
        0.0,
        0.0,
        0.0,
        1.0
      ]
    ],
    "location": [
      -10.877905762138425,
      -13.721464990678214,
      1.1006139910469415
    ],
    "rotation": [
      -0.03359506078231307,
      0.014845093289824552,
      -2.014553144767381
    ]
  },
  {
    "label_id": "vkTqMk5OhU77zv43jcQNZA",
    "size": [
      1.835778913648548,
      4.0604646331539715,
      1.3100000000000023
    ],
    "obj_class": "vehicle",
    "point_num_in_lidar": 159,
    "speed": 0.029626663422141156,
    "if_vehicle": true,
    "motion_state": false,
    "pose": [
      [
        -0.8883430225629347,
        -0.4585545922284795,
        0.023965813358247354,
        -8.108880054881183
      ],
      [
        0.4579160734562793,
        -0.888560022909497,
        -0.027820053153392928,
        9.484372906759745
      ],
      [
        0.034052076796177715,
        -0.013739418955951899,
        0.9993256148186236,
        0.37843545102479226
      ],
      [
        0.0,
        0.0,
        0.0,
        1.0
      ]
    ],
    "location": [
      -8.108880054881183,
      9.484372906759745,
      0.37843545102479226
    ],
    "rotation": [
      -0.013747824678600805,
      -0.03405866104556581,
      2.6656440906001446
    ]
  },
  {
    "label_id": "ye4M4U_b73PvfKmZ21IUgw",
    "size": [
      1.2533030558974136,
      1.4328117501689936,
      1.8900000000000006
    ],
    "obj_class": "pedestrian",
    "point_num_in_lidar": 299,
    "speed": 1.4121367048243785,
    "if_vehicle": false,
    "motion_state": true,
    "pose": [
      [
        -0.885045712538462,
        -0.46488678891463864,
        0.023965813358247354,
        -3.7876476115436617
      ],
      [
        0.4642498360802351,
        -0.8852672671809442,
        -0.027820053153392928,
        10.552082144318774
      ],
      [
        0.034149325275339606,
        -0.013495893842906686,
        0.9993256148186236,
        0.6940719810730016
      ],
      [
        0.0,
        0.0,
        0.0,
        1.0
      ]
    ],
    "location": [
      -3.7876476115436617,
      10.552082144318774,
      0.6940719810730016
    ],
    "rotation": [
      -0.013504180468725386,
      -0.034155966117204534,
      2.658499276369563
    ]
  }
]