[
  {
    "label_id": "0swVhSVbEe4_bfXYmVkjxA",
    "size": [
      2.0805271023934995,
      4.2235539734875545,
      1.6300000000000026
    ],
    "obj_class": "vehicle",
    "point_num_in_lidar": 257,
    "speed": 0.010826341810901497,
    "if_vehicle": true,
    "motion_state": false,
    "pose": [
      [
        -0.4442535572378332,
        0.895570753192065,
        0.02432699957924354,
        -9.07507786260544
      ],
      [
        -0.895823485456676,
        -0.44369386445194103,
        -0.02521978493078341,
        -9.708273984408152
      ],
      [
        -0.011792361331968277,
        -0.03299667672205467,
        0.9993858912049521,
        0.6012442255058161
      ],
      [
        0.0,
        0.0,
        0.0,
        1.0
      ]
    ],
    "location": [
      -9.07507786260544,
      -9.708273984408152,
      0.6012442255058161
    ],
    "rotation": [
      -0.03300496309320525,
      0.011792634656279196,
      -2.031171721859613
    ]
  },
  {
    "label_id": "1QIPVI4SYu5_OBX1AuXd9w",
    "size": [
      1.8772161115472408,
      3.98080271344166,
      1.5399999999999991
    ],
    "obj_class": "vehicle",
    "point_num_in_lidar": 4412,
    "speed": 0.05410312616538503,
    "if_vehicle": true,
    "motion_state": false,
    "pose": [
      [
        0.47461024506411154,
        -0.8798598254106477,
        0.02432699957924354,
        12.09010449802372
      ],
      [
        0.8801315438441435,
        0.4740595194472625,
        -0.02521978493078341,
        14.657483744578713
      ],
      [
        0.010657429835963225,
        0.03338052800323874,
        0.9993858912049521,
        0.20006369523542133
      ],
      [
        0.0,
        0.0,
        0.0,
        1.0
      ]
    ],
    "location": [
      12.09010449802372,
      14.657483744578713,
      0.20006369523542133
    ],
    "rotation": [
      0.03338862712193848,
      -0.010657631592862272,
      1.076244527847968
    ]
  },
  {
    "label_id": "2w9dOhBjHynufErf2sTmhQ",
    "size": [
      2.007923276228154,
      4.299028948583187,
      1.6099999999999994
    ],
    "obj_class": "vehicle",
    "point_num_in_lidar": 73,
    "speed": 0.005151312775533723,
    "if_vehicle": true,
    "motion_state": false,
    "pose": [
      [
        -0.4828219767087564,
        0.8753805663244534,
        0.02432699957924354,
        -19.14197354530188
      ],
      [
        -0.8756574257898089,
        -0.4822738175634361,
        -0.02521978493078341,
        -29.037919706115645
      ],
      [
        -0.010344634658344207,
        -0.03347878424120071,
        0.9993858912049521,
        2.8986785999529374
      ],
      [
        0.0,
        0.0,
        0.0,
        1.0
      ]
    ],
    "location": [
      -19.14197354530188,
      -29.037919706115645,
      2.8986785999529374
    ],
    "rotation": [
      -0.033486833851862,
      0.010344819166316396,
      -2.074700159858071
    ]
  },
  {
    "label_id": "7VTQFvqpaXeGiCwGrH7yBw",
    "size": [
      2.130065371239594,
      5.233383677907911,
      2.009999999999998
    ],
    "obj_class": "vehicle",
    "point_num_in_lidar": 6663,
    "speed": 9.008244484785898e-28,
    "if_vehicle": true,
    "motion_state": false,
    "pose": [
      [
        -0.4422302764506261,
        0.8965715697488261,
        0.02432699957924354,
        7.1113124356140816
      ],
      [
        -0.8968230376143986,
        -0.44167001443626186,
        -0.02521978493078341,
        18.943932283458707
      ],
      [
        -0.01186683590876484,
        -0.03296996612066707,
        0.9993858912049521,
        0.637034703512164
      ],
      [
        0.0,
        0.0,
        0.0,
        1.0
      ]
    ],
    "location": [
      7.1113124356140816,
      18.943932283458707,
      0.637034703512164
    ],
    "rotation": [
      -0.03297826515889968,
      0.011867114444603886,
      -2.0289148470665803
    ]
  },
  {
    "label_id": "DrhUUz9LgHDjfIRA1Z-BUw",
    "size": [
      0.47075533909031075,
      0.14206044227185116,
      0.18999999999999773
    ],
    "obj_class": "sign",
    "point_num_in_lidar": 82,
    "speed": 0.019400677235509936,
    "if_vehicle": false,
    "motion_state": false,
    "pose": [
      [
        0.5207748758071957,
        -0.8533473652736447,
        0.02432699957924354,
        1.1318317308916903
      ],
      [
        0.8536480152154318,
        0.5202393954390602,
        -0.02521978493078341,
        10.994918304420935
      ],
      [
        0.00886537346950006,
        0.033900525272180806,
        0.9993858912049521,
        2.1454562142765923
      ],
      [
        0.0,
        0.0,
        0.0,
        1.0
      ]
    ],
    "location": [
      1.1318317308916903,
      10.994918304420935,
      2.1454562142765923
    ],
    "rotation": [
      0.033908355018984614,
      -0.008865489602385666,
      1.0230139792192758
    ]
  },
  {
    "label_id": "FrylGPsB2blyKQv9jX9B6g",
    "size": [
      0.39821858507688557,
      0.13795218438773005,
      0.6499999999999986
    ],
    "obj_class": "sign",
    "point_num_in_lidar": 83,
    "speed": 0.003179879728389417,
    "if_vehicle": false,
    "motion_state": false,
    "pose": [
      [
        -0.9509236858110923,
        -0.30846773065414546,
        0.02432699957924354,
        11.711096135521302
      ],
      [
        0.30787708815018233,
        -0.9510918257666868,
        -0.02521978493078341,
        1.5273542882441689
      ],
      [
        0.030916700270432532,
        -0.01649236504785539,
        0.9993858912049521,
        1.242153540969774
      ],
      [
        0.0,
        0.0,
        0.0,
        1.0
      ]
    ],
    "location": [
      11.711096135521302,
      1.5273542882441689,
      1.242153540969774
    ],
    "rotation": [
      -0.016501001567038816,
      -0.030921627638733566,
      2.828476955648425
    ]
  },
  {
    "label_id": "HjlBUfreDbfIcoA7Ha1nIA",
    "size": [
      0.8910268632995918,
      0.1569817500923732,
      0.8100000000000023
    ],
    "obj_class": "sign",
    "point_num_in_lidar": 41,
    "speed": 0.0003548421041640851,
    "if_vehicle": false,
    "motion_state": false,
    "pose": [
      [
        -0.6318911589103252,
        0.7746752612433403,
        0.02432699957924354,
        0.4486182710711546
      ],
      [
        -0.7750458796943376,
        -0.631401494151602,
        -0.02521978493078341,
        -13.905827898151983
      ],
      [
        -0.004177039597195733,
        -0.03479069991660047,
        0.9993858912049521,
        2.4553970748832725
      ],
      [
        0.0,
        0.0,
        0.0,
        1.0
      ]
    ],
    "location": [
      0.4486182710711546,
      -13.905827898151983,
      2.4553970748832725
    ],
    "rotation": [
      -0.034798025840208545,
      0.004177051743885411,
      -2.2547942562648347
    ]
  },
  {
    "label_id": "KiQb-qOU1yaSFh_1XhucKg",
    "size": [
      1.8512328958894835,
      4.73508114918199,
      1.759999999999998
    ],
    "obj_class": "vehicle",
    "point_num_in_lidar": 4651,
    "speed": 0.00585011126781649,
    "if_vehicle": true,
    "motion_state": false,
    "pose": [
      [
        0.4403374375167565,
        -0.8975027232341125,
        0.02432699957924354,
        14.572181337421398
      ],
      [
        0.89775300833176,
        0.4397766461276904,
        -0.02521978493078341,
        19.32156801450401
      ],
      [
        0.011936379369447284,
        0.032944852527096224,
        0.9993858912049521,
        0.3109120837386783
      ],
      [
        0.0,
        0.0,
        0.0,
        1.0
      ]
    ],
    "location": [
      14.572181337421398,
      19.32156801450401,
      0.3109120837386783
    ],
    "rotation": [
      0.0329531634321585,
      -0.01193666283117892,
      1.1147869096098104
    ]
  },
  {
    "label_id": "LZrxjRpBcbsFGjcCXZ-SPg",
    "size": [
      1.8225621404117147,
      4.136724390663064,
      1.4500000000000028
    ],
    "obj_class": "vehicle",
    "point_num_in_lidar": 47,
    "speed": 4.64274293902e-28,
    "if_vehicle": true,
    "motion_state": false,
    "pose": [
      [
        -0.1061479856022744,
        0.9940527160287078,
        0.02432699957924354,
        13.79575537209439
      ],
      [
        -0.9940956923274307,
        -0.10553538242736979,
        -0.02521978493078341,
        -18.42254647577829
      ],
      [
        -0.022502436504199193,
        -0.026860394856702472,
        0.9993858912049521,
        -0.49172476395649767
      ],
      [
        0.0,
        0.0,
        0.0,
        1.0
      ]
    ],
    "location": [
      13.79575537209439,
      -18.42254647577829,
      -0.49172476395649767
    ],
    "rotation": [
      -0.026870431332237505,
      0.02250433599135859,
      -1.677171702664294
    ]
  },
  {
    "label_id": "V6tbs1CCK71HOxr7oYGLXA",
    "size": [
      2.066164501106166,
      4.585339281261214,
      1.5899999999999963
    ],
    "obj_class": "vehicle",
    "point_num_in_lidar": 3871,
    "speed": 0.01575991231486976,
    "if_vehicle": true,
    "motion_state": false,
    "pose": [
      [
        -0.4907151756900963,
        0.8709803748873504,
        0.02432699957924354,
        4.1224626190496565
      ],
      [
        -0.8712621780774243,
        -0.49016954158722215,
        -0.02521978493078341,
        13.52530610501708
      ],
      [
        -0.01004158350164173,
        -0.03357092583267613,
        0.9993858912049521,
        0.34421176341545845
      ],
      [
        0.0,
        0.0,
        0.0,
        1.0
      ]
    ],
    "location": [
      4.1224626190496565,
      13.52530610501708,
      0.34421176341545845
    ],
    "rotation": [
      -0.03357892842919883,
      0.010041752263799102,
      -2.083735082185661
    ]
  },
  {
    "label_id": "XOxTMIWHL5ip3LD7psueTg",
    "size": [
      1.920529088094073,
      4.513249209406444,
      1.6700000000000017
    ],
    "obj_class": "vehicle",
    "point_num_in_lidar": 3639,
    "speed": 0.024987104039934586,
    "if_vehicle": true,
    "motion_state": false,
    "pose": [
      [
        0.4486519931371513,
        -0.8933753892656396,
        0.02432699957924354,
        9.880121681650053
      ],
      [
        0.8936308706625925,
        0.4480935498831262,
        -0.02521978493078341,
        10.20079965496734
      ],
      [
        0.011629963580265782,
        0.033054264590294195,
        0.9993858912049521,
        0.1023867078918741
      ],
      [
        0.0,
        0.0,
        0.0,
        1.0
      ]
    ],
    "location": [
      9.880121681650053,
      10.20079965496734,
      0.1023867078918741
    ],
    "rotation": [
      0.0330625234911247,
      -0.011630225766718964,
      1.1055059387141757
    ]
  },
  {
    "label_id": "aFNCQJ_mhmlAGA1fcaLCMw",
    "size": [
      2.0754389162516063,
      4.655105173716041,
      1.7100000000000009
    ],
    "obj_class": "vehicle",
    "point_num_in_lidar": 65,
    "speed": 0.004019173260100998,
    "if_vehicle": true,
    "motion_state": false,
    "pose": [
      [
        0.4156574853068154,
        -0.9091958270911091,
        0.02432699957924354,
        -7.412266933587716
      ],
      [
        0.9094307005568888,
        0.41509006653092956,
        -0.02521978493078341,
        -25.536125066328168
      ],
      [
        0.012831827345357415,
        0.03260651265410674,
        0.9993858912049521,
        1.6476331817063254
      ],
      [
        0.0,
        0.0,
        0.0,
        1.0
      ]
    ],
    "location": [
      -7.412266933587716,
      -25.536125066328168,
      1.6476331817063254
    ],
    "rotation": [
      0.03261497939646516,
      -0.012832179510569669,
      1.1420931220801778
    ]
  },
  {
    "label_id": "aZJ-kQPe_1iw2haDM5zuog",
    "size": [
      2.113981498504954,
      4.2681103178543385,
      1.6000000000000014
    ],
    "obj_class": "vehicle",
    "point_num_in_lidar": 1085,
    "speed": 4.200548977174513,
    "if_vehicle": true,
    "motion_state": true,
    "pose": [
      [
        -0.2969258164212038,
        0.9545906225362122,
        0.02432699957924354,
        3.805647005445735
      ],
      [
        -0.954751595241121,
        -0.29633318044488316,
        -0.02521978493078341,
        4.958991646139111
      ],
      [
        -0.01686567304130734,
        -0.030714646886252882,
        0.9993858912049521,
        0.07545604537146744
      ],
      [
        0.0,
        0.0,
        0.0,
        1.0
      ]
    ],
    "location": [
      3.805647005445735,
      4.958991646139111,
      0.07545604537146744
    ],
    "rotation": [
      -0.030723849650109162,
      0.016866472719728305,
      -1.8723122212441976
    ]
  },
  {
    "label_id": "aoj79G3iOHdhBgeszAfT8Q",
    "size": [
      1.234726331673709,
      0.2022955934763529,
      1.0899999999999963
    ],
    "obj_class": "sign",
    "point_num_in_lidar": 130,
    "speed": 0.005925248779469044,
    "if_vehicle": false,
    "motion_state": false,
    "pose": [
      [
        0.4960281603455767,
        -0.8679655875872352,
        0.02432699957924354,
        -9.845514128956665
      ],
      [
        0.868250719626199,
        0.49548425839438376,
        -0.02521978493078341,
        -6.923550881141637
      ],
      [
        0.009836260100789147,
        0.03363165841455203,
        0.9993858912049521,
        2.6777501685417917
      ],
      [
        0.0,
        0.0,
        0.0,
        1.0
      ]
    ],
    "location": [
      -9.845514128956665,
      -6.923550881141637,
      2.6777501685417917
    ],
    "rotation": [
      0.03363962971154339,
      -0.009836418720689116,
      1.0517501591259142
    ]
  },
  {
    "label_id": "cedkFiBfazD1eILNFRFi2g",
    "size": [
      1.2052884090759675,
      1.354676491567917,
      1.8599999999999994
    ],
    "obj_class": "pedestrian",
    "point_num_in_lidar": 105,
    "speed": 1.3878958262209535,
    "if_vehicle": false,
    "motion_state": true,
    "pose": [
      [
        -0.8491169078647686,
        -0.527644457821406,
        0.02432699957924354,
        1.5007706372148277
      ],
      [
        0.5271114211447476,
        -0.8494218693598662,
        -0.02521978493078341,
        -11.055335104416372
      ],
      [
        0.0339709652046934,
        -0.008591506477038555,
        0.9993858912049521,
        0.10545583552926274
      ],
      [
        0.0,
        0.0,
        0.0,
        1.0
      ]
    ],
    "location": [
      1.5007706372148277,
      -11.055335104416372,
      0.10545583552926274
    ],
    "rotation": [
      -0.008596574067185659,
      -0.03397750249903981,
      2.5860365693870837
    ]
  },
  {
    "label_id": "csxgKZev0sjcjG8cLELscg",
    "size": [
      2.113377041291168,
      5.185767427937253,
      1.8900000000000006
    ],
    "obj_class": "vehicle",
    "point_num_in_lidar": 498,
    "speed": 0.2557726505828183,
    "if_vehicle": true,
    "motion_state": false,
    "pose": [
      [
        -0.9733344496632418,
        -0.2280970104806846,
        0.02432699957924354,
        12.781881379590914
      ],
      [
        0.22749440414677716,
        -0.9734527510516099,
        -0.02521978493078341,
        -3.2533764610616345
      ],
      [
        0.029433742212923494,
        -0.01901302921227048,
        0.9993858912049521,
        -0.45144570262522876
      ],
      [
        0.0,
        0.0,
        0.0,
        1.0
      ]
    ],
    "location": [
      12.781881379590914,
      -3.2533764610616345,
      -0.45144570262522876
    ],
    "rotation": [
      -0.019022417687694373,
      -0.029437993834101804,
      2.9119875457297906
    ]
  },
  {
    "label_id": "f-F206LnSHYeShECxDdREQ",
    "size": [
      1.8998600635909029,
      4.287560747320762,
      1.7000000000000028
    ],
    "obj_class": "vehicle",
    "point_num_in_lidar": 105,
    "speed": 0.007360404585682356,
    "if_vehicle": true,
    "motion_state": false,
    "pose": [
      [
        0.44230891397328753,
        -0.8965327778231215,
        0.02432699957924354,
        -3.345680461797201
      ],
      [
        0.8967842948288899,
        0.44174867401758605,
        -0.02521978493078341,
        -17.70869038021374
      ],
      [
        0.01186394403313974,
        0.032971006846349314,
        0.9993858912049521,
        0.6782002295456238
      ],
      [
        0.0,
        0.0,
        0.0,
        1.0
      ]
    ],
    "location": [
      -3.345680461797201,
      -17.70869038021374,
      0.6782002295456238
    ],
    "rotation": [
      0.03297930539191492,
      -0.011864222365387348,
      1.1125901370056406
    ]
  },
  {
    "label_id": "vfjDCWBNleMB9kSOrvvidA",
    "size": [
      2.03971214022735,
      4.425729590636861,
      1.8299999999999983
    ],
    "obj_class": "vehicle",
    "point_num_in_lidar": 28,
    "speed": 0.010334953047593558,
    "if_vehicle": true,
    "motion_state": false,
    "pose": [
      [
        -0.4292843855414121,
        0.9028416879064699,
        0.02432699957924354,
        -10.881273363336504
      ],
      [
        -0.9030850685404862,
        -0.428720563336155,
        -0.02521978493078341,
        -13.709528855151802
      ],
      [
        -0.012339988231654952,
        -0.03279580995990345,
        0.9993858912049521,
        1.0938467030698789
      ],
      [
        0.0,
        0.0,
        0.0,
        1.0
      ]
    ],
    "location": [
      -10.881273363336504,
      -13.709528855151802,
      1.0938467030698789
    ],
    "rotation": [
      -0.0328041904376859,
      0.012340301432371808,
      -2.014532810796285
    ]
  },
  {
    "label_id": "vkTqMk5OhU77zv43jcQNZA",
    "size": [
      1.835778913648546,
      4.0604646331539715,
      1.3100000000000023
    ],
    "obj_class": "vehicle",
    "point_num_in_lidar": 128,
    "speed": 0.030079335701285327,
    "if_vehicle": true,
    "motion_state": false,
    "pose": [
      [
        -0.8883352705268683,
        -0.4585505906979372,
        0.02432699957924354,
        -8.129284482921548
      ],
      [
        0.457995020569446,
        -0.8885969410152376,
        -0.02521978493078341,
        9.45459782146645
      ],
      [
        0.033181444687480445,
        -0.011261979796428366,
        0.9993858912049521,
        0.3784354510247283
      ],
      [
        0.0,
        0.0,
        0.0,
        1.0
      ]
    ],
    "location": [
      -8.129284482921548,
      9.45459782146645,
      0.3784354510247283
    ],
    "rotation": [
      -0.0112684231580048,
      -0.03318753654704165,
      2.6655703253258696
    ]
  },
  {
    "label_id": "ye4M4U_b73PvfKmZ21IUgw",
    "size": [
      1.2533030558986886,
      1.4328117501689936,
      1.8900000000000006
    ],
    "obj_class": "pedestrian",
    "point_num_in_lidar": 317,
    "speed": 1.3495392830349369,
    "if_vehicle": false,
    "motion_state": true,
    "pose": [
      [
        -0.9051957325231476,
        -0.42429810618638614,
        0.02432699957924354,
        -2.241821773557376
      ],
      [
        0.4237329501577009,
        -0.9054359996149348,
        -0.02521978493078341,
        9.816468231996623
      ],
      [
        0.032727248166223834,
        -0.01252069039429871,
        0.9993858912049521,
        0.5156533320177275
      ],
      [
        0.0,
        0.0,
        0.0,
        1.0
      ]
    ],
    "location": [
      -2.241821773557376,
      9.816468231996623,
      0.5156533320177275
    ],
    "rotation": [
      -0.012527728760164948,
      -0.032733093194603616,
      2.7037793213600017
    ]
  }
]