[
  {
    "label_id": "0swVhSVbEe4_bfXYmVkjxA",
    "size": [
      2.0805271023935004,
      4.2235539734875545,
      1.6300000000000026
    ],
    "obj_class": "vehicle",
    "point_num_in_lidar": 480,
    "speed": 0.010826341810458587,
    "if_vehicle": true,
    "motion_state": false,
    "pose": [
      [
        -0.4441688280036398,
        0.8953999475274943,
        0.03119272667840139,
        -8.997184609229407
      ],
      [
        -0.8958046556336032,
        -0.4432189153674006,
        -0.03303047086716224,
        -9.727057235701068
      ],
      [
        -0.01575027539551265,
        -0.042613695313894286,
        0.9989674678369962,
        0.6160468036143101
      ],
      [
        0.0,
        0.0,
        0.0,
        1.0
      ]
    ],
    "location": [
      -8.997184609229407,
      -9.727057235701068,
      0.6160468036143101
    ],
    "rotation": [
      -0.04263189449686719,
      0.01575092666643871,
      -2.031104171562043
    ]
  },
  {
    "label_id": "22F9ULjerOlKyH3Dp469yw",
    "size": [
      2.0366587718836158,
      4.317112949988031,
      1.5899999999999963
    ],
    "obj_class": "vehicle",
    "point_num_in_lidar": 579,
    "speed": 0.004204082075671035,
    "if_vehicle": true,
    "motion_state": false,
    "pose": [
      [
        -0.8914052249310365,
        -0.4521324349878195,
        0.03119272667840139,
        -12.46490132031363
      ],
      [
        0.4511861675020309,
        -0.8918183841170371,
        -0.03303047086716224,
        11.635196361001363
      ],
      [
        0.04275239432450061,
        -0.015369807508954525,
        0.9989674678369962,
        0.6121076401827139
      ],
      [
        0.0,
        0.0,
        0.0,
        1.0
      ]
    ],
    "location": [
      -12.46490132031363,
      11.635196361001363,
      0.6121076401827139
    ],
    "rotation": [
      -0.015384479873375535,
      -0.04276542861881814,
      2.6730358957182454
    ]
  },
  {
    "label_id": "2w9dOhBjHynufErf2sTmhQ",
    "size": [
      2.007923276228154,
      4.299028948583187,
      1.6099999999999994
    ],
    "obj_class": "vehicle",
    "point_num_in_lidar": 84,
    "speed": 0.005254116382884675,
    "if_vehicle": true,
    "motion_state": false,
    "pose": [
      [
        -0.4827298916017898,
        0.8752136113866665,
        0.03119272667840139,
        -19.11992150410174
      ],
      [
        -0.8756592912393735,
        -0.4817984990226223,
        -0.03303047086716224,
        -29.069019871423734
      ],
      [
        -0.01388010879937444,
        -0.043258996556293755,
        0.9989674678369962,
        2.8136199611839743
      ],
      [
        0.0,
        0.0,
        0.0,
        1.0
      ]
    ],
    "location": [
      -19.11992150410174,
      -29.069019871423734,
      2.8136199611839743
    ],
    "rotation": [
      -0.04327667157574122,
      0.013880554522343604,
      -2.074618611951455
    ]
  },
  {
    "label_id": "4OME2iV4__hqoNfwcUJhqA",
    "size": [
      2.68258865023545,
      6.162741556573076,
      2.6400000000000006
    ],
    "obj_class": "vehicle",
    "point_num_in_lidar": 2776,
    "speed": 0.0360733688841007,
    "if_vehicle": true,
    "motion_state": false,
    "pose": [
      [
        0.8790213827029735,
        0.47576088800291183,
        0.03119272667840139,
        -11.778897171148174
      ],
      [
        -0.47482598379644864,
        0.8794596483671256,
        -0.03303047086716224,
        3.3427373386093677
      ],
      [
        -0.04314735058711416,
        0.01422337304061756,
        0.9989674678369962,
        1.0523497156376038
      ],
      [
        0.0,
        0.0,
        0.0,
        1.0
      ]
    ],
    "location": [
      -11.778897171148174,
      3.3427373386093677,
      1.0523497156376038
    ],
    "rotation": [
      0.014237112300051546,
      0.043160749675031904,
      -0.495269280208878
    ]
  },
  {
    "label_id": "FrylGPsB2blyKQv9jX9B6g",
    "size": [
      0.3982185850768876,
      0.13795218438773005,
      0.6499999999999986
    ],
    "obj_class": "sign",
    "point_num_in_lidar": 88,
    "speed": 0.014065295249322048,
    "if_vehicle": false,
    "motion_state": false,
    "pose": [
      [
        -0.9507423230862191,
        -0.3084088988582948,
        0.03119272667840139,
        11.704053111661096
      ],
      [
        0.3074100026899385,
        -0.9510037214650979,
        -0.03303047086716224,
        1.517302821688645
      ],
      [
        0.03985129030271585,
        -0.021814510412763614,
        0.9989674678369962,
        1.2297599670582358
      ],
      [
        0.0,
        0.0,
        0.0,
        1.0
      ]
    ],
    "location": [
      11.704053111661096,
      1.517302821688645,
      1.2297599670582358
    ],
    "rotation": [
      -0.021833587818139787,
      -0.03986184598879807,
      2.828865775449983
    ]
  },
  {
    "label_id": "LZ9vNd3lCkwG9GE7UnjVrw",
    "size": [
      2.049471988229061,
      4.3609996693622435,
      1.8800000000000026
    ],
    "obj_class": "vehicle",
    "point_num_in_lidar": 44,
    "speed": 2.929642751054232e-13,
    "if_vehicle": true,
    "motion_state": false,
    "pose": [
      [
        -0.4498373101676762,
        0.8925656324234519,
        0.03119272667840139,
        -35.438030814866124
      ],
      [
        -0.8929763554504331,
        -0.4488899827360324,
        -0.03303047086716224,
        6.243166349719104
      ],
      [
        -0.015479760578635683,
        -0.04271270555429641,
        0.9989674678369962,
        1.4708387553188587
      ],
      [
        0.0,
        0.0,
        0.0,
        1.0
      ]
    ],
    "location": [
      -35.438030814866124,
      6.243166349719104,
      1.4708387553188587
    ],
    "rotation": [
      -0.04273082663048589,
      0.01548037886305395,
      -2.037439854366603
    ]
  },
  {
    "label_id": "LZrxjRpBcbsFGjcCXZ-SPg",
    "size": [
      1.822562140411714,
      4.136724390663064,
      1.4500000000000028
    ],
    "obj_class": "vehicle",
    "point_num_in_lidar": 255,
    "speed": 3.1776437161565096e-13,
    "if_vehicle": true,
    "motion_state": false,
    "pose": [
      [
        -0.10612774077275244,
        0.9938631276191093,
        0.03119272667840139,
        13.795755372095073
      ],
      [
        -0.9939133404564608,
        -0.10509643027702269,
        -0.03303047086716224,
        -18.42254647577829
      ],
      [
        -0.029549522858262893,
        -0.03450831642066743,
        0.9989674678369962,
        -0.4917247639565332
      ],
      [
        0.0,
        0.0,
        0.0,
        1.0
      ]
    ],
    "location": [
      13.795755372095073,
      -18.42254647577829,
      -0.4917247639565332
    ],
    "rotation": [
      -0.03453025373071638,
      0.029553824862852476,
      -1.6771709331194289
    ]
  },
  {
    "label_id": "Lp2aE54h-iTCtbmuyFtU1g",
    "size": [
      2.231573585162646,
      5.018725893423483,
      2.0700000000000003
    ],
    "obj_class": "vehicle",
    "point_num_in_lidar": 2359,
    "speed": 0.036576192049678526,
    "if_vehicle": true,
    "motion_state": false,
    "pose": [
      [
        -0.9554906000557393,
        -0.2933679038468419,
        0.03119272667840139,
        10.75966121550482
      ],
      [
        0.2923650072172799,
        -0.9557362034312258,
        -0.03303047086716224,
        -2.6248423362030735
      ],
      [
        0.03950209817165682,
        -0.022440642668530995,
        0.9989674678369962,
        -0.22782342441239223
      ],
      [
        0.0,
        0.0,
        0.0,
        1.0
      ]
    ],
    "location": [
      10.75966121550482,
      -2.6248423362030735,
      -0.22782342441239223
    ],
    "rotation": [
      -0.02246005984965802,
      -0.039512378674887216,
      2.8446548685221402
    ]
  },
  {
    "label_id": "V6tbs1CCK71HOxr7oYGLXA",
    "size": [
      2.066164501106166,
      4.585339281261214,
      1.5899999999999963
    ],
    "obj_class": "vehicle",
    "point_num_in_lidar": 3827,
    "speed": 0.015759912315357352,
    "if_vehicle": true,
    "motion_state": false,
    "pose": [
      [
        -0.49062158517097654,
        0.8708142591659169,
        0.03119272667840139,
        4.054662324905166
      ],
      [
        -0.8712683400507383,
        -0.48969425932874144,
        -0.03303047086716224,
        13.430396296938852
      ],
      [
        -0.01348850583086564,
        -0.043382697170538054,
        0.9989674678369962,
        0.3538487316651526
      ],
      [
        0.0,
        0.0,
        0.0,
        1.0
      ]
    ],
    "location": [
      4.054662324905166,
      13.430396296938852,
      0.3538487316651526
    ],
    "rotation": [
      -0.04340026761480481,
      0.013488914880341962,
      -2.083650504573997
    ]
  },
  {
    "label_id": "VJTy6YYNn-VcWnNXVIbvOQ",
    "size": [
      1.9919222443006488,
      4.030907991650739,
      1.4699999999999989
    ],
    "obj_class": "vehicle",
    "point_num_in_lidar": 32,
    "speed": 5.278264476433365e-29,
    "if_vehicle": true,
    "motion_state": false,
    "pose": [
      [
        0.8933236810727844,
        0.4483300287031159,
        0.03119272667840139,
        -43.14098902815749
      ],
      [
        -0.4473820093253031,
        0.8937328044367332,
        -0.03303047086716224,
        15.877297344040926
      ],
      [
        -0.04268651504426845,
        0.01555183708490253,
        0.9989674678369962,
        1.3581735209556598
      ],
      [
        0.0,
        0.0,
        0.0,
        1.0
      ]
    ],
    "location": [
      -43.14098902815749,
      15.877297344040926,
      1.3581735209556598
    ],
    "rotation": [
      0.015566653958061264,
      0.04269948914291499,
      -0.46429233525044544
    ]
  },
  {
    "label_id": "XOxTMIWHL5ip3LD7psueTg",
    "size": [
      1.9205290880940724,
      4.513249209406444,
      1.6700000000000017
    ],
    "obj_class": "vehicle",
    "point_num_in_lidar": 4624,
    "speed": 0.02498710404033885,
    "if_vehicle": true,
    "motion_state": false,
    "pose": [
      [
        0.44856642502142546,
        -0.8932050023067853,
        0.03119272667840139,
        9.82309972153007
      ],
      [
        0.8936143765432684,
        0.44761851394851776,
        -0.03303047086716224,
        10.024880322898753
      ],
      [
        0.015540539845309535,
        0.04269062923706154,
        0.9989674678369962,
        0.13456525355930182
      ],
      [
        0.0,
        0.0,
        0.0,
        1.0
      ]
    ],
    "location": [
      9.82309972153007,
      10.024880322898753,
      0.13456525355930182
    ],
    "rotation": [
      0.04270876780115946,
      -0.015541165441731288,
      1.105575017917869
    ]
  },
  {
    "label_id": "aFNCQJ_mhmlAGA1fcaLCMw",
    "size": [
      2.0754389162516067,
      4.655105173716041,
      1.7100000000000009
    ],
    "obj_class": "vehicle",
    "point_num_in_lidar": 145,
    "speed": 0.015842546191721228,
    "if_vehicle": true,
    "motion_state": false,
    "pose": [
      [
        0.4155782099924295,
        -0.9090224228157712,
        0.03119272667840139,
        -7.4093274371434745
      ],
      [
        0.9093968330665395,
        0.4146159524220479,
        -0.03303047086716224,
        -25.522696706670104
      ],
      [
        0.017092436574007545,
        0.042093310814230754,
        0.9989674678369962,
        1.7198383306358167
      ],
      [
        0.0,
        0.0,
        0.0,
        1.0
      ]
    ],
    "location": [
      -7.4093274371434745,
      -25.522696706670104,
      1.7198383306358167
    ],
    "rotation": [
      0.042111906832849384,
      -0.017093268946620995,
      1.1421511534637312
    ]
  },
  {
    "label_id": "aODc5-qJaKf-jvm5pjvxXA",
    "size": [
      1.8870277732390814,
      4.196029966848567,
      1.6700000000000017
    ],
    "obj_class": "vehicle",
    "point_num_in_lidar": 193,
    "speed": 5.422982071392023e-13,
    "if_vehicle": true,
    "motion_state": false,
    "pose": [
      [
        -0.14066128857392698,
        0.989566276557103,
        0.03119272667840139,
        18.871184233790473
      ],
      [
        -0.9896523604317922,
        -0.1396323511442668,
        -0.03303047086716224,
        -18.932963017903603
      ],
      [
        -0.028330326304239917,
        -0.03551606417996227,
        0.9989674678369962,
        -0.641413608046598
      ],
      [
        0.0,
        0.0,
        0.0,
        1.0
      ]
    ],
    "location": [
      18.871184233790473,
      -18.932963017903603,
      -0.641413608046598
    ],
    "rotation": [
      -0.03553780534726866,
      0.02833411736183022,
      -1.7119826884640754
    ]
  },
  {
    "label_id": "aoj79G3iOHdhBgeszAfT8Q",
    "size": [
      1.2347263316737085,
      0.2022955934763529,
      1.0899999999999963
    ],
    "obj_class": "sign",
    "point_num_in_lidar": 96,
    "speed": 0.005925248780040092,
    "if_vehicle": false,
    "motion_state": false,
    "pose": [
      [
        0.4959335565197209,
        -0.8678000468541514,
        0.03119272667840139,
        -9.835507398480104
      ],
      [
        0.8682597857078701,
        0.49500902266202895,
        -0.03303047086716224,
        -6.966246785510521
      ],
      [
        0.013223163018898802,
        0.043464309072105745,
        0.9989674678369962,
        2.6376914314646456
      ],
      [
        0.0,
        0.0,
        0.0,
        1.0
      ]
    ],
    "location": [
      -9.835507398480104,
      -6.966246785510521,
      2.6376914314646456
    ],
    "rotation": [
      0.04348180979634218,
      -0.01322354839872792,
      1.0518368077648408
    ]
  },
  {
    "label_id": "cedkFiBfazD1eILNFRFi2g",
    "size": [
      1.2052884090746945,
      1.354676491567917,
      1.8599999999999994
    ],
    "obj_class": "pedestrian",
    "point_num_in_lidar": 213,
    "speed": 1.3772340970181691,
    "if_vehicle": false,
    "motion_state": true,
    "pose": [
      [
        -0.8745542936122227,
        -0.4839233424074442,
        0.03119272667840139,
        -7.938382894428514
      ],
      [
        0.48299255865747154,
        -0.8750012435852891,
        -0.03303047086716224,
        -6.205000090867543
      ],
      [
        0.0432778904977461,
        -0.013821085247005909,
        0.9989674678369962,
        0.5239167265036144
      ],
      [
        0.0,
        0.0,
        0.0,
        1.0
      ]
    ],
    "location": [
      -7.938382894428514,
      -6.205000090867543,
      0.5239167265036144
    ],
    "rotation": [
      -0.013834488036348737,
      -0.0432914116373,
      2.6370061565656333
    ]
  },
  {
    "label_id": "csxgKZev0sjcjG8cLELscg",
    "size": [
      2.1133770412935333,
      5.185767427937253,
      1.8900000000000006
    ],
    "obj_class": "vehicle",
    "point_num_in_lidar": 449,
    "speed": 8.84340694603272,
    "if_vehicle": true,
    "motion_state": true,
    "pose": [
      [
        -0.8901290891870125,
        -0.4546396577350748,
        0.03119272667840139,
        -16.134672201666262
      ],
      [
        0.45369455690542015,
        -0.8905449101694356,
        -0.03303047086716224,
        9.989617187729891
      ],
      [
        0.04279548594763172,
        -0.015249412639376077,
        0.9989674678369962,
        0.8685542973747786
      ],
      [
        0.0,
        0.0,
        0.0,
        1.0
      ]
    ],
    "location": [
      -16.134672201666262,
      9.989617187729891,
      0.8685542973747786
    ],
    "rotation": [
      -0.015263988863473856,
      -0.042808559716559544,
      2.670218971910599
    ]
  },
  {
    "label_id": "dD--bdcPnSHnEKPyCLUXbg",
    "size": [
      0.4961887804749832,
      0.10602363401456422,
      0.1600000000000037
    ],
    "obj_class": "sign",
    "point_num_in_lidar": 22,
    "speed": 0.003004314603493229,
    "if_vehicle": false,
    "motion_state": false,
    "pose": [
      [
        0.9732027707646081,
        0.22782313486223485,
        0.03119272667840139,
        14.134904365500233
      ],
      [
        -0.2268058781524869,
        0.9733797211930053,
        -0.03303047086716224,
        0.285824219481583
      ],
      [
        -0.037887473016404584,
        0.025070652001316623,
        0.9989674678369962,
        1.2875681648204136
      ],
      [
        0.0,
        0.0,
        0.0,
        1.0
      ]
    ],
    "location": [
      14.134904365500233,
      0.285824219481583,
      1.2875681648204136
    ],
    "rotation": [
      0.02509129808222925,
      0.037896543205779586,
      -0.22896416026459648
    ]
  },
  {
    "label_id": "f-F206LnSHYeShECxDdREQ",
    "size": [
      1.8998600635909024,
      4.287560747320762,
      1.7000000000000028
    ],
    "obj_class": "vehicle",
    "point_num_in_lidar": 217,
    "speed": 0.007395802982950205,
    "if_vehicle": true,
    "motion_state": false,
    "pose": [
      [
        0.4422245556266918,
        -0.8963617886786237,
        0.03119272667840139,
        -3.303328911543076
      ],
      [
        0.8967644343000564,
        0.44127376691663134,
        -0.03303047086716224,
        -17.688150825799312
      ],
      [
        0.015842719945607625,
        0.042579413195404106,
        0.9989674678369962,
        0.6379645407989685
      ],
      [
        0.0,
        0.0,
        0.0,
        1.0
      ]
    ],
    "location": [
      -3.303328911543076,
      -17.688150825799312,
      0.6379645407989685
    ],
    "rotation": [
      0.042597639227992465,
      -0.015843382752539333,
      1.1126570168571392
    ]
  },
  {
    "label_id": "rcQeDJ1fR0Q_qBK6gWcizA",
    "size": [
      2.388626252990333,
      5.780187000285011,
      2.4800000000000004
    ],
    "obj_class": "vehicle",
    "point_num_in_lidar": 33,
    "speed": 3.3516233813403333e-13,
    "if_vehicle": true,
    "motion_state": false,
    "pose": [
      [
        0.995263346398894,
        0.09207543167013414,
        0.03119272667840139,
        30.50540032569029
      ],
      [
        -0.09104351468256652,
        0.9952989834359014,
        -0.03303047086716224,
        -13.411842266063104
      ],
      [
        -0.03408738401696858,
        0.030034121499048744,
        0.9989674678369962,
        -1.599834231919175
      ],
      [
        0.0,
        0.0,
        0.0,
        1.0
      ]
    ],
    "location": [
      30.50540032569029,
      -13.411842266063104,
      -1.599834231919175
    ],
    "rotation": [
      0.030056110882721754,
      0.034093988775581764,
      -0.0912229226253005
    ]
  },
  {
    "label_id": "vPtOaGxH36PqjRODE3Gbkg",
    "size": [
      1.9066745843775603,
      4.572182520860192,
      1.5899999999999963
    ],
    "obj_class": "vehicle",
    "point_num_in_lidar": 122,
    "speed": 8.556067554929069e-13,
    "if_vehicle": true,
    "motion_state": false,
    "pose": [
      [
        -0.091551079506131,
        0.9953117168222368,
        0.03119272667840139,
        22.3229125532539
      ],
      [
        -0.9953468102044982,
        -0.09051914388693821,
        -0.03303047086716224,
        -18.769143356248605
      ],
      [
        -0.03005207575181397,
        -0.034071556265412084,
        0.9989674678369962,
        -1.2505611367733138
      ],
      [
        0.0,
        0.0,
        0.0,
        1.0
      ]
    ],
    "location": [
      22.3229125532539,
      -18.769143356248605,
      -1.2505611367733138
    ],
    "rotation": [
      -0.034093556677624245,
      0.030056601065965978,
      -1.6625173255543348
    ]
  },
  {
    "label_id": "vfjDCWBNleMB9kSOrvvidA",
    "size": [
      2.0397121402273504,
      4.425729590636861,
      1.8299999999999983
    ],
    "obj_class": "vehicle",
    "point_num_in_lidar": 79,
    "speed": 0.01033495304727363,
    "if_vehicle": true,
    "motion_state": false,
    "pose": [
      [
        -0.4292025112679357,
        0.9026694955096599,
        0.03119272667840139,
        -10.860503890810833
      ],
      [
        -0.9030583353513861,
        -0.4282459934975187,
        -0.03303047086716224,
        -13.783144234221254
      ],
      [
        -0.016457438247819294,
        -0.04234561287381635,
        0.9989674678369962,
        1.1355835339387141
      ],
      [
        0.0,
        0.0,
        0.0,
        1.0
      ]
    ],
    "location": [
      -10.860503890810833,
      -13.783144234221254,
      1.1355835339387141
    ],
    "rotation": [
      -0.042364019354634144,
      0.016458181247094087,
      -2.0144703342853054
    ]
  },
  {
    "label_id": "vkTqMk5OhU77zv43jcQNZA",
    "size": [
      1.835778913648546,
      4.0604646331539715,
      1.3100000000000023
    ],
    "obj_class": "vehicle",
    "point_num_in_lidar": 1120,
    "speed": 0.01907436258789407,
    "if_vehicle": true,
    "motion_state": false,
    "pose": [
      [
        -0.8881658448330254,
        -0.4584631346950425,
        0.03119272667840139,
        -8.071246041820359
      ],
      [
        0.4575198306922223,
        -0.8885857260375353,
        -0.03303047086716224,
        9.496525026745076
      ],
      [
        0.04286066489683017,
        -0.01506524503423481,
        0.9989674678369962,
        0.37843545102479226
      ],
      [
        0.0,
        0.0,
        0.0,
        1.0
      ]
    ],
    "location": [
      -8.071246041820359,
      9.496525026745076,
      0.37843545102479226
    ],
    "rotation": [
      -0.01507967333641232,
      -0.0428737985251795,
      2.6659153640297
    ]
  }
]