[
  {
    "label_id": "0swVhSVbEe4_bfXYmVkjxA",
    "size": [
      2.0805271023934995,
      4.2235539734875545,
      1.6300000000000026
    ],
    "obj_class": "vehicle",
    "point_num_in_lidar": 333,
    "speed": 0.010826341720483006,
    "if_vehicle": true,
    "motion_state": false,
    "pose": [
      [
        -0.44421730840807083,
        0.8954976791755671,
        0.027475252535000685,
        -9.020338767577869
      ],
      [
        -0.8956034140722567,
        -0.4430379376150357,
        -0.040148605653668214,
        -9.721473820503888
      ],
      [
        -0.023780403966435954,
        -0.042441635512653585,
        0.9988158989334341,
        0.6116466633884414
      ],
      [
        0.0,
        0.0,
        0.0,
        1.0
      ]
    ],
    "location": [
      -9.020338767577869,
      -9.721473820503888,
      0.6116466633884414
    ],
    "rotation": [
      -0.0424664039413375,
      0.02378264587024542,
      -2.0312370398139485
    ]
  },
  {
    "label_id": "22F9ULjerOlKyH3Dp469yw",
    "size": [
      2.036658771883617,
      4.317112949988031,
      1.5899999999999963
    ],
    "obj_class": "vehicle",
    "point_num_in_lidar": 429,
    "speed": 0.00420408211000613,
    "if_vehicle": true,
    "motion_state": false,
    "pose": [
      [
        -0.8915025205607418,
        -0.452181784608781,
        0.027475252535000685,
        -12.468060428860781
      ],
      [
        0.4510034031491097,
        -0.8916187637168633,
        -0.040148605653668214,
        11.64388905233318
      ],
      [
        0.042651918852095815,
        -0.02340115074157795,
        0.9988158989334341,
        0.6134432545195594
      ],
      [
        0.0,
        0.0,
        0.0,
        1.0
      ]
    ],
    "location": [
      -12.468060428860781,
      11.64388905233318,
      0.6134432545195594
    ],
    "rotation": [
      -0.023424607521820053,
      -0.042664861413682816,
      2.6732430890733894
    ]
  },
  {
    "label_id": "2w9dOhBjHynufErf2sTmhQ",
    "size": [
      2.007923276228154,
      4.299028948583187,
      1.6099999999999994
    ],
    "obj_class": "vehicle",
    "point_num_in_lidar": 38,
    "speed": 0.00515131273249937,
    "if_vehicle": true,
    "motion_state": false,
    "pose": [
      [
        -0.482782580892213,
        0.8753091397244701,
        0.027475252535000685,
        -19.126476583415524
      ],
      [
        -0.8754661195451988,
        -0.4816089315954781,
        -0.040148605653668214,
        -29.059775192057714
      ],
      [
        -0.02191011445715169,
        -0.04343670017704307,
        0.9988158989334341,
        2.8389040661048526
      ],
      [
        0.0,
        0.0,
        0.0,
        1.0
      ]
    ],
    "location": [
      -19.126476583415524,
      -29.059775192057714,
      2.8389040661048526
    ],
    "rotation": [
      -0.043460810369459195,
      0.021911867839068285,
      -2.0747580464705786
    ]
  },
  {
    "label_id": "4OME2iV4__hqoNfwcUJhqA",
    "size": [
      2.6825886502332477,
      6.162741556573076,
      2.6400000000000006
    ],
    "obj_class": "vehicle",
    "point_num_in_lidar": 2667,
    "speed": 1.1694058271213588,
    "if_vehicle": true,
    "motion_state": true,
    "pose": [
      [
        0.8796256585728237,
        0.4748724157902458,
        0.027475252535000685,
        -12.133488847808621
      ],
      [
        -0.4736973990735323,
        0.879772052053847,
        -0.040148605653668214,
        3.5471529469305096
      ],
      [
        -0.04323742466078256,
        0.022300788024170196,
        0.9988158989334341,
        1.0800594926533478
      ],
      [
        0.0,
        0.0,
        0.0,
        1.0
      ]
    ],
    "location": [
      -12.133488847808621,
      3.5471529469305096,
      1.0800594926533478
    ],
    "rotation": [
      0.022323516747308404,
      0.04325090788677511,
      -0.4939879133729044
    ]
  },
  {
    "label_id": "FrylGPsB2blyKQv9jX9B6g",
    "size": [
      0.3982185850768873,
      0.13795218438773005,
      0.6499999999999986
    ],
    "obj_class": "sign",
    "point_num_in_lidar": 266,
    "speed": 0.0018405862806282957,
    "if_vehicle": false,
    "motion_state": false,
    "pose": [
      [
        -0.9508460952769426,
        -0.30844256125692077,
        0.027475252535000685,
        11.727626290307171
      ],
      [
        0.3072604100018665,
        -0.9507781707157308,
        -0.040148605653668214,
        1.527884215967788
      ],
      [
        0.038506409103892206,
        -0.029733087557795072,
        0.9988158989334341,
        1.2161525046485195
      ],
      [
        0.0,
        0.0,
        0.0,
        1.0
      ]
    ],
    "location": [
      11.727626290307171,
      1.527884215967788,
      1.2161525046485195
    ],
    "rotation": [
      -0.029759547840253957,
      -0.038515931313713815,
      2.8290401679285293
    ]
  },
  {
    "label_id": "LZ9vNd3lCkwG9GE7UnjVrw",
    "size": [
      2.049471988229062,
      4.3609996693622435,
      1.8800000000000026
    ],
    "obj_class": "vehicle",
    "point_num_in_lidar": 131,
    "speed": 2.929642751054232e-13,
    "if_vehicle": true,
    "motion_state": false,
    "pose": [
      [
        -0.44988640927898316,
        0.8926630547100072,
        0.027475252535000685,
        -35.438030814866124
      ],
      [
        -0.8927762654496707,
        -0.4487077326209182,
        -0.040148605653668214,
        6.243166349717285
      ],
      [
        -0.02351081869698364,
        -0.04259156538557118,
        0.9988158989334341,
        1.4708387553187592
      ],
      [
        0.0,
        0.0,
        0.0,
        1.0
      ]
    ],
    "location": [
      -35.438030814866124,
      6.243166349717285,
      1.4708387553187592
    ],
    "rotation": [
      -0.04261624006103079,
      0.023512985203781634,
      -2.0375737597139154
    ]
  },
  {
    "label_id": "LZrxjRpBcbsFGjcCXZ-SPg",
    "size": [
      1.822562140411712,
      4.136724390663064,
      1.4500000000000028
    ],
    "obj_class": "vehicle",
    "point_num_in_lidar": 257,
    "speed": 3.1776437161565096e-13,
    "if_vehicle": true,
    "motion_state": false,
    "pose": [
      [
        -0.10613932446676463,
        0.9939716063851506,
        0.027475252535000685,
        13.795755372094845
      ],
      [
        -0.9936618299840067,
        -0.10499646230659981,
        -0.040148605653668214,
        -18.42254647577829
      ],
      [
        -0.03702176973854502,
        -0.031562455595564365,
        0.9988158989334341,
        -0.4917247639565261
      ],
      [
        0.0,
        0.0,
        0.0,
        1.0
      ]
    ],
    "location": [
      13.795755372094845,
      -18.42254647577829,
      -0.4917247639565261
    ],
    "rotation": [
      -0.03158936129757122,
      0.03703023203574127,
      -1.677209181457393
    ]
  },
  {
    "label_id": "Lp2aE54h-iTCtbmuyFtU1g",
    "size": [
      2.2315735851605556,
      5.018725893423483,
      2.0700000000000003
    ],
    "obj_class": "vehicle",
    "point_num_in_lidar": 1819,
    "speed": 2.2030757017724256,
    "if_vehicle": true,
    "motion_state": true,
    "pose": [
      [
        -0.9646409790822895,
        -0.26213144026098784,
        0.027475252535000685,
        12.22526662097198
      ],
      [
        0.2609539527543992,
        -0.9645160050543076,
        -0.040148605653668214,
        -3.132439009603331
      ],
      [
        0.03702453263738358,
        -0.03155921451460949,
        0.9988158989334341,
        -0.34969209861922934
      ],
      [
        0.0,
        0.0,
        0.0,
        1.0
      ]
    ],
    "location": [
      12.22526662097198,
      -3.132439009603331,
      -0.34969209861922934
    ],
    "rotation": [
      -0.031586119610959425,
      -0.03703299683010039,
      2.877396915092629
    ]
  },
  {
    "label_id": "V6tbs1CCK71HOxr7oYGLXA",
    "size": [
      2.0661645011061656,
      4.585339281261214,
      1.5899999999999963
    ],
    "obj_class": "vehicle",
    "point_num_in_lidar": 3091,
    "speed": 0.015759912183157827,
    "if_vehicle": true,
    "motion_state": false,
    "pose": [
      [
        -0.49067513582868155,
        0.8709093073205975,
        0.027475252535000685,
        4.074816300746306
      ],
      [
        -0.8710768898268608,
        -0.48950295348815737,
        -0.040148605653668214,
        13.458608711105626
      ],
      [
        -0.021516577076008188,
        -0.04363298005784179,
        0.9988158989334341,
        0.3585843800623749
      ],
      [
        0.0,
        0.0,
        0.0,
        1.0
      ]
    ],
    "location": [
      4.074816300746306,
      13.458608711105626,
      0.3585843800623749
    ],
    "rotation": [
      -0.04365695031788076,
      0.02151823765214979,
      -2.0837911365277924
    ]
  },
  {
    "label_id": "XOxTMIWHL5ip3LD7psueTg",
    "size": [
      1.9205290880940729,
      4.513249209406444,
      1.6700000000000017
    ],
    "obj_class": "vehicle",
    "point_num_in_lidar": 4404,
    "speed": 0.024987103832097013,
    "if_vehicle": true,
    "motion_state": false,
    "pose": [
      [
        0.4486153854174017,
        -0.8933024943796664,
        0.027475252535000685,
        9.840049783785389
      ],
      [
        0.8934140273402656,
        0.4474365488152629,
        -0.040148605653668214,
        10.07717322240751
      ],
      [
        0.023571417404198883,
        0.04255805821877744,
        0.9988158989334341,
        0.12500002024914636
      ],
      [
        0.0,
        0.0,
        0.0,
        1.0
      ]
    ],
    "location": [
      9.840049783785389,
      10.07717322240751,
      0.12500002024914636
    ],
    "rotation": [
      0.042582754012631716,
      -0.02357360070941278,
      1.105441342998867
    ]
  },
  {
    "label_id": "aFNCQJ_mhmlAGA1fcaLCMw",
    "size": [
      2.0754389162516076,
      4.655105173716041,
      1.7100000000000009
    ],
    "obj_class": "vehicle",
    "point_num_in_lidar": 116,
    "speed": 0.004019173228816935,
    "if_vehicle": true,
    "motion_state": false,
    "pose": [
      [
        0.415623569771017,
        -0.9091216413379094,
        0.027475252535000685,
        -7.415597702723289
      ],
      [
        0.9091899588713063,
        0.4144414411610625,
        -0.040148605653668214,
        -25.51548829391868
      ],
      [
        0.025113083012421496,
        0.041666930525382444,
        0.9988158989334341,
        1.699636596430608
      ],
      [
        0.0,
        0.0,
        0.0,
        1.0
      ]
    ],
    "location": [
      -7.415597702723289,
      -25.51548829391868,
      1.699636596430608
    ],
    "rotation": [
      0.041692153135792304,
      -0.025115723427036305,
      1.1420238722861173
    ]
  },
  {
    "label_id": "aODc5-qJaKf-jvm5pjvxXA",
    "size": [
      1.8870277732390797,
      4.196029966848567,
      1.6700000000000017
    ],
    "obj_class": "vehicle",
    "point_num_in_lidar": 265,
    "speed": 5.422982071392023e-13,
    "if_vehicle": true,
    "motion_state": false,
    "pose": [
      [
        -0.14067664155623413,
        0.989674286327879,
        0.027475252535000685,
        18.871184233790473
      ],
      [
        -0.9894044824364867,
        -0.13952368830651768,
        -0.040148605653668214,
        -18.932963017903603
      ],
      [
        -0.035900594076517245,
        -0.03283210902072779,
        0.9988158989334341,
        -0.6578357327220132
      ],
      [
        0.0,
        0.0,
        0.0,
        1.0
      ]
    ],
    "location": [
      18.871184233790473,
      -18.932963017903603,
      -0.6578357327220132
    ],
    "rotation": [
      -0.03285920021213208,
      0.035908310315313746,
      -1.7120328018240327
    ]
  },
  {
    "label_id": "aoj79G3iOHdhBgeszAfT8Q",
    "size": [
      1.2347263316737078,
      0.2022955934763529,
      1.0899999999999963
    ],
    "obj_class": "sign",
    "point_num_in_lidar": 40,
    "speed": 0.005925248729068778,
    "if_vehicle": false,
    "motion_state": false,
    "pose": [
      [
        0.49598768697164575,
        -0.867894766011787,
        0.027475252535000685,
        -9.838481949060224
      ],
      [
        0.8680695080370873,
        0.4948165505319273,
        -0.040148605653668214,
        -6.953555214833614
      ],
      [
        0.021249555025127254,
        0.04376364300455241,
        0.9988158989334341,
        2.6495990910030898
      ],
      [
        0.0,
        0.0,
        0.0,
        1.0
      ]
    ],
    "location": [
      -9.838481949060224,
      -6.953555214833614,
      2.6495990910030898
    ],
    "rotation": [
      0.043787518249452435,
      -0.02125115453354936,
      1.0516953990975444
    ]
  },
  {
    "label_id": "cedkFiBfazD1eILNFRFi2g",
    "size": [
      1.205288409074208,
      1.354676491567917,
      1.8599999999999994
    ],
    "obj_class": "pedestrian",
    "point_num_in_lidar": 119,
    "speed": 1.462908860197956,
    "if_vehicle": false,
    "motion_state": true,
    "pose": [
      [
        -0.9241778873490823,
        -0.3809728901550933,
        0.027475252535000685,
        -5.05288490003818
      ],
      [
        0.3797890242653259,
        -0.9242014858847922,
        -0.040148605653668214,
        -7.361488618500516
      ],
      [
        0.040688199549482634,
        -0.026669654201307177,
        0.9988158989334341,
        0.5044589172351692
      ],
      [
        0.0,
        0.0,
        0.0,
        1.0
      ]
    ],
    "location": [
      -5.05288490003818,
      -7.361488618500516,
      0.5044589172351692
    ],
    "rotation": [
      -0.0266949282908646,
      -0.04069943467453635,
      2.7516841462614545
    ]
  },
  {
    "label_id": "csxgKZev0sjcjG8cLELscg",
    "size": [
      2.1133770412914434,
      5.185767427937253,
      1.8900000000000006
    ],
    "obj_class": "vehicle",
    "point_num_in_lidar": 5514,
    "speed": 6.881247888200058,
    "if_vehicle": true,
    "motion_state": true,
    "pose": [
      [
        -0.9045876444137124,
        -0.4254013446995541,
        0.027475252535000685,
        -0.008273346725673036
      ],
      [
        0.42422002138406006,
        -0.9046687034052708,
        -0.040148605653668214,
        1.9153810730713303
      ],
      [
        0.04193527191945402,
        -0.024662380396816348,
        0.9988158989334341,
        0.3005534868125963
      ],
      [
        0.0,
        0.0,
        0.0,
        1.0
      ]
    ],
    "location": [
      -0.008273346725673036,
      1.9153810730713303,
      0.3005534868125963
    ],
    "rotation": [
      -0.024686601640397474,
      -0.04194757265396417,
      2.703079769758006
    ]
  },
  {
    "label_id": "f-F206LnSHYeShECxDdREQ",
    "size": [
      1.8998600635909035,
      4.287560747320762,
      1.7000000000000028
    ],
    "obj_class": "vehicle",
    "point_num_in_lidar": 215,
    "speed": 0.006695825841567721,
    "if_vehicle": true,
    "motion_state": false,
    "pose": [
      [
        0.4422728238165193,
        -0.8964596253103092,
        0.027475252535000685,
        -3.3166687884584007
      ],
      [
        0.8965628004487629,
        0.441093226331507,
        -0.040148605653668214,
        -17.683714197699373
      ],
      [
        0.0238724561960824,
        0.0423899265505609,
        0.9988158989334341,
        0.6027130411875703
      ],
      [
        0.0,
        0.0,
        0.0,
        1.0
      ]
    ],
    "location": [
      -3.3166687884584007,
      -17.683714197699373,
      0.6027130411875703
    ],
    "rotation": [
      0.04241472687073996,
      -0.023874724240023543,
      1.112524509832257
    ]
  },
  {
    "label_id": "vfjDCWBNleMB9kSOrvvidA",
    "size": [
      2.0397121402273504,
      4.425729590636861,
      1.8299999999999983
    ],
    "obj_class": "vehicle",
    "point_num_in_lidar": 74,
    "speed": 0.010334952961345541,
    "if_vehicle": true,
    "motion_state": false,
    "pose": [
      [
        -0.4292493581198928,
        0.9027680206186958,
        0.027475252535000685,
        -10.866677720184498
      ],
      [
        -0.902854109127533,
        -0.42806839067559616,
        -0.040148605653668214,
        -13.761261695362919
      ],
      [
        -0.024483590120499294,
        -0.04203990785678781,
        0.9988158989334341,
        1.123177052645012
      ],
      [
        0.0,
        0.0,
        0.0,
        1.0
      ]
    ],
    "location": [
      -10.866677720184498,
      -13.761261695362919,
      1.123177052645012
    ],
    "rotation": [
      -0.042064918104554774,
      0.024486036879688224,
      -2.014600350711939
    ]
  },
  {
    "label_id": "vkTqMk5OhU77zv43jcQNZA",
    "size": [
      1.8357789136485456,
      4.0604646331539715,
      1.3100000000000023
    ],
    "obj_class": "vehicle",
    "point_num_in_lidar": 1117,
    "speed": 0.004671877643231252,
    "if_vehicle": true,
    "motion_state": false,
    "pose": [
      [
        -0.8882627868889387,
        -0.4585131753029937,
        0.027475252535000685,
        -8.081033168274644
      ],
      [
        0.4573356507118488,
        -0.8883874110161828,
        -0.040148605653668214,
        9.499663681011953
      ],
      [
        0.042817333128836205,
        -0.023097099851065415,
        0.9988158989334341,
        0.37843545102477094
      ],
      [
        0.0,
        0.0,
        0.0,
        1.0
      ]
    ],
    "location": [
      -8.081033168274644,
      9.499663681011953,
      0.37843545102477094
    ],
    "rotation": [
      -0.02312036102187653,
      -0.04283042694157868,
      2.6661236816124076
    ]
  }
]