[
  {
    "label_id": "0JW22M2mZ-LRqS45sS_-jQ",
    "size": [
      2.041163557003049,
      4.24982686350917,
      2.030000000000001
    ],
    "obj_class": "vehicle",
    "point_num_in_lidar": 24,
    "speed": 5.695433295429594e-13,
    "if_vehicle": true,
    "motion_state": false,
    "pose": [
      [
        0.42195540171418083,
        -0.9060976149380656,
        0.030671667182812116,
        -15.671289537404164
      ],
      [
        0.9066159452804516,
        0.42167325635510255,
        -0.015465853940758006,
        -40.94432124598279
      ],
      [
        0.0010801515898849919,
        0.03433332314869801,
        0.9994098539608812,
        3.9557782565098734
      ],
      [
        0.0,
        0.0,
        0.0,
        1.0
      ]
    ],
    "location": [
      -15.671289537404164,
      -40.94432124598279,
      3.9557782565098734
    ],
    "rotation": [
      0.03434009199225214,
      -0.0010801517999255218,
      1.1351950027929325
    ]
  },
  {
    "label_id": "0swVhSVbEe4_bfXYmVkjxA",
    "size": [
      2.080527102393499,
      4.2235539734875545,
      1.6300000000000026
    ],
    "obj_class": "vehicle",
    "point_num_in_lidar": 683,
    "speed": 0.010826341811196375,
    "if_vehicle": true,
    "motion_state": false,
    "pose": [
      [
        -0.4441759938158479,
        0.8954143930884352,
        0.030671667182812116,
        -8.979294274512768
      ],
      [
        -0.8959395248753088,
        -0.4439067189490253,
        -0.015465853940758006,
        -9.73137132759075
      ],
      [
        -0.00023298907613959416,
        -0.034349519967249234,
        0.9994098539608812,
        0.6194466240804815
      ],
      [
        0.0,
        0.0,
        0.0,
        1.0
      ]
    ],
    "location": [
      -8.979294274512768,
      -9.73137132759075,
      0.6194466240804815
    ],
    "rotation": [
      -0.034356279262198176,
      0.0002329890782475205,
      -2.031050679380135
    ]
  },
  {
    "label_id": "22F9ULjerOlKyH3Dp469yw",
    "size": [
      2.0366587718836167,
      4.317112949988031,
      1.5899999999999963
    ],
    "obj_class": "vehicle",
    "point_num_in_lidar": 403,
    "speed": 0.004204082180546344,
    "if_vehicle": true,
    "motion_state": false,
    "pose": [
      [
        -0.8914196060447898,
        -0.45213972927755264,
        0.030671667182812116,
        -12.462460397674931
      ],
      [
        0.45187514593204303,
        -0.8919471171828395,
        -0.015465853940758006,
        11.628479850074655
      ],
      [
        0.03435023213672127,
        7.319865719551953e-05,
        0.9994098539608812,
        0.6110756619445965
      ],
      [
        0.0,
        0.0,
        0.0,
        1.0
      ]
    ],
    "location": [
      -12.462460397674931,
      11.628479850074655,
      0.6110756619445965
    ],
    "rotation": [
      7.324188047028838e-05,
      -0.03435699091932808,
      2.6724273100126426
    ]
  },
  {
    "label_id": "2w9dOhBjHynufErf2sTmhQ",
    "size": [
      2.0079232762281536,
      4.299028948583187,
      1.6099999999999994
    ],
    "obj_class": "vehicle",
    "point_num_in_lidar": 141,
    "speed": 0.016051071137529675,
    "if_vehicle": true,
    "motion_state": false,
    "pose": [
      [
        -0.4827376795228075,
        0.8752277312797864,
        0.030671667182812116,
        -19.10334365872086
      ],
      [
        -0.8757640883368385,
        -0.4824915221446166,
        -0.015465853940758006,
        -29.075054907827507
      ],
      [
        0.0012626751288739289,
        -0.03432709509132658,
        0.9994098539608812,
        2.8113467269649206
      ],
      [
        0.0,
        0.0,
        0.0,
        1.0
      ]
    ],
    "location": [
      -19.10334365872086,
      -29.075054907827507,
      2.8113467269649206
    ],
    "rotation": [
      -0.03433386760175105,
      -0.0012626754643981985,
      -2.074574838573612
    ]
  },
  {
    "label_id": "4OME2iV4__hqoNfwcUJhqA",
    "size": [
      2.682588650235518,
      6.162741556573076,
      2.6400000000000006
    ],
    "obj_class": "vehicle",
    "point_num_in_lidar": 3843,
    "speed": 0.16242825199791933,
    "if_vehicle": true,
    "motion_state": false,
    "pose": [
      [
        0.8786191914464401,
        0.4765370554891096,
        0.030671667182812116,
        -11.702383641460301
      ],
      [
        -0.4762871117933502,
        0.87915379456693,
        -0.015465853940758006,
        3.298671985317924
      ],
      [
        -0.03433516508701672,
        -0.0010199236919309267,
        0.9994098539608812,
        1.0404150618867902
      ],
      [
        0.0,
        0.0,
        0.0,
        1.0
      ]
    ],
    "location": [
      -11.702383641460301,
      3.298671985317924,
      1.0404150618867902
    ],
    "rotation": [
      -0.0010205255969956313,
      0.0343419149765591,
      -0.49674686080703206
    ]
  },
  {
    "label_id": "9a9ahe7SBjTGkYl4Kt5P_g",
    "size": [
      3.099829010968976,
      8.87479321256666,
      3.429999999999996
    ],
    "obj_class": "vehicle",
    "point_num_in_lidar": 366,
    "speed": 3.552713678800501e-14,
    "if_vehicle": true,
    "motion_state": false,
    "pose": [
      [
        0.9925651209704079,
        0.11778679665066989,
        0.030671667182812116,
        37.952584474514424
      ],
      [
        -0.11735685214552193,
        0.9929693734533696,
        -0.015465853940758006,
        -14.300500018740422
      ],
      [
        -0.032277699538436254,
        0.011751336876989194,
        0.9994098539608812,
        -1.7571166825465596
      ],
      [
        0.0,
        0.0,
        0.0,
        1.0
      ]
    ],
    "location": [
      37.952584474514424,
      -14.300500018740422,
      -1.7571166825465596
    ],
    "rotation": [
      0.01175773413373265,
      0.032283306920695795,
      -0.11768952882703733
    ]
  },
  {
    "label_id": "AjKhDLPR-Wxg4kHHhjiYdQ",
    "size": [
      2.210113831827636,
      4.943579067862253,
      2.039999999999999
    ],
    "obj_class": "vehicle",
    "point_num_in_lidar": 37,
    "speed": 5.695433295429594e-13,
    "if_vehicle": true,
    "motion_state": false,
    "pose": [
      [
        0.851367265712127,
        0.5236726341008123,
        0.030671667182812116,
        -47.31086888493087
      ],
      [
        -0.5234521714345173,
        0.8519146856243128,
        -0.015465853940758006,
        18.301775906636976
      ],
      [
        -0.03422868817739412,
        -0.0028880290069135573,
        0.9994098539608812,
        1.002303737773694
      ],
      [
        0.0,
        0.0,
        0.0,
        1.0
      ]
    ],
    "location": [
      -47.31086888493087,
      18.301775906636976,
      1.002303737773694
    ],
    "rotation": [
      -0.0028897263286097345,
      0.034235375443161305,
      -0.551257752696709
    ]
  },
  {
    "label_id": "FrylGPsB2blyKQv9jX9B6g",
    "size": [
      0.3982185850768868,
      0.13795218438773005,
      0.6499999999999986
    ],
    "obj_class": "sign",
    "point_num_in_lidar": 368,
    "speed": 0.01666322585703337,
    "if_vehicle": false,
    "motion_state": false,
    "pose": [
      [
        -0.9507576614902533,
        -0.30841387444440904,
        0.030671667182812116,
        11.69500391841575
      ],
      [
        0.3080706783128704,
        -0.9512377539425836,
        -0.015465853940758006,
        1.5001728682273097
      ],
      [
        0.03394593173611316,
        -0.0052552378116693665,
        0.9994098539608812,
        1.2432757899074431
      ],
      [
        0.0,
        0.0,
        0.0,
        1.0
      ]
    ],
    "location": [
      11.69500391841575,
      1.5001728682273097,
      1.2432757899074431
    ],
    "rotation": [
      -0.00525829253694805,
      -0.03395245458396283,
      2.828241502902565
    ]
  },
  {
    "label_id": "HjlBUfreDbfIcoA7Ha1nIA",
    "size": [
      0.8910268632995935,
      0.1569817500923732,
      0.8100000000000023
    ],
    "obj_class": "sign",
    "point_num_in_lidar": 27,
    "speed": 0.00035484210500604733,
    "if_vehicle": false,
    "motion_state": false,
    "pose": [
      [
        -0.6317808353354107,
        0.774540008608411,
        0.030671667182812116,
        0.4495717899542342
      ],
      [
        -0.775111798003249,
        -0.6316347900156017,
        -0.015465853940758006,
        -13.908913289144039
      ],
      [
        0.007394369416032821,
        -0.0335450012196943,
        0.9994098539608812,
        2.4502923075850944
      ],
      [
        0.0,
        0.0,
        0.0,
        1.0
      ]
    ],
    "location": [
      0.4495717899542342,
      -13.908913289144039,
      2.4502923075850944
    ],
    "rotation": [
      -0.033552213207594134,
      -0.007394436800976025,
      -2.2546670926498904
    ]
  },
  {
    "label_id": "LZ9vNd3lCkwG9GE7UnjVrw",
    "size": [
      2.0494719882290586,
      4.3609996693622435,
      1.8800000000000026
    ],
    "obj_class": "vehicle",
    "point_num_in_lidar": 122,
    "speed": 2.929642751054232e-13,
    "if_vehicle": true,
    "motion_state": false,
    "pose": [
      [
        -0.449844567429972,
        0.8925800322581545,
        0.030671667182812116,
        -35.43803081486635
      ],
      [
        -0.8931068608644295,
        -0.44957862764901046,
        -0.015465853940758006,
        6.243166349719104
      ],
      [
        -1.518636958582576e-05,
        -0.03435030677103529,
        0.9994098539608812,
        1.4708387553188516
      ],
      [
        0.0,
        0.0,
        0.0,
        1.0
      ]
    ],
    "location": [
      -35.43803081486635,
      6.243166349719104,
      1.4708387553188516
    ],
    "rotation": [
      -0.03435706560167653,
      1.518636958640949e-05,
      -2.0373876224674574
    ]
  },
  {
    "label_id": "LZrxjRpBcbsFGjcCXZ-SPg",
    "size": [
      1.822562140411714,
      4.136724390663064,
      1.4500000000000028
    ],
    "obj_class": "vehicle",
    "point_num_in_lidar": 251,
    "speed": 3.1776437161565096e-13,
    "if_vehicle": true,
    "motion_state": false,
    "pose": [
      [
        -0.10612945294031542,
        0.9938791616946278,
        0.030671667182812116,
        13.795755372093709
      ],
      [
        -0.9942783402950938,
        -0.10569479354214543,
        -0.015465853940758006,
        -18.42254647577829
      ],
      [
        -0.012129354419051401,
        -0.0321375569585974,
        0.9994098539608812,
        -0.49172476395649767
      ],
      [
        0.0,
        0.0,
        0.0,
        1.0
      ]
    ],
    "location": [
      13.795755372093709,
      -18.42254647577829,
      -0.49172476395649767
    ],
    "rotation": [
      -0.032145457138474075,
      0.012129651853017611,
      -1.6771338793520063
    ]
  },
  {
    "label_id": "LllAlzp0iaMXZNwjBo4CLw",
    "size": [
      0.9958347988963867,
      0.1139038623621883,
      0.9299999999999962
    ],
    "obj_class": "sign",
    "point_num_in_lidar": 25,
    "speed": 0.05518356545877405,
    "if_vehicle": false,
    "motion_state": false,
    "pose": [
      [
        -0.9990037154623073,
        -0.032416436027609595,
        0.030671667182812116,
        63.05626556925495
      ],
      [
        0.03195347494142724,
        -0.9993696927569149,
        -0.015465853940758006,
        -18.94012625327923
      ],
      [
        0.031153682473712238,
        -0.014470379200876834,
        0.9994098539608812,
        -2.154720808843898
      ],
      [
        0.0,
        0.0,
        0.0,
        1.0
      ]
    ],
    "location": [
      63.05626556925495,
      -18.94012625327923,
      -2.154720808843898
    ],
    "rotation": [
      -0.014477912224185228,
      -0.03115872405370854,
      3.109618213119792
    ]
  },
  {
    "label_id": "Lp2aE54h-iTCtbmuyFtU1g",
    "size": [
      2.231573585161755,
      5.018725893423483,
      2.0700000000000003
    ],
    "obj_class": "vehicle",
    "point_num_in_lidar": 2586,
    "speed": 0.15388657886502705,
    "if_vehicle": true,
    "motion_state": false,
    "pose": [
      [
        -0.9551626452896489,
        -0.2944886583138765,
        0.030671667182812116,
        10.802214486335515
      ],
      [
        0.2941384838015834,
        -0.9556376717714662,
        -0.015465853940758006,
        -2.638426437171802
      ],
      [
        0.033865519192624066,
        -0.00575068828089862,
        0.9994098539608812,
        -0.19086700746932195
      ],
      [
        0.0,
        0.0,
        0.0,
        1.0
      ]
    ],
    "location": [
      10.802214486335515,
      -2.638426437171802,
      -0.19086700746932195
    ],
    "rotation": [
      -0.005754020527143827,
      -0.0338719957795036,
      2.842862017938857
    ]
  },
  {
    "label_id": "QVTU-Cr3icKhU3vK90Mk0g",
    "size": [
      2.0541609012170654,
      4.468647342613678,
      1.8699999999999974
    ],
    "obj_class": "vehicle",
    "point_num_in_lidar": 24,
    "speed": 0.014741530514770668,
    "if_vehicle": true,
    "motion_state": false,
    "pose": [
      [
        -0.5055373868262137,
        0.8622593573589966,
        0.030671667182812116,
        -22.540195335945555
      ],
      [
        -0.8628019888898806,
        -0.505305388185748,
        -0.015465853940758006,
        -36.355885126009525
      ],
      [
        0.0021629814121488394,
        -0.03428214283414548,
        0.9994098539608812,
        3.921434649421954
      ],
      [
        0.0,
        0.0,
        0.0,
        1.0
      ]
    ],
    "location": [
      -22.540195335945555,
      -36.355885126009525,
      3.921434649421954
    ],
    "rotation": [
      -0.034288941732044984,
      -0.002162983098733033,
      -2.100802386330596
    ]
  },
  {
    "label_id": "VJTy6YYNn-VcWnNXVIbvOQ",
    "size": [
      1.991922244300649,
      4.030907991650739,
      1.4699999999999989
    ],
    "obj_class": "vehicle",
    "point_num_in_lidar": 62,
    "speed": 2.8421709430404007e-13,
    "if_vehicle": true,
    "motion_state": false,
    "pose": [
      [
        0.8933380931371501,
        0.4483372616483124,
        0.030671667182812116,
        -43.140989028158174
      ],
      [
        -0.44807043296554744,
        0.8938644720895612,
        -0.015465853940758006,
        15.877297344042745
      ],
      [
        -0.03435023219932328,
        7.316927379663779e-05,
        0.9994098539608812,
        1.3581735209556598
      ],
      [
        0.0,
        0.0,
        0.0,
        1.0
      ]
    ],
    "location": [
      -43.140989028158174,
      15.877297344042745,
      1.3581735209556598
    ],
    "rotation": [
      7.321247972082836e-05,
      0.03435699098196707,
      -0.4649017875731154
    ]
  },
  {
    "label_id": "aFNCQJ_mhmlAGA1fcaLCMw",
    "size": [
      2.075438916251608,
      4.655105173716041,
      1.7100000000000009
    ],
    "obj_class": "vehicle",
    "point_num_in_lidar": 264,
    "speed": 0.01584541123719067,
    "if_vehicle": true,
    "motion_state": false,
    "pose": [
      [
        0.4155849145498451,
        -0.9090370881492266,
        0.030671667182812116,
        -7.395912508136917
      ],
      [
        0.9095534252841381,
        0.4152991378702526,
        -0.015465853940758006,
        -25.546053135631155
      ],
      [
        0.001321117893982709,
        0.03432489553371215,
        0.9994098539608812,
        1.7334438880350262
      ],
      [
        0.0,
        0.0,
        0.0,
        1.0
      ]
    ],
    "location": [
      -7.395912508136917,
      -25.546053135631155,
      1.7334438880350262
    ],
    "rotation": [
      0.034331669338526064,
      -0.001321118278285745,
      1.1422101413427674
    ]
  },
  {
    "label_id": "aODc5-qJaKf-jvm5pjvxXA",
    "size": [
      1.8870277732390786,
      4.196029966848567,
      1.6700000000000017
    ],
    "obj_class": "vehicle",
    "point_num_in_lidar": 446,
    "speed": 5.422982071392023e-13,
    "if_vehicle": true,
    "motion_state": false,
    "pose": [
      [
        -0.14066355787405516,
        0.9895822413111702,
        0.030671667182812116,
        18.871184233790018
      ],
      [
        -0.9899963091160899,
        -0.140243057933013,
        -0.015465853940758006,
        -18.932963017901784
      ],
      [
        -0.011003246008865292,
        -0.0325403193462886,
        0.9994098539608812,
        -0.6287248588920846
      ],
      [
        0.0,
        0.0,
        0.0,
        1.0
      ]
    ],
    "location": [
      18.871184233790018,
      -18.932963017901784,
      -0.6287248588920846
    ],
    "rotation": [
      -0.032548035832770175,
      0.011003468050737647,
      -1.7119365326979181
    ]
  },
  {
    "label_id": "aZJ-kQPe_1iw2haDM5zuog",
    "size": [
      2.1139814985068415,
      4.2681103178543385,
      1.5999999999999979
    ],
    "obj_class": "vehicle",
    "point_num_in_lidar": 37,
    "speed": 6.24092812901331,
    "if_vehicle": true,
    "motion_state": true,
    "pose": [
      [
        0.9925725028140718,
        0.1177245747056922,
        0.030671667182812116,
        57.4489759934454
      ],
      [
        -0.11729460485969444,
        0.9929767283439684,
        -0.015465853940758006,
        -13.236888585441193
      ],
      [
        -0.032276962809679934,
        0.011753360271539049,
        0.9994098539608812,
        -3.5015809040931707
      ],
      [
        0.0,
        0.0,
        0.0,
        1.0
      ]
    ],
    "location": [
      57.4489759934454,
      -13.236888585441193,
      -3.5015809040931707
    ],
    "rotation": [
      0.011759758443162642,
      0.03228256980786772,
      -0.11762681269296754
    ]
  },
  {
    "label_id": "aoj79G3iOHdhBgeszAfT8Q",
    "size": [
      1.2347263316737083,
      0.2022955934763529,
      1.0899999999999963
    ],
    "obj_class": "sign",
    "point_num_in_lidar": 184,
    "speed": 0.013174989910880116,
    "if_vehicle": false,
    "motion_state": false,
    "pose": [
      [
        0.4959415574565454,
        -0.867814047143628,
        0.030671667182812116,
        -9.824564942073266
      ],
      [
        0.868354071813388,
        0.4957035538777108,
        -0.015465853940758006,
        -6.972555551774349
      ],
      [
        -0.0017825691250128878,
        0.03430402677827495,
        0.9994098539608812,
        2.6385236058630497
      ],
      [
        0.0,
        0.0,
        0.0,
        1.0
      ]
    ],
    "location": [
      -9.824564942073266,
      -6.972555551774349,
      2.6385236058630497
    ],
    "rotation": [
      0.034310812847363446,
      0.0017825700690487893,
      1.0518766240611848
    ]
  },
  {
    "label_id": "cedkFiBfazD1eILNFRFi2g",
    "size": [
      1.2052884090741744,
      1.354676491567917,
      1.8599999999999994
    ],
    "obj_class": "pedestrian",
    "point_num_in_lidar": 271,
    "speed": 0.6889233428939244,
    "if_vehicle": false,
    "motion_state": false,
    "pose": [
      [
        -0.16540432332742272,
        -0.9857487807026819,
        0.030671667182812116,
        -9.630484907274422
      ],
      [
        0.9860161790582508,
        -0.16593041311721776,
        -0.015465853940758006,
        -5.042652993101001
      ],
      [
        0.0203348090712658,
        0.027684640975190918,
        0.9994098539608812,
        0.5854560453714939
      ],
      [
        0.0,
        0.0,
        0.0,
        1.0
      ]
    ],
    "location": [
      -9.630484907274422,
      -5.042652993101001,
      0.5854560453714939
    ],
    "rotation": [
      0.027693906461370068,
      -0.020336210754476402,
      1.736998980540972
    ]
  },
  {
    "label_id": "csxgKZev0sjcjG8cLELscg",
    "size": [
      2.113377041291866,
      5.185767427937253,
      1.8900000000000006
    ],
    "obj_class": "vehicle",
    "point_num_in_lidar": 198,
    "speed": 8.439246785552083,
    "if_vehicle": true,
    "motion_state": true,
    "pose": [
      [
        -0.8924115724619935,
        -0.45017866916163274,
        0.030671667182812116,
        -29.185489485912285
      ],
      [
        0.4499129266151831,
        -0.8929385005846953,
        -0.015465853940758006,
        16.659841233315092
      ],
      [
        0.0343503100491517,
        -2.3274883535040424e-06,
        0.9994098539608812,
        1.3045539324395463
      ],
      [
        0.0,
        0.0,
        0.0,
        1.0
      ]
    ],
    "location": [
      -29.185489485912285,
      16.659841233315092,
      1.3045539324395463
    ],
    "rotation": [
      -2.328862722611235e-06,
      -0.034357068877765275,
      2.674627313399635
    ]
  },
  {
    "label_id": "dXlZQCzq6xpOqnjaO_xITg",
    "size": [
      2.1706677685902536,
      5.061649091133307,
      1.6599999999999966
    ],
    "obj_class": "vehicle",
    "point_num_in_lidar": 48,
    "speed": 8.124798759640112e-28,
    "if_vehicle": true,
    "motion_state": false,
    "pose": [
      [
        -0.9956406520401199,
        -0.08808485021473214,
        0.030671667182812116,
        33.374847947973194
      ],
      [
        0.08764302195541837,
        -0.9960318810481947,
        -0.015465853940758006,
        -3.5240309070959484
      ],
      [
        0.03191226578679514,
        -0.012710275301621074,
        0.9994098539608812,
        -2.1174108670731613
      ],
      [
        0.0,
        0.0,
        0.0,
        1.0
      ]
    ],
    "location": [
      33.374847947973194,
      -3.5240309070959484,
      -2.1174108670731613
    ],
    "rotation": [
      -0.012717095049839372,
      -0.03191768480703375,
      3.053792205733699
    ]
  },
  {
    "label_id": "f-F206LnSHYeShECxDdREQ",
    "size": [
      1.8998600635909024,
      4.287560747320762,
      1.7000000000000028
    ],
    "obj_class": "vehicle",
    "point_num_in_lidar": 303,
    "speed": 0.007395802983972582,
    "if_vehicle": true,
    "motion_state": false,
    "pose": [
      [
        0.4422316900717893,
        -0.896376249757029,
        0.030671667182812116,
        -3.2927789435198065
      ],
      [
        0.8969007959180784,
        0.4419612761808445,
        -0.015465853940758006,
        -17.69498799457142
      ],
      [
        0.00030753498399685946,
        0.03434893343502345,
        0.9994098539608812,
        0.680469578438256
      ],
      [
        0.0,
        0.0,
        0.0,
        1.0
      ]
    ],
    "location": [
      -3.2927789435198065,
      -17.69498799457142,
      0.680469578438256
    ],
    "rotation": [
      0.034355693076068436,
      -0.00030753498884452166,
      1.1127109281650989
    ]
  },
  {
    "label_id": "jLrID1tbd8AfhkFmJ9v6Bg",
    "size": [
      1.7307945830498344,
      4.249465681377985,
      1.8999999999999986
    ],
    "obj_class": "vehicle",
    "point_num_in_lidar": 39,
    "speed": 1.6890462602841575e-28,
    "if_vehicle": true,
    "motion_state": false,
    "pose": [
      [
        0.9895597648974916,
        0.14082159112951312,
        0.030671667182812116,
        57.80889587568072
      ],
      [
        -0.1404011573199449,
        0.989973899850447,
        -0.015465853940758006,
        -17.133526179408364
      ],
      [
        -0.03254207613599769,
        0.010998049220156444,
        0.9994098539608812,
        -3.651914847786724
      ],
      [
        0.0,
        0.0,
        0.0,
        1.0
      ]
    ],
    "location": [
      57.80889587568072,
      -17.133526179408364,
      -3.651914847786724
    ],
    "rotation": [
      0.011004099323535705,
      0.03254782247921203,
      -0.14094171904974498
    ]
  },
  {
    "label_id": "kCS7-2UsiCVyBeXYBhCznw",
    "size": [
      2.004986481011172,
      5.03136568546941,
      1.8999999999999986
    ],
    "obj_class": "vehicle",
    "point_num_in_lidar": 21,
    "speed": 3.1551156503666875,
    "if_vehicle": true,
    "motion_state": true,
    "pose": [
      [
        0.42990763745299715,
        -0.9023517452145859,
        0.030671667182812116,
        -45.26237681777798
      ],
      [
        0.9028725368018297,
        0.42963006139109017,
        -0.015465853940758006,
        35.34843486477621
      ],
      [
        0.0007781700399582133,
        0.03434149468615141,
        0.9994098539608812,
        1.1331893441251992
      ],
      [
        0.0,
        0.0,
        0.0,
        1.0
      ]
    ],
    "location": [
      -45.26237681777798,
      35.34843486477621,
      1.1331893441251992
    ],
    "rotation": [
      0.03434825871454201,
      -0.0007781701184948658,
      1.1264057066904072
    ]
  },
  {
    "label_id": "o0ZN1901yfAtQrXthdAvgQ",
    "size": [
      2.045179190648806,
      4.505310372726719,
      1.490000000000002
    ],
    "obj_class": "vehicle",
    "point_num_in_lidar": 145,
    "speed": 0.003191992365030947,
    "if_vehicle": true,
    "motion_state": false,
    "pose": [
      [
        -0.8832342119356554,
        -0.46792795994536224,
        0.030671667182812116,
        -17.536180747440312
      ],
      [
        0.4676728037555061,
        -0.8837663469432104,
        -0.015465853940758006,
        14.34148319957967
      ],
      [
        0.034343492744123655,
        0.0006843332699641375,
        0.9994098539608812,
        0.8765063499427583
      ],
      [
        0.0,
        0.0,
        0.0,
        1.0
      ]
    ],
    "location": [
      -17.536180747440312,
      14.34148319957967,
      0.8765063499427583
    ],
    "rotation": [
      0.000684737257991443,
      -0.0343502475479556,
      2.654624250228767
    ]
  },
  {
    "label_id": "qyoPChy7JYzqrGFyVxkmYA",
    "size": [
      2.0776896175267865,
      4.432298843032103,
      1.490000000000002
    ],
    "obj_class": "vehicle",
    "point_num_in_lidar": 60,
    "speed": 8.592868015318675e-13,
    "if_vehicle": true,
    "motion_state": false,
    "pose": [
      [
        -0.9031352385044433,
        -0.4282592553626239,
        0.030671667182812116,
        -28.43510334325879
      ],
      [
        0.42798072881469257,
        -0.9036555223784822,
        -0.015465853940758006,
        19.9599723155643
      ],
      [
        0.03434001652251917,
        -0.0008408752125997485,
        0.9994098539608812,
        1.1328965519133192
      ],
      [
        0.0,
        0.0,
        0.0,
        1.0
      ]
    ],
    "location": [
      -28.43510334325879,
      19.9599723155643,
      1.1328965519133192
    ],
    "rotation": [
      -0.0008413715462649698,
      -0.0343467692746846,
      2.699055818814467
    ]
  },
  {
    "label_id": "rcQeDJ1fR0Q_qBK6gWcizA",
    "size": [
      2.388626252990331,
      5.780187000285011,
      2.4800000000000004
    ],
    "obj_class": "vehicle",
    "point_num_in_lidar": 485,
    "speed": 3.3516233813403333e-13,
    "if_vehicle": true,
    "motion_state": false,
    "pose": [
      [
        0.995279403064257,
        0.09207691713064216,
        0.030671667182812116,
        30.505400325690516
      ],
      [
        -0.09163666135311462,
        0.9956724007714273,
        -0.015465853940758006,
        -13.411842266063104
      ],
      [
        -0.03196298065123054,
        0.012582196699269825,
        0.9994098539608812,
        -1.596964464338967
      ],
      [
        0.0,
        0.0,
        0.0,
        1.0
      ]
    ],
    "location": [
      30.505400325690516,
      -13.411842266063104,
      -1.596964464338967
    ],
    "rotation": [
      0.012588961334236242,
      0.031968425556157795,
      -0.09181244157729931
    ]
  },
  {
    "label_id": "vPtOaGxH36PqjRODE3Gbkg",
    "size": [
      1.9066745843775594,
      4.572182520860192,
      1.5899999999999963
    ],
    "obj_class": "vehicle",
    "point_num_in_lidar": 90,
    "speed": 8.556067554929069e-13,
    "if_vehicle": true,
    "motion_state": false,
    "pose": [
      [
        -0.091552556507222,
        0.9953277742679638,
        0.030671667182812116,
        22.32291255325299
      ],
      [
        -0.9957205399785215,
        -0.09111209374591576,
        -0.015465853940758006,
        -18.769143356246786
      ],
      [
        -0.012599034164304182,
        -0.031956347476154875,
        0.9994098539608812,
        -1.2413719708654654
      ],
      [
        0.0,
        0.0,
        0.0,
        1.0
      ]
    ],
    "location": [
      22.32291255325299,
      -18.769143356246786,
      -1.2413719708654654
    ],
    "rotation": [
      -0.03196432689512913,
      0.01259936750745362,
      -1.662484562921415
    ]
  },
  {
    "label_id": "vfjDCWBNleMB9kSOrvvidA",
    "size": [
      2.0397121402273504,
      4.425729590636861,
      1.8299999999999983
    ],
    "obj_class": "vehicle",
    "point_num_in_lidar": 146,
    "speed": 0.010334953047360452,
    "if_vehicle": true,
    "motion_state": false,
    "pose": [
      [
        -0.42920943562732544,
        0.9026840583508161,
        0.030671667182812116,
        -10.855733608414312
      ],
      [
        -0.9032046350451098,
        -0.4289314567561036,
        -0.015465853940758006,
        -13.800052037076966
      ],
      [
        -0.0008047369152424224,
        -0.03434088240548429,
        0.9994098539608812,
        1.1451695486680862
      ],
      [
        0.0,
        0.0,
        0.0,
        1.0
      ]
    ],
    "location": [
      -10.855733608414312,
      -13.800052037076966,
      1.1451695486680862
    ],
    "rotation": [
      -0.034347646794826485,
      0.0008047370021005871,
      -2.0144137875131998
    ]
  },
  {
    "label_id": "vkTqMk5OhU77zv43jcQNZA",
    "size": [
      1.8357789136485458,
      4.0604646331539715,
      1.3100000000000023
    ],
    "obj_class": "vehicle",
    "point_num_in_lidar": 1203,
    "speed": 0.041892999162700416,
    "if_vehicle": true,
    "motion_state": false,
    "pose": [
      [
        -0.8881801736855951,
        -0.458470531118471,
        0.030671667182812116,
        -8.06168986941043
      ],
      [
        0.4582097075901599,
        -0.8887095539218779,
        -0.015465853940758006,
        9.429438524746729
      ],
      [
        0.03434884193049728,
        0.0003175908118405518,
        0.9994098539608812,
        0.3847110704416252
      ],
      [
        0.0,
        0.0,
        0.0,
        1.0
      ]
    ],
    "location": [
      -8.06168986941043,
      9.429438524746729,
      0.3847110704416252
    ],
    "rotation": [
      0.0003177783367768865,
      -0.03435559989223193,
      2.665308278844519
    ]
  },
  {
    "label_id": "ye4M4U_b73PvfKmZ21IUgw",
    "size": [
      1.253303055898181,
      1.4328117501689936,
      1.8900000000000006
    ],
    "obj_class": "pedestrian",
    "point_num_in_lidar": 290,
    "speed": 1.5503695125009702,
    "if_vehicle": false,
    "motion_state": true,
    "pose": [
      [
        -0.8253821585639488,
        -0.5637406683542915,
        0.030671667182812116,
        -14.00862389136978
      ],
      [
        0.563546604968473,
        -0.8259394840969834,
        -0.015465853940758006,
        15.779645281560079
      ],
      [
        0.03405167180659899,
        0.0045196739999391,
        0.9994098539608812,
        1.1156533320177857
      ],
      [
        0.0,
        0.0,
        0.0,
        1.0
      ]
    ],
    "location": [
      -14.00862389136978,
      15.779645281560079,
      1.1156533320177857
    ],
    "rotation": [
      0.004522312013340841,
      -0.03405825582098388,
      2.542523933563875
    ]
  }
]