[
  {
    "label_id": "0swVhSVbEe4_bfXYmVkjxA",
    "size": [
      2.0805271023934995,
      4.2235539734875545,
      1.6300000000000026
    ],
    "obj_class": "vehicle",
    "point_num_in_lidar": 512,
    "speed": 0.010826341811161839,
    "if_vehicle": true,
    "motion_state": false,
    "pose": [
      [
        -0.44421199597852074,
        0.8954869698487508,
        0.02790679952773392,
        -9.023496380239067
      ],
      [
        -0.895610554950613,
        -0.4430213914560803,
        -0.04017188784925734,
        -9.720712390861081
      ],
      [
        -0.023610092965372743,
        -0.04283845869567317,
        0.9988029985771697,
        0.6110466010465672
      ],
      [
        0.0,
        0.0,
        0.0,
        1.0
      ]
    ],
    "location": [
      -9.023496380239067,
      -9.720712390861081,
      0.6110466010465672
    ],
    "rotation": [
      -0.04286352774217207,
      0.023612287037016875,
      -2.0312291054272067
    ]
  },
  {
    "label_id": "22F9ULjerOlKyH3Dp469yw",
    "size": [
      2.036658771883616,
      4.317112949988031,
      1.5899999999999963
    ],
    "obj_class": "vehicle",
    "point_num_in_lidar": 422,
    "speed": 0.004204082076690992,
    "if_vehicle": true,
    "motion_state": false,
    "pose": [
      [
        -0.8914918590123412,
        -0.4521763769314348,
        0.02790679952773392,
        -12.468491247420161
      ],
      [
        0.45098692129853996,
        -0.8916260517976644,
        -0.04017188784925734,
        11.645074504716831
      ],
      [
        0.04304720818339543,
        -0.02322730937646144,
        0.9988029985771697,
        0.6136253968663894
      ],
      [
        0.0,
        0.0,
        0.0,
        1.0
      ]
    ],
    "location": [
      -12.468491247420161,
      11.645074504716831,
      0.6136253968663894
    ],
    "rotation": [
      -0.02325095503721292,
      -0.043060514140493646,
      2.6732529924739787
    ]
  },
  {
    "label_id": "2w9dOhBjHynufErf2sTmhQ",
    "size": [
      2.0079232762281536,
      4.299028948583187,
      1.6099999999999994
    ],
    "obj_class": "vehicle",
    "point_num_in_lidar": 46,
    "speed": 0.0051513127750872295,
    "if_vehicle": true,
    "motion_state": false,
    "pose": [
      [
        -0.48277680725755207,
        0.8752986718339766,
        0.02790679952773392,
        -19.127370522253386
      ],
      [
        -0.875473974007798,
        -0.4815927120104914,
        -0.04017188784925734,
        -29.058514463156826
      ],
      [
        -0.021722688811423935,
        -0.04382573244175706,
        0.9988029985771697,
        2.8423521469472632
      ],
      [
        0.0,
        0.0,
        0.0,
        1.0
      ]
    ],
    "location": [
      -19.127370522253386,
      -29.058514463156826,
      2.8423521469472632
    ],
    "rotation": [
      -0.04385012764046287,
      0.02172439757401523,
      -2.0747491956386424
    ]
  },
  {
    "label_id": "4OME2iV4__hqoNfwcUJhqA",
    "size": [
      2.682588650234352,
      6.162741556573076,
      2.6400000000000006
    ],
    "obj_class": "vehicle",
    "point_num_in_lidar": 2531,
    "speed": 1.6962959181399475,
    "if_vehicle": true,
    "motion_state": true,
    "pose": [
      [
        0.8802366190468166,
        0.47371373742920786,
        0.02790679952773392,
        -12.553474309487456
      ],
      [
        -0.47252789532727896,
        0.8803996862585759,
        -0.04017188784925734,
        3.7904721444010647
      ],
      [
        -0.043599112681356585,
        0.022174025494997765,
        0.9988029985771697,
        1.0920579670713266
      ],
      [
        0.0,
        0.0,
        0.0,
        1.0
      ]
    ],
    "location": [
      -12.553474309487456,
      3.7904721444010647,
      1.0920579670713266
    ],
    "rotation": [
      0.02219695341102635,
      0.04361293730947761,
      -0.49266728748324706
    ]
  },
  {
    "label_id": "FrylGPsB2blyKQv9jX9B6g",
    "size": [
      0.39821858507688723,
      0.13795218438773005,
      0.6499999999999986
    ],
    "obj_class": "sign",
    "point_num_in_lidar": 258,
    "speed": 0.0018169170717121832,
    "if_vehicle": false,
    "motion_state": false,
    "pose": [
      [
        -0.9508347240340878,
        -0.3084388725681945,
        0.02790679952773392,
        11.726672751962951
      ],
      [
        0.30724299724384446,
        -0.950782814354175,
        -0.04017188784925734,
        1.52785364720512
      ],
      [
        0.0389238771917575,
        -0.029622657166692854,
        0.9988029985771697,
        1.2176523687119314
      ],
      [
        0.0,
        0.0,
        0.0,
        1.0
      ]
    ],
    "location": [
      11.726672751962951,
      1.52785364720512,
      1.2176523687119314
    ],
    "rotation": [
      -0.029649466775927103,
      -0.03893371262036663,
      2.8290532504582435
    ]
  },
  {
    "label_id": "LZ9vNd3lCkwG9GE7UnjVrw",
    "size": [
      2.0494719882290573,
      4.3609996693622435,
      1.8800000000000026
    ],
    "obj_class": "vehicle",
    "point_num_in_lidar": 124,
    "speed": 2.929642751054232e-13,
    "if_vehicle": true,
    "motion_state": false,
    "pose": [
      [
        -0.449881029052211,
        0.8926523792826873,
        0.02790679952773392,
        -35.43803081486635
      ],
      [
        -0.8927835110977583,
        -0.44869123207232986,
        -0.04017188784925734,
        6.243166349719104
      ],
      [
        -0.023337995005622395,
        -0.04298730071046545,
        0.9988029985771697,
        1.47083875531888
      ],
      [
        0.0,
        0.0,
        0.0,
        1.0
      ]
    ],
    "location": [
      -35.43803081486635,
      6.243166349719104,
      1.47083875531888
    ],
    "rotation": [
      -0.043012273559683345,
      0.023340114078258707,
      -2.0375656922298377
    ]
  },
  {
    "label_id": "LZrxjRpBcbsFGjcCXZ-SPg",
    "size": [
      1.8225621404117136,
      4.136724390663064,
      1.4500000000000028
    ],
    "obj_class": "vehicle",
    "point_num_in_lidar": 253,
    "speed": 3.1776437161565096e-13,
    "if_vehicle": true,
    "motion_state": false,
    "pose": [
      [
        -0.10613805513828109,
        0.9939597194009333,
        0.02790679952773392,
        13.795755372094618
      ],
      [
        -0.9936627903747165,
        -0.10497846660796187,
        -0.04017188784925734,
        -18.42254647578011
      ],
      [
        -0.036999625352096284,
        -0.03199371433670922,
        0.9988029985771697,
        -0.49172476395647635
      ],
      [
        0.0,
        0.0,
        0.0,
        1.0
      ]
    ],
    "location": [
      13.795755372094618,
      -18.42254647578011,
      -0.49172476395647635
    ],
    "rotation": [
      -0.032021107968170544,
      0.03700807246709421,
      -1.6772078163690212
    ]
  },
  {
    "label_id": "Lp2aE54h-iTCtbmuyFtU1g",
    "size": [
      2.2315735851608625,
      5.018725893423483,
      2.0700000000000003
    ],
    "obj_class": "vehicle",
    "point_num_in_lidar": 1655,
    "speed": 2.5589841578244052,
    "if_vehicle": true,
    "motion_state": true,
    "pose": [
      [
        -0.9681938405553535,
        -0.2486400966272208,
        0.02790679952773392,
        13.01520794531666
      ],
      [
        0.24744977342598432,
        -0.9680675746341554,
        -0.04017188784925734,
        -3.347140197394765
      ],
      [
        0.037004009811152185,
        -0.03198864315894928,
        0.9988029985771697,
        -0.38869322987188326
      ],
      [
        0.0,
        0.0,
        0.0,
        1.0
      ]
    ],
    "location": [
      13.01520794531666,
      -3.347140197394765,
      -0.38869322987188326
    ],
    "rotation": [
      -0.03201603591629632,
      -0.03701245993069278,
      2.891370331580736
    ]
  },
  {
    "label_id": "V6tbs1CCK71HOxr7oYGLXA",
    "size": [
      2.0661645011061656,
      4.585339281261214,
      1.5899999999999963
    ],
    "obj_class": "vehicle",
    "point_num_in_lidar": 3154,
    "speed": 0.01575991231518804,
    "if_vehicle": true,
    "motion_state": false,
    "pose": [
      [
        -0.4906692678063378,
        0.8708988920480444,
        0.02790679952773392,
        4.077564768143475
      ],
      [
        -0.8710848905840619,
        -0.48948680556556334,
        -0.04017188784925734,
        13.46245613560859
      ],
      [
        -0.02132564246500747,
        -0.044020302210560865,
        0.9988029985771697,
        0.3592301968142877
      ],
      [
        0.0,
        0.0,
        0.0,
        1.0
      ]
    ],
    "location": [
      4.077564768143475,
      13.46245613560859,
      0.3592301968142877
    ],
    "rotation": [
      -0.04404455459387688,
      0.021327259219272452,
      -2.0837820951076487
    ]
  },
  {
    "label_id": "XOxTMIWHL5ip3LD7psueTg",
    "size": [
      1.9205290880940729,
      4.513249209406444,
      1.6700000000000017
    ],
    "obj_class": "vehicle",
    "point_num_in_lidar": 4425,
    "speed": 0.024987104041464144,
    "if_vehicle": true,
    "motion_state": false,
    "pose": [
      [
        0.4486100203909043,
        -0.8932918113052372,
        0.02790679952773392,
        9.842361322402667
      ],
      [
        0.8934212494950282,
        0.44742003797032753,
        -0.04017188784925734,
        10.084304585987411
      ],
      [
        0.02339915715608491,
        0.04295403913067175,
        0.9988029985771697,
        0.12369557629799033
      ],
      [
        0.0,
        0.0,
        0.0,
        1.0
      ]
    ],
    "location": [
      9.842361322402667,
      10.084304585987411,
      0.12369557629799033
    ],
    "rotation": [
      0.04297903364201253,
      -0.023401292935603706,
      1.1054493805918035
    ]
  },
  {
    "label_id": "aFNCQJ_mhmlAGA1fcaLCMw",
    "size": [
      2.0754389162516076,
      4.655105173716041,
      1.7100000000000009
    ],
    "obj_class": "vehicle",
    "point_num_in_lidar": 123,
    "speed": 0.004019173258869641,
    "if_vehicle": true,
    "motion_state": false,
    "pose": [
      [
        0.41561859929622313,
        -0.9091107690810644,
        0.02790679952773392,
        -7.415405568037386
      ],
      [
        0.9091965719572048,
        0.41442467707400593,
        -0.04017188784925734,
        -25.51667872159669
      ],
      [
        0.024955429475626456,
        0.042068950223905915,
        0.9988029985771697,
        1.6966367908864513
      ],
      [
        0.0,
        0.0,
        0.0,
        1.0
      ]
    ],
    "location": [
      -7.415405568037386,
      -25.51667872159669,
      1.6966367908864513
    ],
    "rotation": [
      0.04209448648189583,
      -0.02495802046500658,
      1.1420311445039049
    ]
  },
  {
    "label_id": "aODc5-qJaKf-jvm5pjvxXA",
    "size": [
      1.8870277732390768,
      4.196029966848567,
      1.6700000000000017
    ],
    "obj_class": "vehicle",
    "point_num_in_lidar": 358,
    "speed": 5.422982071392023e-13,
    "if_vehicle": true,
    "motion_state": false,
    "pose": [
      [
        -0.14067495919326864,
        0.9896624507356491,
        0.02790679952773392,
        18.8711842337907
      ],
      [
        -0.9894060687024719,
        -0.1395057369477901,
        -0.04017188784925734,
        -18.932963017903603
      ],
      [
        -0.0358634503456029,
        -0.03326233549471406,
        0.9988029985771697,
        -0.6600752746657008
      ],
      [
        0.0,
        0.0,
        0.0,
        1.0
      ]
    ],
    "location": [
      18.8711842337907,
      -18.932963017903603,
      -0.6600752746657008
    ],
    "rotation": [
      -0.03328989534222853,
      0.03587114264964316,
      -1.712030911702433
    ]
  },
  {
    "label_id": "aoj79G3iOHdhBgeszAfT8Q",
    "size": [
      1.2347263316737087,
      0.2022955934763529,
      1.0899999999999963
    ],
    "obj_class": "sign",
    "point_num_in_lidar": 41,
    "speed": 0.005925248779803907,
    "if_vehicle": false,
    "motion_state": false,
    "pose": [
      [
        0.4959817554160872,
        -0.8678843867903695,
        0.02790679952773392,
        -9.838887598811652
      ],
      [
        0.868077607317179,
        0.4948004517996204,
        -0.04017188784925734,
        -6.951824421441415
      ],
      [
        0.021056257237660025,
        0.04414979121576827,
        0.9988029985771697,
        2.651222979721254
      ],
      [
        0.0,
        0.0,
        0.0,
        1.0
      ]
    ],
    "location": [
      -9.838887598811652,
      -6.951824421441415,
      2.651222979721254
    ],
    "rotation": [
      0.0441739467076223,
      -0.02105781348615624,
      1.0517045693465308
    ]
  },
  {
    "label_id": "cedkFiBfazD1eILNFRFi2g",
    "size": [
      1.2052884090746518,
      1.354676491567917,
      1.8599999999999994
    ],
    "obj_class": "pedestrian",
    "point_num_in_lidar": 212,
    "speed": 1.4678525980908939,
    "if_vehicle": false,
    "motion_state": true,
    "pose": [
      [
        -0.919265961145782,
        -0.3926465372556347,
        0.02790679952773392,
        -4.6434978182014675
      ],
      [
        0.3914508361700228,
        -0.9193217403544945,
        -0.04017188784925734,
        -7.544589858147447
      ],
      [
        0.04142868016859293,
        -0.02600450908482747,
        0.9988029985771697,
        0.48346017044240597
      ],
      [
        0.0,
        0.0,
        0.0,
        1.0
      ]
    ],
    "location": [
      -4.6434978182014675,
      -7.544589858147447,
      0.48346017044240597
    ],
    "rotation": [
      -0.026029793399628083,
      -0.04144054025038588,
      2.739019371960698
    ]
  },
  {
    "label_id": "csxgKZev0sjcjG8cLELscg",
    "size": [
      2.113377041292981,
      5.185767427937253,
      1.8900000000000006
    ],
    "obj_class": "vehicle",
    "point_num_in_lidar": 5577,
    "speed": 6.421907289861491,
    "if_vehicle": true,
    "motion_state": true,
    "pose": [
      [
        -0.9064610087627739,
        -0.42136640840590667,
        0.02790679952773392,
        1.7933374233032282
      ],
      [
        0.42017305338656624,
        -0.9065543693758452,
        -0.04017188784925734,
        0.9804413955898781
      ],
      [
        0.0422261151490894,
        -0.02468856481592808,
        0.9988029985771697,
        0.19855429737481245
      ],
      [
        0.0,
        0.0,
        0.0,
        1.0
      ]
    ],
    "location": [
      1.7933374233032282,
      0.9804413955898781,
      0.19855429737481245
    ],
    "rotation": [
      -0.024713120167173242,
      -0.04223867373751539,
      2.707543244412168
    ]
  },
  {
    "label_id": "f-F206LnSHYeShECxDdREQ",
    "size": [
      1.8998600635909033,
      4.287560747320762,
      1.7000000000000028
    ],
    "obj_class": "vehicle",
    "point_num_in_lidar": 159,
    "speed": 0.007278660871676711,
    "if_vehicle": true,
    "motion_state": false,
    "pose": [
      [
        0.4422675346412115,
        -0.8964489044795044,
        0.02790679952773392,
        -3.3183423204566225
      ],
      [
        0.8965699054012858,
        0.4410766647141472,
        -0.04017188784925734,
        -17.685154943297675
      ],
      [
        0.023703006794801047,
        0.04278711841360733,
        0.9988029985771697,
        0.6070675030505512
      ],
      [
        0.0,
        0.0,
        0.0,
        1.0
      ]
    ],
    "location": [
      -3.3183423204566225,
      -17.685154943297675,
      0.6070675030505512
    ],
    "rotation": [
      0.04281222020100361,
      -0.02370522687618856,
      1.1125323987015203
    ]
  },
  {
    "label_id": "vfjDCWBNleMB9kSOrvvidA",
    "size": [
      2.0397121402273504,
      4.425729590636861,
      1.8299999999999983
    ],
    "obj_class": "vehicle",
    "point_num_in_lidar": 75,
    "speed": 0.01033495304706762,
    "if_vehicle": true,
    "motion_state": false,
    "pose": [
      [
        -0.42924422469323104,
        0.9027572243452975,
        0.02790679952773392,
        -10.867519666650878
      ],
      [
        -0.9028609735900935,
        -0.42805172794251756,
        -0.04017188784925734,
        -13.758277497849122
      ],
      [
        -0.024319908212314202,
        -0.0424395110457113,
        0.9988029985771697,
        1.1214851378788069
      ],
      [
        0.0,
        0.0,
        0.0,
        1.0
      ]
    ],
    "location": [
      -10.867519666650878,
      -13.758277497849122,
      1.1214851378788069
    ],
    "rotation": [
      -0.042464828590884116,
      0.024322306217729694,
      -2.0145927648934445
    ]
  },
  {
    "label_id": "vkTqMk5OhU77zv43jcQNZA",
    "size": [
      1.8357789136485447,
      4.0604646331539715,
      1.3100000000000023
    ],
    "obj_class": "vehicle",
    "point_num_in_lidar": 1114,
    "speed": 0.004671877681365496,
    "if_vehicle": true,
    "motion_state": false,
    "pose": [
      [
        -0.8882521640847657,
        -0.45850769190805224,
        0.02790679952773392,
        -8.082367872561008
      ],
      [
        0.4573192211314612,
        -0.8883948161770984,
        -0.04017188784925734,
        9.500091710149718
      ],
      [
        0.04321137561388442,
        -0.022920450493178236,
        0.9988029985771697,
        0.3784354510248278
      ],
      [
        0.0,
        0.0,
        0.0,
        1.0
      ]
    ],
    "location": [
      -8.082367872561008,
      9.500091710149718,
      0.3784354510248278
    ],
    "rotation": [
      -0.022943892279121393,
      -0.04322483447137193,
      2.6661334352571235
    ]
  }
]