[
  {
    "label_id": "0JW22M2mZ-LRqS45sS_-jQ",
    "size": [
      2.0411635570030495,
      4.24982686350917,
      2.030000000000001
    ],
    "obj_class": "vehicle",
    "point_num_in_lidar": 140,
    "speed": 5.695433295429594e-13,
    "if_vehicle": true,
    "motion_state": false,
    "pose": [
      [
        0.42097991209489527,
        -0.9040028702948205,
        0.07453002154367178,
        -15.671289537404164
      ],
      [
        0.9048432643490197,
        0.42428023098082857,
        0.035283885288684404,
        -40.94432124598643
      ],
      [
        -0.06351834833167909,
        0.052584181058382,
        0.9965943624803597,
        3.9421780399462776
      ],
      [
        0.0,
        0.0,
        0.0,
        1.0
      ]
    ],
    "location": [
      -15.671289537404164,
      -40.94432124598643,
      3.9421780399462776
    ],
    "rotation": [
      0.05271499197921661,
      0.06356113771308942,
      1.1353316810200216
    ]
  },
  {
    "label_id": "0swVhSVbEe4_bfXYmVkjxA",
    "size": [
      2.0805271023935,
      4.2235539734875545,
      1.6300000000000026
    ],
    "obj_class": "vehicle",
    "point_num_in_lidar": 4382,
    "speed": 0.05680021029322922,
    "if_vehicle": true,
    "motion_state": false,
    "pose": [
      [
        -0.44314913394074623,
        0.893344346249679,
        0.07453002154367178,
        -8.964315651007837
      ],
      [
        -0.8941030820273271,
        -0.44646917715355205,
        0.035283885288684404,
        -9.799242700682953
      ],
      [
        0.06479601682820808,
        -0.05100149875801489,
        0.9965943624803597,
        0.6334899842900441
      ],
      [
        0.0,
        0.0,
        0.0,
        1.0
      ]
    ],
    "location": [
      -8.964315651007837,
      -9.799242700682953,
      0.6334899842900441
    ],
    "rotation": [
      -0.05113117920837649,
      -0.06484144397755387,
      -2.0309461592095888
    ]
  },
  {
    "label_id": "2PEnvhcr5QOodc--r2OWiQ",
    "size": [
      1.9886869062026233,
      4.204834148289736,
      1.3999999999999986
    ],
    "obj_class": "vehicle",
    "point_num_in_lidar": 49,
    "speed": 1.4075393576638528e-29,
    "if_vehicle": true,
    "motion_state": false,
    "pose": [
      [
        -0.8976141820157539,
        -0.43443533020794783,
        0.07453002154367178,
        -33.79586225618414
      ],
      [
        0.43774783324277344,
        -0.8984051880583682,
        0.035283885288684404,
        22.75547558785547
      ],
      [
        0.05162959166452771,
        0.0642966712740197,
        0.9965943624803597,
        1.1786347736160039
      ],
      [
        0.0,
        0.0,
        0.0,
        1.0
      ]
    ],
    "location": [
      -33.79586225618414,
      22.75547558785547,
      1.1786347736160039
    ],
    "rotation": [
      0.06442710002346637,
      -0.05165255665571282,
      2.6878501175583356
    ]
  },
  {
    "label_id": "2w9dOhBjHynufErf2sTmhQ",
    "size": [
      2.007923276228153,
      4.299028948583187,
      1.6099999999999994
    ],
    "obj_class": "vehicle",
    "point_num_in_lidar": 400,
    "speed": 0.026480864901586573,
    "if_vehicle": true,
    "motion_state": false,
    "pose": [
      [
        -0.4816216715435293,
        0.8732043525935476,
        0.07453002154367178,
        -19.04026096538655
      ],
      [
        -0.8738178273278264,
        -0.4849715992540304,
        0.035283885288684404,
        -29.086933629905616
      ],
      [
        0.0669549859509625,
        -0.048132177684701044,
        0.9965943624803597,
        2.8421135451437536
      ],
      [
        0.0,
        0.0,
        0.0,
        1.0
      ]
    ],
    "location": [
      -19.04026096538655,
      -29.086933629905616,
      2.8421135451437536
    ],
    "rotation": [
      -0.048259159330641434,
      -0.06700511334126613,
      -2.0745369272830922
    ]
  },
  {
    "label_id": "645yXDWGDta9UvpeU37KlQ",
    "size": [
      0.43735693099650874,
      0.1284995821552002,
      0.1700000000000017
    ],
    "obj_class": "sign",
    "point_num_in_lidar": 38,
    "speed": 0.015358692885350238,
    "if_vehicle": false,
    "motion_state": false,
    "pose": [
      [
        -0.6303202647562749,
        0.7727494029284522,
        0.07453002154367178,
        0.5287646327947186
      ],
      [
        -0.7727525671821824,
        -0.6337259008059255,
        0.035283885288684404,
        -13.872696872471352
      ],
      [
        0.0744972063296753,
        -0.03535311756322214,
        0.9965943624803597,
        1.9284351055693918
      ],
      [
        0.0,
        0.0,
        0.0,
        1.0
      ]
    ],
    "location": [
      0.5287646327947186,
      -13.872696872471352,
      1.9284351055693918
    ],
    "rotation": [
      -0.035459060005112314,
      -0.07456628684421063,
      -2.2550265125355167
    ]
  },
  {
    "label_id": "9a9ahe7SBjTGkYl4Kt5P_g",
    "size": [
      3.099829010968981,
      8.87479321256666,
      3.429999999999996
    ],
    "obj_class": "vehicle",
    "point_num_in_lidar": 309,
    "speed": 3.552713678800501e-14,
    "if_vehicle": true,
    "motion_state": false,
    "pose": [
      [
        0.9902704780578256,
        0.1175144934713382,
        0.07453002154367178,
        37.952584474516016
      ],
      [
        -0.12038712187374594,
        0.9920997874840468,
        0.035283885288684404,
        -14.300500018742241
      ],
      [
        -0.06979485062725765,
        -0.04391304473939392,
        0.9965943624803597,
        -1.7563994911428082
      ],
      [
        0.0,
        0.0,
        0.0,
        1.0
      ]
    ],
    "location": [
      37.952584474516016,
      -14.300500018742241,
      -1.7563994911428082
    ],
    "rotation": [
      -0.044034623868192166,
      0.06985164072709783,
      -0.12097629047039242
    ]
  },
  {
    "label_id": "Ixj-b9fLaqhJ5Qaq7pxq5g",
    "size": [
      0.4384106091855554,
      0.07942796042794883,
      0.14000000000000057
    ],
    "obj_class": "sign",
    "point_num_in_lidar": 28,
    "speed": 0.01161210665457409,
    "if_vehicle": false,
    "motion_state": false,
    "pose": [
      [
        -0.8443420737161288,
        -0.530595644951452,
        0.07453002154367178,
        -13.40816240812228
      ],
      [
        0.5339750865261652,
        -0.8447636677842565,
        0.035283885288684404,
        -1.0890186129563517
      ],
      [
        0.044238778488129266,
        0.06958884357598889,
        0.9965943624803597,
        2.3540110941944334
      ],
      [
        0.0,
        0.0,
        0.0,
        1.0
      ]
    ],
    "location": [
      -13.40816240812228,
      -1.0890186129563517,
      2.3540110941944334
    ],
    "rotation": [
      0.06971349266468023,
      -0.04425322093845631,
      2.5776785463083836
    ]
  },
  {
    "label_id": "LZ9vNd3lCkwG9GE7UnjVrw",
    "size": [
      2.0494719882290537,
      4.3609996693622435,
      1.8800000000000026
    ],
    "obj_class": "vehicle",
    "point_num_in_lidar": 82,
    "speed": 0.0,
    "if_vehicle": true,
    "motion_state": false,
    "pose": [
      [
        -0.448804602770114,
        0.8905165379829056,
        0.07453002154367178,
        -35.43803081486635
      ],
      [
        -0.8912542073015995,
        -0.4521293901154098,
        0.035283885288684404,
        6.243166349717285
      ],
      [
        0.06511809655969389,
        -0.05058962514990205,
        0.9965943624803597,
        1.4708387553189226
      ],
      [
        0.0,
        0.0,
        0.0,
        1.0
      ]
    ],
    "location": [
      -35.43803081486635,
      6.243166349717285,
      1.4708387553189226
    ],
    "rotation": [
      -0.05071896898232349,
      -0.0651642053630559,
      -2.0372920261380396
    ]
  },
  {
    "label_id": "LZrxjRpBcbsFGjcCXZ-SPg",
    "size": [
      1.8225621404117114,
      4.136724390663064,
      1.4500000000000028
    ],
    "obj_class": "vehicle",
    "point_num_in_lidar": 213,
    "speed": 2.901710233929101e-28,
    "if_vehicle": true,
    "motion_state": false,
    "pose": [
      [
        -0.10588409957068723,
        0.991581480941836,
        0.07453002154367178,
        13.795755372094845
      ],
      [
        -0.9934443789504674,
        -0.10873506044811398,
        0.035283885288684404,
        -18.42254647578011
      ],
      [
        0.043090873625685935,
        -0.07030542854247021,
        0.9965943624803597,
        -0.4917247639564337
      ],
      [
        0.0,
        0.0,
        0.0,
        1.0
      ]
    ],
    "location": [
      13.795755372094845,
      -18.42254647578011,
      -0.4917247639564337
    ],
    "rotation": [
      -0.07042900170177147,
      -0.04310422013765423,
      -1.6769782817100785
    ]
  },
  {
    "label_id": "QVTU-Cr3icKhU3vK90Mk0g",
    "size": [
      2.054160901217066,
      4.468647342613678,
      1.8699999999999974
    ],
    "obj_class": "vehicle",
    "point_num_in_lidar": 201,
    "speed": 0.012965361954979831,
    "if_vehicle": true,
    "motion_state": false,
    "pose": [
      [
        -0.5043686697745913,
        0.8602659593628641,
        0.07453002154367178,
        -22.489223476162806
      ],
      [
        -0.8607913209456406,
        -0.5077335415585563,
        0.035283885288684404,
        -36.38549192686696
      ],
      [
        0.06819491721872331,
        -0.046358709407151255,
        0.9965943624803597,
        3.9359750388289427
      ],
      [
        0.0,
        0.0,
        0.0,
        1.0
      ]
    ],
    "location": [
      -22.489223476162806,
      -36.38549192686696,
      3.9359750388289427
    ],
    "rotation": [
      -0.04648362145571521,
      -0.06824788541768553,
      -2.1008105016636107
    ]
  },
  {
    "label_id": "Sj0kgmEM2eNHR9n0SZtO9w",
    "size": [
      0.9307811170203496,
      0.12615576284919738,
      1.1499999999999986
    ],
    "obj_class": "sign",
    "point_num_in_lidar": 53,
    "speed": 0.007047909451172987,
    "if_vehicle": false,
    "motion_state": false,
    "pose": [
      [
        0.9194723289760257,
        0.3860257920607158,
        0.07453002154367178,
        -39.67531260245073
      ],
      [
        -0.38929147931736746,
        0.9204385865280913,
        0.035283885288684404,
        27.66275647439761
      ],
      [
        -0.05497981791802161,
        -0.06145645852200084,
        0.9965943624803597,
        3.6485296677597177
      ],
      [
        0.0,
        0.0,
        0.0,
        1.0
      ]
    ],
    "location": [
      -39.67531260245073,
      27.66275647439761,
      3.6485296677597177
    ],
    "rotation": [
      -0.06158848257104259,
      0.0550075543155448,
      -0.4005025669191008
    ]
  },
  {
    "label_id": "VJTy6YYNn-VcWnNXVIbvOQ",
    "size": [
      1.9919222443006481,
      4.030907991650739,
      1.4699999999999989
    ],
    "obj_class": "vehicle",
    "point_num_in_lidar": 43,
    "speed": 7.389574294004844e-29,
    "if_vehicle": true,
    "motion_state": false,
    "pose": [
      [
        0.8912728463531883,
        0.44730078162483217,
        0.07453002154367178,
        -43.140989028158174
      ],
      [
        -0.45062431905606504,
        0.8920161268240573,
        0.035283885288684404,
        15.877297344039107
      ],
      [
        -0.05069947168111019,
        -0.06503260907899609,
        0.9965943624803597,
        1.358173520955738
      ],
      [
        0.0,
        0.0,
        0.0,
        1.0
      ]
    ],
    "location": [
      -43.140989028158174,
      15.877297344039107,
      1.358173520955738
    ],
    "rotation": [
      -0.06516245674067496,
      0.050721216804505885,
      -0.46811467839168824
    ]
  },
  {
    "label_id": "WID1WFbU4iDNhjaDRRGZiw",
    "size": [
      2.0670829206840904,
      4.202452390779436,
      1.9099999999999966
    ],
    "obj_class": "vehicle",
    "point_num_in_lidar": 40,
    "speed": 3.4043786996492223e-28,
    "if_vehicle": true,
    "motion_state": false,
    "pose": [
      [
        -0.8584048464664037,
        -0.507529699083403,
        0.07453002154367178,
        -39.629823566745245
      ],
      [
        0.5108964806163676,
        -0.8589178269967067,
        0.035283885288684404,
        -56.757488062183256
      ],
      [
        0.04610754446724899,
        0.0683649838408953,
        0.9965943624803597,
        7.108593071196275
      ],
      [
        0.0,
        0.0,
        0.0,
        1.0
      ]
    ],
    "location": [
      -39.629823566745245,
      -56.757488062183256,
      7.108593071196275
    ],
    "rotation": [
      0.06849130556440752,
      -0.04612389683063006,
      2.604732478279474
    ]
  },
  {
    "label_id": "WZQMFb0Vk03ey74WQdgtKw",
    "size": [
      1.7610851841609965,
      3.799601176698312,
      1.6700000000000017
    ],
    "obj_class": "vehicle",
    "point_num_in_lidar": 58,
    "speed": 0.020999741938293515,
    "if_vehicle": true,
    "motion_state": false,
    "pose": [
      [
        -0.4406937477056214,
        0.8945581572049265,
        0.07453002154367178,
        -26.520200990597914
      ],
      [
        -0.8953260091558707,
        -0.444011694404502,
        0.035283885288684404,
        -44.324617201807996
      ],
      [
        0.06465568855248528,
        -0.051179279109511144,
        0.9965943624803597,
        4.748432309951738
      ],
      [
        0.0,
        0.0,
        0.0,
        1.0
      ]
    ],
    "location": [
      -26.520200990597914,
      -44.324617201807996,
      4.748432309951738
    ],
    "rotation": [
      -0.051309099491897533,
      -0.06470082082670407,
      -2.028197332215671
    ]
  },
  {
    "label_id": "aFNCQJ_mhmlAGA1fcaLCMw",
    "size": [
      2.0754389162516076,
      4.655105173716041,
      1.7100000000000009
    ],
    "obj_class": "vehicle",
    "point_num_in_lidar": 862,
    "speed": 0.01509982901700022,
    "if_vehicle": true,
    "motion_state": false,
    "pose": [
      [
        0.41462415242089345,
        -0.906935547940401,
        0.07453002154367178,
        -7.36435563975715
      ],
      [
        0.9077990869332597,
        0.41791849109853324,
        0.035283885288684404,
        -25.600996084202052
      ],
      [
        -0.06314768398283173,
        0.053028734474524615,
        0.9965943624803597,
        1.7654491848091496
      ],
      [
        0.0,
        0.0,
        0.0,
        1.0
      ]
    ],
    "location": [
      -7.36435563975715,
      -25.600996084202052,
      1.7654491848091496
    ],
    "rotation": [
      0.05315981565690319,
      0.06318972773776797,
      1.1423552189481034
    ]
  },
  {
    "label_id": "aODc5-qJaKf-jvm5pjvxXA",
    "size": [
      1.8870277732390783,
      4.196029966848567,
      1.6700000000000017
    ],
    "obj_class": "vehicle",
    "point_num_in_lidar": 495,
    "speed": 5.422982071392023e-13,
    "if_vehicle": true,
    "motion_state": false,
    "pose": [
      [
        -0.14033836748673012,
        0.9872944943125426,
        0.07453002154367178,
        18.871184233790245
      ],
      [
        -0.9890570169691534,
        -0.1432524506701885,
        0.035283885288684404,
        -18.932963017905422
      ],
      [
        0.04551219391810636,
        -0.06876275792262772,
        0.9965943624803597,
        -0.5930045220306113
      ],
      [
        0.0,
        0.0,
        0.0,
        1.0
      ]
    ],
    "location": [
      18.871184233790245,
      -18.932963017905422,
      -0.5930045220306113
    ],
    "rotation": [
      -0.06888855867074688,
      -0.04552792060299703,
      -1.711746511193851
    ]
  },
  {
    "label_id": "aoj79G3iOHdhBgeszAfT8Q",
    "size": [
      1.2347263316737083,
      0.2022955934763529,
      1.0899999999999963
    ],
    "obj_class": "sign",
    "point_num_in_lidar": 234,
    "speed": 0.013727744274030604,
    "if_vehicle": false,
    "motion_state": false,
    "pose": [
      [
        0.49479502434166434,
        -0.8658078076429154,
        0.07453002154367178,
        -9.769758703149364
      ],
      [
        0.8663704621886236,
        0.4981538614584914,
        0.035283885288684404,
        -6.97563581576469
      ],
      [
        -0.06767648139348462,
        0.0471123183314359,
        0.9965943624803597,
        2.6742159500451805
      ],
      [
        0.0,
        0.0,
        0.0,
        1.0
      ]
    ],
    "location": [
      -9.769758703149364,
      -6.97563581576469,
      2.6742159500451805
    ],
    "rotation": [
      0.04723814631141644,
      0.06772824907153485,
      1.0518884935450274
    ]
  },
  {
    "label_id": "cedkFiBfazD1eILNFRFi2g",
    "size": [
      1.2052884090750686,
      1.354676491567917,
      1.8599999999999994
    ],
    "obj_class": "pedestrian",
    "point_num_in_lidar": 615,
    "speed": 1.1191497606398024,
    "if_vehicle": false,
    "motion_state": true,
    "pose": [
      [
        -0.89013767275229,
        -0.44955555767428423,
        0.07453002154367178,
        -11.644514542290153
      ],
      [
        0.4528809660310381,
        -0.8908725374854299,
        0.035283885288684404,
        -3.8964298714545293
      ],
      [
        0.050534682683584645,
        0.06516074369154046,
        0.9965943624803597,
        0.677435724881569
      ],
      [
        0.0,
        0.0,
        0.0,
        1.0
      ]
    ],
    "location": [
      -11.644514542290153,
      -3.8964298714545293,
      0.677435724881569
    ],
    "rotation": [
      0.06529048298897654,
      -0.05055621629827924,
      2.6709486671764084
    ]
  },
  {
    "label_id": "f-F206LnSHYeShECxDdREQ",
    "size": [
      1.8998600635909024,
      4.287560747320762,
      1.7000000000000028
    ],
    "obj_class": "vehicle",
    "point_num_in_lidar": 2544,
    "speed": 0.07918677529489654,
    "if_vehicle": true,
    "motion_state": false,
    "pose": [
      [
        0.4412093250985477,
        -0.8943039792681142,
        0.07453002154367178,
        -3.315670064695041
      ],
      [
        0.8950699185258078,
        0.4445277138594835,
        0.035283885288684404,
        -17.73683643239565
      ],
      [
        -0.06468517910841662,
        0.05114200109574597,
        0.9965943624803597,
        0.7981517571665933
      ],
      [
        0.0,
        0.0,
        0.0,
        1.0
      ]
    ],
    "location": [
      -3.315670064695041,
      -17.73683643239565,
      0.7981517571665933
    ],
    "rotation": [
      0.05127179240539533,
      0.06473037324540928,
      1.1128184412875965
    ]
  },
  {
    "label_id": "hKdxhgmccQIxbbAIN81oSg",
    "size": [
      2.0889970222364718,
      4.725863531896809,
      1.6799999999999997
    ],
    "obj_class": "vehicle",
    "point_num_in_lidar": 59,
    "speed": 1.1374233532693354e-12,
    "if_vehicle": true,
    "motion_state": false,
    "pose": [
      [
        -0.8948275121123579,
        -0.44014656587948964,
        0.07453002154367178,
        -38.734799476812896
      ],
      [
        0.4434640423502085,
        -0.8955973931300535,
        0.035283885288684404,
        25.099730294165056
      ],
      [
        0.051218812063738885,
        0.0646243759207361,
        0.9965943624803597,
        1.5343743103130407
      ],
      [
        0.0,
        0.0,
        0.0,
        1.0
      ]
    ],
    "location": [
      -38.734799476812896,
      25.099730294165056,
      1.5343743103130407
    ],
    "rotation": [
      0.06475455458339802,
      -0.05124123282962985,
      2.68148242626355
    ]
  },
  {
    "label_id": "jNNepStz6_GUA6HPue9NPw",
    "size": [
      2.9734921272008323,
      7.822413531678656,
      3.460000000000001
    ],
    "obj_class": "vehicle",
    "point_num_in_lidar": 109,
    "speed": 5.750331714935969,
    "if_vehicle": true,
    "motion_state": true,
    "pose": [
      [
        0.48109076905131726,
        -0.8734969649760163,
        0.07453002154367178,
        -35.81167778154759
      ],
      [
        0.8741124759895312,
        0.48444032321678815,
        0.035283885288684404,
        -72.91497552513283
      ],
      [
        -0.0669257144381983,
        0.0481728701584404,
        0.9965943624803597,
        8.556291352265639
      ],
      [
        0.0,
        0.0,
        0.0,
        1.0
      ]
    ],
    "location": [
      -35.81167778154759,
      -72.91497552513283,
      8.556291352265639
    ],
    "rotation": [
      0.04829989576095681,
      0.06697577602428827,
      1.0676642744982878
    ]
  },
  {
    "label_id": "qyoPChy7JYzqrGFyVxkmYA",
    "size": [
      2.077689617526788,
      4.432298843032103,
      1.490000000000002
    ],
    "obj_class": "vehicle",
    "point_num_in_lidar": 180,
    "speed": 8.592868015318675e-13,
    "if_vehicle": true,
    "motion_state": false,
    "pose": [
      [
        -0.9010473423751593,
        -0.427269192298441,
        0.07453002154367178,
        -28.43510334325697
      ],
      [
        0.43057528729928146,
        -0.9018647179073346,
        0.035283885288684404,
        19.95997231556248
      ],
      [
        0.052140279686664084,
        0.06388323650662718,
        0.9965943624803597,
        1.246438913156716
      ],
      [
        0.0,
        0.0,
        0.0,
        1.0
      ]
    ],
    "location": [
      -28.43510334325697,
      19.95997231556248,
      1.246438913156716
    ],
    "rotation": [
      0.0640139610368426,
      -0.05216393347243177,
      2.695812675038227
    ]
  },
  {
    "label_id": "rcQeDJ1fR0Q_qBK6gWcizA",
    "size": [
      2.388626252990334,
      5.780187000285011,
      2.4800000000000004
    ],
    "obj_class": "vehicle",
    "point_num_in_lidar": 375,
    "speed": 3.3516233813403333e-13,
    "if_vehicle": true,
    "motion_state": false,
    "pose": [
      [
        0.9929784851899236,
        0.09186405085028906,
        0.07453002154367178,
        30.50540032569097
      ],
      [
        -0.09468840736336033,
        0.9948814768352687,
        0.035283885288684404,
        -13.411842266063104
      ],
      [
        -0.0709072172695771,
        -0.04209326800630009,
        0.9965943624803597,
        -1.539565344682572
      ],
      [
        0.0,
        0.0,
        0.0,
        1.0
      ]
    ],
    "location": [
      30.50540032569097,
      -13.411842266063104,
      -1.539565344682572
    ],
    "rotation": [
      -0.042212022519031514,
      0.0709667703885733,
      -0.09507049700656303
    ]
  },
  {
    "label_id": "sddqzrE-ya3ZIGAQhw3WMQ",
    "size": [
      0.5257448990351287,
      0.1293304009544773,
      0.5300000000000011
    ],
    "obj_class": "sign",
    "point_num_in_lidar": 34,
    "speed": 0.1124162471114316,
    "if_vehicle": false,
    "motion_state": false,
    "pose": [
      [
        0.5987467224361077,
        -0.7974632519813802,
        0.07453002154367178,
        -21.070336131637987
      ],
      [
        0.7976033181087757,
        0.6021494784360493,
        0.035283885288684404,
        -28.191507653838926
      ],
      [
        -0.07301581550520173,
        0.038319281810539764,
        0.9965943624803597,
        4.867718169178843
      ],
      [
        0.0,
        0.0,
        0.0,
        1.0
      ]
    ],
    "location": [
      -21.070336131637987,
      -28.191507653838926,
      4.867718169178843
    ],
    "rotation": [
      0.03843129761375035,
      0.07308084996601465,
      0.9268586656511999
    ]
  },
  {
    "label_id": "vPtOaGxH36PqjRODE3Gbkg",
    "size": [
      1.9066745843775597,
      4.572182520860192,
      1.5899999999999963
    ],
    "obj_class": "vehicle",
    "point_num_in_lidar": 133,
    "speed": 8.556067554929069e-13,
    "if_vehicle": true,
    "motion_state": false,
    "pose": [
      [
        -0.09134090246006689,
        0.9930267445675772,
        0.07453002154367178,
        22.322912553254127
      ],
      [
        -0.9949312239181853,
        -0.09416425601892,
        0.035283885288684404,
        -18.769143356248605
      ],
      [
        0.042055905773652036,
        -0.07092938362852817,
        0.9965943624803597,
        -1.2197556582546056
      ],
      [
        0.0,
        0.0,
        0.0,
        1.0
      ]
    ],
    "location": [
      22.322912553254127,
      -18.769143356248605,
      -1.2197556582546056
    ],
    "rotation": [
      -0.07105196114056561,
      -0.04206831302586079,
      -1.6623459449085143
    ]
  },
  {
    "label_id": "vfjDCWBNleMB9kSOrvvidA",
    "size": [
      2.0397121402273504,
      4.425729590636861,
      1.8299999999999983
    ],
    "obj_class": "vehicle",
    "point_num_in_lidar": 2711,
    "speed": 0.06636636121405096,
    "if_vehicle": true,
    "motion_state": false,
    "pose": [
      [
        -0.42821717590686026,
        0.900597205273841,
        0.07453002154367178,
        -10.853769129818147
      ],
      [
        -0.9014111011732358,
        -0.4315241292449238,
        0.035283885288684404,
        -13.861774570375928
      ],
      [
        0.06393807113143035,
        -0.05207302307680411,
        0.9965943624803597,
        1.1762462246482457
      ],
      [
        0.0,
        0.0,
        0.0,
        1.0
      ]
    ],
    "location": [
      -10.853769129818147,
      -13.861774570375928,
      1.1762462246482457
    ],
    "rotation": [
      -0.05220349744658805,
      -0.06398171542778738,
      -2.0142871163683047
    ]
  },
  {
    "label_id": "xc63csE4ogLzo7qqRdEXvA",
    "size": [
      0.5487841143441918,
      0.11310404936463103,
      0.6000000000000014
    ],
    "obj_class": "sign",
    "point_num_in_lidar": 25,
    "speed": 0.01371721368892893,
    "if_vehicle": false,
    "motion_state": false,
    "pose": [
      [
        -0.9969670366613793,
        0.02240543905679487,
        0.07453002154367178,
        42.20380372533623
      ],
      [
        -0.01981748197732518,
        -0.9991808218971246,
        0.035283885288684404,
        -16.960206221372573
      ],
      [
        0.07525951912353894,
        0.033699873199448366,
        0.9965943624803597,
        -0.5410369319638733
      ],
      [
        0.0,
        0.0,
        0.0,
        1.0
      ]
    ],
    "location": [
      42.20380372533623,
      -16.960206221372573,
      -0.5410369319638733
    ],
    "rotation": [
      0.033802155111736495,
      -0.07533074574163134,
      -3.1217175005157713
    ]
  },
  {
    "label_id": "yiHJUEjuvum2AvPU1wWiGQ",
    "size": [
      1.878049257081977,
      4.169851547652348,
      1.8900000000000006
    ],
    "obj_class": "vehicle",
    "point_num_in_lidar": 44,
    "speed": 3.378089667617167e-28,
    "if_vehicle": true,
    "motion_state": false,
    "pose": [
      [
        -0.42176221285629883,
        0.9036381530763615,
        0.07453002154367178,
        -32.8605926572252
      ],
      [
        -0.9044756902292358,
        -0.42506325790790545,
        0.035283885288684404,
        -56.35414126030264
      ],
      [
        0.06356383870492449,
        -0.052529183140989,
        0.9965943624803597,
        6.408955640562368
      ],
      [
        0.0,
        0.0,
        0.0,
        1.0
      ]
    ],
    "location": [
      -32.8605926572252,
      -56.35414126030264,
      6.408955640562368
    ],
    "rotation": [
      -0.05265995917139651,
      -0.0636067201983791,
      -2.0071270704179214
    ]
  }
]