[
  {
    "label_id": "0JW22M2mZ-LRqS45sS_-jQ",
    "size": [
      2.041163557003048,
      4.24982686350917,
      2.030000000000001
    ],
    "obj_class": "vehicle",
    "point_num_in_lidar": 2612,
    "speed": 0.028859886998499187,
    "if_vehicle": true,
    "motion_state": false,
    "pose": [
      [
        0.4218422862629029,
        -0.9058547133418383,
        0.038422959761878206,
        -15.630690465429097
      ],
      [
        0.9000821933497394,
        0.4235003780956078,
        0.10246694573177986,
        -40.89062120383278
      ],
      [
        -0.10909230373958292,
        -0.0086410687564107,
        0.9939940649699763,
        3.939994473753174
      ],
      [
        0.0,
        0.0,
        0.0,
        1.0
      ]
    ],
    "location": [
      -15.630690465429097,
      -40.89062120383278,
      3.939994473753174
    ],
    "rotation": [
      -0.008693061048648644,
      0.10930985783983468,
      1.1325246608357942
    ]
  },
  {
    "label_id": "2w9dOhBjHynufErf2sTmhQ",
    "size": [
      2.0079232762281536,
      4.299028948583187,
      1.6099999999999994
    ],
    "obj_class": "vehicle",
    "point_num_in_lidar": 3318,
    "speed": 0.08194782049050366,
    "if_vehicle": true,
    "motion_state": false,
    "pose": [
      [
        -0.4826082698974159,
        0.8749931051098402,
        0.038422959761878206,
        -19.055440558941655
      ],
      [
        -0.8691209884254899,
        -0.48386902412812055,
        0.10246694573177986,
        -29.169768609330276
      ],
      [
        0.10824955106106561,
        0.016057194634810274,
        0.9939940649699763,
        2.980535352195787
      ],
      [
        0.0,
        0.0,
        0.0,
        1.0
      ]
    ],
    "location": [
      -19.055440558941655,
      -29.169768609330276,
      2.980535352195787
    ],
    "rotation": [
      0.01615281083105378,
      -0.10846208443320679,
      -2.0776866742836213
    ]
  },
  {
    "label_id": "NJjtLDWUIJj2K8wh2gXm5A",
    "size": [
      1.968407034040833,
      4.229984629962055,
      1.6599999999999966
    ],
    "obj_class": "vehicle",
    "point_num_in_lidar": 289,
    "speed": 0.0,
    "if_vehicle": true,
    "motion_state": false,
    "pose": [
      [
        -0.8590065748677078,
        -0.5105206954641368,
        0.038422959761878206,
        -33.66244122393505
      ],
      [
        0.5115917969689611,
        -0.853096921988627,
        0.10246694573177986,
        -45.159508939910666
      ],
      [
        -0.01953298769052306,
        0.1076766511196569,
        0.9939940649699763,
        5.491856075562282
      ],
      [
        0.0,
        0.0,
        0.0,
        1.0
      ]
    ],
    "location": [
      -33.66244122393505,
      -45.159508939910666,
      5.491856075562282
    ],
    "rotation": [
      0.10790648354861127,
      0.01953422999872964,
      2.6044426728253085
    ]
  },
  {
    "label_id": "QVTU-Cr3icKhU3vK90Mk0g",
    "size": [
      2.0541609012170663,
      4.468647342613678,
      1.8699999999999974
    ],
    "obj_class": "vehicle",
    "point_num_in_lidar": 4217,
    "speed": 0.02574550511074776,
    "if_vehicle": true,
    "motion_state": false,
    "pose": [
      [
        -0.5054018651824206,
        0.8620282076784188,
        0.038422959761878206,
        -22.42104852823377
      ],
      [
        -0.8561250307995959,
        -0.5065081012884108,
        0.10246694573177986,
        -36.27267768076672
      ],
      [
        0.10779093797031797,
        0.018892127882837804,
        0.9939940649699763,
        3.9689870184250466
      ],
      [
        0.0,
        0.0,
        0.0,
        1.0
      ]
    ],
    "location": [
      -22.42104852823377,
      -36.27267768076672,
      3.9689870184250466
    ],
    "rotation": [
      0.019003990251147105,
      -0.1080007720586136,
      -2.1040800202496266
    ]
  },
  {
    "label_id": "SblHwx8p4INsMeCXIiMVTg",
    "size": [
      0.5396330067228101,
      0.1041169491789995,
      0.6000000000000014
    ],
    "obj_class": "sign",
    "point_num_in_lidar": 34,
    "speed": 0.0403274848689959,
    "if_vehicle": false,
    "motion_state": false,
    "pose": [
      [
        0.24248617415059087,
        -0.9693936927321873,
        0.038422959761878206,
        -25.038267915150982
      ],
      [
        0.9640401243356955,
        0.24520840871229743,
        0.10246694573177986,
        -63.94871067257009
      ],
      [
        -0.10875244372714551,
        0.012194457258790979,
        0.9939940649699763,
        8.463227933835547
      ],
      [
        0.0,
        0.0,
        0.0,
        1.0
      ]
    ],
    "location": [
      -25.038267915150982,
      -63.94871067257009,
      8.463227933835547
    ],
    "rotation": [
      0.012267523478352188,
      0.10896796364360761,
      1.3243770495689904
    ]
  },
  {
    "label_id": "WID1WFbU4iDNhjaDRRGZiw",
    "size": [
      2.067082920684088,
      4.202452390779436,
      1.9099999999999966
    ],
    "obj_class": "vehicle",
    "point_num_in_lidar": 195,
    "speed": 7.105427357601002e-14,
    "if_vehicle": true,
    "motion_state": false,
    "pose": [
      [
        -0.8601632823062552,
        -0.5085693698358823,
        0.038422959761878206,
        -39.629823566746154
      ],
      [
        0.5096538839420341,
        -0.8542560761359558,
        0.10246694573177986,
        -56.757488062185075
      ],
      [
        -0.019288503180107046,
        0.10772071504373444,
        0.9939940649699763,
        7.155694882936196
      ],
      [
        0.0,
        0.0,
        0.0,
        1.0
      ]
    ],
    "location": [
      -39.629823566746154,
      -56.757488062185075,
      7.155694882936196
    ],
    "rotation": [
      0.10795029933707591,
      0.01928969941660951,
      2.606699967340752
    ]
  },
  {
    "label_id": "WZQMFb0Vk03ey74WQdgtKw",
    "size": [
      1.7610851841609958,
      3.799601176698312,
      1.6700000000000017
    ],
    "obj_class": "vehicle",
    "point_num_in_lidar": 721,
    "speed": 0.020999742463715866,
    "if_vehicle": true,
    "motion_state": false,
    "pose": [
      [
        -0.4415965055168777,
        0.896390652828564,
        0.038422959761878206,
        -26.471621683774174
      ],
      [
        -0.8905831757355205,
        -0.4431276702365079,
        0.10246694573177986,
        -44.22680342147214
      ],
      [
        0.10887668902073139,
        0.011030203640249921,
        0.9939940649699763,
        4.748432309951703
      ],
      [
        0.0,
        0.0,
        0.0,
        1.0
      ]
    ],
    "location": [
      -26.471621683774174,
      -44.22680342147214,
      4.748432309951703
    ],
    "rotation": [
      0.01109639514859293,
      -0.10909295110462917,
      -2.0311191827982062
    ]
  },
  {
    "label_id": "Xjo2_LZPDPNehR-MPrTfiQ",
    "size": [
      1.83861038911532,
      4.197154481625292,
      1.8900000000000006
    ],
    "obj_class": "vehicle",
    "point_num_in_lidar": 213,
    "speed": 3.0354398977712303e-13,
    "if_vehicle": true,
    "motion_state": false,
    "pose": [
      [
        -0.4391899124030712,
        0.897572223838572,
        0.038422959761878206,
        -28.6111774446681
      ],
      [
        -0.8917688757416286,
        -0.44073665299236475,
        0.10246694573177986,
        -48.268698460604355
      ],
      [
        0.10890589103393046,
        0.010738049290634684,
        0.9939940649699763,
        5.35216500655126
      ],
      [
        0.0,
        0.0,
        0.0,
        1.0
      ]
    ],
    "location": [
      -28.6111774446681,
      -48.268698460604355,
      5.35216500655126
    ],
    "rotation": [
      0.010802510775768593,
      -0.10912232780153908,
      -2.028420305813499
    ]
  },
  {
    "label_id": "aKmdU8IOh3TxEJG16QWVqw",
    "size": [
      2.0109241300647422,
      4.48477108310288,
      1.6300000000000026
    ],
    "obj_class": "vehicle",
    "point_num_in_lidar": 631,
    "speed": 2.8421709430404007e-13,
    "if_vehicle": true,
    "motion_state": false,
    "pose": [
      [
        0.478920039044763,
        -0.877017258874932,
        0.038422959761878206,
        -18.021108845244953
      ],
      [
        0.8711505023465741,
        0.48020550527218214,
        0.10246694573177986,
        -45.55911256465515
      ],
      [
        -0.10831619667747745,
        -0.015601292952459224,
        0.9939940649699763,
        4.32843230995168
      ],
      [
        0.0,
        0.0,
        0.0,
        1.0
      ]
    ],
    "location": [
      -18.021108845244953,
      -45.55911256465515,
      4.32843230995168
    ],
    "rotation": [
      -0.015694270783232937,
      0.10852912423541342,
      1.068140622825828
    ]
  },
  {
    "label_id": "apfk-7yuTYXe8pejlnnP-A",
    "size": [
      2.1075624740175436,
      4.327305987295328,
      2.0799999999999983
    ],
    "obj_class": "vehicle",
    "point_num_in_lidar": 4132,
    "speed": 8.526512829121202e-13,
    "if_vehicle": true,
    "motion_state": false,
    "pose": [
      [
        -0.8857333509375734,
        -0.4626014561153417,
        0.038422959761878206,
        -26.80599509699232
      ],
      [
        0.4639953151823741,
        -0.8798913981402532,
        0.10246694573177986,
        -29.09975143673728
      ],
      [
        -0.013593326513647355,
        0.10858646452830024,
        0.9939940649699763,
        4.210904136226027
      ],
      [
        0.0,
        0.0,
        0.0,
        1.0
      ]
    ],
    "location": [
      -26.80599509699232,
      -29.09975143673728,
      4.210904136226027
    ],
    "rotation": [
      0.10881108895106861,
      0.0135937451742655,
      2.6590441431508562
    ]
  },
  {
    "label_id": "gv6rqafzMa4a62S6O3hU8A",
    "size": [
      0.927296363743251,
      2.150412388049621,
      1.3900000000000006
    ],
    "obj_class": "vehicle",
    "point_num_in_lidar": 58,
    "speed": 5.8034389784528e-28,
    "if_vehicle": true,
    "motion_state": false,
    "pose": [
      [
        -0.9844527515423678,
        -0.17139561296543773,
        0.038422959761878206,
        -23.658839161543938
      ],
      [
        0.17449971265485595,
        -0.9793111738950868,
        0.10246694573177986,
        -57.961259193085425
      ],
      [
        0.020065648856533985,
        0.10757866210559001,
        0.9939940649699763,
        5.785778246818964
      ],
      [
        0.0,
        0.0,
        0.0,
        1.0
      ]
    ],
    "location": [
      -23.658839161543938,
      -57.961259193085425,
      5.785778246818964
    ],
    "rotation": [
      0.1078090448458869,
      -0.020066995606806866,
      2.9661593033649027
    ]
  },
  {
    "label_id": "jNNepStz6_GUA6HPue9NPw",
    "size": [
      2.973492127200841,
      7.822413531678656,
      3.460000000000001
    ],
    "obj_class": "vehicle",
    "point_num_in_lidar": 2190,
    "speed": 3.736633818528575,
    "if_vehicle": true,
    "motion_state": true,
    "pose": [
      [
        0.4629787672281838,
        -0.8855361863069222,
        0.038422959761878206,
        -23.718134655568974
      ],
      [
        0.8796936402075204,
        0.46437013729442383,
        0.10246694573177986,
        -50.31554580810189
      ],
      [
        -0.10858066344572022,
        -0.013639586876062936,
        0.9939940649699763,
        6.005426549837097
      ],
      [
        0.0,
        0.0,
        0.0,
        1.0
      ]
    ],
    "location": [
      -23.718134655568974,
      -50.31554580810189,
      6.005426549837097
    ],
    "rotation": [
      -0.013721139162204452,
      0.10879516006349102,
      1.0863343191066221
    ]
  },
  {
    "label_id": "yiHJUEjuvum2AvPU1wWiGQ",
    "size": [
      1.8780492570819776,
      4.169851547652348,
      1.8900000000000006
    ],
    "obj_class": "vehicle",
    "point_num_in_lidar": 176,
    "speed": 3.0354398977712303e-13,
    "if_vehicle": true,
    "motion_state": false,
    "pose": [
      [
        -0.4226261895615049,
        0.9054892490029133,
        0.038422959761878206,
        -32.860592657227244
      ],
      [
        -0.8997152960139958,
        -0.42427928437627993,
        0.10246694573177986,
        -56.35414126030446
      ],
      [
        0.10908478360967992,
        0.008735490214735533,
        0.9939940649699763,
        6.3623861141430424
      ],
      [
        0.0,
        0.0,
        0.0,
        1.0
      ]
    ],
    "location": [
      -32.860592657227244,
      -56.35414126030446,
      6.3623861141430424
    ],
    "rotation": [
      0.008788045765582916,
      -0.10930229256062166,
      -2.009938704817831
    ]
  }
]