[
  {
    "label_id": "0JW22M2mZ-LRqS45sS_-jQ",
    "size": [
      2.041163557003049,
      4.24982686350917,
      2.030000000000001
    ],
    "obj_class": "vehicle",
    "point_num_in_lidar": 660,
    "speed": 0.02280658842407913,
    "if_vehicle": true,
    "motion_state": false,
    "pose": [
      [
        0.4216692693901834,
        -0.9054831807697246,
        0.04790862756426189,
        -15.630649361334918
      ],
      [
        0.8998180646981163,
        0.42438189508685026,
        0.1011308932296677,
        -40.904329058905205
      ],
      [
        -0.11190387703241449,
        0.00046525867628633447,
        0.9937189269806017,
        3.9384323099519563
      ],
      [
        0.0,
        0.0,
        0.0,
        1.0
      ]
    ],
    "location": [
      -15.630649361334918,
      -40.904329058905205,
      3.9384323099519563
    ],
    "rotation": [
      0.00046819943714210266,
      0.11213875532152039,
      1.1325695173894674
    ]
  },
  {
    "label_id": "2w9dOhBjHynufErf2sTmhQ",
    "size": [
      2.0079232762281536,
      4.299028948583187,
      1.6099999999999994
    ],
    "obj_class": "vehicle",
    "point_num_in_lidar": 4054,
    "speed": 0.05488114765969279,
    "if_vehicle": true,
    "motion_state": false,
    "pose": [
      [
        -0.48241033010729595,
        0.8746342302989739,
        0.04790862756426189,
        -18.951471891290794
      ],
      [
        -0.8687973859322768,
        -0.484730486592098,
        0.1011308932296677,
        -29.01598487294177
      ],
      [
        0.1116753133105624,
        0.007163697195535945,
        0.9937189269806017,
        2.9764294280201327
      ],
      [
        0.0,
        0.0,
        0.0,
        1.0
      ]
    ],
    "location": [
      -18.951471891290794,
      -29.01598487294177,
      2.9764294280201327
    ],
    "rotation": [
      0.007208852430334928,
      -0.11190874990186585,
      -2.0776706197211716
    ]
  },
  {
    "label_id": "NJjtLDWUIJj2K8wh2gXm5A",
    "size": [
      1.9684070340408313,
      4.229984629962055,
      1.6599999999999966
    ],
    "obj_class": "vehicle",
    "point_num_in_lidar": 96,
    "speed": 0.0,
    "if_vehicle": true,
    "motion_state": false,
    "pose": [
      [
        -0.8586542568662421,
        -0.5103113075078686,
        0.04790862756426189,
        -33.66244122393391
      ],
      [
        0.5124423976614934,
        -0.8527457601850095,
        0.1011308932296677,
        -45.159508939910666
      ],
      [
        -0.01075435932176338,
        0.11138688395004147,
        0.9937189269806017,
        5.445945419751453
      ],
      [
        0.0,
        0.0,
        0.0,
        1.0
      ]
    ],
    "location": [
      -33.66244122393391,
      -45.159508939910666,
      5.445945419751453
    ],
    "rotation": [
      0.11162499190893266,
      0.010754566634021577,
      2.603531531597363
    ]
  },
  {
    "label_id": "QVTU-Cr3icKhU3vK90Mk0g",
    "size": [
      2.054160901217066,
      4.468647342613678,
      1.8699999999999974
    ],
    "obj_class": "vehicle",
    "point_num_in_lidar": 1072,
    "speed": 0.028712029700495658,
    "if_vehicle": true,
    "motion_state": false,
    "pose": [
      [
        -0.5051945766932671,
        0.8616746503667261,
        0.04790862756426189,
        -22.44169532953424
      ],
      [
        -0.8557789350044437,
        -0.5073607758166074,
        0.1011308932296677,
        -36.30361120460111
      ],
      [
        0.11144888551426144,
        0.010091584521305388,
        0.9937189269806017,
        3.9490706416095236
      ],
      [
        0.0,
        0.0,
        0.0,
        1.0
      ]
    ],
    "location": [
      -22.44169532953424,
      -36.30361120460111,
      3.9490706416095236
    ],
    "rotation": [
      0.010155022057532296,
      -0.1116808997423154,
      -2.104077441853673
    ]
  },
  {
    "label_id": "SblHwx8p4INsMeCXIiMVTg",
    "size": [
      0.5396330067228113,
      0.1041169491789995,
      0.6000000000000014
    ],
    "obj_class": "sign",
    "point_num_in_lidar": 23,
    "speed": 0.03309351361483014,
    "if_vehicle": false,
    "motion_state": false,
    "pose": [
      [
        0.24238671944702211,
        -0.9689960999099116,
        0.04790862756426189,
        -25.06082866499969
      ],
      [
        0.9639478791905118,
        0.24612401069112322,
        0.1011308932296677,
        -63.98320551420147
      ],
      [
        -0.10978690468277713,
        0.021668634490812133,
        0.9937189269806017,
        8.437641639918667
      ],
      [
        0.0,
        0.0,
        0.0,
        1.0
      ]
    ],
    "location": [
      -25.06082866499969,
      -63.98320551420147,
      8.437641639918667
    ],
    "rotation": [
      0.02180214195240297,
      0.11000865616673906,
      1.3244514480494651
    ]
  },
  {
    "label_id": "WID1WFbU4iDNhjaDRRGZiw",
    "size": [
      2.067082920684087,
      4.202452390779436,
      1.9099999999999966
    ],
    "obj_class": "vehicle",
    "point_num_in_lidar": 134,
    "speed": 7.105427357601002e-14,
    "if_vehicle": true,
    "motion_state": false,
    "pose": [
      [
        -0.8598104898860067,
        -0.5083607822077681,
        0.04790862756426189,
        -39.62982356674593
      ],
      [
        0.5105052796068692,
        -0.8539068461653659,
        0.1011308932296677,
        -56.757488062183256
      ],
      [
        -0.010501474920094168,
        0.11141101016068491,
        0.9937189269806017,
        7.164389073272005
      ],
      [
        0.0,
        0.0,
        0.0,
        1.0
      ]
    ],
    "location": [
      -39.62982356674593,
      -56.757488062183256,
      7.164389073272005
    ],
    "rotation": [
      0.11164896928977913,
      0.010501667948490024,
      2.6057876058611416
    ]
  },
  {
    "label_id": "WZQMFb0Vk03ey74WQdgtKw",
    "size": [
      1.7610851841609962,
      3.799601176698312,
      1.6700000000000017
    ],
    "obj_class": "vehicle",
    "point_num_in_lidar": 190,
    "speed": 0.02099974211231544,
    "if_vehicle": true,
    "motion_state": false,
    "pose": [
      [
        -0.4414153865326591,
        0.8960230019018106,
        0.04790862756426189,
        -26.486560993444982
      ],
      [
        -0.8902997884356525,
        -0.4440031859637972,
        0.1011308932296677,
        -44.25688352038924
      ],
      [
        0.11188718981034362,
        0.0019876913406620183,
        0.9937189269806017,
        4.748432309951809
      ],
      [
        0.0,
        0.0,
        0.0,
        1.0
      ]
    ],
    "location": [
      -26.486560993444982,
      -44.25688352038924,
      4.748432309951809
    ],
    "rotation": [
      0.0020002524212522814,
      -0.11212196264100333,
      -2.0310825780356487
    ]
  },
  {
    "label_id": "Xjo2_LZPDPNehR-MPrTfiQ",
    "size": [
      1.8386103891153194,
      4.197154481625292,
      1.8900000000000006
    ],
    "obj_class": "vehicle",
    "point_num_in_lidar": 66,
    "speed": 3.0354398977712303e-13,
    "if_vehicle": true,
    "motion_state": false,
    "pose": [
      [
        -0.4390097804730847,
        0.8972040882953459,
        0.04790862756426189,
        -28.61117744466901
      ],
      [
        -0.8914878384583098,
        -0.4416129258926873,
        0.1011308932296677,
        -48.268698460604355
      ],
      [
        0.11189212005277473,
        0.0016874924050353523,
        0.9937189269806017,
        5.352165006551324
      ],
      [
        0.0,
        0.0,
        0.0,
        1.0
      ]
    ],
    "location": [
      -28.61117744466901,
      -48.268698460604355,
      5.352165006551324
    ],
    "rotation": [
      0.0016981570312518054,
      -0.1121269240378444,
      -2.0283826393418862
    ]
  },
  {
    "label_id": "aFNCQJ_mhmlAGA1fcaLCMw",
    "size": [
      2.0754389162516076,
      4.655105173716041,
      1.7100000000000009
    ],
    "obj_class": "vehicle",
    "point_num_in_lidar": 3625,
    "speed": 0.01854178183143556,
    "if_vehicle": true,
    "motion_state": false,
    "pose": [
      [
        0.41530310211911264,
        -0.9084206606936848,
        0.04790862756426189,
        -7.377428319710589
      ],
      [
        0.9027747246800816,
        0.41805542564757203,
        0.1011308932296677,
        -25.623436075329664
      ],
      [
        -0.11189785453280574,
        0.0012507243807693298,
        0.9937189269806017,
        1.8113190266812538
      ],
      [
        0.0,
        0.0,
        0.0,
        1.0
      ]
    ],
    "location": [
      -7.377428319710589,
      -25.623436075329664,
      1.8113190266812538
    ],
    "rotation": [
      0.0012586292626281617,
      0.11213269475778347,
      1.1396331497802141
    ]
  },
  {
    "label_id": "aKmdU8IOh3TxEJG16QWVqw",
    "size": [
      2.010924130064742,
      4.48477108310288,
      1.6300000000000026
    ],
    "obj_class": "vehicle",
    "point_num_in_lidar": 132,
    "speed": 2.8421709430404007e-13,
    "if_vehicle": true,
    "motion_state": false,
    "pose": [
      [
        0.47872361196730573,
        -0.8766575538657528,
        0.04790862756426189,
        -18.02110884524518
      ],
      [
        0.8708305297073191,
        0.48106832255329346,
        0.1011308932296677,
        -45.55911256465333
      ],
      [
        -0.11170448457714906,
        -0.006693450969049615,
        0.9937189269806017,
        4.328432309951673
      ],
      [
        0.0,
        0.0,
        0.0,
        1.0
      ]
    ],
    "location": [
      -18.02110884524518,
      -45.55911256465333,
      4.328432309951673
    ],
    "rotation": [
      -0.006735656896319122,
      0.1119381048390993,
      1.0681587181114771
    ]
  },
  {
    "label_id": "apfk-7yuTYXe8pejlnnP-A",
    "size": [
      2.1075624740175423,
      4.327305987295328,
      2.0799999999999983
    ],
    "obj_class": "vehicle",
    "point_num_in_lidar": 639,
    "speed": 8.526512829121202e-13,
    "if_vehicle": true,
    "motion_state": false,
    "pose": [
      [
        -0.885370071059207,
        -0.4624117220373243,
        0.04790862756426189,
        -26.805995096991865
      ],
      [
        0.46486390834488633,
        -0.8795874539537764,
        0.1011308932296677,
        -29.09975143673728
      ],
      [
        -0.004624282747834594,
        0.11180925797799429,
        0.9937189269806017,
        4.138825376484746
      ],
      [
        0.0,
        0.0,
        0.0,
        1.0
      ]
    ],
    "location": [
      -26.805995096991865,
      -29.09975143673728,
      4.138825376484746
    ],
    "rotation": [
      0.11204474174887427,
      0.004624299228929913,
      2.6581061442259863
    ]
  },
  {
    "label_id": "gv6rqafzMa4a62S6O3hU8A",
    "size": [
      0.9272963637432452,
      2.150412388049621,
      1.3900000000000006
    ],
    "obj_class": "vehicle",
    "point_num_in_lidar": 66,
    "speed": 8.526512829121202e-13,
    "if_vehicle": true,
    "motion_state": false,
    "pose": [
      [
        -0.9840489823092696,
        -0.17132531576214785,
        0.04790862756426189,
        -23.658839161545302
      ],
      [
        0.17541959736670443,
        -0.9792857128000352,
        0.1011308932296677,
        -57.961259193085425
      ],
      [
        0.02958995227765874,
        0.10792186472039612,
        0.9937189269806017,
        5.785778246818879
      ],
      [
        0.0,
        0.0,
        0.0,
        1.0
      ]
    ],
    "location": [
      -23.658839161545302,
      -57.961259193085425,
      5.785778246818879
    ],
    "rotation": [
      0.10818002229462026,
      -0.029594271968973657,
      2.9651826383471387
    ]
  },
  {
    "label_id": "jNNepStz6_GUA6HPue9NPw",
    "size": [
      2.9734921272010224,
      7.822413531678656,
      3.460000000000001
    ],
    "obj_class": "vehicle",
    "point_num_in_lidar": 627,
    "speed": 4.5599029670771065,
    "if_vehicle": true,
    "motion_state": true,
    "pose": [
      [
        0.46663470914832467,
        -0.8831516356905915,
        0.04790862756426189,
        -26.806910576766995
      ],
      [
        0.8773573736265422,
        0.4690592514573247,
        0.1011308932296677,
        -56.218740462878486
      ],
      [
        -0.11178589875827204,
        -0.005158197294303287,
        0.9937189269806017,
        6.719426974669439
      ],
      [
        0.0,
        0.0,
        0.0,
        1.0
      ]
    ],
    "location": [
      -26.806910576766995,
      -56.218740462878486,
      6.719426974669439
    ],
    "rotation": [
      -0.005190754474729204,
      0.11202003213971112,
      1.0819837256718814
    ]
  },
  {
    "label_id": "sddqzrE-ya3ZIGAQhw3WMQ",
    "size": [
      0.5257448990351291,
      0.1293304009544773,
      0.5300000000000011
    ],
    "obj_class": "sign",
    "point_num_in_lidar": 136,
    "speed": 0.01207608799206199,
    "if_vehicle": false,
    "motion_state": false,
    "pose": [
      [
        0.5997271740189042,
        -0.7987691031507214,
        0.04790862756426189,
        -21.000748077173967
      ],
      [
        0.792665627718633,
        0.6012102336687184,
        0.1011308932296677,
        -28.16367257716047
      ],
      [
        -0.10958339005855053,
        -0.02267542246127228,
        0.9937189269806017,
        5.0031735870048095
      ],
      [
        0.0,
        0.0,
        0.0,
        1.0
      ]
    ],
    "location": [
      -21.000748077173967,
      -28.16367257716047,
      5.0031735870048095
    ],
    "rotation": [
      -0.022814789386538383,
      0.1098039061588003,
      0.9230875025547353
    ]
  },
  {
    "label_id": "yiHJUEjuvum2AvPU1wWiGQ",
    "size": [
      1.8780492570819782,
      4.169851547652348,
      1.8900000000000006
    ],
    "obj_class": "vehicle",
    "point_num_in_lidar": 104,
    "speed": 3.0354398977712303e-13,
    "if_vehicle": true,
    "motion_state": false,
    "pose": [
      [
        -0.4224528511740784,
        0.905117866324492,
        0.04790862756426189,
        -32.86059265722611
      ],
      [
        -0.899450404465481,
        -0.4251605724211177,
        0.1011308932296677,
        -56.35414126030264
      ],
      [
        0.11190423781865856,
        -0.0003684002534070269,
        0.9937189269806017,
        6.376707367818838
      ],
      [
        0.0,
        0.0,
        0.0,
        1.0
      ]
    ],
    "location": [
      -32.86059265722611,
      -56.35414126030264,
      6.376707367818838
    ],
    "rotation": [
      -0.0003707288112633412,
      -0.11213911838818048,
      -2.0098941557329146
    ]
  }
]