[
  {
    "label_id": "0JW22M2mZ-LRqS45sS_-jQ",
    "size": [
      2.0411635570030495,
      4.24982686350917,
      2.030000000000001
    ],
    "obj_class": "vehicle",
    "point_num_in_lidar": 23,
    "speed": 5.695433295429594e-13,
    "if_vehicle": true,
    "motion_state": false,
    "pose": [
      [
        0.4218744537399546,
        -0.9059237890643352,
        0.0363872737221823,
        -15.671289537403709
      ],
      [
        0.9066542584302711,
        0.42153319352861435,
        -0.016965330053458592,
        -40.94432124598461
      ],
      [
        3.085238884491425e-05,
        0.040147916021705365,
        0.9991937469216089,
        3.9540784841650876
      ],
      [
        0.0,
        0.0,
        0.0,
        1.0
      ]
    ],
    "location": [
      -15.671289537403709,
      -40.94432124598461,
      3.9540784841650876
    ],
    "rotation": [
      0.04015870930900243,
      -3.085238884980883e-05,
      1.1352845580100328
    ]
  },
  {
    "label_id": "0swVhSVbEe4_bfXYmVkjxA",
    "size": [
      2.0805271023935004,
      4.2235539734875545,
      1.6300000000000026
    ],
    "obj_class": "vehicle",
    "point_num_in_lidar": 800,
    "speed": 0.010826341810961957,
    "if_vehicle": true,
    "motion_state": false,
    "pose": [
      [
        -0.4440907830406047,
        0.895242616685248,
        0.0363872737221823,
        -8.974034478267185
      ],
      [
        -0.8959812810289005,
        -0.44376764373035094,
        -0.016965330053458592,
        -9.732639679732529
      ],
      [
        0.0009594082514770072,
        -0.040136462830732876,
        0.9991937469216089,
        0.6204461784885353
      ],
      [
        0.0,
        0.0,
        0.0,
        1.0
      ]
    ],
    "location": [
      -8.974034478267185,
      -9.732639679732529,
      0.6204461784885353
    ],
    "rotation": [
      -0.04014726534692784,
      -0.0009594083986605585,
      -2.03095578855124
    ]
  },
  {
    "label_id": "22F9ULjerOlKyH3Dp469yw",
    "size": [
      2.0366587718836167,
      4.317112949988031,
      1.5899999999999963
    ],
    "obj_class": "vehicle",
    "point_num_in_lidar": 270,
    "speed": 0.004204082180910546,
    "if_vehicle": true,
    "motion_state": false,
    "pose": [
      [
        -0.8912485960020233,
        -0.45205299073835276,
        0.0363872737221823,
        -12.461742761255891
      ],
      [
        0.4517364484367931,
        -0.8919901113408656,
        -0.016965330053458592,
        11.626505181655375
      ],
      [
        0.040126316528369156,
        0.0013171312087001804,
        0.9991937469216089,
        0.6107722581598551
      ],
      [
        0.0,
        0.0,
        0.0,
        1.0
      ]
    ],
    "location": [
      -12.461742761255891,
      11.626505181655375,
      0.6107722581598551
    ],
    "rotation": [
      0.001318193243163235,
      -0.04013709237722963,
      2.6724737372596747
    ]
  },
  {
    "label_id": "2w9dOhBjHynufErf2sTmhQ",
    "size": [
      2.0079232762281536,
      4.299028948583187,
      1.6099999999999994
    ],
    "obj_class": "vehicle",
    "point_num_in_lidar": 158,
    "speed": 0.016053173503501918,
    "if_vehicle": true,
    "motion_state": false,
    "pose": [
      [
        -0.48264507106921295,
        0.8750598274881903,
        0.0363872737221823,
        -19.09545950356369
      ],
      [
        -0.8758118596887983,
        -0.4823543966883953,
        -0.016965330053458592,
        -29.076539525605767
      ],
      [
        0.0027058826735390563,
        -0.040056638796994,
        0.9991937469216089,
        2.8151920029891713
      ],
      [
        0.0,
        0.0,
        0.0,
        1.0
      ]
    ],
    "location": [
      -19.09545950356369,
      -29.076539525605767,
      2.8151920029891713
    ],
    "rotation": [
      -0.04006750534277536,
      -0.0027058859755390327,
      -2.0744706739195222
    ]
  },
  {
    "label_id": "4OME2iV4__hqoNfwcUJhqA",
    "size": [
      2.682588650234804,
      6.162741556573076,
      2.6400000000000006
    ],
    "obj_class": "vehicle",
    "point_num_in_lidar": 4158,
    "speed": 0.3054533530246629,
    "if_vehicle": true,
    "motion_state": false,
    "pose": [
      [
        0.8780338216782189,
        0.47721334254210546,
        0.0363872737221823,
        -11.628569763783844
      ],
      [
        -0.47691801364247116,
        0.878784038225261,
        -0.016965330053458592,
        3.255544424233449
      ],
      [
        -0.0400726372037283,
        -0.0024576127225774806,
        0.9991937469216089,
        1.0356629197087273
      ],
      [
        0.0,
        0.0,
        0.0,
        1.0
      ]
    ],
    "location": [
      -11.628569763783844,
      3.255544424233449,
      1.0356629197087273
    ],
    "rotation": [
      -0.0024595908193978788,
      0.040083369843146394,
      -0.4975811491010784
    ]
  },
  {
    "label_id": "9a9ahe7SBjTGkYl4Kt5P_g",
    "size": [
      3.09982901096898,
      8.87479321256666,
      3.429999999999996
    ],
    "obj_class": "vehicle",
    "point_num_in_lidar": 505,
    "speed": 3.552713678800501e-14,
    "if_vehicle": true,
    "motion_state": false,
    "pose": [
      [
        0.9923747071600819,
        0.11776420041765127,
        0.0363872737221823,
        37.9525844745142
      ],
      [
        -0.11721183023392265,
        0.992962015602506,
        -0.016965330053458592,
        -14.300500018740422
      ],
      [
        -0.03812908918602533,
        0.012570945493475401,
        0.9991937469216089,
        -1.7622971347611411
      ],
      [
        0.0,
        0.0,
        0.0,
        1.0
      ]
    ],
    "location": [
      37.9525844745142,
      -14.300500018740422,
      -1.7622971347611411
    ],
    "rotation": [
      0.012580425304074121,
      0.038138334088225485,
      -0.11756777957488145
    ]
  },
  {
    "label_id": "AjKhDLPR-Wxg4kHHhjiYdQ",
    "size": [
      2.2101138318276363,
      4.943579067862253,
      2.039999999999999
    ],
    "obj_class": "vehicle",
    "point_num_in_lidar": 29,
    "speed": 5.695433295429594e-13,
    "if_vehicle": true,
    "motion_state": false,
    "pose": [
      [
        0.8512039393150695,
        0.5235721726806863,
        0.0363872737221823,
        -47.31086888492996
      ],
      [
        -0.5233174639464423,
        0.8519689017240248,
        -0.016965330053458592,
        18.301775906636976
      ],
      [
        -0.03988340034615338,
        -0.00460114003093317,
        0.9991937469216089,
        1.1113841197917438
      ],
      [
        0.0,
        0.0,
        0.0,
        1.0
      ]
    ],
    "location": [
      -47.31086888492996,
      18.301775906636976,
      1.1113841197917438
    ],
    "rotation": [
      -0.0046048201598933225,
      0.039893981580631475,
      -0.5512285203333473
    ]
  },
  {
    "label_id": "FrylGPsB2blyKQv9jX9B6g",
    "size": [
      0.39821858507688723,
      0.13795218438773005,
      0.6499999999999986
    ],
    "obj_class": "sign",
    "point_num_in_lidar": 300,
    "speed": 0.017396857409732184,
    "if_vehicle": false,
    "motion_state": false,
    "pose": [
      [
        -0.9505752680279052,
        -0.30835470829021455,
        0.0363872737221823,
        11.697761991533525
      ],
      [
        0.3079269909384614,
        -0.951258716558099,
        -0.016965330053458592,
        1.4919277023163886
      ],
      [
        0.03984505069969281,
        -0.004922199457022532,
        0.9991937469216089,
        1.247249470412413
      ],
      [
        0.0,
        0.0,
        0.0,
        1.0
      ]
    ],
    "location": [
      11.697761991533525,
      1.4919277023163886,
      1.247249470412413
    ],
    "rotation": [
      -0.004926131350229631,
      -0.03985560142600751,
      2.8283220350261464
    ]
  },
  {
    "label_id": "LZ9vNd3lCkwG9GE7UnjVrw",
    "size": [
      2.049471988229063,
      4.3609996693622435,
      1.8800000000000026
    ],
    "obj_class": "vehicle",
    "point_num_in_lidar": 98,
    "speed": 2.929642751054232e-13,
    "if_vehicle": true,
    "motion_state": false,
    "pose": [
      [
        -0.4497582691948935,
        0.8924087995990856,
        0.0363872737221823,
        -35.43803081486794
      ],
      [
        -0.8931494980048662,
        -0.4494398199868729,
        -0.016965330053458592,
        6.243166349719104
      ],
      [
        0.00121387992370141,
        -0.04012957273989643,
        0.9991937469216089,
        1.4708387553189368
      ],
      [
        0.0,
        0.0,
        0.0,
        1.0
      ]
    ],
    "location": [
      -35.43803081486794,
      6.243166349719104,
      1.4708387553189368
    ],
    "rotation": [
      -0.040140380803007594,
      -0.0012138802218111897,
      -2.0372913687645573
    ]
  },
  {
    "label_id": "LZrxjRpBcbsFGjcCXZ-SPg",
    "size": [
      1.8225621404117096,
      4.136724390663064,
      1.4500000000000028
    ],
    "obj_class": "vehicle",
    "point_num_in_lidar": 288,
    "speed": 3.1776437161565096e-13,
    "if_vehicle": true,
    "motion_state": false,
    "pose": [
      [
        -0.10610909305349715,
        0.9936884957985734,
        0.0363872737221823,
        13.795755372094163
      ],
      [
        -0.9942692809027089,
        -0.10554986797427665,
        -0.016965330053458592,
        -18.42254647577829
      ],
      [
        -0.01301758136422739,
        -0.037978924263089964,
        0.9991937469216089,
        -0.49172476395647635
      ],
      [
        0.0,
        0.0,
        0.0,
        1.0
      ]
    ],
    "location": [
      13.795755372094163,
      -18.42254647577829,
      -0.49172476395647635
    ],
    "rotation": [
      -0.03799128095758383,
      0.013017949046568033,
      -1.677114594373281
    ]
  },
  {
    "label_id": "LllAlzp0iaMXZNwjBo4CLw",
    "size": [
      0.9958347988963796,
      0.1139038623621883,
      0.9299999999999962
    ],
    "obj_class": "sign",
    "point_num_in_lidar": 27,
    "speed": 0.027215734202306066,
    "if_vehicle": false,
    "motion_state": false,
    "pose": [
      [
        -0.9988120664712505,
        -0.03241021725470737,
        0.0363872737221823,
        63.05301395220795
      ],
      [
        0.031809614647888625,
        -0.9993499517146784,
        -0.016965330053458592,
        -18.91207998576101
      ],
      [
        0.036913470270122074,
        -0.015787711213871927,
        0.9991937469216089,
        -2.1457196129533145
      ],
      [
        0.0,
        0.0,
        0.0,
        1.0
      ]
    ],
    "location": [
      63.05301395220795,
      -18.91207998576101,
      -2.1457196129533145
    ],
    "rotation": [
      -0.015799135689450163,
      -0.03692185849003702,
      3.109755966939987
    ]
  },
  {
    "label_id": "Lp2aE54h-iTCtbmuyFtU1g",
    "size": [
      2.231573585161563,
      5.018725893423483,
      2.0700000000000003
    ],
    "obj_class": "vehicle",
    "point_num_in_lidar": 2551,
    "speed": 0.4427657359180192,
    "if_vehicle": true,
    "motion_state": false,
    "pose": [
      [
        -0.9548642267883364,
        -0.29480548622944547,
        0.0363872737221823,
        10.68836504433989
      ],
      [
        0.29436809287279986,
        -0.9555415236789074,
        -0.016965330053458592,
        -2.596423113545825
      ],
      [
        0.03977102335046843,
        -0.0054883343932653145,
        0.9991937469216089,
        -0.14869089668297164
      ],
      [
        0.0,
        0.0,
        0.0,
        1.0
      ]
    ],
    "location": [
      10.68836504433989,
      -2.596423113545825,
      -0.14869089668297164
    ],
    "rotation": [
      -0.005492707711602296,
      -0.03978151535213916,
      2.8425545080164087
    ]
  },
  {
    "label_id": "QVTU-Cr3icKhU3vK90Mk0g",
    "size": [
      2.054160901217065,
      4.468647342613678,
      1.8699999999999974
    ],
    "obj_class": "vehicle",
    "point_num_in_lidar": 28,
    "speed": 0.014741530514873681,
    "if_vehicle": true,
    "motion_state": false,
    "pose": [
      [
        -0.5054404044740668,
        0.8620939414217912,
        0.0363872737221823,
        -22.533824808152303
      ],
      [
        -0.8628533419571991,
        -0.5051695634630712,
        -0.016965330053458592,
        -36.3595854215946
      ],
      [
        0.0037560349285384307,
        -0.039971844020152525,
        0.9991937469216089,
        3.923251925763182
      ],
      [
        0.0,
        0.0,
        0.0,
        1.0
      ]
    ],
    "location": [
      -22.533824808152303,
      -36.3595854215946,
      3.923251925763182
    ],
    "rotation": [
      -0.03998277802404564,
      -0.0037560437601584142,
      -2.1006927478387474
    ]
  },
  {
    "label_id": "Sj0kgmEM2eNHR9n0SZtO9w",
    "size": [
      0.9307811170203516,
      0.12615576284919738,
      1.1499999999999986
    ],
    "obj_class": "sign",
    "point_num_in_lidar": 51,
    "speed": 0.0183720242267228,
    "if_vehicle": false,
    "motion_state": false,
    "pose": [
      [
        0.9214261188508359,
        0.3868460595773883,
        0.0363872737221823,
        -39.682674005855006
      ],
      [
        -0.3864770556782454,
        0.9221429731936647,
        -0.016965330053458592,
        27.69716166136459
      ],
      [
        -0.04011723985719519,
        0.001569451813874392,
        0.9991937469216089,
        3.620740768812368
      ],
      [
        0.0,
        0.0,
        0.0,
        1.0
      ]
    ],
    "location": [
      -39.682674005855006,
      27.69716166136459,
      3.620740768812368
    ],
    "rotation": [
      0.0015707169185331569,
      0.040128008391605706,
      -0.39714640822999153
    ]
  },
  {
    "label_id": "VJTy6YYNn-VcWnNXVIbvOQ",
    "size": [
      1.9919222443006466,
      4.030907991650739,
      1.4699999999999989
    ],
    "obj_class": "vehicle",
    "point_num_in_lidar": 52,
    "speed": 2.8421709430404007e-13,
    "if_vehicle": true,
    "motion_state": false,
    "pose": [
      [
        0.8931667150515895,
        0.4482512525749591,
        0.0363872737221823,
        -43.140989028158856
      ],
      [
        -0.4479315535301618,
        0.8939068748635023,
        -0.016965330053458592,
        15.877297344040926
      ],
      [
        -0.04013156458460923,
        -0.0011461399334907303,
        0.9991937469216089,
        1.3581735209556953
      ],
      [
        0.0,
        0.0,
        0.0,
        1.0
      ]
    ],
    "location": [
      -43.140989028158856,
      15.877297344040926,
      1.3581735209556953
    ],
    "rotation": [
      -0.0011470642548969897,
      0.04014234466413608,
      -0.4648544446802937
    ]
  },
  {
    "label_id": "aFNCQJ_mhmlAGA1fcaLCMw",
    "size": [
      2.075438916251607,
      4.655105173716041,
      1.7100000000000009
    ],
    "obj_class": "vehicle",
    "point_num_in_lidar": 299,
    "speed": 0.01584541123571192,
    "if_vehicle": true,
    "motion_state": false,
    "pose": [
      [
        0.4155051886906347,
        -0.9088626983666054,
        0.0363872737221823,
        -7.391968490634781
      ],
      [
        0.9095907543592774,
        0.41515880956604795,
        -0.016965330053458592,
        -25.552919975149052
      ],
      [
        0.0003126584092113008,
        0.040146710419098515,
        0.9991937469216089,
        1.7374439506875916
      ],
      [
        0.0,
        0.0,
        0.0,
        1.0
      ]
    ],
    "location": [
      -7.391968490634781,
      -25.552919975149052,
      1.7374439506875916
    ],
    "rotation": [
      0.04015750467835694,
      -0.0003126584143053028,
      1.1422981697528347
    ]
  },
  {
    "label_id": "aODc5-qJaKf-jvm5pjvxXA",
    "size": [
      1.88702777323908,
      4.196029966848567,
      1.6700000000000017
    ],
    "obj_class": "vehicle",
    "point_num_in_lidar": 526,
    "speed": 5.422982071392023e-13,
    "if_vehicle": true,
    "motion_state": false,
    "pose": [
      [
        -0.14063657296046028,
        0.9893923997368306,
        0.0363872737221823,
        18.871184233789563
      ],
      [
        -0.9899923002919208,
        -0.14009790483404344,
        -0.016965330053458592,
        -18.932963017903603
      ],
      [
        -0.011687587802818183,
        -0.03840906669143653,
        0.9991937469216089,
        -0.6249943398026829
      ],
      [
        0.0,
        0.0,
        0.0,
        1.0
      ]
    ],
    "location": [
      18.871184233789563,
      -18.932963017903603,
      -0.6249943398026829
    ],
    "rotation": [
      -0.03842114237664455,
      0.011687853906023948,
      -1.7119103782589022
    ]
  },
  {
    "label_id": "aZJ-kQPe_1iw2haDM5zuog",
    "size": [
      2.1139814985051424,
      4.2681103178543385,
      1.6000000000000014
    ],
    "obj_class": "vehicle",
    "point_num_in_lidar": 24,
    "speed": 4.79143329997192,
    "if_vehicle": true,
    "motion_state": true,
    "pose": [
      [
        0.9930395218157301,
        0.11201997332196259,
        0.0363872737221823,
        60.050273851873726
      ],
      [
        -0.1114642139966987,
        0.9936236242029852,
        -0.016965330053458592,
        -13.544433152675992
      ],
      [
        -0.03805571061068755,
        0.012791364378806775,
        0.9991937469216089,
        -3.786411165323692
      ],
      [
        0.0,
        0.0,
        0.0,
        1.0
      ]
    ],
    "location": [
      60.050273851873726,
      -13.544433152675992,
      -3.786411165323692
    ],
    "rotation": [
      0.012800986519229262,
      0.03806490221757306,
      -0.11177763245544366
    ]
  },
  {
    "label_id": "aoj79G3iOHdhBgeszAfT8Q",
    "size": [
      1.2347263316737078,
      0.2022955934763529,
      1.0899999999999963
    ],
    "obj_class": "sign",
    "point_num_in_lidar": 194,
    "speed": 0.013727744274115841,
    "if_vehicle": false,
    "motion_state": false,
    "pose": [
      [
        0.4958464159694485,
        -0.8676475655940721,
        0.0363872737221823,
        -9.81771518870437
      ],
      [
        0.8684039150674738,
        0.4955671678709769,
        -0.016965330053458592,
        -6.972940527082756
      ],
      [
        -0.003312410864664604,
        0.040011049061721135,
        0.9991937469216089,
        2.642984480384861
      ],
      [
        0.0,
        0.0,
        0.0,
        1.0
      ]
    ],
    "location": [
      -9.81771518870437,
      -6.972940527082756,
      2.642984480384861
    ],
    "rotation": [
      0.04002195194767721,
      0.0033124169220261376,
      1.0519839606595567
    ]
  },
  {
    "label_id": "cedkFiBfazD1eILNFRFi2g",
    "size": [
      1.2052884090750324,
      1.354676491567917,
      1.8599999999999994
    ],
    "obj_class": "pedestrian",
    "point_num_in_lidar": 316,
    "speed": 0.3783569184195826,
    "if_vehicle": false,
    "motion_state": false,
    "pose": [
      [
        0.5306219892647698,
        -0.8468271788386138,
        0.0363872737221823,
        -9.725000386488773
      ],
      [
        0.847594229818834,
        0.5303736410814501,
        -0.016965330053458592,
        -4.821974414166107
      ],
      [
        -0.004932148265824905,
        0.039843820427259785,
        0.9991937469216089,
        0.5874559594938518
      ],
      [
        0.0,
        0.0,
        0.0,
        1.0
      ]
    ],
    "location": [
      -9.725000386488773,
      -4.821974414166107,
      0.5874559594938518
    ],
    "rotation": [
      0.03985485519193251,
      0.004932168262688044,
      1.0114544987443013
    ]
  },
  {
    "label_id": "csxgKZev0sjcjG8cLELscg",
    "size": [
      2.1133770412918325,
      5.185767427937253,
      1.8900000000000006
    ],
    "obj_class": "vehicle",
    "point_num_in_lidar": 173,
    "speed": 8.57032119039241,
    "if_vehicle": true,
    "motion_state": true,
    "pose": [
      [
        -0.8929028141219297,
        -0.44877670488139826,
        0.0363872737221823,
        -32.90482599553502
      ],
      [
        0.4484574413941882,
        -0.8936431619132748,
        -0.016965330053458592,
        18.584211595318266
      ],
      [
        0.040130883261111305,
        0.0011697527255193278,
        0.9991937469216089,
        1.4252271405823933
      ],
      [
        0.0,
        0.0,
        0.0,
        1.0
      ]
    ],
    "location": [
      -32.90482599553502,
      18.584211595318266,
      1.4252271405823933
    ],
    "rotation": [
      0.0011706960684348595,
      -0.040141662791333674,
      2.67614934541255
    ]
  },
  {
    "label_id": "dXlZQCzq6xpOqnjaO_xITg",
    "size": [
      2.1706677685902553,
      5.061649091133307,
      1.6599999999999966
    ],
    "obj_class": "vehicle",
    "point_num_in_lidar": 113,
    "speed": 2.32137146951e-28,
    "if_vehicle": true,
    "motion_state": false,
    "pose": [
      [
        -0.9954496482195491,
        -0.08806795200663586,
        0.0363872737221823,
        33.37484794797251
      ],
      [
        0.08749828455000395,
        -0.9960201944624334,
        -0.016965330053458592,
        -3.5240309070977673
      ],
      [
        0.037736561321650534,
        -0.01370430780350151,
        0.9991937469216089,
        -2.10058229935904
      ],
      [
        0.0,
        0.0,
        0.0,
        1.0
      ]
    ],
    "location": [
      33.37484794797251,
      -3.5240309070977673,
      -2.10058229935904
    ],
    "rotation": [
      -0.013714505951579139,
      -0.03774552351216399,
      3.053919727761832
    ]
  },
  {
    "label_id": "f-F206LnSHYeShECxDdREQ",
    "size": [
      1.8998600635909029,
      4.287560747320762,
      1.7000000000000028
    ],
    "obj_class": "vehicle",
    "point_num_in_lidar": 363,
    "speed": 0.007395802984555553,
    "if_vehicle": true,
    "motion_state": false,
    "pose": [
      [
        0.44214685229200656,
        -0.8962042888311446,
        0.0363872737221823,
        -3.2896772306062303
      ],
      [
        0.8969422501477281,
        0.44182211066911037,
        -0.016965330053458592,
        -17.696998136652837
      ],
      [
        -0.000872300522083737,
        0.04013845045034719,
        0.9991937469216089,
        0.6929661494067076
      ],
      [
        0.0,
        0.0,
        0.0,
        1.0
      ]
    ],
    "location": [
      -3.2896772306062303,
      -17.696998136652837,
      0.6929661494067076
    ],
    "rotation": [
      0.04014925136568734,
      0.0008723006327072117,
      1.1128053516518779
    ]
  },
  {
    "label_id": "jLrID1tbd8AfhkFmJ9v6Bg",
    "size": [
      1.7307945830498317,
      4.249465681377985,
      1.8999999999999986
    ],
    "obj_class": "vehicle",
    "point_num_in_lidar": 38,
    "speed": 2.8150839519634766e-29,
    "if_vehicle": true,
    "motion_state": false,
    "pose": [
      [
        0.9893699276350296,
        0.14079457589880146,
        0.0363872737221823,
        57.80889587567958
      ],
      [
        -0.14025600358262375,
        0.9899699142070976,
        -0.016965330053458592,
        -17.133526179410183
      ],
      [
        -0.03841093269483888,
        0.011681453773754409,
        0.9991937469216089,
        -3.6410457361699606
      ],
      [
        0.0,
        0.0,
        0.0,
        1.0
      ]
    ],
    "location": [
      57.80889587567958,
      -17.133526179410183,
      -3.6410457361699606
    ],
    "rotation": [
      0.011690347001601199,
      0.03842038421808563,
      -0.1408245856895083
    ]
  },
  {
    "label_id": "o0ZN1901yfAtQrXthdAvgQ",
    "size": [
      2.0451791906488053,
      4.505310372726719,
      1.490000000000002
    ],
    "obj_class": "vehicle",
    "point_num_in_lidar": 59,
    "speed": 0.01136956905581168,
    "if_vehicle": true,
    "motion_state": false,
    "pose": [
      [
        -0.8830647721798633,
        -0.4678381925901231,
        0.0363872737221823,
        -17.536180747439857
      ],
      [
        0.4675348931493867,
        -0.8838118019487908,
        -0.016965330053458592,
        14.34148319957967
      ],
      [
        0.04009653130531079,
        0.0020308348130843863,
        0.9991937469216089,
        0.8765063499427157
      ],
      [
        0.0,
        0.0,
        0.0,
        1.0
      ]
    ],
    "location": [
      -17.536180747439857,
      14.34148319957967,
      0.8765063499427157
    ],
    "rotation": [
      0.002032470702427192,
      -0.04010728316410279,
      2.654666874631136
    ]
  },
  {
    "label_id": "rcQeDJ1fR0Q_qBK6gWcizA",
    "size": [
      2.388626252990331,
      5.780187000285011,
      2.4800000000000004
    ],
    "obj_class": "vehicle",
    "point_num_in_lidar": 327,
    "speed": 3.3516233813403333e-13,
    "if_vehicle": true,
    "motion_state": false,
    "pose": [
      [
        0.9950884685457323,
        0.09205925308395735,
        0.0363872737221823,
        30.505400325690516
      ],
      [
        -0.09149187824533539,
        0.9956612947138791,
        -0.016965330053458592,
        -13.411842266063104
      ],
      [
        -0.03779121567838055,
        0.013552864284199403,
        0.9991937469216089,
        -1.589790649440637
      ],
      [
        0.0,
        0.0,
        0.0,
        1.0
      ]
    ],
    "location": [
      30.505400325690516,
      -13.411842266063104,
      -1.589790649440637
    ],
    "rotation": [
      0.013562968424011439,
      0.037800216882230994,
      -0.09168568326429676
    ]
  },
  {
    "label_id": "u5H3KXEk9wpsW1z5Kz7U_A",
    "size": [
      2.1815607549483422,
      5.092260859897408,
      1.6999999999999993
    ],
    "obj_class": "vehicle",
    "point_num_in_lidar": 21,
    "speed": 3.0467984965194367e-28,
    "if_vehicle": true,
    "motion_state": false,
    "pose": [
      [
        -0.9946886822048155,
        -0.0962828738910225,
        0.0363872737221823,
        45.355308197129034
      ],
      [
        0.09571793598488827,
        -0.9952639118881835,
        -0.016965330053458592,
        -4.535869881556209
      ],
      [
        0.03784841112174199,
        -0.013392307057240026,
        0.9991937469216089,
        -2.8801969842037636
      ],
      [
        0.0,
        0.0,
        0.0,
        1.0
      ]
    ],
    "location": [
      45.355308197129034,
      -4.535869881556209,
      -2.8801969842037636
    ],
    "rotation": [
      -0.013402310851311553,
      -0.03785745327394922,
      3.045659003006819
    ]
  },
  {
    "label_id": "vPtOaGxH36PqjRODE3Gbkg",
    "size": [
      1.9066745843775548,
      4.572182520860192,
      1.5899999999999963
    ],
    "obj_class": "vehicle",
    "point_num_in_lidar": 225,
    "speed": 8.556067554929069e-13,
    "if_vehicle": true,
    "motion_state": false,
    "pose": [
      [
        -0.09153499305394175,
        0.9951368304699016,
        0.0363872737221823,
        22.322912553252763
      ],
      [
        -0.995709357645732,
        -0.09096731650928737,
        -0.016965330053458592,
        -18.769143356248605
      ],
      [
        -0.013572772131678719,
        -0.03778407031299472,
        0.9991937469216089,
        -1.238670336652575
      ],
      [
        0.0,
        0.0,
        0.0,
        1.0
      ]
    ],
    "location": [
      22.322912553252763,
      -18.769143356248605,
      -1.238670336652575
    ],
    "rotation": [
      -0.037796549671806116,
      0.013573188895900272,
      -1.662468095577598
    ]
  },
  {
    "label_id": "vfjDCWBNleMB9kSOrvvidA",
    "size": [
      2.0397121402273504,
      4.425729590636861,
      1.8299999999999983
    ],
    "obj_class": "vehicle",
    "point_num_in_lidar": 174,
    "speed": 0.01033495304706762,
    "if_vehicle": true,
    "motion_state": false,
    "pose": [
      [
        -0.429127096038374,
        0.9025108873341857,
        0.0363872737221823,
        -10.854331135301209
      ],
      [
        -0.9032440703752128,
        -0.4287917057362406,
        -0.016965330053458592,
        -13.805022966877004
      ],
      [
        0.0002911660859617888,
        -0.0401468720458542,
        0.9991937469216089,
        1.1479878572739253
      ],
      [
        0.0,
        0.0,
        0.0,
        1.0
      ]
    ],
    "location": [
      -10.854331135301209,
      -13.805022966877004,
      1.1479878572739253
    ],
    "rotation": [
      -0.04015766617481529,
      -0.0002911660900758536,
      -2.0143224919654754
    ]
  },
  {
    "label_id": "vkTqMk5OhU77zv43jcQNZA",
    "size": [
      1.835778913648546,
      4.0604646331539715,
      1.3100000000000023
    ],
    "obj_class": "vehicle",
    "point_num_in_lidar": 1169,
    "speed": 0.03746065865437306,
    "if_vehicle": true,
    "motion_state": false,
    "pose": [
      [
        -0.8880097850959143,
        -0.45838257807749977,
        0.0363872737221823,
        -8.058843684969133
      ],
      [
        0.4580713194989417,
        -0.8887535337925108,
        -0.016965330053458592,
        9.40852650063789
      ],
      [
        0.040115929833504926,
        0.0016025873920361938,
        0.9991937469216089,
        0.38667145922348567
      ],
      [
        0.0,
        0.0,
        0.0,
        1.0
      ]
    ],
    "location": [
      -8.058843684969133,
      9.40852650063789,
      0.38667145922348567
    ],
    "rotation": [
      0.0016038791503578992,
      -0.04012669731250438,
      2.665353181318046
    ]
  },
  {
    "label_id": "y-yUlE2jqLC5_A95xf6zQg",
    "size": [
      0.5276032428963354,
      0.09693824648739624,
      0.5
    ],
    "obj_class": "sign",
    "point_num_in_lidar": 21,
    "speed": 0.010181179992078281,
    "if_vehicle": false,
    "motion_state": false,
    "pose": [
      [
        0.717944104847067,
        0.6951490693559265,
        0.0363872737221823,
        -22.001168832299527
      ],
      [
        -0.6950656909010441,
        0.7187460350557987,
        -0.016965330053458592,
        18.595811028246317
      ],
      [
        -0.037946642112286454,
        -0.013111386851048672,
        0.9991937469216089,
        2.9649585128005285
      ],
      [
        0.0,
        0.0,
        0.0,
        1.0
      ]
    ],
    "location": [
      -22.001168832299527,
      18.595811028246317,
      2.9649585128005285
    ],
    "rotation": [
      -0.013121213415055332,
      0.03795575488138925,
      -0.7692083145487645
    ]
  },
  {
    "label_id": "ye4M4U_b73PvfKmZ21IUgw",
    "size": [
      1.2533030558987712,
      1.4328117501689936,
      1.8900000000000006
    ],
    "obj_class": "pedestrian",
    "point_num_in_lidar": 240,
    "speed": 1.4795753829290852,
    "if_vehicle": false,
    "motion_state": true,
    "pose": [
      [
        -0.8858283101985479,
        -0.4625842314236968,
        0.0363872737221823,
        -14.691895927486257
      ],
      [
        0.4622764997221608,
        -0.8865735250845269,
        -0.016965330053458592,
        16.13614836853776
      ],
      [
        0.04010788769571923,
        0.0017926118775067296,
        0.9991937469216089,
        1.1656533320177829
      ],
      [
        0.0,
        0.0,
        0.0,
        1.0
      ]
    ],
    "location": [
      -14.691895927486257,
      16.13614836853776,
      1.1656533320177829
    ],
    "rotation": [
      0.0017940564177594497,
      -0.04011864869714094,
      2.6606120229542145
    ]
  }
]