[
  {
    "label_id": "0JW22M2mZ-LRqS45sS_-jQ",
    "size": [
      2.0411635570030495,
      4.24982686350917,
      2.030000000000001
    ],
    "obj_class": "vehicle",
    "point_num_in_lidar": 24,
    "speed": 5.695433295429594e-13,
    "if_vehicle": true,
    "motion_state": false,
    "pose": [
      [
        0.4216840370165043,
        -0.9055148924409858,
        0.04717364193120206,
        -15.671289537403936
      ],
      [
        0.906736538109451,
        0.42130397399340574,
        -0.018215706262774762,
        -40.94432124598461
      ],
      [
        -0.0033798495160843106,
        0.050455337328706676,
        0.9987205993431272,
        3.9452386836952584
      ],
      [
        0.0,
        0.0,
        0.0,
        1.0
      ]
    ],
    "location": [
      -15.671289537403936,
      -40.94432124598461,
      3.9452386836952584
    ],
    "rotation": [
      0.05047705814958996,
      0.003379855951003167,
      1.135491913023869
    ]
  },
  {
    "label_id": "0swVhSVbEe4_bfXYmVkjxA",
    "size": [
      2.0805271023935004,
      4.2235539734875545,
      1.6300000000000026
    ],
    "obj_class": "vehicle",
    "point_num_in_lidar": 3514,
    "speed": 0.03741900971249649,
    "if_vehicle": true,
    "motion_state": false,
    "pose": [
      [
        -0.44389033878266737,
        0.8948385411024469,
        0.04717364193120206,
        -8.95161023470223
      ],
      [
        -0.8960691893926274,
        -0.44354052336465033,
        -0.018215706262774762,
        -9.749733859116532
      ],
      [
        0.004623305813849905,
        -0.050356623110138936,
        0.9987205993431272,
        0.6267439686963385
      ],
      [
        0.0,
        0.0,
        0.0,
        1.0
      ]
    ],
    "location": [
      -8.95161023470223,
      -9.749733859116532,
      0.6267439686963385
    ],
    "rotation": [
      -0.05037846860911076,
      -0.00462332228450189,
      -2.0307371525151106
    ]
  },
  {
    "label_id": "2w9dOhBjHynufErf2sTmhQ",
    "size": [
      2.007923276228154,
      4.299028948583187,
      1.6099999999999994
    ],
    "obj_class": "vehicle",
    "point_num_in_lidar": 281,
    "speed": 0.01605317336932845,
    "if_vehicle": true,
    "motion_state": false,
    "pose": [
      [
        -0.4824272249962653,
        0.8746648615837667,
        0.04717364193120206,
        -19.054457331315007
      ],
      [
        -0.8759095726321089,
        -0.48213131885077154,
        -0.018215706262774762,
        -29.084260397732578
      ],
      [
        0.006811252002304073,
        -0.050107597167156855,
        0.9987205993431272,
        2.835189664976525
      ],
      [
        0.0,
        0.0,
        0.0,
        1.0
      ]
    ],
    "location": [
      -19.054457331315007,
      -29.084260397732578,
      2.835189664976525
    ],
    "rotation": [
      -0.050129752840001235,
      -0.006811304669313935,
      -2.0742327146815036
    ]
  },
  {
    "label_id": "4OME2iV4__hqoNfwcUJhqA",
    "size": [
      2.682588650234845,
      6.162741556573076,
      2.6400000000000006
    ],
    "obj_class": "vehicle",
    "point_num_in_lidar": 6041,
    "speed": 1.4947961885374808,
    "if_vehicle": true,
    "motion_state": true,
    "pose": [
      [
        0.8699616117677234,
        0.49085786288644895,
        0.04717364193120206,
        -9.66734868974845
      ],
      [
        -0.4905740000271378,
        0.8712091244602079,
        -0.018215706262774762,
        2.1367754918192077
      ],
      [
        -0.050039429931594825,
        -0.007295197038186769,
        0.9987205993431272,
        0.9800594926534245
      ],
      [
        0.0,
        0.0,
        0.0,
        1.0
      ]
    ],
    "location": [
      -9.66734868974845,
      2.1367754918192077,
      0.9800594926534245
    ],
    "rotation": [
      -0.007304412564233396,
      0.050060336156410715,
      -0.5134546342710244
    ]
  },
  {
    "label_id": "9a9ahe7SBjTGkYl4Kt5P_g",
    "size": [
      3.09982901096898,
      8.87479321256666,
      3.429999999999996
    ],
    "obj_class": "vehicle",
    "point_num_in_lidar": 400,
    "speed": 3.552713678800501e-14,
    "if_vehicle": true,
    "motion_state": false,
    "pose": [
      [
        0.9919267901589476,
        0.11771104651609365,
        0.04717364193120206,
        37.952584474515106
      ],
      [
        -0.11696837891366231,
        0.9929685727049261,
        -0.018215706262774762,
        -14.300500018740422
      ],
      [
        -0.048986133744939944,
        0.012550822619566134,
        0.9987205993431272,
        -1.7698558480260687
      ],
      [
        0.0,
        0.0,
        0.0,
        1.0
      ]
    ],
    "location": [
      37.952584474515106,
      -14.300500018740422,
      -1.7698558480260687
    ],
    "rotation": [
      0.01256623923233151,
      0.04900574645582954,
      -0.11737832075454772
    ]
  },
  {
    "label_id": "LZ9vNd3lCkwG9GE7UnjVrw",
    "size": [
      2.049471988229061,
      4.3609996693622435,
      1.8800000000000026
    ],
    "obj_class": "vehicle",
    "point_num_in_lidar": 121,
    "speed": 2.929642751054232e-13,
    "if_vehicle": true,
    "motion_state": false,
    "pose": [
      [
        -0.4495552668675287,
        0.8920060030844029,
        0.04717364193120206,
        -35.438030814867034
      ],
      [
        -0.8932388446904734,
        -0.44921326158226516,
        -0.018215706262774762,
        6.243166349719104
      ],
      [
        0.004942506215811944,
        -0.050326296108611224,
        0.9987205993431272,
        1.4708387553189297
      ],
      [
        0.0,
        0.0,
        0.0,
        1.0
      ]
    ],
    "location": [
      -35.438030814867034,
      6.243166349719104,
      1.4708387553189297
    ],
    "rotation": [
      -0.050348179714298016,
      -0.004942526338926348,
      -2.037069870056659
    ]
  },
  {
    "label_id": "LZrxjRpBcbsFGjcCXZ-SPg",
    "size": [
      1.822562140411713,
      4.136724390663064,
      1.4500000000000028
    ],
    "obj_class": "vehicle",
    "point_num_in_lidar": 286,
    "speed": 3.1776437161565096e-13,
    "if_vehicle": true,
    "motion_state": false,
    "pose": [
      [
        -0.10606119978655915,
        0.9932399858074495,
        0.04717364193120206,
        13.795755372092572
      ],
      [
        -0.9942729802893927,
        -0.10530635646435163,
        -0.018215706262774762,
        -18.42254647578011
      ],
      [
        -0.013124883476982221,
        -0.04883545721523037,
        0.9987205993431272,
        -0.4917247639564337
      ],
      [
        0.0,
        0.0,
        0.0,
        1.0
      ]
    ],
    "location": [
      13.795755372092572,
      -18.42254647578011,
      -0.4917247639564337
    ],
    "rotation": [
      -0.04885910120273829,
      0.013125260327214007,
      -1.6770665748259985
    ]
  },
  {
    "label_id": "QVTU-Cr3icKhU3vK90Mk0g",
    "size": [
      2.0541609012170663,
      4.468647342613678,
      1.8699999999999974
    ],
    "obj_class": "vehicle",
    "point_num_in_lidar": 37,
    "speed": 0.014741530391314782,
    "if_vehicle": true,
    "motion_state": false,
    "pose": [
      [
        -0.5052122695280764,
        0.8617048277834105,
        0.04717364193120206,
        -22.500694374681643
      ],
      [
        -0.8629568748053262,
        -0.5049491264192588,
        -0.018215706262774762,
        -36.378829101349766
      ],
      [
        0.008123727255057884,
        -0.049911616916208865,
        0.9987205993431272,
        3.9327028150567997
      ],
      [
        0.0,
        0.0,
        0.0,
        1.0
      ]
    ],
    "location": [
      -22.500694374681643,
      -36.378829101349766,
      3.9327028150567997
    ],
    "rotation": [
      -0.04993401232560367,
      -0.008123816611866511,
      -2.1004435611706183
    ]
  },
  {
    "label_id": "VJTy6YYNn-VcWnNXVIbvOQ",
    "size": [
      1.991922244300648,
      4.030907991650739,
      1.4699999999999989
    ],
    "obj_class": "vehicle",
    "point_num_in_lidar": 57,
    "speed": 2.8421709430404007e-13,
    "if_vehicle": true,
    "motion_state": false,
    "pose": [
      [
        0.8927635764451416,
        0.44804893045272026,
        0.04717364193120206,
        -43.140989028158856
      ],
      [
        -0.44770484463213317,
        0.8939958389938208,
        -0.018215706262774762,
        15.877297344040926
      ],
      [
        -0.05033456730515622,
        -0.004857548960911744,
        0.9987205993431272,
        1.3581735209556811
      ],
      [
        0.0,
        0.0,
        0.0,
        1.0
      ]
    ],
    "location": [
      -43.140989028158856,
      15.877297344040926,
      1.3581735209556811
    ],
    "rotation": [
      -0.004863733321223597,
      0.05035584592105835,
      -0.46483248884478656
    ]
  },
  {
    "label_id": "aFNCQJ_mhmlAGA1fcaLCMw",
    "size": [
      2.075438916251607,
      4.655105173716041,
      1.7100000000000009
    ],
    "obj_class": "vehicle",
    "point_num_in_lidar": 796,
    "speed": 0.015845411104112285,
    "if_vehicle": true,
    "motion_state": false,
    "pose": [
      [
        0.41531764679065086,
        -0.9084524752408477,
        0.04717364193120206,
        -7.371457315787438
      ],
      [
        0.9096714230707235,
        0.4149290181390465,
        -0.018215706262774762,
        -25.588631516971873
      ],
      [
        -0.0030256094858786818,
        0.050477818246670664,
        0.9987205993431272,
        1.7582465927734248
      ],
      [
        0.0,
        0.0,
        0.0,
        1.0
      ]
    ],
    "location": [
      -7.371457315787438,
      -25.588631516971873,
      1.7582465927734248
    ],
    "rotation": [
      0.05049951053646382,
      0.003025614102126952,
      1.1425022753449043
    ]
  },
  {
    "label_id": "aODc5-qJaKf-jvm5pjvxXA",
    "size": [
      1.887027773239078,
      4.196029966848567,
      1.6700000000000017
    ],
    "obj_class": "vehicle",
    "point_num_in_lidar": 458,
    "speed": 5.422982071392023e-13,
    "if_vehicle": true,
    "motion_state": false,
    "pose": [
      [
        -0.14057309541356458,
        0.9889458288262284,
        0.04717364193120206,
        18.871184233790927
      ],
      [
        -0.9900044744387888,
        -0.13985466969867616,
        -0.018215706262774762,
        -18.932963017903603
      ],
      [
        -0.01141689261692302,
        -0.04926275480196581,
        0.9987205993431272,
        -0.6023642670051856
      ],
      [
        0.0,
        0.0,
        0.0,
        1.0
      ]
    ],
    "location": [
      18.871184233790927,
      -18.932963017903603,
      -0.6023642670051856
    ],
    "rotation": [
      -0.0492859166966035,
      0.01141714065478167,
      -1.711845815228501
    ]
  },
  {
    "label_id": "aZJ-kQPe_1iw2haDM5zuog",
    "size": [
      2.113981498507453,
      4.2681103178543385,
      1.6000000000000014
    ],
    "obj_class": "vehicle",
    "point_num_in_lidar": 31,
    "speed": 5.064728053382367,
    "if_vehicle": true,
    "motion_state": true,
    "pose": [
      [
        0.9969832352355034,
        0.061636646293385056,
        0.04717364193120206,
        69.79798869976798
      ],
      [
        -0.06083646200485345,
        0.9979815193359446,
        -0.018215706262774762,
        -14.336614398789607
      ],
      [
        -0.048201177891013705,
        0.015290876286982663,
        0.9987205993431272,
        -4.420097150023036
      ],
      [
        0.0,
        0.0,
        0.0,
        1.0
      ]
    ],
    "location": [
      69.79798869976798,
      -14.336614398789607,
      -4.420097150023036
    ],
    "rotation": [
      0.015309268363244258,
      0.048219862161816666,
      -0.06094497858194558
    ]
  },
  {
    "label_id": "aoj79G3iOHdhBgeszAfT8Q",
    "size": [
      1.234726331673708,
      0.2022955934763529,
      1.0899999999999963
    ],
    "obj_class": "sign",
    "point_num_in_lidar": 97,
    "speed": 0.013727744159258844,
    "if_vehicle": false,
    "motion_state": false,
    "pose": [
      [
        0.49562261135405156,
        -0.867255945278865,
        0.04717364193120206,
        -9.782092504731509
      ],
      [
        0.8685049963186299,
        0.4953455959377502,
        -0.018215706262774762,
        -6.9749426216003485
      ],
      [
        -0.007569576221120461,
        0.04999865961740979,
        0.9987205993431272,
        2.6661836110307036
      ],
      [
        0.0,
        0.0,
        0.0,
        1.0
      ]
    ],
    "location": [
      -9.782092504731509,
      -6.9749426216003485,
      2.6661836110307036
    ],
    "rotation": [
      0.050020949023787634,
      0.007569648510524953,
      1.0522284425878439
    ]
  },
  {
    "label_id": "cedkFiBfazD1eILNFRFi2g",
    "size": [
      1.2052884090758982,
      1.354676491567917,
      1.8599999999999994
    ],
    "obj_class": "pedestrian",
    "point_num_in_lidar": 584,
    "speed": 0.8663220624078042,
    "if_vehicle": false,
    "motion_state": false,
    "pose": [
      [
        -0.44519222614364434,
        -0.8941915506692137,
        0.04717364193120206,
        -10.82744027040576
      ],
      [
        0.8946558919151386,
        -0.4463843894076898,
        -0.018215706262774762,
        -4.262392311648
      ],
      [
        0.037345907979242095,
        0.03409468587494154,
        0.9987205993431272,
        0.6264556147056339
      ],
      [
        0.0,
        0.0,
        0.0,
        1.0
      ]
    ],
    "location": [
      -10.82744027040576,
      -4.262392311648,
      0.6264556147056339
    ],
    "rotation": [
      0.034125109851964174,
      -0.0373545945934071,
      2.032532355236451
    ]
  },
  {
    "label_id": "csxgKZev0sjcjG8cLELscg",
    "size": [
      2.113377041293324,
      5.185767427937253,
      1.8900000000000006
    ],
    "obj_class": "vehicle",
    "point_num_in_lidar": 39,
    "speed": 9.605432343599904,
    "if_vehicle": true,
    "motion_state": true,
    "pose": [
      [
        -0.895912026785974,
        -0.44171969366012537,
        0.04717364193120206,
        -54.08466363219577
      ],
      [
        0.4413668958319138,
        -0.8971418234086787,
        -0.018215706262774762,
        29.47178236905893
      ],
      [
        0.050367683329182414,
        0.004501213587040367,
        0.9987205993431272,
        0.846063676490175
      ],
      [
        0.0,
        0.0,
        0.0,
        1.0
      ]
    ],
    "location": [
      -54.08466363219577,
      29.47178236905893,
      0.846063676490175
    ],
    "rotation": [
      0.004506949303793789,
      -0.05038900400353923,
      2.6838460546040492
    ]
  },
  {
    "label_id": "dXlZQCzq6xpOqnjaO_xITg",
    "size": [
      2.1706677685902536,
      5.061649091133307,
      1.6599999999999966
    ],
    "obj_class": "vehicle",
    "point_num_in_lidar": 67,
    "speed": 2.929642751054232e-13,
    "if_vehicle": true,
    "motion_state": false,
    "pose": [
      [
        -0.9950003433168811,
        -0.08802820176645336,
        0.04717364193120206,
        33.374847947973194
      ],
      [
        0.08725474600007915,
        -0.9960194763887953,
        -0.018215706262774762,
        -3.5240309070977673
      ],
      [
        0.04858936200188638,
        -0.014008509840614627,
        0.9987205993431272,
        -2.0255883657432037
      ],
      [
        0.0,
        0.0,
        0.0,
        1.0
      ]
    ],
    "location": [
      33.374847947973194,
      -3.5240309070977673,
      -2.0255883657432037
    ],
    "rotation": [
      -0.014025535543595207,
      -0.048608501658645664,
      3.054123229866335
    ]
  },
  {
    "label_id": "f-F206LnSHYeShECxDdREQ",
    "size": [
      1.8998600635909029,
      4.287560747320762,
      1.7000000000000028
    ],
    "obj_class": "vehicle",
    "point_num_in_lidar": 1672,
    "speed": 0.02188355395510819,
    "if_vehicle": true,
    "motion_state": false,
    "pose": [
      [
        0.44194728544421097,
        -0.8957997791892114,
        0.04717364193120206,
        -3.273546527367671
      ],
      [
        0.8970296654003559,
        0.4415948000566512,
        -0.018215706262774762,
        -17.70745203946717
      ],
      [
        -0.004514009328584065,
        0.0503665381725448,
        0.9987205993431272,
        0.7579555547584178
      ],
      [
        0.0,
        0.0,
        0.0,
        1.0
      ]
    ],
    "location": [
      -3.273546527367671,
      -17.70745203946717,
      0.7579555547584178
    ],
    "rotation": [
      0.050388371192901994,
      0.004514024658511128,
      1.1130230042701974
    ]
  },
  {
    "label_id": "o0ZN1901yfAtQrXthdAvgQ",
    "size": [
      2.045179190648806,
      4.505310372726719,
      1.490000000000002
    ],
    "obj_class": "vehicle",
    "point_num_in_lidar": 234,
    "speed": 0.012061585889438085,
    "if_vehicle": true,
    "motion_state": false,
    "pose": [
      [
        -0.8826661931736588,
        -0.46762702973124654,
        0.04717364193120206,
        -17.498485975222366
      ],
      [
        0.4673102012003085,
        -0.8839057437869015,
        -0.018215706262774762,
        14.323718331863347
      ],
      [
        0.050215209672454346,
        0.005966335999288374,
        0.9987205993431272,
        0.9104052456702618
      ],
      [
        0.0,
        0.0,
        0.0,
        1.0
      ]
    ],
    "location": [
      -17.498485975222366,
      14.323718331863347,
      0.9104052456702618
    ],
    "rotation": [
      0.005973908046305572,
      -0.05023633715968154,
      2.6546789675517903
    ]
  },
  {
    "label_id": "rcQeDJ1fR0Q_qBK6gWcizA",
    "size": [
      2.388626252990334,
      5.780187000285011,
      2.4800000000000004
    ],
    "obj_class": "vehicle",
    "point_num_in_lidar": 389,
    "speed": 3.3516233813403333e-13,
    "if_vehicle": true,
    "motion_state": false,
    "pose": [
      [
        0.9946393266646684,
        0.0920177013351341,
        0.04717364193120206,
        30.505400325690516
      ],
      [
        -0.0912483387740712,
        0.9956615532982683,
        -0.018215706262774762,
        -13.411842266063104
      ],
      [
        -0.04864514901845351,
        0.013813541351782614,
        0.9987205993431272,
        -1.5524826578705202
      ],
      [
        0.0,
        0.0,
        0.0,
        1.0
      ]
    ],
    "location": [
      30.505400325690516,
      -13.411842266063104,
      -1.5524826578705202
    ],
    "rotation": [
      0.013830355160507743,
      0.04866435472247013,
      -0.09148405020451855
    ]
  },
  {
    "label_id": "u5H3KXEk9wpsW1z5Kz7U_A",
    "size": [
      2.1815607549483396,
      5.092260859897408,
      1.7000000000000028
    ],
    "obj_class": "vehicle",
    "point_num_in_lidar": 28,
    "speed": 2.8421709430404007e-13,
    "if_vehicle": true,
    "motion_state": false,
    "pose": [
      [
        -0.9942397207708118,
        -0.09623941577402174,
        0.04717364193120206,
        45.355308197129716
      ],
      [
        0.09547439980601181,
        -0.9952652043686798,
        -0.018215706262774762,
        -4.535869881556209
      ],
      [
        0.048703353306113376,
        -0.013606903558299075,
        0.9987205993431272,
        -2.7719158186902106
      ],
      [
        0.0,
        0.0,
        0.0,
        1.0
      ]
    ],
    "location": [
      45.355308197129716,
      -4.535869881556209,
      -2.7719158186902106
    ],
    "rotation": [
      -0.013623491640426559,
      -0.04872262808119048,
      3.0458586518331106
    ]
  },
  {
    "label_id": "vPtOaGxH36PqjRODE3Gbkg",
    "size": [
      1.9066745843775592,
      4.572182520860192,
      1.5899999999999963
    ],
    "obj_class": "vehicle",
    "point_num_in_lidar": 238,
    "speed": 8.556067554929069e-13,
    "if_vehicle": true,
    "motion_state": false,
    "pose": [
      [
        -0.09149367793446882,
        0.9946876667602602,
        0.04717364193120206,
        22.32291255325231
      ],
      [
        -0.9957094879250118,
        -0.09072377693559151,
        -0.018215706262774762,
        -18.769143356248605
      ],
      [
        -0.013839167393103844,
        -0.04863786481303027,
        0.9987205993431272,
        -1.224620274325929
      ],
      [
        0.0,
        0.0,
        0.0,
        1.0
      ]
    ],
    "location": [
      22.32291255325231,
      -18.769143356248605,
      -1.224620274325929
    ],
    "rotation": [
      -0.048661725697961025,
      0.013839609183295028,
      -1.662426938069085
    ]
  },
  {
    "label_id": "vfjDCWBNleMB9kSOrvvidA",
    "size": [
      2.039712140227351,
      4.425729590636861,
      1.8299999999999983
    ],
    "obj_class": "vehicle",
    "point_num_in_lidar": 1244,
    "speed": 0.016385943811518536,
    "if_vehicle": true,
    "motion_state": false,
    "pose": [
      [
        -0.42893340577140604,
        0.9021035311538744,
        0.04717364193120206,
        -10.847037462986236
      ],
      [
        -0.9033281859264884,
        -0.42856315352128427,
        -0.018215706262774762,
        -13.830874680328634
      ],
      [
        0.003784431807008987,
        -0.050426605315081995,
        0.9987205993431272,
        1.1626446940055999
      ],
      [
        0.0,
        0.0,
        0.0,
        1.0
      ]
    ],
    "location": [
      -10.847037462986236,
      -13.830874680328634,
      1.1626446940055999
    ],
    "rotation": [
      -0.0504483625263296,
      -0.0037844408404580573,
      -2.0141114445962764
    ]
  },
  {
    "label_id": "xc63csE4ogLzo7qqRdEXvA",
    "size": [
      0.5487841143441924,
      0.11310404936463103,
      0.6000000000000014
    ],
    "obj_class": "sign",
    "point_num_in_lidar": 23,
    "speed": 0.013717213803205003,
    "if_vehicle": false,
    "motion_state": false,
    "pose": [
      [
        -0.9986345493297166,
        0.022442914070603986,
        0.04717364193120206,
        42.19454922679256
      ],
      [
        -0.023324233103242772,
        -0.9995619881705655,
        -0.018215706262774762,
        -16.968374660888003
      ],
      [
        0.04674416578760787,
        -0.019291122635180832,
        0.9987205993431272,
        -0.5435837074362055
      ],
      [
        0.0,
        0.0,
        0.0,
        1.0
      ]
    ],
    "location": [
      42.19454922679256,
      -16.968374660888003,
      -0.5435837074362055
    ],
    "rotation": [
      -0.01931343360953938,
      -0.04676120534696478,
      -3.11824077444953
    ]
  },
  {
    "label_id": "y-yUlE2jqLC5_A95xf6zQg",
    "size": [
      0.5276032428963351,
      0.09693824648739624,
      0.5
    ],
    "obj_class": "sign",
    "point_num_in_lidar": 41,
    "speed": 0.008890218203957157,
    "if_vehicle": false,
    "motion_state": false,
    "pose": [
      [
        0.7176200544978131,
        0.6948353077452978,
        0.04717364193120206,
        -22.01095764254046
      ],
      [
        -0.6948760273185134,
        0.7188988069981678,
        -0.018215706262774762,
        18.571226945554372
      ],
      [
        -0.04656999077299296,
        -0.019707876778291156,
        0.9987205993431272,
        2.981415817443242
      ],
      [
        0.0,
        0.0,
        0.0,
        1.0
      ]
    ],
    "location": [
      -22.01095764254046,
      18.571226945554372,
      2.981415817443242
    ],
    "rotation": [
      -0.01973056261339079,
      0.046586840442735866,
      -0.7692975439853822
    ]
  }
]