[
  {
    "label_id": "0JW22M2mZ-LRqS45sS_-jQ",
    "size": [
      2.041163557003049,
      4.24982686350917,
      2.030000000000001
    ],
    "obj_class": "vehicle",
    "point_num_in_lidar": 3730,
    "speed": 0.04086864450135068,
    "if_vehicle": true,
    "motion_state": false,
    "pose": [
      [
        0.4216857154578737,
        -0.9055184966885382,
        0.047089378141048785,
        -15.65935873500598
      ],
      [
        0.900316738595299,
        0.4243040658556073,
        0.09693208913215648,
        -40.89683096398585
      ],
      [
        -0.1077540142356889,
        0.0015204779939100156,
        0.9941764232583495,
        3.942494404082616
      ],
      [
        0.0,
        0.0,
        0.0,
        1.0
      ]
    ],
    "location": [
      -15.65935873500598,
      -40.89683096398585,
      3.942494404082616
    ],
    "rotation": [
      0.0015293832893902703,
      0.10796363200488855,
      1.1327673819737343
    ]
  },
  {
    "label_id": "NJjtLDWUIJj2K8wh2gXm5A",
    "size": [
      1.968407034040828,
      4.229984629962055,
      1.6599999999999966
    ],
    "obj_class": "vehicle",
    "point_num_in_lidar": 601,
    "speed": 1.9705571142325161e-28,
    "if_vehicle": true,
    "motion_state": false,
    "pose": [
      [
        -0.8586877463497228,
        -0.5103312108181542,
        0.047089378141048785,
        -33.66244122393368
      ],
      [
        0.5124149476408956,
        -0.8532497240144024,
        0.09693208913215648,
        -45.159508939910666
      ],
      [
        -0.00928847151108695,
        0.10736369840044975,
        0.9941764232583495,
        5.514817723958586
      ],
      [
        0.0,
        0.0,
        0.0,
        1.0
      ]
    ],
    "location": [
      -33.66244122393368,
      -45.159508939910666,
      5.514817723958586
    ],
    "rotation": [
      0.10757569729056331,
      0.009288605077840874,
      2.6035722672185386
    ]
  },
  {
    "label_id": "QVTU-Cr3icKhU3vK90Mk0g",
    "size": [
      2.0541609012170663,
      4.468647342613678,
      1.8699999999999974
    ],
    "obj_class": "vehicle",
    "point_num_in_lidar": 6608,
    "speed": 0.18943782322709807,
    "if_vehicle": true,
    "motion_state": false,
    "pose": [
      [
        -0.5052142804393265,
        0.8617082576524742,
        0.047089378141048785,
        -22.451550723873424
      ],
      [
        -0.8562827266311136,
        -0.5073303284544117,
        0.09693208913215648,
        -36.33775420616985
      ],
      [
        0.10741705131569716,
        0.008649654552402289,
        0.9941764232583495,
        4.0009306512680425
      ],
      [
        0.0,
        0.0,
        0.0,
        1.0
      ]
    ],
    "location": [
      -22.451550723873424,
      -36.33775420616985,
      4.0009306512680425
    ],
    "rotation": [
      0.008700102027213817,
      -0.10762470187595016,
      -2.1038369095913767
    ]
  },
  {
    "label_id": "SOcM47vtuPLRXUwdHlQrlQ",
    "size": [
      1.8141824624845433,
      4.190282612285569,
      1.5
    ],
    "obj_class": "vehicle",
    "point_num_in_lidar": 20,
    "speed": 2.611542902674231e-28,
    "if_vehicle": true,
    "motion_state": false,
    "pose": [
      [
        -0.39964798210273195,
        0.9154583993101509,
        0.047089378141048785,
        -36.466336169291935
      ],
      [
        -0.9103215307651471,
        -0.40239145209842014,
        0.09693208913215648,
        -63.522987075166384
      ],
      [
        0.10768565840730106,
        -0.004127760969469889,
        0.9941764232583495,
        6.907162565145164
      ],
      [
        0.0,
        0.0,
        0.0,
        1.0
      ]
    ],
    "location": [
      -36.466336169291935,
      -63.522987075166384,
      6.907162565145164
    ],
    "rotation": [
      -0.004151916253694224,
      -0.10789487610583127,
      -1.9844805916648258
    ]
  },
  {
    "label_id": "WID1WFbU4iDNhjaDRRGZiw",
    "size": [
      2.0670829206840895,
      4.202452390779436,
      1.9099999999999966
    ],
    "obj_class": "vehicle",
    "point_num_in_lidar": 223,
    "speed": 5.106571093226668e-28,
    "if_vehicle": true,
    "motion_state": false,
    "pose": [
      [
        -0.8598440244652245,
        -0.5083806094430979,
        0.047089378141048785,
        -39.6298235667457
      ],
      [
        0.5104766856208073,
        -0.8544107463825997,
        0.09693208913215648,
        -56.757488062183256
      ],
      [
        -0.009044723823412431,
        0.10738450730060274,
        0.9941764232583495,
        7.147483268682322
      ],
      [
        0.0,
        0.0,
        0.0,
        1.0
      ]
    ],
    "location": [
      -39.6298235667457,
      -56.757488062183256,
      7.147483268682322
    ],
    "rotation": [
      0.10759638674726109,
      0.009044847148283214,
      2.6058293148559604
    ]
  },
  {
    "label_id": "WZQMFb0Vk03ey74WQdgtKw",
    "size": [
      1.7610851841609958,
      3.799601176698312,
      1.6700000000000017
    ],
    "obj_class": "vehicle",
    "point_num_in_lidar": 1335,
    "speed": 0.02099974211265506,
    "if_vehicle": true,
    "motion_state": false,
    "pose": [
      [
        -0.4414326027441609,
        0.896057948851973,
        0.047089378141048785,
        -26.464149972252244
      ],
      [
        -0.8908000484755378,
        -0.44393630594090283,
        0.09693208913215648,
        -44.211759230905955
      ],
      [
        0.10776145354668826,
        0.000841764064307635,
        0.9941764232583495,
        4.748432309951902
      ],
      [
        0.0,
        0.0,
        0.0,
        1.0
      ]
    ],
    "location": [
      -26.464149972252244,
      -44.211759230905955,
      4.748432309951902
    ],
    "rotation": [
      0.0008466946544533171,
      -0.10797111488734465,
      -2.0308745734148785
    ]
  },
  {
    "label_id": "Xjo2_LZPDPNehR-MPrTfiQ",
    "size": [
      1.83861038911532,
      4.197154481625292,
      1.8900000000000006
    ],
    "obj_class": "vehicle",
    "point_num_in_lidar": 393,
    "speed": 2.611542902674231e-28,
    "if_vehicle": true,
    "motion_state": false,
    "pose": [
      [
        -0.43902690286043816,
        0.8972390813105839,
        0.047089378141048785,
        -28.61117744466901
      ],
      [
        -0.8919879172594769,
        -0.44154470391974615,
        0.09693208913215648,
        -48.268698460604355
      ],
      [
        0.10776332413150606,
        0.0005526385464045563,
        0.9941764232583495,
        5.35216500655153
      ],
      [
        0.0,
        0.0,
        0.0,
        1.0
      ]
    ],
    "location": [
      -28.61117744466901,
      -48.268698460604355,
      5.35216500655153
    ],
    "rotation": [
      0.0005558756741303111,
      -0.10797299642898484,
      -2.0281758692658487
    ]
  },
  {
    "label_id": "aKmdU8IOh3TxEJG16QWVqw",
    "size": [
      2.0109241300647422,
      4.48477108310288,
      1.6300000000000026
    ],
    "obj_class": "vehicle",
    "point_num_in_lidar": 1502,
    "speed": 0.0,
    "if_vehicle": true,
    "motion_state": false,
    "pose": [
      [
        0.4787422832850865,
        -0.8766917455190685,
        0.047089378141048785,
        -18.021108845243816
      ],
      [
        0.8713331606666538,
        0.481022549595271,
        0.09693208913215648,
        -45.55911256465515
      ],
      [
        -0.10763061515034329,
        -0.005374952985254841,
        0.9941764232583495,
        4.328432309951857
      ],
      [
        0.0,
        0.0,
        0.0,
        1.0
      ]
    ],
    "location": [
      -18.021108845243816,
      -45.55911256465515,
      4.328432309951857
    ],
    "rotation": [
      -0.00540638511560145,
      0.10783951106575644,
      1.0683858120861278
    ]
  },
  {
    "label_id": "apfk-7yuTYXe8pejlnnP-A",
    "size": [
      2.107562474017544,
      4.327305987295328,
      2.0799999999999983
    ],
    "obj_class": "vehicle",
    "point_num_in_lidar": 3872,
    "speed": 6.96412843452057e-28,
    "if_vehicle": true,
    "motion_state": false,
    "pose": [
      [
        -0.8854046025206567,
        -0.4624297571540214,
        0.047089378141048785,
        -26.80599509699141
      ],
      [
        0.46480883786308236,
        -0.8800891513595919,
        0.09693208913215648,
        -29.09975143673728
      ],
      [
        -0.0033814315916085433,
        0.10771167697898999,
        0.9941764232583495,
        4.243430983004821
      ],
      [
        0.0,
        0.0,
        0.0,
        1.0
      ]
    ],
    "location": [
      -26.80599509699141,
      -29.09975143673728,
      4.243430983004821
    ],
    "rotation": [
      0.10792166629856893,
      0.0033814380355680347,
      2.658170955476041
    ]
  },
  {
    "label_id": "jNNepStz6_GUA6HPue9NPw",
    "size": [
      2.9734921272002217,
      7.822413531678656,
      3.460000000000001
    ],
    "obj_class": "vehicle",
    "point_num_in_lidar": 5471,
    "speed": 3.44415341239146,
    "if_vehicle": true,
    "motion_state": true,
    "pose": [
      [
        0.4627296114281187,
        -0.8852479297766651,
        0.047089378141048785,
        -22.399966283767753
      ],
      [
        0.8799316731412676,
        0.46510689169188296,
        0.09693208913215648,
        -47.79375807541146
      ],
      [
        -0.10771052553205561,
        -0.0034179126442036444,
        0.9941764232583495,
        5.718461999084852
      ],
      [
        0.0,
        0.0,
        0.0,
        1.0
      ]
    ],
    "location": [
      -22.399966283767753,
      -47.79375807541146,
      5.718461999084852
    ],
    "rotation": [
      -0.003437920170364097,
      0.10791988871277537,
      1.0866676020447361
    ]
  },
  {
    "label_id": "yiHJUEjuvum2AvPU1wWiGQ",
    "size": [
      1.8780492570819778,
      4.169851547652348,
      1.8900000000000006
    ],
    "obj_class": "vehicle",
    "point_num_in_lidar": 234,
    "speed": 5.067137521674351e-28,
    "if_vehicle": true,
    "motion_state": false,
    "pose": [
      [
        -0.42246932780325613,
        0.9051531679952041,
        0.047089378141048785,
        -32.86059265722588
      ],
      [
        -0.8999491455408509,
        -0.4250831748455446,
        0.09693208913215648,
        -56.35414126030446
      ],
      [
        0.10775528992006433,
        -0.001427211083859423,
        0.9941764232583495,
        6.3552235157073795
      ],
      [
        0.0,
        0.0,
        0.0,
        1.0
      ]
    ],
    "location": [
      -32.86059265722588,
      -56.35414126030446,
      6.3552235157073795
    ],
    "rotation": [
      -0.0014355702569905583,
      -0.10796491516041545,
      -2.009695888566082
    ]
  }
]