[
  {
    "label_id": "0JW22M2mZ-LRqS45sS_-jQ",
    "size": [
      2.041163557003048,
      4.24982686350917,
      2.030000000000001
    ],
    "obj_class": "vehicle",
    "point_num_in_lidar": 125,
    "speed": 0.006149896193906713,
    "if_vehicle": true,
    "motion_state": false,
    "pose": [
      [
        0.4205374097732205,
        -0.9030526506823991,
        0.08743109902502129,
        -15.671289537404618
      ],
      [
        0.9012029571453599,
        0.42690931112456415,
        0.07471057560753076,
        -40.94432124598461
      ],
      [
        -0.10479273359202383,
        0.04737457303916064,
        0.9933650551613281,
        3.9394541839179027
      ],
      [
        0.0,
        0.0,
        0.0,
        1.0
      ]
    ],
    "location": [
      -15.671289537404618,
      -40.94432124598461,
      3.9394541839179027
    ],
    "rotation": [
      0.047654892818516606,
      0.10498548483280926,
      1.1341910086562133
    ]
  },
  {
    "label_id": "0swVhSVbEe4_bfXYmVkjxA",
    "size": [
      2.0805271023934995,
      4.2235539734875545,
      1.6300000000000026
    ],
    "obj_class": "vehicle",
    "point_num_in_lidar": 3375,
    "speed": 0.057804054937916696,
    "if_vehicle": true,
    "motion_state": false,
    "pose": [
      [
        -0.44268332900567975,
        0.8924053300735748,
        0.08743109902502129,
        -8.975622986210738
      ],
      [
        -0.890399035859318,
        -0.44900766901378014,
        0.07471057560753076,
        -9.843303678575467
      ],
      [
        0.10592934985756304,
        -0.04477543995412726,
        0.9933650551613281,
        0.6394936804894229
      ],
      [
        0.0,
        0.0,
        0.0,
        1.0
      ]
    ],
    "location": [
      -8.975622986210738,
      -9.843303678575467,
      0.6394936804894229
    ],
    "rotation": [
      -0.045044017852500305,
      -0.10612846293790162,
      -2.0321806520760326
    ]
  },
  {
    "label_id": "2PEnvhcr5QOodc--r2OWiQ",
    "size": [
      1.9886869062026216,
      4.204834148289736,
      1.3999999999999986
    ],
    "obj_class": "vehicle",
    "point_num_in_lidar": 66,
    "speed": 1.2667864286490286e-28,
    "if_vehicle": true,
    "motion_state": false,
    "pose": [
      [
        -0.8966706777104397,
        -0.433978684565933,
        0.08743109902502129,
        -33.79586225618482
      ],
      [
        0.440322247706625,
        -0.8947260184363575,
        0.07471057560753076,
        22.75547558785729
      ],
      [
        0.0458040817928523,
        0.10548864050429951,
        0.9933650551613281,
        1.1934994774047354
      ],
      [
        0.0,
        0.0,
        0.0,
        1.0
      ]
    ],
    "location": [
      -33.79586225618482,
      22.75547558785729,
      1.1934994774047354
    ],
    "rotation": [
      0.1057967256847809,
      -0.045820113199601324,
      2.6851197629676937
    ]
  },
  {
    "label_id": "2w9dOhBjHynufErf2sTmhQ",
    "size": [
      2.0079232762281536,
      4.299028948583187,
      1.6099999999999994
    ],
    "obj_class": "vehicle",
    "point_num_in_lidar": 389,
    "speed": 0.061961165326205735,
    "if_vehicle": true,
    "motion_state": false,
    "pose": [
      [
        -0.48111542717959493,
        0.8722865060592608,
        0.08743109902502129,
        -19.014335077673877
      ],
      [
        -0.8700067771570443,
        -0.487346424623393,
        0.07471057560753076,
        -29.059367807320086
      ],
      [
        0.10777826047310718,
        -0.04012123818780658,
        0.9933650551613281,
        2.864440832702492
      ],
      [
        0.0,
        0.0,
        0.0,
        1.0
      ]
    ],
    "location": [
      -19.014335077673877,
      -29.059367807320086,
      2.864440832702492
    ],
    "rotation": [
      -0.04036727773298627,
      -0.1079880202729491,
      -2.0759413608241455
    ]
  },
  {
    "label_id": "9a9ahe7SBjTGkYl4Kt5P_g",
    "size": [
      3.099829010968975,
      8.87479321256666,
      3.429999999999996
    ],
    "obj_class": "vehicle",
    "point_num_in_lidar": 235,
    "speed": 3.552713678800501e-14,
    "if_vehicle": true,
    "motion_state": false,
    "pose": [
      [
        0.989229580444807,
        0.11739097110198907,
        0.08743109902502129,
        37.952584474514424
      ],
      [
        -0.12402181070190198,
        0.9894629454217136,
        0.07471057560753076,
        -14.300500018740422
      ],
      [
        -0.07773948574059847,
        -0.08474927457576811,
        0.9933650551613281,
        -1.7469444912127017
      ],
      [
        0.0,
        0.0,
        0.0,
        1.0
      ]
    ],
    "location": [
      37.952584474514424,
      -14.300500018740422,
      -1.7469444912127017
    ],
    "rotation": [
      -0.08510924134530419,
      0.07781800161535088,
      -0.12472137385729523
    ]
  },
  {
    "label_id": "QVTU-Cr3icKhU3vK90Mk0g",
    "size": [
      2.0541609012170654,
      4.468647342613678,
      1.8699999999999974
    ],
    "obj_class": "vehicle",
    "point_num_in_lidar": 199,
    "speed": 0.024675320011988258,
    "if_vehicle": true,
    "motion_state": false,
    "pose": [
      [
        -0.5038385154823205,
        0.8593617126913721,
        0.08743109902502129,
        -22.478769007370374
      ],
      [
        -0.8569192677359453,
        -0.5100075474689396,
        0.07471057560753076,
        -36.37496218897104
      ],
      [
        0.10879392859651098,
        -0.037279327848942195,
        0.9933650551613281,
        3.938887192996475
      ],
      [
        0.0,
        0.0,
        0.0,
        1.0
      ]
    ],
    "location": [
      -22.478769007370374,
      -36.37496218897104,
      3.938887192996475
    ],
    "rotation": [
      -0.03751072310715699,
      -0.1090096961287399,
      -2.102319541684277
    ]
  },
  {
    "label_id": "Sj0kgmEM2eNHR9n0SZtO9w",
    "size": [
      0.9307811170203498,
      0.12615576284919738,
      1.1499999999999986
    ],
    "obj_class": "sign",
    "point_num_in_lidar": 45,
    "speed": 0.0070479094502810735,
    "if_vehicle": false,
    "motion_state": false,
    "pose": [
      [
        0.9185058490357664,
        0.3856200308728305,
        0.08743109902502129,
        -39.67535769543974
      ],
      [
        -0.39205813859615285,
        0.9169017100283493,
        0.07471057560753076,
        27.657112296514242
      ],
      [
        -0.05135582973339701,
        -0.1029001746195116,
        0.9933650551613281,
        3.6489773003479655
      ],
      [
        0.0,
        0.0,
        0.0,
        1.0
      ]
    ],
    "location": [
      -39.67535769543974,
      27.657112296514242,
      3.6489773003479655
    ],
    "rotation": [
      -0.10321932863926203,
      0.051378431060589334,
      -0.40343096787334315
    ]
  },
  {
    "label_id": "WID1WFbU4iDNhjaDRRGZiw",
    "size": [
      2.0670829206840837,
      4.202452390779436,
      1.9099999999999966
    ],
    "obj_class": "vehicle",
    "point_num_in_lidar": 42,
    "speed": 7.105427357601002e-14,
    "if_vehicle": true,
    "motion_state": false,
    "pose": [
      [
        -0.8575025560563705,
        -0.5069962221556172,
        0.08743109902502129,
        -39.62982356674593
      ],
      [
        0.5131562280044858,
        -0.8550374351761445,
        0.07471057560753076,
        -56.757488062183256
      ],
      [
        0.036878883076896005,
        0.10893032253386693,
        0.9933650551613281,
        7.121000790236536
      ],
      [
        0.0,
        0.0,
        0.0,
        1.0
      ]
    ],
    "location": [
      -39.62982356674593,
      -56.757488062183256,
      7.121000790236536
    ],
    "rotation": [
      0.1092215008098848,
      -0.03688724773049062,
      2.602327528908013
    ]
  },
  {
    "label_id": "WZQMFb0Vk03ey74WQdgtKw",
    "size": [
      1.7610851841609962,
      3.799601176698312,
      1.6700000000000017
    ],
    "obj_class": "vehicle",
    "point_num_in_lidar": 59,
    "speed": 0.020999742112092493,
    "if_vehicle": true,
    "motion_state": false,
    "pose": [
      [
        -0.4402305236873167,
        0.893617865162323,
        0.08743109902502129,
        -26.512720246143545
      ],
      [
        -0.891628949338022,
        -0.4465603504508281,
        0.07471057560753076,
        -44.30955482354693
      ],
      [
        0.10580596730036451,
        -0.04506622313846415,
        0.9933650551613281,
        4.74843230995188
      ],
      [
        0.0,
        0.0,
        0.0,
        1.0
      ]
    ],
    "location": [
      -26.512720246143545,
      -44.30955482354693,
      4.74843230995188
    ],
    "rotation": [
      -0.045336145871173655,
      -0.10600438308017528,
      -2.0294212840292687
    ]
  },
  {
    "label_id": "aFNCQJ_mhmlAGA1fcaLCMw",
    "size": [
      2.075438916251607,
      4.655105173716041,
      1.7100000000000009
    ],
    "obj_class": "vehicle",
    "point_num_in_lidar": 1131,
    "speed": 0.016588527282993027,
    "if_vehicle": true,
    "motion_state": false,
    "pose": [
      [
        0.4141883307942588,
        -0.9059822457185033,
        0.08743109902502129,
        -7.358035415596532
      ],
      [
        0.9041773234824357,
        0.42057305856715327,
        0.07471057560753076,
        -25.61200008330161
      ],
      [
        -0.1044576197986736,
        0.0481089685020101,
        0.9933650551613281,
        1.7718592204186834
      ],
      [
        0.0,
        0.0,
        0.0,
        1.0
      ]
    ],
    "location": [
      -7.358035415596532,
      -25.61200008330161,
      1.7718592204186834
    ],
    "rotation": [
      0.048392489746667225,
      0.10464852169164729,
      1.1412408785730648
    ]
  },
  {
    "label_id": "aODc5-qJaKf-jvm5pjvxXA",
    "size": [
      1.887027773239077,
      4.196029966848567,
      1.6700000000000017
    ],
    "obj_class": "vehicle",
    "point_num_in_lidar": 172,
    "speed": 9.078366256176172e-28,
    "if_vehicle": true,
    "motion_state": false,
    "pose": [
      [
        -0.14019085438301823,
        0.9862567248291068,
        0.08743109902502129,
        18.871184233789336
      ],
      [
        -0.9863369896471155,
        -0.14682531371074117,
        0.07471057560753076,
        -18.932963017903603
      ],
      [
        0.08652090615120425,
        -0.07576278758801153,
        0.9933650551613281,
        -0.5846747065199622
      ],
      [
        0.0,
        0.0,
        0.0,
        1.0
      ]
    ],
    "location": [
      18.871184233789336,
      -18.932963017903603,
      -0.5846747065199622
    ],
    "rotation": [
      -0.07612145747371354,
      -0.0866292187511544,
      -1.7119834697254004
    ]
  },
  {
    "label_id": "aoj79G3iOHdhBgeszAfT8Q",
    "size": [
      1.234726331673708,
      0.2022955934763529,
      1.0899999999999963
    ],
    "obj_class": "sign",
    "point_num_in_lidar": 97,
    "speed": 0.013727744274076798,
    "if_vehicle": false,
    "motion_state": false,
    "pose": [
      [
        0.4942749331431641,
        -0.8648977357986304,
        0.08743109902502129,
        -9.758782090860223
      ],
      [
        0.8625238719192528,
        0.5004706787233512,
        0.07471057560753076,
        -6.976252732089051
      ],
      [
        -0.10837370915374665,
        0.03848384529371739,
        0.9933650551613281,
        2.6813644249547437
      ],
      [
        0.0,
        0.0,
        0.0,
        1.0
      ]
    ],
    "location": [
      -9.758782090860223,
      -6.976252732089051,
      2.6813644249547437
    ],
    "rotation": [
      0.038721524884855286,
      0.10858697727172799,
      1.050423846317302
    ]
  },
  {
    "label_id": "cedkFiBfazD1eILNFRFi2g",
    "size": [
      1.205288409073618,
      1.354676491567917,
      1.8599999999999994
    ],
    "obj_class": "pedestrian",
    "point_num_in_lidar": 340,
    "speed": 1.1634618839822688,
    "if_vehicle": false,
    "motion_state": true,
    "pose": [
      [
        -0.9181331282704736,
        -0.3865066127449193,
        0.08743109902502129,
        -12.503286963877827
      ],
      [
        0.3929431687691103,
        -0.9165227744088423,
        0.07471057560753076,
        -3.534912342498501
      ],
      [
        0.05125646193373684,
        0.10294970759728768,
        0.9933650551613281,
        0.696569422297344
      ],
      [
        0.0,
        0.0,
        0.0,
        1.0
      ]
    ],
    "location": [
      -12.503286963877827,
      -3.534912342498501,
      0.696569422297344
    ],
    "rotation": [
      0.10326866283201715,
      -0.051278932218168115,
      2.737200120819297
    ]
  },
  {
    "label_id": "f-F206LnSHYeShECxDdREQ",
    "size": [
      1.8998600635909038,
      4.287560747320762,
      1.7000000000000028
    ],
    "obj_class": "vehicle",
    "point_num_in_lidar": 3794,
    "speed": 0.08525904581112963,
    "if_vehicle": true,
    "motion_state": false,
    "pose": [
      [
        0.4407455591441824,
        -0.8933639543981831,
        0.08743109902502129,
        -3.3743876509665824
      ],
      [
        0.8913713901990908,
        0.44707423838433324,
        0.07471057560753076,
        -17.77445222678398
      ],
      [
        -0.10583192726782471,
        0.045005225864442736,
        0.9933650551613281,
        0.8417985607881349
      ],
      [
        0.0,
        0.0,
        0.0,
        1.0
      ]
    ],
    "location": [
      -3.3743876509665824,
      -17.77445222678398,
      0.8417985607881349
    ],
    "rotation": [
      0.04527486713281183,
      0.10603048962509334,
      1.111592279159128
    ]
  },
  {
    "label_id": "hKdxhgmccQIxbbAIN81oSg",
    "size": [
      2.088997022236469,
      4.725863531896809,
      1.6799999999999997
    ],
    "obj_class": "vehicle",
    "point_num_in_lidar": 53,
    "speed": 1.9705527082275118e-27,
    "if_vehicle": true,
    "motion_state": false,
    "pose": [
      [
        -0.8938869369441994,
        -0.4396839170174338,
        0.08743109902502129,
        -38.73479947681494
      ],
      [
        0.44601495899058397,
        -0.8919018927264473,
        0.07471057560753076,
        25.099730294163237
      ],
      [
        0.045130924177823654,
        0.10577838563330023,
        0.9933650551613281,
        1.534374310313396
      ],
      [
        0.0,
        0.0,
        0.0,
        1.0
      ]
    ],
    "location": [
      -38.73479947681494,
      25.099730294163237,
      1.534374310313396
    ],
    "rotation": [
      0.10608514465438855,
      -0.045146258683762305,
      2.678776375871468
    ]
  },
  {
    "label_id": "jNNepStz6_GUA6HPue9NPw",
    "size": [
      2.973492127200764,
      7.822413531678656,
      3.460000000000001
    ],
    "obj_class": "vehicle",
    "point_num_in_lidar": 168,
    "speed": 5.700877125732318,
    "if_vehicle": true,
    "motion_state": true,
    "pose": [
      [
        0.4795881785923341,
        -0.8731271281307003,
        0.08743109902502129,
        -33.591380601321816
      ],
      [
        0.870858307039779,
        0.4858231560477553,
        0.07471057560753076,
        -68.87500637033008
      ],
      [
        -0.10770788278625454,
        0.04030979000235676,
        0.9933650551613281,
        8.178312885125209
      ],
      [
        0.0,
        0.0,
        0.0,
        1.0
      ]
    ],
    "location": [
      -33.591380601321816,
      -68.87500637033008,
      8.178312885125209
    ],
    "rotation": [
      0.040556778349078046,
      0.10791723050268207,
      1.0674101118219856
    ]
  },
  {
    "label_id": "qyoPChy7JYzqrGFyVxkmYA",
    "size": [
      2.077689617526789,
      4.432298843032103,
      1.490000000000002
    ],
    "obj_class": "vehicle",
    "point_num_in_lidar": 171,
    "speed": 0.0,
    "if_vehicle": true,
    "motion_state": false,
    "pose": [
      [
        -0.9001002293906999,
        -0.42682007915992715,
        0.08743109902502129,
        -28.43510334325879
      ],
      [
        0.4331789362991216,
        -0.8982061784685925,
        0.07471057560753076,
        19.9599723155643
      ],
      [
        0.04664317953968346,
        0.10512031671737154,
        0.9933650551613281,
        1.2666515773596245
      ],
      [
        0.0,
        0.0,
        0.0,
        1.0
      ]
    ],
    "location": [
      -28.43510334325879,
      19.9599723155643,
      1.2666515773596245
    ],
    "rotation": [
      0.10543006221085671,
      -0.046660108828536245,
      2.6930521015890183
    ]
  },
  {
    "label_id": "rcQeDJ1fR0Q_qBK6gWcizA",
    "size": [
      2.388626252990331,
      5.780187000285011,
      2.4800000000000004
    ],
    "obj_class": "vehicle",
    "point_num_in_lidar": 368,
    "speed": 3.3516233813403333e-13,
    "if_vehicle": true,
    "motion_state": false,
    "pose": [
      [
        0.9919347411241205,
        0.09176749029095659,
        0.08743109902502129,
        30.505400325690516
      ],
      [
        -0.09839007642900786,
        0.9923395198986511,
        0.07471057560753076,
        -13.411842266063104
      ],
      [
        -0.07990533280900518,
        -0.08271036798983405,
        0.9933650551613281,
        -1.5323800373938354
      ],
      [
        0.0,
        0.0,
        0.0,
        1.0
      ]
    ],
    "location": [
      30.505400325690516,
      -13.411842266063104,
      -1.5323800373938354
    ],
    "rotation": [
      -0.08307119665502934,
      0.0799906088075648,
      -0.09886667748218002
    ]
  },
  {
    "label_id": "sddqzrE-ya3ZIGAQhw3WMQ",
    "size": [
      0.5257448990351298,
      0.1293304009544773,
      0.5300000000000011
    ],
    "obj_class": "sign",
    "point_num_in_lidar": 68,
    "speed": 0.0383252066328061,
    "if_vehicle": false,
    "motion_state": false,
    "pose": [
      [
        0.5981173650554791,
        -0.7966250187775725,
        0.08743109902502129,
        -21.03730040411301
      ],
      [
        0.7934981930719186,
        0.6039693266085552,
        0.07471057560753076,
        -28.163657929422698
      ],
      [
        -0.11232201569902045,
        0.024690726470491933,
        0.9933650551613281,
        4.972182753717824
      ],
      [
        0.0,
        0.0,
        0.0,
        1.0
      ]
    ],
    "location": [
      -21.03730040411301,
      -28.163657929422698,
      4.972182753717824
    ],
    "rotation": [
      0.024850525552797032,
      0.11255954688432693,
      0.9248849872029442
    ]
  },
  {
    "label_id": "vPtOaGxH36PqjRODE3Gbkg",
    "size": [
      1.9066745843775552,
      4.572182520860192,
      1.5899999999999963
    ],
    "obj_class": "vehicle",
    "point_num_in_lidar": 104,
    "speed": 1.3617544933086774e-27,
    "if_vehicle": true,
    "motion_state": false,
    "pose": [
      [
        -0.09124489179485014,
        0.9919829497751577,
        0.08743109902502129,
        22.32291255325208
      ],
      [
        -0.9923912175024904,
        -0.09786726376228286,
        0.07471057560753076,
        -18.769143356250424
      ],
      [
        0.08266825959986632,
        -0.07994889642178155,
        0.9933650551613281,
        -1.2154263357659403
      ],
      [
        0.0,
        0.0,
        0.0,
        1.0
      ]
    ],
    "location": [
      22.32291255325208,
      -18.769143356250424,
      -1.2154263357659403
    ],
    "rotation": [
      -0.08030979237398765,
      -0.08276271006901283,
      -1.6624830174196845
    ]
  },
  {
    "label_id": "vfjDCWBNleMB9kSOrvvidA",
    "size": [
      2.03971214022735,
      4.425729590636861,
      1.8299999999999983
    ],
    "obj_class": "vehicle",
    "point_num_in_lidar": 4508,
    "speed": 0.08771074391331275,
    "if_vehicle": true,
    "motion_state": false,
    "pose": [
      [
        -0.4277670663194988,
        0.8996505654395414,
        0.08743109902502129,
        -10.876231615122151
      ],
      [
        -0.8977498238015439,
        -0.4341239267267913,
        0.07471057560753076,
        -13.928329813230448
      ],
      [
        0.10516934361640982,
        -0.04653252999381365,
        0.9933650551613281,
        1.203523406413609
      ],
      [
        0.0,
        0.0,
        0.0,
        1.0
      ]
    ],
    "location": [
      -10.876231615122151,
      -13.928329813230448,
      1.203523406413609
    ],
    "rotation": [
      -0.04680911522142756,
      -0.1053641874856783,
      -2.0154580811599794
    ]
  },
  {
    "label_id": "yiHJUEjuvum2AvPU1wWiGQ",
    "size": [
      1.8780492570819778,
      4.169851547652348,
      1.8900000000000006
    ],
    "obj_class": "vehicle",
    "point_num_in_lidar": 50,
    "speed": 3.0354398977712303e-13,
    "if_vehicle": true,
    "motion_state": false,
    "pose": [
      [
        -0.42131888823908764,
        0.9026883168271627,
        0.08743109902502129,
        -32.86059265722679
      ],
      [
        -0.9008331087924449,
        -0.4276891862038722,
        0.07471057560753076,
        -56.35414126030264
      ],
      [
        0.10483369933527192,
        -0.04728385208518287,
        0.9933650551613281,
        6.401784382894256
      ],
      [
        0.0,
        0.0,
        0.0,
        1.0
      ]
    ],
    "location": [
      -32.86059265722679,
      -56.35414126030264,
      6.401784382894256
    ],
    "rotation": [
      -0.04756377276527684,
      -0.10502667746816952,
      -2.008271001400251
    ]
  }
]