[
  {
    "label_id": "0JW22M2mZ-LRqS45sS_-jQ",
    "size": [
      2.041163557003049,
      4.24982686350917,
      2.030000000000001
    ],
    "obj_class": "vehicle",
    "point_num_in_lidar": 781,
    "speed": 0.02280658861550589,
    "if_vehicle": true,
    "motion_state": false,
    "pose": [
      [
        0.4218030693580143,
        -0.9057704998352915,
        0.04076729459118332,
        -15.627399458777063
      ],
      [
        0.9002238054451304,
        0.42373179606889894,
        0.10024203265154391,
        -40.90113097455469
      ],
      [
        -0.10807067497728655,
        -0.005582707976529786,
        0.9941275383881097,
        3.9384323099518213
      ],
      [
        0.0,
        0.0,
        0.0,
        1.0
      ]
    ],
    "location": [
      -15.627399458777063,
      -40.90113097455469,
      3.9384323099518213
    ],
    "rotation": [
      -0.005615626845424629,
      0.1082821527777801,
      1.1326208311112451
    ]
  },
  {
    "label_id": "2w9dOhBjHynufErf2sTmhQ",
    "size": [
      2.007923276228153,
      4.299028948583187,
      1.6099999999999994
    ],
    "obj_class": "vehicle",
    "point_num_in_lidar": 4907,
    "speed": 0.07256809011510296,
    "if_vehicle": true,
    "motion_state": false,
    "pose": [
      [
        -0.48256340383435087,
        0.8749117606773388,
        0.04076729459118332,
        -18.950433440676534
      ],
      [
        -0.869246496650149,
        -0.48410955676512885,
        0.10024203265154391,
        -29.020063278863745
      ],
      [
        0.10743877019608876,
        0.012936308482312501,
        0.9941275383881097,
        2.9844241180747773
      ],
      [
        0.0,
        0.0,
        0.0,
        1.0
      ]
    ],
    "location": [
      -18.950433440676534,
      -29.020063278863745,
      2.9844241180747773
    ],
    "rotation": [
      0.013011990800197454,
      -0.10764654717779978,
      -2.077585937314756
    ]
  },
  {
    "label_id": "NJjtLDWUIJj2K8wh2gXm5A",
    "size": [
      1.9684070340408317,
      4.229984629962055,
      1.6599999999999966
    ],
    "obj_class": "vehicle",
    "point_num_in_lidar": 97,
    "speed": 0.0,
    "if_vehicle": true,
    "motion_state": false,
    "pose": [
      [
        -0.8589267166357519,
        -0.5104732345001474,
        0.04076729459118332,
        -33.66244122393323
      ],
      [
        0.5118362445844609,
        -0.8532146234210727,
        0.10024203265154391,
        -45.15950893990885
      ],
      [
        -0.016387622737990597,
        0.10696673893970411,
        0.9941275383881097,
        5.451684425395712
      ],
      [
        0.0,
        0.0,
        0.0,
        1.0
      ]
    ],
    "location": [
      -33.66244122393323,
      -45.15950893990885,
      5.451684425395712
    ],
    "rotation": [
      0.10718622890519261,
      0.01638835632074211,
      2.6041917543369375
    ]
  },
  {
    "label_id": "QVTU-Cr3icKhU3vK90Mk0g",
    "size": [
      2.0541609012170663,
      4.468647342613678,
      1.8699999999999974
    ],
    "obj_class": "vehicle",
    "point_num_in_lidar": 1306,
    "speed": 0.02871202993754914,
    "if_vehicle": true,
    "motion_state": false,
    "pose": [
      [
        -0.5053548800945744,
        0.8619480685379567,
        0.04076729459118332,
        -22.439048694704297
      ],
      [
        -0.8562441842454865,
        -0.5067518444324286,
        0.10024203265154391,
        -36.29851756373682
      ],
      [
        0.10706232815691938,
        0.01575104148993419,
        0.9941275383881097,
        3.949797622890003
      ],
      [
        0.0,
        0.0,
        0.0,
        1.0
      ]
    ],
    "location": [
      -22.439048694704297,
      -36.29851756373682,
      3.949797622890003
    ],
    "rotation": [
      0.01584275966528076,
      -0.10726792123134136,
      -2.103978402028881
    ]
  },
  {
    "label_id": "SblHwx8p4INsMeCXIiMVTg",
    "size": [
      0.5396330067228121,
      0.1041169491789995,
      0.6000000000000014
    ],
    "obj_class": "sign",
    "point_num_in_lidar": 22,
    "speed": 0.03309351278423947,
    "if_vehicle": false,
    "motion_state": false,
    "pose": [
      [
        0.24246363122988768,
        -0.969303572273688,
        0.04076729459118332,
        -25.057416881008976
      ],
      [
        0.9642230352179578,
        0.24540878803530186,
        0.10024203265154391,
        -63.9775368947885
      ],
      [
        -0.1071696126982176,
        0.015003717289777115,
        0.9941275383881097,
        8.440840023444395
      ],
      [
        0.0,
        0.0,
        0.0,
        1.0
      ]
    ],
    "location": [
      -25.057416881008976,
      -63.9775368947885,
      8.440840023444395
    ],
    "rotation": [
      0.015091200765757536,
      0.10737582660265949,
      1.3244439146030305
    ]
  },
  {
    "label_id": "WID1WFbU4iDNhjaDRRGZiw",
    "size": [
      2.067082920684092,
      4.202452390779436,
      1.9099999999999966
    ],
    "obj_class": "vehicle",
    "point_num_in_lidar": 139,
    "speed": 7.105427357601002e-14,
    "if_vehicle": true,
    "motion_state": false,
    "pose": [
      [
        -0.860083316540068,
        -0.5085220902784391,
        0.04076729459118332,
        -39.62982356674456
      ],
      [
        0.5098980637364887,
        -0.8543743321797926,
        0.10024203265154391,
        -56.757488062183256
      ],
      [
        -0.016144757886603536,
        0.10700366447547707,
        0.9941275383881097,
        7.167486498394169
      ],
      [
        0.0,
        0.0,
        0.0,
        1.0
      ]
    ],
    "location": [
      -39.62982356674456,
      -56.757488062183256,
      7.167486498394169
    ],
    "rotation": [
      0.10722294731300909,
      0.016145459332702512,
      2.6064490986186764
    ]
  },
  {
    "label_id": "WZQMFb0Vk03ey74WQdgtKw",
    "size": [
      1.761085184160996,
      3.799601176698312,
      1.6700000000000017
    ],
    "obj_class": "vehicle",
    "point_num_in_lidar": 234,
    "speed": 0.02099974211290356,
    "if_vehicle": true,
    "motion_state": false,
    "pose": [
      [
        -0.4415554521452245,
        0.896307319155959,
        0.04076729459118332,
        -26.484693523225133
      ],
      [
        -0.8907196813220751,
        -0.44336213662804796,
        0.10024203265154391,
        -44.253123394237264
      ],
      [
        0.10792234238714152,
        0.00795018440478687,
        0.9941275383881097,
        4.748432309951625
      ],
      [
        0.0,
        0.0,
        0.0,
        1.0
      ]
    ],
    "location": [
      -26.484693523225133,
      -44.253123394237264,
      4.748432309951625
    ],
    "rotation": [
      0.007996976867958156,
      -0.10813294752675025,
      -2.0310211894769887
    ]
  },
  {
    "label_id": "Xjo2_LZPDPNehR-MPrTfiQ",
    "size": [
      1.8386103891153198,
      4.197154481625292,
      1.8900000000000006
    ],
    "obj_class": "vehicle",
    "point_num_in_lidar": 71,
    "speed": 3.0354398977712303e-13,
    "if_vehicle": true,
    "motion_state": false,
    "pose": [
      [
        -0.4391490827622704,
        0.8974887803202737,
        0.04076729459118332,
        -28.611177444668556
      ],
      [
        -0.8919060099069522,
        -0.4409707522974133,
        0.10024203265154391,
        -48.268698460602536
      ],
      [
        0.10794328418626356,
        0.007660601639627476,
        0.9941275383881097,
        5.352165006551175
      ],
      [
        0.0,
        0.0,
        0.0,
        1.0
      ]
    ],
    "location": [
      -28.611177444668556,
      -48.268698460602536,
      5.352165006551175
    ],
    "rotation": [
      0.0077057014516819225,
      -0.10815401238274774,
      -2.0283225176583106
    ]
  },
  {
    "label_id": "aFNCQJ_mhmlAGA1fcaLCMw",
    "size": [
      2.075438916251606,
      4.655105173716041,
      1.7100000000000009
    ],
    "obj_class": "vehicle",
    "point_num_in_lidar": 3506,
    "speed": 0.012810564760029649,
    "if_vehicle": true,
    "motion_state": false,
    "pose": [
      [
        0.4154348820370192,
        -0.9087089118516467,
        0.04076729459118332,
        -7.378921978151766
      ],
      [
        0.9031758922480991,
        0.41740249466400764,
        0.10024203265154391,
        -25.6261858614198
      ],
      [
        -0.10810719887564413,
        -0.004823999342812074,
        0.9941275383881097,
        1.8134038401733932
      ],
      [
        0.0,
        0.0,
        0.0,
        1.0
      ]
    ],
    "location": [
      -7.378921978151766,
      -25.6261858614198,
      1.8134038401733932
    ],
    "rotation": [
      -0.004852457349749064,
      0.10831889192240228,
      1.1396813720300936
    ]
  },
  {
    "label_id": "aKmdU8IOh3TxEJG16QWVqw",
    "size": [
      2.010924130064742,
      4.48477108310288,
      1.6300000000000026
    ],
    "obj_class": "vehicle",
    "point_num_in_lidar": 161,
    "speed": 2.8421709430404007e-13,
    "if_vehicle": true,
    "motion_state": false,
    "pose": [
      [
        0.478875515861024,
        -0.8769357262653598,
        0.04076729459118332,
        -18.021108845244044
      ],
      [
        0.8712770221651215,
        0.480445507354336,
        0.10024203265154391,
        -45.559112564651514
      ],
      [
        -0.1074922832389223,
        -0.012483848063831232,
        0.9941275383881097,
        4.328432309951552
      ],
      [
        0.0,
        0.0,
        0.0,
        1.0
      ]
    ],
    "location": [
      -18.021108845244044,
      -45.559112564651514,
      4.328432309951552
    ],
    "rotation": [
      -0.012556932021529861,
      0.10770037192993362,
      1.0682411728503955
    ]
  },
  {
    "label_id": "apfk-7yuTYXe8pejlnnP-A",
    "size": [
      2.107562474017544,
      4.327305987295328,
      2.0799999999999983
    ],
    "obj_class": "vehicle",
    "point_num_in_lidar": 825,
    "speed": 8.526512829121202e-13,
    "if_vehicle": true,
    "motion_state": false,
    "pose": [
      [
        -0.8856510080295454,
        -0.4625584500016898,
        0.04076729459118332,
        -26.805995096990955
      ],
      [
        0.4642329338293757,
        -0.8800223395107974,
        0.10024203265154391,
        -29.09975143673546
      ],
      [
        -0.010491669286657906,
        0.10770497803712194,
        0.9941275383881097,
        4.147835494107426
      ],
      [
        0.0,
        0.0,
        0.0,
        1.0
      ]
    ],
    "location": [
      -26.805995096990955,
      -29.09975143673546,
      4.147835494107426
    ],
    "rotation": [
      0.10792027175512874,
      0.010491861774826415,
      2.658795432997553
    ]
  },
  {
    "label_id": "gv6rqafzMa4a62S6O3hU8A",
    "size": [
      0.9272963637432492,
      2.150412388049621,
      1.3900000000000006
    ],
    "obj_class": "vehicle",
    "point_num_in_lidar": 80,
    "speed": 8.526512829121202e-13,
    "if_vehicle": true,
    "motion_state": false,
    "pose": [
      [
        -0.9843612311064573,
        -0.1713796790354547,
        0.04076729459118332,
        -23.658839161544392
      ],
      [
        0.17468626932920614,
        -0.9795081634155639,
        0.10024203265154391,
        -57.961259193085425
      ],
      [
        0.02275245047074806,
        0.10579585727226598,
        0.9941275383881097,
        5.7857782468188645
      ],
      [
        0.0,
        0.0,
        0.0,
        1.0
      ]
    ],
    "location": [
      -23.658839161544392,
      -57.961259193085425,
      5.7857782468188645
    ],
    "rotation": [
      0.10602176515619309,
      -0.022754413986873376,
      2.9659595849412352
    ]
  },
  {
    "label_id": "jNNepStz6_GUA6HPue9NPw",
    "size": [
      2.9734921272011317,
      7.822413531678656,
      3.460000000000001
    ],
    "obj_class": "vehicle",
    "point_num_in_lidar": 722,
    "speed": 4.463365139628923,
    "if_vehicle": true,
    "motion_state": true,
    "pose": [
      [
        0.4658829495450429,
        -0.8839067286851745,
        0.04076729459118332,
        -26.389037644976497
      ],
      [
        0.8782718081571655,
        0.46753627226797045,
        0.10024203265154391,
        -55.42100568499882
      ],
      [
        -0.10766479610139067,
        -0.010896288305817363,
        0.9941275383881097,
        6.623421891267526
      ],
      [
        0.0,
        0.0,
        0.0,
        1.0
      ]
    ],
    "location": [
      -26.389037644976497,
      -55.42100568499882,
      6.623421891267526
    ],
    "rotation": [
      -0.010960215436384006,
      0.10787389179972762,
      1.083083237130471
    ]
  },
  {
    "label_id": "sddqzrE-ya3ZIGAQhw3WMQ",
    "size": [
      0.5257448990351289,
      0.1293304009544773,
      0.5300000000000011
    ],
    "obj_class": "sign",
    "point_num_in_lidar": 49,
    "speed": 0.012076088093572152,
    "if_vehicle": false,
    "motion_state": false,
    "pose": [
      [
        0.5999174735792919,
        -0.7990225607490412,
        0.04076729459118332,
        -20.998347709592963
      ],
      [
        0.7931969822203384,
        0.6006580410570019,
        0.10024203265154391,
        -28.16393146536575
      ],
      [
        -0.1045828489322595,
        -0.027800451931752977,
        0.9941275383881097,
        5.003173587004774
      ],
      [
        0.0,
        0.0,
        0.0,
        1.0
      ]
    ],
    "location": [
      -20.998347709592963,
      -28.16393146536575,
      5.003173587004774
    ],
    "rotation": [
      -0.027957387149095594,
      0.10477444051289464,
      0.92325727419115
    ]
  },
  {
    "label_id": "yiHJUEjuvum2AvPU1wWiGQ",
    "size": [
      1.8780492570819776,
      4.169851547652348,
      1.8900000000000006
    ],
    "obj_class": "vehicle",
    "point_num_in_lidar": 96,
    "speed": 3.0354398977712303e-13,
    "if_vehicle": true,
    "motion_state": false,
    "pose": [
      [
        -0.4225868997804204,
        0.9054050694720505,
        0.04076729459118332,
        -32.860592657225425
      ],
      [
        -0.8998567077528286,
        -0.42451082483504143,
        0.10024203265154391,
        -56.35414126030264
      ],
      [
        0.108065802390087,
        0.0056762463110917,
        0.9941275383881097,
        6.374917156935467
      ],
      [
        0.0,
        0.0,
        0.0,
        1.0
      ]
    ],
    "location": [
      -32.860592657225425,
      -56.35414126030264,
      6.374917156935467
    ],
    "rotation": [
      0.0057097147079249715,
      -0.10827725148606007,
      -2.0098424562352557
    ]
  }
]