[
  {
    "label_id": "0JW22M2mZ-LRqS45sS_-jQ",
    "size": [
      2.0411635570030486,
      4.24982686350917,
      2.030000000000001
    ],
    "obj_class": "vehicle",
    "point_num_in_lidar": 65,
    "speed": 5.695433295429594e-13,
    "if_vehicle": true,
    "motion_state": false,
    "pose": [
      [
        0.42171281094938906,
        -0.9055766809424561,
        0.04570754876833748,
        -15.6712895374028
      ],
      [
        0.9066649576560266,
        0.42174794900722473,
        -0.009344627696964418,
        -40.94432124598461
      ],
      [
        -0.010814788012734049,
        0.045382181981967855,
        0.9989111561689533,
        3.947279081776486
      ],
      [
        0.0,
        0.0,
        0.0,
        1.0
      ]
    ],
    "location": [
      -15.6712895374028,
      -40.94432124598461,
      3.947279081776486
    ],
    "rotation": [
      0.04540043110427861,
      0.010814998839448777,
      1.1354356347003072
    ]
  },
  {
    "label_id": "0swVhSVbEe4_bfXYmVkjxA",
    "size": [
      2.0805271023935,
      4.2235539734875545,
      1.6300000000000026
    ],
    "obj_class": "vehicle",
    "point_num_in_lidar": 2222,
    "speed": 0.014264165237346634,
    "if_vehicle": true,
    "motion_state": false,
    "pose": [
      [
        -0.4439206279795421,
        0.8948996010949156,
        0.04570754876833748,
        -8.952994324700967
      ],
      [
        -0.8959866800402198,
        -0.44398259777125276,
        -0.009344627696964418,
        -9.737713321859701
      ],
      [
        0.01193085264152874,
        -0.0451016278691906,
        0.9989111561689533,
        0.624444580186406
      ],
      [
        0.0,
        0.0,
        0.0,
        1.0
      ]
    ],
    "location": [
      -8.952994324700967,
      -9.737713321859701,
      0.624444580186406
    ],
    "rotation": [
      -0.045120146127792644,
      -0.01193113570968438,
      -2.0308009240560994
    ]
  },
  {
    "label_id": "22F9ULjerOlKyH3Dp469yw",
    "size": [
      2.0366587718836167,
      4.317112949988031,
      1.5899999999999963
    ],
    "obj_class": "vehicle",
    "point_num_in_lidar": 720,
    "speed": 0.003067528083069252,
    "if_vehicle": true,
    "motion_state": false,
    "pose": [
      [
        -0.8909071107358023,
        -0.45187978492733544,
        0.04570754876833748,
        -12.45887208342765
      ],
      [
        0.451951442062922,
        -0.8919935941196272,
        -0.009344627696964418,
        11.61860614435318
      ],
      [
        0.0449934890581978,
        0.012332397316607135,
        0.9989111561689533,
        0.6933792618692465
      ],
      [
        0.0,
        0.0,
        0.0,
        1.0
      ]
    ],
    "location": [
      -12.45887208342765,
      11.61860614435318,
      0.6933792618692465
    ],
    "rotation": [
      0.012345212815683201,
      -0.045008683813110954,
      2.672127233446336
    ]
  },
  {
    "label_id": "2PEnvhcr5QOodc--r2OWiQ",
    "size": [
      1.988686906202622,
      4.204834148289736,
      1.3999999999999986
    ],
    "obj_class": "vehicle",
    "point_num_in_lidar": 30,
    "speed": 7.105427357601002e-14,
    "if_vehicle": true,
    "motion_state": false,
    "pose": [
      [
        -0.8991768703694571,
        -0.4351916540768891,
        0.04570754876833748,
        -33.79586225618368
      ],
      [
        0.4352430429473476,
        -0.9002645008546869,
        -0.009344627696964418,
        22.75547558785547
      ],
      [
        0.04521558756139326,
        0.011491419524271282,
        0.9989111561689533,
        1.1990804029338875
      ],
      [
        0.0,
        0.0,
        0.0,
        1.0
      ]
    ],
    "location": [
      -33.79586225618368,
      22.75547558785547,
      1.1990804029338875
    ],
    "rotation": [
      0.011503438084372623,
      -0.04523100858281487,
      2.6907894428612176
    ]
  },
  {
    "label_id": "2w9dOhBjHynufErf2sTmhQ",
    "size": [
      2.0079232762281536,
      4.299028948583187,
      1.6099999999999994
    ],
    "obj_class": "vehicle",
    "point_num_in_lidar": 274,
    "speed": 0.016053173503694614,
    "if_vehicle": true,
    "motion_state": false,
    "pose": [
      [
        -0.4824601437870559,
        0.8747245450097783,
        0.04570754876833748,
        -19.06392143108269
      ],
      [
        -0.8758078953257017,
        -0.4825693819735871,
        -0.009344627696964418,
        -29.082478270102
      ],
      [
        0.013883088350151238,
        -0.04453944250960847,
        0.9989111561689533,
        2.8305738151856303
      ],
      [
        0.0,
        0.0,
        0.0,
        1.0
      ]
    ],
    "location": [
      -19.06392143108269,
      -29.082478270102,
      2.8305738151856303
    ],
    "rotation": [
      -0.044558478767303865,
      -0.013883534360239796,
      -2.074310609780195
    ]
  },
  {
    "label_id": "4OME2iV4__hqoNfwcUJhqA",
    "size": [
      2.6825886502335177,
      6.162741556573076,
      2.6400000000000006
    ],
    "obj_class": "vehicle",
    "point_num_in_lidar": 4844,
    "speed": 1.187339572064069,
    "if_vehicle": true,
    "motion_state": true,
    "pose": [
      [
        0.8696107831054295,
        0.49161764196614405,
        0.04570754876833748,
        -10.370777036152504
      ],
      [
        -0.49173824867045157,
        0.8706929267702375,
        -0.009344627696964418,
        2.535049176072789
      ],
      [
        -0.044391223246030294,
        -0.014349960972975615,
        0.9989111561689533,
        0.9924895127364834
      ],
      [
        0.0,
        0.0,
        0.0,
        1.0
      ]
    ],
    "location": [
      -10.370777036152504,
      2.535049176072789,
      0.9924895127364834
    ],
    "rotation": [
      -0.01436461478095043,
      0.04440581560431533,
      -0.5146422506480551
    ]
  },
  {
    "label_id": "645yXDWGDta9UvpeU37KlQ",
    "size": [
      0.43735693099650846,
      0.1284995821552002,
      0.1700000000000017
    ],
    "obj_class": "sign",
    "point_num_in_lidar": 31,
    "speed": 0.015358692885150809,
    "if_vehicle": false,
    "motion_state": false,
    "pose": [
      [
        -0.6314176116527171,
        0.7740947097612595,
        0.04570754876833748,
        0.510292588306811
      ],
      [
        -0.7751409415822148,
        -0.6317192403403925,
        -0.009344627696964418,
        -13.858935259991995
      ],
      [
        0.0216407111208469,
        -0.04133015489190522,
        0.9989111561689533,
        1.9128079189059406
      ],
      [
        0.0,
        0.0,
        0.0,
        1.0
      ]
    ],
    "location": [
      0.510292588306811,
      -13.858935259991995,
      1.9128079189059406
    ],
    "rotation": [
      -0.04135162007362899,
      -0.021642400607922063,
      -2.254367062865188
    ]
  },
  {
    "label_id": "9a9ahe7SBjTGkYl4Kt5P_g",
    "size": [
      3.099829010968979,
      8.87479321256666,
      3.429999999999996
    ],
    "obj_class": "vehicle",
    "point_num_in_lidar": 426,
    "speed": 3.552713678800501e-14,
    "if_vehicle": true,
    "motion_state": false,
    "pose": [
      [
        0.9919944750423699,
        0.11771907861941097,
        0.04570754876833748,
        37.952584474516016
      ],
      [
        -0.11741249606092075,
        0.9930392659416593,
        -0.009344627696964418,
        -14.300500018740422
      ],
      [
        -0.04648943163943052,
        0.0039031816569998416,
        0.9989111561689533,
        -1.778826615948617
      ],
      [
        0.0,
        0.0,
        0.0,
        1.0
      ]
    ],
    "location": [
      37.952584474516016,
      -14.300500018740422,
      -1.778826615948617
    ],
    "rotation": [
      0.003907416358711346,
      0.046506193961467095,
      -0.11781192428947003
    ]
  },
  {
    "label_id": "LZ9vNd3lCkwG9GE7UnjVrw",
    "size": [
      2.049471988229061,
      4.3609996693622435,
      1.8800000000000026
    ],
    "obj_class": "vehicle",
    "point_num_in_lidar": 132,
    "speed": 2.929642751054232e-13,
    "if_vehicle": true,
    "motion_state": false,
    "pose": [
      [
        -0.44958594261510654,
        0.8920668697964723,
        0.04570754876833748,
        -35.43803081486544
      ],
      [
        -0.8931535339609444,
        -0.44965480393995694,
        -0.009344627696964418,
        6.243166349719104
      ],
      [
        0.012216586100958344,
        -0.04502507196265982,
        0.9989111561689533,
        1.470838755318816
      ],
      [
        0.0,
        0.0,
        0.0,
        1.0
      ]
    ],
    "location": [
      -35.43803081486544,
      6.243166349719104,
      1.470838755318816
    ],
    "rotation": [
      -0.04504366242766391,
      -0.012216889998718462,
      -2.0371356284241786
    ]
  },
  {
    "label_id": "LZrxjRpBcbsFGjcCXZ-SPg",
    "size": [
      1.8225621404117136,
      4.136724390663064,
      1.4500000000000028
    ],
    "obj_class": "vehicle",
    "point_num_in_lidar": 265,
    "speed": 3.1776437161565096e-13,
    "if_vehicle": true,
    "motion_state": false,
    "pose": [
      [
        -0.10606843695367149,
        0.9933077602977816,
        0.04570754876833748,
        13.7957553720953
      ],
      [
        -0.9943488810338259,
        -0.10574961333254758,
        -0.009344627696964418,
        -18.42254647577829
      ],
      [
        -0.004448535599858095,
        -0.0464404200263264,
        0.9989111561689533,
        -0.4917247639565474
      ],
      [
        0.0,
        0.0,
        0.0,
        1.0
      ]
    ],
    "location": [
      13.7957553720953,
      -18.42254647577829,
      -0.4917247639565474
    ],
    "rotation": [
      -0.04645758937354113,
      0.0044485502723483035,
      -1.6770657203396373
    ]
  },
  {
    "label_id": "LllAlzp0iaMXZNwjBo4CLw",
    "size": [
      0.9958347988963817,
      0.1139038623621883,
      0.9299999999999962
    ],
    "obj_class": "sign",
    "point_num_in_lidar": 25,
    "speed": 0.01294069163482432,
    "if_vehicle": false,
    "motion_state": false,
    "pose": [
      [
        -0.998429367855001,
        -0.032397799157552684,
        0.04570754876833748,
        63.07691448325977
      ],
      [
        0.032002933725604504,
        -0.9994440905654302,
        -0.009344627696964418,
        -18.92198082197683
      ],
      [
        0.04598488488207446,
        -0.00786717507032758,
        0.9989111561689533,
        -2.1360870533146326
      ],
      [
        0.0,
        0.0,
        0.0,
        1.0
      ]
    ],
    "location": [
      63.07691448325977,
      -18.92198082197683,
      -2.1360870533146326
    ],
    "rotation": [
      -0.007875587701205137,
      -0.04600110700350083,
      3.1095503465078544
    ]
  },
  {
    "label_id": "Lp2aE54h-iTCtbmuyFtU1g",
    "size": [
      2.231573585162831,
      5.018725893423483,
      2.0700000000000003
    ],
    "obj_class": "vehicle",
    "point_num_in_lidar": 3732,
    "speed": 2.7790648063772507,
    "if_vehicle": true,
    "motion_state": true,
    "pose": [
      [
        -0.9299754712347413,
        -0.3647690267653092,
        0.04570754876833748,
        8.043824985574929
      ],
      [
        0.3647366396111361,
        -0.9310638332887715,
        -0.009344627696964418,
        -1.6752393231708993
      ],
      [
        0.04596527631698762,
        0.007980943196627836,
        0.9989111561689533,
        0.03130651567675358
      ],
      [
        0.0,
        0.0,
        0.0,
        1.0
      ]
    ],
    "location": [
      8.043824985574929,
      -1.6752393231708993,
      0.03130651567675358
    ],
    "rotation": [
      0.007989472671616708,
      -0.045981477682112505,
      2.767828204522372
    ]
  },
  {
    "label_id": "QVTU-Cr3icKhU3vK90Mk0g",
    "size": [
      2.054160901217066,
      4.468647342613678,
      1.8699999999999974
    ],
    "obj_class": "vehicle",
    "point_num_in_lidar": 69,
    "speed": 0.014741530515892817,
    "if_vehicle": true,
    "motion_state": false,
    "pose": [
      [
        -0.5052467430738097,
        0.861763626871602,
        0.04570754876833748,
        -22.508341523858007
      ],
      [
        -0.8628437377572733,
        -0.5053843706984446,
        -0.009344627696964418,
        -36.37438728533925
      ],
      [
        0.015047020514553821,
        -0.04415981493212375,
        0.9989111561689533,
        3.930521365775533
      ],
      [
        0.0,
        0.0,
        0.0,
        1.0
      ]
    ],
    "location": [
      -22.508341523858007,
      -36.37438728533925,
      3.930521365775533
    ],
    "rotation": [
      -0.04417918504477382,
      -0.015047588378820193,
      -2.10053048128717
    ]
  },
  {
    "label_id": "Sj0kgmEM2eNHR9n0SZtO9w",
    "size": [
      0.930781117020351,
      0.12615576284919738,
      1.1499999999999986
    ],
    "obj_class": "sign",
    "point_num_in_lidar": 62,
    "speed": 0.007047909570699329,
    "if_vehicle": false,
    "motion_state": false,
    "pose": [
      [
        0.9210730709527307,
        0.3866978380483865,
        0.04570754876833748,
        -39.67522815559687
      ],
      [
        -0.38669124335613553,
        0.9221618948128855,
        -0.009344627696964418,
        27.67332647884541
      ],
      [
        -0.045763307107245674,
        -0.009067623934236662,
        0.9989111561689533,
        3.647691374115716
      ],
      [
        0.0,
        0.0,
        0.0,
        1.0
      ]
    ],
    "location": [
      -39.67522815559687,
      27.67332647884541,
      3.647691374115716
    ],
    "rotation": [
      -0.0090772586027018,
      0.04577929571182949,
      -0.3974808305745166
    ]
  },
  {
    "label_id": "aFNCQJ_mhmlAGA1fcaLCMw",
    "size": [
      2.0754389162516067,
      4.655105173716041,
      1.7100000000000009
    ],
    "obj_class": "vehicle",
    "point_num_in_lidar": 613,
    "speed": 0.01584541123689239,
    "if_vehicle": true,
    "motion_state": false,
    "pose": [
      [
        0.41534598630802966,
        -0.9085144641905268,
        0.04570754876833748,
        -7.376191694343788
      ],
      [
        0.90960296073594,
        0.41537348465401236,
        -0.009344627696964418,
        -25.580388597725687
      ],
      [
        -0.010495974381729964,
        0.04545697529513916,
        0.9989111561689533,
        1.7534449379008379
      ],
      [
        0.0,
        0.0,
        0.0,
        1.0
      ]
    ],
    "location": [
      -7.376191694343788,
      -25.580388597725687,
      1.7534449379008379
    ],
    "rotation": [
      0.04547515146471756,
      0.010496167106957228,
      1.142448058845379
    ]
  },
  {
    "label_id": "aODc5-qJaKf-jvm5pjvxXA",
    "size": [
      1.8870277732390752,
      4.196029966848567,
      1.6700000000000017
    ],
    "obj_class": "vehicle",
    "point_num_in_lidar": 527,
    "speed": 5.422982071392023e-13,
    "if_vehicle": true,
    "motion_state": false,
    "pose": [
      [
        -0.1405826875262782,
        0.9890133103014737,
        0.04570754876833748,
        18.871184233791382
      ],
      [
        -0.9900648987403228,
        -0.14030030012626352,
        -0.009344627696964418,
        -18.932963017903603
      ],
      [
        -0.0028291783618760403,
        -0.04656713251856416,
        0.9989111561689533,
        -0.6086040019281995
      ],
      [
        0.0,
        0.0,
        0.0,
        1.0
      ]
    ],
    "location": [
      18.871184233791382,
      -18.932963017903603,
      -0.6086040019281995
    ],
    "rotation": [
      -0.04658416565501639,
      0.0028291821361315483,
      -1.7118468175012358
    ]
  },
  {
    "label_id": "aZJ-kQPe_1iw2haDM5zuog",
    "size": [
      2.1139814985057996,
      4.2681103178543385,
      1.5999999999999979
    ],
    "obj_class": "vehicle",
    "point_num_in_lidar": 33,
    "speed": 4.217086291808916,
    "if_vehicle": true,
    "motion_state": true,
    "pose": [
      [
        0.9961198452261356,
        0.07520687423533697,
        0.04570754876833748,
        66.93758892725941
      ],
      [
        -0.07485591043193608,
        0.9971505756938673,
        -0.009344627696964418,
        -14.164072721627235
      ],
      [
        -0.04628008880788489,
        0.005886888918530037,
        0.9989111561689533,
        -4.288476625528826
      ],
      [
        0.0,
        0.0,
        0.0,
        1.0
      ]
    ],
    "location": [
      66.93758892725941,
      -14.164072721627235,
      -4.288476625528826
    ],
    "rotation": [
      0.005893237582719348,
      0.046296625560113984,
      -0.07500651542222964
    ]
  },
  {
    "label_id": "aoj79G3iOHdhBgeszAfT8Q",
    "size": [
      1.234726331673708,
      0.2022955934763529,
      1.0899999999999963
    ],
    "obj_class": "sign",
    "point_num_in_lidar": 217,
    "speed": 0.013727744274101545,
    "if_vehicle": false,
    "motion_state": false,
    "pose": [
      [
        0.49565643054211983,
        -0.8673151231518074,
        0.04570754876833748,
        -9.790314913853308
      ],
      [
        0.8683966942361578,
        0.49578206842615646,
        -0.009344627696964418,
        -6.974480499200581
      ],
      [
        -0.014556246149255294,
        0.04432400906108465,
        0.9989111561689533,
        2.660828799932922
      ],
      [
        0.0,
        0.0,
        0.0,
        1.0
      ]
    ],
    "location": [
      -9.790314913853308,
      -6.974480499200581,
      2.660828799932922
    ],
    "rotation": [
      0.04434323634431707,
      0.014556760238283208,
      1.0521453823135636
    ]
  },
  {
    "label_id": "cedkFiBfazD1eILNFRFi2g",
    "size": [
      1.2052884090760834,
      1.354676491567917,
      1.8599999999999994
    ],
    "obj_class": "pedestrian",
    "point_num_in_lidar": 542,
    "speed": 0.6874146761429283,
    "if_vehicle": false,
    "motion_state": false,
    "pose": [
      [
        0.5747229553227317,
        -0.8170705872877175,
        0.04570754876833748,
        -10.499111138812623
      ],
      [
        0.8181356333171467,
        0.5749493572741485,
        -0.009344627696964418,
        -4.684664341060852
      ],
      [
        -0.018644305346588647,
        0.042765546405348194,
        0.9989111561689533,
        0.608454946529541
      ],
      [
        0.0,
        0.0,
        0.0,
        1.0
      ]
    ],
    "location": [
      -10.499111138812623,
      -4.684664341060852,
      0.608454946529541
    ],
    "rotation": [
      0.04278603435536634,
      0.018645385673795794,
      0.9584086606376185
    ]
  },
  {
    "label_id": "f-F206LnSHYeShECxDdREQ",
    "size": [
      1.8998600635909026,
      4.287560747320762,
      1.7000000000000028
    ],
    "obj_class": "vehicle",
    "point_num_in_lidar": 1036,
    "speed": 0.007392663322254755,
    "if_vehicle": true,
    "motion_state": false,
    "pose": [
      [
        0.44197744205535494,
        -0.8958609047724962,
        0.04570754876833748,
        -3.2772698077781115
      ],
      [
        0.8969481156466526,
        0.44203705248669417,
        -0.009344627696964418,
        -17.705039075133755
      ],
      [
        -0.011832943510583057,
        0.04512741438505173,
        0.9989111561689533,
        0.7429547344980563
      ],
      [
        0.0,
        0.0,
        0.0,
        1.0
      ]
    ],
    "location": [
      -3.2772698077781115,
      -17.705039075133755,
      0.7429547344980563
    ],
    "rotation": [
      0.045145908203306655,
      0.0118332196665865,
      1.112959907142734
    ]
  },
  {
    "label_id": "hKdxhgmccQIxbbAIN81oSg",
    "size": [
      2.0889970222364704,
      4.725863531896809,
      1.6799999999999997
    ],
    "obj_class": "vehicle",
    "point_num_in_lidar": 39,
    "speed": 1.1374233532693354e-12,
    "if_vehicle": true,
    "motion_state": false,
    "pose": [
      [
        -0.8963853490536302,
        -0.4409128326410921,
        0.04570754876833748,
        -38.73479947681176
      ],
      [
        0.4409711514059342,
        -0.8974726299787253,
        -0.009344627696964418,
        25.099730294166875
      ],
      [
        0.04514144027084567,
        0.011779323048396998,
        0.9989111561689533,
        1.5343743103130763
      ],
      [
        0.0,
        0.0,
        0.0,
        1.0
      ]
    ],
    "location": [
      -38.73479947681176,
      25.099730294166875,
      1.5343743103130763
    ],
    "rotation": [
      0.011791616330977708,
      -0.04515678550526622,
      2.6844108073964743
    ]
  },
  {
    "label_id": "jLrID1tbd8AfhkFmJ9v6Bg",
    "size": [
      1.730794583049832,
      4.249465681377985,
      1.8999999999999986
    ],
    "obj_class": "vehicle",
    "point_num_in_lidar": 38,
    "speed": 0.0,
    "if_vehicle": true,
    "motion_state": false,
    "pose": [
      [
        0.9889908468099431,
        0.14074062992519898,
        0.04570754876833748,
        57.8088958756814
      ],
      [
        -0.14045841046614682,
        0.9900424803322979,
        -0.009344627696964418,
        -17.133526179412
      ],
      [
        -0.04656758374100154,
        0.002821741612839919,
        0.9989111561689533,
        -3.6451701577299005
      ],
      [
        0.0,
        0.0,
        0.0,
        1.0
      ]
    ],
    "location": [
      57.8088958756814,
      -17.133526179412,
      -3.6451701577299005
    ],
    "rotation": [
      0.0028248098842420044,
      0.04658443079648431,
      -0.1410784719258274
    ]
  },
  {
    "label_id": "o0ZN1901yfAtQrXthdAvgQ",
    "size": [
      2.0451791906488057,
      4.505310372726719,
      1.490000000000002
    ],
    "obj_class": "vehicle",
    "point_num_in_lidar": 362,
    "speed": 0.007724731022825042,
    "if_vehicle": true,
    "motion_state": false,
    "pose": [
      [
        -0.8827264225766537,
        -0.46765893861938873,
        0.04570754876833748,
        -17.49506398239737
      ],
      [
        0.4677499147098715,
        -0.8838114590918773,
        -0.009344627696964418,
        14.322105608234779
      ],
      [
        0.04476695403901321,
        0.013130952260735034,
        0.9989111561689533,
        0.9025807204406107
      ],
      [
        0.0,
        0.0,
        0.0,
        1.0
      ]
    ],
    "location": [
      -17.49506398239737,
      14.322105608234779,
      0.9025807204406107
    ],
    "rotation": [
      0.013144508321832409,
      -0.044781920300900106,
      2.654318176690613
    ]
  },
  {
    "label_id": "qyoPChy7JYzqrGFyVxkmYA",
    "size": [
      2.0776896175267874,
      4.432298843032103,
      1.490000000000002
    ],
    "obj_class": "vehicle",
    "point_num_in_lidar": 151,
    "speed": 8.592868015318675e-13,
    "if_vehicle": true,
    "motion_state": false,
    "pose": [
      [
        -0.902616007639453,
        -0.42801304038382404,
        0.04570754876833748,
        -28.435103343256742
      ],
      [
        0.4280557611937193,
        -0.903704013071797,
        -0.009344627696964418,
        19.9599723155643
      ],
      [
        0.04530571776145409,
        0.011130769035618666,
        0.9989111561689533,
        1.2028315705274366
      ],
      [
        0.0,
        0.0,
        0.0,
        1.0
      ]
    ],
    "location": [
      -28.435103343256742,
      19.9599723155643,
      1.2028315705274366
    ],
    "rotation": [
      0.011142440766582188,
      -0.04532123124204424,
      2.69876536424105
    ]
  },
  {
    "label_id": "rcQeDJ1fR0Q_qBK6gWcizA",
    "size": [
      2.388626252990333,
      5.780187000285011,
      2.4800000000000004
    ],
    "obj_class": "vehicle",
    "point_num_in_lidar": 420,
    "speed": 3.3516233813403333e-13,
    "if_vehicle": true,
    "motion_state": false,
    "pose": [
      [
        0.9947071966400944,
        0.09202398023338582,
        0.04570754876833748,
        30.50540032569279
      ],
      [
        -0.09169047904265662,
        0.9957437089864707,
        -0.009344627696964418,
        -13.411842266064923
      ],
      [
        -0.04637293397373816,
        0.0051042213776584045,
        0.9989111561689533,
        -1.561094068804195
      ],
      [
        0.0,
        0.0,
        0.0,
        1.0
      ]
    ],
    "location": [
      30.50540032569279,
      -13.411842266064923,
      -1.561094068804195
    ],
    "rotation": [
      0.005109740664378038,
      0.0463895705162778,
      -0.09191860870404224
    ]
  },
  {
    "label_id": "vPtOaGxH36PqjRODE3Gbkg",
    "size": [
      1.9066745843775552,
      4.572182520860192,
      1.5899999999999963
    ],
    "obj_class": "vehicle",
    "point_num_in_lidar": 216,
    "speed": 8.556067554929069e-13,
    "if_vehicle": true,
    "motion_state": false,
    "pose": [
      [
        -0.091499921075581,
        0.99475554003421,
        0.04570754876833748,
        22.32291255325299
      ],
      [
        -0.9957918765367019,
        -0.09116587386033885,
        -0.009344627696964418,
        -18.769143356250424
      ],
      [
        -0.005128651545632935,
        -0.046370238456668524,
        0.9989111561689533,
        -1.2278633023005625
      ],
      [
        0.0,
        0.0,
        0.0,
        1.0
      ]
    ],
    "location": [
      22.32291255325299,
      -18.769143356250424,
      -1.2278633023005625
    ],
    "rotation": [
      -0.04638748260489526,
      0.005128674029109654,
      -1.662425616242853
    ]
  },
  {
    "label_id": "vfjDCWBNleMB9kSOrvvidA",
    "size": [
      2.03971214022735,
      4.425729590636861,
      1.8299999999999983
    ],
    "obj_class": "vehicle",
    "point_num_in_lidar": 657,
    "speed": 0.010334953047917176,
    "if_vehicle": true,
    "motion_state": false,
    "pose": [
      [
        -0.4289626743705139,
        0.9021650868784973,
        0.04570754876833748,
        -10.848720984581632
      ],
      [
        -0.9032530467509987,
        -0.4290065401229253,
        -0.009344627696964418,
        -13.824907601467203
      ],
      [
        0.01117844049652522,
        -0.04529397917240732,
        0.9989111561689533,
        1.1592616106829183
      ],
      [
        0.0,
        0.0,
        0.0,
        1.0
      ]
    ],
    "location": [
      -10.848720984581632,
      -13.824907601467203,
      1.1592616106829183
    ],
    "rotation": [
      -0.04531231367512881,
      -0.011178673314672916,
      -2.014170117535354
    ]
  },
  {
    "label_id": "xc63csE4ogLzo7qqRdEXvA",
    "size": [
      0.5487841143441949,
      0.11310404936463103,
      0.6000000000000014
    ],
    "obj_class": "sign",
    "point_num_in_lidar": 23,
    "speed": 0.0137172136886093,
    "if_vehicle": false,
    "motion_state": false,
    "pose": [
      [
        -0.998702691922217,
        0.022444445480068357,
        0.04570754876833748,
        42.18837965509033
      ],
      [
        -0.022894403434083194,
        -0.9996942153601783,
        -0.009344627696964418,
        -16.9738202042754
      ],
      [
        0.045483837115124166,
        -0.010378951897454622,
        0.9989111561689533,
        -0.5452815318855642
      ],
      [
        0.0,
        0.0,
        0.0,
        1.0
      ]
    ],
    "location": [
      42.18837965509033,
      -16.9738202042754,
      -0.5452815318855642
    ],
    "rotation": [
      -0.010389891395174433,
      -0.045499534404092,
      -3.1186725248845466
    ]
  },
  {
    "label_id": "y-yUlE2jqLC5_A95xf6zQg",
    "size": [
      0.5276032428963361,
      0.09693824648739624,
      0.5
    ],
    "obj_class": "sign",
    "point_num_in_lidar": 45,
    "speed": 0.010181179995947103,
    "if_vehicle": false,
    "motion_state": false,
    "pose": [
      [
        0.7176690218512767,
        0.6948827203641073,
        0.04570754876833748,
        -22.008698194522367
      ],
      [
        -0.6952721194057745,
        0.7186858548143324,
        -0.009344627696964418,
        18.576901430553335
      ],
      [
        -0.03934278907289683,
        -0.025072834486159993,
        0.9989111561689533,
        2.9776171510670224
      ],
      [
        0.0,
        0.0,
        0.0,
        1.0
      ]
    ],
    "location": [
      -22.008698194522367,
      18.576901430553335,
      2.9776171510670224
    ],
    "rotation": [
      -0.025094895449867247,
      0.03935294563802715,
      -0.7695482272323804
    ]
  },
  {
    "label_id": "ye4M4U_b73PvfKmZ21IUgw",
    "size": [
      1.2533030558979827,
      1.4328117501689936,
      1.8900000000000006
    ],
    "obj_class": "pedestrian",
    "point_num_in_lidar": 106,
    "speed": 1.5196274174843232,
    "if_vehicle": false,
    "motion_state": true,
    "pose": [
      [
        -0.9306946510677943,
        -0.36293013991591677,
        0.04570754876833748,
        -17.345879382311296
      ],
      [
        0.36289560158638945,
        -0.931782946979852,
        -0.009344627696964418,
        17.2097943286426
      ],
      [
        0.04598096152810825,
        0.00789007339354032,
        0.9989111561689533,
        1.260647890625826
      ],
      [
        0.0,
        0.0,
        0.0,
        1.0
      ]
    ],
    "location": [
      -17.345879382311296,
      17.2097943286426,
      1.260647890625826
    ],
    "rotation": [
      0.007898509558366705,
      -0.045997179495118154,
      2.7698068191076537
    ]
  }
]