[
  {
    "label_id": "0JW22M2mZ-LRqS45sS_-jQ",
    "size": [
      2.0411635570030486,
      4.24982686350917,
      2.030000000000001
    ],
    "obj_class": "vehicle",
    "point_num_in_lidar": 75,
    "speed": 5.695433295429594e-13,
    "if_vehicle": true,
    "motion_state": false,
    "pose": [
      [
        0.421635967921062,
        -0.905411669937968,
        0.04952593760252831,
        -15.671289537403027
      ],
      [
        0.9066324917351264,
        0.4218793628058017,
        -0.005943750392371341,
        -40.94432124598279
      ],
      [
        -0.015512430029663151,
        0.04740792316386732,
        0.9987551518444667,
        3.9445585391081437
      ],
      [
        0.0,
        0.0,
        0.0,
        1.0
      ]
    ],
    "location": [
      -15.671289537403027,
      -40.94432124598279,
      3.9445585391081437
    ],
    "rotation": [
      0.04743141092116522,
      0.01551305223723024,
      1.1354916242975084
    ]
  },
  {
    "label_id": "0swVhSVbEe4_bfXYmVkjxA",
    "size": [
      2.0805271023935,
      4.2235539734875545,
      1.6300000000000026
    ],
    "obj_class": "vehicle",
    "point_num_in_lidar": 4031,
    "speed": 0.04537706668532655,
    "if_vehicle": true,
    "motion_state": false,
    "pose": [
      [
        -0.44383973832074447,
        0.8947365356304412,
        0.04952593760252831,
        -8.954433666905743
      ],
      [
        -0.895950982665545,
        -0.4441131708156352,
        -0.005943750392371341,
        -9.760735848682089
      ],
      [
        0.01667703055155374,
        -0.04701088508121162,
        0.9987551518444667,
        0.6282430866487658
      ],
      [
        0.0,
        0.0,
        0.0,
        1.0
      ]
    ],
    "location": [
      -8.954433666905743,
      -9.760735848682089,
      0.6282430866487658
    ],
    "rotation": [
      -0.04703476419817109,
      -0.016677803693582627,
      -2.0307442828921705
    ]
  },
  {
    "label_id": "2w9dOhBjHynufErf2sTmhQ",
    "size": [
      2.007923276228154,
      4.299028948583187,
      1.6099999999999994
    ],
    "obj_class": "vehicle",
    "point_num_in_lidar": 361,
    "speed": 0.016053173503975716,
    "if_vehicle": true,
    "motion_state": false,
    "pose": [
      [
        -0.48237223159294756,
        0.8745651557732165,
        0.04952593760252831,
        -19.051302576225453
      ],
      [
        -0.8757665471593653,
        -0.48269827709226026,
        -0.005943750392371341,
        -29.084854450662533
      ],
      [
        0.018707887764337842,
        -0.04624025950979602,
        0.9987551518444667,
        2.8367283084787687
      ],
      [
        0.0,
        0.0,
        0.0,
        1.0
      ]
    ],
    "location": [
      -19.051302576225453,
      -29.084854450662533,
      2.8367283084787687
    ],
    "rotation": [
      -0.046264856069155424,
      -0.018708979183122334,
      -2.074253548944391
    ]
  },
  {
    "label_id": "4OME2iV4__hqoNfwcUJhqA",
    "size": [
      2.682588650233973,
      6.162741556573076,
      2.6400000000000006
    ],
    "obj_class": "vehicle",
    "point_num_in_lidar": 6726,
    "speed": 1.6270314623647675,
    "if_vehicle": true,
    "motion_state": true,
    "pose": [
      [
        0.8694168160441702,
        0.4915908679829275,
        0.04952593760252831,
        -9.386808752909474
      ],
      [
        -0.4919295959451463,
        0.8706146934577421,
        -0.005943750392371341,
        1.97992226891256
      ],
      [
        -0.04603990239849214,
        -0.0191956779321195,
        0.9987551518444667,
        0.9760590843842181
      ],
      [
        0.0,
        0.0,
        0.0,
        1.0
      ]
    ],
    "location": [
      -9.386808752909474,
      1.97992226891256,
      0.9760590843842181
    ],
    "rotation": [
      -0.019217237414370886,
      0.046056182852468,
      -0.5149045657958847
    ]
  },
  {
    "label_id": "9a9ahe7SBjTGkYl4Kt5P_g",
    "size": [
      3.099829010968981,
      8.87479321256666,
      3.429999999999996
    ],
    "obj_class": "vehicle",
    "point_num_in_lidar": 373,
    "speed": 3.552713678800501e-14,
    "if_vehicle": true,
    "motion_state": false,
    "pose": [
      [
        0.9918137172907397,
        0.11769762826206474,
        0.04952593760252831,
        37.95258447451556
      ],
      [
        -0.11754747519128676,
        0.9930494765657082,
        -0.005943750392371341,
        -14.300500018736784
      ],
      [
        -0.04988127173678049,
        7.344424964769719e-05,
        0.9987551518444667,
        -1.7668655397621862
      ],
      [
        0.0,
        0.0,
        0.0,
        1.0
      ]
    ],
    "location": [
      37.95258447451556,
      -14.300500018736784,
      -1.7668655397621862
    ],
    "rotation": [
      7.353579040836916e-05,
      0.04990198020682471,
      -0.11796740751506408
    ]
  },
  {
    "label_id": "LZ9vNd3lCkwG9GE7UnjVrw",
    "size": [
      2.0494719882290626,
      4.3609996693622435,
      1.8800000000000026
    ],
    "obj_class": "vehicle",
    "point_num_in_lidar": 27,
    "speed": 2.929642751054232e-13,
    "if_vehicle": true,
    "motion_state": false,
    "pose": [
      [
        -0.4495040206425588,
        0.8919043205023534,
        0.04952593760252831,
        -35.43803081486567
      ],
      [
        -0.8931170093868789,
        -0.4497851480152617,
        -0.005943750392371341,
        6.243166349720923
      ],
      [
        0.016974774520204256,
        -0.04690419697771796,
        0.9987551518444667,
        1.4708387553188373
      ],
      [
        0.0,
        0.0,
        0.0,
        1.0
      ]
    ],
    "location": [
      -35.43803081486567,
      6.243166349720923,
      1.4708387553188373
    ],
    "rotation": [
      -0.046928178727082055,
      -0.016975589819581523,
      -2.037078868046629
    ]
  },
  {
    "label_id": "LZrxjRpBcbsFGjcCXZ-SPg",
    "size": [
      1.8225621404117098,
      4.136724390663064,
      1.4500000000000028
    ],
    "obj_class": "vehicle",
    "point_num_in_lidar": 265,
    "speed": 3.1776437161565096e-13,
    "if_vehicle": true,
    "motion_state": false,
    "pose": [
      [
        -0.10604910953535931,
        0.9931267632439215,
        0.04952593760252831,
        13.795755372095527
      ],
      [
        -0.9943606751359043,
        -0.10588446332933665,
        -0.005943750392371341,
        -18.42254647577647
      ],
      [
        -0.0006588702647796128,
        -0.04987697418760015,
        0.9987551518444667,
        -0.4917247639565261
      ],
      [
        0.0,
        0.0,
        0.0,
        1.0
      ]
    ],
    "location": [
      13.795755372095527,
      -18.42254647577647,
      -0.4917247639565261
    ],
    "rotation": [
      -0.04989768814119622,
      0.0006588703124499867,
      -1.6770452509539082
    ]
  },
  {
    "label_id": "QVTU-Cr3icKhU3vK90Mk0g",
    "size": [
      2.0541609012170663,
      4.468647342613678,
      1.8699999999999974
    ],
    "obj_class": "vehicle",
    "point_num_in_lidar": 102,
    "speed": 0.014741530514056906,
    "if_vehicle": true,
    "motion_state": false,
    "pose": [
      [
        -0.5051546787855584,
        0.8616065993280518,
        0.04952593760252831,
        -22.498145280381777
      ],
      [
        -0.862799021627501,
        -0.5055121364615298,
        -0.005943750392371341,
        -36.38030973257628
      ],
      [
        0.019914787964888655,
        -0.04573344382888597,
        0.9987551518444667,
        3.9334299775326613
      ],
      [
        0.0,
        0.0,
        0.0,
        1.0
      ]
    ],
    "location": [
      -22.498145280381777,
      -36.38030973257628,
      3.9334299775326613
    ],
    "rotation": [
      -0.045758482249784835,
      -0.019916104563308886,
      -2.100473619158392
    ]
  },
  {
    "label_id": "VJTy6YYNn-VcWnNXVIbvOQ",
    "size": [
      1.991922244300648,
      4.030907991650739,
      1.4699999999999989
    ],
    "obj_class": "vehicle",
    "point_num_in_lidar": 60,
    "speed": 2.8421709430404007e-13,
    "if_vehicle": true,
    "motion_state": false,
    "pose": [
      [
        0.892661807504913,
        0.4479978559397939,
        0.04952593760252831,
        -43.140989028158174
      ],
      [
        -0.448276935906989,
        0.8938749692015738,
        -0.005943750392371341,
        15.877297344042745
      ],
      [
        -0.046932783381162725,
        -0.016895576587769887,
        0.9987551518444667,
        1.3581735209556527
      ],
      [
        0.0,
        0.0,
        0.0,
        1.0
      ]
    ],
    "location": [
      -43.140989028158174,
      15.877297344042745,
      1.3581735209556527
    ],
    "rotation": [
      -0.01691502181475408,
      0.04695003018051841,
      -0.46539011410910636
    ]
  },
  {
    "label_id": "aFNCQJ_mhmlAGA1fcaLCMw",
    "size": [
      2.0754389162516063,
      4.655105173716041,
      1.7100000000000009
    ],
    "obj_class": "vehicle",
    "point_num_in_lidar": 847,
    "speed": 0.01584541123680392,
    "if_vehicle": true,
    "motion_state": false,
    "pose": [
      [
        0.41527030342014715,
        -0.908348917873484,
        0.04952593760252831,
        -7.369879162004054
      ],
      [
        0.9095714180362994,
        0.4155051231004362,
        -0.005943750392371341,
        -25.591379204763143
      ],
      [
        -0.015179281563182444,
        0.04751564032360262,
        0.9987551518444667,
        1.7598471723859532
      ],
      [
        0.0,
        0.0,
        0.0,
        1.0
      ]
    ],
    "location": [
      -7.369879162004054,
      -25.591379204763143,
      1.7598471723859532
    ],
    "rotation": [
      0.04753901933386211,
      0.015179864534830103,
      1.1425038085842238
    ]
  },
  {
    "label_id": "aODc5-qJaKf-jvm5pjvxXA",
    "size": [
      1.8870277732390812,
      4.196029966848567,
      1.6700000000000017
    ],
    "obj_class": "vehicle",
    "point_num_in_lidar": 446,
    "speed": 5.422982071392023e-13,
    "if_vehicle": true,
    "motion_state": false,
    "pose": [
      [
        -0.14055707104236173,
        0.9888330957672196,
        0.04952593760252831,
        18.87118423379161
      ],
      [
        -0.9900719913624697,
        -0.1404354789603647,
        -0.005943750392371341,
        -18.932963017901784
      ],
      [
        0.0010778216672160193,
        -0.04986967981238723,
        0.9987551518444667,
        -0.600284318993431
      ],
      [
        0.0,
        0.0,
        0.0,
        1.0
      ]
    ],
    "location": [
      18.87118423379161,
      -18.932963017901784,
      -0.600284318993431
    ],
    "rotation": [
      -0.04989040284055979,
      -0.0010778218759002853,
      -1.711820458298991
    ]
  },
  {
    "label_id": "aZJ-kQPe_1iw2haDM5zuog",
    "size": [
      2.1139814985043985,
      4.2681103178543385,
      1.6000000000000014
    ],
    "obj_class": "vehicle",
    "point_num_in_lidar": 29,
    "speed": 5.322127754608685,
    "if_vehicle": true,
    "motion_state": true,
    "pose": [
      [
        0.9969990546775097,
        0.059498457767765564,
        0.04952593760252831,
        70.85415349547884
      ],
      [
        -0.05927629880104488,
        0.9982239188837956,
        -0.005943750392371341,
        -14.39737723745202
      ],
      [
        -0.04979161950169279,
        0.0029901992467039314,
        0.9987551518444667,
        -4.480296872964015
      ],
      [
        0.0,
        0.0,
        0.0,
        1.0
      ]
    ],
    "location": [
      70.85415349547884,
      -14.39737723745202,
      -4.480296872964015
    ],
    "rotation": [
      0.0029939172848509003,
      0.04981221643054774,
      -0.05938481259392478
    ]
  },
  {
    "label_id": "aoj79G3iOHdhBgeszAfT8Q",
    "size": [
      1.234726331673708,
      0.2022955934763529,
      1.0899999999999963
    ],
    "obj_class": "sign",
    "point_num_in_lidar": 121,
    "speed": 0.013727744274067996,
    "if_vehicle": false,
    "motion_state": false,
    "pose": [
      [
        0.4955661137669565,
        -0.8671570840340904,
        0.04952593760252831,
        -9.779351653763342
      ],
      [
        0.8683533981162,
        0.49591032234802424,
        -0.005943750392371341,
        -6.975096665093588
      ],
      [
        -0.01940625842258274,
        0.045951537495194636,
        0.9987551518444667,
        2.667968579275957
      ],
      [
        0.0,
        0.0,
        0.0,
        1.0
      ]
    ],
    "location": [
      -9.779351653763342,
      -6.975096665093588,
      2.667968579275957
    ],
    "rotation": [
      0.04597638866713022,
      0.019407476704481102,
      1.0522023698707221
    ]
  },
  {
    "label_id": "cedkFiBfazD1eILNFRFi2g",
    "size": [
      1.2052884090749882,
      1.354676491567917,
      1.8599999999999994
    ],
    "obj_class": "pedestrian",
    "point_num_in_lidar": 629,
    "speed": 0.9231881720465217,
    "if_vehicle": false,
    "motion_state": false,
    "pose": [
      [
        -0.7304284129919986,
        -0.681191247006728,
        0.04952593760252831,
        -10.943287714100506
      ],
      [
        0.6818005843488746,
        -0.7315139335739317,
        -0.005943750392371341,
        -4.198958176146334
      ],
      [
        0.04027774417123874,
        0.029425329031509333,
        0.9987551518444667,
        0.6324559423550937
      ],
      [
        0.0,
        0.0,
        0.0,
        1.0
      ]
    ],
    "location": [
      -10.943287714100506,
      -4.198958176146334,
      0.6324559423550937
    ],
    "rotation": [
      0.029453484755071074,
      -0.04028864253769863,
      2.390614278862612
    ]
  },
  {
    "label_id": "csxgKZev0sjcjG8cLELscg",
    "size": [
      2.1133770412923503,
      5.185767427937253,
      1.8900000000000006
    ],
    "obj_class": "vehicle",
    "point_num_in_lidar": 34,
    "speed": 9.697937281519675,
    "if_vehicle": true,
    "motion_state": true,
    "pose": [
      [
        -0.8960702325808351,
        -0.44114092962127066,
        0.04952593760252831,
        -55.80509393393572
      ],
      [
        0.44141070045378694,
        -0.8972854982424326,
        -0.005943750392371341,
        30.370214367849258
      ],
      [
        0.04706093717113573,
        0.01653526101126795,
        0.9987551518444667,
        0.7585542973747508
      ],
      [
        0.0,
        0.0,
        0.0,
        1.0
      ]
    ],
    "location": [
      -55.80509393393572,
      30.370214367849258,
      0.7585542973747508
    ],
    "rotation": [
      0.016554358167587734,
      -0.04707832573240616,
      2.683876709147073
    ]
  },
  {
    "label_id": "f-F206LnSHYeShECxDdREQ",
    "size": [
      1.8998600635909026,
      4.287560747320762,
      1.7000000000000028
    ],
    "obj_class": "vehicle",
    "point_num_in_lidar": 1757,
    "speed": 0.03514232166395592,
    "if_vehicle": true,
    "motion_state": false,
    "pose": [
      [
        0.4418969064770776,
        -0.895697664142639,
        0.04952593760252831,
        -3.272305412193873
      ],
      [
        0.8969127017299529,
        0.44216770269519884,
        -0.005943750392371341,
        -17.708256374975463
      ],
      [
        -0.016574966710841806,
        0.047046967412053546,
        0.9987551518444667,
        0.7629559156167858
      ],
      [
        0.0,
        0.0,
        0.0,
        1.0
      ]
    ],
    "location": [
      -3.272305412193873,
      -17.708256374975463,
      0.7629559156167858
    ],
    "rotation": [
      0.04707081157644613,
      0.016575725743462246,
      1.1130165029622585
    ]
  },
  {
    "label_id": "o0ZN1901yfAtQrXthdAvgQ",
    "size": [
      2.045179190648806,
      4.505310372726719,
      1.490000000000002
    ],
    "obj_class": "vehicle",
    "point_num_in_lidar": 58,
    "speed": 0.01702058491567813,
    "if_vehicle": true,
    "motion_state": false,
    "pose": [
      [
        -0.8825655752660435,
        -0.4675737234489427,
        0.04952593760252831,
        -17.502252723310676
      ],
      [
        0.4678794879617898,
        -0.8837722877392606,
        -0.005943750392371341,
        14.325493532443943
      ],
      [
        0.0465487926796305,
        0.017926420842017517,
        0.9987551518444667,
        0.9130134663552099
      ],
      [
        0.0,
        0.0,
        0.0,
        1.0
      ]
    ],
    "location": [
      -17.502252723310676,
      14.325493532443943,
      0.9130134663552099
    ],
    "rotation": [
      0.017946837253816274,
      -0.046565619335580496,
      2.6541281663857292
    ]
  },
  {
    "label_id": "rcQeDJ1fR0Q_qBK6gWcizA",
    "size": [
      2.388626252990334,
      5.780187000285011,
      2.4800000000000004
    ],
    "obj_class": "vehicle",
    "point_num_in_lidar": 364,
    "speed": 3.3516233813403333e-13,
    "if_vehicle": true,
    "motion_state": false,
    "pose": [
      [
        0.9945259445858556,
        0.09200721194668433,
        0.04952593760252831,
        30.505400325691426
      ],
      [
        -0.09182514894788021,
        0.9957574071288512,
        -0.005943750392371341,
        -13.411842266061285
      ],
      [
        -0.04986268711482796,
        0.0013634873762200736,
        0.9987551518444667,
        -1.5496121373642637
      ],
      [
        0.0,
        0.0,
        0.0,
        1.0
      ]
    ],
    "location": [
      30.505400325691426,
      -13.411842266061285,
      -1.5496121373642637
    ],
    "rotation": [
      0.001365185978408455,
      0.04988337242970001,
      -0.09206953482064627
    ]
  },
  {
    "label_id": "u5H3KXEk9wpsW1z5Kz7U_A",
    "size": [
      2.181560754948343,
      5.092260859897408,
      1.6999999999999993
    ],
    "obj_class": "vehicle",
    "point_num_in_lidar": 36,
    "speed": 2.8421709430404007e-13,
    "if_vehicle": true,
    "motion_state": false,
    "pose": [
      [
        -0.9941263842443373,
        -0.09622844513900614,
        0.04952593760252831,
        45.35530819713017
      ],
      [
        0.0960516117103848,
        -0.9953586086025029,
        -0.005943750392371341,
        -4.53586988155439
      ],
      [
        0.04986802620033921,
        -0.001151792958228187,
        0.9987551518444667,
        -2.763584539171571
      ],
      [
        0.0,
        0.0,
        0.0,
        1.0
      ]
    ],
    "location": [
      45.35530819713017,
      -4.53586988155439,
      -2.763584539171571
    ],
    "rotation": [
      -0.0011532280414251956,
      -0.049888718165577876,
      3.0452725201000166
    ]
  },
  {
    "label_id": "vPtOaGxH36PqjRODE3Gbkg",
    "size": [
      1.906674584377557,
      4.572182520860192,
      1.5899999999999963
    ],
    "obj_class": "vehicle",
    "point_num_in_lidar": 222,
    "speed": 8.556067554929069e-13,
    "if_vehicle": true,
    "motion_state": false,
    "pose": [
      [
        -0.0914832482811009,
        0.9945742791710074,
        0.04952593760252831,
        22.322912553254127
      ],
      [
        -0.9958056456259765,
        -0.09130053653021579,
        -0.005943750392371341,
        -18.769143356246786
      ],
      [
        -0.001389756586792296,
        -0.04986196186238373,
        0.9987551518444667,
        -1.2235392460978431
      ],
      [
        0.0,
        0.0,
        0.0,
        1.0
      ]
    ],
    "location": [
      22.322912553254127,
      -18.769143356246786,
      -1.2235392460978431
    ],
    "rotation": [
      -0.049882694486310594,
      0.0013897570341607434,
      -1.6624077534867936
    ]
  },
  {
    "label_id": "vfjDCWBNleMB9kSOrvvidA",
    "size": [
      2.0397121402273504,
      4.425729590636861,
      1.8299999999999983
    ],
    "obj_class": "vehicle",
    "point_num_in_lidar": 1433,
    "speed": 0.02497158924766503,
    "if_vehicle": true,
    "motion_state": false,
    "pose": [
      [
        -0.42888451029752495,
        0.9020006975227031,
        0.04952593760252831,
        -10.846476279307126
      ],
      [
        -0.9032195278336493,
        -0.42913768929241436,
        -0.005943750392371341,
        -13.832863741394249
      ],
      [
        0.015892179422969506,
        -0.047281976453237305,
        0.9987551518444667,
        1.1637724081661531
      ],
      [
        0.0,
        0.0,
        0.0,
        1.0
      ]
    ],
    "location": [
      -10.846476279307126,
      -13.832863741394249,
      1.1637724081661531
    ],
    "rotation": [
      -0.047305589967482346,
      -0.015892848457435924,
      -2.01411388334783
    ]
  },
  {
    "label_id": "y-yUlE2jqLC5_A95xf6zQg",
    "size": [
      0.5276032428963364,
      0.09693824648739624,
      0.5
    ],
    "obj_class": "sign",
    "point_num_in_lidar": 26,
    "speed": 0.005865223089933573,
    "if_vehicle": false,
    "motion_state": false,
    "pose": [
      [
        0.7175382507209114,
        0.6947561012736522,
        0.04952593760252831,
        -22.011710805048097
      ],
      [
        -0.6953856686526587,
        0.7186121649845402,
        -0.005943750392371341,
        18.569335417481852
      ],
      [
        -0.03971939809298977,
        -0.030174758976120142,
        0.9987551518444667,
        2.982682061710591
      ],
      [
        0.0,
        0.0,
        0.0,
        1.0
      ]
    ],
    "location": [
      -22.011710805048097,
      18.569335417481852,
      2.982682061710591
    ],
    "rotation": [
      -0.030203181330754506,
      0.039729849270542336,
      -0.769720909388966
    ]
  }
]