[
  {
    "label_id": "0JW22M2mZ-LRqS45sS_-jQ",
    "size": [
      2.041163557003048,
      4.24982686350917,
      2.030000000000001
    ],
    "obj_class": "vehicle",
    "point_num_in_lidar": 218,
    "speed": 0.0228065884233577,
    "if_vehicle": true,
    "motion_state": false,
    "pose": [
      [
        0.4213154181104858,
        -0.9047233284268628,
        0.06300013859195445,
        -15.65502322743555
      ],
      [
        0.8992384467120743,
        0.425759169204481,
        0.10049550135785192,
        -40.928314294878874
      ],
      [
        -0.1177435111470798,
        0.014311842597268268,
        0.992940902946509,
        3.9384323099516436
      ],
      [
        0.0,
        0.0,
        0.0,
        1.0
      ]
    ],
    "location": [
      -15.65502322743555,
      -40.928314294878874,
      3.9384323099516436
    ],
    "rotation": [
      0.014412591500429396,
      0.11801727940774875,
      1.1326445013514723
    ]
  },
  {
    "label_id": "2w9dOhBjHynufErf2sTmhQ",
    "size": [
      2.0079232762281536,
      4.299028948583187,
      1.6099999999999994
    ],
    "obj_class": "vehicle",
    "point_num_in_lidar": 904,
    "speed": 0.03003228274913636,
    "if_vehicle": true,
    "motion_state": false,
    "pose": [
      [
        -0.48200550688435884,
        0.8739002654024925,
        0.06300013859195445,
        -18.959260150148566
      ],
      [
        -0.8681252348580055,
        -0.48606504792009764,
        0.10049550135785192,
        -28.985397302727506
      ],
      [
        0.11844521069205449,
        -0.006252625039638175,
        0.992940902946509,
        2.9164701821830548
      ],
      [
        0.0,
        0.0,
        0.0,
        1.0
      ]
    ],
    "location": [
      -18.959260150148566,
      -28.985397302727506,
      2.9164701821830548
    ],
    "rotation": [
      -0.006296993484276488,
      -0.11872392379856062,
      -2.0776427942803375
    ]
  },
  {
    "label_id": "NJjtLDWUIJj2K8wh2gXm5A",
    "size": [
      1.9684070340408268,
      4.229984629962055,
      1.6599999999999966
    ],
    "obj_class": "vehicle",
    "point_num_in_lidar": 38,
    "speed": 0.0,
    "if_vehicle": true,
    "motion_state": false,
    "pose": [
      [
        -0.8579337018491588,
        -0.5098830706826742,
        0.06300013859195445,
        -33.66244122393255
      ],
      [
        0.5137546337452551,
        -0.8520310032575767,
        0.10049550135785192,
        -45.159508939910666
      ],
      [
        0.0024371164677329323,
        0.11858509062733896,
        0.992940902946509,
        5.402903589200697
      ],
      [
        0.0,
        0.0,
        0.0,
        1.0
      ]
    ],
    "location": [
      -33.66244122393255,
      -45.159508939910666,
      5.402903589200697
    ],
    "rotation": [
      0.11886515124532225,
      -0.0024371188802964883,
      2.6020354400378833
    ]
  },
  {
    "label_id": "QVTU-Cr3icKhU3vK90Mk0g",
    "size": [
      2.054160901217066,
      4.468647342613678,
      1.8699999999999974
    ],
    "obj_class": "vehicle",
    "point_num_in_lidar": 316,
    "speed": 0.028712029697085962,
    "if_vehicle": true,
    "motion_state": false,
    "pose": [
      [
        -0.5047706336638944,
        0.8609515607326262,
        0.06300013859195445,
        -22.461544762509675
      ],
      [
        -0.8550719965550445,
        -0.5086772404130186,
        0.10049550135785192,
        -36.34181287934007
      ],
      [
        0.1185684953852435,
        -0.003142476388293337,
        0.992940902946509,
        3.9436183721686433
      ],
      [
        0.0,
        0.0,
        0.0,
        1.0
      ]
    ],
    "location": [
      -22.461544762509675,
      -36.34181287934007,
      3.9436183721686433
    ],
    "rotation": [
      -0.0031648065733613697,
      -0.11884808341554522,
      -2.1040717058656426
    ]
  },
  {
    "label_id": "WID1WFbU4iDNhjaDRRGZiw",
    "size": [
      2.067082920684084,
      4.202452390779436,
      1.9099999999999966
    ],
    "obj_class": "vehicle",
    "point_num_in_lidar": 59,
    "speed": 7.105427357601002e-14,
    "if_vehicle": true,
    "motion_state": false,
    "pose": [
      [
        -0.8590889645953851,
        -0.5079341822006307,
        0.06300013859195445,
        -39.62982356674411
      ],
      [
        0.5118191348620362,
        -0.8531950699552304,
        0.10049550135785192,
        -56.75748806218144
      ],
      [
        0.002706307356108914,
        0.11857925263833366,
        0.992940902946509,
        7.1411587690138845
      ],
      [
        0.0,
        0.0,
        0.0,
        1.0
      ]
    ],
    "location": [
      -39.62982356674411,
      -56.75748806218144,
      7.1411587690138845
    ],
    "rotation": [
      0.11885935442880446,
      -0.002706310659663863,
      2.6042895082060666
    ]
  },
  {
    "label_id": "WZQMFb0Vk03ey74WQdgtKw",
    "size": [
      1.7610851841609965,
      3.799601176698312,
      1.6700000000000017
    ],
    "obj_class": "vehicle",
    "point_num_in_lidar": 82,
    "speed": 0.02099974211439926,
    "if_vehicle": true,
    "motion_state": false,
    "pose": [
      [
        -0.4410449649469686,
        0.8952710882365864,
        0.06300013859195445,
        -26.50056678848341
      ],
      [
        -0.8896901210223258,
        -0.44536742445099553,
        0.10049550135785192,
        -44.28508400015926
      ],
      [
        0.11802892632827999,
        -0.011727566054597429,
        0.992940902946509,
        4.748432309951518
      ],
      [
        0.0,
        0.0,
        0.0,
        1.0
      ]
    ],
    "location": [
      -26.50056678848341,
      -44.28508400015926,
      4.748432309951518
    ],
    "rotation": [
      -0.01181039147464674,
      -0.1183046987335709,
      -2.0310210952408547
    ]
  },
  {
    "label_id": "Xjo2_LZPDPNehR-MPrTfiQ",
    "size": [
      1.8386103891153203,
      4.197154481625292,
      1.8900000000000006
    ],
    "obj_class": "vehicle",
    "point_num_in_lidar": 26,
    "speed": 3.0354398977712303e-13,
    "if_vehicle": true,
    "motion_state": false,
    "pose": [
      [
        -0.438641377594578,
        0.8964511835004321,
        0.06300013859195445,
        -28.611177444666282
      ],
      [
        -0.890881833472283,
        -0.4429787951989321,
        0.10049550135785192,
        -48.268698460602536
      ],
      [
        0.11799703661954537,
        -0.012044193820142374,
        0.992940902946509,
        5.3521650065509405
      ],
      [
        0.0,
        0.0,
        0.0,
        1.0
      ]
    ],
    "location": [
      -28.611177444666282,
      -48.268698460602536,
      5.3521650065509405
    ],
    "rotation": [
      -0.012129224548028169,
      -0.11827258461304326,
      -2.028319418882149
    ]
  },
  {
    "label_id": "aFNCQJ_mhmlAGA1fcaLCMw",
    "size": [
      2.075438916251607,
      4.655105173716041,
      1.7100000000000009
    ],
    "obj_class": "vehicle",
    "point_num_in_lidar": 3150,
    "speed": 0.01373578479637115,
    "if_vehicle": true,
    "motion_state": false,
    "pose": [
      [
        0.41495459312209876,
        -0.9076583433122112,
        0.06300013859195445,
        -7.353551024873013
      ],
      [
        0.9022047883535255,
        0.4194367342982778,
        0.10049550135785192,
        -25.57872357322958
      ],
      [
        -0.11764015266414624,
        0.015137956828048285,
        0.992940902946509,
        1.7915829247021975
      ],
      [
        0.0,
        0.0,
        0.0,
        1.0
      ]
    ],
    "location": [
      -7.353551024873013,
      -25.57872357322958,
      1.7915829247021975
    ],
    "rotation": [
      0.015244395834909432,
      0.11791319757332161,
      1.1397121194201687
    ]
  },
  {
    "label_id": "aKmdU8IOh3TxEJG16QWVqw",
    "size": [
      2.0109241300647427,
      4.48477108310288,
      1.6300000000000026
    ],
    "obj_class": "vehicle",
    "point_num_in_lidar": 23,
    "speed": 2.8421709430404007e-13,
    "if_vehicle": true,
    "motion_state": false,
    "pose": [
      [
        0.47832188251957636,
        -0.8759218910612537,
        0.06300013859195445,
        -18.02110884524336
      ],
      [
        0.8701640034481505,
        0.48240570198736354,
        0.10049550135785192,
        -45.55911256465333
      ],
      [
        -0.11841783567527146,
        0.006751255420727041,
        0.992940902946509,
        4.328432309951509
      ],
      [
        0.0,
        0.0,
        0.0,
        1.0
      ]
    ],
    "location": [
      -18.02110884524336,
      -45.55911256465333,
      4.328432309951509
    ],
    "rotation": [
      0.006799147227312838,
      0.11869635475698234,
      1.0681898875358138
    ]
  },
  {
    "label_id": "apfk-7yuTYXe8pejlnnP-A",
    "size": [
      2.107562474017546,
      4.327305987295328,
      2.0799999999999983
    ],
    "obj_class": "vehicle",
    "point_num_in_lidar": 85,
    "speed": 8.526512829121202e-13,
    "if_vehicle": true,
    "motion_state": false,
    "pose": [
      [
        -0.8846270969906859,
        -0.4620236810026367,
        0.06300013859195445,
        -26.805995096989818
      ],
      [
        0.4662133981855861,
        -0.8789458012636969,
        0.10049550135785192,
        -29.09975143673546
      ],
      [
        0.008942405832869146,
        0.11827255232593806,
        0.992940902946509,
        4.071250611796501
      ],
      [
        0.0,
        0.0,
        0.0,
        1.0
      ]
    ],
    "location": [
      -26.805995096989818,
      -29.09975143673546,
      4.071250611796501
    ],
    "rotation": [
      0.11855480584663916,
      -0.00894252501948941,
      2.6565658858178267
    ]
  },
  {
    "label_id": "f-F206LnSHYeShECxDdREQ",
    "size": [
      1.899860063590904,
      4.287560747320762,
      1.7000000000000028
    ],
    "obj_class": "vehicle",
    "point_num_in_lidar": 3537,
    "speed": 0.05225770459494824,
    "if_vehicle": true,
    "motion_state": false,
    "pose": [
      [
        0.4415609532367376,
        -0.895016707729,
        0.06300013859195445,
        -3.4047217881311553
      ],
      [
        0.8894332498444354,
        0.4458801949829125,
        0.10049550135785192,
        -17.828840566060535
      ],
      [
        -0.11803566684621106,
        0.011659528632914942,
        0.992940902946509,
        0.8913404302613088
      ],
      [
        0.0,
        0.0,
        0.0,
        1.0
      ]
    ],
    "location": [
      -3.4047217881311553,
      -17.828840566060535,
      0.8913404302613088
    ],
    "rotation": [
      0.011741879857651854,
      0.11831148670104594,
      1.1099911103098996
    ]
  },
  {
    "label_id": "gv6rqafzMa4a62S6O3hU8A",
    "size": [
      0.9272963637432499,
      2.150412388049621,
      1.3900000000000006
    ],
    "obj_class": "vehicle",
    "point_num_in_lidar": 32,
    "speed": 8.526512829121202e-13,
    "if_vehicle": true,
    "motion_state": false,
    "pose": [
      [
        -0.9832232000743488,
        -0.17118154507116556,
        0.06300013859195445,
        -23.6588391615428
      ],
      [
        0.17690029100066915,
        -0.9790847467153763,
        0.10049550135785192,
        -57.961259193083606
      ],
      [
        0.04447949954119883,
        0.10995425128814248,
        0.992940902946509,
        5.785778246818722
      ],
      [
        0.0,
        0.0,
        0.0,
        1.0
      ]
    ],
    "location": [
      -23.6588391615428,
      -57.961259193083606,
      5.785778246818722
    ],
    "rotation": [
      0.1102866170765279,
      -0.04449417917961672,
      2.9635784147450197
    ]
  },
  {
    "label_id": "jNNepStz6_GUA6HPue9NPw",
    "size": [
      2.973492127201084,
      7.822413531678656,
      3.460000000000001
    ],
    "obj_class": "vehicle",
    "point_num_in_lidar": 271,
    "speed": 5.146767605496065,
    "if_vehicle": true,
    "motion_state": true,
    "pose": [
      [
        0.47418271750505603,
        -0.8781695354297567,
        0.06300013859195445,
        -30.189188692585276
      ],
      [
        0.872430985174815,
        0.4782936653497888,
        0.10049550135785192,
        -62.5975224120084
      ],
      [
        -0.1183846549448959,
        0.0073100430470294415,
        0.992940902946509,
        7.501367792038771
      ],
      [
        0.0,
        0.0,
        0.0,
        1.0
      ]
    ],
    "location": [
      -30.189188692585276,
      -62.5975224120084,
      7.501367792038771
    ],
    "rotation": [
      0.007361879204908035,
      0.1186629389744034,
      1.0729426325896112
    ]
  },
  {
    "label_id": "sddqzrE-ya3ZIGAQhw3WMQ",
    "size": [
      0.5257448990351302,
      0.1293304009544773,
      0.5300000000000011
    ],
    "obj_class": "sign",
    "point_num_in_lidar": 133,
    "speed": 0.012076087992310653,
    "if_vehicle": false,
    "motion_state": false,
    "pose": [
      [
        0.5992239022763409,
        -0.7980988018272603,
        0.06300013859195445,
        -21.018750536331254
      ],
      [
        0.7918138432433945,
        0.6024379568511259,
        0.10049550135785192,
        -28.161730947727847
      ],
      [
        -0.11815901399740626,
        -0.010334924621507403,
        0.992940902946509,
        4.996572993314842
      ],
      [
        0.0,
        0.0,
        0.0,
        1.0
      ]
    ],
    "location": [
      -21.018750536331254,
      -28.161730947727847,
      4.996572993314842
    ],
    "rotation": [
      -0.01040802267745454,
      0.11843570311590657,
      0.9229741181142073
    ]
  },
  {
    "label_id": "vfjDCWBNleMB9kSOrvvidA",
    "size": [
      2.039712140227351,
      4.425729590636861,
      1.8299999999999983
    ],
    "obj_class": "vehicle",
    "point_num_in_lidar": 3590,
    "speed": 0.04286358579222225,
    "if_vehicle": true,
    "motion_state": false,
    "pose": [
      [
        -0.4285584497642782,
        0.9013149492120016,
        0.06300013859195445,
        -10.909525637403476
      ],
      [
        -0.8957946015924515,
        -0.4329580649031207,
        0.10049550135785192,
        -14.023022262797895
      ],
      [
        0.11785451579578798,
        -0.013366987780044148,
        0.992940902946509,
        1.241482108318671
      ],
      [
        0.0,
        0.0,
        0.0,
        1.0
      ]
    ],
    "location": [
      -10.909525637403476,
      -14.023022262797895,
      1.241482108318671
    ],
    "rotation": [
      -0.013461204334159116,
      -0.11812906234997918,
      -2.0170244682929503
    ]
  },
  {
    "label_id": "yiHJUEjuvum2AvPU1wWiGQ",
    "size": [
      1.8780492570819778,
      4.169851547652348,
      1.8900000000000006
    ],
    "obj_class": "vehicle",
    "point_num_in_lidar": 63,
    "speed": 3.0354398977712303e-13,
    "if_vehicle": true,
    "motion_state": false,
    "pose": [
      [
        -0.42209834233776916,
        0.904358320541754,
        0.06300013859195445,
        -32.860592657224515
      ],
      [
        -0.8988695945988155,
        -0.42653734433528173,
        0.10049550135785192,
        -56.35414126030264
      ],
      [
        0.11775585463775548,
        -0.01420992450026698,
        0.992940902946509,
        6.390133727409918
      ],
      [
        0.0,
        0.0,
        0.0,
        1.0
      ]
    ],
    "location": [
      -32.860592657224515,
      -56.35414126030264,
      6.390133727409918
    ],
    "rotation": [
      -0.014309970007231313,
      -0.1180297093698385,
      -2.0098196746430346
    ]
  }
]