[
  {
    "label_id": "0JW22M2mZ-LRqS45sS_-jQ",
    "size": [
      2.0411635570030486,
      4.24982686350917,
      2.030000000000001
    ],
    "obj_class": "vehicle",
    "point_num_in_lidar": 41,
    "speed": 5.695433295429594e-13,
    "if_vehicle": true,
    "motion_state": false,
    "pose": [
      [
        0.4216036883529461,
        -0.9053423535136101,
        0.05104461677423832,
        -15.671289537404164
      ],
      [
        0.9067611302327044,
        0.4212913849807994,
        -0.017257509671685715,
        -40.94432124598461
      ],
      [
        -0.005880702874685166,
        0.05356110412787294,
        0.9985472574987639,
        3.9479589441684766
      ],
      [
        0.0,
        0.0,
        0.0,
        1.0
      ]
    ],
    "location": [
      -15.671289537404164,
      -40.94432124598461,
      3.9479589441684766
    ],
    "rotation": [
      0.05358767401991849,
      0.005880736770276847,
      1.1355751401132943
    ]
  },
  {
    "label_id": "0swVhSVbEe4_bfXYmVkjxA",
    "size": [
      2.0805271023935,
      4.2235539734875545,
      1.6300000000000026
    ],
    "obj_class": "vehicle",
    "point_num_in_lidar": 1918,
    "speed": 0.011000879867110366,
    "if_vehicle": true,
    "motion_state": false,
    "pose": [
      [
        -0.4438057588783886,
        0.8946680364720473,
        0.05104461677423832,
        -8.955098099167344
      ],
      [
        -0.8960940845431454,
        -0.4435285447484906,
        -0.017257509671685715,
        -9.737206015734046
      ],
      [
        0.007200002302757888,
        -0.05339976131536038,
        0.9985472574987639,
        0.6240447857946734
      ],
      [
        0.0,
        0.0,
        0.0,
        1.0
      ]
    ],
    "location": [
      -8.955098099167344,
      -9.737206015734046,
      0.6240447857946734
    ],
    "rotation": [
      -0.05342655863425065,
      -0.007200064512268811,
      -2.030650309172811
    ]
  },
  {
    "label_id": "22F9ULjerOlKyH3Dp469yw",
    "size": [
      2.036658771883617,
      4.317112949988031,
      1.5899999999999963
    ],
    "obj_class": "vehicle",
    "point_num_in_lidar": 669,
    "speed": 0.0036134401843801326,
    "if_vehicle": true,
    "motion_state": false,
    "pose": [
      [
        -0.8906765792115326,
        -0.45176285631115504,
        0.05104461677423832,
        -12.459159118346406
      ],
      [
        0.45149836444100133,
        -0.8921050416105899,
        -0.017257509671685715,
        11.619395957643064
      ],
      [
        0.05333346183347662,
        0.007675701306999327,
        0.9985472574987639,
        0.6851195072729297
      ],
      [
        0.0,
        0.0,
        0.0,
        1.0
      ]
    ],
    "location": [
      -12.459159118346406,
      11.619395957643064,
      0.6851195072729297
    ],
    "rotation": [
      0.007686716952298248,
      -0.05335877838559927,
      2.672427425294252
    ]
  },
  {
    "label_id": "2w9dOhBjHynufErf2sTmhQ",
    "size": [
      2.0079232762281536,
      4.299028948583187,
      1.6099999999999994
    ],
    "obj_class": "vehicle",
    "point_num_in_lidar": 251,
    "speed": 0.016053173503170013,
    "if_vehicle": true,
    "motion_state": false,
    "pose": [
      [
        -0.48233530218347537,
        0.8744982008934875,
        0.05104461677423832,
        -19.067074877249524
      ],
      [
        -0.8759349656803668,
        -0.48212043542922595,
        -0.017257509671685715,
        -29.08188446364693
      ],
      [
        0.009517991705722626,
        -0.05303567078473669,
        0.9985472574987639,
        2.829035810073691
      ],
      [
        0.0,
        0.0,
        0.0,
        1.0
      ]
    ],
    "location": [
      -19.067074877249524,
      -29.08188446364693,
      2.829035810073691
    ],
    "rotation": [
      -0.053062971132052834,
      -0.009518135420829068,
      -2.074139941957626
    ]
  },
  {
    "label_id": "4OME2iV4__hqoNfwcUJhqA",
    "size": [
      2.682588650235368,
      6.162741556573076,
      2.6400000000000006
    ],
    "obj_class": "vehicle",
    "point_num_in_lidar": 4604,
    "speed": 1.0894280431085022,
    "if_vehicle": true,
    "motion_state": true,
    "pose": [
      [
        0.8691518335484293,
        0.4919039919921106,
        0.05104461677423832,
        -10.549773009524415
      ],
      [
        -0.49170490687373836,
        0.8705908699936038,
        -0.017257509671685715,
        2.636394801598726
      ],
      [
        -0.052928015225318904,
        -0.010099492363757121,
        0.9985472574987639,
        0.9973455194504197
      ],
      [
        0.0,
        0.0,
        0.0,
        1.0
      ]
    ],
    "location": [
      -10.549773009524415,
      2.636394801598726,
      0.9973455194504197
    ],
    "rotation": [
      -0.010113840809533288,
      0.052952758297578915,
      -0.5148394097490457
    ]
  },
  {
    "label_id": "9a9ahe7SBjTGkYl4Kt5P_g",
    "size": [
      3.099829010968979,
      8.87479321256666,
      3.429999999999996
    ],
    "obj_class": "vehicle",
    "point_num_in_lidar": 450,
    "speed": 3.552713678800501e-14,
    "if_vehicle": true,
    "motion_state": false,
    "pose": [
      [
        0.9917377861062935,
        0.11768861757773609,
        0.05104461677423832,
        37.952584474516016
      ],
      [
        -0.11694873768495564,
        0.9929880014953993,
        -0.017257509671685715,
        -14.300500018740422
      ],
      [
        -0.05271770445384455,
        0.011145320938146061,
        0.9985472574987639,
        -1.7818156835198593
      ],
      [
        0.0,
        0.0,
        0.0,
        1.0
      ]
    ],
    "location": [
      37.952584474516016,
      -14.300500018740422,
      -1.7818156835198593
    ],
    "rotation": [
      0.011161072309256505,
      0.052742153499973285,
      -0.11738095240569091
    ]
  },
  {
    "label_id": "LZ9vNd3lCkwG9GE7UnjVrw",
    "size": [
      2.0494719882290613,
      4.3609996693622435,
      1.8800000000000026
    ],
    "obj_class": "vehicle",
    "point_num_in_lidar": 118,
    "speed": 2.929642751054232e-13,
    "if_vehicle": true,
    "motion_state": false,
    "pose": [
      [
        -0.44946960755458853,
        0.8918360381724295,
        0.05104461677423832,
        -35.438030814866124
      ],
      [
        -0.8932638152926702,
        -0.44920144105814486,
        -0.017257509671685715,
        6.243166349717285
      ],
      [
        0.00753844635893003,
        -0.053353035229410456,
        0.9985472574987639,
        1.4708387553188373
      ],
      [
        0.0,
        0.0,
        0.0,
        1.0
      ]
    ],
    "location": [
      -35.438030814866124,
      6.243166349717285,
      1.4708387553188373
    ],
    "rotation": [
      -0.053379897893985145,
      -0.00753851776011224,
      -2.036982126600208
    ]
  },
  {
    "label_id": "LZrxjRpBcbsFGjcCXZ-SPg",
    "size": [
      1.8225621404117105,
      4.136724390663064,
      1.4500000000000028
    ],
    "obj_class": "vehicle",
    "point_num_in_lidar": 249,
    "speed": 3.1776437161565096e-13,
    "if_vehicle": true,
    "motion_state": false,
    "pose": [
      [
        -0.1060409906372671,
        0.9930507315354226,
        0.05104461677423832,
        13.795755372094618
      ],
      [
        -0.9942921772226139,
        -0.10528648856261648,
        -0.017257509671685715,
        -18.42254647577829
      ],
      [
        -0.011763274143763153,
        -0.05258326656946915,
        0.9985472574987639,
        -0.49172476395649056
      ],
      [
        0.0,
        0.0,
        0.0,
        1.0
      ]
    ],
    "location": [
      13.795755372094618,
      -18.42254647577829,
      -0.49172476395649056
    ],
    "rotation": [
      -0.05261117240466803,
      0.011763545450419525,
      -1.6770444419274775
    ]
  },
  {
    "label_id": "LllAlzp0iaMXZNwjBo4CLw",
    "size": [
      0.9958347988963873,
      0.1139038623621883,
      0.9299999999999962
    ],
    "obj_class": "sign",
    "point_num_in_lidar": 21,
    "speed": 0.01294069195961915,
    "if_vehicle": false,
    "motion_state": false,
    "pose": [
      [
        -0.9981710138231695,
        -0.032389415888476325,
        0.05104461677423832,
        63.07452470379258
      ],
      [
        0.03154526345182654,
        -0.9993533282646766,
        -0.017257509671685715,
        -18.920990851711394
      ],
      [
        0.051570568321285634,
        -0.015615730041108817,
        0.9985472574987639,
        -2.13705019899448
      ],
      [
        0.0,
        0.0,
        0.0,
        1.0
      ]
    ],
    "location": [
      63.07452470379258,
      -18.920990851711394,
      -2.13705019899448
    ],
    "rotation": [
      -0.015637174015243466,
      -0.051593454578360926,
      3.1100001034947615
    ]
  },
  {
    "label_id": "Lp2aE54h-iTCtbmuyFtU1g",
    "size": [
      2.2315735851638676,
      5.018725893423483,
      2.0700000000000003
    ],
    "obj_class": "vehicle",
    "point_num_in_lidar": 3519,
    "speed": 2.4628534635859993,
    "if_vehicle": true,
    "motion_state": true,
    "pose": [
      [
        -0.9325691559812019,
        -0.35736426291793594,
        0.05104461677423832,
        8.519351082992443
      ],
      [
        0.3569536633810815,
        -0.9339626655058313,
        -0.017257509671685715,
        -1.8587318689606036
      ],
      [
        0.053840983565812406,
        0.0021267417245863906,
        0.9985472574987639,
        -0.008693229871880703
      ],
      [
        0.0,
        0.0,
        0.0,
        1.0
      ]
    ],
    "location": [
      8.519351082992443,
      -1.8587318689606036,
      -0.008693229871880703
    ],
    "rotation": [
      0.002129832607168362,
      -0.05386703039388439,
      2.7760328452504592
    ]
  },
  {
    "label_id": "QVTU-Cr3icKhU3vK90Mk0g",
    "size": [
      2.0541609012170654,
      4.468647342613678,
      1.8699999999999974
    ],
    "obj_class": "vehicle",
    "point_num_in_lidar": 52,
    "speed": 0.014741530513169671,
    "if_vehicle": true,
    "motion_state": false,
    "pose": [
      [
        -0.5051160051995618,
        0.8615406365283109,
        0.05104461677423832,
        -22.510889560528085
      ],
      [
        -0.862982544690455,
        -0.5049389130573306,
        -0.017257509671685715,
        -36.372907268434574
      ],
      [
        0.010906367443974286,
        -0.05276765762163596,
        0.9985472574987639,
        3.9297945050027607
      ],
      [
        0.0,
        0.0,
        0.0,
        1.0
      ]
    ],
    "location": [
      -22.510889560528085,
      -36.372907268434574,
      3.9297945050027607
    ],
    "rotation": [
      -0.052795319277821946,
      -0.010906583672194216,
      -2.100347511583535
    ]
  },
  {
    "label_id": "Sj0kgmEM2eNHR9n0SZtO9w",
    "size": [
      0.9307811170203516,
      0.12615576284919738,
      1.1499999999999986
    ],
    "obj_class": "sign",
    "point_num_in_lidar": 52,
    "speed": 0.007232895499042393,
    "if_vehicle": false,
    "motion_state": false,
    "pose": [
      [
        0.9208347336710507,
        0.3865977759420452,
        0.05104461677423832,
        -39.67521690059448
      ],
      [
        -0.386231329032488,
        0.922240499454307,
        -0.017257509671685715,
        27.674735239788788
      ],
      [
        -0.05374712772569928,
        -0.0038237158543157944,
        0.9985472574987639,
        3.647579647072291
      ],
      [
        0.0,
        0.0,
        0.0,
        1.0
      ]
    ],
    "location": [
      -39.67521690059448,
      27.674735239788788,
      3.647579647072291
    ],
    "rotation": [
      -0.0038292600938388027,
      0.053773038458255255,
      -0.3971485509030164
    ]
  },
  {
    "label_id": "aFNCQJ_mhmlAGA1fcaLCMw",
    "size": [
      2.0754389162516076,
      4.655105173716041,
      1.7100000000000009
    ],
    "obj_class": "vehicle",
    "point_num_in_lidar": 578,
    "speed": 0.015845411235518546,
    "if_vehicle": true,
    "motion_state": false,
    "pose": [
      [
        0.4152385111939937,
        -0.9082793765795668,
        0.05104461677423832,
        -7.377769193344193
      ],
      [
        0.9096959262231856,
        0.4149162568192191,
        -0.017257509671685715,
        -25.57764204996056
      ],
      [
        -0.005504601196823936,
        0.05360106255813501,
        0.9985472574987639,
        1.7518450223762017
      ],
      [
        0.0,
        0.0,
        0.0,
        1.0
      ]
    ],
    "location": [
      -7.377769193344193,
      -25.57764204996056,
      1.7518450223762017
    ],
    "rotation": [
      0.05362757569535752,
      0.005504628996020992,
      1.1425844409483674
    ]
  },
  {
    "label_id": "aODc5-qJaKf-jvm5pjvxXA",
    "size": [
      1.887027773239078,
      4.196029966848567,
      1.6700000000000017
    ],
    "obj_class": "vehicle",
    "point_num_in_lidar": 630,
    "speed": 5.422982071392023e-13,
    "if_vehicle": true,
    "motion_state": false,
    "pose": [
      [
        -0.14054631028688844,
        0.9887573927729252,
        0.05104461677423832,
        18.871184233790245
      ],
      [
        -0.9900243513682502,
        -0.13983548211311497,
        -0.017257509671685715,
        -18.932963017905422
      ],
      [
        -0.0099256416728247,
        -0.05296089292185191,
        0.9985472574987639,
        -0.6106830869599236
      ],
      [
        0.0,
        0.0,
        0.0,
        1.0
      ]
    ],
    "location": [
      18.871184233790245,
      -18.932963017905422,
      -0.6106830869599236
    ],
    "rotation": [
      -0.05298829484104119,
      0.009925804656377983,
      -1.7118165003171726
    ]
  },
  {
    "label_id": "aZJ-kQPe_1iw2haDM5zuog",
    "size": [
      2.1139814985059546,
      4.2681103178543385,
      1.5999999999999979
    ],
    "obj_class": "vehicle",
    "point_num_in_lidar": 36,
    "speed": 3.922947212007993,
    "if_vehicle": true,
    "motion_state": true,
    "pose": [
      [
        0.995415140111923,
        0.08088971463870784,
        0.05104461677423832,
        66.1798840357676
      ],
      [
        -0.08010405391145337,
        0.9966371049217877,
        -0.017257509671685715,
        -14.10492814544159
      ],
      [
        -0.0522689141164364,
        0.013089505673850843,
        0.9985472574987639,
        -4.210819926963126
      ],
      [
        0.0,
        0.0,
        0.0,
        1.0
      ]
    ],
    "location": [
      66.1798840357676,
      -14.10492814544159,
      -4.210819926963126
    ],
    "rotation": [
      0.013107798265821872,
      0.05229274354637832,
      -0.08029997137792767
    ]
  },
  {
    "label_id": "aoj79G3iOHdhBgeszAfT8Q",
    "size": [
      1.2347263316737083,
      0.2022955934763529,
      1.0899999999999963
    ],
    "obj_class": "sign",
    "point_num_in_lidar": 249,
    "speed": 0.013727744274009428,
    "if_vehicle": false,
    "motion_state": false,
    "pose": [
      [
        0.4955281742614544,
        -0.8670906963008429,
        0.05104461677423832,
        -9.793054627632273
      ],
      [
        0.8685305513313456,
        0.4953350984576002,
        -0.017257509671685715,
        -6.974326519619353
      ],
      [
        -0.010320364197957309,
        0.05288539140933628,
        0.9985472574987639,
        2.6590445722793277
      ],
      [
        0.0,
        0.0,
        0.0,
        1.0
      ]
    ],
    "location": [
      -9.793054627632273,
      -6.974326519619353,
      2.6590445722793277
    ],
    "rotation": [
      0.05291289528318884,
      0.010320547410261375,
      1.05232313507262
    ]
  },
  {
    "label_id": "cedkFiBfazD1eILNFRFi2g",
    "size": [
      1.2052884090746694,
      1.354676491567917,
      1.8599999999999994
    ],
    "obj_class": "pedestrian",
    "point_num_in_lidar": 488,
    "speed": 0.6390117366373343,
    "if_vehicle": false,
    "motion_state": false,
    "pose": [
      [
        0.7491271917302672,
        -0.6604565827582418,
        0.05104461677423832,
        -10.405435709282528
      ],
      [
        0.6618815852616177,
        0.7494097313562852,
        -0.017257509671685715,
        -4.786355648930112
      ],
      [
        -0.026855496679287612,
        0.04671356162621247,
        0.9985472574987639,
        0.6054560453715538
      ],
      [
        0.0,
        0.0,
        0.0,
        1.0
      ]
    ],
    "location": [
      -10.405435709282528,
      -4.786355648930112,
      0.6054560453715538
    ],
    "rotation": [
      0.04674744058477437,
      0.02685872583734714,
      0.7236447028441059
    ]
  },
  {
    "label_id": "csxgKZev0sjcjG8cLELscg",
    "size": [
      2.1133770412932793,
      5.185767427937253,
      1.8900000000000006
    ],
    "obj_class": "vehicle",
    "point_num_in_lidar": 66,
    "speed": 9.331251467533386,
    "if_vehicle": true,
    "motion_state": true,
    "pose": [
      [
        -0.8946970727137906,
        -0.44374721990762384,
        0.05104461677423832,
        -47.432456496718714
      ],
      [
        0.44346991247216744,
        -0.8961231026437495,
        -0.017257509671685715,
        26.053024192844532
      ],
      [
        0.05340023229633109,
        0.007196508347459654,
        0.9985472574987639,
        1.395825605462477
      ],
      [
        0.0,
        0.0,
        0.0,
        1.0
      ]
    ],
    "location": [
      -47.432456496718714,
      26.053024192844532,
      1.395825605462477
    ],
    "rotation": [
      0.007206853456827631,
      -0.053425644133864754,
      2.681419155130303
    ]
  },
  {
    "label_id": "f-F206LnSHYeShECxDdREQ",
    "size": [
      1.899860063590903,
      4.287560747320762,
      1.7000000000000028
    ],
    "obj_class": "vehicle",
    "point_num_in_lidar": 917,
    "speed": 0.00739580298403221,
    "if_vehicle": true,
    "motion_state": false,
    "pose": [
      [
        0.4418630757738633,
        -0.8956290914022568,
        0.05104461677423832,
        -3.278510408009197
      ],
      [
        0.897054534495861,
        0.44158276744042657,
        -0.017257509671685715,
        -17.704235073348173
      ],
      [
        -0.007084095430986637,
        0.05341526124266222,
        0.9985472574987639,
        0.7379564483125591
      ],
      [
        0.0,
        0.0,
        0.0,
        1.0
      ]
    ],
    "location": [
      -3.278510408009197,
      -17.704235073348173,
      0.7379564483125591
    ],
    "rotation": [
      0.05344203683372729,
      0.007084154684180753,
      1.1131095367248751
    ]
  },
  {
    "label_id": "hKdxhgmccQIxbbAIN81oSg",
    "size": [
      2.088997022236471,
      4.725863531896809,
      1.6799999999999997
    ],
    "obj_class": "vehicle",
    "point_num_in_lidar": 34,
    "speed": 1.1374233532693354e-12,
    "if_vehicle": true,
    "motion_state": false,
    "pose": [
      [
        -0.8961533999779524,
        -0.44079874183841183,
        0.05104461677423832,
        -38.73479947681426
      ],
      [
        0.44051674025290666,
        -0.8975785090547148,
        -0.017257509671685715,
        25.099730294163237
      ],
      [
        0.053423639570033404,
        0.007020632221412751,
        0.9985472574987639,
        1.5343743103131402
      ],
      [
        0.0,
        0.0,
        0.0,
        1.0
      ]
    ],
    "location": [
      -38.73479947681426,
      25.099730294163237,
      1.5343743103131402
    ],
    "rotation": [
      0.0070307303825186815,
      -0.05344908486772054,
      2.6847166000193265
    ]
  },
  {
    "label_id": "jLrID1tbd8AfhkFmJ9v6Bg",
    "size": [
      1.7307945830498321,
      4.249465681377985,
      1.8999999999999986
    ],
    "obj_class": "vehicle",
    "point_num_in_lidar": 49,
    "speed": 0.0,
    "if_vehicle": true,
    "motion_state": false,
    "pose": [
      [
        0.9887349350940577,
        0.14070421181656353,
        0.05104461677423832,
        57.808895875680946
      ],
      [
        -0.13999358598356132,
        0.990002007191599,
        -0.017257509671685715,
        -17.133526179410183
      ],
      [
        -0.052962477359093166,
        0.009917183757736986,
        0.9985472574987639,
        -3.630477987453297
      ],
      [
        0.0,
        0.0,
        0.0,
        1.0
      ]
    ],
    "location": [
      57.808895875680946,
      -17.133526179410183,
      -3.630477987453297
    ],
    "rotation": [
      0.009931285310496302,
      0.052987268835254314,
      -0.1406536532543013
    ]
  },
  {
    "label_id": "o0ZN1901yfAtQrXthdAvgQ",
    "size": [
      2.0451791906488057,
      4.505310372726719,
      1.490000000000002
    ],
    "obj_class": "vehicle",
    "point_num_in_lidar": 319,
    "speed": 0.013918701442060845,
    "if_vehicle": true,
    "motion_state": false,
    "pose": [
      [
        -0.8824980078909276,
        -0.4675379269823094,
        0.05104461677423832,
        -17.49917518815255
      ],
      [
        0.4672988916337537,
        -0.8839309499264052,
        -0.017257509671685715,
        14.324043145514224
      ],
      [
        0.05318845689065889,
        0.008623374936050216,
        0.9985472574987639,
        0.8999735819185162
      ],
      [
        0.0,
        0.0,
        0.0,
        1.0
      ]
    ],
    "location": [
      -17.49917518815255,
      14.324043145514224,
      0.8999735819185162
    ],
    "rotation": [
      0.00863570602822796,
      -0.05321356733412275,
      2.6546101713749692
    ]
  },
  {
    "label_id": "qyoPChy7JYzqrGFyVxkmYA",
    "size": [
      2.0776896175267874,
      4.432298843032103,
      1.490000000000002
    ],
    "obj_class": "vehicle",
    "point_num_in_lidar": 141,
    "speed": 8.592868015318675e-13,
    "if_vehicle": true,
    "motion_state": false,
    "pose": [
      [
        -0.9023824463157611,
        -0.4279022875371823,
        0.05104461677423832,
        -28.435103343258106
      ],
      [
        0.42759987842674,
        -0.9038033648584016,
        -0.017257509671685715,
        19.9599723155643
      ],
      [
        0.053518824264173565,
        0.006253798132150172,
        0.9985472574987639,
        1.1970196220566791
      ],
      [
        0.0,
        0.0,
        0.0,
        1.0
      ]
    ],
    "location": [
      -28.435103343258106,
      19.9599723155643,
      1.1970196220566791
    ],
    "rotation": [
      0.0062628146249969745,
      -0.053544405929126716,
      2.699077641799263
    ]
  },
  {
    "label_id": "rcQeDJ1fR0Q_qBK6gWcizA",
    "size": [
      2.388626252990332,
      5.780187000285011,
      2.4800000000000004
    ],
    "obj_class": "vehicle",
    "point_num_in_lidar": 456,
    "speed": 3.3516233813403333e-13,
    "if_vehicle": true,
    "motion_state": false,
    "pose": [
      [
        0.9944498057589586,
        0.09200016806691434,
        0.05104461677423832,
        30.50540032569006
      ],
      [
        -0.09122820163302714,
        0.995680467613348,
        -0.017257509671685715,
        -13.411842266064923
      ],
      [
        -0.052411821689129244,
        0.012505018549530398,
        0.9985472574987639,
        -1.5639633983181511
      ],
      [
        0.0,
        0.0,
        0.0,
        1.0
      ]
    ],
    "location": [
      30.50540032569006,
      -13.411842266064923,
      -1.5639633983181511
    ],
    "rotation": [
      0.012522556937589443,
      0.05243584727096288,
      -0.09148130746758235
    ]
  },
  {
    "label_id": "vPtOaGxH36PqjRODE3Gbkg",
    "size": [
      1.9066745843775599,
      4.572182520860192,
      1.5899999999999963
    ],
    "obj_class": "vehicle",
    "point_num_in_lidar": 261,
    "speed": 8.556067554929069e-13,
    "if_vehicle": true,
    "motion_state": false,
    "pose": [
      [
        -0.0914762445148923,
        0.9944981366437157,
        0.05104461677423832,
        22.322912553253218
      ],
      [
        -0.9957283916285197,
        -0.09070362983262006,
        -0.017257509671685715,
        -18.769143356250424
      ],
      [
        -0.012532629186763889,
        -0.05240522633635172,
        0.9985472574987639,
        -1.2289438820050975
      ],
      [
        0.0,
        0.0,
        0.0,
        1.0
      ]
    ],
    "location": [
      22.322912553253218,
      -18.769143356250424,
      -1.2289438820050975
    ],
    "rotation": [
      -0.05243336455131793,
      0.012532957286603022,
      -1.6624078465508911
    ]
  },
  {
    "label_id": "vfjDCWBNleMB9kSOrvvidA",
    "size": [
      2.0397121402273504,
      4.425729590636861,
      1.8299999999999983
    ],
    "obj_class": "vehicle",
    "point_num_in_lidar": 576,
    "speed": 0.010334953047057973,
    "if_vehicle": true,
    "motion_state": false,
    "pose": [
      [
        -0.42885167579615713,
        0.9019316422352631,
        0.05104461677423832,
        -10.849281935422368
      ],
      [
        -0.9033528782323501,
        -0.42855076216156757,
        -0.017257509671685715,
        -13.822919365667985
      ],
      [
        0.0063101153837705325,
        -0.053512213424046294,
        0.9985472574987639,
        1.1581343644161493
      ],
      [
        0.0,
        0.0,
        0.0,
        1.0
      ]
    ],
    "location": [
      -10.849281935422368,
      -13.822919365667985,
      1.1581343644161493
    ],
    "rotation": [
      -0.053538852525510626,
      -0.006310157260083147,
      -2.0140270219657435
    ]
  },
  {
    "label_id": "vkTqMk5OhU77zv43jcQNZA",
    "size": [
      1.8357789136485458,
      4.0604646331539715,
      1.3100000000000023
    ],
    "obj_class": "vehicle",
    "point_num_in_lidar": 1121,
    "speed": 0.03881405758756057,
    "if_vehicle": true,
    "motion_state": false,
    "pose": [
      [
        -0.8874398470231107,
        -0.4580883812256852,
        0.05104461677423832,
        -8.101837815629551
      ],
      [
        0.4578340592315813,
        -0.8888701550662305,
        -0.017257509671685715,
        9.358713461608204
      ],
      [
        0.05327750109690264,
        0.008054962356629367,
        0.9985472574987639,
        0.3937292735220197
      ],
      [
        0.0,
        0.0,
        0.0,
        1.0
      ]
    ],
    "location": [
      -8.101837815629551,
      9.358713461608204,
      0.3937292735220197
    ],
    "rotation": [
      0.008066506204104663,
      -0.053302737973682145,
      2.665302686166794
    ]
  },
  {
    "label_id": "y-yUlE2jqLC5_A95xf6zQg",
    "size": [
      0.5276032428963344,
      0.09693824648739624,
      0.5
    ],
    "obj_class": "sign",
    "point_num_in_lidar": 44,
    "speed": 0.010181180078899297,
    "if_vehicle": false,
    "motion_state": false,
    "pose": [
      [
        0.7174833174927118,
        0.6947029121991813,
        0.05104461677423832,
        -22.007945344505742
      ],
      [
        -0.6948721807961996,
        0.7189261649957285,
        -0.017257509671685715,
        18.578792173822876
      ],
      [
        -0.04868615280740539,
        -0.023087508884917625,
        0.9985472574987639,
        2.976351432170233
      ],
      [
        0.0,
        0.0,
        0.0,
        1.0
      ]
    ],
    "location": [
      -22.007945344505742,
      18.578792173822876,
      2.976351432170233
    ],
    "rotation": [
      -0.02311697914217502,
      0.048705407153413906,
      -0.7693900087650197
    ]
  },
  {
    "label_id": "ye4M4U_b73PvfKmZ21IUgw",
    "size": [
      1.2533030558984128,
      1.4328117501689936,
      1.8900000000000006
    ],
    "obj_class": "pedestrian",
    "point_num_in_lidar": 91,
    "speed": 1.4961295261307763,
    "if_vehicle": false,
    "motion_state": true,
    "pose": [
      [
        -0.9266709009339172,
        -0.37239157947071394,
        0.05104461677423832,
        -17.067402559478978
      ],
      [
        0.37200355819991343,
        -0.9280708653150014,
        -0.017257509671685715,
        17.108379969015004
      ],
      [
        0.053799572943710156,
        0.0029967470316308443,
        0.9985472574987639,
        1.2426516083736772
      ],
      [
        0.0,
        0.0,
        0.0,
        1.0
      ]
    ],
    "location": [
      -17.067402559478978,
      17.108379969015004,
      1.2426516083736772
    ],
    "rotation": [
      0.0030010978572106812,
      -0.053825559665702336,
      2.759844778104763
    ]
  }
]