[
  {
    "label_id": "0JW22M2mZ-LRqS45sS_-jQ",
    "size": [
      2.041163557003049,
      4.24982686350917,
      2.030000000000001
    ],
    "obj_class": "vehicle",
    "point_num_in_lidar": 234,
    "speed": 0.022806588425474582,
    "if_vehicle": true,
    "motion_state": false,
    "pose": [
      [
        0.42126831765196565,
        -0.9046221859531471,
        0.06474337976992156,
        -15.653398562957591
      ],
      [
        0.8992762508096509,
        0.42590304831025233,
        0.09954304681780977,
        -40.926715534929826
      ],
      [
        -0.11762325141068146,
        0.016287851957350885,
        0.9929247084276809,
        3.9384323099516294
      ],
      [
        0.0,
        0.0,
        0.0,
        1.0
      ]
    ],
    "location": [
      -15.653398562957591,
      -40.926715534929826,
      3.9384323099516294
    ],
    "rotation": [
      0.016402443304671974,
      0.11789617815901116,
      1.1327036018492085
    ]
  },
  {
    "label_id": "2w9dOhBjHynufErf2sTmhQ",
    "size": [
      2.0079232762281536,
      4.299028948583187,
      1.6099999999999994
    ],
    "obj_class": "vehicle",
    "point_num_in_lidar": 995,
    "speed": 0.024182434533385585,
    "if_vehicle": true,
    "motion_state": false,
    "pose": [
      [
        -0.48195162164919564,
        0.8738025687566262,
        0.06474337976992156,
        -18.958741017102284
      ],
      [
        -0.8681531435770731,
        -0.4862111692747025,
        0.09954304681780977,
        -28.987436143341256
      ],
      [
        0.11845992439199296,
        -0.00823223583531646,
        0.9929247084276809,
        2.9204668169204027
      ],
      [
        0.0,
        0.0,
        0.0,
        1.0
      ]
    ],
    "location": [
      -18.958741017102284,
      -28.987436143341256,
      2.9204668169204027
    ],
    "rotation": [
      -0.008290706382979735,
      -0.11873874182165246,
      -2.0775817058592914
    ]
  },
  {
    "label_id": "Gc7m68krl3KtJGi29_uMqw",
    "size": [
      1.8925767366305457,
      4.232304912312325,
      1.6000000000000014
    ],
    "obj_class": "vehicle",
    "point_num_in_lidar": 22,
    "speed": 0.009520723898606873,
    "if_vehicle": true,
    "motion_state": false,
    "pose": [
      [
        0.46817462827265727,
        -0.8812609217579814,
        0.06474337976992156,
        -32.24970664559942
      ],
      [
        0.8756790623124747,
        0.47252233985048026,
        0.09954304681780977,
        -73.8355753991782
      ],
      [
        -0.11831609049197252,
        0.010090893146809544,
        0.9929247084276809,
        7.129482072744985
      ],
      [
        0.0,
        0.0,
        0.0,
        1.0
      ]
    ],
    "location": [
      -32.24970664559942,
      -73.8355753991782,
      7.129482072744985
    ],
    "rotation": [
      0.010162448047265847,
      0.11859388923280612,
      1.0798208532596965
    ]
  },
  {
    "label_id": "NJjtLDWUIJj2K8wh2gXm5A",
    "size": [
      1.9684070340408328,
      4.229984629962055,
      1.6599999999999966
    ],
    "obj_class": "vehicle",
    "point_num_in_lidar": 39,
    "speed": 0.0,
    "if_vehicle": true,
    "motion_state": false,
    "pose": [
      [
        -0.8578377901663674,
        -0.5098260689082614,
        0.06474337976992156,
        -33.66244122393164
      ],
      [
        0.5139015776622455,
        -0.8520541944656352,
        0.09954304681780977,
        -45.159508939910666
      ],
      [
        0.004415228050568246,
        0.11866351231556578,
        0.9929247084276809,
        5.405772585562275
      ],
      [
        0.0,
        0.0,
        0.0,
        1.0
      ]
    ],
    "location": [
      -33.66244122393164,
      -45.159508939910666,
      5.405772585562275
    ],
    "rotation": [
      0.11894494079048487,
      -0.0044152423959457066,
      2.6018600945970003
    ]
  },
  {
    "label_id": "QVTU-Cr3icKhU3vK90Mk0g",
    "size": [
      2.054160901217066,
      4.468647342613678,
      1.8699999999999974
    ],
    "obj_class": "vehicle",
    "point_num_in_lidar": 341,
    "speed": 0.028712029699794684,
    "if_vehicle": true,
    "motion_state": false,
    "pose": [
      [
        -0.504714203428325,
        0.8608553116718739,
        0.06474337976992156,
        -22.460221678657717
      ],
      [
        -0.8550960614482233,
        -0.5088240437773787,
        0.09954304681780977,
        -36.339266508415676
      ],
      [
        0.11863514889545959,
        -0.0051210194646271814,
        0.9929247084276809,
        3.943981798653823
      ],
      [
        0.0,
        0.0,
        0.0,
        1.0
      ]
    ],
    "location": [
      -22.460221678657717,
      -36.339266508415676,
      3.943981798653823
    ],
    "rotation": [
      -0.005157464625124357,
      -0.1189152107172867,
      -2.104010444980321
    ]
  },
  {
    "label_id": "WID1WFbU4iDNhjaDRRGZiw",
    "size": [
      2.0670829206840846,
      4.202452390779436,
      1.9099999999999966
    ],
    "obj_class": "vehicle",
    "point_num_in_lidar": 61,
    "speed": 7.105427357601002e-14,
    "if_vehicle": true,
    "motion_state": false,
    "pose": [
      [
        -0.8589929237613635,
        -0.5078773982998969,
        0.06474337976992156,
        -39.6298235667432
      ],
      [
        0.5119660257546004,
        -0.8532185946773941,
        0.09954304681780977,
        -56.757488062183256
      ],
      [
        0.0046845918652832445,
        0.11865318366087224,
        0.9929247084276809,
        7.142707208230902
      ],
      [
        0.0,
        0.0,
        0.0,
        1.0
      ]
    ],
    "location": [
      -39.6298235667432,
      -56.757488062183256,
      7.142707208230902
    ],
    "rotation": [
      0.11893468500153655,
      -0.004684608999660245,
      2.6041141577575715
    ]
  },
  {
    "label_id": "WZQMFb0Vk03ey74WQdgtKw",
    "size": [
      1.7610851841609962,
      3.799601176698312,
      1.6700000000000017
    ],
    "obj_class": "vehicle",
    "point_num_in_lidar": 83,
    "speed": 0.020999742462555433,
    "if_vehicle": true,
    "motion_state": false,
    "pose": [
      [
        -0.44099565884711406,
        0.8951710024648741,
        0.06474337976992156,
        -26.499633218176086
      ],
      [
        -0.8897247623291562,
        -0.4455120976231217,
        0.09954304681780977,
        -44.283204268911504
      ],
      [
        0.11795200793681479,
        -0.013705736663110623,
        0.9929247084276809,
        4.748432309951632
      ],
      [
        0.0,
        0.0,
        0.0,
        1.0
      ]
    ],
    "location": [
      -26.499633218176086,
      -44.283204268911504,
      4.748432309951632
    ],
    "rotation": [
      -0.013802523169568783,
      -0.11822723926662608,
      -2.0309611146824658
    ]
  },
  {
    "label_id": "Xjo2_LZPDPNehR-MPrTfiQ",
    "size": [
      1.8386103891153194,
      4.197154481625292,
      1.8900000000000006
    ],
    "obj_class": "vehicle",
    "point_num_in_lidar": 28,
    "speed": 3.0354398977712303e-13,
    "if_vehicle": true,
    "motion_state": false,
    "pose": [
      [
        -0.4385923402009279,
        0.8963509658013659,
        0.06474337976992156,
        -28.61117744466719
      ],
      [
        -0.8909168628105496,
        -0.443123374908203,
        0.09954304681780977,
        -48.268698460604355
      ],
      [
        0.1179148111005655,
        -0.014022150937816799,
        0.9929247084276809,
        5.352165006551047
      ],
      [
        0.0,
        0.0,
        0.0,
        1.0
      ]
    ],
    "location": [
      -28.61117744466719,
      -48.268698460604355,
      5.352165006551047
    ],
    "rotation": [
      -0.01412113000238634,
      -0.11818978102827427,
      -2.0282595338249223
    ]
  },
  {
    "label_id": "aFNCQJ_mhmlAGA1fcaLCMw",
    "size": [
      2.075438916251608,
      4.655105173716041,
      1.7100000000000009
    ],
    "obj_class": "vehicle",
    "point_num_in_lidar": 3282,
    "speed": 0.01867745744144817,
    "if_vehicle": true,
    "motion_state": false,
    "pose": [
      [
        0.41490820376448073,
        -0.9075568727219798,
        0.06474337976992156,
        -7.35514258989474
      ],
      [
        0.902243601437911,
        0.41958034450457193,
        0.09954304681780977,
        -25.581703929876312
      ],
      [
        -0.11750602585944309,
        0.017113073380455365,
        0.9929247084276809,
        1.792898454363538
      ],
      [
        0.0,
        0.0,
        0.0,
        1.0
      ]
    ],
    "location": [
      -7.35514258989474,
      -25.581703929876312,
      1.792898454363538
    ],
    "rotation": [
      0.017233309919406935,
      0.11777813399888132,
      1.1397708902025585
    ]
  },
  {
    "label_id": "aKmdU8IOh3TxEJG16QWVqw",
    "size": [
      2.010924130064742,
      4.48477108310288,
      1.6300000000000026
    ],
    "obj_class": "vehicle",
    "point_num_in_lidar": 31,
    "speed": 2.8421709430404007e-13,
    "if_vehicle": true,
    "motion_state": false,
    "pose": [
      [
        0.47826840909084084,
        -0.8758239684101389,
        0.06474337976992156,
        -18.02110884524336
      ],
      [
        0.8701925271295734,
        0.48255170454374546,
        0.09954304681780977,
        -45.559112564651514
      ],
      [
        -0.1184242145575091,
        0.008730910619288764,
        0.9929247084276809,
        4.328432309951516
      ],
      [
        0.0,
        0.0,
        0.0,
        1.0
      ]
    ],
    "location": [
      -18.02110884524336,
      -45.559112564651514,
      4.328432309951516
    ],
    "rotation": [
      0.008792897924434924,
      0.11870277884246415,
      1.0682509175464183
    ]
  },
  {
    "label_id": "apfk-7yuTYXe8pejlnnP-A",
    "size": [
      2.107562474017547,
      4.327305987295328,
      2.0799999999999983
    ],
    "obj_class": "vehicle",
    "point_num_in_lidar": 94,
    "speed": 8.526512829121202e-13,
    "if_vehicle": true,
    "motion_state": false,
    "pose": [
      [
        -0.884528201151378,
        -0.46197202961204825,
        0.06474337976992156,
        -26.8059950969905
      ],
      [
        0.46635884765104946,
        -0.8789770230488466,
        0.09954304681780977,
        -29.09975143673728
      ],
      [
        0.010921839840095853,
        0.11824228012141957,
        0.9929247084276809,
        4.075754875475923
      ],
      [
        0.0,
        0.0,
        0.0,
        1.0
      ]
    ],
    "location": [
      -26.8059950969905,
      -29.09975143673728,
      4.075754875475923
    ],
    "rotation": [
      0.11852665989953162,
      -0.01092205698991607,
      2.656391093299216
    ]
  },
  {
    "label_id": "f-F206LnSHYeShECxDdREQ",
    "size": [
      1.8998600635909024,
      4.287560747320762,
      1.7000000000000028
    ],
    "obj_class": "vehicle",
    "point_num_in_lidar": 3626,
    "speed": 0.05705807584132223,
    "if_vehicle": true,
    "motion_state": false,
    "pose": [
      [
        0.4415115894525805,
        -0.8949166503954565,
        0.06474337976992156,
        -3.3990459100855333
      ],
      [
        0.8894678077514825,
        0.4460248880993067,
        0.09954304681780977,
        -17.832191058412718
      ],
      [
        -0.1179598887454026,
        0.01363774325088999,
        0.9929247084276809,
        0.8925165435419871
      ],
      [
        0.0,
        0.0,
        0.0,
        1.0
      ]
    ],
    "location": [
      -3.3990459100855333,
      -17.832191058412718,
      0.8925165435419871
    ],
    "rotation": [
      0.013734058236423352,
      0.11823517547927348,
      1.1100511109406852
    ]
  },
  {
    "label_id": "gv6rqafzMa4a62S6O3hU8A",
    "size": [
      0.9272963637432423,
      2.150412388049621,
      1.3900000000000006
    ],
    "obj_class": "vehicle",
    "point_num_in_lidar": 34,
    "speed": 8.526512829121202e-13,
    "if_vehicle": true,
    "motion_state": false,
    "pose": [
      [
        -0.9831132818003909,
        -0.17116240803293492,
        0.06474337976992156,
        -23.65883916154303
      ],
      [
        0.17702936154047266,
        -0.9791587138879989,
        0.09954304681780977,
        -57.961259193083606
      ],
      [
        0.046356016872007175,
        0.10932357062210848,
        0.9929247084276809,
        5.785778246818722
      ],
      [
        0.0,
        0.0,
        0.0,
        1.0
      ]
    ],
    "location": [
      -23.65883916154303,
      -57.961259193083606,
      5.785778246818722
    ],
    "rotation": [
      0.10966087775079725,
      -0.0463726352021312,
      2.963431762380526
    ]
  },
  {
    "label_id": "jNNepStz6_GUA6HPue9NPw",
    "size": [
      2.9734921272020425,
      7.822413531678656,
      3.460000000000001
    ],
    "obj_class": "vehicle",
    "point_num_in_lidar": 288,
    "speed": 5.100714103838993,
    "if_vehicle": true,
    "motion_state": true,
    "pose": [
      [
        0.4734675934510754,
        -0.8784285586930874,
        0.06474337976992156,
        -29.937684563960147
      ],
      [
        0.8728206455469013,
        0.4777816473425054,
        0.09954304681780977,
        -62.13006433520786
      ],
      [
        -0.11837465378508173,
        0.009378951704054993,
        0.9929247084276809,
        7.452407642711911
      ],
      [
        0.0,
        0.0,
        0.0,
        1.0
      ]
    ],
    "location": [
      -29.937684563960147,
      -62.13006433520786,
      7.452407642711911
    ],
    "rotation": [
      0.009445502464116271,
      0.11865286699251251,
      1.0737627927912994
    ]
  },
  {
    "label_id": "sddqzrE-ya3ZIGAQhw3WMQ",
    "size": [
      0.5257448990351298,
      0.1293304009544773,
      0.5300000000000011
    ],
    "obj_class": "sign",
    "point_num_in_lidar": 155,
    "speed": 0.012076087992436,
    "if_vehicle": false,
    "motion_state": false,
    "pose": [
      [
        0.5991569127493983,
        -0.7980095793162997,
        0.06474337976992156,
        -21.017550564369003
      ],
      [
        0.7918210909879044,
        0.6025865429106032,
        0.09954304681780977,
        -28.16186036898398
      ],
      [
        -0.11844979430684842,
        -0.008376731013364218,
        0.9929247084276809,
        4.9975157624189634
      ],
      [
        0.0,
        0.0,
        0.0,
        1.0
      ]
    ],
    "location": [
      -21.017550564369003,
      -28.16186036898398,
      4.9975157624189634
    ],
    "rotation": [
      -0.008436221012358957,
      0.11872853990931558,
      0.9230323189469379
    ]
  },
  {
    "label_id": "vfjDCWBNleMB9kSOrvvidA",
    "size": [
      2.0397121402273504,
      4.425729590636861,
      1.8299999999999983
    ],
    "obj_class": "vehicle",
    "point_num_in_lidar": 3541,
    "speed": 0.037873621052954706,
    "if_vehicle": true,
    "motion_state": false,
    "pose": [
      [
        -0.42851053957960755,
        0.901214187774006,
        0.06474337976992156,
        -10.910729983615738
      ],
      [
        -0.8958312504517596,
        -0.4331022425989782,
        0.09954304681780977,
        -14.024613536310426
      ],
      [
        0.11775010905825262,
        -0.015343898154464174,
        0.9929247084276809,
        1.24170932073406
      ],
      [
        0.0,
        0.0,
        0.0,
        1.0
      ]
    ],
    "location": [
      -10.910729983615738,
      -14.024613536310426,
      1.24170932073406
    ],
    "rotation": [
      -0.01545200437896989,
      -0.11802392353782284,
      -2.01696501943495
    ]
  },
  {
    "label_id": "yiHJUEjuvum2AvPU1wWiGQ",
    "size": [
      1.8780492570819787,
      4.169851547652348,
      1.8900000000000006
    ],
    "obj_class": "vehicle",
    "point_num_in_lidar": 66,
    "speed": 3.0354398977712303e-13,
    "if_vehicle": true,
    "motion_state": false,
    "pose": [
      [
        -0.42205115435316015,
        0.9042572188736636,
        0.06474337976992156,
        -32.86059265722383
      ],
      [
        -0.8989072741478678,
        -0.4266812561084415,
        0.09954304681780977,
        -56.35414126030264
      ],
      [
        0.11763730527861954,
        -0.016186037210813117,
        0.9929247084276809,
        6.3892387799522155
      ],
      [
        0.0,
        0.0,
        0.0,
        1.0
      ]
    ],
    "location": [
      -32.86059265722383,
      -56.35414126030264,
      6.3892387799522155
    ],
    "rotation": [
      -0.016299930468918946,
      -0.11791033027861468,
      -2.0097605350932746
    ]
  }
]