[
  {
    "label_id": "2l37eBY1F_iWZj9LEEAT1g",
    "size": [
      0.8673556231018441,
      0.1312011474709614,
      0.8874413115178221
    ],
    "obj_class": "sign",
    "point_num_in_lidar": 234,
    "speed": 0.026940705782915752,
    "if_vehicle": false,
    "motion_state": false,
    "pose": [
      [
        -0.9991981136220704,
        0.040029101624365356,
        -0.0008948504021838374,
        11.183269057438793
      ],
      [
        -0.039983038413002804,
        -0.9987320768259857,
        -0.030587503299840786,
        -9.101725758025452
      ],
      [
        -0.0021181060786465695,
        -0.030527196759605357,
        0.9995316922862626,
        2.5922176456703703
      ],
      [
        0.0,
        0.0,
        0.0,
        1.0
      ]
    ],
    "location": [
      11.183269057438793,
      -9.101725758025452,
      2.5922176456703703
    ],
    "rotation": [
      -0.030532008691444214,
      0.002118107662418881,
      -3.101598864641111
    ]
  },
  {
    "label_id": "38odIvL22Z0MtCYybAf0ug",
    "size": [
      2.003925311419217,
      4.574756563579033,
      1.4899999999999984
    ],
    "obj_class": "vehicle",
    "point_num_in_lidar": 61,
    "speed": 0.019138425016803233,
    "if_vehicle": true,
    "motion_state": false,
    "pose": [
      [
        0.027988725748530736,
        0.9996078383414825,
        -0.0008948504021838374,
        68.01174894437781
      ],
      [
        -0.9991412804358105,
        0.027948280286473934,
        -0.030587503299840786,
        -12.232738746467987
      ],
      [
        -0.03055049852396211,
        0.0017501872178279818,
        0.9995316922862626,
        1.2217021495041962
      ],
      [
        0.0,
        0.0,
        0.0,
        1.0
      ]
    ],
    "location": [
      68.01174894437781,
      -12.232738746467987,
      1.2217021495041962
    ],
    "rotation": [
      0.0017510054384782207,
      0.03055525281890578,
      -1.5427908698334911
    ]
  },
  {
    "label_id": "Aol9evC7U5sjtikEbkZhVg",
    "size": [
      0.7491777638427449,
      0.8126307549449647,
      1.370000000000001
    ],
    "obj_class": "pedestrian",
    "point_num_in_lidar": 64,
    "speed": 1.0243315422613883,
    "if_vehicle": false,
    "motion_state": true,
    "pose": [
      [
        -0.28151710933779645,
        -0.9595557911830083,
        -0.0008948504021838374,
        -8.660463425990656
      ],
      [
        0.9591148972946956,
        -0.2813592337728901,
        -0.030587503299840786,
        17.93485050262575
      ],
      [
        0.02909864150569179,
        -0.009469169862416155,
        0.9995316922862626,
        0.660432328280919
      ],
      [
        0.0,
        0.0,
        0.0,
        1.0
      ]
    ],
    "location": [
      -8.660463425990656,
      17.93485050262575,
      0.660432328280919
    ],
    "rotation": [
      -0.009473323024384602,
      -0.029102749524491905,
      1.8562954125317404
    ]
  },
  {
    "label_id": "CSAt4m_S2Ops0pk3ZVRiMQ",
    "size": [
      2.2454996440709314,
      5.044614708423294,
      1.9199999999999982
    ],
    "obj_class": "vehicle",
    "point_num_in_lidar": 907,
    "speed": 0.045623770808515415,
    "if_vehicle": true,
    "motion_state": false,
    "pose": [
      [
        0.01507077529251299,
        0.9998860289927249,
        -0.0008948504021838374,
        17.290930529497928
      ],
      [
        -0.9994189874502836,
        0.015036361452564921,
        -0.030587503299840786,
        -11.751388994546403
      ],
      [
        -0.030570561917186462,
        0.0013553078718609496,
        0.9995316922862626,
        1.1110377429803115
      ],
      [
        0.0,
        0.0,
        0.0,
        1.0
      ]
    ],
    "location": [
      17.290930529497928,
      -11.751388994546403,
      1.1110377429803115
    ],
    "rotation": [
      0.001355942039363816,
      0.030575325587761232,
      -1.555717932937217
    ]
  },
  {
    "label_id": "Ca52RzCTxUn4ltSurTvTbA",
    "size": [
      2.128255231203382,
      5.199330454015684,
      1.4800000000000004
    ],
    "obj_class": "vehicle",
    "point_num_in_lidar": 49,
    "speed": 0.02464667384770543,
    "if_vehicle": true,
    "motion_state": false,
    "pose": [
      [
        0.9996946183720734,
        0.024695530783368336,
        -0.0008948504021838374,
        75.75980280045314
      ],
      [
        -0.02471134834455475,
        0.999226577861536,
        -0.030587503299840786,
        -5.986421332872055
      ],
      [
        0.000138783675744576,
        0.0306002753982935,
        0.9995316922862626,
        1.1111830542376389
      ],
      [
        0.0,
        0.0,
        0.0,
        1.0
      ]
    ],
    "location": [
      75.75980280045314,
      -5.986421332872055,
      1.1111830542376389
    ],
    "rotation": [
      0.030605053271463366,
      -0.00013878367619009262,
      -0.02471386427447755
    ]
  },
  {
    "label_id": "NhYmqrHhf75KQuJs8nq1UQ",
    "size": [
      2.438431747630724,
      5.980836144852448,
      2.0
    ],
    "obj_class": "vehicle",
    "point_num_in_lidar": 3876,
    "speed": 0.011448348864255924,
    "if_vehicle": true,
    "motion_state": false,
    "pose": [
      [
        -0.00423519341197575,
        -0.9999906311458727,
        -0.0008948504021838374,
        -4.339795868417241
      ],
      [
        0.9995232441176123,
        -0.004205842422898021,
        -0.030587503299840786,
        -12.55581185690653
      ],
      [
        0.030583453130200597,
        -0.0010239677694550112,
        0.9995316922862626,
        1.0566496286297955
      ],
      [
        0.0,
        0.0,
        0.0,
        1.0
      ]
    ],
    "location": [
      -4.339795868417241,
      -12.55581185690653,
      1.0566496286297955
    ],
    "rotation": [
      -0.001024447167750633,
      -0.030588222831346164,
      1.57503351496534
    ]
  },
  {
    "label_id": "YLu127Sv07CuQxpHfdw8PQ",
    "size": [
      2.1218738025544672,
      4.752483290869514,
      1.5999999999999979
    ],
    "obj_class": "vehicle",
    "point_num_in_lidar": 2170,
    "speed": 0.027265085489873293,
    "if_vehicle": true,
    "motion_state": false,
    "pose": [
      [
        0.07081876755453914,
        0.9974887976337448,
        -0.0008948504021838374,
        0.40621950856211697
      ],
      [
        -0.9970244027074145,
        0.07075835673477465,
        -0.030587503299840786,
        -12.702379099210305
      ],
      [
        -0.030447373745194406,
        0.0030583569740149532,
        0.9995316922862626,
        1.009960471059241
      ],
      [
        0.0,
        0.0,
        0.0,
        1.0
      ]
    ],
    "location": [
      0.40621950856211697,
      -12.702379099210305,
      1.009960471059241
    ],
    "rotation": [
      0.003059780348375063,
      0.030452080044039084,
      -1.4998852974691612
    ]
  },
  {
    "label_id": "hl1qkhTZcPl-qsRTJjKUIA",
    "size": [
      2.391021956929823,
      5.194751274041504,
      2.049999999999997
    ],
    "obj_class": "vehicle",
    "point_num_in_lidar": 431,
    "speed": 0.020518913527084792,
    "if_vehicle": true,
    "motion_state": false,
    "pose": [
      [
        0.022656872728833207,
        -0.9997428996301535,
        -0.0008948504021838374,
        44.544328879359455
      ],
      [
        0.9992748923484169,
        0.02267364469912416,
        -0.030587503299840786,
        -12.328957816985337
      ],
      [
        0.0305999287615077,
        -0.00020118436995293304,
        0.9995316922862626,
        1.350248321120766
      ],
      [
        0.0,
        0.0,
        0.0,
        1.0
      ]
    ],
    "location": [
      44.544328879359455,
      -12.328957816985337,
      1.350248321120766
    ],
    "rotation": [
      -0.00020127862756996796,
      -0.030604706177441387,
      1.5481268975675666
    ]
  },
  {
    "label_id": "jX-x7_QCYCyQJYz9-bsD4A",
    "size": [
      2.495245290657093,
      5.894180782425041,
      2.1799999999999997
    ],
    "obj_class": "vehicle",
    "point_num_in_lidar": 5932,
    "speed": 0.02234388885697818,
    "if_vehicle": true,
    "motion_state": false,
    "pose": [
      [
        0.9993144866635417,
        -0.03701021463244723,
        -0.0008948504021838374,
        8.322292225601814
      ],
      [
        0.03696555958760748,
        0.9988483128314615,
        -0.030587503299840786,
        -6.283453187828968
      ],
      [
        0.002025869876655676,
        0.030533456512535858,
        0.9995316922862626,
        1.0178745668078406
      ],
      [
        0.0,
        0.0,
        0.0,
        1.0
      ]
    ],
    "location": [
      8.322292225601814,
      -6.283453187828968,
      1.0178745668078406
    ],
    "rotation": [
      0.03053826553975897,
      -0.002025871262403458,
      0.03697405929079133
    ]
  }
]