[
  {
    "label_id": "2l37eBY1F_iWZj9LEEAT1g",
    "size": [
      0.867355623101844,
      0.1312011474709614,
      0.8874413115178221
    ],
    "obj_class": "sign",
    "point_num_in_lidar": 34,
    "speed": 0.03098278259869996,
    "if_vehicle": false,
    "motion_state": false,
    "pose": [
      [
        -0.9991691997138523,
        0.04002794329774008,
        -0.007659901992379516,
        11.196777792737976
      ],
      [
        -0.039925390915271905,
        -0.9991167473357818,
        -0.01310299024766624,
        -8.984593315858604
      ],
      [
        -0.00817762211420152,
        -0.012786279698200665,
        0.9998848121398968,
        2.653373931206829
      ],
      [
        0.0,
        0.0,
        0.0,
        1.0
      ]
    ],
    "location": [
      11.196777792737976,
      -8.984593315858604,
      2.653373931206829
    ],
    "rotation": [
      -0.012787055714465072,
      0.008177713261317878,
      -3.1016553118602865
    ]
  },
  {
    "label_id": "3Nrnr3gCa09jSZ5ari8tyw",
    "size": [
      2.1009085634048867,
      5.396046833633512,
      1.5899999999999999
    ],
    "obj_class": "vehicle",
    "point_num_in_lidar": 423,
    "speed": 0.026946907619138153,
    "if_vehicle": true,
    "motion_state": false,
    "pose": [
      [
        -0.0008855086115958383,
        0.9999702704460598,
        -0.007659901992379516,
        -7.319625310023184
      ],
      [
        -0.9999136661670206,
        -0.0009858290916066408,
        -0.01310299024766624,
        -12.297828474259177
      ],
      [
        -0.013110152055833836,
        0.007647637872978301,
        0.9998848121398968,
        0.8384340797993239
      ],
      [
        0.0,
        0.0,
        0.0,
        1.0
      ]
    ],
    "location": [
      -7.319625310023184,
      -12.297828474259177,
      0.8384340797993239
    ],
    "rotation": [
      0.007648369749023432,
      0.013110527638489446,
      -1.571681911630936
    ]
  },
  {
    "label_id": "3sK2f-reF27WdLJDxYR9nw",
    "size": [
      2.0338284408014653,
      4.364310268866955,
      1.6699999999999982
    ],
    "obj_class": "vehicle",
    "point_num_in_lidar": 253,
    "speed": 0.029394855118525687,
    "if_vehicle": true,
    "motion_state": false,
    "pose": [
      [
        -0.028180509720736435,
        -0.9995735014361609,
        -0.007659901992379516,
        -20.398122672002046
      ],
      [
        0.9995198370396408,
        -0.028078586339408657,
        -0.01310299024766624,
        -37.21468002191992
      ],
      [
        0.012882322621699175,
        -0.008025472935207867,
        0.9998848121398968,
        0.5937124304421424
      ],
      [
        0.0,
        0.0,
        0.0,
        1.0
      ]
    ],
    "location": [
      -20.398122672002046,
      -37.21468002191992,
      0.5937124304421424
    ],
    "rotation": [
      -0.008026225123733863,
      -0.012882678960979398,
      1.5989829072906143
    ]
  },
  {
    "label_id": "Aol9evC7U5sjtikEbkZhVg",
    "size": [
      0.7491777638424385,
      0.8126307549449647,
      1.370000000000001
    ],
    "obj_class": "pedestrian",
    "point_num_in_lidar": 31,
    "speed": 0.9737757431897586,
    "if_vehicle": false,
    "motion_state": false,
    "pose": [
      [
        -0.2316700295663639,
        -0.9727642691331684,
        -0.007659901992379516,
        -8.328379389760812
      ],
      [
        0.9727325448735549,
        -0.2315592964887984,
        -0.01310299024766624,
        13.724206344045228
      ],
      [
        0.010972399215201536,
        -0.010486606096613955,
        0.9998848121398968,
        0.7361014697502455
      ],
      [
        0.0,
        0.0,
        0.0,
        1.0
      ]
    ],
    "location": [
      -8.328379389760812,
      13.724206344045228,
      0.7361014697502455
    ],
    "rotation": [
      -0.010487429657790365,
      -0.010972619394802704,
      1.8046047311373479
    ]
  },
  {
    "label_id": "Br7QAZ4g__QOs39xIHOUkg",
    "size": [
      1.9756204058230795,
      4.190739021442814,
      1.3999999999999986
    ],
    "obj_class": "vehicle",
    "point_num_in_lidar": 141,
    "speed": 0.028166952762567973,
    "if_vehicle": true,
    "motion_state": false,
    "pose": [
      [
        -0.006755262810666276,
        -0.9999478448028307,
        -0.007659901992379516,
        -20.38972314810553
      ],
      [
        0.9998920087222734,
        -0.006654512747524145,
        -0.01310299024766624,
        -43.30531598669842
      ],
      [
        0.01305133394317329,
        -0.00774758893250468,
        0.9998848121398968,
        0.4640339628649599
      ],
      [
        0.0,
        0.0,
        0.0,
        1.0
      ]
    ],
    "location": [
      -20.38972314810553,
      -43.30531598669842,
      0.4640339628649599
    ],
    "rotation": [
      -0.007748326398820321,
      -0.01305170449311335,
      1.5775522164077331
    ]
  },
  {
    "label_id": "CSAt4m_S2Ops0pk3ZVRiMQ",
    "size": [
      2.245499644070924,
      5.044614708423294,
      1.9199999999999982
    ],
    "obj_class": "vehicle",
    "point_num_in_lidar": 144,
    "speed": 0.04562377042707627,
    "if_vehicle": true,
    "motion_state": false,
    "pose": [
      [
        0.015070339187793998,
        0.9998570951782221,
        -0.007659901992379516,
        17.34211020348539
      ],
      [
        -0.9998020988399736,
        0.014969128289692922,
        -0.01310299024766624,
        -11.581044154450638
      ],
      [
        -0.012986455711569733,
        0.007855852596296222,
        0.9998848121398968,
        1.1623256330655352
      ],
      [
        0.0,
        0.0,
        0.0,
        1.0
      ]
    ],
    "location": [
      17.34211020348539,
      -11.581044154450638,
      1.1623256330655352
    ],
    "rotation": [
      0.00785659594305829,
      0.012986820762641018,
      -1.5557241460018247
    ]
  },
  {
    "label_id": "NhYmqrHhf75KQuJs8nq1UQ",
    "size": [
      2.438431747630728,
      5.980836144852448,
      2.0
    ],
    "obj_class": "vehicle",
    "point_num_in_lidar": 77,
    "speed": 0.01144834896008274,
    "if_vehicle": true,
    "motion_state": false,
    "pose": [
      [
        -0.004235070857705706,
        -0.9999616943044856,
        -0.007659901992379516,
        -4.345200156658393
      ],
      [
        0.9999056044806816,
        -0.004134461838324807,
        -0.01310299024766624,
        -12.511508143385527
      ],
      [
        0.013070818756038681,
        -0.007714671024099709,
        0.9998848121398968,
        1.056649628629792
      ],
      [
        0.0,
        0.0,
        0.0,
        1.0
      ]
    ],
    "location": [
      -4.345200156658393,
      -12.511508143385527,
      1.056649628629792
    ],
    "rotation": [
      -0.007715406666316069,
      -0.013071190968165544,
      1.5750317721353264
    ]
  },
  {
    "label_id": "YLu127Sv07CuQxpHfdw8PQ",
    "size": [
      2.1218738025544717,
      4.752483290869514,
      1.6000000000000014
    ],
    "obj_class": "vehicle",
    "point_num_in_lidar": 46,
    "speed": 0.012942497972519049,
    "if_vehicle": true,
    "motion_state": false,
    "pose": [
      [
        0.07081671826389341,
        0.9974599331881956,
        -0.007659901992379516,
        0.4354643889064391
      ],
      [
        -0.9974106677902991,
        0.07071259735492089,
        -0.01310299024766624,
        -12.65885823536621
      ],
      [
        -0.012528056211637455,
        0.008567978730211019,
        0.9998848121398968,
        0.9920694122323397
      ],
      [
        0.0,
        0.0,
        0.0,
        1.0
      ]
    ],
    "location": [
      0.4354643889064391,
      -12.65885823536621,
      0.9920694122323397
    ],
    "rotation": [
      0.00856875604863301,
      0.012528383952434063,
      -1.4999147114235345
    ]
  },
  {
    "label_id": "bi6BwT5X53pA_hTOxoaKDw",
    "size": [
      0.6606113832049813,
      1.5311806494396478,
      1.4100000000000001
    ],
    "obj_class": "cyclist",
    "point_num_in_lidar": 34,
    "speed": 1.1337710590270036,
    "if_vehicle": false,
    "motion_state": true,
    "pose": [
      [
        -0.8843175941559408,
        0.46682300561103013,
        -0.007659901992379516,
        -5.1758606017319835
      ],
      [
        -0.4667078600777091,
        -0.8843144717736192,
        -0.01310299024766624,
        13.450107800506032
      ],
      [
        -0.012890539474136355,
        -0.00801226834479654,
        0.9998848121398968,
        0.7363017677328187
      ],
      [
        0.0,
        0.0,
        0.0,
        1.0
      ]
    ],
    "location": [
      -5.1758606017319835,
      13.450107800506032,
      0.7363017677328187
    ],
    "rotation": [
      -0.0080130198614632,
      0.012890896495747275,
      -2.655984105430367
    ]
  },
  {
    "label_id": "gbmVKnh7i3GGGRkHohtmAQ",
    "size": [
      2.0893825324482735,
      4.914820528800514,
      1.6499999999999986
    ],
    "obj_class": "vehicle",
    "point_num_in_lidar": 442,
    "speed": 0.028703876827350244,
    "if_vehicle": true,
    "motion_state": false,
    "pose": [
      [
        -0.01980318318782989,
        -0.9997745545057128,
        -0.007659901992379516,
        -20.59570789470854
      ],
      [
        0.9997200378845886,
        -0.01970171308811397,
        -0.01310299024766624,
        -25.658254215417145
      ],
      [
        0.012949123046216279,
        -0.007917238426196767,
        0.9998848121398968,
        0.592781003376615
      ],
      [
        0.0,
        0.0,
        0.0,
        1.0
      ]
    ],
    "location": [
      -20.59570789470854,
      -25.658254215417145,
      0.592781003376615
    ],
    "rotation": [
      -0.007917985025523135,
      -0.01294948495789246,
      1.5906024653985937
    ]
  },
  {
    "label_id": "iMbffYX3h1bRns-fgVtlvQ",
    "size": [
      0.753769556085387,
      0.11239118882670908,
      0.759999999999998
    ],
    "obj_class": "sign",
    "point_num_in_lidar": 35,
    "speed": 0.03357236519831379,
    "if_vehicle": false,
    "motion_state": false,
    "pose": [
      [
        -0.07993198384219534,
        0.9967708883492326,
        -0.007659901992379516,
        -17.7530573135341
      ],
      [
        -0.9967065307177138,
        -0.0800275157132146,
        -0.01310299024766624,
        -15.1410539683514
      ],
      [
        -0.013673682156254443,
        0.006587326335701389,
        0.9998848121398968,
        2.526465515471749
      ],
      [
        0.0,
        0.0,
        0.0,
        1.0
      ]
    ],
    "location": [
      -17.7530573135341,
      -15.1410539683514,
      2.526465515471749
    ],
    "rotation": [
      0.006587989891692341,
      0.01367410828588515,
      -1.6508211696201058
    ]
  },
  {
    "label_id": "jX-x7_QCYCyQJYz9-bsD4A",
    "size": [
      2.4952452906571927,
      5.894180782425041,
      2.1799999999999997
    ],
    "obj_class": "vehicle",
    "point_num_in_lidar": 176,
    "speed": 0.03473543718929499,
    "if_vehicle": true,
    "motion_state": false,
    "pose": [
      [
        0.9992858443545819,
        -0.037001718527894155,
        -0.007659901992379516,
        8.354567655847404
      ],
      [
        0.036899325470774264,
        0.9992330816312937,
        -0.01310299024766624,
        -6.159575361770919
      ],
      [
        0.008138860629856958,
        0.012810987456517967,
        0.9998848121398968,
        1.103396433855501
      ],
      [
        0.0,
        0.0,
        0.0,
        1.0
      ]
    ],
    "location": [
      8.354567655847404,
      -6.159575361770919,
      1.103396433855501
    ],
    "rotation": [
      0.012811762271152239,
      -0.008138950486984332,
      0.03690892706635992
    ]
  },
  {
    "label_id": "lt-ChaHK2hkojlBkKlrc0w",
    "size": [
      1.79895792445398,
      4.292386535471151,
      1.509999999999998
    ],
    "obj_class": "vehicle",
    "point_num_in_lidar": 79,
    "speed": 0.017386789057784197,
    "if_vehicle": true,
    "motion_state": false,
    "pose": [
      [
        0.01636102243053633,
        0.9998368081074503,
        -0.007659901992379516,
        -37.46297930808032
      ],
      [
        -0.9997819424661759,
        0.016259740623074705,
        -0.01310299024766624,
        -59.679946588238636
      ],
      [
        -0.0129763039262954,
        0.007872610010390888,
        0.9998848121398968,
        0.4792722218693619
      ],
      [
        0.0,
        0.0,
        0.0,
        1.0
      ]
    ],
    "location": [
      -37.46297930808032,
      -59.679946588238636,
      0.4792722218693619
    ],
    "rotation": [
      0.007873354250950234,
      0.012976668121888267,
      -1.5544331965189289
    ]
  },
  {
    "label_id": "rpMsSVtA7369hpyGXq6L1Q",
    "size": [
      2.0043331838122436,
      4.627603661351985,
      1.5600000000000023
    ],
    "obj_class": "vehicle",
    "point_num_in_lidar": 56,
    "speed": 0.03671320856629061,
    "if_vehicle": true,
    "motion_state": false,
    "pose": [
      [
        -0.003992817599774549,
        -0.9999626909585587,
        -0.007659901992379516,
        -20.387342535464086
      ],
      [
        0.9999065767626168,
        -0.003892222171802165,
        -0.01310299024766624,
        -50.917845973742374
      ],
      [
        0.013072687347291513,
        -0.007711504229607905,
        0.9998848121398968,
        0.5443682344756553
      ],
      [
        0.0,
        0.0,
        0.0,
        1.0
      ]
    ],
    "location": [
      -20.387342535464086,
      -50.917845973742374,
      0.5443682344756553
    ],
    "rotation": [
      -0.007712239695457922,
      -0.013073059719082613,
      1.5747894962271036
    ]
  },
  {
    "label_id": "yIM_xzrB6oDXVWkXuERQ2A",
    "size": [
      0.5437255909070021,
      0.10246703175852812,
      0.5700000000000003
    ],
    "obj_class": "sign",
    "point_num_in_lidar": 44,
    "speed": 0.013902155412498583,
    "if_vehicle": false,
    "motion_state": false,
    "pose": [
      [
        0.9999706625203898,
        -1.5040129259008285e-14,
        -0.007659901992379516,
        -28.990002382618513
      ],
      [
        -0.00010037056570861636,
        0.9999141471007995,
        -0.01310299024766624,
        9.598380615400401
      ],
      [
        0.007659244367586075,
        0.013103374667653264,
        0.9998848121398968,
        2.4301284906709917
      ],
      [
        0.0,
        0.0,
        0.0,
        1.0
      ]
    ],
    "location": [
      -28.990002382618513,
      9.598380615400401,
      2.4301284906709917
    ],
    "rotation": [
      0.01310413406635833,
      -0.007659319256579333,
      -0.00010037351007734914
    ]
  }
]