[
  {
    "label_id": "3Nrnr3gCa09jSZ5ari8tyw",
    "size": [
      2.1009085634048885,
      5.396046833633512,
      1.5899999999999999
    ],
    "obj_class": "vehicle",
    "point_num_in_lidar": 111,
    "speed": 0.026946907844563533,
    "if_vehicle": true,
    "motion_state": false,
    "pose": [
      [
        -0.0008854311650038321,
        0.9998828130337423,
        -0.015283200299099381,
        -7.274118236884988
      ],
      [
        -0.9998350520088146,
        -0.0011624301454426491,
        -0.018125052570626323,
        -12.224664224842059
      ],
      [
        -0.018140694203448823,
        0.015264630879497794,
        0.9997189136241895,
        0.867469280625059
      ],
      [
        0.0,
        0.0,
        0.0,
        1.0
      ]
    ],
    "location": [
      -7.274118236884988,
      -12.224664224842059,
      0.867469280625059
    ],
    "rotation": [
      0.015267736332722224,
      0.01814168932189998,
      -1.5716819038025833
    ]
  },
  {
    "label_id": "3sK2f-reF27WdLJDxYR9nw",
    "size": [
      2.033828440801453,
      4.364310268866955,
      1.6699999999999982
    ],
    "obj_class": "vehicle",
    "point_num_in_lidar": 103,
    "speed": 0.02939485511883733,
    "if_vehicle": true,
    "motion_state": false,
    "pose": [
      [
        -0.028178045053001248,
        -0.9994860787252661,
        -0.015283200299099381,
        -20.342452033942664
      ],
      [
        0.9994463892735068,
        -0.027899774864002625,
        -0.018125052570626323,
        -37.138951750886235
      ],
      [
        0.017689339872958277,
        -0.015785467903401778,
        0.9997189136241895,
        0.5937124304421424
      ],
      [
        0.0,
        0.0,
        0.0,
        1.0
      ]
    ],
    "location": [
      -20.342452033942664,
      -37.138951750886235,
      0.5937124304421424
    ],
    "rotation": [
      -0.01578859417471945,
      -0.01769026253953544,
      1.5989825135075229
    ]
  },
  {
    "label_id": "Br7QAZ4g__QOs39xIHOUkg",
    "size": [
      1.9756204058230928,
      4.190739021442814,
      1.3999999999999986
    ],
    "obj_class": "vehicle",
    "point_num_in_lidar": 48,
    "speed": 0.028166953469396714,
    "if_vehicle": true,
    "motion_state": false,
    "pose": [
      [
        -0.006754671995299993,
        -0.9998603893518602,
        -0.015283200299099381,
        -20.356545715447737
      ],
      [
        0.9998147462628608,
        -0.006477316160508494,
        -0.018125052570626323,
        -43.221586512953536
      ],
      [
        0.018023528000007727,
        -0.015402797814140676,
        0.9997189136241895,
        0.5053264834271651
      ],
      [
        0.0,
        0.0,
        0.0,
        1.0
      ]
    ],
    "location": [
      -20.356545715447737,
      -43.221586512953536,
      0.5053264834271651
    ],
    "rotation": [
      -0.015405909608949482,
      -0.018024503959201816,
      1.577552147567344
    ]
  },
  {
    "label_id": "GyNlIjjAG5Kii-Ia91iUoQ",
    "size": [
      2.1062211873414425,
      5.262532005511048,
      1.9400000000000013
    ],
    "obj_class": "vehicle",
    "point_num_in_lidar": 25,
    "speed": 5.67397464639775e-29,
    "if_vehicle": true,
    "motion_state": false,
    "pose": [
      [
        0.0064180102163266415,
        0.9998626070283261,
        -0.015283200299099381,
        -76.05903989512308
      ],
      [
        -0.9998168705538736,
        0.006140669765669071,
        -0.018125052570626323,
        71.8401159761508
      ],
      [
        -0.01802871322979256,
        0.015396728267663303,
        0.9997189136241895,
        0.5970518770813662
      ],
      [
        0.0,
        0.0,
        0.0,
        1.0
      ]
    ],
    "location": [
      -76.05903989512308,
      71.8401159761508,
      0.5970518770813662
    ],
    "rotation": [
      0.015399839796207682,
      0.018029690031638956,
      -1.564377229203998
    ]
  },
  {
    "label_id": "LOhalPOXYV1GxeaCv9W3rw",
    "size": [
      0.5437892611593222,
      0.13402398554900433,
      0.4800000000000004
    ],
    "obj_class": "sign",
    "point_num_in_lidar": 53,
    "speed": 0.03163744138034167,
    "if_vehicle": false,
    "motion_state": false,
    "pose": [
      [
        0.9805593196279916,
        0.1956267989803748,
        -0.015283200299099381,
        -53.83785901130523
      ],
      [
        -0.19588918957634516,
        0.9804585192023346,
        -0.018125052570626323,
        10.0208516403261
      ],
      [
        0.011438797918185015,
        0.020766502937598463,
        0.9997189136241895,
        2.015600762925523
      ],
      [
        0.0,
        0.0,
        0.0,
        1.0
      ]
    ],
    "location": [
      -53.83785901130523,
      10.0208516403261,
      2.015600762925523
    ],
    "rotation": [
      0.020769354845940318,
      -0.011439047386552721,
      -0.1971771953977602
    ]
  },
  {
    "label_id": "LpJfvJxzLcwpRByPhML4yg",
    "size": [
      1.0693601647478783,
      0.17514336330486888,
      1.1393204294093593
    ],
    "obj_class": "sign",
    "point_num_in_lidar": 87,
    "speed": 0.03497361418933162,
    "if_vehicle": false,
    "motion_state": false,
    "pose": [
      [
        0.9805593196280906,
        0.1956267989798788,
        -0.015283200299099381,
        -53.83910775066488
      ],
      [
        -0.19588918957584922,
        0.9804585192024338,
        -0.018125052570626323,
        10.018560907500898
      ],
      [
        0.011438797918195518,
        0.020766502937592676,
        0.9997189136241895,
        2.8661654627322193
      ],
      [
        0.0,
        0.0,
        0.0,
        1.0
      ]
    ],
    "location": [
      -53.83910775066488,
      10.018560907500898,
      2.8661654627322193
    ],
    "rotation": [
      0.02076935484593453,
      -0.011439047386563225,
      -0.19717719539725445
    ]
  },
  {
    "label_id": "O7_72QWmyzHPMSIcWsFFWg",
    "size": [
      2.295076506574204,
      5.414774339034011,
      2.0
    ],
    "obj_class": "vehicle",
    "point_num_in_lidar": 157,
    "speed": 2.1316282072803006e-13,
    "if_vehicle": true,
    "motion_state": false,
    "pose": [
      [
        0.08337796248800244,
        -0.9964007924324263,
        -0.015283200299099381,
        -68.07726403399738
      ],
      [
        0.9963303403809435,
        0.08365007654333248,
        -0.018125052570626323,
        47.150096243472774
      ],
      [
        0.0193382576190982,
        -0.01371588620278507,
        0.9997189136241895,
        0.5954052604133508
      ],
      [
        0.0,
        0.0,
        0.0,
        1.0
      ]
    ],
    "location": [
      -68.07726403399738,
      47.150096243472774,
      0.5954052604133508
    ],
    "rotation": [
      -0.013718881904223048,
      -0.01933946313757118,
      1.4873058059430193
    ]
  },
  {
    "label_id": "_qr31iRORAXMN7Nt4m3keA",
    "size": [
      2.0855453152911485,
      4.998837102247223,
      1.9400000000000013
    ],
    "obj_class": "vehicle",
    "point_num_in_lidar": 67,
    "speed": 2.1113081400796393e-29,
    "if_vehicle": true,
    "motion_state": false,
    "pose": [
      [
        -0.9973368861597418,
        0.07131310744742599,
        -0.015283200299099381,
        -80.74937049374148
      ],
      [
        -0.07103338291009179,
        -0.9973092504241904,
        -0.018125052570626323,
        66.45956652637824
      ],
      [
        -0.016534630855836886,
        -0.016991166073332526,
        0.9997189136241895,
        0.6958277967535267
      ],
      [
        0.0,
        0.0,
        0.0,
        1.0
      ]
    ],
    "location": [
      -80.74937049374148,
      66.45956652637824,
      0.6958277967535267
    ],
    "rotation": [
      -0.016994307190451547,
      0.01653538436006853,
      -3.07048966197964
    ]
  },
  {
    "label_id": "gbmVKnh7i3GGGRkHohtmAQ",
    "size": [
      2.089382532448273,
      4.914820528800514,
      1.6499999999999986
    ],
    "obj_class": "vehicle",
    "point_num_in_lidar": 112,
    "speed": 0.02870387610689555,
    "if_vehicle": true,
    "motion_state": false,
    "pose": [
      [
        -0.01980145120118301,
        -0.9996871142107139,
        -0.015283200299099381,
        -20.549971708809153
      ],
      [
        0.9996450942730942,
        -0.019523523376903523,
        -0.018125052570626323,
        -25.578681883074182
      ],
      [
        0.017820999580933545,
        -0.015636678547783917,
        0.9997189136241895,
        0.5927810033766114
      ],
      [
        0.0,
        0.0,
        0.0,
        1.0
      ]
    ],
    "location": [
      -20.549971708809153,
      -25.578681883074182,
      0.5927810033766114
    ],
    "rotation": [
      -0.015639799733708135,
      -0.01782194300511543,
      1.5906022179588668
    ]
  },
  {
    "label_id": "tDh7rTSnNtSpSOlNlKhkQg",
    "size": [
      0.5122173927038546,
      0.09579055508387088,
      0.4800000000000004
    ],
    "obj_class": "sign",
    "point_num_in_lidar": 94,
    "speed": 0.05126377518425218,
    "if_vehicle": false,
    "motion_state": false,
    "pose": [
      [
        0.9805593196282032,
        0.19562679897931404,
        -0.015283200299099381,
        -62.349745003699354
      ],
      [
        -0.1958891895752845,
        0.9804585192025466,
        -0.018125052570626323,
        11.136113470013754
      ],
      [
        0.01143879791820748,
        0.020766502937586088,
        0.9997189136241895,
        2.2291507034827056
      ],
      [
        0.0,
        0.0,
        0.0,
        1.0
      ]
    ],
    "location": [
      -62.349745003699354,
      11.136113470013754,
      2.2291507034827056
    ],
    "rotation": [
      0.020769354845927946,
      -0.011439047386575188,
      -0.19717719539667858
    ]
  }
]