[
  {
    "label_id": "2l37eBY1F_iWZj9LEEAT1g",
    "size": [
      0.8673556231018446,
      0.1312011474709614,
      0.8874413115178221
    ],
    "obj_class": "sign",
    "point_num_in_lidar": 48,
    "speed": 0.03130724582912355,
    "if_vehicle": false,
    "motion_state": false,
    "pose": [
      [
        -0.9990377232433431,
        0.040022676189126735,
        -0.017939145113904008,
        11.192961583395572
      ],
      [
        -0.03996386216307311,
        -0.9991945492377944,
        -0.003625257851721373,
        -9.01548964582662
      ],
      [
        -0.018069788536900236,
        -0.0029048518276983473,
        0.9998325082623043,
        2.636914937112717
      ],
      [
        0.0,
        0.0,
        0.0,
        1.0
      ]
    ],
    "location": [
      11.192961583395572,
      -9.01548964582662,
      2.636914937112717
    ],
    "rotation": [
      -0.002905330273279267,
      0.01807077203104819,
      -3.1016116147295216
    ]
  },
  {
    "label_id": "3Nrnr3gCa09jSZ5ari8tyw",
    "size": [
      2.100908563404881,
      5.396046833633512,
      1.5899999999999999
    ],
    "obj_class": "vehicle",
    "point_num_in_lidar": 691,
    "speed": 0.026946907619092905,
    "if_vehicle": true,
    "motion_state": false,
    "pose": [
      [
        -0.0008853920912432844,
        0.9998386885660242,
        -0.017939145113904008,
        -7.333846187669678
      ],
      [
        -0.999992976933352,
        -0.0009505732380851067,
        -0.003625257851721373,
        -12.320692169225083
      ],
      [
        -0.0036417255274381823,
        0.017935809351461635,
        0.9998325082623043,
        0.8293606323131506
      ],
      [
        0.0,
        0.0,
        0.0,
        1.0
      ]
    ],
    "location": [
      -7.333846187669678,
      -12.320692169225083,
      0.8293606323131506
    ],
    "rotation": [
      0.017936890082999653,
      0.0036417335770135826,
      -1.571681724872988
    ]
  },
  {
    "label_id": "3sK2f-reF27WdLJDxYR9nw",
    "size": [
      2.03382844080146,
      4.364310268866955,
      1.6699999999999982
    ],
    "obj_class": "vehicle",
    "point_num_in_lidar": 236,
    "speed": 0.02939485511888657,
    "if_vehicle": true,
    "motion_state": false,
    "pose": [
      [
        -0.02817680156603868,
        -0.9994419717652898,
        -0.017939145113904008,
        -20.415519645213408
      ],
      [
        0.9995980895310106,
        -0.028116132583661836,
        -0.003625257851721373,
        -37.238344968980755
      ],
      [
        0.0031188554730219335,
        -0.018034083354791692,
        0.9998325082623043,
        0.5937124304421566
      ],
      [
        0.0,
        0.0,
        0.0,
        1.0
      ]
    ],
    "location": [
      -20.415519645213408,
      -37.238344968980755,
      0.5937124304421566
    ],
    "rotation": [
      -0.018035148755859542,
      -0.0031188605293634678,
      1.598976995202001
    ]
  },
  {
    "label_id": "Aol9evC7U5sjtikEbkZhVg",
    "size": [
      0.7491777638429101,
      0.8126307549449647,
      1.370000000000001
    ],
    "obj_class": "pedestrian",
    "point_num_in_lidar": 44,
    "speed": 1.0117293218786731,
    "if_vehicle": false,
    "motion_state": true,
    "pose": [
      [
        0.12084506528818241,
        -0.99250927313959,
        -0.017939145113904008,
        -8.300507061178905
      ],
      [
        0.9926546260866886,
        0.12092828789908863,
        -0.003625257851721373,
        14.69148510004834
      ],
      [
        0.005767452140353286,
        -0.01736928086357947,
        0.9998325082623043,
        0.693438957567917
      ],
      [
        0.0,
        0.0,
        0.0,
        1.0
      ]
    ],
    "location": [
      -8.300507061178905,
      14.69148510004834,
      0.693438957567917
    ],
    "rotation": [
      -0.017370443276480563,
      -0.005767484115109979,
      1.449653159478842
    ]
  },
  {
    "label_id": "Br7QAZ4g__QOs39xIHOUkg",
    "size": [
      1.9756204058230813,
      4.190739021442814,
      1.3999999999999986
    ],
    "obj_class": "vehicle",
    "point_num_in_lidar": 98,
    "speed": 0.028166952762749872,
    "if_vehicle": true,
    "motion_state": false,
    "pose": [
      [
        -0.006754373914063112,
        -0.999816265873691,
        -0.017939145113904008,
        -20.400091040457482
      ],
      [
        0.9999710477842971,
        -0.006690373583240258,
        -0.003625257851721373,
        -43.33148130755086
      ],
      [
        0.003504572185561366,
        -0.01796311208297057,
        0.9998325082623043,
        0.4511301190810606
      ],
      [
        0.0,
        0.0,
        0.0,
        1.0
      ]
    ],
    "location": [
      -20.400091040457482,
      -43.33148130755086,
      0.4511301190810606
    ],
    "rotation": [
      -0.01796418859018918,
      -0.003504579359475585,
      1.5775507935475614
    ]
  },
  {
    "label_id": "CSAt4m_S2Ops0pk3ZVRiMQ",
    "size": [
      2.245499644070925,
      5.044614708423294,
      1.9199999999999982
    ],
    "obj_class": "vehicle",
    "point_num_in_lidar": 189,
    "speed": 0.04562377042683615,
    "if_vehicle": true,
    "motion_state": false,
    "pose": [
      [
        0.015068356145276482,
        0.9997255281904436,
        -0.017939145113904008,
        17.328992808696967
      ],
      [
        -0.9998808369595945,
        0.015005645154045934,
        -0.003625257851721373,
        -11.624703684565759
      ],
      [
        -0.0033550743746925222,
        0.017991634107258164,
        0.9998325082623043,
        1.1491805023973072
      ],
      [
        0.0,
        0.0,
        0.0,
        1.0
      ]
    ],
    "location": [
      17.328992808696967,
      -11.624703684565759,
      1.1491805023973072
    ],
    "rotation": [
      0.017992706172908508,
      0.0033550806691369766,
      -1.5557273155471831
    ]
  },
  {
    "label_id": "NhYmqrHhf75KQuJs8nq1UQ",
    "size": [
      2.438431747630725,
      5.980836144852448,
      2.0
    ],
    "obj_class": "vehicle",
    "point_num_in_lidar": 199,
    "speed": 0.011448348960214773,
    "if_vehicle": true,
    "motion_state": false,
    "pose": [
      [
        -0.004234513582551397,
        -0.9998301135529483,
        -0.017939145113904008,
        -4.343815032899329
      ],
      [
        0.999984733671814,
        -0.004170123357841011,
        -0.003625257851721373,
        -12.522863223548882
      ],
      [
        0.0035498335214861074,
        -0.01795422245264069,
        0.9998325082623043,
        1.0566496286298204
      ],
      [
        0.0,
        0.0,
        0.0,
        1.0
      ]
    ],
    "location": [
      -4.343815032899329,
      -12.522863223548882,
      1.0566496286298204
    ],
    "rotation": [
      -0.017955300338214096,
      -0.0035498409769585777,
      1.5750308797131858
    ]
  },
  {
    "label_id": "YLu127Sv07CuQxpHfdw8PQ",
    "size": [
      2.12187380255447,
      4.752483290869514,
      1.6000000000000014
    ],
    "obj_class": "vehicle",
    "point_num_in_lidar": 100,
    "speed": 0.012942497972667548,
    "if_vehicle": true,
    "motion_state": false,
    "pose": [
      [
        0.0708073997899332,
        0.997328681632876,
        -0.017939145113904008,
        0.427816748760506
      ],
      [
        -0.9974872465001206,
        0.07075344921002844,
        -0.003625257851721373,
        -12.669286833649267
      ],
      [
        -0.002346317241148573,
        0.01815076354628263,
        0.9998325082623043,
        0.9966549061117576
      ],
      [
        0.0,
        0.0,
        0.0,
        1.0
      ]
    ],
    "location": [
      0.427816748760506,
      -12.669286833649267,
      0.9966549061117576
    ],
    "rotation": [
      0.018151810293168674,
      0.002346319393979983,
      -1.4999294300174035
    ]
  },
  {
    "label_id": "bi6BwT5X53pA_hTOxoaKDw",
    "size": [
      0.6606113832051634,
      1.5311806494396478,
      1.4100000000000001
    ],
    "obj_class": "cyclist",
    "point_num_in_lidar": 55,
    "speed": 1.11246877376386,
    "if_vehicle": false,
    "motion_state": true,
    "pose": [
      [
        -0.9998356889877791,
        -0.0026042463238453535,
        -0.017939145113904008,
        -6.2669349396123835
      ],
      [
        0.0026696926165700294,
        -0.9999898650720622,
        -0.003625257851721373,
        13.187249140362951
      ],
      [
        -0.01792952223752768,
        -0.0036725541851923634,
        0.9998325082623043,
        0.7363017677328401
      ],
      [
        0.0,
        0.0,
        0.0,
        1.0
      ]
    ],
    "location": [
      -6.2669349396123835,
      13.187249140362951,
      0.7363017677328401
    ],
    "rotation": [
      -0.0036731528911738602,
      0.01793048300376726,
      3.138922528586869
    ]
  },
  {
    "label_id": "gbmVKnh7i3GGGRkHohtmAQ",
    "size": [
      2.0893825324482744,
      4.914820528800514,
      1.6499999999999986
    ],
    "obj_class": "vehicle",
    "point_num_in_lidar": 490,
    "speed": 0.028703876826995406,
    "if_vehicle": true,
    "motion_state": false,
    "pose": [
      [
        -0.019800577370286992,
        -0.9996429983791141,
        -0.017939145113904008,
        -20.610000369676072
      ],
      [
        0.9997986022625394,
        -0.019738602265129516,
        -0.003625257851721373,
        -25.68312042465044
      ],
      [
        0.0032698699784123866,
        -0.01800731440924634,
        0.9998325082623043,
        0.5927810033766221
      ],
      [
        0.0,
        0.0,
        0.0,
        1.0
      ]
    ],
    "location": [
      -20.610000369676072,
      -25.68312042465044,
      0.5927810033766221
    ],
    "rotation": [
      -0.0180083840206295,
      -0.003269875805375796,
      1.5905983041146716
    ]
  },
  {
    "label_id": "iMbffYX3h1bRns-fgVtlvQ",
    "size": [
      0.753769556085389,
      0.11239118882670908,
      0.759999999999998
    ],
    "obj_class": "sign",
    "point_num_in_lidar": 123,
    "speed": 0.02834855042636221,
    "if_vehicle": false,
    "motion_state": false,
    "pose": [
      [
        -0.07992146592874651,
        0.9966397274624278,
        -0.017939145113904008,
        -17.751866710877493
      ],
      [
        -0.9967883803145562,
        -0.07999863983463704,
        -0.003625257851721373,
        -15.174578512493326
      ],
      [
        -0.005048183206229112,
        0.017591795480436895,
        0.9998325082623043,
        2.536459092289366
      ],
      [
        0.0,
        0.0,
        0.0,
        1.0
      ]
    ],
    "location": [
      -17.751866710877493,
      -15.174578512493326,
      2.536459092289366
    ],
    "rotation": [
      0.017592927161018804,
      0.005048204647921112,
      -1.6508041421375972
    ]
  },
  {
    "label_id": "jX-x7_QCYCyQJYz9-bsD4A",
    "size": [
      2.49524529065709,
      5.894180782425041,
      2.1799999999999997
    ],
    "obj_class": "vehicle",
    "point_num_in_lidar": 230,
    "speed": 0.0347354371894982,
    "if_vehicle": true,
    "motion_state": false,
    "pose": [
      [
        0.9991542717117813,
        -0.03699903232088761,
        -0.017939145113904008,
        8.345164004192611
      ],
      [
        0.03693974395024851,
        0.9993109189948834,
        -0.003625257851721373,
        -6.192985009639926
      ],
      [
        0.01806091462218538,
        0.00295952444141012,
        0.9998325082623043,
        1.0979053083187331
      ],
      [
        0.0,
        0.0,
        0.0,
        1.0
      ]
    ],
    "location": [
      8.345164004192611,
      -6.192985009639926,
      1.0979053083187331
    ],
    "rotation": [
      0.0029600115754300554,
      -0.018061896667947008,
      0.03695418050249335
    ]
  },
  {
    "label_id": "lt-ChaHK2hkojlBkKlrc0w",
    "size": [
      1.79895792445398,
      4.292386535471151,
      1.509999999999998
    ],
    "obj_class": "vehicle",
    "point_num_in_lidar": 74,
    "speed": 0.017386789057865643,
    "if_vehicle": true,
    "motion_state": false,
    "pose": [
      [
        0.016358869552442496,
        0.9997052437891623,
        -0.017939145113904008,
        -37.458000981340774
      ],
      [
        -0.9998606333812936,
        0.01629635909848808,
        -0.003625257851721373,
        -59.69659099534206
      ],
      [
        -0.003331846533757623,
        0.01799595011619728,
        0.9998325082623043,
        0.4888826658847343
      ],
      [
        0.0,
        0.0,
        0.0,
        1.0
      ]
    ],
    "location": [
      -37.458000981340774,
      -59.69659099534206,
      0.4888826658847343
    ],
    "rotation": [
      0.017997021507192332,
      0.0033318526983716107,
      -1.554436636700141
    ]
  },
  {
    "label_id": "rpMsSVtA7369hpyGXq6L1Q",
    "size": [
      2.0043331838122436,
      4.627603661351985,
      1.5600000000000023
    ],
    "obj_class": "vehicle",
    "point_num_in_lidar": 69,
    "speed": 0.036713208566185526,
    "if_vehicle": true,
    "motion_state": false,
    "pose": [
      [
        -0.003992292201707059,
        -0.999831110075876,
        -0.017939145113904008,
        -20.38168859956386
      ],
      [
        0.9999857145908729,
        -0.00392786452024304,
        -0.003625257851721373,
        -50.88160025690121
      ],
      [
        0.003554183050581471,
        -0.017953361934527273,
        0.9998325082623043,
        0.5357237435023556
      ],
      [
        0.0,
        0.0,
        0.0,
        1.0
      ]
    ],
    "location": [
      -20.38168859956386,
      -50.88160025690121,
      0.5357237435023556
    ],
    "rotation": [
      -0.017954439953375076,
      -0.003554190533492693,
      1.5747886548179937
    ]
  },
  {
    "label_id": "yIM_xzrB6oDXVWkXuERQ2A",
    "size": [
      0.543725590907003,
      0.10246703175852812,
      0.5700000000000003
    ],
    "obj_class": "sign",
    "point_num_in_lidar": 59,
    "speed": 0.04776987867799567,
    "if_vehicle": false,
    "motion_state": false,
    "pose": [
      [
        0.9998390805887627,
        3.0460126546793062e-15,
        -0.017939145113904008,
        -29.011773958472077
      ],
      [
        -6.504449360201622e-05,
        0.9999934266157564,
        -0.003625257851721373,
        9.583708848896265
      ],
      [
        0.017939027193010167,
        0.003625841319971878,
        0.9998325082623043,
        2.416002773300516
      ],
      [
        0.0,
        0.0,
        0.0,
        1.0
      ]
    ],
    "location": [
      -29.011773958472077,
      9.583708848896265,
      2.416002773300516
    ],
    "rotation": [
      0.003626432822995217,
      -0.017939989488197052,
      -6.505496211645876e-05
    ]
  }
]