[
  {
    "label_id": "2l37eBY1F_iWZj9LEEAT1g",
    "size": [
      0.8673556231018446,
      0.1312011474709614,
      0.8874413115178221
    ],
    "obj_class": "sign",
    "point_num_in_lidar": 216,
    "speed": 0.02777861206866242,
    "if_vehicle": false,
    "motion_state": false,
    "pose": [
      [
        -0.9991980770809937,
        0.040029100160491875,
        -0.0009348251097110833,
        11.183499314608525
      ],
      [
        -0.03998407229095178,
        -0.9987637905374906,
        -0.02953243427513669,
        -9.088260309057887
      ],
      [
        -0.0021158262396472572,
        -0.029471373424471328,
        0.999563385397744,
        2.591127369737425
      ],
      [
        0.0,
        0.0,
        0.0,
        1.0
      ]
    ],
    "location": [
      11.183499314608525,
      -9.088260309057887,
      2.591127369737425
    ],
    "rotation": [
      -0.029475707374377137,
      0.00211582781831095,
      -3.101597830126555
    ]
  },
  {
    "label_id": "38odIvL22Z0MtCYybAf0ug",
    "size": [
      2.003925311419209,
      4.574756563579033,
      1.4899999999999984
    ],
    "obj_class": "vehicle",
    "point_num_in_lidar": 44,
    "speed": 0.019138425017186062,
    "if_vehicle": true,
    "motion_state": false,
    "pose": [
      [
        0.027988724724967995,
        0.9996078017854223,
        -0.0009348251097110833,
        68.01729339781059
      ],
      [
        -0.9991730043011369,
        0.027948932030134065,
        -0.02953243427513669,
        -12.224942019165042
      ],
      [
        -0.029494724343690475,
        0.0017606271867511736,
        0.999563385397744,
        1.2376366584992127
      ],
      [
        0.0,
        0.0,
        0.0,
        1.0
      ]
    ],
    "location": [
      68.01729339781059,
      -12.224942019165042,
      1.2376366584992127
    ],
    "rotation": [
      0.0017613944164853784,
      0.029499002452671168,
      -1.542791759568959
    ]
  },
  {
    "label_id": "3Nrnr3gCa09jSZ5ari8tyw",
    "size": [
      2.100908563404884,
      5.396046833633512,
      1.5899999999999999
    ],
    "obj_class": "vehicle",
    "point_num_in_lidar": 2630,
    "speed": 0.01596602757475515,
    "if_vehicle": true,
    "motion_state": false,
    "pose": [
      [
        -0.0008855342040152594,
        0.9999991709652502,
        -0.0009348251097110833,
        -7.346438489997581
      ],
      [
        -0.9995634057938816,
        -0.0009127560027302005,
        -0.02953243427513669,
        -12.366900291976208
      ],
      [
        -0.029533263058952822,
        0.0009082649898059835,
        0.999563385397744,
        0.8246017038962776
      ],
      [
        0.0,
        0.0,
        0.0,
        1.0
      ]
    ],
    "location": [
      -7.346438489997581,
      -12.366900291976208,
      0.8246017038962776
    ],
    "rotation": [
      0.0009086614746999223,
      0.02953755796398126,
      -1.5716822475551107
    ]
  },
  {
    "label_id": "Aol9evC7U5sjtikEbkZhVg",
    "size": [
      0.7491777638423626,
      0.8126307549449647,
      1.370000000000001
    ],
    "obj_class": "pedestrian",
    "point_num_in_lidar": 76,
    "speed": 1.106604186855415,
    "if_vehicle": false,
    "motion_state": true,
    "pose": [
      [
        -0.28935030220143604,
        -0.9572228208301095,
        -0.0009348251097110833,
        -8.493678010301664
      ],
      [
        0.95681370781158,
        -0.2891977936804516,
        -0.02953243427513669,
        17.433293626465115
      ],
      [
        0.02799877068362062,
        -0.009439672261632878,
        0.999563385397744,
        0.6524344383331204
      ],
      [
        0.0,
        0.0,
        0.0,
        1.0
      ]
    ],
    "location": [
      -8.493678010301664,
      17.433293626465115,
      0.6524344383331204
    ],
    "rotation": [
      -0.00944351482653089,
      -0.028002430159513196,
      1.8644629186695447
    ]
  },
  {
    "label_id": "CSAt4m_S2Ops0pk3ZVRiMQ",
    "size": [
      2.245499644070925,
      5.044614708423294,
      1.9200000000000017
    ],
    "obj_class": "vehicle",
    "point_num_in_lidar": 926,
    "speed": 0.0456237708085972,
    "if_vehicle": true,
    "motion_state": false,
    "pose": [
      [
        0.015070774741369993,
        0.9998859924264911,
        -0.0009348251097110833,
        17.29749301409356
      ],
      [
        -0.9994507170884168,
        0.015036603247879057,
        -0.02953243427513669,
        -11.729546624284865
      ],
      [
        -0.029515010759684292,
        0.0013793882907778996,
        0.999563385397744,
        1.1176141035236888
      ],
      [
        0.0,
        0.0,
        0.0,
        1.0
      ]
    ],
    "location": [
      17.29749301409356,
      -11.729546624284865,
      1.1176141035236888
    ],
    "rotation": [
      0.0013799899389131652,
      0.029519297704474663,
      -1.5557184121109073
    ]
  },
  {
    "label_id": "NhYmqrHhf75KQuJs8nq1UQ",
    "size": [
      2.438431747630725,
      5.980836144852448,
      2.0
    ],
    "obj_class": "vehicle",
    "point_num_in_lidar": 3654,
    "speed": 0.011448348864300007,
    "if_vehicle": true,
    "motion_state": false,
    "pose": [
      [
        -0.0042351932570914505,
        -0.9999905945758136,
        -0.0009348251097110833,
        -4.340488830205231
      ],
      [
        0.9995549745129623,
        -0.004205740383810551,
        -0.02953243427513669,
        -12.5501310384318
      ],
      [
        0.029528224878349364,
        -0.0010594846552188944,
        0.999563385397744,
        1.0566496286298026
      ],
      [
        0.0,
        0.0,
        0.0,
        1.0
      ]
    ],
    "location": [
      -4.340488830205231,
      -12.5501310384318,
      1.0566496286298026
    ],
    "rotation": [
      -0.0010599470468044432,
      -0.029532517585129852,
      1.5750333803044843
    ]
  },
  {
    "label_id": "YLu127Sv07CuQxpHfdw8PQ",
    "size": [
      2.121873802554468,
      4.752483290869514,
      1.6000000000000014
    ],
    "obj_class": "vehicle",
    "point_num_in_lidar": 2335,
    "speed": 0.01747413223031673,
    "if_vehicle": true,
    "motion_state": false,
    "pose": [
      [
        0.07081876496466769,
        0.9974887611551788,
        -0.0009348251097110833,
        0.40945189066997045
      ],
      [
        -0.9970560694622265,
        0.07076036796343312,
        -0.02953243427513669,
        -12.694329817352127
      ],
      [
        -0.029392122710258227,
        0.003023523571288529,
        0.999563385397744,
        1.0076664002142017
      ],
      [
        0.0,
        0.0,
        0.0,
        1.0
      ]
    ],
    "location": [
      0.40945189066997045,
      -12.694329817352127,
      1.0076664002142017
    ],
    "rotation": [
      0.0030248350370585303,
      0.029396356316799578,
      -1.4998875446641706
    ]
  },
  {
    "label_id": "bi6BwT5X53pA_hTOxoaKDw",
    "size": [
      0.6606113832052344,
      1.5311806494396478,
      1.4100000000000001
    ],
    "obj_class": "cyclist",
    "point_num_in_lidar": 154,
    "speed": 1.2561356730214117,
    "if_vehicle": false,
    "motion_state": true,
    "pose": [
      [
        -0.484833655426175,
        -0.8746058841947654,
        -0.0009348251097110833,
        -8.450071628152273
      ],
      [
        0.874238167612735,
        -0.48459824763912657,
        -0.02953243427513669,
        14.573824999500175
      ],
      [
        0.025376226181614673,
        -0.015135577854199975,
        0.999563385397744,
        0.6863017677328287
      ],
      [
        0.0,
        0.0,
        0.0,
        1.0
      ]
    ],
    "location": [
      -8.450071628152273,
      14.573824999500175,
      0.6863017677328287
    ],
    "rotation": [
      -0.015141032017495755,
      -0.02537895048668507,
      2.0771478719074925
    ]
  },
  {
    "label_id": "hl1qkhTZcPl-qsRTJjKUIA",
    "size": [
      2.391021956929831,
      5.194751274041504,
      2.0500000000000007
    ],
    "obj_class": "vehicle",
    "point_num_in_lidar": 335,
    "speed": 0.02051891352719581,
    "if_vehicle": true,
    "motion_state": false,
    "pose": [
      [
        0.022656871900262956,
        -0.999742863069154,
        -0.0009348251097110833,
        44.5502480315231
      ],
      [
        0.999306608525428,
        0.022674599956599137,
        -0.02953243427513669,
        -12.320580811439982
      ],
      [
        0.029546037181018857,
        -0.0002650643296750866,
        0.999563385397744,
        1.3592224836473683
      ],
      [
        0.0,
        0.0,
        0.0,
        1.0
      ]
    ],
    "location": [
      44.5502480315231,
      -12.320580811439982,
      1.3592224836473683
    ],
    "rotation": [
      -0.00026518010496799237,
      -0.02955033766298896,
      1.5481276176363412
    ]
  },
  {
    "label_id": "jX-x7_QCYCyQJYz9-bsD4A",
    "size": [
      2.4952452906570928,
      5.894180782425041,
      2.1799999999999997
    ],
    "obj_class": "vehicle",
    "point_num_in_lidar": 2522,
    "speed": 0.027369619311929376,
    "if_vehicle": true,
    "motion_state": false,
    "pose": [
      [
        0.9993144501182095,
        -0.037010213278969015,
        -0.0009348251097110833,
        8.322582304778734
      ],
      [
        0.03696649764968417,
        0.9988800295217142,
        -0.02953243427513669,
        -6.2732141220532185
      ],
      [
        0.0020267798243557905,
        0.029477631108089385,
        0.999563385397744,
        1.019262953287381
      ],
      [
        0.0,
        0.0,
        0.0,
        1.0
      ]
    ],
    "location": [
      8.322582304778734,
      -6.2732141220532185,
      1.019262953287381
    ],
    "rotation": [
      0.0294819623526473,
      -0.002026781211971697,
      0.03697499806458721
    ]
  }
]