[
  {
    "label_id": "LOhalPOXYV1GxeaCv9W3rw",
    "size": [
      0.5437892611593238,
      0.13402398554900433,
      0.4800000000000004
    ],
    "obj_class": "sign",
    "point_num_in_lidar": 30,
    "speed": 0.015213520934869294,
    "if_vehicle": false,
    "motion_state": false,
    "pose": [
      [
        0.9806191169655589,
        0.1956387288671807,
        -0.010565756429198929,
        -53.82345005970501
      ],
      [
        -0.19579840069091412,
        0.980494647676742,
        -0.017124023012764503,
        10.03503418179531
      ],
      [
        0.0070095455321760765,
        0.01886090253660193,
        0.999797545819621,
        1.999422412040559
      ],
      [
        0.0,
        0.0,
        0.0,
        1.0
      ]
    ],
    "location": [
      -53.82345005970501,
      10.03503418179531,
      1.999422412040559
    ],
    "rotation": [
      0.01886248441133181,
      -0.007009602934296517,
      -0.19707644879160444
    ]
  },
  {
    "label_id": "LpJfvJxzLcwpRByPhML4yg",
    "size": [
      1.0693601647478768,
      0.17514336330486888,
      1.1393204294093593
    ],
    "obj_class": "sign",
    "point_num_in_lidar": 51,
    "speed": 0.015604146771344675,
    "if_vehicle": false,
    "motion_state": false,
    "pose": [
      [
        0.9806191169656467,
        0.19563872886674089,
        -0.010565756429198929,
        -53.82373002458189
      ],
      [
        -0.19579840069047436,
        0.9804946476768298,
        -0.017124023012764503,
        10.034208306230767
      ],
      [
        0.007009545532184536,
        0.018860902536598785,
        0.999797545819621,
        2.849668616448991
      ],
      [
        0.0,
        0.0,
        0.0,
        1.0
      ]
    ],
    "location": [
      -53.82373002458189,
      10.034208306230767,
      2.849668616448991
    ],
    "rotation": [
      0.01886248441132867,
      -0.0070096029343049765,
      -0.197076448791156
    ]
  },
  {
    "label_id": "O7_72QWmyzHPMSIcWsFFWg",
    "size": [
      2.2950765065742043,
      5.414774339034011,
      2.0
    ],
    "obj_class": "vehicle",
    "point_num_in_lidar": 184,
    "speed": 2.1316282072803006e-13,
    "if_vehicle": true,
    "motion_state": false,
    "pose": [
      [
        0.08338304711681596,
        -0.9964615558287202,
        -0.010565756429198929,
        -68.07726403399693
      ],
      [
        0.996355960077604,
        0.08355578168920703,
        -0.017124023012764503,
        47.15009624347232
      ],
      [
        0.017946260650925607,
        -0.00909940117325783,
        0.999797545819621,
        0.5505357370227131
      ],
      [
        0.0,
        0.0,
        0.0,
        1.0
      ]
    ],
    "location": [
      -68.07726403399693,
      47.15009624347232,
      0.5505357370227131
    ],
    "rotation": [
      -0.009100992477248722,
      -0.01794722411075791,
      1.487302875071172
    ]
  },
  {
    "label_id": "P6mtYa_SYdbUTkye68yDMg",
    "size": [
      0.7642926996505978,
      0.08384473684122895,
      0.7899999999999991
    ],
    "obj_class": "sign",
    "point_num_in_lidar": 364,
    "speed": 0.03433501456414391,
    "if_vehicle": false,
    "motion_state": false,
    "pose": [
      [
        0.21179114836074703,
        -0.977257834078149,
        -0.010565756429198929,
        -84.30102736923027
      ],
      [
        0.9771307473362937,
        0.21194874485562415,
        -0.017124023012764503,
        20.691892368624053
      ],
      [
        0.01897398445377757,
        -0.006697408977407145,
        0.999797545819621,
        2.159434771266067
      ],
      [
        0.0,
        0.0,
        0.0,
        1.0
      ]
    ],
    "location": [
      -84.30102736923027,
      20.691892368624053,
      2.159434771266067
    ],
    "rotation": [
      -0.006698664974204901,
      -0.01897512311554394,
      1.357349986720594
    ]
  },
  {
    "label_id": "gbmVKnh7i3GGGRkHohtmAQ",
    "size": [
      2.0893825324482815,
      4.914820528800514,
      1.6499999999999986
    ],
    "obj_class": "vehicle",
    "point_num_in_lidar": 86,
    "speed": 0.028703876107159566,
    "if_vehicle": true,
    "motion_state": false,
    "pose": [
      [
        -0.019802658750831814,
        -0.9997480780163955,
        -0.010565756429198929,
        -20.53567969423102
      ],
      [
        0.9996608550475955,
        -0.01961995722137283,
        -0.017124023012764503,
        -25.553816474834434
      ],
      [
        0.01691240940576751,
        -0.010901274290400796,
        0.999797545819621,
        0.5927810033766114
      ],
      [
        0.0,
        0.0,
        0.0,
        1.0
      ]
    ],
    "location": [
      -20.53567969423102,
      -25.553816474834434,
      0.5927810033766114
    ],
    "rotation": [
      -0.010903049686548264,
      -0.016913215751152632,
      1.590603113263953
    ]
  },
  {
    "label_id": "tDh7rTSnNtSpSOlNlKhkQg",
    "size": [
      0.5122173927038558,
      0.09579055508387088,
      0.4800000000000004
    ],
    "obj_class": "sign",
    "point_num_in_lidar": 41,
    "speed": 0.02484472169928418,
    "if_vehicle": false,
    "motion_state": false,
    "pose": [
      [
        0.9806191169657633,
        0.19563872886615646,
        -0.010565756429198929,
        -62.3291544029471
      ],
      [
        -0.19579840068989,
        0.9804946476769465,
        -0.017124023012764503,
        11.158625101112477
      ],
      [
        0.007009545532195777,
        0.018860902536594608,
        0.999797545819621,
        2.2118435377201067
      ],
      [
        0.0,
        0.0,
        0.0,
        1.0
      ]
    ],
    "location": [
      -62.3291544029471,
      11.158625101112477,
      2.2118435377201067
    ],
    "rotation": [
      0.018862484411324494,
      -0.0070096029343162175,
      -0.19707644879056008
    ]
  }
]