[
  {
    "label_id": "2l37eBY1F_iWZj9LEEAT1g",
    "size": [
      0.8673556231018452,
      0.1312011474709614,
      0.8874413115178221
    ],
    "obj_class": "sign",
    "point_num_in_lidar": 132,
    "speed": 0.0300995204237148,
    "if_vehicle": false,
    "motion_state": false,
    "pose": [
      [
        -0.9991984733873243,
        0.04002911603700269,
        0.0002839889725194053,
        11.185075005286308
      ],
      [
        -0.04002238814506598,
        -0.9988407906906429,
        -0.026744780792841472,
        -9.068190555551098
      ],
      [
        -0.0007869101638821462,
        -0.026734710056172926,
        0.9996422540342151,
        2.590255240510597
      ],
      [
        0.0,
        0.0,
        0.0,
        1.0
      ]
    ],
    "location": [
      11.185075005286308,
      -9.068190555551098,
      2.590255240510597
    ],
    "rotation": [
      -0.02673790411015169,
      0.0007869102450949183,
      -3.1015595607472246
    ]
  },
  {
    "label_id": "3Nrnr3gCa09jSZ5ari8tyw",
    "size": [
      2.1009085634048845,
      5.396046833633512,
      1.5899999999999999
    ],
    "obj_class": "vehicle",
    "point_num_in_lidar": 2737,
    "speed": 0.016576327806002066,
    "if_vehicle": true,
    "motion_state": false,
    "pose": [
      [
        -0.0008855345552391263,
        0.9999995675893139,
        0.0002839889725194053,
        -7.3515692393425525
      ],
      [
        -0.9996419091249112,
        -0.0008776226100710991,
        -0.026744780792841472,
        -12.35697558709694
      ],
      [
        -0.02674451999296917,
        -0.00030757070622407706,
        0.9996422540342151,
        0.8190353276399307
      ],
      [
        0.0,
        0.0,
        0.0,
        1.0
      ]
    ],
    "location": [
      -7.3515692393425525,
      -12.35697558709694,
      0.8190353276399307
    ],
    "rotation": [
      -0.000307680768071959,
      0.02674770927551777,
      -1.5716821783338524
    ]
  },
  {
    "label_id": "3sK2f-reF27WdLJDxYR9nw",
    "size": [
      2.0338284408014613,
      4.364310268866955,
      1.6699999999999982
    ],
    "obj_class": "vehicle",
    "point_num_in_lidar": 128,
    "speed": 0.02939485511894178,
    "if_vehicle": true,
    "motion_state": false,
    "pose": [
      [
        -0.02818133535370994,
        -0.9996027869548709,
        0.0002839889725194053,
        -20.445112822458213
      ],
      [
        0.9992450496357793,
        -0.02817884807318943,
        -0.026744780792841472,
        -37.27860030330396
      ],
      [
        0.026742159899132527,
        -0.0004699290615433589,
        0.9996422540342151,
        0.5937124304421424
      ],
      [
        0.0,
        0.0,
        0.0,
        1.0
      ]
    ],
    "location": [
      -20.445112822458213,
      -37.27860030330396,
      0.5937124304421424
    ],
    "rotation": [
      -0.0004700972023042523,
      -0.026745348337251236,
      1.5989914799532536
    ]
  },
  {
    "label_id": "Aol9evC7U5sjtikEbkZhVg",
    "size": [
      0.7491777638422444,
      0.8126307549449647,
      1.370000000000001
    ],
    "obj_class": "pedestrian",
    "point_num_in_lidar": 81,
    "speed": 1.1944255895934819,
    "if_vehicle": false,
    "motion_state": true,
    "pose": [
      [
        -0.19215223439182108,
        -0.9813650891327315,
        0.0002839889725194053,
        -8.217019324049033
      ],
      [
        0.9810126294105073,
        -0.19209096188375374,
        -0.026744780792841472,
        16.659972059166705
      ],
      [
        0.026300945901497872,
        -0.004860472619009099,
        0.9996422540342151,
        0.6454346646607299
      ],
      [
        0.0,
        0.0,
        0.0,
        1.0
      ]
    ],
    "location": [
      -8.217019324049033,
      16.659972059166705,
      0.6454346646607299
    ],
    "rotation": [
      -0.004862173740276671,
      -0.02630397908074997,
      1.7642188642433263
    ]
  },
  {
    "label_id": "CSAt4m_S2Ops0pk3ZVRiMQ",
    "size": [
      2.245499644070926,
      5.044614708423294,
      1.9200000000000017
    ],
    "obj_class": "vehicle",
    "point_num_in_lidar": 719,
    "speed": 0.045623770808815224,
    "if_vehicle": true,
    "motion_state": false,
    "pose": [
      [
        0.015070780718807021,
        0.9998863890056654,
        0.0002839889725194053,
        17.306679422095385
      ],
      [
        -0.9995286498295403,
        0.015072984783352695,
        -0.026744780792841472,
        -11.698970868712024
      ],
      [
        -0.026746022853163767,
        0.00011920961243267611,
        0.9996422540342151,
        1.1268199355888875
      ],
      [
        0.0,
        0.0,
        0.0,
        1.0
      ]
    ],
    "location": [
      17.306679422095385,
      -11.698970868712024,
      1.1268199355888875
    ],
    "rotation": [
      0.00011925227388747256,
      0.02674921267350602,
      -1.5557195815712095
    ]
  },
  {
    "label_id": "NhYmqrHhf75KQuJs8nq1UQ",
    "size": [
      2.438431747630726,
      5.980836144852448,
      2.0
    ],
    "obj_class": "vehicle",
    "point_num_in_lidar": 2623,
    "speed": 0.011448348960195651,
    "if_vehicle": true,
    "motion_state": false,
    "pose": [
      [
        -0.0042351949368732225,
        -0.9999909911964757,
        0.0002839889725194053,
        -4.3414588636746885
      ],
      [
        0.9996332969064669,
        -0.004241275309421726,
        -0.026744780792841472,
        -12.542178819187427
      ],
      [
        0.026745744329783307,
        0.00017061547268302672,
        0.9996422540342151,
        1.0566496286297955
      ],
      [
        0.0,
        0.0,
        0.0,
        1.0
      ]
    ],
    "location": [
      -4.3414588636746885,
      -12.542178819187427,
      1.0566496286297955
    ],
    "rotation": [
      0.00017067652986633714,
      -0.026748934050452308,
      1.5750330500109153
    ]
  },
  {
    "label_id": "YLu127Sv07CuQxpHfdw8PQ",
    "size": [
      2.1218738025544663,
      4.752483290869514,
      1.5999999999999979
    ],
    "obj_class": "vehicle",
    "point_num_in_lidar": 1367,
    "speed": 0.012942498297229769,
    "if_vehicle": true,
    "motion_state": false,
    "pose": [
      [
        0.07081879305311746,
        0.9974891567835527,
        0.0002839889725194053,
        0.4148077058880517
      ],
      [
        -0.9971318515957076,
        0.0708010397780901,
        -0.026744780792841472,
        -12.687026434305324
      ],
      [
        -0.026697735555952288,
        0.0016108586462181944,
        0.9996422540342151,
        1.00445507522587
      ],
      [
        0.0,
        0.0,
        0.0,
        1.0
      ]
    ],
    "location": [
      0.4148077058880517,
      -12.687026434305324,
      1.00445507522587
    ],
    "rotation": [
      0.0016114337358204905,
      0.026700908127066134,
      -1.499892887667592
    ]
  },
  {
    "label_id": "bi6BwT5X53pA_hTOxoaKDw",
    "size": [
      0.6606113832050559,
      1.5311806494396478,
      1.4100000000000001
    ],
    "obj_class": "cyclist",
    "point_num_in_lidar": 192,
    "speed": 1.135617449782503,
    "if_vehicle": false,
    "motion_state": true,
    "pose": [
      [
        -0.6907283824670452,
        -0.7231142516952094,
        0.0002839889725194053,
        -7.968677871328964
      ],
      [
        0.7228503725505848,
        -0.6904868250762093,
        -0.026744780792841472,
        13.870869739510056
      ],
      [
        0.019535622793759554,
        -0.018268097641889178,
        0.9996422540342151,
        0.6883013584791087
      ],
      [
        0.0,
        0.0,
        0.0,
        1.0
      ]
    ],
    "location": [
      -7.968677871328964,
      13.870869739510056,
      0.6883013584791087
    ],
    "rotation": [
      -0.01827260138010036,
      -0.01953686560487338,
      2.3334745230955662
    ]
  },
  {
    "label_id": "gbmVKnh7i3GGGRkHohtmAQ",
    "size": [
      2.089382532448274,
      4.914820528800514,
      1.6499999999999986
    ],
    "obj_class": "vehicle",
    "point_num_in_lidar": 612,
    "speed": 0.028703876106852443,
    "if_vehicle": true,
    "motion_state": false,
    "pose": [
      [
        -0.019803763381776404,
        -0.9998038459148783,
        0.0002839889725194053,
        -20.63431263019629
      ],
      [
        0.9994461003134955,
        -0.01980427399551233,
        -0.026744780792841472,
        -25.725419169856394
      ],
      [
        0.026745158890256755,
        -0.0002458156394023548,
        0.9996422540342151,
        0.5927810033766185
      ],
      [
        0.0,
        0.0,
        0.0,
        1.0
      ]
    ],
    "location": [
      -20.63431263019629,
      -25.725419169856394,
      0.5927810033766185
    ],
    "rotation": [
      -0.000245903605470476,
      -0.026748348401425294,
      1.5906084729185055
    ]
  },
  {
    "label_id": "hl1qkhTZcPl-qsRTJjKUIA",
    "size": [
      2.3910219569298325,
      5.194751274041504,
      2.049999999999997
    ],
    "obj_class": "vehicle",
    "point_num_in_lidar": 136,
    "speed": 0.020518913527345316,
    "if_vehicle": true,
    "motion_state": false,
    "pose": [
      [
        0.02265688088653108,
        -0.9997432595915597,
        0.0002839889725194053,
        44.55853387905745
      ],
      [
        0.9993858581578853,
        0.02264118403198518,
        -0.026744780792841472,
        -12.308854370082202
      ],
      [
        0.02673148448030721,
        0.0008897678757684756,
        0.9996422540342151,
        1.371784847374368
      ],
      [
        0.0,
        0.0,
        0.0,
        1.0
      ]
    ],
    "location": [
      44.55853387905745,
      -12.308854370082202,
      1.371784847374368
    ],
    "rotation": [
      0.0008900860654937782,
      -0.02673466910067642,
      1.5481294056243322
    ]
  },
  {
    "label_id": "iMbffYX3h1bRns-fgVtlvQ",
    "size": [
      0.7537695560853901,
      0.11239118882670908,
      0.759999999999998
    ],
    "obj_class": "sign",
    "point_num_in_lidar": 157,
    "speed": 0.031318322782620985,
    "if_vehicle": false,
    "motion_state": false,
    "pose": [
      [
        -0.0799343256905699,
        0.9968000917569466,
        0.0002839889725194053,
        -17.792424146498888
      ],
      [
        -0.9964441780274016,
        -0.07989816503299081,
        -0.026744780792841472,
        -15.200383619930506
      ],
      [
        -0.0266365097505299,
        -0.0024208051767088336,
        0.9996422540342151,
        2.5534586982822454
      ],
      [
        0.0,
        0.0,
        0.0,
        1.0
      ]
    ],
    "location": [
      -17.792424146498888,
      -15.200383619930506,
      2.5534586982822454
    ],
    "rotation": [
      -0.002421666785983681,
      0.026639660540096498,
      -1.6508444845780939
    ]
  },
  {
    "label_id": "jX-x7_QCYCyQJYz9-bsD4A",
    "size": [
      2.495245290656975,
      5.894180782425041,
      2.1799999999999997
    ],
    "obj_class": "vehicle",
    "point_num_in_lidar": 1045,
    "speed": 0.03403142062365927,
    "if_vehicle": true,
    "motion_state": false,
    "pose": [
      [
        0.9993149030908338,
        -0.03700869912359277,
        0.0002839889725194053,
        8.329167892295573
      ],
      [
        0.03700305241442273,
        0.9989572016920236,
        -0.026744780792841472,
        -6.249816598619532
      ],
      [
        0.0007060967161893349,
        0.026736966485019227,
        0.9996422540342151,
        1.0885646115605603
      ],
      [
        0.0,
        0.0,
        0.0,
        1.0
      ]
    ],
    "location": [
      8.329167892295573,
      -6.249816598619532,
      1.0885646115605603
    ],
    "rotation": [
      0.026740159733030344,
      -0.0007060967748627574,
      0.037011511108504855
    ]
  },
  {
    "label_id": "lt-ChaHK2hkojlBkKlrc0w",
    "size": [
      1.7989579244539828,
      4.292386535471151,
      1.509999999999998
    ],
    "obj_class": "vehicle",
    "point_num_in_lidar": 95,
    "speed": 0.017386788766888542,
    "if_vehicle": true,
    "motion_state": false,
    "pose": [
      [
        0.016361501776006072,
        0.9998661013405229,
        0.0002839889725194053,
        -37.449532582626944
      ],
      [
        -0.9995083596172778,
        0.016363244040270307,
        -0.026744780792841472,
        -59.72490401758708
      ],
      [
        -0.02674584668340739,
        0.00015373542636870188,
        0.9996422540342151,
        0.5052305425919208
      ],
      [
        0.0,
        0.0,
        0.0,
        1.0
      ]
    ],
    "location": [
      -37.449532582626944,
      -59.72490401758708,
      0.5052305425919208
    ],
    "rotation": [
      0.00015379044306726097,
      0.02674903644070474,
      -1.5544282389921265
    ]
  }
]