[
  {
    "label_id": "3sK2f-reF27WdLJDxYR9nw",
    "size": [
      2.0338284408014657,
      4.364310268866955,
      1.6699999999999982
    ],
    "obj_class": "vehicle",
    "point_num_in_lidar": 27,
    "speed": 0.02939485487289726,
    "if_vehicle": true,
    "motion_state": false,
    "pose": [
      [
        -0.02817931384326489,
        -0.9995310832032039,
        -0.011980817248928289,
        -20.33201340170035
      ],
      [
        0.9994470981613405,
        -0.027961302261539627,
        -0.01799065181460525,
        -37.124752172811554
      ],
      [
        0.017647216443346526,
        -0.012481157256771382,
        0.9997663709413982,
        0.593712430442153
      ],
      [
        0.0,
        0.0,
        0.0,
        1.0
      ]
    ],
    "location": [
      -20.33201340170035,
      -37.124752172811554,
      0.593712430442153
    ],
    "rotation": [
      -0.012483425403461963,
      -0.017648132533586332,
      1.5989837620100404
    ]
  },
  {
    "label_id": "GyNlIjjAG5Kii-Ia91iUoQ",
    "size": [
      2.106221187341441,
      5.262532005511048,
      1.9400000000000013
    ],
    "obj_class": "vehicle",
    "point_num_in_lidar": 23,
    "speed": 3.971776841362274e-28,
    "if_vehicle": true,
    "motion_state": false,
    "pose": [
      [
        0.006418299204035833,
        0.9999076284604369,
        -0.011980817248928289,
        -76.05903989512262
      ],
      [
        -0.9998189183896262,
        0.006202167160229467,
        -0.01799065181460525,
        71.84011597615063
      ],
      [
        -0.017914682959105383,
        0.012094117129469029,
        0.9997663709413982,
        0.597051877081384
      ],
      [
        0.0,
        0.0,
        0.0,
        1.0
      ]
    ],
    "location": [
      -76.05903989512262,
      71.84011597615063,
      0.597051877081384
    ],
    "rotation": [
      0.012096353305835533,
      0.017915641341569373,
      -1.5643769533231362
    ]
  },
  {
    "label_id": "LOhalPOXYV1GxeaCv9W3rw",
    "size": [
      0.5437892611593204,
      0.13402398554900433,
      0.4800000000000004
    ],
    "obj_class": "sign",
    "point_num_in_lidar": 36,
    "speed": 0.01957994447026658,
    "if_vehicle": false,
    "motion_state": false,
    "pose": [
      [
        0.9806034718790412,
        0.1956356075892584,
        -0.011980817248928289,
        -53.82546954286954
      ],
      [
        -0.1958293727023652,
        0.9804729436523395,
        -0.01799065181460525,
        10.029571020024946
      ],
      [
        0.008227255056740353,
        0.01998789155708819,
        0.9997663709413982,
        2.004222152373046
      ],
      [
        0.0,
        0.0,
        0.0,
        1.0
      ]
    ],
    "location": [
      -53.82546954286954,
      10.029571020024946,
      2.004222152373046
    ],
    "rotation": [
      0.019989899346516293,
      -0.008227347873598218,
      -0.19710988577412922
    ]
  },
  {
    "label_id": "LpJfvJxzLcwpRByPhML4yg",
    "size": [
      1.0693601647478779,
      0.17514336330486888,
      1.1393204294093593
    ],
    "obj_class": "sign",
    "point_num_in_lidar": 55,
    "speed": 0.02117280831319007,
    "if_vehicle": false,
    "motion_state": false,
    "pose": [
      [
        0.9806034718791373,
        0.19563560758877588,
        -0.011980817248928289,
        -53.82592459492935
      ],
      [
        -0.19582937270188275,
        0.9804729436524358,
        -0.01799065181460525,
        10.02876740307795
      ],
      [
        0.008227255056750189,
        0.01998789155708414,
        0.9997663709413982,
        2.854523065067923
      ],
      [
        0.0,
        0.0,
        0.0,
        1.0
      ]
    ],
    "location": [
      -53.82592459492935,
      10.02876740307795,
      2.854523065067923
    ],
    "rotation": [
      0.019989899346512244,
      -0.008227347873608055,
      -0.19710988577363725
    ]
  },
  {
    "label_id": "O7_72QWmyzHPMSIcWsFFWg",
    "size": [
      2.2950765065742025,
      5.414774339034011,
      2.0
    ],
    "obj_class": "vehicle",
    "point_num_in_lidar": 167,
    "speed": 2.1316282072803006e-13,
    "if_vehicle": true,
    "motion_state": false,
    "pose": [
      [
        0.08338171679909764,
        -0.9964456579872697,
        -0.011980817248928289,
        -68.07726403399647
      ],
      [
        0.9963379013292862,
        0.08358901137134547,
        -0.01799065181460525,
        47.15009624347243
      ],
      [
        0.01892817155428288,
        -0.01043685087937034,
        0.9997663709413982,
        0.5688242825620016
      ],
      [
        0.0,
        0.0,
        0.0,
        1.0
      ]
    ],
    "location": [
      -68.07726403399647,
      47.15009624347243,
      0.5688242825620016
    ],
    "rotation": [
      -0.010438910605287125,
      -0.018929301987129377,
      1.4873026946863357
    ]
  },
  {
    "label_id": "P6mtYa_SYdbUTkye68yDMg",
    "size": [
      0.7642926996505979,
      0.08384473684122895,
      0.7899999999999991
    ],
    "obj_class": "sign",
    "point_num_in_lidar": 256,
    "speed": 0.029791310481885953,
    "if_vehicle": false,
    "motion_state": false,
    "pose": [
      [
        0.21178776938232266,
        -0.9772422426185371,
        -0.011980817248928289,
        -84.30531087619465
      ],
      [
        0.9771085352647934,
        0.21197935456071076,
        -0.01799065181460525,
        20.708772713857286
      ],
      [
        0.020120910833011745,
        -0.007896358775826211,
        0.9997663709413982,
        2.1774339984993603
      ],
      [
        0.0,
        0.0,
        0.0,
        1.0
      ]
    ],
    "location": [
      -84.30531087619465,
      20.708772713857286,
      2.1774339984993603
    ],
    "rotation": [
      -0.007898039797672188,
      -0.020122268742403103,
      1.3573485835675663
    ]
  },
  {
    "label_id": "gbmVKnh7i3GGGRkHohtmAQ",
    "size": [
      2.0893825324482647,
      4.914820528800514,
      1.6499999999999986
    ],
    "obj_class": "vehicle",
    "point_num_in_lidar": 92,
    "speed": 0.028703876106713905,
    "if_vehicle": true,
    "motion_state": false,
    "pose": [
      [
        -0.019802342813377165,
        -0.9997321277408009,
        -0.011980817248928289,
        -20.54139585551502
      ],
      [
        0.9996463187301576,
        -0.01958504267367271,
        -0.01799065181460525,
        -25.56376151673973
      ],
      [
        0.01775118780097348,
        -0.012332836912938861,
        0.9997663709413982,
        0.5927810033766256
      ],
      [
        0.0,
        0.0,
        0.0,
        1.0
      ]
    ],
    "location": [
      -20.54139585551502,
      -25.56376151673973,
      0.5927810033766256
    ],
    "rotation": [
      -0.012335093243834088,
      -0.01775212018021233,
      1.5906030852829707
    ]
  },
  {
    "label_id": "tDh7rTSnNtSpSOlNlKhkQg",
    "size": [
      0.5122173927038567,
      0.09579055508387088,
      0.4800000000000004
    ],
    "obj_class": "sign",
    "point_num_in_lidar": 63,
    "speed": 0.02953250130002538,
    "if_vehicle": false,
    "motion_state": false,
    "pose": [
      [
        0.9806034718792493,
        0.19563560758821455,
        -0.011980817248928289,
        -62.329925710582756
      ],
      [
        -0.19582937270132147,
        0.9804729436525479,
        -0.01799065181460525,
        11.148750694945704
      ],
      [
        0.00822725505676163,
        0.019987891557079432,
        0.9997663709413982,
        2.2187656234994897
      ],
      [
        0.0,
        0.0,
        0.0,
        1.0
      ]
    ],
    "location": [
      -62.329925710582756,
      11.148750694945704,
      2.2187656234994897
    ],
    "rotation": [
      0.019989899346507536,
      -0.008227347873619496,
      -0.1971098857730649
    ]
  }
]