[
  {
    "label_id": "2l37eBY1F_iWZj9LEEAT1g",
    "size": [
      0.8673556231018458,
      0.1312011474709614,
      0.8874413115178221
    ],
    "obj_class": "sign",
    "point_num_in_lidar": 41,
    "speed": 0.031111277351970067,
    "if_vehicle": false,
    "motion_state": false,
    "pose": [
      [
        -0.9991564073628739,
        0.040027430820485974,
        -0.009180327206904735,
        11.195743537672115
      ],
      [
        -0.03996652711944576,
        -0.9991783919708466,
        -0.0067244128787432664,
        -8.996899641495872
      ],
      [
        -0.009441945547673568,
        -0.006351834417269619,
        0.9999352498356133,
        2.6533739312068327
      ],
      [
        0.0,
        0.0,
        0.0,
        1.0
      ]
    ],
    "location": [
      11.195743537672115,
      -8.996899641495872,
      2.6533739312068327
    ],
    "rotation": [
      -0.006352160288416118,
      0.009442085845404635,
      -3.1016136958459093
    ]
  },
  {
    "label_id": "3Nrnr3gCa09jSZ5ari8tyw",
    "size": [
      2.100908563404887,
      5.396046833633512,
      1.5899999999999999
    ],
    "obj_class": "vehicle",
    "point_num_in_lidar": 513,
    "speed": 0.026946907619048013,
    "if_vehicle": true,
    "motion_state": false,
    "pose": [
      [
        -0.0008854972744393201,
        0.9999574678389831,
        -0.009180327206904735,
        -7.325313107986858
      ],
      [
        -0.9999769422291218,
        -0.000947249455913617,
        -0.0067244128787432664,
        -12.306973063004648
      ],
      [
        -0.006732822934883813,
        0.00917416107974708,
        0.9999352498356133,
        0.8348050536997604
      ],
      [
        0.0,
        0.0,
        0.0,
        1.0
      ]
    ],
    "location": [
      -7.325313107986858,
      -12.306973063004648,
      0.8348050536997604
    ],
    "rotation": [
      0.00917449772785192,
      0.006732873803413922,
      -1.571681844255943
    ]
  },
  {
    "label_id": "3sK2f-reF27WdLJDxYR9nw",
    "size": [
      2.0338284408014644,
      4.364310268866955,
      1.6699999999999982
    ],
    "obj_class": "vehicle",
    "point_num_in_lidar": 256,
    "speed": 0.029394855610863323,
    "if_vehicle": true,
    "motion_state": false,
    "pose": [
      [
        -0.02818014892601409,
        -0.999560703908913,
        -0.009180327206904735,
        -20.40508078466428
      ],
      [
        0.9995819649910249,
        -0.02811898888860779,
        -0.0067244128787432664,
        -37.22414508034012
      ],
      [
        0.006463317351726041,
        -0.009365984465101394,
        0.9999352498356133,
        0.5937124304421424
      ],
      [
        0.0,
        0.0,
        0.0,
        1.0
      ]
    ],
    "location": [
      -20.40508078466428,
      -37.22414508034012,
      0.5937124304421424
    ],
    "rotation": [
      -0.009366317048034062,
      -0.006463362352849417,
      1.5989807956524662
    ]
  },
  {
    "label_id": "Aol9evC7U5sjtikEbkZhVg",
    "size": [
      0.7491777638420436,
      0.8126307549449647,
      1.370000000000001
    ],
    "obj_class": "pedestrian",
    "point_num_in_lidar": 37,
    "speed": 0.9671974780175174,
    "if_vehicle": false,
    "motion_state": false,
    "pose": [
      [
        -0.010512405994226641,
        -0.9999026007129828,
        -0.009180327206904735,
        -8.382418724801028
      ],
      [
        0.9999227777097811,
        -0.010450879799900083,
        -0.0067244128787432664,
        14.10916672979306
      ],
      [
        0.0066278154295601535,
        -0.009250308039267015,
        0.9999352498356133,
        0.7244345385991195
      ],
      [
        0.0,
        0.0,
        0.0,
        1.0
      ]
    ],
    "location": [
      -8.382418724801028,
      14.10916672979306,
      0.7244345385991195
    ],
    "rotation": [
      -0.009250643155243645,
      -0.006627863954896234,
      1.5813091573354647
    ]
  },
  {
    "label_id": "Br7QAZ4g__QOs39xIHOUkg",
    "size": [
      1.975620405823083,
      4.190739021442814,
      1.3999999999999986
    ],
    "obj_class": "vehicle",
    "point_num_in_lidar": 130,
    "speed": 0.028166952998232214,
    "if_vehicle": true,
    "motion_state": false,
    "pose": [
      [
        -0.006755176323122886,
        -0.9999350424828692,
        -0.009180327206904735,
        -20.393869899827223
      ],
      [
        0.9999549881512337,
        -0.006693574747642996,
        -0.0067244128787432664,
        -43.31578109239382
      ],
      [
        0.006662526871211264,
        -0.009225338578070261,
        0.9999352498356133,
        0.4588729296853806
      ],
      [
        0.0,
        0.0,
        0.0,
        1.0
      ]
    ],
    "location": [
      -20.393869899827223,
      -43.31578109239382,
      0.4588729296853806
    ],
    "rotation": [
      -0.009225674208227248,
      -0.006662576162973591,
      1.577551704431967
    ]
  },
  {
    "label_id": "CSAt4m_S2Ops0pk3ZVRiMQ",
    "size": [
      2.2454996440709216,
      5.044614708423294,
      1.9200000000000017
    ],
    "obj_class": "vehicle",
    "point_num_in_lidar": 159,
    "speed": 0.045623770808723145,
    "if_vehicle": true,
    "motion_state": false,
    "pose": [
      [
        0.015070146242426679,
        0.999844294020127,
        -0.009180327206904735,
        17.336863755746435
      ],
      [
        -0.9998647512617528,
        0.01500871265997236,
        -0.0067244128787432664,
        -11.598506268440303
      ],
      [
        -0.00658558095427395,
        0.009280423464710424,
        0.9999352498356133,
        1.1570680920536986
      ],
      [
        0.0,
        0.0,
        0.0,
        1.0
      ]
    ],
    "location": [
      17.336863755746435,
      -11.598506268440303,
      1.1570680920536986
    ],
    "rotation": [
      0.009280757945190522,
      0.006585628557841792,
      -1.5557252832228128
    ]
  },
  {
    "label_id": "NhYmqrHhf75KQuJs8nq1UQ",
    "size": [
      2.4384317476307182,
      5.980836144852448,
      2.0
    ],
    "obj_class": "vehicle",
    "point_num_in_lidar": 114,
    "speed": 0.01144834886436151,
    "if_vehicle": true,
    "motion_state": false,
    "pose": [
      [
        -0.004235016636145352,
        -0.9999488918072091,
        -0.009180327206904735,
        -4.344646161026958
      ],
      [
        0.9999686821576563,
        -0.0041733649872031904,
        -0.0067244128787432664,
        -12.516049733816146
      ],
      [
        0.006685756350017089,
        -0.009208517699274395,
        0.9999352498356133,
        1.0566496286297848
      ],
      [
        0.0,
        0.0,
        0.0,
        1.0
      ]
    ],
    "location": [
      -4.344646161026958,
      -12.516049733816146,
      1.0566496286297848
    ],
    "rotation": [
      -0.009208853669326104,
      -0.006685806159166106,
      1.575031450745815
    ]
  },
  {
    "label_id": "YLu127Sv07CuQxpHfdw8PQ",
    "size": [
      2.1218738025544734,
      4.752483290869514,
      1.5999999999999979
    ],
    "obj_class": "vehicle",
    "point_num_in_lidar": 63,
    "speed": 0.01294249797228126,
    "if_vehicle": true,
    "motion_state": false,
    "pose": [
      [
        0.07081581159832044,
        0.997447162720936,
        -0.009180327206904735,
        0.43240563028848555
      ],
      [
        -0.9974710147456285,
        0.07075561471545946,
        -0.0067244128787432664,
        -12.66302926907855
      ],
      [
        -0.00605768685205299,
        0.009633305050298569,
        0.9999352498356133,
        0.9939034314398292
      ],
      [
        0.0,
        0.0,
        0.0,
        1.0
      ]
    ],
    "location": [
      0.43240563028848555,
      -12.66302926907855,
      0.9939034314398292
    ],
    "rotation": [
      0.009633630815424865,
      0.006057723901043434,
      -1.4999198898161843
    ]
  },
  {
    "label_id": "bi6BwT5X53pA_hTOxoaKDw",
    "size": [
      0.6606113832051376,
      1.5311806494396478,
      1.4100000000000001
    ],
    "obj_class": "cyclist",
    "point_num_in_lidar": 37,
    "speed": 1.1272294619938408,
    "if_vehicle": false,
    "motion_state": true,
    "pose": [
      [
        -0.9588981404970899,
        0.28360197062714027,
        -0.009180327206904735,
        -5.6248767056172255
      ],
      [
        -0.28354830935517106,
        -0.9589343765520456,
        -0.0067244128787432664,
        13.254981826155415
      ],
      [
        -0.010710388090419087,
        -0.003844960746516484,
        0.9999352498356133,
        0.7363017677328187
      ],
      [
        0.0,
        0.0,
        0.0,
        1.0
      ]
    ],
    "location": [
      -5.6248767056172255,
      13.254981826155415,
      0.7363017677328187
    ],
    "rotation": [
      -0.0038451907733535852,
      0.010710592870067195,
      -2.854083425102841
    ]
  },
  {
    "label_id": "gbmVKnh7i3GGGRkHohtmAQ",
    "size": [
      2.0893825324482758,
      4.914820528800514,
      1.6499999999999986
    ],
    "obj_class": "vehicle",
    "point_num_in_lidar": 454,
    "speed": 0.02870387634688676,
    "if_vehicle": true,
    "motion_state": false,
    "pose": [
      [
        -0.01980292964792057,
        -0.9997617544043849,
        -0.009180327206904735,
        -20.601424328816393
      ],
      [
        0.9997825022243011,
        -0.01974159359199237,
        -0.0067244128787432664,
        -25.66819973198554
      ],
      [
        0.006541576528231584,
        -0.009311493581318369,
        0.9999352498356133,
        0.5927810033766221
      ],
      [
        0.0,
        0.0,
        0.0,
        1.0
      ]
    ],
    "location": [
      -20.601424328816393,
      -25.66819973198554,
      0.5927810033766221
    ],
    "rotation": [
      -0.00931182738851255,
      -0.00654162318389746,
      1.5906009747800343
    ]
  },
  {
    "label_id": "iMbffYX3h1bRns-fgVtlvQ",
    "size": [
      0.7537695560853872,
      0.11239118882670908,
      0.759999999999998
    ],
    "obj_class": "sign",
    "point_num_in_lidar": 54,
    "speed": 0.03355112750626372,
    "if_vehicle": false,
    "motion_state": false,
    "pose": [
      [
        -0.07993096047397005,
        0.996758126703807,
        -0.009180327206904735,
        -17.75258111877747
      ],
      [
        -0.9967726585408054,
        -0.0799940588852144,
        -0.0067244128787432664,
        -15.154462482133397
      ],
      [
        -0.0074369848193737665,
        0.008613210376279438,
        0.9999352498356133,
        2.530462557517165
      ],
      [
        0.0,
        0.0,
        0.0,
        1.0
      ]
    ],
    "location": [
      -17.75258111877747,
      -15.154462482133397,
      2.530462557517165
    ],
    "rotation": [
      0.008613555090076878,
      0.007437053376127349,
      -1.6508148631302488
    ]
  },
  {
    "label_id": "jX-x7_QCYCyQJYz9-bsD4A",
    "size": [
      2.495245290656925,
      5.894180782425041,
      2.1799999999999997
    ],
    "obj_class": "vehicle",
    "point_num_in_lidar": 192,
    "speed": 0.03473543718942329,
    "if_vehicle": true,
    "motion_state": false,
    "pose": [
      [
        0.9992730181806752,
        -0.037002117891522524,
        -0.009180327206904735,
        8.350806560923047
      ],
      [
        0.036941147907194105,
        0.999294818290746,
        -0.0067244128787432664,
        -6.172937921512414
      ],
      [
        0.00942267092616399,
        0.00638039252764808,
        0.9999352498356133,
        1.1012001972079268
      ],
      [
        0.0,
        0.0,
        0.0,
        1.0
      ]
    ],
    "location": [
      8.350806560923047,
      -6.172937921512414,
      1.1012001972079268
    ],
    "rotation": [
      0.006380719090490803,
      -0.009422810366421052,
      0.036951196188675574
    ]
  },
  {
    "label_id": "lt-ChaHK2hkojlBkKlrc0w",
    "size": [
      1.7989579244539802,
      4.292386535471151,
      1.509999999999998
    ],
    "obj_class": "vehicle",
    "point_num_in_lidar": 73,
    "speed": 0.01738678876678091,
    "if_vehicle": true,
    "motion_state": false,
    "pose": [
      [
        0.016360812960567534,
        0.9998240072090904,
        -0.009180327206904735,
        -37.4609881710071
      ],
      [
        -0.9998445437370712,
        0.016299405837148475,
        -0.0067244128787432664,
        -59.6866037037268
      ],
      [
        -0.006573595551690352,
        0.009288916928923438,
        0.9999352498356133,
        0.48311602569512857
      ],
      [
        0.0,
        0.0,
        0.0,
        1.0
      ]
    ],
    "location": [
      -37.4609881710071,
      -59.6866037037268,
      0.48311602569512857
    ],
    "rotation": [
      0.009289251227133252,
      0.006573642895819777,
      -1.554434430294552
    ]
  },
  {
    "label_id": "rpMsSVtA7369hpyGXq6L1Q",
    "size": [
      2.004333183812241,
      4.627603661351985,
      1.5600000000000023
    ],
    "obj_class": "vehicle",
    "point_num_in_lidar": 74,
    "speed": 0.03671320795203222,
    "if_vehicle": true,
    "motion_state": false,
    "pose": [
      [
        -0.003992766479782343,
        -0.9999498884485222,
        -0.009180327206904735,
        -20.38508118208256
      ],
      [
        0.9999696638625113,
        -0.0039311100381913145,
        -0.0067244128787432664,
        -50.903349103634014
      ],
      [
        0.006687987031544191,
        -0.00920689772157486,
        0.9999352498356133,
        0.5409107759477223
      ],
      [
        0.0,
        0.0,
        0.0,
        1.0
      ]
    ],
    "location": [
      -20.38508118208256,
      -50.903349103634014,
      0.5409107759477223
    ],
    "rotation": [
      -0.009207233724085748,
      -0.00668803689056651,
      1.5747891931839322
    ]
  },
  {
    "label_id": "yIM_xzrB6oDXVWkXuERQ2A",
    "size": [
      0.5437255909070027,
      0.10246703175852812,
      0.5700000000000003
    ],
    "obj_class": "sign",
    "point_num_in_lidar": 52,
    "speed": 0.023716327393074943,
    "if_vehicle": false,
    "motion_state": false,
    "pose": [
      [
        0.9999578599082933,
        -1.127060510519911e-14,
        -0.009180327206904735,
        -28.989531163688753
      ],
      [
        -6.173491200476273e-05,
        0.9999773889744891,
        -0.0067244128787432664,
        9.593223237594884
      ],
      [
        0.009180119630292138,
        0.006724696258060176,
        0.9999352498356133,
        2.4244787531163574
      ],
      [
        0.0,
        0.0,
        0.0,
        1.0
      ]
    ],
    "location": [
      -28.989531163688753,
      9.593223237594884,
      2.4244787531163574
    ],
    "rotation": [
      0.00672503032746231,
      -0.009180248576995148,
      -6.173751355081087e-05
    ]
  }
]