[
  {
    "label_id": "2l37eBY1F_iWZj9LEEAT1g",
    "size": [
      0.8673556231018449,
      0.1312011474709614,
      0.8874413115178221
    ],
    "obj_class": "sign",
    "point_num_in_lidar": 46,
    "speed": 0.031281099375724195,
    "if_vehicle": false,
    "motion_state": false,
    "pose": [
      [
        -0.9991278972425763,
        0.040026288670111196,
        -0.011888699126681071,
        11.193425237831434
      ],
      [
        -0.039957627207306314,
        -0.9991836124949223,
        -0.005957898082271482,
        -9.012391342573096
      ],
      [
        -0.012117465889770524,
        -0.005477657975241733,
        0.9999115772324653,
        2.6396580755242383
      ],
      [
        0.0,
        0.0,
        0.0,
        1.0
      ]
    ],
    "location": [
      11.193425237831434,
      -9.012391342573096,
      2.6396580755242383
    ],
    "rotation": [
      -0.005478087568973409,
      0.012117762449969724,
      -3.1016214497145476
    ]
  },
  {
    "label_id": "3Nrnr3gCa09jSZ5ari8tyw",
    "size": [
      2.1009085634048805,
      5.396046833633512,
      1.5899999999999999
    ],
    "obj_class": "vehicle",
    "point_num_in_lidar": 673,
    "speed": 0.026946907619092905,
    "if_vehicle": true,
    "motion_state": false,
    "pose": [
      [
        -0.0008854720074901652,
        0.9999289348610725,
        -0.011888699126681071,
        -7.332424021860334
      ],
      [
        -0.999981794251567,
        -0.000956355508074163,
        -0.005957898082271482,
        -12.318405674252745
      ],
      [
        -0.005968844506310187,
        0.011883207132040247,
        0.9999115772324653,
        0.8302680268567535
      ],
      [
        0.0,
        0.0,
        0.0,
        1.0
      ]
    ],
    "location": [
      -7.332424021860334,
      -12.318405674252745,
      0.8302680268567535
    ],
    "rotation": [
      0.011883698525041985,
      0.005968879948986482,
      -1.5716818146919271
    ]
  },
  {
    "label_id": "3sK2f-reF27WdLJDxYR9nw",
    "size": [
      2.0338284408014617,
      4.364310268866955,
      1.6699999999999982
    ],
    "obj_class": "vehicle",
    "point_num_in_lidar": 253,
    "speed": 0.029394855610823115,
    "if_vehicle": true,
    "motion_state": false,
    "pose": [
      [
        -0.028179344828244246,
        -0.9995321822523405,
        -0.011888699126681071,
        -20.41377985241843
      ],
      [
        0.9995870796445335,
        -0.02811002771528581,
        -0.005957898082271482,
        -37.23597834440167
      ],
      [
        0.00562091920986015,
        -0.012051679705323516,
        0.9999115772324653,
        0.5937124304421495
      ],
      [
        0.0,
        0.0,
        0.0,
        1.0
      ]
    ],
    "location": [
      -20.41377985241843,
      -37.23597834440167,
      0.5937124304421495
    ],
    "rotation": [
      -0.012052161864518832,
      -0.005620948808854367,
      1.5989798477243655
    ]
  },
  {
    "label_id": "Aol9evC7U5sjtikEbkZhVg",
    "size": [
      0.7491777638421765,
      0.8126307549449647,
      1.370000000000001
    ],
    "obj_class": "pedestrian",
    "point_num_in_lidar": 45,
    "speed": 0.9953372279013735,
    "if_vehicle": false,
    "motion_state": false,
    "pose": [
      [
        0.12018003259516495,
        -0.9926809248688625,
        -0.011888699126681071,
        -8.318424962429617
      ],
      [
        0.9927249496260877,
        0.12025671640421058,
        -0.005957898082271482,
        14.59393276813472
      ],
      [
        0.0073439876978759495,
        -0.011086187855928126,
        0.9999115772324653,
        0.697437505527926
      ],
      [
        0.0,
        0.0,
        0.0,
        1.0
      ]
    ],
    "location": [
      -8.318424962429617,
      14.59393276813472,
      0.697437505527926
    ],
    "rotation": [
      -0.011086713949706995,
      -0.007344053714773729,
      1.4503218347140965
    ]
  },
  {
    "label_id": "Br7QAZ4g__QOs39xIHOUkg",
    "size": [
      1.9756204058230808,
      4.190739021442814,
      1.3999999999999986
    ],
    "obj_class": "vehicle",
    "point_num_in_lidar": 101,
    "speed": 0.028166952998164754,
    "if_vehicle": true,
    "motion_state": false,
    "pose": [
      [
        -0.006754983569628399,
        -0.9999065101448481,
        -0.011888699126681071,
        -20.39905418987064
      ],
      [
        0.9999599096111317,
        -0.006684506035483751,
        -0.005957898082271482,
        -43.3288646206328
      ],
      [
        0.005877870998176411,
        -0.011928468007765211,
        0.9999115772324653,
        0.4524205798176979
      ],
      [
        0.0,
        0.0,
        0.0,
        1.0
      ]
    ],
    "location": [
      -20.39905418987064,
      -43.3288646206328,
      0.4524205798176979
    ],
    "rotation": [
      -0.011928956986730105,
      -0.005877904844823479,
      1.5775514784328992
    ]
  },
  {
    "label_id": "CSAt4m_S2Ops0pk3ZVRiMQ",
    "size": [
      2.245499644070936,
      5.044614708423294,
      1.9199999999999982
    ],
    "obj_class": "vehicle",
    "point_num_in_lidar": 206,
    "speed": 0.045623770808716435,
    "if_vehicle": true,
    "motion_state": false,
    "pose": [
      [
        0.015069716227989045,
        0.9998157642715397,
        -0.011888699126681071,
        17.330304620163133
      ],
      [
        -0.99986974796457,
        0.014999685186976525,
        -0.005957898082271482,
        -11.620337491951204
      ],
      [
        -0.005778473680395304,
        0.01197693443283632,
        0.9999115772324653,
        1.1504950876044617
      ],
      [
        0.0,
        0.0,
        0.0,
        1.0
      ]
    ],
    "location": [
      17.330304620163133,
      -11.620337491951204,
      1.1504950876044617
    ],
    "rotation": [
      0.011977420772602602,
      0.005778505838814631,
      -1.5557257884995264
    ]
  },
  {
    "label_id": "NhYmqrHhf75KQuJs8nq1UQ",
    "size": [
      2.4384317476307213,
      5.980836144852448,
      2.0
    ],
    "obj_class": "vehicle",
    "point_num_in_lidar": 194,
    "speed": 0.011448348864386683,
    "if_vehicle": true,
    "motion_state": false,
    "pose": [
      [
        -0.004234895793370944,
        -0.9999203590740087,
        -0.011888699126681071,
        -4.343953552876883
      ],
      [
        0.9999735807460309,
        -0.0041642839002817966,
        -0.005957898082271482,
        -12.521727653215862
      ],
      [
        0.005907915671382716,
        -0.01191361611364543,
        0.9999115772324653,
        1.0566496286297955
      ],
      [
        0.0,
        0.0,
        0.0,
        1.0
      ]
    ],
    "location": [
      -4.343953552876883,
      -12.521727653215862,
      1.0566496286297955
    ],
    "rotation": [
      -0.011914105890129976,
      -0.005907950039713045,
      1.5750313091555865
    ]
  },
  {
    "label_id": "YLu127Sv07CuQxpHfdw8PQ",
    "size": [
      2.1218738025544717,
      4.752483290869514,
      1.5999999999999979
    ],
    "obj_class": "vehicle",
    "point_num_in_lidar": 96,
    "speed": 0.012942497972638899,
    "if_vehicle": true,
    "motion_state": false,
    "pose": [
      [
        0.07081379092639205,
        0.9974187013725521,
        -0.011888699126681071,
        0.4285815547450511
      ],
      [
        -0.9974765072022952,
        0.07074688000152772,
        -0.005957898082271482,
        -12.668243916588949
      ],
      [
        -0.0051014305976396675,
        0.01228059942921954,
        0.9999115772324653,
        0.9961963315586537
      ],
      [
        0.0,
        0.0,
        0.0,
        1.0
      ]
    ],
    "location": [
      0.4285815547450511,
      -12.668243916588949,
      0.9961963315586537
    ],
    "rotation": [
      0.012281067943406287,
      0.0051014527250089455,
      -1.499922294406048
    ]
  },
  {
    "label_id": "bi6BwT5X53pA_hTOxoaKDw",
    "size": [
      0.6606113832050763,
      1.5311806494396478,
      1.4100000000000001
    ],
    "obj_class": "cyclist",
    "point_num_in_lidar": 55,
    "speed": 1.1096966055290949,
    "if_vehicle": false,
    "motion_state": true,
    "pose": [
      [
        -0.9993222451898018,
        0.03483832805817167,
        -0.011888699126681071,
        -6.140919266807032
      ],
      [
        -0.03476937825005277,
        -0.9993776032043873,
        -0.005957898082271482,
        13.180304905583512
      ],
      [
        -0.01208886284636795,
        -0.005540497411350906,
        0.9999115772324653,
        0.736301767732833
      ],
      [
        0.0,
        0.0,
        0.0,
        1.0
      ]
    ],
    "location": [
      -6.140919266807032,
      13.180304905583512,
      0.736301767732833
    ],
    "rotation": [
      -0.005540930654369086,
      0.012089157311354867,
      -3.1068137235948643
    ]
  },
  {
    "label_id": "gbmVKnh7i3GGGRkHohtmAQ",
    "size": [
      2.089382532448274,
      4.914820528800514,
      1.6499999999999986
    ],
    "obj_class": "vehicle",
    "point_num_in_lidar": 479,
    "speed": 0.028703876346933718,
    "if_vehicle": true,
    "motion_state": false,
    "pose": [
      [
        -0.019802364587333664,
        -0.9997332270109989,
        -0.011888699126681071,
        -20.60857104374236
      ],
      [
        0.999787541604388,
        -0.0197325898729777,
        -0.005957898082271482,
        -25.680633667261645
      ],
      [
        0.005721713852001885,
        -0.012004153742738024,
        0.9999115772324653,
        0.5927810033766079
      ],
      [
        0.0,
        0.0,
        0.0,
        1.0
      ]
    ],
    "location": [
      -20.60857104374236,
      -25.680633667261645,
      0.5927810033766079
    ],
    "rotation": [
      -0.01200463857564084,
      -0.0057217450720488065,
      1.5906003100227528
    ]
  },
  {
    "label_id": "iMbffYX3h1bRns-fgVtlvQ",
    "size": [
      0.7537695560853893,
      0.11239118882670908,
      0.759999999999998
    ],
    "obj_class": "sign",
    "point_num_in_lidar": 105,
    "speed": 0.029402927945092583,
    "if_vehicle": false,
    "motion_state": false,
    "pose": [
      [
        -0.07992867970859908,
        0.996729685016512,
        -0.011888699126681071,
        -17.751985777677874
      ],
      [
        -0.9967767755310122,
        -0.08000352000030478,
        -0.005957898082271482,
        -15.171225874096763
      ],
      [
        -0.006889551657261971,
        0.011374172253197168,
        0.9999115772324653,
        2.5354596797629476
      ],
      [
        0.0,
        0.0,
        0.0,
        1.0
      ]
    ],
    "location": [
      -17.751985777677874,
      -15.171225874096763,
      2.5354596797629476
    ],
    "rotation": [
      0.011374687486849612,
      0.006889606161579814,
      -1.6508122605169637
    ]
  },
  {
    "label_id": "jX-x7_QCYCyQJYz9-bsD4A",
    "size": [
      2.495245290656982,
      5.894180782425041,
      2.1799999999999997
    ],
    "obj_class": "vehicle",
    "point_num_in_lidar": 233,
    "speed": 0.03473543718940404,
    "if_vehicle": true,
    "motion_state": false,
    "pose": [
      [
        0.9992444643145272,
        -0.037002153583929775,
        -0.011888699126681071,
        8.346104420965275
      ],
      [
        0.036933323808308126,
        0.9992999715015065,
        -0.005957898082271482,
        -6.189643861501224
      ],
      [
        0.012100831758359994,
        0.005514307503154654,
        0.9999115772324653,
        1.098454451007644
      ],
      [
        0.0,
        0.0,
        0.0,
        1.0
      ]
    ],
    "location": [
      8.346104420965275,
      -6.189643861501224,
      1.098454451007644
    ],
    "rotation": [
      0.005514739230531954,
      -0.012101127098881169,
      0.036944431794807345
    ]
  },
  {
    "label_id": "lt-ChaHK2hkojlBkKlrc0w",
    "size": [
      1.7989579244539802,
      4.292386535471151,
      1.509999999999998
    ],
    "obj_class": "vehicle",
    "point_num_in_lidar": 79,
    "speed": 0.017386788766773315,
    "if_vehicle": true,
    "motion_state": false,
    "pose": [
      [
        0.01636034611799367,
        0.9997954780393711,
        -0.011888699126681071,
        -37.45849884133531
      ],
      [
        -0.9998495520891122,
        0.016290384821814406,
        -0.005957898082271482,
        -59.6949264632874
      ],
      [
        -0.005763008077470065,
        0.011984383771495983,
        0.9999115772324653,
        0.4879215687411893
      ],
      [
        0.0,
        0.0,
        0.0,
        1.0
      ]
    ],
    "location": [
      -37.45849884133531,
      -59.6949264632874,
      0.4879215687411893
    ],
    "rotation": [
      0.011984869700631746,
      0.005763039978369303,
      -1.5544349790262317
    ]
  },
  {
    "label_id": "rpMsSVtA7369hpyGXq6L1Q",
    "size": [
      2.0043331838122422,
      4.627603661351985,
      1.5600000000000023
    ],
    "obj_class": "vehicle",
    "point_num_in_lidar": 62,
    "speed": 0.036713207951946714,
    "if_vehicle": true,
    "motion_state": false,
    "pose": [
      [
        -0.0039926525494176374,
        -0.9999213556868835,
        -0.011888699126681071,
        -20.382254026611463
      ],
      [
        0.9999745602507363,
        -0.0039220277647899005,
        -0.005957898082271482,
        -50.88522504306866
      ],
      [
        0.005910801719407107,
        -0.011912184498123571,
        0.9999115772324653,
        0.5365882437533003
      ],
      [
        0.0,
        0.0,
        0.0,
        1.0
      ]
    ],
    "location": [
      -20.382254026611463,
      -50.88522504306866,
      0.5365882437533003
    ],
    "rotation": [
      -0.011912674351205436,
      -0.005910836138129906,
      1.574789059701572
    ]
  },
  {
    "label_id": "yIM_xzrB6oDXVWkXuERQ2A",
    "size": [
      0.5437255909070011,
      0.10246703175852812,
      0.5700000000000003
    ],
    "obj_class": "sign",
    "point_num_in_lidar": 62,
    "speed": 0.044011764878527995,
    "if_vehicle": false,
    "motion_state": false,
    "pose": [
      [
        0.9999293269191953,
        1.750135629149807e-14,
        -0.011888699126681071,
        -29.006154928425985
      ],
      [
        -7.083666399033983e-05,
        0.9999822490587561,
        -0.005957898082271482,
        9.58544261149757
      ],
      [
        0.011888488091081307,
        0.005958319175044207,
        0.9999115772324653,
        2.4174154225593654
      ],
      [
        0.0,
        0.0,
        0.0,
        1.0
      ]
    ],
    "location": [
      -29.006154928425985,
      9.58544261149757,
      2.4174154225593654
    ],
    "rotation": [
      0.005958775545610563,
      -0.011888768154414942,
      -7.084167047094243e-05
    ]
  }
]