[
  {
    "label_id": "2l37eBY1F_iWZj9LEEAT1g",
    "size": [
      0.8673556231018446,
      0.1312011474709614,
      0.8874413115178221
    ],
    "obj_class": "sign",
    "point_num_in_lidar": 41,
    "speed": 0.031183042489850495,
    "if_vehicle": false,
    "motion_state": false,
    "pose": [
      [
        -0.9991080600013106,
        0.04002549396588317,
        -0.013455269347158384,
        11.194816391418954
      ],
      [
        -0.03993134514760583,
        -0.9991765237228538,
        -0.0071945893431287185,
        -9.00309516131972
      ],
      [
        -0.013732156244388794,
        -0.006650885196764055,
        0.999883590029849,
        2.6478886164980544
      ],
      [
        0.0,
        0.0,
        0.0,
        1.0
      ]
    ],
    "location": [
      11.194816391418954,
      -9.00309516131972,
      2.6478886164980544
    ],
    "rotation": [
      -0.006651561418906009,
      0.013732587864640688,
      -3.10164692047602
    ]
  },
  {
    "label_id": "3Nrnr3gCa09jSZ5ari8tyw",
    "size": [
      2.1009085634048836,
      5.396046833633512,
      1.5899999999999999
    ],
    "obj_class": "vehicle",
    "point_num_in_lidar": 565,
    "speed": 0.02694690784436817,
    "if_vehicle": true,
    "motion_state": false,
    "pose": [
      [
        -0.0008854544268369429,
        0.9999090817155594,
        -0.013455269347158384,
        -7.328156940800454
      ],
      [
        -0.9999736361128395,
        -0.0009823255316224384,
        -0.0071945893431287185,
        -12.311545250995664
      ],
      [
        -0.007207152678022957,
        0.013448544132972456,
        0.999883590029849,
        0.8329905828674633
      ],
      [
        0.0,
        0.0,
        0.0,
        1.0
      ]
    ],
    "location": [
      -7.328156940800454,
      -12.311545250995664,
      0.8329905828674633
    ],
    "rotation": [
      0.013449298881801745,
      0.007207215073063067,
      -1.5716818043349439
    ]
  },
  {
    "label_id": "3sK2f-reF27WdLJDxYR9nw",
    "size": [
      2.033828440801458,
      4.364310268866955,
      1.6699999999999982
    ],
    "obj_class": "vehicle",
    "point_num_in_lidar": 243,
    "speed": 0.02939485487262685,
    "if_vehicle": true,
    "motion_state": false,
    "pose": [
      [
        -0.028178785339851364,
        -0.9995123369841744,
        -0.013455269347158384,
        -20.40855976004832
      ],
      [
        0.9995796798106901,
        -0.02808383153599158,
        -0.0071945893431287185,
        -37.22887749944039
      ],
      [
        0.006813205290375034,
        -0.013652348614507578,
        0.999883590029849,
        0.5937124304421495
      ],
      [
        0.0,
        0.0,
        0.0,
        1.0
      ]
    ],
    "location": [
      -20.40855976004832,
      -37.22887749944039,
      0.5937124304421495
    ],
    "rotation": [
      -0.0136530896625921,
      -0.006813258002709066,
      1.5989794969757845
    ]
  },
  {
    "label_id": "Aol9evC7U5sjtikEbkZhVg",
    "size": [
      0.7491777638422479,
      0.8126307549449647,
      1.370000000000001
    ],
    "obj_class": "pedestrian",
    "point_num_in_lidar": 45,
    "speed": 0.9704844601600181,
    "if_vehicle": false,
    "motion_state": false,
    "pose": [
      [
        0.11814925857799584,
        -0.9929046824465405,
        -0.013455269347158384,
        -8.372185933895253
      ],
      [
        0.9929574302431589,
        0.11825303213485147,
        -0.0071945893431287185,
        14.30123620402128
      ],
      [
        0.008734667845565086,
        -0.012510474277520127,
        0.999883590029849,
        0.7094347712660287
      ],
      [
        0.0,
        0.0,
        0.0,
        1.0
      ]
    ],
    "location": [
      -8.372185933895253,
      14.30123620402128,
      0.7094347712660287
    ],
    "rotation": [
      -0.01251127794469755,
      -0.00873477891711814,
      1.4523659087980332
    ]
  },
  {
    "label_id": "Br7QAZ4g__QOs39xIHOUkg",
    "size": [
      1.9756204058230826,
      4.190739021442814,
      1.3999999999999986
    ],
    "obj_class": "vehicle",
    "point_num_in_lidar": 121,
    "speed": 0.028166952762629982,
    "if_vehicle": true,
    "motion_state": false,
    "pose": [
      [
        -0.006754849452426162,
        -0.9998866574445677,
        -0.013455269347158384,
        -20.395943227447788
      ],
      [
        0.9999519501468039,
        -0.0066584744339552426,
        -0.0071945893431287185,
        -43.32101352349778
      ],
      [
        0.007104182323037247,
        -0.013503221191326404,
        0.999883590029849,
        0.45629247313534194
      ],
      [
        0.0,
        0.0,
        0.0,
        1.0
      ]
    ],
    "location": [
      -20.395943227447788,
      -43.32101352349778,
      0.45629247313534194
    ],
    "rotation": [
      -0.01350397237485157,
      -0.007104242081705344,
      1.577551398083709
    ]
  },
  {
    "label_id": "CSAt4m_S2Ops0pk3ZVRiMQ",
    "size": [
      2.245499644070927,
      5.044614708423294,
      1.9200000000000017
    ],
    "obj_class": "vehicle",
    "point_num_in_lidar": 175,
    "speed": 0.04562377042685824,
    "if_vehicle": true,
    "motion_state": false,
    "pose": [
      [
        0.015069417025454073,
        0.9997959133729784,
        -0.013455269347158384,
        17.334240592910646
      ],
      [
        -0.9998620052475771,
        0.014973588296658367,
        -0.0071945893431287185,
        -11.60723712229344
      ],
      [
        -0.006991647360031878,
        0.013561830857734533,
        0.999883590029849,
        1.154439382710251
      ],
      [
        0.0,
        0.0,
        0.0,
        1.0
      ]
    ],
    "location": [
      17.334240592910646,
      -11.60723712229344,
      1.154439382710251
    ],
    "rotation": [
      0.013562578129859035,
      0.006991704323556011,
      -1.5557259709900488
    ]
  },
  {
    "label_id": "NhYmqrHhf75KQuJs8nq1UQ",
    "size": [
      2.4384317476307316,
      5.980836144852448,
      2.0
    ],
    "obj_class": "vehicle",
    "point_num_in_lidar": 139,
    "speed": 0.011448349151646076,
    "if_vehicle": true,
    "motion_state": false,
    "pose": [
      [
        -0.004234811711392916,
        -0.9999005060987639,
        -0.013455269347158384,
        -4.344369169655238
      ],
      [
        0.9999655556994861,
        -0.004138272441681319,
        -0.0071945893431287185,
        -12.518320476197744
      ],
      [
        0.0071381919550324345,
        -0.013485273621026441,
        0.999883590029849,
        1.056649628629799
      ],
      [
        0.0,
        0.0,
        0.0,
        1.0
      ]
    ],
    "location": [
      -4.344369169655238,
      -12.518320476197744,
      1.056649628629799
    ],
    "rotation": [
      -0.01348602598373664,
      -0.007138252576071403,
      1.575031259058915
    ]
  },
  {
    "label_id": "YLu127Sv07CuQxpHfdw8PQ",
    "size": [
      2.121873802554474,
      4.752483290869514,
      1.5999999999999979
    ],
    "obj_class": "vehicle",
    "point_num_in_lidar": 68,
    "speed": 0.012942498080693405,
    "if_vehicle": true,
    "motion_state": false,
    "pose": [
      [
        0.07081238494997867,
        0.9973988980666116,
        -0.013455269347158384,
        0.4308762865630342
      ],
      [
        -0.9974702321665435,
        0.07072039186688282,
        -0.0071945893431287185,
        -12.665114737411784
      ],
      [
        -0.006224313561972874,
        0.013930696669696095,
        0.999883590029849,
        0.9948204197079029
      ],
      [
        0.0,
        0.0,
        0.0,
        1.0
      ]
    ],
    "location": [
      0.4308762865630342,
      -12.665114737411784,
      0.9948204197079029
    ],
    "rotation": [
      0.01393141717032934,
      0.006224353753148522,
      -1.4999232525064465
    ]
  },
  {
    "label_id": "bi6BwT5X53pA_hTOxoaKDw",
    "size": [
      0.6606113832048555,
      1.5311806494396478,
      1.4100000000000001
    ],
    "obj_class": "cyclist",
    "point_num_in_lidar": 40,
    "speed": 1.1109404261631848,
    "if_vehicle": false,
    "motion_state": true,
    "pose": [
      [
        -0.982571291455508,
        0.18539852462803028,
        -0.013455269347158384,
        -5.831255069224426
      ],
      [
        -0.18531537472971618,
        -0.9826527615454854,
        -0.0071945893431287185,
        13.225116652571046
      ],
      [
        -0.014555723830844122,
        -0.004575728661212101,
        0.999883590029849,
        0.736301767732833
      ],
      [
        0.0,
        0.0,
        0.0,
        1.0
      ]
    ],
    "location": [
      -5.831255069224426,
      13.225116652571046,
      0.736301767732833
    ],
    "rotation": [
      -0.004576229438452623,
      0.014556237864529692,
      -2.955179886837596
    ]
  },
  {
    "label_id": "gbmVKnh7i3GGGRkHohtmAQ",
    "size": [
      2.0893825324482758,
      4.914820528800514,
      1.6499999999999986
    ],
    "obj_class": "vehicle",
    "point_num_in_lidar": 471,
    "speed": 0.028703876347315506,
    "if_vehicle": true,
    "motion_state": false,
    "pose": [
      [
        -0.019801971420168096,
        -0.9997133777511784,
        -0.013455269347158384,
        -20.60428247936943
      ],
      [
        0.9997799225087152,
        -0.019706456623435176,
        -0.0071945893431287185,
        -25.673172374570527
      ],
      [
        0.006927371532005429,
        -0.013594775197788381,
        0.999883590029849,
        0.5927810033766008
      ],
      [
        0.0,
        0.0,
        0.0,
        1.0
      ]
    ],
    "location": [
      -20.60428247936943,
      -25.673172374570527,
      0.5927810033766008
    ],
    "rotation": [
      -0.013595520230446348,
      -0.006927426938869419,
      1.5906000678054526
    ]
  },
  {
    "label_id": "iMbffYX3h1bRns-fgVtlvQ",
    "size": [
      0.7537695560853923,
      0.11239118882670908,
      0.759999999999998
    ],
    "obj_class": "sign",
    "point_num_in_lidar": 72,
    "speed": 0.0324808421662326,
    "if_vehicle": false,
    "motion_state": false,
    "pose": [
      [
        -0.07992709276013678,
        0.9967098953906837,
        -0.013455269347158384,
        -17.752343026938888
      ],
      [
        -0.9967665899511435,
        -0.08002876383746378,
        -0.0071945893431287185,
        -15.161166583039176
      ],
      [
        -0.008247726964521957,
        0.012836720334241873,
        0.999883590029849,
        2.5324610320411587
      ],
      [
        0.0,
        0.0,
        0.0,
        1.0
      ]
    ],
    "location": [
      -17.752343026938888,
      -15.161166583039176,
      2.5324610320411587
    ],
    "rotation": [
      0.012837509569694441,
      0.008247820475989062,
      -1.650811492759209
    ]
  },
  {
    "label_id": "jX-x7_QCYCyQJYz9-bsD4A",
    "size": [
      2.4952452906570337,
      5.894180782425041,
      2.1799999999999997
    ],
    "obj_class": "vehicle",
    "point_num_in_lidar": 209,
    "speed": 0.034735437479922165,
    "if_vehicle": true,
    "motion_state": false,
    "pose": [
      [
        0.9992246490126284,
        -0.037000763943258776,
        -0.013455269347158384,
        8.348926057215522
      ],
      [
        0.036906408299804724,
        0.999292827408759,
        -0.0071945893431287185,
        -6.179619045932498
      ],
      [
        0.0137119594514221,
        0.006692425346867717,
        0.999883590029849,
        1.1001021044335957
      ],
      [
        0.0,
        0.0,
        0.0,
        1.0
      ]
    ],
    "location": [
      8.348926057215522,
      -6.179619045932498,
      1.1001021044335957
    ],
    "rotation": [
      0.00669310455569783,
      -0.01371238916992881,
      0.036918264091016256
    ]
  },
  {
    "label_id": "lt-ChaHK2hkojlBkKlrc0w",
    "size": [
      1.7989579244539804,
      4.292386535471151,
      1.509999999999998
    ],
    "obj_class": "vehicle",
    "point_num_in_lidar": 74,
    "speed": 0.017386788766890315,
    "if_vehicle": true,
    "motion_state": false,
    "pose": [
      [
        0.016360021290579094,
        0.9997756275435841,
        -0.013455269347158384,
        -37.459992625634186
      ],
      [
        -0.9998418430665313,
        0.016264277958323647,
        -0.0071945893431287185,
        -59.68993218402659
      ],
      [
        -0.0069741348347786,
        0.013570844937850003,
        0.999883590029849,
        0.48503788289194816
      ],
      [
        0.0,
        0.0,
        0.0,
        1.0
      ]
    ],
    "location": [
      -37.459992625634186,
      -59.68993218402659,
      0.48503788289194816
    ],
    "rotation": [
      0.013571591600150255,
      0.006974191371324804,
      -1.5544351776906293
    ]
  },
  {
    "label_id": "rpMsSVtA7369hpyGXq6L1Q",
    "size": [
      2.004333183812243,
      4.627603661351985,
      1.5600000000000023
    ],
    "obj_class": "vehicle",
    "point_num_in_lidar": 81,
    "speed": 0.03671320795198182,
    "if_vehicle": true,
    "motion_state": false,
    "pose": [
      [
        -0.003992573277072657,
        -0.9999015026918514,
        -0.013455269347158384,
        -20.383950531698247
      ],
      [
        0.9999665289028282,
        -0.0038960182511207815,
        -0.0071945893431287185,
        -50.89610083722593
      ],
      [
        0.007141458720494911,
        -0.013483543909681482,
        0.999883590029849,
        0.539182086905349
      ],
      [
        0.0,
        0.0,
        0.0,
        1.0
      ]
    ],
    "location": [
      -20.383950531698247,
      -50.89610083722593,
      0.539182086905349
    ],
    "rotation": [
      -0.013484296385577414,
      -0.007141519424802189,
      1.5747890124955968
    ]
  },
  {
    "label_id": "yIM_xzrB6oDXVWkXuERQ2A",
    "size": [
      0.5437255909070008,
      0.10246703175852812,
      0.5700000000000003
    ],
    "obj_class": "sign",
    "point_num_in_lidar": 52,
    "speed": 0.031635595188777524,
    "if_vehicle": false,
    "motion_state": false,
    "pose": [
      [
        0.9999094737658981,
        1.427066278757061e-14,
        -0.013455269347158384,
        -28.989295559143102
      ],
      [
        -9.681390166618981e-05,
        0.9999741139205817,
        -0.0071945893431287185,
        9.590644602535974
      ],
      [
        0.013454921042987365,
        0.007195240701173044,
        0.999883590029849,
        2.421653943323008
      ],
      [
        0.0,
        0.0,
        0.0,
        1.0
      ]
    ],
    "location": [
      -28.989295559143102,
      9.590644602535974,
      2.421653943323008
    ],
    "rotation": [
      0.007195954187488764,
      -0.013455327044444965,
      -9.682266635501918e-05
    ]
  }
]