[
  {
    "label_id": "2l37eBY1F_iWZj9LEEAT1g",
    "size": [
      0.8673556231018449,
      0.1312011474709614,
      0.8874413115178221
    ],
    "obj_class": "sign",
    "point_num_in_lidar": 177,
    "speed": 0.028723439453778817,
    "if_vehicle": false,
    "motion_state": false,
    "pose": [
      [
        -0.9991979334945867,
        0.04002909440823579,
        -0.0010776367681427906,
        11.18363745935676
      ],
      [
        -0.03998158032590526,
        -0.9987862883197008,
        -0.028764970001696002,
        -9.080181598411173
      ],
      [
        -0.002227764527658135,
        -0.028698812961720773,
        0.9995856217452298,
        2.5904732494174283
      ],
      [
        0.0,
        0.0,
        0.0,
        1.0
      ]
    ],
    "location": [
      11.18363745935676,
      -9.080181598411173,
      2.5904732494174283
    ],
    "rotation": [
      -0.02870282516228837,
      0.002227766370370597,
      -3.1016003143637936
    ]
  },
  {
    "label_id": "3Nrnr3gCa09jSZ5ari8tyw",
    "size": [
      2.1009085634048836,
      5.396046833633512,
      1.5899999999999999
    ],
    "obj_class": "vehicle",
    "point_num_in_lidar": 2237,
    "speed": 0.015902990276846145,
    "if_vehicle": true,
    "motion_state": false,
    "pose": [
      [
        -0.0008855340767619965,
        0.9999990272637244,
        -0.0010776367681427906,
        -7.348637486711141
      ],
      [
        -0.999585782782055,
        -0.0009161663537969225,
        -0.028764970001696002,
        -12.362646645589223
      ],
      [
        -0.0287659293155148,
        0.0010517180312851968,
        0.9995856217452298,
        0.8222160010930963
      ],
      [
        0.0,
        0.0,
        0.0,
        1.0
      ]
    ],
    "location": [
      -7.348637486711141,
      -12.362646645589223,
      0.8222160010930963
    ],
    "rotation": [
      0.001052153632777756,
      0.028769897992405296,
      -1.571682227595362
    ]
  },
  {
    "label_id": "3sK2f-reF27WdLJDxYR9nw",
    "size": [
      2.033828440801462,
      4.364310268866955,
      1.6699999999999982
    ],
    "obj_class": "vehicle",
    "point_num_in_lidar": 297,
    "speed": 0.029394855118985375,
    "if_vehicle": true,
    "motion_state": false,
    "pose": [
      [
        -0.028181320126607106,
        -0.9996022468436723,
        -0.0010776367681427906,
        -20.45207457144943
      ],
      [
        0.9991900673394853,
        -0.02813868921816325,
        -0.028764970001696002,
        -37.28807030819081
      ],
      [
        0.028723205357977316,
        -0.0018873987829781452,
        0.9995856217452298,
        0.5937124304421495
      ],
      [
        0.0,
        0.0,
        0.0,
        1.0
      ]
    ],
    "location": [
      -20.45207457144943,
      -37.28807030819081,
      0.5937124304421495
    ],
    "rotation": [
      -0.0018881789602827061,
      -0.028727156373581128,
      1.5989930153945962
    ]
  },
  {
    "label_id": "Aol9evC7U5sjtikEbkZhVg",
    "size": [
      0.7491777638422378,
      0.8126307549449647,
      1.370000000000001
    ],
    "obj_class": "pedestrian",
    "point_num_in_lidar": 52,
    "speed": 1.1505160996684896,
    "if_vehicle": false,
    "motion_state": true,
    "pose": [
      [
        -0.24799104182246196,
        -0.9687617260579642,
        -0.0010776367681427906,
        -8.375104386650492
      ],
      [
        0.968369104105906,
        -0.24785853770634253,
        -0.028764970001696002,
        17.10185440175104
      ],
      [
        0.027599300515318118,
        -0.008177005030430473,
        0.9995856217452298,
        0.6494343932583959
      ],
      [
        0.0,
        0.0,
        0.0,
        1.0
      ]
    ],
    "location": [
      -8.375104386650492,
      17.10185440175104,
      0.6494343932583959
    ],
    "rotation": [
      -0.008180212341251134,
      -0.027602805546473846,
      1.8214998453657139
    ]
  },
  {
    "label_id": "CSAt4m_S2Ops0pk3ZVRiMQ",
    "size": [
      2.245499644070929,
      5.044614708423294,
      1.9200000000000017
    ],
    "obj_class": "vehicle",
    "point_num_in_lidar": 854,
    "speed": 0.04562377042696226,
    "if_vehicle": true,
    "motion_state": false,
    "pose": [
      [
        0.015070772575674971,
        0.9998858487412293,
        -0.0010776367681427906,
        17.301430232548228
      ],
      [
        -0.9994731456440871,
        0.015033550382888153,
        -0.028764970001696002,
        -11.716442108452611
      ],
      [
        -0.028745485737513475,
        0.0015105793315590757,
        0.9995856217452298,
        1.121559646971022
      ],
      [
        0.0,
        0.0,
        0.0,
        1.0
      ]
    ],
    "location": [
      17.301430232548228,
      -11.716442108452611,
      1.121559646971022
    ],
    "rotation": [
      0.0015112043918745733,
      0.028749445956855735,
      -1.555718752580086
    ]
  },
  {
    "label_id": "NhYmqrHhf75KQuJs8nq1UQ",
    "size": [
      2.438431747630725,
      5.980836144852448,
      2.0
    ],
    "obj_class": "vehicle",
    "point_num_in_lidar": 4146,
    "speed": 0.011448349151620903,
    "if_vehicle": true,
    "motion_state": false,
    "pose": [
      [
        -0.0042351926484875315,
        -0.9999904508755202,
        -0.0010776367681427906,
        -4.3409045785228955
      ],
      [
        0.9995773686712047,
        -0.00420244466374966,
        -0.028764970001696002,
        -12.546722783066173
      ],
      [
        0.028760166612531057,
        -0.0011990065145686588,
        0.9995856217452298,
        1.0566496286298026
      ],
      [
        0.0,
        0.0,
        0.0,
        1.0
      ]
    ],
    "location": [
      -4.3409045785228955,
      -12.546722783066173,
      1.0566496286298026
    ],
    "rotation": [
      -0.0011995029874766572,
      -0.028764132904162087,
      1.5750332847714048
    ]
  },
  {
    "label_id": "YLu127Sv07CuQxpHfdw8PQ",
    "size": [
      2.121873802554467,
      4.752483290869514,
      1.5999999999999979
    ],
    "obj_class": "vehicle",
    "point_num_in_lidar": 2190,
    "speed": 0.013901886596474598,
    "if_vehicle": true,
    "motion_state": false,
    "pose": [
      [
        0.07081875478789454,
        0.9974886178144031,
        -0.0010776367681427906,
        0.4117473487544885
      ],
      [
        -0.9970786333833854,
        0.07075857086687198,
        -0.028764970001696002,
        -12.691199647811857
      ],
      [
        -0.028616478130837134,
        0.003111587953094753,
        0.9995856217452298,
        1.0062900528970609
      ],
      [
        0.0,
        0.0,
        0.0,
        1.0
      ]
    ],
    "location": [
      0.4117473487544885,
      -12.691199647811857,
      1.0062900528970609
    ],
    "rotation": [
      0.003112867807444574,
      0.028620385256585,
      -1.4998891541142048
    ]
  },
  {
    "label_id": "bi6BwT5X53pA_hTOxoaKDw",
    "size": [
      0.660611383204558,
      1.5311806494396478,
      1.4100000000000001
    ],
    "obj_class": "cyclist",
    "point_num_in_lidar": 176,
    "speed": 1.1833397214420336,
    "if_vehicle": false,
    "motion_state": true,
    "pose": [
      [
        -0.6748248837083993,
        -0.7379771100968792,
        -0.0010776367681427906,
        -8.292876881024313
      ],
      [
        0.7376930834631504,
        -0.6745231583210697,
        -0.028764970001696002,
        14.238495381791097
      ],
      [
        0.020500998477504452,
        -0.020206282726614618,
        0.9995856217452298,
        0.682967506979395
      ],
      [
        0.0,
        0.0,
        0.0,
        1.0
      ]
    ],
    "location": [
      -8.292876881024313,
      14.238495381791097,
      0.682967506979395
    ],
    "rotation": [
      -0.020211906461493463,
      -0.020502434813158492,
      2.311715950795728
    ]
  },
  {
    "label_id": "gbmVKnh7i3GGGRkHohtmAQ",
    "size": [
      2.0893825324482744,
      4.914820528800514,
      1.6499999999999986
    ],
    "obj_class": "vehicle",
    "point_num_in_lidar": 505,
    "speed": 0.02870387634688676,
    "if_vehicle": true,
    "motion_state": false,
    "pose": [
      [
        -0.019803752681290265,
        -0.9998033056950424,
        -0.0010776367681427906,
        -20.640032051729122
      ],
      [
        0.9993907834201097,
        -0.019764577297298698,
        -0.028764970001696002,
        -25.735369883980212
      ],
      [
        0.028738013060712022,
        -0.0016466346057548596,
        0.9995856217452298,
        0.5927810033766185
      ],
      [
        0.0,
        0.0,
        0.0,
        1.0
      ]
    ],
    "location": [
      -20.640032051729122,
      -25.735369883980212,
      0.5927810033766185
    ],
    "rotation": [
      -0.001647315728108216,
      -0.028741970191595717,
      1.5906095585431856
    ]
  },
  {
    "label_id": "hl1qkhTZcPl-qsRTJjKUIA",
    "size": [
      2.391021956929827,
      5.194751274041504,
      2.0500000000000007
    ],
    "obj_class": "vehicle",
    "point_num_in_lidar": 240,
    "speed": 0.020518913355380718,
    "if_vehicle": true,
    "motion_state": false,
    "pose": [
      [
        0.02265686864443288,
        -0.9997427194044601,
        -0.0010776367681427906,
        44.553799277213784
      ],
      [
        0.9993289059609324,
        0.022678496681382148,
        -0.028764970001696002,
        -12.31555495570717
      ],
      [
        0.028782008514953338,
        -0.0004251894256419311,
        0.9995856217452298,
        1.364606608790556
      ],
      [
        0.0,
        0.0,
        0.0,
        1.0
      ]
    ],
    "location": [
      44.553799277213784,
      -12.31555495570717,
      1.364606608790556
    ],
    "rotation": [
      -0.0004253656622786879,
      -0.028785983852296682,
      1.548128126512948
    ]
  },
  {
    "label_id": "jX-x7_QCYCyQJYz9-bsD4A",
    "size": [
      2.4952452906571496,
      5.894180782425041,
      2.1799999999999997
    ],
    "obj_class": "vehicle",
    "point_num_in_lidar": 1665,
    "speed": 0.03070334527627851,
    "if_vehicle": true,
    "motion_state": false,
    "pose": [
      [
        0.999314330782268,
        -0.037009552715269484,
        -0.0010776367681427906,
        8.325404831812648
      ],
      [
        0.03696328275209874,
        0.9989025439095598,
        -0.028764970001696002,
        -6.263186141672975
      ],
      [
        0.0021410327827392234,
        0.02870541375465193,
        0.9995856217452298,
        1.0536407771623217
      ],
      [
        0.0,
        0.0,
        0.0,
        1.0
      ]
    ],
    "location": [
      8.325404831812648,
      -6.263186141672975,
      1.0536407771623217
    ],
    "rotation": [
      0.028709423251490358,
      -0.0021410344184992717,
      0.03697178976846321
    ]
  }
]