[
  {
    "label_id": "2l37eBY1F_iWZj9LEEAT1g",
    "size": [
      0.8673556231018451,
      0.1312011474709614,
      0.8874413115178221
    ],
    "obj_class": "sign",
    "point_num_in_lidar": 42,
    "speed": 0.031250989677876165,
    "if_vehicle": false,
    "motion_state": false,
    "pose": [
      [
        -0.999157326202551,
        0.04002746763032476,
        -0.009079610722493704,
        11.193888901118498
      ],
      [
        -0.039962187878313016,
        -0.9991748121553145,
        -0.0072607364895203915,
        -9.00929298018059
      ],
      [
        -0.009362747232897622,
        -0.006891776947576253,
        0.9999324189037766,
        2.6424012662957495
      ],
      [
        0.0,
        0.0,
        0.0,
        1.0
      ]
    ],
    "location": [
      11.193888901118498,
      -9.00929298018059,
      2.6424012662957495
    ],
    "rotation": [
      -0.006892133601914427,
      0.009362884029647288,
      -3.101618068535892
    ]
  },
  {
    "label_id": "3Nrnr3gCa09jSZ5ari8tyw",
    "size": [
      2.1009085634048845,
      5.396046833633512,
      1.5899999999999999
    ],
    "obj_class": "vehicle",
    "point_num_in_lidar": 648,
    "speed": 0.02694690784450338,
    "if_vehicle": true,
    "motion_state": false,
    "pose": [
      [
        -0.0008854980887565259,
        0.9999583874153276,
        -0.009079610722493704,
        -7.33100182890621
      ],
      [
        -0.9999731878756657,
        -0.0009514385993743936,
        -0.0072607364895203915,
        -12.316119135636825
      ],
      [
        -0.007269073043617113,
        0.009072937910557669,
        0.9999324189037766,
        0.8311754387203543
      ],
      [
        0.0,
        0.0,
        0.0,
        1.0
      ]
    ],
    "location": [
      -7.33100182890621,
      -12.316119135636825,
      0.8311754387203543
    ],
    "rotation": [
      0.00907330211692747,
      0.007269137060743431,
      -1.5716818483949144
    ]
  },
  {
    "label_id": "3sK2f-reF27WdLJDxYR9nw",
    "size": [
      2.033828440801462,
      4.364310268866955,
      1.6699999999999982
    ],
    "obj_class": "vehicle",
    "point_num_in_lidar": 250,
    "speed": 0.029394855119055766,
    "if_vehicle": true,
    "motion_state": false,
    "pose": [
      [
        -0.028180174840912876,
        -0.9995616231203874,
        -0.009079610722493704,
        -20.41204002641416
      ],
      [
        0.9995783339876322,
        -0.028114692389197282,
        -0.0072607364895203915,
        -37.23361167464947
      ],
      [
        0.007002283088037859,
        -0.00928039098299498,
        0.9999324189037766,
        0.5937124304421495
      ],
      [
        0.0,
        0.0,
        0.0,
        1.0
      ]
    ],
    "location": [
      -20.41204002641416,
      -37.23361167464947,
      0.5937124304421495
    ],
    "rotation": [
      -0.009280751737537719,
      -0.007002340311921047,
      1.5989809238845702
    ]
  },
  {
    "label_id": "Aol9evC7U5sjtikEbkZhVg",
    "size": [
      0.7491777638420569,
      0.8126307549449647,
      1.370000000000001
    ],
    "obj_class": "pedestrian",
    "point_num_in_lidar": 46,
    "speed": 0.9822736998705228,
    "if_vehicle": false,
    "motion_state": false,
    "pose": [
      [
        0.11950754364223598,
        -0.9927917745840398,
        -0.009079610722493704,
        -8.336343205691264
      ],
      [
        0.9927986477895187,
        0.11957477431688086,
        -0.0072607364895203915,
        14.496378574180085
      ],
      [
        0.008294091867245359,
        -0.00814651246485083,
        0.9999324189037766,
        0.701436129810677
      ],
      [
        0.0,
        0.0,
        0.0,
        1.0
      ]
    ],
    "location": [
      -8.336343205691264,
      14.496378574180085,
      0.701436129810677
    ],
    "rotation": [
      -0.008146882806698544,
      -0.008294186964661786,
      1.4509983298871272
    ]
  },
  {
    "label_id": "Br7QAZ4g__QOs39xIHOUkg",
    "size": [
      1.9756204058230806,
      4.190739021442814,
      1.3999999999999986
    ],
    "obj_class": "vehicle",
    "point_num_in_lidar": 117,
    "speed": 0.02816695346971073,
    "if_vehicle": true,
    "motion_state": false,
    "pose": [
      [
        -0.006755182535286562,
        -0.9999359620385911,
        -0.009079610722493704,
        -20.39801732444039
      ],
      [
        0.9999512659165081,
        -0.006689357039561387,
        -0.0072607364895203915,
        -43.32624789625524
      ],
      [
        0.007199534768854286,
        -0.009128215836314006,
        0.9999324189037766,
        0.4537110590281266
      ],
      [
        0.0,
        0.0,
        0.0,
        1.0
      ]
    ],
    "location": [
      -20.39801732444039,
      -43.32624789625524,
      0.4537110590281266
    ],
    "rotation": [
      -0.009128579199970566,
      -0.007199596966247038,
      1.5775517357897115
    ]
  },
  {
    "label_id": "CSAt4m_S2Ops0pk3ZVRiMQ",
    "size": [
      2.2454996440709336,
      5.044614708423294,
      1.9199999999999982
    ],
    "obj_class": "vehicle",
    "point_num_in_lidar": 198,
    "speed": 0.04562377157198974,
    "if_vehicle": true,
    "motion_state": false,
    "pose": [
      [
        0.015070160101165669,
        0.9998452134923951,
        -0.009079610722493704,
        17.331616456669508
      ],
      [
        -0.9998610642291077,
        0.015004464144574521,
        -0.0072607364895203915,
        -11.615971215996524
      ],
      [
        -0.007123377931944189,
        0.00918776970112802,
        0.9999324189037766,
        1.1518096979039285
      ],
      [
        0.0,
        0.0,
        0.0,
        1.0
      ]
    ],
    "location": [
      17.331616456669508,
      -11.615971215996524,
      1.1518096979039285
    ],
    "rotation": [
      0.009188132094447635,
      0.0071234381763362374,
      -1.5557252137985602
    ]
  },
  {
    "label_id": "NhYmqrHhf75KQuJs8nq1UQ",
    "size": [
      2.4384317476307276,
      5.980836144852448,
      2.0
    ],
    "obj_class": "vehicle",
    "point_num_in_lidar": 180,
    "speed": 0.011448348864325818,
    "if_vehicle": true,
    "motion_state": false,
    "pose": [
      [
        -0.004235020530733002,
        -0.999949811375667,
        -0.009079610722493704,
        -4.344092075498793
      ],
      [
        0.9999649493048544,
        -0.004169156673674076,
        -0.0072607364895203915,
        -12.520592061207708
      ],
      [
        0.0072225177635062915,
        -0.00911004184392759,
        0.9999324189037766,
        1.056649628629799
      ],
      [
        0.0,
        0.0,
        0.0,
        1.0
      ]
    ],
    "location": [
      -4.344092075498793,
      -12.520592061207708,
      1.056649628629799
    ],
    "rotation": [
      -0.009110405490786195,
      -0.007222580558468072,
      1.5750314704499289
    ]
  },
  {
    "label_id": "YLu127Sv07CuQxpHfdw8PQ",
    "size": [
      2.1218738025544703,
      4.752483290869514,
      1.6000000000000014
    ],
    "obj_class": "vehicle",
    "point_num_in_lidar": 84,
    "speed": 0.012942498081064412,
    "if_vehicle": true,
    "motion_state": false,
    "pose": [
      [
        0.07081587672163657,
        0.9974480799887651,
        -0.009079610722493704,
        0.4293463753274409
      ],
      [
        -0.997467570425824,
        0.07075116715951464,
        -0.0072607364895203915,
        -12.667200979621839
      ],
      [
        -0.006599814614806008,
        0.00957079266792822,
        0.9999324189037766,
        0.9957377482524805
      ],
      [
        0.0,
        0.0,
        0.0,
        1.0
      ]
    ],
    "location": [
      0.4293463753274409,
      -12.667200979621839,
      0.9957377482524805
    ],
    "rotation": [
      0.009571147244679643,
      0.0065998625277075736,
      -1.4999195809328674
    ]
  },
  {
    "label_id": "bi6BwT5X53pA_hTOxoaKDw",
    "size": [
      0.6606113832048244,
      1.5311806494396478,
      1.4100000000000001
    ],
    "obj_class": "cyclist",
    "point_num_in_lidar": 50,
    "speed": 1.1082041308889323,
    "if_vehicle": false,
    "motion_state": true,
    "pose": [
      [
        -0.9963153522934597,
        0.08528352392746798,
        -0.009079610722493704,
        -6.037710015826178
      ],
      [
        -0.0852191040276118,
        -0.996335779752168,
        -0.0072607364895203915,
        13.195240396601832
      ],
      [
        -0.009665562223176962,
        -0.006460226942776077,
        0.9999324189037766,
        0.7363017677328294
      ],
      [
        0.0,
        0.0,
        0.0,
        1.0
      ]
    ],
    "location": [
      -6.037710015826178,
      13.195240396601832,
      0.7363017677328294
    ],
    "rotation": [
      -0.006460573674013374,
      0.009665712727290858,
      -3.0562660677550406
    ]
  },
  {
    "label_id": "gbmVKnh7i3GGGRkHohtmAQ",
    "size": [
      2.0893825324482744,
      4.914820528800514,
      1.6499999999999986
    ],
    "obj_class": "vehicle",
    "point_num_in_lidar": 509,
    "speed": 0.028703876107044127,
    "if_vehicle": true,
    "motion_state": false,
    "pose": [
      [
        -0.019802947859000792,
        -0.9997626738007483,
        -0.009079610722493704,
        -20.607141690526532
      ],
      [
        0.9997788353441176,
        -0.01973732767092818,
        -0.0072607364895203915,
        -25.678146862406663
      ],
      [
        0.007079806074571236,
        -0.009221386619632635,
        0.9999324189037766,
        0.5927810033766185
      ],
      [
        0.0,
        0.0,
        0.0,
        1.0
      ]
    ],
    "location": [
      -20.607141690526532,
      -25.678146862406663,
      0.5927810033766185
    ],
    "rotation": [
      -0.009221748436466165,
      -0.0070798652201970545,
      1.5906010656063436
    ]
  },
  {
    "label_id": "iMbffYX3h1bRns-fgVtlvQ",
    "size": [
      0.7537695560853881,
      0.11239118882670908,
      0.759999999999998
    ],
    "obj_class": "sign",
    "point_num_in_lidar": 92,
    "speed": 0.0305086185510078,
    "if_vehicle": false,
    "motion_state": false,
    "pose": [
      [
        -0.0799310339796861,
        0.9967590433379905,
        -0.009079610722493704,
        -17.752104846749717
      ],
      [
        -0.9967685847780254,
        -0.07999793813119273,
        -0.0072607364895203915,
        -15.167873171706447
      ],
      [
        -0.007963554894056951,
        0.008469912555134032,
        0.9999324189037766,
        2.534460248160144
      ],
      [
        0.0,
        0.0,
        0.0,
        1.0
      ]
    ],
    "location": [
      -17.752104846749717,
      -15.167873171706447,
      2.534460248160144
    ],
    "rotation": [
      0.00847028242524587,
      0.007963639068854028,
      -1.6508152620421894
    ]
  },
  {
    "label_id": "jX-x7_QCYCyQJYz9-bsD4A",
    "size": [
      2.495245290657112,
      5.894180782425041,
      2.1799999999999997
    ],
    "obj_class": "vehicle",
    "point_num_in_lidar": 225,
    "speed": 0.03473543748007402,
    "if_vehicle": true,
    "motion_state": false,
    "pose": [
      [
        0.999273904792017,
        -0.037003025157987715,
        -0.009079610722493704,
        8.347044855687727
      ],
      [
        0.03693769277835747,
        0.9992911930752925,
        -0.0072607364895203915,
        -6.186302649588015
      ],
      [
        0.009341844246527195,
        0.006920084632134372,
        0.9999324189037766,
        1.0990036041783853
      ],
      [
        0.0,
        0.0,
        0.0,
        1.0
      ]
    ],
    "location": [
      8.347044855687727,
      -6.186302649588015,
      1.0990036041783853
    ],
    "rotation": [
      0.006920441849408263,
      -0.009341980129072103,
      0.03694771051237559
    ]
  },
  {
    "label_id": "lt-ChaHK2hkojlBkKlrc0w",
    "size": [
      1.7989579244539804,
      4.292386535471151,
      1.509999999999998
    ],
    "obj_class": "vehicle",
    "point_num_in_lidar": 76,
    "speed": 0.01738678862155794,
    "if_vehicle": true,
    "motion_state": false,
    "pose": [
      [
        0.016360828006227356,
        0.9998249266627025,
        -0.009079610722493704,
        -37.45899671083362
      ],
      [
        -0.9998408621918229,
        0.016295152565776502,
        -0.0072607364895203915,
        -59.69326189946085
      ],
      [
        -0.00711151168619104,
        0.009196957474047808,
        0.9999324189037766,
        0.48696045325257487
      ],
      [
        0.0,
        0.0,
        0.0,
        1.0
      ]
    ],
    "location": [
      -37.45899671083362,
      -59.69326189946085,
      0.48696045325257487
    ],
    "rotation": [
      0.009197319711874624,
      0.007111571630011338,
      -1.554434355014628
    ]
  },
  {
    "label_id": "rpMsSVtA7369hpyGXq6L1Q",
    "size": [
      2.004333183812244,
      4.627603661351985,
      1.5600000000000023
    ],
    "obj_class": "vehicle",
    "point_num_in_lidar": 82,
    "speed": 0.036713207644863514,
    "if_vehicle": true,
    "motion_state": false,
    "pose": [
      [
        -0.003992770151588568,
        -0.9999508080178966,
        -0.009079610722493704,
        -20.38281946175357
      ],
      [
        0.9999659299903028,
        -0.003926902629111193,
        -0.0072607364895203915,
        -50.88884988112741
      ],
      [
        0.007224724572283476,
        -0.009108291832002248,
        0.9999324189037766,
        0.537452756380123
      ],
      [
        0.0,
        0.0,
        0.0,
        1.0
      ]
    ],
    "location": [
      -20.38281946175357,
      -50.88884988112741,
      0.537452756380123
    ],
    "rotation": [
      -0.009108655505813128,
      -0.007224787424823927,
      1.5747892117650073
    ]
  },
  {
    "label_id": "yIM_xzrB6oDXVWkXuERQ2A",
    "size": [
      0.543725590907002,
      0.10246703175852812,
      0.5700000000000003
    ],
    "obj_class": "sign",
    "point_num_in_lidar": 64,
    "speed": 0.039992036698380876,
    "if_vehicle": false,
    "motion_state": false,
    "pose": [
      [
        0.9999587794849985,
        -1.215063821696749e-14,
        -0.009079610722493704,
        -29.000535791125913
      ],
      [
        -6.592737843178228e-05,
        0.9999736383321365,
        -0.0072607364895203915,
        9.587176407192203
      ],
      [
        0.009079371368811597,
        0.00726103579315512,
        0.9999324189037766,
        2.418828098782292
      ],
      [
        0.0,
        0.0,
        0.0,
        1.0
      ]
    ],
    "location": [
      -29.000535791125913,
      9.587176407192203,
      2.418828098782292
    ],
    "rotation": [
      0.007261398906247575,
      -0.009079496116412195,
      -6.593009600876999e-05
    ]
  }
]