[
  {
    "label_id": "2l37eBY1F_iWZj9LEEAT1g",
    "size": [
      0.8673556231018444,
      0.1312011474709614,
      0.8874413115178221
    ],
    "obj_class": "sign",
    "point_num_in_lidar": 26,
    "speed": 0.03090824853326054,
    "if_vehicle": false,
    "motion_state": false,
    "pose": [
      [
        -0.9991673735986819,
        0.04002787014132165,
        -0.007894881117621808,
        11.197812052123027
      ],
      [
        -0.03986699547594475,
        -0.9990131697190873,
        -0.019578288984047273,
        -8.972286938829768
      ],
      [
        -0.008670767418913445,
        -0.019247242393947168,
        0.9997771558965506,
        2.6533739312068434
      ],
      [
        0.0,
        0.0,
        0.0,
        1.0
      ]
    ],
    "location": [
      11.197812052123027,
      -8.972286938829768,
      2.6533739312068434
    ],
    "rotation": [
      -0.019249154669214827,
      0.008670876070495456,
      -3.10171359001571
    ]
  },
  {
    "label_id": "3Nrnr3gCa09jSZ5ari8tyw",
    "size": [
      2.10090856340488,
      5.396046833633512,
      1.5899999999999999
    ],
    "obj_class": "vehicle",
    "point_num_in_lidar": 353,
    "speed": 0.02694690784450338,
    "if_vehicle": true,
    "motion_state": false,
    "pose": [
      [
        -0.0008855069932112554,
        0.9999684428668254,
        -0.007894881117621808,
        -7.313937488307147
      ],
      [
        -0.9998077860917506,
        -0.001039937867924595,
        -0.019578288984047273,
        -12.288683847325558
      ],
      [
        -0.01958588133521145,
        0.007876026899856541,
        0.9997771558965506,
        0.8420631210538936
      ],
      [
        0.0,
        0.0,
        0.0,
        1.0
      ]
    ],
    "location": [
      -7.313937488307147,
      -12.288683847325558,
      0.8420631210538936
    ],
    "rotation": [
      0.007877619459654326,
      0.019587133764128142,
      -1.5716820037960082
    ]
  },
  {
    "label_id": "3sK2f-reF27WdLJDxYR9nw",
    "size": [
      2.0338284408014653,
      4.364310268866955,
      1.6699999999999982
    ],
    "obj_class": "vehicle",
    "point_num_in_lidar": 243,
    "speed": 0.02939485487322406,
    "if_vehicle": true,
    "motion_state": false,
    "pose": [
      [
        -0.02818045821708886,
        -0.999571674582075,
        -0.007894881117621808,
        -20.39116453028373
      ],
      [
        0.9994155744540402,
        -0.02802142286105227,
        -0.019578288984047273,
        -37.205214923973045
      ],
      [
        0.019348677303001303,
        -0.00844199230209139,
        0.9997771558965506,
        0.5937124304421388
      ],
      [
        0.0,
        0.0,
        0.0,
        1.0
      ]
    ],
    "location": [
      -20.39116453028373,
      -37.205214923973045,
      0.5937124304421388
    ],
    "rotation": [
      -0.008443673298255502,
      -0.01934988477138672,
      1.5989857947646076
    ]
  },
  {
    "label_id": "Aol9evC7U5sjtikEbkZhVg",
    "size": [
      0.7491777638422942,
      0.8126307549449647,
      1.370000000000001
    ],
    "obj_class": "pedestrian",
    "point_num_in_lidar": 22,
    "speed": 0.9992322311580439,
    "if_vehicle": false,
    "motion_state": false,
    "pose": [
      [
        -0.41000393874039787,
        -0.9120495825718569,
        -0.007894881117621808,
        -8.199832662462086
      ],
      [
        0.9119665533955292,
        -0.409797140166127,
        -0.019578288984047273,
        13.338430914581068
      ],
      [
        0.014621070591418525,
        -0.015227043119562128,
        0.9997771558965506,
        0.7294347712660425
      ],
      [
        0.0,
        0.0,
        0.0,
        1.0
      ]
    ],
    "location": [
      -8.199832662462086,
      13.338430914581068,
      0.7294347712660425
    ],
    "rotation": [
      -0.015229259647595044,
      -0.014621591579818186,
      1.9933027643016001
    ]
  },
  {
    "label_id": "Br7QAZ4g__QOs39xIHOUkg",
    "size": [
      1.9756204058230815,
      4.190739021442814,
      1.3999999999999986
    ],
    "obj_class": "vehicle",
    "point_num_in_lidar": 150,
    "speed": 0.028166952762679526,
    "if_vehicle": true,
    "motion_state": false,
    "pose": [
      [
        -0.006755250464527164,
        -0.9999460172645822,
        -0.007894881117621808,
        -20.385576379065697
      ],
      [
        0.9997865451816088,
        -0.0065995965240236,
        -0.019578288984047273,
        -43.29485083730043
      ],
      [
        0.019525129064471673,
        -0.008025452162960758,
        0.9997771558965506,
        0.46919501759727567
      ],
      [
        0.0,
        0.0,
        0.0,
        1.0
      ]
    ],
    "location": [
      -20.385576379065697,
      -43.29485083730043,
      0.46919501759727567
    ],
    "rotation": [
      -0.008027068576914057,
      -0.019526369873671855,
      1.577552916689992
    ]
  },
  {
    "label_id": "CSAt4m_S2Ops0pk3ZVRiMQ",
    "size": [
      2.245499644070924,
      5.044614708423294,
      1.9199999999999982
    ],
    "obj_class": "vehicle",
    "point_num_in_lidar": 131,
    "speed": 0.04562377042692301,
    "if_vehicle": true,
    "motion_state": false,
    "pose": [
      [
        0.015070311644737072,
        0.9998552678058304,
        -0.007894881117621808,
        17.347356673133618
      ],
      [
        -0.9996970956150955,
        0.014913336957222712,
        -0.019578288984047273,
        -11.563581967538141
      ],
      [
        -0.019457716352980218,
        0.008187540639973297,
        0.9997771558965506,
        1.1675831960331315
      ],
      [
        0.0,
        0.0,
        0.0,
        1.0
      ]
    ],
    "location": [
      17.347356673133618,
      -11.563581967538141,
      1.1675831960331315
    ],
    "rotation": [
      0.008189182523970242,
      0.01945894435294869,
      -1.555722590679632
    ]
  },
  {
    "label_id": "NhYmqrHhf75KQuJs8nq1UQ",
    "size": [
      2.4384317476307236,
      5.980836144852448,
      2.0
    ],
    "obj_class": "vehicle",
    "point_num_in_lidar": 53,
    "speed": 0.011448349151638537,
    "if_vehicle": true,
    "motion_state": false,
    "pose": [
      [
        -0.0042350631175486885,
        -0.9999598667409252,
        -0.007894881117621808,
        -4.3457541546040375
      ],
      [
        0.9998000028695007,
        -0.0040798115891976785,
        -0.019578288984047273,
        -12.506966533989043
      ],
      [
        0.01954529361602422,
        -0.007976217453633699,
        0.9997771558965506,
        1.056649628629792
      ],
      [
        0.0,
        0.0,
        0.0,
        1.0
      ]
    ],
    "location": [
      -4.3457541546040375,
      -12.506966533989043,
      1.056649628629792
    ],
    "rotation": [
      -0.007977826047071803,
      -0.01954653827396963,
      1.5750322117477316
    ]
  },
  {
    "label_id": "YLu127Sv07CuQxpHfdw8PQ",
    "size": [
      2.1218738025544672,
      4.752483290869514,
      1.5999999999999979
    ],
    "obj_class": "vehicle",
    "point_num_in_lidar": 37,
    "speed": 0.012942498080924986,
    "if_vehicle": true,
    "motion_state": false,
    "pose": [
      [
        0.0708165888368856,
        0.9974581101969375,
        -0.007894881117621808,
        0.4385231602982458
      ],
      [
        -0.9973089399522241,
        0.07065103602798672,
        -0.019578288984047273,
        -12.654687184235456
      ],
      [
        -0.01897074160063954,
        0.009260103159577239,
        0.9997771558965506,
        0.9902353853659136
      ],
      [
        0.0,
        0.0,
        0.0,
        1.0
      ]
    ],
    "location": [
      0.4385231602982458,
      -12.654687184235456,
      0.9902353853659136
    ],
    "rotation": [
      0.009261902332417887,
      0.018971879678614904,
      -1.499907634654945
    ]
  },
  {
    "label_id": "bi6BwT5X53pA_hTOxoaKDw",
    "size": [
      0.6606113832052017,
      1.5311806494396478,
      1.4100000000000001
    ],
    "obj_class": "cyclist",
    "point_num_in_lidar": 36,
    "speed": 1.099607388319198,
    "if_vehicle": false,
    "motion_state": true,
    "pose": [
      [
        -0.7414786448251608,
        0.6709300187950912,
        -0.007894881117621808,
        -4.776532135342222
      ],
      [
        -0.6707077015691432,
        -0.741463329947135,
        -0.019578288984047273,
        13.723348754279357
      ],
      [
        -0.018989426639051187,
        -0.009221725615324994,
        0.9997771558965506,
        0.7363017677328259
      ],
      [
        0.0,
        0.0,
        0.0,
        1.0
      ]
    ],
    "location": [
      -4.776532135342222,
      13.723348754279357,
      0.7363017677328259
    ],
    "rotation": [
      -0.009223519513197597,
      0.018990568083519104,
      -2.406267050704591
    ]
  },
  {
    "label_id": "gbmVKnh7i3GGGRkHohtmAQ",
    "size": [
      2.08938253244827,
      4.914820528800514,
      1.6499999999999986
    ],
    "obj_class": "vehicle",
    "point_num_in_lidar": 413,
    "speed": 0.028703876347157715,
    "if_vehicle": true,
    "motion_state": false,
    "pose": [
      [
        -0.019803146994869052,
        -0.9997727272841753,
        -0.007894881117621808,
        -20.589991436728724
      ],
      [
        0.9996152999349978,
        -0.019645425328085234,
        -0.019578288984047273,
        -25.648308657315795
      ],
      [
        0.01941874107566832,
        -0.008279555691001788,
        0.9997771558965506,
        0.5927810033766221
      ],
      [
        0.0,
        0.0,
        0.0,
        1.0
      ]
    ],
    "location": [
      -20.589991436728724,
      -25.648308657315795,
      0.5927810033766221
    ],
    "rotation": [
      -0.008281211842945706,
      -0.019419961710245348,
      1.5906045039158379
    ]
  },
  {
    "label_id": "iMbffYX3h1bRns-fgVtlvQ",
    "size": [
      0.7537695560853912,
      0.11239118882670908,
      0.759999999999998
    ],
    "obj_class": "sign",
    "point_num_in_lidar": 20,
    "speed": 0.03357236547920261,
    "if_vehicle": false,
    "motion_state": false,
    "pose": [
      [
        -0.07993183775580405,
        0.9967690666172975,
        -0.007894881117621808,
        -17.753533510277975
      ],
      [
        -0.9965967046062592,
        -0.08007308516849886,
        -0.019578288984047273,
        -15.127645398574998
      ],
      [
        -0.02014720032471902,
        0.006303083886470962,
        0.9997771558965506,
        2.52246845673449
      ],
      [
        0.0,
        0.0,
        0.0,
        1.0
      ]
    ],
    "location": [
      -17.753533510277975,
      -15.127645398574998,
      2.52246845673449
    ],
    "rotation": [
      0.006304405279330607,
      0.0201485635643514,
      -1.65082980519379
    ]
  },
  {
    "label_id": "jX-x7_QCYCyQJYz9-bsD4A",
    "size": [
      2.4952452906569826,
      5.894180782425041,
      2.1799999999999997
    ],
    "obj_class": "vehicle",
    "point_num_in_lidar": 146,
    "speed": 0.034735437480065474,
    "if_vehicle": true,
    "motion_state": false,
    "pose": [
      [
        0.9992840503554822,
        -0.03700077779291587,
        -0.007894881117621808,
        8.358328766477825
      ],
      [
        0.03684037101577218,
        0.9991293598247812,
        -0.019578288984047273,
        -6.146212746226809
      ],
      [
        0.008612419437206456,
        0.019273421565510273,
        0.9997771558965506,
        1.1055926796746682
      ],
      [
        0.0,
        0.0,
        0.0,
        1.0
      ]
    ],
    "location": [
      8.358328766477825,
      -6.146212746226809,
      1.1055926796746682
    ],
    "rotation": [
      0.019275329961625082,
      -0.008612525910028049,
      0.0368500767796107
    ]
  },
  {
    "label_id": "lt-ChaHK2hkojlBkKlrc0w",
    "size": [
      1.7989579244539817,
      4.292386535471151,
      1.509999999999998
    ],
    "obj_class": "vehicle",
    "point_num_in_lidar": 86,
    "speed": 0.0173867887668344,
    "if_vehicle": true,
    "motion_state": false,
    "pose": [
      [
        0.016360992528581367,
        0.9998349807721362,
        -0.007894881117621808,
        -37.464970453468595
      ],
      [
        -0.9996770113487154,
        0.016203813790495555,
        -0.019578288984047273,
        -59.673289444950115
      ],
      [
        -0.019447131006388188,
        0.00821265140040798,
        0.9997771558965506,
        0.47542840199168523
      ],
      [
        0.0,
        0.0,
        0.0,
        1.0
      ]
    ],
    "location": [
      -37.464970453468595,
      -59.673289444950115,
      0.47542840199168523
    ],
    "rotation": [
      0.008214297191933036,
      0.01944835700305749,
      -1.5544315091728569
    ]
  },
  {
    "label_id": "rpMsSVtA7369hpyGXq6L1Q",
    "size": [
      2.0043331838122436,
      4.627603661351985,
      1.5600000000000023
    ],
    "obj_class": "vehicle",
    "point_num_in_lidar": 55,
    "speed": 0.0367132079519862,
    "if_vehicle": true,
    "motion_state": false,
    "pose": [
      [
        -0.0039928103023650595,
        -0.999960863393177,
        -0.007894881117621808,
        -20.389603898288897
      ],
      [
        0.9998009619148337,
        -0.0038375975075773407,
        -0.019578288984047273,
        -50.93234290439048
      ],
      [
        0.01954722538014943,
        -0.007971482129559726,
        0.9997771558965506,
        0.5478257074421116
      ],
      [
        0.0,
        0.0,
        0.0,
        1.0
      ]
    ],
    "location": [
      -20.389603898288897,
      -50.93234290439048,
      0.5478257074421116
    ],
    "rotation": [
      -0.007973089968788498,
      -0.019548470407221904,
      1.5747899107458134
    ]
  },
  {
    "label_id": "yIM_xzrB6oDXVWkXuERQ2A",
    "size": [
      0.5437255909070036,
      0.10246703175852812,
      0.5700000000000003
    ],
    "obj_class": "sign",
    "point_num_in_lidar": 39,
    "speed": 0.012958710261345785,
    "if_vehicle": false,
    "motion_state": false,
    "pose": [
      [
        0.9999688349404388,
        -1.8353738498974027e-14,
        -0.007894881117621808,
        -28.99047360351733
      ],
      [
        -0.00015457308127641927,
        0.9998083149822368,
        -0.019578288984047273,
        9.603538014743322
      ],
      [
        0.007893367787194898,
        0.01957889916160564,
        0.9997771558965506,
        2.435778251819208
      ],
      [
        0.0,
        0.0,
        0.0,
        1.0
      ]
    ],
    "location": [
      -28.99047360351733,
      9.603538014743322,
      2.435778251819208
    ],
    "rotation": [
      0.019580760331012588,
      -0.007893449755875269,
      -0.00015457789747466103
    ]
  }
]