[
  {
    "label_id": "38odIvL22Z0MtCYybAf0ug",
    "size": [
      2.0039253114191995,
      4.574756563579033,
      1.4899999999999984
    ],
    "obj_class": "vehicle",
    "point_num_in_lidar": 228,
    "speed": 0.019138424536651183,
    "if_vehicle": true,
    "motion_state": false,
    "pose": [
      [
        0.02798861358613239,
        0.9996038324995294,
        -0.002969101173572328,
        67.98623567131426
      ],
      [
        -0.9990506037798569,
        0.027873676717819623,
        -0.03348057994321139,
        -12.26861604890155
      ],
      [
        -0.033384556259286324,
        0.0039033573348110735,
        0.9994349579661937,
        1.1483781539182907
      ],
      [
        0.0,
        0.0,
        0.0,
        1.0
      ]
    ],
    "location": [
      67.98623567131426,
      -12.26861604890155,
      1.1483781539182907
    ],
    "rotation": [
      0.0039055442851477617,
      0.03339076071199776,
      -1.5427884414890516
    ]
  },
  {
    "label_id": "Ca52RzCTxUn4ltSurTvTbA",
    "size": [
      2.1282552312033816,
      5.199330454015684,
      1.4800000000000004
    ],
    "obj_class": "vehicle",
    "point_num_in_lidar": 115,
    "speed": 0.024646673228683344,
    "if_vehicle": true,
    "motion_state": false,
    "pose": [
      [
        0.9996906121823568,
        0.024695431818167902,
        -0.002969101173572328,
        75.72301846581786
      ],
      [
        -0.02478107279404137,
        0.999132097971956,
        -0.03348057994321139,
        -6.029562747055536
      ],
      [
        0.0021397069054220207,
        0.033543798971964495,
        0.9994349579661937,
        1.0263334604149286
      ],
      [
        0.0,
        0.0,
        0.0,
        1.0
      ]
    ],
    "location": [
      75.72301846581786,
      -6.029562747055536,
      1.0263334604149286
    ],
    "rotation": [
      0.03355016949492645,
      -0.002139708538145015,
      -0.024783666590266557
    ]
  },
  {
    "label_id": "FEr3JM7oR0T8aqJz63i43Q",
    "size": [
      2.038096731339664,
      4.560816548605839,
      1.5899999999999999
    ],
    "obj_class": "vehicle",
    "point_num_in_lidar": 39,
    "speed": 0.01120933285884645,
    "if_vehicle": true,
    "motion_state": false,
    "pose": [
      [
        0.0039456054896976605,
        0.999987808243451,
        -0.002969101173572328,
        81.5635056921401
      ],
      [
        -0.9994319758745358,
        0.003844003926548724,
        -0.03348057994321139,
        -12.437079842772675
      ],
      [
        -0.03346875851956206,
        0.0030995158124969917,
        0.9994349579661937,
        1.2449390166027072
      ],
      [
        0.0,
        0.0,
        0.0,
        1.0
      ]
    ],
    "location": [
      81.5635056921401,
      -12.437079842772675,
      1.2449390166027072
    ],
    "rotation": [
      0.003101258216897182,
      0.03347501005309287,
      -1.5668484993418534
    ]
  },
  {
    "label_id": "SgPFG9R2hUCAIZFh4-Dd9Q",
    "size": [
      0.8537802417570154,
      0.11718955507149076,
      0.7899999999999991
    ],
    "obj_class": "sign",
    "point_num_in_lidar": 26,
    "speed": 0.030254793817458856,
    "if_vehicle": false,
    "motion_state": false,
    "pose": [
      [
        -0.9982612515141291,
        0.05886984086665865,
        -0.002969101173572328,
        92.00088232594544
      ],
      [
        -0.058737860354250195,
        -0.9977118394244255,
        -0.03348057994321139,
        -9.40960211838052
      ],
      [
        -0.0049333038067023655,
        -0.03324796698541812,
        0.9994349579661937,
        3.2460870766326124
      ],
      [
        0.0,
        0.0,
        0.0,
        1.0
      ]
    ],
    "location": [
      92.00088232594544,
      -9.40960211838052,
      3.2460870766326124
    ],
    "rotation": [
      -0.033254500386805996,
      0.004933323817623948,
      -3.0828202490702243
    ]
  },
  {
    "label_id": "hl1qkhTZcPl-qsRTJjKUIA",
    "size": [
      2.3910219569298277,
      5.194751274041504,
      2.049999999999997
    ],
    "obj_class": "vehicle",
    "point_num_in_lidar": 1724,
    "speed": 0.020518913527039054,
    "if_vehicle": true,
    "motion_state": false,
    "pose": [
      [
        0.022656781933375034,
        -0.9997388932469541,
        -0.002969101173572328,
        44.517091398285174
      ],
      [
        0.9991805548394334,
        0.022743561669807295,
        -0.03348057994321139,
        -12.367505319002248
      ],
      [
        0.033539365873337355,
        -0.002208105959208141,
        0.9994349579661937,
        1.3089529505704114
      ],
      [
        0.0,
        0.0,
        0.0,
        1.0
      ]
    ],
    "location": [
      44.517091398285174,
      -12.367505319002248,
      1.3089529505704114
    ],
    "rotation": [
      -0.002209350742485696,
      -0.03354565706943807,
      1.5481248487927315
    ]
  },
  {
    "label_id": "k7TgZ4tn0aIevBQMvdmpAg",
    "size": [
      0.5858058806679698,
      0.13929406749003623,
      0.7699999999999996
    ],
    "obj_class": "sign",
    "point_num_in_lidar": 41,
    "speed": 0.010547383639101212,
    "if_vehicle": false,
    "motion_state": false,
    "pose": [
      [
        -0.3172397308478062,
        0.9483407286465305,
        -0.002969101173572328,
        46.86551084912617
      ],
      [
        -0.9477816955779288,
        -0.3171575449111881,
        -0.03348057994321139,
        11.020595802482546
      ],
      [
        -0.032692670417656625,
        -0.007807310425182039,
        0.9994349579661937,
        1.1623537297665685
      ],
      [
        0.0,
        0.0,
        0.0,
        1.0
      ]
    ],
    "location": [
      46.86551084912617,
      11.020595802482546,
      1.1623537297665685
    ],
    "rotation": [
      -0.007811565485245756,
      0.03269849693309453,
      -1.8937926933293827
    ]
  },
  {
    "label_id": "l-jJ7lYGntCGu8gQoOIFLg",
    "size": [
      0.5274899140867574,
      0.09909467652414622,
      0.5023838834575649
    ],
    "obj_class": "sign",
    "point_num_in_lidar": 45,
    "speed": 0.04148220910774009,
    "if_vehicle": false,
    "motion_state": false,
    "pose": [
      [
        0.9948567298815404,
        0.10124856269413858,
        -0.002969101173572328,
        32.576176162914635
      ],
      [
        -0.10129114188964265,
        0.9942932944264274,
        -0.03348057994321139,
        9.846032226527143
      ],
      [
        -0.00043770321005975443,
        0.03360912392509779,
        0.9994349579661937,
        2.448394231222018
      ],
      [
        0.0,
        0.0,
        0.0,
        1.0
      ]
    ],
    "location": [
      32.576176162914635,
      9.846032226527143,
      2.448394231222018
    ],
    "rotation": [
      0.03361545769247196,
      0.0004377032240359182,
      -0.10146516233235879
    ]
  },
  {
    "label_id": "uBAQ5rJrLseQ6jUd67mxvg",
    "size": [
      0.7415531203670583,
      0.1004198578166354,
      0.5000000000000036
    ],
    "obj_class": "sign",
    "point_num_in_lidar": 25,
    "speed": 0.022002183127395773,
    "if_vehicle": false,
    "motion_state": false,
    "pose": [
      [
        0.9996507245400794,
        -0.026260490565015827,
        -0.002969101173572328,
        52.39606379932502
      ],
      [
        0.026146510271499245,
        0.9990972979481471,
        -0.03348057994321139,
        9.901008382622138
      ],
      [
        0.0038456374135607463,
        0.03339125436392138,
        0.9994349579661937,
        0.7906423917726997
      ],
      [
        0.0,
        0.0,
        0.0,
        1.0
      ]
    ],
    "location": [
      52.39606379932502,
      9.901008382622138,
      0.7906423917726997
    ],
    "rotation": [
      0.033397709604040156,
      -0.003845646892432399,
      0.026149683729428896
    ]
  }
]