[
  {
    "label_id": "38odIvL22Z0MtCYybAf0ug",
    "size": [
      2.0039253114192044,
      4.574756563579033,
      1.4899999999999984
    ],
    "obj_class": "vehicle",
    "point_num_in_lidar": 1996,
    "speed": 0.025983303683696623,
    "if_vehicle": true,
    "motion_state": false,
    "pose": [
      [
        0.027988728805246506,
        0.9996079475111135,
        -0.0007631071256975395,
        67.94630712871594
      ],
      [
        -0.9992196590949209,
        0.027956556520937464,
        -0.027901681413879328,
        -12.324764407248892
      ],
      [
        -0.027869408642745803,
        0.0015434442362958556,
        0.9996103810194216,
        1.0336253241245252
      ],
      [
        0.0,
        0.0,
        0.0,
        1.0
      ]
    ],
    "location": [
      67.94630712871594,
      -12.324764407248892,
      1.0336253241245252
    ],
    "rotation": [
      0.0015440445988166036,
      0.027873017617526242,
      -1.542793062372863
    ]
  },
  {
    "label_id": "AMMoGKhSlSEGPf2PD4Xpfg",
    "size": [
      2.016207598286273,
      4.406006614831272,
      1.9600000000000009
    ],
    "obj_class": "vehicle",
    "point_num_in_lidar": 165,
    "speed": 0.012801385293528367,
    "if_vehicle": true,
    "motion_state": false,
    "pose": [
      [
        0.0328881651346088,
        0.9994587466532039,
        -0.0007631071256975395,
        121.69831131144292
      ],
      [
        -0.9990706206003683,
        0.032854089965685,
        -0.027901681413879328,
        -12.127903293956251
      ],
      [
        -0.027861508345271704,
        0.0016800330155281123,
        0.9996103810194216,
        1.4574436699395044
      ],
      [
        0.0,
        0.0,
        0.0,
        1.0
      ]
    ],
    "location": [
      121.69831131144292,
      -12.127903293956251,
      1.4574436699395044
    ],
    "rotation": [
      0.001680686260928851,
      0.027865114251038315,
      -1.5378894506647833
    ]
  },
  {
    "label_id": "Ca52RzCTxUn4ltSurTvTbA",
    "size": [
      2.128255231203381,
      5.199330454015684,
      1.4800000000000004
    ],
    "obj_class": "vehicle",
    "point_num_in_lidar": 2368,
    "speed": 0.033098194753569024,
    "if_vehicle": true,
    "motion_state": false,
    "pose": [
      [
        0.9996947275511818,
        0.02469553348042849,
        -0.0007631071256975395,
        75.66545059246664
      ],
      [
        -0.024707211491714353,
        0.9993052836218681,
        -0.027901681413879328,
        -6.097079517238512
      ],
      [
        7.353007516234179e-05,
        0.02791201804841341,
        0.9996103810194216,
        0.893542947292925
      ],
      [
        0.0,
        0.0,
        0.0,
        1.0
      ]
    ],
    "location": [
      75.66545059246664,
      -6.097079517238512,
      0.893542947292925
    ],
    "rotation": [
      0.027915643681112757,
      -7.353007522860062e-05,
      -0.024709725986941974
    ]
  },
  {
    "label_id": "FEr3JM7oR0T8aqJz63i43Q",
    "size": [
      2.0380967313396705,
      4.560816548605839,
      1.5899999999999999
    ],
    "obj_class": "vehicle",
    "point_num_in_lidar": 694,
    "speed": 0.0112093327649874,
    "if_vehicle": true,
    "motion_state": false,
    "pose": [
      [
        0.0039456217323456805,
        0.9999919248357257,
        -0.0007631071256975395,
        81.55660663739854
      ],
      [
        -0.9996029751127365,
        0.003922794927629792,
        -0.027901681413879328,
        -12.47683908992957
      ],
      [
        -0.027898462590456457,
        0.0008728936337325772,
        0.9996103810194216,
        1.1746970348594132
      ],
      [
        0.0,
        0.0,
        0.0,
        1.0
      ]
    ],
    "location": [
      81.55660663739854,
      -12.47683908992957,
      1.1746970348594132
    ],
    "rotation": [
      0.0008732336402620635,
      0.02790208286675226,
      -1.5668491584296076
    ]
  },
  {
    "label_id": "M5Fx0WBOWO1HtKS5wKh_jA",
    "size": [
      0.8604714269215696,
      0.10561184832007042,
      0.4800000000000004
    ],
    "obj_class": "sign",
    "point_num_in_lidar": 71,
    "speed": 0.04360410947260186,
    "if_vehicle": false,
    "motion_state": false,
    "pose": [
      [
        -0.9982653609987425,
        0.058870083213506175,
        -0.0007631071256975395,
        92.03905649516855
      ],
      [
        -0.05882592552992438,
        -0.997878252423524,
        -0.027901681413879328,
        -9.514347235075547
      ],
      [
        -0.0024040623116348137,
        -0.027808391586150512,
        0.9996103810194216,
        2.542023089598576
      ],
      [
        0.0,
        0.0,
        0.0,
        1.0
      ]
    ],
    "location": [
      92.03905649516855,
      -9.514347235075547,
      2.542023089598576
    ],
    "rotation": [
      -0.027812057293881167,
      0.002404064627360108,
      -3.0827325770797493
    ]
  },
  {
    "label_id": "SgPFG9R2hUCAIZFh4-Dd9Q",
    "size": [
      0.8537802417570153,
      0.11718955507149076,
      0.7899999999999991
    ],
    "obj_class": "sign",
    "point_num_in_lidar": 80,
    "speed": 0.04291245557990618,
    "if_vehicle": false,
    "motion_state": false,
    "pose": [
      [
        -0.998265360998788,
        0.058870083212733466,
        -0.0007631071256975395,
        92.04033968970316
      ],
      [
        -0.05882592552915198,
        -0.9978782524235695,
        -0.027901681413879328,
        -9.514077630459497
      ],
      [
        -0.0024040623116132888,
        -0.027808391586152368,
        0.9996103810194216,
        3.217847920743889
      ],
      [
        0.0,
        0.0,
        0.0,
        1.0
      ]
    ],
    "location": [
      92.04033968970316,
      -9.514077630459497,
      3.217847920743889
    ],
    "rotation": [
      -0.027812057293883023,
      0.002404064627338583,
      -3.082732577080523
    ]
  },
  {
    "label_id": "Vq-Il7SzubaHyWSpeOSv9Q",
    "size": [
      0.8270984952411199,
      0.116700660423937,
      0.4599999999999973
    ],
    "obj_class": "sign",
    "point_num_in_lidar": 37,
    "speed": 0.025823579376163863,
    "if_vehicle": false,
    "motion_state": false,
    "pose": [
      [
        0.9937895456481237,
        0.11127334194680549,
        -0.0007631071256975395,
        94.16229152877986
      ],
      [
        -0.11125121226503185,
        0.9934005556389827,
        -0.027901681413879328,
        10.114623750528722
      ],
      [
        -0.0023466422941774193,
        0.02781329588793977,
        0.9996103810194216,
        2.8574436699395314
      ],
      [
        0.0,
        0.0,
        0.0,
        1.0
      ]
    ],
    "location": [
      94.16229152877986,
      10.114623750528722,
      2.8574436699395314
    ],
    "rotation": [
      0.027816959712526332,
      0.0023466444479036987,
      -0.11148229774903419
    ]
  },
  {
    "label_id": "WLPbwiUySIPQxl_EqiynAQ",
    "size": [
      1.9978020096019489,
      4.796935651560262,
      1.8999999999999986
    ],
    "obj_class": "vehicle",
    "point_num_in_lidar": 23,
    "speed": 0.0,
    "if_vehicle": true,
    "motion_state": false,
    "pose": [
      [
        0.0011231087401791635,
        0.9999990781467112,
        -0.0007631071256975395,
        124.37514641790176
      ],
      [
        -0.999610065543918,
        0.0011013798447881986,
        -0.027901681413879328,
        -12.411398084624409
      ],
      [
        -0.027900815221814895,
        0.0007941461861971706,
        0.9996103810194216,
        1.4877355601010613
      ],
      [
        0.0,
        0.0,
        0.0,
        1.0
      ]
    ],
    "location": [
      124.37514641790176,
      -12.411398084624409,
      1.4877355601010613
    ],
    "rotation": [
      0.0007944555540825897,
      0.027904436414277766,
      -1.5696727804178598
    ]
  },
  {
    "label_id": "j22FxW4FhMBcpg9NGJB4PQ",
    "size": [
      2.3486839791897864,
      5.670598226160326,
      2.0
    ],
    "obj_class": "vehicle",
    "point_num_in_lidar": 91,
    "speed": 0.034740696844682215,
    "if_vehicle": true,
    "motion_state": false,
    "pose": [
      [
        0.9999997088337149,
        -5.312692857354477e-15,
        -0.0007631071256975395,
        129.34403399428265
      ],
      [
        -2.1291978100069755e-05,
        0.9996106720723476,
        -0.027901681413879328,
        -5.596051509526831
      ],
      [
        0.000762810026781863,
        0.027901689537910612,
        0.9996103810194216,
        1.3809374604656561
      ],
      [
        0.0,
        0.0,
        0.0,
        1.0
      ]
    ],
    "location": [
      129.34403399428265,
      -5.596051509526831,
      1.3809374604656561
    ],
    "rotation": [
      0.0279053191917618,
      -0.0007628101007590891,
      -2.129198429636016e-05
    ]
  },
  {
    "label_id": "tLQ1nHpR_fLTXR_63irR6g",
    "size": [
      0.8327746811815333,
      0.11802681416779148,
      0.6999999999999993
    ],
    "obj_class": "sign",
    "point_num_in_lidar": 36,
    "speed": 0.028213397847386707,
    "if_vehicle": false,
    "motion_state": false,
    "pose": [
      [
        0.993789545648044,
        0.11127334194751737,
        -0.0007631071256975395,
        94.16352644236122
      ],
      [
        -0.11125121226574344,
        0.993400555638903,
        -0.027901681413879328,
        10.123235778406809
      ],
      [
        -0.002346642294197342,
        0.027813295887938086,
        0.9996103810194216,
        3.447443669939542
      ],
      [
        0.0,
        0.0,
        0.0,
        1.0
      ]
    ],
    "location": [
      94.16352644236122,
      10.123235778406809,
      3.447443669939542
    ],
    "rotation": [
      0.02781695971252465,
      0.0023466444479236215,
      -0.11148229774975024
    ]
  }
]