[
  {
    "label_id": "2l37eBY1F_iWZj9LEEAT1g",
    "size": [
      0.8673556231018458,
      0.1312011474709614,
      0.8874413115178221
    ],
    "obj_class": "sign",
    "point_num_in_lidar": 76,
    "speed": 0.026940706233716284,
    "if_vehicle": false,
    "motion_state": false,
    "pose": [
      [
        -0.9991896227414091,
        0.040028761469273366,
        -0.004218537793638222,
        11.182854366986703
      ],
      [
        -0.03987552962710855,
        -0.9987025595720278,
        -0.03167237978488342,
        -9.125976873018885
      ],
      [
        -0.005480870627731161,
        -0.031478496779807,
        0.9994894017935587,
        2.5941812197842786
      ],
      [
        0.0,
        0.0,
        0.0,
        1.0
      ]
    ],
    "location": [
      11.182854366986703,
      -9.125976873018885,
      2.5941812197842786
    ],
    "rotation": [
      -0.03148417080197414,
      0.005480898068942172,
      -3.101705949574804
    ]
  },
  {
    "label_id": "38odIvL22Z0MtCYybAf0ug",
    "size": [
      2.003925311419199,
      4.574756563579033,
      1.4899999999999984
    ],
    "obj_class": "vehicle",
    "point_num_in_lidar": 114,
    "speed": 0.01913842469662117,
    "if_vehicle": true,
    "motion_state": false,
    "pose": [
      [
        0.027988487908879013,
        0.9995993439791054,
        -0.004218537793638222,
        68.00176344904594
      ],
      [
        -0.9991104701514271,
        0.02784113490065713,
        -0.03167237978488342,
        -12.24678056051016
      ],
      [
        -0.03154224117543035,
        0.00510124729700808,
        0.9994894017935587,
        1.1930042864817771
      ],
      [
        0.0,
        0.0,
        0.0,
        1.0
      ]
    ],
    "location": [
      68.00176344904594,
      -12.24678056051016,
      1.1930042864817771
    ],
    "rotation": [
      0.005103808998749013,
      0.03154747381599765,
      -1.5427902445254313
    ]
  },
  {
    "label_id": "CSAt4m_S2Ops0pk3ZVRiMQ",
    "size": [
      2.2454996440709287,
      5.044614708423294,
      1.9199999999999982
    ],
    "obj_class": "vehicle",
    "point_num_in_lidar": 4307,
    "speed": 0.04562377157208853,
    "if_vehicle": true,
    "motion_state": false,
    "pose": [
      [
        0.015070647225664065,
        0.9998775322663688,
        -0.004218537793638222,
        17.279111572034253
      ],
      [
        -0.9993867953464443,
        0.014929623100621297,
        -0.03167237978488342,
        -11.790726846126518
      ],
      [
        -0.03160551976101771,
        0.004693274229167193,
        0.9994894017935587,
        1.0991937950984756
      ],
      [
        0.0,
        0.0,
        0.0,
        1.0
      ]
    ],
    "location": [
      17.279111572034253,
      -11.790726846126518,
      1.0991937950984756
    ],
    "rotation": [
      0.0046956373190931745,
      0.03161078396672337,
      -1.555717575424074
    ]
  },
  {
    "label_id": "Ca52RzCTxUn4ltSurTvTbA",
    "size": [
      2.1282552312033816,
      5.199330454015684,
      1.4800000000000004
    ],
    "obj_class": "vehicle",
    "point_num_in_lidar": 65,
    "speed": 0.024646673434506064,
    "if_vehicle": true,
    "motion_state": false,
    "pose": [
      [
        0.9996861232722661,
        0.024695320928287703,
        -0.004218537793638222,
        75.74540598821886
      ],
      [
        -0.024816722375334693,
        0.9991901674102421,
        -0.03167237978488342,
        -6.003306206438083
      ],
      [
        0.0034329619009014997,
        0.031767128843211576,
        0.9994894017935587,
        1.0779742526499163
      ],
      [
        0.0,
        0.0,
        0.0,
        1.0
      ]
    ],
    "location": [
      75.74540598821886,
      -6.003306206438083,
      1.0779742526499163
    ],
    "rotation": [
      0.0317726615274653,
      -0.0034329686439767107,
      -0.024819416674528853
    ]
  },
  {
    "label_id": "hl1qkhTZcPl-qsRTJjKUIA",
    "size": [
      2.3910219569298214,
      5.194751274041504,
      2.0500000000000007
    ],
    "obj_class": "vehicle",
    "point_num_in_lidar": 656,
    "speed": 0.02051891387047148,
    "if_vehicle": true,
    "motion_state": false,
    "pose": [
      [
        0.02265668019764084,
        -0.999734404120067,
        -0.004218537793638222,
        44.533668556027806
      ],
      [
        0.9992386968546557,
        0.022779092760066,
        -0.03167237978488342,
        -12.344044705307454
      ],
      [
        0.03176006219501801,
        -0.0034977352276628422,
        0.9994894017935587,
        1.3340859601085988
      ],
      [
        0.0,
        0.0,
        0.0,
        1.0
      ]
    ],
    "location": [
      44.533668556027806,
      -12.344044705307454,
      1.3340859601085988
    ],
    "rotation": [
      -0.0034995077916510006,
      -0.03176540402411087,
      1.5481262692714213
    ]
  },
  {
    "label_id": "jX-x7_QCYCyQJYz9-bsD4A",
    "size": [
      2.4952452906570928,
      5.894180782425041,
      2.1799999999999997
    ],
    "obj_class": "vehicle",
    "point_num_in_lidar": 11168,
    "speed": 0.019806332097876717,
    "if_vehicle": true,
    "motion_state": false,
    "pose": [
      [
        0.9993059947939779,
        -0.03700990013093746,
        -0.004218537793638222,
        8.321769796668832
      ],
      [
        0.036858140467714025,
        0.9988184709145224,
        -0.03167237978488342,
        -6.301893615899758
      ],
      [
        0.005385745081284509,
        0.031494911529859324,
        0.9994894017935587,
        1.0153741003032621
      ],
      [
        0.0,
        0.0,
        0.0,
        1.0
      ]
    ],
    "location": [
      8.321769796668832,
      -6.301893615899758,
      1.0153741003032621
    ],
    "rotation": [
      0.03150057765506637,
      -0.005385771118335816,
      0.03686702594267645
    ]
  },
  {
    "label_id": "k7TgZ4tn0aIevBQMvdmpAg",
    "size": [
      0.585805880667972,
      0.13929406749003623,
      0.7699999999999996
    ],
    "obj_class": "sign",
    "point_num_in_lidar": 21,
    "speed": 0.039143012695303674,
    "if_vehicle": false,
    "motion_state": false,
    "pose": [
      [
        -0.3172383063464692,
        0.9483364703127827,
        -0.004218537793638222,
        46.883860638717124
      ],
      [
        -0.9478267324254452,
        -0.31720867840975886,
        -0.03167237978488342,
        11.059547935310832
      ],
      [
        -0.03137422964994387,
        -0.0060492492283612045,
        0.9994894017935587,
        1.146020417573098
      ],
      [
        0.0,
        0.0,
        0.0,
        1.0
      ]
    ],
    "location": [
      46.883860638717124,
      11.059547935310832,
      1.146020417573098
    ],
    "rotation": [
      -0.006052265642992471,
      0.031379379094727294,
      -1.8937770396660083
    ]
  },
  {
    "label_id": "l-jJ7lYGntCGu8gQoOIFLg",
    "size": [
      0.5274899140867596,
      0.09909467652414622,
      0.5023838834575649
    ],
    "obj_class": "sign",
    "point_num_in_lidar": 22,
    "speed": 0.010339057202291349,
    "if_vehicle": false,
    "motion_state": false,
    "pose": [
      [
        0.9948522626770282,
        0.10124810805778398,
        -0.004218537793638222,
        32.60322180892945
      ],
      [
        -0.10133113758665206,
        0.9943484605077624,
        -0.03167237978488342,
        9.86481668498493
      ],
      [
        0.0009879280297909285,
        0.031936807926939086,
        0.9994894017935587,
        2.4443944719433475
      ],
      [
        0.0,
        0.0,
        0.0,
        1.0
      ]
    ],
    "location": [
      32.60322180892945,
      9.86481668498493,
      2.4443944719433475
    ],
    "rotation": [
      0.03194225505628338,
      -0.0009879281904942537,
      -0.10150540483244515
    ]
  }
]