[
  {
    "label_id": "38odIvL22Z0MtCYybAf0ug",
    "size": [
      2.0039253114192017,
      4.574756563579033,
      1.4899999999999984
    ],
    "obj_class": "vehicle",
    "point_num_in_lidar": 474,
    "speed": 0.019138424536958895,
    "if_vehicle": true,
    "motion_state": false,
    "pose": [
      [
        0.027988653202389805,
        0.9996052473807212,
        -0.0024463648222620314,
        67.97070983720005
      ],
      [
        -0.9991334470425813,
        0.027899854346802255,
        -0.03088613164895353,
        -12.290448804136815
      ],
      [
        -0.03080568604536547,
        0.003308706145076292,
        0.9995199158450621,
        1.1037576072240434
      ],
      [
        0.0,
        0.0,
        0.0,
        1.0
      ]
    ],
    "location": [
      67.97070983720005,
      -12.290448804136815,
      1.1037576072240434
    ],
    "rotation": [
      0.0033102832740422227,
      0.03081056051010769,
      -1.542790722932383
    ]
  },
  {
    "label_id": "Ca52RzCTxUn4ltSurTvTbA",
    "size": [
      2.128255231203382,
      5.199330454015684,
      1.4800000000000004
    ],
    "obj_class": "vehicle",
    "point_num_in_lidar": 242,
    "speed": 0.024646673229197214,
    "if_vehicle": true,
    "motion_state": false,
    "pose": [
      [
        0.9996920271863803,
        0.024695466773112348,
        -0.0024463648222620314,
        75.70063374567098
      ],
      [
        -0.02475929452370877,
        0.9992162049358745,
        -0.03088613164895353,
        -6.055816001132257
      ],
      [
        0.0016816999357025866,
        0.030937189827234604,
        0.9995199158450621,
        0.9746991320766938
      ],
      [
        0.0,
        0.0,
        0.0,
        1.0
      ]
    ],
    "location": [
      75.70063374567098,
      -6.055816001132257,
      0.9746991320766938
    ],
    "rotation": [
      0.030942170769458335,
      -0.0016817007283769728,
      -0.02476185991179089
    ]
  },
  {
    "label_id": "FEr3JM7oR0T8aqJz63i43Q",
    "size": [
      2.038096731339667,
      4.560816548605839,
      1.5899999999999999
    ],
    "obj_class": "vehicle",
    "point_num_in_lidar": 126,
    "speed": 0.01120933304620927,
    "if_vehicle": true,
    "motion_state": false,
    "pose": [
      [
        0.0039456110744754015,
        0.999989223668138,
        -0.0024463648222620314,
        81.56082306030612
      ],
      [
        -0.9995154246129759,
        0.003868182067313848,
        -0.03088613164895353,
        -12.452539847963635
      ],
      [
        -0.030876335825213375,
        0.002567044037163298,
        0.9995199158450621,
        1.2176260899245186
      ],
      [
        0.0,
        0.0,
        0.0,
        1.0
      ]
    ],
    "location": [
      81.56082306030612,
      -12.452539847963635,
      1.2176260899245186
    ],
    "rotation": [
      0.0025682713794662236,
      0.030881243913862058,
      -1.5668488233519682
    ]
  },
  {
    "label_id": "M5Fx0WBOWO1HtKS5wKh_jA",
    "size": [
      0.8604714269215692,
      0.10561184832007042,
      0.4800000000000004
    ],
    "obj_class": "sign",
    "point_num_in_lidar": 22,
    "speed": 0.0298654947429331,
    "if_vehicle": false,
    "motion_state": false,
    "pose": [
      [
        -0.998262664494931,
        0.058869924194254075,
        -0.0024463648222620314,
        92.00654610830497
      ],
      [
        -0.058766585901812565,
        -0.9977938340424881,
        -0.03088613164895353,
        -9.451422099485228
      ],
      [
        -0.004259231964299149,
        -0.03068870756735094,
        0.9995199158450621,
        2.5749687714687575
      ],
      [
        0.0,
        0.0,
        0.0,
        1.0
      ]
    ],
    "location": [
      92.00654610830497,
      -9.451422099485228,
      2.5749687714687575
    ],
    "rotation": [
      -0.030693805195399576,
      0.004259244842232532,
      -3.08279165585733
    ]
  },
  {
    "label_id": "SgPFG9R2hUCAIZFh4-Dd9Q",
    "size": [
      0.8537802417570164,
      0.11718955507149076,
      0.7899999999999991
    ],
    "obj_class": "sign",
    "point_num_in_lidar": 28,
    "speed": 0.030092968122928703,
    "if_vehicle": false,
    "motion_state": false,
    "pose": [
      [
        -0.998262664494976,
        0.05886992419349157,
        -0.0024463648222620314,
        92.00688601662159
      ],
      [
        -0.05876658590105041,
        -0.9977938340425331,
        -0.03088613164895353,
        -9.451296770681495
      ],
      [
        -0.0042592319642757075,
        -0.030688707567354194,
        0.9995199158450621,
        3.246087076632623
      ],
      [
        0.0,
        0.0,
        0.0,
        1.0
      ]
    ],
    "location": [
      92.00688601662159,
      -9.451296770681495,
      3.246087076632623
    ],
    "rotation": [
      -0.030693805195402827,
      0.00425924484220909,
      -3.0827916558580934
    ]
  },
  {
    "label_id": "W3ShHEw41o8JrHfm2znkIA",
    "size": [
      0.9363758103944845,
      0.13894249178341794,
      0.6500000000000021
    ],
    "obj_class": "sign",
    "point_num_in_lidar": 51,
    "speed": 0.024730122187316187,
    "if_vehicle": false,
    "motion_state": false,
    "pose": [
      [
        0.6273574654131893,
        0.7787275684663382,
        -0.0024463648222620314,
        51.73937869727024
      ],
      [
        -0.7784057745687561,
        0.6270011937706165,
        -0.03088613164895353,
        9.561059165179017
      ],
      [
        -0.022518008534364062,
        0.02128090977205621,
        0.9995199158450621,
        1.4469454662229246
      ],
      [
        0.0,
        0.0,
        0.0,
        1.0
      ]
    ],
    "location": [
      51.73937869727024,
      9.561059165179017,
      1.4469454662229246
    ],
    "rotation": [
      0.021287915004547905,
      0.022519911968276192,
      -0.8924368143911628
    ]
  },
  {
    "label_id": "_ikzgks2pSolSP8hNGVGXA",
    "size": [
      0.36367033364848445,
      0.05772258762729835,
      0.5899999999999999
    ],
    "obj_class": "sign",
    "point_num_in_lidar": 21,
    "speed": 0.015216707207067748,
    "if_vehicle": false,
    "motion_state": false,
    "pose": [
      [
        0.4762475370742115,
        0.8793078520802051,
        -0.0024463648222620314,
        44.807663042312015
      ],
      [
        -0.8789269550946671,
        0.47595530722934515,
        -0.03088613164895353,
        28.4706748057946
      ],
      [
        -0.025994057758732987,
        0.016859620111845452,
        0.9995199158450621,
        2.1284353128611073
      ],
      [
        0.0,
        0.0,
        0.0,
        1.0
      ]
    ],
    "location": [
      44.807663042312015,
      28.4706748057946,
      2.1284353128611073
    ],
    "rotation": [
      0.016866118575160398,
      0.025996985974491293,
      -1.0742309892875377
    ]
  },
  {
    "label_id": "hl1qkhTZcPl-qsRTJjKUIA",
    "size": [
      2.3910219569298263,
      5.194751274041504,
      2.0500000000000007
    ],
    "obj_class": "vehicle",
    "point_num_in_lidar": 4020,
    "speed": 0.026782755383770476,
    "if_vehicle": true,
    "motion_state": false,
    "pose": [
      [
        0.022656814002734258,
        -0.9997403083193165,
        -0.0024463648222620314,
        44.5005163126898
      ],
      [
        0.9992646172175836,
        0.022721611931364287,
        -0.03088613164895353,
        -12.390963000118859
      ],
      [
        0.030933696129649784,
        -0.0017447844676579266,
        0.9995199158450621,
        1.2838230826600316
      ],
      [
        0.0,
        0.0,
        0.0,
        1.0
      ]
    ],
    "location": [
      44.5005163126898,
      -12.390963000118859,
      1.2838230826600316
    ],
    "rotation": [
      -0.001745620740284552,
      -0.030938631630932037,
      1.5481267232837699
    ]
  },
  {
    "label_id": "k7TgZ4tn0aIevBQMvdmpAg",
    "size": [
      0.5858058806679681,
      0.13929406749003623,
      0.7699999999999996
    ],
    "obj_class": "sign",
    "point_num_in_lidar": 142,
    "speed": 0.021345032257180308,
    "if_vehicle": false,
    "motion_state": false,
    "pose": [
      [
        -0.31724017988222897,
        0.9483420709677743,
        -0.0024463648222620314,
        46.86551084912662
      ],
      [
        -0.9478684894052293,
        -0.3171614315524699,
        -0.03088613164895353,
        11.020595802482546
      ],
      [
        -0.030066510621280147,
        -0.00747948983156862,
        0.9995199158450621,
        1.1786849975134253
      ],
      [
        0.0,
        0.0,
        0.0,
        1.0
      ]
    ],
    "location": [
      46.86551084912662,
      11.020595802482546,
      1.1786849975134253
    ],
    "rotation": [
      -0.007482942669996556,
      0.030071042461248282,
      -1.8937655576988175
    ]
  },
  {
    "label_id": "uBAQ5rJrLseQ6jUd67mxvg",
    "size": [
      0.7415531203670584,
      0.1004198578166354,
      0.5000000000000036
    ],
    "obj_class": "sign",
    "point_num_in_lidar": 56,
    "speed": 0.023657217920243816,
    "if_vehicle": false,
    "motion_state": false,
    "pose": [
      [
        0.9996521394876445,
        -0.026260527735202113,
        -0.0024463648222620314,
        52.380505745812115
      ],
      [
        0.026172544644728478,
        0.9991801863420747,
        -0.03088613164895353,
        9.87177478218996
      ],
      [
        0.0032554453757689212,
        0.030811359990845506,
        0.9995199158450621,
        0.7896750346103758
      ],
      [
        0.0,
        0.0,
        0.0,
        1.0
      ]
    ],
    "location": [
      52.380505745812115,
      9.87177478218996,
      0.7896750346103758
    ],
    "rotation": [
      0.030816400497349076,
      -0.0032554511259571136,
      0.02617567234343693
    ]
  },
  {
    "label_id": "wdE7tOuOPlm7eON-_MBmNg",
    "size": [
      0.34849050413345056,
      0.056366310338901826,
      0.6099999999999994
    ],
    "obj_class": "sign",
    "point_num_in_lidar": 20,
    "speed": 0.022430758316971798,
    "if_vehicle": false,
    "motion_state": false,
    "pose": [
      [
        0.47624753707302836,
        0.8793078520808459,
        -0.0024463648222620314,
        39.339874364573916
      ],
      [
        -0.8789269550953075,
        0.47595530722816254,
        -0.03088613164895353,
        28.365042462851306
      ],
      [
        -0.025994057758755674,
        0.016859620111810473,
        0.9995199158450621,
        2.1074373304022416
      ],
      [
        0.0,
        0.0,
        0.0,
        1.0
      ]
    ],
    "location": [
      39.339874364573916,
      28.365042462851306,
      2.1074373304022416
    ],
    "rotation": [
      0.016866118575125412,
      0.025996985974513987,
      -1.0742309892888835
    ]
  }
]