[
  {
    "label_id": "2l37eBY1F_iWZj9LEEAT1g",
    "size": [
      0.8673556231018444,
      0.1312011474709614,
      0.8874413115178221
    ],
    "obj_class": "sign",
    "point_num_in_lidar": 303,
    "speed": 0.02694070578295006,
    "if_vehicle": false,
    "motion_state": false,
    "pose": [
      [
        -0.9991807083770943,
        0.04002840434891087,
        -0.005969828500712154,
        11.183130856462867
      ],
      [
        -0.03983173946449884,
        -0.9987542399053339,
        -0.030056626596327567,
        -9.109807756851922
      ],
      [
        -0.007165510329355996,
        -0.029794212800456292,
        0.9995303698964434,
        2.592872032229039
      ],
      [
        0.0,
        0.0,
        0.0,
        1.0
      ]
    ],
    "location": [
      11.183130856462867,
      -9.109807756851922,
      2.592872032229039
    ],
    "rotation": [
      -0.029799387846010373,
      0.007165571649076036,
      -3.1017493505519624
    ]
  },
  {
    "label_id": "38odIvL22Z0MtCYybAf0ug",
    "size": [
      2.003925311419211,
      4.574756563579033,
      1.4899999999999984
    ],
    "obj_class": "vehicle",
    "point_num_in_lidar": 68,
    "speed": 0.01913842453648647,
    "if_vehicle": true,
    "motion_state": false,
    "pose": [
      [
        0.02798823820695183,
        0.999590425959424,
        -0.005969828500712154,
        68.00842114845636
      ],
      [
        -0.9991616191884823,
        0.027796725316103412,
        -0.030056626596327567,
        -12.237418363246093
      ],
      [
        -0.029878374499307893,
        0.006806055535924527,
        0.9995303698964434,
        1.2121382141827972
      ],
      [
        0.0,
        0.0,
        0.0,
        1.0
      ]
    ],
    "location": [
      68.00842114845636,
      -12.237418363246093,
      1.2121382141827972
    ],
    "rotation": [
      0.006809148130090852,
      0.02988282177622829,
      -1.5427919271775612
    ]
  },
  {
    "label_id": "CSAt4m_S2Ops0pk3ZVRiMQ",
    "size": [
      2.245499644070927,
      5.044614708423294,
      1.9200000000000017
    ],
    "obj_class": "vehicle",
    "point_num_in_lidar": 1415,
    "speed": 0.04562377080868405,
    "if_vehicle": true,
    "motion_state": false,
    "pose": [
      [
        0.015070512771465703,
        0.9998686117648043,
        -0.005969828500712154,
        17.28699170852542
      ],
      [
        -0.9994373663117301,
        0.014884556342780506,
        -0.030056626596327567,
        -11.764498844150921
      ],
      [
        -0.02996381926052756,
        0.006419438449071591,
        0.9995303698964434,
        1.1070905936262498
      ],
      [
        0.0,
        0.0,
        0.0,
        1.0
      ]
    ],
    "location": [
      17.28699170852542,
      -11.764498844150921,
      1.1070905936262498
    ],
    "rotation": [
      0.006422366324982983,
      0.029968304811327888,
      -1.5557184727840323
    ]
  },
  {
    "label_id": "Ca52RzCTxUn4ltSurTvTbA",
    "size": [
      2.128255231203382,
      5.199330454015684,
      1.4800000000000004
    ],
    "obj_class": "vehicle",
    "point_num_in_lidar": 48,
    "speed": 0.024646673228690102,
    "if_vehicle": true,
    "motion_state": false,
    "pose": [
      [
        0.9996772044783753,
        0.02469510060665257,
        -0.005969828500712154,
        75.7550048759199
      ],
      [
        -0.02486376414596754,
        0.9992389065834769,
        -0.030056626596327567,
        -5.992048436136486
      ],
      [
        0.0052230334858495925,
        0.030195356859700713,
        0.9995303698964434,
        1.1001157900919338
      ],
      [
        0.0,
        0.0,
        0.0,
        1.0
      ]
    ],
    "location": [
      75.7550048759199,
      -5.992048436136486,
      1.1001157900919338
    ],
    "rotation": [
      0.030200359289814998,
      -0.005223057233601962,
      -0.02486666593799905
    ]
  },
  {
    "label_id": "YLu127Sv07CuQxpHfdw8PQ",
    "size": [
      2.1218738025544677,
      4.752483290869514,
      1.5999999999999979
    ],
    "obj_class": "vehicle",
    "point_num_in_lidar": 2626,
    "speed": 0.03325598016476447,
    "if_vehicle": true,
    "motion_state": false,
    "pose": [
      [
        0.07081753394732775,
        0.9974714221637084,
        -0.005969828500712154,
        0.40570438811573695
      ],
      [
        -0.9970512203135454,
        0.07060781308692966,
        -0.030056626596327567,
        -12.714008051794053
      ],
      [
        -0.0295591095415431,
        0.00808076096602522,
        0.9995303698964434,
        1.0113373785743462
      ],
      [
        0.0,
        0.0,
        0.0,
        1.0
      ]
    ],
    "location": [
      0.40570438811573695,
      -12.714008051794053,
      1.0113373785743462
    ],
    "rotation": [
      0.008084381588848229,
      0.029563415735658162,
      -1.499888429415449
    ]
  },
  {
    "label_id": "hl1qkhTZcPl-qsRTJjKUIA",
    "size": [
      2.3910219569298232,
      5.194751274041504,
      2.049999999999997
    ],
    "obj_class": "vehicle",
    "point_num_in_lidar": 482,
    "speed": 0.02051891352713305,
    "if_vehicle": true,
    "motion_state": false,
    "pose": [
      [
        0.022656478063937193,
        -0.9997254848954339,
        -0.005969828500712154,
        44.540776188248856
      ],
      [
        0.9992875318555144,
        0.02282603504253695,
        -0.030056626596327567,
        -12.333985718331235
      ],
      [
        0.030184643112889768,
        -0.005284597886921709,
        0.9995303698964434,
        1.3448620045423922
      ],
      [
        0.0,
        0.0,
        0.0,
        1.0
      ]
    ],
    "location": [
      44.540776188248856,
      -12.333985718331235,
      1.3448620045423922
    ],
    "rotation": [
      -0.005287031596427506,
      -0.030189228595035745,
      1.5481275789474056
    ]
  },
  {
    "label_id": "jX-x7_QCYCyQJYz9-bsD4A",
    "size": [
      2.495245290657093,
      5.894180782425041,
      2.1799999999999997
    ],
    "obj_class": "vehicle",
    "point_num_in_lidar": 9889,
    "speed": 0.020690626089280663,
    "if_vehicle": true,
    "motion_state": false,
    "pose": [
      [
        0.9992970793914389,
        -0.03700956994362803,
        -0.005969828500712154,
        8.322118119379866
      ],
      [
        0.03681419437209714,
        0.9988700187163404,
        -0.030056626596327567,
        -6.289598699821681
      ],
      [
        0.007075465530525988,
        0.029815724747275885,
        0.9995303698964434,
        1.01704125389168
      ],
      [
        0.0,
        0.0,
        0.0,
        1.0
      ]
    ],
    "location": [
      8.322118119379866,
      -6.289598699821681,
      1.01704125389168
    ],
    "rotation": [
      0.02982089078044517,
      -0.0070755245674324375,
      0.03682343722777526
    ]
  },
  {
    "label_id": "l-jJ7lYGntCGu8gQoOIFLg",
    "size": [
      0.5274899140867569,
      0.09909467652414622,
      0.5023838834575649
    ],
    "obj_class": "sign",
    "point_num_in_lidar": 20,
    "speed": 0.011744889451734053,
    "if_vehicle": false,
    "motion_state": false,
    "pose": [
      [
        0.9948433870088784,
        0.10124720476326751,
        -0.005969828500712154,
        32.6052273377195
      ],
      [
        -0.10138177679821721,
        0.9943934505671713,
        -0.030056626596327567,
        9.870457619728882
      ],
      [
        0.0028932089346259534,
        0.030506868025734494,
        0.9995303698964434,
        2.4426795327258226
      ],
      [
        0.0,
        0.0,
        0.0,
        1.0
      ]
    ],
    "location": [
      32.6052273377195,
      9.870457619728882,
      2.4426795327258226
    ],
    "rotation": [
      0.0305117297161653,
      -0.002893212970984881,
      -0.10155668298786394
    ]
  }
]