[
  {
    "label_id": "38odIvL22Z0MtCYybAf0ug",
    "size": [
      2.003925311419205,
      4.574756563579033,
      1.4899999999999984
    ],
    "obj_class": "vehicle",
    "point_num_in_lidar": 355,
    "speed": 0.019138424536576066,
    "if_vehicle": true,
    "motion_state": false,
    "pose": [
      [
        0.027988736783423094,
        0.9996082324490005,
        -0.00011060494130418807,
        67.976255467383
      ],
      [
        -0.9990615115970395,
        0.027969769348349164,
        -0.03307246661557646,
        -12.282650422065899
      ],
      [
        -0.0330564163016279,
        0.0010361577027313813,
        0.9994529502275274,
        1.1196954981398939
      ],
      [
        0.0,
        0.0,
        0.0,
        1.0
      ]
    ],
    "location": [
      67.976255467383,
      -12.282650422065899,
      1.1196954981398939
    ],
    "rotation": [
      0.0010367244713976019,
      0.03306243953510706,
      -1.5427886239047233
    ]
  },
  {
    "label_id": "Ca52RzCTxUn4ltSurTvTbA",
    "size": [
      2.1282552312033816,
      5.199330454015684,
      1.4800000000000004
    ],
    "obj_class": "vehicle",
    "point_num_in_lidar": 190,
    "speed": 0.024646673228794613,
    "if_vehicle": true,
    "motion_state": false,
    "pose": [
      [
        0.9996950125138055,
        0.024695540519883312,
        -0.00011060494130418807,
        75.70862928257793
      ],
      [
        -0.02468568799464324,
        0.9991480514719491,
        -0.03307246661557646,
        -6.0464386731822515
      ],
      [
        -0.0007062317278102077,
        0.03306511028619283,
        0.9994529502275274,
        0.9931422564562986
      ],
      [
        0.0,
        0.0,
        0.0,
        1.0
      ]
    ],
    "location": [
      75.70862928257793,
      -6.0464386731822515,
      0.9931422564562986
    ],
    "rotation": [
      0.03307114652523961,
      0.0007062317865172933,
      -0.024688202014342176
    ]
  },
  {
    "label_id": "FEr3JM7oR0T8aqJz63i43Q",
    "size": [
      2.0380967313396727,
      4.560816548605839,
      1.5899999999999999
    ],
    "obj_class": "vehicle",
    "point_num_in_lidar": 69,
    "speed": 0.011209333046360397,
    "if_vehicle": true,
    "motion_state": false,
    "pose": [
      [
        0.003945622857044773,
        0.9999922098830656,
        -0.00011060494130418807,
        81.56178126222676
      ],
      [
        -0.9994451910318428,
        0.003939806503423282,
        -0.03307246661557646,
        -12.447017731034407
      ],
      [
        -0.03307177321512715,
        0.00024103505690809877,
        0.9994529502275274,
        1.2273819194299769
      ],
      [
        0.0,
        0.0,
        0.0,
        1.0
      ]
    ],
    "location": [
      81.56178126222676,
      -12.447017731034407,
      1.2273819194299769
    ],
    "rotation": [
      0.00024116698257805808,
      0.03307780484984826,
      -1.5668485341647158
    ]
  },
  {
    "label_id": "M5Fx0WBOWO1HtKS5wKh_jA",
    "size": [
      0.8604714269215694,
      0.10561184832007042,
      0.4800000000000004
    ],
    "obj_class": "sign",
    "point_num_in_lidar": 20,
    "speed": 0.02986549474302149,
    "if_vehicle": false,
    "motion_state": false,
    "pose": [
      [
        -0.9982656455539263,
        0.05887009999439246,
        -0.00011060494130418807,
        92.00491993846526
      ],
      [
        -0.05883424420533305,
        -0.9977197721107608,
        -0.03307246661557646,
        -9.43657824700773
      ],
      [
        -0.002057332153552531,
        -0.03300859987793211,
        0.9994529502275274,
        2.5749687714687504
      ],
      [
        0.0,
        0.0,
        0.0,
        1.0
      ]
    ],
    "location": [
      92.00491993846526,
      -9.43657824700773,
      2.5749687714687504
    ],
    "rotation": [
      -0.033014666897341484,
      0.00205733360487132,
      -3.0827242895319733
    ]
  },
  {
    "label_id": "SgPFG9R2hUCAIZFh4-Dd9Q",
    "size": [
      0.8537802417570142,
      0.11718955507149076,
      0.7899999999999991
    ],
    "obj_class": "sign",
    "point_num_in_lidar": 22,
    "speed": 0.030092968123025962,
    "if_vehicle": false,
    "motion_state": false,
    "pose": [
      [
        -0.9982656455539717,
        0.05887009999362286,
        -0.00011060494130418807,
        92.00474157478538
      ],
      [
        -0.058834244204563874,
        -0.9977197721108062,
        -0.03307246661557646,
        -9.436403971973789
      ],
      [
        -0.0020573321535270837,
        -0.03300859987793369,
        0.9994529502275274,
        3.246087076632616
      ],
      [
        0.0,
        0.0,
        0.0,
        1.0
      ]
    ],
    "location": [
      92.00474157478538,
      -9.436403971973789,
      3.246087076632616
    ],
    "rotation": [
      -0.033014666897343066,
      0.0020573336048458728,
      -3.082724289532744
    ]
  },
  {
    "label_id": "fkr9zYoTY8lwTpjO1ZO25A",
    "size": [
      0.3669943324499385,
      0.0750462148865155,
      0.22238388345756732
    ],
    "obj_class": "sign",
    "point_num_in_lidar": 20,
    "speed": 0.0422940644877259,
    "if_vehicle": false,
    "motion_state": false,
    "pose": [
      [
        0.9948611089354511,
        0.10124900836191755,
        -0.00011060494130418807,
        32.53943943989498
      ],
      [
        -0.10119726053319918,
        0.9943165121894221,
        -0.03307246661557646,
        9.826869178275786
      ],
      [
        -0.003238578129441244,
        0.032913703729464505,
        0.9994529502275274,
        2.07810792337499
      ],
      [
        0.0,
        0.0,
        0.0,
        1.0
      ]
    ],
    "location": [
      32.53943943989498,
      9.826869178275786,
      2.07810792337499
    ],
    "rotation": [
      0.03291982196354133,
      0.0032385837907121244,
      -0.10137131977246262
    ]
  },
  {
    "label_id": "hl1qkhTZcPl-qsRTJjKUIA",
    "size": [
      2.3910219569298246,
      5.194751274041504,
      2.049999999999997
    ],
    "obj_class": "vehicle",
    "point_num_in_lidar": 3583,
    "speed": 0.022189668681680857,
    "if_vehicle": true,
    "motion_state": false,
    "pose": [
      [
        0.022656881661582064,
        -0.9997432937909212,
        -0.00011060494130418807,
        44.50643672395154
      ],
      [
        0.9991963137947631,
        0.022648144535892242,
        -0.03307246661557646,
        -12.382584212652716
      ],
      [
        0.03306648170474373,
        0.0006388029127271085,
        0.9994529502275274,
        1.2927991541321155
      ],
      [
        0.0,
        0.0,
        0.0,
        1.0
      ]
    ],
    "location": [
      44.50643672395154,
      -12.382584212652716,
      1.2927991541321155
    ],
    "rotation": [
      0.000639152473955513,
      -0.03307251044377857,
      1.5481251064792714
    ]
  },
  {
    "label_id": "k7TgZ4tn0aIevBQMvdmpAg",
    "size": [
      0.5858058806679699,
      0.13929406749003623,
      0.7699999999999996
    ],
    "obj_class": "sign",
    "point_num_in_lidar": 67,
    "speed": 0.0012717520958285486,
    "if_vehicle": false,
    "motion_state": false,
    "pose": [
      [
        -0.3172411272397818,
        0.9483449029515473,
        -0.00011060494130418807,
        46.86551084912662
      ],
      [
        -0.9478249622221975,
        -0.3170710534571885,
        -0.03307246661557646,
        11.020595802482546
      ],
      [
        -0.03139917476817403,
        -0.010387112465412296,
        0.9994529502275274,
        1.1728516766971069
      ],
      [
        0.0,
        0.0,
        0.0,
        1.0
      ]
    ],
    "location": [
      46.86551084912662,
      11.020595802482546,
      1.1728516766971069
    ],
    "rotation": [
      -0.01039242369113406,
      0.0314043365090745,
      -1.8937802781506925
    ]
  },
  {
    "label_id": "l-jJ7lYGntCGu8gQoOIFLg",
    "size": [
      0.5274899140867569,
      0.09909467652414622,
      0.5023838834575649
    ],
    "obj_class": "sign",
    "point_num_in_lidar": 83,
    "speed": 0.04108894465955278,
    "if_vehicle": false,
    "motion_state": false,
    "pose": [
      [
        0.9948611089357214,
        0.10124900835926186,
        -0.00011060494130418807,
        32.53962225462328
      ],
      [
        -0.10119726053054492,
        0.9943165121896923,
        -0.03307246661557646,
        9.829135253073503
      ],
      [
        -0.0032385781293533837,
        0.03291370372947315,
        0.9994529502275274,
        2.450965005609053
      ],
      [
        0.0,
        0.0,
        0.0,
        1.0
      ]
    ],
    "location": [
      32.53962225462328,
      9.829135253073503,
      2.450965005609053
    ],
    "rotation": [
      0.03291982196354997,
      0.0032385837906242637,
      -0.10137131976979463
    ]
  },
  {
    "label_id": "uBAQ5rJrLseQ6jUd67mxvg",
    "size": [
      0.7415531203670576,
      0.1004198578166354,
      0.5000000000000036
    ],
    "obj_class": "sign",
    "point_num_in_lidar": 44,
    "speed": 0.02365721792054829,
    "if_vehicle": false,
    "motion_state": false,
    "pose": [
      [
        0.9996551246959553,
        -0.026260606155629498,
        -0.00011060494130418807,
        52.386062883406794
      ],
      [
        0.026242583901362044,
        0.9991083718707102,
        -0.03307246661557646,
        9.882216650116959
      ],
      [
        0.0009790093432141412,
        0.03305815817914483,
        0.9994529502275274,
        0.7900205622079959
      ],
      [
        0.0,
        0.0,
        0.0,
        1.0
      ]
    ],
    "location": [
      52.386062883406794,
      9.882216650116959,
      0.7900205622079959
    ],
    "rotation": [
      0.03306419821627751,
      -0.0009790094996043094,
      0.026245609509849208
    ]
  }
]