[
  {
    "label_id": "-1VmICoWcoB_bfJceFaP1w",
    "size": [
      2.127146395161804,
      4.728791380763544,
      1.9299999999999997
    ],
    "obj_class": "vehicle",
    "point_num_in_lidar": 196,
    "speed": 5.685035733124714e-13,
    "if_vehicle": true,
    "motion_state": false,
    "pose": [
      [
        -0.5668699250672343,
        -0.8238020102899595,
        -0.002955655001807183,
        144.2612663628306
      ],
      [
        0.823512577368745,
        -0.5665675040053595,
        -0.028780172352224017,
        26.215912551087115
      ],
      [
        0.022034585763178804,
        -0.01874863321307837,
        0.999581395276486,
        1.5763854335429102
      ],
      [
        0.0,
        0.0,
        0.0,
        1.0
      ]
    ],
    "location": [
      144.2612663628306,
      26.215912551087115,
      1.5763854335429102
    ],
    "rotation": [
      -0.01875428568415496,
      -0.02203636920244779,
      2.173664786785496
    ]
  },
  {
    "label_id": "AMMoGKhSlSEGPf2PD4Xpfg",
    "size": [
      2.0162075982862704,
      4.406006614831272,
      1.9600000000000009
    ],
    "obj_class": "vehicle",
    "point_num_in_lidar": 784,
    "speed": 0.01280138529351434,
    "if_vehicle": true,
    "motion_state": false,
    "pose": [
      [
        0.03288803105637745,
        0.9994546720670953,
        -0.002955655001807183,
        121.69883052242722
      ],
      [
        -0.9990478207948174,
        0.032789532544743975,
        -0.028780172352224017,
        -12.163744922437104
      ],
      [
        -0.028667563174453743,
        0.0038993638907046067,
        0.999581395276486,
        1.4574436699395044
      ],
      [
        0.0,
        0.0,
        0.0,
        1.0
      ]
    ],
    "location": [
      121.69883052242722,
      -12.163744922437104,
      1.4574436699395044
    ],
    "rotation": [
      0.003900977078433766,
      0.02867149126730835,
      -1.5378888342821166
    ]
  },
  {
    "label_id": "M5Fx0WBOWO1HtKS5wKh_jA",
    "size": [
      0.8604714269215684,
      0.10561184832007042,
      0.4800000000000004
    ],
    "obj_class": "sign",
    "point_num_in_lidar": 249,
    "speed": 0.06253318134925108,
    "if_vehicle": false,
    "motion_state": false,
    "pose": [
      [
        -0.9982612912778195,
        0.0588698432123841,
        -0.002955655001807183,
        91.97620658292135
      ],
      [
        -0.05876079698778873,
        -0.9978571392823404,
        -0.028780172352224017,
        -9.610679249026987
      ],
      [
        -0.0046436056788096754,
        -0.028556455372002215,
        0.999581395276486,
        2.534659940829364
      ],
      [
        0.0,
        0.0,
        0.0,
        1.0
      ]
    ],
    "location": [
      91.97620658292135,
      -9.610679249026987,
      2.534659940829364
    ],
    "rotation": [
      -0.028560645970888227,
      0.004643622367373526,
      -3.0827973541279095
    ]
  },
  {
    "label_id": "N35AkMCmXwtcSKzDH4fmXA",
    "size": [
      0.4078459953834502,
      0.10665783715376165,
      0.4800000000000004
    ],
    "obj_class": "sign",
    "point_num_in_lidar": 45,
    "speed": 0.05123439159862065,
    "if_vehicle": false,
    "motion_state": false,
    "pose": [
      [
        0.9937854941741869,
        0.1112728883083265,
        -0.002955655001807183,
        94.11867238696459
      ],
      [
        -0.111311816988217,
        0.993368703492393,
        -0.028780172352224017,
        10.038585632199897
      ],
      [
        -0.00026639772652740175,
        0.028930317132114684,
        0.999581395276486,
        2.377443669939524
      ],
      [
        0.0,
        0.0,
        0.0,
        1.0
      ]
    ],
    "location": [
      94.11867238696459,
      10.038585632199897,
      2.377443669939524
    ],
    "rotation": [
      0.02893435528184344,
      0.000266397729678343,
      -0.11154297699000212
    ]
  },
  {
    "label_id": "SGG8Tx3sx_vmiQVnTu8wjg",
    "size": [
      1.8379767986546085,
      4.114365739376918,
      1.5399999999999991
    ],
    "obj_class": "vehicle",
    "point_num_in_lidar": 35,
    "speed": 0.0,
    "if_vehicle": true,
    "motion_state": false,
    "pose": [
      [
        0.9999956320422156,
        -1.2714150270358831e-15,
        -0.002955655001807183,
        143.8653347696163
      ],
      [
        -8.50646319231746e-05,
        0.9995857614248937,
        -0.028780172352224017,
        -5.887534706581107
      ],
      [
        0.0029544306554907646,
        0.028780298063350977,
        0.999581395276486,
        1.0874436699394927
      ],
      [
        0.0,
        0.0,
        0.0,
        1.0
      ]
    ],
    "location": [
      143.8653347696163,
      -5.887534706581107,
      1.0874436699394927
    ],
    "rotation": [
      0.028784398351424496,
      -0.002954434953544673,
      -8.506500327834041e-05
    ]
  },
  {
    "label_id": "Vq-Il7SzubaHyWSpeOSv9Q",
    "size": [
      0.8270984952411211,
      0.116700660423937,
      0.4599999999999973
    ],
    "obj_class": "sign",
    "point_num_in_lidar": 96,
    "speed": 0.05433740078950518,
    "if_vehicle": false,
    "motion_state": false,
    "pose": [
      [
        0.993785494174173,
        0.11127288830845097,
        -0.002955655001807183,
        94.12105668850973
      ],
      [
        -0.1113118169883414,
        0.993368703492379,
        -0.028780172352224017,
        10.044029341187127
      ],
      [
        -0.0002663977265310253,
        0.02893031713211465,
        0.999581395276486,
        2.857443669939528
      ],
      [
        0.0,
        0.0,
        0.0,
        1.0
      ]
    ],
    "location": [
      94.12105668850973,
      10.044029341187127,
      2.857443669939528
    ],
    "rotation": [
      0.028934355281843405,
      0.0002663977296819666,
      -0.1115429769901273
    ]
  },
  {
    "label_id": "WLPbwiUySIPQxl_EqiynAQ",
    "size": [
      1.9978020096019466,
      4.796935651560262,
      1.8999999999999986
    ],
    "obj_class": "vehicle",
    "point_num_in_lidar": 218,
    "speed": 0.0,
    "if_vehicle": true,
    "motion_state": false,
    "pose": [
      [
        0.0011231041615000648,
        0.9999950013577832,
        -0.002955655001807183,
        124.37514641790085
      ],
      [
        -0.9995852265358209,
        0.0010375792538181022,
        -0.028780172352224017,
        -12.411398084624409
      ],
      [
        -0.02877696176412817,
        0.002986752205880637,
        0.999581395276486,
        1.4465574669921963
      ],
      [
        0.0,
        0.0,
        0.0,
        1.0
      ]
    ],
    "location": [
      124.37514641790085,
      -12.411398084624409,
      1.4465574669921963
    ],
    "rotation": [
      0.002987994105638939,
      0.02878093501016451,
      -1.569672757079099
    ]
  },
  {
    "label_id": "j22FxW4FhMBcpg9NGJB4PQ",
    "size": [
      2.348683979189787,
      5.670598226160326,
      2.0
    ],
    "obj_class": "vehicle",
    "point_num_in_lidar": 392,
    "speed": 0.0347406549942423,
    "if_vehicle": true,
    "motion_state": false,
    "pose": [
      [
        0.9999956320422156,
        1.8363420801765666e-15,
        -0.002955655001807183,
        129.29643662023454
      ],
      [
        -8.5064631926281e-05,
        0.9995857614248937,
        -0.028780172352224017,
        -5.680889643051273
      ],
      [
        0.0029544306554906753,
        0.028780298063350983,
        0.999581395276486,
        1.3129121055692927
      ],
      [
        0.0,
        0.0,
        0.0,
        1.0
      ]
    ],
    "location": [
      129.29643662023454,
      -5.680889643051273,
      1.3129121055692927
    ],
    "rotation": [
      0.028784398351424503,
      -0.0029544349535445837,
      -8.506500328144681e-05
    ]
  },
  {
    "label_id": "tLQ1nHpR_fLTXR_63irR6g",
    "size": [
      0.832774681181532,
      0.11802681416779148,
      0.6999999999999993
    ],
    "obj_class": "sign",
    "point_num_in_lidar": 49,
    "speed": 0.052267727453056106,
    "if_vehicle": false,
    "motion_state": false,
    "pose": [
      [
        0.9937854941740901,
        0.1112728883091915,
        -0.002955655001807183,
        94.12076431938704
      ],
      [
        -0.11131181698908164,
        0.9933687034922962,
        -0.028780172352224017,
        10.04745298098959
      ],
      [
        -0.0002663977265525833,
        0.028930317132114455,
        0.999581395276486,
        3.4474436699395348
      ],
      [
        0.0,
        0.0,
        0.0,
        1.0
      ]
    ],
    "location": [
      94.12076431938704,
      10.04745298098959,
      3.4474436699395348
    ],
    "rotation": [
      0.02893435528184321,
      0.0002663977297035246,
      -0.11154297699087216
    ]
  }
]