[
  {
    "label_id": "2l37eBY1F_iWZj9LEEAT1g",
    "size": [
      0.8673556231018444,
      0.1312011474709614,
      0.8874413115178221
    ],
    "obj_class": "sign",
    "point_num_in_lidar": 239,
    "speed": 0.02694070555755465,
    "if_vehicle": false,
    "motion_state": false,
    "pose": [
      [
        -0.999197150513449,
        0.0400290630410486,
        -0.0016518225870909447,
        11.182992607607048
      ],
      [
        -0.03995960747539558,
        -0.9987298640809003,
        -0.030690199793395975,
        -9.117892555768776
      ],
      [
        -0.002878224490163325,
        -0.03059955400005056,
        0.9995275799690483,
        2.5935266455065644
      ],
      [
        0.0,
        0.0,
        0.0,
        1.0
      ]
    ],
    "location": [
      11.182992607607048,
      -9.117892555768776,
      2.5935266455065644
    ],
    "rotation": [
      -0.030604458046624865,
      0.002878228464131284,
      -3.1016222384310095
    ]
  },
  {
    "label_id": "38odIvL22Z0MtCYybAf0ug",
    "size": [
      2.003925311419205,
      4.574756563579033,
      1.4899999999999984
    ],
    "obj_class": "vehicle",
    "point_num_in_lidar": 98,
    "speed": 0.019138424696856015,
    "if_vehicle": true,
    "motion_state": false,
    "pose": [
      [
        0.02798869877071341,
        0.999606874837935,
        -0.0016518225870909447,
        68.00509219958667
      ],
      [
        -0.9991387855757178,
        0.027924877706468117,
        -0.030690199793395975,
        -12.242099601324867
      ],
      [
        -0.030632007759891094,
        0.0025093787708829578,
        0.9995275799690483,
        1.202570965338964
      ],
      [
        0.0,
        0.0,
        0.0,
        1.0
      ]
    ],
    "location": [
      68.00509219958667,
      -12.242099601324867,
      1.202570965338964
    ],
    "rotation": [
      0.002510559537366252,
      0.03063680022082795,
      -1.5427908269200277
    ]
  },
  {
    "label_id": "CSAt4m_S2Ops0pk3ZVRiMQ",
    "size": [
      2.2454996440709265,
      5.044614708423294,
      1.9199999999999982
    ],
    "obj_class": "vehicle",
    "point_num_in_lidar": 3452,
    "speed": 0.04562377042696226,
    "if_vehicle": true,
    "motion_state": false,
    "pose": [
      [
        0.015070760766071929,
        0.9998850652210345,
        -0.0016518225870909447,
        17.2830515229075
      ],
      [
        -0.9994161904211777,
        0.015012993061394612,
        -0.030690199793395975,
        -11.777613235795911
      ],
      [
        -0.030661873621027666,
        0.002113382896191307,
        0.9995275799690483,
        1.103142076742241
      ],
      [
        0.0,
        0.0,
        0.0,
        1.0
      ]
    ],
    "location": [
      17.2830515229075,
      -11.777613235795911,
      1.103142076742241
    ],
    "rotation": [
      0.0021143786216432014,
      0.030666680117383972,
      -1.5557179052758925
    ]
  },
  {
    "label_id": "Ca52RzCTxUn4ltSurTvTbA",
    "size": [
      2.1282552312033816,
      5.199330454015684,
      1.4800000000000004
    ],
    "obj_class": "vehicle",
    "point_num_in_lidar": 59,
    "speed": 0.024646673434992904,
    "if_vehicle": true,
    "motion_state": false,
    "pose": [
      [
        0.99969365478488,
        0.024695506979806416,
        -0.0016518225870909447,
        75.75020528909681
      ],
      [
        -0.024734587051519465,
        0.9992228539420183,
        -0.030690199793395975,
        -5.997677488967895
      ],
      [
        0.0008926288364694383,
        0.030721655147112264,
        0.9995275799690483,
        1.0890446915802805
      ],
      [
        0.0,
        0.0,
        0.0,
        1.0
      ]
    ],
    "location": [
      75.75020528909681,
      -5.997677488967895,
      1.0890446915802805
    ],
    "rotation": [
      0.030726502065101288,
      -0.0008926289550085432,
      -0.02473711970579776
    ]
  },
  {
    "label_id": "hl1qkhTZcPl-qsRTJjKUIA",
    "size": [
      2.3910219569298223,
      5.194751274041504,
      2.0500000000000007
    ],
    "obj_class": "vehicle",
    "point_num_in_lidar": 574,
    "speed": 0.02051891335531322,
    "if_vehicle": true,
    "motion_state": false,
    "pose": [
      [
        0.022656850890291274,
        -0.9997419359964229,
        -0.0016518225870909447,
        44.53722226627224
      ],
      [
        0.9992712158256978,
        0.022696890951691716,
        -0.030690199793395975,
        -12.339015361644442
      ],
      [
        0.030719770994697457,
        -0.0009552754844184973,
        0.9995275799690483,
        1.3394738218199969
      ],
      [
        0.0,
        0.0,
        0.0,
        1.0
      ]
    ],
    "location": [
      44.53722226627224,
      -12.339015361644442,
      1.3394738218199969
    ],
    "rotation": [
      -0.0009557266980008825,
      -0.03072460477787744,
      1.5481268360339224
    ]
  },
  {
    "label_id": "jX-x7_QCYCyQJYz9-bsD4A",
    "size": [
      2.4952452906570923,
      5.894180782425041,
      2.1799999999999997
    ],
    "obj_class": "vehicle",
    "point_num_in_lidar": 12127,
    "speed": 0.020331740865443527,
    "if_vehicle": true,
    "motion_state": false,
    "pose": [
      [
        0.9993135234427505,
        -0.03701017895898482,
        -0.0016518225870909447,
        8.321943952836591
      ],
      [
        0.036942135441918635,
        0.9988460293086379,
        -0.030690199793395975,
        -6.2957463409893535
      ],
      [
        0.0027857662188786963,
        0.03060810983696217,
        0.9995275799690483,
        1.0162076522657912
      ],
      [
        0.0,
        0.0,
        0.0,
        1.0
      ]
    ],
    "location": [
      8.321943952836591,
      -6.2957463409893535,
      1.0162076522657912
    ],
    "rotation": [
      0.03061300991019375,
      -0.002785769822044684,
      0.03695068667000625
    ]
  }
]