[
  {
    "label_id": "38odIvL22Z0MtCYybAf0ug",
    "size": [
      2.0039253114192053,
      4.574756563579033,
      1.4899999999999984
    ],
    "obj_class": "vehicle",
    "point_num_in_lidar": 302,
    "speed": 0.01913842501744037,
    "if_vehicle": true,
    "motion_state": false,
    "pose": [
      [
        0.027988699035815055,
        0.9996068843059306,
        -0.0016460785133647273,
        67.97847363219034
      ],
      [
        -0.9990593482041312,
        0.027918728556979085,
        -0.033180767949193175,
        -12.279531191950753
      ],
      [
        -0.033121767649372975,
        0.002573216654562176,
        0.9994480111860895,
        1.1260704037120988
      ],
      [
        0.0,
        0.0,
        0.0,
        1.0
      ]
    ],
    "location": [
      67.97847363219034,
      -12.279531191950753,
      1.1260704037120988
    ],
    "rotation": [
      0.0025746321369791826,
      0.03312782668847233,
      -1.542788601041238
    ]
  },
  {
    "label_id": "Ca52RzCTxUn4ltSurTvTbA",
    "size": [
      2.128255231203382,
      5.199330454015684,
      1.4800000000000004
    ],
    "obj_class": "vehicle",
    "point_num_in_lidar": 168,
    "speed": 0.02464667384702743,
    "if_vehicle": true,
    "motion_state": false,
    "pose": [
      [
        0.9996936642536978,
        0.0246955072137119,
        -0.0016460785133647273,
        75.71182737152458
      ],
      [
        -0.024736544013170887,
        0.9991432029637124,
        -0.033180767949193175,
        -6.042687889561137
      ],
      [
        0.0008252522639271788,
        0.03321132178747557,
        0.9994480111860895,
        1.0005192159923624
      ],
      [
        0.0,
        0.0,
        0.0,
        1.0
      ]
    ],
    "location": [
      75.71182737152458,
      -6.042687889561137,
      1.0005192159923624
    ],
    "rotation": [
      0.03321744143832524,
      -0.0008252523575990198,
      -0.024739075835181458
    ]
  },
  {
    "label_id": "FEr3JM7oR0T8aqJz63i43Q",
    "size": [
      2.038096731339661,
      4.560816548605839,
      1.5899999999999999
    ],
    "obj_class": "vehicle",
    "point_num_in_lidar": 60,
    "speed": 0.011209332765088498,
    "if_vehicle": true,
    "motion_state": false,
    "pose": [
      [
        0.003945617535693933,
        0.9999908612221362,
        -0.0016460785133647273,
        81.5621645279166
      ],
      [
        -0.9994418010170465,
        0.003888832485996516,
        -0.033180767949193175,
        -12.444808971157101
      ],
      [
        -0.033174063393928276,
        0.0017760782938808332,
        0.9994480111860895,
        1.231284097717193
      ],
      [
        0.0,
        0.0,
        0.0,
        1.0
      ]
    ],
    "location": [
      81.5621645279166,
      -12.444808971157101,
      1.231284097717193
    ],
    "rotation": [
      0.0017770573400752116,
      0.03318015118760371,
      -1.566848526098545
    ]
  },
  {
    "label_id": "SgPFG9R2hUCAIZFh4-Dd9Q",
    "size": [
      0.8537802417570151,
      0.11718955507149076,
      0.7899999999999991
    ],
    "obj_class": "sign",
    "point_num_in_lidar": 23,
    "speed": 0.03009293614399998,
    "if_vehicle": false,
    "motion_state": false,
    "pose": [
      [
        -0.9982642992216102,
        0.058870020597201915,
        -0.0016460785133647273,
        92.00388383179506
      ],
      [
        -0.05878316093329577,
        -0.9977191872611211,
        -0.033180767949193175,
        -9.430447086839536
      ],
      [
        -0.00359567660912223,
        -0.03302641436627624,
        0.9994480111860895,
        3.246087076632616
      ],
      [
        0.0,
        0.0,
        0.0,
        1.0
      ]
    ],
    "location": [
      92.00388383179506,
      -9.430447086839536,
      3.246087076632616
    ],
    "rotation": [
      -0.03303263482529592,
      0.0035956843571853673,
      -3.0827752054339856
    ]
  },
  {
    "label_id": "hl1qkhTZcPl-qsRTJjKUIA",
    "size": [
      2.3910219569298263,
      5.194751274041504,
      2.0500000000000007
    ],
    "obj_class": "vehicle",
    "point_num_in_lidar": 3090,
    "speed": 0.021055534380972574,
    "if_vehicle": true,
    "motion_state": false,
    "pose": [
      [
        0.02265685110489073,
        -0.9997419454656978,
        -0.0016460785133647273,
        44.5088047941631
      ],
      [
        0.9991915690036983,
        0.0226990103358984,
        -0.033180767949193175,
        -12.379232831110642
      ],
      [
        0.03320956985476083,
        -0.0008929760535013765,
        0.9994480111860895,
        1.2963894397640523
      ],
      [
        0.0,
        0.0,
        0.0,
        1.0
      ]
    ],
    "location": [
      44.5088047941631,
      -12.379232831110642,
      1.2963894397640523
    ],
    "rotation": [
      -0.0008934690007783541,
      -0.03321567722328899,
      1.5481250294246187
    ]
  },
  {
    "label_id": "k7TgZ4tn0aIevBQMvdmpAg",
    "size": [
      0.5858058806679665,
      0.13929406749003623,
      0.7699999999999996
    ],
    "obj_class": "sign",
    "point_num_in_lidar": 54,
    "speed": 2.1334777765716797e-13,
    "if_vehicle": false,
    "motion_state": false,
    "pose": [
      [
        -0.317240699385751,
        0.9483436239458602,
        -0.0016460785133647273,
        46.86551084912571
      ],
      [
        -0.9478053899231436,
        -0.3171182420973912,
        -0.033180767949193175,
        11.020595802482546
      ],
      [
        -0.031988771246757024,
        -0.008966127943154593,
        0.9994480111860895,
        1.1705184401620556
      ],
      [
        0.0,
        0.0,
        0.0,
        1.0
      ]
    ],
    "location": [
      46.86551084912571,
      11.020595802482546,
      1.1705184401620556
    ],
    "rotation": [
      -0.008970839225527556,
      0.03199422934668721,
      -1.8937860875943147
    ]
  },
  {
    "label_id": "l-jJ7lYGntCGu8gQoOIFLg",
    "size": [
      0.5274899140867569,
      0.09909467652414622,
      0.5023838834575649
    ],
    "obj_class": "sign",
    "point_num_in_lidar": 58,
    "speed": 0.04350785593259847,
    "if_vehicle": false,
    "motion_state": false,
    "pose": [
      [
        0.9948597671949622,
        0.10124887180760755,
        -0.0016460785133647273,
        32.547746596923844
      ],
      [
        -0.10124759530002425,
        0.9943077798570542,
        -0.033180767949193175,
        9.832890714598989
      ],
      [
        -0.0017228066484717517,
        0.03317687256843761,
        0.9994480111860895,
        2.450393634391151
      ],
      [
        0.0,
        0.0,
        0.0,
        1.0
      ]
    ],
    "location": [
      32.547746596923844,
      9.832890714598989,
      2.450393634391151
    ],
    "rotation": [
      0.0331830111720442,
      0.001722807500705929,
      -0.10142153199272665
    ]
  },
  {
    "label_id": "uBAQ5rJrLseQ6jUd67mxvg",
    "size": [
      0.7415531203670555,
      0.1004198578166354,
      0.5000000000000036
    ],
    "obj_class": "sign",
    "point_num_in_lidar": 38,
    "speed": 0.02341958729967878,
    "if_vehicle": false,
    "motion_state": false,
    "pose": [
      [
        0.9996537764896428,
        -0.026260570738712526,
        -0.0016460785133647273,
        52.38828565099857
      ],
      [
        0.02619154692627402,
        0.9991061202434457,
        -0.033180767949193175,
        9.886393232977355
      ],
      [
        0.0025159530209985246,
        0.03312616664461034,
        0.9994480111860895,
        0.7901587678099204
      ],
      [
        0.0,
        0.0,
        0.0,
        1.0
      ]
    ],
    "location": [
      52.38828565099857,
      9.886393232977355,
      0.7901587678099204
    ],
    "rotation": [
      0.033132333001693014,
      -0.002515955675344743,
      0.026194625330749927
    ]
  }
]