[
  {
    "label_id": "-1VmICoWcoB_bfJceFaP1w",
    "size": [
      2.127146395161812,
      4.728791380763544,
      1.9299999999999997
    ],
    "obj_class": "vehicle",
    "point_num_in_lidar": 238,
    "speed": 1.0139241292148376e-27,
    "if_vehicle": true,
    "motion_state": false,
    "pose": [
      [
        -0.5668700045875187,
        -0.8238021258525798,
        -0.002907806684920181,
        144.2612663628306
      ],
      [
        0.8234815876515882,
        -0.5665431375333598,
        -0.030115579235275337,
        26.21591255108723
      ],
      [
        0.023161880272686477,
        -0.019466143804738285,
        0.9995421934803989,
        1.4989037300816754
      ],
      [
        0.0,
        0.0,
        0.0,
        1.0
      ]
    ],
    "location": [
      144.2612663628306,
      26.21591255108723,
      1.4989037300816754
    ],
    "rotation": [
      -0.019472598020609272,
      -0.02316395172553304,
      2.173682428424939
    ]
  },
  {
    "label_id": "AMMoGKhSlSEGPf2PD4Xpfg",
    "size": [
      2.0162075982862677,
      4.406006614831272,
      1.9600000000000009
    ],
    "obj_class": "vehicle",
    "point_num_in_lidar": 2019,
    "speed": 0.012801385293521688,
    "if_vehicle": true,
    "motion_state": false,
    "pose": [
      [
        0.03288803566989721,
        0.9994548122701991,
        -0.002907806684920181,
        121.69905297922514
      ],
      [
        -0.9990085823126168,
        0.03278573398689238,
        -0.030115579235275337,
        -12.179101326956015
      ],
      [
        -0.030003826014543315,
        0.0038953660780506115,
        0.9995421934803989,
        1.4574436699395115
      ],
      [
        0.0,
        0.0,
        0.0,
        1.0
      ]
    ],
    "location": [
      121.69905297922514,
      -12.179101326956015,
      1.4574436699395115
    ],
    "rotation": [
      0.003897130489321951,
      0.030008329561109704,
      -1.5378875380804997
    ]
  },
  {
    "label_id": "EwA9fddg_C1qSs8iyJOVzA",
    "size": [
      1.9254944313534623,
      4.425942328900816,
      1.730000000000004
    ],
    "obj_class": "vehicle",
    "point_num_in_lidar": 92,
    "speed": 9.98124338675736e-28,
    "if_vehicle": true,
    "motion_state": false,
    "pose": [
      [
        -0.04119485914593411,
        0.9991469002305065,
        -0.002907806684920181,
        181.87182936343788
      ],
      [
        -0.998694321119842,
        -0.04126384434709768,
        -0.030115579235275337,
        -14.252490155145438
      ],
      [
        -0.030209874924009558,
        0.0016634029784487134,
        0.9995421934803989,
        1.542135590930517
      ],
      [
        0.0,
        0.0,
        0.0,
        1.0
      ]
    ],
    "location": [
      181.87182936343788,
      -14.252490155145438,
      1.542135590930517
    ],
    "rotation": [
      0.0016641633076957282,
      0.030214471918151894,
      -1.6120216730718684
    ]
  },
  {
    "label_id": "RW2QmAxPAP_bPXJYX8kMeA",
    "size": [
      0.8502261179692616,
      0.09416328307725053,
      0.7799999999999976
    ],
    "obj_class": "sign",
    "point_num_in_lidar": 23,
    "speed": 5.077034182541721e-28,
    "if_vehicle": false,
    "motion_state": false,
    "pose": [
      [
        0.990388589370782,
        0.13828227183712244,
        -0.002907806684920181,
        167.89011710608065
      ],
      [
        -0.13830686335172035,
        0.9899314438066569,
        -0.030115579235275337,
        8.241838568307116
      ],
      [
        -0.0012859214444310605,
        0.030228295658732827,
        0.9995421934803989,
        2.987443669939534
      ],
      [
        0.0,
        0.0,
        0.0,
        1.0
      ]
    ],
    "location": [
      167.89011710608065,
      8.241838568307116,
      2.987443669939534
    ],
    "rotation": [
      0.03023292607360538,
      0.00128592179882998,
      -0.13875175865176703
    ]
  },
  {
    "label_id": "SGG8Tx3sx_vmiQVnTu8wjg",
    "size": [
      1.837976798654608,
      4.114365739376918,
      1.5399999999999991
    ],
    "obj_class": "vehicle",
    "point_num_in_lidar": 106,
    "speed": 5.106554958297302e-28,
    "if_vehicle": true,
    "motion_state": false,
    "pose": [
      [
        0.9999957723212048,
        3.543316174546128e-15,
        -0.002907806684920181,
        143.86533476961677
      ],
      [
        -8.75706528447103e-05,
        0.9995464192416,
        -0.030115579235275337,
        -5.887534706580993
      ],
      [
        0.002906487759758648,
        0.03011570655480935,
        0.9995421934803989,
        1.0874436699394963
      ],
      [
        0.0,
        0.0,
        0.0,
        1.0
      ]
    ],
    "location": [
      143.86533476961677,
      -5.887534706580993,
      1.0874436699394963
    ],
    "rotation": [
      0.030120387945080786,
      -0.0029064918519496447,
      -8.757102284301609e-05
    ]
  },
  {
    "label_id": "WLPbwiUySIPQxl_EqiynAQ",
    "size": [
      1.997802009601948,
      4.796935651560262,
      1.8999999999999986
    ],
    "obj_class": "vehicle",
    "point_num_in_lidar": 837,
    "speed": 4.504120900060238e-28,
    "if_vehicle": true,
    "motion_state": false,
    "pose": [
      [
        0.0011231043190482956,
        0.9999951416366839,
        -0.002907806684920181,
        124.3751464179013
      ],
      [
        -0.9995458871918745,
        0.0010350290489187408,
        -0.030115579235275337,
        -12.411398084624352
      ],
      [
        -0.030112423258462407,
        0.002940309149770785,
        0.9995421934803989,
        1.4289146454492574
      ],
      [
        0.0,
        0.0,
        0.0,
        1.0
      ]
    ],
    "location": [
      124.3751464179013,
      -12.411398084624352,
      1.4289146454492574
    ],
    "rotation": [
      0.0029416473739968677,
      0.030116975896658696,
      -1.5696727127009398
    ]
  },
  {
    "label_id": "j22FxW4FhMBcpg9NGJB4PQ",
    "size": [
      2.3486839791897856,
      5.670598226160326,
      2.0
    ],
    "obj_class": "vehicle",
    "point_num_in_lidar": 946,
    "speed": 0.015523471648498271,
    "if_vehicle": true,
    "motion_state": false,
    "pose": [
      [
        0.9999957723212048,
        8.787809154457526e-16,
        -0.002907806684920181,
        129.2811429461758
      ],
      [
        -8.757065284204701e-05,
        0.9995464192416,
        -0.030115579235275337,
        -5.708149272135074
      ],
      [
        0.0029064877597587283,
        0.03011570655480934,
        0.9995421934803989,
        1.2904295305116271
      ],
      [
        0.0,
        0.0,
        0.0,
        1.0
      ]
    ],
    "location": [
      129.2811429461758,
      -5.708149272135074,
      1.2904295305116271
    ],
    "rotation": [
      0.030120387945080776,
      -0.002906491851949725,
      -8.757102284035278e-05
    ]
  }
]