[
  {
    "label_id": "38odIvL22Z0MtCYybAf0ug",
    "size": [
      2.0039253114192053,
      4.574756563579033,
      1.4899999999999984
    ],
    "obj_class": "vehicle",
    "point_num_in_lidar": 1005,
    "speed": 0.019138424696507127,
    "if_vehicle": true,
    "motion_state": false,
    "pose": [
      [
        0.02798852372930445,
        0.9996006232934557,
        -0.0039033896537365815,
        67.96072784566923
      ],
      [
        -0.9991165877745266,
        0.027852085571386364,
        -0.03146911760934908,
        -12.304485691061075
      ],
      [
        -0.03134783203414607,
        0.004780715496545222,
        0.9994971026401728,
        1.0750698139659143
      ],
      [
        0.0,
        0.0,
        0.0,
        1.0
      ]
    ],
    "location": [
      67.96072784566923,
      -12.304485691061075,
      1.0750698139659143
    ],
    "rotation": [
      0.004783084439454201,
      0.031352968488129726,
      -1.5427903800939395
    ]
  },
  {
    "label_id": "AMMoGKhSlSEGPf2PD4Xpfg",
    "size": [
      2.0162075982862735,
      4.406006614831272,
      1.9600000000000009
    ],
    "obj_class": "vehicle",
    "point_num_in_lidar": 83,
    "speed": 0.012801385186429932,
    "if_vehicle": true,
    "motion_state": false,
    "pose": [
      [
        0.032887924160053865,
        0.9994514235287545,
        -0.0039033896537365815,
        121.69807022598752
      ],
      [
        -0.9989680626028654,
        0.032749115047079363,
        -0.03146911760934908,
        -12.111260935479663
      ],
      [
        -0.031324021835013934,
        0.00493431555329739,
        0.9994971026401728,
        1.4574436699395115
      ],
      [
        0.0,
        0.0,
        0.0,
        1.0
      ]
    ],
    "location": [
      121.69807022598752,
      -12.111260935479663,
      1.4574436699395115
    ],
    "rotation": [
      0.004936758150181642,
      0.031329146590283505,
      -1.537886315716237
    ]
  },
  {
    "label_id": "Ca52RzCTxUn4ltSurTvTbA",
    "size": [
      2.128255231203382,
      5.199330454015684,
      1.4800000000000004
    ],
    "obj_class": "vehicle",
    "point_num_in_lidar": 477,
    "speed": 0.024646673434533098,
    "if_vehicle": true,
    "motion_state": false,
    "pose": [
      [
        0.9996874026976789,
        0.02469535253402697,
        -0.0039033896537365815,
        75.68624198511998
      ],
      [
        -0.024806109093313097,
        0.9991968532719365,
        -0.03146911760934908,
        -6.072694949982122
      ],
      [
        0.0031231137058101936,
        0.031556108357662274,
        0.9994971026401728,
        0.9415019830919427
      ],
      [
        0.0,
        0.0,
        0.0,
        1.0
      ]
    ],
    "location": [
      75.68624198511998,
      -6.072694949982122,
      0.9415019830919427
    ],
    "rotation": [
      0.03156150187915068,
      -0.0031231187828906367,
      -0.024808774858016615
    ]
  },
  {
    "label_id": "FEr3JM7oR0T8aqJz63i43Q",
    "size": [
      2.038096731339669,
      4.560816548605839,
      1.5899999999999999
    ],
    "obj_class": "vehicle",
    "point_num_in_lidar": 241,
    "speed": 0.011209332858737119,
    "if_vehicle": true,
    "motion_state": false,
    "pose": [
      [
        0.003945592822419542,
        0.9999845978046314,
        -0.0039033896537365815,
        81.55909832152201
      ],
      [
        -0.9994974216455462,
        0.003820832473991186,
        -0.03146911760934908,
        -12.462479516245367
      ],
      [
        -0.03145371871790395,
        0.004025592219154938,
        0.9994971026401728,
        1.2000658480209836
      ],
      [
        0.0,
        0.0,
        0.0,
        1.0
      ]
    ],
    "location": [
      81.55909832152201,
      -12.462479516245367,
      1.2000658480209836
    ],
    "rotation": [
      0.004027595919398887,
      0.0314589074131686,
      -1.5668487705111454
    ]
  },
  {
    "label_id": "M5Fx0WBOWO1HtKS5wKh_jA",
    "size": [
      0.8604714269215694,
      0.10561184832007042,
      0.4800000000000004
    ],
    "obj_class": "sign",
    "point_num_in_lidar": 36,
    "speed": 0.030263727419305275,
    "if_vehicle": false,
    "motion_state": false,
    "pose": [
      [
        -0.9982580466183374,
        0.058869651867090964,
        -0.0039033896537365815,
        92.00947317214423
      ],
      [
        -0.058718318880263444,
        -0.997778459210643,
        -0.03146911760934908,
        -9.478140651725141
      ],
      [
        -0.005747294112630973,
        -0.03118509939510951,
        0.9994971026401728,
        2.574968771468754
      ],
      [
        0.0,
        0.0,
        0.0,
        1.0
      ]
    ],
    "location": [
      92.00947317214423,
      -9.478140651725141,
      2.574968771468754
    ],
    "rotation": [
      -0.03119067155447144,
      0.0057473257532864655,
      -3.08283956887196
    ]
  },
  {
    "label_id": "SgPFG9R2hUCAIZFh4-Dd9Q",
    "size": [
      0.8537802417570161,
      0.11718955507149076,
      0.7899999999999991
    ],
    "obj_class": "sign",
    "point_num_in_lidar": 49,
    "speed": 0.030511068973029527,
    "if_vehicle": false,
    "motion_state": false,
    "pose": [
      [
        -0.9982580466183832,
        0.058869651866313835,
        -0.0039033896537365815,
        92.01074595670889
      ],
      [
        -0.05871831887948669,
        -0.9977784592106888,
        -0.03146911760934908,
        -9.478103424875599
      ],
      [
        -0.005747294112606696,
        -0.031185099395113984,
        0.9994971026401728,
        3.246087076632616
      ],
      [
        0.0,
        0.0,
        0.0,
        1.0
      ]
    ],
    "location": [
      92.01074595670889,
      -9.478103424875599,
      3.246087076632616
    ],
    "rotation": [
      -0.031190671554475916,
      0.005747325753262187,
      -3.0828395688727386
    ]
  },
  {
    "label_id": "W3ShHEw41o8JrHfm2znkIA",
    "size": [
      0.9363758103944839,
      0.13894249178341794,
      0.6500000000000021
    ],
    "obj_class": "sign",
    "point_num_in_lidar": 244,
    "speed": 0.010566676748966221,
    "if_vehicle": false,
    "motion_state": false,
    "pose": [
      [
        0.6273545633119083,
        0.7787239661400798,
        -0.0039033896537365815,
        51.73083011183962
      ],
      [
        -0.778421270159081,
        0.6269529653816244,
        -0.03146911760934908,
        9.542861055996468
      ],
      [
        -0.02205851435723084,
        0.022780776067811717,
        0.9994971026401728,
        1.4260849869757841
      ],
      [
        0.0,
        0.0,
        0.0,
        1.0
      ]
    ],
    "location": [
      51.73083011183962,
      9.542861055996468,
      1.4260849869757841
    ],
    "rotation": [
      0.022788292703460302,
      0.02206030361387213,
      -0.8924488006328277
    ]
  },
  {
    "label_id": "_ikzgks2pSolSP8hNGVGXA",
    "size": [
      0.3636703336484847,
      0.05772258762729835,
      0.5899999999999999
    ],
    "obj_class": "sign",
    "point_num_in_lidar": 22,
    "speed": 0.02130591439524389,
    "if_vehicle": false,
    "motion_state": false,
    "pose": [
      [
        0.47624533399436064,
        0.8793037844782716,
        -0.0039033896537365815,
        44.809136703360764
      ],
      [
        -0.8789334769337123,
        0.47590507221724865,
        -0.03146911760934908,
        28.45366498994315
      ],
      [
        -0.0258132712730389,
        0.01841784026655804,
        0.9994971026401728,
        2.145983744403498
      ],
      [
        0.0,
        0.0,
        0.0,
        1.0
      ]
    ],
    "location": [
      44.809136703360764,
      28.45366498994315,
      2.145983744403498
    ],
    "rotation": [
      0.018425021942671312,
      0.025816138804158072,
      -1.0742360350293185
    ]
  },
  {
    "label_id": "k7TgZ4tn0aIevBQMvdmpAg",
    "size": [
      0.5858058806679682,
      0.13929406749003623,
      0.7699999999999996
    ],
    "obj_class": "sign",
    "point_num_in_lidar": 102,
    "speed": 0.061754651118946395,
    "if_vehicle": false,
    "motion_state": false,
    "pose": [
      [
        -0.31723871235663237,
        0.9483376840195252,
        -0.0039033896537365815,
        46.851022811933035
      ],
      [
        -0.947836240755416,
        -0.3172004970795764,
        -0.03146911760934908,
        10.975630357376758
      ],
      [
        -0.031081507250248684,
        -0.006283448173788062,
        0.9994971026401728,
        1.1891848247785397
      ],
      [
        0.0,
        0.0,
        0.0,
        1.0
      ]
    ],
    "location": [
      46.851022811933035,
      10.975630357376758,
      1.1891848247785397
    ],
    "rotation": [
      -0.006286526876501337,
      0.03108651386102716,
      -1.8937744055179742
    ]
  },
  {
    "label_id": "tLQ1nHpR_fLTXR_63irR6g",
    "size": [
      0.8327746811815334,
      0.11802681416779148,
      0.6999999999999993
    ],
    "obj_class": "sign",
    "point_num_in_lidar": 22,
    "speed": 0.025647895370614633,
    "if_vehicle": false,
    "motion_state": false,
    "pose": [
      [
        0.9937822640623397,
        0.11127252663771618,
        -0.0039033896537365815,
        94.17737156161775
      ],
      [
        -0.11134033687427111,
        0.9932839594102046,
        -0.03146911760934908,
        10.153572670921676
      ],
      [
        0.0003755261029325791,
        0.03170805566486155,
        0.9994971026401728,
        3.447443669939549
      ],
      [
        0.0,
        0.0,
        0.0,
        1.0
      ]
    ],
    "location": [
      94.17737156161775,
      10.153572670921676,
      3.447443669939549
    ],
    "rotation": [
      0.031713373524410164,
      -0.0003755261117586857,
      -0.11157167919172319
    ]
  },
  {
    "label_id": "uBAQ5rJrLseQ6jUd67mxvg",
    "size": [
      0.7415531203670565,
      0.1004198578166354,
      0.5000000000000036
    ],
    "obj_class": "sign",
    "point_num_in_lidar": 24,
    "speed": 0.023657217524504608,
    "if_vehicle": false,
    "motion_state": false,
    "pose": [
      [
        0.9996475151834597,
        -0.02626040625629497,
        -0.0039033896537365815,
        52.370503041235224
      ],
      [
        0.02612480508644453,
        0.9991632445181741,
        -0.03146911760934908,
        9.8529796887928
      ],
      [
        0.004726515283994747,
        0.031356049929321554,
        0.9994971026401728,
        0.7890530938317575
      ],
      [
        0.0,
        0.0,
        0.0,
        1.0
      ]
    ],
    "location": [
      52.370503041235224,
      9.8529796887928,
      0.7890530938317575
    ],
    "rotation": [
      0.03136154084957565,
      -0.004726532882521608,
      0.026128069637683216
    ]
  },
  {
    "label_id": "wdE7tOuOPlm7eON-_MBmNg",
    "size": [
      0.3484905041334522,
      0.056366310338901826,
      0.6099999999999994
    ],
    "obj_class": "sign",
    "point_num_in_lidar": 22,
    "speed": 0.022031665915449937,
    "if_vehicle": false,
    "motion_state": false,
    "pose": [
      [
        0.4762453339931947,
        0.8793037844789033,
        -0.0039033896537365815,
        39.340152994518576
      ],
      [
        -0.8789334769343434,
        0.47590507221608314,
        -0.03146911760934908,
        28.345366805492063
      ],
      [
        -0.025813271273063328,
        0.01841784026652381,
        0.9994971026401728,
        2.112384205759934
      ],
      [
        0.0,
        0.0,
        0.0,
        1.0
      ]
    ],
    "location": [
      39.340152994518576,
      28.345366805492063,
      2.112384205759934
    ],
    "rotation": [
      0.018425021942637076,
      0.025816138804182508,
      -1.0742360350306448
    ]
  }
]