[
  {
    "label_id": "38odIvL22Z0MtCYybAf0ug",
    "size": [
      2.0039253114192044,
      4.574756563579033,
      1.4899999999999984
    ],
    "obj_class": "vehicle",
    "point_num_in_lidar": 158,
    "speed": 0.019138425016953467,
    "if_vehicle": true,
    "motion_state": false,
    "pose": [
      [
        0.027988668368305106,
        0.9996057890263401,
        -0.002213817516696557,
        67.99510797620087
      ],
      [
        -0.9991449359077635,
        0.02790820642290056,
        -0.030504574478721447,
        -12.256139626730373
      ],
      [
        -0.030430765564476506,
        0.0030657069796324633,
        0.9995321755440768,
        1.1738767578309677
      ],
      [
        0.0,
        0.0,
        0.0,
        1.0
      ]
    ],
    "location": [
      67.99510797620087,
      -12.256139626730373,
      1.1738767578309677
    ],
    "rotation": [
      0.0030671322457585764,
      0.030435464163923592,
      -1.5427910296250007
    ]
  },
  {
    "label_id": "CSAt4m_S2Ops0pk3ZVRiMQ",
    "size": [
      2.245499644070928,
      5.044614708423294,
      1.9200000000000017
    ],
    "obj_class": "vehicle",
    "point_num_in_lidar": 3712,
    "speed": 0.045623770808547646,
    "if_vehicle": true,
    "motion_state": false,
    "pose": [
      [
        0.015070744395629249,
        0.9998839791072585,
        -0.002213817516696557,
        17.271234070934042
      ],
      [
        -0.9994221248354834,
        0.01499624370299406,
        -0.030504574478721447,
        -11.816946076547083
      ],
      [
        -0.030467836363763386,
        0.002672264851401132,
        0.9995321755440768,
        1.0912996375344939
      ],
      [
        0.0,
        0.0,
        0.0,
        1.0
      ]
    ],
    "location": [
      17.271234070934042,
      -11.816946076547083,
      1.0912996375344939
    ],
    "rotation": [
      0.0026735092175872313,
      0.030472552160451794,
      -1.5557180111718463
    ]
  },
  {
    "label_id": "Ca52RzCTxUn4ltSurTvTbA",
    "size": [
      2.1282552312033816,
      5.199330454015684,
      1.4800000000000004
    ],
    "obj_class": "vehicle",
    "point_num_in_lidar": 82,
    "speed": 0.02464667384713436,
    "if_vehicle": true,
    "motion_state": false,
    "pose": [
      [
        0.9996925688790216,
        0.024695480154587418,
        -0.002213817516696557,
        75.73581031071853
      ],
      [
        -0.024751559112131224,
        0.9992281177275741,
        -0.030504574478721447,
        -6.014560211750279
      ],
      [
        0.0014587835965376335,
        0.030549991858322467,
        0.9995321755440768,
        1.055840120107284
      ],
      [
        0.0,
        0.0,
        0.0,
        1.0
      ]
    ],
    "location": [
      75.73581031071853,
      -6.014560211750279,
      1.055840120107284
    ],
    "rotation": [
      0.03055477843784073,
      -0.001458784113932099,
      -0.024754113451385725
    ]
  },
  {
    "label_id": "FEr3JM7oR0T8aqJz63i43Q",
    "size": [
      2.0380967313396807,
      4.560816548605839,
      1.5899999999999999
    ],
    "obj_class": "vehicle",
    "point_num_in_lidar": 22,
    "speed": 0.01120933276496506,
    "if_vehicle": true,
    "motion_state": false,
    "pose": [
      [
        0.003945613212443003,
        0.9999897655218182,
        -0.002213817516696557,
        81.56503869367407
      ],
      [
        -0.9995271109776284,
        0.0038762554854001375,
        -0.030504574478721447,
        -12.428245156107835
      ],
      [
        -0.030495680958026725,
        0.002333129878798572,
        0.9995321755440768,
        1.260547106387797
      ],
      [
        0.0,
        0.0,
        0.0,
        1.0
      ]
    ],
    "location": [
      81.56503869367407,
      -12.428245156107835,
      1.260547106387797
    ],
    "rotation": [
      0.002334217645488317,
      0.030500409699467223,
      -1.5668488673663332
    ]
  },
  {
    "label_id": "hl1qkhTZcPl-qsRTJjKUIA",
    "size": [
      2.391021956929827,
      5.194751274041504,
      2.049999999999997
    ],
    "obj_class": "vehicle",
    "point_num_in_lidar": 950,
    "speed": 0.02051891352717657,
    "if_vehicle": true,
    "motion_state": false,
    "pose": [
      [
        0.022656826279545038,
        -0.9997408500381194,
        -0.002213817516696557,
        44.52656330084483
      ],
      [
        0.9992765142102347,
        0.022713852242953896,
        -0.030504574478721447,
        -12.354100328208915
      ],
      [
        0.030546953543375208,
        -0.0015210790064862584,
        0.9995321755440768,
        1.3233135195584609
      ],
      [
        0.0,
        0.0,
        0.0,
        1.0
      ]
    ],
    "location": [
      44.52656330084483,
      -12.354100328208915,
      1.3233135195584609
    ],
    "rotation": [
      -0.0015217897627599313,
      -0.030551706183028562,
      1.548126980807298
    ]
  },
  {
    "label_id": "k7TgZ4tn0aIevBQMvdmpAg",
    "size": [
      0.5858058806679682,
      0.13929406749003623,
      0.7699999999999996
    ],
    "obj_class": "sign",
    "point_num_in_lidar": 26,
    "speed": 0.033624041424639296,
    "if_vehicle": false,
    "motion_state": false,
    "pose": [
      [
        -0.3172403517818132,
        0.9483425848359623,
        -0.002213817516696557,
        46.87385078000989
      ],
      [
        -0.9478821488049469,
        -0.31715753642754374,
        -0.030504574478721447,
        11.0382994439301
      ],
      [
        -0.029630915920167446,
        -0.007578843833795748,
        0.9995321755440768,
        1.153021156355443
      ],
      [
        0.0,
        0.0,
        0.0,
        1.0
      ]
    ],
    "location": [
      46.87385078000989,
      11.0382994439301,
      1.153021156355443
    ],
    "rotation": [
      -0.007582245756185377,
      0.02963525358130909,
      -1.8937613836075062
    ]
  },
  {
    "label_id": "l-jJ7lYGntCGu8gQoOIFLg",
    "size": [
      0.5274899140867574,
      0.09909467652414622,
      0.5023838834575649
    ],
    "obj_class": "sign",
    "point_num_in_lidar": 28,
    "speed": 0.020571085378668707,
    "if_vehicle": false,
    "motion_state": false,
    "pose": [
      [
        0.9948586771168353,
        0.10124876086818692,
        -0.002213817516696557,
        32.60121695085854
      ],
      [
        -0.10126907490000024,
        0.9943912939103853,
        -0.030504574478721447,
        9.85917763676548
      ],
      [
        -0.0008871495018725005,
        0.03057193186382607,
        0.9995321755440768,
        2.446108837625612
      ],
      [
        0.0,
        0.0,
        0.0,
        1.0
      ]
    ],
    "location": [
      32.60121695085854,
      9.85917763676548,
      2.446108837625612
    ],
    "rotation": [
      0.03057670821123852,
      0.000887149618242047,
      -0.1014430115906779
    ]
  }
]