[
  {
    "label_id": "2l37eBY1F_iWZj9LEEAT1g",
    "size": [
      0.8673556231018453,
      0.1312011474709614,
      0.8874413115178221
    ],
    "obj_class": "sign",
    "point_num_in_lidar": 98,
    "speed": 0.026940705557626912,
    "if_vehicle": false,
    "motion_state": false,
    "pose": [
      [
        -0.9991958619309894,
        0.040029011418858465,
        -0.0023038543391387606,
        11.182762231063862
      ],
      [
        -0.0399368699055685,
        -0.9987067121503506,
        -0.03146346338187304,
        -9.131364985695825
      ],
      [
        -0.003560326127304421,
        -0.03134615368216118,
        0.9995022474848175,
        2.5946174866766754
      ],
      [
        0.0,
        0.0,
        0.0,
        1.0
      ]
    ],
    "location": [
      11.182762231063862,
      -9.131364985695825,
      2.5946174866766754
    ],
    "rotation": [
      -0.0313514880812028,
      0.003560333649083453,
      -3.1016449064923055
    ]
  },
  {
    "label_id": "38odIvL22Z0MtCYybAf0ug",
    "size": [
      2.0039253114192066,
      4.574756563579033,
      1.4899999999999984
    ],
    "obj_class": "vehicle",
    "point_num_in_lidar": 127,
    "speed": 0.019138424697003515,
    "if_vehicle": true,
    "motion_state": false,
    "pose": [
      [
        0.027988662675989925,
        0.9996055857270876,
        -0.0023038543391387606,
        67.99954487171453
      ],
      [
        -0.9991153614027961,
        0.02790242070103926,
        -0.03146346338187304,
        -12.249900370723878
      ],
      [
        -0.0313867706298354,
        0.0031824365238816285,
        0.9995022474848175,
        1.1866281953373274
      ],
      [
        0.0,
        0.0,
        0.0,
        1.0
      ]
    ],
    "location": [
      67.99954487171453,
      -12.249900370723878,
      1.1866281953373274
    ],
    "rotation": [
      0.0031840106187354016,
      0.03139192625395891,
      -1.5427902067751373
    ]
  },
  {
    "label_id": "CSAt4m_S2Ops0pk3ZVRiMQ",
    "size": [
      2.2454996440709274,
      5.044614708423294,
      1.9199999999999982
    ],
    "obj_class": "vehicle",
    "point_num_in_lidar": 4481,
    "speed": 0.045623770426885556,
    "if_vehicle": true,
    "motion_state": false,
    "pose": [
      [
        0.01507074133054894,
        0.9998837757514278,
        -0.0023038543391387606,
        17.276485636089546
      ],
      [
        -0.9993924780437952,
        0.01499084058684035,
        -0.03146346338187304,
        -11.799466929905918
      ],
      [
        -0.03142526985135067,
        0.002776632415035243,
        0.9995022474848175,
        1.0965623067836212
      ],
      [
        0.0,
        0.0,
        0.0,
        1.0
      ]
    ],
    "location": [
      17.276485636089546,
      -11.799466929905918,
      1.0965623067836212
    ],
    "rotation": [
      0.0027780080327888083,
      0.031430444476158184,
      -1.555717567010465
    ]
  },
  {
    "label_id": "Ca52RzCTxUn4ltSurTvTbA",
    "size": [
      2.128255231203381,
      5.199330454015684,
      1.4800000000000004
    ],
    "obj_class": "vehicle",
    "point_num_in_lidar": 62,
    "speed": 0.02464667343531561,
    "if_vehicle": true,
    "motion_state": false,
    "pose": [
      [
        0.9996923655621199,
        0.024695475132031776,
        -0.0023038543391387606,
        75.74220730450679
      ],
      [
        -0.024755779231596435,
        0.9991982795554915,
        -0.03146346338187304,
        -6.007057687610654
      ],
      [
        0.0015250021144992652,
        0.03151081784640326,
        0.9995022474848175,
        1.07059592118474
      ],
      [
        0.0,
        0.0,
        0.0,
        1.0
      ]
    ],
    "location": [
      75.74220730450679,
      -6.007057687610654,
      1.07059592118474
    ],
    "rotation": [
      0.031516071518691825,
      -0.001525002705598697,
      -0.02475833731527107
    ]
  },
  {
    "label_id": "hl1qkhTZcPl-qsRTJjKUIA",
    "size": [
      2.39102195692983,
      5.194751274041504,
      2.0500000000000007
    ],
    "obj_class": "vehicle",
    "point_num_in_lidar": 750,
    "speed": 0.020518913355484485,
    "if_vehicle": true,
    "motion_state": false,
    "pose": [
      [
        0.022656821671612308,
        -0.9997406467113983,
        -0.0023038543391387606,
        44.53130004541208
      ],
      [
        0.9992466847059843,
        0.02271813320052641,
        -0.03146346338187304,
        -12.347396710122325
      ],
      [
        0.031507642498925306,
        -0.0015892567314155016,
        0.9995022474848175,
        1.3304950067737664
      ],
      [
        0.0,
        0.0,
        0.0,
        1.0
      ]
    ],
    "location": [
      44.53130004541208,
      -12.347396710122325,
      1.3304950067737664
    ],
    "rotation": [
      -0.0015900468418845227,
      -0.03151285793420336,
      1.5481263089230275
    ]
  },
  {
    "label_id": "jX-x7_QCYCyQJYz9-bsD4A",
    "size": [
      2.495245290657093,
      5.894180782425041,
      2.1799999999999997
    ],
    "obj_class": "vehicle",
    "point_num_in_lidar": 9282,
    "speed": 0.019334502086212284,
    "if_vehicle": true,
    "motion_state": false,
    "pose": [
      [
        0.9993122347102142,
        -0.037010131229998314,
        -0.0023038543391387606,
        8.321653723410236
      ],
      [
        0.03691946792077447,
        0.9988228087906605,
        -0.03146346338187304,
        -6.305990710168828
      ],
      [
        0.0034656091707764955,
        0.03135676682749457,
        0.9995022474848175,
        1.0148185466606776
      ],
      [
        0.0,
        0.0,
        0.0,
        1.0
      ]
    ],
    "location": [
      8.321653723410236,
      -6.305990710168828,
      1.0148185466606776
    ],
    "rotation": [
      0.031362096074753015,
      -0.0034656161080664906,
      0.036928082094657026
    ]
  },
  {
    "label_id": "k7TgZ4tn0aIevBQMvdmpAg",
    "size": [
      0.5858058806679739,
      0.13929406749003623,
      0.7699999999999996
    ],
    "obj_class": "sign",
    "point_num_in_lidar": 24,
    "speed": 0.039136529445970424,
    "if_vehicle": false,
    "motion_state": false,
    "pose": [
      [
        -0.31724028726166076,
        0.9483423919625881,
        -0.0023038543391387606,
        46.880523889227334
      ],
      [
        -0.9478523872385559,
        -0.3171528061963008,
        -0.03146346338187304,
        11.052464829061194
      ],
      [
        -0.030568809991718154,
        -0.007797764326309566,
        0.9995022474848175,
        1.1483540880314962
      ],
      [
        0.0,
        0.0,
        0.0,
        1.0
      ]
    ],
    "location": [
      46.880523889227334,
      11.052464829061194,
      1.1483540880314962
    ],
    "rotation": [
      -0.007801489337551077,
      0.03057357284312658,
      -1.8937707725282442
    ]
  },
  {
    "label_id": "l-jJ7lYGntCGu8gQoOIFLg",
    "size": [
      0.527489914086759,
      0.09909467652414622,
      0.5023838834575649
    ],
    "obj_class": "sign",
    "point_num_in_lidar": 26,
    "speed": 0.01220757466351809,
    "if_vehicle": false,
    "motion_state": false,
    "pose": [
      [
        0.9948584747830475,
        0.10124874027627426,
        -0.0023038543391387606,
        32.60255349688532
      ],
      [
        -0.10127099552342578,
        0.9943612200491891,
        -0.03146346338187304,
        9.862936929054513
      ],
      [
        -0.000894772620661692,
        0.03153500681394802,
        0.9995022474848175,
        2.4449659494219382
      ],
      [
        0.0,
        0.0,
        0.0,
        1.0
      ]
    ],
    "location": [
      32.60255349688532,
      9.862936929054513,
      2.4449659494219382
    ],
    "rotation": [
      0.03154024848391112,
      0.0008947727400569191,
      -0.10144494283124685
    ]
  }
]