[
  {
    "label_id": "38odIvL22Z0MtCYybAf0ug",
    "size": [
      2.0039253114192013,
      4.574756563579033,
      1.4899999999999984
    ],
    "obj_class": "vehicle",
    "point_num_in_lidar": 423,
    "speed": 0.019138425017353026,
    "if_vehicle": true,
    "motion_state": false,
    "pose": [
      [
        0.02798871394689568,
        0.9996074168501686,
        -0.0012822128263136829,
        67.97292845684251
      ],
      [
        -0.9991117886543364,
        0.02793436878652642,
        -0.03154845182304732,
        -12.287328934425943
      ],
      [
        -0.031500248626505266,
        0.0021640745438764866,
        0.9995014012585659,
        1.1101338199656468
      ],
      [
        0.0,
        0.0,
        0.0,
        1.0
      ]
    ],
    "location": [
      67.97292845684251,
      -12.287328934425943,
      1.1101338199656468
    ],
    "rotation": [
      0.002165150703652448,
      0.03150546038984582,
      -1.5427900554034755
    ]
  },
  {
    "label_id": "Ca52RzCTxUn4ltSurTvTbA",
    "size": [
      2.128255231203381,
      5.199330454015684,
      1.4800000000000004
    ],
    "obj_class": "vehicle",
    "point_num_in_lidar": 222,
    "speed": 0.024646673847080292,
    "if_vehicle": true,
    "motion_state": false,
    "pose": [
      [
        0.9996941968441683,
        0.0246955203703316,
        -0.0012822128263136829,
        75.70383249038377
      ],
      [
        -0.02472368732170259,
        0.9991963943453696,
        -0.03154845182304732,
        -6.052064448415933
      ],
      [
        0.0005020769981875274,
        0.03157050523591588,
        0.9995014012585659,
        0.9820776042525345
      ],
      [
        0.0,
        0.0,
        0.0,
        1.0
      ]
    ],
    "location": [
      75.70383249038377,
      -6.052064448415933,
      0.9820776042525345
    ],
    "rotation": [
      0.03157575594089757,
      -0.000502077019281568,
      -0.02472620990172662
    ]
  },
  {
    "label_id": "FEr3JM7oR0T8aqJz63i43Q",
    "size": [
      2.038096731339672,
      4.560816548605839,
      1.5899999999999999
    ],
    "obj_class": "vehicle",
    "point_num_in_lidar": 116,
    "speed": 0.011209332765054012,
    "if_vehicle": true,
    "motion_state": false,
    "pose": [
      [
        0.00394561963773638,
        0.9999913939709393,
        -0.0012822128263136829,
        81.56120640458494
      ],
      [
        -0.9994946023668168,
        0.003903207292447564,
        -0.03154845182304732,
        -12.450330635181956
      ],
      [
        -0.031543175573699976,
        0.0014060429900392224,
        0.9995014012585659,
        1.2215290683503355
      ],
      [
        0.0,
        0.0,
        0.0,
        1.0
      ]
    ],
    "location": [
      81.56120640458494,
      -12.450330635181956,
      1.2215290683503355
    ],
    "rotation": [
      0.0014067434630737504,
      0.03154840867945069,
      -1.566848732547914
    ]
  },
  {
    "label_id": "M5Fx0WBOWO1HtKS5wKh_jA",
    "size": [
      0.8604714269215695,
      0.10561184832007042,
      0.4800000000000004
    ],
    "obj_class": "sign",
    "point_num_in_lidar": 20,
    "speed": 0.02986549399337412,
    "if_vehicle": false,
    "motion_state": false,
    "pose": [
      [
        -0.9982648310505354,
        0.05887005196119846,
        -0.0012822128263136829,
        92.00589553258533
      ],
      [
        -0.058800414460544875,
        -0.9977711192687615,
        -0.03154845182304732,
        -9.44548357463259
      ],
      [
        -0.0031366139249699274,
        -0.031418315283426416,
        0.9995014012585659,
        2.5749687714687433
      ],
      [
        0.0,
        0.0,
        0.0,
        1.0
      ]
    ],
    "location": [
      92.00589553258533,
      -9.44548357463259,
      2.5749687714687433
    ],
    "rotation": [
      -0.03142364110208658,
      0.003136619068175353,
      -3.0827580129205687
    ]
  },
  {
    "label_id": "SgPFG9R2hUCAIZFh4-Dd9Q",
    "size": [
      0.8537802417570155,
      0.11718955507149076,
      0.7899999999999991
    ],
    "obj_class": "sign",
    "point_num_in_lidar": 26,
    "speed": 0.030092967367772158,
    "if_vehicle": false,
    "motion_state": false,
    "pose": [
      [
        -0.9982648310505812,
        0.05887005196042132,
        -0.0012822128263136829,
        92.00602809775137
      ],
      [
        -0.05880041445976812,
        -0.9977711192688071,
        -0.03154845182304732,
        -9.445338664092674
      ],
      [
        -0.0031366139249454686,
        -0.03141831528342886,
        0.9995014012585659,
        3.246087076632609
      ],
      [
        0.0,
        0.0,
        0.0,
        1.0
      ]
    ],
    "location": [
      92.00602809775137,
      -9.445338664092674,
      3.246087076632609
    ],
    "rotation": [
      -0.03142364110208901,
      0.003136619068150894,
      -3.0827580129213468
    ]
  },
  {
    "label_id": "W3ShHEw41o8JrHfm2znkIA",
    "size": [
      0.9363758103944843,
      0.13894249178341794,
      0.6500000000000021
    ],
    "obj_class": "sign",
    "point_num_in_lidar": 29,
    "speed": 0.025133001310180807,
    "if_vehicle": false,
    "motion_state": false,
    "pose": [
      [
        0.6273588269835172,
        0.778729258559182,
        -0.0012822128263136829,
        51.7415162327934
      ],
      [
        -0.7783676426339814,
        0.627015556495999,
        -0.03154845182304732,
        9.565609520926387
      ],
      [
        -0.023763735108014335,
        0.02079023270382581,
        0.9995014012585659,
        1.4513434571196058
      ],
      [
        0.0,
        0.0,
        0.0,
        1.0
      ]
    ],
    "location": [
      51.7415162327934,
      9.565609520926387,
      1.4513434571196058
    ],
    "rotation": [
      0.020797604738666778,
      0.023765972299946418,
      -0.8924118187881511
    ]
  },
  {
    "label_id": "hl1qkhTZcPl-qsRTJjKUIA",
    "size": [
      2.3910219569298254,
      5.194751274041504,
      2.0500000000000007
    ],
    "obj_class": "vehicle",
    "point_num_in_lidar": 4195,
    "speed": 0.024740728434573037,
    "if_vehicle": true,
    "motion_state": false,
    "pose": [
      [
        0.022656863175412018,
        -0.9997424780818902,
        -0.0012822128263136829,
        44.50288487129728
      ],
      [
        0.9992447340570145,
        0.022686045201733274,
        -0.03154845182304732,
        -12.387610927383207
      ],
      [
        0.03156941574335645,
        -0.000566455458283448,
        0.9995014012585659,
        1.2874141087573605
      ],
      [
        0.0,
        0.0,
        0.0,
        1.0
      ]
    ],
    "location": [
      44.50288487129728,
      -12.387610927383207,
      1.2874141087573605
    ],
    "rotation": [
      -0.0005667379724762724,
      -0.03157466192385139,
      1.5481262231696902
    ]
  },
  {
    "label_id": "k7TgZ4tn0aIevBQMvdmpAg",
    "size": [
      0.5858058806679688,
      0.13929406749003623,
      0.7699999999999996
    ],
    "obj_class": "sign",
    "point_num_in_lidar": 98,
    "speed": 0.011110363141783939,
    "if_vehicle": false,
    "motion_state": false,
    "pose": [
      [
        -0.31724086839688376,
        0.9483441291794129,
        -0.0012822128263136829,
        46.86551084912617
      ],
      [
        -0.947860011364569,
        -0.31712157612424896,
        -0.03154845182304732,
        11.020595802482546
      ],
      [
        -0.030325406423493798,
        -0.008793099988799298,
        0.9995014012585659,
        1.1763512825500477
      ],
      [
        0.0,
        0.0,
        0.0,
        1.0
      ]
    ],
    "location": [
      46.86551084912617,
      11.020595802482546,
      1.1763512825500477
    ],
    "rotation": [
      -0.008797259452251242,
      0.030330056375030758,
      -1.8937689029455458
    ]
  },
  {
    "label_id": "uBAQ5rJrLseQ6jUd67mxvg",
    "size": [
      0.7415531203670576,
      0.1004198578166354,
      0.5000000000000036
    ],
    "obj_class": "sign",
    "point_num_in_lidar": 56,
    "speed": 0.023657217326632986,
    "if_vehicle": false,
    "motion_state": false,
    "pose": [
      [
        0.9996543090588624,
        -0.026260584729138885,
        -0.0012822128263136829,
        52.382728969181244
      ],
      [
        0.026207096475190875,
        0.9991585876535861,
        -0.03154845182304732,
        9.875952221455577
      ],
      [
        0.0021096147487831827,
        0.031503942733804254,
        0.9995014012585659,
        0.7898132685512422
      ],
      [
        0.0,
        0.0,
        0.0,
        1.0
      ]
    ],
    "location": [
      52.382728969181244,
      9.875952221455577,
      0.7898132685512422
    ],
    "rotation": [
      0.03150922647028723,
      -0.0021096163135840514,
      0.02621015563094845
    ]
  },
  {
    "label_id": "wdE7tOuOPlm7eON-_MBmNg",
    "size": [
      0.3484905041334506,
      0.056366310338901826,
      0.6099999999999994
    ],
    "obj_class": "sign",
    "point_num_in_lidar": 21,
    "speed": 0.022832087285183753,
    "if_vehicle": false,
    "motion_state": false,
    "pose": [
      [
        0.4762485706855572,
        0.8793097604656915,
        -0.0012822128263136829,
        39.34141912546875
      ],
      [
        -0.8788920478116242,
        0.4759763265972988,
        -0.03154845182304732,
        28.369456521396444
      ],
      [
        -0.027130558664602424,
        0.016151831744717612,
        0.9995014012585659,
        2.110938599079379
      ],
      [
        0.0,
        0.0,
        0.0,
        1.0
      ]
    ],
    "location": [
      39.34141912546875,
      28.369456521396444,
      2.110938599079379
    ],
    "rotation": [
      0.016158482590097833,
      0.02713388808664493,
      -1.0742134439261766
    ]
  }
]