[
  {
    "label_id": "38odIvL22Z0MtCYybAf0ug",
    "size": [
      2.0039253114192044,
      4.574756563579033,
      1.4899999999999984
    ],
    "obj_class": "vehicle",
    "point_num_in_lidar": 2159,
    "speed": 0.03351786060417885,
    "if_vehicle": true,
    "motion_state": false,
    "pose": [
      [
        0.02798842830191375,
        0.999597215136613,
        -0.004696314759108897,
        67.93919794060594
      ],
      [
        -0.9992272803949045,
        0.027847755775128668,
        -0.02773706208112354,
        -12.343275756844605
      ],
      [
        -0.02759510818590764,
        0.00546900259798609,
        0.9996042216871592,
        1.0498103010876498
      ],
      [
        0.0,
        0.0,
        0.0,
        1.0
      ]
    ],
    "location": [
      67.93919794060594,
      -12.343275756844605,
      1.0498103010876498
    ],
    "rotation": [
      0.005471113377865582,
      0.027598611619699925,
      -1.5427935763474954
    ]
  },
  {
    "label_id": "AMMoGKhSlSEGPf2PD4Xpfg",
    "size": [
      2.016207598286261,
      4.406006614831272,
      1.9600000000000009
    ],
    "obj_class": "vehicle",
    "point_num_in_lidar": 202,
    "speed": 0.012801385186431992,
    "if_vehicle": true,
    "motion_state": false,
    "pose": [
      [
        0.032887812028067745,
        0.9994480158806109,
        -0.004696314759108897,
        121.69842253957631
      ],
      [
        -0.9990787751167887,
        0.03274532788422349,
        -0.02773706208112354,
        -12.135581477905134
      ],
      [
        -0.02756796929670171,
        0.005604199681028249,
        0.9996042216871592,
        1.4574436699395008
      ],
      [
        0.0,
        0.0,
        0.0,
        1.0
      ]
    ],
    "location": [
      121.69842253957631,
      -12.135581477905134,
      1.4574436699395008
    ],
    "rotation": [
      0.005606359840838522,
      0.02757146240176302,
      -1.5378900721075848
    ]
  },
  {
    "label_id": "Ca52RzCTxUn4ltSurTvTbA",
    "size": [
      2.128255231203381,
      5.199330454015684,
      1.4800000000000004
    ],
    "obj_class": "vehicle",
    "point_num_in_lidar": 6103,
    "speed": 0.0716873854952442,
    "if_vehicle": true,
    "motion_state": false,
    "pose": [
      [
        0.9996839942449602,
        0.024695268334763355,
        -0.004696314759108897,
        75.7135051303303
      ],
      [
        -0.024816262625530834,
        0.9993071642375075,
        -0.02773706208112354,
        -6.095645920221784
      ],
      [
        0.004008086793380529,
        0.02784484199031221,
        0.9996042216871592,
        0.9036785216653058
      ],
      [
        0.0,
        0.0,
        0.0,
        1.0
      ]
    ],
    "location": [
      75.7135051303303,
      -6.095645920221784,
      0.9036785216653058
    ],
    "rotation": [
      0.027848665177242018,
      -0.004008097524950003,
      -0.024819009898844988
    ]
  },
  {
    "label_id": "FEr3JM7oR0T8aqJz63i43Q",
    "size": [
      2.0380967313396656,
      4.560816548605839,
      1.5899999999999999
    ],
    "obj_class": "vehicle",
    "point_num_in_lidar": 1296,
    "speed": 0.01120933276504526,
    "if_vehicle": true,
    "motion_state": false,
    "pose": [
      [
        0.003945579369848052,
        0.9999811883386206,
        -0.004696314759108897,
        81.55545706421344
      ],
      [
        -0.9996079781561137,
        0.0038138423872339264,
        -0.02773706208112354,
        -12.483464079310068
      ],
      [
        -0.027718629296611924,
        0.004803912481065036,
        0.9996042216871592,
        1.1629927794623747
      ],
      [
        0.0,
        0.0,
        0.0,
        1.0
      ]
    ],
    "location": [
      81.55545706421344,
      -12.483464079310068,
      1.1629927794623747
    ],
    "rotation": [
      0.004805777520610732,
      0.027722179998397548,
      -1.5668492205634523
    ]
  },
  {
    "label_id": "M5Fx0WBOWO1HtKS5wKh_jA",
    "size": [
      0.8604714269215689,
      0.10561184832007042,
      0.4800000000000004
    ],
    "obj_class": "sign",
    "point_num_in_lidar": 96,
    "speed": 0.03213019863684806,
    "if_vehicle": false,
    "motion_state": false,
    "pose": [
      [
        -0.9982546430390347,
        0.05886945114992226,
        -0.004696314759108897,
        92.06001572120977
      ],
      [
        -0.058717412311875494,
        -0.9978892327701033,
        -0.02773706208112354,
        -9.530361670734578
      ],
      [
        -0.006319267553041153,
        -0.027412895556686575,
        0.9996042216871592,
        2.517323866020618
      ],
      [
        0.0,
        0.0,
        0.0,
        1.0
      ]
    ],
    "location": [
      92.06001572120977,
      -9.530361670734578,
      2.517323866020618
    ],
    "rotation": [
      -0.02741687759560026,
      0.006319309611832134,
      -3.0828402740344196
    ]
  },
  {
    "label_id": "SgPFG9R2hUCAIZFh4-Dd9Q",
    "size": [
      0.8537802417570157,
      0.11718955507149076,
      0.7899999999999991
    ],
    "obj_class": "sign",
    "point_num_in_lidar": 106,
    "speed": 0.039127346569442605,
    "if_vehicle": false,
    "motion_state": false,
    "pose": [
      [
        -0.9982546430390803,
        0.058869451149148225,
        -0.004696314759108897,
        92.06091813542162
      ],
      [
        -0.05871741231110175,
        -0.9978892327701488,
        -0.02773706208112354,
        -9.529881155194744
      ],
      [
        -0.006319267553019896,
        -0.027412895556691477,
        0.9996042216871592,
        3.196677157677076
      ],
      [
        0.0,
        0.0,
        0.0,
        1.0
      ]
    ],
    "location": [
      92.06091813542162,
      -9.529881155194744,
      3.196677157677076
    ],
    "rotation": [
      -0.027416877595605158,
      0.006319309611810877,
      -3.0828402740351946
    ]
  },
  {
    "label_id": "Vq-Il7SzubaHyWSpeOSv9Q",
    "size": [
      0.8270984952411199,
      0.116700660423937,
      0.4599999999999973
    ],
    "obj_class": "sign",
    "point_num_in_lidar": 47,
    "speed": 0.02950433265451063,
    "if_vehicle": false,
    "motion_state": false,
    "pose": [
      [
        0.9937788757433845,
        0.11127214725122471,
        -0.004696314759108897,
        94.17167243163658
      ],
      [
        -0.11136001583322941,
        0.9933929747389656,
        -0.02773706208112354,
        10.09950298893932
      ],
      [
        0.001578923632654556,
        0.028087488057335606,
        0.9996042216871592,
        2.857443669939528
      ],
      [
        0.0,
        0.0,
        0.0,
        1.0
      ]
    ],
    "location": [
      94.17167243163658,
      10.09950298893932,
      2.857443669939528
    ],
    "rotation": [
      0.02809121746321175,
      -0.0015789242886980186,
      -0.1115916130749395
    ]
  },
  {
    "label_id": "WLPbwiUySIPQxl_EqiynAQ",
    "size": [
      1.9978020096019453,
      4.796935651560262,
      1.8999999999999986
    ],
    "obj_class": "vehicle",
    "point_num_in_lidar": 33,
    "speed": 0.0,
    "if_vehicle": true,
    "motion_state": false,
    "pose": [
      [
        0.0011230966818292604,
        0.999988341572804,
        -0.004696314759108897,
        124.3751464179004
      ],
      [
        -0.9996147610466347,
        0.0009924136171950279,
        -0.02773706208112354,
        -12.411398084624466
      ],
      [
        -0.02773207802388706,
        0.004725656958113425,
        0.9996042216871592,
        1.4789141703664583
      ],
      [
        0.0,
        0.0,
        0.0,
        1.0
      ]
    ],
    "location": [
      124.3751464179004,
      -12.411398084624466,
      1.4789141703664583
    ],
    "rotation": [
      0.004727492792316862,
      0.02773563389764102,
      -1.5696727977584854
    ]
  },
  {
    "label_id": "j22FxW4FhMBcpg9NGJB4PQ",
    "size": [
      2.3486839791897864,
      5.670598226160326,
      2.0
    ],
    "obj_class": "vehicle",
    "point_num_in_lidar": 110,
    "speed": 0.03474069655391323,
    "if_vehicle": true,
    "motion_state": false,
    "pose": [
      [
        0.9999889722530363,
        1.918162602172405e-15,
        -0.004696314759108897,
        129.33383743210288
      ],
      [
        -0.00013026341053974828,
        0.9996152451911445,
        -0.02773706208112354,
        -5.614225984925611
      ],
      [
        0.0046945078294213785,
        0.027737367961798876,
        0.9996042216871592,
        1.356366499521858
      ],
      [
        0.0,
        0.0,
        0.0,
        1.0
      ]
    ],
    "location": [
      129.33383743210288,
      -5.614225984925611,
      1.356366499521858
    ],
    "rotation": [
      0.027741231637632358,
      -0.004694525072835553,
      -0.00013026484633070164
    ]
  },
  {
    "label_id": "tLQ1nHpR_fLTXR_63irR6g",
    "size": [
      0.8327746811815311,
      0.11802681416779148,
      0.6999999999999993
    ],
    "obj_class": "sign",
    "point_num_in_lidar": 50,
    "speed": 0.03594301842033291,
    "if_vehicle": false,
    "motion_state": false,
    "pose": [
      [
        0.9937788757433016,
        0.11127214725196524,
        -0.004696314759108897,
        94.17237609477161
      ],
      [
        -0.11136001583396966,
        0.9933929747388826,
        -0.02773706208112354,
        10.103544449796743
      ],
      [
        0.0015789236326336257,
        0.028087488057336782,
        0.9996042216871592,
        3.4474436699395383
      ],
      [
        0.0,
        0.0,
        0.0,
        1.0
      ]
    ],
    "location": [
      94.17237609477161,
      10.103544449796743,
      3.4474436699395383
    ],
    "rotation": [
      0.028091217463212925,
      -0.0015789242886770883,
      -0.1115916130756844
    ]
  }
]