[
  {
    "label_id": "38odIvL22Z0MtCYybAf0ug",
    "size": [
      2.003925311419205,
      4.574756563579033,
      1.4899999999999984
    ],
    "obj_class": "vehicle",
    "point_num_in_lidar": 2146,
    "speed": 0.022348013642030762,
    "if_vehicle": true,
    "motion_state": false,
    "pose": [
      [
        0.027988684850078875,
        0.9996063776672149,
        0.0019295718157730476,
        67.9496345597122
      ],
      [
        -0.9991796974994848,
        0.028033151011692535,
        -0.02922455387501812,
        -12.320085303634812
      ],
      [
        -0.029267142416046707,
        -0.001110032154895612,
        0.9995710090851044,
        1.043188210670479
      ],
      [
        0.0,
        0.0,
        0.0,
        1.0
      ]
    ],
    "location": [
      67.9496345597122,
      -12.320085303634812,
      1.043188210670479
    ],
    "rotation": [
      -0.0011105080964722148,
      0.029271322232066493,
      -1.5427919869412376
    ]
  },
  {
    "label_id": "AMMoGKhSlSEGPf2PD4Xpfg",
    "size": [
      2.016207598286275,
      4.406006614831272,
      1.9600000000000009
    ],
    "obj_class": "vehicle",
    "point_num_in_lidar": 142,
    "speed": 0.01280138518647369,
    "if_vehicle": true,
    "motion_state": false,
    "pose": [
      [
        0.03288811348507457,
        0.9994571770436192,
        0.0019295718157730476,
        121.69825568347187
      ],
      [
        -0.9990302840422277,
        0.03293048765675774,
        -0.02922455387501812,
        -12.124063242200862
      ],
      [
        -0.02927223185714692,
        -0.0009665602347993531,
        0.9995710090851044,
        1.457443669939508
      ],
      [
        0.0,
        0.0,
        0.0,
        1.0
      ]
    ],
    "location": [
      121.69825568347187,
      -12.124063242200862,
      1.457443669939508
    ],
    "rotation": [
      -0.0009669747569274374,
      0.029276413854667713,
      -1.537888174628965
    ]
  },
  {
    "label_id": "Ca52RzCTxUn4ltSurTvTbA",
    "size": [
      2.1282552312033816,
      5.199330454015684,
      1.4800000000000004
    ],
    "obj_class": "vehicle",
    "point_num_in_lidar": 1481,
    "speed": 0.016422998440527366,
    "if_vehicle": true,
    "motion_state": false,
    "pose": [
      [
        0.9996931575709987,
        0.0246954946970917,
        0.0019295718157730476,
        75.67024799086221
      ],
      [
        -0.024628618680295502,
        0.9992694114165142,
        -0.02922455387501812,
        -6.091453031038839
      ],
      [
        -0.002649876907878809,
        0.029168063853453715,
        0.9995710090851044,
        0.9046089978090492
      ],
      [
        0.0,
        0.0,
        0.0,
        1.0
      ]
    ],
    "location": [
      75.67024799086221,
      -6.091453031038839,
      0.9046089978090492
    ],
    "rotation": [
      0.0291723038032017,
      0.0026498800090605876,
      -0.024631195681568133
    ]
  },
  {
    "label_id": "FEr3JM7oR0T8aqJz63i43Q",
    "size": [
      2.0380967313396656,
      4.560816548605839,
      1.5899999999999999
    ],
    "obj_class": "vehicle",
    "point_num_in_lidar": 583,
    "speed": 0.0112093328587575,
    "if_vehicle": true,
    "motion_state": false,
    "pose": [
      [
        0.003945615535907504,
        0.9999903543888062,
        0.0019295718157730476,
        81.55718156768853
      ],
      [
        -0.9995648667423593,
        0.0040003281284615175,
        -0.02922455387501812,
        -12.473525767108697
      ],
      [
        -0.029231990906744658,
        -0.0018134233411037615,
        0.9995710090851044,
        1.1805506256020664
      ],
      [
        0.0,
        0.0,
        0.0,
        1.0
      ]
    ],
    "location": [
      81.55718156768853,
      -12.473525767108697,
      1.1805506256020664
    ],
    "rotation": [
      -0.0018141996267419945,
      0.029236155676396355,
      -1.5668490141445743
    ]
  },
  {
    "label_id": "M5Fx0WBOWO1HtKS5wKh_jA",
    "size": [
      0.8604714269215691,
      0.10561184832007042,
      0.4800000000000004
    ],
    "obj_class": "sign",
    "point_num_in_lidar": 56,
    "speed": 0.04080485802773749,
    "if_vehicle": false,
    "motion_state": false,
    "pose": [
      [
        -0.9982637932633222,
        0.058869990760410364,
        0.0019295718157730476,
        92.02857426222181
      ],
      [
        -0.058901248342401326,
        -0.9978359426250955,
        -0.02922455387501812,
        -9.506338015424888
      ],
      [
        0.00020494689505528427,
        -0.02928746819641926,
        0.9995710090851044,
        2.554375788816273
      ],
      [
        0.0,
        0.0,
        0.0,
        1.0
      ]
    ],
    "location": [
      92.02857426222181,
      -9.506338015424888,
      2.554375788816273
    ],
    "rotation": [
      -0.029291657344620817,
      -0.00020494689649002288,
      -3.082657292482467
    ]
  },
  {
    "label_id": "SgPFG9R2hUCAIZFh4-Dd9Q",
    "size": [
      0.8537802417570153,
      0.11718955507149076,
      0.7899999999999991
    ],
    "obj_class": "sign",
    "point_num_in_lidar": 67,
    "speed": 0.04031419684918511,
    "if_vehicle": false,
    "motion_state": false,
    "pose": [
      [
        -0.9982637932633678,
        0.058869990759637225,
        0.0019295718157730476,
        92.03004789451506
      ],
      [
        -0.058901248341628513,
        -0.9978359426251411,
        -0.02922455387501812,
        -9.506173892634934
      ],
      [
        0.0002049468950779673,
        -0.029287468196419104,
        0.9995710090851044,
        3.228435948644769
      ],
      [
        0.0,
        0.0,
        0.0,
        1.0
      ]
    ],
    "location": [
      92.03004789451506,
      -9.506173892634934,
      3.228435948644769
    ],
    "rotation": [
      -0.02929165734462066,
      -0.0002049468965127059,
      -3.082657292483241
    ]
  },
  {
    "label_id": "Vq-Il7SzubaHyWSpeOSv9Q",
    "size": [
      0.8270984952411191,
      0.116700660423937,
      0.4599999999999973
    ],
    "obj_class": "sign",
    "point_num_in_lidar": 35,
    "speed": 0.026261481063087205,
    "if_vehicle": false,
    "motion_state": false,
    "pose": [
      [
        0.9937879849417928,
        0.11127316719649386,
        0.0019295718157730476,
        94.16543247809341
      ],
      [
        -0.11116980535686469,
        0.993371632284576,
        -0.02922455387501812,
        10.122472605224345
      ],
      [
        -0.00516869057382262,
        0.02882850038309554,
        0.9995710090851044,
        2.857443669939535
      ],
      [
        0.0,
        0.0,
        0.0,
        1.0
      ]
    ],
    "location": [
      94.16543247809341,
      10.122472605224345,
      2.857443669939535
    ],
    "rotation": [
      0.028832880270352107,
      0.005168713588006133,
      -0.11140156874450449
    ]
  },
  {
    "label_id": "j22FxW4FhMBcpg9NGJB4PQ",
    "size": [
      2.348683979189787,
      5.670598226160326,
      2.0
    ],
    "obj_class": "vehicle",
    "point_num_in_lidar": 93,
    "speed": 0.03474069655404833,
    "if_vehicle": true,
    "motion_state": false,
    "pose": [
      [
        0.999998138374571,
        5.765876024100075e-15,
        0.0019295718157730476,
        129.3491335499525
      ],
      [
        5.639098045889551e-05,
        0.9995728699153771,
        -0.02922455387501812,
        -5.586961999999062
      ],
      [
        -0.0019287476376002592,
        0.029224608280292035,
        0.9995710090851044,
        1.3932260123333258
      ],
      [
        0.0,
        0.0,
        0.0,
        1.0
      ]
    ],
    "location": [
      129.3491335499525,
      -5.586961999999062,
      1.3932260123333258
    ],
    "rotation": [
      0.02922882427659385,
      0.0019287488334474787,
      5.6391085378200436e-05
    ]
  },
  {
    "label_id": "tLQ1nHpR_fLTXR_63irR6g",
    "size": [
      0.8327746811815327,
      0.11802681416779148,
      0.6999999999999993
    ],
    "obj_class": "sign",
    "point_num_in_lidar": 34,
    "speed": 0.026022797865625457,
    "if_vehicle": false,
    "motion_state": false,
    "pose": [
      [
        0.9937879849417085,
        0.11127316719724632,
        0.0019295718157730476,
        94.16672106015358
      ],
      [
        -0.11116980535761685,
        0.9933716322844919,
        -0.02922455387501812,
        10.130235701976517
      ],
      [
        -0.005168690573844449,
        0.028828500383091628,
        0.9995710090851044,
        3.447443669939542
      ],
      [
        0.0,
        0.0,
        0.0,
        1.0
      ]
    ],
    "location": [
      94.16672106015358,
      10.130235701976517,
      3.447443669939542
    ],
    "rotation": [
      0.028832880270348197,
      0.005168713588027962,
      -0.11140156874526137
    ]
  }
]