[
  {
    "label_id": "-1VmICoWcoB_bfJceFaP1w",
    "size": [
      2.127146395161801,
      4.728791380763544,
      1.9299999999999997
    ],
    "obj_class": "vehicle",
    "point_num_in_lidar": 234,
    "speed": 6.759495090092712e-28,
    "if_vehicle": true,
    "motion_state": false,
    "pose": [
      [
        -0.5668698636250995,
        -0.8238019209993642,
        -0.002992101505363511,
        144.2612663628306
      ],
      [
        0.823515359992011,
        -0.5665685070014277,
        -0.028680633385647206,
        26.215912551087172
      ],
      [
        0.021931930395884144,
        -0.018722228284325376,
        0.999584147832077,
        1.5182787676140208
      ],
      [
        0.0,
        0.0,
        0.0,
        1.0
      ]
    ],
    "location": [
      144.2612663628306,
      26.215912551087172,
      1.5182787676140208
    ],
    "rotation": [
      -0.018727827415582765,
      -0.02193368902131088,
      2.173663158014553
    ]
  },
  {
    "label_id": "AMMoGKhSlSEGPf2PD4Xpfg",
    "size": [
      2.0162075982862686,
      4.406006614831272,
      1.9600000000000009
    ],
    "obj_class": "vehicle",
    "point_num_in_lidar": 1577,
    "speed": 0.012801385293526181,
    "if_vehicle": true,
    "motion_state": false,
    "pose": [
      [
        0.03288802749169534,
        0.9994545637377854,
        -0.002992101505363511,
        121.69899735178524
      ],
      [
        -0.9990507048615326,
        0.0327888759226812,
        -0.028680633385647206,
        -12.175261311821885
      ],
      [
        -0.028566882283167963,
        0.0039325105772170695,
        0.999584147832077,
        1.4574436699395044
      ],
      [
        0.0,
        0.0,
        0.0,
        1.0
      ]
    ],
    "location": [
      121.69899735178524,
      -12.175261311821885,
      1.4574436699395044
    ],
    "rotation": [
      0.0039341263038679165,
      0.028570769124562925,
      -1.5378889327753409
    ]
  },
  {
    "label_id": "RW2QmAxPAP_bPXJYX8kMeA",
    "size": [
      0.8502261179692594,
      0.09416328307725053,
      0.7799999999999976
    ],
    "obj_class": "sign",
    "point_num_in_lidar": 22,
    "speed": 3.384689903346017e-28,
    "if_vehicle": false,
    "motion_state": false,
    "pose": [
      [
        0.9903883430928465,
        0.1382822374507584,
        -0.002992101505363511,
        167.8901171060793
      ],
      [
        -0.13831096127358858,
        0.9899734841197384,
        -0.028680633385647206,
        8.241838568307173
      ],
      [
        -0.0010039210039675865,
        0.02881880541309949,
        0.999584147832077,
        2.9874436699395304
      ],
      [
        0.0,
        0.0,
        0.0,
        1.0
      ]
    ],
    "location": [
      167.8901171060793,
      8.241838568307173,
      2.9874436699395304
    ],
    "rotation": [
      0.02882281054945443,
      0.001003921172602529,
      -0.13875585125420037
    ]
  },
  {
    "label_id": "SGG8Tx3sx_vmiQVnTu8wjg",
    "size": [
      1.8379767986546087,
      4.114365739376918,
      1.5399999999999991
    ],
    "obj_class": "vehicle",
    "point_num_in_lidar": 101,
    "speed": 3.404369833451629e-28,
    "if_vehicle": true,
    "motion_state": false,
    "pose": [
      [
        0.999995523654272,
        2.3196744836137553e-15,
        -0.002992101505363511,
        143.86533476961677
      ],
      [
        -8.581575047126071e-05,
        0.9995886223363365,
        -0.028680633385647206,
        -5.88753470658105
      ],
      [
        0.0029908706216367244,
        0.028680761770652645,
        0.999584147832077,
        1.0874436699394927
      ],
      [
        0.0,
        0.0,
        0.0,
        1.0
      ]
    ],
    "location": [
      143.86533476961677,
      -5.88753470658105,
      1.0874436699394927
    ],
    "rotation": [
      0.028684823625613316,
      -0.002990875080697363,
      -8.581613440328659e-05
    ]
  },
  {
    "label_id": "WLPbwiUySIPQxl_EqiynAQ",
    "size": [
      1.9978020096019473,
      4.796935651560262,
      1.8999999999999986
    ],
    "obj_class": "vehicle",
    "point_num_in_lidar": 565,
    "speed": 2.8150757303292375e-28,
    "if_vehicle": true,
    "motion_state": false,
    "pose": [
      [
        0.0011231040397685428,
        0.9999948929699078,
        -0.002992101505363511,
        124.3751464179013
      ],
      [
        -0.9995880882890472,
        0.0010368313488628696,
        -0.028680633385647206,
        -12.411398084624409
      ],
      [
        -0.028677384608149704,
        0.003023080358931634,
        0.999584147832077,
        1.4333264009257114
      ],
      [
        0.0,
        0.0,
        0.0,
        1.0
      ]
    ],
    "location": [
      124.3751464179013,
      -12.411398084624409,
      1.4333264009257114
    ],
    "rotation": [
      0.0030243288156870775,
      0.028681316740648454,
      -1.569672760417582
    ]
  },
  {
    "label_id": "j22FxW4FhMBcpg9NGJB4PQ",
    "size": [
      2.348683979189786,
      5.670598226160326,
      2.0
    ],
    "obj_class": "vehicle",
    "point_num_in_lidar": 739,
    "speed": 0.020901411792977703,
    "if_vehicle": true,
    "motion_state": false,
    "pose": [
      [
        0.999995523654272,
        5.433176442135049e-16,
        -0.002992101505363511,
        129.2811429461758
      ],
      [
        -8.581575046948512e-05,
        0.9995886223363365,
        -0.028680633385647206,
        -5.708149272135131
      ],
      [
        0.0029908706216367755,
        0.028680761770652638,
        0.999584147832077,
        1.2993847209319256
      ],
      [
        0.0,
        0.0,
        0.0,
        1.0
      ]
    ],
    "location": [
      129.2811429461758,
      -5.708149272135131,
      1.2993847209319256
    ],
    "rotation": [
      0.02868482362561331,
      -0.002990875080697414,
      -8.581613440151098e-05
    ]
  }
]