[
  {
    "label_id": "2DMf5SM1QFoIz358FjVTgA",
    "size": [
      2.0394920897565596,
      4.6432134001663945,
      1.7699999999999818
    ],
    "obj_class": "vehicle",
    "point_num_in_lidar": 2241,
    "speed": 0.04733239380996512,
    "if_vehicle": true,
    "motion_state": false,
    "pose": [
      [
        0.6976431183229227,
        -0.7160810380503972,
        -0.022847897087781198,
        15.36641522455102
      ],
      [
        0.716352069303099,
        0.6977122582710258,
        0.006108802134098064,
        0.8823556012357585
      ],
      [
        0.01156686050043039,
        -0.02062890212810621,
        0.9997202889484401,
        0.7491418054386259
      ],
      [
        0.0,
        0.0,
        0.0,
        1.0
      ]
    ],
    "location": [
      15.36641522455102,
      0.8823556012357585,
      0.7491418054386259
    ],
    "rotation": [
      -0.020631745944754493,
      -0.011567118442031907,
      0.7986286605649504
    ]
  },
  {
    "label_id": "2mgIVDg2Dam4gckam7FU0w",
    "size": [
      0.8531989066296296,
      0.9873727070641302,
      2.03407124607196
    ],
    "obj_class": "pedestrian",
    "point_num_in_lidar": 38,
    "speed": 1.4047499325310688,
    "if_vehicle": false,
    "motion_state": true,
    "pose": [
      [
        -0.8223509408866317,
        0.5685216826309597,
        -0.022847897087781198,
        44.46577075597088
      ],
      [
        -0.5687743542827914,
        -0.8224709213380617,
        0.006108802134098064,
        25.384224915229424
      ],
      [
        -0.01531874450028759,
        0.018018877095488228,
        0.9997202889484401,
        1.0689004397476083
      ],
      [
        0.0,
        0.0,
        0.0,
        1.0
      ]
    ],
    "location": [
      44.46577075597088,
      25.384224915229424,
      1.0689004397476083
    ],
    "rotation": [
      0.018021967205127908,
      0.015319343689702421,
      -2.5364965713905128
    ]
  },
  {
    "label_id": "3JZ-dCSx2Rm0NEooV33HhA",
    "size": [
      0.8770365946334882,
      0.08206485123166174,
      0.8600000000000136
    ],
    "obj_class": "sign",
    "point_num_in_lidar": 59,
    "speed": 0.011602404568364555,
    "if_vehicle": false,
    "motion_state": false,
    "pose": [
      [
        -0.685987098566997,
        0.7272548894289396,
        -0.022847897087781198,
        32.814284124440746
      ],
      [
        -0.7275270019728709,
        -0.68605185222172,
        0.006108802134098064,
        15.6981861911554
      ],
      [
        -0.011232185895866777,
        0.020813021521347952,
        0.9997202889484401,
        3.4866370591448685
      ],
      [
        0.0,
        0.0,
        0.0,
        1.0
      ]
    ],
    "location": [
      32.814284124440746,
      15.6981861911554,
      3.4866370591448685
    ],
    "rotation": [
      0.020815837766534968,
      0.011232422088449191,
      -2.3268152635312394
    ]
  },
  {
    "label_id": "4sRZr1ONdtX-QRcs4A0-vw",
    "size": [
      2.1190687011923246,
      4.376564357957686,
      1.5199999999999818
    ],
    "obj_class": "vehicle",
    "point_num_in_lidar": 36,
    "speed": 6.915300366811402e-12,
    "if_vehicle": true,
    "motion_state": false,
    "pose": [
      [
        -0.697164049082406,
        -0.7165474598836358,
        -0.022847897087781198,
        46.46961137257313
      ],
      [
        0.7166238247217046,
        -0.6974331339832672,
        0.006108802134098064,
        16.15618330354482
      ],
      [
        -0.020312127122978106,
        -0.01211451016704261,
        0.9997202889484401,
        0.9664493082644299
      ],
      [
        0.0,
        0.0,
        0.0,
        1.0
      ]
    ],
    "location": [
      46.46961137257313,
      16.15618330354482,
      0.9664493082644299
    ],
    "rotation": [
      -0.012117306584854454,
      0.020313524120422585,
      2.342431076869034
    ]
  },
  {
    "label_id": "7icJBEuPRDJAEFyjeeK9Tw",
    "size": [
      2.029989842851676,
      4.529825083229547,
      1.5699999999999932
    ],
    "obj_class": "vehicle",
    "point_num_in_lidar": 300,
    "speed": 8.707295897666123,
    "if_vehicle": true,
    "motion_state": true,
    "pose": [
      [
        0.7936709175979123,
        -0.6079181261962453,
        -0.022847897087781198,
        20.42985727170526
      ],
      [
        0.6081763441413988,
        0.7937784432467849,
        0.006108802134098064,
        22.403792154815164
      ],
      [
        0.014422516635137193,
        -0.018743929117359375,
        0.9997202889484401,
        0.8929532660700374
      ],
      [
        0.0,
        0.0,
        0.0,
        1.0
      ]
    ],
    "location": [
      20.42985727170526,
      22.403792154815164,
      0.8929532660700374
    ],
    "rotation": [
      -0.018746976956593057,
      -0.01442301668412224,
      0.6538408932071657
    ]
  },
  {
    "label_id": "C6e5B3f0p8EXgkDqcFxO5w",
    "size": [
      2.1822347770795414,
      4.834819894509566,
      1.9800000000000182
    ],
    "obj_class": "vehicle",
    "point_num_in_lidar": 85,
    "speed": 0.0014919600865305426,
    "if_vehicle": true,
    "motion_state": false,
    "pose": [
      [
        -0.685098760301544,
        -0.7280917951961507,
        -0.022847897087781198,
        48.576548927798285
      ],
      [
        0.7281726437364391,
        -0.6853665321930823,
        0.006108802134098064,
        22.82582240460033
      ],
      [
        -0.020106952707270562,
        -0.012452080857229713,
        0.9997202889484401,
        1.2217930754181339
      ],
      [
        0.0,
        0.0,
        0.0,
        1.0
      ]
    ],
    "location": [
      48.576548927798285,
      22.82582240460033,
      1.2217930754181339
    ],
    "rotation": [
      -0.012454920752992578,
      0.020108307792283564,
      2.325725782351634
    ]
  },
  {
    "label_id": "CZUwabcB3mvH43N9J3yGWQ",
    "size": [
      2.3729388997268295,
      4.773708939237198,
      1.6999999999999886
    ],
    "obj_class": "vehicle",
    "point_num_in_lidar": 38,
    "speed": 7.1323232718855225,
    "if_vehicle": true,
    "motion_state": true,
    "pose": [
      [
        0.7102184910409525,
        -0.703610452297419,
        -0.022847897087781198,
        52.1912452994402
      ],
      [
        0.703880216260262,
        0.7102924212561281,
        0.006108802134098064,
        43.22071801086713
      ],
      [
        0.01193047111052277,
        -0.02042076697698652,
        0.9997202889484401,
        1.209274094051807
      ],
      [
        0.0,
        0.0,
        0.0,
        1.0
      ]
    ],
    "location": [
      52.1912452994402,
      43.22071801086713,
      1.209274094051807
    ],
    "rotation": [
      -0.020423640277890294,
      -0.011930754151521814,
      0.7809159923135659
    ]
  },
  {
    "label_id": "DFgfZtoGdZJLVBYdx3oKGQ",
    "size": [
      1.3785004105489078,
      0.15689031437909554,
      0.4700000000000273
    ],
    "obj_class": "sign",
    "point_num_in_lidar": 23,
    "speed": 0.005434922535700604,
    "if_vehicle": false,
    "motion_state": false,
    "pose": [
      [
        -0.6814639608107821,
        0.7314949375865475,
        -0.022847897087781198,
        52.444011467450764
      ],
      [
        -0.7317674464569403,
        -0.6815270257608099,
        0.006108802134098064,
        35.26471559278434
      ],
      [
        -0.01110290151131396,
        0.020882275806948434,
        0.9997202889484401,
        4.6161892819789045
      ],
      [
        0.0,
        0.0,
        0.0,
        1.0
      ]
    ],
    "location": [
      52.444011467450764,
      35.26471559278434,
      4.6161892819789045
    ],
    "rotation": [
      0.020885081316933528,
      0.011103129641263683,
      -2.3206148554437327
    ]
  },
  {
    "label_id": "EHyNyPdydGtVbm2hzdravg",
    "size": [
      2.1161686429411692,
      4.43080589474992,
      1.5300000000000296
    ],
    "obj_class": "vehicle",
    "point_num_in_lidar": 29,
    "speed": 2.3437142008433857e-12,
    "if_vehicle": true,
    "motion_state": false,
    "pose": [
      [
        -0.7132892572488694,
        -0.700497258447185,
        -0.022847897087781198,
        51.16496783461844
      ],
      [
        0.7005674802200021,
        -0.7135600102266686,
        0.006108802134098064,
        15.592302894168824
      ],
      [
        -0.02058254482694703,
        -0.011649150754201684,
        0.9997202889484401,
        1.0244929142563137
      ],
      [
        0.0,
        0.0,
        0.0,
        1.0
      ]
    ],
    "location": [
      51.16496783461844,
      15.592302894168824,
      1.0244929142563137
    ],
    "rotation": [
      -0.011651882722157936,
      0.020583998372897993,
      2.3651921724742846
    ]
  },
  {
    "label_id": "Fe-uZ9qlinJ4Guviu-__IQ",
    "size": [
      0.6950761202669921,
      1.001424989274805,
      1.910000000000025
    ],
    "obj_class": "pedestrian",
    "point_num_in_lidar": 67,
    "speed": 1.1499629797143782,
    "if_vehicle": false,
    "motion_state": true,
    "pose": [
      [
        0.999349922152394,
        -0.02788739307770159,
        -0.022847897087781198,
        15.754355309476523
      ],
      [
        0.028033709551162043,
        0.9995883120891759,
        0.006108802134098064,
        30.161435172085476
      ],
      [
        0.02266813231841491,
        -0.0067453422479689775,
        0.9997202889484401,
        1.121012983988237
      ],
      [
        0.0,
        0.0,
        0.0,
        1.0
      ]
    ],
    "location": [
      15.754355309476523,
      30.161435172085476,
      1.121012983988237
    ],
    "rotation": [
      -0.006747127135983625,
      -0.022670074082247884,
      0.028044590837477838
    ]
  },
  {
    "label_id": "G6Mgy_kvMQsfCAyCXrx1BQ",
    "size": [
      0.8620947521897093,
      1.1094360817910744,
      2.019999999999982
    ],
    "obj_class": "pedestrian",
    "point_num_in_lidar": 47,
    "speed": 1.7885072143835106,
    "if_vehicle": false,
    "motion_state": true,
    "pose": [
      [
        0.36826876005819814,
        -0.9294385907438228,
        -0.022847897087781198,
        42.64755431507365
      ],
      [
        0.9297153529378842,
        0.3682282512899735,
        0.006108802134098064,
        20.643713614699664
      ],
      [
        0.002735484743637988,
        -0.02349172169222012,
        0.9997202889484401,
        1.155385766919153
      ],
      [
        0.0,
        0.0,
        0.0,
        1.0
      ]
    ],
    "location": [
      42.64755431507365,
      20.643713614699664,
      1.155385766919153
    ],
    "rotation": [
      -0.023493970840687044,
      -0.0027354881551986884,
      1.1936486226126255
    ]
  },
  {
    "label_id": "GiPscZnqoFfFvj5jXUIwjA",
    "size": [
      2.066395381485687,
      4.663853484354714,
      1.829999999999984
    ],
    "obj_class": "vehicle",
    "point_num_in_lidar": 52,
    "speed": 1.1368683772161603e-12,
    "if_vehicle": true,
    "motion_state": false,
    "pose": [
      [
        -0.7340917364236932,
        -0.6786658206460032,
        -0.022847897087781198,
        43.2327070589854
      ],
      [
        0.678727844576541,
        -0.7343644841173689,
        0.006108802134098064,
        13.903139488320448
      ],
      [
        -0.020924519371536894,
        -0.011023082777407552,
        0.9997202889484401,
        0.834780072654496
      ],
      [
        0.0,
        0.0,
        0.0,
        1.0
      ]
    ],
    "location": [
      43.2327070589854,
      13.903139488320448,
      0.834780072654496
    ],
    "rotation": [
      -0.01102572011034169,
      0.020926046588729163,
      2.3953612597013336
    ]
  },
  {
    "label_id": "H0ATfIvGdadeca8zxrorMw",
    "size": [
      0.9069711678900322,
      0.6684251695846886,
      1.920000000000016
    ],
    "obj_class": "pedestrian",
    "point_num_in_lidar": 22,
    "speed": 2.049518613753201e-12,
    "if_vehicle": false,
    "motion_state": false,
    "pose": [
      [
        0.33878788861135994,
        0.9405853178361455,
        -0.022847897087781198,
        41.43300951025594
      ],
      [
        -0.9407660447029441,
        0.3390013741424432,
        0.006108802134098064,
        43.750772413222876
      ],
      [
        0.013491318105921706,
        0.01942493759609618,
        0.9997202889484401,
        1.2060720619204517
      ],
      [
        0.0,
        0.0,
        0.0,
        1.0
      ]
    ],
    "location": [
      41.43300951025594,
      43.750772413222876,
      1.2060720619204517
    ],
    "rotation": [
      0.01942792779621144,
      -0.013491727411318665,
      -1.2251352513545122
    ]
  },
  {
    "label_id": "H1KwN3bm7xetzBAXKSAkJQ",
    "size": [
      0.8718508778600754,
      0.8439339778954031,
      1.7800000000000296
    ],
    "obj_class": "pedestrian",
    "point_num_in_lidar": 29,
    "speed": 0.02130645062560258,
    "if_vehicle": false,
    "motion_state": false,
    "pose": [
      [
        0.7592047826660966,
        0.6504506680568414,
        -0.022847897087781198,
        19.86826625932008
      ],
      [
        -0.6505023445108572,
        0.7594796786763716,
        0.006108802134098064,
        64.76880410330341
      ],
      [
        0.021325987967810014,
        0.010224778826176348,
        0.9997202889484401,
        1.2476233726087003
      ],
      [
        0.0,
        0.0,
        0.0,
        1.0
      ]
    ],
    "location": [
      19.86826625932008,
      64.76880410330341,
      1.2476233726087003
    ],
    "rotation": [
      0.010227283012963054,
      -0.021327604800667484,
      -0.7084405065572791
    ]
  },
  {
    "label_id": "IfoFHlW_Bb0HdgctcvNTaQ",
    "size": [
      2.0499922588120367,
      4.650134719515815,
      1.6999999999999886
    ],
    "obj_class": "vehicle",
    "point_num_in_lidar": 896,
    "speed": 0.009615283346662796,
    "if_vehicle": true,
    "motion_state": false,
    "pose": [
      [
        0.724917752524278,
        -0.6884564079691725,
        -0.022847897087781198,
        20.24337727366583
      ],
      [
        0.6887245506522882,
        0.7249973626609203,
        0.006108802134098064,
        6.002496677421732
      ],
      [
        0.012359021156753924,
        -0.020164286768797713,
        0.9997202889484401,
        0.7992740940520093
      ],
      [
        0.0,
        0.0,
        0.0,
        1.0
      ]
    ],
    "location": [
      20.24337727366583,
      6.002496677421732,
      0.7992740940520093
    ],
    "rotation": [
      -0.020167193970950098,
      -0.012359335808995337,
      0.7598009549353042
    ]
  },
  {
    "label_id": "JIwIafnXjVCNvgOcHBrynQ",
    "size": [
      0.8078365520636706,
      0.9177911650848429,
      2.0151233647333697
    ],
    "obj_class": "pedestrian",
    "point_num_in_lidar": 42,
    "speed": 1.3120415115995965,
    "if_vehicle": false,
    "motion_state": true,
    "pose": [
      [
        0.6023176883404698,
        -0.7979294304077642,
        -0.022847897087781198,
        44.24646541390757
      ],
      [
        0.798206993308814,
        0.6023522875937217,
        0.006108802134098064,
        24.243735761454445
      ],
      [
        0.008888090070196334,
        -0.021916790817806307,
        0.9997202889484401,
        1.085793066969302
      ],
      [
        0.0,
        0.0,
        0.0,
        1.0
      ]
    ],
    "location": [
      44.24646541390757,
      24.243735761454445,
      1.085793066969302
    ],
    "rotation": [
      -0.021919411755509106,
      -0.008888207098128126,
      0.9243651433845633
    ]
  },
  {
    "label_id": "Jo4JefMWZmJ4Dm31X7-u1g",
    "size": [
      0.7198336385691851,
      0.9607013585296706,
      1.759999999999991
    ],
    "obj_class": "pedestrian",
    "point_num_in_lidar": 22,
    "speed": 1.2760339077208553,
    "if_vehicle": false,
    "motion_state": true,
    "pose": [
      [
        0.6592042955318281,
        0.7516167044119312,
        -0.022847897087781198,
        33.023797491317964
      ],
      [
        -0.751706872439289,
        0.6594690746835888,
        0.006108802134098064,
        52.01916961220559
      ],
      [
        0.01965895927888029,
        0.013147972654319304,
        0.9997202889484401,
        1.1027380401691858
      ],
      [
        0.0,
        0.0,
        0.0,
        1.0
      ]
    ],
    "location": [
      33.023797491317964,
      52.01916961220559,
      1.1027380401691858
    ],
    "rotation": [
      0.013150893132677257,
      -0.019660225780820415,
      -0.8508667638543067
    ]
  },
  {
    "label_id": "MDFcC1ERI2HCAT9f-NMOkQ",
    "size": [
      0.898149660212187,
      0.1072508584288479,
      0.5099999999999909
    ],
    "obj_class": "sign",
    "point_num_in_lidar": 38,
    "speed": 0.0036464467876468573,
    "if_vehicle": false,
    "motion_state": false,
    "pose": [
      [
        0.68500106070561,
        -0.7281837133792923,
        -0.022847897087781198,
        19.63230872013446
      ],
      [
        0.7284559134126548,
        0.6850654455967116,
        0.006108802134098064,
        35.14744955578499
      ],
      [
        0.011203974577081761,
        -0.020828221684135857,
        0.9997202889484401,
        1.1901903590230063
      ],
      [
        0.0,
        0.0,
        0.0,
        1.0
      ]
    ],
    "location": [
      19.63230872013446,
      35.14744955578499,
      1.1901903590230063
    ],
    "rotation": [
      -0.02083103559024802,
      -0.011204208994364398,
      0.8161321513960972
    ]
  },
  {
    "label_id": "NR-ydNfoP_gKd7nePeHUGg",
    "size": [
      0.8420630655473087,
      1.0804344746293282,
      1.9700000000000273
    ],
    "obj_class": "pedestrian",
    "point_num_in_lidar": 27,
    "speed": 1.6983660991260123,
    "if_vehicle": false,
    "motion_state": true,
    "pose": [
      [
        0.725675202271699,
        -0.6876579632394252,
        -0.022847897087781198,
        47.723628038678726
      ],
      [
        0.6879260181210398,
        0.7257551075456631,
        0.006108802134098064,
        29.24839150878688
      ],
      [
        0.01238121157476836,
        -0.020150669090336023,
        0.9997202889484401,
        1.1270568332246285
      ],
      [
        0.0,
        0.0,
        0.0,
        1.0
      ]
    ],
    "location": [
      47.723628038678726,
      29.24839150878688,
      1.1270568332246285
    ],
    "rotation": [
      -0.02015357801799136,
      -0.012381527924991528,
      0.7587002416372277
    ]
  },
  {
    "label_id": "OaBaJCfNzU4Ykpv4ByH-2g",
    "size": [
      0.9375452324533895,
      1.0542668871771672,
      1.839999999999975
    ],
    "obj_class": "pedestrian",
    "point_num_in_lidar": 22,
    "speed": 1.4771684417489113,
    "if_vehicle": false,
    "motion_state": true,
    "pose": [
      [
        0.6994294788535055,
        -0.7143363197467842,
        -0.022847897087781198,
        45.64594948969898
      ],
      [
        0.7146071774650734,
        0.6994992955335178,
        0.006108802134098064,
        25.454922368953703
      ],
      [
        0.011618348682792348,
        -0.02059994754198318,
        0.9997202889484401,
        1.175390237194108
      ],
      [
        0.0,
        0.0,
        0.0,
        1.0
      ]
    ],
    "location": [
      45.64594948969898,
      25.454922368953703,
      1.175390237194108
    ],
    "rotation": [
      -0.020602795566928653,
      -0.011618610084457618,
      0.7961313475121364
    ]
  },
  {
    "label_id": "OaQW5LGNnGDxoNUGOPRPiA",
    "size": [
      0.988018328551843,
      1.0982428043988728,
      2.019999999999982
    ],
    "obj_class": "pedestrian",
    "point_num_in_lidar": 51,
    "speed": 1.6628225182141532,
    "if_vehicle": false,
    "motion_state": true,
    "pose": [
      [
        -0.6637086177436317,
        0.7476421900424721,
        -0.022847897087781198,
        46.14000181595111
      ],
      [
        -0.7479161342177449,
        -0.6637651231522115,
        0.006108802134098064,
        24.221430082536244
      ],
      [
        -0.010598439018166938,
        0.021142775485389762,
        0.9997202889484401,
        1.275657447165031
      ],
      [
        0.0,
        0.0,
        0.0,
        1.0
      ]
    ],
    "location": [
      46.14000181595111,
      24.221430082536244,
      1.275657447165031
    ],
    "rotation": [
      0.02114553881575102,
      0.010598637443180533,
      -2.2966121927040635
    ]
  },
  {
    "label_id": "P-uHjAYe5u4Kr3C_Q5lLAw",
    "size": [
      0.5106701405808247,
      0.087061792529594,
      0.4800000000000182
    ],
    "obj_class": "sign",
    "point_num_in_lidar": 37,
    "speed": 0.006741381686238365,
    "if_vehicle": false,
    "motion_state": false,
    "pose": [
      [
        -0.7283200778901799,
        0.6848560708212407,
        -0.022847897087781198,
        28.209181363428797
      ],
      [
        -0.6851238157534841,
        -0.72840101566642,
        0.006108802134098064,
        10.825842442456633
      ],
      [
        -0.012458781217598856,
        0.02010280168084557,
        0.9997202889484401,
        2.764410586823999
      ],
      [
        0.0,
        0.0,
        0.0,
        1.0
      ]
    ],
    "location": [
      28.209181363428797,
      10.825842442456633,
      2.764410586823999
    ],
    "rotation": [
      0.02010571661453055,
      0.012459103551337192,
      -2.386745983454735
    ]
  },
  {
    "label_id": "Q-ps1GWMC5qpDsjn1OHjLw",
    "size": [
      2.2055060766008237,
      4.57734672187009,
      1.7699999999999818
    ],
    "obj_class": "vehicle",
    "point_num_in_lidar": 216,
    "speed": 2.2737367544323206e-12,
    "if_vehicle": true,
    "motion_state": false,
    "pose": [
      [
        -0.6940132959982604,
        -0.7195995543191346,
        -0.022847897087781198,
        46.642690095755825
      ],
      [
        0.7196770991034476,
        -0.6942820432378567,
        0.006108802134098064,
        20.18396664784086
      ],
      [
        -0.02025877596691375,
        -0.012203518393061876,
        0.9997202889484401,
        1.1595903616890837
      ],
      [
        0.0,
        0.0,
        0.0,
        1.0
      ]
    ],
    "location": [
      46.642690095755825,
      20.18396664784086,
      1.1595903616890837
    ],
    "rotation": [
      -0.012206326546143656,
      0.020260161983974755,
      2.3380427191227215
    ]
  },
  {
    "label_id": "XGT6z66G7-_69QXJHFQm-Q",
    "size": [
      0.7568346117270496,
      0.7800494002119742,
      2.041831816724482
    ],
    "obj_class": "pedestrian",
    "point_num_in_lidar": 24,
    "speed": 1.20383932776219,
    "if_vehicle": false,
    "motion_state": true,
    "pose": [
      [
        0.5937020625501593,
        0.8043605127816462,
        -0.022847897087781198,
        34.38322286932453
      ],
      [
        -0.8044726152554054,
        0.5939583266868266,
        0.006108802134098064,
        50.25627542177244
      ],
      [
        0.018484377939636074,
        0.014753699096568866,
        0.9997202889484401,
        1.2245594134421935
      ],
      [
        0.0,
        0.0,
        0.0,
        1.0
      ]
    ],
    "location": [
      34.38322286932453,
      50.25627542177244,
      1.2245594134421935
    ],
    "rotation": [
      0.014756755777804876,
      -0.01848543070127391,
      -0.9350185334174084
    ]
  },
  {
    "label_id": "Z5QKATZnhdyAEhR8O_ebsQ",
    "size": [
      2.2367212920008632,
      5.270744933136602,
      1.9800000000000182
    ],
    "obj_class": "vehicle",
    "point_num_in_lidar": 2865,
    "speed": 9.977479781581756,
    "if_vehicle": true,
    "motion_state": true,
    "pose": [
      [
        0.7021662321248431,
        -0.7116463700899957,
        -0.022847897087781198,
        7.997195366126107
      ],
      [
        0.7119169578288939,
        0.702237087949746,
        0.006108802134098064,
        12.562770617536444
      ],
      [
        0.011697333852370047,
        -0.020555199964816674,
        0.9997202889484401,
        1.0154456549383895
      ],
      [
        0.0,
        0.0,
        0.0,
        1.0
      ]
    ],
    "location": [
      7.997195366126107,
      12.562770617536444,
      1.0154456549383895
    ],
    "rotation": [
      -0.020558054425512694,
      -0.011697600621853124,
      0.7922934940528024
    ]
  },
  {
    "label_id": "_md0d61Qn6UYicamaGvcYg",
    "size": [
      2.166074573472384,
      4.745512814368736,
      1.8500000000000227
    ],
    "obj_class": "vehicle",
    "point_num_in_lidar": 3073,
    "speed": 1.1368683772161603e-12,
    "if_vehicle": true,
    "motion_state": false,
    "pose": [
      [
        0.7113108287757437,
        -0.7025061412294064,
        -0.022847897087781198,
        10.642055017568055
      ],
      [
        0.7027757900017576,
        0.7113851780321909,
        0.006108802134098064,
        -3.900098317528318
      ],
      [
        0.01196218432269321,
        -0.02040220603457661,
        0.9997202889484401,
        0.8200440567429155
      ],
      [
        0.0,
        0.0,
        0.0,
        1.0
      ]
    ],
    "location": [
      10.642055017568055,
      -3.900098317528318,
      0.8200440567429155
    ],
    "rotation": [
      -0.020405081878618135,
      -0.01196246962690734,
      0.7793625111119774
    ]
  },
  {
    "label_id": "a28HPKsxCj4N-XjU-U_xLQ",
    "size": [
      0.8964768289435776,
      0.9575506837562163,
      1.8100000000000023
    ],
    "obj_class": "pedestrian",
    "point_num_in_lidar": 43,
    "speed": 1.3715759519901305,
    "if_vehicle": false,
    "motion_state": true,
    "pose": [
      [
        0.923620424551757,
        0.38262682204662324,
        -0.022847897087781198,
        7.194394941212522
      ],
      [
        -0.3825906067590752,
        0.9238977812270192,
        0.006108802134098064,
        32.018912264822575
      ],
      [
        0.023446512972185897,
        0.003099176389384784,
        0.9997202889484401,
        1.111012983987905
      ],
      [
        0.0,
        0.0,
        0.0,
        1.0
      ]
    ],
    "location": [
      7.194394941212522,
      32.018912264822575,
      1.111012983987905
    ],
    "rotation": [
      0.0031000335751195083,
      -0.023448661747448564,
      -0.39271248202838877
    ]
  },
  {
    "label_id": "b9f92V65M77q1QxHy56XCg",
    "size": [
      1.0268381032013547,
      0.9638849705541811,
      1.910000000000025
    ],
    "obj_class": "pedestrian",
    "point_num_in_lidar": 24,
    "speed": 1.311132918579616,
    "if_vehicle": false,
    "motion_state": true,
    "pose": [
      [
        0.9309562486166316,
        0.36441519831136937,
        -0.022847897087781198,
        7.519975393395725
      ],
      [
        -0.3643735433431445,
        0.9312328406193846,
        0.006108802134098064,
        32.53007017370692
      ],
      [
        0.02350285244837611,
        0.0026381417015131415,
        0.9997202889484401,
        1.0710129839879983
      ],
      [
        0.0,
        0.0,
        0.0,
        1.0
      ]
    ],
    "location": [
      7.519975393395725,
      32.53007017370692,
      1.0710129839879983
    ],
    "rotation": [
      0.0026388736999454843,
      -0.023505016753301272,
      -0.3730681248111332
    ]
  },
  {
    "label_id": "cbJ1mpyRwWHXJ5ilYEIySw",
    "size": [
      3.4696218890455097,
      13.928196120883477,
      3.6299999999999955
    ],
    "obj_class": "vehicle",
    "point_num_in_lidar": 237,
    "speed": 0.5948676431084626,
    "if_vehicle": true,
    "motion_state": false,
    "pose": [
      [
        -0.6763595759664108,
        -0.7362171538324838,
        -0.022847897087781198,
        65.92009467265962
      ],
      [
        0.736301192693968,
        -0.6766263637887063,
        0.006108802134098064,
        11.1546489658067
      ],
      [
        -0.019956894447215445,
        -0.012691187055201064,
        0.9997202889484401,
        1.9401712417439398
      ],
      [
        0.0,
        0.0,
        0.0,
        1.0
      ]
    ],
    "location": [
      65.92009467265962,
      11.1546489658067,
      1.9401712417439398
    ],
    "rotation": [
      -0.01269405603366151,
      0.019958219415486853,
      2.313788214813922
    ]
  },
  {
    "label_id": "fEXEJZ7FbCjlCrCL5pFRYQ",
    "size": [
      2.278149167867838,
      5.159896609175984,
      2.170000000000016
    ],
    "obj_class": "vehicle",
    "point_num_in_lidar": 268,
    "speed": 6.004832361246671,
    "if_vehicle": true,
    "motion_state": true,
    "pose": [
      [
        0.6837384304795239,
        -0.7293694072855424,
        -0.022847897087781198,
        42.29502838881308
      ],
      [
        0.7296417184593115,
        0.6838023436785144,
        0.006108802134098064,
        32.627247108568554
      ],
      [
        0.011167872184978526,
        -0.02084760167758835,
        0.9997202889484401,
        1.3284400126264018
      ],
      [
        0.0,
        0.0,
        0.0,
        1.0
      ]
    ],
    "location": [
      42.29502838881308,
      32.627247108568554,
      1.3284400126264018
    ],
    "rotation": [
      -0.020850412587454178,
      -0.011168104343393446,
      0.8178644171818488
    ]
  },
  {
    "label_id": "fiKsFjEQXMLc5CuM7tg-6A",
    "size": [
      0.8382113887130436,
      1.0345653599949847,
      2.1299999999999955
    ],
    "obj_class": "pedestrian",
    "point_num_in_lidar": 46,
    "speed": 1.3634657299267066,
    "if_vehicle": false,
    "motion_state": true,
    "pose": [
      [
        0.7748364670616628,
        0.6317487023414189,
        -0.022847897087781198,
        34.67691925298641
      ],
      [
        -0.6317936617500941,
        0.7751125411892741,
        0.006108802134098064,
        48.59250122340745
      ],
      [
        0.02156891939361804,
        0.009701833900815304,
        0.9997202889484401,
        1.3366193609418247
      ],
      [
        0.0,
        0.0,
        0.0,
        1.0
      ]
    ],
    "location": [
      34.67691925298641,
      48.59250122340745,
      1.3366193609418247
    ],
    "rotation": [
      0.009704243734968495,
      -0.021570592119767945,
      -0.6840547043918846
    ]
  },
  {
    "label_id": "hCeYPkT4Qqa-w-KM2vtCNA",
    "size": [
      0.6849875432068361,
      0.6777899754387988,
      1.6499999999999773
    ],
    "obj_class": "pedestrian",
    "point_num_in_lidar": 24,
    "speed": 1.2167475173830786,
    "if_vehicle": false,
    "motion_state": true,
    "pose": [
      [
        0.6736595720134012,
        0.7386885369581603,
        -0.022847897087781198,
        33.58108650183567
      ],
      [
        -0.7387735520317339,
        0.6739260503607956,
        0.006108802134098064,
        55.02123321976978
      ],
      [
        0.01991029515442209,
        0.01276416905682457,
        0.9997202889484401,
        1.1281751501646227
      ],
      [
        0.0,
        0.0,
        0.0,
        1.0
      ]
    ],
    "location": [
      33.58108650183567,
      55.02123321976978,
      1.1281751501646227
    ],
    "rotation": [
      0.012767046624196927,
      -0.019911610861856756,
      -0.8314661219646363
    ]
  },
  {
    "label_id": "hhZ0Rb6EwzVBTTH9qJMP3Q",
    "size": [
      0.7592812340895355,
      0.8286735827888135,
      1.8700000000000045
    ],
    "obj_class": "pedestrian",
    "point_num_in_lidar": 32,
    "speed": 1.1352200883899848,
    "if_vehicle": false,
    "motion_state": true,
    "pose": [
      [
        0.7426115324707911,
        0.6693325671443526,
        -0.022847897087781198,
        27.872067327622062
      ],
      [
        -0.6693911385460919,
        0.7428850423668882,
        0.006108802134098064,
        56.742834495933494
      ],
      [
        0.021062181210643394,
        0.010757712930610393,
        0.9997202889484401,
        1.0740780898696016
      ],
      [
        0.0,
        0.0,
        0.0,
        1.0
      ]
    ],
    "location": [
      27.872067327622062,
      56.742834495933494,
      1.0740780898696016
    ],
    "rotation": [
      0.01076030751320956,
      -0.021063738773190215,
      -0.7335888638211215
    ]
  },
  {
    "label_id": "jIv7yADYV4cZ_R0sYP0YKQ",
    "size": [
      0.5051623804750455,
      0.09243154877498444,
      0.6200000000000045
    ],
    "obj_class": "sign",
    "point_num_in_lidar": 38,
    "speed": 0.014821120855034158,
    "if_vehicle": false,
    "motion_state": false,
    "pose": [
      [
        -0.7283200779408054,
        0.6848560707674024,
        -0.022847897087781198,
        27.83571253442642
      ],
      [
        -0.6851238156996399,
        -0.7284010157170654,
        0.006108802134098064,
        10.978758150391513
      ],
      [
        -0.012458781219084883,
        0.020102801679924603,
        0.9997202889484401,
        3.344410586823983
      ],
      [
        0.0,
        0.0,
        0.0,
        1.0
      ]
    ],
    "location": [
      27.83571253442642,
      10.978758150391513,
      3.344410586823983
    ],
    "rotation": [
      0.020105716613609697,
      0.012459103552823335,
      -2.3867459835286473
    ]
  },
  {
    "label_id": "ll5XKhT6fHP0qdIcTLSOEA",
    "size": [
      0.7902855122682138,
      1.018808088870131,
      1.8199999999999932
    ],
    "obj_class": "pedestrian",
    "point_num_in_lidar": 29,
    "speed": 1.4900362949213257,
    "if_vehicle": false,
    "motion_state": true,
    "pose": [
      [
        -0.7528210817607291,
        0.6578285433570603,
        -0.022847897087781198,
        45.230474995070836
      ],
      [
        -0.6580931571555327,
        -0.7529117338981707,
        0.006108802134098064,
        26.280616880059824
      ],
      [
        -0.013183905402758076,
        0.019634879759716586,
        0.9997202889484401,
        0.9713454798013572
      ],
      [
        0.0,
        0.0,
        0.0,
        1.0
      ]
    ],
    "location": [
      45.230474995070836,
      26.280616880059824,
      0.9713454798013572
    ],
    "rotation": [
      0.019637848586396806,
      0.013184287360181993,
      -2.423233273106413
    ]
  },
  {
    "label_id": "o3kJrPbOaNbNLe5OrS8a7g",
    "size": [
      0.7958708213855158,
      0.8442438505559838,
      1.6499999999999773
    ],
    "obj_class": "pedestrian",
    "point_num_in_lidar": 370,
    "speed": 1.3962938544356065,
    "if_vehicle": false,
    "motion_state": true,
    "pose": [
      [
        -0.5876099435531567,
        0.8088216910024868,
        -0.022847897087781198,
        -4.538606891968811
      ],
      [
        -0.8090998407636109,
        -0.5876394559700583,
        0.006108802134098064,
        8.820091184505145
      ],
      [
        -0.008485394142622827,
        0.0220758227727019,
        0.9997202889484401,
        0.6827674997403506
      ],
      [
        0.0,
        0.0,
        0.0,
        1.0
      ]
    ],
    "location": [
      -4.538606891968811,
      8.820091184505145,
      0.6827674997403506
    ],
    "rotation": [
      0.02207841123254542,
      0.008485495973358471,
      -2.198924327017467
    ]
  },
  {
    "label_id": "pvMYpGQKufPXLflpCPfzgw",
    "size": [
      0.8970275348038499,
      0.8911068298826499,
      1.8500000000000227
    ],
    "obj_class": "pedestrian",
    "point_num_in_lidar": 23,
    "speed": 0.9020271031418196,
    "if_vehicle": false,
    "motion_state": false,
    "pose": [
      [
        0.7594200622482351,
        0.6501993099454604,
        -0.022847897087781198,
        36.91655853079283
      ],
      [
        -0.6502508953967638,
        0.7596949753501029,
        0.006108802134098064,
        48.857304524688516
      ],
      [
        0.02132937154708754,
        0.010217718642323934,
        0.9997202889484401,
        1.1010666671455738
      ],
      [
        0.0,
        0.0,
        0.0,
        1.0
      ]
    ],
    "location": [
      36.91655853079283,
      48.857304524688516,
      1.1010666671455738
    ],
    "rotation": [
      0.010220221591893947,
      -0.021330989149751865,
      -0.7081094147045827
    ]
  },
  {
    "label_id": "rthOj-5Y658EJgoNwV8xAw",
    "size": [
      2.1199929159371056,
      4.601915778446521,
      1.8199999999999932
    ],
    "obj_class": "vehicle",
    "point_num_in_lidar": 33,
    "speed": 3.639754730461873e-12,
    "if_vehicle": true,
    "motion_state": false,
    "pose": [
      [
        -0.7111917722618912,
        -0.7026266694807822,
        -0.022847897087781198,
        47.57366195793293
      ],
      [
        0.7026977004178484,
        -0.711462314085542,
        0.006108802134098064,
        9.77247744655324
      ],
      [
        -0.020547625032059542,
        -0.01171063492682108,
        0.9997202889484401,
        0.8733218658193778
      ],
      [
        0.0,
        0.0,
        0.0,
        1.0
      ]
    ],
    "location": [
      47.57366195793293,
      9.77247744655324,
      0.8733218658193778
    ],
    "rotation": [
      -0.011713375703811202,
      0.02054907119147841,
      2.362202010457112
    ]
  },
  {
    "label_id": "wmNFmBfoLbGSW_8piBj_Dg",
    "size": [
      0.9101999840541918,
      1.093022932047147,
      1.8600000000000136
    ],
    "obj_class": "pedestrian",
    "point_num_in_lidar": 42,
    "speed": 1.552489428334615,
    "if_vehicle": false,
    "motion_state": true,
    "pose": [
      [
        -0.696793452582454,
        0.7169078448705173,
        -0.022847897087781198,
        44.926894401451136
      ],
      [
        -0.7171789579232681,
        -0.696862271075556,
        0.006108802134098064,
        27.32402560220362
      ],
      [
        -0.011542389281195128,
        0.020642604354314247,
        0.9997202889484401,
        1.1545653577383632
      ],
      [
        0.0,
        0.0,
        0.0,
        1.0
      ]
    ],
    "location": [
      44.926894401451136,
      27.32402560220362,
      1.1545653577383632
    ],
    "rotation": [
      0.020645446167408817,
      0.011542645589064078,
      -2.341778301479086
    ]
  },
  {
    "label_id": "yTVgnYwyjTRw5pnXt0gNAQ",
    "size": [
      0.9271316204297342,
      0.9103726641683407,
      1.910000000000025
    ],
    "obj_class": "pedestrian",
    "point_num_in_lidar": 35,
    "speed": 0.05908809888205135,
    "if_vehicle": false,
    "motion_state": false,
    "pose": [
      [
        -0.9299066164785996,
        -0.36708535550739246,
        -0.022847897087781198,
        53.01309952337033
      ],
      [
        0.3670444944743005,
        -0.9301833268837879,
        0.006108802134098064,
        35.51281391014345
      ],
      [
        -0.02349518472853043,
        -0.002705579313129112,
        0.9997202889484401,
        1.2120568332243806
      ],
      [
        0.0,
        0.0,
        0.0,
        1.0
      ]
    ],
    "location": [
      53.01309952337033,
      35.51281391014345,
      1.2120568332243806
    ],
    "rotation": [
      -0.002706329698031827,
      0.023497346915506073,
      2.7656539428630933
    ]
  }
]