[
  {
    "label_id": "2hf_zxmh57uIBDxAHHUiSQ",
    "size": [
      1.0409512050767153,
      1.0296883973807744,
      1.8199999999999932
    ],
    "obj_class": "pedestrian",
    "point_num_in_lidar": 78,
    "speed": 1.5061375404776072,
    "if_vehicle": false,
    "motion_state": true,
    "pose": [
      [
        0.7519081657730398,
        -0.6590912108780693,
        -0.015260602448902675,
        -14.982741043579153
      ],
      [
        0.6591886230828381,
        0.7519752229762448,
        0.0019034778640151118,
        -34.66780029646907
      ],
      [
        0.010221029398992096,
        -0.011490856065027928,
        0.9998817383995559,
        0.5917762936639406
      ],
      [
        0.0,
        0.0,
        0.0,
        1.0
      ]
    ],
    "location": [
      -14.982741043579153,
      -34.66780029646907,
      0.5917762936639406
    ],
    "rotation": [
      -0.011491709263387858,
      -0.010221207371565223,
      0.7197850529476002
    ]
  },
  {
    "label_id": "7icJBEuPRDJAEFyjeeK9Tw",
    "size": [
      2.0299898428512524,
      4.529825083229547,
      1.5699999999999932
    ],
    "obj_class": "vehicle",
    "point_num_in_lidar": 906,
    "speed": 11.119150743928264,
    "if_vehicle": true,
    "motion_state": true,
    "pose": [
      [
        0.7071062670177877,
        -0.7069426010342466,
        -0.015260602448902675,
        -40.331866290762264
      ],
      [
        0.7070441977344086,
        0.7071667973131429,
        0.0019034778640151118,
        -35.31025428034627
      ],
      [
        0.009446141766661656,
        -0.01213588154220286,
        0.9998817383995559,
        0.11619903851851632
      ],
      [
        0.0,
        0.0,
        0.0,
        1.0
      ]
    ],
    "location": [
      -40.331866290762264,
      -35.31025428034627,
      0.11619903851851632
    ],
    "rotation": [
      -0.012136720972630275,
      -0.009446282251535548,
      0.7853542718279963
    ]
  },
  {
    "label_id": "8KC4pvYukwuR-iDaJSPm0A",
    "size": [
      0.8324296113856383,
      0.6691068608769164,
      1.7699999999999818
    ],
    "obj_class": "pedestrian",
    "point_num_in_lidar": 26,
    "speed": 0.11736644092901506,
    "if_vehicle": false,
    "motion_state": false,
    "pose": [
      [
        -0.9409545099247453,
        0.3381888884413252,
        -0.015260602448902675,
        -5.434081183695525
      ],
      [
        -0.33825500158469163,
        -0.9410525653091657,
        0.0019034778640151118,
        -27.62748967098014
      ],
      [
        -0.01371729401969926,
        0.0069530611862238636,
        0.9998817383995559,
        0.6424690947033014
      ],
      [
        0.0,
        0.0,
        0.0,
        1.0
      ]
    ],
    "location": [
      -5.434081183695525,
      -27.62748967098014,
      0.6424690947033014
    ],
    "rotation": [
      0.006953771478393073,
      0.013717724239968861,
      -2.7964968545613935
    ]
  },
  {
    "label_id": "8bPM-71hYczZoq4MQzEhzA",
    "size": [
      0.8141186064450083,
      0.944239601550178,
      1.7799999999999727
    ],
    "obj_class": "pedestrian",
    "point_num_in_lidar": 29,
    "speed": 1.4253553293171448,
    "if_vehicle": false,
    "motion_state": true,
    "pose": [
      [
        -0.7393242816500889,
        0.6731765894440156,
        -0.015260602448902675,
        -9.052290932631877
      ],
      [
        -0.6732752509281819,
        -0.7393894868468276,
        0.0019034778640151118,
        -26.62509919506556
      ],
      [
        -0.010002152277087718,
        0.011681873347549991,
        0.9998817383995559,
        0.542469094703165
      ],
      [
        0.0,
        0.0,
        0.0,
        1.0
      ]
    ],
    "location": [
      -9.052290932631877,
      -26.62509919506556,
      0.542469094703165
    ],
    "rotation": [
      0.011682723489460003,
      0.010002319058899922,
      -2.4029175419605515
    ]
  },
  {
    "label_id": "BHzqnH_Ada8bMh2LSKcUTA",
    "size": [
      2.345174183438778,
      5.279915019783388,
      1.920000000000016
    ],
    "obj_class": "vehicle",
    "point_num_in_lidar": 1106,
    "speed": 2.5421149729252077e-12,
    "if_vehicle": true,
    "motion_state": false,
    "pose": [
      [
        0.719653240315357,
        -0.6941659223244134,
        -0.015260602448902675,
        -41.61000433379013
      ],
      [
        0.6942664187165961,
        0.7197155803610572,
        0.0019034778640151118,
        -31.682587273760873
      ],
      [
        0.009661963881073207,
        -0.011964767822364405,
        0.9998817383995559,
        0.27386457924916385
      ],
      [
        0.0,
        0.0,
        0.0,
        1.0
      ]
    ],
    "location": [
      -41.61000433379013,
      -31.682587273760873,
      0.27386457924916385
    ],
    "rotation": [
      -0.011965611867320041,
      -0.009662114217153775,
      0.7674451673400402
    ]
  },
  {
    "label_id": "DROpRU2O2l1bST80hN7VYA",
    "size": [
      1.9402873955046547,
      4.47638154479513,
      1.6299999999999955
    ],
    "obj_class": "vehicle",
    "point_num_in_lidar": 607,
    "speed": 3.410605131648481e-12,
    "if_vehicle": true,
    "motion_state": false,
    "pose": [
      [
        0.7283395771646842,
        -0.6850464030622055,
        -0.015260602448902675,
        -54.273581792145706
      ],
      [
        0.68514610627298,
        0.7284031780758481,
        0.0019034778640151118,
        -44.9523283747767
      ],
      [
        0.009811900659080698,
        -0.011842120609864674,
        0.9998817383995559,
        -0.06796578222599692
      ],
      [
        0.0,
        0.0,
        0.0,
        1.0
      ]
    ],
    "location": [
      -54.273581792145706,
      -44.9523283747767,
      -0.06796578222599692
    ],
    "rotation": [
      -0.011842967530633214,
      -0.009812058103398988,
      0.7548495457121982
    ]
  },
  {
    "label_id": "NYhYuBiTZ9sOaLNV97xSOQ",
    "size": [
      0.8931604761294277,
      1.050725141645671,
      1.8799999999999955
    ],
    "obj_class": "pedestrian",
    "point_num_in_lidar": 43,
    "speed": 1.5508858827526706,
    "if_vehicle": false,
    "motion_state": true,
    "pose": [
      [
        -0.7435693706338061,
        0.6684846333822059,
        -0.015260602448902675,
        -13.22589319144754
      ],
      [
        -0.6685828802695067,
        -0.7436351988593276,
        0.0019034778640151118,
        -31.45423296417721
      ],
      [
        -0.010075875434725597,
        0.011618345377296337,
        0.9998817383995559,
        0.5439405286454075
      ],
      [
        0.0,
        0.0,
        0.0,
        1.0
      ]
    ],
    "location": [
      -13.22589319144754,
      -31.45423296417721,
      0.5439405286454075
    ],
    "rotation": [
      0.011619196629645494,
      0.010076045931811566,
      -2.4092455188590645
    ]
  },
  {
    "label_id": "NlJU_WMYvN_N99IuqlZ53g",
    "size": [
      2.1654689213706324,
      4.5128286428445925,
      1.6100000000000136
    ],
    "obj_class": "vehicle",
    "point_num_in_lidar": 1071,
    "speed": 0.016111043984565185,
    "if_vehicle": true,
    "motion_state": false,
    "pose": [
      [
        0.6996537861891629,
        -0.7143190418041967,
        -0.015260602448902675,
        -31.045755640145217
      ],
      [
        0.7144212676895914,
        0.6997132477271089,
        0.0019034778640151118,
        -45.23414389989193
      ],
      [
        0.00931835521787519,
        -0.012234274441737364,
        0.9998817383995559,
        0.10253316137982438
      ],
      [
        0.0,
        0.0,
        0.0,
        1.0
      ]
    ],
    "location": [
      -31.045755640145217,
      -45.23414389989193,
      0.10253316137982438
    ],
    "rotation": [
      -0.012235110897552736,
      -0.009318490077983896,
      0.7958409928956681
    ]
  },
  {
    "label_id": "OF0jw_9z_nDOmGDeF370vg",
    "size": [
      0.2934515309609818,
      0.06591891278135578,
      0.37999999999999545
    ],
    "obj_class": "sign",
    "point_num_in_lidar": 40,
    "speed": 0.02276048027836779,
    "if_vehicle": false,
    "motion_state": false,
    "pose": [
      [
        -0.7465231040725585,
        0.6651844624604282,
        -0.015260602448902675,
        -37.1458553651064
      ],
      [
        -0.6652824168002267,
        -0.7465893668332484,
        0.0019034778640151118,
        -53.29662166249909
      ],
      [
        -0.010127239620039951,
        0.011573600682611393,
        0.9998817383995559,
        1.6311165185082928
      ],
      [
        0.0,
        0.0,
        0.0,
        1.0
      ]
    ],
    "location": [
      -37.1458553651064,
      -53.29662166249909,
      1.6311165185082928
    ],
    "rotation": [
      0.011574452660755196,
      0.01012741273797049,
      -2.413674924482099
    ]
  },
  {
    "label_id": "RhiI1MsdwLatM0myIPZIDA",
    "size": [
      0.7343155073087166,
      0.5408710243392004,
      2.10489804689621
    ],
    "obj_class": "pedestrian",
    "point_num_in_lidar": 43,
    "speed": 1.1368683772161603e-12,
    "if_vehicle": false,
    "motion_state": false,
    "pose": [
      [
        -0.7101672173116976,
        -0.7038676278027401,
        -0.015260602448902675,
        -11.90999631716113
      ],
      [
        0.703927693093409,
        -0.7102690896190068,
        0.0019034778640151118,
        -27.83950463803194
      ],
      [
        -0.012178930657139032,
        -0.009390573099169663,
        0.9998817383995559,
        0.6100200712552919
      ],
      [
        0.0,
        0.0,
        0.0,
        1.0
      ]
    ],
    "location": [
      -11.90999631716113,
      -27.83950463803194,
      0.6100200712552919
    ],
    "rotation": [
      -0.009391407662174497,
      0.01217923175329586,
      2.360606841640762
    ]
  },
  {
    "label_id": "RokbWhTb7JlqZPd02C711g",
    "size": [
      0.44174254455306755,
      0.07569375056485403,
      0.4800000000000182
    ],
    "obj_class": "sign",
    "point_num_in_lidar": 32,
    "speed": 0.007928581725180715,
    "if_vehicle": false,
    "motion_state": false,
    "pose": [
      [
        -0.5430348078443064,
        0.8395715046870005,
        -0.015260602448902675,
        -40.30718496717964
      ],
      [
        -0.8396835403413132,
        -0.5430726736376078,
        0.0019034778640151118,
        -27.80322359244019
      ],
      [
        -0.006689510398816636,
        0.013847731428157248,
        0.9998817383995559,
        2.388757399130043
      ],
      [
        0.0,
        0.0,
        0.0,
        1.0
      ]
    ],
    "location": [
      -40.30718496717964,
      -27.80322359244019,
      2.388757399130043
    ],
    "rotation": [
      0.013848483919060193,
      0.006689560291917336,
      -2.1448578139452796
    ]
  },
  {
    "label_id": "S1RXYsXUlvS5ADN46Sae3g",
    "size": [
      0.7987911559450924,
      0.9247217205798178,
      1.7099999999999795
    ],
    "obj_class": "pedestrian",
    "point_num_in_lidar": 43,
    "speed": 1.456454514708951,
    "if_vehicle": false,
    "motion_state": true,
    "pose": [
      [
        -0.7255225459857819,
        0.6880291776365344,
        -0.015260602448902675,
        -8.431532811184297
      ],
      [
        -0.688129140976857,
        -0.7255857372567863,
        0.0019034778640151118,
        -27.15691751511622
      ],
      [
        -0.009763227169442104,
        0.011882281360080538,
        0.9998817383995559,
        0.5294672362504116
      ],
      [
        0.0,
        0.0,
        0.0,
        1.0
      ]
    ],
    "location": [
      -8.431532811184297,
      -27.15691751511622,
      0.5294672362504116
    ],
    "rotation": [
      0.011883127378578221,
      0.009763382282215348,
      -2.382639963118101
    ]
  },
  {
    "label_id": "VPKs0FbpUW28hc24fnHzgA",
    "size": [
      0.37102471546975613,
      0.08798777365180024,
      0.4200000000000159
    ],
    "obj_class": "sign",
    "point_num_in_lidar": 101,
    "speed": 0.04175063152432966,
    "if_vehicle": false,
    "motion_state": false,
    "pose": [
      [
        0.10989153918317608,
        0.9938264253021497,
        -0.015260602448902675,
        -55.02984591923814
      ],
      [
        -0.9939371756853167,
        0.10993301397995654,
        0.0019034778640151118,
        -43.0157327322886
      ],
      [
        0.0035693706235936855,
        0.014958903985041027,
        0.9998817383995559,
        0.30521004710016086
      ],
      [
        0.0,
        0.0,
        0.0,
        1.0
      ]
    ],
    "location": [
      -55.02984591923814,
      -43.0157327322886,
      0.30521004710016086
    ],
    "rotation": [
      0.01495955723341309,
      -0.0035693782028426756,
      -1.460681694865084
    ]
  },
  {
    "label_id": "X0kquEodguiU6bxqX_xtSw",
    "size": [
      2.5416175595249517,
      5.926376027608194,
      2.8000000000000114
    ],
    "obj_class": "vehicle",
    "point_num_in_lidar": 698,
    "speed": 0.003479130963444938,
    "if_vehicle": true,
    "motion_state": false,
    "pose": [
      [
        0.7181183091441887,
        -0.6957536978592267,
        -0.015260602448902675,
        -32.94681243820742
      ],
      [
        0.695854331694198,
        0.7181804270755661,
        0.0019034778640151118,
        -23.267666590269073
      ],
      [
        0.009635514221501657,
        -0.011986078623531935,
        0.9998817383995559,
        0.7634418194137425
      ],
      [
        0.0,
        0.0,
        0.0,
        1.0
      ]
    ],
    "location": [
      -32.94681243820742,
      -23.267666590269073,
      0.7634418194137425
    ],
    "rotation": [
      -0.011986922132190022,
      -0.00963566332628809,
      0.7696537726397867
    ]
  },
  {
    "label_id": "Z5QKATZnhdyAEhR8O_ebsQ",
    "size": [
      2.2367212920045034,
      5.270744933136602,
      1.9800000000000182
    ],
    "obj_class": "vehicle",
    "point_num_in_lidar": 8021,
    "speed": 12.013305692199792,
    "if_vehicle": true,
    "motion_state": true,
    "pose": [
      [
        0.7033008258876478,
        -0.7107285433403173,
        -0.015260602448902675,
        -52.414672027640336
      ],
      [
        0.7108304635358446,
        0.7033608098845412,
        0.0019034778640151118,
        -47.12222053069854
      ],
      [
        0.009380853648214199,
        -0.012186418666410416,
        0.9998817383995559,
        0.27877662101985834
      ],
      [
        0.0,
        0.0,
        0.0,
        1.0
      ]
    ],
    "location": [
      -52.414672027640336,
      -47.12222053069854,
      0.27877662101985834
    ],
    "rotation": [
      -0.012187256598472881,
      -0.009380991240165549,
      0.7907226806810173
    ]
  },
  {
    "label_id": "_md0d61Qn6UYicamaGvcYg",
    "size": [
      2.166074573472384,
      4.745512814368736,
      1.8500000000000227
    ],
    "obj_class": "vehicle",
    "point_num_in_lidar": 22,
    "speed": 1.1368683772161603e-12,
    "if_vehicle": true,
    "motion_state": false,
    "pose": [
      [
        0.7114137093997897,
        -0.7026077483852056,
        -0.015260602448902675,
        10.642055017568055
      ],
      [
        0.702708973242474,
        0.711474859497178,
        0.0019034778640151118,
        -3.900098317528318
      ],
      [
        0.009520136687038584,
        -0.01207792252592936,
        0.9998817383995559,
        0.821448065994332
      ],
      [
        0.0,
        0.0,
        0.0,
        1.0
      ]
    ],
    "location": [
      10.642055017568055,
      -3.900098317528318,
      0.821448065994332
    ],
    "rotation": [
      -0.01207876359846843,
      -0.00952028049933278,
      0.779242667610065
    ]
  },
  {
    "label_id": "aO6S2DOwu2JmbOKPLq_mzw",
    "size": [
      2.171981657856912,
      4.723586185109283,
      1.8000000000000114
    ],
    "obj_class": "vehicle",
    "point_num_in_lidar": 163,
    "speed": 3.410605131648481e-12,
    "if_vehicle": true,
    "motion_state": false,
    "pose": [
      [
        0.6877249951431875,
        -0.7258108879509865,
        -0.015260602448902675,
        -8.839716672904615
      ],
      [
        0.7259140847981865,
        0.6877827551368474,
        0.0019034778640151118,
        -23.194511769317614
      ],
      [
        0.009114414238678547,
        -0.012386955564949106,
        0.9998817383995559,
        0.49753316137986303
      ],
      [
        0.0,
        0.0,
        0.0,
        1.0
      ]
    ],
    "location": [
      -8.839716672904615,
      -23.194511769317614,
      0.49753316137986303
    ],
    "rotation": [
      -0.01238778693520081,
      -0.009114540436330278,
      0.8124063327243312
    ]
  },
  {
    "label_id": "bwZF2LJcA65WTqFDeppzlQ",
    "size": [
      0.94793532335322,
      1.1505975368798351,
      2.0407139576173563
    ],
    "obj_class": "pedestrian",
    "point_num_in_lidar": 230,
    "speed": 1.4281905465317648,
    "if_vehicle": false,
    "motion_state": true,
    "pose": [
      [
        -0.7032637250171355,
        0.7107652545587181,
        -0.015260602448902675,
        -31.88766015046349
      ],
      [
        -0.7108671778852613,
        -0.70332370369373,
        0.0019034778640151118,
        -49.131738626041624
      ],
      [
        -0.00938021750639625,
        0.012186908328815279,
        0.9998817383995559,
        0.37171477430865707
      ],
      [
        0.0,
        0.0,
        0.0,
        1.0
      ]
    ],
    "location": [
      -31.88766015046349,
      -49.131738626041624,
      0.37171477430865707
    ],
    "rotation": [
      0.012187746246055753,
      0.009380355070357279,
      -2.3508177746543453
    ]
  },
  {
    "label_id": "eUEuH1gDX0R423tN5afxWg",
    "size": [
      2.0456442292105583,
      4.613331169730791,
      1.8600000000000136
    ],
    "obj_class": "vehicle",
    "point_num_in_lidar": 1848,
    "speed": 2.3437142008433857e-12,
    "if_vehicle": true,
    "motion_state": false,
    "pose": [
      [
        0.7016464430878693,
        -0.7123618342633455,
        -0.015260602448902675,
        -46.091243999413564
      ],
      [
        0.7124638936493848,
        0.7017061899527319,
        0.0019034778640151118,
        -36.26356389652938
      ],
      [
        0.009352494218113348,
        -0.012208196712963233,
        0.9998817383995559,
        0.13732941417811162
      ],
      [
        0.0,
        0.0,
        0.0,
        1.0
      ]
    ],
    "location": [
      -46.091243999413564,
      -36.26356389652938,
      0.13732941417811162
    ],
    "rotation": [
      -0.012209033980154606,
      -0.009352630565930529,
      0.7930476651977946
    ]
  },
  {
    "label_id": "ej3ztPVfgmjRdVBS07uFPA",
    "size": [
      2.8984884358587197,
      7.210999804175714,
      3.1999999999999886
    ],
    "obj_class": "vehicle",
    "point_num_in_lidar": 357,
    "speed": 1.1368683772161603e-12,
    "if_vehicle": true,
    "motion_state": false,
    "pose": [
      [
        0.7452001758726498,
        -0.6666661922523659,
        -0.015260602448902675,
        -0.29113356373636634
      ],
      [
        0.6667642780364366,
        0.7452662439065456,
        0.0019034778640151118,
        -13.87985897258477
      ],
      [
        0.010104227527205106,
        -0.011593696613277424,
        0.9998817383995559,
        1.307533161379979
      ],
      [
        0.0,
        0.0,
        0.0,
        1.0
      ]
    ],
    "location": [
      -0.29113356373636634,
      -13.87985897258477,
      1.307533161379979
    ],
    "rotation": [
      -0.011594548271193264,
      -0.010104399467653296,
      0.7299042982161978
    ]
  },
  {
    "label_id": "gqShE5LrMsdlqXDBBs3iLg",
    "size": [
      0.7963243405583069,
      0.9480439784045782,
      1.8400000000000318
    ],
    "obj_class": "pedestrian",
    "point_num_in_lidar": 70,
    "speed": 1.5561139186064743,
    "if_vehicle": false,
    "motion_state": true,
    "pose": [
      [
        -0.7194841873006529,
        0.6943411396692662,
        -0.015260602448902675,
        -16.212135917463456
      ],
      [
        -0.6944416512384752,
        -0.7195465028733037,
        0.0019034778640151118,
        -33.916331356922456
      ],
      [
        -0.00965905013441222,
        0.011967120187545586,
        0.9998817383995559,
        0.4671637196719871
      ],
      [
        0.0,
        0.0,
        0.0,
        1.0
      ]
    ],
    "location": [
      -16.212135917463456,
      -33.916331356922456,
      0.4671637196719871
    ],
    "rotation": [
      0.011967964173836696,
      0.00965920033451999,
      -2.373903989039602
    ]
  },
  {
    "label_id": "j-cWwH8EWwAQoJ4JIFLZLQ",
    "size": [
      0.8325640802680428,
      1.057976079421576,
      2.2889746724247857
    ],
    "obj_class": "pedestrian",
    "point_num_in_lidar": 34,
    "speed": 1.4117246623477795,
    "if_vehicle": false,
    "motion_state": true,
    "pose": [
      [
        -0.7596418676939978,
        0.6501625541810844,
        -0.015260602448902675,
        -5.135564203548711
      ],
      [
        -0.6502591674082516,
        -0.7597100709965273,
        0.0019034778640151118,
        -23.68178671014175
      ],
      [
        -0.010356063340010411,
        0.0113693081223064,
        0.9998817383995559,
        0.7224525365531349
      ],
      [
        0.0,
        0.0,
        0.0,
        1.0
      ]
    ],
    "location": [
      -5.135564203548711,
      -23.68178671014175,
      0.7224525365531349
    ],
    "rotation": [
      0.011370162828068107,
      0.010356248460207612,
      -2.4336212249331637
    ]
  },
  {
    "label_id": "jzfnKJYpY0Uvm7AA9TAtdQ",
    "size": [
      0.7686887591313079,
      0.8285929213870986,
      1.6899999999999977
    ],
    "obj_class": "pedestrian",
    "point_num_in_lidar": 70,
    "speed": 0.7703375339256072,
    "if_vehicle": false,
    "motion_state": false,
    "pose": [
      [
        0.8061708114799434,
        -0.5914860410277374,
        -0.015260602448902675,
        -46.89210139500938
      ],
      [
        0.591577278826658,
        0.8062460542217046,
        0.0019034778640151118,
        -32.13733677833807
      ],
      [
        0.011177919923503631,
        -0.01056235396424445,
        0.9998817383995559,
        0.3074774057982381
      ],
      [
        0.0,
        0.0,
        0.0,
        1.0
      ]
    ],
    "location": [
      -46.89210139500938,
      -32.13733677833807,
      0.3074774057982381
    ],
    "rotation": [
      -0.010563210329356696,
      -0.011178152709125033,
      0.6330596029165716
    ]
  },
  {
    "label_id": "la6mIbsiU-_4PjDPXVc2eQ",
    "size": [
      2.067761682869097,
      4.724597843100884,
      1.509999999999991
    ],
    "obj_class": "vehicle",
    "point_num_in_lidar": 87,
    "speed": 0.002098021000977299,
    "if_vehicle": true,
    "motion_state": false,
    "pose": [
      [
        0.692272128415446,
        -0.7214751653605583,
        -0.015260602448902675,
        -22.990445818039007
      ],
      [
        0.7215779972293402,
        0.6923305357172364,
        0.0019034778640151118,
        -13.233576726641331
      ],
      [
        0.009192069062116094,
        -0.012329439623905786,
        0.9998817383995559,
        0.2611486313388127
      ],
      [
        0.0,
        0.0,
        0.0,
        1.0
      ]
    ],
    "location": [
      -22.990445818039007,
      -13.233576726641331,
      0.2611486313388127
    ],
    "rotation": [
      -0.012330272977341506,
      -0.009192198513023482,
      0.806122901044403
    ]
  },
  {
    "label_id": "naDJ-x7myR3LWnjB3v-3Ig",
    "size": [
      1.977517518987999,
      4.74639619775544,
      1.5199999999999818
    ],
    "obj_class": "vehicle",
    "point_num_in_lidar": 204,
    "speed": 1.1368683772161603e-12,
    "if_vehicle": true,
    "motion_state": false,
    "pose": [
      [
        0.6808201193091608,
        -0.7322916626295543,
        -0.015260602448902675,
        -37.4614848744277
      ],
      [
        0.7323954018835508,
        0.6808768993524846,
        0.0019034778640151118,
        -27.839169635211874
      ],
      [
        0.00899669070784161,
        -0.012472721090030288,
        0.9998817383995559,
        0.09593463511936307
      ],
      [
        0.0,
        0.0,
        0.0,
        1.0
      ]
    ],
    "location": [
      -37.4614848744277,
      -27.839169635211874,
      0.09593463511936307
    ],
    "rotation": [
      -0.01247354935069403,
      -0.008996812078285303,
      0.8218769613224499
    ]
  },
  {
    "label_id": "oRjMPH_qzXEzVpMM4FENNw",
    "size": [
      0.9393771529852569,
      0.932946907593988,
      1.9499999999999886
    ],
    "obj_class": "pedestrian",
    "point_num_in_lidar": 24,
    "speed": 0.016551221388975256,
    "if_vehicle": false,
    "motion_state": false,
    "pose": [
      [
        0.5267809382649934,
        0.8498640815410131,
        -0.015260602448902675,
        -10.593775189427106
      ],
      [
        -0.8499462137695135,
        0.526866027060855,
        0.0019034778640151118,
        5.9008854392013745
      ],
      [
        0.009657990449443358,
        0.01196797541611407,
        0.9998817383995559,
        0.8367654600134529
      ],
      [
        0.0,
        0.0,
        0.0,
        1.0
      ]
    ],
    "location": [
      -10.593775189427106,
      5.9008854392013745,
      0.8367654600134529
    ],
    "rotation": [
      0.011968819381044209,
      -0.009658140600120246,
      -1.0159584458785913
    ]
  },
  {
    "label_id": "oZJhcB1wAq2Kn4BM-9cvFw",
    "size": [
      0.7875251173379462,
      0.9658210290236487,
      2.44029251096174
    ],
    "obj_class": "pedestrian",
    "point_num_in_lidar": 38,
    "speed": 1.436115899831261,
    "if_vehicle": false,
    "motion_state": true,
    "pose": [
      [
        -0.7213262820907304,
        0.6924272588352228,
        -0.015260602448902675,
        -5.715768958652916
      ],
      [
        -0.6925276044979505,
        -0.7213888644693315,
        0.0019034778640151118,
        -23.32235913083423
      ],
      [
        -0.009690808712098292,
        0.01194141706782615,
        0.9998817383995559,
        0.7030716129875714
      ],
      [
        0.0,
        0.0,
        0.0,
        1.0
      ]
    ],
    "location": [
      -5.715768958652916,
      -23.32235913083423,
      0.7030716129875714
    ],
    "rotation": [
      0.011942261687937866,
      0.009690960398680825,
      -2.376560594545746
    ]
  },
  {
    "label_id": "r6oiDLYtLOCbBdMrFxcTrA",
    "size": [
      1.0165560464923529,
      0.960914637776161,
      1.8814478954579386
    ],
    "obj_class": "pedestrian",
    "point_num_in_lidar": 42,
    "speed": 1.4432127177273106,
    "if_vehicle": false,
    "motion_state": true,
    "pose": [
      [
        0.6777033555841253,
        -0.7351770370753654,
        -0.015260602448902675,
        -7.036694068967336
      ],
      [
        0.7352810165831547,
        0.6777596944525868,
        0.0019034778640151118,
        -26.730261355507537
      ],
      [
        0.008943628036725501,
        -0.012510824618023683,
        0.9998817383995559,
        0.7267762936637041
      ],
      [
        0.0,
        0.0,
        0.0,
        1.0
      ]
    ],
    "location": [
      -7.036694068967336,
      -26.730261355507537,
      0.7267762936637041
    ],
    "rotation": [
      -0.012511651438376471,
      -0.008943747272223133,
      0.8261246038437156
    ]
  },
  {
    "label_id": "sbIlgMruTdmIvjl7qLOaug",
    "size": [
      2.098058886449246,
      4.404337211056571,
      1.8700000000000045
    ],
    "obj_class": "vehicle",
    "point_num_in_lidar": 5305,
    "speed": 2.3437142008433857e-12,
    "if_vehicle": true,
    "motion_state": false,
    "pose": [
      [
        0.7207254705003424,
        -0.6930526027546225,
        -0.015260602448902675,
        -50.98778949309053
      ],
      [
        0.6931530026571385,
        0.7207879658258829,
        0.0019034778640151118,
        -41.22600537263497
      ],
      [
        0.009680448308480565,
        -0.011949817388943048,
        0.9998817383995559,
        0.1720342177737848
      ],
      [
        0.0,
        0.0,
        0.0,
        1.0
      ]
    ],
    "location": [
      -50.98778949309053,
      -41.22600537263497,
      0.1720342177737848
    ],
    "rotation": [
      -0.01195066180364628,
      -0.009680599509066874,
      0.7658993352536176
    ]
  },
  {
    "label_id": "u79uIuM0rLMrabgETf5Leg",
    "size": [
      0.8598185322165313,
      0.8124183169350212,
      1.738961588206962
    ],
    "obj_class": "pedestrian",
    "point_num_in_lidar": 242,
    "speed": 1.4258550145423805,
    "if_vehicle": false,
    "motion_state": true,
    "pose": [
      [
        -0.699133630591491,
        0.7148281475913334,
        -0.015260602448902675,
        -53.66948887200124
      ],
      [
        -0.7149304167331468,
        -0.6991930177009709,
        0.0019034778640151118,
        -40.3607339148366
      ],
      [
        -0.00930944712266806,
        0.012241054258212291,
        0.9998817383995559,
        0.16328417057377465
      ],
      [
        0.0,
        0.0,
        0.0,
        1.0
      ]
    ],
    "location": [
      -53.66948887200124,
      -40.3607339148366,
      0.16328417057377465
    ],
    "rotation": [
      0.012241890500358005,
      0.009309581596368511,
      -2.345023759207747
    ]
  },
  {
    "label_id": "vTZiHrh_Bzrfl4NGjvU2BA",
    "size": [
      0.8917155356578629,
      0.92299471695208,
      2.0088708286700125
    ],
    "obj_class": "pedestrian",
    "point_num_in_lidar": 342,
    "speed": 1.3174981564132333,
    "if_vehicle": false,
    "motion_state": true,
    "pose": [
      [
        -0.7019374736929456,
        0.7120750641880828,
        -0.015260602448902675,
        -54.28605583299213
      ],
      [
        -0.7121770991515111,
        -0.7019972622568839,
        0.0019034778640151118,
        -39.63848993391002
      ],
      [
        -0.009357482017321221,
        0.012204374026461164,
        0.9998817383995559,
        0.19137270038839915
      ],
      [
        0.0,
        0.0,
        0.0,
        1.0
      ]
    ],
    "location": [
      -54.28605583299213,
      -39.63848993391002,
      0.19137270038839915
    ],
    "rotation": [
      0.012205211411194336,
      0.00935761858340836,
      -2.3489536013008516
    ]
  },
  {
    "label_id": "xDm7BiIYwCesl8cTVs76OA",
    "size": [
      0.7314666989668074,
      1.0616612690474252,
      1.8199999999999932
    ],
    "obj_class": "pedestrian",
    "point_num_in_lidar": 61,
    "speed": 1.58257277760744,
    "if_vehicle": false,
    "motion_state": true,
    "pose": [
      [
        -0.7513775380606135,
        0.6596960734390254,
        -0.015260602448902675,
        -16.698374224662984
      ],
      [
        -0.659793539574564,
        -0.7514445168525015,
        0.0019034778640151118,
        -33.457803378245444
      ],
      [
        -0.0102117791613249,
        0.011499077417018305,
        0.9998817383995559,
        0.47308439330680585
      ],
      [
        0.0,
        0.0,
        0.0,
        1.0
      ]
    ],
    "location": [
      -16.698374224662984,
      -33.457803378245444,
      0.47308439330680585
    ],
    "rotation": [
      0.011499930501199268,
      0.010211956651113808,
      -2.4210028911629875
    ]
  },
  {
    "label_id": "y9KK37JslDX9HDSLE-uyFw",
    "size": [
      0.940765598377823,
      0.957469555133672,
      1.740000000000009
    ],
    "obj_class": "pedestrian",
    "point_num_in_lidar": 176,
    "speed": 0.9564449716397178,
    "if_vehicle": false,
    "motion_state": false,
    "pose": [
      [
        -0.7473671822316394,
        0.6642359587797366,
        -0.015260602448902675,
        -46.89148199988267
      ],
      [
        -0.6643338288972356,
        -0.7474335693255687,
        0.0019034778640151118,
        -33.209077113788226
      ],
      [
        -0.01014192811442176,
        0.011560731343827317,
        0.9998817383995559,
        0.33247740579827223
      ],
      [
        0.0,
        0.0,
        0.0,
        1.0
      ]
    ],
    "location": [
      -46.89148199988267,
      -33.209077113788226,
      0.33247740579827223
    ],
    "rotation": [
      0.011561583522132143,
      0.010142101986736632,
      -2.414944748390203
    ]
  },
  {
    "label_id": "yAi9EdjxdO5EBdbEyyh1Rg",
    "size": [
      0.9483481989398898,
      1.0108570723308503,
      1.8700000000000045
    ],
    "obj_class": "pedestrian",
    "point_num_in_lidar": 230,
    "speed": 1.6250960553902387,
    "if_vehicle": false,
    "motion_state": true,
    "pose": [
      [
        0.719453788071167,
        -0.6943726383167362,
        -0.015260602448902675,
        -35.90017463971526
      ],
      [
        0.6944731526140502,
        0.7195160992433203,
        0.0019034778640151118,
        -55.073335452783795
      ],
      [
        0.009658526199723835,
        -0.011967543053254419,
        0.9998817383995559,
        0.29758821295189364
      ],
      [
        0.0,
        0.0,
        0.0,
        1.0
      ]
    ],
    "location": [
      -35.90017463971526,
      -55.073335452783795,
      0.29758821295189364
    ],
    "rotation": [
      -0.011968387028985835,
      -0.009658676375390387,
      0.7677324438671983
    ]
  }
]