[
  {
    "label_id": "2DMf5SM1QFoIz358FjVTgA",
    "size": [
      2.0394920897565583,
      4.6432134001663945,
      1.7699999999999818
    ],
    "obj_class": "vehicle",
    "point_num_in_lidar": 173,
    "speed": 3.410605131648481e-12,
    "if_vehicle": true,
    "motion_state": false,
    "pose": [
      [
        0.6978205192922596,
        -0.7162631275270062,
        -0.003695267231622169,
        15.320761220085842
      ],
      [
        0.7162576633600193,
        0.6977632396062995,
        0.010070805934362244,
        0.8219281009514816
      ],
      [
        -0.004634925320516147,
        -0.009674378499620773,
        0.9999424602785499,
        0.749141805438569
      ],
      [
        0.0,
        0.0,
        0.0,
        1.0
      ]
    ],
    "location": [
      15.320761220085842,
      0.8219281009514816,
      0.749141805438569
    ],
    "rotation": [
      -0.009674633337575265,
      0.004634941915665723,
      0.7984357023746779
    ]
  },
  {
    "label_id": "2hf_zxmh57uIBDxAHHUiSQ",
    "size": [
      1.040951205089623,
      1.0296883973807744,
      1.8199999999999932
    ],
    "obj_class": "pedestrian",
    "point_num_in_lidar": 331,
    "speed": 1.463328452130206,
    "if_vehicle": false,
    "motion_state": true,
    "pose": [
      [
        0.7466690308027355,
        -0.6651854654456835,
        -0.003695267231622169,
        -10.402003802482795
      ],
      [
        0.6651840607272036,
        0.7466115082305527,
        0.010070805934362244,
        -29.907325527492503
      ],
      [
        -0.0039400246917455336,
        -0.0099775917690153,
        0.9999424602785499,
        0.5917762936638269
      ],
      [
        0.0,
        0.0,
        0.0,
        1.0
      ]
    ],
    "location": [
      -10.402003802482795,
      -29.907325527492503,
      0.5917762936638269
    ],
    "rotation": [
      -0.009977834774995413,
      0.003940034885839066,
      0.7277472114702723
    ]
  },
  {
    "label_id": "2ogcZ0FtJwMhIt2F3CwCGQ",
    "size": [
      0.6065595141320591,
      0.09983578392044906,
      0.4700000000000273
    ],
    "obj_class": "sign",
    "point_num_in_lidar": 51,
    "speed": 0.04369983304806088,
    "if_vehicle": false,
    "motion_state": false,
    "pose": [
      [
        -0.7320747766993708,
        0.6812142587473146,
        -0.003695267231622169,
        -0.12747440120801912
      ],
      [
        -0.6812116074774522,
        -0.7320172980919359,
        0.010070805934362244,
        -17.444505010360444
      ],
      [
        0.0041553770649449045,
        0.00988984193649303,
        0.9999424602785499,
        2.684735670972202
      ],
      [
        0.0,
        0.0,
        0.0,
        1.0
      ]
    ],
    "location": [
      -0.12747440120801912,
      -17.444505010360444,
      2.684735670972202
    ],
    "rotation": [
      0.009890088552820305,
      -0.004155389023630263,
      -2.392168251085889
    ]
  },
  {
    "label_id": "7icJBEuPRDJAEFyjeeK9Tw",
    "size": [
      2.029989842850613,
      4.529825083229547,
      1.5699999999999932
    ],
    "obj_class": "vehicle",
    "point_num_in_lidar": 497,
    "speed": 10.553328658166183,
    "if_vehicle": true,
    "motion_state": true,
    "pose": [
      [
        0.7190225690562732,
        -0.694976899031762,
        -0.003695267231622169,
        -7.680851247976534
      ],
      [
        0.6949731580483621,
        0.7189651510748758,
        0.010070805934362244,
        -2.702952013867616
      ],
      [
        -0.004342209115568468,
        -0.009809248293185389,
        0.9999424602785499,
        0.5360986953925817
      ],
      [
        0.0,
        0.0,
        0.0,
        1.0
      ]
    ],
    "location": [
      -7.680851247976534,
      -2.702952013867616,
      0.5360986953925817
    ],
    "rotation": [
      -0.009809498091219337,
      0.004342222760917177,
      0.7683916817120097
    ]
  },
  {
    "label_id": "8-vTxnDbiiN_ZI9BANzcyw",
    "size": [
      0.33443763174976054,
      0.05990541893422352,
      0.4399999999999977
    ],
    "obj_class": "sign",
    "point_num_in_lidar": 102,
    "speed": 0.006900268371385541,
    "if_vehicle": false,
    "motion_state": false,
    "pose": [
      [
        0.6835830241081178,
        0.7298634078725194,
        -0.003695267231622169,
        -27.10473413650834
      ],
      [
        -0.7298059381585209,
        0.6835801865885187,
        0.010070805934362244,
        -15.29488414728985
      ],
      [
        0.00987632420296314,
        -0.004187404007096864,
        0.9999424602785499,
        0.6612919774619854
      ],
      [
        0.0,
        0.0,
        0.0,
        1.0
      ]
    ],
    "location": [
      -27.10473413650834,
      -15.29488414728985,
      0.6612919774619854
    ],
    "rotation": [
      -0.004187620484581489,
      -0.009876484769051138,
      -0.8180901165573962
    ]
  },
  {
    "label_id": "8KC4pvYukwuR-iDaJSPm0A",
    "size": [
      0.8324296113856399,
      0.6691068608769164,
      1.7699999999999818
    ],
    "obj_class": "pedestrian",
    "point_num_in_lidar": 179,
    "speed": 0.0068825921788126816,
    "if_vehicle": false,
    "motion_state": false,
    "pose": [
      [
        -0.941057671488942,
        0.33822596578603714,
        -0.003695267231622169,
        -5.466309864576033
      ],
      [
        -0.33824614392978425,
        -0.9410037858502294,
        0.010070805934362244,
        -27.63751981515088
      ],
      [
        -7.105239129133471e-05,
        0.01072711907449424,
        0.9999424602785499,
        0.667469094703165
      ],
      [
        0.0,
        0.0,
        0.0,
        1.0
      ]
    ],
    "location": [
      -5.466309864576033,
      -27.63751981515088,
      0.667469094703165
    ],
    "rotation": [
      0.01072732484242997,
      7.105239135111869e-05,
      -2.7965400881946105
    ]
  },
  {
    "label_id": "8bPM-71hYczZoq4MQzEhzA",
    "size": [
      0.8141186064499222,
      0.944239601550178,
      1.7799999999999727
    ],
    "obj_class": "pedestrian",
    "point_num_in_lidar": 311,
    "speed": 1.454470814536426,
    "if_vehicle": false,
    "motion_state": true,
    "pose": [
      [
        -0.6818460132913707,
        0.7314864039466155,
        -0.003695267231622169,
        -13.714900740233134
      ],
      [
        -0.7314796772127768,
        -0.6817888681201275,
        0.010070805934362244,
        -30.998615557546145
      ],
      [
        0.0048472655545217964,
        0.009569751758777908,
        0.9999424602785499,
        0.4841350439963321
      ],
      [
        0.0,
        0.0,
        0.0,
        1.0
      ]
    ],
    "location": [
      -13.714900740233134,
      -30.998615557546145,
      0.4841350439963321
    ],
    "rotation": [
      0.009570010263839706,
      -0.004847284536600963,
      -2.321090568309611
    ]
  },
  {
    "label_id": "98DtmDHk29-0tTd6qz1nGQ",
    "size": [
      0.7873837027452996,
      0.8779179917009724,
      1.6999999999999886
    ],
    "obj_class": "pedestrian",
    "point_num_in_lidar": 118,
    "speed": 1.1440297066675622,
    "if_vehicle": false,
    "motion_state": true,
    "pose": [
      [
        0.7896457256433469,
        -0.6135519317655835,
        -0.003695267231622169,
        0.35210576120516635
      ],
      [
        0.6135543923715706,
        0.789588238558165,
        0.010070805934362244,
        -22.99652663604502
      ],
      [
        -0.0032612228910460016,
        -0.010219616300801313,
        0.9999424602785499,
        0.6670603420351426
      ],
      [
        0.0,
        0.0,
        0.0,
        1.0
      ]
    ],
    "location": [
      0.35210576120516635,
      -22.99652663604502,
      0.6670603420351426
    ],
    "rotation": [
      -0.010219848548584301,
      0.0032612286719036383,
      0.6605581050907655
    ]
  },
  {
    "label_id": "CZUwabcB3mvH43N9J3yGWQ",
    "size": [
      2.372938899735119,
      4.773708939237198,
      1.6999999999999886
    ],
    "obj_class": "vehicle",
    "point_num_in_lidar": 30,
    "speed": 4.630112519344216,
    "if_vehicle": true,
    "motion_state": true,
    "pose": [
      [
        0.7148819141557916,
        -0.6992354351811974,
        -0.003695267231622169,
        35.84006864267576
      ],
      [
        0.6992313532168153,
        0.7148245194076753,
        0.010070805934362244,
        26.629456376213057
      ],
      [
        -0.00440039674721192,
        -0.00978328373031331,
        0.9999424602785499,
        1.1292740940519366
      ],
      [
        0.0,
        0.0,
        0.0,
        1.0
      ]
    ],
    "location": [
      35.84006864267576,
      26.629456376213057,
      1.1292740940519366
    ],
    "rotation": [
      -0.009783534526196768,
      0.004400410948509857,
      0.7743312125752111
    ]
  },
  {
    "label_id": "HWUxvHKq2Hhdp_xVEddyQQ",
    "size": [
      0.8678979233330922,
      0.7180122975026588,
      1.6899999999999977
    ],
    "obj_class": "pedestrian",
    "point_num_in_lidar": 67,
    "speed": 0.04076115378478331,
    "if_vehicle": false,
    "motion_state": false,
    "pose": [
      [
        -0.4933440888535114,
        -0.8698263935943688,
        -0.003695267231622169,
        -5.6256222418633115
      ],
      [
        0.8697698612689706,
        -0.49335480872895965,
        0.010070805934362244,
        -28.26390637264558
      ],
      [
        -0.010582930664734425,
        0.001754340510308689,
        0.9999424602785499,
        0.6274690947030876
      ],
      [
        0.0,
        0.0,
        0.0,
        1.0
      ]
    ],
    "location": [
      -5.6256222418633115,
      -28.26390637264558,
      0.6274690947030876
    ],
    "rotation": [
      0.0017544396602900878,
      0.01058312821994603,
      2.0867581836096436
    ]
  },
  {
    "label_id": "IfoFHlW_Bb0HdgctcvNTaQ",
    "size": [
      2.0499922588120354,
      4.650134719515815,
      1.6999999999999886
    ],
    "obj_class": "vehicle",
    "point_num_in_lidar": 81,
    "speed": 0.009615283264800732,
    "if_vehicle": true,
    "motion_state": false,
    "pose": [
      [
        0.7251020890548173,
        -0.6886314728854809,
        -0.003695267231622169,
        20.217969004363113
      ],
      [
        0.68862823662143,
        0.725044640415673,
        0.010070805934362244,
        5.974918655629153
      ],
      [
        -0.004255840222532398,
        -0.009847027779028641,
        0.9999424602785499,
        0.799274094051782
      ],
      [
        0.0,
        0.0,
        0.0,
        1.0
      ]
    ],
    "location": [
      20.217969004363113,
      5.974918655629153,
      0.799274094051782
    ],
    "rotation": [
      -0.00984727610151951,
      0.004255853069724966,
      0.7596041612767933
    ]
  },
  {
    "label_id": "RhiI1MsdwLatM0myIPZIDA",
    "size": [
      0.7343155073087229,
      0.5408710243392004,
      2.10489804689621
    ],
    "obj_class": "pedestrian",
    "point_num_in_lidar": 431,
    "speed": 0.029602735669042993,
    "if_vehicle": false,
    "motion_state": false,
    "pose": [
      [
        -0.710245076507017,
        -0.7039447963424609,
        -0.003695267231622169,
        -11.894438195198745
      ],
      [
        0.7038874718513675,
        -0.7102401043580424,
        0.010070805934362244,
        -27.82436029161181
      ],
      [
        -0.00971381841668726,
        0.004551688021856701,
        0.9999424602785499,
        0.6100200712550645
      ],
      [
        0.0,
        0.0,
        0.0,
        1.0
      ]
    ],
    "location": [
      -11.894438195198745,
      -27.82436029161181,
      0.6100200712550645
    ],
    "rotation": [
      0.004551918501001544,
      0.009713971186354756,
      2.3606902228098376
    ]
  },
  {
    "label_id": "S1RXYsXUlvS5ADN46Sae3g",
    "size": [
      0.7987911559485771,
      0.9247217205798178,
      1.7099999999999795
    ],
    "obj_class": "pedestrian",
    "point_num_in_lidar": 118,
    "speed": 1.4063061815698055,
    "if_vehicle": false,
    "motion_state": true,
    "pose": [
      [
        -0.7041363887765385,
        0.7100551323670736,
        -0.003695267231622169,
        -13.125318307626003
      ],
      [
        -0.7100501756839381,
        -0.704079062946088,
        0.010070805934362244,
        -31.407454772233905
      ],
      [
        0.0045490671509907715,
        0.009715046069703585,
        0.9999424602785499,
        0.5124661632580683
      ],
      [
        0.0,
        0.0,
        0.0,
        1.0
      ]
    ],
    "location": [
      -13.125318307626003,
      -31.407454772233905,
      0.5124661632580683
    ],
    "rotation": [
      0.009715299425246165,
      -0.004549082840878541,
      -2.3520127559115176
    ]
  },
  {
    "label_id": "Z5QKATZnhdyAEhR8O_ebsQ",
    "size": [
      2.2367212920033066,
      5.270744933136602,
      1.9800000000000182
    ],
    "obj_class": "vehicle",
    "point_num_in_lidar": 7307,
    "speed": 9.807091542984496,
    "if_vehicle": true,
    "motion_state": true,
    "pose": [
      [
        0.7135851032988743,
        -0.7005588093443849,
        -0.003695267231622169,
        -19.615829043577833
      ],
      [
        0.7005546210427109,
        0.7135277162125775,
        0.010070805934362244,
        -14.702467181712564
      ],
      [
        -0.0044185162259406385,
        -0.009775113628075413,
        0.9999424602785499,
        0.6814455080902917
      ],
      [
        0.0,
        0.0,
        0.0,
        1.0
      ]
    ],
    "location": [
      -19.615829043577833,
      -14.702467181712564,
      0.6814455080902917
    ],
    "rotation": [
      -0.009775364735215767,
      0.004418530603392682,
      0.7761840007063848
    ]
  },
  {
    "label_id": "_md0d61Qn6UYicamaGvcYg",
    "size": [
      2.1660745734723856,
      4.745512814368736,
      1.8500000000000227
    ],
    "obj_class": "vehicle",
    "point_num_in_lidar": 357,
    "speed": 1.1368683772161603e-12,
    "if_vehicle": true,
    "motion_state": false,
    "pose": [
      [
        0.7114917052542926,
        -0.7026847787980225,
        -0.003695267231622169,
        10.642055017560779
      ],
      [
        0.7026804192920504,
        0.7114343309198544,
        0.010070805934362244,
        -3.900098317521042
      ],
      [
        -0.004447662069805965,
        -0.009761886815236882,
        0.9999424602785499,
        0.8214480659941614
      ],
      [
        0.0,
        0.0,
        0.0,
        1.0
      ]
    ],
    "location": [
      10.642055017560779,
      -3.900098317521042,
      0.8214480659941614
    ],
    "rotation": [
      -0.009762138423513995,
      0.0044476767336543935,
      0.7791675414038045
    ]
  },
  {
    "label_id": "aO6S2DOwu2JmbOKPLq_mzw",
    "size": [
      2.1719816578569127,
      4.723586185109283,
      1.8000000000000114
    ],
    "obj_class": "vehicle",
    "point_num_in_lidar": 2742,
    "speed": 3.410605131648481e-12,
    "if_vehicle": true,
    "motion_state": false,
    "pose": [
      [
        0.6878003938850878,
        -0.7258904622404161,
        -0.003695267231622169,
        -8.83971667291189
      ],
      [
        0.7258842026775201,
        0.6877431956559467,
        0.010070805934362244,
        -23.19451176931034
      ],
      [
        -0.004768907080149201,
        -0.009609040396501057,
        0.9999424602785499,
        0.49753316137974934
      ],
      [
        0.0,
        0.0,
        0.0,
        1.0
      ]
    ],
    "location": [
      -8.83971667291189,
      -23.19451176931034,
      0.49753316137974934
    ],
    "rotation": [
      -0.009609297549207443,
      0.004768925156458997,
      0.8123310450509307
    ]
  },
  {
    "label_id": "ej3ztPVfgmjRdVBS07uFPA",
    "size": [
      2.8984884358587197,
      7.210999804175714,
      3.1999999999999886
    ],
    "obj_class": "vehicle",
    "point_num_in_lidar": 3807,
    "speed": 1.1368683772161603e-12,
    "if_vehicle": true,
    "motion_state": false,
    "pose": [
      [
        0.7452818759069983,
        -0.6667392822120448,
        -0.003695267231622169,
        -0.2911335637400043
      ],
      [
        0.6667377576810878,
        0.7452243563855303,
        0.010070805934362244,
        -13.879858972577495
      ],
      [
        -0.003960798775615312,
        -0.00996936332670099,
        0.9999424602785499,
        1.3075331613799221
      ],
      [
        0.0,
        0.0,
        0.0,
        1.0
      ]
    ],
    "location": [
      -0.2911335637400043,
      -13.879858972577495,
      1.3075331613799221
    ],
    "rotation": [
      -0.009969606677736748,
      0.003960809131808726,
      0.7298300562059362
    ]
  },
  {
    "label_id": "fEXEJZ7FbCjlCrCL5pFRYQ",
    "size": [
      2.2781491678710455,
      5.159896609175984,
      2.170000000000016
    ],
    "obj_class": "vehicle",
    "point_num_in_lidar": 195,
    "speed": 2.7314812786769345,
    "if_vehicle": true,
    "motion_state": true,
    "pose": [
      [
        0.5849402813346871,
        -0.8110679455336551,
        -0.003695267231622169,
        30.688142963266728
      ],
      [
        0.8110541200082525,
        0.5848844272892483,
        0.010070805934362244,
        18.299557333084522
      ],
      [
        -0.006006803620603268,
        -0.008887881769251538,
        0.9999424602785499,
        1.328440012626288
      ],
      [
        0.0,
        0.0,
        0.0,
        1.0
      ]
    ],
    "location": [
      30.688142963266728,
      18.299557333084522,
      1.328440012626288
    ],
    "rotation": [
      -0.008888159144524652,
      0.006006839743793886,
      0.9459768886019119
    ]
  },
  {
    "label_id": "i4oe-rC5aor3jYr4SZ0cCA",
    "size": [
      0.9769409523891379,
      0.9481444559645329,
      1.6999999999999886
    ],
    "obj_class": "pedestrian",
    "point_num_in_lidar": 117,
    "speed": 1.4575538948377715,
    "if_vehicle": false,
    "motion_state": true,
    "pose": [
      [
        0.6303597307670876,
        -0.7762943738217687,
        -0.003695267231622169,
        2.563977547280956
      ],
      [
        0.7762837646226839,
        0.6303031775670074,
        0.010070805934362244,
        -16.46616747189546
      ],
      [
        -0.005488771308645599,
        -0.009216806475242673,
        0.9999424602785499,
        0.6670603420353132
      ],
      [
        0.0,
        0.0,
        0.0,
        1.0
      ]
    ],
    "location": [
      2.563977547280956,
      -16.46616747189546,
      0.6670603420353132
    ],
    "rotation": [
      -0.009217075818718749,
      0.005488798868698434,
      0.8887675810532873
    ]
  },
  {
    "label_id": "j-cWwH8EWwAQoJ4JIFLZLQ",
    "size": [
      0.8325640802715961,
      1.057976079421576,
      2.2889746724247857
    ],
    "obj_class": "pedestrian",
    "point_num_in_lidar": 183,
    "speed": 1.5014141862224581,
    "if_vehicle": false,
    "motion_state": true,
    "pose": [
      [
        -0.7379449641749722,
        0.6748507796905074,
        -0.003695267231622169,
        -9.747589108177635
      ],
      [
        -0.6748486261419782,
        -0.7378874647682512,
        0.010070805934362244,
        -28.30814282617939
      ],
      [
        0.004069599867733272,
        0.009925446538933737,
        0.9999424602785499,
        0.6327266543361247
      ],
      [
        0.0,
        0.0,
        0.0,
        1.0
      ]
    ],
    "location": [
      -9.747589108177635,
      -28.30814282617939,
      0.6327266543361247
    ],
    "rotation": [
      0.009925691708795679,
      -0.004069611101027074,
      -2.4008255236443996
    ]
  },
  {
    "label_id": "lKH6TrjBDr33xCnNAFz4kA",
    "size": [
      0.741674983087548,
      0.8415099806472632,
      1.7200000000000273
    ],
    "obj_class": "pedestrian",
    "point_num_in_lidar": 28,
    "speed": 1.2755537341899934,
    "if_vehicle": false,
    "motion_state": true,
    "pose": [
      [
        0.7228159682377653,
        -0.6910306947311305,
        -0.003695267231622169,
        4.011671427935653
      ],
      [
        0.6910272680988678,
        0.7227585306391396,
        0.010070805934362244,
        -15.77896220360708
      ],
      [
        -0.004288450106678533,
        -0.00983286976234381,
        0.9999424602785499,
        0.7270603420353154
      ],
      [
        0.0,
        0.0,
        0.0,
        1.0
      ]
    ],
    "location": [
      4.011671427935653,
      -15.77896220360708,
      0.7270603420353154
    ],
    "rotation": [
      -0.009833118641087792,
      0.004288463251461774,
      0.7629180579086658
    ]
  },
  {
    "label_id": "la6mIbsiU-_4PjDPXVc2eQ",
    "size": [
      2.067761682869096,
      4.724597843100884,
      1.509999999999991
    ],
    "obj_class": "vehicle",
    "point_num_in_lidar": 3413,
    "speed": 0.027058929388268097,
    "if_vehicle": true,
    "motion_state": false,
    "pose": [
      [
        0.692348025682384,
        -0.7215542643029643,
        -0.003695267231622169,
        -22.97175706578855
      ],
      [
        0.7215483642748378,
        0.69229078924982,
        0.010070805934362244,
        -13.211827313403774
      ],
      [
        -0.004708433498637967,
        -0.00963881663222152,
        0.9999424602785499,
        0.26114863133869903
      ],
      [
        0.0,
        0.0,
        0.0,
        1.0
      ]
    ],
    "location": [
      -22.97175706578855,
      -13.211827313403774,
      0.26114863133869903
    ],
    "rotation": [
      -0.009639072740245018,
      0.004708450895960094,
      0.8060476171629181
    ]
  },
  {
    "label_id": "o3kJrPbOaNbNLe5OrS8a7g",
    "size": [
      0.7958708213883744,
      0.8442438505559838,
      1.6499999999999773
    ],
    "obj_class": "pedestrian",
    "point_num_in_lidar": 57,
    "speed": 1.4397507269641954,
    "if_vehicle": false,
    "motion_state": true,
    "pose": [
      [
        -0.6903778322481057,
        0.7234395577658811,
        -0.003695267231622169,
        -1.4715797288517933
      ],
      [
        -0.7234335016806378,
        -0.6903206121172418,
        0.010070805934362244,
        13.227186135482043
      ],
      [
        0.0047347002542308305,
        0.009625941282974506,
        0.9999424602785499,
        0.766765460013346
      ],
      [
        0.0,
        0.0,
        0.0,
        1.0
      ]
    ],
    "location": [
      -1.4715797288517933,
      13.227186135482043,
      0.766765460013346
    ],
    "rotation": [
      0.009626197844816898,
      -0.004734717944343544,
      -2.3328182112467326
    ]
  },
  {
    "label_id": "oRjMPH_qzXEzVpMM4FENNw",
    "size": [
      0.9393771529852225,
      0.932946907593988,
      1.9499999999999886
    ],
    "obj_class": "pedestrian",
    "point_num_in_lidar": 146,
    "speed": 0.016551221253019457,
    "if_vehicle": false,
    "motion_state": false,
    "pose": [
      [
        0.7122952861576197,
        0.70187019477801,
        -0.003695267231622169,
        -10.548146725224797
      ],
      [
        -0.7018128850332737,
        0.712290146828598,
        0.010070805934362244,
        5.957649504569417
      ],
      [
        0.00970050096170543,
        -0.004580001438060736,
        0.9999424602785499,
        0.8367654600134529
      ],
      [
        0.0,
        0.0,
        0.0,
        1.0
      ]
    ],
    "location": [
      -10.548146725224797,
      5.957649504569417,
      0.8367654600134529
    ],
    "rotation": [
      -0.004580232956105889,
      -0.009700653103883586,
      -0.7779855698302633
    ]
  },
  {
    "label_id": "oZJhcB1wAq2Kn4BM-9cvFw",
    "size": [
      0.7875251173495375,
      0.9658210290236487,
      2.44029251096174
    ],
    "obj_class": "pedestrian",
    "point_num_in_lidar": 254,
    "speed": 1.513387277839263,
    "if_vehicle": false,
    "motion_state": true,
    "pose": [
      [
        -0.7426370950222213,
        0.6696838732544209,
        -0.003695267231622169,
        -10.438079751205805
      ],
      [
        -0.6696821210740774,
        -0.7425795819853636,
        0.010070805934362244,
        -27.978943766800512
      ],
      [
        0.004000226328735113,
        0.009953608461235592,
        0.9999424602785499,
        0.5993189386175004
      ],
      [
        0.0,
        0.0,
        0.0,
        1.0
      ]
    ],
    "location": [
      -10.438079751205805,
      -27.978943766800512,
      0.5993189386175004
    ],
    "rotation": [
      0.009953852469177902,
      -0.004000236997289334,
      -2.4078047683903514
    ]
  },
  {
    "label_id": "r6oiDLYtLOCbBdMrFxcTrA",
    "size": [
      1.0165560464924832,
      0.960914637776161,
      1.8814478954579386
    ],
    "obj_class": "pedestrian",
    "point_num_in_lidar": 151,
    "speed": 1.3832983517733333,
    "if_vehicle": false,
    "motion_state": true,
    "pose": [
      [
        0.6728972109925915,
        -0.7397267660687147,
        -0.003695267231622169,
        -2.759115636265051
      ],
      [
        0.7397193446758085,
        0.6728401518787543,
        0.010070805934362244,
        -21.941285058041103
      ],
      [
        -0.004963320540174159,
        -0.009510077880657533,
        0.9999424602785499,
        0.7267762936637041
      ],
      [
        0.0,
        0.0,
        0.0,
        1.0
      ]
    ],
    "location": [
      -2.759115636265051,
      -21.941285058041103,
      0.7267762936637041
    ],
    "rotation": [
      -0.009510338383282493,
      0.004963340918595384,
      0.8326667294613934
    ]
  },
  {
    "label_id": "vHKayxu8Wkg9ZZhh3eJoTg",
    "size": [
      2.1829658191447483,
      5.095283897580382,
      1.5300000000000296
    ],
    "obj_class": "vehicle",
    "point_num_in_lidar": 4241,
    "speed": 0.05261840383863493,
    "if_vehicle": true,
    "motion_state": false,
    "pose": [
      [
        0.7349220812789471,
        -0.6781414892547925,
        -0.003695267231622169,
        -28.052548191539245
      ],
      [
        0.6781390787963533,
        0.7348645920692233,
        0.010070805934362244,
        -18.326837391854497
      ],
      [
        -0.0041139102875716186,
        -0.009907162773796479,
        0.9999424602785499,
        0.17039868389218782
      ],
      [
        0.0,
        0.0,
        0.0,
        1.0
      ]
    ],
    "location": [
      -28.052548191539245,
      -18.326837391854497,
      0.17039868389218782
    ],
    "rotation": [
      -0.00990740868958847,
      0.004113921891806411,
      0.7452353809606627
    ]
  }
]