[
  {
    "label_id": "2DMf5SM1QFoIz358FjVTgA",
    "size": [
      2.0394920897565596,
      4.6432134001663945,
      1.7699999999999818
    ],
    "obj_class": "vehicle",
    "point_num_in_lidar": 66,
    "speed": 3.410605131648481e-12,
    "if_vehicle": true,
    "motion_state": false,
    "pose": [
      [
        0.6977022643129596,
        -0.7161417472021548,
        -0.018776269246425226,
        15.320761220085842
      ],
      [
        0.7162746484238564,
        0.6978182891636969,
        0.0005131607274481316,
        0.8219281009442057
      ],
      [
        0.01273492826246715,
        -0.013806999054691937,
        0.9998235786273764,
        0.749141805438569
      ],
      [
        0.0,
        0.0,
        0.0,
        1.0
      ]
    ],
    "location": [
      15.320761220085842,
      0.8219281009442057,
      0.749141805438569
    ],
    "rotation": [
      -0.013808557612561867,
      -0.012735272509301364,
      0.7985322648036608
    ]
  },
  {
    "label_id": "2hf_zxmh57uIBDxAHHUiSQ",
    "size": [
      1.0409512050911374,
      1.0296883973807744,
      1.8199999999999932
    ],
    "obj_class": "pedestrian",
    "point_num_in_lidar": 225,
    "speed": 1.5237894841013737,
    "if_vehicle": false,
    "motion_state": true,
    "pose": [
      [
        0.6858828750185314,
        -0.7274696787286049,
        -0.018776269246425226,
        -11.61881443724269
      ],
      [
        0.7276044618847035,
        0.6859967082366643,
        0.0005131607274481316,
        -31.152419243124314
      ],
      [
        0.012507150026480182,
        -0.014013665436336255,
        0.9998235786273764,
        0.59177629366377
      ],
      [
        0.0,
        0.0,
        0.0,
        1.0
      ]
    ],
    "location": [
      -11.61881443724269,
      -31.152419243124314,
      0.59177629366377
    ],
    "rotation": [
      -0.014015220457446296,
      -0.01250747612918477,
      0.8149063702291544
    ]
  },
  {
    "label_id": "2ogcZ0FtJwMhIt2F3CwCGQ",
    "size": [
      0.6065595141320594,
      0.09983578392044906,
      0.4700000000000273
    ],
    "obj_class": "sign",
    "point_num_in_lidar": 32,
    "speed": 0.04369983268473812,
    "if_vehicle": false,
    "motion_state": false,
    "pose": [
      [
        -0.7319507168800127,
        0.68109881792,
        -0.018776269246425226,
        -0.09188245401310269
      ],
      [
        -0.6812258750705822,
        -0.7320731136986165,
        0.0005131607274481316,
        -17.483024618959462
      ],
      [
        -0.013396088726006195,
        0.013166488810287211,
        0.9998235786273764,
        2.692235742490311
      ],
      [
        0.0,
        0.0,
        0.0,
        1.0
      ]
    ],
    "location": [
      -0.09188245401310269,
      -17.483024618959462,
      2.692235742490311
    ],
    "rotation": [
      0.013168050914741077,
      0.013396489424647034,
      -2.3920732858105147
    ]
  },
  {
    "label_id": "7icJBEuPRDJAEFyjeeK9Tw",
    "size": [
      2.0299898428483822,
      4.529825083229547,
      1.5699999999999932
    ],
    "obj_class": "vehicle",
    "point_num_in_lidar": 505,
    "speed": 10.332904989217793,
    "if_vehicle": true,
    "motion_state": true,
    "pose": [
      [
        0.7049862052016315,
        -0.7089724269593205,
        -0.018776269246425226,
        -16.595932992982853
      ],
      [
        0.7091041352327466,
        0.7051035825053555,
        0.0005131607274481316,
        -11.427161122031976
      ],
      [
        0.012875397905380441,
        -0.013676101400785737,
        0.9998235786273764,
        0.4150988430275788
      ],
      [
        0.0,
        0.0,
        0.0,
        1.0
      ]
    ],
    "location": [
      -16.595932992982853,
      -11.427161122031976,
      0.4150988430275788
    ],
    "rotation": [
      -0.013677661587470384,
      -0.01287575367030502,
      0.788310225147114
    ]
  },
  {
    "label_id": "8bPM-71hYczZoq4MQzEhzA",
    "size": [
      0.8141186064479133,
      0.944239601550178,
      1.7799999999999727
    ],
    "obj_class": "pedestrian",
    "point_num_in_lidar": 205,
    "speed": 1.5357066398321106,
    "if_vehicle": false,
    "motion_state": true,
    "pose": [
      [
        -0.7398338859461928,
        0.6725275257704637,
        -0.018776269246425226,
        -12.43011983697943
      ],
      [
        -0.672653148736447,
        -0.7399577543083196,
        0.0005131607274481316,
        -29.699249210309063
      ],
      [
        -0.013548531311519906,
        0.013009570325234166,
        0.9998235786273764,
        0.4924690947030399
      ],
      [
        0.0,
        0.0,
        0.0,
        1.0
      ]
    ],
    "location": [
      -12.43011983697943,
      -29.699249210309063,
      0.4924690947030399
    ],
    "rotation": [
      0.013011131630564329,
      0.013548945846595759,
      -2.403720695153369
    ]
  },
  {
    "label_id": "98DtmDHk29-0tTd6qz1nGQ",
    "size": [
      0.7873837027499891,
      0.8779179917009724,
      1.6999999999999886
    ],
    "obj_class": "pedestrian",
    "point_num_in_lidar": 69,
    "speed": 1.272464473463593,
    "if_vehicle": false,
    "motion_state": true,
    "pose": [
      [
        0.730480580975749,
        -0.6826753053469257,
        -0.018776269246425226,
        -0.8712763803996495
      ],
      [
        0.6828026260871835,
        0.7306027035773367,
        0.0005131607274481316,
        -23.906005060649477
      ],
      [
        0.013367670918231564,
        -0.013195339895899412,
        0.9998235786273764,
        0.6670603420351426
      ],
      [
        0.0,
        0.0,
        0.0,
        1.0
      ]
    ],
    "location": [
      -0.8712763803996495,
      -23.906005060649477,
      0.6670603420351426
    ],
    "rotation": [
      -0.013196902076928413,
      -0.013368069072074351,
      0.7516753541871177
    ]
  },
  {
    "label_id": "9oSVtHELXAO0x6WQkC_k2Q",
    "size": [
      0.3461204355294318,
      0.0683104342742049,
      0.44999999999998863
    ],
    "obj_class": "sign",
    "point_num_in_lidar": 46,
    "speed": 0.03412093235226943,
    "if_vehicle": false,
    "motion_state": false,
    "pose": [
      [
        -0.5975595008416337,
        0.801604699753615,
        -0.018776269246425226,
        -31.59487237117719
      ],
      [
        -0.8017516933697172,
        -0.5976570578892705,
        0.0005131607274481316,
        -19.636734548796085
      ],
      [
        -0.01081041778510388,
        0.0153605497316326,
        0.9998235786273764,
        0.5948637786910922
      ],
      [
        0.0,
        0.0,
        0.0,
        1.0
      ]
    ],
    "location": [
      -31.59487237117719,
      -19.636734548796085,
      0.5948637786910922
    ],
    "rotation": [
      0.015362051581344476,
      0.010810628356329344,
      -2.2112938402108107
    ]
  },
  {
    "label_id": "HWUxvHKq2Hhdp_xVEddyQQ",
    "size": [
      0.8678979233330962,
      0.7180122975026588,
      1.6899999999999977
    ],
    "obj_class": "pedestrian",
    "point_num_in_lidar": 83,
    "speed": 0.0032536966325253,
    "if_vehicle": false,
    "motion_state": false,
    "pose": [
      [
        -0.493260485128193,
        -0.869678989929207,
        -0.018776269246425226,
        -5.649409912733972
      ],
      [
        0.8698274634650078,
        -0.49335577473877645,
        0.0005131607274481316,
        -28.29054442517372
      ],
      [
        -0.009709665963892406,
        -0.01607899274258428,
        0.9998235786273764,
        0.6274690947031445
      ],
      [
        0.0,
        0.0,
        0.0,
        1.0
      ]
    ],
    "location": [
      -5.649409912733972,
      -28.29054442517372,
      0.6274690947031445
    ],
    "rotation": [
      -0.01608044374707271,
      0.009709818537720656,
      2.08665703947417
    ]
  },
  {
    "label_id": "IfoFHlW_Bb0HdgctcvNTaQ",
    "size": [
      2.049992258812034,
      4.650134719515815,
      1.6999999999999886
    ],
    "obj_class": "vehicle",
    "point_num_in_lidar": 33,
    "speed": 0.009615283515995597,
    "if_vehicle": true,
    "motion_state": false,
    "pose": [
      [
        0.7249792108502365,
        -0.6885147751124548,
        -0.018776269246425226,
        20.210149943683064
      ],
      [
        0.6886430716774851,
        0.7251003078862028,
        0.0005131607274481316,
        5.966431882159668
      ],
      [
        0.013261359868681676,
        -0.01330217858772644,
        0.9998235786273764,
        0.7992740940517251
      ],
      [
        0.0,
        0.0,
        0.0,
        1.0
      ]
    ],
    "location": [
      20.210149943683064,
      5.966431882159668,
      0.7992740940517251
    ],
    "rotation": [
      -0.0133037408606184,
      -0.01326174859800546,
      0.7596995448597665
    ]
  },
  {
    "label_id": "NYhYuBiTZ9sOaLNV97xSOQ",
    "size": [
      0.8931604761244687,
      1.050725141645671,
      1.8799999999999955
    ],
    "obj_class": "pedestrian",
    "point_num_in_lidar": 273,
    "speed": 1.5013690028390887,
    "if_vehicle": false,
    "motion_state": true,
    "pose": [
      [
        -0.6940629573073765,
        0.719669412304653,
        -0.018776269246425226,
        -16.836984335539455
      ],
      [
        -0.719802899984267,
        -0.694178306950244,
        0.0005131607274481316,
        -34.801892383417
      ],
      [
        -0.012664772717184965,
        0.013871378906528937,
        0.9998235786273764,
        0.543940528645237
      ],
      [
        0.0,
        0.0,
        0.0,
        1.0
      ]
    ],
    "location": [
      -16.836984335539455,
      -34.801892383417,
      0.543940528645237
    ],
    "rotation": [
      0.013872936489965395,
      0.012665111305759584,
      -2.3379911370233364
    ]
  },
  {
    "label_id": "RhiI1MsdwLatM0myIPZIDA",
    "size": [
      0.7343155073087222,
      0.5408710243392004,
      2.10489804689621
    ],
    "obj_class": "pedestrian",
    "point_num_in_lidar": 239,
    "speed": 0.00435561941084805,
    "if_vehicle": false,
    "motion_state": false,
    "pose": [
      [
        -0.7101247160210481,
        -0.703825503522863,
        -0.018776269246425226,
        -11.90999631716113
      ],
      [
        0.7039426652171831,
        -0.7102566161275774,
        0.0005131607274481316,
        -27.839504638039216
      ],
      [
        -0.013697145065850614,
        -0.01285300890031174,
        0.9998235786273764,
        0.610020071255235
      ],
      [
        0.0,
        0.0,
        0.0,
        1.0
      ]
    ],
    "location": [
      -11.90999631716113,
      -27.839504638039216,
      0.610020071255235
    ],
    "rotation": [
      -0.012854568769714058,
      0.013697573392981112,
      2.3605662842814032
    ]
  },
  {
    "label_id": "S1RXYsXUlvS5ADN46Sae3g",
    "size": [
      0.7987911559467271,
      0.9247217205798178,
      1.7099999999999795
    ],
    "obj_class": "pedestrian",
    "point_num_in_lidar": 134,
    "speed": 1.4516550284757914,
    "if_vehicle": false,
    "motion_state": true,
    "pose": [
      [
        -0.7450108874737987,
        0.6667879942370654,
        -0.018776269246425226,
        -11.910368502209167
      ],
      [
        -0.6669126558598236,
        -0.7451357232880895,
        0.0005131607274481316,
        -30.244175267071114
      ],
      [
        -0.013648699553410595,
        0.012904441919245405,
        0.9998235786273764,
        0.516752923421052
      ],
      [
        0.0,
        0.0,
        0.0,
        1.0
      ]
    ],
    "location": [
      -11.910368502209167,
      -30.244175267071114,
      0.516752923421052
    ],
    "rotation": [
      0.012906002330259441,
      0.013649123351486001,
      -2.411451539301693
    ]
  },
  {
    "label_id": "VY5Vy20tmzE-oeo3UHjBvQ",
    "size": [
      0.3292882644557078,
      0.06150328543153823,
      0.4700000000000273
    ],
    "obj_class": "sign",
    "point_num_in_lidar": 42,
    "speed": 0.021025213161016177,
    "if_vehicle": false,
    "motion_state": false,
    "pose": [
      [
        -0.728157423685998,
        -0.6851526968816192,
        -0.018776269246425226,
        -17.747914840754675
      ],
      [
        0.6852663948214475,
        -0.7282923209772872,
        0.0005131607274481316,
        -42.55882220383501
      ],
      [
        -0.014026206165118306,
        -0.012493084541459162,
        0.9998235786273764,
        1.7058587000875036
      ],
      [
        0.0,
        0.0,
        0.0,
        1.0
      ]
    ],
    "location": [
      -17.747914840754675,
      -42.55882220383501,
      1.7058587000875036
    ],
    "rotation": [
      -0.012494638732558547,
      0.014026666112186673,
      2.3865306640946864
    ]
  },
  {
    "label_id": "X0kquEodguiU6bxqX_xtSw",
    "size": [
      2.5416175595246613,
      5.926376027608194,
      2.8000000000000114
    ],
    "obj_class": "vehicle",
    "point_num_in_lidar": 15463,
    "speed": 0.032401811725428255,
    "if_vehicle": true,
    "motion_state": false,
    "pose": [
      [
        0.7182737284629754,
        -0.6955072269308794,
        -0.018776269246425226,
        -32.92674051112044
      ],
      [
        0.6956366908574634,
        0.7183935766687686,
        0.0005131607274481316,
        -23.248214568528056
      ],
      [
        0.013131844225917934,
        -0.013430051674236942,
        0.9998235786273764,
        0.7634418194136856
      ],
      [
        0.0,
        0.0,
        0.0,
        1.0
      ]
    ],
    "location": [
      -32.92674051112044,
      -23.248214568528056,
      0.7634418194136856
    ],
    "rotation": [
      -0.013431613657554978,
      -0.01313222167608353,
      0.7693892964793736
    ]
  },
  {
    "label_id": "Z5QKATZnhdyAEhR8O_ebsQ",
    "size": [
      2.2367212920026103,
      5.270744933136602,
      1.9800000000000182
    ],
    "obj_class": "vehicle",
    "point_num_in_lidar": 7348,
    "speed": 9.902375856315457,
    "if_vehicle": true,
    "motion_state": true,
    "pose": [
      [
        0.7104742585597481,
        -0.7034726573486435,
        -0.018776269246425226,
        -28.01930897471175
      ],
      [
        0.7036034495203823,
        0.710592655808577,
        0.0005131607274481316,
        -22.907126236699696
      ],
      [
        0.012981284489409304,
        -0.013575635298263947,
        0.9998235786273764,
        0.6184402191202025
      ],
      [
        0.0,
        0.0,
        0.0,
        1.0
      ]
    ],
    "location": [
      -28.01930897471175,
      -22.907126236699696,
      0.6184402191202025
    ],
    "rotation": [
      -0.01357719641691548,
      -0.012981649104540865,
      0.7805393392105319
    ]
  },
  {
    "label_id": "_md0d61Qn6UYicamaGvcYg",
    "size": [
      2.1660745734723865,
      4.745512814368736,
      1.8500000000000227
    ],
    "obj_class": "vehicle",
    "point_num_in_lidar": 162,
    "speed": 1.1368683772161603e-12,
    "if_vehicle": true,
    "motion_state": false,
    "pose": [
      [
        0.7113711335104824,
        -0.702565699505176,
        -0.018776269246425226,
        10.64205501755714
      ],
      [
        0.7026963405255493,
        0.7114896975206803,
        0.0005131607274481316,
        -3.900098317521042
      ],
      [
        0.012998593001267747,
        -0.013559063416543258,
        0.9998235786273764,
        0.8214480659941046
      ],
      [
        0.0,
        0.0,
        0.0,
        1.0
      ]
    ],
    "location": [
      10.64205501755714,
      -3.900098317521042,
      0.8214480659941046
    ],
    "rotation": [
      -0.01356062466253379,
      -0.012998959076890597,
      0.7792636016987425
    ]
  },
  {
    "label_id": "aO6S2DOwu2JmbOKPLq_mzw",
    "size": [
      2.1719816578569127,
      4.723586185109283,
      1.8000000000000114
    ],
    "obj_class": "vehicle",
    "point_num_in_lidar": 1021,
    "speed": 3.410605131648481e-12,
    "if_vehicle": true,
    "motion_state": false,
    "pose": [
      [
        0.6876838369494672,
        -0.725767450435499,
        -0.018776269246425226,
        -8.839716672908253
      ],
      [
        0.7259019510364741,
        0.687798003884504,
        0.0005131607274481316,
        -23.19451176932489
      ],
      [
        0.012541845155265609,
        -0.013982622817189528,
        0.9998235786273764,
        0.4975331613798062
      ],
      [
        0.0,
        0.0,
        0.0,
        1.0
      ]
    ],
    "location": [
      -8.839716672908253,
      -23.19451176932489,
      0.4975331613798062
    ],
    "rotation": [
      -0.013984178445522365,
      -0.012542173979483807,
      0.8124278679338731
    ]
  },
  {
    "label_id": "cPatgdboNDgWu_L5o9xlyQ",
    "size": [
      0.3292882644557078,
      0.06150328543153823,
      0.37999999999999545
    ],
    "obj_class": "sign",
    "point_num_in_lidar": 26,
    "speed": 0.018821301977468747,
    "if_vehicle": false,
    "motion_state": false,
    "pose": [
      [
        -0.728157423685998,
        -0.6851526968816192,
        -0.018776269246425226,
        -17.74619078635442
      ],
      [
        0.6852663948214475,
        -0.7282923209772872,
        0.0005131607274481316,
        -42.55939608991321
      ],
      [
        -0.014026206165118306,
        -0.012493084541459162,
        0.9998235786273764,
        1.2508587000872922
      ],
      [
        0.0,
        0.0,
        0.0,
        1.0
      ]
    ],
    "location": [
      -17.74619078635442,
      -42.55939608991321,
      1.2508587000872922
    ],
    "rotation": [
      -0.012494638732558547,
      0.014026666112186673,
      2.3865306640946864
    ]
  },
  {
    "label_id": "ej3ztPVfgmjRdVBS07uFPA",
    "size": [
      2.8984884358587206,
      7.210999804175714,
      3.1999999999999886
    ],
    "obj_class": "vehicle",
    "point_num_in_lidar": 1503,
    "speed": 1.1368683772161603e-12,
    "if_vehicle": true,
    "motion_state": false,
    "pose": [
      [
        0.7451555779688155,
        -0.6666262943622511,
        -0.018776269246425226,
        -0.29113356373272836
      ],
      [
        0.6667509288898852,
        0.7452804408345514,
        0.0005131607274481316,
        -13.87985897258477
      ],
      [
        0.013651499787053031,
        -0.012901479539593112,
        0.9998235786273764,
        1.3075331613800927
      ],
      [
        0.0,
        0.0,
        0.0,
        1.0
      ]
    ],
    "location": [
      -0.29113356373272836,
      -13.87985897258477,
      1.3075331613800927
    ],
    "rotation": [
      -0.012903039921262712,
      -0.013651923846041976,
      0.729924089573507
    ]
  },
  {
    "label_id": "fEXEJZ7FbCjlCrCL5pFRYQ",
    "size": [
      2.2781491678665944,
      5.159896609175984,
      2.170000000000016
    ],
    "obj_class": "vehicle",
    "point_num_in_lidar": 129,
    "speed": 1.6955599024921058,
    "if_vehicle": true,
    "motion_state": true,
    "pose": [
      [
        0.5778188304743485,
        -0.8159490491828776,
        -0.018776269246425226,
        29.233000651482143
      ],
      [
        0.816098379842726,
        0.5779127711723849,
        0.0005131607274481316,
        16.21041945644538
      ],
      [
        0.010432332784841129,
        -0.015619796842877872,
        0.9998235786273764,
        1.328440012626288
      ],
      [
        0.0,
        0.0,
        0.0,
        1.0
      ]
    ],
    "location": [
      29.233000651482143,
      16.21041945644538,
      1.328440012626288
    ],
    "rotation": [
      -0.015621282212771962,
      -0.01043252202544145,
      0.9547041045637392
    ]
  },
  {
    "label_id": "gqShE5LrMsdlqXDBBs3iLg",
    "size": [
      0.7963243405594848,
      0.9480439784045782,
      1.8400000000000318
    ],
    "obj_class": "pedestrian",
    "point_num_in_lidar": 170,
    "speed": 1.5233892803794684,
    "if_vehicle": false,
    "motion_state": true,
    "pose": [
      [
        -0.6647126856184076,
        0.7468631047863792,
        -0.018776269246425226,
        -19.628075694225117
      ],
      [
        -0.747001100799512,
        -0.664822601955127,
        0.0005131607274481316,
        -37.36915848554054
      ],
      [
        -0.012099627361262097,
        0.014366998241283607,
        0.9998235786273764,
        0.46716371967193027
      ],
      [
        0.0,
        0.0,
        0.0,
        1.0
      ]
    ],
    "location": [
      -19.628075694225117,
      -37.36915848554054,
      0.46716371967193027
    ],
    "rotation": [
      0.014368544432801483,
      0.012099922613602354,
      -2.2979706429851054
    ]
  },
  {
    "label_id": "hvKq4SVaW6Z3N4dJvONqvQ",
    "size": [
      2.125629893528688,
      4.58497409139727,
      2.1000000000000227
    ],
    "obj_class": "vehicle",
    "point_num_in_lidar": 77,
    "speed": 0.0,
    "if_vehicle": true,
    "motion_state": false,
    "pose": [
      [
        0.7116564400552453,
        0.7022766997708816,
        -0.018776269246425226,
        14.084789716245723
      ],
      [
        -0.7023935738192322,
        0.7117885951063804,
        0.0005131607274481316,
        -70.52948764008033
      ],
      [
        0.013725115130376442,
        0.012823136722516854,
        0.9998235786273764,
        0.5357874819816288
      ],
      [
        0.0,
        0.0,
        0.0,
        1.0
      ]
    ],
    "location": [
      14.084789716245723,
      -70.52948764008033,
      0.5357874819816288
    ],
    "rotation": [
      0.012824696246111775,
      -0.013725546086995987,
      -0.7788476640106916
    ]
  },
  {
    "label_id": "i4oe-rC5aor3jYr4SZ0cCA",
    "size": [
      0.9769409523876055,
      0.9481444559645329,
      1.6999999999999886
    ],
    "obj_class": "pedestrian",
    "point_num_in_lidar": 69,
    "speed": 1.2730365514839943,
    "if_vehicle": false,
    "motion_state": true,
    "pose": [
      [
        0.641342727159926,
        -0.7670247440808248,
        -0.018776269246425226,
        1.5046240677766036
      ],
      [
        0.7671660670989499,
        0.6414483316355244,
        0.0005131607274481316,
        -17.748504461880657
      ],
      [
        0.011650399606815628,
        -0.014733628532983954,
        0.9998235786273764,
        0.6670603420351426
      ],
      [
        0.0,
        0.0,
        0.0,
        1.0
      ]
    ],
    "location": [
      1.5046240677766036,
      -17.748504461880657,
      0.6670603420351426
    ],
    "rotation": [
      -0.014735161768685834,
      -0.0116506631778876,
      0.8744925613012762
    ]
  },
  {
    "label_id": "ioDCQAnHaAdnOXr2fnUeVg",
    "size": [
      0.47998328234913534,
      0.08074115062697518,
      0.45999999999997954
    ],
    "obj_class": "sign",
    "point_num_in_lidar": 49,
    "speed": 0.009961129634443788,
    "if_vehicle": false,
    "motion_state": false,
    "pose": [
      [
        -0.6062221036672142,
        0.7950737152858741,
        -0.018776269246425226,
        -20.82653080334785
      ],
      [
        -0.7952196417098903,
        -0.6063212499202559,
        0.0005131607274481316,
        -8.430704872625938
      ],
      [
        -0.010976450432220812,
        0.015242347478503702,
        0.9998235786273764,
        2.5412919774624925
      ],
      [
        0.0,
        0.0,
        0.0,
        1.0
      ]
    ],
    "location": [
      -20.82653080334785,
      -8.430704872625938,
      2.5412919774624925
    ],
    "rotation": [
      0.015243856154643722,
      0.010976670855804258,
      -2.2221438866985146
    ]
  },
  {
    "label_id": "j-cWwH8EWwAQoJ4JIFLZLQ",
    "size": [
      0.8325640802664472,
      1.057976079421576,
      2.2889746724247857
    ],
    "obj_class": "pedestrian",
    "point_num_in_lidar": 115,
    "speed": 1.4268744115780845,
    "if_vehicle": false,
    "motion_state": true,
    "pose": [
      [
        -0.7120336694944498,
        0.7018942265181091,
        -0.018776269246425226,
        -8.542327196068072
      ],
      [
        -0.7020247556182558,
        -0.7121523567083072,
        0.0005131607274481316,
        -27.178870451367402
      ],
      [
        -0.013011379842159755,
        0.013546793544949573,
        0.9998235786273764,
        0.6649412493472937
      ],
      [
        0.0,
        0.0,
        0.0,
        1.0
      ]
    ],
    "location": [
      -8.542327196068072,
      -27.178870451367402,
      0.6649412493472937
    ],
    "rotation": [
      0.013548354880422664,
      0.013011746999236976,
      -2.363272519327522
    ]
  },
  {
    "label_id": "lKH6TrjBDr33xCnNAFz4kA",
    "size": [
      0.7416749830934545,
      0.8415099806472632,
      1.7200000000000273
    ],
    "obj_class": "pedestrian",
    "point_num_in_lidar": 51,
    "speed": 1.2284383280093965,
    "if_vehicle": false,
    "motion_state": true,
    "pose": [
      [
        0.7393676069453277,
        -0.6730401128559317,
        -0.018776269246425226,
        2.9314780233871716
      ],
      [
        0.6731658216398395,
        0.7394913882135664,
        0.0005131607274481316,
        -16.74339090409194
      ],
      [
        0.01353951165659576,
        -0.013018957133632334,
        0.9998235786273764,
        0.7270603420352018
      ],
      [
        0.0,
        0.0,
        0.0,
        1.0
      ]
    ],
    "location": [
      2.9314780233871716,
      -16.74339090409194,
      0.7270603420352018
    ],
    "rotation": [
      -0.013020518504862287,
      -0.013539925364272658,
      0.7385650224523921
    ]
  },
  {
    "label_id": "la6mIbsiU-_4PjDPXVc2eQ",
    "size": [
      2.0677616828690963,
      4.724597843100884,
      1.509999999999991
    ],
    "obj_class": "vehicle",
    "point_num_in_lidar": 936,
    "speed": 0.014787692163945966,
    "if_vehicle": true,
    "motion_state": false,
    "pose": [
      [
        0.6922306980899989,
        -0.7214319873245285,
        -0.018776269246425226,
        -22.9929213616997
      ],
      [
        0.7215657678900337,
        0.6923457079200636,
        0.0005131607274481316,
        -13.236457690611132
      ],
      [
        0.01262945886009418,
        -0.013903538745500632,
        0.9998235786273764,
        0.2611486313387559
      ],
      [
        0.0,
        0.0,
        0.0,
        1.0
      ]
    ],
    "location": [
      -22.9929213616997,
      -13.236457690611132,
      0.2611486313387559
    ],
    "rotation": [
      -0.013905095799136364,
      -0.012629794624110558,
      0.8061443328395803
    ]
  },
  {
    "label_id": "naDJ-x7myR3LWnjB3v-3Ig",
    "size": [
      1.9775175189879992,
      4.74639619775544,
      1.5199999999999818
    ],
    "obj_class": "vehicle",
    "point_num_in_lidar": 3882,
    "speed": 1.1368683772161603e-12,
    "if_vehicle": true,
    "motion_state": false,
    "pose": [
      [
        0.6807793743507031,
        -0.7322478372599343,
        -0.018776269246425226,
        -37.4614848744277
      ],
      [
        0.7323834130843302,
        0.6808922623330473,
        0.0005131607274481316,
        -27.839169635211874
      ],
      [
        0.012408855612532261,
        -0.014100777394660738,
        0.9998235786273764,
        0.09593463511936307
      ],
      [
        0.0,
        0.0,
        0.0,
        1.0
      ]
    ],
    "location": [
      -37.4614848744277,
      -27.839169635211874,
      0.09593463511936307
    ],
    "rotation": [
      -0.014102330567328982,
      -0.012409174086572586,
      0.8218986430737146
    ]
  },
  {
    "label_id": "o3kJrPbOaNbNLe5OrS8a7g",
    "size": [
      0.7958708213808189,
      0.8442438505559838,
      1.6499999999999773
    ],
    "obj_class": "pedestrian",
    "point_num_in_lidar": 35,
    "speed": 1.476724797078947,
    "if_vehicle": false,
    "motion_state": true,
    "pose": [
      [
        -0.7406171875195217,
        0.67166482211283,
        -0.018776269246425226,
        -0.1691845004352217
      ],
      [
        -0.6717903006298567,
        -0.7407412022060841,
        0.0005131607274481316,
        14.408509784036141
      ],
      [
        -0.013563684245825401,
        0.01299377121647124,
        0.9998235786273764,
        0.7667654600134028
      ],
      [
        0.0,
        0.0,
        0.0,
        1.0
      ]
    ],
    "location": [
      -0.1691845004352217,
      14.408509784036141,
      0.7667654600134028
    ],
    "rotation": [
      0.01299533240570742,
      0.01356410017340598,
      -2.4048861641305943
    ]
  },
  {
    "label_id": "oRjMPH_qzXEzVpMM4FENNw",
    "size": [
      0.9393771529919918,
      0.932946907593988,
      1.9499999999999886
    ],
    "obj_class": "pedestrian",
    "point_num_in_lidar": 78,
    "speed": 0.016551221663337622,
    "if_vehicle": false,
    "motion_state": false,
    "pose": [
      [
        0.6651766683013778,
        0.7464498989621907,
        -0.018776269246425226,
        -10.560591560479224
      ],
      [
        -0.7465750038455128,
        0.6653010598963002,
        0.0005131607274481316,
        5.942167514236644
      ],
      [
        0.012874920603700027,
        0.013676550741867232,
        0.9998235786273764,
        0.8367654600133392
      ],
      [
        0.0,
        0.0,
        0.0,
        1.0
      ]
    ],
    "location": [
      -10.560591560479224,
      5.942167514236644,
      0.8367654600133392
    ],
    "rotation": [
      0.013678110923764863,
      -0.012875276329058603,
      -0.8429920846171622
    ]
  },
  {
    "label_id": "oZJhcB1wAq2Kn4BM-9cvFw",
    "size": [
      0.7875251173411366,
      0.9658210290236487,
      2.44029251096174
    ],
    "obj_class": "pedestrian",
    "point_num_in_lidar": 113,
    "speed": 1.3469126069853514,
    "if_vehicle": false,
    "motion_state": true,
    "pose": [
      [
        -0.7004325569634642,
        0.7134715725653051,
        -0.018776269246425226,
        -8.994091008149553
      ],
      [
        -0.7136040296478429,
        -0.700549088598671,
        0.0005131607274481316,
        -26.695510832389118
      ],
      [
        -0.012787572716675268,
        0.013758255876461628,
        0.9998235786273764,
        0.631262783497391
      ],
      [
        0.0,
        0.0,
        0.0,
        1.0
      ]
    ],
    "location": [
      -8.994091008149553,
      -26.695510832389118,
      0.631262783497391
    ],
    "rotation": [
      0.013759815095921737,
      0.012787921250601077,
      -2.3468799562647833
    ]
  },
  {
    "label_id": "r6oiDLYtLOCbBdMrFxcTrA",
    "size": [
      1.0165560464907382,
      0.960914637776161,
      1.8814478954579386
    ],
    "obj_class": "pedestrian",
    "point_num_in_lidar": 35,
    "speed": 1.5503280424530892,
    "if_vehicle": false,
    "motion_state": true,
    "pose": [
      [
        0.6846922434439757,
        -0.7285904085841656,
        -0.018776269246425226,
        -3.9692968294875755
      ],
      [
        0.728725377724498,
        0.6848058560835734,
        0.0005131607274481316,
        -23.24046602955059
      ],
      [
        0.01248421515127311,
        -0.014034101068581897,
        0.9998235786273764,
        0.7267762936637041
      ],
      [
        0.0,
        0.0,
        0.0,
        1.0
      ]
    ],
    "location": [
      -3.9692968294875755,
      -23.24046602955059,
      0.7267762936637041
    ],
    "rotation": [
      -0.014035655675211233,
      -0.012484539463217884,
      0.8165417521351175
    ]
  },
  {
    "label_id": "xDm7BiIYwCesl8cTVs76OA",
    "size": [
      0.7314666989639306,
      1.0616612690474252,
      1.8199999999999932
    ],
    "obj_class": "pedestrian",
    "point_num_in_lidar": 284,
    "speed": 1.5307962993656707,
    "if_vehicle": false,
    "motion_state": true,
    "pose": [
      [
        -0.6835751713329561,
        0.7296385659011628,
        -0.018776269246425226,
        -20.23712558878833
      ],
      [
        -0.7297737089482573,
        -0.6836885770538896,
        0.0005131607274481316,
        -37.026691342151025
      ],
      [
        -0.012462698946217113,
        0.014053211580361533,
        0.9998235786273764,
        0.4395141172724948
      ],
      [
        0.0,
        0.0,
        0.0,
        1.0
      ]
    ],
    "location": [
      -20.23712558878833,
      -37.026691342151025,
      0.4395141172724948
    ],
    "rotation": [
      0.014054765788779263,
      0.012463021584143821,
      -2.323518839432595
    ]
  }
]