[
  {
    "label_id": "2DMf5SM1QFoIz358FjVTgA",
    "size": [
      2.0394920897565574,
      4.6432134001663945,
      1.7699999999999818
    ],
    "obj_class": "vehicle",
    "point_num_in_lidar": 310,
    "speed": 3.410605131648481e-12,
    "if_vehicle": true,
    "motion_state": false,
    "pose": [
      [
        0.6976046951506498,
        -0.7160415993970761,
        -0.025141941783523893,
        15.320761220093118
      ],
      [
        0.7164071507136849,
        0.6976115077406801,
        0.009948802645277591,
        0.8219281009442057
      ],
      [
        0.010415551356922079,
        -0.02495219831301655,
        0.9996343852075514,
        0.7491418054386259
      ],
      [
        0.0,
        0.0,
        0.0,
        1.0
      ]
    ],
    "location": [
      15.320761220093118,
      0.8219281009442057,
      0.7491418054386259
    ],
    "rotation": [
      -0.024956142281162462,
      -0.010415739685724932,
      0.7986946202412354
    ]
  },
  {
    "label_id": "3JZ-dCSx2Rm0NEooV33HhA",
    "size": [
      0.877036594633488,
      0.08206485123166174,
      0.8600000000000136
    ],
    "obj_class": "sign",
    "point_num_in_lidar": 32,
    "speed": 0.0069807230984128416,
    "if_vehicle": false,
    "motion_state": false,
    "pose": [
      [
        -0.6859493173579634,
        0.7272148353681309,
        -0.025141941783523893,
        32.82474016628112
      ],
      [
        -0.7275804490333609,
        -0.6859502252425742,
        0.009948802645277591,
        15.669895981482114
      ],
      [
        -0.010011203751648335,
        0.0251171596754842,
        0.9996343852075514,
        3.4866370591451528
      ],
      [
        0.0,
        0.0,
        0.0,
        1.0
      ]
    ],
    "location": [
      32.82474016628112,
      15.669895981482114,
      3.4866370591451528
    ],
    "rotation": [
      0.025121060541937534,
      0.010011370986672997,
      -2.3267511054252434
    ]
  },
  {
    "label_id": "7MCYCI--ejKq5cnX6uzv4w",
    "size": [
      1.876344215361631,
      0.42982286338272424,
      1.7099999999999795
    ],
    "obj_class": "sign",
    "point_num_in_lidar": 622,
    "speed": 4.028610905737523e-27,
    "if_vehicle": false,
    "motion_state": false,
    "pose": [
      [
        -0.7093881844981578,
        -0.7043694247039415,
        -0.025141941783523893,
        -20.45093857565007
      ],
      [
        0.7043797065373195,
        -0.7097536546889526,
        0.009948802645277591,
        6.771670869260561
      ],
      [
        -0.0248522174625802,
        -0.01065191052879299,
        0.9996343852075514,
        1.0483255251186279
      ],
      [
        0.0,
        0.0,
        0.0,
        1.0
      ]
    ],
    "location": [
      -20.45093857565007,
      6.771670869260561,
      1.0483255251186279
    ],
    "rotation": [
      -0.010655403167914473,
      0.02485477643095196,
      2.3597371205208892
    ]
  },
  {
    "label_id": "7icJBEuPRDJAEFyjeeK9Tw",
    "size": [
      2.0299898428521894,
      4.529825083229547,
      1.5699999999999932
    ],
    "obj_class": "vehicle",
    "point_num_in_lidar": 361,
    "speed": 10.195455454092482,
    "if_vehicle": true,
    "motion_state": true,
    "pose": [
      [
        0.7214451455552605,
        -0.6920150176969447,
        -0.025141941783523893,
        2.2809589265743853
      ],
      [
        0.6923801288572864,
        0.7214643293257766,
        0.009948802645277591,
        6.976624036804424
      ],
      [
        0.011254293328162603,
        -0.024585296264321523,
        0.9996343852075514,
        0.7150988430273628
      ],
      [
        0.0,
        0.0,
        0.0,
        1.0
      ]
    ],
    "location": [
      2.2809589265743853,
      6.976624036804424,
      0.7150988430273628
    ],
    "rotation": [
      -0.02458933124255133,
      -0.011254530918183046,
      0.7648433439444403
    ]
  },
  {
    "label_id": "8KC4pvYukwuR-iDaJSPm0A",
    "size": [
      0.8324296113856371,
      0.6691068608769164,
      1.7699999999999818
    ],
    "obj_class": "pedestrian",
    "point_num_in_lidar": 117,
    "speed": 0.0726423840759765,
    "if_vehicle": false,
    "motion_state": false,
    "pose": [
      [
        -0.9407666181900785,
        0.33812135818749595,
        -0.025141941783523893,
        -5.456763547699666
      ],
      [
        -0.33844699023333263,
        -0.9409328648357032,
        0.009948802645277591,
        -27.650635387020884
      ],
      [
        -0.020292976647142996,
        0.01786871594489364,
        0.9996343852075514,
        0.667469094703165
      ],
      [
        0.0,
        0.0,
        0.0,
        1.0
      ]
    ],
    "location": [
      -5.456763547699666,
      -27.650635387020884,
      0.667469094703165
    ],
    "rotation": [
      0.017873347905212927,
      0.0202943696965147,
      -2.796252573373059
    ]
  },
  {
    "label_id": "98DtmDHk29-0tTd6qz1nGQ",
    "size": [
      0.7873837027496439,
      0.8779179917009724,
      1.6999999999999886
    ],
    "obj_class": "pedestrian",
    "point_num_in_lidar": 149,
    "speed": 1.190741504568938,
    "if_vehicle": false,
    "motion_state": true,
    "pose": [
      [
        0.764863547512023,
        -0.6437015119220066,
        -0.025141941783523893,
        1.4658349845158227
      ],
      [
        0.6440646064813801,
        0.7649064021198347,
        0.009948802645277591,
        -22.050192213791888
      ],
      [
        0.01282717292736276,
        -0.0238025113257471,
        0.9996343852075514,
        0.66706034203537
      ],
      [
        0.0,
        0.0,
        0.0,
        1.0
      ]
    ],
    "location": [
      1.4658349845158227,
      -22.050192213791888,
      0.66706034203537
    ],
    "rotation": [
      -0.02380671847505989,
      -0.012827524709478252,
      0.6998691459771919
    ]
  },
  {
    "label_id": "C6e5B3f0p8EXgkDqcFxO5w",
    "size": [
      2.1822347770795347,
      4.834819894509566,
      1.9800000000000182
    ],
    "obj_class": "vehicle",
    "point_num_in_lidar": 40,
    "speed": 0.0014919601166144209,
    "if_vehicle": true,
    "motion_state": false,
    "pose": [
      [
        -0.6850610280183761,
        -0.728051695042158,
        -0.025141941783523893,
        48.579175669579854
      ],
      [
        0.7280743811049742,
        -0.6854259383073666,
        0.009948802645277591,
        22.822968980988662
      ],
      [
        -0.02447618166737531,
        -0.011489666736090644,
        0.9996343852075514,
        1.221793075418418
      ],
      [
        0.0,
        0.0,
        0.0,
        1.0
      ]
    ],
    "location": [
      48.579175669579854,
      22.822968980988662,
      1.221793075418418
    ],
    "rotation": [
      -0.011493362956810065,
      0.024478626205753393,
      2.3257656463416714
    ]
  },
  {
    "label_id": "CZUwabcB3mvH43N9J3yGWQ",
    "size": [
      2.372938899728312,
      4.773708939237198,
      1.6999999999999886
    ],
    "obj_class": "vehicle",
    "point_num_in_lidar": 35,
    "speed": 5.445990723362494,
    "if_vehicle": true,
    "motion_state": true,
    "pose": [
      [
        0.6894391663791652,
        -0.7239071201651187,
        -0.025141941783523893,
        40.36907845594396
      ],
      [
        0.7242727252344011,
        0.6894418327948045,
        0.009948802645277591,
        31.17117854787648
      ],
      [
        0.010131897351218975,
        -0.025068716895468527,
        0.9996343852075514,
        1.129274094052107
      ],
      [
        0.0,
        0.0,
        0.0,
        1.0
      ]
    ],
    "location": [
      40.36907845594396,
      31.17117854787648,
      1.129274094052107
    ],
    "rotation": [
      -0.025072630560573576,
      -0.010132070708128518,
      0.8100329650540076
    ]
  },
  {
    "label_id": "Fe-uZ9qlinJ4Guviu-__IQ",
    "size": [
      0.695076120265643,
      1.001424989274805,
      1.910000000000025
    ],
    "obj_class": "pedestrian",
    "point_num_in_lidar": 48,
    "speed": 1.338496709871835,
    "if_vehicle": false,
    "motion_state": true,
    "pose": [
      [
        0.9836406128655891,
        0.17837888744120525,
        -0.025141941783523893,
        12.613274080147676
      ],
      [
        -0.17818026008777582,
        0.9839475678312223,
        0.009948802645277591,
        30.52187599426543
      ],
      [
        0.026513008815689257,
        -0.005306248605179638,
        0.9996343852075514,
        1.1210129839880665
      ],
      [
        0.0,
        0.0,
        0.0,
        1.0
      ]
    ],
    "location": [
      12.613274080147676,
      30.52187599426543,
      1.1210129839880665
    ],
    "rotation": [
      -0.005308139502511442,
      -0.026516115972784107,
      -0.1792004846009824
    ]
  },
  {
    "label_id": "HWUxvHKq2Hhdp_xVEddyQQ",
    "size": [
      0.8678979233330925,
      0.7180122975026588,
      1.6899999999999977
    ],
    "obj_class": "pedestrian",
    "point_num_in_lidar": 105,
    "speed": 0.015691716910926096,
    "if_vehicle": false,
    "motion_state": false,
    "pose": [
      [
        -0.49319150583029714,
        -0.8695573709308649,
        -0.025141941783523893,
        -5.598850360693177
      ],
      [
        0.8696658155605865,
        -0.493540667596162,
        0.009948802645277591,
        -28.252648317567946
      ],
      [
        -0.02105962540464184,
        -0.016958422348112196,
        0.9996343852075514,
        0.6274690947031445
      ],
      [
        0.0,
        0.0,
        0.0,
        1.0
      ]
    ],
    "location": [
      -5.598850360693177,
      -28.252648317567946,
      0.6274690947031445
    ],
    "rotation": [
      -0.0169629976823709,
      0.02106118240017126,
      2.0866767792183802
    ]
  },
  {
    "label_id": "IfoFHlW_Bb0HdgctcvNTaQ",
    "size": [
      2.0499922588120363,
      4.650134719515815,
      1.6999999999999886
    ],
    "obj_class": "vehicle",
    "point_num_in_lidar": 142,
    "speed": 0.009615283510913184,
    "if_vehicle": true,
    "motion_state": false,
    "pose": [
      [
        0.7248778271828562,
        -0.6884184907612629,
        -0.025141941783523893,
        20.226441013764997
      ],
      [
        0.6887835019994887,
        0.7248988265263269,
        0.009948802645277591,
        5.984114136714197
      ],
      [
        0.011376424393526038,
        -0.024529021153302733,
        0.9996343852075514,
        0.7992740940519525
      ],
      [
        0.0,
        0.0,
        0.0,
        1.0
      ]
    ],
    "location": [
      20.226441013764997,
      5.984114136714197,
      0.7992740940519525
    ],
    "rotation": [
      -0.024533069502702183,
      -0.011376669803042066,
      0.7598711972864052
    ]
  },
  {
    "label_id": "MDFcC1ERI2HCAT9f-NMOkQ",
    "size": [
      0.8981496602121878,
      0.1072508584288479,
      0.5099999999999909
    ],
    "obj_class": "sign",
    "point_num_in_lidar": 20,
    "speed": 0.0036464468470196083,
    "if_vehicle": false,
    "motion_state": false,
    "pose": [
      [
        0.6849633338033252,
        -0.7281436081628324,
        -0.025141941783523893,
        19.641626804554107
      ],
      [
        0.7285092227225952,
        0.684963746291762,
        0.009948802645277591,
        35.149188739167585
      ],
      [
        0.009977161578059557,
        -0.025130701493712413,
        0.9996343852075514,
        1.1901903590229495
      ],
      [
        0.0,
        0.0,
        0.0,
        1.0
      ]
    ],
    "location": [
      19.641626804554107,
      35.149188739167585,
      1.1901903590229495
    ],
    "rotation": [
      -0.02513459876132829,
      -0.009977327112826293,
      0.8161961579181285
    ]
  },
  {
    "label_id": "NJ0RxWHefGuMqGcHY7VjbQ",
    "size": [
      0.5537821980166817,
      0.08772183907204364,
      0.5199999999999818
    ],
    "obj_class": "sign",
    "point_num_in_lidar": 41,
    "speed": 0.015005533735698405,
    "if_vehicle": false,
    "motion_state": false,
    "pose": [
      [
        -0.8159690557210797,
        0.5775485978417777,
        -0.025141941783523893,
        -1.4732339010333817
      ],
      [
        -0.5779068425562528,
        -0.8160420961277597,
        0.009948802645277591,
        10.821828972511867
      ],
      [
        -0.014770965855764304,
        0.022647615291871953,
        0.9996343852075514,
        2.4352899214822514
      ],
      [
        0.0,
        0.0,
        0.0,
        1.0
      ]
    ],
    "location": [
      -1.4732339010333817,
      10.821828972511867,
      2.4352899214822514
    ],
    "rotation": [
      0.022652023470131098,
      0.01477150303358815,
      -2.525353854961381
    ]
  },
  {
    "label_id": "NR-ydNfoP_gKd7nePeHUGg",
    "size": [
      0.8420630655465948,
      1.0804344746293282,
      1.9700000000000273
    ],
    "obj_class": "pedestrian",
    "point_num_in_lidar": 26,
    "speed": 1.7016718130672728,
    "if_vehicle": false,
    "motion_state": true,
    "pose": [
      [
        0.6403840778122141,
        -0.7676432215866653,
        -0.025141941783523893,
        44.73415458449381
      ],
      [
        0.7680082117871523,
        0.6403627159301406,
        0.009948802645277591,
        26.070134147288627
      ],
      [
        0.008462831210704016,
        -0.025680272557352682,
        0.9996343852075514,
        1.1270568332243442
      ],
      [
        0.0,
        0.0,
        0.0,
        1.0
      ]
    ],
    "location": [
      44.73415458449381,
      26.070134147288627,
      1.1270568332243442
    ],
    "rotation": [
      -0.02568401594136975,
      -0.00846293223126687,
      0.8757682405255871
    ]
  },
  {
    "label_id": "Z5QKATZnhdyAEhR8O_ebsQ",
    "size": [
      2.236721291996084,
      5.270744933136602,
      1.9800000000000182
    ],
    "obj_class": "vehicle",
    "point_num_in_lidar": 6118,
    "speed": 10.11862981461752,
    "if_vehicle": true,
    "motion_state": true,
    "pose": [
      [
        0.7194861012667311,
        -0.6940516067608755,
        -0.025141941783523893,
        -10.267366685020534
      ],
      [
        0.694416770690446,
        0.7195042528781729,
        0.009948802645277591,
        -5.677034291431482
      ],
      [
        0.011184751577559117,
        -0.02461701124972477,
        0.9996343852075514,
        0.8201406294544995
      ],
      [
        0.0,
        0.0,
        0.0,
        1.0
      ]
    ],
    "location": [
      -10.267366685020534,
      -5.677034291431482,
      0.8201406294544995
    ],
    "rotation": [
      -0.024621038623782145,
      -0.011184984790275026,
      0.7676694321514066
    ]
  },
  {
    "label_id": "_md0d61Qn6UYicamaGvcYg",
    "size": [
      2.166074573472387,
      4.745512814368736,
      1.8500000000000227
    ],
    "obj_class": "vehicle",
    "point_num_in_lidar": 558,
    "speed": 1.1368683772161603e-12,
    "if_vehicle": true,
    "motion_state": false,
    "pose": [
      [
        0.7112716528449627,
        -0.702467450222819,
        -0.025141941783523893,
        10.642055017564417
      ],
      [
        0.7028328024160522,
        0.7112855074960572,
        0.009948802645277591,
        -3.900098317521042
      ],
      [
        0.010894388793931935,
        -0.024746882703230267,
        0.9996343852075514,
        0.8214480659943888
      ],
      [
        0.0,
        0.0,
        0.0,
        1.0
      ]
    ],
    "location": [
      10.642055017564417,
      -3.900098317521042,
      0.8214480659943888
    ],
    "rotation": [
      -0.024750878421315348,
      -0.010894604310447293,
      0.7794306054683245
    ]
  },
  {
    "label_id": "aO6S2DOwu2JmbOKPLq_mzw",
    "size": [
      2.171981657856913,
      4.723586185109283,
      1.8000000000000114
    ],
    "obj_class": "vehicle",
    "point_num_in_lidar": 2965,
    "speed": 3.410605131648481e-12,
    "if_vehicle": true,
    "motion_state": false,
    "pose": [
      [
        0.6875876687996176,
        -0.7256659565378971,
        -0.025141941783523893,
        -8.83971667291189
      ],
      [
        0.7260315672257291,
        0.6875894012546128,
        0.009948802645277591,
        -23.194511769317614
      ],
      [
        0.0100678253093194,
        -0.025094517414403786,
        0.9996343852075514,
        0.4975331613798062
      ],
      [
        0.0,
        0.0,
        0.0,
        1.0
      ]
    ],
    "location": [
      -8.83971667291189,
      -23.194511769317614,
      0.4975331613798062
    ],
    "rotation": [
      -0.02509842427763162,
      -0.010067995398063185,
      0.8125868320993207
    ]
  },
  {
    "label_id": "ej3ztPVfgmjRdVBS07uFPA",
    "size": [
      2.898488435858719,
      7.210999804175714,
      3.1999999999999886
    ],
    "obj_class": "vehicle",
    "point_num_in_lidar": 11908,
    "speed": 1.1368683772161603e-12,
    "if_vehicle": true,
    "motion_state": false,
    "pose": [
      [
        0.7450513727666095,
        -0.6665330709739349,
        -0.025141941783523893,
        -0.2911335637290904
      ],
      [
        0.6668972952505231,
        0.7450832295210126,
        0.009948802645277591,
        -13.87985897258477
      ],
      [
        0.012101633200826791,
        -0.024179462041026344,
        0.9996343852075514,
        1.3075331613800927
      ],
      [
        0.0,
        0.0,
        0.0,
        1.0
      ]
    ],
    "location": [
      -0.2911335637290904,
      -13.87985897258477,
      1.3075331613800927
    ],
    "rotation": [
      -0.024183589981377613,
      -0.01210192860003596,
      0.7301026639158427
    ]
  },
  {
    "label_id": "fEXEJZ7FbCjlCrCL5pFRYQ",
    "size": [
      2.278149167875882,
      5.159896609175984,
      2.170000000000016
    ],
    "obj_class": "vehicle",
    "point_num_in_lidar": 231,
    "speed": 4.359622611499735,
    "if_vehicle": true,
    "motion_state": true,
    "pose": [
      [
        0.5950174951409655,
        -0.8033194030020219,
        -0.025141941783523893,
        33.45757723477436
      ],
      [
        0.8036825521844188,
        0.5949751058996203,
        0.009948802645277591,
        22.069871781590336
      ],
      [
        0.0069667632735848865,
        -0.026125851569099447,
        0.9996343852075514,
        1.3284400126264018
      ],
      [
        0.0,
        0.0,
        0.0,
        1.0
      ]
    ],
    "location": [
      33.45757723477436,
      22.069871781590336,
      1.3284400126264018
    ],
    "rotation": [
      -0.026129458818760016,
      -0.006966819631042934,
      0.9334909431967158
    ]
  },
  {
    "label_id": "o3kJrPbOaNbNLe5OrS8a7g",
    "size": [
      0.7958708213947965,
      0.8442438505559838,
      1.6499999999999773
    ],
    "obj_class": "pedestrian",
    "point_num_in_lidar": 63,
    "speed": 1.4173777595620434,
    "if_vehicle": false,
    "motion_state": true,
    "pose": [
      [
        -0.5862279752972733,
        0.8097559161514125,
        -0.025141941783523893,
        -2.7370256096546655
      ],
      [
        -0.810118581832582,
        -0.5861816311481377,
        0.009948802645277591,
        11.869219993168372
      ],
      [
        -0.006681642644261202,
        0.026200220653558957,
        0.9996343852075514,
        0.7667654600132892
      ],
      [
        0.0,
        0.0,
        0.0,
        1.0
      ]
    ],
    "location": [
      -2.7370256096546655,
      11.869219993168372,
      0.7667654600132892
    ],
    "rotation": [
      0.026203804176606157,
      0.006681692361523737,
      -2.1972074533626413
    ]
  },
  {
    "label_id": "oRjMPH_qzXEzVpMM4FENNw",
    "size": [
      0.9393771529799484,
      0.932946907593988,
      1.9499999999999886
    ],
    "obj_class": "pedestrian",
    "point_num_in_lidar": 193,
    "speed": 0.016551221662973015,
    "if_vehicle": false,
    "motion_state": false,
    "pose": [
      [
        0.7596021331591887,
        0.6499019018770172,
        -0.025141941783523893,
        -10.534662655263674
      ],
      [
        -0.6498850907301935,
        0.7599673612547669,
        0.009948802645277591,
        5.974424354259099
      ],
      [
        0.025572800914610633,
        0.008782241405386033,
        0.9996343852075514,
        0.8367654600135097
      ],
      [
        0.0,
        0.0,
        0.0,
        1.0
      ]
    ],
    "location": [
      -10.534662655263674,
      5.974424354259099,
      0.8367654600135097
    ],
    "rotation": [
      0.00878522747489686,
      -0.025575589034728702,
      -0.7077130037246148
    ]
  },
  {
    "label_id": "r6oiDLYtLOCbBdMrFxcTrA",
    "size": [
      1.0165560465002907,
      0.960914637776161,
      1.8814478954579386
    ],
    "obj_class": "pedestrian",
    "point_num_in_lidar": 287,
    "speed": 1.4795810840905872,
    "if_vehicle": false,
    "motion_state": true,
    "pose": [
      [
        0.7167795631212674,
        -0.6968464254446877,
        -0.025141941783523893,
        -1.507761011911498
      ],
      [
        0.6972116572507879,
        0.7167962934610747,
        0.009948802645277591,
        -20.727319128192903
      ],
      [
        0.011088863120027706,
        -0.02466035331105531,
        0.9996343852075514,
        0.7267762936638746
      ],
      [
        0.0,
        0.0,
        0.0,
        1.0
      ]
    ],
    "location": [
      -1.507761011911498,
      -20.727319128192903,
      0.7267762936638746
    ],
    "rotation": [
      -0.024664370213078178,
      -0.011089090385703935,
      0.7715602720645873
    ]
  }
]