[
  {
    "label_id": "2DMf5SM1QFoIz358FjVTgA",
    "size": [
      2.039492089756558,
      4.6432134001663945,
      1.7699999999999818
    ],
    "obj_class": "vehicle",
    "point_num_in_lidar": 1567,
    "speed": 0.04733239381379522,
    "if_vehicle": true,
    "motion_state": false,
    "pose": [
      [
        0.6976445720716316,
        -0.7160825302200418,
        -0.022756558893055483,
        15.352148574344028
      ],
      [
        0.7164314749586258,
        0.6974683921710094,
        0.0162414165328957,
        0.8634723067880259
      ],
      [
        0.004241785897250721,
        -0.027634251139663717,
        0.999609101307282,
        0.7491418054385122
      ],
      [
        0.0,
        0.0,
        0.0,
        1.0
      ]
    ],
    "location": [
      15.352148574344028,
      0.8634723067880259,
      0.7491418054385122
    ],
    "rotation": [
      -0.027638018213020657,
      -0.004241798617584217,
      0.7986830201037882
    ]
  },
  {
    "label_id": "2mgIVDg2Dam4gckam7FU0w",
    "size": [
      0.8531989066192918,
      0.9873727070641302,
      2.03407124607196
    ],
    "obj_class": "pedestrian",
    "point_num_in_lidar": 35,
    "speed": 1.4368224784575112,
    "if_vehicle": false,
    "motion_state": true,
    "pose": [
      [
        -0.8163688994444505,
        0.5770822810026345,
        -0.022756558893055483,
        45.04827632921297
      ],
      [
        -0.5774574719077413,
        -0.8162592018022983,
        0.0162414165328957,
        25.80018857637333
      ],
      [
        -0.009202616898295112,
        0.026399932308082415,
        0.999609101307282,
        1.0689004397472104
      ],
      [
        0.0,
        0.0,
        0.0,
        1.0
      ]
    ],
    "location": [
      45.04827632921297,
      25.80018857637333,
      1.0689004397472104
    ],
    "rotation": [
      0.026404118212298364,
      0.00920274679535748,
      -2.5259516904988453
    ]
  },
  {
    "label_id": "3JZ-dCSx2Rm0NEooV33HhA",
    "size": [
      0.8770365946334879,
      0.08206485123166174,
      0.8600000000000136
    ],
    "obj_class": "sign",
    "point_num_in_lidar": 50,
    "speed": 0.011602404571088475,
    "if_vehicle": false,
    "motion_state": false,
    "pose": [
      [
        -0.6859885280268723,
        0.7272564048826742,
        -0.022756558893055483,
        32.816295324159
      ],
      [
        -0.7276024587254487,
        -0.6858067354916303,
        0.0162414165328957,
        15.692744623258477
      ],
      [
        -0.0037949271675536537,
        0.027699153623190073,
        0.999609101307282,
        3.486637059145096
      ],
      [
        0.0,
        0.0,
        0.0,
        1.0
      ]
    ],
    "location": [
      32.816295324159,
      15.692744623258477,
      3.486637059145096
    ],
    "rotation": [
      0.02770289637713542,
      0.00379493627636904,
      -2.32676453757792
    ]
  },
  {
    "label_id": "4sRZr1ONdtX-QRcs4A0-vw",
    "size": [
      2.1190687011923233,
      4.376564357957686,
      1.5199999999999818
    ],
    "obj_class": "vehicle",
    "point_num_in_lidar": 24,
    "speed": 6.915300366811402e-12,
    "if_vehicle": true,
    "motion_state": false,
    "pose": [
      [
        -0.6971655018328305,
        -0.7165489530252099,
        -0.022756558893055483,
        46.46961137256949
      ],
      [
        0.7163821698441691,
        -0.6975190342337368,
        0.0162414165328957,
        16.15618330354482
      ],
      [
        -0.027510902993859967,
        -0.00497943773036145,
        0.999609101307282,
        0.9726989936868904
      ],
      [
        0.0,
        0.0,
        0.0,
        1.0
      ]
    ],
    "location": [
      46.46961137256949,
      16.15618330354482,
      0.9726989936868904
    ],
    "rotation": [
      -0.004981343744817889,
      0.027514374446468287,
      2.342600690216493
    ]
  },
  {
    "label_id": "7MCYCI--ejKq5cnX6uzv4w",
    "size": [
      1.87634421536163,
      0.42982286338272424,
      1.7099999999999795
    ],
    "obj_class": "sign",
    "point_num_in_lidar": 606,
    "speed": 2.5421149729252077e-12,
    "if_vehicle": false,
    "motion_state": false,
    "pose": [
      [
        -0.7094287349944111,
        -0.7044096883146743,
        -0.022756558893055483,
        -20.450938575646433
      ],
      [
        0.704236828282275,
        -0.709779336188316,
        0.0162414165328957,
        6.771670869260561
      ],
      [
        -0.027592746422769102,
        -0.004503879272014681,
        0.999609101307282,
        1.0483255251185142
      ],
      [
        0.0,
        0.0,
        0.0,
        1.0
      ]
    ],
    "location": [
      -20.450938575646433,
      6.771670869260561,
      1.0483255251185142
    ],
    "rotation": [
      -0.004505610032011789,
      0.027596248956895043,
      2.3598671292547184
    ]
  },
  {
    "label_id": "7icJBEuPRDJAEFyjeeK9Tw",
    "size": [
      2.0299898428465633,
      4.529825083229547,
      1.5699999999999932
    ],
    "obj_class": "vehicle",
    "point_num_in_lidar": 287,
    "speed": 8.779154979597918,
    "if_vehicle": true,
    "motion_state": true,
    "pose": [
      [
        0.7868026489893398,
        -0.6167849954163158,
        -0.022756558893055483,
        16.976732893977896
      ],
      [
        0.617154296369123,
        0.7866745139269086,
        0.0162414165328957,
        19.761339693483023
      ],
      [
        0.00788454288404694,
        -0.026823097642847765,
        0.999609101307282,
        0.8250996922810145
      ],
      [
        0.0,
        0.0,
        0.0,
        1.0
      ]
    ],
    "location": [
      16.976732893977896,
      19.761339693483023,
      0.8250996922810145
    ],
    "rotation": [
      -0.026827149206864413,
      -0.007884624578102819,
      0.6651453191310019
    ]
  },
  {
    "label_id": "C6e5B3f0p8EXgkDqcFxO5w",
    "size": [
      2.1822347770795423,
      4.834819894509566,
      1.9800000000000182
    ],
    "obj_class": "vehicle",
    "point_num_in_lidar": 75,
    "speed": 0.0014919600858934602,
    "if_vehicle": true,
    "motion_state": false,
    "pose": [
      [
        -0.6851001879103201,
        -0.7280933123938105,
        -0.022756558893055483,
        48.5770541765778
      ],
      [
        0.72793245730585,
        -0.6854564566693292,
        0.0162414165328957,
        22.82527355401544
      ],
      [
        -0.027423896986224355,
        -0.005438240316230546,
        0.999609101307282,
        1.2217930754179633
      ],
      [
        0.0,
        0.0,
        0.0,
        1.0
      ]
    ],
    "location": [
      48.5770541765778,
      22.82527355401544,
      1.2217930754179633
    ],
    "rotation": [
      -0.0054403132755904,
      0.027427335599029833,
      2.325891469123143
    ]
  },
  {
    "label_id": "CZUwabcB3mvH43N9J3yGWQ",
    "size": [
      2.372938899731898,
      4.773708939237198,
      1.6999999999999886
    ],
    "obj_class": "vehicle",
    "point_num_in_lidar": 37,
    "speed": 6.991058415792797,
    "if_vehicle": true,
    "motion_state": true,
    "pose": [
      [
        0.7075426783176894,
        -0.706304111120966,
        -0.022756558893055483,
        49.72014269444844
      ],
      [
        0.7066554739491153,
        0.7073713717183897,
        0.0162414165328957,
        40.73513126314356
      ],
      [
        0.004625959012158718,
        -0.0275725422633813,
        0.999609101307282,
        1.209274094051807
      ],
      [
        0.0,
        0.0,
        0.0,
        1.0
      ]
    ],
    "location": [
      49.72014269444844,
      40.73513126314356,
      1.209274094051807
    ],
    "rotation": [
      -0.02757633224364371,
      -0.004625975511183433,
      0.7847708084184036
    ]
  },
  {
    "label_id": "DFgfZtoGdZJLVBYdx3oKGQ",
    "size": [
      1.3785004105489076,
      0.15689031437909554,
      0.4700000000000273
    ],
    "obj_class": "sign",
    "point_num_in_lidar": 28,
    "speed": 0.005434922538182352,
    "if_vehicle": false,
    "motion_state": false,
    "pose": [
      [
        -0.6814653808453766,
        0.7314964618756626,
        -0.022756558893055483,
        52.4457529990359
      ],
      [
        -0.7318413817089281,
        -0.6812814458117674,
        0.0162414165328957,
        35.266801741323434
      ],
      [
        -0.003623082614699375,
        0.027722154606292487,
        0.999609101307282,
        4.616189281978677
      ],
      [
        0.0,
        0.0,
        0.0,
        1.0
      ]
    ],
    "location": [
      52.4457529990359,
      35.266801741323434,
      4.616189281978677
    ],
    "rotation": [
      0.027725888685654072,
      0.003623090541282643,
      -2.3205655070034714
    ]
  },
  {
    "label_id": "EHyNyPdydGtVbm2hzdravg",
    "size": [
      2.1161686429411706,
      4.43080589474992,
      1.5300000000000296
    ],
    "obj_class": "vehicle",
    "point_num_in_lidar": 45,
    "speed": 2.3437142008433857e-12,
    "if_vehicle": true,
    "motion_state": false,
    "pose": [
      [
        -0.713290743600999,
        -0.7004987181433532,
        -0.022756558893055483,
        51.16496783461844
      ],
      [
        0.7003239331748543,
        -0.7136403891397315,
        0.0162414165328957,
        15.592302894168824
      ],
      [
        -0.027617091006047034,
        -0.004352110753627092,
        0.999609101307282,
        1.0244929142563137
      ],
      [
        0.0,
        0.0,
        0.0,
        1.0
      ]
    ],
    "location": [
      51.16496783461844,
      15.592302894168824,
      1.0244929142563137
    ],
    "rotation": [
      -0.0043537851437813,
      0.027620602821148324,
      2.365367036983401
    ]
  },
  {
    "label_id": "Fe-uZ9qlinJ4Guviu-__IQ",
    "size": [
      0.6950761202676994,
      1.001424989274805,
      1.910000000000025
    ],
    "obj_class": "pedestrian",
    "point_num_in_lidar": 74,
    "speed": 1.1810303151662453,
    "if_vehicle": false,
    "motion_state": true,
    "pose": [
      [
        0.9973907836978492,
        0.06851104744446139,
        -0.022756558893055483,
        15.185610710956098
      ],
      [
        -0.06815092488107584,
        0.9975428150344522,
        0.0162414165328957,
        30.150186786624545
      ],
      [
        0.02381335827732634,
        -0.014648158628435645,
        0.999609101307282,
        1.121012983987896
      ],
      [
        0.0,
        0.0,
        0.0,
        1.0
      ]
    ],
    "location": [
      15.185610710956098,
      30.150186786624545,
      1.121012983987896
    ],
    "rotation": [
      -0.01465283804112946,
      -0.02381560951597608,
      -0.06822316715747483
    ]
  },
  {
    "label_id": "G6Mgy_kvMQsfCAyCXrx1BQ",
    "size": [
      0.8620947521850215,
      1.1094360817910744,
      2.019999999999982
    ],
    "obj_class": "pedestrian",
    "point_num_in_lidar": 38,
    "speed": 1.7501143606241043,
    "if_vehicle": false,
    "motion_state": true,
    "pose": [
      [
        0.3665470499396482,
        -0.93012117447561,
        -0.022756558893055483,
        42.31361208533417
      ],
      [
        0.9303748714924686,
        0.36624966195803876,
        0.0162414165328957,
        19.80090849770204
      ],
      [
        -0.006771903418814768,
        -0.027125373872711238,
        0.999609101307282,
        1.1553857669193235
      ],
      [
        0.0,
        0.0,
        0.0,
        1.0
      ]
    ],
    "location": [
      42.31361208533417,
      19.80090849770204,
      1.1553857669193235
    ],
    "rotation": [
      -0.027129323603101253,
      0.006771955178303605,
      1.1954922532392622
    ]
  },
  {
    "label_id": "GiPscZnqoFfFvj5jXUIwjA",
    "size": [
      2.0663953814856857,
      4.663853484354714,
      1.829999999999984
    ],
    "obj_class": "vehicle",
    "point_num_in_lidar": 24,
    "speed": 1.1368683772161603e-12,
    "if_vehicle": true,
    "motion_state": false,
    "pose": [
      [
        -0.7340932661240314,
        -0.6786672348498188,
        -0.022756558893055483,
        43.2327070589854
      ],
      [
        0.6784819841002475,
        -0.7344374810971978,
        0.0162414165328957,
        13.903139488320448
      ],
      [
        -0.027735787040280162,
        -0.003517200719940169,
        0.999609101307282,
        0.8347800726545529
      ],
      [
        0.0,
        0.0,
        0.0,
        1.0
      ]
    ],
    "location": [
      43.2327070589854,
      13.903139488320448,
      0.8347800726545529
    ],
    "rotation": [
      -0.0035185616064220943,
      0.027739344341291484,
      2.3955428917238613
    ]
  },
  {
    "label_id": "H0ATfIvGdadeca8zxrorMw",
    "size": [
      0.9069711678900286,
      0.6684251695846886,
      1.920000000000016
    ],
    "obj_class": "pedestrian",
    "point_num_in_lidar": 21,
    "speed": 0.039089879089530974,
    "if_vehicle": false,
    "motion_state": false,
    "pose": [
      [
        0.33878859457755534,
        0.9405872778278004,
        -0.022756558893055483,
        41.43300951025594
      ],
      [
        -0.9405814780879198,
        0.3391794502427132,
        0.0162414165328957,
        43.750772413222876
      ],
      [
        0.022995026899506284,
        0.015901991118696515,
        0.999609101307282,
        1.206072061920338
      ],
      [
        0.0,
        0.0,
        0.0,
        1.0
      ]
    ],
    "location": [
      41.43300951025594,
      43.750772413222876,
      1.206072061920338
    ],
    "rotation": [
      0.015906867851225633,
      -0.02299705390009483,
      -1.2250720358042886
    ]
  },
  {
    "label_id": "H1KwN3bm7xetzBAXKSAkJQ",
    "size": [
      0.871850877867734,
      0.8439339778954031,
      1.7800000000000296
    ],
    "obj_class": "pedestrian",
    "point_num_in_lidar": 24,
    "speed": 0.021306450618884736,
    "if_vehicle": false,
    "motion_state": false,
    "pose": [
      [
        0.7628664684124453,
        0.6461554692171773,
        -0.022756558893055483,
        19.87257585167754
      ],
      [
        -0.6459554485112804,
        0.7632023158557603,
        0.0162414165328957,
        64.75906120131549
      ],
      [
        0.027862338568652785,
        0.0023096911338713754,
        0.999609101307282,
        1.2476233726082455
      ],
      [
        0.0,
        0.0,
        0.0,
        1.0
      ]
    ],
    "location": [
      19.87257585167754,
      64.75906120131549,
      1.2476233726082455
    ],
    "rotation": [
      0.002310590230223021,
      -0.02786594479685285,
      -0.702602919646239
    ]
  },
  {
    "label_id": "IfoFHlW_Bb0HdgctcvNTaQ",
    "size": [
      2.049992258812034,
      4.650134719515815,
      1.6999999999999886
    ],
    "obj_class": "vehicle",
    "point_num_in_lidar": 600,
    "speed": 0.009615283352581315,
    "if_vehicle": true,
    "motion_state": false,
    "pose": [
      [
        0.7249192631078684,
        -0.6884578425746141,
        -0.022756558893055483,
        20.240119616359152
      ],
      [
        0.6888133641175062,
        0.724756763198612,
        0.0162414165328957,
        5.998960830773285
      ],
      [
        0.00531143937827644,
        -0.0274487375917184,
        0.999609101307282,
        0.7992740940515546
      ],
      [
        0.0,
        0.0,
        0.0,
        1.0
      ]
    ],
    "location": [
      20.240119616359152,
      5.998960830773285,
      0.7992740940515546
    ],
    "rotation": [
      -0.02745257289684312,
      -0.005311464352439919,
      0.7598643027486732
    ]
  },
  {
    "label_id": "JIwIafnXjVCNvgOcHBrynQ",
    "size": [
      0.8078365520546165,
      0.9177911650848429,
      2.0151233647333697
    ],
    "obj_class": "pedestrian",
    "point_num_in_lidar": 39,
    "speed": 1.3265803997576768,
    "if_vehicle": false,
    "motion_state": true,
    "pose": [
      [
        0.6205558533877001,
        -0.7838319793511938,
        -0.022756558893055483,
        43.8521405756037
      ],
      [
        0.7841610235143661,
        0.6203448279706271,
        0.0162414165328957,
        23.74384376720991
      ],
      [
        0.001386371943269107,
        -0.027923512610039534,
        0.999609101307282,
        1.0857930669690177
      ],
      [
        0.0,
        0.0,
        0.0,
        1.0
      ]
    ],
    "location": [
      43.8521405756037,
      23.74384376720991,
      1.0857930669690177
    ],
    "rotation": [
      -0.02792716949469572,
      -0.0013863723873769138,
      0.9013442117570406
    ]
  },
  {
    "label_id": "Jo4JefMWZmJ4Dm31X7-u1g",
    "size": [
      0.7198336385592272,
      0.9607013585296706,
      1.759999999999991
    ],
    "obj_class": "pedestrian",
    "point_num_in_lidar": 28,
    "speed": 1.2920240235761062,
    "if_vehicle": false,
    "motion_state": true,
    "pose": [
      [
        0.6431910622006416,
        0.7653674911652294,
        -0.022756558893055483,
        32.593474209326814
      ],
      [
        -0.765226868530139,
        0.6435557909525503,
        0.0162414165328957,
        52.5054550066634
      ],
      [
        0.027075767482530474,
        0.006967596348818285,
        0.999609101307282,
        1.1213156275661618
      ],
      [
        0.0,
        0.0,
        0.0,
        1.0
      ]
    ],
    "location": [
      32.593474209326814,
      52.5054550066634,
      1.1213156275661618
    ],
    "rotation": [
      0.006970208156269195,
      -0.02707907676917916,
      -0.8718297304421171
    ]
  },
  {
    "label_id": "M-7QVYfBS2-rLGLGuEcgbA",
    "size": [
      1.0181955835359817,
      0.1004674997203901,
      0.5400000000000205
    ],
    "obj_class": "sign",
    "point_num_in_lidar": 20,
    "speed": 0.002855986604436013,
    "if_vehicle": false,
    "motion_state": false,
    "pose": [
      [
        -0.7183269747248687,
        0.6953333707006767,
        -0.022756558893055483,
        34.79132572783419
      ],
      [
        -0.6956873278646065,
        -0.7181610949067129,
        0.0162414165328957,
        48.94109646483412
      ],
      [
        -0.005049676348173752,
        0.027498097251024756,
        0.999609101307282,
        1.2926913288781634
      ],
      [
        0.0,
        0.0,
        0.0,
        1.0
      ]
    ],
    "location": [
      34.79132572783419,
      48.94109646483412,
      1.2926913288781634
    ],
    "rotation": [
      0.027501914586629605,
      0.005049697808897473,
      -2.372204025998128
    ]
  },
  {
    "label_id": "MDFcC1ERI2HCAT9f-NMOkQ",
    "size": [
      0.8981496602121859,
      0.1072508584288479,
      0.5099999999999909
    ],
    "obj_class": "sign",
    "point_num_in_lidar": 44,
    "speed": 0.0036464467821336333,
    "if_vehicle": false,
    "motion_state": false,
    "pose": [
      [
        0.6850024881108098,
        -0.7281852307684816,
        -0.022756558893055483,
        19.63410103590286
      ],
      [
        0.7285310379702602,
        0.6848202268500693,
        0.0162414165328957,
        35.14778408440179
      ],
      [
        0.003757392177455526,
        -0.027704270206466666,
        0.999609101307282,
        1.1901903590225515
      ],
      [
        0.0,
        0.0,
        0.0,
        1.0
      ]
    ],
    "location": [
      19.63410103590286,
      35.14778408440179,
      1.1901903590225515
    ],
    "rotation": [
      -0.02770801103327996,
      -0.003757401018652968,
      0.8161825755168725
    ]
  },
  {
    "label_id": "NJ0RxWHefGuMqGcHY7VjbQ",
    "size": [
      0.5537821980166804,
      0.08772183907204364,
      0.5199999999999818
    ],
    "obj_class": "sign",
    "point_num_in_lidar": 67,
    "speed": 0.039182451352902,
    "if_vehicle": false,
    "motion_state": false,
    "pose": [
      [
        -0.8160156986605125,
        0.5775816120401884,
        -0.022756558893055483,
        -1.4331929369473073
      ],
      [
        -0.5779567357641429,
        -0.8159057715041989,
        0.0162414165328957,
        10.842322427131876
      ],
      [
        -0.009186464197533105,
        0.026405557354382107,
        0.999609101307282,
        2.419292266609716
      ],
      [
        0.0,
        0.0,
        0.0,
        1.0
      ]
    ],
    "location": [
      -1.4331929369473073,
      10.842322427131876,
      2.419292266609716
    ],
    "rotation": [
      0.02640974153516854,
      0.009186593411780767,
      -2.525340096840061
    ]
  },
  {
    "label_id": "NR-ydNfoP_gKd7nePeHUGg",
    "size": [
      0.842063065550508,
      1.0804344746293282,
      1.9700000000000273
    ],
    "obj_class": "pedestrian",
    "point_num_in_lidar": 22,
    "speed": 1.6325685099971563,
    "if_vehicle": false,
    "motion_state": true,
    "pose": [
      [
        0.7286599929321724,
        -0.6844974461073126,
        -0.022756558893055483,
        47.13608681574624
      ],
      [
        0.6848538478541369,
        0.728499432716586,
        0.0162414165328957,
        28.69742107289494
      ],
      [
        0.005460932106240309,
        -0.02741938737789658,
        0.999609101307282,
        1.1270568332242874
      ],
      [
        0.0,
        0.0,
        0.0,
        1.0
      ]
    ],
    "location": [
      47.13608681574624,
      28.69742107289494,
      1.1270568332242874
    ],
    "rotation": [
      -0.027423233304642552,
      -0.005460959249056723,
      0.7544171234466176
    ]
  },
  {
    "label_id": "OaBaJCfNzU4Ykpv4ByH-2g",
    "size": [
      0.9375452324551716,
      1.0542668871771672,
      1.839999999999975
    ],
    "obj_class": "pedestrian",
    "point_num_in_lidar": 20,
    "speed": 1.5582852714951025,
    "if_vehicle": false,
    "motion_state": true,
    "pose": [
      [
        0.7025786793260429,
        -0.7112421095406405,
        -0.022756558893055483,
        45.09748819072411
      ],
      [
        0.7115922639947263,
        0.7024049161358887,
        0.0162414165328957,
        24.892788728349842
      ],
      [
        0.004432739484033077,
        -0.027604264241504695,
        0.999609101307282,
        1.1753902371940512
      ],
      [
        0.0,
        0.0,
        0.0,
        1.0
      ]
    ],
    "location": [
      45.09748819072411,
      24.892788728349842,
      1.1753902371940512
    ],
    "rotation": [
      -0.02760804247252411,
      -0.004432754000776947,
      0.7917718360116843
    ]
  },
  {
    "label_id": "OaQW5LGNnGDxoNUGOPRPiA",
    "size": [
      0.9880183285428867,
      1.0982428043988728,
      2.019999999999982
    ],
    "obj_class": "pedestrian",
    "point_num_in_lidar": 28,
    "speed": 1.639145028381014,
    "if_vehicle": false,
    "motion_state": true,
    "pose": [
      [
        -0.6822328030766681,
        0.7307807752216113,
        -0.022756558893055483,
        46.689142577612074
      ],
      [
        -0.7311258879278476,
        -0.6820492301811663,
        0.0162414165328957,
        24.814072600107465
      ],
      [
        -0.0036521785099742493,
        0.027718336454040725,
        0.999609101307282,
        1.2666756349754564
      ],
      [
        0.0,
        0.0,
        0.0,
        1.0
      ]
    ],
    "location": [
      46.689142577612074,
      24.814072600107465,
      1.2666756349754564
    ],
    "rotation": [
      0.027722071975408148,
      0.0036521866290640786,
      -2.3216147366681037
    ]
  },
  {
    "label_id": "P-uHjAYe5u4Kr3C_Q5lLAw",
    "size": [
      0.5106701405808234,
      0.087061792529594,
      0.4800000000000182
    ],
    "obj_class": "sign",
    "point_num_in_lidar": 37,
    "speed": 0.006741381698677125,
    "if_vehicle": false,
    "motion_state": false,
    "pose": [
      [
        -0.7283215955635529,
        0.6848574979242817,
        -0.022756558893055483,
        28.211440515777213
      ],
      [
        -0.6852138202717428,
        -0.7281608592183522,
        0.0162414165328957,
        10.828344109948375
      ],
      [
        -0.005447379586955302,
        0.027422083058800315,
        0.999609101307282,
        2.7644105868238285
      ],
      [
        0.0,
        0.0,
        0.0,
        1.0
      ]
    ],
    "location": [
      28.211440515777213,
      10.828344109948375,
      2.7644105868238285
    ],
    "rotation": [
      0.027425928011969934,
      0.005447406528188189,
      -2.3866814651864288
    ]
  },
  {
    "label_id": "PES5FWXW1H2xBozxmQ1gTA",
    "size": [
      0.8442639439972011,
      0.09986239830018995,
      0.8299999999999841
    ],
    "obj_class": "sign",
    "point_num_in_lidar": 23,
    "speed": 0.0072655886488531855,
    "if_vehicle": false,
    "motion_state": false,
    "pose": [
      [
        -0.5656574214858641,
        0.8243262828184665,
        -0.022756558893055483,
        40.53447468512604
      ],
      [
        -0.8246401699896081,
        -0.5654244480286604,
        0.0162414165328957,
        43.634322710458946
      ],
      [
        0.0005211117671307008,
        0.027953050391223467,
        0.999609101307282,
        1.1879692137638358
      ],
      [
        0.0,
        0.0,
        0.0,
        1.0
      ]
    ],
    "location": [
      40.53447468512604,
      43.634322710458946,
      1.1879692137638358
    ],
    "rotation": [
      0.027956695761988084,
      -0.0005211117907160028,
      -2.1720266778187862
    ]
  },
  {
    "label_id": "Q-ps1GWMC5qpDsjn1OHjLw",
    "size": [
      2.2055060766008237,
      4.57734672187009,
      1.7699999999999818
    ],
    "obj_class": "vehicle",
    "point_num_in_lidar": 164,
    "speed": 2.2737367544323206e-12,
    "if_vehicle": true,
    "motion_state": false,
    "pose": [
      [
        -0.6940147421831437,
        -0.719601053820665,
        -0.022756558893055483,
        46.6426900957631
      ],
      [
        0.7194358234622799,
        -0.694369002986277,
        0.0162414165328957,
        20.18396664784086
      ],
      [
        -0.027488789562581547,
        -0.0051001011786265815,
        0.999609101307282,
        1.1613759635112615
      ],
      [
        0.0,
        0.0,
        0.0,
        1.0
      ]
    ],
    "location": [
      46.6426900957631,
      20.18396664784086,
      1.1613759635112615
    ],
    "rotation": [
      -0.005102051310282355,
      0.02749225264889619,
      2.338211306706052
    ]
  },
  {
    "label_id": "XGT6z66G7-_69QXJHFQm-Q",
    "size": [
      0.7568346117191619,
      0.7800494002119742,
      2.041831816724482
    ],
    "obj_class": "pedestrian",
    "point_num_in_lidar": 26,
    "speed": 1.158007380347203,
    "if_vehicle": false,
    "motion_state": true,
    "pose": [
      [
        0.5901732399948121,
        0.8069558140452133,
        -0.022756558893055483,
        34.08081603937171
      ],
      [
        -0.8068400797680361,
        0.5905466129518604,
        0.0162414165328957,
        50.66299109295505
      ],
      [
        0.02654491427628369,
        0.008775654375194532,
        0.999609101307282,
        1.2400492607247884
      ],
      [
        0.0,
        0.0,
        0.0,
        1.0
      ]
    ],
    "location": [
      34.08081603937171,
      50.66299109295505,
      1.2400492607247884
    ],
    "rotation": [
      0.00877886057729927,
      -0.02654803266661466,
      -0.939265177560577
    ]
  },
  {
    "label_id": "Z5QKATZnhdyAEhR8O_ebsQ",
    "size": [
      2.2367212920007367,
      5.270744933136602,
      1.9800000000000182
    ],
    "obj_class": "vehicle",
    "point_num_in_lidar": 3624,
    "speed": 9.87937146423283,
    "if_vehicle": true,
    "motion_state": true,
    "pose": [
      [
        0.7030070224073538,
        -0.710818728983201,
        -0.022756558893055483,
        4.558122574126173
      ],
      [
        0.7111689880531706,
        0.7028334701907945,
        0.0162414165328957,
        9.08212396458839
      ],
      [
        0.004449368199607701,
        -0.027601588836015226,
        0.999609101307282,
        0.9904469661385633
      ],
      [
        0.0,
        0.0,
        0.0,
        1.0
      ]
    ],
    "location": [
      4.558122574126173,
      9.08212396458839,
      0.9904469661385633
    ],
    "rotation": [
      -0.027605368060099632,
      -0.004449382880337927,
      0.7911696338230312
    ]
  },
  {
    "label_id": "_Ff15mvxPIt_dslXEcJDMw",
    "size": [
      0.7487658505750399,
      0.706666630969422,
      1.8500000000000227
    ],
    "obj_class": "pedestrian",
    "point_num_in_lidar": 20,
    "speed": 1.035726039962582,
    "if_vehicle": false,
    "motion_state": true,
    "pose": [
      [
        0.6735065245517423,
        0.7388309010954944,
        -0.022756558893055483,
        35.386119149112346
      ],
      [
        -0.7386756972063183,
        0.6738652912457835,
        0.0162414165328957,
        51.50601145703695
      ],
      [
        0.02733451559828725,
        0.00587101700347661,
        0.999609101307282,
        1.0608045232760333
      ],
      [
        0.0,
        0.0,
        0.0,
        1.0
      ]
    ],
    "location": [
      35.386119149112346,
      51.50601145703695,
      1.0608045232760333
    ],
    "rotation": [
      0.005873245340315206,
      -0.027337920691136372,
      -0.8315132955161828
    ]
  },
  {
    "label_id": "_md0d61Qn6UYicamaGvcYg",
    "size": [
      2.166074573472387,
      4.745512814368736,
      1.8500000000000227
    ],
    "obj_class": "vehicle",
    "point_num_in_lidar": 2627,
    "speed": 1.1368683772161603e-12,
    "if_vehicle": true,
    "motion_state": false,
    "pose": [
      [
        0.7113123110052265,
        -0.7025076051116821,
        -0.022756558893055483,
        10.642055017560779
      ],
      [
        0.7028598796504482,
        0.7111428871659778,
        0.0162414165328957,
        -3.9000983175137662
      ],
      [
        0.0047734463610242485,
        -0.02754739177284385,
        0.999609101307282,
        0.8214480659938772
      ],
      [
        0.0,
        0.0,
        0.0,
        1.0
      ]
    ],
    "location": [
      10.642055017560779,
      -3.9000983175137662,
      0.8214480659938772
    ],
    "rotation": [
      -0.027551191028961582,
      -0.004773464489001314,
      0.7794212881897837
    ]
  },
  {
    "label_id": "cbJ1mpyRwWHXJ5ilYEIySw",
    "size": [
      3.469621889047244,
      13.928196120883477,
      3.6299999999999955
    ],
    "obj_class": "vehicle",
    "point_num_in_lidar": 51,
    "speed": 0.5066702329046593,
    "if_vehicle": true,
    "motion_state": false,
    "pose": [
      [
        -0.6745185464029809,
        -0.7379070873665305,
        -0.022756558893055483,
        66.08392978607299
      ],
      [
        0.7377513918912708,
        -0.674877100034886,
        0.0162414165328957,
        10.93366229772073
      ],
      [
        -0.027342536841014065,
        -0.00583354632671321,
        0.999609101307282,
        1.9401712417438262
      ],
      [
        0.0,
        0.0,
        0.0,
        1.0
      ]
    ],
    "location": [
      66.08392978607299,
      10.93366229772073,
      1.9401712417438262
    ],
    "rotation": [
      -0.005835761295392644,
      0.02734594493306292,
      2.311450464868208
    ]
  },
  {
    "label_id": "dJ2RJpHTxGXsjnciSMLDGQ",
    "size": [
      0.8416807542395118,
      0.9436154967890683,
      1.8600000000000136
    ],
    "obj_class": "pedestrian",
    "point_num_in_lidar": 20,
    "speed": 1.2698156815010004,
    "if_vehicle": false,
    "motion_state": true,
    "pose": [
      [
        0.7269537372367726,
        0.6863092618818694,
        -0.022756558893055483,
        28.19880851022026
      ],
      [
        -0.6861276220123728,
        0.7272998712365153,
        0.0162414165328957,
        57.42314294623793
      ],
      [
        0.02769747694531307,
        0.0038071451918690368,
        0.999609101307282,
        1.111578121655782
      ],
      [
        0.0,
        0.0,
        0.0,
        1.0
      ]
    ],
    "location": [
      28.19880851022026,
      57.42314294623793,
      1.111578121655782
    ],
    "rotation": [
      0.0038086155664490318,
      -0.027701019522706975,
      -0.7565146450071836
    ]
  },
  {
    "label_id": "fEXEJZ7FbCjlCrCL5pFRYQ",
    "size": [
      2.278149167871414,
      5.159896609175984,
      2.170000000000016
    ],
    "obj_class": "vehicle",
    "point_num_in_lidar": 266,
    "speed": 5.69881591184712,
    "if_vehicle": true,
    "motion_state": true,
    "pose": [
      [
        0.6760085249826449,
        -0.7365423363107757,
        -0.022756558893055483,
        40.3397588683365
      ],
      [
        0.7368858792195924,
        0.6758220308600285,
        0.0162414165328957,
        30.478762106373324
      ],
      [
        0.0034168929683551404,
        -0.027748322941953188,
        0.999609101307282,
        1.328440012626288
      ],
      [
        0.0,
        0.0,
        0.0,
        1.0
      ]
    ],
    "location": [
      40.3397588683365,
      30.478762106373324,
      1.328440012626288
    ],
    "rotation": [
      -0.027752047116538763,
      -0.0034168996171840323,
      0.828458510492572
    ]
  },
  {
    "label_id": "fiKsFjEQXMLc5CuM7tg-6A",
    "size": [
      0.838211388718896,
      1.0345653599949847,
      2.1299999999999955
    ],
    "obj_class": "pedestrian",
    "point_num_in_lidar": 45,
    "speed": 1.3406439120725924,
    "if_vehicle": false,
    "motion_state": true,
    "pose": [
      [
        0.7623811175455024,
        0.6467280499850132,
        -0.022756558893055483,
        34.1644009937736
      ],
      [
        -0.6465282814909614,
        0.7627171150704233,
        0.0162414165328957,
        49.01721619084856
      ],
      [
        0.027860596591155456,
        0.002330609626903993,
        0.999609101307282,
        1.3366193609415973
      ],
      [
        0.0,
        0.0,
        0.0,
        1.0
      ]
    ],
    "location": [
      34.1644009937736,
      49.01721619084856,
      1.3366193609415973
    ],
    "rotation": [
      0.0023315167907262463,
      -0.027864202142846708,
      -0.7033540128706057
    ]
  },
  {
    "label_id": "hhZ0Rb6EwzVBTTH9qJMP3Q",
    "size": [
      0.7592812340943349,
      0.8286735827888135,
      1.8700000000000045
    ],
    "obj_class": "pedestrian",
    "point_num_in_lidar": 28,
    "speed": 1.1245880778728603,
    "if_vehicle": false,
    "motion_state": true,
    "pose": [
      [
        0.7622271332136289,
        0.6469095272294881,
        -0.022756558893055483,
        27.417416806449182
      ],
      [
        -0.646709838730044,
        0.7625631782867343,
        0.0162414165328957,
        57.15800465544453
      ],
      [
        0.027860040967190386,
        0.002337242168581133,
        0.999609101307282,
        1.074078089869488
      ],
      [
        0.0,
        0.0,
        0.0,
        1.0
      ]
    ],
    "location": [
      27.417416806449182,
      57.15800465544453,
      1.074078089869488
    ],
    "rotation": [
      0.002338151889898041,
      -0.027863646303119098,
      -0.7035921687651254
    ]
  },
  {
    "label_id": "i4oe-rC5aor3jYr4SZ0cCA",
    "size": [
      0.9769409523899619,
      0.9481444559645329,
      1.6999999999999886
    ],
    "obj_class": "pedestrian",
    "point_num_in_lidar": 168,
    "speed": 1.2831521923213123,
    "if_vehicle": false,
    "motion_state": true,
    "pose": [
      [
        0.7135175913048861,
        -0.7002676530626133,
        -0.022756558893055483,
        5.538898897819308
      ],
      [
        0.700620458555767,
        0.713349275910554,
        0.0162414165328957,
        -12.86784087466367
      ],
      [
        0.004860036170673808,
        -0.027532247130734946,
        0.999609101307282,
        0.6670603420351995
      ],
      [
        0.0,
        0.0,
        0.0,
        1.0
      ]
    ],
    "location": [
      5.538898897819308,
      -12.86784087466367,
      0.6670603420351995
    ],
    "rotation": [
      -0.02753605195560294,
      -0.00486005530318034,
      0.7762782792481847
    ]
  },
  {
    "label_id": "jIv7yADYV4cZ_R0sYP0YKQ",
    "size": [
      0.5051623804750457,
      0.09243154877498444,
      0.6200000000000045
    ],
    "obj_class": "sign",
    "point_num_in_lidar": 30,
    "speed": 0.012123268561624401,
    "if_vehicle": false,
    "motion_state": false,
    "pose": [
      [
        -0.7283215956141627,
        0.68485749787046,
        -0.022756558893055483,
        27.83434945409317
      ],
      [
        -0.685213820217933,
        -0.7281608592689882,
        0.0162414165328957,
        10.971473846111621
      ],
      [
        -0.005447379588981745,
        0.027422083058397762,
        0.999609101307282,
        3.344410586823983
      ],
      [
        0.0,
        0.0,
        0.0,
        1.0
      ]
    ],
    "location": [
      27.83434945409317,
      10.971473846111621,
      3.344410586823983
    ],
    "rotation": [
      0.027425928011567523,
      0.005447406530214662,
      -2.3866814652603003
    ]
  },
  {
    "label_id": "lKH6TrjBDr33xCnNAFz4kA",
    "size": [
      0.7416749830943375,
      0.8415099806472632,
      1.7200000000000273
    ],
    "obj_class": "pedestrian",
    "point_num_in_lidar": 198,
    "speed": 1.2440530909913234,
    "if_vehicle": false,
    "motion_state": true,
    "pose": [
      [
        0.6997096135546557,
        -0.7140648400016216,
        -0.022756558893055483,
        7.036570143842255
      ],
      [
        0.7144142920691359,
        0.6995344420944266,
        0.0162414165328957,
        -12.614594895203481
      ],
      [
        0.00432157223128067,
        -0.027621886197324474,
        0.999609101307282,
        0.7270603420355997
      ],
      [
        0.0,
        0.0,
        0.0,
        1.0
      ]
    ],
    "location": [
      7.036570143842255,
      -12.614594895203481,
      0.7270603420355997
    ],
    "rotation": [
      -0.02762565787750197,
      -0.004321585682997866,
      0.7957962257574978
    ]
  },
  {
    "label_id": "ll5XKhT6fHP0qdIcTLSOEA",
    "size": [
      0.7902855122736803,
      1.018808088870131,
      1.8199999999999932
    ],
    "obj_class": "pedestrian",
    "point_num_in_lidar": 30,
    "speed": 1.6409948279816007,
    "if_vehicle": false,
    "motion_state": true,
    "pose": [
      [
        -0.7542475801455921,
        0.6561956467943577,
        -0.022756558893055483,
        45.93177055193519
      ],
      [
        -0.6565579154587593,
        -0.7541007360011351,
        0.0162414165328957,
        26.890744248892588
      ],
      [
        -0.006503190983446248,
        0.027191047987912196,
        0.999609101307282,
        0.971345479801073
      ],
      [
        0.0,
        0.0,
        0.0,
        1.0
      ]
    ],
    "location": [
      45.93177055193519,
      26.890744248892588,
      0.971345479801073
    ],
    "rotation": [
      0.027194974940011912,
      0.006503236822594582,
      -2.425328032129342
    ]
  },
  {
    "label_id": "o3kJrPbOaNbNLe5OrS8a7g",
    "size": [
      0.7958708213869502,
      0.8442438505559838,
      1.6499999999999773
    ],
    "obj_class": "pedestrian",
    "point_num_in_lidar": 356,
    "speed": 1.361940813899121,
    "if_vehicle": false,
    "motion_state": true,
    "pose": [
      [
        -0.46903764851057295,
        0.8828849434139304,
        -0.022756558893055483,
        -4.247436460835161
      ],
      [
        -0.8831705401281131,
        -0.4687707472089337,
        0.0162414165328957,
        9.451057667167333
      ],
      [
        0.0036716930004059714,
        0.02771575822810717,
        0.999609101307282,
        0.7427635947933595
      ],
      [
        0.0,
        0.0,
        0.0,
        1.0
      ]
    ],
    "location": [
      -4.247436460835161,
      9.451057667167333,
      0.7427635947933595
    ],
    "rotation": [
      0.027719494722739116,
