[
  {
    "label_id": "2DMf5SM1QFoIz358FjVTgA",
    "size": [
      2.039492089756558,
      4.6432134001663945,
      1.7699999999999818
    ],
    "obj_class": "vehicle",
    "point_num_in_lidar": 338,
    "speed": 1.377356421933719e-06,
    "if_vehicle": true,
    "motion_state": false,
    "pose": [
      [
        0.6975765875368358,
        -0.7160127489307688,
        -0.02669546570238074,
        15.32076122008948
      ],
      [
        0.7164363441016023,
        0.69755540548654,
        0.011637058341322034,
        0.8219281009514816
      ],
      [
        0.01028928427023849,
        -0.027243341298609863,
        0.9995758755512729,
        0.7491418054386259
      ],
      [
        0.0,
        0.0,
        0.0,
        1.0
      ]
    ],
    "location": [
      15.32076122008948,
      0.8219281009514816,
      0.7491418054386259
    ],
    "rotation": [
      -0.02724815519211685,
      -0.010289465832230392,
      0.7987351265225741
    ]
  },
  {
    "label_id": "3JZ-dCSx2Rm0NEooV33HhA",
    "size": [
      0.8770365946334887,
      0.08206485123166174,
      0.8600000000000136
    ],
    "obj_class": "sign",
    "point_num_in_lidar": 34,
    "speed": 0.00800011406739493,
    "if_vehicle": false,
    "motion_state": false,
    "pose": [
      [
        -0.6859216793580691,
        0.727185534714174,
        -0.02669546570238074,
        32.82433798444981
      ],
      [
        -0.7276087325372124,
        -0.6858936588194645,
        0.011637058341322034,
        15.67098413783242
      ],
      [
        -0.009847950152061144,
        0.02740596456446731,
        0.9995758755512729,
        3.4866370591452096
      ],
      [
        0.0,
        0.0,
        0.0,
        1.0
      ]
    ],
    "location": [
      32.82433798444981,
      15.67098413783242,
      3.4866370591452096
    ],
    "rotation": [
      0.02741072597505197,
      0.00984810933819261,
      -2.3267115916105134
    ]
  },
  {
    "label_id": "7MCYCI--ejKq5cnX6uzv4w",
    "size": [
      1.8763442153616299,
      0.42982286338272424,
      1.7099999999999795
    ],
    "obj_class": "sign",
    "point_num_in_lidar": 659,
    "speed": 3.0214597551154177e-27,
    "if_vehicle": false,
    "motion_state": false,
    "pose": [
      [
        -0.7093596021086259,
        -0.7043410445283059,
        -0.02669546570238074,
        -20.45093857565007
      ],
      [
        0.7043238838928482,
        -0.7097833792441569,
        0.011637058341322034,
        6.771670869253285
      ],
      [
        -0.027144455684095885,
        -0.010547395011114055,
        0.9995758755512729,
        1.0483255251186279
      ],
      [
        0.0,
        0.0,
        0.0,
        1.0
      ]
    ],
    "location": [
      -20.45093857565007,
      6.771670869253285,
      1.0483255251186279
    ],
    "rotation": [
      -0.010551478721456151,
      0.027147790226156994,
      2.359756600782751
    ]
  },
  {
    "label_id": "7icJBEuPRDJAEFyjeeK9Tw",
    "size": [
      2.0299898428437175,
      4.529825083229547,
      1.5699999999999932
    ],
    "obj_class": "vehicle",
    "point_num_in_lidar": 361,
    "speed": 10.089143948528276,
    "if_vehicle": true,
    "motion_state": true,
    "pose": [
      [
        0.7236890008241439,
        -0.6896097318027677,
        -0.02669546570238074,
        3.0185936999041587
      ],
      [
        0.6900338214325666,
        0.7236835663135716,
        0.011637058341322034,
        7.692886841126892
      ],
      [
        0.011294041142168273,
        -0.02684238533709941,
        0.9995758755512729,
        0.7150988430274197
      ],
      [
        0.0,
        0.0,
        0.0,
        1.0
      ]
    ],
    "location": [
      3.0185936999041587,
      7.692886841126892,
      0.7150988430274197
    ],
    "rotation": [
      -0.026847322492943287,
      -0.011294281258541827,
      0.7615965926536017
    ]
  },
  {
    "label_id": "8KC4pvYukwuR-iDaJSPm0A",
    "size": [
      0.832429611385637,
      0.6691068608769164,
      1.7699999999999818
    ],
    "obj_class": "pedestrian",
    "point_num_in_lidar": 114,
    "speed": 0.07857846385946197,
    "if_vehicle": false,
    "motion_state": false,
    "pose": [
      [
        -0.9407287131917617,
        0.3381077347348107,
        -0.02669546570238074,
        -5.455445569376025
      ],
      [
        -0.33849780839676086,
        -0.9408952187059676,
        0.011637058341322034,
        -27.66300994080666
      ],
      [
        -0.02118305660573795,
        0.019983671553156113,
        0.9995758755512729,
        0.6674690947036197
      ],
      [
        0.0,
        0.0,
        0.0,
        1.0
      ]
    ],
    "location": [
      -5.455445569376025,
      -27.66300994080666,
      0.6674690947036197
    ],
    "rotation": [
      0.019989487823435004,
      0.021184641142572166,
      -2.7961919104076123
    ]
  },
  {
    "label_id": "98DtmDHk29-0tTd6qz1nGQ",
    "size": [
      0.7873837027462968,
      0.8779179917009724,
      1.6999999999999886
    ],
    "obj_class": "pedestrian",
    "point_num_in_lidar": 168,
    "speed": 1.188887512145491,
    "if_vehicle": false,
    "motion_state": true,
    "pose": [
      [
        0.7554969753301696,
        -0.6546080295702903,
        -0.02669546570238074,
        1.5498667919819127
      ],
      [
        0.6550319015936004,
        0.7555116059782488,
        0.011637058341322034,
        -21.974123975051043
      ],
      [
        0.012551022334335601,
        -0.026278144041566708,
        0.9995758755512729,
        0.6670603420353132
      ],
      [
        0.0,
        0.0,
        0.0,
        1.0
      ]
    ],
    "location": [
      1.5498667919819127,
      -21.974123975051043,
      0.6670603420353132
    ],
    "rotation": [
      -0.02628324007066256,
      -0.012551351880942758,
      0.7142931306458404
    ]
  },
  {
    "label_id": "C6e5B3f0p8EXgkDqcFxO5w",
    "size": [
      2.182234777079546,
      4.834819894509566,
      1.9800000000000182
    ],
    "obj_class": "vehicle",
    "point_num_in_lidar": 37,
    "speed": 0.0014919600837691761,
    "if_vehicle": true,
    "motion_state": false,
    "pose": [
      [
        -0.6850334258090598,
        -0.7280223606698055,
        -0.02669546570238074,
        48.57907463441734
      ],
      [
        0.7280196000007123,
        -0.685457541272954,
        0.011637058341322034,
        22.823078735244053
      ],
      [
        -0.026770646968391893,
        -0.01146304832058423,
        0.9995758755512729,
        1.2217930754183612
      ],
      [
        0.0,
        0.0,
        0.0,
        1.0
      ]
    ],
    "location": [
      48.57907463441734,
      22.823078735244053,
      1.2217930754183612
    ],
    "rotation": [
      -0.011467409455621122,
      0.026773845609009344,
      2.3257830897554337
    ]
  },
  {
    "label_id": "CZUwabcB3mvH43N9J3yGWQ",
    "size": [
      2.372938899738105,
      4.773708939237198,
      1.6999999999999886
    ],
    "obj_class": "vehicle",
    "point_num_in_lidar": 36,
    "speed": 5.529112636163735,
    "if_vehicle": true,
    "motion_state": true,
    "pose": [
      [
        0.6904024476328122,
        -0.7229327855434108,
        -0.02669546570238074,
        40.75354431858068
      ],
      [
        0.7233561484469208,
        0.6903770429100298,
        0.011637058341322034,
        31.575974484141625
      ],
      [
        0.01001712566849261,
        -0.027344582813565572,
        0.9995758755512729,
        1.1292740940522208
      ],
      [
        0.0,
        0.0,
        0.0,
        1.0
      ]
    ],
    "location": [
      40.75354431858068,
      31.575974484141625,
      1.1292740940522208
    ],
    "rotation": [
      -0.0273493642035093,
      -0.010017293200474875,
      0.808703227420003
    ]
  },
  {
    "label_id": "Fe-uZ9qlinJ4Guviu-__IQ",
    "size": [
      0.6950761202582284,
      1.001424989274805,
      1.910000000000025
    ],
    "obj_class": "pedestrian",
    "point_num_in_lidar": 47,
    "speed": 1.320217701104211,
    "if_vehicle": false,
    "motion_state": true,
    "pose": [
      [
        0.9832941111745409,
        0.18005566650456328,
        -0.02669546570238074,
        12.729931894780748
      ],
      [
        -0.17980196909231974,
        0.9836339922876217,
        0.011637058341322034,
        30.499828853964573
      ],
      [
        0.028353885800609272,
        -0.006642753639291987,
        0.9995758755512729,
        1.1210129839884075
      ],
      [
        0.0,
        0.0,
        0.0,
        1.0
      ]
    ],
    "location": [
      12.729931894780748,
      30.499828853964573,
      1.1210129839884075
    ],
    "rotation": [
      -0.006645474360662213,
      -0.02835768632628154,
      -0.18085865329561368
    ]
  },
  {
    "label_id": "HWUxvHKq2Hhdp_xVEddyQQ",
    "size": [
      0.8678979233330917,
      0.7180122975026588,
      1.6899999999999977
    ],
    "obj_class": "pedestrian",
    "point_num_in_lidar": 106,
    "speed": 0.01569171717677831,
    "if_vehicle": false,
    "motion_state": false,
    "pose": [
      [
        -0.4931716343522519,
        -0.8695223350675138,
        -0.02669546570238074,
        -5.59728233082933
      ],
      [
        0.8696200752289686,
        -0.49358434297688547,
        0.011637058341322034,
        -28.252593632896605
      ],
      [
        -0.023295146041434803,
        -0.017475845811134393,
        0.9995758755512729,
        0.6274690947031445
      ],
      [
        0.0,
        0.0,
        0.0,
        1.0
      ]
    ],
    "location": [
      -5.59728233082933,
      -28.252593632896605,
      0.6274690947031445
    ],
    "rotation": [
      -0.01748147987926193,
      0.02329725346162971,
      2.0866820590196493
    ]
  },
  {
    "label_id": "IfoFHlW_Bb0HdgctcvNTaQ",
    "size": [
      2.0499922588120363,
      4.650134719515815,
      1.6999999999999886
    ],
    "obj_class": "vehicle",
    "point_num_in_lidar": 163,
    "speed": 0.009615283351228484,
    "if_vehicle": true,
    "motion_state": false,
    "pose": [
      [
        0.724848620690739,
        -0.6883907532743786,
        -0.02669546570238074,
        20.227092451099452
      ],
      [
        0.6888148514500605,
        0.7248438999501837,
        0.011637058341322034,
        5.984821203870524
      ],
      [
        0.011339202113219456,
        -0.026823338929780508,
        0.9995758755512729,
        0.7992740940521799
      ],
      [
        0.0,
        0.0,
        0.0,
        1.0
      ]
    ],
    "location": [
      20.227092451099452,
      5.984821203870524,
      0.7992740940521799
    ],
    "rotation": [
      -0.02682828172518699,
      -0.011339445121665402,
      0.7599140442852281
    ]
  },
  {
    "label_id": "JIwIafnXjVCNvgOcHBrynQ",
    "size": [
      0.8078365520584289,
      0.9177911650848429,
      2.0151233647333697
    ],
    "obj_class": "pedestrian",
    "point_num_in_lidar": 20,
    "speed": 1.3616337909124259,
    "if_vehicle": false,
    "motion_state": true,
    "pose": [
      [
        0.6917756734431127,
        -0.7216188535115063,
        -0.02669546570238074,
        42.17012150323353
      ],
      [
        0.7220422639504895,
        0.6917510736835992,
        0.011637058341322034,
        21.57403264388995
      ],
      [
        0.010069096363594253,
        -0.02732548836392448,
        0.9995758755512729,
        1.0857930669694156
      ],
      [
        0.0,
        0.0,
        0.0,
        1.0
      ]
    ],
    "location": [
      42.17012150323353,
      21.57403264388995,
      1.0857930669694156
    ],
    "rotation": [
      -0.027330275926955652,
      -0.010069266516768803,
      0.8068025941635724
    ]
  },
  {
    "label_id": "NJ0RxWHefGuMqGcHY7VjbQ",
    "size": [
      0.5537821980166808,
      0.08772183907204364,
      0.5199999999999818
    ],
    "obj_class": "sign",
    "point_num_in_lidar": 45,
    "speed": 0.014599567605495424,
    "if_vehicle": false,
    "motion_state": false,
    "pose": [
      [
        -0.8159361790170196,
        0.5775253274810025,
        -0.02669546570238074,
        -1.472556115102634
      ],
      [
        -0.5779457327103856,
        -0.8159922235628329,
        0.011637058341322034,
        10.820490300720849
      ],
      [
        -0.015062596488043457,
        0.024923627403423843,
        0.9995758755512729,
        2.4348455152097017
      ],
      [
        0.0,
        0.0,
        0.0,
        1.0
      ]
    ],
    "location": [
      -1.472556115102634,
      10.820490300720849,
      2.4348455152097017
    ],
    "rotation": [
      0.024929037216960787,
      0.015063166117735937,
      -2.5253031108346042
    ]
  },
  {
    "label_id": "NR-ydNfoP_gKd7nePeHUGg",
    "size": [
      0.8420630655475699,
      1.0804344746293282,
      1.9700000000000273
    ],
    "obj_class": "pedestrian",
    "point_num_in_lidar": 28,
    "speed": 1.7077349507990098,
    "if_vehicle": false,
    "motion_state": true,
    "pose": [
      [
        0.6468886210940323,
        -0.7621170933721368,
        -0.02669546570238074,
        44.845610322186985
      ],
      [
        0.7625382424278538,
        0.646838471110215,
        0.011637058341322034,
        26.2037387207165
      ],
      [
        0.008398853142012807,
        -0.02788419412149508,
        0.9995758755512729,
        1.127056833224799
      ],
      [
        0.0,
        0.0,
        0.0,
        1.0
      ]
    ],
    "location": [
      44.845610322186985,
      26.2037387207165,
      1.127056833224799
    ],
    "rotation": [
      -0.027888792765040027,
      -0.008398951888691763,
      0.867269110153064
    ]
  },
  {
    "label_id": "Z5QKATZnhdyAEhR8O_ebsQ",
    "size": [
      2.236721292002787,
      5.270744933136602,
      1.9800000000000182
    ],
    "obj_class": "vehicle",
    "point_num_in_lidar": 6115,
    "speed": 10.119697175025914,
    "if_vehicle": true,
    "motion_state": true,
    "pose": [
      [
        0.7193418816061014,
        -0.6941430756539511,
        -0.02669546570238074,
        -9.54189531099837
      ],
      [
        0.69456712276774,
        0.7193337826373123,
        0.011637058341322034,
        -4.96933335045469
      ],
      [
        0.011125166854348426,
        -0.026912816247454042,
        0.9995758755512729,
        0.8308083458165356
      ],
      [
        0.0,
        0.0,
        0.0,
        1.0
      ]
    ],
    "location": [
      -9.54189531099837,
      -4.96933335045469,
      0.8308083458165356
    ],
    "rotation": [
      -0.02691773237975713,
      -0.011125396359553149,
      0.7678777828597406
    ]
  },
  {
    "label_id": "_md0d61Qn6UYicamaGvcYg",
    "size": [
      2.166074573472384,
      4.745512814368736,
      1.8500000000000227
    ],
    "obj_class": "vehicle",
    "point_num_in_lidar": 594,
    "speed": 1.1368683772161603e-12,
    "if_vehicle": true,
    "motion_state": false,
    "pose": [
      [
        0.7112429945674664,
        -0.7024391466807897,
        -0.02669546570238074,
        10.642055017564417
      ],
      [
        0.702863071344814,
        0.7112299781455331,
        0.011637058341322034,
        -3.900098317528318
      ],
      [
        0.010812290156936265,
        -0.027040033237193666,
        0.9995758755512729,
        0.8214480659946162
      ],
      [
        0.0,
        0.0,
        0.0,
        1.0
      ]
    ],
    "location": [
      10.642055017564417,
      -3.900098317528318,
      0.8214480659946162
    ],
    "rotation": [
      -0.027044910718325172,
      -0.010812500837597763,
      0.7794722817861431
    ]
  },
  {
    "label_id": "aO6S2DOwu2JmbOKPLq_mzw",
    "size": [
      2.171981657856909,
      4.723586185109283,
      1.8000000000000114
    ],
    "obj_class": "vehicle",
    "point_num_in_lidar": 2738,
    "speed": 3.410605131648481e-12,
    "if_vehicle": true,
    "motion_state": false,
    "pose": [
      [
        0.6875599647878851,
        -0.7256367182907818,
        -0.02669546570238074,
        -8.839716672908253
      ],
      [
        0.726059978232578,
        0.6875328987634477,
        0.011637058341322034,
        -23.194511769317614
      ],
      [
        0.009909734092842735,
        -0.027383684670173034,
        0.9995758755512729,
        0.4975331613799767
      ],
      [
        0.0,
        0.0,
        0.0,
        1.0
      ]
    ],
    "location": [
      -8.839716672908253,
      -23.194511769317614,
      0.4975331613799767
    ],
    "rotation": [
      -0.027388453356563747,
      -0.009909896293999111,
      0.8126264851010098
    ]
  },
  {
    "label_id": "ej3ztPVfgmjRdVBS07uFPA",
    "size": [
      2.8984884358587197,
      7.210999804175714,
      3.1999999999999886
    ],
    "obj_class": "vehicle",
    "point_num_in_lidar": 12884,
    "speed": 1.1368683772161603e-12,
    "if_vehicle": true,
    "motion_state": false,
    "pose": [
      [
        0.7450213534499326,
        -0.666506215285772,
        -0.02669546570238074,
        -0.29113356373272836
      ],
      [
        0.6669302660198781,
        0.7450292605930423,
        0.011637058341322034,
        -13.879858972577495
      ],
      [
        0.012132731361297368,
        -0.02647387099804089,
        0.9995758755512729,
        1.30753316138032
      ],
      [
        0.0,
        0.0,
        0.0,
        1.0
      ]
    ],
    "location": [
      -0.29113356373272836,
      -13.879858972577495,
      1.30753316138032
    ],
    "rotation": [
      -0.026478913829762925,
      -0.012133029043770133,
      0.7301472551810964
    ]
  },
  {
    "label_id": "fEXEJZ7FbCjlCrCL5pFRYQ",
    "size": [
      2.2781491678776584,
      5.159896609175984,
      2.170000000000016
    ],
    "obj_class": "vehicle",
    "point_num_in_lidar": 233,
    "speed": 4.4559262708493526,
    "if_vehicle": true,
    "motion_state": true,
    "pose": [
      [
        0.5998523358725123,
        -0.7996652595050154,
        -0.02669546570238074,
        33.737330003103125
      ],
      [
        0.8000826272553013,
        0.5997769322318217,
        0.011637058341322034,
        22.45238630077074
      ],
      [
        0.006705573245085441,
        -0.028339094963691296,
        0.9995758755512729,
        1.3284400126266291
      ],
      [
        0.0,
        0.0,
        0.0,
        1.0
      ]
    ],
    "location": [
      33.737330003103125,
      22.45238630077074,
      1.3284400126266291
    ],
    "rotation": [
      -0.028343526950513096,
      -0.006705623498464516,
      0.9274629294281598
    ]
  },
  {
    "label_id": "o3kJrPbOaNbNLe5OrS8a7g",
    "size": [
      0.7958708213972511,
      0.8442438505559838,
      1.6499999999999773
    ],
    "obj_class": "pedestrian",
    "point_num_in_lidar": 58,
    "speed": 1.4145900978341954,
    "if_vehicle": false,
    "motion_state": true,
    "pose": [
      [
        -0.5752650418796902,
        0.81753133499707,
        -0.02669546570238074,
        -2.821454775690654
      ],
      [
        -0.8179462175504392,
        -0.5751769849951323,
        0.011637058341322034,
        11.755839099416335
      ],
      [
        -0.005840957634516519,
        0.02852984805108682,
        0.9995758755512729,
        0.7667654600135165
      ],
      [
        0.0,
        0.0,
        0.0,
        1.0
      ]
    ],
    "location": [
      -2.821454775690654,
      11.755839099416335,
      0.7667654600135165
    ],
    "rotation": [
      0.028534206675638035,
      0.0058409908474767866,
      -2.1837364603507146
    ]
  },
  {
    "label_id": "oRjMPH_qzXEzVpMM4FENNw",
    "size": [
      0.9393771529798662,
      0.932946907593988,
      1.9499999999999886
    ],
    "obj_class": "pedestrian",
    "point_num_in_lidar": 290,
    "speed": 0.016551221395586378,
    "if_vehicle": false,
    "motion_state": false,
    "pose": [
      [
        0.7630733924519439,
        0.6457602882206481,
        -0.02669546570238074,
        -10.533625826090429
      ],
      [
        -0.6457095151616065,
        0.7634944668449954,
        0.011637058341322034,
        5.975714221014641
      ],
      [
        0.027896590502150657,
        0.008357586629023762,
        0.9995758755512729,
        0.8367654600134529
      ],
      [
        0.0,
        0.0,
        0.0,
        1.0
      ]
    ],
    "location": [
      -10.533625826090429,
      5.975714221014641,
      0.8367654600134529
    ],
    "rotation": [
      0.008360937959831475,
      -0.027900210049524008,
      -0.7022813917116731
    ]
  },
  {
    "label_id": "r6oiDLYtLOCbBdMrFxcTrA",
    "size": [
      1.0165560464944328,
      0.960914637776161,
      1.8814478954579386
    ],
    "obj_class": "pedestrian",
    "point_num_in_lidar": 267,
    "speed": 1.4922817207045829,
    "if_vehicle": false,
    "motion_state": true,
    "pose": [
      [
        0.7156569007856144,
        -0.697941654057746,
        -0.02669546570238074,
        -1.3830410875561938
      ],
      [
        0.6983656523517019,
        0.7156465569598884,
        0.011637058341322034,
        -20.59909602371772
      ],
      [
        0.01098253036924077,
        -0.026971337426887516,
        0.9995758755512729,
        0.7267762936638746
      ],
      [
        0.0,
        0.0,
        0.0,
        1.0
      ]
    ],
    "location": [
      -1.3830410875561938,
      -20.59909602371772,
      0.7267762936638746
    ],
    "rotation": [
      -0.026976235887660058,
      -0.010982751159323163,
      0.7731703622239798
    ]
  }
]