[
  {
    "label_id": "2hf_zxmh57uIBDxAHHUiSQ",
    "size": [
      1.040951205090666,
      1.0296883973807744,
      1.8199999999999932
    ],
    "obj_class": "pedestrian",
    "point_num_in_lidar": 65,
    "speed": 1.4883778670960623,
    "if_vehicle": false,
    "motion_state": true,
    "pose": [
      [
        0.7738124118365768,
        -0.6331199799517515,
        -0.019324654551988535,
        -15.432899143514078
      ],
      [
        0.6332537673519234,
        0.7739434973654129,
        0.0010625537111917764,
        -35.073413711717876
      ],
      [
        0.014283466745017057,
        -0.013059627547784452,
        0.9998126968117864,
        0.5917762936638837
      ],
      [
        0.0,
        0.0,
        0.0,
        1.0
      ]
    ],
    "location": [
      -15.432899143514078,
      -35.073413711717876,
      0.5917762936638837
    ],
    "rotation": [
      -0.013061331317920092,
      -0.01428395246895601,
      0.6858336352735948
    ]
  },
  {
    "label_id": "7icJBEuPRDJAEFyjeeK9Tw",
    "size": [
      2.0299898428516183,
      4.529825083229547,
      1.5699999999999932
    ],
    "obj_class": "vehicle",
    "point_num_in_lidar": 1002,
    "speed": 11.3484903473229,
    "if_vehicle": true,
    "motion_state": true,
    "pose": [
      [
        0.7110311444719316,
        -0.7028949205374737,
        -0.019324654551988535,
        -43.46798353488339
      ],
      [
        0.7030404110335845,
        0.7111491063295652,
        0.0010625537111917764,
        -38.48121797792555
      ],
      [
        0.01299584720837927,
        -0.014341521860643643,
        0.9998126968117864,
        0.06731758856670922
      ],
      [
        0.0,
        0.0,
        0.0,
        1.0
      ]
    ],
    "location": [
      -43.46798353488339,
      -38.48121797792555,
      0.06731758856670922
    ],
    "rotation": [
      -0.014343224894223718,
      -0.01299621305205245,
      0.7797473543173569
    ]
  },
  {
    "label_id": "8bPM-71hYczZoq4MQzEhzA",
    "size": [
      0.8141186064372083,
      0.944239601550178,
      1.7799999999999727
    ],
    "obj_class": "pedestrian",
    "point_num_in_lidar": 26,
    "speed": 1.4187206219303012,
    "if_vehicle": false,
    "motion_state": true,
    "pose": [
      [
        -0.7369131459542425,
        0.675711160960264,
        -0.019324654551988535,
        -8.63066420596806
      ],
      [
        -0.6758521212521094,
        -0.7370364856495469,
        0.0010625537111917764,
        -26.245224633443286
      ],
      [
        -0.01352499607561712,
        0.013843618569485374,
        0.9998126968117864,
        0.5424690947031081
      ],
      [
        0.0,
        0.0,
        0.0,
        1.0
      ]
    ],
    "location": [
      -8.63066420596806,
      -26.245224633443286,
      0.5424690947031081
    ],
    "rotation": [
      0.013845327256792184,
      0.013525408454050983,
      -2.399388534542706
    ]
  },
  {
    "label_id": "BHzqnH_Ada8bMh2LSKcUTA",
    "size": [
      2.34517418343878,
      5.279915019783388,
      1.920000000000016
    ],
    "obj_class": "vehicle",
    "point_num_in_lidar": 623,
    "speed": 2.5421149729252077e-12,
    "if_vehicle": true,
    "motion_state": false,
    "pose": [
      [
        0.7196026508625588,
        -0.6941171245532158,
        -0.019324654551988535,
        -41.610004333782854
      ],
      [
        0.6942611566166548,
        0.719722389114661,
        0.0010625537111917764,
        -31.68258727376815
      ],
      [
        0.013170849816276914,
        -0.01418097348773832,
        0.9998126968117864,
        0.2738645792493912
      ],
      [
        0.0,
        0.0,
        0.0,
        1.0
      ]
    ],
    "location": [
      -41.610004333782854,
      -31.68258727376815,
      0.2738645792493912
    ],
    "rotation": [
      -0.014182679109355797,
      -0.013171230640045663,
      0.7674765071921413
    ]
  },
  {
    "label_id": "DROpRU2O2l1bST80hN7VYA",
    "size": [
      1.9402873955046536,
      4.47638154479513,
      1.6299999999999955
    ],
    "obj_class": "vehicle",
    "point_num_in_lidar": 5263,
    "speed": 3.410605131648481e-12,
    "if_vehicle": true,
    "motion_state": false,
    "pose": [
      [
        0.728288377088597,
        -0.6849982463657143,
        -0.019324654551988535,
        -54.273581792145706
      ],
      [
        0.685140758830241,
        0.7284099200101082,
        0.0010625537111917764,
        -44.9523283747767
      ],
      [
        0.013348422647601194,
        -0.014013954001775025,
        0.9998126968117864,
        -0.06796578222594007
      ],
      [
        0.0,
        0.0,
        0.0,
        1.0
      ]
    ],
    "location": [
      -54.273581792145706,
      -44.9523283747767,
      -0.06796578222594007
    ],
    "rotation": [
      -0.01401566153989412,
      -0.013348819083908007,
      0.7548807347707955
    ]
  },
  {
    "label_id": "NYhYuBiTZ9sOaLNV97xSOQ",
    "size": [
      0.8931604761341201,
      1.050725141645671,
      1.8799999999999955
    ],
    "obj_class": "pedestrian",
    "point_num_in_lidar": 23,
    "speed": 1.5412984542452763,
    "if_vehicle": false,
    "motion_state": true,
    "pose": [
      [
        -0.7423082481145264,
        0.6697798313681809,
        -0.019324654551988535,
        -12.766717090486054
      ],
      [
        -0.6699197980169336,
        -0.7424327142607348,
        0.0010625537111917764,
        -31.03992139987531
      ],
      [
        -0.01363557868568225,
        0.013734711058097534,
        0.9998126968117864,
        0.5439405286453507
      ],
      [
        0.0,
        0.0,
        0.0,
        1.0
      ]
    ],
    "location": [
      -12.766717090486054,
      -31.03992139987531,
      0.5439405286453507
    ],
    "rotation": [
      0.013736420058456626,
      0.01363600126263815,
      -2.407407997709346
    ]
  },
  {
    "label_id": "NlJU_WMYvN_N99IuqlZ53g",
    "size": [
      2.165468921370633,
      4.5128286428445925,
      1.6100000000000136
    ],
    "obj_class": "vehicle",
    "point_num_in_lidar": 733,
    "speed": 0.0025099300150159144,
    "if_vehicle": true,
    "motion_state": false,
    "pose": [
      [
        0.6996046026376843,
        -0.7142688273294684,
        -0.019324654551988535,
        -31.043773758759926
      ],
      [
        0.7144162010307477,
        0.6997202031415165,
        0.0010625537111917764,
        -45.2321071620172
      ],
      [
        0.012762902215489527,
        -0.014549213758162715,
        0.9998126968117864,
        0.10253316137976753
      ],
      [
        0.0,
        0.0,
        0.0,
        1.0
      ]
    ],
    "location": [
      -31.043773758759926,
      -45.2321071620172,
      0.10253316137976753
    ],
    "rotation": [
      -0.014550912345539325,
      -0.012763248735972803,
      0.7958725897090818
    ]
  },
  {
    "label_id": "OF0jw_9z_nDOmGDeF370vg",
    "size": [
      0.29345153096098037,
      0.06591891278135578,
      0.37999999999999545
    ],
    "obj_class": "sign",
    "point_num_in_lidar": 41,
    "speed": 0.04438010979641755,
    "if_vehicle": false,
    "motion_state": false,
    "pose": [
      [
        -0.7464706257493753,
        0.6651377019984526,
        -0.019324654551988535,
        -37.130862811642146
      ],
      [
        -0.6652768897427267,
        -0.7465959623208893,
        0.0010625537111917764,
        -53.31671461932274
      ],
      [
        -0.01372096452804861,
        0.013649411209385207,
        0.9998126968117864,
        1.6311165185082928
      ],
      [
        0.0,
        0.0,
        0.0,
        1.0
      ]
    ],
    "location": [
      -37.130862811642146,
      -53.31671461932274,
      1.6311165185082928
    ],
    "rotation": [
      0.013651120227237303,
      0.013721395093788447,
      -2.413644133175056
    ]
  },
  {
    "label_id": "RhiI1MsdwLatM0myIPZIDA",
    "size": [
      0.7343155073087201,
      0.5408710243392004,
      2.10489804689621
    ],
    "obj_class": "pedestrian",
    "point_num_in_lidar": 38,
    "speed": 1.1368683772161603e-12,
    "if_vehicle": false,
    "motion_state": false,
    "pose": [
      [
        -0.7101172946977115,
        -0.7038181480309028,
        -0.019324654551988535,
        -11.90999631716113
      ],
      [
        0.7039346184104954,
        -0.7102639818989,
        0.0010625537111917764,
        -27.839504638039216
      ],
      [
        -0.014473450676110442,
        -0.012848755561106175,
        0.9998126968117864,
        0.6100200712552919
      ],
      [
        0.0,
        0.0,
        0.0,
        1.0
      ]
    ],
    "location": [
      -11.90999631716113,
      -27.839504638039216,
      0.6100200712552919
    ],
    "rotation": [
      -0.012850455228232452,
      0.014473956042027048,
      2.360566774428905
    ]
  },
  {
    "label_id": "RokbWhTb7JlqZPd02C711g",
    "size": [
      0.44174254455306666,
      0.07569375056485403,
      0.4800000000000182
    ],
    "obj_class": "sign",
    "point_num_in_lidar": 29,
    "speed": 0.01410308268737681,
    "if_vehicle": false,
    "motion_state": false,
    "pose": [
      [
        -0.5429966341347695,
        0.8395124853417949,
        -0.019324654551988535,
        -40.30654925248382
      ],
      [
        -0.8396799635837832,
        -0.5430805002350456,
        0.0010625537111917764,
        -27.79608222668321
      ],
      [
        -0.00960281595407163,
        0.016803488319247467,
        0.9998126968117864,
        2.3887573991301565
      ],
      [
        0.0,
        0.0,
        0.0,
        1.0
      ]
    ],
    "location": [
      -40.30654925248382,
      -27.79608222668321,
      2.3887573991301565
    ],
    "rotation": [
      0.016805054106175124,
      0.009602963545993465,
      -2.144827700351299
    ]
  },
  {
    "label_id": "S1RXYsXUlvS5ADN46Sae3g",
    "size": [
      0.7987911559463678,
      0.9247217205798178,
      1.7099999999999795
    ],
    "obj_class": "pedestrian",
    "point_num_in_lidar": 34,
    "speed": 1.443842656197833,
    "if_vehicle": false,
    "motion_state": true,
    "pose": [
      [
        -0.7117199343902907,
        0.702197474160885,
        -0.019324654551988535,
        -8.00141707453804
      ],
      [
        -0.7023428489350061,
        -0.7118380388329005,
        0.0010625537111917764,
        -26.763652675173944
      ],
      [
        -0.013009901665251665,
        0.014328773590344037,
        0.9998126968117864,
        0.5324661632583911
      ],
      [
        0.0,
        0.0,
        0.0,
        1.0
      ]
    ],
    "location": [
      -8.00141707453804,
      -26.763652675173944,
      0.5324661632583911
    ],
    "rotation": [
      0.014330476856343572,
      0.01301026869720249,
      -2.36282570071525
    ]
  },
  {
    "label_id": "X0kquEodguiU6bxqX_xtSw",
    "size": [
      2.541617559516273,
      5.926376027608194,
      2.8000000000000114
    ],
    "obj_class": "vehicle",
    "point_num_in_lidar": 594,
    "speed": 0.0034791309074618734,
    "if_vehicle": true,
    "motion_state": false,
    "pose": [
      [
        0.7180430238282774,
        -0.6957303886262192,
        -0.019324654551988535,
        -32.94781184409294
      ],
      [
        0.6958746890568008,
        0.71816243852607,
        0.0010625537111917764,
        -23.268635130305483
      ],
      [
        0.013138990130306321,
        -0.014210497257259218,
        0.9998126968117864,
        0.7634418194137993
      ],
      [
        0.0,
        0.0,
        0.0,
        1.0
      ]
    ],
    "location": [
      -32.94781184409294,
      -23.268635130305483,
      0.7634418194137993
    ],
    "rotation": [
      -0.014212202458064482,
      -0.013139368197025976,
      0.7697207881434016
    ]
  },
  {
    "label_id": "Z5QKATZnhdyAEhR8O_ebsQ",
    "size": [
      2.236721292009679,
      5.270744933136602,
      1.9800000000000182
    ],
    "obj_class": "vehicle",
    "point_num_in_lidar": 7930,
    "speed": 12.120871528574414,
    "if_vehicle": true,
    "motion_state": true,
    "pose": [
      [
        0.7016671197582791,
        -0.7122428032465945,
        -0.019324654551988535,
        -55.86260466546446
      ],
      [
        0.7123898420512005,
        0.7017831459374587,
        0.0010625537111917764,
        -50.60223218004103
      ],
      [
        0.012804920631789844,
        -0.014512246606105532,
        0.9998126968117864,
        0.19044450750516262
      ],
      [
        0.0,
        0.0,
        0.0,
        1.0
      ]
    ],
    "location": [
      -55.86260466546446,
      -50.60223218004103,
      0.19044450750516262
    ],
    "rotation": [
      -0.014513946076184909,
      -0.012805270586198209,
      0.7929809673910312
    ]
  },
  {
    "label_id": "aO6S2DOwu2JmbOKPLq_mzw",
    "size": [
      2.1719816578569127,
      4.723586185109283,
      1.8000000000000114
    ],
    "obj_class": "vehicle",
    "point_num_in_lidar": 132,
    "speed": 3.410605131648481e-12,
    "if_vehicle": true,
    "motion_state": false,
    "pose": [
      [
        0.6876766501497479,
        -0.7257598656341279,
        -0.019324654551988535,
        -8.839716672904615
      ],
      [
        0.7259091340519195,
        0.6877897935267746,
        0.0010625537111917764,
        -23.19451176932489
      ],
      [
        0.012520141325624852,
        -0.014758636628403026,
        0.9998126968117864,
        0.4975331613799767
      ],
      [
        0.0,
        0.0,
        0.0,
        1.0
      ]
    ],
    "location": [
      -8.839716672904615,
      -23.19451176932489,
      0.4975331613799767
    ],
    "rotation": [
      -0.014760329461370833,
      -0.012520468445611398,
      0.8124380260845264
    ]
  },
  {
    "label_id": "bwZF2LJcA65WTqFDeppzlQ",
    "size": [
      0.9479353233509883,
      1.1505975368798351,
      2.0407139576173563
    ],
    "obj_class": "pedestrian",
    "point_num_in_lidar": 160,
    "speed": 1.388130315643146,
    "if_vehicle": false,
    "motion_state": true,
    "pose": [
      [
        -0.7172887469678632,
        0.6965080123011645,
        -0.019324654551988535,
        -31.47771713810289
      ],
      [
        -0.696652442038263,
        -0.7174080052395119,
        0.0010625537111917764,
        -48.69349623225571
      ],
      [
        -0.013123584700739339,
        0.014224725605275454,
        0.9998126968117864,
        0.38686866512676943
      ],
      [
        0.0,
        0.0,
        0.0,
        1.0
      ]
    ],
    "location": [
      -31.47771713810289,
      -48.69349623225571,
      0.38686866512676943
    ],
    "rotation": [
      0.014226430594434741,
      0.013123961439102478,
      -2.370788336122313
    ]
  },
  {
    "label_id": "eUEuH1gDX0R423tN5afxWg",
    "size": [
      2.0456442292105574,
      4.613331169730791,
      1.8600000000000136
    ],
    "obj_class": "vehicle",
    "point_num_in_lidar": 1189,
    "speed": 2.3437142008433857e-12,
    "if_vehicle": true,
    "motion_state": false,
    "pose": [
      [
        0.7015971194586182,
        -0.7123117573744067,
        -0.019324654551988535,
        -46.091243999413564
      ],
      [
        0.7124588075809789,
        0.7017131311867411,
        0.0010625537111917764,
        -36.26356389652938
      ],
      [
        0.012803494353454271,
        -0.014513504962066307,
        0.9998126968117864,
        0.1373294141782253
      ],
      [
        0.0,
        0.0,
        0.0,
        1.0
      ]
    ],
    "location": [
      -46.091243999413564,
      -36.26356389652938,
      0.1373294141782253
    ],
    "rotation": [
      -0.014515204402751385,
      -0.01280384419093071,
      0.793079241850125
    ]
  },
  {
    "label_id": "ej3ztPVfgmjRdVBS07uFPA",
    "size": [
      2.8984884358587206,
      7.210999804175714,
      3.1999999999999886
    ],
    "obj_class": "vehicle",
    "point_num_in_lidar": 305,
    "speed": 1.1368683772161603e-12,
    "if_vehicle": true,
    "motion_state": false,
    "pose": [
      [
        0.7451477905473107,
        -0.6666193276292754,
        -0.019324654551988535,
        -0.29113356373272836
      ],
      [
        0.6667587640924568,
        0.7452728503612018,
        0.0010625537111917764,
        -13.879858972577495
      ],
      [
        0.013693821539681418,
        -0.013676642335829945,
        0.9998126968117864,
        1.3075331613801495
      ],
      [
        0.0,
        0.0,
        0.0,
        1.0
      ]
    ],
    "location": [
      -0.29113356373272836,
      -13.879858972577495,
      1.3075331613801495
    ],
    "rotation": [
      -0.013678351369744435,
      -0.01369424955507737,
      0.7299351223514207
    ]
  },
  {
    "label_id": "gqShE5LrMsdlqXDBBs3iLg",
    "size": [
      0.796324340564432,
      0.9480439784045782,
      1.8400000000000318
    ],
    "obj_class": "pedestrian",
    "point_num_in_lidar": 53,
    "speed": 1.5789215628686457,
    "if_vehicle": false,
    "motion_state": true,
    "pose": [
      [
        -0.7244607228434095,
        0.6890451500327471,
        -0.019324654551988535,
        -15.768817524927726
      ],
      [
        -0.6891883374411987,
        -0.7245814698946195,
        0.0010625537111917764,
        -33.490809812523366
      ],
      [
        -0.013270139119139613,
        0.014088104971980413,
        0.9998126968117864,
        0.4671637196719871
      ],
      [
        0.0,
        0.0,
        0.0,
        1.0
      ]
    ],
    "location": [
      -15.768817524927726,
      -33.490809812523366,
      0.4671637196719871
    ],
    "rotation": [
      0.014089811756311705,
      0.013270528621052127,
      -2.3811406167186524
    ]
  },
  {
    "label_id": "j-cWwH8EWwAQoJ4JIFLZLQ",
    "size": [
      0.8325640802697737,
      1.057976079421576,
      2.2889746724247857
    ],
    "obj_class": "pedestrian",
    "point_num_in_lidar": 30,
    "speed": 1.3858744226039441,
    "if_vehicle": false,
    "motion_state": true,
    "pose": [
      [
        -0.7773481052494671,
        0.6287737915908309,
        -0.019324654551988535,
        -4.697565733884403
      ],
      [
        -0.6289068423204748,
        -0.7774799384306327,
        0.0010625537111917764,
        -23.285310845916683
      ],
      [
        -0.01435642530551833,
        0.012979381587345818,
        0.9998126968117864,
        0.725190447461614
      ],
      [
        0.0,
        0.0,
        0.0,
        1.0
      ]
    ],
    "location": [
      -4.697565733884403,
      -23.285310845916683,
      0.725190447461614
    ],
    "rotation": [
      0.012981083932015249,
      0.014356918511096507,
      -2.46136289249952
    ]
  },
  {
    "label_id": "jzfnKJYpY0Uvm7AA9TAtdQ",
    "size": [
      0.768688759124783,
      0.8285929213870986,
      1.6899999999999977
    ],
    "obj_class": "pedestrian",
    "point_num_in_lidar": 89,
    "speed": 0.8035912345359206,
    "if_vehicle": false,
    "motion_state": false,
    "pose": [
      [
        0.8015901620355483,
        -0.597561519723509,
        -0.019324654551988535,
        -46.64711816302952
      ],
      [
        0.5976892564188018,
        0.8017271504328332,
        0.0010625537111917764,
        -31.94643178537808
      ],
      [
        0.014858159016617035,
        -0.012401871011253934,
        0.9998126968117864,
        0.3074774057981813
      ],
      [
        0.0,
        0.0,
        0.0,
        1.0
      ]
    ],
    "location": [
      -46.64711816302952,
      -31.94643178537808,
      0.3074774057981813
    ],
    "rotation": [
      -0.01240355822865364,
      -0.014858705764240223,
      0.6406981036173018
    ]
  },
  {
    "label_id": "kysbXbHcrlyd0Hf-AKulrQ",
    "size": [
      2.0187456044431733,
      4.538338676529508,
      1.509999999999991
    ],
    "obj_class": "vehicle",
    "point_num_in_lidar": 1703,
    "speed": 2.8421709430404007e-12,
    "if_vehicle": true,
    "motion_state": false,
    "pose": [
      [
        0.7095285692344817,
        -0.7044116461036938,
        -0.019324654551988535,
        -49.842873807127035
      ],
      [
        0.7045573881625548,
        0.7096462201443546,
        0.0010625537111917764,
        -64.01370442446205
      ],
      [
        0.012965192849639874,
        -0.01436924035272936,
        0.9998126968117864,
        -0.20176123431991755
      ],
      [
        0.0,
        0.0,
        0.0,
        1.0
      ]
    ],
    "location": [
      -49.842873807127035,
      -64.01370442446205,
      -0.20176123431991755
    ],
    "rotation": [
      -0.014370942864866537,
      -0.01296555611044922,
      0.7818827048305838
    ]
  },
  {
    "label_id": "la6mIbsiU-_4PjDPXVc2eQ",
    "size": [
      2.067761682869096,
      4.724597843100884,
      1.509999999999991
    ],
    "obj_class": "vehicle",
    "point_num_in_lidar": 67,
    "speed": 0.0020980209623794157,
    "if_vehicle": true,
    "motion_state": false,
    "pose": [
      [
        0.6922234637722501,
        -0.7214244478319227,
        -0.019324654551988535,
        -22.98989885989795
      ],
      [
        0.7215730023543333,
        0.6923375428596691,
        0.0010625537111917764,
        -13.232940193047398
      ],
      [
        0.012612631624747375,
        -0.014679673614943937,
        0.9998126968117864,
        0.26114863133898325
      ],
      [
        0.0,
        0.0,
        0.0,
        1.0
      ]
    ],
    "location": [
      -22.98989885989795,
      -13.232940193047398,
      0.26114863133898325
    ],
    "rotation": [
      -0.01468136876868068,
      -0.012612966048391672,
      0.8061545624233736
    ]
  },
  {
    "label_id": "naDJ-x7myR3LWnjB3v-3Ig",
    "size": [
      1.977517518988,
      4.74639619775544,
      1.5199999999999818
    ],
    "obj_class": "vehicle",
    "point_num_in_lidar": 93,
    "speed": 1.1368683772161603e-12,
    "if_vehicle": true,
    "motion_state": false,
    "pose": [
      [
        0.6807722597076746,
        -0.7322401847337747,
        -0.019324654551988535,
        -37.46148487442406
      ],
      [
        0.7323905180187159,
        0.6808839843144261,
        0.0010625537111917764,
        -27.839169635211874
      ],
      [
        0.01237980326108524,
        -0.014876550848892426,
        0.9998126968117864,
        0.09593463511941991
      ],
      [
        0.0,
        0.0,
        0.0,
        1.0
      ]
    ],
    "location": [
      -37.46148487442406,
      -27.839169635211874,
      0.09593463511941991
    ],
    "rotation": [
      -0.014878239873331991,
      -0.012380119503364977,
      0.8219086921567811
    ]
  },
  {
    "label_id": "oZJhcB1wAq2Kn4BM-9cvFw",
    "size": [
      0.7875251173408009,
      0.9658210290236487,
      2.44029251096174
    ],
    "obj_class": "pedestrian",
    "point_num_in_lidar": 28,
    "speed": 1.3519201211966927,
    "if_vehicle": false,
    "motion_state": true,
    "pose": [
      [
        -0.7103651090655365,
        0.7035680276623963,
        -0.019324654551988535,
        -5.325970329478878
      ],
      [
        -0.7037136298157224,
        -0.7104829330752366,
        0.0010625537111917764,
        -22.949430609849514
      ],
      [
        -0.01298225842789398,
        0.014353823882653516,
        0.9998126968117864,
        0.7110089581612442
      ],
      [
        0.0,
        0.0,
        0.0,
        1.0
      ]
    ],
    "location": [
      -5.325970329478878,
      -22.949430609849514,
      0.7110089581612442
    ],
    "rotation": [
      0.01435552668752965,
      0.012982623125103085,
      -2.3608982100151805
    ]
  },
  {
    "label_id": "r6oiDLYtLOCbBdMrFxcTrA",
    "size": [
      1.016556046500927,
      0.960914637776161,
      1.8814478954579386
    ],
    "obj_class": "pedestrian",
    "point_num_in_lidar": 50,
    "speed": 1.3550764644071123,
    "if_vehicle": false,
    "motion_state": true,
    "pose": [
      [
        0.68552819468151,
        -0.727789565755896,
        -0.019324654551988535,
        -7.41846860838632
      ],
      [
        0.7279391679895979,
        0.6856408963052179,
        0.0010625537111917764,
        -27.16021045186062
      ],
      [
        0.01247645796375355,
        -0.014795583483646372,
        0.9998126968117864,
        0.7267762936638746
      ],
      [
        0.0,
        0.0,
        0.0,
        1.0
      ]
    ],
    "location": [
      -7.41846860838632,
      -27.16021045186062,
      0.7267762936638746
    ],
    "rotation": [
      -0.014797275167572612,
      -0.01247678167150261,
      0.81539408253502
    ]
  },
  {
    "label_id": "sCHro3u44apcL4ivSn4VzA",
    "size": [
      1.8591748617535577,
      4.312541187492011,
      1.8100000000000023
    ],
    "obj_class": "vehicle",
    "point_num_in_lidar": 668,
    "speed": 2.3437142008433857e-12,
    "if_vehicle": true,
    "motion_state": false,
    "pose": [
      [
        0.6990696355090654,
        -0.7147924191229708,
        -0.019324654551988535,
        -58.978996362860926
      ],
      [
        0.7149398793327147,
        0.6991851256422251,
        0.0010625537111917764,
        -49.27912279541488
      ],
      [
        0.012752005683253841,
        -0.014558765229136723,
        0.9998126968117864,
        -0.0382565765870595
      ],
      [
        0.0,
        0.0,
        0.0,
        1.0
      ]
    ],
    "location": [
      -58.978996362860926,
      -49.27912279541488,
      -0.0382565765870595
    ],
    "rotation": [
      -0.014560463581981658,
      -0.012752351316909164,
      0.7966212685625496
    ]
  },
  {
    "label_id": "sbIlgMruTdmIvjl7qLOaug",
    "size": [
      2.098058886449246,
      4.404337211056571,
      1.8700000000000045
    ],
    "obj_class": "vehicle",
    "point_num_in_lidar": 3357,
    "speed": 2.3437142008433857e-12,
    "if_vehicle": true,
    "motion_state": false,
    "pose": [
      [
        0.7206748056729949,
        -0.693003883246434,
        -0.019324654551988535,
        -50.98778949308689
      ],
      [
        0.6931477300380391,
        0.72079476643683,
        0.0010625537111917764,
        -41.22600537263497
      ],
      [
        0.013192756016259192,
        -0.014160596125810368,
        0.9998126968117864,
        0.17203421777395533
      ],
      [
        0.0,
        0.0,
        0.0,
        1.0
      ]
    ],
    "location": [
      -50.98778949308689,
      -41.22600537263497,
      0.17203421777395533
    ],
    "rotation": [
      -0.014162302023447865,
      -0.013193138743486309,
      0.7659306578134345
    ]
  },
  {
    "label_id": "u79uIuM0rLMrabgETf5Leg",
    "size": [
      0.8598185322202258,
      0.8124183169350212,
      1.738961588206962
    ],
    "obj_class": "pedestrian",
    "point_num_in_lidar": 289,
    "speed": 1.4452632473971423,
    "if_vehicle": false,
    "motion_state": true,
    "pose": [
      [
        -0.6669636684502397,
        0.7448395952779665,
        -0.019324654551988535,
        -53.23342748564028
      ],
      [
        -0.7449919910373979,
        -0.6670725629717839,
        0.0010625537111917764,
        -39.9918958004273
      ],
      [
        -0.012099514764334157,
        0.01510539759193774,
        0.9998126968117864,
        0.16413104673239332
      ],
      [
        0.0,
        0.0,
        0.0,
        1.0
      ]
    ],
    "location": [
      -53.23342748564028,
      -39.9918958004273,
      0.16413104673239332
    ],
    "rotation": [
      0.015107078041220433,
      0.012099810008431435,
      -2.3009880567104095
    ]
  },
  {
    "label_id": "vHKayxu8Wkg9ZZhh3eJoTg",
    "size": [
      2.1829658191447483,
      5.095283897580382,
      1.5300000000000296
    ],
    "obj_class": "vehicle",
    "point_num_in_lidar": 31,
    "speed": 0.002616205527869234,
    "if_vehicle": true,
    "motion_state": false,
    "pose": [
      [
        0.7347898597735065,
        -0.6780194832749844,
        -0.019324654551988535,
        -28.091051073773997
      ],
      [
        0.6781608297816015,
        0.7349127566790091,
        0.0010625537111917764,
        -18.36963159978768
      ],
      [
        0.013481503030457292,
        -0.013885977458667775,
        0.9998126968117864,
        0.1703986838924152
      ],
      [
        0.0,
        0.0,
        0.0,
        1.0
      ]
    ],
    "location": [
      -28.091051073773997,
      -18.36963159978768,
      0.1703986838924152
    ],
    "rotation": [
      -0.013887685935638426,
      -0.013481911443133422,
      0.7453410413065074
    ]
  },
  {
    "label_id": "vTZiHrh_Bzrfl4NGjvU2BA",
    "size": [
      0.8917155356416117,
      0.92299471695208,
      2.0088708286700125
    ],
    "obj_class": "pedestrian",
    "point_num_in_lidar": 304,
    "speed": 1.2926243505177482,
    "if_vehicle": false,
    "motion_state": true,
    "pose": [
      [
        -0.7007135124789867,
        0.7131809946681186,
        -0.019324654551988535,
        -53.90595283755101
      ],
      [
        -0.7133281885838635,
        -0.7008293418167327,
        0.0010625537111917764,
        -39.26219223341468
      ],
      [
        -0.012785491817869801,
        0.01452936656974567,
        0.9998126968117864,
        0.19688655392855026
      ],
      [
        0.0,
        0.0,
        0.0,
        1.0
      ]
    ],
    "location": [
      -53.90595283755101,
      -39.26219223341468,
      0.19688655392855026
    ],
    "rotation": [
      0.014531065635971872,
      0.012785840181666048,
      -2.3472737197032587
    ]
  },
  {
    "label_id": "xDm7BiIYwCesl8cTVs76OA",
    "size": [
      0.7314666989774234,
      1.0616612690474252,
      1.8199999999999932
    ],
    "obj_class": "pedestrian",
    "point_num_in_lidar": 46,
    "speed": 1.5340046605212625,
    "if_vehicle": false,
    "motion_state": true,
    "pose": [
      [
        -0.7575492808385496,
        0.6524918733803836,
        -0.019324654551988535,
        -16.235789105892763
      ],
      [
        -0.6526289339306817,
        -0.7576769401110955,
        0.0010625537111917764,
        -33.02034548501979
      ],
      [
        -0.013948537468071828,
        0.013416765498608638,
        0.9998126968117864,
        0.4730843933068627
      ],
      [
        0.0,
        0.0,
        0.0,
        1.0
      ]
    ],
    "location": [
      -16.235789105892763,
      -33.02034548501979,
      0.4730843933068627
    ],
    "rotation": [
      0.013418473557982055,
      0.01394898981619851,
      -2.430459844943877
    ]
  },
  {
    "label_id": "y9KK37JslDX9HDSLE-uyFw",
    "size": [
      0.9407655983606039,
      0.957469555133672,
      1.740000000000009
    ],
    "obj_class": "pedestrian",
    "point_num_in_lidar": 140,
    "speed": 1.0000499174028978,
    "if_vehicle": false,
    "motion_state": true,
    "pose": [
      [
        -0.7580910994638964,
        0.651862288094707,
        -0.019324654551988535,
        -46.62568566830669
      ],
      [
        -0.6519992425403756,
        -0.7582188725601514,
        0.0010625537111917764,
        -32.9662986312469
      ],
      [
        -0.013959679093622153,
        0.013405172641407767,
        0.9998126968117864,
        0.3324774057982154
      ],
      [
        0.0,
        0.0,
        0.0,
        1.0
      ]
    ],
    "location": [
      -46.62568566830669,
      -32.9662986312469,
      0.3324774057982154
    ],
    "rotation": [
      0.013406880614814964,
      0.01396013252664005,
      -2.43129063558035
    ]
  },
  {
    "label_id": "yAi9EdjxdO5EBdbEyyh1Rg",
    "size": [
      0.9483481989359985,
      1.0108570723308503,
      1.8700000000000045
    ],
    "obj_class": "pedestrian",
    "point_num_in_lidar": 210,
    "speed": 1.6134273212391717,
    "if_vehicle": false,
    "motion_state": true,
    "pose": [
      [
        0.7199129780128521,
        -0.6937952592913222,
        -0.019324654551988535,
        -36.367437284992775
      ],
      [
        0.6939392377951518,
        0.7200327806620298,
        0.0010625537111917764,
        -55.52364627929637
      ],
      [
        0.013177190024834202,
        -0.014175082256984217,
        0.9998126968117864,
        0.2854655592358313
      ],
      [
        0.0,
        0.0,
        0.0,
        1.0
      ]
    ],
    "location": [
      -36.367437284992775,
      -55.52364627929637,
      0.2854655592358313
    ],
    "rotation": [
      -0.014176787959610583,
      -0.013177571398861405,
      0.7670293278435045
    ]
  }
]