[
  {
    "label_id": "2DMf5SM1QFoIz358FjVTgA",
    "size": [
      2.0394920897565587,
      4.6432134001663945,
      1.7699999999999818
    ],
    "obj_class": "vehicle",
    "point_num_in_lidar": 191,
    "speed": 3.410605131648481e-12,
    "if_vehicle": true,
    "motion_state": false,
    "pose": [
      [
        0.6975963258322573,
        -0.7160330088870454,
        -0.025614378179052124,
        15.32076122008948
      ],
      [
        0.7164401368180267,
        0.697526910530314,
        0.013028409043417236,
        0.8219281009514816
      ],
      [
        0.008537947148020081,
        -0.027439738887236394,
        0.9995869968083307,
        0.7491418054386827
      ],
      [
        0.0,
        0.0,
        0.0,
        1.0
      ]
    ],
    "location": [
      15.32076122008948,
      0.8219281009514816,
      0.7491418054386827
    ],
    "rotation": [
      -0.027444184026441384,
      -0.008538050882559404,
      0.7987236299729469
    ]
  },
  {
    "label_id": "2hf_zxmh57uIBDxAHHUiSQ",
    "size": [
      1.040951205088717,
      1.0296883973807744,
      1.8199999999999932
    ],
    "obj_class": "pedestrian",
    "point_num_in_lidar": 120,
    "speed": 1.5093692356620652,
    "if_vehicle": false,
    "motion_state": true,
    "pose": [
      [
        0.7770062384249359,
        -0.6289715487040987,
        -0.025614378179052124,
        -9.796569763890147
      ],
      [
        0.6293840163383412,
        0.7769852125591684,
        0.013028409043417236,
        -29.463151388998085
      ],
      [
        0.011707494460833117,
        -0.026244435317828035,
        0.9995869968083307,
        0.5917762936638269
      ],
      [
        0.0,
        0.0,
        0.0,
        1.0
      ]
    ],
    "location": [
      -9.796569763890147,
      -29.463151388998085,
      0.5917762936638269
    ],
    "rotation": [
      -0.026249248390749068,
      -0.011707761926117574,
      0.6808157943831521
    ]
  },
  {
    "label_id": "2ogcZ0FtJwMhIt2F3CwCGQ",
    "size": [
      0.6065595141320583,
      0.09983578392044906,
      0.4700000000000273
    ],
    "obj_class": "sign",
    "point_num_in_lidar": 87,
    "speed": 0.03175922254464502,
    "if_vehicle": false,
    "motion_state": false,
    "pose": [
      [
        -0.7318395781452502,
        0.6809954004915765,
        -0.025614378179052124,
        -0.14230818146825186
      ],
      [
        -0.6814054404026508,
        -0.7317901928472853,
        0.013028409043417236,
        -17.428451058418432
      ],
      [
        -0.009872064113021852,
        0.026988482021975294,
        0.9995869968083307,
        2.6816098399447696
      ],
      [
        0.0,
        0.0,
        0.0,
        1.0
      ]
    ],
    "location": [
      -0.14230818146825186,
      -17.428451058418432,
      2.6816098399447696
    ],
    "rotation": [
      0.02699307509222428,
      0.009872224471415895,
      -2.3918661135691544
    ]
  },
  {
    "label_id": "3JZ-dCSx2Rm0NEooV33HhA",
    "size": [
      0.8770365946334896,
      0.08206485123166174,
      0.8600000000000136
    ],
    "obj_class": "sign",
    "point_num_in_lidar": 23,
    "speed": 0.009934153702826345,
    "if_vehicle": false,
    "motion_state": false,
    "pose": [
      [
        -0.6859410878717214,
        0.7272061108103121,
        -0.025614378179052124,
        32.82936818298549
      ],
      [
        -0.7276120645527344,
        -0.6858651063256571,
        0.013028409043417236,
        15.671916887971747
      ],
      [
        -0.008093669542731828,
        0.027574051661574013,
        0.9995869968083307,
        3.4902489167260455
      ],
      [
        0.0,
        0.0,
        0.0,
        1.0
      ]
    ],
    "location": [
      32.82936818298549,
      15.671916887971747,
      3.4902489167260455
    ],
    "rotation": [
      0.0275784506210976,
      0.008093757911328424,
      -2.3267234288745677
    ]
  },
  {
    "label_id": "7icJBEuPRDJAEFyjeeK9Tw",
    "size": [
      2.0299898428523244,
      4.529825083229547,
      1.5699999999999932
    ],
    "obj_class": "vehicle",
    "point_num_in_lidar": 397,
    "speed": 10.673033239607545,
    "if_vehicle": true,
    "motion_state": true,
    "pose": [
      [
        0.7190217727584044,
        -0.6945153662301949,
        -0.025614378179052124,
        -3.834042721086007
      ],
      [
        0.6949244146134167,
        0.7189647547216744,
        0.013028409043417236,
        1.0306550495079136
      ],
      [
        0.009367404846664713,
        -0.02716776652838396,
        0.9995869968083307,
        0.6071050121888675
      ],
      [
        0.0,
        0.0,
        0.0,
        1.0
      ]
    ],
    "location": [
      -3.834042721086007,
      1.0306550495079136,
      0.6071050121888675
    ],
    "rotation": [
      -0.027172302151477642,
      -0.00936754184767501,
      0.768357185649115
    ]
  },
  {
    "label_id": "8KC4pvYukwuR-iDaJSPm0A",
    "size": [
      0.8324296113856392,
      0.6691068608769164,
      1.7699999999999818
    ],
    "obj_class": "pedestrian",
    "point_num_in_lidar": 63,
    "speed": 0.009474886743666266,
    "if_vehicle": false,
    "motion_state": false,
    "pose": [
      [
        -0.9407553316041114,
        0.33811730167049836,
        -0.025614378179052124,
        -5.462881175146322
      ],
      [
        -0.33851369954075666,
        -0.9408712641913493,
        0.013028409043417236,
        -27.637828567705583
      ],
      [
        -0.019694701867980325,
        0.020927363188740947,
        0.9995869968083307,
        0.6674690947033355
      ],
      [
        0.0,
        0.0,
        0.0,
        1.0
      ]
    ],
    "location": [
      -5.462881175146322,
      -27.637828567705583,
      0.6674690947033355
    ],
    "rotation": [
      0.020932951765583515,
      0.019695975291298302,
      -2.7961859689410855
    ]
  },
  {
    "label_id": "98DtmDHk29-0tTd6qz1nGQ",
    "size": [
      0.7873837027545698,
      0.8779179917009724,
      1.6999999999999886
    ],
    "obj_class": "pedestrian",
    "point_num_in_lidar": 109,
    "speed": 1.1400097446252366,
    "if_vehicle": false,
    "motion_state": true,
    "pose": [
      [
        0.7753201657590275,
        -0.631048765308906,
        -0.025614378179052124,
        0.7234197687866981
      ],
      [
        0.6314611751953869,
        0.7752980360988014,
        0.013028409043417236,
        -22.695392405134044
      ],
      [
        0.011637215657323272,
        -0.026275673605961992,
        0.9995869968083307,
        0.6670603420352563
      ],
      [
        0.0,
        0.0,
        0.0,
        1.0
      ]
    ],
    "location": [
      0.7234197687866981,
      -22.695392405134044,
      0.6670603420352563
    ],
    "rotation": [
      -0.02628047803226127,
      -0.01163747833457582,
      0.6834913146777767
    ]
  },
  {
    "label_id": "CZUwabcB3mvH43N9J3yGWQ",
    "size": [
      2.372938899727677,
      4.773708939237198,
      1.6999999999999886
    ],
    "obj_class": "vehicle",
    "point_num_in_lidar": 32,
    "speed": 4.855909168375157,
    "if_vehicle": true,
    "motion_state": true,
    "pose": [
      [
        0.7031909839181869,
        -0.710539473756858,
        -0.025614378179052124,
        37.5033340985392
      ],
      [
        0.7109471336149871,
        0.7031247640088003,
        0.013028409043417236,
        28.24577233297896
      ],
      [
        0.008752904706779417,
        -0.027371928519856547,
        0.9995869968083307,
        1.1292740940518229
      ],
      [
        0.0,
        0.0,
        0.0,
        1.0
      ]
    ],
    "location": [
      37.5033340985392,
      28.24577233297896,
      1.1292740940518229
    ],
    "rotation": [
      -0.027376396597462403,
      -0.008753016475511357,
      0.7908828270439363
    ]
  },
  {
    "label_id": "Fe-uZ9qlinJ4Guviu-__IQ",
    "size": [
      0.695076120271826,
      1.001424989274805,
      1.910000000000025
    ],
    "obj_class": "pedestrian",
    "point_num_in_lidar": 32,
    "speed": 1.5009120197754315,
    "if_vehicle": false,
    "motion_state": true,
    "pose": [
      [
        0.9860485320999582,
        0.1644755178560573,
        -0.025614378179052124,
        11.44958952964953
      ],
      [
        -0.16418625215836286,
        0.9863433150581941,
        0.013028409043417236,
        30.705249526297848
      ],
      [
        0.02740742501053713,
        -0.008641114858273865,
        0.9995869968083307,
        1.1210129839881802
      ],
      [
        0.0,
        0.0,
        0.0,
        1.0
      ]
    ],
    "location": [
      11.44958952964953,
      30.705249526297848,
      1.1210129839881802
    ],
    "rotation": [
      -0.008644469809701436,
      -0.027410857429530103,
      -0.16499556128995344
    ]
  },
  {
    "label_id": "HWUxvHKq2Hhdp_xVEddyQQ",
    "size": [
      0.8678979233330929,
      0.7180122975026588,
      1.6899999999999977
    ],
    "obj_class": "pedestrian",
    "point_num_in_lidar": 82,
    "speed": 0.028456465246482935,
    "if_vehicle": false,
    "motion_state": false,
    "pose": [
      [
        -0.4931855889023092,
        -0.8695469386580479,
        -0.025614378179052124,
        -5.611398772263783
      ],
      [
        0.869593767080891,
        -0.4935959286824219,
        0.013028409043417236,
        -28.253085940494202
      ],
      [
        -0.023971965984200278,
        -0.01584868002561861,
        0.9995869968083307,
        0.6274690947031445
      ],
      [
        0.0,
        0.0,
        0.0,
        1.0
      ]
    ],
    "location": [
      -5.611398772263783,
      -28.253085940494202,
      0.6274690947031445
    ],
    "rotation": [
      -0.015853899879762184,
      0.023974262513751152,
      2.0867071826444614
    ]
  },
  {
    "label_id": "IfoFHlW_Bb0HdgctcvNTaQ",
    "size": [
      2.049992258812036,
      4.650134719515815,
      1.6999999999999886
    ],
    "obj_class": "vehicle",
    "point_num_in_lidar": 86,
    "speed": 0.009615283268332967,
    "if_vehicle": true,
    "motion_state": false,
    "pose": [
      [
        0.7248691306626424,
        -0.6884102316518006,
        -0.025614378179052124,
        20.221227781625203
      ],
      [
        0.6888197475738898,
        0.724815573722061,
        0.013028409043417236,
        5.978455717879115
      ],
      [
        0.009596810127750228,
        -0.02708758104877599,
        0.9995869968083307,
        0.799274094051782
      ],
      [
        0.0,
        0.0,
        0.0,
        1.0
      ]
    ],
    "location": [
      20.221227781625203,
      5.978455717879115,
      0.799274094051782
    ],
    "rotation": [
      -0.027092142580411926,
      -0.009596957442915229,
      0.7599034644932262
    ]
  },
  {
    "label_id": "RhiI1MsdwLatM0myIPZIDA",
    "size": [
      0.7343155073087232,
      0.5408710243392004,
      2.10489804689621
    ],
    "obj_class": "pedestrian",
    "point_num_in_lidar": 386,
    "speed": 0.031016325306453436,
    "if_vehicle": false,
    "motion_state": false,
    "pose": [
      [
        -0.7100168913265129,
        -0.7037186352950554,
        -0.025614378179052124,
        -11.883321399356646
      ],
      [
        0.7036527182462093,
        -0.7104246002655864,
        0.013028409043417236,
        -27.813539152164594
      ],
      [
        -0.027365418611003993,
        -0.008773236343939082,
        0.9995869968083307,
        0.6100200712550645
      ],
      [
        0.0,
        0.0,
        0.0,
        1.0
      ]
    ],
    "location": [
      -11.883321399356646,
      -27.813539152164594,
      0.6100200712550645
    ],
    "rotation": [
      -0.008776635855876716,
      0.02736883526838925,
      2.360696341292229
    ]
  },
  {
    "label_id": "Z5QKATZnhdyAEhR8O_ebsQ",
    "size": [
      2.236721292000149,
      5.270744933136602,
      1.9800000000000182
    ],
    "obj_class": "vehicle",
    "point_num_in_lidar": 7106,
    "speed": 9.945137504304316,
    "if_vehicle": true,
    "motion_state": true,
    "pose": [
      [
        0.7189530115304357,
        -0.6945865466893365,
        -0.025614378179052124,
        -16.061548155823402
      ],
      [
        0.6949955894257119,
        0.7188959529977926,
        0.013028409043417236,
        -11.31042096753663
      ],
      [
        0.009364715165152242,
        -0.027168693777538607,
        0.9995869968083307,
        0.7334441621584915
      ],
      [
        0.0,
        0.0,
        0.0,
        1.0
      ]
    ],
    "location": [
      -16.061548155823402,
      -11.31042096753663,
      0.7334441621584915
    ],
    "rotation": [
      -0.027173229098990122,
      -0.009364852048181204,
      0.7684561544269294
    ]
  },
  {
    "label_id": "_md0d61Qn6UYicamaGvcYg",
    "size": [
      2.1660745734723856,
      4.745512814368736,
      1.8500000000000227
    ],
    "obj_class": "vehicle",
    "point_num_in_lidar": 351,
    "speed": 1.1368683772161603e-12,
    "if_vehicle": true,
    "motion_state": false,
    "pose": [
      [
        0.7112631195610423,
        -0.7024590225648718,
        -0.025614378179052124,
        10.642055017568055
      ],
      [
        0.7028674123888576,
        0.7112015615559271,
        0.013028409043417236,
        -3.900098317521042
      ],
      [
        0.009065062277011723,
        -0.027270138569798222,
        0.9995869968083307,
        0.821448065994332
      ],
      [
        0.0,
        0.0,
        0.0,
        1.0
      ]
    ],
    "location": [
      10.642055017568055,
      -3.900098317521042,
      0.821448065994332
    ],
    "rotation": [
      -0.027274640607951962,
      -0.009065186435720102,
      0.7794612231077247
    ]
  },
  {
    "label_id": "aO6S2DOwu2JmbOKPLq_mzw",
    "size": [
      2.1719816578569113,
      4.723586185109283,
      1.8000000000000114
    ],
    "obj_class": "vehicle",
    "point_num_in_lidar": 3310,
    "speed": 3.410605131648481e-12,
    "if_vehicle": true,
    "motion_state": false,
    "pose": [
      [
        0.6875794196577112,
        -0.72565725056232,
        -0.025614378179052124,
        -8.839716672908253
      ],
      [
        0.7260633746343658,
        0.6875043538570168,
        0.013028409043417236,
        -23.194511769317614
      ],
      [
        0.008155837033791082,
        -0.02755572778897954,
        0.9995869968083307,
        0.4975331613796925
      ],
      [
        0.0,
        0.0,
        0.0,
        1.0
      ]
    ],
    "location": [
      -8.839716672908253,
      -23.194511769317614,
      0.4975331613796925
    ],
    "rotation": [
      -0.02756013310713357,
      -0.00815592745438756,
      0.8126146939574176
    ]
  },
  {
    "label_id": "ej3ztPVfgmjRdVBS07uFPA",
    "size": [
      2.8984884358587224,
      7.210999804175714,
      3.1999999999999886
    ],
    "obj_class": "vehicle",
    "point_num_in_lidar": 5571,
    "speed": 1.1368683772161603e-12,
    "if_vehicle": true,
    "motion_state": false,
    "pose": [
      [
        0.7450424342198897,
        -0.6665250744287132,
        -0.025614378179052124,
        -0.29113356373272836
      ],
      [
        0.6669360032712505,
        0.7450010926826671,
        0.013028409043417236,
        -13.879858972577495
      ],
      [
        0.010398978424429502,
        -0.026789868596735354,
        0.9995869968083307,
        1.3075331613798085
      ],
      [
        0.0,
        0.0,
        0.0,
        1.0
      ]
    ],
    "location": [
      -0.29113356373272836,
      -13.879858972577495,
      1.3075331613798085
    ],
    "rotation": [
      -0.026794523282886777,
      -0.010399165855642458,
      0.7301374689029378
    ]
  },
  {
    "label_id": "fEXEJZ7FbCjlCrCL5pFRYQ",
    "size": [
      2.278149167873362,
      5.159896609175984,
      2.170000000000016
    ],
    "obj_class": "vehicle",
    "point_num_in_lidar": 213,
    "speed": 3.39404678721736,
    "if_vehicle": true,
    "motion_state": true,
    "pose": [
      [
        0.593853519174937,
        -0.8041653445617034,
        -0.025614378179052124,
        31.583887652061094
      ],
      [
        0.8045592677097797,
        0.5937294377914072,
        0.013028409043417236,
        19.56140650517773
      ],
      [
        0.00473101530813467,
        -0.028345251910263432,
        0.9995869968083307,
        1.3284400126265155
      ],
      [
        0.0,
        0.0,
        0.0,
        1.0
      ]
    ],
    "location": [
      31.583887652061094,
      19.56140650517773,
      1.3284400126265155
    ],
    "rotation": [
      -0.028349366316046704,
      -0.004731032956975398,
      0.9349481236337996
    ]
  },
  {
    "label_id": "j-cWwH8EWwAQoJ4JIFLZLQ",
    "size": [
      0.8325640802647931,
      1.057976079421576,
      2.2889746724247857
    ],
    "obj_class": "pedestrian",
    "point_num_in_lidar": 210,
    "speed": 1.5593528995254788,
    "if_vehicle": false,
    "motion_state": true,
    "pose": [
      [
        -0.7241269871092936,
        0.6891908372653524,
        -0.025614378179052124,
        -10.320346432185033
      ],
      [
        -0.6896002952451887,
        -0.7240729889697212,
        0.013028409043417236,
        -28.831929484338616
      ],
      [
        -0.009567619231838862,
        0.02709790534223346,
        0.9995869968083307,
        0.6289366702666825
      ],
      [
        0.0,
        0.0,
        0.0,
        1.0
      ]
    ],
    "location": [
      -10.320346432185033,
      -28.831929484338616,
      0.6289366702666825
    ],
    "rotation": [
      0.02710246355756576,
      0.009567765206773457,
      -2.3806120919432674
    ]
  },
  {
    "label_id": "la6mIbsiU-_4PjDPXVc2eQ",
    "size": [
      2.0677616828690955,
      4.724597843100884,
      1.509999999999991
    ],
    "obj_class": "vehicle",
    "point_num_in_lidar": 5279,
    "speed": 0.02705892939061221,
    "if_vehicle": true,
    "motion_state": false,
    "pose": [
      [
        0.6921255904069601,
        -0.7213224457441466,
        -0.025614378179052124,
        -22.962936348179937
      ],
      [
        0.72172903348246,
        0.6920530780122804,
        0.013028409043417236,
        -13.201562024994928
      ],
      [
        0.008328825384830733,
        -0.02750393570766003,
        0.9995869968083307,
        0.2611486313391538
      ],
      [
        0.0,
        0.0,
        0.0,
        1.0
      ]
    ],
    "location": [
      -22.962936348179937,
      -13.201562024994928,
      0.2611486313391538
    ],
    "rotation": [
      -0.027508358898364553,
      -0.008328921682012748,
      0.806333214016797
    ]
  },
  {
    "label_id": "o3kJrPbOaNbNLe5OrS8a7g",
    "size": [
      0.7958708213866026,
      0.8442438505559838,
      1.6499999999999773
    ],
    "obj_class": "pedestrian",
    "point_num_in_lidar": 68,
    "speed": 1.430060948152491,
    "if_vehicle": false,
    "motion_state": true,
    "pose": [
      [
        -0.6538079260486805,
        0.7562268835914414,
        -0.025614378179052124,
        -1.9759722348317155
      ],
      [
        -0.7566291663721115,
        -0.6537144370081183,
        0.013028409043417236,
        12.717540160891076
      ],
      [
        -0.006892055641574117,
        0.02789866270514671,
        0.9995869968083307,
        0.7667654600136302
      ],
      [
        0.0,
        0.0,
        0.0,
        1.0
      ]
    ],
    "location": [
      -1.9759722348317155,
      12.717540160891076,
      0.7667654600136302
    ],
    "rotation": [
      0.027902945940250973,
      0.0068921102053426395,
      -2.283422954753331
    ]
  },
  {
    "label_id": "oRjMPH_qzXEzVpMM4FENNw",
    "size": [
      0.9393771529867713,
      0.932946907593988,
      1.9499999999999886
    ],
    "obj_class": "pedestrian",
    "point_num_in_lidar": 138,
    "speed": 0.016551221251586458,
    "if_vehicle": false,
    "motion_state": false,
    "pose": [
      [
        0.7307771787820305,
        0.682135337452823,
        -0.025614378179052124,
        -10.5429600477255
      ],
      [
        -0.6820572376475066,
        0.7311827303283701,
        0.013028409043417236,
        5.964101987803588
      ],
      [
        0.027615929171927584,
        0.007949608020096121,
        0.9995869968083307,
        0.836765460013396
      ],
      [
        0.0,
        0.0,
        0.0,
        1.0
      ]
    ],
    "location": [
      -10.5429600477255,
      5.964101987803588,
      0.836765460013396
    ],
    "rotation": [
      0.00795272492697101,
      -0.027619440543726326,
      -0.7509279927858064
    ]
  },
  {
    "label_id": "oZJhcB1wAq2Kn4BM-9cvFw",
    "size": [
      0.7875251173380632,
      0.9658210290236487,
      2.44029251096174
    ],
    "obj_class": "pedestrian",
    "point_num_in_lidar": 258,
    "speed": 1.4467313857469855,
    "if_vehicle": false,
    "motion_state": true,
    "pose": [
      [
        -0.733460596437354,
        0.679249186311078,
        -0.025614378179052124,
        -10.94651018075092
      ],
      [
        -0.6796593427633253,
        -0.73341218857633,
        0.013028409043417236,
        -28.446221885700652
      ],
      [
        -0.00993636091765136,
        0.026964876106080445,
        0.9995869968083307,
        0.5973657136186716
      ],
      [
        0.0,
        0.0,
        0.0,
        1.0
      ]
    ],
    "location": [
      -10.94651018075092,
      -28.446221885700652,
      0.5973657136186716
    ],
    "rotation": [
      0.02696947661076557,
      0.009936524429835416,
      -2.3942487835931057
    ]
  },
  {
    "label_id": "r6oiDLYtLOCbBdMrFxcTrA",
    "size": [
      1.0165560464968,
      0.960914637776161,
      1.8814478954579386
    ],
    "obj_class": "pedestrian",
    "point_num_in_lidar": 256,
    "speed": 1.346612120028695,
    "if_vehicle": false,
    "motion_state": true,
    "pose": [
      [
        0.683461080025557,
        -0.7295374258533962,
        -0.025614378179052124,
        -2.293853582435986
      ],
      [
        0.7299431185365035,
        0.6833837167060695,
        0.013028409043417236,
        -21.444656806641433
      ],
      [
        0.007999736964615766,
        -0.02760144960321935,
        0.9995869968083307,
        0.7267762936640452
      ],
      [
        0.0,
        0.0,
        0.0,
        1.0
      ]
    ],
    "location": [
      -2.293853582435986,
      -21.444656806641433,
      0.7267762936640452
    ],
    "rotation": [
      -0.027605839020752792,
      -0.007999822291989533,
      0.818272901014924
    ]
  },
  {
    "label_id": "s5mLUF3_xAwyqoBUrBK9kg",
    "size": [
      0.3031145664499138,
      0.06713893994905712,
      0.4300000000000068
    ],
    "obj_class": "sign",
    "point_num_in_lidar": 42,
    "speed": 0.005000192129794051,
    "if_vehicle": false,
    "motion_state": false,
    "pose": [
      [
        -0.34139822720602686,
        0.9395696643097214,
        -0.025614378179052124,
        -19.768622871994012
      ],
      [
        -0.9399122216073836,
        -0.34116751930814,
        0.013028409043417236,
        -7.882473292083887
      ],
      [
        0.003502304049445504,
        0.02852314285010218,
        0.9995869968083307,
        0.7057342700770732
      ],
      [
        0.0,
        0.0,
        0.0,
        1.0
      ]
    ],
    "location": [
      -19.768622871994012,
      -7.882473292083887,
      0.7057342700770732
    ],
    "rotation": [
      0.028527186867919004,
      -0.0035023112094399542,
      -1.9192026552082353
    ]
  }
]