[
  {
    "label_id": "-2f7OGGNIajTAje_-_DTTg",
    "size": [
      0.300942859375039,
      0.07178305451624956,
      0.45999999999997954
    ],
    "obj_class": "sign",
    "point_num_in_lidar": 47,
    "speed": 0.022072904302050805,
    "if_vehicle": false,
    "motion_state": false,
    "pose": [
      [
        0.13208918412385556,
        0.991120889723057,
        -0.015225944702057036,
        -45.36862121612285
      ],
      [
        -0.9912222778602084,
        0.13215758878274625,
        0.003573177962301959,
        -33.48886259491701
      ],
      [
        0.005553675459898824,
        0.014620317428376741,
        0.999877694024214,
        0.4607335170438773
      ],
      [
        0.0,
        0.0,
        0.0,
        1.0
      ]
    ],
    "location": [
      -45.36862121612285,
      -33.48886259491701,
      0.4607335170438773
    ],
    "rotation": [
      0.014621063835081237,
      -0.005553704009251748,
      -1.4383179346233648
    ]
  },
  {
    "label_id": "2hf_zxmh57uIBDxAHHUiSQ",
    "size": [
      1.0409512050867404,
      1.0296883973807744,
      1.8199999999999932
    ],
    "obj_class": "pedestrian",
    "point_num_in_lidar": 66,
    "speed": 1.5183527404514803,
    "if_vehicle": false,
    "motion_state": true,
    "pose": [
      [
        0.7218569114088648,
        -0.6918748225359731,
        -0.015225944702057036,
        -14.312714141713514
      ],
      [
        0.6919898983406625,
        0.7218983397915036,
        0.003573177962301959,
        -34.052295761415735
      ],
      [
        0.008519392333615096,
        -0.013115523134298509,
        0.999877694024214,
        0.5917762936636564
      ],
      [
        0.0,
        0.0,
        0.0,
        1.0
      ]
    ],
    "location": [
      -14.312714141713514,
      -34.052295761415735,
      0.5917762936636564
    ],
    "rotation": [
      -0.013116375208273664,
      -0.008519495393295365,
      0.7642766590543508
    ]
  },
  {
    "label_id": "7icJBEuPRDJAEFyjeeK9Tw",
    "size": [
      2.0299898428489476,
      4.529825083229547,
      1.5699999999999932
    ],
    "obj_class": "vehicle",
    "point_num_in_lidar": 817,
    "speed": 10.864394104049346,
    "if_vehicle": true,
    "motion_state": true,
    "pose": [
      [
        0.7024607640651658,
        -0.7115595867929216,
        -0.015225944702057036,
        -35.68400729210771
      ],
      [
        0.7116757635478824,
        0.7024989964247552,
        0.003573177962301959,
        -30.607969731878256
      ],
      [
        0.00815368183842073,
        -0.013345953143113721,
        0.999877694024214,
        0.24009884302768114
      ],
      [
        0.0,
        0.0,
        0.0,
        1.0
      ]
    ],
    "location": [
      -35.68400729210771,
      -30.607969731878256,
      0.24009884302768114
    ],
    "rotation": [
      -0.013346793057411144,
      -0.008153772187353275,
      0.7919144147457091
    ]
  },
  {
    "label_id": "8KC4pvYukwuR-iDaJSPm0A",
    "size": [
      0.8324296113856369,
      0.6691068608769164,
      1.7699999999999818
    ],
    "obj_class": "pedestrian",
    "point_num_in_lidar": 54,
    "speed": 0.049120957225589436,
    "if_vehicle": false,
    "motion_state": false,
    "pose": [
      [
        -0.9409550071443387,
        0.33818906714725055,
        -0.015225944702057036,
        -5.479918430450198
      ],
      [
        -0.33827731989544957,
        -0.9410396842023196,
        0.003573177962301959,
        -27.63444679834356
      ],
      [
        -0.013119808472283723,
        0.008512791461734006,
        0.999877694024214,
        0.6424690947030172
      ],
      [
        0.0,
        0.0,
        0.0,
        1.0
      ]
    ],
    "location": [
      -5.479918430450198,
      -27.63444679834356,
      0.6424690947030172
    ],
    "rotation": [
      0.008513627053925641,
      0.013120184885511402,
      -2.7964760184796913
    ]
  },
  {
    "label_id": "8bPM-71hYczZoq4MQzEhzA",
    "size": [
      0.8141186064456455,
      0.944239601550178,
      1.7799999999999727
    ],
    "obj_class": "pedestrian",
    "point_num_in_lidar": 45,
    "speed": 1.4565280608230757,
    "if_vehicle": false,
    "motion_state": true,
    "pose": [
      [
        -0.742848244111548,
        0.6692866776115598,
        -0.015225944702057036,
        -9.685009711087332
      ],
      [
        -0.6694004212102719,
        -0.7428932012629812,
        0.003573177962301959,
        -27.195162128424272
      ],
      [
        -0.008919770395060358,
        0.012846582772075378,
        0.999877694024214,
        0.5424690947029944
      ],
      [
        0.0,
        0.0,
        0.0,
        1.0
      ]
    ],
    "location": [
      -9.685009711087332,
      -27.195162128424272,
      0.5424690947029944
    ],
    "rotation": [
      0.012847447278157407,
      0.008919888678875809,
      -2.408155388689599
    ]
  },
  {
    "label_id": "98DtmDHk29-0tTd6qz1nGQ",
    "size": [
      0.7873837027488652,
      0.8779179917009724,
      1.6999999999999886
    ],
    "obj_class": "pedestrian",
    "point_num_in_lidar": 30,
    "speed": 1.2232308180576645,
    "if_vehicle": false,
    "motion_state": true,
    "pose": [
      [
        0.634877609417084,
        -0.7724626797902784,
        -0.015225944702057036,
        -3.128535523715982
      ],
      [
        0.7725818506919689,
        0.6349051239205917,
        0.003573177962301959,
        -26.350486220915627
      ],
      [
        0.0069068836837402605,
        -0.014031819219176879,
        0.999877694024214,
        0.6670603420352563
      ],
      [
        0.0,
        0.0,
        0.0,
        1.0
      ]
    ],
    "location": [
      -3.128535523715982,
      -26.350486220915627,
      0.6670603420352563
    ],
    "rotation": [
      -0.014032614457884063,
      -0.006906938600448805,
      0.8829266272212644
    ]
  },
  {
    "label_id": "BHzqnH_Ada8bMh2LSKcUTA",
    "size": [
      2.345174183438779,
      5.279915019783388,
      1.920000000000016
    ],
    "obj_class": "vehicle",
    "point_num_in_lidar": 2228,
    "speed": 2.5421149729252077e-12,
    "if_vehicle": true,
    "motion_state": false,
    "pose": [
      [
        0.7196536205948391,
        -0.6941662891358735,
        -0.015225944702057036,
        -41.61000433379013
      ],
      [
        0.6942814960701541,
        0.7196946829134131,
        0.003573177962301959,
        -31.682587273753597
      ],
      [
        0.008477651757890867,
        -0.013142542124425888,
        0.999877694024214,
        0.273864579249107
      ],
      [
        0.0,
        0.0,
        0.0,
        1.0
      ]
    ],
    "location": [
      -41.61000433379013,
      -31.682587273753597,
      0.273864579249107
    ],
    "rotation": [
      -0.013143392845177647,
      -0.008477753310132476,
      0.7674557546657511
    ]
  },
  {
    "label_id": "HWUxvHKq2Hhdp_xVEddyQQ",
    "size": [
      0.8678979233330859,
      0.7180122975026588,
      1.6899999999999977
    ],
    "obj_class": "pedestrian",
    "point_num_in_lidar": 28,
    "speed": 0.0,
    "if_vehicle": false,
    "motion_state": false,
    "pose": [
      [
        -0.49329026765946526,
        -0.8697315002001382,
        -0.015225944702057036,
        -5.64940991273761
      ],
      [
        0.8697999345684111,
        -0.49339163574592293,
        0.003573177962301959,
        -28.29054442515917
      ],
      [
        -0.010620059191959843,
        -0.011480911792172619,
        0.999877694024214,
        0.6274690947030876
      ],
      [
        0.0,
        0.0,
        0.0,
        1.0
      ]
    ],
    "location": [
      -5.64940991273761,
      -28.29054442515917,
      0.6274690947030876
    ],
    "rotation": [
      -0.0114818115647301,
      0.010620258833818525,
      2.086696528143031
    ]
  },
  {
    "label_id": "NYhYuBiTZ9sOaLNV97xSOQ",
    "size": [
      0.8931604761289043,
      1.050725141645671,
      1.8799999999999955
    ],
    "obj_class": "pedestrian",
    "point_num_in_lidar": 82,
    "speed": 1.5609518768877113,
    "if_vehicle": false,
    "motion_state": true,
    "pose": [
      [
        -0.7471834976089468,
        0.6644433696778009,
        -0.015225944702057036,
        -13.921802246801235
      ],
      [
        -0.6645568186120805,
        -0.7472291932435724,
        0.003573177962301959,
        -32.082147110231745
      ],
      [
        -0.009003095970358952,
        0.01278832497901447,
        0.999877694024214,
        0.5439405286450665
      ],
      [
        0.0,
        0.0,
        0.0,
        1.0
      ]
    ],
    "location": [
      -13.921802246801235,
      -32.082147110231745,
      0.5439405286450665
    ],
    "rotation": [
      0.012789191931909968,
      0.0090032176002254,
      -2.414656038733684
    ]
  },
  {
    "label_id": "NlJU_WMYvN_N99IuqlZ53g",
    "size": [
      2.1654689213706337,
      4.5128286428445925,
      1.6100000000000136
    ],
    "obj_class": "vehicle",
    "point_num_in_lidar": 1763,
    "speed": 0.04590909857269846,
    "if_vehicle": true,
    "motion_state": false,
    "pose": [
      [
        0.6996541559005234,
        -0.7143194192649784,
        -0.015225944702057036,
        -31.03757600258541
      ],
      [
        0.7144357456273579,
        0.6996919306159897,
        0.003573177962301959,
        -45.21333004745975
      ],
      [
        0.008101080237072632,
        -0.013377947967191767,
        0.999877694024214,
        0.10253316137965385
      ],
      [
        0.0,
        0.0,
        0.0,
        1.0
      ]
    ],
    "location": [
      -31.03757600258541,
      -45.21333004745975,
      0.10253316137965385
    ],
    "rotation": [
      -0.013378786081636142,
      -0.00810116884863147,
      0.7958508590620788
    ]
  },
  {
    "label_id": "RhiI1MsdwLatM0myIPZIDA",
    "size": [
      0.7343155073087243,
      0.5408710243392004,
      2.10489804689621
    ],
    "obj_class": "pedestrian",
    "point_num_in_lidar": 59,
    "speed": 1.1368683772161603e-12,
    "if_vehicle": false,
    "motion_state": false,
    "pose": [
      [
        -0.7101675925785673,
        -0.7038679997407837,
        -0.015225944702057036,
        -11.909996317168407
      ],
      [
        0.703906462010391,
        -0.7102836934206385,
        0.003573177962301959,
        -27.83950463803194
      ],
      [
        -0.013329785863838803,
        -0.008180085674648051,
        0.999877694024214,
        0.6100200712550077
      ],
      [
        0.0,
        0.0,
        0.0,
        1.0
      ]
    ],
    "location": [
      -11.909996317168407,
      -27.83950463803194,
      0.6100200712550077
    ],
    "rotation": [
      -0.008180903757211389,
      0.013330180641886721,
      2.360622185921845
    ]
  },
  {
    "label_id": "RokbWhTb7JlqZPd02C711g",
    "size": [
      0.44174254455306683,
      0.07569375056485403,
      0.4800000000000182
    ],
    "obj_class": "sign",
    "point_num_in_lidar": 26,
    "speed": 0.025092414695405883,
    "if_vehicle": false,
    "motion_state": false,
    "pose": [
      [
        -0.5430350947950112,
        0.8395719483337346,
        -0.015225944702057036,
        -40.29780584271066
      ],
      [
        -0.8396934731245486,
        -0.5430488961330119,
        0.003573177962301959,
        -27.79678901322768
      ],
      [
        -0.005268492479481335,
        0.01472548742195068,
        0.999877694024214,
        2.3887573991298723
      ],
      [
        0.0,
        0.0,
        0.0,
        1.0
      ]
    ],
    "location": [
      -40.29780584271066,
      -27.79678901322768,
      2.3887573991298723
    ],
    "rotation": [
      0.014726224047141686,
      0.005268516852721487,
      -2.144852660859211
    ]
  },
  {
    "label_id": "S1RXYsXUlvS5ADN46Sae3g",
    "size": [
      0.7987911559461204,
      0.9247217205798178,
      1.7099999999999795
    ],
    "obj_class": "pedestrian",
    "point_num_in_lidar": 55,
    "speed": 1.4613962664354803,
    "if_vehicle": false,
    "motion_state": true,
    "pose": [
      [
        -0.7514320876570411,
        0.6596347385086013,
        -0.015225944702057036,
        -9.087539911324711
      ],
      [
        -0.6597478918612273,
        -0.751478510393954,
        0.003573177962301959,
        -27.740306826606684
      ],
      [
        -0.009084977933234786,
        0.012730285494560444,
        0.999877694024214,
        0.5234663672741817
      ],
      [
        0.0,
        0.0,
        0.0,
        1.0
      ]
    ],
    "location": [
      -9.087539911324711,
      -27.740306826606684,
      0.5234663672741817
    ],
    "rotation": [
      0.012731154798777504,
      0.009085102912080943,
      -2.421073187867143
    ]
  },
  {
    "label_id": "X0kquEodguiU6bxqX_xtSw",
    "size": [
      2.541617559524272,
      5.926376027608194,
      2.8000000000000114
    ],
    "obj_class": "vehicle",
    "point_num_in_lidar": 1132,
    "speed": 0.0034791309086864663,
    "if_vehicle": true,
    "motion_state": false,
    "pose": [
      [
        0.7181559115677341,
        -0.6957156439870005,
        -0.015225944702057036,
        -32.94531266938793
      ],
      [
        0.6958309391494965,
        0.7181967255018498,
        0.003573177962301959,
        -23.266213140595937
      ],
      [
        0.008449307820566535,
        -0.013160782278181349,
        0.999877694024214,
        0.7634418194137425
      ],
      [
        0.0,
        0.0,
        0.0,
        1.0
      ]
    ],
    "location": [
      -32.94531266938793,
      -23.266213140595937,
      0.7634418194137425
    ],
    "rotation": [
      -0.013161632074542918,
      -0.008449408357607593,
      0.7696108046874192
    ]
  },
  {
    "label_id": "Z5QKATZnhdyAEhR8O_ebsQ",
    "size": [
      2.2367212919985753,
      5.270744933136602,
      1.9800000000000182
    ],
    "obj_class": "vehicle",
    "point_num_in_lidar": 8495,
    "speed": 11.476811832792528,
    "if_vehicle": true,
    "motion_state": true,
    "pose": [
      [
        0.7041198773118006,
        -0.7099178607292147,
        -0.015225944702057036,
        -47.39957821255666
      ],
      [
        0.7100339479200377,
        0.7041583807641111,
        0.003573177962301959,
        -42.069202580496494
      ],
      [
        0.008184813712002198,
        -0.013326883256043023,
        0.999877694024214,
        0.35744693610007516
      ],
      [
        0.0,
        0.0,
        0.0,
        1.0
      ]
    ],
    "location": [
      -47.39957821255666,
      -42.069202580496494,
      0.35744693610007516
    ],
    "rotation": [
      -0.01332772423010694,
      -0.00818490509980584,
      0.7895801951006824
    ]
  },
  {
    "label_id": "_md0d61Qn6UYicamaGvcYg",
    "size": [
      2.1660745734723856,
      4.745512814368736,
      1.8500000000000227
    ],
    "obj_class": "vehicle",
    "point_num_in_lidar": 32,
    "speed": 1.1368683772161603e-12,
    "if_vehicle": true,
    "motion_state": false,
    "pose": [
      [
        0.7114140853253332,
        -0.7026081196575011,
        -0.015225944702057036,
        10.642055017553503
      ],
      [
        0.7027238030083481,
        0.7114537856282261,
        0.003573177962301959,
        -3.9000983175137662
      ],
      [
        0.008322012148749912,
        -0.013241642897180017,
        0.999877694024214,
        0.8214480659939909
      ],
      [
        0.0,
        0.0,
        0.0,
        1.0
      ]
    ],
    "location": [
      10.642055017553503,
      -3.9000983175137662,
      0.8214480659939909
    ],
    "rotation": [
      -0.013242488489986375,
      -0.008322108209798092,
      0.7792529543649319
    ]
  },
  {
    "label_id": "aO6S2DOwu2JmbOKPLq_mzw",
    "size": [
      2.17198165785691,
      4.723586185109283,
      1.8000000000000114
    ],
    "obj_class": "vehicle",
    "point_num_in_lidar": 222,
    "speed": 3.410605131648481e-12,
    "if_vehicle": true,
    "motion_state": false,
    "pose": [
      [
        0.6877253585511287,
        -0.7258112714842967,
        -0.015225944702057036,
        -8.839716672908253
      ],
      [
        0.7259282076286161,
        0.6877612011216935,
        0.003573177962301959,
        -23.19451176932489
      ],
      [
        0.007878361176441178,
        -0.013510307842307792,
        0.999877694024214,
        0.49753316137974934
      ],
      [
        0.0,
        0.0,
        0.0,
        1.0
      ]
    ],
    "location": [
      -8.839716672908253,
      -23.19451176932489,
      0.49753316137974934
    ],
    "rotation": [
      -0.01351113821915937,
      -0.007878442678492652,
      0.8124157822306334
    ]
  },
  {
    "label_id": "bwZF2LJcA65WTqFDeppzlQ",
    "size": [
      0.9479353233432531,
      1.1505975368798351,
      2.0407139576173563
    ],
    "obj_class": "pedestrian",
    "point_num_in_lidar": 357,
    "speed": 1.503493423124531,
    "if_vehicle": false,
    "motion_state": true,
    "pose": [
      [
        -0.6844807023461883,
        0.7288719631894196,
        -0.015225944702057036,
        -32.50349662579174
      ],
      [
        -0.7289890580623952,
        -0.684516022912942,
        0.003573177962301959,
        -49.78910280527634
      ],
      [
        -0.007818013876336263,
        0.013545318447707042,
        0.999877694024214,
        0.3475740226795665
      ],
      [
        0.0,
        0.0,
        0.0,
        1.0
      ]
    ],
    "location": [
      -32.50349662579174,
      -49.78910280527634,
      0.3475740226795665
    ],
    "rotation": [
      0.013546146698905356,
      0.007818093519775485,
      -2.324716169885033
    ]
  },
  {
    "label_id": "eUEuH1gDX0R423tN5afxWg",
    "size": [
      2.045644229210557,
      4.613331169730791,
      1.8600000000000136
    ],
    "obj_class": "vehicle",
    "point_num_in_lidar": 2668,
    "speed": 2.3437142008433857e-12,
    "if_vehicle": true,
    "motion_state": false,
    "pose": [
      [
        0.7016468138521905,
        -0.7123622106898985,
        -0.015225944702057036,
        -46.0912439994172
      ],
      [
        0.7124784310781163,
        0.7016849133676136,
        0.003573177962301959,
        -36.26356389652938
      ],
      [
        0.008138418736789119,
        -0.013355266125579785,
        0.999877694024214,
        0.13732941417799793
      ],
      [
        0.0,
        0.0,
        0.0,
        1.0
      ]
    ],
    "location": [
      -46.0912439994172,
      -36.26356389652938,
      0.13732941417799793
    ],
    "rotation": [
      -0.01335610551880205,
      -0.00813850857928083,
      0.7930576019404181
    ]
  },
  {
    "label_id": "ej3ztPVfgmjRdVBS07uFPA",
    "size": [
      2.898488435858719,
      7.210999804175714,
      3.1999999999999886
    ],
    "obj_class": "vehicle",
    "point_num_in_lidar": 456,
    "speed": 1.1368683772161603e-12,
    "if_vehicle": true,
    "motion_state": false,
    "pose": [
      [
        0.7452005696516519,
        -0.6666665445324097,
        -0.015225944702057036,
        -0.2911335637400043
      ],
      [
        0.6667801291066241,
        0.7452459270789766,
        0.003573177962301959,
        -13.879858972577495
      ],
      [
        0.008964955070010524,
        -0.012815091627182057,
        0.999877694024214,
        1.3075331613798653
      ],
      [
        0.0,
        0.0,
        0.0,
        1.0
      ]
    ],
    "location": [
      -0.2911335637400043,
      -13.879858972577495,
      1.3075331613798653
    ],
    "rotation": [
      -0.012815957466688432,
      -0.008965075160553676,
      0.7299158489325237
    ]
  },
  {
    "label_id": "gqShE5LrMsdlqXDBBs3iLg",
    "size": [
      0.7963243405631842,
      0.9480439784045782,
      1.8400000000000318
    ],
    "obj_class": "pedestrian",
    "point_num_in_lidar": 76,
    "speed": 1.50764876770536,
    "if_vehicle": false,
    "motion_state": true,
    "pose": [
      [
        -0.7115193812354972,
        0.7025014880654596,
        -0.015225944702057036,
        -16.832761093952286
      ],
      [
        -0.7026171654648957,
        -0.7115590988760702,
        0.003573177962301959,
        -34.51869228196301
      ],
      [
        -0.008323996656092746,
        0.013240395480865965,
        0.999877694024214,
        0.46716371967175974
      ],
      [
        0.0,
        0.0,
        0.0,
        1.0
      ]
    ],
    "location": [
      -16.832761093952286,
      -34.51869228196301,
      0.46716371967175974
    ],
    "rotation": [
      0.013241241139831848,
      0.008324092785880293,
      -2.3624895669999915
    ]
  },
  {
    "label_id": "i4oe-rC5aor3jYr4SZ0cCA",
    "size": [
      0.9769409523992781,
      0.9481444559645329,
      1.6999999999999886
    ],
    "obj_class": "pedestrian",
    "point_num_in_lidar": 26,
    "speed": 1.1314159336928293,
    "if_vehicle": false,
    "motion_state": true,
    "pose": [
      [
        0.6625132958021944,
        -0.7488953888850192,
        -0.015225944702057036,
        -0.6139813542140473
      ],
      [
        0.749013481886404,
        0.6625451202383541,
        0.003573177962301959,
        -20.063949290750315
      ],
      [
        0.007411938863733403,
        -0.013771715764590027,
        0.999877694024214,
        0.6670603420351995
      ],
      [
        0.0,
        0.0,
        0.0,
        1.0
      ]
    ],
    "location": [
      -0.6139813542140473,
      -20.063949290750315,
      0.6670603420351995
    ],
    "rotation": [
      -0.013772529464763953,
      -0.007412006730158272,
      0.8466029169571304
    ]
  },
  {
    "label_id": "j-cWwH8EWwAQoJ4JIFLZLQ",
    "size": [
      0.8325640802631945,
      1.057976079421576,
      2.2889746724247857
    ],
    "obj_class": "pedestrian",
    "point_num_in_lidar": 31,
    "speed": 1.3714392624280367,
    "if_vehicle": false,
    "motion_state": true,
    "pose": [
      [
        -0.7303547984579013,
        0.6828982640023682,
        -0.015225944702057036,
        -5.752905272340286
      ],
      [
        -0.6830128188705625,
        -0.7303976462569808,
        0.003573177962301959,
        -24.269061159233388
      ],
      [
        -0.008680877144993878,
        0.013009203081430545,
        0.999877694024214,
        0.718051749576432
      ],
      [
        0.0,
        0.0,
        0.0,
        1.0
      ]
    ],
    "location": [
      -5.752905272340286,
      -24.269061159233388,
      0.718051749576432
    ],
    "rotation": [
      0.013010060294792654,
      0.008680986177076409,
      -2.389677842602776
    ]
  },
  {
    "label_id": "jzfnKJYpY0Uvm7AA9TAtdQ",
    "size": [
      0.7686887591274836,
      0.8285929213870986,
      1.6899999999999977
    ],
    "obj_class": "pedestrian",
    "point_num_in_lidar": 82,
    "speed": 0.7140222506185863,
    "if_vehicle": false,
    "motion_state": false,
    "pose": [
      [
        0.8822600117973548,
        -0.4705161444533665,
        -0.015225944702057036,
        -47.25089019868028
      ],
      [
        0.470615699433516,
        0.8823310579629123,
        0.003573177962301959,
        -32.41763136474037
      ],
      [
        0.01175308597918273,
        -0.010318040646669182,
        0.999877694024214,
        0.30747740579801075
      ],
      [
        0.0,
        0.0,
        0.0,
        1.0
      ]
    ],
    "location": [
      -47.25089019868028,
      -32.41763136474037,
      0.30747740579801075
    ],
    "rotation": [
      -0.010318936488461149,
      -0.0117533565814847,
      0.49002529548510876
    ]
  },
  {
    "label_id": "la6mIbsiU-_4PjDPXVc2eQ",
    "size": [
      2.0677616828690963,
      4.724597843100884,
      1.509999999999991
    ],
    "obj_class": "vehicle",
    "point_num_in_lidar": 88,
    "speed": 0.00209802096126803,
    "if_vehicle": true,
    "motion_state": false,
    "pose": [
      [
        0.6922724942261856,
        -0.7214755466027838,
        -0.015225944702057036,
        -22.99126661646369
      ],
      [
        0.7215922552179164,
        0.6923090708699194,
        0.003573177962301959,
        -13.234531947367941
      ],
      [
        0.007963099106337052,
        -0.013460536595657439,
        0.999877694024214,
        0.26114863133858535
      ],
      [
        0.0,
        0.0,
        0.0,
        1.0
      ]
    ],
    "location": [
      -22.99126661646369,
      -13.234531947367941,
      0.26114863133858535
    ],
    "rotation": [
      -0.01346136993735924,
      -0.007963183266681648,
      0.806132508201995
    ]
  },
  {
    "label_id": "naDJ-x7myR3LWnjB3v-3Ig",
    "size": [
      1.977517518987999,
      4.74639619775544,
      1.5199999999999818
    ],
    "obj_class": "vehicle",
    "point_num_in_lidar": 650,
    "speed": 1.1368683772161603e-12,
    "if_vehicle": true,
    "motion_state": false,
    "pose": [
      [
        0.6808204790684277,
        -0.7322920495874352,
        -0.015225944702057036,
        -37.46148487443497
      ],
      [
        0.7324093199461557,
        0.6808552125490849,
        0.003573177962301959,
        -27.839169635197322
      ],
      [
        0.007750054002824899,
        -0.013584316536862533,
        0.999877694024214,
        0.09593463511913569
      ],
      [
        0.0,
        0.0,
        0.0,
        1.0
      ]
    ],
    "location": [
      -37.46148487443497,
      -27.839169635197322,
      0.09593463511913569
    ],
    "rotation": [
      -0.013585142381210988,
      -0.007750131587272859,
      0.8218861741829849
    ]
  },
  {
    "label_id": "oZJhcB1wAq2Kn4BM-9cvFw",
    "size": [
      0.7875251173384235,
      0.9658210290236487,
      2.44029251096174
    ],
    "obj_class": "pedestrian",
    "point_num_in_lidar": 46,
    "speed": 1.4999172949419932,
    "if_vehicle": false,
    "motion_state": true,
    "pose": [
      [
        -0.7140511628158672,
        0.6999279302108452,
        -0.015225944702057036,
        -6.387111126965465
      ],
      [
        -0.7000434634536157,
        -0.7140912978570149,
        0.003573177962301959,
        -23.964854932295566
      ],
      [
        -0.008371747557962033,
        0.013210254942510982,
        0.999877694024214,
        0.6778495494573349
      ],
      [
        0.0,
        0.0,
        0.0,
        1.0
      ]
    ],
    "location": [
      -6.387111126965465,
      -23.964854932295566,
      0.6778495494573349
    ],
    "rotation": [
      0.013211102187530847,
      0.008371845351648885,
      -2.3660999385008714
    ]
  },
  {
    "label_id": "r6oiDLYtLOCbBdMrFxcTrA",
    "size": [
      1.0165560464983903,
      0.960914637776161,
      1.8814478954579386
    ],
    "obj_class": "pedestrian",
    "point_num_in_lidar": 23,
    "speed": 1.4336525187553029,
    "if_vehicle": false,
    "motion_state": true,
    "pose": [
      [
        0.6619867775451501,
        -0.7493608456300062,
        -0.015225944702057036,
        -6.456989472058922
      ],
      [
        0.7494789609697515,
        0.662018518972809,
        0.003573177962301959,
        -26.04535387186479
      ],
      [
        0.007402257702200587,
        -0.01377692177994022,
        0.999877694024214,
        0.7267762936636473
      ],
      [
        0.0,
        0.0,
        0.0,
        1.0
      ]
    ],
    "location": [
      -6.456989472058922,
      -26.04535387186479,
      0.7267762936636473
    ],
    "rotation": [
      -0.01377773512899682,
      -0.007402325303035518,
      0.8473057109284837
    ]
  },
  {
    "label_id": "sbIlgMruTdmIvjl7qLOaug",
    "size": [
      2.098058886449245,
      4.404337211056571,
      1.8700000000000045
    ],
    "obj_class": "vehicle",
    "point_num_in_lidar": 1913,
    "speed": 2.3437142008433857e-12,
    "if_vehicle": true,
    "motion_state": false,
    "pose": [
      [
        0.7207258513464119,
        -0.6930529689777829,
        -0.015225944702057036,
        -50.987789493101445
      ],
      [
        0.6931681122974135,
        0.7207670917108315,
        0.003573177962301959,
        -41.22600537262042
      ],
      [
        0.008497958285992235,
        -0.013129421075961994,
        0.999877694024214,
        0.1720342177735006
      ],
      [
        0.0,
        0.0,
        0.0,
        1.0
      ]
    ],
    "location": [
      -50.987789493101445,
      -41.22600537262042,
      0.1720342177735006
    ],
    "rotation": [
      -0.013130272456264658,
      -0.008498060569743636,
      0.7659099620532513
    ]
  },
  {
    "label_id": "u79uIuM0rLMrabgETf5Leg",
    "size": [
      0.8598185322112852,
      0.8124183169350212,
      1.738961588206962
    ],
    "obj_class": "pedestrian",
    "point_num_in_lidar": 85,
    "speed": 1.3273877238559308,
    "if_vehicle": false,
    "motion_state": true,
    "pose": [
      [
        -0.7517872004727701,
        0.6592299870403688,
        -0.015225944702057036,
        -54.292975640990335
      ],
      [
        -0.6593431153773481,
        -0.7518336841374843,
        0.003573177962301959,
        -40.9128368803722
      ],
      [
        -0.0090918320380399,
        0.012725391271487502,
        0.999877694024214,
        0.16288223952318504
      ],
      [
        0.0,
        0.0,
        0.0,
        1.0
      ]
    ],
    "location": [
      -54.292975640990335,
      -40.9128368803722,
      0.16288223952318504
    ],
    "rotation": [
      0.01272626077005482,
      0.00909195729997507,
      -2.4216116793419515
    ]
  },
  {
    "label_id": "vHKayxu8Wkg9ZZhh3eJoTg",
    "size": [
      2.1829658191447483,
      5.095283897580382,
      1.5300000000000296
    ],
    "obj_class": "vehicle",
    "point_num_in_lidar": 21,
    "speed": 0.0026162055215318255,
    "if_vehicle": true,
    "motion_state": false,
    "pose": [
      [
        0.7348419052216314,
        -0.678067507655523,
        -0.015225944702057036,
        -28.08930067737674
      ],
      [
        0.6781817774977903,
        0.7348855074562209,
        0.003573177962301959,
        -18.367686113553646
      ],
      [
        0.008766470223563813,
        -0.01295167914363802,
        0.999877694024214,
        0.1703986838923015
      ],
      [
        0.0,
        0.0,
        0.0,
        1.0
      ]
    ],
    "location": [
      -28.08930067737674,
      -18.367686113553646,
      0.1703986838923015
    ],
    "rotation": [
      -0.012952539014872184,
      -0.00876658251278127,
      0.7453211357178211
    ]
  },
  {
    "label_id": "vTZiHrh_Bzrfl4NGjvU2BA",
    "size": [
      0.8917155356472847,
      0.92299471695208,
      2.0088708286700125
    ],
    "obj_class": "pedestrian",
    "point_num_in_lidar": 91,
    "speed": 1.3239262904133802,
    "if_vehicle": false,
    "motion_state": true,
    "pose": [
      [
        -0.7266280881173235,
        0.6868622803494839,
        -0.015225944702057036,
        -54.86252332653385
      ],
      [
        -0.6869770666722352,
        -0.7266703119473514,
        0.003573177962301959,
        -40.185475598453195
      ],
      [
        -0.008609960823055663,
        0.01305624629998323,
        0.999877694024214,
        0.19434005071786942
      ],
      [
        0.0,
        0.0,
        0.0,
        1.0
      ]
    ],
    "location": [
      -54.86252332653385,
      -40.185475598453195,
      0.19434005071786942
    ],
    "rotation": [
      0.013057101275751803,
      0.008610067204715875,
      -2.384236710722652
    ]
  },
  {
    "label_id": "xDm7BiIYwCesl8cTVs76OA",
    "size": [
      0.7314666989690949,
      1.0616612690474252,
      1.8199999999999932
    ],
    "obj_class": "pedestrian",
    "point_num_in_lidar": 78,
    "speed": 1.633758936404642,
    "if_vehicle": false,
    "motion_state": true,
    "pose": [
      [
        -0.7383461002192887,
        0.6742501070811172,
        -0.015225944702057036,
        -17.39784910098024
      ],
      [
        -0.6743641494216548,
        -0.7383902940681559,
        0.003573177962301959,
        -34.119283381260175
      ],
      [
        -0.008833474162315391,
        0.012906073261999,
        0.999877694024214,
        0.47308439330669216
      ],
      [
        0.0,
        0.0,
        0.0,
        1.0
      ]
    ],
    "location": [
      -17.39784910098024,
      -34.119283381260175,
      0.47308439330669216
    ],
    "rotation": [
      0.012906935179499328,
      0.00883358904607219,
      -2.4014537766642747
    ]
  },
  {
    "label_id": "y9KK37JslDX9HDSLE-uyFw",
    "size": [
      0.9407655983690699,
      0.957469555133672,
      1.740000000000009
    ],
    "obj_class": "pedestrian",
    "point_num_in_lidar": 218,
    "speed": 0.9962910906448176,
    "if_vehicle": false,
    "motion_state": false,
    "pose": [
      [
        -0.7310722539274522,
        0.6821301416484722,
        -0.015225944702057036,
        -47.29832144818283
      ],
      [
        -0.6822446514119976,
        -0.7311152221223214,
        0.003573177962301959,
        -33.589202005197876
      ],
      [
        -0.008694547553306379,
        0.013000070602257248,
        0.999877694024214,
        0.3324774057981017
      ],
      [
        0.0,
        0.0,
        0.0,
        1.0
      ]
    ],
    "location": [
      -47.29832144818283,
      -33.589202005197876,
      0.3324774057981017
    ],
    "rotation": [
      0.013000928243321705,
      0.008694657101314453,
      -2.3907289882050633
    ]
  },
  {
    "label_id": "yAi9EdjxdO5EBdbEyyh1Rg",
    "size": [
      0.9483481989350405,
      1.0108570723308503,
      1.8700000000000045
    ],
    "obj_class": "pedestrian",
    "point_num_in_lidar": 303,
    "speed": 1.6325664798144994,
    "if_vehicle": false,
    "motion_state": true,
    "pose": [
      [
        0.7163865215551297,
        -0.6975374702064913,
        -0.015225944702057036,
        -35.18430806799006
      ],
      [
        0.6976528686618836,
        0.7164270425152127,
        0.003573177962301959,
        -54.38343980022182
      ],
      [
        0.0084158530159732,
        -0.013182200530788247,
        0.999877694024214,
        0.3052068523264211
      ],
      [
        0.0,
        0.0,
        0.0,
        1.0
      ]
    ],
    "location": [
      -35.18430806799006,
      -54.38343980022182,
      0.3052068523264211
    ],
    "rotation": [
      -0.013183049230517125,
      -0.008415952363490235,
      0.7721506137842622
    ]
  }
]