[
  {
    "label_id": "2DMf5SM1QFoIz358FjVTgA",
    "size": [
      2.0394920897565565,
      4.6432134001663945,
      1.7699999999999818
    ],
    "obj_class": "vehicle",
    "point_num_in_lidar": 827,
    "speed": 0.031063123200281893,
    "if_vehicle": true,
    "motion_state": false,
    "pose": [
      [
        0.6976922423705448,
        -0.7161314603911211,
        -0.019526043481490358,
        15.326466831189464
      ],
      [
        0.7163677603675269,
        0.6976527887605253,
        0.009890310443833981,
        0.8294800303046941
      ],
      [
        0.006539636226456636,
        -0.020888220908973545,
        0.9997604289955087,
        0.7491418054385122
      ],
      [
        0.0,
        0.0,
        0.0,
        1.0
      ]
    ],
    "location": [
      15.326466831189464,
      0.8294800303046941,
      0.7491418054385122
    ],
    "rotation": [
      -0.02089018696439235,
      -0.00653968284061858,
      0.7986044150744925
    ]
  },
  {
    "label_id": "2mgIVDg2Dam4gckam7FU0w",
    "size": [
      0.8531989066212319,
      0.9873727070641302,
      2.03407124607196
    ],
    "obj_class": "pedestrian",
    "point_num_in_lidar": 28,
    "speed": 1.4991599701573388,
    "if_vehicle": false,
    "motion_state": true,
    "pose": [
      [
        -0.8047084181861804,
        0.5933490501604047,
        -0.019526043481490358,
        46.11585435739107
      ],
      [
        -0.59358862050215,
        -0.8047078546712958,
        0.009890310443833981,
        26.568940225268307
      ],
      [
        -0.009844354252568119,
        0.019549253286670763,
        0.9997604289955087,
        1.0689004397474946
      ],
      [
        0.0,
        0.0,
        0.0,
        1.0
      ]
    ],
    "location": [
      46.11585435739107,
      26.568940225268307,
      1.0689004397474946
    ],
    "rotation": [
      0.01955144622314054,
      0.009844513264381589,
      -2.506046168647534
    ]
  },
  {
    "label_id": "3JZ-dCSx2Rm0NEooV33HhA",
    "size": [
      0.8770365946334876,
      0.08206485123166174,
      0.8600000000000136
    ],
    "obj_class": "sign",
    "point_num_in_lidar": 32,
    "speed": 0.011602404667120121,
    "if_vehicle": false,
    "motion_state": false,
    "pose": [
      [
        -0.686035401864202,
        0.7273060985685338,
        -0.019526043481490358,
        32.81991573355117
      ],
      [
        -0.7275417305316455,
        -0.6859921370499398,
        0.009890310443833981,
        15.682949124879087
      ],
      [
        -0.006201429193461097,
        0.020991114564857007,
        0.9997604289955087,
        3.4866370591449822
      ],
      [
        0.0,
        0.0,
        0.0,
        1.0
      ]
    ],
    "location": [
      32.81991573355117,
      15.682949124879087,
      3.4866370591449822
    ],
    "rotation": [
      0.02099306014803584,
      0.006201468942957768,
      -2.3268403039440404
    ]
  },
  {
    "label_id": "7MCYCI--ejKq5cnX6uzv4w",
    "size": [
      1.8763442153616292,
      0.42982286338272424,
      1.7099999999999795
    ],
    "obj_class": "sign",
    "point_num_in_lidar": 763,
    "speed": 2.5421149729252077e-12,
    "if_vehicle": false,
    "motion_state": false,
    "pose": [
      [
        -0.7094772105093224,
        -0.7044578208763599,
        -0.019526043481490358,
        -20.450938575642795
      ],
      [
        0.7044206118328974,
        -0.7097138743073094,
        0.009890310443833981,
        6.771670869253285
      ],
      [
        -0.020825210512195495,
        -0.006737597631144641,
        0.9997604289955087,
        1.0483255251186279
      ],
      [
        0.0,
        0.0,
        0.0,
        1.0
      ]
    ],
    "location": [
      -20.450938575642795,
      6.771670869253285,
      1.0483255251186279
    ],
    "rotation": [
      -0.0067391101288604765,
      0.02082671608485917,
      2.3597708286223265
    ]
  },
  {
    "label_id": "7icJBEuPRDJAEFyjeeK9Tw",
    "size": [
      2.029989842846294,
      4.529825083229547,
      1.5699999999999932
    ],
    "obj_class": "vehicle",
    "point_num_in_lidar": 328,
    "speed": 9.144136046150575,
    "if_vehicle": true,
    "motion_state": true,
    "pose": [
      [
        0.7609325670339044,
        -0.6485370938143412,
        -0.019526043481490358,
        10.751247492789844
      ],
      [
        0.6487760298720164,
        0.7609151364132726,
        0.009890310443833981,
        14.655144697564538
      ],
      [
        0.008443428847164007,
        -0.020193888283818504,
        0.9997604289955087,
        0.800098843028195
      ],
      [
        0.0,
        0.0,
        0.0,
        1.0
      ]
    ],
    "location": [
      10.751247492789844,
      14.655144697564538,
      0.800098843028195
    ],
    "rotation": [
      -0.020195981035390106,
      -0.00844352917448751,
      0.7060053094284869
    ]
  },
  {
    "label_id": "C6e5B3f0p8EXgkDqcFxO5w",
    "size": [
      2.1822347770795467,
      4.834819894509566,
      1.9800000000000182
    ],
    "obj_class": "vehicle",
    "point_num_in_lidar": 67,
    "speed": 0.0014919600741307702,
    "if_vehicle": true,
    "motion_state": false,
    "pose": [
      [
        -0.6851470010470535,
        -0.7281430632658583,
        -0.019526043481490358,
        48.57796368715208
      ],
      [
        0.7281139120004909,
        -0.6853847918583152,
        0.009890310443833981,
        22.824285554743255
      ],
      [
        -0.020584414190601266,
        -0.007440867365182422,
        0.9997604289955087,
        1.2217930754183044
      ],
      [
        0.0,
        0.0,
        0.0,
        1.0
      ]
    ],
    "location": [
      48.57796368715208,
      22.824285554743255,
      1.2217930754183044
    ],
    "rotation": [
      -0.007442512989294136,
      0.02058586813268376,
      2.325801178196559
    ]
  },
  {
    "label_id": "CZUwabcB3mvH43N9J3yGWQ",
    "size": [
      2.372938899733491,
      4.773708939237198,
      1.6999999999999886
    ],
    "obj_class": "vehicle",
    "point_num_in_lidar": 39,
    "speed": 6.504922030906525,
    "if_vehicle": true,
    "motion_state": true,
    "pose": [
      [
        0.7030327460166542,
        -0.7108893666768702,
        -0.019526043481490358,
        45.38856253983613
      ],
      [
        0.7111259553336913,
        0.7029950621519825,
        0.009890310443833981,
        36.358342831619666
      ],
      [
        0.006695795623197851,
        -0.020838688434947822,
        0.9997604289955087,
        1.1842689971238087
      ],
      [
        0.0,
        0.0,
        0.0,
        1.0
      ]
    ],
    "location": [
      45.38856253983613,
      36.358342831619666,
      1.1842689971238087
    ],
    "rotation": [
      -0.020840664187780397,
      -0.006695845657065933,
      0.7911210861169932
    ]
  },
  {
    "label_id": "Fe-uZ9qlinJ4Guviu-__IQ",
    "size": [
      0.6950761202703696,
      1.001424989274805,
      1.910000000000025
    ],
    "obj_class": "pedestrian",
    "point_num_in_lidar": 48,
    "speed": 1.2578670832154202,
    "if_vehicle": false,
    "motion_state": true,
    "pose": [
      [
        0.9837944876128112,
        0.17823338567340696,
        -0.019526043481490358,
        14.08094328199877
      ],
      [
        -0.17806858864189712,
        0.9839683732206069,
        0.009890310443833981,
        30.266348833691154
      ],
      [
        0.02097579275568249,
        -0.006253057890913984,
        0.9997604289955087,
        1.1210129839881802
      ],
      [
        0.0,
        0.0,
        0.0,
        1.0
      ]
    ],
    "location": [
      14.08094328199877,
      30.266348833691154,
      1.1210129839881802
    ],
    "rotation": [
      -0.006254474744845348,
      -0.020977331228761636,
      -0.17906314410257562
    ]
  },
  {
    "label_id": "G6Mgy_kvMQsfCAyCXrx1BQ",
    "size": [
      0.8620947521879978,
      1.1094360817910744,
      2.019999999999982
    ],
    "obj_class": "pedestrian",
    "point_num_in_lidar": 36,
    "speed": 1.6769424806385662,
    "if_vehicle": false,
    "motion_state": true,
    "pose": [
      [
        0.35745567782112025,
        -0.933725961949973,
        -0.019526043481490358,
        41.772112063332315
      ],
      [
        0.9339273747385533,
        0.35732595829757285,
        0.009890310443833981,
        18.412729305928224
      ],
      [
        -0.0022576774343691323,
        -0.021771254151261108,
        0.9997604289955087,
        1.1553857669192098
      ],
      [
        0.0,
        0.0,
        0.0,
        1.0
      ]
    ],
    "location": [
      41.772112063332315,
      18.412729305928224,
      1.1553857669192098
    ],
    "rotation": [
      -0.02177302990053072,
      0.0022576793523109238,
      1.2052532006736745
    ]
  },
  {
    "label_id": "GiPscZnqoFfFvj5jXUIwjA",
    "size": [
      2.0663953814856972,
      4.663853484354714,
      1.829999999999984
    ],
    "obj_class": "vehicle",
    "point_num_in_lidar": 31,
    "speed": 1.1368683772161603e-12,
    "if_vehicle": true,
    "motion_state": false,
    "pose": [
      [
        -0.7341434269750267,
        -0.6787136084206082,
        -0.019526043481490358,
        43.2327070589854
      ],
      [
        0.6786679848272883,
        -0.7343786136113936,
        0.009890310443833981,
        13.903139488320448
      ],
      [
        -0.021052197030987263,
        -0.0059907941781498905,
        0.9997604289955087,
        0.834780072654496
      ],
      [
        0.0,
        0.0,
        0.0,
        1.0
      ]
    ],
    "location": [
      43.2327070589854,
      13.903139488320448,
      0.834780072654496
    ],
    "rotation": [
      -0.005992158023560756,
      0.021053752379279,
      2.3954403208928396
    ]
  },
  {
    "label_id": "IfoFHlW_Bb0HdgctcvNTaQ",
    "size": [
      2.049992258812035,
      4.650134719515815,
      1.6999999999999886
    ],
    "obj_class": "vehicle",
    "point_num_in_lidar": 328,
    "speed": 0.009615283268464532,
    "if_vehicle": true,
    "motion_state": false,
    "pose": [
      [
        0.7249687970960113,
        -0.6885048851410727,
        -0.019526043481490358,
        20.234255428425968
      ],
      [
        0.6887425386866876,
        0.7249385471629589,
        0.009890310443833981,
        5.992595867406635
      ],
      [
        0.0073456545371709155,
        -0.02061858322332075,
        0.9997604289955087,
        0.7992740940518956
      ],
      [
        0.0,
        0.0,
        0.0,
        1.0
      ]
    ],
    "location": [
      20.234255428425968,
      5.992595867406635,
      0.7992740940518956
    ],
    "rotation": [
      -0.02062060083491702,
      -0.0073457205990305,
      0.759778836845065
    ]
  },
  {
    "label_id": "JIwIafnXjVCNvgOcHBrynQ",
    "size": [
      0.8078365520529028,
      0.9177911650848429,
      2.0151233647333697
    ],
    "obj_class": "pedestrian",
    "point_num_in_lidar": 34,
    "speed": 1.3738542185246976,
    "if_vehicle": false,
    "motion_state": true,
    "pose": [
      [
        0.6098345713450147,
        -0.7922881604684001,
        -0.019526043481490358,
        43.095115960677504
      ],
      [
        0.7925182821877864,
        0.609767951074378,
        0.009890310443833981,
        22.76032845370355
      ],
      [
        0.004070379658290957,
        -0.021506199667859376,
        0.9997604289955087,
        1.085793066969586
      ],
      [
        0.0,
        0.0,
        0.0,
        1.0
      ]
    ],
    "location": [
      43.095115960677504,
      22.76032845370355,
      1.085793066969586
    ],
    "rotation": [
      -0.021508036042833162,
      -0.004070390898043384,
      0.9149381133923943
    ]
  },
  {
    "label_id": "MDFcC1ERI2HCAT9f-NMOkQ",
    "size": [
      0.8981496602121853,
      0.1072508584288479,
      0.5099999999999909
    ],
    "obj_class": "sign",
    "point_num_in_lidar": 23,
    "speed": 0.0036464467556545418,
    "if_vehicle": false,
    "motion_state": false,
    "pose": [
      [
        0.6850492945716837,
        -0.7282349879213422,
        -0.019526043481490358,
        19.637327427019045
      ],
      [
        0.7284705610456496,
        0.68500571052303,
        0.009890310443833981,
        35.14838627744757
      ],
      [
        0.006172981182138115,
        -0.020999498042606455,
        0.9997604289955087,
        1.19019035902312
      ],
      [
        0.0,
        0.0,
        0.0,
        1.0
      ]
    ],
    "location": [
      19.637327427019045,
      35.14838627744757,
      1.19019035902312
    ],
    "rotation": [
      -0.02100144193821647,
      -0.006173020387101806,
      0.8161070467412437
    ]
  },
  {
    "label_id": "NJ0RxWHefGuMqGcHY7VjbQ",
    "size": [
      0.5537821980166822,
      0.08772183907204364,
      0.5199999999999818
    ],
    "obj_class": "sign",
    "point_num_in_lidar": 90,
    "speed": 0.02769552836879319,
    "if_vehicle": false,
    "motion_state": false,
    "pose": [
      [
        -0.8160714573001361,
        0.5776210783948168,
        -0.019526043481490358,
        -1.458652974695724
      ],
      [
        -0.5778606145573256,
        -0.8160755430122598,
        0.009890310443833981,
        10.817917859247245
      ],
      [
        -0.010221874752811333,
        0.019354531543137432,
        0.9997604289955087,
        2.428292902076521
      ],
      [
        0.0,
        0.0,
        0.0,
        1.0
      ]
    ],
    "location": [
      -1.458652974695724,
      10.817917859247245,
      2.428292902076521
    ],
    "rotation": [
      0.019356751522494636,
      0.010222052769548394,
      -2.5254507697872115
    ]
  },
  {
    "label_id": "NR-ydNfoP_gKd7nePeHUGg",
    "size": [
      0.8420630655447972,
      1.0804344746293282,
      1.9700000000000273
    ],
    "obj_class": "pedestrian",
    "point_num_in_lidar": 34,
    "speed": 1.687244895023467,
    "if_vehicle": false,
    "motion_state": true,
    "pose": [
      [
        0.7087973412223485,
        -0.7051418741658226,
        -0.019526043481490358,
        46.082255528606765
      ],
      [
        0.705378761794295,
        0.7087615848569052,
        0.009890310443833981,
        27.64188353544887
      ],
      [
        0.006865237481479045,
        -0.02078348212016838,
        0.9997604289955087,
        1.1270568332245716
      ],
      [
        0.0,
        0.0,
        0.0,
        1.0
      ]
    ],
    "location": [
      46.082255528606765,
      27.64188353544887,
      1.1270568332245716
    ],
    "rotation": [
      -0.02078546856076772,
      -0.006865291410763186,
      0.7829808033799879
    ]
  },
  {
    "label_id": "OaBaJCfNzU4Ykpv4ByH-2g",
    "size": [
      0.9375452324570085,
      1.0542668871771672,
      1.839999999999975
    ],
    "obj_class": "pedestrian",
    "point_num_in_lidar": 23,
    "speed": 1.5513581270285974,
    "if_vehicle": false,
    "motion_state": true,
    "pose": [
      [
        0.7082588273279271,
        -0.7056827666437864,
        -0.019526043481490358,
        44.110189700360934
      ],
      [
        0.7059196269067183,
        0.7082228901321987,
        0.009890310443833981,
        23.880878324118385
      ],
      [
        0.006849369310337381,
        -0.020788717006277036,
        0.9997604289955087,
        1.1753902371942786
      ],
      [
        0.0,
        0.0,
        0.0,
        1.0
      ]
    ],
    "location": [
      44.110189700360934,
      23.880878324118385,
      1.1753902371942786
    ],
    "rotation": [
      -0.02079070243886041,
      -0.006849422866526787,
      0.7837440593621293
    ]
  },
  {
    "label_id": "P-uHjAYe5u4Kr3C_Q5lLAw",
    "size": [
      0.5106701405808242,
      0.087061792529594,
      0.4800000000000182
    ],
    "obj_class": "sign",
    "point_num_in_lidar": 29,
    "speed": 0.006741381687544876,
    "if_vehicle": false,
    "motion_state": false,
    "pose": [
      [
        -0.7283713620342784,
        0.684904294477914,
        -0.019526043481490358,
        28.215507270731905
      ],
      [
        -0.6851420949912235,
        -0.7283422900191654,
        0.009890310443833981,
        10.83284742228716
      ],
      [
        -0.007447727127620825,
        0.02058193322671523,
        0.9997604289955087,
        2.764410586823999
      ],
      [
        0.0,
        0.0,
        0.0,
        1.0
      ]
    ],
    "location": [
      28.215507270731905,
      10.83284742228716,
      2.764410586823999
    ],
    "rotation": [
      0.020583957613695778,
      0.00744779598188786,
      -2.3867678086065713
    ]
  },
  {
    "label_id": "PES5FWXW1H2xBozxmQ1gTA",
    "size": [
      0.8442639439972014,
      0.09986239830018995,
      0.8299999999999841
    ],
    "obj_class": "sign",
    "point_num_in_lidar": 21,
    "speed": 0.0028867959808000147,
    "if_vehicle": false,
    "motion_state": false,
    "pose": [
      [
        -0.5656960730563751,
        0.8243826093232167,
        -0.019526043481490358,
        40.53193257602106
      ],
      [
        -0.8246087531943762,
        -0.5656169957794241,
        0.009890310443833981,
        43.63486043759622
      ],
      [
        -0.0028908621227544625,
        0.021696256149476276,
        0.9997604289955087,
        1.1904695313351112
      ],
      [
        0.0,
        0.0,
        0.0,
        1.0
      ]
    ],
    "location": [
      40.53193257602106,
      43.63486043759622,
      1.1904695313351112
    ],
    "rotation": [
      0.021698049361620897,
      0.0028908661492991136,
      -2.1720763228140503
    ]
  },
  {
    "label_id": "Q-ps1GWMC5qpDsjn1OHjLw",
    "size": [
      2.2055060766008205,
      4.57734672187009,
      1.7699999999999818
    ],
    "obj_class": "vehicle",
    "point_num_in_lidar": 100,
    "speed": 2.2737367544323206e-12,
    "if_vehicle": true,
    "motion_state": false,
    "pose": [
      [
        -0.6940621644545057,
        -0.7196502244136977,
        -0.019526043481490358,
        46.64269009575946
      ],
      [
        0.7196181469525713,
        -0.6942995782339725,
        0.009890310443833981,
        20.18396664784086
      ],
      [
        -0.020674487884203223,
        -0.007186804953691008,
        0.9997604289955087,
        1.164590268671418
      ],
      [
        0.0,
        0.0,
        0.0,
        1.0
      ]
    ],
    "location": [
      46.64269009575946,
      20.18396664784086,
      1.164590268671418
    ],
    "rotation": [
      -0.007188403297999122,
      0.02067596099895828,
      2.3381188340947197
    ]
  },
  {
    "label_id": "Z5QKATZnhdyAEhR8O_ebsQ",
    "size": [
      2.23672129200532,
      5.270744933136602,
      1.9800000000000182
    ],
    "obj_class": "vehicle",
    "point_num_in_lidar": 4605,
    "speed": 9.9235979555011,
    "if_vehicle": true,
    "motion_state": true,
    "pose": [
      [
        0.7126567287535371,
        -0.7012411287055733,
        -0.019526043481490358,
        -1.6825751732176286
      ],
      [
        0.7014782090095764,
        0.7126222730479604,
        0.009890310443833981,
        2.78597936785809
      ],
      [
        0.0069792010305303066,
        -0.02074549029769864,
        0.9997604289955087,
        0.9334388550071253
      ],
      [
        0.0,
        0.0,
        0.0,
        1.0
      ]
    ],
    "location": [
      -1.6825751732176286,
      2.78597936785809,
      0.9334388550071253
    ],
    "rotation": [
      -0.02074748401979478,
      -0.006979257690376757,
      0.7774934814478772
    ]
  },
  {
    "label_id": "_md0d61Qn6UYicamaGvcYg",
    "size": [
      2.1660745734723843,
      4.745512814368736,
      1.8500000000000227
    ],
    "obj_class": "vehicle",
    "point_num_in_lidar": 1441,
    "speed": 1.1368683772161603e-12,
    "if_vehicle": true,
    "motion_state": false,
    "pose": [
      [
        0.7113609152255483,
        -0.7025556077033542,
        -0.019526043481490358,
        10.642055017568055
      ],
      [
        0.7027926239928025,
        0.7113260218919564,
        0.009890310443833981,
        -3.900098317528318
      ],
      [
        0.006940889768735287,
        -0.020758339623744702,
        0.9997604289955087,
        0.821448065994332
      ],
      [
        0.0,
        0.0,
        0.0,
        1.0
      ]
    ],
    "location": [
      10.642055017568055,
      -3.900098317528318,
      0.821448065994332
    ],
    "rotation": [
      -0.020760330889851023,
      -0.006940945500604163,
      0.779339283546375
    ]
  },
  {
    "label_id": "ej3ztPVfgmjRdVBS07uFPA",
    "size": [
      2.898488435858722,
      7.210999804175714,
      3.1999999999999886
    ],
    "obj_class": "vehicle",
    "point_num_in_lidar": 17901,
    "speed": 1.1368683772161603e-12,
    "if_vehicle": true,
    "motion_state": false,
    "pose": [
      [
        0.745144874397,
        -0.6666167188016201,
        -0.019526043481490358,
        -0.29113356373272836
      ],
      [
        0.6668551675750533,
        0.7451217130360465,
        0.009890310443833981,
        -13.87985897258477
      ],
      [
        0.007956232671746418,
        -0.020390757131345034,
        0.9997604289955087,
        1.3075331613802632
      ],
      [
        0.0,
        0.0,
        0.0,
        1.0
      ]
    ],
    "location": [
      -0.29113356373272836,
      -13.87985897258477,
      1.3075331613802632
    ],
    "rotation": [
      -0.020392815966436228,
      -0.007956316614564786,
      0.7300089108163643
    ]
  },
  {
    "label_id": "fEXEJZ7FbCjlCrCL5pFRYQ",
    "size": [
      2.278149167875825,
      5.159896609175984,
      2.170000000000016
    ],
    "obj_class": "vehicle",
    "point_num_in_lidar": 248,
    "speed": 5.271940059196805,
    "if_vehicle": true,
    "motion_state": true,
    "pose": [
      [
        0.6486279895390071,
        -0.7608550879192073,
        -0.019526043481490358,
        37.048984529112204
      ],
      [
        0.761088248608263,
        0.6485729408399118,
        0.009890310443833981,
        26.743184925129754
      ],
      [
        0.00513897042146663,
        -0.021276174414676965,
        0.9997604289955087,
        1.328440012626288
      ],
      [
        0.0,
        0.0,
        0.0,
        1.0
      ]
    ],
    "location": [
      37.048984529112204,
      26.743184925129754,
      1.328440012626288
    ],
    "rotation": [
      -0.021278060953181216,
      -0.0051389930409283064,
      0.8650046789898714
    ]
  },
  {
    "label_id": "fiKsFjEQXMLc5CuM7tg-6A",
    "size": [
      0.8382113887215349,
      1.0345653599949847,
      2.1299999999999955
    ],
    "obj_class": "pedestrian",
    "point_num_in_lidar": 26,
    "speed": 1.4894535023685078,
    "if_vehicle": false,
    "motion_state": true,
    "pose": [
      [
        0.7361592979808865,
        0.6765265860424461,
        -0.019526043481490358,
        33.19635390251278
      ],
      [
        -0.676480262989251,
        0.7363943478499265,
        0.009890310443833981,
        49.846444734575925
      ],
      [
        0.02106992601510835,
        0.005928139036352292,
        0.9997604289955087,
        1.3366193609415973
      ],
      [
        0.0,
        0.0,
        0.0,
        1.0
      ]
    ],
    "location": [
      33.19635390251278,
      49.846444734575925,
      1.3366193609415973
    ],
    "rotation": [
      0.005929490094564973,
      -0.021071485296716673,
      -0.7431767997350773
    ]
  },
  {
    "label_id": "i4oe-rC5aor3jYr4SZ0cCA",
    "size": [
      0.9769409523953688,
      0.9481444559645329,
      1.6999999999999886
    ],
    "obj_class": "pedestrian",
    "point_num_in_lidar": 115,
    "speed": 1.3010587132749802,
    "if_vehicle": false,
    "motion_state": true,
    "pose": [
      [
        0.6784255416954929,
        -0.7344096390987362,
        -0.019526043481490358,
        4.7855142007392715
      ],
      [
        0.7346448078182455,
        0.6783798258387538,
        0.009890310443833981,
        -13.691486849267676
      ],
      [
        0.005982534652662783,
        -0.021054545681304847,
        0.9997604289955087,
        0.6670603420350858
      ],
      [
        0.0,
        0.0,
        0.0,
        1.0
      ]
    ],
    "location": [
      4.7855142007392715,
      -13.691486849267676,
      0.6670603420350858
    ],
    "rotation": [
      -0.0210564784226241,
      -0.005982570339775531,
      0.825162377439142
    ]
  },
  {
    "label_id": "jIv7yADYV4cZ_R0sYP0YKQ",
    "size": [
      0.5051623804750471,
      0.09243154877498444,
      0.6200000000000045
    ],
    "obj_class": "sign",
    "point_num_in_lidar": 20,
    "speed": 0.006528874149626885,
    "if_vehicle": false,
    "motion_state": false,
    "pose": [
      [
        -0.7283713620848958,
        0.6849042944240841,
        -0.019526043481490358,
        27.836529200365476
      ],
      [
        -0.6851420949373958,
        -0.7283422900698004,
        0.009890310443833981,
        10.96547789064789
      ],
      [
        -0.007447727129141921,
        0.02058193322616481,
        0.9997604289955087,
        3.3444105868241536
      ],
      [
        0.0,
        0.0,
        0.0,
        1.0
      ]
    ],
    "location": [
      27.836529200365476,
      10.96547789064789,
      3.3444105868241536
    ],
    "rotation": [
      0.020583957613145458,
      0.007447795983408999,
      -2.3867678086804625
    ]
  },
  {
    "label_id": "lKH6TrjBDr33xCnNAFz4kA",
    "size": [
      0.7416749830905983,
      0.8415099806472632,
      1.7200000000000273
    ],
    "obj_class": "pedestrian",
    "point_num_in_lidar": 229,
    "speed": 1.271505242019624,
    "if_vehicle": false,
    "motion_state": true,
    "pose": [
      [
        0.6865959348623185,
        -0.7267769643133289,
        -0.019526043481490358,
        6.257060838353937
      ],
      [
        0.7270126295626232,
        0.6865528517279385,
        0.009890310443833981,
        -13.443631879992608
      ],
      [
        0.006217611034694852,
        -0.020986327161695167,
        0.9997604289955087,
        0.7270603420353723
      ],
      [
        0.0,
        0.0,
        0.0,
        1.0
      ]
    ],
    "location": [
      6.257060838353937,
      -13.443631879992608,
      0.7270603420353723
    ],
    "rotation": [
      -0.0209882737072404,
      -0.006217651096171572,
      0.8139815267044938
    ]
  },
  {
    "label_id": "ll5XKhT6fHP0qdIcTLSOEA",
    "size": [
      0.790285512270713,
      1.018808088870131,
      1.8199999999999932
    ],
    "obj_class": "pedestrian",
    "point_num_in_lidar": 25,
    "speed": 1.857270564531047,
    "if_vehicle": false,
    "motion_state": true,
    "pose": [
      [
        -0.7357026546722976,
        0.6770231440165788,
        -0.019526043481490358,
        47.05409324500579
      ],
      [
        -0.6772612437306397,
        -0.7356761444411201,
        0.009890310443833981,
        27.884570884882123
      ],
      [
        -0.007668875312668002,
        0.02050056014247452,
        0.9997604289955087,
        0.9713454798011867
      ],
      [
        0.0,
        0.0,
        0.0,
        1.0
      ]
    ],
    "location": [
      47.05409324500579,
      27.884570884882123,
      0.9713454798011867
    ],
    "rotation": [
      0.020502599375175273,
      0.007668950484524086,
      -2.397531795071595
    ]
  },
  {
    "label_id": "o3kJrPbOaNbNLe5OrS8a7g",
    "size": [
      0.7958708213815214,
      0.8442438505559838,
      1.6499999999999773
    ],
    "obj_class": "pedestrian",
    "point_num_in_lidar": 188,
    "speed": 1.3386713660061969,
    "if_vehicle": false,
    "motion_state": true,
    "pose": [
      [
        -0.4649517243265398,
        0.8851206853710608,
        -0.019526043481490358,
        -3.686831776838517
      ],
      [
        -0.8853359757975128,
        -0.464846632469238,
        0.009890310443833981,
        10.505590357752226
      ],
      [
        -0.0003224971992398133,
        0.02188562565413532,
        0.9997604289955087,
        0.7667654600134028
      ],
      [
        0.0,
        0.0,
        0.0,
        1.0
      ]
    ],
    "location": [
      -3.686831776838517,
      10.505590357752226,
      0.7667654600134028
    ],
    "rotation": [
      0.021887374300917632,
      0.00032249720483000386,
      -2.054376436463011
    ]
  },
  {
    "label_id": "oRjMPH_qzXEzVpMM4FENNw",
    "size": [
      0.9393771529862778,
      0.932946907593988,
      1.9499999999999886
    ],
    "obj_class": "pedestrian",
    "point_num_in_lidar": 546,
    "speed": 0.016551221249466626,
    "if_vehicle": false,
    "motion_state": false,
    "pose": [
      [
        0.8002187909880839,
        0.59939020693996,
        -0.019526043481490358,
        -10.522225214630453
      ],
      [
        -0.599320574050124,
        0.800448019099026,
        0.009890310443833981,
        5.989897145314899
      ],
      [
        0.0215577380492305,
        0.003787947322392831,
        0.9997604289955087,
        0.8367654600135097
      ],
      [
        0.0,
        0.0,
        0.0,
        1.0
      ]
    ],
    "location": [
      -10.522225214630453,
      5.989897145314899,
      0.8367654600135097
    ],
    "rotation": [
      0.0037888368921478034,
      -0.021559408174938656,
      -0.6428261365290883
    ]
  },
  {
    "label_id": "wmNFmBfoLbGSW_8piBj_Dg",
    "size": [
      0.9101999840488589,
      1.093022932047147,
      1.8600000000000136
    ],
    "obj_class": "pedestrian",
    "point_num_in_lidar": 30,
    "speed": 1.6033686617896339,
    "if_vehicle": false,
    "motion_state": true,
    "pose": [
      [
        -0.705276589379291,
        0.70866329529578,
        -0.019526043481490358,
        46.53572918726786
      ],
      [
        -0.708900001901524,
        -0.7052396536379274,
        0.009890310443833981,
        28.942292225816345
      ],
      [
        -0.006761640151179711,
        0.020817416678887368,
        0.9997604289955087,
        1.1778990590114518
      ],
      [
        0.0,
        0.0,
        0.0,
        1.0
      ]
    ],
    "location": [
      46.53572918726786,
      28.942292225816345,
      1.1778990590114518
    ],
    "rotation": [
      0.020819396564885923,
      0.006761691675687025,
      -2.3536322892511836
    ]
  },
  {
    "label_id": "yTVgnYwyjTRw5pnXt0gNAQ",
    "size": [
      0.9271316204238652,
      0.9103726641683407,
      1.910000000000025
    ],
    "obj_class": "pedestrian",
    "point_num_in_lidar": 21,
    "speed": 0.05908809888243425,
    "if_vehicle": false,
    "motion_state": false,
    "pose": [
      [
        -0.9388671736872838,
        -0.3437254191915558,
        -0.019526043481490358,
        53.025972300103604
      ],
      [
        0.34359276016942963,
        -0.939066662659514,
        0.009890310443833981,
        35.431092538376106
      ],
      [
        -0.021735807590349165,
        0.002576680638298665,
        0.9997604289955087,
        1.2120568332243806
      ],
      [
        0.0,
        0.0,
        0.0,
        1.0
      ]
    ],
    "location": [
      53.025972300103604,
      35.431092538376106,
      1.2120568332243806
    ],
    "rotation": [
      0.002577292377674515,
      0.021737519451120547,
      2.7907662903811734
    ]
  }
]