[
  {
    "label_id": "1CIySQdZQvvKYIKWinEpAQ",
    "size": [
      0.7479217653321805,
      0.8796314435866537,
      1.7900000000000205
    ],
    "obj_class": "pedestrian",
    "point_num_in_lidar": 39,
    "speed": 1.5047245033843877,
    "if_vehicle": false,
    "motion_state": true,
    "pose": [
      [
        0.7214186169795679,
        0.692342672490108,
        -0.014724229166337574,
        -21.123524527964037
      ],
      [
        -0.6923206797342593,
        0.7215523632405331,
        0.007366377284324934,
        59.84143194988428
      ],
      [
        0.015724359687466008,
        0.0048796466323944385,
        0.9998644575947093,
        1.4862130339856208
      ],
      [
        0.0,
        0.0,
        0.0,
        1.0
      ]
    ],
    "location": [
      -21.123524527964037,
      59.84143194988428,
      1.4862130339856208
    ],
    "rotation": [
      0.004880269376220562,
      -0.015725007748612005,
      -0.7648188179365181
    ]
  },
  {
    "label_id": "2mgIVDg2Dam4gckam7FU0w",
    "size": [
      0.8531989066235627,
      0.9873727070641302,
      2.03407124607196
    ],
    "obj_class": "pedestrian",
    "point_num_in_lidar": 142,
    "speed": 1.3990986226011535,
    "if_vehicle": false,
    "motion_state": true,
    "pose": [
      [
        -0.6827603189431609,
        0.7304940410106646,
        -0.014724229166337574,
        41.23621924336112
      ],
      [
        -0.7306274853372661,
        -0.6827365627791206,
        0.007366377284324934,
        22.335295157317887
      ],
      [
        -0.0046716749005617075,
        0.015787396633432198,
        0.9998644575947093,
        1.0689004397472672
      ],
      [
        0.0,
        0.0,
        0.0,
        1.0
      ]
    ],
    "location": [
      41.23621924336112,
      22.335295157317887,
      1.0689004397472672
    ],
    "rotation": [
      0.015788224821112834,
      0.00467169189359285,
      -2.322340456593759
    ]
  },
  {
    "label_id": "3JZ-dCSx2Rm0NEooV33HhA",
    "size": [
      0.8770365946334879,
      0.08206485123166174,
      0.8600000000000136
    ],
    "obj_class": "sign",
    "point_num_in_lidar": 58,
    "speed": 0.011602404863043647,
    "if_vehicle": false,
    "motion_state": false,
    "pose": [
      [
        -0.6860918349343667,
        0.7273659265540634,
        -0.014724229166337574,
        32.80141261045355
      ],
      [
        -0.7274994780620047,
        -0.6860686889118436,
        0.007366377284324934,
        15.733011781456298
      ],
      [
        -0.004743780760626937,
        0.01576588034119726,
        0.9998644575947093,
        3.486637059144755
      ],
      [
        0.0,
        0.0,
        0.0,
        1.0
      ]
    ],
    "location": [
      32.80141261045355,
      15.733011781456298,
      3.486637059144755
    ],
    "rotation": [
      0.015766710968413183,
      0.004743798552717305,
      -2.326910350182667
    ]
  },
  {
    "label_id": "4sRZr1ONdtX-QRcs4A0-vw",
    "size": [
      2.1190687011923224,
      4.376564357957686,
      1.5199999999999818
    ],
    "obj_class": "vehicle",
    "point_num_in_lidar": 350,
    "speed": 6.915300366811402e-12,
    "if_vehicle": true,
    "motion_state": false,
    "pose": [
      [
        -0.697270491944271,
        -0.7166568622006291,
        -0.014724229166337574,
        46.46961137256949
      ],
      [
        0.7166394654326068,
        -0.6974049132822141,
        0.007366377284324934,
        16.15618330354482
      ],
      [
        -0.0155479145952674,
        -0.0054156062057830094,
        0.9998644575947093,
        0.9264518317365287
      ],
      [
        0.0,
        0.0,
        0.0,
        1.0
      ]
    ],
    "location": [
      46.46961137256949,
      16.15618330354482,
      0.9264518317365287
    ],
    "rotation": [
      -0.005416287384586268,
      0.015548541082805263,
      2.3424964736139646
    ]
  },
  {
    "label_id": "7icJBEuPRDJAEFyjeeK9Tw",
    "size": [
      2.029989842845216,
      4.529825083229547,
      1.5699999999999932
    ],
    "obj_class": "vehicle",
    "point_num_in_lidar": 161,
    "speed": 9.970964112605582,
    "if_vehicle": true,
    "motion_state": true,
    "pose": [
      [
        0.720924197144356,
        -0.6928574882666877,
        -0.014724229166337574,
        42.69119587249588
      ],
      [
        0.6929920138774542,
        0.7209076259742128,
        0.007366377284324934,
        41.53410839178832
      ],
      [
        0.005510959429762526,
        -0.015514372852337796,
        0.9998644575947093,
        1.140098843027772
      ],
      [
        0.0,
        0.0,
        0.0,
        1.0
      ]
    ],
    "location": [
      42.69119587249588,
      41.53410839178832,
      1.140098843027772
    ],
    "rotation": [
      -0.015515230918436745,
      -0.005510987325402333,
      0.765645542821272
    ]
  },
  {
    "label_id": "9VgJc444cmIlvshIYPoRwQ",
    "size": [
      2.118796657695299,
      4.73377975721041,
      1.579999999999984
    ],
    "obj_class": "vehicle",
    "point_num_in_lidar": 90,
    "speed": 2.2737367544323206e-12,
    "if_vehicle": true,
    "motion_state": false,
    "pose": [
      [
        -0.7095029834752345,
        -0.7045485884700916,
        -0.014724229166337574,
        52.56731516935906
      ],
      [
        0.7045288804886395,
        -0.7096370854479982,
        0.007366377284324934,
        24.73440804288839
      ],
      [
        -0.01563882978887748,
        -0.005147178029985249,
        0.9998644575947093,
        0.935020412263782
      ],
      [
        0.0,
        0.0,
        0.0,
        1.0
      ]
    ],
    "location": [
      52.56731516935906,
      24.73440804288839,
      0.935020412263782
    ],
    "rotation": [
      -0.005147830312198965,
      0.01563946733162549,
      2.3597121495866937
    ]
  },
  {
    "label_id": "9yRa5_H_gVps_G_r_6mvIA",
    "size": [
      0.775645571587961,
      0.8305019388285249,
      1.8845138035056834
    ],
    "obj_class": "pedestrian",
    "point_num_in_lidar": 29,
    "speed": 1.2444113412354878,
    "if_vehicle": false,
    "motion_state": true,
    "pose": [
      [
        0.6822468899662956,
        0.7309735824274189,
        -0.014724229166337574,
        33.549209374734346
      ],
      [
        -0.7309589791725373,
        0.682381643402537,
        0.007366377284324934,
        55.15800992680306
      ],
      [
        0.01543217088939596,
        0.005737119527979563,
        0.9998644575947093,
        1.2144847348636176
      ],
      [
        0.0,
        0.0,
        0.0,
        1.0
      ]
    ],
    "location": [
      33.549209374734346,
      55.15800992680306,
      1.2144847348636176
    ],
    "rotation": [
      0.005737834287132543,
      -0.015432783488514987,
      -0.819853731387176
    ]
  },
  {
    "label_id": "AO9dwFKv4rC9axdtqk9RKw",
    "size": [
      1.8762039635338568,
      4.431172548534873,
      1.5900000000000318
    ],
    "obj_class": "vehicle",
    "point_num_in_lidar": 80,
    "speed": 0.005050492894003719,
    "if_vehicle": true,
    "motion_state": false,
    "pose": [
      [
        0.7125817963664137,
        -0.7014345162327503,
        -0.014724229166337574,
        59.2946328513608
      ],
      [
        0.7015688339201307,
        0.712563616639001,
        0.007366377284324934,
        68.34197732333996
      ],
      [
        0.005324918700168585,
        -0.015579206644577234,
        0.9998644575947093,
        1.9481324710895933
      ],
      [
        0.0,
        0.0,
        0.0,
        1.0
      ]
    ],
    "location": [
      59.2946328513608,
      68.34197732333996,
      1.9481324710895933
    ],
    "rotation": [
      -0.015580057826487598,
      -0.005324943864954231,
      0.7776106338512835
    ]
  },
  {
    "label_id": "ApuGFglgPB7yiubDIsruoA",
    "size": [
      2.098660180823794,
      4.058399703032842,
      1.579999999999984
    ],
    "obj_class": "vehicle",
    "point_num_in_lidar": 87,
    "speed": 2.5421149729252077e-12,
    "if_vehicle": true,
    "motion_state": false,
    "pose": [
      [
        -0.6911814205408429,
        -0.7225312733540327,
        -0.014724229166337574,
        52.69720859676818
      ],
      [
        0.7225150146368683,
        -0.6913159842720195,
        0.007366377284324934,
        18.248959564778488
      ],
      [
        -0.015501532938022953,
        -0.0055469735360134925,
        0.9998644575947093,
        1.0024117282159182
      ],
      [
        0.0,
        0.0,
        0.0,
        1.0
      ]
    ],
    "location": [
      52.69720859676818,
      18.248959564778488,
      1.0024117282159182
    ],
    "rotation": [
      -0.005547668574527965,
      0.01550215383516104,
      2.334033817018921
    ]
  },
  {
    "label_id": "C6e5B3f0p8EXgkDqcFxO5w",
    "size": [
      2.1822347770795387,
      4.834819894509566,
      1.9800000000000182
    ],
    "obj_class": "vehicle",
    "point_num_in_lidar": 298,
    "speed": 0.0014919600671735882,
    "if_vehicle": true,
    "motion_state": false,
    "pose": [
      [
        -0.6852033610376319,
        -0.7282029600998543,
        -0.014724229166337574,
        48.573315376910614
      ],
      [
        0.728187810913054,
        -0.6853380541917686,
        0.007366377284324934,
        22.82933500358922
      ],
      [
        -0.015455292309989222,
        -0.005674537730126793,
        0.9998644575947093,
        1.2217930754181339
      ],
      [
        0.0,
        0.0,
        0.0,
        1.0
      ]
    ],
    "location": [
      48.573315376910614,
      22.82933500358922,
      1.2217930754181339
    ],
    "rotation": [
      -0.005675246043868303,
      0.015455907666933768,
      2.3257915798915727
    ]
  },
  {
    "label_id": "C9cPjD8O_VEcJgOpJDHC3Q",
    "size": [
      0.9268047146963716,
      0.9427106435680166,
      2.1999999999999886
    ],
    "obj_class": "pedestrian",
    "point_num_in_lidar": 31,
    "speed": 0.38126540725797436,
    "if_vehicle": false,
    "motion_state": false,
    "pose": [
      [
        0.9646977703595372,
        0.26294754027903533,
        -0.014724229166337574,
        71.62079491187978
      ],
      [
        -0.26286425427784416,
        0.9648047057869578,
        0.007366377284324934,
        32.08258622786525
      ],
      [
        0.016142976376448667,
        -0.0032358542221899963,
        0.9998644575947093,
        4.3846346118083375
      ],
      [
        0.0,
        0.0,
        0.0,
        1.0
      ]
    ],
    "location": [
      71.62079491187978,
      32.08258622786525,
      4.3846346118083375
    ],
    "rotation": [
      -0.0032362815786451697,
      -0.016143677590349705,
      -0.2660251672983038
    ]
  },
  {
    "label_id": "CZUwabcB3mvH43N9J3yGWQ",
    "size": [
      2.372938899727385,
      4.773708939237198,
      1.6999999999999886
    ],
    "obj_class": "vehicle",
    "point_num_in_lidar": 36,
    "speed": 8.769168570789107,
    "if_vehicle": true,
    "motion_state": true,
    "pose": [
      [
        0.7059217277635186,
        -0.7081367885845403,
        -0.014724229166337574,
        69.79686617359039
      ],
      [
        0.7082709284843127,
        0.7059022796036818,
        0.007366377284324934,
        60.94449192882166
      ],
      [
        0.005177464180300748,
        -0.015628829242766307,
        0.9998644575947093,
        1.9212728424656689
      ],
      [
        0.0,
        0.0,
        0.0,
        1.0
      ]
    ],
    "location": [
      69.79686617359039,
      60.94449192882166,
      1.9212728424656689
    ],
    "rotation": [
      -0.01562967506719642,
      -0.0051774873118807,
      0.7870593221862331
    ]
  },
  {
    "label_id": "DwEkvmQeGLlhCH7eI0ArZA",
    "size": [
      0.9176379586404366,
      0.9243772860056179,
      1.8151881475899359
    ],
    "obj_class": "pedestrian",
    "point_num_in_lidar": 32,
    "speed": 1.50264552236547,
    "if_vehicle": false,
    "motion_state": true,
    "pose": [
      [
        -0.7116795534471297,
        0.702349920111586,
        -0.014724229166337574,
        52.74333999950977
      ],
      [
        -0.7024842143189893,
        -0.7116612010769853,
        0.007366377284324934,
        66.74194420321146
      ],
      [
        -0.005304888116291158,
        0.015586038653598847,
        0.9998644575947093,
        1.9889319503303682
      ],
      [
        0.0,
        0.0,
        0.0,
        1.0
      ]
    ],
    "location": [
      52.74333999950977,
      66.74194420321146,
      1.9889319503303682
    ],
    "rotation": [
      0.015586889102454253,
      0.005304912998156523,
      -2.3626967141551622
    ]
  },
  {
    "label_id": "EHyNyPdydGtVbm2hzdravg",
    "size": [
      2.1161686429411737,
      4.43080589474992,
      1.5300000000000296
    ],
    "obj_class": "vehicle",
    "point_num_in_lidar": 87,
    "speed": 2.3437142008433857e-12,
    "if_vehicle": true,
    "motion_state": false,
    "pose": [
      [
        -0.7133981621041601,
        -0.7006042102227649,
        -0.014724229166337574,
        51.1649678346148
      ],
      [
        0.7005837590704266,
        -0.7135321527530876,
        0.007366377284324934,
        15.5923028941761
      ],
      [
        -0.015667125874174036,
        -0.005060395802763952,
        0.9998644575947093,
        1.0244929142562
      ],
      [
        0.0,
        0.0,
        0.0,
        1.0
      ]
    ],
    "location": [
      51.1649678346148,
      15.5923028941761,
      1.0244929142562
    ],
    "rotation": [
      -0.005061038582185378,
      0.015667766884052917,
      2.365256877792677
    ]
  },
  {
    "label_id": "Fe-uZ9qlinJ4Guviu-__IQ",
    "size": [
      0.6950761202644663,
      1.001424989274805,
      1.910000000000025
    ],
    "obj_class": "pedestrian",
    "point_num_in_lidar": 475,
    "speed": 0.4902942305260271,
    "if_vehicle": false,
    "motion_state": false,
    "pose": [
      [
        0.9570223628935264,
        -0.2896401111675468,
        -0.014724229166337574,
        18.89638775183994
      ],
      [
        0.289767477777892,
        0.9570687254883757,
        0.007366377284324934,
        30.761311722992104
      ],
      [
        0.011958500906491507,
        -0.011316390542363157,
        0.9998644575947093,
        1.1210129839880665
      ],
      [
        0.0,
        0.0,
        0.0,
        1.0
      ]
    ],
    "location": [
      18.89638775183994,
      30.761311722992104,
      1.1210129839880665
    ],
    "rotation": [
      -0.011317441380133486,
      -0.0119587859472214,
      0.29400553388657674
    ]
  },
  {
    "label_id": "G6Mgy_kvMQsfCAyCXrx1BQ",
    "size": [
      0.8620947521897999,
      1.1094360817910744,
      2.019999999999982
    ],
    "obj_class": "pedestrian",
    "point_num_in_lidar": 102,
    "speed": 1.7451666411882867,
    "if_vehicle": false,
    "motion_state": true,
    "pose": [
      [
        0.5722583124861458,
        -0.81994123012931,
        -0.014724229166337574,
        45.380327559316356
      ],
      [
        0.8200699564433248,
        0.5722158710004018,
        0.007366377284324934,
        25.547805686124775
      ],
      [
        0.0023854411651193846,
        -0.01629036860496405,
        0.9998644575947093,
        1.155385766919153
      ],
      [
        0.0,
        0.0,
        0.0,
        1.0
      ]
    ],
    "location": [
      45.380327559316356,
      25.547805686124775,
      1.155385766919153
    ],
    "rotation": [
      -0.016291135558592514,
      -0.00238544342744957,
      0.961537330498521
    ]
  },
  {
    "label_id": "GiPscZnqoFfFvj5jXUIwjA",
    "size": [
      2.066395381485692,
      4.663853484354714,
      1.829999999999984
    ],
    "obj_class": "vehicle",
    "point_num_in_lidar": 470,
    "speed": 1.1368683772161603e-12,
    "if_vehicle": true,
    "motion_state": false,
    "pose": [
      [
        -0.7342038173971744,
        -0.6787694392022035,
        -0.014724229166337574,
        43.23270705898176
      ],
      [
        0.6787449562015939,
        -0.734337130285948,
        0.007366377284324934,
        13.903139488327724
      ],
      [
        -0.015812619969914076,
        -0.004585573958068832,
        0.9998644575947093,
        0.8347800726545529
      ],
      [
        0.0,
        0.0,
        0.0,
        1.0
      ]
    ],
    "location": [
      43.23270705898176,
      13.903139488327724,
      0.8347800726545529
    ],
    "rotation": [
      -0.004586163428347375,
      0.01581327900588636,
      2.3954247925279617
    ]
  },
  {
    "label_id": "H0ATfIvGdadeca8zxrorMw",
    "size": [
      0.906971167890028,
      0.6684251695846886,
      1.920000000000016
    ],
    "obj_class": "pedestrian",
    "point_num_in_lidar": 63,
    "speed": 2.049518613753201e-12,
    "if_vehicle": false,
    "motion_state": false,
    "pose": [
      [
        0.3388396146756553,
        0.9407289262066468,
        -0.014724229166337574,
        41.433009510252305
      ],
      [
        -0.9407686269579338,
        0.33896921249191486,
        0.007366377284324934,
        43.750772413222876
      ],
      [
        0.011920824557779961,
        0.011356072415253203,
        0.9998644575947093,
        1.2060720619203948
      ],
      [
        0.0,
        0.0,
        0.0,
        1.0
      ]
    ],
    "location": [
      41.433009510252305,
      43.750772413222876,
      1.2060720619203948
    ],
    "rotation": [
      0.011357123531382277,
      -0.011921106912734233,
      -1.2250874563205807
    ]
  },
  {
    "label_id": "H1KwN3bm7xetzBAXKSAkJQ",
    "size": [
      0.871850877864947,
      0.8439339778954031,
      1.7800000000000296
    ],
    "obj_class": "pedestrian",
    "point_num_in_lidar": 25,
    "speed": 0.018171310452497504,
    "if_vehicle": false,
    "motion_state": false,
    "pose": [
      [
        0.7353247569989914,
        0.6775549415507437,
        -0.014724229166337574,
        19.845070396753727
      ],
      [
        -0.6775302382298106,
        0.7354580292375366,
        0.007366377284324934,
        64.82657693100919
      ],
      [
        0.015820177895037996,
        0.004559430908259902,
        0.9998644575947093,
        1.2476233726085866
      ],
      [
        0.0,
        0.0,
        0.0,
        1.0
      ]
    ],
    "location": [
      19.845070396753727,
      64.82657693100919,
      1.2476233726085866
    ],
    "rotation": [
      0.004560017381371702,
      -0.015820837876527213,
      -0.7445147640999857
    ]
  },
  {
    "label_id": "IFM6U6TiltkbR_9izPEjXA",
    "size": [
      0.9453538610372404,
      0.8753901206048866,
      1.8500000000000227
    ],
    "obj_class": "pedestrian",
    "point_num_in_lidar": 170,
    "speed": 1.142622135957659,
    "if_vehicle": false,
    "motion_state": true,
    "pose": [
      [
        -0.7042051207206799,
        -0.7098438877853567,
        -0.014724229166337574,
        1.1667221960124152
      ],
      [
        0.7098251849491848,
        -0.7043393665681058,
        0.007366377284324934,
        39.878293713329185
      ],
      [
        -0.015599832134620784,
        -0.005264188086447636,
        0.9998644575947093,
        1.2362130339856776
      ],
      [
        0.0,
        0.0,
        0.0,
        1.0
      ]
    ],
    "location": [
      1.1667221960124152,
      39.878293713329185,
      1.2362130339856776
    ],
    "rotation": [
      -0.005264853058427109,
      0.015600464919493637,
      2.3522200105694453
    ]
  },
  {
    "label_id": "J8bvMVrn5EZ0WGhQO07qSQ",
    "size": [
      0.9052480861140617,
      1.0215068244376773,
      1.7800000000000296
    ],
    "obj_class": "pedestrian",
    "point_num_in_lidar": 31,
    "speed": 1.4693839485990121,
    "if_vehicle": false,
    "motion_state": true,
    "pose": [
      [
        -0.7348577372155785,
        -0.6780614302036779,
        -0.014724229166337574,
        8.29258663784276
      ],
      [
        0.6780368187151251,
        -0.7349910264434374,
        0.007366377284324934,
        76.89659920890699
      ],
      [
        -0.0158170326253841,
        -0.00457033015934073,
        0.9998644575947093,
        1.387260858064792
      ],
      [
        0.0,
        0.0,
        0.0,
        1.0
      ]
    ],
    "location": [
      8.29258663784276,
      76.89659920890699,
      1.387260858064792
    ],
    "rotation": [
      -0.004570917882755695,
      0.01581769221328175,
      2.3963887958071837
    ]
  },
  {
    "label_id": "JIwIafnXjVCNvgOcHBrynQ",
    "size": [
      0.8078365520564795,
      0.9177911650848429,
      2.0151233647333697
    ],
    "obj_class": "pedestrian",
    "point_num_in_lidar": 98,
    "speed": 1.4889571420326493,
    "if_vehicle": false,
    "motion_state": true,
    "pose": [
      [
        0.8725667187134463,
        -0.4882729958425993,
        -0.014724229166337574,
        47.92267167762839
      ],
      [
        0.48840734456185164,
        0.8725846676762925,
        0.007366377284324934,
        27.437023937418417
      ],
      [
        0.009251333508774039,
        -0.013619077323639775,
        0.9998644575947093,
        1.085793066969245
      ],
      [
        0.0,
        0.0,
        0.0,
        1.0
      ]
    ],
    "location": [
      47.92267167762839,
      27.437023937418417,
      1.085793066969245
    ],
    "rotation": [
      -0.013620081268827825,
      -0.009251465479768427,
      0.5102876213095955
    ]
  },
  {
    "label_id": "KIMtmvNTn718XRJNcfn2RA",
    "size": [
      0.6456584758600897,
      0.8107772221525958,
      1.6499999999999773
    ],
    "obj_class": "pedestrian",
    "point_num_in_lidar": 56,
    "speed": 1.1370546008930469,
    "if_vehicle": false,
    "motion_state": true,
    "pose": [
      [
        0.7093281513383907,
        0.7047246063494014,
        -0.014724229166337574,
        32.91037491429961
      ],
      [
        -0.7047049316414999,
        0.7094622581969064,
        0.007366377284324934,
        53.07693426182959
      ],
      [
        0.01563755220647567,
        0.0051510581269863815,
        0.9998644575947093,
        1.0457550608228416
      ],
      [
        0.0,
        0.0,
        0.0,
        1.0
      ]
    ],
    "location": [
      32.91037491429961,
      53.07693426182959,
      1.0457550608228416
    ],
    "rotation": [
      0.005151710832275324,
      -0.015638189592976706,
      -0.782128647797802
    ]
  },
  {
    "label_id": "MDFcC1ERI2HCAT9f-NMOkQ",
    "size": [
      0.8981496602121857,
      0.1072508584288479,
      0.5099999999999909
    ],
    "obj_class": "sign",
    "point_num_in_lidar": 110,
    "speed": 0.010647319456103515,
    "if_vehicle": false,
    "motion_state": false,
    "pose": [
      [
        0.6851056465249639,
        -0.7282948923170262,
        -0.014724229166337574,
        19.630522444698727
      ],
      [
        0.7284284123402179,
        0.6850823195654772,
        0.007366377284324934,
        35.157700393094274
      ],
      [
        0.004722414120034184,
        -0.01577229354649305,
        0.9998644575947093,
        1.1827826265425756
      ],
      [
        0.0,
        0.0,
        0.0,
        1.0
      ]
    ],
    "location": [
      19.630522444698727,
      35.157700393094274,
      1.1827826265425756
    ],
    "rotation": [
      -0.0157731234481022,
      -0.004722431672790125,
      0.8160371199492094
    ]
  },
  {
    "label_id": "NDAnvjpf76se8u_t0LfMfQ",
    "size": [
      0.7398662657204443,
      0.9588898975130005,
      1.772289894821938
    ],
    "obj_class": "pedestrian",
    "point_num_in_lidar": 44,
    "speed": 1.6323425544231318,
    "if_vehicle": false,
    "motion_state": true,
    "pose": [
      [
        0.7195018686919666,
        0.6943343992805091,
        -0.014724229166337574,
        14.007960192117025
      ],
      [
        -0.6943127763522152,
        0.7196356752411486,
        0.007366377284324934,
        72.18343127647677
      ],
      [
        0.015710809745108096,
        0.004923098210564261,
        0.9998644575947093,
        1.2611159106535297
      ],
      [
        0.0,
        0.0,
        0.0,
        1.0
      ]
    ],
    "location": [
      14.007960192117025,
      72.18343127647677,
      1.2611159106535297
    ],
    "rotation": [
      0.0049237258004569875,
      -0.01571145613223821,
      -0.7675836445522466
    ]
  },
  {
    "label_id": "NR-ydNfoP_gKd7nePeHUGg",
    "size": [
      0.8420630655398763,
      1.0804344746293282,
      1.9700000000000273
    ],
    "obj_class": "pedestrian",
    "point_num_in_lidar": 76,
    "speed": 0.8552986127236135,
    "if_vehicle": false,
    "motion_state": false,
    "pose": [
      [
        0.6412981416820991,
        -0.7671505005867777,
        -0.014724229166337574,
        50.83155325660846
      ],
      [
        0.7672824261440274,
        0.6412670387726475,
        0.007366377284324934,
        32.41335897221143
      ],
      [
        0.003791042814526204,
        -0.016021686341214952,
        0.9998644575947093,
        1.127056833224401
      ],
      [
        0.0,
        0.0,
        0.0,
        1.0
      ]
    ],
    "location": [
      50.83155325660846,
      32.41335897221143,
      1.127056833224401
    ],
    "rotation": [
      -0.016022487014591153,
      -0.0037910518953997068,
      0.8746013999632146
    ]
  },
  {
    "label_id": "NVmWqAJVs2oPwpFNDwY82w",
    "size": [
      0.8981345550145837,
      0.8446989604514674,
      1.839999999999975
    ],
    "obj_class": "pedestrian",
    "point_num_in_lidar": 31,
    "speed": 0.8915186649217802,
    "if_vehicle": false,
    "motion_state": false,
    "pose": [
      [
        0.7074521717471444,
        0.7066078274161038,
        -0.014724229166337574,
        39.771095813284774
      ],
      [
        -0.7065885092937096,
        0.7075863304359392,
        0.007366377284324934,
        47.248135206602456
      ],
      [
        0.015623803133110813,
        0.005192611529436925,
        0.9998644575947093,
        1.1432072726332763
      ],
      [
        0.0,
        0.0,
        0.0,
        1.0
      ]
    ],
    "location": [
      39.771095813284774,
      47.248135206602456,
      1.1432072726332763
    ],
    "rotation": [
      0.005193268755843953,
      -0.015624438839730283,
      -0.7847873872312328
    ]
  },
  {
    "label_id": "O-sDH8A2-j7KxtmVx10png",
    "size": [
      0.8672733559327163,
      0.7424939148984032,
      1.829999999999984
    ],
    "obj_class": "pedestrian",
    "point_num_in_lidar": 23,
    "speed": 1.2489382818259263,
    "if_vehicle": false,
    "motion_state": true,
    "pose": [
      [
        -0.2981151094196942,
        0.9544163549579088,
        -0.014724229166337574,
        6.581221691398241
      ],
      [
        -0.9545262699813716,
        -0.29803579718073225,
        0.007366377284324934,
        91.70234940846422
      ],
      [
        0.0026422435794889332,
        0.016250691914638404,
        0.9998644575947093,
        1.6116056711161946
      ],
      [
        0.0,
        0.0,
        0.0,
        1.0
      ]
    ],
    "location": [
      6.581221691398241,
      91.70234940846422,
      1.6116056711161946
    ],
    "rotation": [
      0.016251463994775818,
      -0.002642246653947664,
      -1.8735147810522386
    ]
  },
  {
    "label_id": "OaBaJCfNzU4Ykpv4ByH-2g",
    "size": [
      0.9375452324546514,
      1.0542668871771672,
      1.839999999999975
    ],
    "obj_class": "pedestrian",
    "point_num_in_lidar": 88,
    "speed": 1.4475048945581033,
    "if_vehicle": false,
    "motion_state": true,
    "pose": [
      [
        0.6344676722727544,
        -0.7728091419724861,
        -0.014724229166337574,
        48.69141373376988
      ],
      [
        0.7729407864313437,
        0.6344354003021906,
        0.007366377284324934,
        28.873483309878793
      ],
      [
        0.0036487685167418057,
        -0.01605468552009283,
        0.9998644575947093,
        1.0430373156432324
      ],
      [
        0.0,
        0.0,
        0.0,
        1.0
      ]
    ],
    "location": [
      48.69141373376988,
      28.873483309878793,
      1.0430373156432324
    ],
    "rotation": [
      -0.01605548217743102,
      -0.0036487766131106944,
      0.8834712341256105
    ]
  },
  {
    "label_id": "OaQW5LGNnGDxoNUGOPRPiA",
    "size": [
      0.988018328552833,
      1.0982428043988728,
      2.019999999999982
    ],
    "obj_class": "pedestrian",
    "point_num_in_lidar": 147,
    "speed": 1.6343157963654182,
    "if_vehicle": false,
    "motion_state": true,
    "pose": [
      [
        -0.18528046591592043,
        0.9825753640436121,
        -0.014724229166337574,
        43.07844461547211
      ],
      [
        -0.9826753266026356,
        -0.18518892777946647,
        0.007366377284324934,
        19.729690312276944
      ],
      [
        0.004511256630134962,
        0.015833982520355006,
        0.9998644575947093,
        1.208233727372999
      ],
      [
        0.0,
        0.0,
        0.0,
        1.0
      ]
    ],
    "location": [
      43.07844461547211,
      19.729690312276944,
      1.208233727372999
    ],
    "rotation": [
      0.015834805375979675,
      -0.004511271932033819,
      -1.7571555076144159
    ]
  },
  {
    "label_id": "PES5FWXW1H2xBozxmQ1gTA",
    "size": [
      0.8442639439971996,
      0.09986239830018995,
      0.8299999999999841
    ],
    "obj_class": "sign",
    "point_num_in_lidar": 30,
    "speed": 0.010344007994368697,
    "if_vehicle": false,
    "motion_state": false,
    "pose": [
      [
        -0.5657426070487872,
        0.8244504227939354,
        -0.014724229166337574,
        40.57553829707831
      ],
      [
        -0.8245788087325379,
        -0.5656991467864643,
        0.007366377284324934,
        43.64051677356474
      ],
      [
        -0.0022562710099642063,
        0.01630876083482248,
        0.9998644575947093,
        1.1876913288780315
      ],
      [
        0.0,
        0.0,
        0.0,
        1.0
      ]
    ],
    "location": [
      40.57553829707831,
      43.64051677356474,
      1.1876913288780315
    ],
    "rotation": [
      0.016309525394656132,
      0.002256272924323868,
      -2.172131634987929
    ]
  },
  {
    "label_id": "Q-ps1GWMC5qpDsjn1OHjLw",
    "size": [
      2.2055060766008228,
      4.57734672187009,
      1.7699999999999818
    ],
    "obj_class": "vehicle",
    "point_num_in_lidar": 542,
    "speed": 2.2737367544323206e-12,
    "if_vehicle": true,
    "motion_state": false,
    "pose": [
      [
        -0.6941192578038011,
        -0.7197094226292704,
        -0.014724229166337574,
        46.642690095755825
      ],
      [
        0.7196926158379782,
        -0.6942537541806983,
        0.007366377284324934,
        20.18396664784086
      ],
      [
        -0.015524002518317665,
        -0.005483774671620941,
        0.9998644575947093,
        1.1481626557904292
      ],
      [
        0.0,
        0.0,
        0.0,
        1.0
      ]
    ],
    "location": [
      46.642690095755825,
      20.18396664784086,
      1.1481626557904292
    ],
    "rotation": [
      -0.005484463066061023,
      0.015524626119551172,
      2.338108229925039
    ]
  },
  {
    "label_id": "S2eYOtqKBZvlG_UM7dMlow",
    "size": [
      1.015356086059777,
      0.13516787914706185,
      1.1499999999999773
    ],
    "obj_class": "sign",
    "point_num_in_lidar": 30,
    "speed": 0.010355903071551043,
    "if_vehicle": false,
    "motion_state": false,
    "pose": [
      [
        -0.49398477050579703,
        0.8693458710914732,
        -0.014724229166337574,
        74.86105167782443
      ],
      [
        -0.8694701212025664,
        -0.49393060729387833,
        0.007366377284324934,
        57.572092333262844
      ],
      [
        -0.0008688177770334548,
        0.016441155510126263,
        0.9998644575947093,
        4.184045139110424
      ],
      [
        0.0,
        0.0,
        0.0,
        1.0
      ]
    ],
    "location": [
      74.86105167782443,
      57.572092333262844,
      4.184045139110424
    ],
    "rotation": [
      0.01644190251216616,
      0.0008688178863371873,
      -2.0874633440055197
    ]
  },
  {
    "label_id": "TAl_BqipReAf5gsI2aV_RA",
    "size": [
      2.323370911253999,
      5.119892405167558,
      1.8999999999999773
    ],
    "obj_class": "vehicle",
    "point_num_in_lidar": 8795,
    "speed": 9.372859616517049,
    "if_vehicle": true,
    "motion_state": true,
    "pose": [
      [
        0.7162937387646359,
        -0.6976435170501026,
        -0.014724229166337574,
        22.335420514657017
      ],
      [
        0.6977779293123889,
        0.7162762720139624,
        0.007366377284324934,
        17.69459139634273
      ],
      [
        0.0054075106189891,
        -0.015550732064548106,
        0.9998644575947093,
        1.1956345608437005
      ],
      [
        0.0,
        0.0,
        0.0,
        1.0
      ]
    ],
    "location": [
      22.335420514657017,
      17.69459139634273,
      1.1956345608437005
    ],
    "rotation": [
      -0.01555158628604526,
      -0.005407536972993082,
      0.7723049434509691
    ]
  },
  {
    "label_id": "U0FXvRewXXTDX6H5KkWN8w",
    "size": [
      0.46438399760313503,
      0.07521161574320767,
      0.5
    ],
    "obj_class": "sign",
    "point_num_in_lidar": 68,
    "speed": 0.011664758943650001,
    "if_vehicle": false,
    "motion_state": false,
    "pose": [
      [
        -0.6860918349689001,
        0.7273659265214895,
        -0.014724229166337574,
        32.801671987606824
      ],
      [
        -0.7274994780294317,
        -0.6860686889463834,
        0.007366377284324934,
        15.733763366595667
      ],
      [
        -0.004743780761375462,
        0.01576588034097204,
        0.9998644575947093,
        2.717861941258775
      ],
      [
        0.0,
        0.0,
        0.0,
        1.0
      ]
    ],
    "location": [
      32.801671987606824,
      15.733763366595667,
      2.717861941258775
    ],
    "rotation": [
      0.015766710968187988,
      0.004743798553465838,
      -2.3269103502301394
    ]
  },
  {
    "label_id": "UIgFRo_TZ6HEshVgp_k3hw",
    "size": [
      0.913920740294654,
      0.9161598560749553,
      1.829999999999984
    ],
    "obj_class": "pedestrian",
    "point_num_in_lidar": 20,
    "speed": 1.4532551575076373,
    "if_vehicle": false,
    "motion_state": true,
    "pose": [
      [
        -0.7123817862721267,
        -0.7016376469825372,
        -0.014724229166337574,
        -15.410938790962973
      ],
      [
        0.701617390090342,
        -0.712515806427143,
        0.007366377284324934,
        56.568588662485126
      ],
      [
        -0.015659773643030433,
        -0.005083102230616048,
        0.9998644575947093,
        1.4062130339855798
      ],
      [
        0.0,
        0.0,
        0.0,
        1.0
      ]
    ],
    "location": [
      -15.410938790962973,
      56.568588662485126,
      1.4062130339855798
    ],
    "rotation": [
      -0.005083747503845803,
      0.015660413750831662,
      2.3638070747139577
    ]
  },
  {
    "label_id": "UzgcwGAkWdeM3lWj082ApQ",
    "size": [
      0.8987437200531767,
      0.8431158821777414,
      2.0
    ],
    "obj_class": "pedestrian",
    "point_num_in_lidar": 37,
    "speed": 0.8246225970872053,
    "if_vehicle": false,
    "motion_state": false,
    "pose": [
      [
        -0.9967555479064147,
        -0.07913011306222367,
        -0.014724229166337574,
        72.81259744496128
      ],
      [
        0.07902840884625716,
        -0.996845146991715,
        0.007366377284324934,
        33.99996154488326
      ],
      [
        -0.015260678655025105,
        0.006178845023619356,
        0.9998644575947093,
        4.399682473356847
      ],
      [
        0.0,
        0.0,
        0.0,
        1.0
      ]
    ],
    "location": [
      72.81259744496128,
      33.99996154488326,
      4.399682473356847
    ],
    "rotation": [
      0.00617960397024611,
      0.01526127105606191,
      3.0624725179530214
    ]
  },
  {
    "label_id": "XnEu7a052NmmsJK1Q7RzCw",
    "size": [
      0.4652510620714736,
      0.10225350307509287,
      0.5299999999999727
    ],
    "obj_class": "sign",
    "point_num_in_lidar": 77,
    "speed": 0.015334075905086737,
    "if_vehicle": false,
    "motion_state": false,
    "pose": [
      [
        -0.7078274010886734,
        -0.7062319501010355,
        -0.014724229166337574,
        38.33092421371839
      ],
      [
        0.706212560720246,
        -0.7079615494973281,
        0.007366377284324934,
        15.960076389994356
      ],
      [
        -0.01562655909044287,
        -0.005184311895588635,
        0.9998644575947093,
        3.151637059144832
      ],
      [
        0.0,
        0.0,
        0.0,
        1.0
      ]
    ],
    "location": [
      38.33092421371839,
      15.960076389994356,
      3.151637059144832
    ],
    "rotation": [
      -0.005184968220402998,
      0.01562719513355233,
      2.357336494456744
    ]
  },
  {
    "label_id": "Z5QKATZnhdyAEhR8O_ebsQ",
    "size": [
      2.23672129199925,
      5.270744933136602,
      1.9800000000000182
    ],
    "obj_class": "vehicle",
    "point_num_in_lidar": 1420,
    "speed": 7.089513806357571,
    "if_vehicle": true,
    "motion_state": true,
    "pose": [
      [
        0.6499726023182751,
        -0.7598149862374831,
        -0.014724229166337574,
        27.597528078644245
      ],
      [
        0.7599472566504634,
        0.6499430002662847,
        0.007366377284324934,
        33.36467679224734
      ],
      [
        0.003972825826068322,
        -0.015977580974401884,
        0.9998644575947093,
        1.275445654938153
      ],
      [
        0.0,
        0.0,
        0.0,
        1.0
      ]
    ],
    "location": [
      27.597528078644245,
      33.36467679224734,
      1.275445654938153
    ],
    "rotation": [
      -0.015978386960984994,
      -0.003972836276889351,
      0.8632411925681003
    ]
  },
  {
    "label_id": "a28HPKsxCj4N-XjU-U_xLQ",
    "size": [
      0.8964768289397054,
      0.9575506837562163,
      1.8100000000000023
    ],
    "obj_class": "pedestrian",
    "point_num_in_lidar": 278,
    "speed": 1.3355077780883875,
    "if_vehicle": false,
    "motion_state": true,
    "pose": [
      [
        0.9987261972562755,
        0.04826157881251306,
        -0.014724229166337574,
        11.320084225877508
      ],
      [
        -0.04815715186817049,
        0.9988126076545346,
        0.007366377284324934,
        31.060224633511098
      ],
      [
        0.015062258727202741,
        -0.006647917032623786,
        0.9998644575947093,
        1.1110129839878482
      ],
      [
        0.0,
        0.0,
        0.0,
        1.0
      ]
    ],
    "location": [
      11.320084225877508,
      31.060224633511098,
      1.1110129839878482
    ],
    "rotation": [
      -0.006648720257747435,
      -0.015062828318573663,
      -0.04818125497537834
    ]
  },
  {
    "label_id": "a4ttg8B_GNGWf0EiCRKDEw",
    "size": [
      0.9440813700304302,
      0.9389889363884447,
      1.829999999999984
    ],
    "obj_class": "pedestrian",
    "point_num_in_lidar": 37,
    "speed": 1.454110475546457,
    "if_vehicle": false,
    "motion_state": true,
    "pose": [
      [
        -0.76380798430356,
        -0.6452755691869869,
        -0.014724229166337574,
        12.91412116831998
      ],
      [
        0.6452451521775106,
        -0.763940069689453,
        0.007366377284324934,
        76.27447006069269
      ],
      [
        -0.016001771950444266,
        -0.0038742397039702686,
        0.9998644575947093,
        1.4022608580647784
      ],
      [
        0.0,
        0.0,
        0.0,
        1.0
      ]
    ],
