[
  {
    "label_id": "2mgIVDg2Dam4gckam7FU0w",
    "size": [
      0.8531989066236726,
      0.9873727070641302,
      2.03407124607196
    ],
    "obj_class": "pedestrian",
    "point_num_in_lidar": 96,
    "speed": 1.3808756707279488,
    "if_vehicle": false,
    "motion_state": true,
    "pose": [
      [
        -0.6753017723665374,
        0.737291643588039,
        -0.01919761792153734,
        41.80121709042578
      ],
      [
        -0.7375317231132977,
        -0.6751982526477469,
        0.012420830204106548,
        22.93999036232708
      ],
      [
        -0.003804423759707407,
        0.02254666087643913,
        0.9997385530443345,
        1.0689004397476651
      ],
      [
        0.0,
        0.0,
        0.0,
        1.0
      ]
    ],
    "location": [
      41.80121709042578,
      22.93999036232708,
      1.0689004397476651
    ],
    "rotation": [
      0.02254873479599622,
      0.0038044329370772556,
      -2.3121767384326044
    ]
  },
  {
    "label_id": "3JZ-dCSx2Rm0NEooV33HhA",
    "size": [
      0.8770365946334875,
      0.08206485123166174,
      0.8600000000000136
    ],
    "obj_class": "sign",
    "point_num_in_lidar": 77,
    "speed": 0.011602404663167745,
    "if_vehicle": false,
    "motion_state": false,
    "pose": [
      [
        -0.6860397659585021,
        0.7273107251991698,
        -0.01919761792153734,
        32.80382653862398
      ],
      [
        -0.7275522967805699,
        -0.6859397775507399,
        0.012420830204106548,
        15.726480578246992
      ],
      [
        -0.004134606743278933,
        0.02248845445776587,
        0.9997385530443345,
        3.4866370591449254
      ],
      [
        0.0,
        0.0,
        0.0,
        1.0
      ]
    ],
    "location": [
      32.80382653862398,
      15.726480578246992,
      3.4866370591449254
    ],
    "rotation": [
      0.022490542676658783,
      0.0041346185235346085,
      -2.326836230070775
    ]
  },
  {
    "label_id": "4sRZr1ONdtX-QRcs4A0-vw",
    "size": [
      2.119068701192318,
      4.376564357957686,
      1.5199999999999818
    ],
    "obj_class": "vehicle",
    "point_num_in_lidar": 234,
    "speed": 6.915300366811402e-12,
    "if_vehicle": true,
    "motion_state": false,
    "pose": [
      [
        -0.697217574596236,
        -0.7166024735795159,
        -0.01919761792153734,
        46.46961137256585
      ],
      [
        0.7165129380607406,
        -0.6974632123406983,
        0.012420830204106548,
        16.15618330354482
      ],
      [
        -0.022290429913018706,
        -0.0050953205113494085,
        0.9997385530443345,
        0.9339529722608972
      ],
      [
        0.0,
        0.0,
        0.0,
        1.0
      ]
    ],
    "location": [
      46.46961137256585,
      16.15618330354482,
      0.9339529722608972
    ],
    "rotation": [
      -0.0050966088864501805,
      0.022292276208492313,
      2.3425467933403112
    ]
  },
  {
    "label_id": "7icJBEuPRDJAEFyjeeK9Tw",
    "size": [
      2.029989842843359,
      4.529825083229547,
      1.5699999999999932
    ],
    "obj_class": "vehicle",
    "point_num_in_lidar": 201,
    "speed": 9.703589236352997,
    "if_vehicle": true,
    "motion_state": true,
    "pose": [
      [
        0.74424289829687,
        -0.6676331026850104,
        -0.01919761792153734,
        38.32205996635457
      ],
      [
        0.6678821640166168,
        0.7441633812312466,
        0.012420830204106548,
        37.5253455733764
      ],
      [
        0.005993606856985458,
        -0.0220658612717581,
        0.9997385530443345,
        1.140098843027772
      ],
      [
        0.0,
        0.0,
        0.0,
        1.0
      ]
    ],
    "location": [
      38.32205996635457,
      37.5253455733764,
      1.140098843027772
    ],
    "rotation": [
      -0.02206804876381164,
      -0.005993642742611569,
      0.7313757276110775
    ]
  },
  {
    "label_id": "9VgJc444cmIlvshIYPoRwQ",
    "size": [
      2.118796657695295,
      4.73377975721041,
      1.579999999999984
    ],
    "obj_class": "vehicle",
    "point_num_in_lidar": 58,
    "speed": 2.2737367544323206e-12,
    "if_vehicle": true,
    "motion_state": false,
    "pose": [
      [
        -0.7094491377772693,
        -0.7044951187717542,
        -0.01919761792153734,
        52.5673151693627
      ],
      [
        0.7044013683622269,
        -0.7096931979570209,
        0.012420830204106548,
        24.734408042881114
      ],
      [
        -0.02237483310577868,
        -0.0047108810544448584,
        0.9997385530443345,
        0.9350204122640662
      ],
      [
        0.0,
        0.0,
        0.0,
        1.0
      ]
    ],
    "location": [
      52.5673151693627,
      24.734408042881114,
      0.9350204122640662
    ],
    "rotation": [
      -0.004712078146580324,
      0.022376700457049384,
      2.359764703553731
    ]
  },
  {
    "label_id": "9_lx47WRH-mQLvLvwIpBWg",
    "size": [
      0.7276772904809795,
      0.9051974291215927,
      1.9399999999999977
    ],
    "obj_class": "pedestrian",
    "point_num_in_lidar": 21,
    "speed": 1.665599896563726,
    "if_vehicle": false,
    "motion_state": true,
    "pose": [
      [
        -0.7144220381547474,
        -0.6994516444079287,
        -0.01919761792153734,
        -0.33351701374704135
      ],
      [
        0.6993561674081571,
        -0.7146654280747143,
        0.012420830204106548,
        85.3501133808386
      ],
      [
        -0.02240764394108428,
        -0.004552257662980657,
        0.9997385530443345,
        1.482277903526608
      ],
      [
        0.0,
        0.0,
        0.0,
        1.0
      ]
    ],
    "location": [
      -0.33351701374704135,
      85.3501133808386,
      1.482277903526608
    ],
    "rotation": [
      -0.004553416678297197,
      0.022409519520594882,
      2.3668505467308094
    ]
  },
  {
    "label_id": "9yRa5_H_gVps_G_r_6mvIA",
    "size": [
      0.7756455715893809,
      0.8305019388285249,
      1.8845138035056834
    ],
    "obj_class": "pedestrian",
    "point_num_in_lidar": 24,
    "speed": 1.2856134395182257,
    "if_vehicle": false,
    "motion_state": true,
    "pose": [
      [
        0.6672086274501091,
        0.7446234611683143,
        -0.01919761792153734,
        33.03094232218791
      ],
      [
        -0.7445440861301886,
        0.6674577340817941,
        0.012420830204106548,
        55.74036512328894
      ],
      [
        0.02206244013484311,
        0.00600618781899476,
        0.9997385530443345,
        1.238667535669606
      ],
      [
        0.0,
        0.0,
        0.0,
        1.0
      ]
    ],
    "location": [
      33.03094232218791,
      55.74036512328894,
      1.238667535669606
    ],
    "rotation": [
      0.006007686251069452,
      -0.02206423034710182,
      -0.8401232156676188
    ]
  },
  {
    "label_id": "AO9dwFKv4rC9axdtqk9RKw",
    "size": [
      1.8762039635338568,
      4.431172548534873,
      1.5900000000000318
    ],
    "obj_class": "vehicle",
    "point_num_in_lidar": 60,
    "speed": 0.005050492854310527,
    "if_vehicle": true,
    "motion_state": false,
    "pose": [
      [
        0.7125277170107625,
        -0.7013812828680058,
        -0.01919761792153734,
        59.296712525399926
      ],
      [
        0.7016263947312421,
        0.7124367517144803,
        0.012420830204106548,
        68.33977237145882
      ],
      [
        0.00496535072983383,
        -0.022319741238426484,
        0.9997385530443345,
        1.9484355693714974
      ],
      [
        0.0,
        0.0,
        0.0,
        1.0
      ]
    ],
    "location": [
      59.296712525399926,
      68.33977237145882,
      1.9484355693714974
    ],
    "rotation": [
      -0.02232187004506172,
      -0.004965371133272152,
      0.7776895931208255
    ]
  },
  {
    "label_id": "ApuGFglgPB7yiubDIsruoA",
    "size": [
      2.098660180823792,
      4.058399703032842,
      1.579999999999984
    ],
    "obj_class": "vehicle",
    "point_num_in_lidar": 82,
    "speed": 2.5421149729252077e-12,
    "if_vehicle": true,
    "motion_state": false,
    "pose": [
      [
        -0.6911289653054519,
        -0.7224764389113005,
        -0.01919761792153734,
        52.69720859676818
      ],
      [
        0.7223889851017252,
        -0.6913753518753327,
        0.012420830204106548,
        18.248959564763936
      ],
      [
        -0.022246517019855888,
        -0.005283752199511186,
        0.9997385530443345,
        1.0024117282161455
      ],
      [
        0.0,
        0.0,
        0.0,
        1.0
      ]
    ],
    "location": [
      52.69720859676818,
      18.248959564763936,
      1.0024117282161455
    ],
    "rotation": [
      -0.005285084773275287,
      0.02224835242340439,
      2.3340830446935215
    ]
  },
  {
    "label_id": "C6e5B3f0p8EXgkDqcFxO5w",
    "size": [
      2.182234777079542,
      4.834819894509566,
      1.9800000000000182
    ],
    "obj_class": "vehicle",
    "point_num_in_lidar": 255,
    "speed": 0.0014919600678908128,
    "if_vehicle": true,
    "motion_state": false,
    "pose": [
      [
        -0.6851513594899539,
        -0.7281476952206926,
        -0.01919761792153734,
        48.57392179816088
      ],
      [
        0.7280622749232802,
        -0.6853984584244253,
        0.012420830204106548,
        22.82867624955543
      ],
      [
        -0.022202216614690556,
        -0.005466912676724926,
        0.9997385530443345,
        1.2217930754182476
      ],
      [
        0.0,
        0.0,
        0.0,
        1.0
      ]
    ],
    "location": [
      48.57392179816088,
      22.82867624955543,
      1.2217930754182476
    ],
    "rotation": [
      -0.005468287852973695,
      0.022204041073697944,
      2.3258397483058673
    ]
  },
  {
    "label_id": "C9cPjD8O_VEcJgOpJDHC3Q",
    "size": [
      0.9268047147065454,
      0.9427106435680166,
      2.1999999999999886
    ],
    "obj_class": "pedestrian",
    "point_num_in_lidar": 22,
    "speed": 0.417072123942654,
    "if_vehicle": false,
    "motion_state": false,
    "pose": [
      [
        0.955643239158925,
        0.2939004098601708,
        -0.01919761792153734,
        71.39577927156279
      ],
      [
        -0.2937039411823887,
        0.9558157342871966,
        0.012420830204106548,
        32.10993176906777
      ],
      [
        0.02199987235802976,
        -0.006231466364426219,
        0.9997385530443345,
        4.320198259461279
      ],
      [
        0.0,
        0.0,
        0.0,
        1.0
      ]
    ],
    "location": [
      71.39577927156279,
      32.10993176906777,
      4.320198259461279
    ],
    "rotation": [
      -0.0062330152685987185,
      -0.022001647380429822,
      -0.2981737614678119
    ]
  },
  {
    "label_id": "CZUwabcB3mvH43N9J3yGWQ",
    "size": [
      2.372938899734345,
      4.773708939237198,
      1.6999999999999886
    ],
    "obj_class": "vehicle",
    "point_num_in_lidar": 45,
    "speed": 8.345758526706458,
    "if_vehicle": true,
    "motion_state": true,
    "pose": [
      [
        0.697658486509151,
        -0.7161732246236936,
        -0.01919761792153734,
        66.18965704189759
      ],
      [
        0.7164163744308688,
        0.6975623996635497,
        0.012420830204106548,
        57.25045109561324
      ],
      [
        0.004496070405393198,
        -0.02241898543044097,
        0.9997385530443345,
        1.813275202069633
      ],
      [
        0.0,
        0.0,
        0.0,
        1.0
      ]
    ],
    "location": [
      66.18965704189759,
      57.25045109561324,
      1.813275202069633
    ],
    "rotation": [
      -0.022421090516126743,
      -0.00449608555327858,
      0.7986625161698654
    ]
  },
  {
    "label_id": "DwEkvmQeGLlhCH7eI0ArZA",
    "size": [
      0.9176379586477617,
      0.9243772860056179,
      1.8151881475899359
    ],
    "obj_class": "pedestrian",
    "point_num_in_lidar": 24,
    "speed": 1.4438398145437212,
    "if_vehicle": false,
    "motion_state": true,
    "pose": [
      [
        -0.7143476283626624,
        0.6995276387097069,
        -0.01919761792153734,
        53.34673012982603
      ],
      [
        -0.6997729860900314,
        -0.7142573002186828,
        0.012420830204106548,
        67.36882872314163
      ],
      [
        -0.0050233247237741994,
        0.02230676501736852,
        0.9997385530443345,
        2.0299317408133675
      ],
      [
        0.0,
        0.0,
        0.0,
        1.0
      ]
    ],
    "location": [
      53.34673012982603,
      67.36882872314163,
      2.0299317408133675
    ],
    "rotation": [
      0.02230889689299134,
      0.005023345850268699,
      -2.3665006310528462
    ]
  },
  {
    "label_id": "EHyNyPdydGtVbm2hzdravg",
    "size": [
      2.1161686429411737,
      4.43080589474992,
      1.5300000000000296
    ],
    "obj_class": "vehicle",
    "point_num_in_lidar": 39,
    "speed": 2.3437142008433857e-12,
    "if_vehicle": true,
    "motion_state": false,
    "pose": [
      [
        -0.7133440207927626,
        -0.7005510398717235,
        -0.01919761792153734,
        51.164967834622075
      ],
      [
        0.7004559378107443,
        -0.7135875574606885,
        0.012420830204106548,
        15.592302894168824
      ],
      [
        -0.02240060679725032,
        -0.004586760505581234,
        0.9997385530443345,
        1.0244929142563706
      ],
      [
        0.0,
        0.0,
        0.0,
        1.0
      ]
    ],
    "location": [
      51.164967834622075,
      15.592302894168824,
      1.0244929142563706
    ],
    "rotation": [
      -0.004587927822932639,
      0.022402480609966757,
      2.3653101546268664
    ]
  },
  {
    "label_id": "Fe-uZ9qlinJ4Guviu-__IQ",
    "size": [
      0.6950761202699556,
      1.001424989274805,
      1.910000000000025
    ],
    "obj_class": "pedestrian",
    "point_num_in_lidar": 286,
    "speed": 0.8064507690392868,
    "if_vehicle": false,
    "motion_state": false,
    "pose": [
      [
        0.9646241718228926,
        -0.26292899916353296,
        -0.01919761792153734,
        18.60087291277887
      ],
      [
        0.2631872694332532,
        0.9646648040564707,
        0.012420830204106548,
        30.6037788687172
      ],
      [
        0.01525346987628489,
        -0.017034001689381344,
        0.9997385530443345,
        1.1210129839881233
      ],
      [
        0.0,
        0.0,
        0.0,
        1.0
      ]
    ],
    "location": [
      18.60087291277887,
      30.6037788687172,
      1.1210129839881233
    ],
    "rotation": [
      -0.01703680782334994,
      -0.015254061438151488,
      0.26635620737412824
    ]
  },
  {
    "label_id": "G6Mgy_kvMQsfCAyCXrx1BQ",
    "size": [
      0.8620947521915596,
      1.1094360817910744,
      2.019999999999982
    ],
    "obj_class": "pedestrian",
    "point_num_in_lidar": 98,
    "speed": 1.7566345614085195,
    "if_vehicle": false,
    "motion_state": true,
    "pose": [
      [
        0.5610702985197873,
        -0.8275455102802839,
        -0.01919761792153734,
        44.77725304078194
      ],
      [
        0.8277680111232976,
        0.560933010918435,
        0.012420830204106548,
        24.683017354305775
      ],
      [
        0.0004897753538275307,
        -0.022860132915697585,
        0.9997385530443345,
        1.1553857669193235
      ],
      [
        0.0,
        0.0,
        0.0,
        1.0
      ]
    ],
    "location": [
      44.77725304078194,
      24.683017354305775,
      1.1553857669193235
    ],
    "rotation": [
      -0.02286212718963482,
      -0.000489775373408743,
      0.9751180181275048
    ]
  },
  {
    "label_id": "GiPscZnqoFfFvj5jXUIwjA",
    "size": [
      2.066395381485692,
      4.663853484354714,
      1.829999999999984
    ],
    "obj_class": "vehicle",
    "point_num_in_lidar": 449,
    "speed": 1.1368683772161603e-12,
    "if_vehicle": true,
    "motion_state": false,
    "pose": [
      [
        -0.7341480971001253,
        -0.6787179259386064,
        -0.01919761792153734,
        43.23270705897448
      ],
      [
        0.6786155220862741,
        -0.7343886547058134,
        0.012420830204106548,
        13.903139488327724
      ],
      [
        -0.02252875291352081,
        -0.00390907264988829,
        0.9997385530443345,
        0.8347800726544392
      ],
      [
        0.0,
        0.0,
        0.0,
        1.0
      ]
    ],
    "location": [
      43.23270705897448,
      13.903139488327724,
      0.8347800726544392
    ],
    "rotation": [
      -0.003910075005545795,
      0.022530659073796522,
      2.395482025358785
    ]
  },
  {
    "label_id": "H0ATfIvGdadeca8zxrorMw",
    "size": [
      0.90697116789003,
      0.6684251695846886,
      1.920000000000016
    ],
    "obj_class": "pedestrian",
    "point_num_in_lidar": 53,
    "speed": 2.049518613753201e-12,
    "if_vehicle": false,
    "motion_state": false,
    "pose": [
      [
        0.33881389941304085,
        0.9406575322776449,
        -0.01919761792153734,
        41.433009510252305
      ],
      [
        -0.9406774952474607,
        0.339074583111156,
        0.012420830204106548,
        43.750772413222876
      ],
      [
        0.018193171782107033,
        0.01385041722574889,
        0.9997385530443345,
        1.2060720619205654
      ],
      [
        0.0,
        0.0,
        0.0,
        1.0
      ]
    ],
    "location": [
      41.433009510252305,
      43.750772413222876,
      1.2060720619205654
    ],
    "rotation": [
      0.013853153068612086,
      -0.018194175562491584,
      -1.2250807678170337
    ]
  },
  {
    "label_id": "H1KwN3bm7xetzBAXKSAkJQ",
    "size": [
      0.8718508778642197,
      0.8439339778954031,
      1.7800000000000296
    ],
    "obj_class": "pedestrian",
    "point_num_in_lidar": 54,
    "speed": 0.013291873398113142,
    "if_vehicle": false,
    "motion_state": false,
    "pose": [
      [
        0.739842899990389,
        0.6725057135816395,
        -0.01919761792153734,
        19.84585777760003
      ],
      [
        -0.6724012857178563,
        0.7400825858929628,
        0.012420830204106548,
        64.81946403186885
      ],
      [
        0.02256090199404549,
        0.0037190399346674636,
        0.9997385530443345,
        1.2476233726085297
      ],
      [
        0.0,
        0.0,
        0.0,
        1.0
      ]
    ],
    "location": [
      19.84585777760003,
      64.81946403186885,
      1.2476233726085297
    ],
    "rotation": [
      0.0037199953609692283,
      -0.022562816327632844,
      -0.7376794916646009
    ]
  },
  {
    "label_id": "IFM6U6TiltkbR_9izPEjXA",
    "size": [
      0.9453538610372593,
      0.8753901206048866,
      1.8500000000000227
    ],
    "obj_class": "pedestrian",
    "point_num_in_lidar": 159,
    "speed": 1.1565282292389738,
    "if_vehicle": false,
    "motion_state": true,
    "pose": [
      [
        -0.6924747560987922,
        -0.7211866357830384,
        -0.01919761792153734,
        1.662003531215305
      ],
      [
        0.721098722759981,
        -0.6927209791907308,
        0.012420830204106548,
        39.40549264159199
      ],
      [
        -0.022256329433268815,
        -0.005242266397121502,
        0.9997385530443345,
        1.236213033985564
      ],
      [
        0.0,
        0.0,
        0.0,
        1.0
      ]
    ],
    "location": [
      1.662003531215305,
      39.40549264159199,
      1.236213033985564
    ],
    "rotation": [
      -0.005243589271714554,
      0.02225816726690949,
      2.3359478912301945
    ]
  },
  {
    "label_id": "IdtzlKr8w-UleoH07PuGAA",
    "size": [
      0.8235683293085552,
      0.939835135752179,
      1.759999999999991
    ],
    "obj_class": "pedestrian",
    "point_num_in_lidar": 38,
    "speed": 2.6837337675885835,
    "if_vehicle": false,
    "motion_state": true,
    "pose": [
      [
        0.5339186559458563,
        0.8453178812133983,
        -0.01919761792153734,
        16.60619446423152
      ],
      [
        -0.8452810894412688,
        0.5341775012203553,
        0.012420830204106548,
        67.56561366243841
      ],
      [
        0.020754485441756655,
        0.009595670423086042,
        0.9997385530443345,
        1.125646639717388
      ],
      [
        0.0,
        0.0,
        0.0,
        1.0
      ]
    ],
    "location": [
      16.60619446423152,
      67.56561366243841,
      1.125646639717388
    ],
    "rotation": [
      0.009597885109989872,
      -0.02075597572513273,
      -1.0074319337264899
    ]
  },
  {
    "label_id": "IfoFHlW_Bb0HdgctcvNTaQ",
    "size": [
      2.0499922588120367,
      4.650134719515815,
      1.6999999999999886
    ],
    "obj_class": "vehicle",
    "point_num_in_lidar": 383,
    "speed": 0.03297230670977931,
    "if_vehicle": true,
    "motion_state": false,
    "pose": [
      [
        0.7249734088583072,
        -0.6885092649445644,
        -0.01919761792153734,
        20.27753047157603
      ],
      [
        0.688755966459839,
        0.7248868474755311,
        0.012420830204106548,
        6.029676676902454
      ],
      [
        0.005364244060352315,
        -0.02222724549919652,
        0.9997385530443345,
        0.7992740940518956
      ],
      [
        0.0,
        0.0,
        0.0,
        1.0
      ]
    ],
    "location": [
      20.27753047157603,
      6.029676676902454,
      0.7992740940518956
    ],
    "rotation": [
      -0.02222939601799379,
      -0.005364269786808139,
      0.7597853955160551
    ]
  },
  {
    "label_id": "J8bvMVrn5EZ0WGhQO07qSQ",
    "size": [
      0.905248086109902,
      1.0215068244376773,
      1.7800000000000296
    ],
    "obj_class": "pedestrian",
    "point_num_in_lidar": 28,
    "speed": 1.5337212463732952,
    "if_vehicle": false,
    "motion_state": true,
    "pose": [
      [
        -0.7428172074879272,
        -0.6692189833873337,
        -0.01919761792153734,
        8.931489149712434
      ],
      [
        0.6691134938936262,
        -0.743056428050054,
        0.012420830204106548,
        76.306242694518
      ],
      [
        -0.022577168761866107,
        -0.003618978795018616,
        0.9997385530443345,
        1.3872608580650194
      ],
      [
        0.0,
        0.0,
        0.0,
        1.0
      ]
    ],
    "location": [
      8.931489149712434,
      76.306242694518,
      1.3872608580650194
    ],
    "rotation": [
      -0.0036199094019070694,
      0.022579087239868432,
      2.40834781291659
    ]
  },
  {
    "label_id": "JIwIafnXjVCNvgOcHBrynQ",
    "size": [
      0.8078365520512535,
      0.9177911650848429,
      2.0151233647333697
    ],
    "obj_class": "pedestrian",
    "point_num_in_lidar": 76,
    "speed": 1.5371260227272072,
    "if_vehicle": false,
    "motion_state": true,
    "pose": [
      [
        0.8523018537018031,
        -0.5226978110176174,
        -0.01919761792153734,
        47.12228927277101
      ],
      [
        0.5229571200235252,
        0.852268486800809,
        0.012420830204106548,
        26.973485308742966
      ],
      [
        0.009869184017460722,
        -0.02062582758703454,
        0.9997385530443345,
        1.085793066969302
      ],
      [
        0.0,
        0.0,
        0.0,
        1.0
      ]
    ],
    "location": [
      47.12228927277101,
      26.973485308742966,
      1.085793066969302
    ],
    "rotation": [
      -0.020628295096512622,
      -0.009869344235541777,
      0.5503464915634321
    ]
  },
  {
    "label_id": "KIMtmvNTn718XRJNcfn2RA",
    "size": [
      0.6456584758664549,
      0.8107772221525958,
      1.6499999999999773
    ],
    "obj_class": "pedestrian",
    "point_num_in_lidar": 47,
    "speed": 1.1941748631238733,
    "if_vehicle": false,
    "motion_state": true,
    "pose": [
      [
        0.7054149823967475,
        0.7085345115633643,
        -0.01919761792153734,
        32.39865167234166
      ],
      [
        -0.7084421562391093,
        0.7056595739025457,
        0.012420830204106548,
        53.57541426556418
      ],
      [
        0.022347569744334026,
        0.00483856211520567,
        0.9997385530443345,
        1.0705512233429886
      ],
      [
        0.0,
        0.0,
        0.0,
        1.0
      ]
    ],
    "location": [
      32.39865167234166,
      53.57541426556418,
      1.0705512233429886
    ],
    "rotation": [
      0.004839789684635685,
      -0.022349430276888262,
      -0.787539234891822
    ]
  },
  {
    "label_id": "MDFcC1ERI2HCAT9f-NMOkQ",
    "size": [
      0.8981496602121855,
      0.1072508584288479,
      0.5099999999999909
    ],
    "obj_class": "sign",
    "point_num_in_lidar": 64,
    "speed": 0.009531587187541699,
    "if_vehicle": false,
    "motion_state": false,
    "pose": [
      [
        0.6850536523930331,
        -0.728239620460947,
        -0.01919761792153734,
        19.62783077637141
      ],
      [
        0.728481056339355,
        0.6849533367549488,
        0.012420830204106548,
        35.15190513818379
      ],
      [
        0.004104131779455186,
        -0.022494036079757744,
        0.9997385530443345,
        1.1864870152215303
      ],
      [
        0.0,
        0.0,
        0.0,
        1.0
      ]
    ],
    "location": [
      19.62783077637141,
      35.15190513818379,
      1.1864870152215303
    ],
    "rotation": [
      -0.022496122934046427,
      -0.004104143301138465,
      0.8161110621005511
    ]
  },
  {
    "label_id": "NR-ydNfoP_gKd7nePeHUGg",
    "size": [
      0.8420630655548907,
      1.0804344746293282,
      1.9700000000000273
    ],
    "obj_class": "pedestrian",
    "point_num_in_lidar": 61,
    "speed": 1.0337413023264657,
    "if_vehicle": false,
    "motion_state": true,
    "pose": [
      [
        0.6935068439239043,
        -0.720194216095106,
        -0.01919761792153734,
        50.481999826806714
      ],
      [
        0.7204368063899682,
        0.6934093531065645,
        0.012420830204106548,
        31.97653469118086
      ],
      [
        0.004366397752063265,
        -0.022444601299451812,
        0.9997385530443345,
        1.127056833224458
      ],
      [
        0.0,
        0.0,
        0.0,
        1.0
      ]
    ],
    "location": [
      50.481999826806714,
      31.97653469118086,
      1.127056833224458
    ],
    "rotation": [
      -0.022446700190924436,
      -0.004366411626723596,
      0.8044418550525597
    ]
  },
  {
    "label_id": "NVmWqAJVs2oPwpFNDwY82w",
    "size": [
      0.8981345550134782,
      0.8446989604514674,
      1.839999999999975
    ],
    "obj_class": "pedestrian",
    "point_num_in_lidar": 21,
    "speed": 0.881886805162182,
    "if_vehicle": false,
    "motion_state": false,
    "pose": [
      [
        0.7231655212125458,
        0.690407908700013,
        -0.01919761792153734,
        39.4159302947337
      ],
      [
        -0.6903093770894846,
        0.7234076906415693,
        0.012420830204106548,
        47.60576119834877
      ],
      [
        0.022463143851973687,
        0.004269979520573121,
        0.9997385530443345,
        1.1303510447390863
      ],
      [
        0.0,
        0.0,
        0.0,
        1.0
      ]
    ],
    "location": [
      39.4159302947337,
      47.60576119834877,
      1.1303510447390863
    ],
    "rotation": [
      0.004271070214466374,
      -0.022465033404620673,
      -0.762157405186133
    ]
  },
  {
    "label_id": "OaBaJCfNzU4Ykpv4ByH-2g",
    "size": [
      0.9375452324545858,
      1.0542668871771672,
      1.839999999999975
    ],
    "obj_class": "pedestrian",
    "point_num_in_lidar": 81,
    "speed": 1.4146172162373398,
    "if_vehicle": false,
    "motion_state": true,
    "pose": [
      [
        0.6339999561658992,
        -0.7730947594233042,
        -0.01919761792153734,
        48.16731632290248
      ],
      [
        0.7733288228689228,
        0.6338834709133904,
        0.012420830204106548,
        28.228159849109943
      ],
      [
        0.0025665739428917325,
        -0.022720877074097433,
        0.9997385530443345,
        1.0453902371946242
      ],
      [
        0.0,
        0.0,
        0.0,
        1.0
      ]
    ],
    "location": [
      48.16731632290248,
      28.228159849109943,
      1.0453902371946242
    ],
    "rotation": [
      -0.022722907280360274,
      -0.0025665767606996128,
      0.8840789536408444
    ]
  },
  {
    "label_id": "OaQW5LGNnGDxoNUGOPRPiA",
    "size": [
      0.9880183285458666,
      1.0982428043988728,
      2.019999999999982
    ],
    "obj_class": "pedestrian",
    "point_num_in_lidar": 93,
    "speed": 1.6119036030667513,
    "if_vehicle": false,
    "motion_state": true,
    "pose": [
      [
        -0.4336792060727171,
        0.9008628073609635,
        -0.01919761792153734,
        43.40780345429812
      ],
      [
        -0.9010627758470336,
        -0.4335107806731905,
        0.012420830204106548,
        20.583292772651475
      ],
      [
        0.002867089635193989,
        0.022684914675712146,
        0.9997385530443345,
        1.2438080145381605
      ],
      [
        0.0,
        0.0,
        0.0,
        1.0
      ]
    ],
    "location": [
      43.40780345429812,
      20.583292772651475,
      1.2438080145381605
    ],
    "rotation": [
      0.022686954018037754,
      -0.002867093563218311,
      -2.0193702533449507
    ]
  },
  {
    "label_id": "P-uHjAYe5u4Kr3C_Q5lLAw",
    "size": [
      0.5106701405808238,
      0.087061792529594,
      0.4800000000000182
    ],
    "obj_class": "sign",
    "point_num_in_lidar": 33,
    "speed": 0.06971135545819251,
    "if_vehicle": false,
    "motion_state": false,
    "pose": [
      [
        -0.7283759954413765,
        0.6849086513768989,
        -0.01919761792153734,
        28.245937124593183
      ],
      [
        -0.6851557787657033,
        -0.7282906574994652,
        0.012420830204106548,
        10.858585970505374
      ],
      [
        -0.005474311714423877,
        0.02220039342160176,
        0.9997385530443345,
        2.764410586823942
      ],
      [
        0.0,
        0.0,
        0.0,
        1.0
      ]
    ],
    "location": [
      28.245937124593183,
      10.858585970505374,
      2.764410586823942
    ],
    "rotation": [
      0.022202550172284254,
      0.005474339057235827,
      -2.3867610159891917
    ]
  },
  {
    "label_id": "PES5FWXW1H2xBozxmQ1gTA",
    "size": [
      0.8442639439972012,
      0.09986239830018995,
      0.8299999999999841
    ],
    "obj_class": "sign",
    "point_num_in_lidar": 23,
    "speed": 0.007308832187547362,
    "if_vehicle": false,
    "motion_state": false,
    "pose": [
      [
        -0.5656996716330696,
        0.8243878534891061,
        -0.01919761792153734,
        40.57435477503532
      ],
      [
        -0.8246111203000414,
        -0.5655636332496561,
        0.012420830204106548,
        43.64395136771782
      ],
      [
        -0.0006178929909273156,
        0.02285702878924424,
        0.9997385530443345,
        1.187691328878202
      ],
      [
        0.0,
        0.0,
        0.0,
        1.0
      ]
    ],
    "location": [
      40.57435477503532,
      43.64395136771782,
      1.187691328878202
    ],
    "rotation": [
      0.022859023873781262,
      0.0006178930302450632,
      -2.172077951176627
    ]
  },
  {
    "label_id": "Q-ps1GWMC5qpDsjn1OHjLw",
    "size": [
      2.2055060766008237,
      4.57734672187009,
      1.7699999999999818
    ],
    "obj_class": "vehicle",
    "point_num_in_lidar": 445,
    "speed": 2.2737367544323206e-12,
    "if_vehicle": true,
    "motion_state": false,
    "pose": [
      [
        -0.69406657960966,
        -0.719654802342822,
        -0.01919761792153734,
        46.642690095755825
      ],
      [
        0.7195663454866793,
        -0.6943126078503729,
        0.012420830204106548,
        20.18396664784086
      ],
      [
        -0.02226785826908769,
        -0.005193076634173616,
        0.9997385530443345,
        1.15030581169043
      ],
      [
        0.0,
        0.0,
        0.0,
        1.0
      ]
    ],
    "location": [
      46.642690095755825,
      20.18396664784086,
      1.15030581169043
    ],
    "rotation": [
      -0.005194387985060823,
      0.02226969896064102,
      2.338157982830919
    ]
  },
  {
    "label_id": "S2eYOtqKBZvlG_UM7dMlow",
    "size": [
      1.0153560860597757,
      0.13516787914706185,
      1.1499999999999773
    ],
    "obj_class": "sign",
    "point_num_in_lidar": 25,
    "speed": 0.010355903248357686,
    "if_vehicle": false,
    "motion_state": false,
    "pose": [
      [
        -0.49394728094572204,
        0.8692798945750826,
        -0.01919761792153734,
        74.86612315593084
      ],
      [
        -0.8694908554762875,
        -0.49379284646514937,
        0.012420830204106548,
        57.57568478669418
      ],
      [
        0.0013175315715344535,
        0.022827388536111333,
        0.9997385530443345,
        4.181999266005619
      ],
      [
        0.0,
        0.0,
        0.0,
        1.0
      ]
    ],
    "location": [
      74.86612315593084,
      57.57568478669418,
      4.181999266005619
    ],
    "rotation": [
      0.022829391338621826,
      -0.0013175319527162753,
      -2.087420505484369
    ]
  },
  {
    "label_id": "TAl_BqipReAf5gsI2aV_RA",
    "size": [
      2.3233709112508536,
      5.119892405167558,
      1.8999999999999773
    ],
    "obj_class": "vehicle",
    "point_num_in_lidar": 8267,
    "speed": 9.534481447951812,
    "if_vehicle": true,
    "motion_state": true,
    "pose": [
      [
        0.7167833724865798,
        -0.6970315978439597,
        -0.01919761792153734,
        18.283299631249974
      ],
      [
        0.6972772588139863,
        0.716693900712078,
        0.012420830204106548,
        13.752246909709356
      ],
      [
        0.005101104548849786,
        -0.022289106962870477,
        0.9997385530443345,
        1.1683625693290765
      ],
      [
        0.0,
        0.0,
        0.0,
        1.0
      ]
    ],
    "location": [
      18.283299631249974,
      13.752246909709356,
      1.1683625693290765
    ],
    "rotation": [
      -0.02229124300271138,
      -0.005101126671976608,
      0.771604641295717
    ]
  },
  {
    "label_id": "U0FXvRewXXTDX6H5KkWN8w",
    "size": [
      0.4643839976031361,
      0.07521161574320767,
      0.5
    ],
    "obj_class": "sign",
    "point_num_in_lidar": 57,
    "speed": 0.011664759140246598,
    "if_vehicle": false,
    "motion_state": false,
    "pose": [
      [
        -0.6860397659930509,
        0.7273107251665816,
        -0.01919761792153734,
        32.80413245794989
      ],
      [
        -0.7275522967479863,
        -0.6859397775853001,
        0.012420830204106548,
        15.727209567878162
      ],
      [
        -0.00413460674434718,
        0.022488454457569466,
        0.9997385530443345,
        2.717861941259059
      ],
      [
        0.0,
        0.0,
        0.0,
        1.0
      ]
    ],
    "location": [
      32.80413245794989,
      15.727209567878162,
      2.717861941259059
    ],
    "rotation": [
      0.022490542676462427,
      0.004134618524602865,
      -2.3268362301182655
    ]
  },
  {
    "label_id": "WVq-UApI2U-waO9QdqBnpg",
    "size": [
      0.8421556158072514,
      0.9593454399225863,
      1.8999999999999773
    ],
    "obj_class": "pedestrian",
    "point_num_in_lidar": 25,
    "speed": 1.4482248258194748,
    "if_vehicle": false,
    "motion_state": true,
    "pose": [
      [
        0.751387468009391,
        0.6595819315176661,
        -0.01919761792153734,
        0.37286853196201264
      ],
      [
        -0.6594733651648798,
        0.7516253079927192,
        0.012420830204106548,
        86.72593150399189
      ],
      [
        0.02262197066007961,
        0.003327461536227646,
        0.9997385530443345,
        1.4190780898697426
      ],
      [
        0.0,
        0.0,
        0.0,
        1.0
      ]
    ],
    "location": [
      0.37286853196201264,
      86.72593150399189,
      1.4190780898697426
    ],
    "rotation": [
      0.003328319428315702,
      -0.022623900583543216,
      -0.7203425627016898
    ]
  },
  {
    "label_id": "XnEu7a052NmmsJK1Q7RzCw",
    "size": [
      0.46525106207147315,
      0.10225350307509287,
      0.5299999999999727
    ],
    "obj_class": "sign",
    "point_num_in_lidar": 53,
    "speed": 0.01587889788367277,
    "if_vehicle": false,
    "motion_state": false,
    "pose": [
      [
        -0.7077736825542112,
        -0.7061783526488116,
        -0.01919761792153734,
        38.33822226666234
      ],
      [
        0.7060851822429371,
        -0.7080179647395954,
        0.012420830204106548,
        15.953948602909804
      ],
      [
        -0.02236357978072181,
        -0.004764016814817901,
        0.9997385530443345,
        3.1516370591450027
      ],
      [
        0.0,
        0.0,
        0.0,
        1.0
      ]
    ],
    "location": [
      38.33822226666234,
      15.953948602909804,
      3.1516370591450027
    ],
    "rotation": [
      -0.0047652266092992925,
      0.02236544431545815,
      2.357388739173332
    ]
  },
  {
    "label_id": "Z5QKATZnhdyAEhR8O_ebsQ",
    "size": [
      2.2367212919987525,
      5.270744933136602,
      1.9800000000000182
    ],
    "obj_class": "vehicle",
    "point_num_in_lidar": 1373,
    "speed": 7.726233997217934,
    "if_vehicle": true,
    "motion_state": true,
    "pose": [
      [
        0.6649005683055244,
        -0.7466851315870228,
        -0.01919761792153734,
        24.66575280593679
      ],
      [
        0.7469237364554132,
        0.6647936934843208,
        0.012420830204106548,
        30.07180774446897
      ],
      [
        0.003488006088786234,
        -0.022597773570534937,
        0.9997385530443345,
        1.2254456549380848
      ],
      [
        0.0,
        0.0,
        0.0,
        1.0
      ]
    ],
    "location": [
      24.66575280593679,
      30.07180774446897,
      1.2254456549380848
    ],
    "rotation": [
      -0.022599834807503758,
      -0.003488013161447039,
      0.8434302217623386
    ]
  },
  {
    "label_id": "a28HPKsxCj4N-XjU-U_xLQ",
    "size": [
      0.8964768289464293,
      0.9575506837562163,
      1.8100000000000023
    ],
    "obj_class": "pedestrian",
    "point_num_in_lidar": 248,
    "speed": 1.3423037057967815,
    "if_vehicle": false,
    "motion_state": true,
    "pose": [
      [
        0.9935712577030691,
        0.11156884570739345,
        -0.01919761792153734,
        10.540746061211394
      ],
      [
        -0.11134379454791142,
        0.9937043234245856,
        0.012420830204106548,
        31.137124378168664
      ],
      [
        0.020462533616684653,
        -0.010203444261945454,
        0.9997385530443345,
        1.1110129839880756
      ],
      [
        0.0,
        0.0,
        0.0,
        1.0
      ]
    ],
    "location": [
      10.540746061211394,
      31.137124378168664,
      1.1110129839880756
    ],
    "rotation": [
      -0.010205758268827017,
      -0.020463961881739743,
      -0.11159861452719642
    ]
  },
  {
    "label_id": "b9f92V65M77q1QxHy56XCg",
    "size": [
      1.026838103203219,
      0.9638849705541811,
      1.910000000000025
    ],
    "obj_class": "pedestrian",
    "point_num_in_lidar": 247,
    "speed": 1.3613615190232513,
    "if_vehicle": false,
    "motion_state": true,
    "pose": [
      [
        0.9894835388060647,
        0.14336588819508528,
        -0.01919761792153734,
        10.627788377063553
      ],
      [
        -0.14314521888197074,
        0.9896237513763873,
        0.012420830204106548,
        31.858298434359313
      ],
      [
        0.02077914201933442,
        -0.009542159805877694,
        0.9997385530443345,
        1.071012983988112
      ],
      [
        0.0,
        0.0,
        0.0,
        1.0
      ]
    ],
    "location": [
      10.627788377063553,
      31.858298434359313,
