[
  {
    "label_id": "003ynNxk1Wh4n8dKBPJJXg",
    "size": [
      0.7788622106922153,
      0.8631666814550667,
      1.7699999999999818
    ],
    "obj_class": "pedestrian",
    "point_num_in_lidar": 61,
    "speed": 1.516202672193457,
    "if_vehicle": false,
    "motion_state": true,
    "pose": [
      [
        -0.7084712648577617,
        -0.7056504186739391,
        -0.011222900522498303,
        64.31347320223358
      ],
      [
        0.7057108854575006,
        -0.7084963951305203,
        -0.0022370144944229417,
        22.528494214318926
      ],
      [
        -0.00637283434852926,
        -0.009504983553502691,
        0.9999345189911256,
        1.1193101244450077
      ],
      [
        0.0,
        0.0,
        0.0,
        1.0
      ]
    ],
    "location": [
      64.31347320223358,
      22.528494214318926,
      1.1193101244450077
    ],
    "rotation": [
      -0.009505319707787327,
      0.006372877485989935,
      2.3581464140615274
    ]
  },
  {
    "label_id": "2mgIVDg2Dam4gckam7FU0w",
    "size": [
      0.8531989066205058,
      0.9873727070641302,
      2.03407124607196
    ],
    "obj_class": "pedestrian",
    "point_num_in_lidar": 271,
    "speed": 1.5153483601559754,
    "if_vehicle": false,
    "motion_state": true,
    "pose": [
      [
        -0.5984495819077164,
        0.8010818587499916,
        -0.011222900522498303,
        38.88300716647427
      ],
      [
        -0.8011152818220346,
        -0.5985058905285343,
        -0.0022370144944229417,
        19.477055418137752
      ],
      [
        -0.008509003800774002,
        0.007652096726032975,
        0.9999345189911256,
        0.9700902344180236
      ],
      [
        0.0,
        0.0,
        0.0,
        1.0
      ]
    ],
    "location": [
      38.88300716647427,
      19.477055418137752,
      0.9700902344180236
    ],
    "rotation": [
      0.007652448446649979,
      0.008509106483893232,
      -2.2123878617298125
    ]
  },
  {
    "label_id": "4sRZr1ONdtX-QRcs4A0-vw",
    "size": [
      2.11906870119232,
      4.376564357957686,
      1.5199999999999818
    ],
    "obj_class": "vehicle",
    "point_num_in_lidar": 514,
    "speed": 6.915300366811402e-12,
    "if_vehicle": true,
    "motion_state": false,
    "pose": [
      [
        -0.6973021714057913,
        -0.7166894224534297,
        -0.011222900522498303,
        46.46961137257313
      ],
      [
        0.7167502764328479,
        -0.697326348992771,
        -0.0022370144944229417,
        16.156183303537546
      ],
      [
        -0.006222779620434874,
        -0.009603892116306358,
        0.9999345189911256,
        0.8951926020876613
      ],
      [
        0.0,
        0.0,
        0.0,
        1.0
      ]
    ],
    "location": [
      46.46961137257313,
      16.156183303537546,
      0.8951926020876613
    ],
    "rotation": [
      -0.009604225717523592,
      0.006222819781902938,
      2.342441903472986
    ]
  },
  {
    "label_id": "7icJBEuPRDJAEFyjeeK9Tw",
    "size": [
      2.0299898428528276,
      4.529825083229547,
      1.5699999999999932
    ],
    "obj_class": "vehicle",
    "point_num_in_lidar": 149,
    "speed": 10.261475020310947,
    "if_vehicle": true,
    "motion_state": true,
    "pose": [
      [
        0.6755352498629296,
        -0.737242275440368,
        -0.011222900522498303,
        60.18608400341327
      ],
      [
        0.7372699019472453,
        0.6755946176878936,
        -0.0022370144944229417,
        59.72025379462866
      ],
      [
        0.009231352843907957,
        -0.006763124622349014,
        0.9999345189911256,
        1.8788764579039139
      ],
      [
        0.0,
        0.0,
        0.0,
        1.0
      ]
    ],
    "location": [
      60.18608400341327,
      59.72025379462866,
      1.8788764579039139
    ],
    "rotation": [
      -0.006763464375365789,
      -0.009231483961648758,
      0.8290668923948799
    ]
  },
  {
    "label_id": "9VgJc444cmIlvshIYPoRwQ",
    "size": [
      2.118796657695296,
      4.73377975721041,
      1.579999999999984
    ],
    "obj_class": "vehicle",
    "point_num_in_lidar": 652,
    "speed": 0.043684060275400886,
    "if_vehicle": true,
    "motion_state": false,
    "pose": [
      [
        -0.7095352187020549,
        -0.7045805986012452,
        -0.011222900522498303,
        52.496705562673014
      ],
      [
        0.7046410273967443,
        -0.7095604401849165,
        -0.0022370144944229417,
        24.8052196481367
      ],
      [
        -0.006387169223335245,
        -0.009495356723084712,
        0.9999345189911256,
        0.9527973243014003
      ],
      [
        0.0,
        0.0,
        0.0,
        1.0
      ]
    ],
    "location": [
      52.496705562673014,
      24.8052196481367,
      0.9527973243014003
    ],
    "rotation": [
      -0.009495693115898405,
      0.006387212652551351,
      2.359655283554845
    ]
  },
  {
    "label_id": "9_lx47WRH-mQLvLvwIpBWg",
    "size": [
      0.7276772904794733,
      0.9051974291215927,
      1.9399999999999977
    ],
    "obj_class": "pedestrian",
    "point_num_in_lidar": 23,
    "speed": 1.5828578423951054,
    "if_vehicle": false,
    "motion_state": true,
    "pose": [
      [
        -0.7002521362549415,
        -0.7138073915099596,
        -0.011222900522498303,
        -3.8457636584644206
      ],
      [
        0.7138681452543748,
        -0.7002765646208865,
        -0.0022370144944229417,
        88.8664598519099
      ],
      [
        -0.006262336741943051,
        -0.00957814535892315,
        0.9999345189911256,
        1.4822779035266649
      ],
      [
        0.0,
        0.0,
        0.0,
        1.0
      ]
    ],
    "location": [
      -3.8457636584644206,
      88.8664598519099,
      1.4822779035266649
    ],
    "rotation": [
      -0.009578479642738615,
      0.006262377674197491,
      2.3465661803374886
    ]
  },
  {
    "label_id": "9yRa5_H_gVps_G_r_6mvIA",
    "size": [
      0.7756455715965729,
      0.8305019388285249,
      1.8845138035056834
    ],
    "obj_class": "pedestrian",
    "point_num_in_lidar": 126,
    "speed": 1.1310527293824615,
    "if_vehicle": false,
    "motion_state": true,
    "pose": [
      [
        0.7118261395575668,
        0.7022660418576664,
        -0.011222900522498303,
        35.660454986373225
      ],
      [
        -0.7023263881911564,
        0.7118515577116601,
        -0.0022370144944229417,
        53.04770038442075
      ],
      [
        0.006418059904406791,
        0.00947450458069428,
        0.9999345189911256,
        1.1383025121667742
      ],
      [
        0.0,
        0.0,
        0.0,
        1.0
      ]
    ],
    "location": [
      35.660454986373225,
      53.04770038442075,
      1.1383025121667742
    ],
    "rotation": [
      0.00947484148414,
      -0.006418103966801748,
      -0.7786806359123091
    ]
  },
  {
    "label_id": "AO9dwFKv4rC9axdtqk9RKw",
    "size": [
      1.876203963533857,
      4.431172548534873,
      1.5900000000000318
    ],
    "obj_class": "vehicle",
    "point_num_in_lidar": 174,
    "speed": 0.005050492903195124,
    "if_vehicle": true,
    "motion_state": false,
    "pose": [
      [
        0.7126141714745821,
        -0.7014663848805993,
        -0.011222900522498303,
        59.28596630233369
      ],
      [
        0.7014909166449352,
        0.7126748835414367,
        -0.0022370144944229417,
        68.35116593802377
      ],
      [
        0.00956746979319697,
        -0.006278634544422419,
        0.9999345189911256,
        1.9468693807823456
      ],
      [
        0.0,
        0.0,
        0.0,
        1.0
      ]
    ],
    "location": [
      59.28596630233369,
      68.35116593802377,
      1.9468693807823456
    ],
    "rotation": [
      -0.006278963184534734,
      -0.009567615761291446,
      0.7775323933621776
    ]
  },
  {
    "label_id": "ApuGFglgPB7yiubDIsruoA",
    "size": [
      2.098660180823796,
      4.058399703032842,
      1.579999999999984
    ],
    "obj_class": "vehicle",
    "point_num_in_lidar": 272,
    "speed": 2.5421149729252077e-12,
    "if_vehicle": true,
    "motion_state": false,
    "pose": [
      [
        -0.6912128233543393,
        -0.7225641005020835,
        -0.011222900522498303,
        52.697208596775454
      ],
      [
        0.7226251568854883,
        -0.6912364851498908,
        -0.0022370144944229417,
        18.24895956475666
      ],
      [
        -0.0061412919443857615,
        -0.009656203355355228,
        0.9999345189911256,
        1.0024117282160319
      ],
      [
        0.0,
        0.0,
        0.0,
        1.0
      ]
    ],
    "location": [
      52.697208596775454,
      18.24895956475666,
      1.0024117282160319
    ],
    "rotation": [
      -0.009656535530444203,
      0.006141330548656307,
      2.333980370317573
    ]
  },
  {
    "label_id": "C6e5B3f0p8EXgkDqcFxO5w",
    "size": [
      2.1822347770795414,
      4.834819894509566,
      1.9800000000000182
    ],
    "obj_class": "vehicle",
    "point_num_in_lidar": 736,
    "speed": 0.009260026826484477,
    "if_vehicle": true,
    "motion_state": false,
    "pose": [
      [
        -0.6852344922467685,
        -0.7282360449326684,
        -0.011222900522498303,
        48.578072111817164
      ],
      [
        0.7282972942462287,
        -0.6852576500556371,
        -0.0022370144944229417,
        22.824167773273075
      ],
      [
        -0.006061503850979751,
        -0.009706487575364667,
        0.9999345189911256,
        1.2273504334399945
      ],
      [
        0.0,
        0.0,
        0.0,
        1.0
      ]
    ],
    "location": [
      48.578072111817164,
      22.824167773273075,
      1.2273504334399945
    ],
    "rotation": [
      -0.009706818329774007,
      0.006061540970049739,
      2.3257392236955545
    ]
  },
  {
    "label_id": "C9cPjD8O_VEcJgOpJDHC3Q",
    "size": [
      0.92680471469911,
      0.9427106435680166,
      2.1999999999999886
    ],
    "obj_class": "pedestrian",
    "point_num_in_lidar": 51,
    "speed": 0.4184340463564867,
    "if_vehicle": false,
    "motion_state": false,
    "pose": [
      [
        0.9912794842181104,
        0.13129748920729198,
        -0.011222900522498303,
        72.55849430335002
      ],
      [
        -0.13133032008388978,
        0.9913361401627678,
        -0.0022370144944229417,
        31.968630160983594
      ],
      [
        0.010831952498966126,
        0.0036914136921093687,
        0.9999345189911256,
        4.678031743553959
      ],
      [
        0.0,
        0.0,
        0.0,
        1.0
      ]
    ],
    "location": [
      72.55849430335002,
      31.968630160983594,
      4.678031743553959
    ],
    "rotation": [
      0.00369163865521462,
      -0.010832164331139224,
      -0.13171857652163996
    ]
  },
  {
    "label_id": "CZUwabcB3mvH43N9J3yGWQ",
    "size": [
      2.3729388997280187,
      4.773708939237198,
      1.6999999999999886
    ],
    "obj_class": "vehicle",
    "point_num_in_lidar": 36,
    "speed": 9.1404003038403,
    "if_vehicle": true,
    "motion_state": true,
    "pose": [
      [
        0.7140574447876571,
        -0.6999971514564785,
        -0.011222900522498303,
        86.03067633360843
      ],
      [
        0.7000215581223398,
        0.7141182072529193,
        -0.0022370144944229417,
        77.10845076047553
      ],
      [
        0.009580381375167254,
        -0.006258915456570684,
        0.9999345189911256,
        2.9812714667396563
      ],
      [
        0.0,
        0.0,
        0.0,
        1.0
      ]
    ],
    "location": [
      86.03067633360843,
      77.10845076047553,
      2.9812714667396563
    ],
    "rotation": [
      -0.006259243580406744,
      -0.009580527935040632,
      0.7754726742863598
    ]
  },
  {
    "label_id": "D12DaDhs0GA7loPYgRNhcg",
    "size": [
      2.038543621682596,
      4.681338502763968,
      1.8500000000000227
    ],
    "obj_class": "vehicle",
    "point_num_in_lidar": 33,
    "speed": 0.0,
    "if_vehicle": true,
    "motion_state": false,
    "pose": [
      [
        0.7399183148895659,
        -0.6726031027246657,
        -0.011222900522498303,
        72.56632030411856
      ],
      [
        0.6726252032561949,
        0.7399799535870645,
        -0.0022370144944229417,
        81.4619208993463
      ],
      [
        0.009809344297539456,
        -0.0058935977499725185,
        0.9999345189911256,
        2.724647511972023
      ],
      [
        0.0,
        0.0,
        0.0,
        1.0
      ]
    ],
    "location": [
      72.56632030411856,
      81.4619208993463,
      2.724647511972023
    ],
    "rotation": [
      -0.00589391544494109,
      -0.00980950161882612,
      0.7377944811898968
    ]
  },
  {
    "label_id": "DwEkvmQeGLlhCH7eI0ArZA",
    "size": [
      0.9176379586480647,
      0.9243772860056179,
      1.8151881475899359
    ],
    "obj_class": "pedestrian",
    "point_num_in_lidar": 80,
    "speed": 1.5385291256055982,
    "if_vehicle": false,
    "motion_state": true,
    "pose": [
      [
        -0.6842057959647821,
        0.7292026297758812,
        -0.011222900522498303,
        50.14425808021406
      ],
      [
        -0.7292295523358046,
        -0.6842654863181935,
        -0.0022370144944229417,
        64.02177177624253
      ],
      [
        -0.009310680336107983,
        0.006653492441189298,
        0.9999345189911256,
        1.829301966935759
      ],
      [
        0.0,
        0.0,
        0.0,
        1.0
      ]
    ],
    "location": [
      50.14425808021406,
      64.02177177624253,
      1.829301966935759
    ],
    "rotation": [
      0.0066538299493691605,
      0.009310814863257709,
      -2.3243511254650584
    ]
  },
  {
    "label_id": "EUMXAh1506O2s7DJR1baLA",
    "size": [
      0.708809552359072,
      0.6986833978201178,
      1.5699999999999932
    ],
    "obj_class": "pedestrian",
    "point_num_in_lidar": 53,
    "speed": 0.15468937423722617,
    "if_vehicle": false,
    "motion_state": false,
    "pose": [
      [
        0.6280806617455166,
        0.7780673035446072,
        -0.011222900522498303,
        45.20344516909245
      ],
      [
        -0.7781301315850342,
        0.6280991116739533,
        -0.0022370144944229417,
        5.586297412235581
      ],
      [
        0.005308546012920467,
        0.010137902604328827,
        0.9999345189911256,
        1.0878413205017523
      ],
      [
        0.0,
        0.0,
        0.0,
        1.0
      ]
    ],
    "location": [
      45.20344516909245,
      5.586297412235581,
      1.0878413205017523
    ],
    "rotation": [
      0.010138219126438329,
      -0.005308570946292386,
      -0.8917007504328122
    ]
  },
  {
    "label_id": "Eili_rpNcBafD_rPaXdaag",
    "size": [
      2.0426662412136096,
      4.832900983299851,
      1.4800000000000182
    ],
    "obj_class": "vehicle",
    "point_num_in_lidar": 22,
    "speed": 3.457650183405701e-12,
    "if_vehicle": true,
    "motion_state": false,
    "pose": [
      [
        0.6946478836115649,
        -0.7192623751440332,
        -0.011222900522498303,
        83.11208089164211
      ],
      [
        0.7192884343264179,
        0.6947079559141397,
        -0.0022370144944229417,
        68.77544356336875
      ],
      [
        0.0094056386399028,
        -0.006518565161269648,
        0.9999345189911256,
        2.5402767588371375
      ],
      [
        0.0,
        0.0,
        0.0,
        1.0
      ]
    ],
    "location": [
      83.11208089164211,
      68.77544356336875,
      2.5402767588371375
    ],
    "rotation": [
      -0.006518899687372511,
      -0.009405777325355141,
      0.8028233164490499
    ]
  },
  {
    "label_id": "EqHGUBAn_kXXQ_sCK5UmhA",
    "size": [
      2.045946005115217,
      4.313099364671785,
      1.6200000000000045
    ],
    "obj_class": "vehicle",
    "point_num_in_lidar": 53,
    "speed": 1.1368683772161603e-12,
    "if_vehicle": true,
    "motion_state": false,
    "pose": [
      [
        0.7157752172977927,
        -0.698240563707208,
        -0.011222900522498303,
        63.476681048927276
      ],
      [
        0.6982648210029876,
        0.715836039548036,
        -0.0022370144944229417,
        72.713722391185
      ],
      [
        0.009595730923873839,
        -0.006235357088632719,
        0.9999345189911256,
        2.2896475119724187
      ],
      [
        0.0,
        0.0,
        0.0,
        1.0
      ]
    ],
    "location": [
      63.476681048927276,
      72.713722391185,
      2.2896475119724187
    ],
    "rotation": [
      -0.006235684589293523,
      -0.009595878189344324,
      0.77301555692153
    ]
  },
  {
    "label_id": "G6Mgy_kvMQsfCAyCXrx1BQ",
    "size": [
      0.8620947521963426,
      1.1094360817910744,
      2.019999999999982
    ],
    "obj_class": "pedestrian",
    "point_num_in_lidar": 151,
    "speed": 1.6443642136954009,
    "if_vehicle": false,
    "motion_state": true,
    "pose": [
      [
        0.5952428474182991,
        -0.8034674847815669,
        -0.011222900522498303,
        47.76963104434253
      ],
      [
        0.8035011326542705,
        0.5952990219960521,
        -0.0022370144944229417,
        28.99190989730414
      ],
      [
        0.008478350114256131,
        -0.007686046404117271,
        0.9999345189911256,
        1.1553857669192666
      ],
      [
        0.0,
        0.0,
        0.0,
        1.0
      ]
    ],
    "location": [
      47.76963104434253,
      28.99190989730414,
      1.1553857669192666
    ],
    "rotation": [
      -0.0076863983509222085,
      -0.0084784516915968,
      0.9332018662998223
    ]
  },
  {
    "label_id": "GiPscZnqoFfFvj5jXUIwjA",
    "size": [
      2.0663953814856932,
      4.663853484354714,
      1.829999999999984
    ],
    "obj_class": "vehicle",
    "point_num_in_lidar": 549,
    "speed": 1.1368683772161603e-12,
    "if_vehicle": true,
    "motion_state": false,
    "pose": [
      [
        -0.7342371748701344,
        -0.6788002780955424,
        -0.011222900522498303,
        43.2327070589854
      ],
      [
        0.6788597679348256,
        -0.7342645376467711,
        -0.0022370144944229417,
        13.903139488320448
      ],
      [
        -0.006722091802289869,
        -0.009261274846787475,
        0.9999345189911256,
        0.8347800726546097
      ],
      [
        0.0,
        0.0,
        0.0,
        1.0
      ]
    ],
    "location": [
      43.2327070589854,
      13.903139488320448,
      0.8347800726546097
    ],
    "rotation": [
      -0.009261616502140295,
      0.006722142427973221,
      2.395363129429043
    ]
  },
  {
    "label_id": "H0ATfIvGdadeca8zxrorMw",
    "size": [
      0.9069711678819158,
      0.6684251695846886,
      1.920000000000016
    ],
    "obj_class": "pedestrian",
    "point_num_in_lidar": 289,
    "speed": 0.07084391210759033,
    "if_vehicle": false,
    "motion_state": false,
    "pose": [
      [
        0.5723309700547625,
        0.8199459172531055,
        -0.011222900522498303,
        41.165029516185314
      ],
      [
        -0.8200098783000571,
        0.5723449967078226,
        -0.0022370144944229417,
        43.71092455674079
      ],
      [
        0.0045891400610633985,
        0.010483201967247127,
        0.9999345189911256,
        1.2060720619204517
      ],
      [
        0.0,
        0.0,
        0.0,
        1.0
      ]
    ],
    "location": [
      41.165029516185314,
      43.71092455674079,
      1.2060720619204517
    ],
    "rotation": [
      0.010483504386741765,
      -0.004589156169255615,
      -0.9614433647355481
    ]
  },
  {
    "label_id": "H1KwN3bm7xetzBAXKSAkJQ",
    "size": [
      0.8718508778780913,
      0.8439339778954031,
      1.7800000000000296
    ],
    "obj_class": "pedestrian",
    "point_num_in_lidar": 90,
    "speed": 0.02467396708418064,
    "if_vehicle": false,
    "motion_state": false,
    "pose": [
      [
        0.7159338872251567,
        0.6980778721794143,
        -0.011222900522498303,
        19.90735704146209
      ],
      [
        -0.6981380683532087,
        0.7159596589768186,
        -0.0022370144944229417,
        64.76610308612726
      ],
      [
        0.006473533712517367,
        0.009436688574868415,
        0.9999345189911256,
        1.2476233726086434
      ],
      [
        0.0,
        0.0,
        0.0,
        1.0
      ]
    ],
    "location": [
      19.90735704146209,
      64.76610308612726,
      1.2476233726086434
    ],
    "rotation": [
      0.009437026383353222,
      -0.006473578927376464,
      -0.7728140233850302
    ]
  },
  {
    "label_id": "HL-qj5d4P6_6hFA4xT5b8g",
    "size": [
      0.8176904717790165,
      0.6188773135043537,
      1.7300000000000182
    ],
    "obj_class": "pedestrian",
    "point_num_in_lidar": 51,
    "speed": 0.3819610175615121,
    "if_vehicle": false,
    "motion_state": false,
    "pose": [
      [
        -0.6413931024625958,
        -0.7671303244020979,
        -0.011222900522498303,
        46.91484729579679
      ],
      [
        0.7671928252343362,
        -0.6414126321449469,
        -0.0022370144944229417,
        4.215773580450332
      ],
      [
        -0.005482428509637669,
        -0.010044934426011107,
        0.9999345189911256,
        1.0078413205017682
      ],
      [
        0.0,
        0.0,
        0.0,
        1.0
      ]
    ],
    "location": [
      46.91484729579679,
      4.215773580450332,
      1.0078413205017682
    ],
    "rotation": [
      -0.010045254328609554,
      0.0054824559742552015,
      2.267121579156996
    ]
  },
  {
    "label_id": "IdtzlKr8w-UleoH07PuGAA",
    "size": [
      0.823568329310037,
      0.939835135752179,
      1.759999999999991
    ],
    "obj_class": "pedestrian",
    "point_num_in_lidar": 92,
    "speed": 2.7413125015224864,
    "if_vehicle": false,
    "motion_state": true,
    "pose": [
      [
        0.771570799285851,
        0.6360444545731493,
        -0.011222900522498303,
        22.639814760052104
      ],
      [
        -0.6361022959439856,
        0.7716014935580036,
        -0.0022370144944229417,
        61.38341835256142
      ],
      [
        0.007236766141235119,
        0.00886492785098807,
        0.9999345189911256,
        1.125646639717388
      ],
      [
        0.0,
        0.0,
        0.0,
        1.0
      ]
    ],
    "location": [
      22.639814760052104,
      61.38341835256142,
      1.125646639717388
    ],
    "rotation": [
      0.008865276116213981,
      -0.007236829308576747,
      -0.6894578441918346
    ]
  },
  {
    "label_id": "J7ch-TpU8C5wm6aMM9VIvg",
    "size": [
      0.6920728141611541,
      0.7117013578337321,
      1.740000000000009
    ],
    "obj_class": "pedestrian",
    "point_num_in_lidar": 56,
    "speed": 0.09557314155718001,
    "if_vehicle": false,
    "motion_state": false,
    "pose": [
      [
        0.6599292396984014,
        0.7512439318190542,
        -0.011222900522498303,
        36.07228382166795
      ],
      [
        -0.7513059372636134,
        0.6599502893389737,
        -0.0022370144944229417,
        48.82225196171203
      ],
      [
        0.005726012882718768,
        0.00990810307037072,
        0.9999345189911256,
        0.9976310947657225
      ],
      [
        0.0,
        0.0,
        0.0,
        1.0
      ]
    ],
    "location": [
      36.07228382166795,
      48.82225196171203,
      0.9976310947657225
    ],
    "rotation": [
      0.00990842763301208,
      -0.005726044173191161,
      -0.8500573503729831
    ]
  },
  {
    "label_id": "J8bvMVrn5EZ0WGhQO07qSQ",
    "size": [
      0.9052480861090891,
      1.0215068244376773,
      1.7800000000000296
    ],
    "obj_class": "pedestrian",
    "point_num_in_lidar": 33,
    "speed": 1.5235369647864487,
    "if_vehicle": false,
    "motion_state": true,
    "pose": [
      [
        -0.7455774581156026,
        -0.6663244708501548,
        -0.011222900522498303,
        5.504900667045149
      ],
      [
        0.6663834908939533,
        -0.7456058200082266,
        -0.0022370144944229417,
        79.44630075700843
      ],
      [
        -0.006877282447667608,
        -0.00914662320865761,
        0.9999345189911256,
        1.3872608580650194
      ],
      [
        0.0,
        0.0,
        0.0,
        1.0
      ]
    ],
    "location": [
      5.504900667045149,
      79.44630075700843,
      1.3872608580650194
    ],
    "rotation": [
      -0.009146967069671911,
      0.006877336661308695,
      2.4122237163566935
    ]
  },
  {
    "label_id": "JIwIafnXjVCNvgOcHBrynQ",
    "size": [
      0.8078365520604661,
      0.9177911650848429,
      2.0151233647333697
    ],
    "obj_class": "pedestrian",
    "point_num_in_lidar": 139,
    "speed": 1.7129746869180495,
    "if_vehicle": false,
    "motion_state": true,
    "pose": [
      [
        0.9794405027133971,
        -0.20142082352227125,
        -0.011222900522498303,
        51.53912597351518
      ],
      [
        0.20140841274858254,
        0.9795047968439197,
        -0.0022370144944229417,
        29.04277511055261
      ],
      [
        0.011443466197987145,
        -6.936397967685762e-05,
        0.9999345189911256,
        1.0857930669693587
      ],
      [
        0.0,
        0.0,
        0.0,
        1.0
      ]
    ],
    "location": [
      51.53912597351518,
      29.04277511055261,
      1.0857930669693587
    ],
    "rotation": [
      -6.936852188639523e-05,
      -0.011443715971922609,
      0.20280905223012943
    ]
  },
  {
    "label_id": "Jo4JefMWZmJ4Dm31X7-u1g",
    "size": [
      0.7198336385577516,
      0.9607013585296706,
      1.759999999999991
    ],
    "obj_class": "pedestrian",
    "point_num_in_lidar": 149,
    "speed": 2.2737367544323206e-12,
    "if_vehicle": false,
    "motion_state": false,
    "pose": [
      [
        0.8059130821098592,
        0.5919274876097995,
        -0.011222900522498303,
        35.56842040232368
      ],
      [
        -0.5919835230806334,
        0.8059469611377619,
        -0.0022370144944229417,
        49.627791106562654
      ],
      [
        0.007720912201828428,
        0.008446611436416849,
        0.9999345189911256,
        1.012073261230455
      ],
      [
        0.0,
        0.0,
        0.0,
        1.0
      ]
    ],
    "location": [
      35.56842040232368,
      49.627791106562654,
      1.012073261230455
    ],
    "rotation": [
      0.008446963659223516,
      -0.00772098891434707,
      -0.6335396163298228
    ]
  },
  {
    "label_id": "KIMtmvNTn718XRJNcfn2RA",
    "size": [
      0.6456584758651516,
      0.8107772221525958,
      1.6499999999999773
    ],
    "obj_class": "pedestrian",
    "point_num_in_lidar": 80,
    "speed": 0.8178612616835789,
    "if_vehicle": false,
    "motion_state": false,
    "pose": [
      [
        0.8207473169170294,
        0.5711811343850209,
        -0.011222900522498303,
        34.77138688423656
      ],
      [
        -0.5712362875863496,
        0.8207826140402323,
        -0.0022370144944229417,
        51.30781437971018
      ],
      [
        0.007933821151409415,
        0.008246951674624968,
        0.9999345189911256,
        1.0072906373914634
      ],
      [
        0.0,
        0.0,
        0.0,
        1.0
      ]
    ],
    "location": [
      34.77138688423656,
      51.30781437971018,
      1.0072906373914634
    ],
    "rotation": [
      0.008247304735128011,
      -0.007933904386847553,
      -0.6080331968453271
    ]
  },
  {
    "label_id": "M-7QVYfBS2-rLGLGuEcgbA",
    "size": [
      1.01819558353598,
      0.1004674997203901,
      0.5400000000000205
    ],
    "obj_class": "sign",
    "point_num_in_lidar": 79,
    "speed": 0.00022340884161637715,
    "if_vehicle": false,
    "motion_state": false,
    "pose": [
      [
        -0.7184677927094616,
        0.6954696811098642,
        -0.011222900522498303,
        34.790190747356974
      ],
      [
        -0.6954937032146221,
        -0.7185287082329855,
        -0.0022370144944229417,
        48.94030209677294
      ],
      [
        -0.009619751972132473,
        0.006198233779134538,
        0.9999345189911256,
        1.292691328878334
      ],
      [
        0.0,
        0.0,
        0.0,
        1.0
      ]
    ],
    "location": [
      34.790190747356974,
      48.94030209677294,
      1.292691328878334
    ],
    "rotation": [
      0.006198560283756993,
      0.009619900346356115,
      -2.3724410910884
    ]
  },
  {
    "label_id": "NR-ydNfoP_gKd7nePeHUGg",
    "size": [
      0.8420630655479228,
      1.0804344746293282,
      1.9700000000000273
    ],
    "obj_class": "pedestrian",
    "point_num_in_lidar": 143,
    "speed": 0.009052131728484963,
    "if_vehicle": false,
    "motion_state": false,
    "pose": [
      [
        -0.8304870728407535,
        -0.5569248318653595,
        -0.011222900522498303,
        51.33391674714221
      ],
      [
        0.556979367399096,
        -0.8305233169862568,
        -0.0022370144944229417,
        33.499597142283164
      ],
      [
        -0.008075031646965216,
        -0.008108735652779737,
        0.9999345189911256,
        1.1270568332245716
      ],
      [
        0.0,
        0.0,
        0.0,
        1.0
      ]
    ],
    "location": [
      51.33391674714221,
      33.499597142283164,
      1.1270568332245716
    ],
    "rotation": [
      -0.008109088907073705,
      0.008075119406475777,
      2.550826452104042
    ]
  },
  {
    "label_id": "NVmWqAJVs2oPwpFNDwY82w",
    "size": [
      0.8981345550104773,
      0.8446989604514674,
      1.839999999999975
    ],
    "obj_class": "pedestrian",
    "point_num_in_lidar": 80,
    "speed": 0.35642672232617867,
    "if_vehicle": false,
    "motion_state": false,
    "pose": [
      [
        0.6507063935303177,
        0.7592464922030456,
        -0.011222900522498303,
        41.11696077424858
      ],
      [
        -0.7593087500672793,
        0.6507266844362677,
        -0.0022370144944229417,
        45.88494994645589
      ],
      [
        0.005604595438865386,
        0.009977286201808601,
        0.9999345189911256,
        1.1685700219140926
      ],
      [
        0.0,
        0.0,
        0.0,
        1.0
      ]
    ],
    "location": [
      41.11696077424858,
      45.88494994645589,
      1.1685700219140926
    ],
    "rotation": [
      0.009977608454983803,
      -0.005604624780729102,
      -0.8622685150580062
    ]
  },
  {
    "label_id": "OaBaJCfNzU4Ykpv4ByH-2g",
    "size": [
      0.9375452324589011,
      1.0542668871771672,
      1.839999999999975
    ],
    "obj_class": "pedestrian",
    "point_num_in_lidar": 103,
    "speed": 1.2852976408605752,
    "if_vehicle": false,
    "motion_state": true,
    "pose": [
      [
        0.6055184399124662,
        -0.7957521381874101,
        -0.011222900522498303,
        50.85707897170869
      ],
      [
        0.7957850614257659,
        0.6055750422348513,
        -0.0022370144944229417,
        31.599949292838573
      ],
      [
        0.008576417525002728,
        -0.007576463054947016,
        0.9999345189911256,
        0.9753902371945173
      ],
      [
        0.0,
        0.0,
        0.0,
        1.0
      ]
    ],
    "location": [
      50.85707897170869,
      31.599949292838573,
      0.9753902371945173
    ],
    "rotation": [
      -0.007576814208346765,
      -0.008576522668125568,
      0.9203511917346334
    ]
  },
  {
    "label_id": "OaQW5LGNnGDxoNUGOPRPiA",
    "size": [
      0.9880183285398728,
      1.0982428043988728,
      2.019999999999982
    ],
    "obj_class": "pedestrian",
    "point_num_in_lidar": 187,
    "speed": 1.695517163791595,
    "if_vehicle": false,
    "motion_state": true,
    "pose": [
      [
        0.6000319257934975,
        0.7998973274942284,
        -0.011222900522498303,
        44.255417167612904
      ],
      [
        -0.7999607715423823,
        0.6000481312023797,
        -0.0022370144944229417,
        15.982687479510787
      ],
      [
        0.0049448985695405515,
        0.010320160276037714,
        0.9999345189911256,
        1.1035546822299693
      ],
      [
        0.0,
        0.0,
        0.0,
        1.0
      ]
    ],
    "location": [
      44.255417167612904,
      15.982687479510787,
      1.1035546822299693
    ],
    "rotation": [
      0.010320469660907473,
      -0.004944918721890286,
      -0.9272461396921883
    ]
  },
  {
    "label_id": "PES5FWXW1H2xBozxmQ1gTA",
    "size": [
      0.8442639439972007,
      0.09986239830018995,
      0.8299999999999841
    ],
    "obj_class": "sign",
    "point_num_in_lidar": 158,
    "speed": 0.021709305228246985,
    "if_vehicle": false,
    "motion_state": false,
    "pose": [
      [
        -0.565768310733882,
        0.8244878804889684,
        -0.011222900522498303,
        40.5523991069349
      ],
      [
        -0.8245235397521872,
        -0.5658232304887056,
        -0.0022370144944229417,
        43.60382062275312
      ],
      [
        -0.008194569168223245,
        0.007987913753500095,
        0.9999345189911256,
        1.187691328878202
      ],
      [
        0.0,
        0.0,
        0.0,
        1.0
      ]
    ],
    "location": [
      40.5523991069349,
      43.60382062275312,
      1.187691328878202
    ],
    "rotation": [
      0.007988266923216228,
      0.00819466088319771,
      -2.172184099614114
    ]
  },
  {
    "label_id": "Pv3Lf9faouPCSxaqDpc1og",
    "size": [
      1.9832784803348935,
      4.594323009820505,
      1.5600000000000023
    ],
    "obj_class": "vehicle",
    "point_num_in_lidar": 114,
    "speed": 7.8969401269261e-12,
    "if_vehicle": true,
    "motion_state": false,
    "pose": [
      [
        0.6939845742286123,
        -0.7199023942428542,
        -0.011222900522498303,
        73.86773294373779
      ],
      [
        0.7199285087886657,
        0.6940446224843759,
        -0.0022370144944229417,
        59.09813575205044
      ],
      [
        0.009399625846808084,
        -0.006527232485990399,
        0.9999345189911256,
        1.990276758836842
      ],
      [
        0.0,
        0.0,
        0.0,
        1.0
      ]
    ],
    "location": [
      73.86773294373779,
      59.09813575205044,
      1.990276758836842
    ],
    "rotation": [
      -0.006527567210839638,
      -0.009399764266448795,
      0.8037451352152214
    ]
  },
  {
    "label_id": "Q-ps1GWMC5qpDsjn1OHjLw",
    "size": [
      2.2055060766008214,
      4.57734672187009,
      1.7699999999999818
    ],
    "obj_class": "vehicle",
    "point_num_in_lidar": 688,
    "speed": 2.2737367544323206e-12,
    "if_vehicle": true,
    "motion_state": false,
    "pose": [
      [
        -0.6941507940936215,
        -0.7197421215706753,
        -0.011222900522498303,
        46.64269009576674
      ],
      [
        0.7198030810498696,
        -0.6941747044348898,
        -0.0022370144944229417,
        20.183966647833586
      ],
      [
        -0.006180580094907109,
        -0.009631103762113097,
        0.9999345189911256,
        1.1392315611313393
      ],
      [
        0.0,
        0.0,
        0.0,
        1.0
      ]
    ],
    "location": [
      46.64269009576674,
      20.183966647833586,
      1.1392315611313393
    ],
    "rotation": [
      -0.00963143662805407,
      0.006180619444834179,
      2.3380542427923108
    ]
  },
  {
    "label_id": "QzJBj9-xw7Q7xr5j6JQSeA",
    "size": [
      2.304446840817633,
      4.974115535925105,
      1.7900000000000205
    ],
    "obj_class": "vehicle",
    "point_num_in_lidar": 43,
    "speed": 1.3123322310792895e-11,
    "if_vehicle": true,
    "motion_state": false,
    "pose": [
      [
        0.7191663353646514,
        -0.6947473127562566,
        -0.011222900522498303,
        67.8788824279618
      ],
      [
        0.6947712736324254,
        0.7192272749981949,
        -0.0022370144944229417,
        76.91590180761705
      ],
      [
        0.009625975968969408,
        -0.006188563373754403,
        0.9999345189911256,
        2.3746475119723414
      ],
      [
        0.0,
        0.0,
        0.0,
        1.0
      ]
    ],
    "location": [
      67.8788824279618,
      76.91590180761705,
      2.3746475119723414
    ],
    "rotation": [
      -0.006188889616105419,
      -0.009626124631382606,
      0.7681465948673046
    ]
  },
  {
    "label_id": "RsYyboMUkbV1H__LSuMteQ",
    "size": [
      0.8086566255830281,
      0.8286798791523324,
      1.759999999999991
    ],
    "obj_class": "pedestrian",
    "point_num_in_lidar": 79,
    "speed": 0.4540254868661875,
    "if_vehicle": false,
    "motion_state": false,
    "pose": [
      [
        0.10434625802617364,
        0.9944777045966375,
        -0.011222900522498303,
        57.19714489388571
      ],
      [
        -0.9945404707379377,
        0.10432759860417049,
        -0.0022370144944229417,
        29.01497094439401
      ],
      [
        -0.0010538027786773977,
        0.011395052860333856,
        0.9999345189911256,
        1.1017145492940017
      ],
      [
        0.0,
        0.0,
        0.0,
        1.0
      ]
    ],
    "location": [
      57.19714489388571,
      29.01497094439401,
      1.1017145492940017
    ],
    "rotation": [
      0.011395305804939498,
      0.0010538029737188783,
      -1.4662597205349024
    ]
  },
  {
    "label_id": "S2eYOtqKBZvlG_UM7dMlow",
    "size": [
      1.0153560860597786,
      0.13516787914706185,
      1.1499999999999773
    ],
    "obj_class": "sign",
    "point_num_in_lidar": 55,
    "speed": 0.010355903081987828,
    "if_vehicle": false,
    "motion_state": false,
    "pose": [
      [
        -0.4940072139789141,
        0.8693853685453036,
        -0.011222900522498303,
        74.83991749387133
      ],
      [
        -0.8694255450593676,
        -0.4940589209440239,
        -0.0022370144944229417,
        57.557121634308714
      ],
      [
        -0.00748960179268271,
        0.00865237510589982,
        0.9999345189911256,
        4.192570830759109
      ],
      [
        0.0,
        0.0,
        0.0,
        1.0
      ]
    ],
    "location": [
      74.83991749387133,
      57.557121634308714,
      4.192570830759109
    ],
    "rotation": [
      0.00865272576056464,
      0.007489671814905942,
      -2.0875048790513193
    ]
  },
  {
    "label_id": "TAl_BqipReAf5gsI2aV_RA",
    "size": [
      2.3233709112572525,
      5.119892405167558,
      1.8999999999999773
    ],
    "obj_class": "vehicle",
    "point_num_in_lidar": 8826,
    "speed": 8.644828318305587,
    "if_vehicle": true,
    "motion_state": true,
    "pose": [
      [
        0.7119226327002564,
        -0.7021682216912113,
        -0.011222900522498303,
        38.332019651435985
      ],
      [
        0.7021928132665262,
        0.7119833205651613,
        -0.0022370144944229417,
        33.33130651841202
      ],
      [
        0.009561278469827248,
        -0.006288058842645234,
        0.9999345189911256,
        1.318266807145335
      ],
      [
        0.0,
        0.0,
        0.0,
        1.0
      ]
    ],
    "location": [
      38.332019651435985,
      33.33130651841202,
      1.318266807145335
    ],
    "rotation": [
      -0.006288387727776545,
      -0.009561424154719656,
      0.7785177733096388
    ]
  },
  {
    "label_id": "UzgcwGAkWdeM3lWj082ApQ",
    "size": [
      0.8987437200568722,
      0.8431158821777414,
      2.0
    ],
    "obj_class": "pedestrian",
    "point_num_in_lidar": 66,
    "speed": 1.1283447635552606,
    "if_vehicle": false,
    "motion_state": true,
    "pose": [
      [
        -0.9019453462099177,
        -0.43170434206078323,
        -0.011222900522498303,
        70.48923871295119
      ],
      [
        0.4317530984886327,
        -0.9019890563147741,
        -0.0022370144944229417,
        34.45447741537646
      ],
      [
        -0.009157204580907538,
        -0.006863186887267242,
        0.9999345189911256,
        3.633141082455495
