[
  {
    "label_id": "2DMf5SM1QFoIz358FjVTgA",
    "size": [
      2.0394920897565583,
      4.6432134001663945,
      1.7699999999999818
    ],
    "obj_class": "vehicle",
    "point_num_in_lidar": 3048,
    "speed": 0.04836164111327031,
    "if_vehicle": true,
    "motion_state": false,
    "pose": [
      [
        0.697539386369026,
        -0.715974564578109,
        -0.028622147737540335,
        15.389243961464672
      ],
      [
        0.7165181697532552,
        0.6973100160762848,
        0.018985623327573097,
        0.9125716474154615
      ],
      [
        0.006365286903798917,
        -0.03375150895705848,
        0.9994099853242181,
        0.7491418054389101
      ],
      [
        0.0,
        0.0,
        0.0,
        1.0
      ]
    ],
    "location": [
      15.389243961464672,
      0.9125716474154615,
      0.7491418054389101
    ],
    "rotation": [
      -0.03375860449368449,
      -0.0063653298881741205,
      0.7988188645792815
    ]
  },
  {
    "label_id": "2mgIVDg2Dam4gckam7FU0w",
    "size": [
      0.8531989066213852,
      0.9873727070641302,
      2.03407124607196
    ],
    "obj_class": "pedestrian",
    "point_num_in_lidar": 49,
    "speed": 1.404391781178777,
    "if_vehicle": false,
    "motion_state": true,
    "pose": [
      [
        -0.7497998671767027,
        0.6610453326668977,
        -0.028622147737540335,
        43.55035885680627
      ],
      [
        -0.6616047591597667,
        -0.7496123589989766,
        0.018985623327573097,
        24.77226005573175
      ],
      [
        -0.008905157996690866,
        0.03317196700981185,
        0.9994099853242181,
        1.0689004397474378
      ],
      [
        0.0,
        0.0,
        0.0,
        1.0
      ]
    ],
    "location": [
      43.55035885680627,
      24.77226005573175,
      1.0689004397474378
    ],
    "rotation": [
      0.03317936975061318,
      0.008905275700125465,
      -2.4186008215947563
    ]
  },
  {
    "label_id": "3JZ-dCSx2Rm0NEooV33HhA",
    "size": [
      0.8770365946334868,
      0.08206485123166174,
      0.8600000000000136
    ],
    "obj_class": "sign",
    "point_num_in_lidar": 86,
    "speed": 0.011602404670632296,
    "if_vehicle": false,
    "motion_state": false,
    "pose": [
      [
        -0.685885099736595,
        0.7271467545263552,
        -0.028622147737540335,
        32.8110659093436
      ],
      [
        -0.7276865843681559,
        -0.6856469798937861,
        0.018985623327573097,
        15.706893499453145
      ],
      [
        -0.00581935476901366,
        0.03384990907400537,
        0.9994099853242181,
        3.4866370591451528
      ],
      [
        0.0,
        0.0,
        0.0,
        1.0
      ]
    ],
    "location": [
      32.8110659093436,
      15.706893499453145,
      3.4866370591451528
    ],
    "rotation": [
      0.03385695021084147,
      0.005819387614815656,
      -2.326631570464485
    ]
  },
  {
    "label_id": "3UEJmY_UqHvR2yyZSFepYw",
    "size": [
      0.9440813700331228,
      0.9389889363884447,
      1.8700000000000045
    ],
    "obj_class": "pedestrian",
    "point_num_in_lidar": 22,
    "speed": 1.4147763797124768,
    "if_vehicle": false,
    "motion_state": true,
    "pose": [
      [
        -0.7000554279354917,
        -0.7135146603097556,
        -0.028622147737540335,
        14.237399930643733
      ],
      [
        0.7132976124541618,
        -0.7006040694815124,
        0.018985623327573097,
        74.94359850733599
      ],
      [
        -0.033599313761564116,
        -0.007125120981291576,
        0.9994099853242181,
        1.4222608580646465
      ],
      [
        0.0,
        0.0,
        0.0,
        1.0
      ]
    ],
    "location": [
      14.237399930643733,
      74.94359850733599,
      1.4222608580646465
    ],
    "rotation": [
      -0.007129206604587618,
      0.03360563876390362,
      2.3468254248035993
    ]
  },
  {
    "label_id": "4sRZr1ONdtX-QRcs4A0-vw",
    "size": [
      2.1190687011923175,
      4.376564357957686,
      1.5199999999999818
    ],
    "obj_class": "vehicle",
    "point_num_in_lidar": 102,
    "speed": 6.915300366811402e-12,
    "if_vehicle": true,
    "motion_state": false,
    "pose": [
      [
        -0.6970603883609002,
        -0.7164409170594889,
        -0.028622147737540335,
        46.46961137256949
      ],
      [
        0.7162261693557572,
        -0.6976099343020006,
        0.018985623327573097,
        16.15618330354482
      ],
      [
        -0.03356917199052016,
        -0.007265805262801203,
        0.9994099853242181,
        0.9564488931491724
      ],
      [
        0.0,
        0.0,
        0.0,
        1.0
      ]
    ],
    "location": [
      46.46961137256949,
      16.15618330354482,
      0.9564488931491724
    ],
    "rotation": [
      -0.007269966644244351,
      0.03357547997999312,
      2.342634178500356
    ]
  },
  {
    "label_id": "7icJBEuPRDJAEFyjeeK9Tw",
    "size": [
      2.029989842847706,
      4.529825083229547,
      1.5699999999999932
    ],
    "obj_class": "vehicle",
    "point_num_in_lidar": 276,
    "speed": 8.760768617325645,
    "if_vehicle": true,
    "motion_state": true,
    "pose": [
      [
        0.7839079933618344,
        -0.620216922215375,
        -0.028622147737540335,
        25.93757451174679
      ],
      [
        0.6207855325166027,
        0.7837505143379119,
        0.018985623327573097,
        26.67708796801162
      ],
      [
        0.01065741814418513,
        -0.032651197110459315,
        0.9994099853242181,
        0.9429647920253501
      ],
      [
        0.0,
        0.0,
        0.0,
        1.0
      ]
    ],
    "location": [
      25.93757451174679,
      26.67708796801162,
      0.9429647920253501
    ],
    "rotation": [
      -0.032658856890680765,
      -0.01065761990042014,
      0.6697892592783217
    ]
  },
  {
    "label_id": "C6e5B3f0p8EXgkDqcFxO5w",
    "size": [
      2.182234777079541,
      4.834819894509566,
      1.9800000000000182
    ],
    "obj_class": "vehicle",
    "point_num_in_lidar": 113,
    "speed": 0.0014919600884691798,
    "if_vehicle": true,
    "motion_state": false,
    "pose": [
      [
        -0.6849968935574293,
        -0.727983535854735,
        -0.028622147737540335,
        48.575740455522464
      ],
      [
        0.7277779968248766,
        -0.6855499496349141,
        0.018985623327573097,
        22.826700646197423
      ],
      [
        -0.03344313314032665,
        -0.00782547634361375,
        0.9994099853242181,
        1.2217930754182476
      ],
      [
        0.0,
        0.0,
        0.0,
        1.0
      ]
    ],
    "location": [
      48.575740455522464,
      22.826700646197423,
      1.2217930754182476
    ],
    "rotation": [
      -0.007829936199051986,
      0.03344937032055892,
      2.3259221273894237
    ]
  },
  {
    "label_id": "CZUwabcB3mvH43N9J3yGWQ",
    "size": [
      2.3729388997354106,
      4.773708939237198,
      1.6999999999999886
    ],
    "obj_class": "vehicle",
    "point_num_in_lidar": 45,
    "speed": 7.343715845159952,
    "if_vehicle": true,
    "motion_state": true,
    "pose": [
      [
        0.7126182187130344,
        -0.7009679357981734,
        -0.028622147737540335,
        56.31487210760679
      ],
      [
        0.7015162991399262,
        0.7124004689413708,
        0.018985623327573097,
        47.305977631913265
      ],
      [
        0.007082118276562372,
        -0.033608404231127285,
        0.9994099853242181,
        1.4012761881016331
      ],
      [
        0.0,
        0.0,
        0.0,
        1.0
      ]
    ],
    "location": [
      56.31487210760679,
      47.305977631913265,
      1.4012761881016331
    ],
    "rotation": [
      -0.03361557771679923,
      -0.007082177480157305,
      0.777547643267209
    ]
  },
  {
    "label_id": "DFgfZtoGdZJLVBYdx3oKGQ",
    "size": [
      1.3785004105489063,
      0.15689031437909554,
      0.4700000000000273
    ],
    "obj_class": "sign",
    "point_num_in_lidar": 31,
    "speed": 0.005434922671006408,
    "if_vehicle": false,
    "motion_state": false,
    "pose": [
      [
        -0.6813626345218698,
        0.7313861722348237,
        -0.028622147737540335,
        52.4412247596556
      ],
      [
        -0.7319245150369053,
        -0.6811211715949331,
        0.018985623327573097,
        35.26137744695734
      ],
      [
        -0.005609328427510879,
        0.03388534593062894,
        0.9994099853242181,
        4.616189281978961
      ],
      [
        0.0,
        0.0,
        0.0,
        1.0
      ]
    ],
    "location": [
      52.4412247596556,
      35.26137744695734,
      4.616189281978961
    ],
    "rotation": [
      0.0338923673160971,
      0.005609357843774255,
      -2.320433657567044
    ]
  },
  {
    "label_id": "FUBBAMWnwtT4q8zdcG-J8Q",
    "size": [
      0.6207832016793629,
      0.8538091971167887,
      1.9024940406123392
    ],
    "obj_class": "pedestrian",
    "point_num_in_lidar": 22,
    "speed": 1.3720765673176754,
    "if_vehicle": false,
    "motion_state": true,
    "pose": [
      [
        -0.7001527683787006,
        -0.7134191429941673,
        -0.028622147737540335,
        13.584037899414398
      ],
      [
        0.7132020202877715,
        -0.700701380307121,
        0.018985623327573097,
        76.09777266437595
      ],
      [
        -0.03360028555061612,
        -0.007120536859193298,
        0.9994099853242181,
        1.517401754674438
      ],
      [
        0.0,
        0.0,
        0.0,
        1.0
      ]
    ],
    "location": [
      13.584037899414398,
      76.09777266437595,
      1.517401754674438
    ],
    "rotation": [
      -0.007124620009167621,
      0.03360661110196947,
      2.3469619314333956
    ]
  },
  {
    "label_id": "Fe-uZ9qlinJ4Guviu-__IQ",
    "size": [
      0.6950761202615242,
      1.001424989274805,
      1.910000000000025
    ],
    "obj_class": "pedestrian",
    "point_num_in_lidar": 159,
    "speed": 1.1398993223126512,
    "if_vehicle": false,
    "motion_state": true,
    "pose": [
      [
        0.9829763683934271,
        -0.18148893034827185,
        -0.028622147737540335,
        16.67206531813281
      ],
      [
        0.18206516048897822,
        0.9831031601225712,
        0.018985623327573097,
        30.221426115153008
      ],
      [
        0.02469284342055457,
        -0.02387351499159786,
        0.9994099853242181,
        1.1210129839881802
      ],
      [
        0.0,
        0.0,
        0.0,
        1.0
      ]
    ],
    "location": [
      16.67206531813281,
      30.221426115153008,
      1.1210129839881802
    ],
    "rotation": [
      -0.02388306702095539,
      -0.02469535346404526,
      0.18314278335539222
    ]
  },
  {
    "label_id": "G6Mgy_kvMQsfCAyCXrx1BQ",
    "size": [
      0.8620947521936131,
      1.1094360817910744,
      2.019999999999982
    ],
    "obj_class": "pedestrian",
    "point_num_in_lidar": 59,
    "speed": 1.7616179447142992,
    "if_vehicle": false,
    "motion_state": true,
    "pose": [
      [
        0.4185714529808975,
        -0.9077327312641925,
        -0.028622147737540335,
        43.16744253221623
      ],
      [
        0.9081686078117814,
        0.4181737986675803,
        0.018985623327573097,
        21.955810171042685
      ],
      [
        -0.00526483947245916,
        -0.03394057600535543,
        0.9994099853242181,
        1.1553857669194372
      ],
      [
        0.0,
        0.0,
        0.0,
        1.0
      ]
    ],
    "location": [
      43.16744253221623,
      21.955810171042685,
      1.1553857669194372
    ],
    "rotation": [
      -0.033947566437724654,
      0.005264863795035121,
      1.138918161388758
    ]
  },
  {
    "label_id": "GiPscZnqoFfFvj5jXUIwjA",
    "size": [
      2.066395381485696,
      4.663853484354714,
      1.829999999999984
    ],
    "obj_class": "vehicle",
    "point_num_in_lidar": 67,
    "speed": 1.1368683772161603e-12,
    "if_vehicle": true,
    "motion_state": false,
    "pose": [
      [
        -0.7339825849561875,
        -0.6785649104101414,
        -0.028622147737540335,
        43.2327070589854
      ],
      [
        0.6783213936119564,
        -0.7345200018210509,
        0.018985623327573097,
        13.903139488320448
      ],
      [
        -0.03390651780065585,
        -0.005479898254519073,
        0.9994099853242181,
        0.834780072654894
      ],
      [
        0.0,
        0.0,
        0.0,
        1.0
      ]
    ],
    "location": [
      43.2327070589854,
      13.903139488320448,
      0.834780072654894
    ],
    "rotation": [
      -0.005483078434994679,
      0.033913017946405985,
      2.3955857260402844
    ]
  },
  {
    "label_id": "H0ATfIvGdadeca8zxrorMw",
    "size": [
      0.9069711678900394,
      0.6684251695846886,
      1.920000000000016
    ],
    "obj_class": "pedestrian",
    "point_num_in_lidar": 24,
    "speed": 2.049518613753201e-12,
    "if_vehicle": false,
    "motion_state": false,
    "pose": [
      [
        0.33873751453223894,
        0.9404454630160175,
        -0.028622147737540335,
        41.43300951025594
      ],
      [
        -0.9404769777239032,
        0.33932668695252416,
        0.018985623327573097,
        43.750772413222876
      ],
      [
        0.02756720188619243,
        0.020487328142341586,
        0.9994099853242181,
        1.2060720619204517
      ],
      [
        0.0,
        0.0,
        0.0,
        1.0
      ]
    ],
    "location": [
      41.43300951025594,
      43.750772413222876,
      1.2060720619204517
    ],
    "rotation": [
      0.020496552360700325,
      -0.027570694699482267,
      -1.225084685368325
    ]
  },
  {
    "label_id": "H1KwN3bm7xetzBAXKSAkJQ",
    "size": [
      0.8718508778653098,
      0.8439339778954031,
      1.7800000000000296
    ],
    "obj_class": "pedestrian",
    "point_num_in_lidar": 35,
    "speed": 0.021306450089993944,
    "if_vehicle": false,
    "motion_state": false,
    "pose": [
      [
        0.7531857927082599,
        0.6571848555173199,
        -0.028622147737540335,
        19.861370278213144
      ],
      [
        -0.6569259903639906,
        0.7537159871537512,
        0.018985623327573097,
        64.78439417830668
      ],
      [
        0.034050034459898106,
        0.004502930992789569,
        0.9994099853242181,
        1.247623372608814
      ],
      [
        0.0,
        0.0,
        0.0,
        1.0
      ]
    ],
    "location": [
      19.861370278213144,
      64.78439417830668,
      1.247623372608814
    ],
    "rotation": [
      0.004505558868679264,
      -0.03405661752423727,
      -0.717239952346104
    ]
  },
  {
    "label_id": "IdtzlKr8w-UleoH07PuGAA",
    "size": [
      0.8235683292996588,
      0.939835135752179,
      1.759999999999991
    ],
    "obj_class": "pedestrian",
    "point_num_in_lidar": 24,
    "speed": 2.041075086395568,
    "if_vehicle": false,
    "motion_state": true,
    "pose": [
      [
        0.5020516714818521,
        0.8643638654069065,
        -0.028622147737540335,
        14.359650163045444
      ],
      [
        -0.8642891077535141,
        0.5026369309208166,
        0.018985623327573097,
        71.06730984777096
      ],
      [
        0.03079703526174009,
        0.015206046604335088,
        0.9994099853242181,
        1.125646639717445
      ],
      [
        0.0,
        0.0,
        0.0,
        1.0
      ]
    ],
    "location": [
      14.359650163045444,
      71.06730984777096,
      1.125646639717445
    ],
    "rotation": [
      0.015213849777483393,
      -0.030801905619957846,
      -1.0445513452663255
    ]
  },
  {
    "label_id": "IfoFHlW_Bb0HdgctcvNTaQ",
    "size": [
      2.0499922588120367,
      4.650134719515815,
      1.6999999999999886
    ],
    "obj_class": "vehicle",
    "point_num_in_lidar": 1713,
    "speed": 0.009615283350326596,
    "if_vehicle": true,
    "motion_state": false,
    "pose": [
      [
        0.724809965128532,
        -0.6883540419793194,
        -0.028622147737540335,
        20.24859000408469
      ],
      [
        0.6889061422268029,
        0.7246018722781825,
        0.018985623327573097,
        6.008154551680491
      ],
      [
        0.007670831282212679,
        -0.03347894236211623,
        0.9994099853242181,
        0.7992740940520093
      ],
      [
        0.0,
        0.0,
        0.0,
        1.0
      ]
    ],
    "location": [
      20.24859000408469,
      6.008154551680491,
      0.7992740940520093
    ],
    "rotation": [
      -0.03348618518006138,
      -0.007670906511602869,
      0.7600068515012857
    ]
  },
  {
    "label_id": "JIwIafnXjVCNvgOcHBrynQ",
    "size": [
      0.807836552065627,
      0.9177911650848429,
      2.0151233647333697
    ],
    "obj_class": "pedestrian",
    "point_num_in_lidar": 34,
    "speed": 1.4931652993477371,
    "if_vehicle": false,
    "motion_state": true,
    "pose": [
      [
        0.6950844351108033,
        -0.7183581284607183,
        -0.028622147737540335,
        44.931517001172324
      ],
      [
        0.7189009452896769,
        0.6948532053379854,
        0.018985623327573097,
        25.067323559072975
      ],
      [
        0.00624971425783171,
        -0.03377310033061117,
        0.9994099853242181,
        1.0857930669696998
      ],
      [
        0.0,
        0.0,
        0.0,
        1.0
      ]
    ],
    "location": [
      44.931517001172324,
      25.067323559072975,
      1.0857930669696998
    ],
    "rotation": [
      -0.033780183986614365,
      -0.006249754943070339,
      0.8022401043450753
    ]
  },
  {
    "label_id": "Jo4JefMWZmJ4Dm31X7-u1g",
    "size": [
      0.7198336385633239,
      0.9607013585296706,
      1.759999999999991
    ],
    "obj_class": "pedestrian",
    "point_num_in_lidar": 27,
    "speed": 1.1587737439439012,
    "if_vehicle": false,
    "motion_state": true,
    "pose": [
      [
        0.6928908815946111,
        0.7204741486423597,
        -0.028622147737540335,
        33.70385297280518
      ],
      [
        -0.7202625937708634,
        0.6934416645409559,
        0.018985623327573097,
        51.29083540495776
      ],
      [
        0.033526440573234874,
        0.00746049708366832,
        0.9994099853242181,
        1.0858095163520716
      ],
      [
        0.0,
        0.0,
        0.0,
        1.0
      ]
    ],
    "location": [
      33.70385297280518,
      51.29083540495776,
      1.0858095163520716
    ],
    "rotation": [
      0.0074647628298002665,
      -0.033532724496238196,
      -0.8047649840796476
    ]
  },
  {
    "label_id": "M-7QVYfBS2-rLGLGuEcgbA",
    "size": [
      1.0181955835359806,
      0.1004674997203901,
      0.5400000000000205
    ],
    "obj_class": "sign",
    "point_num_in_lidar": 32,
    "speed": 0.00022340884701764935,
    "if_vehicle": false,
    "motion_state": false,
    "pose": [
      [
        -0.7182186706821533,
        0.6952285334639617,
        -0.028622147737540335,
        34.79108776619978
      ],
      [
        -0.6957786260163973,
        -0.7180053270593454,
        0.018985623327573097,
        48.94092991648358
      ],
      [
        -0.007351507484505733,
        0.03355050777486578,
        0.9994099853242181,
        1.292691328878277
      ],
      [
        0.0,
        0.0,
        0.0,
        1.0
      ]
    ],
    "location": [
      34.79108776619978,
      48.94092991648358,
      1.292691328878277
    ],
    "rotation": [
      0.03355771240545077,
      0.0073515737044061134,
      -2.372063092717209
    ]
  },
  {
    "label_id": "MDFcC1ERI2HCAT9f-NMOkQ",
    "size": [
      0.8981496602121882,
      0.1072508584288479,
      0.5099999999999909
    ],
    "obj_class": "sign",
    "point_num_in_lidar": 59,
    "speed": 0.0036464467844433907,
    "if_vehicle": false,
    "motion_state": false,
    "pose": [
      [
        0.6848992084883674,
        -0.7280754403706378,
        -0.028622147737540335,
        19.62944075150517
      ],
      [
        0.7286149470717819,
        0.6846603574112115,
        0.018985623327573097,
        35.146914260840276
      ],
      [
        0.005773483834927034,
        -0.03385776304858177,
        0.9994099853242181,
        1.1901903590231768
      ],
      [
        0.0,
        0.0,
        0.0,
        1.0
      ]
    ],
    "location": [
      19.62944075150517,
      35.146914260840276,
      1.1901903590231768
    ],
    "rotation": [
      -0.03386479981519657,
      -0.0057735159101088345,
      0.8163152990200638
    ]
  },
  {
    "label_id": "NJ0RxWHefGuMqGcHY7VjbQ",
    "size": [
      0.5537821980166805,
      0.08772183907204364,
      0.5199999999999818
    ],
    "obj_class": "sign",
    "point_num_in_lidar": 64,
    "speed": 0.03918245169210051,
    "if_vehicle": false,
    "motion_state": false,
    "pose": [
      [
        -0.8158926658325824,
        0.5774945285450698,
        -0.028622147737540335,
        -1.3964177869529522
      ],
      [
        -0.5780707333231607,
        -0.8157657588928862,
        0.018985623327573097,
        10.877573028614279
      ],
      [
        -0.012384874477567797,
        0.032035856761150665,
        0.9994099853242181,
        2.4062915113651684
      ],
      [
        0.0,
        0.0,
        0.0,
        1.0
      ]
    ],
    "location": [
      -1.3964177869529522,
      10.877573028614279,
      2.4062915113651684
    ],
    "rotation": [
      0.03204379746243442,
      0.012385191108657578,
      -2.5251759458742367
    ]
  },
  {
    "label_id": "NR-ydNfoP_gKd7nePeHUGg",
    "size": [
      0.84206306555491,
      1.0804344746293282,
      1.9700000000000273
    ],
    "obj_class": "pedestrian",
    "point_num_in_lidar": 45,
    "speed": 1.6771985420995639,
    "if_vehicle": false,
    "motion_state": true,
    "pose": [
      [
        0.7231710122454986,
        -0.6900756912880726,
        -0.028622147737540335,
        48.78435481145789
      ],
      [
        0.6906272951304495,
        0.7229616070910421,
        0.018985623327573097,
        30.275469496657024
      ],
      [
        0.00759119678441944,
        -0.033497088912714384,
        0.9994099853242181,
        1.1270568332246285
      ],
      [
        0.0,
        0.0,
        0.0,
        1.0
      ]
    ],
    "location": [
      48.78435481145789,
      30.275469496657024,
      1.1270568332246285
    ],
    "rotation": [
      -0.033504322080112885,
      -0.007591269695034334,
      0.7623835856294535
    ]
  },
  {
    "label_id": "OaQW5LGNnGDxoNUGOPRPiA",
    "size": [
      0.9880183285457756,
      1.0982428043988728,
      2.019999999999982
    ],
    "obj_class": "pedestrian",
    "point_num_in_lidar": 40,
    "speed": 1.8093526811631058,
    "if_vehicle": false,
    "motion_state": true,
    "pose": [
      [
        -0.6247197805426801,
        0.7803242713497998,
        -0.028622147737540335,
        45.19322074131924
      ],
      [
        -0.7808430350897885,
        -0.6244387084883758,
        0.018985623327573097,
        23.179095227606012
      ],
      [
        -0.00305783427818294,
        0.03421009914883677,
        0.9994099853242181,
        1.2771867547824058
      ],
      [
        0.0,
        0.0,
        0.0,
        1.0
      ]
    ],
    "location": [
      45.19322074131924,
      23.179095227606012,
      1.2771867547824058
    ],
    "rotation": [
      0.03421693555447116,
      0.003057839043506689,
      -2.2455726835139433
    ]
  },
  {
    "label_id": "P-uHjAYe5u4Kr3C_Q5lLAw",
    "size": [
      0.5106701405808227,
      0.087061792529594,
      0.4800000000000182
    ],
    "obj_class": "sign",
    "point_num_in_lidar": 54,
    "speed": 0.0015945159517121086,
    "if_vehicle": false,
    "motion_state": false,
    "pose": [
      [
        -0.7282117846056004,
        0.6847542401624227,
        -0.028622147737540335,
        28.205566387678118
      ],
      [
        -0.6853073647092656,
        -0.7280064299043691,
        0.018985623327573097,
        10.821839406824438
      ],
      [
        -0.007836621514919878,
        0.03344052328355476,
        0.9994099853242181,
        2.7644105868241695
      ],
      [
        0.0,
        0.0,
        0.0,
        1.0
      ]
    ],
    "location": [
      28.205566387678118,
      10.821839406824438,
      2.7644105868241695
    ],
    "rotation": [
      0.03344778646050526,
      0.00783670172840175,
      -2.3865380842358803
    ]
  },
  {
    "label_id": "Q-ps1GWMC5qpDsjn1OHjLw",
    "size": [
      2.20550607660082,
      4.57734672187009,
      1.7699999999999818
    ],
    "obj_class": "vehicle",
    "point_num_in_lidar": 248,
    "speed": 2.2737367544323206e-12,
    "if_vehicle": true,
    "motion_state": false,
    "pose": [
      [
        -0.6939101037595166,
        -0.7194925576816951,
        -0.028622147737540335,
        46.6426900957631
      ],
      [
        0.7192802233237227,
        -0.6944605866730228,
        0.018985623327573097,
        20.183966647833586
      ],
      [
        -0.033536968196791014,
        -0.007413028963487256,
        0.9994099853242181,
        1.1567331363658013
      ],
      [
        0.0,
        0.0,
        0.0,
        1.0
      ]
    ],
    "location": [
      46.6426900957631,
      20.183966647833586,
      1.1567331363658013
    ],
    "rotation": [
      -0.007417269315958512,
      0.03354325804328944,
      2.338244045646719
    ]
  },
  {
    "label_id": "Z5QKATZnhdyAEhR8O_ebsQ",
    "size": [
      2.2367212920028043,
      5.270744933136602,
      1.9800000000000182
    ],
    "obj_class": "vehicle",
    "point_num_in_lidar": 2139,
    "speed": 9.880567762063203,
    "if_vehicle": true,
    "motion_state": true,
    "pose": [
      [
        0.7023458377862168,
        -0.7112602173630039,
        -0.028622147737540335,
        13.706879781544558
      ],
      [
        0.7118053550760325,
        0.7021201340169264,
        0.018985623327573097,
        18.365321365410637
      ],
      [
        0.006592467630592334,
        -0.03370787155525643,
        0.9994099853242181,
        1.0779452124320983
      ],
      [
        0.0,
        0.0,
        0.0,
        1.0
      ]
    ],
    "location": [
      13.706879781544558,
      18.365321365410637,
      1.0779452124320983
    ],
    "rotation": [
      -0.03371499100730012,
      -0.006592515383658414,
      0.7920872474586714
    ]
  },
  {
    "label_id": "_md0d61Qn6UYicamaGvcYg",
    "size": [
      2.166074573472384,
      4.745512814368736,
      1.8500000000000227
    ],
    "obj_class": "vehicle",
    "point_num_in_lidar": 2408,
    "speed": 1.1368683772161603e-12,
    "if_vehicle": true,
    "motion_state": false,
    "pose": [
      [
        0.7112050645817611,
        -0.7024016861968253,
        -0.028622147737540335,
        10.642055017568055
      ],
      [
        0.7029496098910375,
        0.7109862108795791,
        0.018985623327573097,
        -3.900098317528318
      ],
      [
        0.007014418528364203,
        -0.03362259905115924,
        0.9994099853242181,
        0.8144275360493225
      ],
      [
        0.0,
        0.0,
        0.0,
        1.0
      ]
    ],
    "location": [
      10.642055017568055,
      -3.900098317528318,
      0.8144275360493225
    ],
    "rotation": [
      -0.03362976486648624,
      -0.007014476050286541,
      0.7795604986340667
    ]
  },
  {
    "label_id": "a28HPKsxCj4N-XjU-U_xLQ",
    "size": [
      0.8964768289341549,
      0.9575506837562163,
      1.8100000000000023
    ],
    "obj_class": "pedestrian",
    "point_num_in_lidar": 50,
    "speed": 1.3301776381670607,
    "if_vehicle": false,
    "motion_state": true,
    "pose": [
      [
        0.947960363132066,
        0.3170992314550953,
        -0.028622147737540335,
        8.197496171058447
      ],
      [
        -0.3166564213606665,
        0.9483502817619234,
        0.018985623327573097,
        31.584870045408024
      ],
      [
        0.03316414843739714,
        -0.008934231509668992,
        0.9994099853242181,
        1.1110129839884166
      ],
      [
        0.0,
        0.0,
        0.0,
        1.0
      ]
    ],
    "location": [
      8.197496171058447,
      31.584870045408024,
      1.1110129839884166
    ],
    "rotation": [
      -0.008939267827947031,
      -0.03317023077240198,
      -0.3223861743418432
    ]
  },
  {
    "label_id": "a4ttg8B_GNGWf0EiCRKDEw",
    "size": [
      0.9440813700295468,
      0.9389889363884447,
      1.829999999999984
    ],
    "obj_class": "pedestrian",
    "point_num_in_lidar": 22,
    "speed": 1.4712896339061972,
    "if_vehicle": false,
    "motion_state": true,
    "pose": [
      [
        -0.7717431385550647,
        -0.6352899344016624,
        -0.028622147737540335,
        15.561890315584606
      ],
      [
        0.6350159540377042,
        -0.7722656824075816,
        0.018985623327573097,
        73.99859709419252
      ],
      [
        -0.03416527785285079,
        -0.0035234959179167814,
        0.9994099853242181,
        1.4022608580651763
      ],
      [
        0.0,
        0.0,
        0.0,
        1.0
      ]
    ],
    "location": [
      15.561890315584606,
      73.99859709419252,
      1.4022608580651763
    ],
    "rotation": [
      -0.0035255614523729837,
      0.03417192800897263,
      2.453083203133288
    ]
  },
  {
    "label_id": "b9f92V65M77q1QxHy56XCg",
    "size": [
      1.0268381031999492,
      0.9638849705541811,
      1.910000000000025
    ],
    "obj_class": "pedestrian",
    "point_num_in_lidar": 58,
    "speed": 1.2004704403321649,
    "if_vehicle": false,
    "motion_state": true,
    "pose": [
      [
        0.9590204298665936,
        0.28188754452331577,
        -0.028622147737540335,
        8.411885335055558
      ],
      [
        -0.2814306417758915,
        0.9593937356354132,
        0.018985623327573097,
        32.15831506259565
      ],
      [
        0.032811719980881685,
        -0.01015245123811402,
        0.9994099853242181,
        1.0710129839879983
      ],
      [
        0.0,
        0.0,
        0.0,
        1.0
      ]
    ],
    "location": [
      8.411885335055558,
      32.15831506259565,
      1.0710129839879983
    ],
    "rotation": [
      -0.010158095461110137,
      -0.0328176104004152,
      -0.2854426933761322
    ]
  },
  {
    "label_id": "cbJ1mpyRwWHXJ5ilYEIySw",
    "size": [
      3.469621889045902,
      13.928196120883477,
      3.6299999999999955
    ],
    "obj_class": "vehicle",
    "point_num_in_lidar": 432,
    "speed": 0.6800899643264651,
    "if_vehicle": true,
    "motion_state": false,
    "pose": [
      [
        -0.6799569168164467,
        -0.7326932263453527,
        -0.028622147737540335,
        65.58355673597907
      ],
      [
        0.73249150873713,
        -0.6805113781083064,
        0.018985623327573097,
        11.583024302621197
      ],
      [
        -0.03338833481135024,
        -0.008056074277912948,
        0.9994099853242181,
        1.9401712417439967
      ],
      [
        0.0,
        0.0,
        0.0,
        1.0
      ]
    ],
    "location": [
      65.58355673597907,
      11.583024302621197,
      1.9401712417439967
    ],
    "rotation": [
      -0.00806065570340439,
      0.03339454137171432,
      2.319017637761953
    ]
  },
  {
    "label_id": "fEXEJZ7FbCjlCrCL5pFRYQ",
    "size": [
      2.2781491678722237,
      5.159896609175984,
      2.170000000000016
    ],
    "obj_class": "vehicle",
    "point_num_in_lidar": 258,
    "speed": 6.5436960036068115,
    "if_vehicle": true,
    "motion_state": true,
    "pose": [
      [
        0.6930360376943504,
        -0.7203345216743435,
        -0.028622147737540335,
        45.738206627462205
      ],
      [
        0.7208766778582011,
        0.6928032631468956,
        0.018985623327573097,
        36.307343545980984
      ],
      [
        0.006153517452483857,
        -0.0337907599383034,
        0.9994099853242181,
        1.3284400126264018
      ],
      [
        0.0,
        0.0,
        0.0,
        1.0
      ]
    ],
    "location": [
      45.738206627462205,
      36.307343545980984,
      1.3284400126264018
    ],
    "rotation": [
      -0.033797833853735214,
      -0.0061535562877655745,
      0.805086113446474
    ]
  },
  {
    "label_id": "fiKsFjEQXMLc5CuM7tg-6A",
    "size": [
      0.8382113887241182,
      1.0345653599949847,
      2.1299999999999955
    ],
    "obj_class": "pedestrian",
    "point_num_in_lidar": 41,
    "speed": 1.6085837106400882,
    "if_vehicle": false,
    "motion_state": true,
    "pose": [
      [
        0.7908242800381514,
        0.6113736425141583,
        -0.028622147737540335,
        35.55268098081433
      ],
      [
        -0.6110837983671094,
        0.7913381941244143,
        0.018985623327573097,
        47.863461394146725
      ],
      [
        0.0342571083917675,
        0.0024762388577771917,
        0.9994099853242181,
        1.3366193609418247
      ],
      [
        0.0,
        0.0,
        0.0,
        1.0
      ]
    ],
    "location": [
      35.55268098081433,
      47.863461394146725,
      1.3366193609418247
    ],
    "rotation": [
      0.002477695667390842,
      -0.03426381233463528,
      -0.6578825160304805
    ]
  },
  {
    "label_id": "hCeYPkT4Qqa-w-KM2vtCNA",
    "size": [
      0.6849875432080691,
      0.6777899754387988,
      1.6499999999999773
    ],
    "obj_class": "pedestrian",
    "point_num_in_lidar": 26,
    "speed": 1.261133869355551,
    "if_vehicle": false,
    "motion_state": true,
    "pose": [
      [
        0.6726228727378282,
        0.7394317032213332,
        -0.028622147737540335,
        34.27258738413002
      ],
      [
        -0.739235520079216,
        0.6731793163489757,
        0.018985623327573097,
        54.26333174698084
      ],
      [
        0.033306409640222835,
        0.00838834376523425,
        0.9994099853242181,
        1.1168558330659266
      ],
      [
        0.0,
        0.0,
        0.0,
        1.0
      ]
    ],
    "location": [
      34.27258738413002,
      54.26333174698084,
      1.1168558330659266
    ],
    "rotation": [
      0.008393098846004938,
      -0.0333125706102064,
      -0.8325440289672035
    ]
  },
  {
    "label_id": "hhZ0Rb6EwzVBTTH9qJMP3Q",
    "size": [
      0.7592812340951198,
      0.8286735827888135,
      1.8700000000000045
    ],
    "obj_class": "pedestrian",
    "point_num_in_lidar": 21,
    "speed": 1.135634758724617,
    "if_vehicle": false,
    "motion_state": true,
    "pose": [
      [
        0.7346994190162155,
        0.6777887107027718,
        -0.028622147737540335,
        28.588575925728946
      ],
      [
        -0.6775446259902259,
        0.7352365781832595,
        0.018985623327573097,
        56.10282038362493
      ],
      [
        0.03391229111988912,
        0.0054440559554401,
        0.9994099853242181,
        1.074078089869829
      ],
      [
        0.0,
        0.0,
        0.0,
        1.0
      ]
    ],
    "location": [
      28.588575925728946,
      56.10282038362493,
      1.074078089869829
    ],
    "rotation": [
      0.0054472160471055785,
      -0.0339187945877234,
      -0.744949333494975
    ]
  },
  {
    "label_id": "jIv7yADYV4cZ_R0sYP0YKQ",
    "size": [
      0.5051623804750459,
      0.09243154877498444,
      0.6200000000000045
    ],
    "obj_class": "sign",
    "point_num_in_lidar": 45,
    "speed": 0.020809895896638838,
    "if_vehicle": false,
    "motion_state": false,
    "pose": [
      [
        -0.7282117846562446,
        0.6847542401085644,
        -0.028622147737540335,
        27.837893663287105
      ],
      [
        -0.6853073646554225,
        -0.728006429955054,
        0.018985623327573097,
        10.990414107720426
      ],
      [
        -0.007836621517393122,
        0.033440523282975164,
        0.9994099853242181,
        3.344410586823983
      ],
      [
        0.0,
        0.0,
        0.0,
        1.0
      ]
    ],
    "location": [
      27.837893663287105,
      10.990414107720426,
      3.344410586823983
    ],
    "rotation": [
      0.033447786459925966,
      0.00783670173087507,
      -2.3865380843098007
    ]
  },
  {
    "label_id": "mb2ReN8dasu79nOIzp9ZyQ",
    "size": [
      0.810152462851242,
      1.0422652811539592,
      1.670000000000016
    ],
    "obj_class": "pedestrian",
    "point_num_in_lidar": 22,
    "speed": 2.7859163897785697,
    "if_vehicle": false,
    "motion_state": true,
    "pose": [
      [
        0.6107665025499971,
        0.7912932781350633,
        -0.028622147737540335,
        15.316844618137111
      ],
      [
        -0.7911426329565049,
        0.6113369614423066,
        0.018985623327573097,
        68.68567882450589
      ],
      [
        0.032520972948133546,
        0.01104841856343428,
        0.9994099853242181,
        1.0592916664755307
      ],
      [
        0.0,
        0.0,
        0.0,
        1.0
      ]
    ],
    "location": [
      15.316844618137111,
      68.68567882450589,
      1.0592916664755307
    ],
    "rotation": [
      0.01105449082616331,
      -0.03252670811572354,
      -0.9133597738348137
    ]
  },
  {
    "label_id": "pvMYpGQKufPXLflpCPfzgw",
    "size": [
      0.8970275348080415,
      0.8911068298826499,
      1.8500000000000227
    ],
    "obj_class": "pedestrian",
    "point_num_in_lidar": 35,
    "speed": 1.0766299598898827,
    "if_vehicle": false,
    "motion_state": true,
    "pose": [
      [
        0.7048260879265938,
        0.7088024819630527,
        -0.028622147737540335,
        37.48528662980971
      ],
      [
        -0.7085817585843299,
        0.7053732611237838,
        0.018985623327573097,
        48.36080324034265
      ],
      [
        0.033646354626195,
        0.006899569161505609,
        0.9994099853242181,
        1.1010666671455738
      ],
      [
        0.0,
        0.0,
        0.0,
        1.0
      ]
    ],
    "location": [
      37.48528662980971,
      48.36080324034265,
      1.1010666671455738
    ],
    "rotation": [
      0.006903532738474381,
      -0.03365270624083544,
      -0.7880553311979392
    ]
  },
  {
    "label_id": "qrErJ96BKfUQQ7NeIagCxw",
    "size": [
      0.6456584758718085,
      0.8107772221525958,
      1.5699999999999932
    ],
    "obj_class": "pedestrian",
    "point_num_in_lidar": 32,
    "speed": 1.208272623414778,
    "if_vehicle": false,
    "motion_state": true,
    "pose": [
      [
        0.7359883812188533,
        0.6763888492352178,
        -0.028622147737540335,
        30.27799419828807
      ],
      [
        -0.6761437423852623,
        0.7365250747531379,
        0.018985623327573097,
        54.74585518180538
      ],
      [
        0.03392259341653773,
        0.0053794879070729745,
        0.9994099853242181,
        0.9672906373916135
      ],
      [
        0.0,
        0.0,
        0.0,
        1.0
      ]
    ],
    "location": [
      30.27799419828807,
      54.74585518180538,
      0.9672906373916135
    ],
    "rotation": [
      0.005382611774492091,
      -0.033929102815334164,
      -0.7430445833492847
    ]
  },
  {
    "label_id": "rthOj-5Y658EJgoNwV8xAw",
    "size": [
      2.1199929159371096,
      4.601915778446521,
      1.8199999999999932
    ],
    "obj_class": "vehicle",
    "point_num_in_lidar": 215,
    "speed": 3.639754730461873e-12,
    "if_vehicle": true,
    "motion_state": false,
    "pose": [
      [
        -0.7110860257703214,
        -0.7025221965269569,
        -0.028622147737540335,
        47.573661957936565
      ],
      [
        0.7022966279494105,
        -0.7116312194372524,
        0.018985623327573097,
        9.77247744655324
      ],
      [
        -0.033706235699899105,
        -0.006600826401968172,
        0.9994099853242181,
        0.8733218658194346
      ],
      [
        0.0,
        0.0,
        0.0,
        1.0
      ]
    ],
    "location": [
