[
  {
    "label_id": "1CIySQdZQvvKYIKWinEpAQ",
    "size": [
      0.7479217653317572,
      0.8796314435866537,
      1.7900000000000205
    ],
    "obj_class": "pedestrian",
    "point_num_in_lidar": 33,
    "speed": 1.504746764576637,
    "if_vehicle": false,
    "motion_state": true,
    "pose": [
      [
        0.7213170273715022,
        0.6922451773720313,
        -0.022323987750945438,
        -21.340752532447368
      ],
      [
        -0.6923491157594593,
        0.721551991043491,
        0.003927611012900451,
        60.049904830426385
      ],
      [
        0.018826787591998802,
        0.012622940479095148,
        0.9997430737157557,
        1.4862130339857913
      ],
      [
        0.0,
        0.0,
        0.0,
        1.0
      ]
    ],
    "location": [
      -21.340752532447368,
      60.049904830426385,
      1.4862130339857913
    ],
    "rotation": [
      0.012625513584235984,
      -0.01882789995541665,
      -0.7649096921409156
    ]
  },
  {
    "label_id": "238OQVFshNIu69JbOvNj2g",
    "size": [
      0.48020544117204134,
      0.0761095338621444,
      0.5600000000000023
    ],
    "obj_class": "sign",
    "point_num_in_lidar": 21,
    "speed": 0.013755127146502589,
    "if_vehicle": false,
    "motion_state": false,
    "pose": [
      [
        -0.6665792201819161,
        0.7450998475322379,
        -0.022323987750945438,
        38.76560153590981
      ],
      [
        -0.7453383045404249,
        -0.6666748725252333,
        0.003927611012900451,
        50.116995918462635
      ],
      [
        -0.011956379321238353,
        0.019256987067027977,
        0.9997430737157557,
        3.8310296185226775
      ],
      [
        0.0,
        0.0,
        0.0,
        1.0
      ]
    ],
    "location": [
      38.76560153590981,
      50.116995918462635,
      3.8310296185226775
    ],
    "rotation": [
      0.019259554293026417,
      0.011956664210279454,
      -2.3004705924170454
    ]
  },
  {
    "label_id": "2RASsgT-pdwc8yVFafN5wA",
    "size": [
      1.9263045126430083,
      4.255572104286605,
      1.9499999999999886
    ],
    "obj_class": "vehicle",
    "point_num_in_lidar": 21,
    "speed": 0.2666982380033641,
    "if_vehicle": true,
    "motion_state": false,
    "pose": [
      [
        -0.6603894406999045,
        -0.7505913842983831,
        -0.022323987750945438,
        74.83530093698573
      ],
      [
        0.7507147612669581,
        -0.6606148053802802,
        0.003927611012900451,
        4.606951131514506
      ],
      [
        -0.0176955878105611,
        -0.01416519429488139,
        0.9997430737157557,
        0.998697686655305
      ],
      [
        0.0,
        0.0,
        0.0,
        1.0
      ]
    ],
    "location": [
      74.83530093698573,
      4.606951131514506,
      0.998697686655305
    ],
    "rotation": [
      -0.014167886596178056,
      0.017696511455242855,
      2.2922713166625193
    ]
  },
  {
    "label_id": "2mgIVDg2Dam4gckam7FU0w",
    "size": [
      0.8531989066200788,
      0.9873727070641302,
      2.03407124607196
    ],
    "obj_class": "pedestrian",
    "point_num_in_lidar": 103,
    "speed": 1.3823784000621528,
    "if_vehicle": false,
    "motion_state": true,
    "pose": [
      [
        -0.6802025749749363,
        0.7326841724565651,
        -0.022323987750945438,
        41.42459293506181
      ],
      [
        -0.7329208254927619,
        -0.6803026072497,
        0.003927611012900451,
        22.53690418770566
      ],
      [
        -0.01230936864646029,
        0.019033286655188043,
        0.9997430737157557,
        1.0689004397474946
      ],
      [
        0.0,
        0.0,
        0.0,
        1.0
      ]
    ],
    "location": [
      41.42459293506181,
      22.53690418770566,
      1.0689004397474946
    ],
    "rotation": [
      0.019035878420295915,
      0.012309679521388723,
      -2.318905592424777
    ]
  },
  {
    "label_id": "3JZ-dCSx2Rm0NEooV33HhA",
    "size": [
      0.8770365946334865,
      0.08206485123166174,
      0.8600000000000136
    ],
    "obj_class": "sign",
    "point_num_in_lidar": 68,
    "speed": 0.011602404569036792,
    "if_vehicle": false,
    "motion_state": false,
    "pose": [
      [
        -0.6859952200343589,
        0.727263499469695,
        -0.022323987750945438,
        32.80221742867434
      ],
      [
        -0.7274993512698125,
        -0.6860971270700187,
        0.003927611012900451,
        15.730834238893294
      ],
      [
        -0.012460015730872256,
        0.018935008987572062,
        0.9997430737157557,
        3.4866370591449822
      ],
      [
        0.0,
        0.0,
        0.0,
        1.0
      ]
    ],
    "location": [
      32.80221742867434,
      15.730834238893294,
      3.4866370591449822
    ],
    "rotation": [
      0.018937610929753348,
      0.01246033816044258,
      -2.3268401436444166
    ]
  },
  {
    "label_id": "3UEJmY_UqHvR2yyZSFepYw",
    "size": [
      0.9440813700393503,
      0.9389889363884447,
      1.8700000000000045
    ],
    "obj_class": "pedestrian",
    "point_num_in_lidar": 21,
    "speed": 1.3894629868386152,
    "if_vehicle": false,
    "motion_state": true,
    "pose": [
      [
        -0.6851399711109901,
        -0.7280692683783098,
        -0.022323987750945438,
        12.08504601054301
      ],
      [
        0.7281850338207788,
        -0.6853693386716116,
        0.003927611012900451,
        77.1444071799051
      ],
      [
        -0.018159749598015657,
        -0.013565030479523035,
        0.9997430737157557,
        1.4222608580645897
      ],
      [
        0.0,
        0.0,
        0.0,
        1.0
      ]
    ],
    "location": [
      12.08504601054301,
      77.1444071799051,
      1.4222608580645897
    ],
    "rotation": [
      -0.01356768400440884,
      0.018160747855957414,
      2.3257473104058013
    ]
  },
  {
    "label_id": "4CQkb-9GOGUOW6ECTy58zQ",
    "size": [
      0.9139207402987959,
      0.9161598560749553,
      2.0600000000000023
    ],
    "obj_class": "pedestrian",
    "point_num_in_lidar": 34,
    "speed": 1.6108947641986011,
    "if_vehicle": false,
    "motion_state": true,
    "pose": [
      [
        -0.7407696414893269,
        -0.6713880977636331,
        -0.022323987750945438,
        -19.746005083121418
      ],
      [
        0.67148529157461,
        -0.7410074743689784,
        0.003927611012900451,
        60.45893159628031
      ],
      [
        -0.01917919306787882,
        -0.012080774422115822,
        0.9997430737157557,
        1.5212130339857595
      ],
      [
        0.0,
        0.0,
        0.0,
        1.0
      ]
    ],
    "location": [
      -19.746005083121418,
      60.45893159628031,
      1.5212130339857595
    ],
    "rotation": [
      -0.012083290976580214,
      0.019180369079573736,
      2.4052145667935103
    ]
  },
  {
    "label_id": "4sRZr1ONdtX-QRcs4A0-vw",
    "size": [
      2.1190687011923215,
      4.376564357957686,
      1.5199999999999818
    ],
    "obj_class": "vehicle",
    "point_num_in_lidar": 286,
    "speed": 6.915300366811402e-12,
    "if_vehicle": true,
    "motion_state": false,
    "pose": [
      [
        -0.6971723028747824,
        -0.7165559431580819,
        -0.022323987750945438,
        46.46961137256585
      ],
      [
        0.7166678719845755,
        -0.6974035669085952,
        0.003927611012900451,
        16.15618330354482
      ],
      [
        -0.018383181698840085,
        -0.013260663181019632,
        0.9997430737157557,
        0.9289527572530005
      ],
      [
        0.0,
        0.0,
        0.0,
        1.0
      ]
    ],
    "location": [
      46.46961137256585,
      16.15618330354482,
      0.9289527572530005
    ],
    "rotation": [
      -0.013263293277598417,
      0.018384217262595863,
      2.3424062742576655
    ]
  },
  {
    "label_id": "7icJBEuPRDJAEFyjeeK9Tw",
    "size": [
      2.029989842847911,
      4.529825083229547,
      1.5699999999999932
    ],
    "obj_class": "vehicle",
    "point_num_in_lidar": 164,
    "speed": 9.902118596836308,
    "if_vehicle": true,
    "motion_state": true,
    "pose": [
      [
        0.730142245989966,
        -0.6829304065507874,
        -0.022323987750945438,
        41.23365573221963
      ],
      [
        0.6831594222302682,
        0.7302587060006458,
        0.003927611012900451,
        40.14383901083784
      ],
      [
        0.013620001421966227,
        -0.01811855730014553,
        0.9997430737157557,
        1.1400988430277152
      ],
      [
        0.0,
        0.0,
        0.0,
        1.0
      ]
    ],
    "location": [
      41.23365573221963,
      40.14383901083784,
      1.1400988430277152
    ],
    "rotation": [
      -0.01812122982590828,
      -0.013620422552241756,
      0.7521670924229175
    ]
  },
  {
    "label_id": "9VgJc444cmIlvshIYPoRwQ",
    "size": [
      2.1187966576952943,
      4.73377975721041,
      1.579999999999984
    ],
    "obj_class": "vehicle",
    "point_num_in_lidar": 71,
    "speed": 2.2737367544323206e-12,
    "if_vehicle": true,
    "motion_state": false,
    "pose": [
      [
        -0.7094030718361323,
        -0.704449374504907,
        -0.022323987750945438,
        52.5673151693627
      ],
      [
        0.7045573060071522,
        -0.7096362282350552,
        0.003927611012900451,
        24.734408042881114
      ],
      [
        -0.0186087135880828,
        -0.012942269351613777,
        0.9997430737157557,
        0.935020412263782
      ],
      [
        0.0,
        0.0,
        0.0,
        1.0
      ]
    ],
    "location": [
      52.5673151693627,
      24.734408042881114,
      0.935020412263782
    ],
    "rotation": [
      -0.012944872310667155,
      0.01860978773945667,
      2.359621564199502
    ]
  },
  {
    "label_id": "9_lx47WRH-mQLvLvwIpBWg",
    "size": [
      0.7276772904854161,
      0.9051974291215927,
      1.9399999999999977
    ],
    "obj_class": "pedestrian",
    "point_num_in_lidar": 28,
    "speed": 1.6313186027889293,
    "if_vehicle": false,
    "motion_state": true,
    "pose": [
      [
        -0.7166586491377922,
        -0.6970667257780208,
        -0.022323987750945438,
        -0.8906015092616144
      ],
      [
        0.6971722374822685,
        -0.7168929105212986,
        0.003927611012900451,
        85.87805135308008
      ],
      [
        -0.018741715502109305,
        -0.012748908087009436,
        0.9997430737157557,
        1.4822779035264944
      ],
      [
        0.0,
        0.0,
        0.0,
        1.0
      ]
    ],
    "location": [
      -0.8906015092616144,
      85.87805135308008,
      1.4822779035264944
    ],
    "rotation": [
      -0.012751493280019125,
      0.018742812852765526,
      2.3699763208780715
    ]
  },
  {
    "label_id": "9yRa5_H_gVps_G_r_6mvIA",
    "size": [
      0.775645571587285,
      0.8305019388285249,
      1.8845138035056834
    ],
    "obj_class": "pedestrian",
    "point_num_in_lidar": 24,
    "speed": 1.2610558825629103,
    "if_vehicle": false,
    "motion_state": true,
    "pose": [
      [
        0.6771855282855418,
        0.7354735888198346,
        -0.022323987750945438,
        33.376416011928086
      ],
      [
        -0.7355918406022421,
        0.6774136239485716,
        0.003927611012900451,
        55.352170663536526
      ],
      [
        0.018011227610497674,
        0.013761621900628757,
        0.9997430737157557,
        1.2225474265836738
      ],
      [
        0.0,
        0.0,
        0.0,
        1.0
      ]
    ],
    "location": [
      33.376416011928086,
      55.352170663536526,
      1.2225474265836738
    ],
    "rotation": [
      0.01376428922496084,
      -0.01801220157269294,
      -0.8267161185480139
    ]
  },
  {
    "label_id": "AO9dwFKv4rC9axdtqk9RKw",
    "size": [
      1.8762039635338563,
      4.431172548534873,
      1.5900000000000318
    ],
    "obj_class": "vehicle",
    "point_num_in_lidar": 68,
    "speed": 0.005050492854559583,
    "if_vehicle": true,
    "motion_state": false,
    "pose": [
      [
        0.7124814511713623,
        -0.7013357407887075,
        -0.022323987750945438,
        59.29532622723491
      ],
      [
        0.7015676530904503,
        0.7125920305538709,
        0.003927611012900451,
        68.34124217906356
      ],
      [
        0.013153321782243526,
        -0.018460137688158688,
        0.9997430737157557,
        1.9482335258858257
      ],
      [
        0.0,
        0.0,
        0.0,
        1.0
      ]
    ],
    "location": [
      59.29532622723491,
      68.34124217906356,
      1.9482335258858257
    ],
    "rotation": [
      -0.018462783685561552,
      -0.01315370108753204,
      0.7776801984791962
    ]
  },
  {
    "label_id": "ApuGFglgPB7yiubDIsruoA",
    "size": [
      2.0986601808237935,
      4.058399703032842,
      1.579999999999984
    ],
    "obj_class": "vehicle",
    "point_num_in_lidar": 87,
    "speed": 2.5421149729252077e-12,
    "if_vehicle": true,
    "motion_state": false,
    "pose": [
      [
        -0.6910840889294873,
        -0.7224295270816359,
        -0.022323987750945438,
        52.6972085967609
      ],
      [
        0.7225434087793094,
        -0.691314397579934,
        0.003927611012900451,
        18.248959564771212
      ],
      [
        -0.01827031631023697,
        -0.013415740728595938,
        0.9997430737157557,
        1.0024117282158045
      ],
      [
        0.0,
        0.0,
        0.0,
        1.0
      ]
    ],
    "location": [
      52.6972085967609,
      18.248959564771212,
      1.0024117282158045
    ],
    "rotation": [
      -0.013418383072759893,
      0.018271332915123104,
      2.333943842137012
    ]
  },
  {
    "label_id": "C6e5B3f0p8EXgkDqcFxO5w",
    "size": [
      2.1822347770795396,
      4.834819894509566,
      1.9800000000000182
    ],
    "obj_class": "vehicle",
    "point_num_in_lidar": 255,
    "speed": 0.0014919600871148727,
    "if_vehicle": true,
    "motion_state": false,
    "pose": [
      [
        -0.6851068712518048,
        -0.7281004151450942,
        -0.022323987750945438,
        48.57351756141361
      ],
      [
        0.7282161910148465,
        -0.685336233549314,
        0.003927611012900451,
        22.829115371016087
      ],
      [
        -0.01815913289205523,
        -0.013565856035713218,
        0.9997430737157557,
        1.221793075418077
      ],
      [
        0.0,
        0.0,
        0.0,
        1.0
      ]
    ],
    "location": [
      48.57351756141361,
      22.829115371016087,
      1.221793075418077
    ],
    "rotation": [
      -0.013568509620751564,
      0.018160131048287714,
      2.3257018455519303
    ]
  },
  {
    "label_id": "C9cPjD8O_VEcJgOpJDHC3Q",
    "size": [
      0.9268047147071514,
      0.9427106435680166,
      2.1999999999999886
    ],
    "obj_class": "pedestrian",
    "point_num_in_lidar": 24,
    "speed": 0.38925269943477436,
    "if_vehicle": false,
    "motion_state": false,
    "pose": [
      [
        0.9616787626543207,
        0.2732683608296987,
        -0.022323987750945438,
        71.54577333953785
      ],
      [
        -0.2732500080600729,
        0.9619350326123389,
        0.003927611012900451,
        32.091703396319645
      ],
      [
        0.02254751770871513,
        0.00232292973380522,
        0.9997430737157557,
        4.363151143093489
      ],
      [
        0.0,
        0.0,
        0.0,
        1.0
      ]
    ],
    "location": [
      71.54577333953785,
      32.091703396319645,
      4.363151143093489
    ],
    "rotation": [
      0.002323522527502061,
      -0.022549428636761057,
      -0.2768422400646478
    ]
  },
  {
    "label_id": "CZUwabcB3mvH43N9J3yGWQ",
    "size": [
      2.3729388997338527,
      4.773708939237198,
      1.6999999999999886
    ],
    "obj_class": "vehicle",
    "point_num_in_lidar": 38,
    "speed": 8.625769259240794,
    "if_vehicle": true,
    "motion_state": true,
    "pose": [
      [
        0.7025558678028767,
        -0.711278350708527,
        -0.022323987750945438,
        68.567132072596
      ],
      [
        0.7115117939842145,
        0.702663177413685,
        0.003927611012900451,
        59.69949023817753
      ],
      [
        0.012892619482143028,
        -0.01864314673711723,
        0.9997430737157557,
        1.8692740940519457
      ],
      [
        0.0,
        0.0,
        0.0,
        1.0
      ]
    ],
    "location": [
      68.567132072596,
      59.69949023817753,
      1.8692740940519457
    ],
    "rotation": [
      -0.018645776754031913,
      -0.012892976676616694,
      0.7917315282552919
    ]
  },
  {
    "label_id": "DFgfZtoGdZJLVBYdx3oKGQ",
    "size": [
      1.378500410548909,
      0.15689031437909554,
      0.4700000000000273
    ],
    "obj_class": "sign",
    "point_num_in_lidar": 27,
    "speed": 0.0054349225373778445,
    "if_vehicle": false,
    "motion_state": false,
    "pose": [
      [
        -0.6814720287283087,
        0.7315035978256147,
        -0.022323987750945438,
        52.43356270806544
      ],
      [
        -0.7317400770497932,
        -0.6815724712096976,
        0.003927611012900451,
        35.25219921682583
      ],
      [
        -0.012342353911870715,
        0.019011913561952372,
        0.9997430737157557,
        4.616189281978677
      ],
      [
        0.0,
        0.0,
        0.0,
        1.0
      ]
    ],
    "location": [
      52.43356270806544,
      35.25219921682583,
      4.616189281978677
    ],
    "rotation": [
      0.019014507571556368,
      0.01234266729276003,
      -2.3206394139320032
    ]
  },
  {
    "label_id": "DwEkvmQeGLlhCH7eI0ArZA",
    "size": [
      0.9176379586477605,
      0.9243772860056179,
      1.8151881475899359
    ],
    "obj_class": "pedestrian",
    "point_num_in_lidar": 31,
    "speed": 1.4899569311494179,
    "if_vehicle": false,
    "motion_state": true,
    "pose": [
      [
        -0.7143012443528095,
        0.6994822169911995,
        -0.022323987750945438,
        52.95602661893645
      ],
      [
        -0.6997138412047947,
        -0.7144124259124855,
        0.003927611012900451,
        66.96099093578232
      ],
      [
        -0.013201240186410886,
        0.01842590065407141,
        0.9997430737157557,
        2.005274293591299
      ],
      [
        0.0,
        0.0,
        0.0,
        1.0
      ]
    ],
    "location": [
      52.95602661893645,
      66.96099093578232,
      2.005274293591299
    ],
    "rotation": [
      0.018428549503393357,
      0.013201623652539301,
      -2.3665104237611456
    ]
  },
  {
    "label_id": "EHyNyPdydGtVbm2hzdravg",
    "size": [
      2.1161686429411706,
      4.43080589474992,
      1.5300000000000296
    ],
    "obj_class": "vehicle",
    "point_num_in_lidar": 54,
    "speed": 2.3437142008433857e-12,
    "if_vehicle": true,
    "motion_state": false,
    "pose": [
      [
        -0.7132977019491394,
        -0.7005055517017493,
        -0.022323987750945438,
        51.16496783461116
      ],
      [
        0.7006121889045456,
        -0.7135314531470303,
        0.003927611012900451,
        15.592302894168824
      ],
      [
        -0.0186801807394303,
        -0.012838902013616125,
        0.9997430737157557,
        1.0244929142562569
      ],
      [
        0.0,
        0.0,
        0.0,
        1.0
      ]
    ],
    "location": [
      51.16496783461116,
      15.592302894168824,
      1.0244929142562569
    ],
    "rotation": [
      -0.012841495594799936,
      0.01868126731560034,
      2.3651661882946997
    ]
  },
  {
    "label_id": "FUBBAMWnwtT4q8zdcG-J8Q",
    "size": [
      0.6207832016866296,
      0.8538091971167887,
      1.9024940406123392
    ],
    "obj_class": "pedestrian",
    "point_num_in_lidar": 21,
    "speed": 1.4567864038685419,
    "if_vehicle": false,
    "motion_state": true,
    "pose": [
      [
        -0.7100874391499474,
        -0.7037595245056121,
        -0.022323987750945438,
        11.360704757604253
      ],
      [
        0.7038672293362632,
        -0.7103207003447269,
        0.003927611012900451,
        78.31285293030669
      ],
      [
        -0.018621284272620497,
        -0.012924176159867032,
        0.9997430737157557,
        1.5019781752229733
      ],
      [
        0.0,
        0.0,
        0.0,
        1.0
      ]
    ],
    "location": [
      11.360704757604253,
      78.31285293030669,
      1.5019781752229733
    ],
    "rotation": [
      -0.012926777497353362,
      0.018622360602546042,
      2.3605936196885446
    ]
  },
  {
    "label_id": "Fe-uZ9qlinJ4Guviu-__IQ",
    "size": [
      0.6950761202636542,
      1.001424989274805,
      1.910000000000025
    ],
    "obj_class": "pedestrian",
    "point_num_in_lidar": 419,
    "speed": 0.6085382512366019,
    "if_vehicle": false,
    "motion_state": false,
    "pose": [
      [
        0.9595284727413921,
        -0.2807253988677672,
        -0.022323987750945438,
        18.797861321210803
      ],
      [
        0.2808773827061693,
        0.9597356249279607,
        0.003927611012900451,
        30.708789318741765
      ],
      [
        0.020322546166843845,
        -0.010038957847780779,
        0.9997430737157557,
        1.1210129839880665
      ],
      [
        0.0,
        0.0,
        0.0,
        1.0
      ]
    ],
    "location": [
      18.797861321210803,
      30.708789318741765,
      1.1210129839880665
    ],
    "rotation": [
      -0.010041200298799404,
      -0.02032394531541465,
      0.2847686256541707
    ]
  },
  {
    "label_id": "G6Mgy_kvMQsfCAyCXrx1BQ",
    "size": [
      0.8620947521918295,
      1.1094360817910744,
      2.019999999999982
    ],
    "obj_class": "pedestrian",
    "point_num_in_lidar": 77,
    "speed": 1.748790412287373,
    "if_vehicle": false,
    "motion_state": true,
    "pose": [
      [
        0.5684738293412327,
        -0.8223984100939219,
        -0.022323987750945438,
        45.179258556159766
      ],
      [
        0.822646932755987,
        0.5685390029706826,
        0.003927611012900451,
        25.259479579683102
      ],
      [
        0.009461996685775543,
        -0.020597504122863805,
        0.9997430737157557,
        1.155385766919153
      ],
      [
        0.0,
        0.0,
        0.0,
        1.0
      ]
    ],
    "location": [
      45.179258556159766,
      25.259479579683102,
      1.155385766919153
    ],
    "rotation": [
      -0.02059988313930596,
      -0.00946213787924888,
      0.9661158015218737
    ]
  },
  {
    "label_id": "GiPscZnqoFfFvj5jXUIwjA",
    "size": [
      2.0663953814856932,
      4.663853484354714,
      1.829999999999984
    ],
    "obj_class": "vehicle",
    "point_num_in_lidar": 435,
    "speed": 1.1368683772161603e-12,
    "if_vehicle": true,
    "motion_state": false,
    "pose": [
      [
        -0.7341004274065188,
        -0.6786738554360717,
        -0.022323987750945438,
        43.23270705898176
      ],
      [
        0.6787733942026466,
        -0.7343372884406387,
        0.003927611012900451,
        13.903139488327724
      ],
      [
        -0.019058903540989627,
        -0.01226966801459077,
        0.9997430737157557,
        0.834780072654496
      ],
      [
        0.0,
        0.0,
        0.0,
        1.0
      ]
    ],
    "location": [
      43.23270705898176,
      13.903139488327724,
      0.834780072654496
    ],
    "rotation": [
      -0.012272205094423805,
      0.019060057561385717,
      2.3953337098744596
    ]
  },
  {
    "label_id": "H0ATfIvGdadeca8zxrorMw",
    "size": [
      0.90697116789004,
      0.6684251695846886,
      1.920000000000016
    ],
    "obj_class": "pedestrian",
    "point_num_in_lidar": 59,
    "speed": 2.049518613753201e-12,
    "if_vehicle": false,
    "motion_state": false,
    "pose": [
      [
        0.338791899553839,
        0.9405964535163829,
        -0.022323987750945438,
        41.43300951025594
      ],
      [
        -0.9407939387821641,
        0.33895624883231285,
        0.003927611012900451,
        43.750772413222876
      ],
      [
        0.011261152136565018,
        0.019671629569767625,
        0.9997430737157557,
        1.2060720619203948
      ],
      [
        0.0,
        0.0,
        0.0,
        1.0
      ]
    ],
    "location": [
      41.43300951025594,
      43.750772413222876,
      1.2060720619203948
    ],
    "rotation": [
      0.019674146197026773,
      -0.011261390161256863,
      -1.2251409290489454
    ]
  },
  {
    "label_id": "H1KwN3bm7xetzBAXKSAkJQ",
    "size": [
      0.8718508778632491,
      0.8439339778954031,
      1.7800000000000296
    ],
    "obj_class": "pedestrian",
    "point_num_in_lidar": 45,
    "speed": 0.009838351351269713,
    "if_vehicle": false,
    "motion_state": false,
    "pose": [
      [
        0.7367498538780533,
        0.675796783346564,
        -0.022323987750945438,
        19.842409781911556
      ],
      [
        -0.6758953947259718,
        0.7369871025058403,
        0.003927611012900451,
        64.827259080972
      ],
      [
        0.019106757937699816,
        0.012195013672938787,
        0.9997430737157557,
        1.2476233726087003
      ],
      [
        0.0,
        0.0,
        0.0,
        1.0
      ]
    ],
    "location": [
      19.842409781911556,
      64.827259080972,
      1.2476233726087003
    ],
    "rotation": [
      0.012197542744696973,
      -0.01910792067367617,
      -0.7423464081227538
    ]
  },
  {
    "label_id": "IFM6U6TiltkbR_9izPEjXA",
    "size": [
      0.945353861037464,
      0.8753901206048866,
      1.8500000000000227
    ],
    "obj_class": "pedestrian",
    "point_num_in_lidar": 156,
    "speed": 1.1461159286187106,
    "if_vehicle": false,
    "motion_state": true,
    "pose": [
      [
        -0.7002337378680749,
        -0.7135645394231694,
        -0.022323987750945438,
        1.3318519819476933
      ],
      [
        0.7136754771022749,
        -0.7004654789884879,
        0.003927611012900451,
        39.72065898289293
      ],
      [
        -0.01843978671635281,
        -0.013181836868526225,
        0.9997430737157557,
        1.236213033985564
      ],
      [
        0.0,
        0.0,
        0.0,
        1.0
      ]
    ],
    "location": [
      1.3318519819476933,
      39.72065898289293,
      1.236213033985564
    ],
    "rotation": [
      -0.013184460494558122,
      0.018440831876618283,
      2.3466879856988463
    ]
  },
  {
    "label_id": "JIwIafnXjVCNvgOcHBrynQ",
    "size": [
      0.8078365520566844,
      0.9177911650848429,
      2.0151233647333697
    ],
    "obj_class": "pedestrian",
    "point_num_in_lidar": 77,
    "speed": 1.4821736845983058,
    "if_vehicle": false,
    "motion_state": true,
    "pose": [
      [
        0.8658252311130703,
        -0.4998482857216718,
        -0.022323987750945438,
        47.743399627845065
      ],
      [
        0.5000449796940252,
        0.8659905265962978,
        0.003927611012900451,
        27.336324615738704
      ],
      [
        0.017369152276390694,
        -0.01456362271457795,
        0.9997430737157557,
        1.085793066969302
      ],
      [
        0.0,
        0.0,
        0.0,
        1.0
      ]
    ],
    "location": [
      47.743399627845065,
      27.336324615738704,
      1.085793066969302
    ],
    "rotation": [
      -0.014566335147011297,
      -0.01737002573752188,
      0.5237378364701537
    ]
  },
  {
    "label_id": "KIMtmvNTn718XRJNcfn2RA",
    "size": [
      0.6456584758646022,
      0.8107772221525958,
      1.6499999999999773
    ],
    "obj_class": "pedestrian",
    "point_num_in_lidar": 51,
    "speed": 1.161136476547824,
    "if_vehicle": false,
    "motion_state": true,
    "pose": [
      [
        0.7077774984668376,
        0.7060826100640925,
        -0.022323987750945438,
        32.76331701248273
      ],
      [
        -0.7061910786830216,
        0.7080104054745536,
        0.003927611012900451,
        53.220186350918084
      ],
      [
        0.01857883345466107,
        0.012985126292685235,
        0.9997430737157557,
        1.0576804538538909
      ],
      [
        0.0,
        0.0,
        0.0,
        1.0
      ]
    ],
    "location": [
      32.76331701248273,
      53.220186350918084,
      1.0576804538538909
    ],
    "rotation": [
      0.01298773305886517,
      -0.018579902439488552,
      -0.7842762013229073
    ]
  },
  {
    "label_id": "MDFcC1ERI2HCAT9f-NMOkQ",
    "size": [
      0.8981496602121882,
      0.1072508584288479,
      0.5099999999999909
    ],
    "obj_class": "sign",
    "point_num_in_lidar": 91,
    "speed": 0.010647319532667586,
    "if_vehicle": false,
    "motion_state": false,
    "pose": [
      [
        0.6850091704992125,
        -0.7281923344164483,
        -0.022323987750945438,
        19.629625026234862
      ],
      [
        0.7284283240809786,
        0.6851107578693447,
        0.003927611012900451,
        35.155768220130994
      ],
      [
        0.012434347934552469,
        -0.01895187454621599,
        0.9997430737157557,
        1.184017692082307
      ],
      [
        0.0,
        0.0,
        0.0,
        1.0
      ]
    ],
    "location": [
      19.629625026234862,
      35.155768220130994,
      1.184017692082307
    ],
    "rotation": [
      -0.018954474767949377,
      -0.01243466837550519,
      0.8161073415723857
    ]
  },
  {
    "label_id": "NR-ydNfoP_gKd7nePeHUGg",
    "size": [
      0.8420630655454372,
      1.0804344746293282,
      1.9700000000000273
    ],
    "obj_class": "pedestrian",
    "point_num_in_lidar": 66,
    "speed": 0.9034938517088285,
    "if_vehicle": false,
    "motion_state": false,
    "pose": [
      [
        0.6725842814004986,
        -0.7396837324045125,
        -0.022323987750945438,
        50.752478731796145
      ],
      [
        0.7399214079115142,
        0.6726818594149644,
        0.003927611012900451,
        32.284536535822554
      ],
      [
        0.012111751616407592,
        -0.019159645877611278,
        0.9997430737157557,
        1.127056833224401
      ],
      [
        0.0,
        0.0,
        0.0,
        1.0
      ]
    ],
    "location": [
      50.752478731796145,
      32.284536535822554,
      1.127056833224401
    ],
    "rotation": [
      -0.019162224017131486,
      -0.01211204775723654,
      0.8330342088108401
    ]
  },
  {
    "label_id": "NVmWqAJVs2oPwpFNDwY82w",
    "size": [
      0.8981345550038082,
      0.8446989604514674,
      1.839999999999975
    ],
    "obj_class": "pedestrian",
    "point_num_in_lidar": 26,
    "speed": 0.8619693350459222,
    "if_vehicle": false,
    "motion_state": false,
    "pose": [
      [
        0.7126494818399538,
        0.7011649988441672,
        -0.022323987750945438,
        39.65268148614996
      ],
      [
        -0.7012718522036446,
        0.7128831343064589,
        0.003927611012900451,
        47.36736987034965
      ],
      [
        0.018668297729433663,
        0.012856174285464582,
        0.9997430737157557,
        1.1389209286722917
      ],
      [
        0.0,
        0.0,
        0.0,
        1.0
      ]
    ],
    "location": [
      39.65268148614996,
      47.36736987034965,
      1.1389209286722917
    ],
    "rotation": [
      0.012858769452813565,
      -0.018669382233097092,
      -0.7773514752280233
    ]
  },
  {
    "label_id": "OaBaJCfNzU4Ykpv4ByH-2g",
    "size": [
      0.9375452324560383,
      1.0542668871771672,
      1.839999999999975
    ],
    "obj_class": "pedestrian",
    "point_num_in_lidar": 82,
    "speed": 1.4227743721335653,
    "if_vehicle": false,
    "motion_state": true,
    "pose": [
      [
        0.6401764503252693,
        -0.7679034783225256,
        -0.022323987750945438,
        48.45210552992285
      ],
      [
        0.7681451275033842,
        0.6402637245421147,
        0.003927611012900451,
        28.579747879586648
      ],
      [
        0.011277213385748757,
        -0.019662426493831014,
        0.9997430737157557,
        1.0453902371942831
      ],
      [
        0.0,
        0.0,
        0.0,
        1.0
      ]
    ],
    "location": [
      48.45210552992285,
      28.579747879586648,
      1.0453902371942831
    ],
    "rotation": [
      -0.019664944317013575,
      -0.011277452430382917,
      0.8760154033552162
    ]
  },
  {
    "label_id": "OaQW5LGNnGDxoNUGOPRPiA",
    "size": [
      0.9880183285459241,
      1.0982428043988728,
      2.019999999999982
    ],
    "obj_class": "pedestrian",
    "point_num_in_lidar": 124,
    "speed": 1.6320090713387643,
    "if_vehicle": false,
    "motion_state": true,
    "pose": [
      [
        -0.31048644424402777,
        0.9503156357293064,
        -0.022323987750945438,
        43.19548525530263
      ],
      [
        -0.9505724257790116,
        -0.3104780784859644,
        0.003927611012900451,
        20.024168854462914
      ],
      [
        -0.003198638664435828,
        0.022440037167246293,
        0.9997430737157557,
        1.225900535675521
      ],
      [
        0.0,
        0.0,
        0.0,
        1.0
      ]
    ],
    "location": [
      43.19548525530263,
      20.024168854462914,
      1.225900535675521
    ],
    "rotation": [
      0.02244203571900281,
      0.0031986441188272007,
      -1.8865027227553302
    ]
  },
  {
    "label_id": "PES5FWXW1H2xBozxmQ1gTA",
    "size": [
      0.8442639439972017,
      0.09986239830018995,
      0.8299999999999841
    ],
    "obj_class": "sign",
    "point_num_in_lidar": 32,
    "speed": 0.007141679902933535,
    "if_vehicle": false,
    "motion_state": false,
    "pose": [
      [
        -0.5656629396301786,
        0.8243343243489504,
        -0.022323987750945438,
        40.577389570993546
      ],
      [
        -0.8245830680583378,
        -0.5657272644510162,
        0.003927611012900451,
        43.643452685602824
      ],
      [
        -0.009391623951355564,
        0.020629686302252474,
        0.9997430737157557,
        1.1876913288780884
      ],
      [
        0.0,
        0.0,
        0.0,
        1.0
      ]
    ],
    "location": [
      40.577389570993546,
      43.643452685602824,
      1.1876913288780884
    ],
    "rotation": [
      0.020632059909672998,
      0.009391762017778135,
      -2.1720635300637356
    ]
  },
  {
    "label_id": "Q-ps1GWMC5qpDsjn1OHjLw",
    "size": [
      2.205506076600825,
      4.57734672187009,
      1.7699999999999818
    ],
    "obj_class": "vehicle",
    "point_num_in_lidar": 531,
    "speed": 2.2737367544323206e-12,
    "if_vehicle": true,
    "motion_state": false,
    "pose": [
      [
        -0.6940215124885679,
        -0.7196080737276204,
        -0.022323987750945438,
        46.6426900957631
      ],
      [
        0.7197210162089259,
        -0.6942522831787609,
        0.003927611012900451,
        20.18396664784086
      ],
      [
        -0.01832482006109324,
        -0.013341196614306139,
        0.9997430737157557,
        1.148877196900571
      ],
      [
        0.0,
        0.0,
        0.0,
        1.0
      ]
    ],
    "location": [
      46.6426900957631,
      20.18396664784086,
      1.148877196900571
    ],
    "rotation": [
      -0.013343833151299589,
      0.01832584579223299,
      2.338018144118344
    ]
  },
  {
    "label_id": "S2eYOtqKBZvlG_UM7dMlow",
    "size": [
      1.0153560860597748,
      0.13516787914706185,
      1.1499999999999773
    ],
    "obj_class": "sign",
    "point_num_in_lidar": 33,
    "speed": 0.010355903074450187,
    "if_vehicle": false,
    "motion_state": false,
    "pose": [
      [
        -0.49391520796799276,
        0.869223450505582,
        -0.022323987750945438,
        74.86274253922966
      ],
      [
        -0.8694767434130793,
        -0.4939582639611543,
        0.003927611012900451,
        57.573290078900754
      ],
      [
        -0.007613146637270029,
        0.02135009497993962,
        0.9997430737157557,
        4.183363032671423
      ],
      [
        0.0,
        0.0,
        0.0,
        1.0
      ]
    ],
    "location": [
      74.86274253922966,
      57.573290078900754,
      4.183363032671423
    ],
    "rotation": [
      0.02135233619652107,
      0.007613220182186943,
      -2.0873995883144314
    ]
  },
  {
    "label_id": "TAl_BqipReAf5gsI2aV_RA",
    "size": [
      2.32337091126073,
      5.119892405167558,
      1.8999999999999773
    ],
    "obj_class": "vehicle",
    "point_num_in_lidar": 8677,
    "speed": 9.422039975315746,
    "if_vehicle": true,
    "motion_state": true,
    "pose": [
      [
        0.7163742786773242,
        -0.6973589695561672,
        -0.022323987750945438,
        20.984418959535105
      ],
      [
        0.6975902627438888,
        0.7164861472468561,
        0.003927611012900451,
        16.380189954354137
      ],
      [
        0.013255873206087192,
        -0.018386635986965057,
        0.9997430737157557,
        1.1865419142994256
      ],
      [
        0.0,
        0.0,
        0.0,
        1.0
      ]
    ],
    "location": [
      20.984418959535105,
      16.380189954354137,
      1.1865419142994256
    ],
    "rotation": [
      -0.018389288053826565,
      -0.013256261453094666,
      0.7721143005507863
    ]
  },
  {
    "label_id": "U0FXvRewXXTDX6H5KkWN8w",
    "size": [
      0.46438399760313603,
      0.07521161574320767,
      0.5
    ],
    "obj_class": "sign",
    "point_num_in_lidar": 59,
    "speed": 0.011664758949371249,
    "if_vehicle": false,
    "motion_state": false,
    "pose": [
      [
        -0.6859952200688999,
        0.7272634994371141,
        -0.022323987750945438,
        32.80249232326969
      ],
      [
        -0.7274993512372266,
        -0.6860971271045708,
        0.003927611012900451,
        15.731578290549805
      ],
      [
        -0.012460015731771563,
        0.018935008986980282,
        0.9997430737157557,
        2.7178619412588887
      ],
      [
        0.0,
        0.0,
        0.0,
        1.0
      ]
    ],
    "location": [
      32.80249232326969,
      15.731578290549805,
      2.7178619412588887
    ],
    "rotation": [
      0.018937610929161627,
      0.012460338161341955,
      -2.326840143691906
    ]
  },
  {
    "label_id": "UzgcwGAkWdeM3lWj082ApQ",
    "size": [
      0.8987437200590351,
      0.8431158821777414,
      2.0
    ],
    "obj_class": "pedestrian",
    "point_num_in_lidar": 35,
    "speed": 0.8894961986532397,
    "if_vehicle": false,
    "motion_state": false,
    "pose": [
      [
        -0.997692277816736,
        -0.064122993970559,
        -0.022323987750945438,
        72.9662898655879
      ],
      [
        0.06405096195366773,
        -0.9979389000056772,
        0.003927611012900451,
        34.00121323848725
      ],
      [
        -0.02252982595721762,
        0.002488674287748798,
        0.9997430737157557,
        4.43801958299224
      ],
      [
        0.0,
        0.0,
        0.0,
        1.0
      ]
    ],
    "location": [
      72.9662898655879,
      34.00121323848725,
      4.43801958299224
    ],
    "rotation": [
      0.002489308716097723,
      0.02253173238991884,
      3.0774815198941505
    ]
  },
  {
    "label_id": "WVq-UApI2U-waO9QdqBnpg",
    "size": [
      0.8421556158137026,
      0.9593454399225863,
      1.8999999999999773
    ],
    "obj_class": "pedestrian",
    "point_num_in_lidar": 30,
    "speed": 1.5689580250616921,
    "if_vehicle": false,
    "motion_state": true,
    "pose": [
      [
        0.7498461166829175,
        0.6612355411398,
        -0.022323987750945438,
        0.8211313010506274
      ],
      [
        -0.6613294863331661,
        0.7500852514068264,
        0.003927611012900451,
        86.31539843582868
      ],
      [
        0.019341969958072688,
        0.011818407486376177,
        0.9997430737157557,
        1.4190780898697426
      ],
      [
        0.0,
        0.0,
        0.0,
        1.0
      ]
    ],
    "location": [
