[
  {
    "label_id": "2RASsgT-pdwc8yVFafN5wA",
    "size": [
      1.926304512637307,
      4.255572104286605,
      1.9499999999999886
    ],
    "obj_class": "vehicle",
    "point_num_in_lidar": 20,
    "speed": 5.035755753385328e-28,
    "if_vehicle": true,
    "motion_state": false,
    "pose": [
      [
        -0.5873652753958728,
        -0.8088039375979397,
        -0.028952094659952354,
        74.17727101284254
      ],
      [
        0.8093079847701311,
        -0.5867689659803911,
        -0.02688431419270225,
        5.380684102681698
      ],
      [
        0.004755948532091108,
        -0.03922207399374584,
        0.9992192001083593,
        0.998697686654964
      ],
      [
        0.0,
        0.0,
        0.0,
        1.0
      ]
    ],
    "location": [
      74.17727101284254,
      5.380684102681698,
      0.998697686654964
    ],
    "rotation": [
      -0.03923258124466652,
      -0.004755966461443721,
      2.198604043404102
    ]
  },
  {
    "label_id": "3N0Hci7FDc6DnZ9Y-NvN1g",
    "size": [
      0.42172186806478545,
      0.08174772381814051,
      0.5600000000000023
    ],
    "obj_class": "sign",
    "point_num_in_lidar": 27,
    "speed": 0.022528094198846695,
    "if_vehicle": false,
    "motion_state": false,
    "pose": [
      [
        -0.7795470971024677,
        0.6256741161450721,
        -0.028952094659952354,
        81.85168780393724
      ],
      [
        -0.6251027997948889,
        -0.7800793058010058,
        -0.02688431419270225,
        64.68603280869866
      ],
      [
        -0.03940574942450603,
        -0.0028595536546488433,
        0.9992192001083593,
        4.496949553335469
      ],
      [
        0.0,
        0.0,
        0.0,
        1.0
      ]
    ],
    "location": [
      81.85168780393724,
      64.68603280869866,
      4.496949553335469
    ],
    "rotation": [
      -0.002861780326034948,
      0.039415954851225836,
      -2.4657067536582553
    ]
  },
  {
    "label_id": "6NF9mwSv2e_D5E-gXNDHOA",
    "size": [
      1.9377886936154287,
      4.297867069959489,
      1.75
    ],
    "obj_class": "vehicle",
    "point_num_in_lidar": 54,
    "speed": 8.599366969436483e-27,
    "if_vehicle": true,
    "motion_state": false,
    "pose": [
      [
        0.7394834287953692,
        -0.6725518825725235,
        -0.028952094659952354,
        82.32526964405406
      ],
      [
        0.6720144703905508,
        0.7400498532099682,
        -0.02688431419270225,
        91.04203788078303
      ],
      [
        0.03950708952519195,
        0.0004242782804264906,
        0.9992192001083593,
        3.124647511972057
      ],
      [
        0.0,
        0.0,
        0.0,
        1.0
      ]
    ],
    "location": [
      82.32526964405406,
      91.04203788078303,
      3.124647511972057
    ],
    "rotation": [
      0.0004246097902064714,
      -0.039517373927772416,
      0.737634971905021
    ]
  },
  {
    "label_id": "7A525L6-Hks-TcyM85kvow",
    "size": [
      1.942264117251235,
      4.20923115912376,
      1.6100000000000136
    ],
    "obj_class": "vehicle",
    "point_num_in_lidar": 40,
    "speed": 3.9411054164550236e-27,
    "if_vehicle": true,
    "motion_state": false,
    "pose": [
      [
        0.7396547238264821,
        -0.672363492268856,
        -0.028952094659952354,
        77.18566025511609
      ],
      [
        0.6718259358191275,
        0.7402210113277936,
        -0.02688431419270225,
        86.34071538050921
      ],
      [
        0.039506980167106395,
        0.0004343419006210992,
        0.9992192001083593,
        2.784921562319994
      ],
      [
        0.0,
        0.0,
        0.0,
        1.0
      ]
    ],
    "location": [
      77.18566025511609,
      86.34071538050921,
      2.784921562319994
    ],
    "rotation": [
      0.0004346812723554688,
      -0.03951726448424346,
      0.7373800430769336
    ]
  },
  {
    "label_id": "7icJBEuPRDJAEFyjeeK9Tw",
    "size": [
      2.0299898428531913,
      4.529825083229547,
      1.5699999999999932
    ],
    "obj_class": "vehicle",
    "point_num_in_lidar": 88,
    "speed": 8.032186656554012,
    "if_vehicle": true,
    "motion_state": true,
    "pose": [
      [
        0.6256141381603126,
        -0.7795952323794255,
        -0.028952094659952354,
        84.08392934346193
      ],
      [
        0.7791526775383499,
        0.6262574061320219,
        -0.02688431419270225,
        85.02950242608495
      ],
      [
        0.03909034687425172,
        -0.005738895020947158,
        0.9992192001083593,
        3.2000988430280017
      ],
      [
        0.0,
        0.0,
        0.0,
        1.0
      ]
    ],
    "location": [
      84.08392934346193,
      85.02950242608495,
      3.2000988430280017
    ],
    "rotation": [
      -0.005743316301098298,
      -0.03910030909413375,
      0.8942642663384459
    ]
  },
  {
    "label_id": "8Xr7NQFwYFfKANHYzfLMvg",
    "size": [
      1.937788693611594,
      4.297867069959489,
      1.5
    ],
    "obj_class": "vehicle",
    "point_num_in_lidar": 24,
    "speed": 4.504131313865988e-28,
    "if_vehicle": true,
    "motion_state": false,
    "pose": [
      [
        0.7129977272456423,
        -0.7005683529516231,
        -0.028952094659952354,
        86.93267801133698
      ],
      [
        0.7000531835656507,
        0.7135844545882326,
        -0.02688431419270225,
        95.83515370042005
      ],
      [
        0.039494064391324336,
        -0.0010995511196392517,
        0.9992192001083593,
        3.3972613792598167
      ],
      [
        0.0,
        0.0,
        0.0,
        1.0
      ]
    ],
    "location": [
      86.93267801133698,
      95.83515370042005,
      3.3972613792598167
    ],
    "rotation": [
      -0.001100409875734772,
      -0.039504338620468586,
      0.776237713831555
    ]
  },
  {
    "label_id": "AO9dwFKv4rC9axdtqk9RKw",
    "size": [
      1.876203963533857,
      4.431172548534873,
      1.5900000000000318
    ],
    "obj_class": "vehicle",
    "point_num_in_lidar": 829,
    "speed": 0.005050492900051056,
    "if_vehicle": true,
    "motion_state": false,
    "pose": [
      [
        0.7123603073355289,
        -0.7012164920676296,
        -0.028952094659952354,
        59.27349374076584
      ],
      [
        0.7007018564881605,
        0.7129475029512575,
        -0.02688431419270225,
        68.36438983627886
      ],
      [
        0.03949304808287212,
        -0.0011354681566312778,
        0.9992192001083593,
        1.9450515901534686
      ],
      [
        0.0,
        0.0,
        0.0,
        1.0
      ]
    ],
    "location": [
      59.27349374076584,
      68.36438983627886,
      1.9450515901534686
    ],
    "rotation": [
      -0.0011363549336960278,
      -0.039503321518499016,
      0.7771478637119049
    ]
  },
  {
    "label_id": "CZUwabcB3mvH43N9J3yGWQ",
    "size": [
      2.372938899734983,
      4.773708939237198,
      1.6999999999999886
    ],
    "obj_class": "vehicle",
    "point_num_in_lidar": 31,
    "speed": 5.254596515415222,
    "if_vehicle": true,
    "motion_state": true,
    "pose": [
      [
        0.7078694309959815,
        -0.7057497041276223,
        -0.028952094659952354,
        105.86152051887257
      ],
      [
        0.7052388275196747,
        0.7084598999301672,
        -0.02688431419270225,
        96.64146992278984
      ],
      [
        0.03948499487273222,
        -0.0013875571019180994,
        0.9992192001083593,
        3.6392740940522117
      ],
      [
        0.0,
        0.0,
        0.0,
        1.0
      ]
    ],
    "location": [
      105.86152051887257,
      96.64146992278984,
      3.6392740940522117
    ],
    "rotation": [
      -0.001388640460353176,
      -0.039495262021987235,
      0.783536593045908
    ]
  },
  {
    "label_id": "DK3iUUgB9ty9m22YEVBF6g",
    "size": [
      0.9328708472155499,
      0.9058452994184475,
      2.0292879884999593
    ],
    "obj_class": "pedestrian",
    "point_num_in_lidar": 133,
    "speed": 0.8283734515178078,
    "if_vehicle": false,
    "motion_state": false,
    "pose": [
      [
        -0.3563579369585811,
        0.9339008496523735,
        -0.028952094659952354,
        61.24754710022535
      ],
      [
        -0.9336769163998294,
        -0.35710593586846756,
        -0.02688431419270225,
        79.11801792134065
      ],
      [
        -0.03544624872578074,
        0.017451463723162603,
        0.9992192001083593,
        2.713241064518229
      ],
      [
        0.0,
        0.0,
        0.0,
        1.0
      ]
    ],
    "location": [
      61.24754710022535,
      79.11801792134065,
      2.713241064518229
    ],
    "rotation": [
      0.017463325004995946,
      0.03545367558607031,
      -1.9354031795391924
    ]
  },
  {
    "label_id": "DwEkvmQeGLlhCH7eI0ArZA",
    "size": [
      0.9176379586521739,
      0.9243772860056179,
      1.8151881475899359
    ],
    "obj_class": "pedestrian",
    "point_num_in_lidar": 194,
    "speed": 1.5257309006956221,
    "if_vehicle": false,
    "motion_state": true,
    "pose": [
      [
        -0.7164538973978297,
        0.6970334203739885,
        -0.028952094659952354,
        46.436739308534015
      ],
      [
        -0.696515355436349,
        -0.717038069625152,
        -0.02688431419270225,
        60.25370610036043
      ],
      [
        -0.03949901954272512,
        0.0009042068204742217,
        0.9992192001083593,
        1.6532392642896525
      ],
      [
        0.0,
        0.0,
        0.0,
        1.0
      ]
    ],
    "location": [
      46.436739308534015,
      60.25370610036043,
      1.6532392642896525
    ],
    "rotation": [
      0.0009049131297392447,
      0.039509297641357875,
      -2.370304647700954
    ]
  },
  {
    "label_id": "EqHGUBAn_kXXQ_sCK5UmhA",
    "size": [
      2.0459460051152165,
      4.313099364671785,
      1.6200000000000045
    ],
    "obj_class": "vehicle",
    "point_num_in_lidar": 296,
    "speed": 6.369798355158929e-28,
    "if_vehicle": true,
    "motion_state": false,
    "pose": [
      [
        0.7155202270568378,
        -0.697991820071935,
        -0.028952094659952354,
        63.47668104892364
      ],
      [
        0.697474537554222,
        0.7161050922273298,
        -0.02688431419270225,
        72.713722391185
      ],
      [
        0.03949777381138955,
        -0.0009570782387466443,
        0.9992192001083593,
        2.289647511972248
      ],
      [
        0.0,
        0.0,
        0.0,
        1.0
      ]
    ],
    "location": [
      63.47668104892364,
      72.713722391185,
      2.289647511972248
    ],
    "rotation": [
      -0.0009578258163560578,
      -0.03950805093713653,
      0.7726276217509411
    ]
  },
  {
    "label_id": "H-p0h9dhag2cAojkKazr-Q",
    "size": [
      2.0754927720991247,
      5.130892775956141,
      1.6899999999999977
    ],
    "obj_class": "vehicle",
    "point_num_in_lidar": 25,
    "speed": 1.2739607181557257e-27,
    "if_vehicle": true,
    "motion_state": false,
    "pose": [
      [
        0.6944004198462161,
        -0.7190061426248041,
        -0.028952094659952354,
        91.20404574155691
      ],
      [
        0.7185065203887835,
        0.6950004415892056,
        -0.02688431419270225,
        76.30206292882212
      ],
      [
        0.03945170561840748,
        -0.0021337897293990183,
        0.9992192001083593,
        2.9057381344866258
      ],
      [
        0.0,
        0.0,
        0.0,
        1.0
      ]
    ],
    "location": [
      91.20404574155691,
      76.30206292882212,
      2.9057381344866258
    ],
    "rotation": [
      -0.002135453848054775,
      -0.03946194680915021,
      0.802457858733517
    ]
  },
  {
    "label_id": "Pv3Lf9faouPCSxaqDpc1og",
    "size": [
      1.9832784803348953,
      4.594323009820505,
      1.5600000000000023
    ],
    "obj_class": "vehicle",
    "point_num_in_lidar": 593,
    "speed": 3.9809440554495057e-28,
    "if_vehicle": true,
    "motion_state": false,
    "pose": [
      [
        0.6937373467617649,
        -0.7196459337220964,
        -0.028952094659952354,
        73.86773294373415
      ],
      [
        0.7191468647968856,
        0.6943378288003599,
        -0.02688431419270225,
        59.098135752057715
      ],
      [
        0.03944972193509923,
        -0.0021701553064524697,
        0.9992192001083593,
        1.9902767588367283
      ],
      [
        0.0,
        0.0,
        0.0,
        1.0
      ]
    ],
    "location": [
      73.86773294373415,
      59.098135752057715,
      1.9902767588367283
    ],
    "rotation": [
      -0.002171847672727593,
      -0.03945996158037624,
      0.803380372386926
    ]
  },
  {
    "label_id": "RaraKfdwLrmuiw0ezpXmrA",
    "size": [
      1.9686751269288565,
      4.38931429310347,
      1.6899999999999977
    ],
    "obj_class": "vehicle",
    "point_num_in_lidar": 95,
    "speed": 4.5041212429956916e-27,
    "if_vehicle": true,
    "motion_state": false,
    "pose": [
      [
        0.6944004198473994,
        -0.7190061426236612,
        -0.028952094659952354,
        87.07083668956693
      ],
      [
        0.7185065203876396,
        0.695000441590388,
        -0.02688431419270225,
        72.60535489237373
      ],
      [
        0.03945170561841099,
        -0.002133789729334089,
        0.9992192001083593,
        2.935738134486712
      ],
      [
        0.0,
        0.0,
        0.0,
        1.0
      ]
    ],
    "location": [
      87.07083668956693,
      72.60535489237373,
      2.935738134486712
    ],
    "rotation": [
      -0.002135453847989795,
      -0.03946194680915372,
      0.80245785873187
    ]
  },
  {
    "label_id": "S2eYOtqKBZvlG_UM7dMlow",
    "size": [
      1.015356086059778,
      0.13516787914706185,
      1.1499999999999773
    ],
    "obj_class": "sign",
    "point_num_in_lidar": 179,
    "speed": 0.010355903074511723,
    "if_vehicle": false,
    "motion_state": false,
    "pose": [
      [
        -0.4938312271390603,
        0.8690756556923748,
        -0.028952094659952354,
        74.80950199521249
      ],
      [
        -0.8687409037073869,
        -0.49453662743629084,
        -0.02688431419270225,
        57.53557638449274
      ],
      [
        -0.037682374235211605,
        0.01187555501053461,
        0.9992192001083593,
        4.204840675828848
      ],
      [
        0.0,
        0.0,
        0.0,
        1.0
      ]
    ],
    "location": [
      74.80950199521249,
      57.53557638449274,
      4.204840675828848
    ],
    "rotation": [
      0.011884275160747712,
      0.037691297857454585,
      -2.087690226199547
    ]
  },
  {
    "label_id": "ShFEDy_mQrlIzg5E-MuzGA",
    "size": [
      0.9093439946482627,
      0.9657718622315172,
      1.8600000000000136
    ],
    "obj_class": "pedestrian",
    "point_num_in_lidar": 157,
    "speed": 1.6977010916895912,
    "if_vehicle": false,
    "motion_state": true,
    "pose": [
      [
        -0.753985674700585,
        0.6562525265178831,
        -0.028952094659952354,
        69.93786367712164
      ],
      [
        -0.6557028801808111,
        -0.7545402352247207,
        -0.02688431419270225,
        51.8332987220565
      ],
      [
        -0.03948841942763026,
        -0.001286415919648878,
        0.9992192001083593,
        2.003545177870137
      ],
      [
        0.0,
        0.0,
        0.0,
        1.0
      ]
    ],
    "location": [
      69.93786367712164,
      51.8332987220565,
      2.003545177870137
    ],
    "rotation": [
      -0.001287420426654491,
      0.03949868924979445,
      -2.4258013635297075
    ]
  },
  {
    "label_id": "TAl_BqipReAf5gsI2aV_RA",
    "size": [
      2.3233709112581082,
      5.119892405167558,
      1.8999999999999773
    ],
    "obj_class": "vehicle",
    "point_num_in_lidar": 2582,
    "speed": 10.632291016991719,
    "if_vehicle": true,
    "motion_state": true,
    "pose": [
      [
        0.6938239001958748,
        -0.7195624863288707,
        -0.028952094659952354,
        62.42354074828836
      ],
      [
        0.7190633451817581,
        0.6944243222025046,
        -0.02688431419270225,
        57.33112089920178
      ],
      [
        0.03944998267432754,
        -0.002165410308932269,
        0.9992192001083593,
        1.9567631130462928
      ],
      [
        0.0,
        0.0,
        0.0,
        1.0
      ]
    ],
    "location": [
      62.42354074828836,
      57.33112089920178,
      1.9567631130462928
    ],
    "rotation": [
      -0.002167098989769101,
      -0.03946022252273472,
      0.8032599997448159
    ]
  },
  {
    "label_id": "UzgcwGAkWdeM3lWj082ApQ",
    "size": [
      0.8987437200610014,
      0.8431158821777414,
      2.0
    ],
    "obj_class": "pedestrian",
    "point_num_in_lidar": 288,
    "speed": 0.9884180841260971,
    "if_vehicle": false,
    "motion_state": false,
    "pose": [
      [
        -0.7489517281883502,
        -0.6619917560351374,
        -0.028952094659952354,
        67.96560603268517
      ],
      [
        0.6626132431016228,
        -0.7484790736665506,
        -0.02688431419270225,
        36.6847022439033
      ],
      [
        -0.003872842629560095,
        -0.03931909491299914,
        0.9992192001083593,
        2.541832004709022
      ],
      [
        0.0,
        0.0,
        0.0,
        1.0
      ]
    ],
    "location": [
      67.96560603268517,
      36.6847022439033,
      2.541832004709022
    ],
    "rotation": [
      -0.03932952823362295,
      0.003872852311028469,
      2.417283465182439
    ]
  },
  {
    "label_id": "Vo8h0YJGzJClQxdpB2wNmg",
    "size": [
      0.8556225950997728,
      0.7917399199107417,
      1.6899999999999977
    ],
    "obj_class": "pedestrian",
    "point_num_in_lidar": 27,
    "speed": 1.4255235533195585,
    "if_vehicle": false,
    "motion_state": true,
    "pose": [
      [
        -0.6983575318837352,
        0.7151632917565462,
        -0.028952094659952354,
        92.02301629045542
      ],
      [
        -0.7146603660333222,
        -0.6989547874301355,
        -0.02688431419270225,
        73.0769305223148
      ],
      [
        -0.039462879803374325,
        0.0019160512611105266,
        0.9992192001083593,
        3.1806630393866158
      ],
      [
        0.0,
        0.0,
        0.0,
        1.0
      ]
    ],
    "location": [
      92.02301629045542,
      73.0769305223148,
      3.1806630393866158
    ],
    "rotation": [
      0.001917546132493004,
      0.03947312970270817,
      -2.344657402912012
    ]
  },
  {
    "label_id": "Z5QKATZnhdyAEhR8O_ebsQ",
    "size": [
      2.236721291997949,
      5.270744933136602,
      1.9800000000000182
    ],
    "obj_class": "vehicle",
    "point_num_in_lidar": 660,
    "speed": 10.809282727588235,
    "if_vehicle": true,
    "motion_state": true,
    "pose": [
      [
        0.7546575743496359,
        -0.655479764517201,
        -0.028952094659952354,
        64.21302211036891
      ],
      [
        0.6549295503512227,
        0.7552115714997575,
        -0.02688431419270225,
        69.4280829414929
      ],
      [
        0.03948708084259127,
        0.0013268689993495351,
        0.9992192001083593,
        2.323213953455138
      ],
      [
        0.0,
        0.0,
        0.0,
        1.0
      ]
    ],
    "location": [
      64.21302211036891,
      69.4280829414929,
      2.323213953455138
    ],
    "rotation": [
      0.0013279050475632494,
      -0.03949734961991735,
      0.7147660450858963
    ]
  },
  {
    "label_id": "cbJ1mpyRwWHXJ5ilYEIySw",
    "size": [
      3.46962188904665,
      13.928196120883477,
      3.6299999999999955
    ],
    "obj_class": "vehicle",
    "point_num_in_lidar": 1303,
    "speed": 0.03264220720872462,
    "if_vehicle": true,
    "motion_state": false,
    "pose": [
      [
        -0.6623931154630737,
        -0.7485967785142577,
        -0.028952094659952354,
        64.44755785201778
      ],
      [
        0.7491558129087722,
        -0.661848020043412,
        -0.02688431419270225,
        12.804512905015144
      ],
      [
        0.0009636244704231302,
        -0.0394976146455805,
        0.9992192001083593,
        1.9401712417439398
      ],
      [
        0.0,
        0.0,
        0.0,
        1.0
      ]
    ],
    "location": [
      64.44755785201778,
      12.804512905015144,
      1.9401712417439398
    ],
    "rotation": [
      -0.03950790999955307,
      -0.000963624619555662,
      2.2948054185940676
    ]
  },
  {
    "label_id": "fEXEJZ7FbCjlCrCL5pFRYQ",
    "size": [
      2.2781491678733796,
      5.159896609175984,
      2.170000000000016
    ],
    "obj_class": "vehicle",
    "point_num_in_lidar": 312,
    "speed": 6.013646256471841,
    "if_vehicle": true,
    "motion_state": true,
    "pose": [
      [
        0.6985197891380468,
        -0.7150048114504824,
        -0.028952094659952354,
        88.19636607384746
      ],
      [
        0.7145017502190123,
        0.6991169305519329,
        -0.02688431419270225,
        78.6469697137145
      ],
      [
        0.039463313552043494,
        -0.0019070968260351021,
        0.9992192001083593,
        3.328440012626686
      ],
      [
        0.0,
        0.0,
        0.0,
        1.0
      ]
    ],
    "location": [
      88.19636607384746,
      78.6469697137145,
      3.328440012626686
    ],
    "rotation": [
      -0.0019085847331295623,
      -0.03947356378951855,
      0.7967081676539078
    ]
  },
  {
    "label_id": "gnIhYHjjJ9Umk5vZwmCmcQ",
    "size": [
      2.304656926003259,
      5.545608001098944,
      1.5300000000000296
    ],
    "obj_class": "vehicle",
    "point_num_in_lidar": 47,
    "speed": 1.2739566336795848e-27,
    "if_vehicle": true,
    "motion_state": false,
    "pose": [
      [
        0.6803786608079281,
        -0.7322886412692824,
        -0.028952094659952354,
        96.21900061756605
      ],
      [
        0.7318007054991593,
        0.6809882238932776,
        -0.02688431419270225,
        81.10723906177736
      ],
      [
        0.03940311343210141,
        -0.0028956496106612457,
        0.9992192001083593,
        3.40912122412243
      ],
      [
        0.0,
        0.0,
        0.0,
        1.0
      ]
    ],
    "location": [
      96.21900061756605,
      81.10723906177736,
      3.40912122412243
    ],
    "rotation": [
      -0.002897904188190408,
      -0.0394133168099701,
      0.8217953355435704
    ]
  },
  {
    "label_id": "j--quDy9-Tx9NoObQzaRKA",
    "size": [
      0.6894437065598175,
      0.6465767131827823,
      1.7699999999999818
    ],
    "obj_class": "pedestrian",
    "point_num_in_lidar": 24,
    "speed": 1.2859805962628246,
    "if_vehicle": false,
    "motion_state": true,
    "pose": [
      [
        -0.7349656410187665,
        -0.6774860018750757,
        -0.028952094659952354,
        77.43791493335448
      ],
      [
        0.6780974841234291,
        -0.7344801125121523,
        -0.02688431419270225,
        8.674279903585557
      ],
      [
        -0.003050991207737091,
        -0.039391389763006386,
        0.9992192001083593,
        0.9420568332241714
      ],
      [
        0.0,
        0.0,
        0.0,
        1.0
      ]
    ],
    "location": [
      77.43791493335448,
      8.674279903585557,
      0.9420568332241714
    ],
    "rotation": [
      -0.039401767513858876,
      0.003050995941139605,
      2.396417381823013
    ]
  },
  {
    "label_id": "kNL61CmvALX_tWsZANnbaA",
    "size": [
      2.3605658662441638,
      5.897738771278965,
      2.2799999999999727
    ],
    "obj_class": "vehicle",
    "point_num_in_lidar": 9087,
    "speed": 9.02828952089324,
    "if_vehicle": true,
    "motion_state": true,
    "pose": [
      [
        0.7505150062698343,
        -0.6602189042875038,
        -0.028952094659952354,
        47.5983718418247
      ],
      [
        0.6596721895924531,
        0.7510724571761945,
        -0.02688431419270225,
        55.33177765220171
      ],
      [
        0.03949465333547506,
        0.0010781895572773799,
        0.9992192001083593,
        1.649274094052089
      ],
      [
        0.0,
        0.0,
        0.0,
        1.0
      ]
    ],
    "location": [
      47.5983718418247,
      55.33177765220171,
      1.649274094052089
    ],
    "rotation": [
      0.0010790316466213986,
      -0.03950492802447618,
      0.7210680738051493
    ]
  },
  {
    "label_id": "mUA2mzmKJhqvIZ-voduCKQ",
    "size": [
      0.9526529000357915,
      0.9314748205018153,
      1.9399999999999977
    ],
    "obj_class": "pedestrian",
    "point_num_in_lidar": 132,
    "speed": 0.9259774799227363,
    "if_vehicle": false,
    "motion_state": false,
    "pose": [
      [
        -0.37456158659597216,
        0.9267499091240902,
        -0.028952094659952354,
        60.58809489389387
      ],
      [
        -0.9265113840635655,
        -0.37530506105167866,
        -0.02688431419270225,
        79.62622603560158
      ],
      [
        -0.03578090338887769,
        0.01675461391636865,
        0.9992192001083593,
        2.6212007487118854
      ],
      [
        0.0,
        0.0,
        0.0,
        1.0
      ]
    ],
    "location": [
      60.58809489389387,
      79.62622603560158,
      2.6212007487118854
    ],
    "rotation": [
      0.01676613495765502,
      0.03578854267856904,
      -1.9549790791974786
    ]
  },
  {
    "label_id": "n6s7QwfJh1pvFTQn9uyt0w",
    "size": [
      1.0000000000021037,
      1.0,
      1.7236748755498752
    ],
    "obj_class": "pedestrian",
    "point_num_in_lidar": 30,
    "speed": 1.18916397613689,
    "if_vehicle": false,
    "motion_state": true,
    "pose": [
      [
        0.7224761718502356,
        -0.6907893726190568,
        -0.028952094659952354,
        91.96268718870851
      ],
      [
        0.6902662574098891,
        0.7230558260132705,
        -0.02688431419270225,
        71.9098496027218
      ],
      [
        0.03950537925363663,
        -0.000561377624339669,
        0.9992192001083593,
        3.1802396215443878
      ],
      [
        0.0,
        0.0,
        0.0,
        1.0
      ]
    ],
    "location": [
      91.96268718870851,
      71.9098496027218,
      3.1802396215443878
    ],
    "rotation": [
      -0.0005618162313282717,
      -0.03951566232000599,
      0.7626025465943791
    ]
  },
  {
    "label_id": "qkSzrJCM6jm5eMy7NCJr9A",
    "size": [
      3.267111940499713,
      12.184357443089649,
      4.300000000000011
    ],
    "obj_class": "vehicle",
    "point_num_in_lidar": 138,
    "speed": 1.6890438270590501e-28,
    "if_vehicle": true,
    "motion_state": false,
    "pose": [
      [
        0.6930735638210559,
        -0.7202852291607693,
        -0.028952094659952354,
        95.58267094853727
      ],
      [
        0.719786714070867,
        0.6936745057283364,
        -0.02688431419270225,
        104.17375503397489
      ],
      [
        0.03944770436216312,
        -0.002206525632334659,
        0.9992192001083593,
        4.399647511972091
      ],
      [
        0.0,
        0.0,
        0.0,
        1.0
      ]
    ],
    "location": [
      95.58267094853727,
      104.17375503397489,
      4.399647511972091
    ],
    "rotation": [
      -0.002208246244163478,
      -0.039457942435730996,
      0.80430305315272
    ]
  },
  {
    "label_id": "sN_uXLNtJCxAs8Si4B7Cdw",
    "size": [
      0.5046364583900699,
      0.09435464373918906,
      0.4700000000000273
    ],
    "obj_class": "sign",
    "point_num_in_lidar": 37,
    "speed": 0.016006576884090493,
    "if_vehicle": false,
    "motion_state": false,
    "pose": [
      [
        -0.7288570201463366,
        0.6840535215889206,
        -0.028952094659952354,
        60.48689529409603
      ],
      [
        -0.6835250485105937,
        -0.7294317937332994,
        -0.02688431419270225,
        72.39859653786698
      ],
      [
        -0.039508888139166295,
        0.0001946607757564059,
        0.9992192001083593,
        4.36319730225722
      ],
      [
        0.0,
        0.0,
        0.0,
        1.0
      ]
    ],
    "location": [
      60.48689529409603,
      72.39859653786698,
      4.36319730225722
    ],
    "rotation": [
      0.00019481288317188428,
      0.039519173947103525,
      -2.3882795866092885
    ]
  },
  {
    "label_id": "sZDdDhLB5ysIbg3rzBjHjg",
    "size": [
      0.7515877108291906,
      0.7740473377925808,
      1.7652923993346121
    ],
    "obj_class": "pedestrian",
    "point_num_in_lidar": 246,
    "speed": 0.00421910263759766,
    "if_vehicle": false,
    "motion_state": false,
    "pose": [
      [
        0.6211024343178809,
        -0.7831944473112687,
        -0.028952094659952354,
        60.613122537371964
      ],
      [
        0.7827556139878051,
        0.6217482468177632,
        -0.02688431419270225,
        44.08911386836553
      ],
      [
        0.039056559692023235,
        -0.005964501641729937,
        0.9992192001083593,
        1.4870557821378725
      ],
      [
        0.0,
        0.0,
        0.0,
        1.0
      ]
    ],
    "location": [
      60.613122537371964,
      44.08911386836553,
      1.4870557821378725
    ],
    "rotation": [
      -0.0059690914690307476,
      -0.0390664960903002,
      0.900042474346187
    ]
  },
  {
    "label_id": "sZ_8NyI175ELHCM6gClLOQ",
    "size": [
      0.7367547958334801,
      0.7183578391749903,
      1.6499999999999773
    ],
    "obj_class": "pedestrian",
    "point_num_in_lidar": 27,
    "speed": 1.5077674419304705,
    "if_vehicle": false,
    "motion_state": true,
    "pose": [
      [
        -0.7088955000302797,
        -0.7047190548378985,
        -0.028952094659952354,
        70.92288164506317
      ],
      [
        0.7053117933205285,
        -0.708387258392871,
        -0.02688431419270225,
        15.443314237549203
      ],
      [
        -0.0015634064730482974,
        -0.03947842315760349,
        0.9992192001083593,
        0.9319054832645861
      ],
      [
        0.0,
        0.0,
        0.0,
        1.0
      ]
    ],
    "location": [
      70.92288164506317,
      15.443314237549203,
      0.9319054832645861
    ],
    "rotation": [
      -0.03948873346394719,
      0.001563407109939052,
      2.3587285593176177
    ]
  },
  {
    "label_id": "ummFAuCaVmz0GrWrRow7sg",
    "size": [
      0.9176379586500616,
      0.9243772860056179,
      1.6399999999999864
    ],
    "obj_class": "pedestrian",
    "point_num_in_lidar": 26,
    "speed": 1.2521544885786593,
    "if_vehicle": false,
    "motion_state": true,
    "pose": [
      [
        -0.6965142502250967,
        0.71695862882608,
        -0.028952094659952354,
        68.12216778398215
      ],
      [
        -0.716457242219793,
        -0.6971127984201675,
        -0.02688431419270225,
        82.00765757422778
      ],
      [
        -0.0394578167690543,
        0.002017629953809924,
        0.9992192001083593,
        2.693802589185509
      ],
      [
        0.0,
        0.0,
        0.0,
        1.0
      ]
    ],
    "location": [
      68.12216778398215,
      82.00765757422778,
      2.693802589185509
    ],
    "rotation": [
      0.0020192038058391166,
      0.039468062721905,
      -2.3420812062582903
    ]
  },
  {
    "label_id": "uzPLeqy-M07FOkNZ4Shmsw",
    "size": [
      0.9058033856833658,
      0.9753131251187845,
      1.9700000000000273
    ],
    "obj_class": "pedestrian",
    "point_num_in_lidar": 426,
    "speed": 1.1816748929176912,
    "if_vehicle": false,
    "motion_state": true,
    "pose": [
      [
        -0.6484209310418078,
        0.760731274762433,
        -0.028952094659952354,
        40.58772584355029
      ],
      [
        -0.7602698690465495,
        -0.649050814551781,
        -0.02688431419270225,
        54.408810874556366
      ],
      [
        -0.0392431192289505,
        0.0045790531764928,
        0.9992192001083593,
        1.4092421222773623
      ],
      [
        0.0,
        0.0,
        0.0,
        1.0
      ]
    ],
    "location": [
      40.58772584355029,
      54.408810874556366,
      1.4092421222773623
    ],
    "rotation": [
      0.004582599215717716,
      0.03925319876288705,
      -2.27696150136849
    ]
  }
]