[
  {
    "label_id": "003ynNxk1Wh4n8dKBPJJXg",
    "size": [
      0.7788622106801639,
      0.8631666814550667,
      1.7699999999999818
    ],
    "obj_class": "pedestrian",
    "point_num_in_lidar": 54,
    "speed": 1.5669330816109481,
    "if_vehicle": false,
    "motion_state": true,
    "pose": [
      [
        -0.6917218607210659,
        -0.7221632737187291,
        0.0010360947998481968,
        62.930309467097686
      ],
      [
        0.7221047744876897,
        -0.6916460269583925,
        0.013801016439144578,
        23.940415842320363
      ],
      [
        -0.00924997636047139,
        0.010294633772919358,
        0.9999042246399463,
        1.1193101244450077
      ],
      [
        0.0,
        0.0,
        0.0,
        1.0
      ]
    ],
    "location": [
      62.930309467097686,
      23.940415842320363,
      1.1193101244450077
    ],
    "rotation": [
      0.010295256084911242,
      0.009250108273393329,
      2.334707953422693
    ]
  },
  {
    "label_id": "2RASsgT-pdwc8yVFafN5wA",
    "size": [
      1.9263045126373093,
      4.255572104286605,
      1.9499999999999886
    ],
    "obj_class": "vehicle",
    "point_num_in_lidar": 21,
    "speed": 0.20732305434946674,
    "if_vehicle": true,
    "motion_state": false,
    "pose": [
      [
        -0.5876112866381593,
        -0.8091426958967205,
        0.0010360947998481968,
        74.27025501002936
      ],
      [
        0.8090744708476171,
        -0.5875440686177463,
        0.013801016439144578,
        5.330875655643467
      ],
      [
        -0.010558240293507904,
        0.008947910878655282,
        0.9999042246399463,
        0.9986976866551913
      ],
      [
        0.0,
        0.0,
        0.0,
        1.0
      ]
    ],
    "location": [
      74.27025501002936,
      5.330875655643467,
      0.9986976866551913
    ],
    "rotation": [
      0.008948529087822914,
      0.010558436469185844,
      2.198940322789677
    ]
  },
  {
    "label_id": "4sRZr1ONdtX-QRcs4A0-vw",
    "size": [
      2.1190687011923193,
      4.376564357957686,
      1.5199999999999818
    ],
    "obj_class": "vehicle",
    "point_num_in_lidar": 231,
    "speed": 6.915300366811402e-12,
    "if_vehicle": true,
    "motion_state": false,
    "pose": [
      [
        -0.6973457150797527,
        -0.7167341767820716,
        0.0010360947998481968,
        46.46961137256585
      ],
      [
        0.7166762721136908,
        -0.6972694263586132,
        0.013801016439144578,
        16.15618330354482
      ],
      [
        -0.009169222929522833,
        0.010366624236294286,
        0.9999042246399463,
        0.8556211272199903
      ],
      [
        0.0,
        0.0,
        0.0,
        1.0
      ]
    ],
    "location": [
      46.46961137256585,
      16.15618330354482,
      0.8556211272199903
    ],
    "rotation": [
      0.010367245759481654,
      0.009169351417584157,
      2.3425247218708445
    ]
  },
  {
    "label_id": "6NF9mwSv2e_D5E-gXNDHOA",
    "size": [
      1.937788693615428,
      4.297867069959489,
      1.75
    ],
    "obj_class": "vehicle",
    "point_num_in_lidar": 22,
    "speed": 0.0,
    "if_vehicle": true,
    "motion_state": false,
    "pose": [
      [
        0.7397931529901536,
        -0.6728335732530393,
        0.0010360947998481968,
        82.32526964405406
      ],
      [
        0.6727592761556265,
        0.7397327140878686,
        0.013801016439144578,
        91.04203788077575
      ],
      [
        -0.010052220423617617,
        -0.009512855078409228,
        0.9999042246399463,
        3.124647511972057
      ],
      [
        0.0,
        0.0,
        0.0,
        1.0
      ]
    ],
    "location": [
      82.32526964405406,
      91.04203788077575,
      3.124647511972057
    ],
    "rotation": [
      -0.009513479242512479,
      0.010052389722662407,
      0.7379778893232727
    ]
  },
  {
    "label_id": "7icJBEuPRDJAEFyjeeK9Tw",
    "size": [
      2.029989842854099,
      4.529825083229547,
      1.5699999999999932
    ],
    "obj_class": "vehicle",
    "point_num_in_lidar": 126,
    "speed": 10.002168997421027,
    "if_vehicle": true,
    "motion_state": true,
    "pose": [
      [
        0.6923915563239293,
        -0.7215212119119525,
        0.0010360947998481968,
        69.28702335998241
      ],
      [
        0.7214429818030863,
        0.6923363026393446,
        0.013801016439144578,
        69.41961414790421
      ],
      [
        -0.010675052149699129,
        -0.008808223929318293,
        0.9999042246399463,
        2.3181224461825423
      ],
      [
        0.0,
        0.0,
        0.0,
        1.0
      ]
    ],
    "location": [
      69.28702335998241,
      69.41961414790421,
      2.3181224461825423
    ],
    "rotation": [
      -0.008808839771296267,
      0.01067525490911778,
      0.8059432392488787
    ]
  },
  {
    "label_id": "9VgJc444cmIlvshIYPoRwQ",
    "size": [
      2.1187966576935064,
      4.73377975721041,
      1.579999999999984
    ],
    "obj_class": "vehicle",
    "point_num_in_lidar": 607,
    "speed": 0.23564959594972437,
    "if_vehicle": true,
    "motion_state": false,
    "pose": [
      [
        -0.7109438132892025,
        -0.7032480507284562,
        0.0010360947998481968,
        52.408294007069344
      ],
      [
        0.7031916176643799,
        -0.7108664296418836,
        0.013801016439144578,
        24.889524328624248
      ],
      [
        -0.008969012897761194,
        0.010540320432871324,
        0.9999042246399463,
        0.9390195692942598
      ],
      [
        0.0,
        0.0,
        0.0,
        1.0
      ]
    ],
    "location": [
      52.408294007069344,
      24.889524328624248,
      0.9390195692942598
    ],
    "rotation": [
      0.010540939608985118,
      0.008969133151452664,
      2.3616763682368895
    ]
  },
  {
    "label_id": "9_lx47WRH-mQLvLvwIpBWg",
    "size": [
      0.7276772904837373,
      0.9051974291215927,
      1.9399999999999977
    ],
    "obj_class": "pedestrian",
    "point_num_in_lidar": 29,
    "speed": 1.5344905680438172,
    "if_vehicle": false,
    "motion_state": true,
    "pose": [
      [
        -0.6717587260402029,
        -0.7407692896552942,
        0.0010360947998481968,
        -5.257070526098687
      ],
      [
        0.7407087429415146,
        -0.671684516774987,
        0.013801016439144578,
        90.326416459131
      ],
      [
        -0.009527440309177055,
        0.010038397697983458,
        0.9999042246399463,
        1.4822779035267217
      ],
      [
        0.0,
        0.0,
        0.0,
        1.0
      ]
    ],
    "location": [
      -5.257070526098687,
      90.326416459131,
      1.4822779035267217
    ],
    "rotation": [
      0.01003902195685555,
      0.009527584452722369,
      2.3074179138623685
    ]
  },
  {
    "label_id": "9yRa5_H_gVps_G_r_6mvIA",
    "size": [
      0.7756455715884771,
      0.8305019388285249,
      1.8845138035056834
    ],
    "obj_class": "pedestrian",
    "point_num_in_lidar": 157,
    "speed": 1.003035559543117,
    "if_vehicle": false,
    "motion_state": true,
    "pose": [
      [
        0.7141961984071272,
        0.6999447954577368,
        0.0010360947998481968,
        36.598983773597865
      ],
      [
        -0.6998887217248692,
        0.7141185539863638,
        0.013801016439144578,
        51.977587154753564
      ],
      [
        0.00892005510834553,
        -0.010581784540042867,
        0.9999042246399463,
        1.1712483202358612
      ],
      [
        0.0,
        0.0,
        0.0,
        1.0
      ]
    ],
    "location": [
      36.598983773597865,
      51.977587154753564,
      1.1712483202358612
    ],
    "rotation": [
      -0.010582403062224258,
      -0.008920173403488241,
      -0.7752806744920403
    ]
  },
  {
    "label_id": "AO9dwFKv4rC9axdtqk9RKw",
    "size": [
      1.8762039635338572,
      4.431172548534873,
      1.5900000000000318
    ],
    "obj_class": "vehicle",
    "point_num_in_lidar": 320,
    "speed": 0.005050492857914727,
    "if_vehicle": true,
    "motion_state": false,
    "pose": [
      [
        0.7126586713204387,
        -0.7015101885926908,
        0.0010360947998481968,
        59.28146253423256
      ],
      [
        0.7014335637640814,
        0.7126012121589935,
        0.013801016439144578,
        68.35594100935123
      ],
      [
        -0.010419876055278594,
        -0.009108662370537354,
        0.9999042246399463,
        1.9462129873549543
      ],
      [
        0.0,
        0.0,
        0.0,
        1.0
      ]
    ],
    "location": [
      59.28146253423256,
      68.35594100935123,
      1.9462129873549543
    ],
    "rotation": [
      -0.00910928287132096,
      0.010420064618777626,
      0.7774602994354122
    ]
  },
  {
    "label_id": "ApuGFglgPB7yiubDIsruoA",
    "size": [
      2.0986601808237952,
      4.058399703032842,
      1.579999999999984
    ],
    "obj_class": "vehicle",
    "point_num_in_lidar": 248,
    "speed": 2.5421149729252077e-12,
    "if_vehicle": true,
    "motion_state": false,
    "pose": [
      [
        -0.6912559867733732,
        -0.7226092216803878,
        0.0010360947998481968,
        52.69720859676454
      ],
      [
        0.7225506735555842,
        -0.6911801907531916,
        0.013801016439144578,
        18.248959564771212
      ],
      [
        -0.009256613546091034,
        0.010288666232614185,
        0.9999042246399463,
        1.0024117282160887
      ],
      [
        0.0,
        0.0,
        0.0,
        1.0
      ]
    ],
    "location": [
      52.69720859676454,
      18.248959564771212,
      1.0024117282160887
    ],
    "rotation": [
      0.010289288605192983,
      0.009256745743180656,
      2.334063050224263
    ]
  },
  {
    "label_id": "C6e5B3f0p8EXgkDqcFxO5w",
    "size": [
      2.1822347770795423,
      4.834819894509566,
      1.9800000000000182
    ],
    "obj_class": "vehicle",
    "point_num_in_lidar": 715,
    "speed": 0.009260026907269658,
    "if_vehicle": true,
    "motion_state": false,
    "pose": [
      [
        -0.6852772823434305,
        -0.7282815203007473,
        0.0010360947998481968,
        48.58622309884959
      ],
      [
        0.7282223495075429,
        -0.6852019714091319,
        0.013801016439144578,
        22.81531337460183
      ],
      [
        -0.009341091034573087,
        0.010212030428452009,
        0.9999042246399463,
        1.2345713771223927
      ],
      [
        0.0,
        0.0,
        0.0,
        1.0
      ]
    ],
    "location": [
      48.58622309884959,
      22.81531337460183,
      1.2345713771223927
    ],
    "rotation": [
      0.01021265351410762,
      0.009341226884252072,
      2.325821747443636
    ]
  },
  {
    "label_id": "C9cPjD8O_VEcJgOpJDHC3Q",
    "size": [
      0.9268047147014419,
      0.9427106435680166,
      2.1999999999999886
    ],
    "obj_class": "pedestrian",
    "point_num_in_lidar": 24,
    "speed": 0.5385434216145886,
    "if_vehicle": false,
    "motion_state": false,
    "pose": [
      [
        0.9662142233904641,
        0.2577382412943953,
        0.0010360947998481968,
        73.16140194187392
      ],
      [
        -0.2577276490433107,
        0.966119035556103,
        0.013801016439144578,
        31.804224387517024
      ],
      [
        0.0025560587963261282,
        -0.013601768657697983,
        0.9999042246399463,
        4.760226501300849
      ],
      [
        0.0,
        0.0,
        0.0,
        1.0
      ]
    ],
    "location": [
      73.16140194187392,
      31.804224387517024,
      4.760226501300849
    ],
    "rotation": [
      -0.013602232536347294,
      -0.002556061579642314,
      -0.2606705335690487
    ]
  },
  {
    "label_id": "CZUwabcB3mvH43N9J3yGWQ",
    "size": [
      2.372938899729725,
      4.773708939237198,
      1.6999999999999886
    ],
    "obj_class": "vehicle",
    "point_num_in_lidar": 29,
    "speed": 8.496880896686873,
    "if_vehicle": true,
    "motion_state": true,
    "pose": [
      [
        0.7191935855076058,
        -0.6948089759583418,
        0.0010360947998481968,
        94.33592133402271
      ],
      [
        0.6947328923038726,
        0.7191354116550944,
        0.013801016439144578,
        85.23810516343656
      ],
      [
        -0.010334162559668823,
        -0.009205793359518261,
        0.9999042246399463,
        3.597443789334875
      ],
      [
        0.0,
        0.0,
        0.0,
        1.0
      ]
    ],
    "location": [
      94.33592133402271,
      85.23810516343656,
      3.597443789334875
    ],
    "rotation": [
      -0.00920641501731278,
      0.010334346507845841,
      0.7681000550500737
    ]
  },
  {
    "label_id": "D12DaDhs0GA7loPYgRNhcg",
    "size": [
      2.0385436216825963,
      4.681338502763968,
      1.8500000000000227
    ],
    "obj_class": "vehicle",
    "point_num_in_lidar": 54,
    "speed": 0.0,
    "if_vehicle": true,
    "motion_state": false,
    "pose": [
      [
        0.739964519767712,
        -0.6726451040426183,
        0.0010360947998481968,
        72.56632030411129
      ],
      [
        0.6725708223432071,
        0.7399040619417012,
        0.013801016439144578,
        81.46192089935357
      ],
      [
        -0.010049796889566648,
        -0.009515415370138496,
        0.9999042246399463,
        2.72464751197208
      ],
      [
        0.0,
        0.0,
        0.0,
        1.0
      ]
    ],
    "location": [
      72.56632030411129,
      81.46192089935357,
      2.72464751197208
    ],
    "rotation": [
      -0.009516039547678023,
      0.010049966066186094,
      0.7377231581575584
    ]
  },
  {
    "label_id": "DK3iUUgB9ty9m22YEVBF6g",
    "size": [
      0.9328708472117606,
      0.9058452994184475,
      2.0292879884999593
    ],
    "obj_class": "pedestrian",
    "point_num_in_lidar": 49,
    "speed": 0.7868892208522856,
    "if_vehicle": false,
    "motion_state": false,
    "pose": [
      [
        -0.3982764466983242,
        0.9172648464390873,
        0.0010360947998481968,
        61.97904622093847
      ],
      [
        -0.9171722846264843,
        -0.39825184526663754,
        0.013801016439144578,
        81.08690123385895
      ],
      [
        0.013071813890665985,
        0.004546342353541273,
        0.9999042246399463,
        3.0122023843703687
      ],
      [
        0.0,
        0.0,
        0.0,
        1.0
      ]
    ],
    "location": [
      61.97904622093847,
      81.08690123385895,
      3.0122023843703687
    ],
    "rotation": [
      0.004546746491081201,
      -0.01307218618781775,
      -1.9804704934335315
    ]
  },
  {
    "label_id": "DwEkvmQeGLlhCH7eI0ArZA",
    "size": [
      0.9176379586464052,
      0.9243772860056179,
      1.8151881475899359
    ],
    "obj_class": "pedestrian",
    "point_num_in_lidar": 43,
    "speed": 1.5049223259843914,
    "if_vehicle": false,
    "motion_state": true,
    "pose": [
      [
        -0.6942593590588795,
        0.7197241616527261,
        0.0010360947998481968,
        48.82836137225968
      ],
      [
        -0.719646075020017,
        -0.6942039027933584,
        0.013801016439144578,
        62.64302266635059
      ],
      [
        0.010652186040337347,
        0.00883586327134217,
        0.9999042246399463,
        1.732817620567971
      ],
      [
        0.0,
        0.0,
        0.0,
        1.0
      ]
    ],
    "location": [
      48.82836137225968,
      62.64302266635059,
      1.732817620567971
    ],
    "rotation": [
      0.00883647960916193,
      -0.010652387499560271,
      -2.33824138824237
    ]
  },
  {
    "label_id": "EHyNyPdydGtVbm2hzdravg",
    "size": [
      2.116168642941171,
      4.43080589474992,
      1.5300000000000296
    ],
    "obj_class": "vehicle",
    "point_num_in_lidar": 158,
    "speed": 2.3437142008433857e-12,
    "if_vehicle": true,
    "motion_state": false,
    "pose": [
      [
        -0.7134751251295853,
        -0.7006797930073966,
        0.0010360947998481968,
        51.16496783461116
      ],
      [
        0.7006236393580595,
        -0.7133975384860214,
        0.013801016439144578,
        15.592302894168824
      ],
      [
        -0.008930945862021632,
        0.010572594440223747,
        0.9999042246399463,
        1.0244929142562569
      ],
      [
        0.0,
        0.0,
        0.0,
        1.0
      ]
    ],
    "location": [
      51.16496783461116,
      15.592302894168824,
      1.0244929142562569
    ],
    "rotation": [
      0.010573213110476404,
      0.008931064590993862,
      2.3652823504566456
    ]
  },
  {
    "label_id": "Eili_rpNcBafD_rPaXdaag",
    "size": [
      2.0426662412136105,
      4.832900983299851,
      1.4800000000000182
    ],
    "obj_class": "vehicle",
    "point_num_in_lidar": 74,
    "speed": 3.457650183405701e-12,
    "if_vehicle": true,
    "motion_state": false,
    "pose": [
      [
        0.6946912615360885,
        -0.7193072901430678,
        0.0010360947998481968,
        83.11208089163847
      ],
      [
        0.7192292368130617,
        0.6946357584076329,
        0.013801016439144578,
        68.77544356337603
      ],
      [
        -0.010646880233135777,
        -0.008842255848428843,
        0.9999042246399463,
        2.5402767588370807
      ],
      [
        0.0,
        0.0,
        0.0,
        1.0
      ]
    ],
    "location": [
      83.11208089163847,
      68.77544356337603,
      2.5402767588370807
    ],
    "rotation": [
      -0.008842872299008615,
      0.010647081391460523,
      0.8027509864833058
    ]
  },
  {
    "label_id": "EqHGUBAn_kXXQ_sCK5UmhA",
    "size": [
      2.045946005115216,
      4.313099364671785,
      1.6200000000000045
    ],
    "obj_class": "vehicle",
    "point_num_in_lidar": 112,
    "speed": 1.1368683772161603e-12,
    "if_vehicle": true,
    "motion_state": false,
    "pose": [
      [
        0.715819914538058,
        -0.6982841659799347,
        0.0010360947998481968,
        63.47668104891636
      ],
      [
        0.6982078014588442,
        0.7157621098711874,
        0.013801016439144578,
        72.71372239119228
      ],
      [
        -0.010378628653849352,
        -0.009155632935701855,
        0.9999042246399463,
        2.289647511972305
      ],
      [
        0.0,
        0.0,
        0.0,
        1.0
      ]
    ],
    "location": [
      63.47668104891636,
      72.71372239119228,
      2.289647511972305
    ],
    "rotation": [
      -0.009156254017568678,
      0.010378814986825783,
      0.7729435260387244
    ]
  },
  {
    "label_id": "G6Mgy_kvMQsfCAyCXrx1BQ",
    "size": [
      0.8620947521922285,
      1.1094360817910744,
      2.019999999999982
    ],
    "obj_class": "pedestrian",
    "point_num_in_lidar": 303,
    "speed": 1.6615050695519205,
    "if_vehicle": false,
    "motion_state": true,
    "pose": [
      [
        0.6498049855335541,
        -0.7601002613361628,
        0.0010360947998481968,
        49.10914605436483
      ],
      [
        0.7600189866682445,
        0.6497543165297336,
        0.013801016439144578,
        30.71992195592611
      ],
      [
        -0.01116336327063385,
        -0.008180517567713822,
        0.9999042246399463,
        1.1553857669192098
      ],
      [
        0.0,
        0.0,
        0.0,
        1.0
      ]
    ],
    "location": [
      49.10914605436483,
      30.71992195592611,
      1.1553857669192098
    ],
    "rotation": [
      -0.008181118607219436,
      0.011163595147957008,
      0.8634152072474557
    ]
  },
  {
    "label_id": "H0ATfIvGdadeca8zxrorMw",
    "size": [
      0.9069711678923271,
      0.6684251695846886,
      1.920000000000016
    ],
    "obj_class": "pedestrian",
    "point_num_in_lidar": 1136,
    "speed": 0.20743950033227215,
    "if_vehicle": false,
    "motion_state": false,
    "pose": [
      [
        0.5637076334435276,
        0.8259737468618862,
        0.0010360947998481968,
        41.3642717584662
      ],
      [
        -0.82590358607655,
        0.5636424384759731,
        0.013801016439144578,
        43.7848709069367
      ],
      [
        0.01081529025926402,
        -0.008635452726735302,
        0.9999042246399463,
        1.206072061920338
      ],
      [
        0.0,
        0.0,
        0.0,
        1.0
      ]
    ],
    "location": [
      41.3642717584662,
      43.7848709069367,
      1.206072061920338
    ],
    "rotation": [
      -0.008636065165896191,
      -0.010815501115353975,
      -0.9718886482493668
    ]
  },
  {
    "label_id": "H1KwN3bm7xetzBAXKSAkJQ",
    "size": [
      0.8718508778646825,
      0.8439339778954031,
      1.7800000000000296
    ],
    "obj_class": "pedestrian",
    "point_num_in_lidar": 110,
    "speed": 0.04324718905934767,
    "if_vehicle": false,
    "motion_state": false,
    "pose": [
      [
        0.7056572833476803,
        0.7085525562482555,
        0.0010360947998481968,
        19.895074041462067
      ],
      [
        -0.7084955452440346,
        0.7055803244950958,
        0.013801016439144578,
        64.72256918944186
      ],
      [
        0.009047697371695517,
        -0.010472856318026398,
        0.9999042246399463,
        1.2476233726085297
      ],
      [
        0.0,
        0.0,
        0.0,
        1.0
      ]
    ],
    "location": [
      19.895074041462067,
      64.72256918944186,
      1.2476233726085297
    ],
    "rotation": [
      -0.010473476480720433,
      -0.009047820818242333,
      -0.787405201129113
    ]
  },
  {
    "label_id": "IdtzlKr8w-UleoH07PuGAA",
    "size": [
      0.8235683293073921,
      0.939835135752179,
      1.759999999999991
    ],
    "obj_class": "pedestrian",
    "point_num_in_lidar": 94,
    "speed": 2.717492672599579,
    "if_vehicle": false,
    "motion_state": true,
    "pose": [
      [
        0.7744536000208899,
        0.6326298664481856,
        0.0010360947998481968,
        25.344570854613266
      ],
      [
        -0.6325810292028914,
        0.7743712116535952,
        0.013801016439144578,
        59.06969895827933
      ],
      [
        0.007928613201198812,
        -0.011343660780082738,
        0.9999042246399463,
        1.125646639717388
      ],
      [
        0.0,
        0.0,
        0.0,
        1.0
      ]
    ],
    "location": [
      25.344570854613266,
      59.06969895827933,
      1.125646639717388
    ],
    "rotation": [
      -0.01134426066281436,
      -0.007928696272828228,
      -0.6849069035124793
    ]
  },
  {
    "label_id": "J7ch-TpU8C5wm6aMM9VIvg",
    "size": [
      0.6920728141611532,
      0.7117013578337321,
      1.740000000000009
    ],
    "obj_class": "pedestrian",
    "point_num_in_lidar": 286,
    "speed": 3.639754730461873e-12,
    "if_vehicle": false,
    "motion_state": false,
    "pose": [
      [
        0.6599704495853463,
        0.7512908439357434,
        0.0010360947998481968,
        36.072283821660676
      ],
      [
        -0.7512291322474052,
        0.6598972062435613,
        0.013801016439144578,
        48.8222519617193
      ],
      [
        0.009684861223912692,
        -0.009886607621493014,
        0.9999042246399463,
        0.9976310947657225
      ],
      [
        0.0,
        0.0,
        0.0,
        1.0
      ]
    ],
    "location": [
      36.072283821660676,
      48.8222519617193,
      0.9976310947657225
    ],
    "rotation": [
      -0.009887232409735006,
      -0.009685012631377355,
      -0.8499756980962413
    ]
  },
  {
    "label_id": "J8bvMVrn5EZ0WGhQO07qSQ",
    "size": [
      0.9052480861187163,
      1.0215068244376773,
      1.7800000000000296
    ],
    "obj_class": "pedestrian",
    "point_num_in_lidar": 22,
    "speed": 1.65073181342553,
    "if_vehicle": false,
    "motion_state": true,
    "pose": [
      [
        -0.7588534866024117,
        -0.6512605564433709,
        0.0010360947998481968,
        3.9443482243332255
      ],
      [
        0.6512097317662664,
        -0.7587723091930503,
        0.013801016439144578,
        80.82256418254838
      ],
      [
        -0.008201897601817679,
        0.011147664460195633,
        0.9999042246399463,
        1.3872608580649626
      ],
      [
        0.0,
        0.0,
        0.0,
        1.0
      ]
    ],
    "location": [
      3.9443482243332255,
      80.82256418254838,
      1.3872608580649626
    ],
    "rotation": [
      0.011148270360786156,
      0.008201989563080362,
      2.432386376350241
    ]
  },
  {
    "label_id": "JIwIafnXjVCNvgOcHBrynQ",
    "size": [
      0.807836552056257,
      0.9177911650848429,
      2.0151233647333697
    ],
    "obj_class": "pedestrian",
    "point_num_in_lidar": 209,
    "speed": 1.6101078698664804,
    "if_vehicle": false,
    "motion_state": true,
    "pose": [
      [
        0.9959834461122149,
        -0.08953156749438991,
        0.0010360947998481968,
        53.6447107151871
      ],
      [
        0.08950884693533395,
        0.9958904047462017,
        0.013801016439144578,
        29.287109777884325
      ],
      [
        -0.002267463504388713,
        -0.013652844262060438,
        0.9999042246399463,
        1.0857930669694724
      ],
      [
        0.0,
        0.0,
        0.0,
        1.0
      ]
    ],
    "location": [
      53.6447107151871,
      29.287109777884325,
      1.0857930669694724
    ],
    "rotation": [
      -0.013653303547070181,
      0.0022674654473791873,
      0.0896290326100429
    ]
  },
  {
    "label_id": "Jo4JefMWZmJ4Dm31X7-u1g",
    "size": [
      0.7198336385521307,
      0.9607013585296706,
      1.759999999999991
    ],
    "obj_class": "pedestrian",
    "point_num_in_lidar": 64,
    "speed": 0.015552621823075664,
    "if_vehicle": false,
    "motion_state": false,
    "pose": [
      [
        0.5766764897378146,
        0.8169719411896823,
        0.0010360947998481968,
        35.568420402320044
      ],
      [
        -0.8169028183370385,
        0.5766101953124397,
        0.013801016439144578,
        49.627791106562654
      ],
      [
        0.010677620365775992,
        -0.008805110477000113,
        0.9999042246399463,
        1.0211375603126385
      ],
      [
        0.0,
        0.0,
        0.0,
        1.0
      ]
    ],
    "location": [
      35.568420402320044,
      49.627791106562654,
      1.0211375603126385
    ],
    "rotation": [
      -0.008805726262279396,
      -0.010677823271575128,
      -0.9561013428364932
    ]
  },
  {
    "label_id": "KIMtmvNTn718XRJNcfn2RA",
    "size": [
      0.6456584758708241,
      0.8107772221525958,
      1.6499999999999773
    ],
    "obj_class": "pedestrian",
    "point_num_in_lidar": 182,
    "speed": 0.5085688749552146,
    "if_vehicle": false,
    "motion_state": false,
    "pose": [
      [
        0.5117440995835746,
        0.8591373016281868,
        0.0010360947998481968,
        35.59489211115579
      ],
      [
        -0.8590632571531526,
        0.5116833514534774,
        0.013801016439144578,
        50.90308878769429
      ],
      [
        0.011326815563643075,
        -0.00795265970446519,
        0.9999042246399463,
        1.0072906373914066
      ],
      [
        0.0,
        0.0,
        0.0,
        1.0
      ]
    ],
    "location": [
      35.59489211115579,
      50.90308878769429,
      1.0072906373914066
    ],
    "rotation": [
      -0.007953253749670564,
      -0.011327057776566124,
      -1.0335444893093355
    ]
  },
  {
    "label_id": "M-7QVYfBS2-rLGLGuEcgbA",
    "size": [
      1.0181955835359813,
      0.1004674997203901,
      0.5400000000000205
    ],
    "obj_class": "sign",
    "point_num_in_lidar": 101,
    "speed": 0.0016226367856754709,
    "if_vehicle": false,
    "motion_state": false,
    "pose": [
      [
        -0.7185126580900656,
        0.6955131103522882,
        0.0010360947998481968,
        34.78995286679856
      ],
      [
        -0.6954369697516068,
        -0.7184545587912636,
        0.013801016439144578,
        48.94013560518215
      ],
      [
        0.010343174901903368,
        0.009195666378052636,
        0.9999042246399463,
        1.292691328878277
      ],
      [
        0.0,
        0.0,
        0.0,
        1.0
      ]
    ],
    "location": [
      34.78995286679856,
      48.94013560518215,
      1.292691328878277
    ],
    "rotation": [
      0.009196287923296527,
      -0.010343359331774972,
      -2.3725130630240643
    ]
  },
  {
    "label_id": "NR-ydNfoP_gKd7nePeHUGg",
    "size": [
      0.8420630655540084,
      1.0804344746293282,
      1.9700000000000273
    ],
    "obj_class": "pedestrian",
    "point_num_in_lidar": 386,
    "speed": 0.00011910263075255639,
    "if_vehicle": false,
    "motion_state": false,
    "pose": [
      [
        -0.8666718605257236,
        -0.4988775527927131,
        0.0010360947998481968,
        51.333971731604834
      ],
      [
        0.4988427008001212,
        -0.8665826514555246,
        0.013801016439144578,
        33.499741840714705
      ],
      [
        -0.005987155528400719,
        0.012477800922700765,
        0.9999042246399463,
        1.1270568332245148
      ],
      [
        0.0,
        0.0,
        0.0,
        1.0
      ]
    ],
    "location": [
      51.333971731604834,
      33.499741840714705,
      1.1270568332245148
    ],
    "rotation": [
      0.012478348398243773,
      0.005987191298271815,
      2.6193193810143707
    ]
  },
  {
    "label_id": "NVmWqAJVs2oPwpFNDwY82w",
    "size": [
      0.8981345550035523,
      0.8446989604514674,
      1.839999999999975
    ],
    "obj_class": "pedestrian",
    "point_num_in_lidar": 637,
    "speed": 0.23761446581316784,
    "if_vehicle": false,
    "motion_state": false,
    "pose": [
      [
        0.07785399006276159,
        0.9969642334301031,
        0.0010360947998481968,
        41.324263475922635
      ],
      [
        -0.9968709322018562,
        0.07783236136883369,
        0.013801016439144578,
        45.85713715887687
      ],
      [
        0.013678478069933872,
        -0.002107316985683339,
        0.9999042246399463,
        1.2260666671454032
      ],
      [
        0.0,
        0.0,
        0.0,
        1.0
      ]
    ],
    "location": [
      41.324263475922635,
      45.85713715887687,
      1.2260666671454032
    ],
    "rotation": [
      -0.0021075157137898873,
      -0.013678904648129766,
      -1.4928561662958209
    ]
  },
  {
    "label_id": "OaBaJCfNzU4Ykpv4ByH-2g",
    "size": [
      0.9375452324634436,
      1.0542668871771672,
      1.839999999999975
    ],
    "obj_class": "pedestrian",
    "point_num_in_lidar": 337,
    "speed": 0.8951203332956081,
    "if_vehicle": false,
    "motion_state": false,
    "pose": [
      [
        0.5574316123353613,
        -0.8302222136734028,
        0.0010360947998481968,
        51.71374176732206
      ],
      [
        0.8301356191816953,
        0.5573906939580797,
        0.013801016439144578,
        32.73260042671609
      ],
      [
        -0.012035420018543378,
        -0.006833023647336271,
        0.9999042246399463,
        1.0039686965728833
      ],
      [
        0.0,
        0.0,
        0.0,
        1.0
      ]
    ],
    "location": [
      51.71374176732206,
      32.73260042671609,
      1.0039686965728833
    ],
    "rotation": [
      -0.006833571772632105,
      0.012035710595260676,
      0.9794587292545791
    ]
  },
  {
    "label_id": "PES5FWXW1H2xBozxmQ1gTA",
    "size": [
      0.8442639439972007,
      0.09986239830018995,
      0.8299999999999841
    ],
    "obj_class": "sign",
    "point_num_in_lidar": 376,
    "speed": 0.012136404550209399,
    "if_vehicle": false,
    "motion_state": false,
    "pose": [
      [
        -0.5658036406552107,
        0.8245393663912444,
        0.0010360947998481968,
        40.52579964379038
      ],
      [
        -0.8244531903632534,
        -0.5657618481703228,
        0.013801016439144578,
        43.59914486006164
      ],
      [
        0.011965664259129195,
        0.006954453682756792,
        0.9999042246399463,
        1.1876913288781452
      ],
      [
        0.0,
        0.0,
        0.0,
        1.0
      ]
    ],
    "location": [
      40.52579964379038,
      43.59914486006164,
      1.1876913288781452
    ],
    "rotation": [
      0.006955007666842292,
      -0.01196594981242126,
      -2.1722530386708594
    ]
  },
  {
    "label_id": "Pv3Lf9faouPCSxaqDpc1og",
    "size": [
      1.9832784803348937,
      4.594323009820505,
      1.5600000000000023
    ],
    "obj_class": "vehicle",
    "point_num_in_lidar": 246,
    "speed": 7.8969401269261e-12,
    "if_vehicle": true,
    "motion_state": false,
    "pose": [
      [
        0.6940279107321746,
        -0.7199473492084668,
        0.0010360947998481968,
        73.86773294373052
      ],
      [
        0.7198692447489772,
        0.6939724795766642,
        0.013801016439144578,
        59.09813575206499
      ],
      [
        -0.010655026479071756,
        -0.008832437824184846,
        0.9999042246399463,
        1.9902767588367283
      ],
      [
        0.0,
        0.0,
        0.0,
        1.0
      ]
    ],
    "location": [
      73.86773294373052,
      59.09813575206499,
      1.9902767588367283
    ],
    "rotation": [
      -0.00883305410128519,
      0.010655228099502345,
      0.8036728003998479
    ]
  },
  {
    "label_id": "Q-ps1GWMC5qpDsjn1OHjLw",
    "size": [
      2.2055060766008214,
      4.57734672187009,
      1.7699999999999818
    ],
    "obj_class": "vehicle",
    "point_num_in_lidar": 807,
    "speed": 2.2737367544323206e-12,
    "if_vehicle": true,
    "motion_state": false,
    "pose": [
      [
        -0.6941941409769335,
        -0.7197870665279162,
        0.0010360947998481968,
        46.64269009575219
      ],
      [
        0.7197288276799494,
        -0.694118107062258,
        0.013801016439144578,
        20.18396664784086
      ],
      [
        -0.009214620976627745,
        0.010326292047240544,
        0.9999042246399463,
        1.1378030766084635
      ],
      [
        0.0,
        0.0,
        0.0,
        1.0
      ]
    ],
    "location": [
      46.64269009575219,
      20.18396664784086,
      1.1378030766084635
    ],
    "rotation": [
      0.010326914025540281,
      0.009214751382687453,
      2.338136992141871
    ]
  },
  {
    "label_id": "QzJBj9-xw7Q7xr5j6JQSeA",
    "size": [
      2.3044468408176315,
      4.974115535925105,
      1.7900000000000205
    ],
    "obj_class": "vehicle",
    "point_num_in_lidar": 88,
    "speed": 1.3123322310792895e-11,
    "if_vehicle": true,
    "motion_state": false,
    "pose": [
      [
        0.719211244366394,
        -0.6947906968897243,
        0.0010360947998481968,
        67.87888242794725
      ],
      [
        0.6947146147138119,
        0.7191530685801784,
        0.013801016439144578,
        76.9159018076316
      ],
      [
        -0.010333928584190601,
        -0.009206056007034709,
        0.9999042246399463,
        2.3746475119723414
      ],
      [
        0.0,
        0.0,
        0.0,
        1.0
      ]
    ],
    "location": [
      67.87888242794725,
      76.9159018076316,
      2.3746475119723414
    ],
    "rotation": [
      -0.00920667766772316,
      0.010334112519873206,
      0.7680746390202587
    ]
  },
  {
    "label_id": "RaraKfdwLrmuiw0ezpXmrA",
    "size": [
      1.968675126928858,
      4.38931429310347,
      1.6899999999999977
    ],
    "obj_class": "vehicle",
    "point_num_in_lidar": 37,
    "speed": 6.9386235371289915e-12,
    "if_vehicle": true,
    "motion_state": false,
    "pose": [
      [
        0.6946912615384047,
        -0.7193072901408308,
        0.0010360947998481968,
        87.07083668957057
      ],
      [
        0.7192292368108248,
        0.6946357584099488,
        0.013801016439144578,
        72.60535489237373
      ],
      [
        -0.010646880233107303,
        -0.008842255848463126,
        0.9999042246399463,
        2.935738134486826
      ],
      [
        0.0,
        0.0,
        0.0,
        1.0
      ]
    ],
    "location": [
      87.07083668957057,
      72.60535489237373,
      2.935738134486826
    ],
    "rotation": [
      -0.0088428722990429,
      0.010647081391432047,
      0.8027509864800857
    ]
  },
  {
    "label_id": "RcD7OIkRycHTUZFkqG_r3A",
    "size": [
      0.7853804496545971,
      0.8456748752505518,
      1.8999999999999773
    ],
    "obj_class": "pedestrian",
    "point_num_in_lidar": 20,
    "speed": 1.2966541251921107,
    "if_vehicle": false,
    "motion_state": true,
    "pose": [
      [
        0.7182162759742131,
        0.6958191628816345,
        0.0010360947998481968,
        82.29052720485925
      ],
      [
        -0.6957635373380959,
        0.7181383098373366,
        0.013801016439144578,
        1.9613771300864755
      ],
      [
        0.00885895233720702,
        -0.010632991614541303,
        0.9999042246399463,
        1.0364532173171028
      ],
      [
        0.0,
        0.0,
        0.0,
        1.0
      ]
    ],
    "location": [
      82.29052720485925,
      1.9613771300864755,
      1.0364532173171028
    ],
    "rotation": [
      -0.010633609278899891,
      -0.008859068217926539,
      -0.7695203894809897
    ]
  },
  {
    "label_id": "RsYyboMUkbV1H__LSuMteQ",
    "size": [
      0.8086566255950344,
      0.8286798791523324,
      1.759999999999991
    ],
    "obj_class": "pedestrian",
    "point_num_in_lidar": 117,
    "speed": 0.3885030955082426,
    "if_vehicle": false,
    "motion_state": false,
    "pose": [
      [
        0.008197546683906152,
        0.9999658627852906,
        0.0010360947998481968,
        57.25353117495979
      ],
      [
        -0.9998712812670396,
        0.008182471671510705,
        0.013801016439144578,
        28.425482193764765
      ],
      [
        0.013792067494534432,
        -0.0011490959115835777,
        0.9999042246399463,
        1.1017145492940017
      ],
      [
        0.0,
        0.0,
        0.0,
        1.0
      ]
    ],
    "location": [
      57.25353117495979,
      28.425482193764765,
      1.1017145492940017
    ],
    "rotation": [
      -0.0011492054712912577,
      -0.013792504789068589,
      -1.5625979084852688
    ]
  },
  {
    "label_id": "TAl_BqipReAf5gsI2aV_RA",
    "size": [
      2.323370911263344,
      5.119892405167558,
      1.8999999999999773
    ],
    "obj_class": "vehicle",
    "point_num_in_lidar": 6569,
    "speed": 9.071495487056996,
    "if_vehicle": true,
    "motion_state": true,
    "pose": [
      [
        0.71875029657798,
        -0.6952675295716257,
        0.0010360947998481968,
        46.495078599960834
      ],
      [
        0.6951914088298932,
        0.7186921712627423,
        0.013801016439144578,
        41.32194818062271
      ],
      [
        -0.010340031826558382,
        -0.00919920045512495,
        0.9999042246399463,
        1.2807076869846128
      ],
      [
        0.0,
        0.0,
        0.0,
        1.0
      ]
    ],
    "location": [
      46.495078599960834,
      41.32194818062271,
      1.2807076869846128
    ],
    "rotation": [
      -0.009199822039860736,
      0.010340216088342498,
      0.7687378527901307
    ]
  },
  {
    "label_id": "UzgcwGAkWdeM3lWj082ApQ",
    "size": [
      0.8987437200640335,
      0.8431158821777414,
      2.0
    ],
    "obj_class": "pedestrian",
    "point_num_in_lidar": 99,
    "speed": 0.9810095295736524,
    "if_vehicle": false,
    "motion_state": false,
    "pose": [
      [
        -0.7074496856578609,
        -0.7067629509037379,
        0.0010360947998481968,
        69.27744073085341
      ],
      [
        0.7067061350085446,
        -0.707372582651131,
        0.013801016439144578,
        35.284519228684076
      ],
      [
        -0.009021142049560794,
        0.010495739293134973,
        0.9999042246399463,
        3.427478155552251
      ],
      [
        0.0,
        0.0,
        0.0,
        1.0
      ]
    ],
    "location": [
