[
  {
    "label_id": "003ynNxk1Wh4n8dKBPJJXg",
    "size": [
      0.7788622106915447,
      0.8631666814550667,
      1.7699999999999818
    ],
    "obj_class": "pedestrian",
    "point_num_in_lidar": 67,
    "speed": 1.5249908545205422,
    "if_vehicle": false,
    "motion_state": true,
    "pose": [
      [
        -0.7065955511874956,
        -0.707617603442912,
        0.0002331088776811234,
        63.95189800778462
      ],
      [
        0.7076161340297205,
        -0.7065933271527012,
        0.002297146949663993,
        22.90127870091237
      ],
      [
        -0.0014607884418078932,
        0.0017881054178892272,
        0.9999973343845185,
        1.1193101244450645
      ],
      [
        0.0,
        0.0,
        0.0,
        1.0
      ]
    ],
    "location": [
      63.95189800778462,
      22.90127870091237,
      1.1193101244450645
    ],
    "rotation": [
      0.0017881082785761743,
      0.0014607889613385005,
      2.355472828311227
    ]
  },
  {
    "label_id": "1CIySQdZQvvKYIKWinEpAQ",
    "size": [
      0.7479217653348066,
      0.8796314435866537,
      1.7900000000000205
    ],
    "obj_class": "pedestrian",
    "point_num_in_lidar": 20,
    "speed": 1.472996935885721,
    "if_vehicle": false,
    "motion_state": true,
    "pose": [
      [
        0.710585143868054,
        0.703611184514763,
        0.0002331088776811234,
        -18.02569907272118
      ],
      [
        -0.7036097276998052,
        0.7105829115607113,
        0.002297146949663993,
        56.84275195930968
      ],
      [
        0.0014506551012442544,
        -0.0017963361696626727,
        0.9999973343845185,
        1.4862130339858481
      ],
      [
        0.0,
        0.0,
        0.0,
        1.0
      ]
    ],
    "location": [
      -18.02569907272118,
      56.84275195930968,
      1.4862130339858481
    ],
    "rotation": [
      -0.001796339025851894,
      -0.0014506556100378895,
      -0.7804657741338877
    ]
  },
  {
    "label_id": "4sRZr1ONdtX-QRcs4A0-vw",
    "size": [
      2.11906870119232,
      4.376564357957686,
      1.5199999999999818
    ],
    "obj_class": "vehicle",
    "point_num_in_lidar": 531,
    "speed": 6.915300366811402e-12,
    "if_vehicle": true,
    "motion_state": false,
    "pose": [
      [
        -0.697346070430921,
        -0.7167345420131529,
        0.0002331088776811234,
        46.46961137256949
      ],
      [
        0.716733043840158,
        -0.6973438656670853,
        0.002297146949663993,
        16.15618330354482
      ],
      [
        -0.0014838875210208629,
        0.001768983233997117,
        0.9999973343845185,
        0.883013295418948
      ],
      [
        0.0,
        0.0,
        0.0,
        1.0
      ]
    ],
    "location": [
      46.46961137256949,
      16.15618330354482,
      0.883013295418948
    ],
    "rotation": [
      0.0017689861042000869,
      0.0014838880655888755,
      2.342485385325451
    ]
  },
  {
    "label_id": "7icJBEuPRDJAEFyjeeK9Tw",
    "size": [
      2.0299898428547376,
      4.529825083229547,
      1.5699999999999932
    ],
    "obj_class": "vehicle",
    "point_num_in_lidar": 143,
    "speed": 10.264741455448993,
    "if_vehicle": true,
    "motion_state": true,
    "pose": [
      [
        0.6810447898025193,
        -0.7322417223452194,
        0.0002331088776811234,
        62.9889832647641
      ],
      [
        0.7322394455705502,
        0.6810434035114244,
        0.002297146949663993,
        62.79255114186526
      ],
      [
        -0.0018408241023467101,
        -0.0013937684461286133,
        0.9999973343845185,
        2.0338952605044938
      ],
      [
        0.0,
        0.0,
        0.0,
        1.0
      ]
    ],
    "location": [
      62.9889832647641,
      62.79255114186526,
      2.0338952605044938
    ],
    "rotation": [
      -0.0013937712588759934,
      0.0018408251419946278,
      0.8216062240715291
    ]
  },
  {
    "label_id": "9VgJc444cmIlvshIYPoRwQ",
    "size": [
      2.1187966576952966,
      4.73377975721041,
      1.579999999999984
    ],
    "obj_class": "vehicle",
    "point_num_in_lidar": 728,
    "speed": 0.0637217474406652,
    "if_vehicle": true,
    "motion_state": false,
    "pose": [
      [
        -0.7095798878651157,
        -0.7046249558435899,
        0.0002331088776811234,
        52.49670556266574
      ],
      [
        0.7046234958430955,
        -0.709577657639914,
        0.002297146949663993,
        24.80521964815125
      ],
      [
        -0.0014532182165731874,
        0.0017942632672560029,
        0.9999973343845185,
        0.9483523829613887
      ],
      [
        0.0,
        0.0,
        0.0,
        1.0
      ]
    ],
    "location": [
      52.49670556266574,
      24.80521964815125,
      0.9483523829613887
    ],
    "rotation": [
      0.0017942661246008553,
      0.0014532187280685048,
      2.359699199476739
    ]
  },
  {
    "label_id": "9_lx47WRH-mQLvLvwIpBWg",
    "size": [
      0.727677290488717,
      0.9051974291215927,
      1.9399999999999977
    ],
    "obj_class": "pedestrian",
    "point_num_in_lidar": 30,
    "speed": 1.556623097506419,
    "if_vehicle": false,
    "motion_state": true,
    "pose": [
      [
        -0.6837323196477516,
        -0.7297328694319284,
        0.0002331088776811234,
        -4.402048582207499
      ],
      [
        0.7297313300267503,
        -0.6837301434727606,
        0.002297146949663993,
        89.41293533112912
      ],
      [
        -0.0015169200687034185,
        0.0017407404638168083,
        0.9999973343845185,
        1.4822779035267217
      ],
      [
        0.0,
        0.0,
        0.0,
        1.0
      ]
    ],
    "location": [
      -4.402048582207499,
      89.41293533112912,
      1.4822779035267217
    ],
    "rotation": [
      0.0017407433457122604,
      0.0015169206504546222,
      2.3236625026426743
    ]
  },
  {
    "label_id": "9yRa5_H_gVps_G_r_6mvIA",
    "size": [
      0.7756455715914296,
      0.8305019388285249,
      1.8845138035056834
    ],
    "obj_class": "pedestrian",
    "point_num_in_lidar": 43,
    "speed": 1.0984616206201596,
    "if_vehicle": false,
    "motion_state": true,
    "pose": [
      [
        0.686240436100836,
        0.7273747380273704,
        0.0002331088776811234,
        35.99392449789957
      ],
      [
        -0.7273732061229835,
        0.6862382546392057,
        0.002297146949663993,
        52.71080981909472
      ],
      [
        0.0015109184313614214,
        -0.001745952276259773,
        0.9999973343845185,
        1.1287291082630304
      ],
      [
        0.0,
        0.0,
        0.0,
        1.0
      ]
    ],
    "location": [
      35.99392449789957,
      52.71080981909472,
      1.1287291082630304
    ],
    "rotation": [
      -0.0017459551562078247,
      -0.0015109190062348734,
      -0.8144875595750032
    ]
  },
  {
    "label_id": "AO9dwFKv4rC9axdtqk9RKw",
    "size": [
      1.876203963533858,
      4.431172548534873,
      1.5900000000000318
    ],
    "obj_class": "vehicle",
    "point_num_in_lidar": 215,
    "speed": 0.005050492867012152,
    "if_vehicle": true,
    "motion_state": false,
    "pose": [
      [
        0.7126590344747308,
        -0.7015105460659844,
        0.0002331088776811234,
        59.284580132232804
      ],
      [
        0.7015083326099285,
        0.7126575491740261,
        0.002297146949663993,
        68.35263560986641
      ],
      [
        -0.0017775996125115353,
        -0.0014735547070954575,
        0.9999973343845185,
        1.9466673559608694
      ],
      [
        0.0,
        0.0,
        0.0,
        1.0
      ]
    ],
    "location": [
      59.284580132232804,
      68.35263560986641,
      1.9466673559608694
    ],
    "rotation": [
      -0.001473557568488072,
      0.0017776005486739653,
      0.7775133323360195
    ]
  },
  {
    "label_id": "ApuGFglgPB7yiubDIsruoA",
    "size": [
      2.098660180823796,
      4.058399703032842,
      1.579999999999984
    ],
    "obj_class": "vehicle",
    "point_num_in_lidar": 139,
    "speed": 2.5421149729252077e-12,
    "if_vehicle": true,
    "motion_state": false,
    "pose": [
      [
        -0.6912563390213594,
        -0.7226095899052535,
        0.0002331088776811234,
        52.69720859676818
      ],
      [
        0.7226080731299256,
        -0.6912541470134901,
        0.002297146949663993,
        18.248959564771212
      ],
      [
        -0.0014988029368460647,
        0.0017563637475494509,
        0.9999973343845185,
        1.002411728215975
      ],
      [
        0.0,
        0.0,
        0.0,
        1.0
      ]
    ],
    "location": [
      52.69720859676818,
      18.248959564771212,
      1.002411728215975
    ],
    "rotation": [
      0.0017563666233229613,
      0.0014988034980010106,
      2.33402362520849
    ]
  },
  {
    "label_id": "C6e5B3f0p8EXgkDqcFxO5w",
    "size": [
      2.1822347770795423,
      4.834819894509566,
      1.9800000000000182
    ],
    "obj_class": "vehicle",
    "point_num_in_lidar": 701,
    "speed": 0.009260026832020905,
    "if_vehicle": true,
    "motion_state": false,
    "pose": [
      [
        -0.6852776315448073,
        -0.7282818914160852,
        0.0002331088776811234,
        48.58058082325442
      ],
      [
        0.7282803566273028,
        -0.6852754521115582,
        0.002297146949663993,
        22.82144256574975
      ],
      [
        -0.0015132267338178336,
        0.0017439520375467188,
        0.9999973343845185,
        1.2295728960630186
      ],
      [
        0.0,
        0.0,
        0.0,
        1.0
      ]
    ],
    "location": [
      48.58058082325442,
      22.82144256574975,
      1.2295728960630186
    ],
    "rotation": [
      0.0017439549182533627,
      0.0015132273113301,
      2.325782249009991
    ]
  },
  {
    "label_id": "C9cPjD8O_VEcJgOpJDHC3Q",
    "size": [
      0.9268047146967361,
      0.9427106435680166,
      2.1999999999999886
    ],
    "obj_class": "pedestrian",
    "point_num_in_lidar": 28,
    "speed": 0.456866622138177,
    "if_vehicle": false,
    "motion_state": false,
    "pose": [
      [
        0.9893102638285681,
        0.1458257437618611,
        0.0002331088776811234,
        72.72949872027675
      ],
      [
        -0.14582589273179347,
        0.9893076023789906,
        0.002297146949663993,
        31.93127509032638
      ],
      [
        0.00010436677759307242,
        -0.002306584365016632,
        0.9999973343845185,
        4.718691210726149
      ],
      [
        0.0,
        0.0,
        0.0,
        1.0
      ]
    ],
    "location": [
      72.72949872027675,
      31.93127509032638,
      4.718691210726149
    ],
    "rotation": [
      -0.0023065864228825933,
      -0.0001043667777825403,
      -0.14634773874441767
    ]
  },
  {
    "label_id": "CZUwabcB3mvH43N9J3yGWQ",
    "size": [
      2.3729388997386924,
      4.773708939237198,
      1.6999999999999886
    ],
    "obj_class": "vehicle",
    "point_num_in_lidar": 36,
    "speed": 9.01870817737557,
    "if_vehicle": true,
    "motion_state": true,
    "pose": [
      [
        0.7168967747413989,
        -0.6971792882936433,
        0.0002331088776811234,
        88.6302562716628
      ],
      [
        0.6971770838784485,
        0.7168952760554602,
        0.002297146949663993,
        79.68529624063376
      ],
      [
        -0.0017686379286888437,
        -0.0014842990717532558,
        0.9999973343845185,
        3.221084849801457
      ],
      [
        0.0,
        0.0,
        0.0,
        1.0
      ]
    ],
    "location": [
      88.6302562716628,
      79.68529624063376,
      3.221084849801457
    ],
    "rotation": [
      -0.0014843019382857112,
      0.0017686388507636667,
      0.7714537625546093
    ]
  },
  {
    "label_id": "D12DaDhs0GA7loPYgRNhcg",
    "size": [
      2.0385436216825985,
      4.681338502763968,
      1.8500000000000227
    ],
    "obj_class": "vehicle",
    "point_num_in_lidar": 37,
    "speed": 0.0,
    "if_vehicle": true,
    "motion_state": false,
    "pose": [
      [
        0.739964896836432,
        -0.6726454468069338,
        0.0002331088776811234,
        72.56632030411129
      ],
      [
        0.6726432941037255,
        0.7399633247757492,
        0.002297146949663993,
        81.46192089935357
      ],
      [
        -0.0017176574565015896,
        -0.0015430089822579876,
        0.9999973343845185,
        2.724647511971966
      ],
      [
        0.0,
        0.0,
        0.0,
        1.0
      ]
    ],
    "location": [
      72.56632030411129,
      81.46192089935357,
      2.724647511971966
    ],
    "rotation": [
      -0.0015430118707581513,
      0.0017176583011170045,
      0.7377765338578666
    ]
  },
  {
    "label_id": "DK3iUUgB9ty9m22YEVBF6g",
    "size": [
      0.9328708472139797,
      0.9058452994184475,
      2.0292879884999593
    ],
    "obj_class": "pedestrian",
    "point_num_in_lidar": 35,
    "speed": 0.7898060426760297,
    "if_vehicle": false,
    "motion_state": false,
    "pose": [
      [
        -0.4242745887971751,
        0.9055335548510829,
        0.0002331088776811234,
        62.20541506507652
      ],
      [
        -0.9055309630603198,
        -0.42427396579915366,
        0.002297146949663993,
        81.64640198153211
      ],
      [
        0.0021790456713413173,
        0.0007635337709708776,
        0.9999973343845185,
        3.066200748711992
      ],
      [
        0.0,
        0.0,
        0.0,
        1.0
      ]
    ],
    "location": [
      62.20541506507652,
      81.64640198153211,
      3.066200748711992
    ],
    "rotation": [
      0.0007635356578866641,
      -0.0021790473957836523,
      -2.0089580872650177
    ]
  },
  {
    "label_id": "DwEkvmQeGLlhCH7eI0ArZA",
    "size": [
      0.9176379586410537,
      0.9243772860056179,
      1.8151881475899359
    ],
    "obj_class": "pedestrian",
    "point_num_in_lidar": 85,
    "speed": 1.500013069390987,
    "if_vehicle": false,
    "motion_state": true,
    "pose": [
      [
        -0.67841890041469,
        0.7346752624257701,
        0.0002331088776811234,
        49.71313547356476
      ],
      [
        -0.7346729807025816,
        -0.678417522283642,
        0.002297146949663993,
        63.555816493957536
      ],
      [
        0.0018458021852936998,
        0.001387169113687781,
        0.9999973343845185,
        1.8013669602437403
      ],
      [
        0.0,
        0.0,
        0.0,
        1.0
      ]
    ],
    "location": [
      49.71313547356476,
      63.555816493957536,
      1.8013669602437403
    ],
    "rotation": [
      0.0013871719216031048,
      -0.0018458032333989174,
      -2.316406283493641
    ]
  },
  {
    "label_id": "EHyNyPdydGtVbm2hzdravg",
    "size": [
      2.1161686429411715,
      4.43080589474992,
      1.5300000000000296
    ],
    "obj_class": "vehicle",
    "point_num_in_lidar": 108,
    "speed": 2.3437142008433857e-12,
    "if_vehicle": true,
    "motion_state": false,
    "pose": [
      [
        -0.713475488699928,
        -0.7006801500575351,
        0.0002331088776811234,
        51.16496783461844
      ],
      [
        0.7006787024440542,
        -0.7134732504146235,
        0.002297146949663993,
        15.5923028941761
      ],
      [
        -0.0014432483207351195,
        0.0018022924684688657,
        0.9999973343845185,
        1.0244929142564274
      ],
      [
        0.0,
        0.0,
        0.0,
        1.0
      ]
    ],
    "location": [
      51.16496783461844,
      15.5923028941761,
      1.0244929142564274
    ],
    "rotation": [
      0.0018022953212515143,
      0.001443248821775051,
      2.3652433174430887
    ]
  },
  {
    "label_id": "EUMXAh1506O2s7DJR1baLA",
    "size": [
      0.7088095523586275,
      0.6986833978201178,
      1.5699999999999932
    ],
    "obj_class": "pedestrian",
    "point_num_in_lidar": 36,
    "speed": 0.3123067856646803,
    "if_vehicle": false,
    "motion_state": false,
    "pose": [
      [
        0.747751898933897,
        0.6639781948987498,
        0.0002331088776811234,
        45.36064366624487
      ],
      [
        -0.6639768614787154,
        0.7477495907967897,
        0.002297146949663993,
        5.58233629046299
      ],
      [
        0.0013509484171579083,
        -0.001872474894726998,
        0.9999973343845185,
        1.0878413205017523
      ],
      [
        0.0,
        0.0,
        0.0,
        1.0
      ]
    ],
    "location": [
      45.36064366624487,
      5.58233629046299,
      1.0878413205017523
    ],
    "rotation": [
      -0.0018724776976252228,
      -0.0013509488280855984,
      -0.7261255117785299
    ]
  },
  {
    "label_id": "Eili_rpNcBafD_rPaXdaag",
    "size": [
      2.0426662412136096,
      4.832900983299851,
      1.4800000000000182
    ],
    "obj_class": "vehicle",
    "point_num_in_lidar": 36,
    "speed": 3.457650183405701e-12,
    "if_vehicle": true,
    "motion_state": false,
    "pose": [
      [
        0.694691615534607,
        -0.7193076566853497,
        0.0002331088776811234,
        83.11208089164211
      ],
      [
        0.7193054063774182,
        0.6946901866818824,
        0.002297146949663993,
        68.77544356337603
      ],
      [
        -0.0018142938391782096,
        -0.0014281322495918695,
        0.9999973343845185,
        2.5402767588371375
      ],
      [
        0.0,
        0.0,
        0.0,
        1.0
      ]
    ],
    "location": [
      83.11208089164211,
      68.77544356337603,
      2.5402767588371375
    ],
    "rotation": [
      -0.0014281350855255847,
      0.0018142948345200728,
      0.8028036492795767
    ]
  },
  {
    "label_id": "EqHGUBAn_kXXQ_sCK5UmhA",
    "size": [
      2.045946005115215,
      4.313099364671785,
      1.6200000000000045
    ],
    "obj_class": "vehicle",
    "point_num_in_lidar": 70,
    "speed": 1.1368683772161603e-12,
    "if_vehicle": true,
    "motion_state": false,
    "pose": [
      [
        0.7158202793032512,
        -0.698284521809317,
        0.0002331088776811234,
        63.47668104891636
      ],
      [
        0.6982823150845002,
        0.7158187840201754,
        0.002297146949663993,
        72.71372239119228
      ],
      [
        -0.0017709258726378622,
        -0.0014815685643351664,
        0.9999973343845185,
        2.2896475119724187
      ],
      [
        0.0,
        0.0,
        0.0,
        1.0
      ]
    ],
    "location": [
      63.47668104891636,
      72.71372239119228,
      2.2896475119724187
    ],
    "rotation": [
      -0.001481571429593795,
      0.0017709267982957606,
      0.772996612636448
    ]
  },
  {
    "label_id": "FUBBAMWnwtT4q8zdcG-J8Q",
    "size": [
      0.6207832016912253,
      0.8538091971167887,
      1.9024940406123392
    ],
    "obj_class": "pedestrian",
    "point_num_in_lidar": 28,
    "speed": 1.2730207528688735,
    "if_vehicle": false,
    "motion_state": true,
    "pose": [
      [
        -0.5441166312094706,
        -0.8390095573362131,
        0.0002331088776811234,
        8.800977451577637
      ],
      [
        0.8390076578172967,
        -0.5441147610934901,
        0.002297146949663993,
        81.7568310648494
      ],
      [
        -0.0018004902640855827,
        0.0014454959931239414,
        0.9999973343845185,
        1.5146334175133802
      ],
      [
        0.0,
        0.0,
        0.0,
        1.0
      ]
    ],
    "location": [
      8.800977451577637,
      81.7568310648494,
      1.5146334175133802
    ],
    "rotation": [
      0.001445498839495878,
      0.0018004912368814463,
      2.146133261906407
    ]
  },
  {
    "label_id": "G6Mgy_kvMQsfCAyCXrx1BQ",
    "size": [
      0.8620947521929244,
      1.1094360817910744,
      2.019999999999982
    ],
    "obj_class": "pedestrian",
    "point_num_in_lidar": 323,
    "speed": 1.6663440927029167,
    "if_vehicle": false,
    "motion_state": true,
    "pose": [
      [
        0.603330423469027,
        -0.7974912825711234,
        0.0002331088776811234,
        48.13944961203015
      ],
      [
        0.7974888770267584,
        0.6033292750517675,
        0.002297146949663993,
        29.530763723538257
      ],
      [
        -0.001972596077321365,
        -0.0012000369048244734,
        0.9999973343845185,
        1.1553857669193235
      ],
      [
        0.0,
        0.0,
        0.0,
        1.0
      ]
    ],
    "location": [
      48.13944961203015,
      29.530763723538257,
      1.1553857669193235
    ],
    "rotation": [
      -0.0012000395276126987,
      0.001972597356596638,
      0.9231241852331784
    ]
  },
  {
    "label_id": "GiPscZnqoFfFvj5jXUIwjA",
    "size": [
      2.0663953814856915,
      4.663853484354714,
      1.829999999999984
    ],
    "obj_class": "vehicle",
    "point_num_in_lidar": 700,
    "speed": 1.1368683772161603e-12,
    "if_vehicle": true,
    "motion_state": false,
    "pose": [
      [
        -0.7342833991578424,
        -0.6788430123242457,
        0.0002331088776811234,
        43.23270705897448
      ],
      [
        0.6788416328758874,
        -0.7342811182308112,
        0.002297146949663993,
        13.903139488335
      ],
      [
        -0.0013882347076881324,
        0.001845000881727265,
        0.9999973343845185,
        0.8347800726545529
      ],
      [
        0.0,
        0.0,
        0.0,
        1.0
      ]
    ],
    "location": [
      43.23270705897448,
      13.903139488335,
      0.8347800726545529
    ],
    "rotation": [
      0.0018450037063124465,
      0.00138823515358849,
      2.39540782572564
    ]
  },
  {
    "label_id": "H0ATfIvGdadeca8zxrorMw",
    "size": [
      0.9069711678973825,
      0.6684251695846886,
      1.920000000000016
    ],
    "obj_class": "pedestrian",
    "point_num_in_lidar": 397,
    "speed": 0.08892769380247136,
    "if_vehicle": false,
    "motion_state": false,
    "pose": [
      [
        0.30782022262609415,
        0.9514445103119115,
        0.0002331088776811234,
        41.16502951617804
      ],
      [
        -0.9514421906610436,
        0.3078189093379515,
        0.002297146949663993,
        43.71092455674807
      ],
      [
        0.002113852534152762,
        -0.0009288979066938887,
        0.9999973343845185,
        1.2060720619203948
      ],
      [
        0.0,
        0.0,
        0.0,
        1.0
      ]
    ],
    "location": [
      41.16502951617804,
      43.71092455674807,
      1.2060720619203948
    ],
    "rotation": [
      -0.000928900115616203,
      -0.0021138541084026958,
      -1.257894442080083
    ]
  },
  {
    "label_id": "H1KwN3bm7xetzBAXKSAkJQ",
    "size": [
      0.8718508778648871,
      0.8439339778954031,
      1.7800000000000296
    ],
    "obj_class": "pedestrian",
    "point_num_in_lidar": 97,
    "speed": 0.03156950100612849,
    "if_vehicle": false,
    "motion_state": false,
    "pose": [
      [
        0.7128185849267037,
        0.7013484231416955,
        0.0002331088776811234,
        19.89822535813437
      ],
      [
        -0.701346973431407,
        0.7128163479989058,
        0.002297146949663993,
        64.75824451049994
      ],
      [
        0.0014449365719968153,
        -0.0018009392438698296,
        0.9999973343845185,
        1.2476233726085866
      ],
      [
        0.0,
        0.0,
        0.0,
        1.0
      ]
    ],
    "location": [
      19.89822535813437,
      64.75824451049994,
      1.2476233726085866
    ],
    "rotation": [
      -0.0018009420974376363,
      -0.001444937074797092,
      -0.7772864116907665
    ]
  },
  {
    "label_id": "HL-qj5d4P6_6hFA4xT5b8g",
    "size": [
      0.8176904717751592,
      0.6188773135043537,
      1.7300000000000182
    ],
    "obj_class": "pedestrian",
    "point_num_in_lidar": 43,
    "speed": 0.3632273835875495,
    "if_vehicle": false,
    "motion_state": false,
    "pose": [
      [
        -0.6084166305809923,
        -0.7936177601923508,
        0.0002331088776811234,
        47.013182576283725
      ],
      [
        0.7936160136356484,
        -0.6084146168666184,
        0.002297146949663993,
        4.116624133683217
      ],
      [
        -0.0016812297685224605,
        0.0015826213453123442,
        0.9999973343845185,
        1.007841320501825
      ],
      [
        0.0,
        0.0,
        0.0,
        1.0
      ]
    ],
    "location": [
      47.013182576283725,
      4.116624133683217,
      1.007841320501825
    ],
    "rotation": [
      0.0015826242426495122,
      0.001681230560532188,
      2.2248613432817392
    ]
  },
  {
    "label_id": "I6SZa1eCraS40H-IILNPiA",
    "size": [
      2.0802100137984114,
      4.51856244249473,
      1.5199999999999818
    ],
    "obj_class": "vehicle",
    "point_num_in_lidar": 25,
    "speed": 1.1368683772161603e-12,
    "if_vehicle": true,
    "motion_state": false,
    "pose": [
      [
        -0.7311242761839413,
        -0.6822442659596042,
        0.0002331088776811234,
        64.9618781563222
      ],
      [
        0.6822428759379703,
        -0.7311220016849301,
        0.002297146949663993,
        -7.903475129125582
      ],
      [
        -0.0013967843052141043,
        0.0018385367719770777,
        0.9999973343845185,
        0.6801529523420413
      ],
      [
        0.0,
        0.0,
        0.0,
        1.0
      ]
    ],
    "location": [
      64.9618781563222,
      -7.903475129125582,
      0.6801529523420413
    ],
    "rotation": [
      0.0018385396012584926,
      0.0013967847594036885,
      2.390765779537653
    ]
  },
  {
    "label_id": "IdtzlKr8w-UleoH07PuGAA",
    "size": [
      0.8235683293096501,
      0.939835135752179,
      1.759999999999991
    ],
    "obj_class": "pedestrian",
    "point_num_in_lidar": 92,
    "speed": 2.715230529176981,
    "if_vehicle": false,
    "motion_state": true,
    "pose": [
      [
        0.7554385049615293,
        0.6552195135080614,
        0.0002331088776811234,
        23.489279027438897
      ],
      [
        -0.6552182070754254,
        0.7554361814427191,
        0.002297146949663993,
        60.64189172906481
      ],
      [
        0.0013290366263995427,
        -0.0018880904382186949,
        0.9999973343845185,
        1.125646639717445
      ],
      [
        0.0,
        0.0,
        0.0,
        1.0
      ]
    ],
    "location": [
      23.489279027438897,
      60.64189172906481,
      1.125646639717445
    ],
    "rotation": [
      -0.0018880932275333266,
      -0.0013290370176545817,
      -0.7144721980943338
    ]
  },
  {
    "label_id": "J7ch-TpU8C5wm6aMM9VIvg",
    "size": [
      0.6920728141611545,
      0.7117013578337321,
      1.740000000000009
    ],
    "obj_class": "pedestrian",
    "point_num_in_lidar": 105,
    "speed": 0.016174940833611054,
    "if_vehicle": false,
    "motion_state": false,
    "pose": [
      [
        0.6599707858909484,
        0.7512912267760985,
        0.0002331088776811234,
        36.072283821660676
      ],
      [
        -0.751289618352148,
        0.659968660219692,
        0.002297146949663993,
        48.82225196172658
      ],
      [
        0.0015719817962095068,
        -0.0016911821574242892,
        0.9999973343845185,
        0.9976310947657794
      ],
      [
        0.0,
        0.0,
        0.0,
        1.0
      ]
    ],
    "location": [
      36.072283821660676,
      48.82225196172658,
      0.9976310947657794
    ],
    "rotation": [
      -0.0016911850531524646,
      -0.0015719824436379428,
      -0.850015366404856
    ]
  },
  {
    "label_id": "J8bvMVrn5EZ0WGhQO07qSQ",
    "size": [
      0.9052480861173392,
      1.0215068244376773,
      1.7800000000000296
    ],
    "obj_class": "pedestrian",
    "point_num_in_lidar": 39,
    "speed": 1.569980293727437,
    "if_vehicle": false,
    "motion_state": true,
    "pose": [
      [
        -0.7518423417330192,
        -0.659342884118469,
        0.0002331088776811234,
        5.041317755039927
      ],
      [
        0.6593415649928821,
        -0.7518400253967785,
        0.002297146949663993,
        79.86453452450951
      ],
      [
        -0.0013393469105194102,
        0.001880790714164245,
        0.9999973343845185,
        1.3872608580650194
      ],
      [
        0.0,
        0.0,
        0.0,
        1.0
      ]
    ],
    "location": [
      5.041317755039927,
      79.86453452450951,
      1.3872608580650194
    ],
    "rotation": [
      0.0018807935099428839,
      0.001339347310951009,
      2.421649203496063
    ]
  },
  {
    "label_id": "JIwIafnXjVCNvgOcHBrynQ",
    "size": [
      0.8078365520554041,
      0.9177911650848429,
      2.0151233647333697
    ],
    "obj_class": "pedestrian",
    "point_num_in_lidar": 173,
    "speed": 1.6713088952233397,
    "if_vehicle": false,
    "motion_state": true,
    "pose": [
      [
        0.9877502582899477,
        -0.15604285599921844,
        0.0002331088776811234,
        52.16625380896221
      ],
      [
        0.15604191960245448,
        0.9877477625601957,
        0.002297146949663993,
        29.120798155665398
      ],
      [
        -0.0005887061430379107,
        -0.002232632736110838,
        0.9999973343845185,
        1.0857930669693587
      ],
      [
        0.0,
        0.0,
        0.0,
        1.0
      ]
    ],
    "location": [
      52.16625380896221,
      29.120798155665398,
      1.0857930669693587
    ],
    "rotation": [
      -0.0022326349778183877,
      0.000588706177043047,
      0.15668223398665587
    ]
  },
  {
    "label_id": "Jo4JefMWZmJ4Dm31X7-u1g",
    "size": [
      0.7198336385577511,
      0.9607013585296706,
      1.759999999999991
    ],
    "obj_class": "pedestrian",
    "point_num_in_lidar": 141,
    "speed": 2.2737367544323206e-12,
    "if_vehicle": false,
    "motion_state": false,
    "pose": [
      [
        0.8059638187920258,
        0.5919647527162624,
        0.0002331088776811234,
        35.568420402316406
      ],
      [
        -0.5919636385148239,
        0.8059613972096819,
        0.002297146949663993,
        49.62779110656993
      ],
      [
        0.0011719532692529028,
        -0.0019894093072798705,
        0.9999973343845185,
        1.0099261988119679
      ],
      [
        0.0,
        0.0,
        0.0,
        1.0
      ]
    ],
    "location": [
      35.568420402316406,
      49.62779110656993,
      1.0099261988119679
    ],
    "rotation": [
      -0.001989411985751674,
      -0.001171953537527717,
      -0.6334935544136456
    ]
  },
  {
    "label_id": "KIMtmvNTn718XRJNcfn2RA",
    "size": [
      0.6456584758687123,
      0.8107772221525958,
      1.6499999999999773
    ],
    "obj_class": "pedestrian",
    "point_num_in_lidar": 97,
    "speed": 0.73704885501551,
    "if_vehicle": false,
    "motion_state": false,
    "pose": [
      [
        0.8421388664426921,
        0.5392606747083164,
        0.0002331088776811234,
        35.08083052268921
      ],
      [
        -0.5392597175029744,
        0.842136378619582,
        0.002297146949663993,
        51.16376108014083
      ],
      [
        0.0010424515479054994,
        -0.0020602229557680814,
        0.9999973343845185,
        1.0072906373914634
      ],
      [
        0.0,
        0.0,
        0.0,
        1.0
      ]
    ],
    "location": [
      35.08083052268921,
      51.16376108014083,
      1.0072906373914634
    ],
    "rotation": [
      -0.002060225532644136,
      -0.00104245173671185,
      -0.5695581599600601
    ]
  },
  {
    "label_id": "M-7QVYfBS2-rLGLGuEcgbA",
    "size": [
      1.0181955835359804,
      0.1004674997203901,
      0.5400000000000205
    ],
    "obj_class": "sign",
    "point_num_in_lidar": 91,
    "speed": 0.00022340883984641737,
    "if_vehicle": false,
    "motion_state": false,
    "pose": [
      [
        -0.7185130242274151,
        0.6955134647696082,
        0.0002331088776811234,
        34.79011753245504
      ],
      [
        -0.6955112638388602,
        -0.718511520428979,
        0.002297146949663993,
        48.940250853978796
      ],
      [
        0.0017651880481738976,
        0.0014884001517698011,
        0.9999973343845185,
        1.292691328878277
      ],
      [
        0.0,
        0.0,
        0.0,
        1.0
      ]
    ],
    "location": [
      34.79011753245504,
      48.940250853978796,
      1.292691328878277
    ],
    "rotation": [
      0.0014884030201738798,
      -0.0017651889648634747,
      -2.372459933482598
    ]
  },
  {
    "label_id": "NDAnvjpf76se8u_t0LfMfQ",
    "size": [
      0.7398662657222363,
      0.9588898975130005,
      1.772289894821938
    ],
    "obj_class": "pedestrian",
    "point_num_in_lidar": 34,
    "speed": 1.6773303911294914,
    "if_vehicle": false,
    "motion_state": true,
    "pose": [
      [
        0.8621448597912235,
        0.5066618067269555,
        0.0002331088776811234,
        17.924993402215478
      ],
      [
        -0.5066609453591678,
        0.8621423371831627,
        0.002297146949663993,
        69.3461638227891
      ],
      [
        0.0009629035912119255,
        -0.002098580599175433,
        0.9999973343845185,
        1.2611159106535865
      ],
      [
        0.0,
        0.0,
        0.0,
        1.0
      ]
    ],
    "location": [
      17.924993402215478,
      69.3461638227891,
      1.2611159106535865
    ],
    "rotation": [
      -0.0020985831124381107,
      -0.0009629037400100134,
      -0.5313076754156596
    ]
  },
  {
    "label_id": "NR-ydNfoP_gKd7nePeHUGg",
    "size": [
      0.8420630655509391,
      1.0804344746293282,
      1.9700000000000273
    ],
    "obj_class": "pedestrian",
    "point_num_in_lidar": 166,
    "speed": 0.0001191026300936581,
    "if_vehicle": false,
    "motion_state": false,
    "pose": [
      [
        -0.8420825529697108,
        -0.5393486067881007,
        0.0002331088776811234,
        51.333933670259285
      ],
      [
        0.5393476493229886,
        -0.8420800652465644,
        0.002297146949663993,
        33.499641677582986
      ],
      [
        -0.001042666667961536,
        0.0020601140931332733,
        0.9999973343845185,
        1.1270568332245148
      ],
      [
        0.0,
        0.0,
        0.0,
        1.0
      ]
    ],
    "location": [
      51.333933670259285,
      33.499641677582986,
      1.1270568332245148
    ],
    "rotation": [
      0.0020601166701811877,
      0.0010426668568847967,
      2.571930075125285
    ]
  },
  {
    "label_id": "NVmWqAJVs2oPwpFNDwY82w",
    "size": [
      0.8981345550108433,
      0.8446989604514674,
      1.839999999999975
    ],
    "obj_class": "pedestrian",
    "point_num_in_lidar": 120,
    "speed": 0.17466344110009666,
    "if_vehicle": false,
    "motion_state": false,
    "pose": [
      [
        0.6020980913766812,
        0.7984220901382982,
        0.0002331088776811234,
        41.18132578620862
      ],
      [
        -0.7984203276526798,
        0.6020960915891078,
        0.002297146949663993,
        45.82626889136736
      ],
      [
        0.0016937389247390136,
        -0.0015692266605013664,
        0.9999973343845185,
        1.1785703358338537
      ],
      [
        0.0,
        0.0,
        0.0,
        1.0
      ]
    ],
    "location": [
      41.18132578620862,
      45.82626889136736,
      1.1785703358338537
    ],
    "rotation": [
      -0.0015692295553999319,
      -0.0016937397345594186,
      -0.9246689347057286
    ]
  },
  {
    "label_id": "OaBaJCfNzU4Ykpv4ByH-2g",
    "size": [
      0.9375452324505313,
      1.0542668871771672,
      1.839999999999975
    ],
    "obj_class": "pedestrian",
    "point_num_in_lidar": 164,
    "speed": 1.1789700436581965,
    "if_vehicle": false,
    "motion_state": true,
    "pose": [
      [
        0.603817011357229,
        -0.7971229280706177,
        0.0002331088776811234,
        51.1609818881152
      ],
      [
        0.7971205232275672,
        0.6038158614721059,
        0.002297146949663993,
        31.998424378063646
      ],
      [
        -0.0019718633405184736,
        -0.001201240535248319,
        0.9999973343845185,
        0.9753902371945173
      ],
      [
        0.0,
        0.0,
        0.0,
        1.0
      ]
    ],
    "location": [
      51.1609818881152,
      31.998424378063646,
      0.9753902371945173
    ],
    "rotation": [
      -0.0012012431595098839,
      0.001971864618368683,
      0.9225138953392663
    ]
  },
  {
    "label_id": "OaQW5LGNnGDxoNUGOPRPiA",
    "size": [
      0.9880183285394215,
      1.0982428043988728,
      2.019999999999982
    ],
    "obj_class": "pedestrian",
    "point_num_in_lidar": 156,
    "speed": 1.6968422518334727,
    "if_vehicle": false,
    "motion_state": true,
    "pose": [
      [
        0.6250109223319548,
        0.780615970004464,
        0.0002331088776811234,
        44.71064773119724
      ],
      [
        -0.7806142662850234,
        0.6250088722475756,
        0.002297146949663993,
        15.45307145355764
      ],
      [
        0.0016474944776043766,
        -0.0016177100492571043,
        0.9999973343845185,
        1.08201196806408
      ],
      [
        0.0,
        0.0,
        0.0,
        1.0
      ]
    ],
    "location": [
      44.71064773119724,
      15.45307145355764,
      1.08201196806408
    ],
    "rotation": [
      -0.0016177129502777372,
      -0.0016474952228873211,
      -0.8956497153980164
    ]
  },
  {
    "label_id": "PES5FWXW1H2xBozxmQ1gTA",
    "size": [
      0.8442639439972,
      0.09986239830018995,
      0.8299999999999841
    ],
    "obj_class": "sign",
    "point_num_in_lidar": 232,
    "speed": 0.022043411472133543,
    "if_vehicle": false,
    "motion_state": false,
    "pose": [
      [
        -0.5658039289755968,
        0.8245397865573431,
        0.0002331088776811234,
        40.54485626744645
      ],
      [
        -0.8245373304767611,
        -0.5658028930344454,
        0.002297146949663993,
        43.59855369077559
      ],
      [
        0.002025982732950793,
        0.0011075277978405676,
        0.9999973343845185,
        1.187691328878202
      ],
      [
        0.0,
        0.0,
        0.0,
        1.0
      ]
    ],
    "location": [
      40.54485626744645,
      43.59855369077559,
      1.187691328878202
    ],
    "rotation": [
      0.0011075302972506143,
      -0.0020259841189301784,
      -2.172205666106285
    ]
  },
  {
    "label_id": "Pv3Lf9faouPCSxaqDpc1og",
    "size": [
      1.9832784803348942,
      4.594323009820505,
      1.5600000000000023
    ],
    "obj_class": "vehicle",
    "point_num_in_lidar": 163,
    "speed": 7.8969401269261e-12,
    "if_vehicle": true,
    "motion_state": false,
    "pose": [
      [
        0.694028264392667,
        -0.7199477160769061,
        0.0002331088776811234,
        73.86773294373052
      ],
      [
        0.719945464452818,
        0.6940268376148777,
        0.002297146949663993,
        59.09813575206499
      ],
      [
        -0.001815609517100607,
        -0.0014264592313199987,
        0.9999973343845185,
        1.990276758836842
      ],
      [
        0.0,
        0.0,
        0.0,
        1.0
      ]
    ],
    "location": [
      73.86773294373052,
      59.09813575206499,
      1.990276758836842
    ],
    "rotation": [
      -0.0014264620662023273,
      0.0018156105146094298,
      0.803725447487729
    ]
  },
  {
    "label_id": "Q-ps1GWMC5qpDsjn1OHjLw",
    "size": [
      2.205506076600822,
      4.57734672187009,
      1.7699999999999818
    ],
    "obj_class": "vehicle",
    "point_num_in_lidar": 778,
    "speed": 2.2737367544323206e-12,
    "if_vehicle": true,
    "motion_state": false,
    "pose": [
      [
        -0.6941944947221361,
        -0.7197874333146761,
        0.0002331088776811234,
        46.64269009575946
      ],
      [
        0.7197859254821171,
        -0.6941922965531554,
        0.002297146949663993,
        20.18396664784086
      ],
      [
        -0.001491635119700895,
        0.001762455255284297,
        0.9999973343845185,
