[
  {
    "label_id": "19G16Afe1OEYunwMaRn23w",
    "size": [
      0.49658202750330255,
      0.1057512927381761,
      0.4700000000000273
    ],
    "obj_class": "sign",
    "point_num_in_lidar": 22,
    "speed": 0.02564396853153244,
    "if_vehicle": false,
    "motion_state": false,
    "pose": [
      [
        -0.8486344570161359,
        -0.5276306755972213,
        -0.037754847817835904,
        84.58921918589112
      ],
      [
        0.5286265348350819,
        -0.8485127481460022,
        -0.024085325448766966,
        66.87500003751484
      ],
      [
        -0.01932731313923417,
        -0.040397851459439714,
        0.9989967310078043,
        5.109971251598779
      ],
      [
        0.0,
        0.0,
        0.0,
        1.0
      ]
    ],
    "location": [
      84.58921918589112,
      66.87500003751484,
      5.109971251598779
    ],
    "rotation": [
      -0.04041640115110652,
      0.019328516611847847,
      2.584494576902822
    ]
  },
  {
    "label_id": "2RASsgT-pdwc8yVFafN5wA",
    "size": [
      1.9263045126373073,
      4.255572104286605,
      1.9499999999999886
    ],
    "obj_class": "vehicle",
    "point_num_in_lidar": 52,
    "speed": 3.5250314286074824e-27,
    "if_vehicle": true,
    "motion_state": false,
    "pose": [
      [
        -0.5871926535158637,
        -0.8085662366950842,
        -0.037754847817835904,
        74.17727101284618
      ],
      [
        0.8094427865800391,
        -0.586704586952896,
        -0.024085325448766966,
        5.380684102674422
      ],
      [
        -0.0026763614367470152,
        -0.04470311538562903,
        0.9989967310078043,
        0.998697686654964
      ],
      [
        0.0,
        0.0,
        0.0,
        1.0
      ]
    ],
    "location": [
      74.17727101284618,
      5.380684102674422,
      0.998697686654964
    ],
    "rotation": [
      -0.044718177937049866,
      0.0026763646318469043,
      2.1983851579748914
    ]
  },
  {
    "label_id": "3N0Hci7FDc6DnZ9Y-NvN1g",
    "size": [
      0.42172186806478373,
      0.08174772381814051,
      0.5600000000000023
    ],
    "obj_class": "sign",
    "point_num_in_lidar": 27,
    "speed": 0.023779949879686325,
    "if_vehicle": false,
    "motion_state": false,
    "pose": [
      [
        -0.7793179945472204,
        0.6254902356081594,
        -0.037754847817835904,
        81.85093872541256
      ],
      [
        -0.6250449943113264,
        -0.7802170545331479,
        -0.024085325448766966,
        64.67232304302888
      ],
      [
        -0.04452211204842762,
        0.004828351112774036,
        0.9989967310078043,
        4.522663967481378
      ],
      [
        0.0,
        0.0,
        0.0,
        1.0
      ]
    ],
    "location": [
      81.85093872541256,
      64.67232304302888,
      4.522663967481378
    ],
    "rotation": [
      0.004833162478873953,
      0.04453683394285623,
      -2.4656084293141802
    ]
  },
  {
    "label_id": "7GSGaA7dBwvi7KBYEElycA",
    "size": [
      1.8357627917931423,
      4.242794156062129,
      1.490000000000009
    ],
    "obj_class": "vehicle",
    "point_num_in_lidar": 30,
    "speed": 7.050062857214965e-27,
    "if_vehicle": true,
    "motion_state": false,
    "pose": [
      [
        0.6973722808329976,
        -0.7157139605960156,
        -0.037754847817835904,
        104.02884031698704
      ],
      [
        0.715381485180044,
        0.6983188582299791,
        -0.024085325448766966,
        88.84223415903398
      ],
      [
        0.04360312588997879,
        -0.01021268076185833,
        0.9989967310078043,
        3.6741829502071255
      ],
      [
        0.0,
        0.0,
        0.0,
        1.0
      ]
    ],
    "location": [
      104.02884031698704,
      88.84223415903398,
      3.6741829502071255
    ],
    "rotation": [
      -0.010222581012258928,
      -0.04361695433821775,
      0.7981450619516439
    ]
  },
  {
    "label_id": "7icJBEuPRDJAEFyjeeK9Tw",
    "size": [
      2.029989842846217,
      4.529825083229547,
      1.5699999999999932
    ],
    "obj_class": "vehicle",
    "point_num_in_lidar": 80,
    "speed": 7.02384772475253,
    "if_vehicle": true,
    "motion_state": true,
    "pose": [
      [
        0.599662983200091,
        -0.7993615440123572,
        -0.037754847817835904,
        86.82613767789007
      ],
      [
        0.7991534092179747,
        0.600644425291133,
        -0.024085325448766966,
        88.53214723542624
      ],
      [
        0.04193012180826471,
        -0.015728837238176703,
        0.9989967310078043,
        3.200098843028229
      ],
      [
        0.0,
        0.0,
        0.0,
        1.0
      ]
    ],
    "location": [
      86.82613767789007,
      88.53214723542624,
      3.200098843028229
    ],
    "rotation": [
      -0.015743332536760194,
      -0.041942418008943175,
      0.9270566671755194
    ]
  },
  {
    "label_id": "8Xr7NQFwYFfKANHYzfLMvg",
    "size": [
      1.9377886936115951,
      4.297867069959489,
      1.5
    ],
    "obj_class": "vehicle",
    "point_num_in_lidar": 26,
    "speed": 1.8016519886122292e-27,
    "if_vehicle": true,
    "motion_state": false,
    "pose": [
      [
        0.712788183009246,
        -0.7003624616072949,
        -0.037754847817835904,
        86.93267801133334
      ],
      [
        0.700009457885392,
        0.7137272980410841,
        -0.024085325448766966,
        95.83515370042733
      ],
      [
        0.04381512334088759,
        -0.00926101518969583,
        0.9989967310078043,
        3.3972613792599873
      ],
      [
        0.0,
        0.0,
        0.0,
        1.0
      ]
    ],
    "location": [
      86.93267801133334,
      95.83515370042733,
      3.3972613792599873
    ],
    "rotation": [
      -0.009270050263987846,
      -0.04382915458940618,
      0.7763534309543658
    ]
  },
  {
    "label_id": "AO9dwFKv4rC9axdtqk9RKw",
    "size": [
      1.8762039635338568,
      4.431172548534873,
      1.5900000000000318
    ],
    "obj_class": "vehicle",
    "point_num_in_lidar": 1577,
    "speed": 0.0050504928999461785,
    "if_vehicle": true,
    "motion_state": false,
    "pose": [
      [
        0.7121509504316595,
        -0.7010104102404872,
        -0.037754847817835904,
        59.27141416008453
      ],
      [
        0.700658260733573,
        0.7130903861109276,
        -0.024085325448766966,
        68.3665946891706
      ],
      [
        0.043806682881595685,
        -0.009300858596510404,
        0.9989967310078043,
        1.9447485054785147
      ],
      [
        0.0,
        0.0,
        0.0,
        1.0
      ]
    ],
    "location": [
      59.27141416008453,
      68.3665946891706,
      1.9447485054785147
    ],
    "rotation": [
      -0.00930993024259986,
      -0.04382070601814616,
      0.7772637060920778
    ]
  },
  {
    "label_id": "CZUwabcB3mvH43N9J3yGWQ",
    "size": [
      2.3729388997367757,
      4.773708939237198,
      1.6999999999999886
    ],
    "obj_class": "vehicle",
    "point_num_in_lidar": 32,
    "speed": 4.245950790146718,
    "if_vehicle": true,
    "motion_state": true,
    "pose": [
      [
        0.6954641099091763,
        -0.7175682847607532,
        -0.037754847817835904,
        107.92111859410579
      ],
      [
        0.7172383309317071,
        0.696411569217748,
        -0.024085325448766966,
        98.73292193860107
      ],
      [
        0.04357577848457259,
        -0.010328744608345677,
        0.9989967310078043,
        3.6392740940523822
      ],
      [
        0.0,
        0.0,
        0.0,
        1.0
      ]
    ],
    "location": [
      107.92111859410579,
      98.73292193860107,
      3.6392740940523822
    ],
    "rotation": [
      -0.010338749139899538,
      -0.0435895809151421,
      0.8008101117094033
    ]
  },
  {
    "label_id": "D12DaDhs0GA7loPYgRNhcg",
    "size": [
      2.0385436216825976,
      4.681338502763968,
      1.8500000000000227
    ],
    "obj_class": "vehicle",
    "point_num_in_lidar": 77,
    "speed": 1.5107280764084097e-27,
    "if_vehicle": true,
    "motion_state": false,
    "pose": [
      [
        0.739437345316942,
        -0.6721658901022021,
        -0.037754847817835904,
        72.56632030410401
      ],
      [
        0.6717766982544684,
        0.7403620497974974,
        -0.024085325448766966,
        81.46192089936085
      ],
      [
        0.044141590738877225,
        -0.007553237899234892,
        0.9989967310078043,
        2.7246475119718525
      ],
      [
        0.0,
        0.0,
        0.0,
        1.0
      ]
    ],
    "location": [
      72.56632030410401,
      81.46192089936085,
      2.7246475119718525
    ],
    "rotation": [
      -0.0075606793697485155,
      -0.044155938157183154,
      0.7374898574873698
    ]
  },
  {
    "label_id": "DK3iUUgB9ty9m22YEVBF6g",
    "size": [
      0.9328708472050096,
      0.9058452994184475,
      2.0292879884999593
    ],
    "obj_class": "pedestrian",
    "point_num_in_lidar": 121,
    "speed": 0.7393334936595365,
    "if_vehicle": false,
    "motion_state": false,
    "pose": [
      [
        -0.34015048306864587,
        0.9396128034112876,
        -0.037754847817835904,
        61.09094299064236
      ],
      [
        -0.9397002829265003,
        -0.341149930918771,
        -0.024085325448766966,
        78.6775560730166
      ],
      [
        -0.035510943890892585,
        0.027285606090003727,
        0.9989967310078043,
        2.5695047891784384
      ],
      [
        0.0,
        0.0,
        0.0,
        1.0
      ]
    ],
    "location": [
      61.09094299064236,
      78.6775560730166,
      2.5695047891784384
    ],
    "rotation": [
      0.027306219584169934,
      0.03551841150657091,
      -1.9181015392751088
    ]
  },
  {
    "label_id": "DwEkvmQeGLlhCH7eI0ArZA",
    "size": [
      0.9176379586420287,
      0.9243772860056179,
      1.8151881475899359
    ],
    "obj_class": "pedestrian",
    "point_num_in_lidar": 193,
    "speed": 1.6685153040383351,
    "if_vehicle": false,
    "motion_state": true,
    "pose": [
      [
        -0.7162433374290352,
        0.6968285679094747,
        -0.037754847817835904,
        45.741347024781135
      ],
      [
        -0.6964709238035843,
        -0.7171806950791472,
        -0.024085325448766966,
        59.577163389396446
      ],
      [
        -0.04386039084070088,
        0.00904419985526259,
        0.9989967310078043,
        1.6372308905345676
      ],
      [
        0.0,
        0.0,
        0.0,
        1.0
      ]
    ],
    "location": [
      45.741347024781135,
      59.577163389396446,
      1.6372308905345676
    ],
    "rotation": [
      0.009053035403765883,
      0.04387446564840083,
      -2.3701896222948777
    ]
  },
  {
    "label_id": "Eili_rpNcBafD_rPaXdaag",
    "size": [
      2.0426662412136096,
      4.832900983299851,
      1.4800000000000182
    ],
    "obj_class": "vehicle",
    "point_num_in_lidar": 125,
    "speed": 4.4588527739068475e-27,
    "if_vehicle": true,
    "motion_state": false,
    "pose": [
      [
        0.6941963412061641,
        -0.7187948325650562,
        -0.037754847817835904,
        83.11208089164211
      ],
      [
        0.7184665517496296,
        0.6951443814884963,
        -0.024085325448766966,
        68.77544356337603
      ],
      [
        0.04355747780774317,
        -0.010405650520218846,
        0.9989967310078043,
        2.5402767588371375
      ],
      [
        0.0,
        0.0,
        0.0,
        1.0
      ]
    ],
    "location": [
      83.11208089164211,
      68.77544356337603,
      2.5402767588371375
    ],
    "rotation": [
      -0.010415723996749142,
      -0.043571262845739714,
      0.8025769419676142
    ]
  },
  {
    "label_id": "EqHGUBAn_kXXQ_sCK5UmhA",
    "size": [
      2.045946005115215,
      4.313099364671785,
      1.6200000000000045
    ],
    "obj_class": "vehicle",
    "point_num_in_lidar": 645,
    "speed": 4.4588527739068475e-27,
    "if_vehicle": true,
    "motion_state": false,
    "pose": [
      [
        0.7153099414782494,
        -0.6977866859496787,
        -0.037754847817835904,
        63.47668104892
      ],
      [
        0.6974302968836483,
        0.7162477770205038,
        -0.024085325448766966,
        72.71372239119228
      ],
      [
        0.04384824524618694,
        -0.009102901985148164,
        0.9989967310078043,
        2.2896475119724187
      ],
      [
        0.0,
        0.0,
        0.0,
        1.0
      ]
    ],
    "location": [
      63.47668104892,
      72.71372239119228,
      2.2896475119724187
    ],
    "rotation": [
      -0.009111791639724838,
      -0.04386230835780262,
      0.7727428361261334
    ]
  },
  {
    "label_id": "Pv3Lf9faouPCSxaqDpc1og",
    "size": [
      1.9832784803348953,
      4.594323009820505,
      1.5600000000000023
    ],
    "obj_class": "vehicle",
    "point_num_in_lidar": 899,
    "speed": 2.7866627370785146e-27,
    "if_vehicle": true,
    "motion_state": false,
    "pose": [
      [
        0.6935334629946337,
        -0.7194344356318533,
        -0.037754847817835904,
        73.86773294373052
      ],
      [
        0.7191070288570591,
        0.6944818054826202,
        -0.024085325448766966,
        59.09813575206499
      ],
      [
        0.04354786739949541,
        -0.010445797273398266,
        0.9989967310078043,
        1.990276758836842
      ],
      [
        0.0,
        0.0,
        0.0,
        1.0
      ]
    ],
    "location": [
      73.86773294373052,
      59.09813575206499,
      1.990276758836842
    ],
    "rotation": [
      -0.010455906691901933,
      -0.043561643309823844,
      0.8034995648493963
    ]
  },
  {
    "label_id": "QzJBj9-xw7Q7xr5j6JQSeA",
    "size": [
      2.3044468408176315,
      4.974115535925105,
      1.7900000000000205
    ],
    "obj_class": "vehicle",
    "point_num_in_lidar": 422,
    "speed": 1.762516912684028e-26,
    "if_vehicle": true,
    "motion_state": false,
    "pose": [
      [
        0.7186988552144725,
        -0.6942957057188665,
        -0.037754847817835904,
        67.87888242795452
      ],
      [
        0.6939347547321794,
        0.7196349444494876,
        -0.024085325448766966,
        76.9159018076316
      ],
      [
        0.04389204584200743,
        -0.008889305232923897,
        0.9989967310078043,
        2.3746475119723414
      ],
      [
        0.0,
        0.0,
        0.0,
        1.0
      ]
    ],
    "location": [
      67.87888242795452,
      76.9159018076316,
      2.3746475119723414
    ],
    "rotation": [
      -0.008897997715191756,
      -0.04390615116365128,
      0.7678695105542307
    ]
  },
  {
    "label_id": "RaraKfdwLrmuiw0ezpXmrA",
    "size": [
      1.9686751269288572,
      4.38931429310347,
      1.6899999999999977
    ],
    "obj_class": "vehicle",
    "point_num_in_lidar": 83,
    "speed": 1.8016479602653113e-26,
    "if_vehicle": true,
    "motion_state": false,
    "pose": [
      [
        0.6941963412084808,
        -0.7187948325628186,
        -0.037754847817835904,
        87.07083668956693
      ],
      [
        0.7184665517473889,
        0.695144381490812,
        -0.024085325448766966,
        72.60535489237373
      ],
      [
        0.04355747780777671,
        -0.010405650520078451,
        0.9989967310078043,
        2.935738134486769
      ],
      [
        0.0,
        0.0,
        0.0,
        1.0
      ]
    ],
    "location": [
      87.07083668956693,
      72.60535489237373,
      2.935738134486769
    ],
    "rotation": [
      -0.010415723996608622,
      -0.04357126284577329,
      0.8025769419643882
    ]
  },
  {
    "label_id": "S2eYOtqKBZvlG_UM7dMlow",
    "size": [
      1.0153560860597775,
      0.13516787914706185,
      1.1499999999999773
    ],
    "obj_class": "sign",
    "point_num_in_lidar": 248,
    "speed": 0.010355903072279385,
    "if_vehicle": false,
    "motion_state": false,
    "pose": [
      [
        -0.49368609415552994,
        0.8688202414214976,
        -0.037754847817835904,
        74.80443074476352
      ],
      [
        -0.8687379774897019,
        -0.494685984807665,
        -0.024085325448766966,
        57.53198409232573
      ],
      [
        -0.03960261234514273,
        0.020908479886431696,
        0.9989967310078043,
        4.206886457090661
      ],
      [
        0.0,
        0.0,
        0.0,
        1.0
      ]
    ],
    "location": [
      74.80443074476352,
      57.53198409232573,
      4.206886457090661
    ],
    "rotation": [
      0.02092642258143307,
      0.039612971562406195,
      -2.0875654017891243
    ]
  },
  {
    "label_id": "ShFEDy_mQrlIzg5E-MuzGA",
    "size": [
      0.9093439946502192,
      0.9657718622315172,
      1.8600000000000136
    ],
    "obj_class": "pedestrian",
    "point_num_in_lidar": 242,
    "speed": 1.7853922954328574,
    "if_vehicle": false,
    "motion_state": true,
    "pose": [
      [
        -0.7584409085454832,
        0.6506473389717,
        -0.037754847817835904,
        69.15644120856814
      ],
      [
        -0.6502317445690105,
        -0.7593540514494991,
        -0.024085325448766966,
        51.14823521402286
      ],
      [
        -0.04434034956384056,
        0.006282104446552469,
        0.9989967310078043,
        2.0035451778703077
      ],
      [
        0.0,
        0.0,
        0.0,
        1.0
      ]
    ],
    "location": [
      69.15644120856814,
      51.14823521402286,
      2.0035451778703077
    ],
    "rotation": [
      0.006288330528736467,
      0.04435489178016677,
      -2.4328603325870395
    ]
  },
  {
    "label_id": "TAl_BqipReAf5gsI2aV_RA",
    "size": [
      2.3233709112677023,
      5.119892405167558,
      1.8999999999999773
    ],
    "obj_class": "vehicle",
    "point_num_in_lidar": 1972,
    "speed": 11.021234681716962,
    "if_vehicle": true,
    "motion_state": true,
    "pose": [
      [
        0.6994939104024612,
        -0.7136405543241818,
        -0.037754847817835904,
        66.99203873892111
      ],
      [
        0.7133052703185667,
        0.7004394966260709,
        -0.024085325448766966,
        61.972818137590366
      ],
      [
        0.04363325160505527,
        -0.010083193447063868,
        0.9989967310078043,
        2.2535797731655407
      ],
      [
        0.0,
        0.0,
        0.0,
        1.0
      ]
    ],
    "location": [
      66.99203873892111,
      61.972818137590366,
      2.2535797731655407
    ],
    "rotation": [
      -0.010092977030092272,
      -0.04364710875203762,
      0.7951737352944316
    ]
  },
  {
    "label_id": "UzgcwGAkWdeM3lWj082ApQ",
    "size": [
      0.8987437200694163,
      0.8431158821777414,
      2.0
    ],
    "obj_class": "pedestrian",
    "point_num_in_lidar": 233,
    "speed": 1.1366056735727044,
    "if_vehicle": false,
    "motion_state": true,
    "pose": [
      [
        -0.7462942491323263,
        -0.6645445546976285,
        -0.037754847817835904,
        67.48170437858062
      ],
      [
        0.6655051012810794,
        -0.7460045960092252,
        -0.024085325448766966,
        37.1228529961154
      ],
      [
        -0.012159518118636149,
        -0.04310078369175587,
        0.9989967310078043,
        2.3751468839904533
      ],
      [
        0.0,
        0.0,
        0.0,
        1.0
      ]
    ],
    "location": [
      67.48170437858062,
      37.1228529961154,
      2.3751468839904533
    ],
    "rotation": [
      -0.04311732904598913,
      0.012159817777231373,
      2.413356392316428
    ]
  },
  {
    "label_id": "Vo8h0YJGzJClQxdpB2wNmg",
    "size": [
      0.8556225951087876,
      0.7917399199107417,
      1.6899999999999977
    ],
    "obj_class": "pedestrian",
    "point_num_in_lidar": 25,
    "speed": 1.4656342025093858,
    "if_vehicle": false,
    "motion_state": true,
    "pose": [
      [
        -0.69372669840394,
        0.7192481069754866,
        -0.037754847817835904,
        91.4220001017784
      ],
      [
        -0.7189204454608975,
        -0.6946749529069922,
        -0.024085325448766966,
        72.45123361655715
      ],
      [
        -0.043550671864779955,
        0.010434098707949478,
        0.9989967310078043,
        3.1746333202989376
      ],
      [
        0.0,
        0.0,
        0.0,
        1.0
      ]
    ],
    "location": [
      91.4220001017784,
      72.45123361655715,
      3.1746333202989376
    ],
    "rotation": [
      0.010444197656620099,
      0.043564450438285836,
      -2.338361957433496
    ]
  },
  {
    "label_id": "Z5QKATZnhdyAEhR8O_ebsQ",
    "size": [
      2.236721292000543,
      5.270744933136602,
      1.9800000000000182
    ],
    "obj_class": "vehicle",
    "point_num_in_lidar": 564,
    "speed": 11.032904412919727,
    "if_vehicle": true,
    "motion_state": true,
    "pose": [
      [
        0.7534864605154498,
        -0.6563784924006512,
        -0.037754847817835904,
        69.16996610729984
      ],
      [
        0.6559698326107174,
        0.7544027278600566,
        -0.024085325448766966,
        73.7503920402014
      ],
      [
        0.04429144979075741,
        -0.006618074580554819,
        0.9989967310078043,
        2.6099123610912898
      ],
      [
        0.0,
        0.0,
        0.0,
        1.0
      ]
    ],
    "location": [
      69.16996610729984,
      73.7503920402014,
      2.6099123610912898
    ],
    "rotation": [
      -0.006624624047342065,
      -0.04430594391913034,
      0.7163208368676292
    ]
  },
  {
    "label_id": "fEXEJZ7FbCjlCrCL5pFRYQ",
    "size": [
      2.278149167868415,
      5.159896609175984,
      2.170000000000016
    ],
    "obj_class": "vehicle",
    "point_num_in_lidar": 271,
    "speed": 5.739498217782919,
    "if_vehicle": true,
    "motion_state": true,
    "pose": [
      [
        0.6983144998451123,
        -0.7147946773531003,
        -0.037754847817835904,
        90.65160336673216
      ],
      [
        0.7144609552805558,
        0.6992606384443663,
        -0.024085325448766966,
        81.16015044957021
      ],
      [
        0.043616541422565616,
        -0.010155232644040588,
        0.9989967310078043,
        3.5534593226857396
      ],
      [
        0.0,
        0.0,
        0.0,
        1.0
      ]
    ],
    "location": [
      90.65160336673216,
      81.16015044957021,
      3.5534593226857396
    ],
    "rotation": [
      -0.010165081176122357,
      -0.043630382645977545,
      0.796826555940524
    ]
  },
  {
    "label_id": "faR6cruj0GlTYIrqWDmOxw",
    "size": [
      0.7824008812582718,
      0.6146554285433523,
      1.8100000000000023
    ],
    "obj_class": "pedestrian",
    "point_num_in_lidar": 45,
    "speed": 1.4866457247869025,
    "if_vehicle": false,
    "motion_state": true,
    "pose": [
      [
        -0.7115046534456446,
        0.7016663734221881,
        -0.037754847817835904,
        71.75703723367405
      ],
      [
        -0.7013150897728855,
        -0.7124444132385886,
        -0.024085325448766966,
        85.54888252025557
      ],
      [
        -0.04379809336081976,
        0.009341223350176708,
        0.9989967310078043,
        3.241374409253183
      ],
      [
        0.0,
        0.0,
        0.0,
        1.0
      ]
    ],
    "location": [
      71.75703723367405,
      85.54888252025557,
      3.241374409253183
    ],
    "rotation": [
      0.009350332016403345,
      0.04381210824535516,
      -2.363406582926357
    ]
  },
  {
    "label_id": "gnIhYHjjJ9Umk5vZwmCmcQ",
    "size": [
      2.304656926003259,
      5.545608001098944,
      1.5300000000000296
    ],
    "obj_class": "vehicle",
    "point_num_in_lidar": 42,
    "speed": 5.09583109074664e-27,
    "if_vehicle": true,
    "motion_state": false,
    "pose": [
      [
        0.6801787030500122,
        -0.7320734275900577,
        -0.037754847817835904,
        96.21900061756241
      ],
      [
        0.7317635254258726,
        0.6811329091699543,
        -0.024085325448766966,
        81.10723906178464
      ],
      [
        0.04334829608533234,
        -0.01124529511481715,
        0.9989967310078043,
        3.4444166994884995
      ],
      [
        0.0,
        0.0,
        0.0,
        1.0
      ]
    ],
    "location": [
      96.21900061756241,
      81.10723906178464,
      3.4444166994884995
    ],
    "rotation": [
      -0.011256113093440566,
      -0.04336188335925549,
      0.8219165762750303
    ]
  },
  {
    "label_id": "kNL61CmvALX_tWsZANnbaA",
    "size": [
      2.3605658662425184,
      5.897738771278965,
      2.2799999999999727
    ],
    "obj_class": "vehicle",
    "point_num_in_lidar": 10320,
    "speed": 9.439849852037971,
    "if_vehicle": true,
    "motion_state": true,
    "pose": [
      [
        0.7615829378309034,
        -0.6469667690624478,
        -0.037754847817835904,
        51.86422030858739
      ],
      [
        0.6465467574095898,
        0.76249405740712,
        -0.024085325448766966,
        58.91355963814567
      ],
      [
        0.044370252286816354,
        -0.006067301519228961,
        0.9989967310078043,
        1.866792760442138
      ],
      [
        0.0,
        0.0,
        0.0,
        1.0
      ]
    ],
    "location": [
      51.86422030858739,
      58.91355963814567,
      1.866792760442138
    ],
    "rotation": [
      -0.006073320094865385,
      -0.04438482396181816,
      0.7038848730282441
    ]
  },
  {
    "label_id": "mUA2mzmKJhqvIZ-voduCKQ",
    "size": [
      0.9526529000357913,
      0.9314748205018153,
      1.9399999999999977
    ],
    "obj_class": "pedestrian",
    "point_num_in_lidar": 123,
    "speed": 1.054954620829384,
    "if_vehicle": false,
    "motion_state": true,
    "pose": [
      [
        -0.3744515059903135,
        0.9264775448589341,
        -0.037754847817835904,
        60.36378377094297
      ],
      [
        -0.9265282355429514,
        -0.37545349357768953,
        -0.024085325448766966,
        79.07122968722979
      ],
      [
        -0.03648970270160252,
        0.025962146145294532,
        0.9989967310078043,
        2.6212007487117717
      ],
      [
        0.0,
        0.0,
        0.0,
        1.0
      ]
    ],
    "location": [
      60.36378377094297,
      79.07122968722979,
      2.6212007487117717
    ],
    "rotation": [
      0.025982370983119223,
      0.036497805220843504,
      -1.954870634729986
    ]
  },
  {
    "label_id": "n6s7QwfJh1pvFTQn9uyt0w",
    "size": [
      1.0000000000067515,
      1.0,
      1.7236748755498752
    ],
    "obj_class": "pedestrian",
    "point_num_in_lidar": 24,
    "speed": 1.1392529299345944,
    "if_vehicle": false,
    "motion_state": true,
    "pose": [
      [
        0.7217919349377914,
        -0.6910795714858105,
        -0.037754847817835904,
        92.46570359177713
      ],
      [
        0.6907144441700099,
        0.7227264030827582,
        -0.024085325448766966,
        72.3914625765974
      ],
      [
        0.043931301752551624,
        -0.008693225065947902,
        0.9989967310078043,
        3.252448691453708
      ],
      [
        0.0,
        0.0,
        0.0,
        1.0
      ]
    ],
    "location": [
      92.46570359177713,
      72.3914625765974,
      3.252448691453708
    ],
    "rotation": [
      -0.008701735828976896,
      -0.04394544497633222,
      0.7634000484935742
    ]
  },
  {
    "label_id": "poHR3DZTVfYkQ6Hh7T1YZw",
    "size": [
      0.6997458469980454,
      0.7363559160569955,
      1.2099999999999795
    ],
    "obj_class": "pedestrian",
    "point_num_in_lidar": 44,
    "speed": 2.2030503299717643e-27,
    "if_vehicle": false,
    "motion_state": false,
    "pose": [
      [
        0.9245923335687694,
        -0.37908256115536343,
        -0.037754847817835904,
        67.14914397753455
      ],
      [
        0.37840085599791345,
        0.9253284223874643,
        -0.024085325448766966,
        77.8446675879386
      ],
      [
        0.04406596062613592,
        0.007982640529098651,
        0.9989967310078043,
        2.627981362347157
      ],
      [
        0.0,
        0.0,
        0.0,
        1.0
      ]
    ],
    "location": [
      67.14914397753455,
      77.8446675879386,
      2.627981362347157
    ],
    "rotation": [
      0.007990487244885575,
      -0.04408023438124887,
      0.3884655949495901
    ]
  },
  {
    "label_id": "qkSzrJCM6jm5eMy7NCJr9A",
    "size": [
      3.2671119404997135,
      12.184357443089649,
      4.300000000000011
    ],
    "obj_class": "vehicle",
    "point_num_in_lidar": 167,
    "speed": 1.1823314843409618e-27,
    "if_vehicle": true,
    "motion_state": false,
    "pose": [
      [
        0.6928698751343302,
        -0.7200735431867983,
        -0.037754847817835904,
        95.58267094852636
      ],
      [
        0.7197470108893844,
        0.6938185190767275,
        -0.024085325448766966,
        104.17375503398216
      ],
      [
        0.043538218235638915,
        -0.010485942427214116,
        0.9989967310078043,
        4.399647511972091
      ],
      [
        0.0,
        0.0,
        0.0,
        1.0
      ]
    ],
    "location": [
      95.58267094852636,
      104.17375503398216,
      4.399647511972091
    ],
    "rotation": [
      -0.010496087752494882,
      -0.04355198498554833,
      0.8044223542353942
    ]
  },
  {
    "label_id": "sN_uXLNtJCxAs8Si4B7Cdw",
    "size": [
      0.5046364583900724,
      0.09435464373918906,
      0.4700000000000273
    ],
    "obj_class": "sign",
    "point_num_in_lidar": 33,
    "speed": 0.016006576885668648,
    "if_vehicle": false,
    "motion_state": false,
    "pose": [
      [
        -0.7286428149926559,
        0.6838524838193032,
        -0.037754847817835904,
        60.49264112547826
      ],
      [
        -0.683478062507383,
        -0.7295735981853929,
        -0.024085325448766966,
        72.40629424851068
      ],
      [
        -0.04401574980313603,
        0.00825501090179176,
        0.9989967310078043,
        4.3631973022572765
      ],
      [
        0.0,
        0.0,
        0.0,
        1.0
      ]
    ],
    "location": [
      60.49264112547826,
      72.40629424851068,
      4.3631973022572765
    ],
    "rotation": [
      0.008263113144730307,
      0.044029974792914345,
      -2.388167221551785
    ]
  },
  {
    "label_id": "sZDdDhLB5ysIbg3rzBjHjg",
    "size": [
      0.7515877108291895,
      0.7740473377925808,
      1.7652923993346121
    ],
    "obj_class": "pedestrian",
    "point_num_in_lidar": 232,
    "speed": 0.004219102634587855,
    "if_vehicle": false,
    "motion_state": false,
    "pose": [
      [
        0.6209198973611003,
        -0.7829642728294394,
        -0.037754847817835904,
        60.6153814622121
      ],
      [
        0.7827298485813408,
        0.6218953941281914,
        -0.024085325448766966,
        44.090257497249695
      ],
      [
        0.04233751528977716,
        -0.014596788510109177,
        0.9989967310078043,
        1.4870557821378725
      ],
      [
        0.0,
        0.0,
        0.0,
        1.0
      ]
    ],
    "location": [
      60.6153814622121,
      44.090257497249695,
      1.4870557821378725
    ],
    "rotation": [
      -0.014610408034940493,
      -0.04235017358988237,
      0.900169564052869
    ]
  },
  {
    "label_id": "sZ_8NyI175ELHCM6gClLOQ",
    "size": [
      0.736754795828284,
      0.7183578391749903,
      1.6499999999999773
    ],
    "obj_class": "pedestrian",
    "point_num_in_lidar": 25,
    "speed": 1.5077712009041613,
    "if_vehicle": false,
    "motion_state": true,
    "pose": [
      [
        -0.7116759735284646,
        -0.7014926087768597,
        -0.037754847817835904,
        70.28129716563853
      ],
      [
        0.7024372509568193,
        -0.7113380388860514,
        -0.024085325448766966,
        16.081342972291168
      ],
      [
        -0.009960781622885483,
        -0.04366135894795485,
        0.9989967310078043,
        0.9319054832647566
      ],
      [
        0.0,
        0.0,
        0.0,
        1.0
      ]
    ],
    "location": [
      70.28129716563853,
      16.081342972291168,
      0.9319054832647566
    ],
    "rotation": [
      -0.04367741111389269,
      0.009960946343668158,
      2.3627276241517867
    ]
  },
  {
    "label_id": "ummFAuCaVmz0GrWrRow7sg",
    "size": [
      0.9176379586497624,
      0.9243772860056179,
      1.6399999999999864
    ],
    "obj_class": "pedestrian",
    "point_num_in_lidar": 37,
    "speed": 1.2431399636903309,
    "if_vehicle": false,
    "motion_state": true,
    "pose": [
      [
        -0.6963095503646737,
        0.716747920497296,
        -0.037754847817835904,
        67.60065796080744
      ],
      [
        -0.7164168499609006,
        -0.6972566200403748,
        -0.024085325448766966,
        81.47084017585439
      ],
      [
        -0.043587924509507305,
        0.010277367010789419,
        0.9989967310078043,
        2.693802589185566
      ],
      [
        0.0,
        0.0,
        0.0,
        1.0
      ]
    ],
    "location": [
      67.60065796080744,
      81.47084017585439,
      2.693802589185566
    ],
    "rotation": [
      0.01028732541478844,
      0.04360173849147979,
      -2.3419624761279705
    ]
  }
]