[
  {
    "label_id": "003ynNxk1Wh4n8dKBPJJXg",
    "size": [
      0.7788622106777107,
      0.8631666814550667,
      1.7699999999999818
    ],
    "obj_class": "pedestrian",
    "point_num_in_lidar": 115,
    "speed": 1.4871760374823684,
    "if_vehicle": false,
    "motion_state": true,
    "pose": [
      [
        -0.6767392603098442,
        -0.7356077745397903,
        -0.03008613620759423,
        60.79455341474386
      ],
      [
        0.7362200569748724,
        -0.6760604223278628,
        -0.030369936940789828,
        26.175858839123975
      ],
      [
        0.0020003157752084186,
        -0.04270254557387552,
        0.9990858278137622,
        1.1193101244450645
      ],
      [
        0.0,
        0.0,
        0.0,
        1.0
      ]
    ],
    "location": [
      60.79455341474386,
      26.175858839123975,
      1.1193101244450645
    ],
    "rotation": [
      -0.04271561981325368,
      -0.002000317109175804,
      2.314122721064544
    ]
  },
  {
    "label_id": "2RASsgT-pdwc8yVFafN5wA",
    "size": [
      1.9263045126373106,
      4.255572104286605,
      1.9499999999999886
    ],
    "obj_class": "vehicle",
    "point_num_in_lidar": 79,
    "speed": 2.8421709430404007e-12,
    "if_vehicle": true,
    "motion_state": false,
    "pose": [
      [
        -0.5873455959875304,
        -0.8087768389872145,
        -0.03008613620759423,
        74.17727101284981
      ],
      [
        0.8093067083036483,
        -0.5866006467989324,
        -0.030369936940789828,
        5.380684102667146
      ],
      [
        0.006913954640157477,
        -0.04218656057233521,
        0.9990858278137622,
        0.9986976866551913
      ],
      [
        0.0,
        0.0,
        0.0,
        1.0
      ]
    ],
    "location": [
      74.17727101284981,
      5.380684102667146,
      0.9986976866551913
    ],
    "rotation": [
      -0.04220009313471192,
      -0.0069140097257049315,
      2.1985888659194677
    ]
  },
  {
    "label_id": "3N0Hci7FDc6DnZ9Y-NvN1g",
    "size": [
      0.4217218680647836,
      0.08174772381814051,
      0.5600000000000023
    ],
    "obj_class": "sign",
    "point_num_in_lidar": 22,
    "speed": 0.021830377719525344,
    "if_vehicle": false,
    "motion_state": false,
    "pose": [
      [
        -0.7795209787289464,
        0.6256531532163515,
        -0.03008613620759423,
        81.85206232266137
      ],
      [
        -0.6249346147874144,
        -0.7800861453523695,
        -0.030369936940789828,
        64.69288731570123
      ],
      [
        -0.042470824832715456,
        -0.004872135026686293,
        0.9990858278137622,
        4.484093051175819
      ],
      [
        0.0,
        0.0,
        0.0,
        1.0
      ]
    ],
    "location": [
      81.85206232266137,
      64.69288731570123,
      4.484093051175819
    ],
    "rotation": [
      -0.004876554415974929,
      0.04248360314764821,
      -2.465821728086019
    ]
  },
  {
    "label_id": "6NF9mwSv2e_D5E-gXNDHOA",
    "size": [
      1.9377886936154283,
      4.297867069959489,
      1.75
    ],
    "obj_class": "vehicle",
    "point_num_in_lidar": 44,
    "speed": 2.1498351929719697e-27,
    "if_vehicle": true,
    "motion_state": false,
    "pose": [
      [
        0.7394586527369864,
        -0.6725293490253782,
        -0.03008613620759423,
        82.32526964405406
      ],
      [
        0.6718470271631874,
        0.7400670503557091,
        -0.030369936940789828,
        91.04203788078303
      ],
      [
        0.04269043200048552,
        0.002244031484044768,
        0.9990858278137622,
        3.1246475119718866
      ],
      [
        0.0,
        0.0,
        0.0,
        1.0
      ]
    ],
    "location": [
      82.32526964405406,
      91.04203788078303,
      3.1246475119718866
    ],
    "rotation": [
      0.002246081015212513,
      -0.042703409672963225,
      0.7375276186785693
    ]
  },
  {
    "label_id": "7A525L6-Hks-TcyM85kvow",
    "size": [
      1.9422641172512343,
      4.20923115912376,
      1.6100000000000136
    ],
    "obj_class": "vehicle",
    "point_num_in_lidar": 43,
    "speed": 2.2520606214978458e-27,
    "if_vehicle": true,
    "motion_state": false,
    "pose": [
      [
        0.739629942028934,
        -0.6723409650336457,
        -0.03008613620759423,
        77.18566025511973
      ],
      [
        0.6716584882165737,
        0.7402381658201902,
        -0.030369936940789828,
        86.34071538050921
      ],
      [
        0.04268985899370756,
        0.002254905937468105,
        0.9990858278137622,
        2.784921562320335
      ],
      [
        0.0,
        0.0,
        0.0,
        1.0
      ]
    ],
    "location": [
      77.18566025511973,
      86.34071538050921,
      2.784921562320335
    ],
    "rotation": [
      0.0022569653636779854,
      -0.04270283614333282,
      0.7372726570643636
    ]
  },
  {
    "label_id": "7icJBEuPRDJAEFyjeeK9Tw",
    "size": [
      2.029989842842566,
      4.529825083229547,
      1.5699999999999932
    ],
    "obj_class": "vehicle",
    "point_num_in_lidar": 86,
    "speed": 8.517270794849479,
    "if_vehicle": true,
    "motion_state": true,
    "pose": [
      [
        0.6614413422327228,
        -0.7493932046619267,
        -0.03008613620759423,
        82.38963868043356
      ],
      [
        0.7487815407581527,
        0.6621207375925175,
        -0.030369936940789828,
        83.01885838683665
      ],
      [
        0.04267967906652036,
        -0.002440011571342874,
        0.9990858278137622,
        3.1221011853896243
      ],
      [
        0.0,
        0.0,
        0.0,
        1.0
      ]
    ],
    "location": [
      82.38963868043356,
      83.01885838683665,
      3.1221011853896243
    ],
    "rotation": [
      -0.0024422393474479802,
      -0.04269264692959339,
      0.8472527705732704
    ]
  },
  {
    "label_id": "8Xr7NQFwYFfKANHYzfLMvg",
    "size": [
      1.9377886936115953,
      4.297867069959489,
      1.5
    ],
    "obj_class": "vehicle",
    "point_num_in_lidar": 22,
    "speed": 1.1368683772161603e-12,
    "if_vehicle": true,
    "motion_state": false,
    "pose": [
      [
        0.7129738385787336,
        -0.7005448807252852,
        -0.03008613620759423,
        86.93267801133698
      ],
      [
        0.699886528062112,
        0.7136080960635011,
        -0.030369936940789828,
        95.83515370042733
      ],
      [
        0.04274521422882852,
        0.0005960891049320843,
        0.9990858278137622,
        3.3972613792598736
      ],
      [
        0.0,
        0.0,
        0.0,
        1.0
      ]
    ],
    "location": [
      86.93267801133698,
      95.83515370042733,
      3.3972613792598736
    ],
    "rotation": [
      0.0005966344608310467,
      -0.04275824195347051,
      0.7761354389734052
    ]
  },
  {
    "label_id": "AO9dwFKv4rC9axdtqk9RKw",
    "size": [
      1.8762039635338563,
      4.431172548534873,
      1.5900000000000318
    ],
    "obj_class": "vehicle",
    "point_num_in_lidar": 629,
    "speed": 0.005050492860193777,
    "if_vehicle": true,
    "motion_state": false,
    "pose": [
      [
        0.712336440025083,
        -0.7011929981256868,
        -0.03008613620759423,
        59.274533474093914
      ],
      [
        0.7005352225540533,
        0.7129712959799682,
        -0.030369936940789828,
        68.36328747028165
      ],
      [
        0.04274573865935877,
        0.0005572146402099034,
        0.9990858278137622,
        1.9452031241824557
      ],
      [
        0.0,
        0.0,
        0.0,
        1.0
      ]
    ],
    "location": [
      59.274533474093914,
      68.36328747028165,
      1.9452031241824557
    ],
    "rotation": [
      0.0005577244386041715,
      -0.042758766863771704,
      0.777045711188898
    ]
  },
  {
    "label_id": "CZUwabcB3mvH43N9J3yGWQ",
    "size": [
      2.3729388997353302,
      4.773708939237198,
      1.6999999999999886
    ],
    "obj_class": "vehicle",
    "point_num_in_lidar": 30,
    "speed": 5.76461139697689,
    "if_vehicle": true,
    "motion_state": true,
    "pose": [
      [
        0.7058715991357235,
        -0.7077005793000841,
        -0.03008613620759423,
        104.76893061628653
      ],
      [
        0.7070486574970838,
        0.7065124647603778,
        -0.030369936940789828,
        95.55258543111267
      ],
      [
        0.042749052213447825,
        0.00016491373919249748,
        0.9990858278137622,
        3.639274094052496
      ],
      [
        0.0,
        0.0,
        0.0,
        1.0
      ]
    ],
    "location": [
      104.76893061628653,
      95.55258543111267,
      3.639274094052496
    ],
    "rotation": [
      0.00016506463519315762,
      -0.04276208344951095,
      0.7862312309987806
    ]
  },
  {
    "label_id": "D12DaDhs0GA7loPYgRNhcg",
    "size": [
      2.038543621682597,
      4.681338502763968,
      1.8500000000000227
    ],
    "obj_class": "vehicle",
    "point_num_in_lidar": 88,
    "speed": 0.0,
    "if_vehicle": true,
    "motion_state": false,
    "pose": [
      [
        0.7396299420304062,
        -0.672340965032026,
        -0.03008613620759423,
        72.56632030410765
      ],
      [
        0.6716584882149527,
        0.7402381658216609,
        -0.030369936940789828,
        81.46192089935357
      ],
      [
        0.04268985899370262,
        0.002254905937561587,
        0.9990858278137622,
        2.7246475119718525
      ],
      [
        0.0,
        0.0,
        0.0,
        1.0
      ]
    ],
    "location": [
      72.56632030410765,
      81.46192089935357,
      2.7246475119718525
    ],
    "rotation": [
      0.0022569653637715525,
      -0.04270283614332787,
      0.7372726570621718
    ]
  },
  {
    "label_id": "DK3iUUgB9ty9m22YEVBF6g",
    "size": [
      0.932870847214611,
      0.9058452994184475,
      2.0292879884999593
    ],
    "obj_class": "pedestrian",
    "point_num_in_lidar": 116,
    "speed": 0.8672934972501213,
    "if_vehicle": false,
    "motion_state": false,
    "pose": [
      [
        -0.3627875150419961,
        0.931386087150625,
        -0.03008613620759423,
        61.33095506107202
      ],
      [
        -0.9310459158800228,
        -0.36363603981638265,
        -0.030369936940789828,
        79.35260962328175
      ],
      [
        -0.039226540158199305,
        0.01699374028595942,
        0.9990858278137622,
        2.772654368390363
      ],
      [
        0.0,
        0.0,
        0.0,
        1.0
      ]
    ],
    "location": [
      61.33095506107202,
      79.35260962328175,
      2.772654368390363
    ],
    "rotation": [
      0.017007649637346262,
      0.039236606916706676,
      -1.9423536759163895
    ]
  },
  {
    "label_id": "DwEkvmQeGLlhCH7eI0ArZA",
    "size": [
      0.9176379586486852,
      0.9243772860056179,
      1.8151881475899359
    ],
    "obj_class": "pedestrian",
    "point_num_in_lidar": 279,
    "speed": 1.5053686586599997,
    "if_vehicle": false,
    "motion_state": true,
    "pose": [
      [
        -0.7162028160004301,
        0.6972433942040269,
        -0.03008613620759423,
        46.76298604699332
      ],
      [
        -0.6965821182348156,
        -0.7168340250613874,
        -0.030369936940789828,
        60.57110946829198
      ],
      [
        -0.04274200403059347,
        -0.0007935698697619924,
        0.9990858278137622,
        1.6557972104458258
      ],
      [
        0.0,
        0.0,
        0.0,
        1.0
      ]
    ],
    "location": [
      46.76298604699332,
      60.57110946829198,
      1.6557972104458258
    ],
    "rotation": [
      -0.0007942958260244883,
      0.04275502881866902,
      -2.3700815553685994
    ]
  },
  {
    "label_id": "EqHGUBAn_kXXQ_sCK5UmhA",
    "size": [
      2.0459460051152165,
      4.313099364671785,
      1.6200000000000045
    ],
    "obj_class": "vehicle",
    "point_num_in_lidar": 35,
    "speed": 1.1368683772161603e-12,
    "if_vehicle": true,
    "motion_state": false,
    "pose": [
      [
        0.715496253874709,
        -0.6979684341711708,
        -0.03008613620759423,
        63.47668104892
      ],
      [
        0.6973077978538144,
        0.7161281323774932,
        -0.030369936940789828,
        72.713722391185
      ],
      [
        0.042742785865239594,
        0.000750278726698823,
        0.9990858278137622,
        2.289647511972248
      ],
      [
        0.0,
        0.0,
        0.0,
        1.0
      ]
    ],
    "location": [
      63.47668104892,
      72.713722391185,
      2.289647511972248
    ],
    "rotation": [
      0.0007509650970638487,
      -0.04275581136846686,
      0.7725248627823333
    ]
  },
  {
    "label_id": "H-p0h9dhag2cAojkKazr-Q",
    "size": [
      2.0754927720991256,
      5.130892775956141,
      1.6899999999999977
    ],
    "obj_class": "vehicle",
    "point_num_in_lidar": 26,
    "speed": 6.915300366811402e-12,
    "if_vehicle": true,
    "motion_state": false,
    "pose": [
      [
        0.6943771542736964,
        -0.7189820526486467,
        -0.03008613620759423,
        91.20404574155691
      ],
      [
        0.7183405414100715,
        0.6950284407827481,
        -0.030369936940789828,
        76.3020629288294
      ],
      [
        0.04274615993804062,
        -0.0005239009838831397,
        0.9990858278137622,
        2.9057381344867395
      ],
      [
        0.0,
        0.0,
        0.0,
        1.0
      ]
    ],
    "location": [
      91.20404574155691,
      76.3020629288294,
      2.9057381344867395
    ],
    "rotation": [
      -0.0005243803097574896,
      -0.04275918852786543,
      0.8023591523304937
    ]
  },
  {
    "label_id": "IdtzlKr8w-UleoH07PuGAA",
    "size": [
      0.8235683293091292,
      0.939835135752179,
      1.759999999999991
    ],
    "obj_class": "pedestrian",
    "point_num_in_lidar": 91,
    "speed": 1.5361601716474595,
    "if_vehicle": false,
    "motion_state": true,
    "pose": [
      [
        0.7480408959622606,
        0.6629703178695683,
        -0.03008613620759423,
        28.56456459350011
      ],
      [
        -0.6636484627183861,
        0.7474278459234279,
        -0.030369936940789828,
        56.36301147197082
      ],
      [
        0.002352849230486824,
        0.04268457288281167,
        0.9990858278137622,
        1.125646639717445
      ],
      [
        0.0,
        0.0,
        0.0,
        1.0
      ]
    ],
    "location": [
      28.56456459350011,
      56.36301147197082,
      1.125646639717445
    ],
    "rotation": [
      0.042697663466696845,
      -0.0023528514013483786,
      -0.7256880620180387
    ]
  },
  {
    "label_id": "Pv3Lf9faouPCSxaqDpc1og",
    "size": [
      1.9832784803348948,
      4.594323009820505,
      1.5600000000000023
    ],
    "obj_class": "vehicle",
    "point_num_in_lidar": 352,
    "speed": 7.8969401269261e-12,
    "if_vehicle": true,
    "motion_state": false,
    "pose": [
      [
        0.693714103405208,
        -0.7196218223100287,
        -0.03008613620759423,
        73.86773294372688
      ],
      [
        0.7189809116982788,
        0.6943659809810129,
        -0.030369936940789828,
        59.09813575206499
      ],
      [
        0.042745658846486366,
        -0.0005633040646619708,
        0.9990858278137622,
        1.9902767588367283
      ],
      [
        0.0,
        0.0,
        0.0,
        1.0
      ]
    ],
    "location": [
      73.86773294372688,
      59.09813575206499,
      1.9902767588367283
    ],
    "rotation": [
      -0.0005638194330156747,
      -0.0427586869778824,
      0.8032817931404859
    ]
  },
  {
    "label_id": "RaraKfdwLrmuiw0ezpXmrA",
    "size": [
      1.9686751269288592,
      4.38931429310347,
      1.6899999999999977
    ],
    "obj_class": "vehicle",
    "point_num_in_lidar": 85,
    "speed": 6.9386235371289915e-12,
    "if_vehicle": true,
    "motion_state": false,
    "pose": [
      [
        0.6943771542748762,
        -0.7189820526475073,
        -0.03008613620759423,
        87.07083668956693
      ],
      [
        0.718340541408931,
        0.6950284407839268,
        -0.030369936940789828,
        72.60535489237373
      ],
      [
        0.04274615993804149,
        -0.000523900983812997,
        0.9990858278137622,
        2.9357381344868827
      ],
      [
        0.0,
        0.0,
        0.0,
        1.0
      ]
    ],
    "location": [
      87.07083668956693,
      72.60535489237373,
      2.9357381344868827
    ],
    "rotation": [
      -0.0005243803096872827,
      -0.042759188527866296,
      0.8023591523288512
    ]
  },
  {
    "label_id": "S2eYOtqKBZvlG_UM7dMlow",
    "size": [
      1.015356086059779,
      0.13516787914706185,
      1.1499999999999773
    ],
    "obj_class": "sign",
    "point_num_in_lidar": 163,
    "speed": 0.010355903075957785,
    "if_vehicle": false,
    "motion_state": false,
    "pose": [
      [
        -0.49381468154680047,
        0.8690465377049322,
        -0.03008613620759423,
        74.81203748140615
      ],
      [
        -0.8685870979548501,
        -0.4946050143261632,
        -0.030369936940789828,
        57.53737243210344
      ],
      [
        -0.04127364237868656,
        0.01113530899821607,
        0.9990858278137622,
        4.2038178412796015
      ],
      [
        0.0,
        0.0,
        0.0,
        1.0
      ]
    ],
    "location": [
      74.81203748140615,
      57.53737243210344,
      4.2038178412796015
    ],
    "rotation": [
      0.011145036430989097,
      0.04128536973909632,
      -2.0877519027735656
    ]
  },
  {
    "label_id": "ShFEDy_mQrlIzg5E-MuzGA",
    "size": [
      0.9093439946486831,
      0.9657718622315172,
      1.8600000000000136
    ],
    "obj_class": "pedestrian",
    "point_num_in_lidar": 106,
    "speed": 1.6598505743179812,
    "if_vehicle": false,
    "motion_state": true,
    "pose": [
      [
        -0.7516070169442434,
        0.6589246667778297,
        -0.03008613620759423,
        70.32855380058754
      ],
      [
        -0.6582313572344904,
        -0.7522028631183566,
        -0.030369936940789828,
        52.175811968503695
      ],
      [
        -0.042642378374294874,
        -0.0030226194389853323,
        0.9990858278137622,
        2.003545177870251
      ],
      [
        0.0,
        0.0,
        0.0,
        1.0
      ]
    ],
    "location": [
      70.32855380058754,
      52.175811968503695,
      2.003545177870251
    ],
    "rotation": [
      -0.0030253759315986076,
      0.042655312248017364,
      -2.422329364618814
    ]
  },
  {
    "label_id": "TAl_BqipReAf5gsI2aV_RA",
    "size": [
      2.323370911255388,
      5.119892405167558,
      1.8999999999999773
    ],
    "obj_class": "vehicle",
    "point_num_in_lidar": 2926,
    "speed": 10.43786924068723,
    "if_vehicle": true,
    "motion_state": true,
    "pose": [
      [
        0.7012483377409974,
        -0.7122819618827829,
        -0.03008613620759423,
        60.231720465697435
      ],
      [
        0.7116342269917691,
        0.7018934348631847,
        -0.030369936940789828,
        55.043474622492795
      ],
      [
        0.04274921975095212,
        -0.00011345648623261653,
        0.9990858278137622,
        1.859274094051898
      ],
      [
        0.0,
        0.0,
        0.0,
        1.0
      ]
    ],
    "location": [
      60.231720465697435,
      55.043474622492795,
      1.859274094051898
    ],
    "rotation": [
      -0.00011356029941209049,
      -0.042762251140311826,
      0.7927488820267692
    ]
  },
  {
    "label_id": "UzgcwGAkWdeM3lWj082ApQ",
    "size": [
      0.8987437200554448,
      0.8431158821777414,
      2.0
    ],
    "obj_class": "pedestrian",
    "point_num_in_lidar": 297,
    "speed": 0.9242591119620936,
    "if_vehicle": false,
    "motion_state": false,
    "pose": [
      [
        -0.7323750731979309,
        -0.6802364122615191,
        -0.03008613620759423,
        68.1641412631252
      ],
      [
        0.680900074582547,
        -0.7317463736594083,
        -0.030369936940789828,
        36.49175837140501
      ],
      [
        -0.0013566841221186508,
        -0.04272783717767907,
        0.9990858278137622,
        2.650427378681684
      ],
      [
        0.0,
        0.0,
        0.0,
        1.0
      ]
    ],
    "location": [
      68.1641412631252,
      36.49175837140501,
      2.650427378681684
    ],
    "rotation": [
      -0.04274088836998682,
      0.0013566845383026088,
      2.3926008860677146
    ]
  },
  {
    "label_id": "Vo8h0YJGzJClQxdpB2wNmg",
    "size": [
      0.8556225950941897,
      0.7917399199107417,
      1.6899999999999977
    ],
    "obj_class": "pedestrian",
    "point_num_in_lidar": 22,
    "speed": 1.4068669069422641,
    "if_vehicle": false,
    "motion_state": true,
    "pose": [
      [
        -0.6990410793287993,
        0.7144483143089675,
        -0.03008613620759423,
        92.31987568537079
      ],
      [
        -0.713802578540761,
        -0.6996881775468077,
        -0.030369936940789828,
        73.38393324251228
      ],
      [
        -0.04274866406553356,
        0.0002457281050720153,
        0.9990858278137622,
        3.1820773967593254
      ],
      [
        0.0,
        0.0,
        0.0,
        1.0
      ]
    ],
    "location": [
      92.31987568537079,
      73.38393324251228,
      3.1820773967593254
    ],
    "rotation": [
      0.0002459529434571159,
      0.04276169494644651,
      -2.3457467934271743
    ]
  },
  {
    "label_id": "WVq-UApI2U-waO9QdqBnpg",
    "size": [
      0.8421556158114827,
      0.9593454399225863,
      1.8999999999999773
    ],
    "obj_class": "pedestrian",
    "point_num_in_lidar": 26,
    "speed": 1.8640015958416025,
    "if_vehicle": false,
    "motion_state": true,
    "pose": [
      [
        0.6764043563552768,
        0.7359157364207548,
        -0.03008613620759423,
        7.941688837232505
      ],
      [
        -0.7365277097990262,
        0.6757252397449824,
        -0.030369936940789828,
        79.49057444698701
      ],
      [
        -0.002019752906956426,
        0.042701630646666225,
        0.9990858278137622,
        1.419078089869572
      ],
      [
        0.0,
        0.0,
        0.0,
        1.0
      ]
    ],
    "location": [
      7.941688837232505,
      79.49057444698701,
      1.419078089869572
    ],
    "rotation": [
      0.042714705718752154,
      0.002019754280189556,
      -0.8279246981314915
    ]
  },
  {
    "label_id": "XDoFw3_cd4Q8b-GDLvYpzg",
    "size": [
      0.77806334004274,
      0.8065410288384192,
      1.759999999999991
    ],
    "obj_class": "pedestrian",
    "point_num_in_lidar": 136,
    "speed": 1.2759847740016468,
    "if_vehicle": false,
    "motion_state": true,
    "pose": [
      [
        -0.7495792172126738,
        -0.6612305358427825,
        -0.03008613620759423,
        57.83431254969037
      ],
      [
        0.6619101032171031,
        -0.7489677444251766,
        -0.030369936940789828,
        29.486540887366573
      ],
      [
        -0.002452015897000507,
        -0.04267899108144802,
        0.9990858278137622,
        1.097056833224201
      ],
      [
        0.0,
        0.0,
        0.0,
        1.0
      ]
    ],
    "location": [
      57.83431254969037,
      29.486540887366573,
      1.097056833224201
    ],
    "rotation": [
      -0.0426920867358599,
      0.0024520183540831784,
      2.418225875591663
    ]
  },
  {
    "label_id": "Z5QKATZnhdyAEhR8O_ebsQ",
    "size": [
      2.236721292007615,
      5.270744933136602,
      1.9800000000000182
    ],
    "obj_class": "vehicle",
    "point_num_in_lidar": 695,
    "speed": 10.703620727057125,
    "if_vehicle": true,
    "motion_state": true,
    "pose": [
      [
        0.7576828211421511,
        -0.6519291119087789,
        -0.03008613620759423,
        61.78501215231154
      ],
      [
        0.6512303087812327,
        0.7582722148772911,
        -0.030369936940789828,
        67.3233416928415
      ],
      [
        0.04261252715776707,
        0.0034177757267010557,
        0.9990858278137622,
        2.183443154971542
      ],
      [
        0.0,
        0.0,
        0.0,
        1.0
      ]
    ],
    "location": [
      61.78501215231154,
      67.3233416928415,
      2.183443154971542
    ],
    "rotation": [
      0.0034208896767275706,
      -0.04262543387315204,
      0.7099849744778116
    ]
  },
  {
    "label_id": "cbJ1mpyRwWHXJ5ilYEIySw",
    "size": [
      3.469621889046648,
      13.928196120883477,
      3.6299999999999955
    ],
    "obj_class": "vehicle",
    "point_num_in_lidar": 1059,
    "speed": 0.03264220775125845,
    "if_vehicle": true,
    "motion_state": false,
    "pose": [
      [
        -0.6623709222808336,
        -0.7485716971172072,
        -0.03008613620759423,
        64.45489505865407
      ],
      [
        0.7491707223685903,
        -0.6616803576319439,
        -0.030369936940789828,
        12.811000276575214
      ],
      [
        0.0028266698715052846,
        -0.042655815537004885,
        0.9990858278137622,
        1.9401712417441104
      ],
      [
        0.0,
        0.0,
        0.0,
        1.0
      ]
    ],
    "location": [
      64.45489505865407,
      12.811000276575214,
      1.9401712417441104
    ],
    "rotation": [
      -0.04266893221574287,
      -0.0028266736357303386,
      2.294778916400862
    ]
  },
  {
    "label_id": "dRP34dqP1_7E_c6OWgp4lg",
    "size": [
      0.8403363002569822,
      0.9589705575322871,
      1.9208906478081076
    ],
    "obj_class": "pedestrian",
    "point_num_in_lidar": 148,
    "speed": 1.3931033637006083,
    "if_vehicle": false,
    "motion_state": true,
    "pose": [
      [
        0.9937625491602681,
        0.10738165716072652,
        -0.03008613620759423,
        57.61361368721191
      ],
      [
        -0.10828952768664805,
        0.9936553955590515,
        -0.030369936940789828,
        28.6158476717319
      ],
      [
        0.026634077417631765,
        0.03343851943195244,
        0.9990858278137622,
        1.050951485526923
      ],
      [
        0.0,
        0.0,
        0.0,
        1.0
      ]
    ],
    "location": [
      57.61361368721191,
      28.6158476717319,
      1.050951485526923
    ],
    "rotation": [
      0.03345662719560559,
      -0.026637227343943266,
      -0.10854095419262422
    ]
  },
  {
    "label_id": "fEXEJZ7FbCjlCrCL5pFRYQ",
    "size": [
      2.278149167872009,
      5.159896609175984,
      2.170000000000016
    ],
    "obj_class": "vehicle",
    "point_num_in_lidar": 294,
    "speed": 6.150003359169845,
    "if_vehicle": true,
    "motion_state": true,
    "pose": [
      [
        0.6966776284676247,
        -0.7167531697877759,
        -0.03008613620759423,
        86.94054548640634
      ],
      [
        0.7161095747397278,
        0.6973268558547695,
        -0.030369936940789828,
        77.35496125822829
      ],
      [
        0.042747619335026,
        -0.0003869145605610627,
        0.9990858278137622,
        3.328440012626686
      ],
      [
        0.0,
        0.0,
        0.0,
        1.0
      ]
    ],
    "location": [
      86.94054548640634,
      77.35496125822829,
      3.328440012626686
    ],
    "rotation": [
      -0.0003872685713748627,
      -0.0427606492600565,
      0.7991516295794726
    ]
  },
  {
    "label_id": "gOOMxBRZuGmabeEAlVtkZQ",
    "size": [
      0.8396885838270387,
      1.0384126534772804,
      1.829999999999984
    ],
    "obj_class": "pedestrian",
    "point_num_in_lidar": 53,
    "speed": 1.711205085215096,
    "if_vehicle": false,
    "motion_state": true,
    "pose": [
      [
        0.7213103559628254,
        0.6919582319684334,
        -0.03008613620759423,
        28.90605848658015
      ],
      [
        -0.6926116695901551,
        0.7206710359642258,
        -0.030369936940789828,
        57.143223624661914
      ],
      [
        0.0006674790783459927,
        0.04274415905558832,
        0.9990858278137622,
        1.3042772364436246
      ],
      [
        0.0,
        0.0,
        0.0,
        1.0
      ]
    ],
    "location": [
      28.90605848658015,
      57.143223624661914,
      1.3042772364436246
    ],
    "rotation": [
      0.04275719534552984,
      -0.0006674791279094747,
      -0.7651037300691496
    ]
  },
  {
    "label_id": "gnIhYHjjJ9Umk5vZwmCmcQ",
    "size": [
      2.3046569260032577,
      5.545608001098944,
      1.5300000000000296
    ],
    "obj_class": "vehicle",
    "point_num_in_lidar": 53,
    "speed": 3.979039320256561e-12,
    "if_vehicle": true,
    "motion_state": false,
    "pose": [
      [
        0.6803558650281127,
        -0.7322641062690062,
        -0.03008613620759423,
        96.21900061756969
      ],
      [
        0.7316352984851546,
        0.6810194247895952,
        -0.030369936940789828,
        81.10723906177736
      ],
      [
        0.04272805790563077,
        -0.0013497145263079188,
        0.9990858278137622,
        3.3914744539998765
      ],
      [
        0.0,
        0.0,
        0.0,
        1.0
      ]
    ],
    "location": [
      96.21900061756969,
      81.10723906177736,
      3.3914744539998765
    ],
    "rotation": [
      -0.0013509487049344917,
      -0.042741069941452055,
      0.8216993159164184
    ]
  },
  {
    "label_id": "j--quDy9-Tx9NoObQzaRKA",
    "size": [
      0.6894437065598182,
      0.6465767131827823,
      1.7699999999999818
    ],
    "obj_class": "pedestrian",
    "point_num_in_lidar": 22,
    "speed": 1.3365585912258229,
    "if_vehicle": false,
    "motion_state": true,
    "pose": [
      [
        -0.7349410163268162,
        -0.6774633030124987,
        -0.03008613620759423,
        77.71175234568727
      ],
      [
        0.6781293369671229,
        -0.7343148298071766,
        -0.030369936940789828,
        8.421858561276167
      ],
      [
        -0.0015181781966463112,
        -0.042722403919403816,
        0.9990858278137622,
        0.9420568332240009
      ],
      [
        0.0,
        0.0,
        0.0,
        1.0
      ]
    ],
    "location": [
      77.71175234568727,
      8.421858561276167,
      0.9420568332240009
    ],
    "rotation": [
      -0.04273546006739374,
      0.0015181787798462236,
      2.396377272902759
    ]
  },
  {
    "label_id": "kNL61CmvALX_tWsZANnbaA",
    "size": [
      2.36056586624785,
      5.897738771278965,
      2.2799999999999727
    ],
    "obj_class": "vehicle",
    "point_num_in_lidar": 9178,
    "speed": 8.820655078654148,
    "if_vehicle": true,
    "motion_state": true,
    "pose": [
      [
        0.729083461577555,
        -0.6837632122761417,
        -0.03008613620759423,
        45.64754047258975
      ],
      [
        0.6830902778027071,
        0.7297022264606521,
        -0.030369936940789828,
        53.49949722184829
      ],
      [
        0.04271976621553826,
        0.00159067161262748,
        0.9990858278137622,
        1.5442855443726557
      ],
      [
        0.0,
        0.0,
        0.0,
        1.0
      ]
    ],
    "location": [
      45.64754047258975,
      53.49949722184829,
      1.5442855443726557
    ],
    "rotation": [
      0.001592125745655315,
      -0.04273277067343739,
      0.7528406030208724
    ]
  },
  {
    "label_id": "mUA2mzmKJhqvIZ-voduCKQ",
    "size": [
      0.952652900037025,
      0.9314748205018153,
      1.9399999999999977
    ],
    "obj_class": "pedestrian",
    "point_num_in_lidar": 82,
    "speed": 0.8696499470806284,
    "if_vehicle": false,
    "motion_state": false,
    "pose": [
      [
        -0.37217870144254106,
        0.9276733469280241,
        -0.03008613620759423,
        60.690122468713525
      ],
      [
        -0.9273246204564317,
        -0.37302374619526224,
        -0.030369936940789828,
        79.88396527476289
      ],
      [
        -0.039396224284553256,
        0.016596571146192805,
        0.9990858278137622,
        2.641202117029252
      ],
      [
        0.0,
        0.0,
        0.0,
        1.0
      ]
    ],
    "location": [
      60.690122468713525,
      79.88396527476289,
      2.641202117029252
    ],
    "rotation": [
      0.01661022939805951,
      0.03940642230905982,
      -1.9524631361911169
    ]
  },
  {
    "label_id": "n6s7QwfJh1pvFTQn9uyt0w",
    "size": [
      0.9999999999942933,
      1.0,
      1.7236748755498752
    ],
    "obj_class": "pedestrian",
    "point_num_in_lidar": 33,
    "speed": 1.211626227668773,
    "if_vehicle": false,
    "motion_state": true,
    "pose": [
      [
        0.7229235944074376,
        -0.6902726280659902,
        -0.03008613620759423,
        91.69774809273076
      ],
      [
        0.6896052684334297,
        0.7235483678919259,
        -0.030369936940789828,
        71.65618370807351
      ],
      [
        0.04273231093549637,
        0.0012075859396002539,
        0.9990858278137622,
        3.148078470683629
      ],
      [
        0.0,
        0.0,
        0.0,
        1.0
      ]
    ],
    "location": [
      91.69774809273076,
      71.65618370807351,
      3.148078470683629
    ],
    "rotation": [
      0.001208690302589519,
      -0.04274532685937976,
      0.7618148231251821
    ]
  },
  {
    "label_id": "ni6ZmlDqGWY1fMLlFS04Ig",
    "size": [
      0.47417311431003517,
      0.08554318603410829,
      0.36000000000001364
    ],
    "obj_class": "sign",
    "point_num_in_lidar": 23,
    "speed": 0.015920800789595856,
    "if_vehicle": false,
    "motion_state": false,
    "pose": [
      [
        -0.7035230043302669,
        -0.7100353560113843,
        -0.03008613620759423,
        59.726914216233126
      ],
      [
        0.7106723635752005,
        -0.7028673122152221,
        -0.030369936940789828,
        24.29915293756494
      ],
      [
        0.00041716729662417094,
        -0.04274733480740162,
        0.9990858278137622,
        3.2942826138042847
      ],
      [
        0.0,
        0.0,
        0.0,
        1.0
      ]
    ],
    "location": [
      59.726914216233126,
      24.29915293756494,
      3.2942826138042847
    ],
    "rotation": [
      -0.04276036819514205,
      -0.00041716730872400873,
      2.351139107815943
    ]
  },
  {
    "label_id": "qkSzrJCM6jm5eMy7NCJr9A",
    "size": [
      3.267111940499712,
      12.184357443089649,
      4.300000000000011
    ],
    "obj_class": "vehicle",
    "point_num_in_lidar": 118,
    "speed": 2.2737367544323206e-12,
    "if_vehicle": true,
    "motion_state": false,
    "pose": [
      [
        0.6930503427042426,
        -0.7202610963294006,
        -0.03008613620759423,
        95.58267094853
      ],
      [
        0.7196207869981106,
        0.6937028108999072,
        -0.030369936940789828,
        104.17375503398216
      ],
      [
        0.04274512133275363,
        -0.0006027138107206825,
        0.9990858278137622,
        4.399647511972205
      ],
      [
        0.0,
        0.0,
        0.0,
        1.0
      ]
    ],
    "location": [
      95.58267094853,
      104.17375503398216,
      4.399647511972205
    ],
    "rotation": [
      -0.0006032652258961214,
      -0.04275814897241164,
      0.8042046011907481
    ]
  },
  {
    "label_id": "sN_uXLNtJCxAs8Si4B7Cdw",
    "size": [
      0.5046364583900713,
      0.09435464373918906,
      0.4700000000000273
    ],
    "obj_class": "sign",
    "point_num_in_lidar": 26,
    "speed": 0.01600657674687237,
    "if_vehicle": false,
    "motion_state": false,
    "pose": [
      [
        -0.728832600120973,
        0.6840306026845583,
        -0.03008613620759423,
        60.48402253591121
      ],
      [
        -0.6833578952266495,
        -0.7294516118027405,
        -0.030369936940789828,
        72.39474789356609
      ],
      [
        -0.0427203468186469,
        -0.0015750013917419567,
        0.9990858278137622,
        4.363197302257333
      ],
      [
        0.0,
        0.0,
        0.0,
        1.0
      ]
    ],
    "location": [
      60.48402253591121,
      72.39474789356609,
      4.363197302257333
    ],
    "rotation": [
      -0.0015764412257497642,
      0.04273335180707358,
      -2.3883849040572254
    ]
  },
  {
    "label_id": "sZDdDhLB5ysIbg3rzBjHjg",
    "size": [
      0.7515877108291897,
      0.7740473377925808,
      1.7652923993346121
    ],
    "obj_class": "pedestrian",
    "point_num_in_lidar": 251,
    "speed": 0.004219102606535306,
    "if_vehicle": false,
    "motion_state": false,
    "pose": [
      [
        0.6210816245612658,
        -0.7831682067349498,
        -0.03008613620759423,
        60.61199313688121
      ],
      [
        0.7825931493479794,
        0.6217922720039416,
        -0.030369936940789828,
        44.08854208527191
      ],
      [
        0.04249209604091194,
        -0.0046829943134044935,
        0.9990858278137622,
        1.4870557821377588
      ],
      [
        0.0,
        0.0,
        0.0,
        1.0
      ]
    ],
    "location": [
      60.61199313688121,
      44.08854208527191,
      1.4870557821377588
    ],
    "rotation": [
      -0.004687244966790374,
      -0.042504893575666454,
      0.8999577149493003
    ]
  },
  {
    "label_id": "sZ_8NyI175ELHCM6gClLOQ",
    "size": [
      0.7367547958280775,
      0.7183578391749903,
      1.6499999999999773
    ],
    "obj_class": "pedestrian",
    "point_num_in_lidar": 35,
    "speed": 1.5071581597904589,
    "if_vehicle": false,
    "motion_state": true,
    "pose": [
      [
        -0.7066214430452297,
        -0.7069518800008776,
        -0.03008613620759423,
        71.24294875239866
      ],
      [
        0.7075917489825784,
        -0.7059685429974825,
        -0.030369936940789828,
        15.123609015150578
      ],
      [
        0.00023021827290037244,
        -0.04274875040555321,
        0.9990858278137622,
        0.9319054832645861
      ],
      [
        0.0,
        0.0,
        0.0,
        1.0
      ]
    ],
    "location": [
      71.24294875239866,
      15.123609015150578,
      0.9319054832645861
    ],
    "rotation": [
      -0.04276178249935372,
      -0.00023021827493398462,
      2.3555083802122074
    ]
  },
  {
    "label_id": "uzPLeqy-M07FOkNZ4Shmsw",
    "size": [
      0.9058033856899975,
      0.9753131251187845,
      1.9700000000000273
    ],
    "obj_class": "pedestrian",
    "point_num_in_lidar": 269,
    "speed": 1.2178384742899082,
    "if_vehicle": false,
    "motion_state": true,
    "pose": [
      [
        -0.6410493563425361,
        0.7669097385878721,
        -0.03008613620759423,
        40.807981664602266
      ],
      [
        -0.7663165662772943,
        -0.641744954930843,
        -0.030369936940789828,
        54.67231060740596
      ],
      [
        -0.04259862652477705,
        0.003586876063097853,
        0.9990858278137622,
        1.4110258253409143
      ],
      [
        0.0,
        0.0,
        0.0,
        1.0
      ]
    ],
    "location": [
      40.807981664602266,
      54.67231060740596,
      1.4110258253409143
    ],
    "rotation": [
      0.003590142661086161,
      0.0426115206065005,
      -2.2674201615718985
    ]
  },
  {
    "label_id": "xCQ9HWOyGz1lozJ4q7xa6g",
    "size": [
      0.8157216169715206,
      0.8394855495280353,
      1.826573118392787
    ],
    "obj_class": "pedestrian",
    "point_num_in_lidar": 64,
    "speed": 2.8421709430404007e-12,
    "if_vehicle": false,
    "motion_state": false,
    "pose": [
      [
        -0.9992456109669038,
        0.024556737802020768,
        -0.03008613620759423,
        58.25575092245708
      ],
      [
        -0.023642664714813914,
        -0.9992590711799395,
        -0.030369936940789828,
        27.433487386144407
      ],
      [
        -0.030809631100712633,
        -0.0296357097625055,
        0.9990858278137622,
        1.1741928659842529
      ],
      [
        0.0,
        0.0,
        0.0,
        1.0
      ]
    ],
    "location": [
      58.25575092245708,
      27.433487386144407,
      1.1741928659842529
    ],
