[
  {
    "label_id": "003ynNxk1Wh4n8dKBPJJXg",
    "size": [
      0.7788622106940523,
      0.8631666814550667,
      1.7699999999999818
    ],
    "obj_class": "pedestrian",
    "point_num_in_lidar": 23,
    "speed": 1.522828839963775,
    "if_vehicle": false,
    "motion_state": true,
    "pose": [
      [
        -0.6958970442928473,
        -0.7180298497817358,
        -0.01266643465607741,
        66.30873041294035
      ],
      [
        0.7180172080723747,
        -0.6959965289314533,
        0.006334084568503778,
        20.48947643469728
      ],
      [
        -0.013363856345794524,
        -0.004686847318465156,
        0.9998997153743882,
        1.1193101244450645
      ],
      [
        0.0,
        0.0,
        0.0,
        1.0
      ]
    ],
    "location": [
      66.30873041294035,
      20.48947643469728,
      1.1193101244450645
    ],
    "rotation": [
      -0.0046872830565237,
      0.0133642541588671,
      2.340551137465499
    ]
  },
  {
    "label_id": "2mgIVDg2Dam4gckam7FU0w",
    "size": [
      0.8531989066151078,
      0.9873727070641302,
      2.03407124607196
    ],
    "obj_class": "pedestrian",
    "point_num_in_lidar": 197,
    "speed": 1.4919775983796981,
    "if_vehicle": false,
    "motion_state": true,
    "pose": [
      [
        -0.6913359788123175,
        0.722422401253393,
        -0.01266643465607741,
        40.57687810247808
      ],
      [
        -0.7225213397527127,
        -0.6913196026257497,
        0.006334084568503778,
        21.629627996902855
      ],
      [
        -0.004180669989403897,
        0.013530749892645796,
        0.9998997153743882,
        1.0689004397475514
      ],
      [
        0.0,
        0.0,
        0.0,
        1.0
      ]
    ],
    "location": [
      40.57687810247808,
      21.629627996902855,
      1.0689004397475514
    ],
    "rotation": [
      0.013531281055245698,
      0.004180682167792448,
      -2.3341411297203094
    ]
  },
  {
    "label_id": "3UEJmY_UqHvR2yyZSFepYw",
    "size": [
      0.9440813700348014,
      0.9389889363884447,
      1.8700000000000045
    ],
    "obj_class": "pedestrian",
    "point_num_in_lidar": 22,
    "speed": 1.438229758611737,
    "if_vehicle": false,
    "motion_state": true,
    "pose": [
      [
        -0.6886023243475371,
        -0.7250285513938556,
        -0.01266643465607741,
        11.22337569136289
      ],
      [
        0.725016916102787,
        -0.688701931707385,
        0.006334084568503778,
        78.06100695105124
      ],
      [
        -0.013315790174594349,
        -0.0048217140358811405,
        0.9998997153743882,
        1.422260858064874
      ],
      [
        0.0,
        0.0,
        0.0,
        1.0
      ]
    ],
    "location": [
      11.22337569136289,
      78.06100695105124,
      1.422260858064874
    ],
    "rotation": [
      -0.004822160250884274,
      0.013316183710382585,
      2.330440355423147
    ]
  },
  {
    "label_id": "4sRZr1ONdtX-QRcs4A0-vw",
    "size": [
      2.1190687011923215,
      4.376564357957686,
      1.5199999999999818
    ],
    "obj_class": "vehicle",
    "point_num_in_lidar": 449,
    "speed": 6.915300366811402e-12,
    "if_vehicle": true,
    "motion_state": false,
    "pose": [
      [
        -0.6972901465301852,
        -0.7166770632474686,
        -0.01266643465607741,
        46.46961137257313
      ],
      [
        0.7166642283627067,
        -0.6973896064309858,
        0.006334084568503778,
        16.156183303537546
      ],
      [
        -0.013372933006602023,
        -0.004660885861997779,
        0.9998997153743882,
        0.91769814840751
      ],
      [
        0.0,
        0.0,
        0.0,
        1.0
      ]
    ],
    "location": [
      46.46961137257313,
      16.156183303537546,
      0.91769814840751
    ],
    "rotation": [
      -0.004661319563548747,
      0.013373331630846431,
      2.3424932917363472
    ]
  },
  {
    "label_id": "5cdFalttzbg6dxvwyUdz1Q",
    "size": [
      0.7834613496993155,
      0.7892078759614377,
      2.0299999999999727
    ],
    "obj_class": "pedestrian",
    "point_num_in_lidar": 23,
    "speed": 1.4639457641256726,
    "if_vehicle": false,
    "motion_state": true,
    "pose": [
      [
        0.7150260197537308,
        0.6989830845651708,
        -0.01266643465607741,
        87.64491263116724
      ],
      [
        -0.6989677619648614,
        0.7151251268879538,
        0.006334084568503778,
        -2.948781932653219
      ],
      [
        0.013485503660234753,
        0.004324394205831802,
        0.9998997153743882,
        0.978149087188342
      ],
      [
        0.0,
        0.0,
        0.0,
        1.0
      ]
    ],
    "location": [
      87.64491263116724,
      -2.948781932653219,
      0.978149087188342
    ],
    "rotation": [
      0.004324800955825854,
      -0.013485912436627454,
      -0.7740419836995698
    ]
  },
  {
    "label_id": "7icJBEuPRDJAEFyjeeK9Tw",
    "size": [
      2.0299898428517853,
      4.529825083229547,
      1.5699999999999932
    ],
    "obj_class": "vehicle",
    "point_num_in_lidar": 151,
    "speed": 10.060519294765305,
    "if_vehicle": true,
    "motion_state": true,
    "pose": [
      [
        0.7043774556870411,
        -0.7097125906681899,
        -0.01266643465607741,
        47.688173570983054
      ],
      [
        0.7098118109887136,
        0.7043628839977316,
        0.006334084568503778,
        46.53738421494927
      ],
      [
        0.004426386875699279,
        -0.01345237129446975,
        0.9998997153743882,
        1.140098843027772
      ],
      [
        0.0,
        0.0,
        0.0,
        1.0
      ]
    ],
    "location": [
      47.688173570983054,
      46.53738421494927,
      1.140098843027772
    ],
    "rotation": [
      -0.01345290886449384,
      -0.00442640133011986,
      0.7892408799849322
    ]
  },
  {
    "label_id": "9VgJc444cmIlvshIYPoRwQ",
    "size": [
      2.118796657695293,
      4.73377975721041,
      1.579999999999984
    ],
    "obj_class": "vehicle",
    "point_num_in_lidar": 271,
    "speed": 0.008741592988943187,
    "if_vehicle": true,
    "motion_state": false,
    "pose": [
      [
        -0.7095229828693073,
        -0.7045684482102105,
        -0.01266643465607741,
        52.56731516936634
      ],
      [
        0.7045539032264232,
        -0.7096222071081845,
        0.006334084568503778,
        24.734408042873838
      ],
      [
        -0.013451179452100198,
        -0.004430007400110526,
        0.9998997153743882,
        0.9395661218741793
      ],
      [
        0.0,
        0.0,
        0.0,
        1.0
      ]
    ],
    "location": [
      52.56731516936634,
      24.734408042873838,
      0.9395661218741793
    ],
    "rotation": [
      -0.004430422718341323,
      0.013451585114926735,
      2.3597084852506955
    ]
  },
  {
    "label_id": "9_lx47WRH-mQLvLvwIpBWg",
    "size": [
      0.7276772904839204,
      0.9051974291215927,
      1.9399999999999977
    ],
    "obj_class": "pedestrian",
    "point_num_in_lidar": 28,
    "speed": 1.5883315852401678,
    "if_vehicle": false,
    "motion_state": true,
    "pose": [
      [
        -0.7092856423427925,
        -0.7048073772311663,
        -0.01266643465607741,
        -1.8505345868688892
      ],
      [
        0.7047928656671574,
        -0.7093848714748261,
        0.006334084568503778,
        86.8177881080046
      ],
      [
        -0.01344968665243331,
        -0.0044345375372178185,
        0.9998997153743882,
        1.4822779035267217
      ],
      [
        0.0,
        0.0,
        0.0,
        1.0
      ]
    ],
    "location": [
      -1.8505345868688892,
      86.8177881080046,
      1.4822779035267217
    ],
    "rotation": [
      -0.004434953220777523,
      0.013450092180207231,
      2.359371655769015
    ]
  },
  {
    "label_id": "9yRa5_H_gVps_G_r_6mvIA",
    "size": [
      0.775645571598012,
      0.8305019388285249,
      1.8845138035056834
    ],
    "obj_class": "pedestrian",
    "point_num_in_lidar": 44,
    "speed": 1.2234954461138192,
    "if_vehicle": false,
    "motion_state": true,
    "pose": [
      [
        0.7087747562304627,
        0.7053211370457797,
        -0.01266643465607741,
        34.10131847198136
      ],
      [
        -0.7053066973865145,
        0.7088739958514537,
        0.006334084568503778,
        54.55925152770942
      ],
      [
        0.01344646987784614,
        0.004444281948955647,
        0.9998997153743882,
        1.2273186928380255
      ],
      [
        0.0,
        0.0,
        0.0,
        1.0
      ]
    ],
    "location": [
      34.10131847198136,
      54.55925152770942,
      1.2273186928380255
    ],
    "rotation": [
      0.004444698417727601,
      -0.013446875114702456,
      -0.7829456512866149
    ]
  },
  {
    "label_id": "AO9dwFKv4rC9axdtqk9RKw",
    "size": [
      1.8762039635338565,
      4.431172548534873,
      1.5900000000000318
    ],
    "obj_class": "vehicle",
    "point_num_in_lidar": 98,
    "speed": 0.0050504929003380925,
    "if_vehicle": true,
    "motion_state": false,
    "pose": [
      [
        0.7126018825457352,
        -0.7014542881937336,
        -0.01266643465607741,
        59.292205912708596
      ],
      [
        0.7015536716189568,
        0.7125884683396443,
        0.006334084568503778,
        68.34455045874347
      ],
      [
        0.00458288448853966,
        -0.013399864327012389,
        0.9998997153743882,
        1.9477787613616329
      ],
      [
        0.0,
        0.0,
        0.0,
        1.0
      ]
    ],
    "location": [
      59.292205912708596,
      68.34455045874347,
      1.9477787613616329
    ],
    "rotation": [
      -0.013400406096959805,
      -0.004582900530948765,
      0.7775857370196448
    ]
  },
  {
    "label_id": "ApuGFglgPB7yiubDIsruoA",
    "size": [
      2.0986601808237975,
      4.058399703032842,
      1.579999999999984
    ],
    "obj_class": "vehicle",
    "point_num_in_lidar": 38,
    "speed": 2.5421149729252077e-12,
    "if_vehicle": true,
    "motion_state": false,
    "pose": [
      [
        -0.6912009034886621,
        -0.7225516399881469,
        -0.01266643465607741,
        52.697208596771816
      ],
      [
        0.7225396471590303,
        -0.6913004684332155,
        0.006334084568503778,
        18.248959564771212
      ],
      [
        -0.013333015403921048,
        -0.00477387625064168,
        0.9998997153743882,
        1.0024117282158613
      ],
      [
        0.0,
        0.0,
        0.0,
        1.0
      ]
    ],
    "location": [
      52.697208596771816,
      18.248959564771212,
      1.0024117282158613
    ],
    "rotation": [
      -0.0047743187692546405,
      0.013333410468994238,
      2.3340308675830586
    ]
  },
  {
    "label_id": "C6e5B3f0p8EXgkDqcFxO5w",
    "size": [
      2.182234777079545,
      4.834819894509566,
      1.9800000000000182
    ],
    "obj_class": "vehicle",
    "point_num_in_lidar": 475,
    "speed": 0.0013232213638279162,
    "if_vehicle": true,
    "motion_state": false,
    "pose": [
      [
        -0.6852226754765524,
        -0.7282234866068649,
        -0.01266643465607741,
        48.57260769525601
      ],
      [
        0.7282123147282263,
        -0.6853223358762196,
        0.006334084568503778,
        22.83010375655431
      ],
      [
        -0.013293219734665032,
        -0.004883595325531053,
        0.9998997153743882,
        1.2217930754181339
      ],
      [
        0.0,
        0.0,
        0.0,
        1.0
      ]
    ],
    "location": [
      48.57260769525601,
      22.83010375655431,
      1.2217930754181339
    ],
    "rotation": [
      -0.004884046289278104,
      0.013293611272592439,
      2.325788853767598
    ]
  },
  {
    "label_id": "C9cPjD8O_VEcJgOpJDHC3Q",
    "size": [
      0.9268047146913192,
      0.9427106435680166,
      2.1999999999999886
    ],
    "obj_class": "pedestrian",
    "point_num_in_lidar": 37,
    "speed": 0.37769964308146636,
    "if_vehicle": false,
    "motion_state": false,
    "pose": [
      [
        0.9739374309306067,
        0.22646289335207426,
        -0.01266643465607741,
        71.88338373463193
      ],
      [
        -0.22639836637366398,
        0.974014198600829,
        0.006334084568503778,
        32.050674519574386
      ],
      [
        0.013771722318789098,
        -0.003301341938031083,
        0.9998997153743882,
        4.459830566546202
      ],
      [
        0.0,
        0.0,
        0.0,
        1.0
      ]
    ],
    "location": [
      71.88338373463193,
      32.050674519574386,
      4.459830566546202
    ],
    "rotation": [
      -0.0033016610479260707,
      -0.013772157680859888,
      -0.22840048526894416
    ]
  },
  {
    "label_id": "CZUwabcB3mvH43N9J3yGWQ",
    "size": [
      2.372938899733397,
      4.773708939237198,
      1.6999999999999886
    ],
    "obj_class": "vehicle",
    "point_num_in_lidar": 47,
    "speed": 9.108098108167852,
    "if_vehicle": true,
    "motion_state": true,
    "pose": [
      [
        0.7097373740028998,
        -0.7043524837583603,
        -0.01266643465607741,
        74.25774128652847
      ],
      [
        0.7044518116922774,
        0.709723554897361,
        0.006334084568503778,
        65.40048634345294
      ],
      [
        0.004528238833825252,
        -0.013418429389517744,
        0.9998997153743882,
        2.143285504702021
      ],
      [
        0.0,
        0.0,
        0.0,
        1.0
      ]
    ],
    "location": [
      74.25774128652847,
      65.40048634345294,
      2.143285504702021
    ],
    "rotation": [
      -0.013418969682942478,
      -0.004528254309184214,
      0.7816606594249694
    ]
  },
  {
    "label_id": "DwEkvmQeGLlhCH7eI0ArZA",
    "size": [
      0.9176379586367388,
      0.9243772860056179,
      1.8151881475899359
    ],
    "obj_class": "pedestrian",
    "point_num_in_lidar": 41,
    "speed": 1.486973210113892,
    "if_vehicle": false,
    "motion_state": true,
    "pose": [
      [
        -0.6991384081017675,
        0.7148741481897563,
        -0.01266643465607741,
        51.98489305649855
      ],
      [
        -0.7149732586504889,
        -0.6991231070329319,
        0.006334084568503778,
        65.96309035930608
      ],
      [
        -0.004327323841315426,
        0.013484563863544853,
        0.9998997153743882,
        1.9328190277216208
      ],
      [
        0.0,
        0.0,
        0.0,
        1.0
      ]
    ],
    "location": [
      51.98489305649855,
      65.96309035930608,
      1.9328190277216208
    ],
    "rotation": [
      0.01348509882189234,
      0.004327337346813385,
      -2.3449972211714867
    ]
  },
  {
    "label_id": "EHyNyPdydGtVbm2hzdravg",
    "size": [
      2.1161686429411732,
      4.43080589474992,
      1.5300000000000296
    ],
    "obj_class": "vehicle",
    "point_num_in_lidar": 122,
    "speed": 2.3437142008433857e-12,
    "if_vehicle": true,
    "motion_state": false,
    "pose": [
      [
        -0.7134182712951118,
        -0.700623958779171,
        -0.01266643465607741,
        51.16496783461844
      ],
      [
        0.70060886391054,
        -0.7135174133703127,
        0.006334084568503778,
        15.592302894168824
      ],
      [
        -0.013475533098055615,
        -0.004355364731092474,
        0.9998997153743882,
        1.0244929142563137
      ],
      [
        0.0,
        0.0,
        0.0,
        1.0
      ]
    ],
    "location": [
      51.16496783461844,
      15.592302894168824,
      1.0244929142563137
    ],
    "rotation": [
      -0.004355774003782523,
      0.013475940968377686,
      2.3652530554022935
    ]
  },
  {
    "label_id": "FUBBAMWnwtT4q8zdcG-J8Q",
    "size": [
      0.6207832016872167,
      0.8538091971167887,
      1.9024940406123392
    ],
    "obj_class": "pedestrian",
    "point_num_in_lidar": 25,
    "speed": 1.4273444735597638,
    "if_vehicle": false,
    "motion_state": true,
    "pose": [
      [
        -0.7095590084883241,
        -0.7045321674034265,
        -0.01266643465607741,
        10.430154833251436
      ],
      [
        0.7045176173460466,
        -0.709658231983346,
        0.006334084568503778,
        79.23737766582781
      ],
      [
        -0.01345140595312904,
        -0.004429319598060312,
        0.9998997153743882,
        1.5057021445530268
      ],
      [
        0.0,
        0.0,
        0.0,
        1.0
      ]
    ],
    "location": [
      10.430154833251436,
      79.23737766582781,
      1.5057021445530268
    ],
    "rotation": [
      -0.004429734860808012,
      0.013451811636449599,
      2.3597596221598662
    ]
  },
  {
    "label_id": "Fe-uZ9qlinJ4Guviu-__IQ",
    "size": [
      0.6950761202747833,
      1.001424989274805,
      1.910000000000025
    ],
    "obj_class": "pedestrian",
    "point_num_in_lidar": 616,
    "speed": 0.15942860658520608,
    "if_vehicle": false,
    "motion_state": false,
    "pose": [
      [
        0.9933764354286823,
        -0.1142051617402133,
        -0.01266643465607741,
        19.09025218493116
      ],
      [
        0.11429174437993211,
        0.9934270363440244,
        0.006334084568503778,
        30.883308941272844
      ],
      [
        0.011859793488810059,
        -0.007739799262281621,
        0.9998997153743882,
        1.121012983988237
      ],
      [
        0.0,
        0.0,
        0.0,
        1.0
      ]
    ],
    "location": [
      19.09025218493116,
      30.883308941272844,
      1.121012983988237
    ],
    "rotation": [
      -0.007740420932468677,
      -0.011860071529027896,
      0.1145501348093422
    ]
  },
  {
    "label_id": "G6Mgy_kvMQsfCAyCXrx1BQ",
    "size": [
      0.862094752190956,
      1.1094360817910744,
      2.019999999999982
    ],
    "obj_class": "pedestrian",
    "point_num_in_lidar": 119,
    "speed": 1.7013282527091393,
    "if_vehicle": false,
    "motion_state": true,
    "pose": [
      [
        0.5745063032582146,
        -0.8184021437836558,
        -0.01266643465607741,
        46.07662263440943
      ],
      [
        0.818497481988932,
        0.5744751964623515,
        0.006334084568503778,
        26.5423940636756
      ],
      [
        0.0020927241477571405,
        -0.014006416381752713,
        0.9998997153743882,
        1.1553857669193235
      ],
      [
        0.0,
        0.0,
        0.0,
        1.0
      ]
    ],
    "location": [
      46.07662263440943,
      26.5423940636756,
      1.1553857669193235
    ],
    "rotation": [
      -0.014006905058234162,
      -0.0020927256752724176,
      0.9587939419723792
    ]
  },
  {
    "label_id": "GiPscZnqoFfFvj5jXUIwjA",
    "size": [
      2.0663953814856924,
      4.663853484354714,
      1.829999999999984
    ],
    "obj_class": "vehicle",
    "point_num_in_lidar": 334,
    "speed": 1.1368683772161603e-12,
    "if_vehicle": true,
    "motion_state": false,
    "pose": [
      [
        -0.7342245130557071,
        -0.6787885722824252,
        -0.01266643465607741,
        43.2327070589854
      ],
      [
        0.6787704941602493,
        -0.734323154769159,
        0.006334084568503778,
        13.903139488320448
      ],
      [
        -0.013600760477298992,
        -0.003946961952790814,
        0.9998997153743882,
        0.8347800726544392
      ],
      [
        0.0,
        0.0,
        0.0,
        1.0
      ]
    ],
    "location": [
      43.2327070589854,
      13.903139488320448,
      0.8347800726544392
    ],
    "rotation": [
      -0.003947337310188328,
      0.013601179825206538,
      2.3954200885119006
    ]
  },
  {
    "label_id": "H0ATfIvGdadeca8zxrorMw",
    "size": [
      0.9069711678900366,
      0.6684251695846886,
      1.920000000000016
    ],
    "obj_class": "pedestrian",
    "point_num_in_lidar": 98,
    "speed": 0.005307601883250615,
    "if_vehicle": false,
    "motion_state": false,
    "pose": [
      [
        0.33884916585041325,
        0.9407554433728154,
        -0.01266643465607741,
        41.43300951025958
      ],
      [
        -0.9407848522793553,
        0.3389450414069971,
        0.006334084568503778,
        43.7507724132156
      ],
      [
        0.010252049755586863,
        0.009770090584360411,
        0.9998997153743882,
        1.2060720619203948
      ],
      [
        0.0,
        0.0,
        0.0,
        1.0
      ]
    ],
    "location": [
      41.43300951025958,
      43.7507724132156,
      1.2060720619203948
    ],
    "rotation": [
      0.00977075952984794,
      -0.010252229353550035,
      -1.2250839682255286
    ]
  },
  {
    "label_id": "H1KwN3bm7xetzBAXKSAkJQ",
    "size": [
      0.8718508778661133,
      0.8439339778954031,
      1.7800000000000296
    ],
    "obj_class": "pedestrian",
    "point_num_in_lidar": 75,
    "speed": 0.04297676288290528,
    "if_vehicle": false,
    "motion_state": false,
    "pose": [
      [
        0.7299645440964703,
        0.6833676358996932,
        -0.01266643465607741,
        19.869738430683356
      ],
      [
        -0.6833501751037366,
        0.7300632969533337,
        0.006334084568503778,
        64.80814834441844
      ],
      [
        0.013575807442826996,
        0.004031953185854187,
        0.9998997153743882,
        1.2476233726086434
      ],
      [
        0.0,
        0.0,
        0.0,
        1.0
      ]
    ],
    "location": [
      19.869738430683356,
      64.80814834441844,
      1.2476233726086434
    ],
    "rotation": [
      0.004032335714282791,
      -0.013576224486732458,
      -0.7524278160889406
    ]
  },
  {
    "label_id": "IFM6U6TiltkbR_9izPEjXA",
    "size": [
      0.9453538610438863,
      0.8753901206048866,
      1.8500000000000227
    ],
    "obj_class": "pedestrian",
    "point_num_in_lidar": 89,
    "speed": 1.149687967504602,
    "if_vehicle": false,
    "motion_state": true,
    "pose": [
      [
        -0.7176157602645983,
        -0.696324049601165,
        -0.01266643465607741,
        0.5887386276117468
      ],
      [
        0.6963083592148396,
        -0.7177148098375964,
        0.006334084568503778,
        40.43004325679067
      ],
      [
        -0.013501463157763738,
        -0.004274305419268142,
        0.9998997153743882,
        1.2362130339858481
      ],
      [
        0.0,
        0.0,
        0.0,
        1.0
      ]
    ],
    "location": [
      0.5887386276117468,
      40.43004325679067,
      1.2362130339858481
    ],
    "rotation": [
      -0.004274708071756757,
      0.01350187338726057,
      2.371263041634981
    ]
  },
  {
    "label_id": "IdtzlKr8w-UleoH07PuGAA",
    "size": [
      0.8235683293083343,
      0.939835135752179,
      1.759999999999991
    ],
    "obj_class": "pedestrian",
    "point_num_in_lidar": 60,
    "speed": 2.7533004706085955,
    "if_vehicle": false,
    "motion_state": true,
    "pose": [
      [
        0.6777811559382197,
        0.7351545865245989,
        -0.01266643465607741,
        18.832634917900577
      ],
      [
        -0.7351444287767526,
        0.6778809248025656,
        0.006334084568503778,
        64.74733465406462
      ],
      [
        0.013242865760583257,
        0.005018535709229157,
        0.9998997153743882,
        1.1256466397175018
      ],
      [
        0.0,
        0.0,
        0.0,
        1.0
      ]
    ],
    "location": [
      18.832634917900577,
      64.74733465406462,
      1.1256466397175018
    ],
    "rotation": [
      0.005018996897859927,
      -0.013243252865739142,
      -0.8259748135794365
    ]
  },
  {
    "label_id": "J8bvMVrn5EZ0WGhQO07qSQ",
    "size": [
      0.9052480861187759,
      1.0215068244376773,
      1.7800000000000296
    ],
    "obj_class": "pedestrian",
    "point_num_in_lidar": 38,
    "speed": 1.5137826286445872,
    "if_vehicle": false,
    "motion_state": true,
    "pose": [
      [
        -0.730260023019878,
        -0.6830518722704085,
        -0.01266643465607741,
        7.526017744701676
      ],
      [
        0.68303436876682,
        -0.7303587683159497,
        0.006334084568503778,
        77.60625435649854
      ],
      [
        -0.013577549938002765,
        -0.004026081457034581,
        0.9998997153743882,
        1.3872608580650194
      ],
      [
        0.0,
        0.0,
        0.0,
        1.0
      ]
    ],
    "location": [
      7.526017744701676,
      77.60625435649854,
      1.3872608580650194
    ],
    "rotation": [
      -0.004026463491902812,
      0.013577967142524192,
      2.3895973602424116
    ]
  },
  {
    "label_id": "JIwIafnXjVCNvgOcHBrynQ",
    "size": [
      0.8078365520537096,
      0.9177911650848429,
      2.0151233647333697
    ],
    "obj_class": "pedestrian",
    "point_num_in_lidar": 121,
    "speed": 1.4753343602862157,
    "if_vehicle": false,
    "motion_state": true,
    "pose": [
      [
        0.8946984503361743,
        -0.446491035071424,
        -0.01266643465607741,
        48.84117465718009
      ],
      [
        0.44658969099185825,
        0.8947164507666525,
        0.006334084568503778,
        27.945393335328845
      ],
      [
        0.008504755484132119,
        -0.011323794786764782,
        0.9998997153743882,
        1.0857930669693587
      ],
      [
        0.0,
        0.0,
        0.0,
        1.0
      ]
    ],
    "location": [
      48.84117465718009,
      27.945393335328845,
      1.0857930669693587
    ],
    "rotation": [
      -0.011324446384362875,
      -0.008504858013524033,
      0.4629682363585847
    ]
  },
  {
    "label_id": "KIMtmvNTn718XRJNcfn2RA",
    "size": [
      0.6456584758685264,
      0.8107772221525958,
      1.6499999999999773
    ],
    "obj_class": "pedestrian",
    "point_num_in_lidar": 62,
    "speed": 1.0852762793924784,
    "if_vehicle": false,
    "motion_state": true,
    "pose": [
      [
        0.7083732385433033,
        0.7057243912100357,
        -0.01266643465607741,
        33.44885823568984
      ],
      [
        -0.7057100080310313,
        0.7084724863659286,
        0.006334084568503778,
        52.54087135737791
      ],
      [
        0.013443938430162939,
        0.004451933703866738,
        0.9998997153743882,
        1.0228646509908117
      ],
      [
        0.0,
        0.0,
        0.0,
        1.0
      ]
    ],
    "location": [
      33.44885823568984,
      52.54087135737791,
      1.0228646509908117
    ],
    "rotation": [
      0.004452350788631387,
      -0.013444343438178881,
      -0.7835148037226498
    ]
  },
  {
    "label_id": "MDFcC1ERI2HCAT9f-NMOkQ",
    "size": [
      0.898149660212185,
      0.1072508584288479,
      0.5099999999999909
    ],
    "obj_class": "sign",
    "point_num_in_lidar": 108,
    "speed": 0.01064731972250903,
    "if_vehicle": false,
    "motion_state": false,
    "pose": [
      [
        0.6851249582095063,
        -0.7283154214154234,
        -0.01266643465607741,
        19.633663568667544
      ],
      [
        0.728414216068204,
        0.6851077354711615,
        0.006334084568503778,
        35.16446334147622
      ],
      [
        0.004064660891927876,
        -0.013566050495677388,
        0.9998997153743882,
        1.178459677876674
      ],
      [
        0.0,
        0.0,
        0.0,
        1.0
      ]
    ],
    "location": [
      19.633663568667544,
      35.16446334147622,
      1.178459677876674
    ],
    "rotation": [
      -0.013566578718227777,
      -0.0040646720843720095,
      0.8160133263615147
    ]
  },
  {
    "label_id": "NDAnvjpf76se8u_t0LfMfQ",
    "size": [
      0.7398662657298538,
      0.9588898975130005,
      1.772289894821938
    ],
    "obj_class": "pedestrian",
    "point_num_in_lidar": 39,
    "speed": 1.6377800050578535,
    "if_vehicle": false,
    "motion_state": true,
    "pose": [
      [
        0.760906381914465,
        0.6487380360322197,
        -0.01266643465607741,
        14.879411263729708
      ],
      [
        -0.648716008924784,
        0.7610042175555789,
        0.006334084568503778,
        71.44873308979004
      ],
      [
        0.01374837177770019,
        0.00339727356563665,
        0.9998997153743882,
        1.2611159106534728
      ],
      [
        0.0,
        0.0,
        0.0,
        1.0
      ]
    ],
    "location": [
      14.879411263729708,
      71.44873308979004,
      1.2611159106534728
    ],
    "rotation": [
      0.00339760122043074,
      -0.013748804928873665,
      -0.7059766220790208
    ]
  },
  {
    "label_id": "NR-ydNfoP_gKd7nePeHUGg",
    "size": [
      0.8420630655463567,
      1.0804344746293282,
      1.9700000000000273
    ],
    "obj_class": "pedestrian",
    "point_num_in_lidar": 94,
    "speed": 0.7460394205243002,
    "if_vehicle": false,
    "motion_state": false,
    "pose": [
      [
        0.5230914825528855,
        -0.8521824114083367,
        -0.01266643465607741,
        51.10832803836092
      ],
      [
        0.8522756562691355,
        0.5230545718218069,
        0.006334084568503778,
        32.86426021754596
      ],
      [
        0.00122744109389158,
        -0.01410859959665249,
        0.9998997153743882,
        1.1270568332245716
      ],
      [
        0.0,
        0.0,
        0.0,
        1.0
      ]
    ],
    "location": [
      51.10832803836092,
      32.86426021754596,
      1.1270568332245716
    ],
    "rotation": [
      -0.01410907832660771,
      -0.0012274414021046286,
      1.0203216113230371
    ]
  },
  {
    "label_id": "OaBaJCfNzU4Ykpv4ByH-2g",
    "size": [
      0.9375452324532697,
      1.0542668871771672,
      1.839999999999975
    ],
    "obj_class": "pedestrian",
    "point_num_in_lidar": 123,
    "speed": 1.4556390858377266,
    "if_vehicle": false,
    "motion_state": true,
    "pose": [
      [
        0.6342032159442995,
        -0.7730626380307171,
        -0.01266643465607741,
        49.365930141149875
      ],
      [
        0.7731600387162487,
        0.634179338913661,
        0.006334084568503778,
        29.696271443412115
      ],
      [
        0.0031361470305470685,
        -0.013810277912497901,
        0.9998997153743882,
        1.0348016822841828
      ],
      [
        0.0,
        0.0,
        0.0,
        1.0
      ]
    ],
    "location": [
      49.365930141149875,
      29.696271443412115,
      1.0348016822841828
    ],
    "rotation": [
      -0.013810784863478646,
      -0.003136152171456084,
      0.8838147556777822
    ]
  },
  {
    "label_id": "OaQW5LGNnGDxoNUGOPRPiA",
    "size": [
      0.9880183285491534,
      1.0982428043988728,
      2.019999999999982
    ],
    "obj_class": "pedestrian",
    "point_num_in_lidar": 180,
    "speed": 1.6352187047192737,
    "if_vehicle": false,
    "motion_state": true,
    "pose": [
      [
        0.03300154188533842,
        0.9993750345422351,
        -0.01266643465607741,
        42.90184790765488
      ],
      [
        -0.9994325123884882,
        0.033083720369896354,
        0.006334084568503778,
        18.57070849066804
      ],
      [
        0.006749178766687132,
        0.01245021205413531,
        0.9998997153743882,
        1.1771322782624338
      ],
      [
        0.0,
        0.0,
        0.0,
        1.0
      ]
    ],
    "location": [
      42.90184790765488,
      18.57070849066804,
      1.1771322782624338
    ],
    "rotation": [
      0.012450817317246447,
      -0.006749230006843522,
      -1.5377880395634285
    ]
  },
  {
    "label_id": "P-uHjAYe5u4Kr3C_Q5lLAw",
    "size": [
      0.5106701405808257,
      0.087061792529594,
      0.4800000000000182
    ],
    "obj_class": "sign",
    "point_num_in_lidar": 42,
    "speed": 0.014773516353831747,
    "if_vehicle": false,
    "motion_state": false,
    "pose": [
      [
        -0.7284518105908322,
        0.6849799421005273,
        -0.01266643465607741,
        28.301855259524018
      ],
      [
        -0.6850796062179161,
        -0.7284406719266739,
        0.006334084568503778,
        10.915854427417798
      ],
      [
        -0.004888025290794775,
        0.013291591438732505,
        0.9998997153743882,
        2.764410586824056
      ],
      [
        0.0,
        0.0,
        0.0,
        1.0
      ]
    ],
    "location": [
      28.301855259524018,
      10.915854427417798,
      2.764410586824056
    ],
    "rotation": [
      0.013292141636274256,
      0.00488804475576537,
      -2.3868684463256327
    ]
  },
  {
    "label_id": "PES5FWXW1H2xBozxmQ1gTA",
    "size": [
      0.8442639439971998,
      0.09986239830018995,
      0.8299999999999841
    ],
    "obj_class": "sign",
    "point_num_in_lidar": 48,
    "speed": 0.01734652933408427,
    "if_vehicle": false,
    "motion_state": false,
    "pose": [
      [
        -0.5657585541407762,
        0.8244736623141102,
        -0.01266643465607741,
        40.56905850968542
      ],
      [
        -0.8245686638568832,
        -0.5657264338511623,
        0.006334084568503778,
        43.63024056017457
      ],
      [
        -0.001943451005989844,
        0.014027907627474372,
        0.9998997153743882,
        1.1876913288781452
      ],
      [
        0.0,
        0.0,
        0.0,
        1.0
      ]
    ],
    "location": [
      40.56905850968542,
      43.63024056017457,
      1.1876913288781452
    ],
    "rotation": [
      0.014028394236354144,
      0.0019434522293949187,
      -2.1721505240941985
    ]
  },
  {
    "label_id": "Pv3Lf9faouPCSxaqDpc1og",
    "size": [
      1.9832784803348957,
      4.594323009820505,
      1.5600000000000023
    ],
    "obj_class": "vehicle",
    "point_num_in_lidar": 47,
    "speed": 7.8969401269261e-12,
    "if_vehicle": true,
    "motion_state": false,
    "pose": [
      [
        0.6939726065644898,
        -0.7198899796296592,
        -0.01266643465607741,
        73.86773294373415
      ],
      [
        0.719988977340689,
        0.6939565922163922,
        0.006334084568503778,
        59.09813575206499
      ],
      [
        0.004230111818470364,
        -0.013515374512786315,
        0.9998997153743882,
        1.990276758836842
      ],
      [
        0.0,
        0.0,
        0.0,
        1.0
      ]
    ],
    "location": [
      73.86773294373415,
      59.09813575206499,
      1.990276758836842
    ],
    "rotation": [
      -0.01351590694539449,
      -0.004230124434066853,
      0.8037957180073201
    ]
  },
  {
    "label_id": "Q-ps1GWMC5qpDsjn1OHjLw",
    "size": [
      2.2055060766008228,
      4.57734672187009,
      1.7699999999999818
    ],
    "obj_class": "vehicle",
    "point_num_in_lidar": 615,
    "speed": 2.2737367544323206e-12,
    "if_vehicle": true,
    "motion_state": false,
    "pose": [
      [
        -0.6941388235630649,
        -0.7197297097213562,
        -0.01266643465607741,
        46.6426900957631
      ],
      [
        0.7197173113668344,
        -0.6942383388228962,
        0.006334084568503778,
        20.18396664784086
      ],
      [
        -0.01335235340228369,
        -0.00471951828454555,
        0.9998997153743882,
        1.1456616350436093
      ],
      [
        0.0,
        0.0,
        0.0,
        1.0
      ]
    ],
    "location": [
      46.6426900957631,
      20.18396664784086,
      1.1456616350436093
    ],
    "rotation": [
      -0.00471995657644449,
      0.013352750188932165,
      2.3381051689736445
    ]
  },
  {
    "label_id": "QzJBj9-xw7Q7xr5j6JQSeA",
    "size": [
      2.304446840817633,
      4.974115535925105,
      1.7900000000000205
    ],
    "obj_class": "vehicle",
    "point_num_in_lidar": 21,
    "speed": 1.3123322310792895e-11,
    "if_vehicle": true,
    "motion_state": false,
    "pose": [
      [
        0.7191539334446867,
        -0.694735331938817,
        -0.01266643465607741,
        67.87888242795452
      ],
      [
        0.6948348368846382,
        0.7191414525836884,
        0.006334084568503778,
        76.9159018076316
      ],
      [
        0.004708445872399868,
        -0.01335626189037626,
        0.9998997153743882,
        2.3746475119722277
      ],
      [
        0.0,
        0.0,
        0.0,
        1.0
      ]
    ],
    "location": [
      67.87888242795452,
      76.9159018076316,
      2.3746475119722277
    ],
    "rotation": [
      -0.013356807091829383,
      -0.004708463269859156,
      0.7682009270357031
    ]
  },
  {
    "label_id": "RsYyboMUkbV1H__LSuMteQ",
    "size": [
      0.8086566255819216,
      0.8286798791523324,
      1.759999999999991
    ],
    "obj_class": "pedestrian",
    "point_num_in_lidar": 43,
    "speed": 0.26971116037144655,
    "if_vehicle": false,
    "motion_state": false,
    "pose": [
      [
        0.3117957147746558,
        0.9500647313111169,
        -0.01266643465607741,
        57.07278870578739
      ],
      [
        -0.9500968711518021,
        0.3118907097049146,
        0.006334084568503778,
        29.718210030376213
      ],
      [
        0.009968333647992345,
        0.010059399509908145,
        0.9998997153743882,
        1.1017145492940017
      ],
      [
        0.0,
        0.0,
        0.0,
        1.0
      ]
    ],
    "location": [
      57.07278870578739,
      29.718210030376213,
      1.1017145492940017
    ],
    "rotation": [
      0.010060069024069404,
      -0.009968498743732344,
      -1.2536976443571646
    ]
  },
  {
    "label_id": "S2eYOtqKBZvlG_UM7dMlow",
    "size": [
      1.01535608605978,
      0.13516787914706185,
      1.1499999999999773
    ],
    "obj_class": "sign",
    "point_num_in_lidar": 34,
    "speed": 0.01035590298840491,
    "if_vehicle": false,
    "motion_state": false,
    "pose": [
      [
        -0.4939986948955806,
        0.8693703761197332,
        -0.01266643465607741,
        74.85513336271106
      ],
      [
        -0.8694623205735574,
        -0.4939586546215419,
        0.006334084568503778,
        57.56790001079935
      ],
      [
        -0.000750029537873342,
        0.0141420171796655,
        0.9998997153743882,
        4.186432632750382
      ],
      [
        0.0,
        0.0,
        0.0,
        1.0
      ]
    ],
    "location": [
      74.85513336271106,
      57.56790001079935,
      4.186432632750382
    ],
    "rotation": [
      0.014142492592926803,
      0.0007500296081941676,
      -2.087479304248837
    ]
  },
  {
    "label_id": "TAl_BqipReAf5gsI2aV_RA",
    "size": [
      2.3233709112566734,
      5.119892405167558,
      1.8999999999999773
    ],
    "obj_class": "vehicle",
    "point_num_in_lidar": 9691,
    "speed": 9.183030934616992,
    "if_vehicle": true,
    "motion_state": true,
    "pose": [
      [
        0.7159136957234834,
        -0.698073879835542,
        -0.01266643465607741,
        27.00338967251082
      ],
      [
        0.6981733256335461,
        0.7159007520225646,
        0.006334084568503778,
        22.24579505296424
      ],
      [
        0.004646251105788624,
        -0.013378024700216193,
        0.9998997153743882,
        1.231498795152163
      ],
      [
        0.0,
        0.0,
        0.0,
        1.0
      ]
    ],
    "location": [
      27.00338967251082,
      22.24579505296424,
      1.231498795152163
    ],
    "rotation": [
      -0.013378568195297317,
      -0.004646267822890957,
      0.7728533629717023
    ]
  },
  {
    "label_id": "U0FXvRewXXTDX6H5KkWN8w",
    "size": [
      0.4643839976031366,
      0.07521161574320767,
      0.5
    ],
    "obj_class": "sign",
    "point_num_in_lidar": 32,
    "speed": 0.01166475885523039,
    "if_vehicle": false,
    "motion_state": false,
    "pose": [
      [
        -0.6861111744520504,
        0.7273864294342666,
        -0.01266643465607741,
        32.79880066716578
      ],
      [
        -0.7274852473326414,
        -0.686094085593255,
        0.006334084568503778,
        15.741411520677502
      ],
      [
        -0.004083038745069495,
        0.013560530550973952,
        0.9998997153743882,
        2.717861941258775
      ],
      [
        0.0,
        0.0,
        0.0,
        1.0
      ]
    ],
    "location": [
      32.79880066716578,
