[
  {
    "label_id": "2DMf5SM1QFoIz358FjVTgA",
    "size": [
      2.0394920897565583,
      4.6432134001663945,
      1.7699999999999818
    ],
    "obj_class": "vehicle",
    "point_num_in_lidar": 3059,
    "speed": 0.0489193910957576,
    "if_vehicle": true,
    "motion_state": false,
    "pose": [
      [
        0.6975356061193185,
        -0.7159706844206716,
        -0.02881071408261382,
        15.392097763611673
      ],
      [
        0.7165185220671171,
        0.6973184152571001,
        0.018661063155153743,
        0.9163489311831654
      ],
      [
        0.006729467327300885,
        -0.03366016627293378,
        0.9994106800890058,
        0.7491418054386827
      ],
      [
        0.0,
        0.0,
        0.0,
        1.0
      ]
    ],
    "location": [
      15.392097763611673,
      0.9163489311831654,
      0.7491418054386827
    ],
    "rotation": [
      -0.033667288336014595,
      -0.006729518119809947,
      0.79882181907643
    ]
  },
  {
    "label_id": "2mgIVDg2Dam4gckam7FU0w",
    "size": [
      0.8531989066213158,
      0.9873727070641302,
      2.03407124607196
    ],
    "obj_class": "pedestrian",
    "point_num_in_lidar": 51,
    "speed": 1.406349391967011,
    "if_vehicle": false,
    "motion_state": true,
    "pose": [
      [
        -0.7383747920944722,
        0.6737748950157574,
        -0.02881071408261382,
        43.4362219120012
      ],
      [
        -0.674334541082917,
        -0.7381901458461844,
        0.018661063155153743,
        24.696716837126587
      ],
      [
        -0.008694429362331281,
        0.03320691828661899,
        0.9994106800890058,
        1.0689004397477788
      ],
      [
        0.0,
        0.0,
        0.0,
        1.0
      ]
    ],
    "location": [
      43.4362219120012,
      24.696716837126587,
      1.0689004397477788
    ],
    "rotation": [
      0.033214280062661965,
      0.008694538905871832,
      -2.4014949898033815
    ]
  },
  {
    "label_id": "3JZ-dCSx2Rm0NEooV33HhA",
    "size": [
      0.8770365946334877,
      0.08206485123166174,
      0.8600000000000136
    ],
    "obj_class": "sign",
    "point_num_in_lidar": 91,
    "speed": 0.011602404570381265,
    "if_vehicle": false,
    "motion_state": false,
    "pose": [
      [
        -0.6858813826462166,
        0.7271428138222671,
        -0.02881071408261382,
        32.810663602842396
      ],
      [
        -0.7276870722865763,
        -0.6856553722891044,
        0.018661063155153743,
        15.707981993116846
      ],
      [
        -0.006184962918675996,
        0.033764459979768104,
        0.9994106800890058,
        3.4866370591448685
      ],
      [
        0.0,
        0.0,
        0.0,
        1.0
      ]
    ],
    "location": [
      32.810663602842396,
      15.707981993116846,
      3.4866370591448685
    ],
    "rotation": [
      0.033771524934616784,
      0.006185002352375836,
      -2.3266285308221017
    ]
  },
  {
    "label_id": "3UEJmY_UqHvR2yyZSFepYw",
    "size": [
      0.9440813700300088,
      0.9389889363884447,
      1.8700000000000045
    ],
    "obj_class": "pedestrian",
    "point_num_in_lidar": 21,
    "speed": 1.4147729858317204,
    "if_vehicle": false,
    "motion_state": true,
    "pose": [
      [
        -0.69987810444665,
        -0.7136810083435132,
        -0.02881071408261382,
        14.13820093285176
      ],
      [
        0.7134763666904043,
        -0.7004307523918256,
        0.018661063155153743,
        75.0445081748694
      ],
      [
        -0.03349795651116307,
        -0.007495294097431149,
        0.9994106800890058,
        1.4222608580649876
      ],
      [
        0.0,
        0.0,
        0.0,
        1.0
      ]
    ],
    "location": [
      14.13820093285176,
      75.0445081748694,
      1.4222608580649876
    ],
    "rotation": [
      -0.007499573223958368,
      0.03350422442591891,
      2.3465735189829675
    ]
  },
  {
    "label_id": "4sRZr1ONdtX-QRcs4A0-vw",
    "size": [
      2.119068701192321,
      4.376564357957686,
      1.5199999999999818
    ],
    "obj_class": "vehicle",
    "point_num_in_lidar": 111,
    "speed": 6.915300366811402e-12,
    "if_vehicle": true,
    "motion_state": false,
    "pose": [
      [
        -0.6970566107070776,
        -0.7164370343746975,
        -0.02881071408261382,
        46.46961137256585
      ],
      [
        0.7162345749551463,
        -0.697610061825903,
        0.018661063155153743,
        16.156183303552098
      ],
      [
        -0.03346812077757792,
        -0.007627412119992965,
        0.9994106800890058,
        0.9551987492517355
      ],
      [
        0.0,
        0.0,
        0.0,
        1.0
      ]
    ],
    "location": [
      46.46961137256585,
      16.156183303552098,
      0.9551987492517355
    ],
    "rotation": [
      -0.007631761585359238,
      0.033474371953629366,
      2.342625604001987
    ]
  },
  {
    "label_id": "7icJBEuPRDJAEFyjeeK9Tw",
    "size": [
      2.029989842850267,
      4.529825083229547,
      1.5699999999999932
    ],
    "obj_class": "vehicle",
    "point_num_in_lidar": 267,
    "speed": 8.790106714929564,
    "if_vehicle": true,
    "motion_state": true,
    "pose": [
      [
        0.7766615107531005,
        -0.6292589613734249,
        -0.02881071408261382,
        26.591685959694587
      ],
      [
        0.6298284834070709,
        0.7765100425693594,
        0.018661063155153743,
        27.232654424515204
      ],
      [
        0.010629167599608169,
        -0.03263913785886813,
        0.9994106800890058,
        0.9786828118345738
      ],
      [
        0.0,
        0.0,
        0.0,
        1.0
      ]
    ],
    "location": [
      26.591685959694587,
      27.232654424515204,
      0.9786828118345738
    ],
    "rotation": [
      -0.03264678070133336,
      -0.010629367755599913,
      0.6813781844959689
    ]
  },
  {
    "label_id": "C6e5B3f0p8EXgkDqcFxO5w",
    "size": [
      2.182234777079548,
      4.834819894509566,
      1.9800000000000182
    ],
    "obj_class": "vehicle",
    "point_num_in_lidar": 127,
    "speed": 0.0014919601116623233,
    "if_vehicle": true,
    "motion_state": false,
    "pose": [
      [
        -0.6849931812805915,
        -0.727979590615798,
        -0.02881071408261382,
        48.57563938904423
      ],
      [
        0.7277864033816851,
        -0.6855499367476234,
        0.018661063155153743,
        22.82681043449702
      ],
      [
        -0.03333605633313414,
        -0.008185344964316783,
        0.9994106800890058,
        1.221793075418077
      ],
      [
        0.0,
        0.0,
        0.0,
        1.0
      ]
    ],
    "location": [
      48.57563938904423,
      22.82681043449702,
      1.221793075418077
    ],
    "rotation": [
      -0.008189988473619392,
      0.03334223377526617,
      2.325913657768215
    ]
  },
  {
    "label_id": "CZUwabcB3mvH43N9J3yGWQ",
    "size": [
      2.372938899732657,
      4.773708939237198,
      1.6999999999999886
    ],
    "obj_class": "vehicle",
    "point_num_in_lidar": 43,
    "speed": 7.385201526244191,
    "if_vehicle": true,
    "motion_state": true,
    "pose": [
      [
        0.712926907315951,
        -0.7006462499571116,
        -0.02881071408261382,
        56.8303637048557
      ],
      [
        0.7011986772066134,
        0.7127216706440284,
        0.018661063155153743,
        47.81667297492095
      ],
      [
        0.007459216353536662,
        -0.03350600864653816,
        0.9994106800890058,
        1.4252782306583072
      ],
      [
        0.0,
        0.0,
        0.0,
        1.0
      ]
    ],
    "location": [
      56.8303637048557,
      47.81667297492095,
      1.4252782306583072
    ],
    "rotation": [
      -0.033513213782129604,
      -0.007459285526954672,
      0.7771047265606043
    ]
  },
  {
    "label_id": "DFgfZtoGdZJLVBYdx3oKGQ",
    "size": [
      1.3785004105489063,
      0.15689031437909554,
      0.4700000000000273
    ],
    "obj_class": "sign",
    "point_num_in_lidar": 32,
    "speed": 0.005434922587374641,
    "if_vehicle": false,
    "motion_state": false,
    "pose": [
      [
        -0.6813589419405587,
        0.7313822085556172,
        -0.02881071408261382,
        52.44087639553982
      ],
      [
        -0.7319250549899643,
        -0.6811295608031243,
        0.018661063155153743,
        35.26096014801442
      ],
      [
        -0.005975459445102938,
        0.03380216573609876,
        0.9994106800890058,
        4.6161892819789045
      ],
      [
        0.0,
        0.0,
        0.0,
        1.0
      ]
    ],
    "location": [
      52.44087639553982,
      35.26096014801442,
      4.6161892819789045
    ],
    "rotation": [
      0.03380920986378988,
      0.005975495005748586,
      -2.3204305868692896
    ]
  },
  {
    "label_id": "FUBBAMWnwtT4q8zdcG-J8Q",
    "size": [
      0.6207832016894306,
      0.8538091971167887,
      1.9024940406123392
    ],
    "obj_class": "pedestrian",
    "point_num_in_lidar": 23,
    "speed": 1.3650270939810993,
    "if_vehicle": false,
    "motion_state": true,
    "pose": [
      [
        -0.6990922348368591,
        -0.7144508310197809,
        -0.02881071408261382,
        13.494731277107348
      ],
      [
        0.714246797710493,
        -0.6996451076668979,
        0.018661063155153743,
        76.189583282081
      ],
      [
        -0.033489687235202764,
        -0.007532155927691325,
        0.9994106800890058,
        1.5152343726139748
      ],
      [
        0.0,
        0.0,
        0.0,
        1.0
      ]
    ],
    "location": [
      13.494731277107348,
      76.189583282081,
      1.5152343726139748
    ],
    "rotation": [
      -0.007536454705794882,
      0.033495950507666135,
      2.3454723762631815
    ]
  },
  {
    "label_id": "Fe-uZ9qlinJ4Guviu-__IQ",
    "size": [
      0.695076120262221,
      1.001424989274805,
      1.910000000000025
    ],
    "obj_class": "pedestrian",
    "point_num_in_lidar": 162,
    "speed": 1.1356705249190415,
    "if_vehicle": false,
    "motion_state": true,
    "pose": [
      [
        0.9792561101729526,
        -0.20056772782027574,
        -0.02881071408261382,
        16.789651153125305
      ],
      [
        0.20114297528896716,
        0.9793841269970742,
        0.018661063155153743,
        30.24467517957237
      ],
      [
        0.024473949024223195,
        -0.02406903286778435,
        0.9994106800890058,
        1.1210129839880665
      ],
      [
        0.0,
        0.0,
        0.0,
        1.0
      ]
    ],
    "location": [
      16.789651153125305,
      30.24467517957237,
      1.1210129839880665
    ],
    "rotation": [
      -0.0240785711074358,
      -0.024476392893591898,
      0.2025861288732871
    ]
  },
  {
    "label_id": "G6Mgy_kvMQsfCAyCXrx1BQ",
    "size": [
      0.8620947521861554,
      1.1094360817910744,
      2.019999999999982
    ],
    "obj_class": "pedestrian",
    "point_num_in_lidar": 55,
    "speed": 1.7603331721766224,
    "if_vehicle": false,
    "motion_state": true,
    "pose": [
      [
        0.424778959347891,
        -0.904838537226047,
        -0.02881071408261382,
        43.23243338127213
      ],
      [
        0.9052851138741624,
        0.42439442423265167,
        0.018661063155153743,
        22.11983441015036
      ],
      [
        -0.004658142673569754,
        -0.03400873756644646,
        0.9994106800890058,
        1.155385766919494
      ],
      [
        0.0,
        0.0,
        0.0,
        1.0
      ]
    ],
    "location": [
      43.23243338127213,
      22.11983441015036,
      1.155385766919494
    ],
    "rotation": [
      -0.0340156658844595,
      0.004658159519358465,
      1.1320735281636742
    ]
  },
  {
    "label_id": "GiPscZnqoFfFvj5jXUIwjA",
    "size": [
      2.066395381485695,
      4.663853484354714,
      1.829999999999984
    ],
    "obj_class": "vehicle",
    "point_num_in_lidar": 92,
    "speed": 1.1368683772161603e-12,
    "if_vehicle": true,
    "motion_state": false,
    "pose": [
      [
        -0.7339786072059633,
        -0.6785612329908363,
        -0.02881071408261382,
        43.2327070589854
      ],
      [
        0.6783297806972085,
        -0.7345205738038902,
        0.018661063155153743,
        13.903139488335
      ],
      [
        -0.033824736263142315,
        -0.005846344221787144,
        0.9994106800890058,
        0.834780072654496
      ],
      [
        0.0,
        0.0,
        0.0,
        1.0
      ]
    ],
    "location": [
      43.2327070589854,
      13.903139488335,
      0.834780072654496
    ],
    "rotation": [
      -0.005849724895090268,
      0.03383118947165888,
      2.395576861706347
    ]
  },
  {
    "label_id": "H0ATfIvGdadeca8zxrorMw",
    "size": [
      0.9069711678900346,
      0.6684251695846886,
      1.920000000000016
    ],
    "obj_class": "pedestrian",
    "point_num_in_lidar": 26,
    "speed": 2.049518613753201e-12,
    "if_vehicle": false,
    "motion_state": false,
    "pose": [
      [
        0.33873567877584304,
        0.9404403663594617,
        -0.02881071408261382,
        41.43300951024867
      ],
      [
        -0.9404846848929863,
        0.33932332988413805,
        0.018661063155153743,
        43.75077241323015
      ],
      [
        0.027325764509142193,
        0.020774867460989103,
        0.9994106800890058,
        1.2060720619202812
      ],
      [
        0.0,
        0.0,
        0.0,
        1.0
      ]
    ],
    "location": [
      41.43300951024867,
      43.75077241323015,
      1.2060720619202812
    ],
    "rotation": [
      0.020784124431969447,
      -0.02732916633190507,
      -1.225089025832027
    ]
  },
  {
    "label_id": "H1KwN3bm7xetzBAXKSAkJQ",
    "size": [
      0.8718508778580819,
      0.8439339778954031,
      1.7800000000000296
    ],
    "obj_class": "pedestrian",
    "point_num_in_lidar": 35,
    "speed": 0.021306450270173156,
    "if_vehicle": false,
    "motion_state": false,
    "pose": [
      [
        0.7524390652742927,
        0.6580314550256686,
        -0.02881071408261382,
        19.860508217119786
      ],
      [
        -0.6577851230430113,
        0.7529744329160252,
        0.018661063155153743,
        64.78634308111214
      ],
      [
        0.033973297638573596,
        0.004909946190300724,
        0.9994106800890058,
        1.2476233726085866
      ],
      [
        0.0,
        0.0,
        0.0,
        1.0
      ]
    ],
    "location": [
      19.860508217119786,
      64.78634308111214,
      1.2476233726085866
    ],
    "rotation": [
      0.004912801900680066,
      -0.03397983628002378,
      -0.718378901309397
    ]
  },
  {
    "label_id": "IdtzlKr8w-UleoH07PuGAA",
    "size": [
      0.8235683293084272,
      0.939835135752179,
      1.759999999999991
    ],
    "obj_class": "pedestrian",
    "point_num_in_lidar": 23,
    "speed": 2.069852026830458,
    "if_vehicle": false,
    "motion_state": true,
    "pose": [
      [
        0.5107968565730261,
        0.8592185484899433,
        -0.02881071408261382,
        14.469920790052129
      ],
      [
        -0.8591507140831234,
        0.5113822593837005,
        0.018661063155153743,
        70.88885300629772
      ],
      [
        0.030767219659475216,
        0.015220733177359114,
        0.9994106800890058,
        1.1256466397177292
      ],
      [
        0.0,
        0.0,
        0.0,
        1.0
      ]
    ],
    "location": [
      14.469920790052129,
      70.88885300629772,
      1.1256466397177292
    ],
    "rotation": [
      0.0152285310316582,
      -0.030772075881916914,
      -1.0344034483762008
    ]
  },
  {
    "label_id": "IfoFHlW_Bb0HdgctcvNTaQ",
    "size": [
      2.049992258812036,
      4.650134719515815,
      1.6999999999999886
    ],
    "obj_class": "vehicle",
    "point_num_in_lidar": 1847,
    "speed": 0.009615283504355907,
    "if_vehicle": true,
    "motion_state": false,
    "pose": [
      [
        0.7248060370884639,
        -0.6883503115087304,
        -0.02881071408261382,
        20.24924164334152
      ],
      [
        0.6889061681915715,
        0.7246102788047694,
        0.018661063155153743,
        6.008861838025041
      ],
      [
        0.008031190928033125,
        -0.03337352987486097,
        0.9994106800890058,
        0.7992740940516114
      ],
      [
        0.0,
        0.0,
        0.0,
        1.0
      ]
    ],
    "location": [
      20.24924164334152,
      6.008861838025041,
      0.7992740940516114
    ],
    "rotation": [
      -0.03338080512865857,
      -0.008031277265878689,
      0.760009576539794
    ]
  },
  {
    "label_id": "JIwIafnXjVCNvgOcHBrynQ",
    "size": [
      0.8078365520521463,
      0.9177911650848429,
      2.0151233647333697
    ],
    "obj_class": "pedestrian",
    "point_num_in_lidar": 30,
    "speed": 1.52093494180317,
    "if_vehicle": false,
    "motion_state": true,
    "pose": [
      [
        0.6969329910008294,
        -0.716557289271896,
        -0.02881071408261382,
        45.04912145158596
      ],
      [
        0.7171049439950717,
        0.6967153393027486,
        0.018661063155153743,
        25.181072811348713
      ],
      [
        0.006701145608234144,
        -0.033665816068647485,
        0.9994106800890058,
        1.0857930669694724
      ],
      [
        0.0,
        0.0,
        0.0,
        1.0
      ]
    ],
    "location": [
      45.04912145158596,
      25.181072811348713,
      1.0857930669694724
    ],
    "rotation": [
      -0.03367293505683316,
      -0.0067011957621318724,
      0.7996626921641777
    ]
  },
  {
    "label_id": "Jo4JefMWZmJ4Dm31X7-u1g",
    "size": [
      0.7198336385576202,
      0.9607013585296706,
      1.759999999999991
    ],
    "obj_class": "pedestrian",
    "point_num_in_lidar": 28,
    "speed": 1.1414043650289403,
    "if_vehicle": false,
    "motion_state": true,
    "pose": [
      [
        0.6955918002762708,
        0.7178593108280107,
        -0.02881071408261382,
        33.779750698653515
      ],
      [
        -0.7176579822807546,
        0.6961456637734917,
        0.018661063155153743,
        51.210718941219966
      ],
      [
        0.03345247161470613,
        0.00769575642143378,
        0.9994106800890058,
        1.0853366873511732
      ],
      [
        0.0,
        0.0,
        0.0,
        1.0
      ]
    ],
    "location": [
      33.779750698653515,
      51.210718941219966,
      1.0853366873511732
    ],
    "rotation": [
      0.007700142168514136,
      -0.0334587140230603,
      -0.8010106824049691
    ]
  },
  {
    "label_id": "KIMtmvNTn718XRJNcfn2RA",
    "size": [
      0.6456584758650457,
      0.8107772221525958,
      1.6499999999999773
    ],
    "obj_class": "pedestrian",
    "point_num_in_lidar": 25,
    "speed": 1.1530513742204356,
    "if_vehicle": false,
    "motion_state": true,
    "pose": [
      [
        0.7063565245294163,
        0.7072696819522055,
        -0.02881071408261382,
        30.958186012969236
      ],
      [
        -0.7070600096293114,
        0.7069072835279867,
        0.018661063155153743,
        55.007770364121825
      ],
      [
        0.033564907831277656,
        0.007189540062381921,
        0.9994106800890058,
        1.0853032318932492
      ],
      [
        0.0,
        0.0,
        0.0,
        1.0
      ]
    ],
    "location": [
      30.958186012969236,
      55.007770364121825,
      1.0853032318932492
    ],
    "rotation": [
      0.0071936554099217105,
      -0.033571213416406065,
      -0.7858958829477743
    ]
  },
  {
    "label_id": "M-7QVYfBS2-rLGLGuEcgbA",
    "size": [
      1.0181955835359824,
      0.1004674997203901,
      0.5400000000000205
    ],
    "obj_class": "sign",
    "point_num_in_lidar": 32,
    "speed": 0.00022340884245444694,
    "if_vehicle": false,
    "motion_state": false,
    "pose": [
      [
        -0.718214778363,
        0.6952247657376978,
        -0.02881071408261382,
        34.79106945946842
      ],
      [
        -0.6957787320744167,
        -0.7180137329569932,
        0.018661063155153743,
        48.940917103682295
      ],
      [
        -0.0077128551071560195,
        0.03344853345255627,
        0.9994106800890058,
        1.2926913288786182
      ],
      [
        0.0,
        0.0,
        0.0,
        1.0
      ]
    ],
    "location": [
      34.79106945946842,
      48.940917103682295,
      1.2926913288786182
    ],
    "rotation": [
      0.03345576915264834,
      0.007712931579762749,
      -2.372060308193819
    ]
  },
  {
    "label_id": "MDFcC1ERI2HCAT9f-NMOkQ",
    "size": [
      0.898149660212188,
      0.1072508584288479,
      0.5099999999999909
    ],
    "obj_class": "sign",
    "point_num_in_lidar": 57,
    "speed": 0.00364644684561883,
    "if_vehicle": false,
    "motion_state": false,
    "pose": [
      [
        0.6848954967409251,
        -0.7280714946336324,
        -0.02881071408261382,
        19.62908222904298
      ],
      [
        0.7286154463612025,
        0.6846687491377016,
        0.018661063155153743,
        35.146847344061825
      ],
      [
        0.006139207429881776,
        -0.03377280942065145,
        0.9994106800890058,
        1.1901903590233474
      ],
      [
        0.0,
        0.0,
        0.0,
        1.0
      ]
    ],
    "location": [
      19.62908222904298,
      35.146847344061825,
      1.1901903590233474
    ],
    "rotation": [
      -0.03377986977187711,
      -0.0061392459948553324,
      0.8163183455258449
    ]
  },
  {
    "label_id": "NJ0RxWHefGuMqGcHY7VjbQ",
    "size": [
      0.55378219801668,
      0.08772183907204364,
      0.5199999999999818
    ],
    "obj_class": "sign",
    "point_num_in_lidar": 84,
    "speed": 0.03918126758005941,
    "if_vehicle": false,
    "motion_state": false,
    "pose": [
      [
        -0.815888244178309,
        0.5774913988672782,
        -0.02881071408261382,
        -1.393588621114759
      ],
      [
        -0.578069555487368,
        -0.8157740825379022,
        0.018661063155153743,
        10.880284908722388
      ],
      [
        -0.012726430382185749,
        0.03187993873516915,
        0.9994106800890058,
        2.405291344332852
      ],
      [
        0.0,
        0.0,
        0.0,
        1.0
      ]
    ],
    "location": [
      -1.393588621114759,
      10.880284908722388,
      2.405291344332852
    ],
    "rotation": [
      0.031887924595326814,
      0.012726773940309659,
      -2.5251743505813575
    ]
  },
  {
    "label_id": "NR-ydNfoP_gKd7nePeHUGg",
    "size": [
      0.8420630655549113,
      1.0804344746293282,
      1.9700000000000273
    ],
    "obj_class": "pedestrian",
    "point_num_in_lidar": 45,
    "speed": 1.65915594431473,
    "if_vehicle": false,
    "motion_state": true,
    "pose": [
      [
        0.7231670930875901,
        -0.6900719514871582,
        -0.02881071408261382,
        48.89286853618614
      ],
      [
        0.6906273410858284,
        0.7229700135321231,
        0.018661063155153743,
        30.356376251380425
      ],
      [
        0.007951806081875392,
        -0.033392533657496073,
        0.9994106800890058,
        1.1270568332246853
      ],
      [
        0.0,
        0.0,
        0.0,
        1.0
      ]
    ],
    "location": [
      48.89286853618614,
      30.356376251380425,
      1.1270568332246853
    ],
    "rotation": [
      -0.033399798925037985,
      -0.007951889884659854,
      0.7623863257060564
    ]
  },
  {
    "label_id": "OaQW5LGNnGDxoNUGOPRPiA",
    "size": [
      0.9880183285474192,
      1.0982428043988728,
      2.019999999999982
    ],
    "obj_class": "pedestrian",
    "point_num_in_lidar": 20,
    "speed": 1.8174217539929443,
    "if_vehicle": false,
    "motion_state": true,
    "pose": [
      [
        -0.6238229035153984,
        0.781034524079229,
        -0.02881071408261382,
        45.081864286228665
      ],
      [
        -0.7815583743191993,
        -0.6235529426227172,
        0.018661063155153743,
        23.03835936804535
      ],
      [
        -0.0033900709650776647,
        0.03415845346151515,
        0.9994106800890058,
        1.2763794127748156
      ],
      [
        0.0,
        0.0,
        0.0,
        1.0
      ]
    ],
    "location": [
      45.081864286228665,
      23.03835936804535,
      1.2763794127748156
    ],
    "rotation": [
      0.03416529603270824,
      0.0033900774585555247,
      -2.2444254645601016
    ]
  },
  {
    "label_id": "P-uHjAYe5u4Kr3C_Q5lLAw",
    "size": [
      0.5106701405808228,
      0.087061792529594,
      0.4800000000000182
    ],
    "obj_class": "sign",
    "point_num_in_lidar": 50,
    "speed": 0.00133828590523536,
    "if_vehicle": false,
    "motion_state": false,
    "pose": [
      [
        -0.7282078381297058,
        0.6847505292006061,
        -0.02881071408261382,
        28.205114482443605
      ],
      [
        -0.685307349020303,
        -0.728014836456431,
        0.018661063155153743,
        10.82133899055043
      ],
      [
        -0.008196454430109634,
        0.0333333265487544,
        0.9994106800890058,
        2.7644105868238853
      ],
      [
        0.0,
        0.0,
        0.0,
        1.0
      ]
    ],
    "location": [
      28.205114482443605,
      10.82133899055043,
      2.7644105868238853
    ],
    "rotation": [
      0.033340622849522425,
      0.00819654620840043,
      -2.386535390938601
    ]
  },
  {
    "label_id": "PES5FWXW1H2xBozxmQ1gTA",
    "size": [
      0.8442639439972004,
      0.09986239830018995,
      0.8299999999999841
    ],
    "obj_class": "sign",
    "point_num_in_lidar": 25,
    "speed": 0.01358907884135833,
    "if_vehicle": false,
    "motion_state": false,
    "pose": [
      [
        -0.5655690707667825,
        0.8241975302960134,
        -0.02881071408261382,
        40.55191802897389
      ],
      [
        -0.8247004345902704,
        -0.565261848976683,
        0.018661063155153743,
        43.63846172084595
      ],
      [
        -0.000905195347501202,
        0.034314328572968185,
        0.9994106800890058,
        1.1876913288783157
      ],
      [
        0.0,
        0.0,
        0.0,
        1.0
      ]
    ],
    "location": [
      40.55191802897389,
      43.63846172084595,
      1.1876913288783157
    ],
    "rotation": [
      0.034321080243491266,
      0.0009051954711175329,
      -2.1719197310896265
    ]
  },
  {
    "label_id": "Q-ps1GWMC5qpDsjn1OHjLw",
    "size": [
      2.2055060766008268,
      4.57734672187009,
      1.7699999999999818
    ],
    "obj_class": "vehicle",
    "point_num_in_lidar": 251,
    "speed": 2.2737367544323206e-12,
    "if_vehicle": true,
    "motion_state": false,
    "pose": [
      [
        -0.6939063431783677,
        -0.7194886584588218,
        -0.02881071408261382,
        46.6426900957631
      ],
      [
        0.719288629401742,
        -0.6944606773139015,
        0.018661063155153743,
        20.18396664784086
      ],
      [
        -0.033434331310626064,
        -0.007774188950755452,
        0.9994106800890058,
        1.1563759569131662
      ],
      [
        0.0,
        0.0,
        0.0,
        1.0
      ]
    ],
    "location": [
      46.6426900957631,
      20.18396664784086,
      1.1563759569131662
    ],
    "rotation": [
      -0.007778616246274976,
      0.03344056356585003,
      2.338235498088296
    ]
  },
  {
    "label_id": "Z5QKATZnhdyAEhR8O_ebsQ",
    "size": [
      2.236721292001167,
      5.270744933136602,
      1.9800000000000182
    ],
    "obj_class": "vehicle",
    "point_num_in_lidar": 1975,
    "speed": 9.808199144751313,
    "if_vehicle": true,
    "motion_state": true,
    "pose": [
      [
        0.7025933228561724,
        -0.7110081331686523,
        -0.02881071408261382,
        14.431565879654954
      ],
      [
        0.7115574966337699,
        0.7023800208620699,
        0.018661063155153743,
        19.104632182476053
      ],
      [
        0.006967902281509242,
        -0.033611617959064345,
        0.9994106800890058,
        1.0854456549383258
      ],
      [
        0.0,
        0.0,
        0.0,
        1.0
      ]
    ],
    "location": [
      14.431565879654954,
      19.104632182476053,
      1.0854456549383258
    ],
    "rotation": [
      -0.03361876635602602,
      -0.006967958666614142,
      0.7917369877940326
    ]
  },
  {
    "label_id": "_md0d61Qn6UYicamaGvcYg",
    "size": [
      2.166074573472386,
      4.745512814368736,
      1.8500000000000227
    ],
    "obj_class": "vehicle",
    "point_num_in_lidar": 2250,
    "speed": 1.1368683772161603e-12,
    "if_vehicle": true,
    "motion_state": false,
    "pose": [
      [
        0.7112012102721836,
        -0.7023978795963374,
        -0.02881071408261382,
        10.642055017564417
      ],
      [
        0.702949800306769,
        0.7109946152894498,
        0.018661063155153743,
        -3.900098317521042
      ],
      [
        0.007376771384189021,
        -0.0335242564119798,
        0.9994106800890058,
        0.813725419288005
      ],
      [
        0.0,
        0.0,
        0.0,
        1.0
      ]
    ],
    "location": [
      10.642055017564417,
      -3.900098317521042,
      0.813725419288005
    ],
    "rotation": [
      -0.03353145179740832,
      -0.00737683828915552,
      0.7795633435915089
    ]
  },
  {
    "label_id": "a28HPKsxCj4N-XjU-U_xLQ",
    "size": [
      0.896476828947943,
      0.9575506837562163,
      1.8100000000000023
    ],
    "obj_class": "pedestrian",
    "point_num_in_lidar": 96,
    "speed": 1.3254270147497194,
    "if_vehicle": false,
    "motion_state": true,
    "pose": [
      [
        0.9528998245969338,
        0.3019136748098413,
        -0.02881071408261382,
        8.32443983783378
      ],
      [
        -0.3014736757941358,
        0.9532918690123668,
        0.018661063155153743,
        31.55471595087147
      ],
      [
        0.033099049628426844,
        -0.009096451930598845,
        0.9994106800890058,
        1.1110129839881893
      ],
      [
        0.0,
        0.0,
        0.0,
        1.0
      ]
    ],
    "location": [
      8.32443983783378,
      31.55471595087147,
      1.1110129839881893
    ],
    "rotation": [
      -0.009101564483644627,
      -0.03310509620440365,
      -0.3064112066527178
    ]
  },
  {
    "label_id": "a4ttg8B_GNGWf0EiCRKDEw",
    "size": [
      0.9440813700262999,
      0.9389889363884447,
      1.829999999999984
    ],
    "obj_class": "pedestrian",
    "point_num_in_lidar": 22,
    "speed": 1.4819001233846307,
    "if_vehicle": false,
    "motion_state": true,
    "pose": [
      [
        -0.7692152799531511,
        -0.6383398748634187,
        -0.02881071408261382,
        15.449433072353713
      ],
      [
        0.6380797714113051,
        -0.7697440938634189,
        0.018661063155153743,
        74.08463151104661
      ],
      [
        -0.03408897772435881,
        -0.004029158936915673,
        0.9994106800890058,
        1.402260858064892
      ],
      [
        0.0,
        0.0,
        0.0,
        1.0
      ]
    ],
    "location": [
      15.449433072353713,
      74.08463151104661,
      1.402260858064892
    ],
    "rotation": [
      -0.004031512958980187,
      0.03409558340972698,
      2.4491088533296517
    ]
  },
  {
    "label_id": "b9f92V65M77q1QxHy56XCg",
    "size": [
      1.0268381031931724,
      0.9638849705541811,
      1.910000000000025
    ],
    "obj_class": "pedestrian",
    "point_num_in_lidar": 55,
    "speed": 1.1995233086301291,
    "if_vehicle": false,
    "motion_state": true,
    "pose": [
      [
        0.962031847123625,
        0.2714123576294123,
        -0.02881071408261382,
        8.523382283678075
      ],
      [
        -0.2709600959017473,
        0.962409679476903,
        0.018661063155153743,
        32.11184225342731
      ],
      [
        0.0327925532525607,
        -0.010145983205620317,
        0.9994106800890058,
        1.0710129839879983
      ],
      [
        0.0,
        0.0,
        0.0,
        1.0
      ]
    ],
    "location": [
      8.523382283678075,
      32.11184225342731,
      1.0710129839879983
    ],
    "rotation": [
      -0.010151617220826198,
      -0.03279843335225544,
      -0.27454177604873814
    ]
  },
  {
    "label_id": "cbJ1mpyRwWHXJ5ilYEIySw",
    "size": [
      3.4696218890489163,
      13.928196120883477,
      3.6299999999999955
    ],
    "obj_class": "vehicle",
    "point_num_in_lidar": 442,
    "speed": 0.6786142553078945,
    "if_vehicle": true,
    "motion_state": false,
    "pose": [
      [
        -0.680414291565068,
        -0.732261110935202,
        -0.02881071408261382,
        65.54148639760751
      ],
      [
        0.732071419111922,
        -0.6809722476293553,
        0.018661063155153743,
        11.636575160955545
      ],
      [
        -0.03328406756186909,
        -0.008394246277522005,
        0.9994106800890058,
        1.9401712417438262
      ],
      [
        0.0,
        0.0,
        0.0,
        1.0
      ]
    ],
    "location": [
      65.54148639760751,
      11.636575160955545,
      1.9401712417438262
    ],
    "rotation": [
      -0.00839899858809299,
      0.033290216137634866,
      2.3196389942845417
    ]
  },
  {
    "label_id": "dJ2RJpHTxGXsjnciSMLDGQ",
    "size": [
      0.8416807542353767,
      0.9436154967890683,
      1.8600000000000136
    ],
    "obj_class": "pedestrian",
    "point_num_in_lidar": 21,
    "speed": 1.2697807960827172,
    "if_vehicle": false,
    "motion_state": true,
    "pose": [
      [
        0.7386562526478186,
        0.6734663192605342,
        -0.02881071408261382,
        29.43970080937288
      ],
      [
        -0.6732311224402454,
        0.7391966047674777,
        0.018661063155153743,
        56.25543166364514
      ],
      [
        0.03386437954738446,
        0.005612158399532943,
        0.9994106800890058,
        1.1210767766849017
      ],
      [
        0.0,
        0.0,
        0.0,
        1.0
      ]
    ],
    "location": [
      29.43970080937288,
      56.25543166364514,
      1.1210767766849017
    ],
    "rotation": [
      0.005615408682503666,
      -0.03387085548020897,
      -0.739092514046904
    ]
  },
  {
    "label_id": "dRP34dqP1_7E_c6OWgp4lg",
    "size": [
      0.8403363002511582,
      0.9589705575322871,
      1.9208906478081076
    ],
    "obj_class": "pedestrian",
    "point_num_in_lidar": 22,
    "speed": 1.4360864475738782,
    "if_vehicle": false,
    "motion_state": true,
    "pose": [
      [
        0.7806524313314239,
        -0.624300988474619,
        -0.02881071408261382,
        45.960557328413415
      ],
      [
        0.6248714634028125,
        0.7805045925212399,
        0.018661063155153743,
        25.208355515947915
      ],
      [
        0.010836774481546674,
        -0.03257079739378294,
        0.9994106800890058,
        1.2009514855269003
      ],
      [
        0.0,
        0.0,
        0.0,
        1.0
      ]
    ],
    "location": [
      45.960557328413415,
      25.208355515947915,
      1.2009514855269003
    ],
    "rotation": [
      -0.032578472640994754,
      -0.01083698659675513,
      0.6750138862223117
    ]
  },
  {
    "label_id": "fEXEJZ7FbCjlCrCL5pFRYQ",
    "size": [
      2.278149167868081,
      5.159896609175984,
      2.170000000000016
    ],
    "obj_class": "vehicle",
    "point_num_in_lidar": 260,
    "speed": 6.61158565332182,
    "if_vehicle": true,
    "motion_state": true,
    "pose": [
      [
        0.6939881198394572,
        -0.7194097804976972,
        -0.02881071408261382,
        46.192222924921225
      ],
      [
        0.7199565379009057,
        0.6937682237286894,
        0.018661063155153743,
        36.7855570174288
      ],
      [
        0.006563006585147306,
        -0.03369301809862203,
        0.9994106800890058,
        1.3284400126264018
      ],
      [
        0.0,
        0.0,
        0.0,
        1.0
      ]
    ],
    "location": [
      46.192222924921225,
      36.7855570174288,
      1.3284400126264018
    ],
    "rotation": [
      -0.03370012225205626,
      -0.0065630537008516295,
      0.8037620355109915
    ]
  },
  {
    "label_id": "fiKsFjEQXMLc5CuM7tg-6A",
    "size": [
      0.8382113887153434,
      1.0345653599949847,
      2.1299999999999955
    ],
    "obj_class": "pedestrian",
    "point_num_in_lidar": 43,
    "speed": 1.6316062251241186,
    "if_vehicle": false,
    "motion_state": true,
    "pose": [
      [
        0.7890286081711357,
        0.6136805343511965,
        -0.02881071408261382,
        35.69079480648725
      ],
      [
        -0.6134038282848923,
        0.7895489270256515,
        0.018661063155153743,
        47.75117652313929
      ],
      [
        0.03419939959938674,
        0.002948489625592155,
        0.9994106800890058,
        1.3366193609417678
      ],
      [
        0.0,
        0.0,
        0.0,
        1.0
      ]
    ],
    "location": [
      35.69079480648725,
      47.75117652313929,
      1.3366193609417678
    ],
    "rotation": [
      0.0029502196944439564,
      -0.0342060697074714,
      -0.6608180013548249
    ]
  },
  {
    "label_id": "gOOMxBRZuGmabeEAlVtkZQ",
    "size": [
      0.8396885838258534,
      1.0384126534772804,
      1.829999999999984
    ],
    "obj_class": "pedestrian",
    "point_num_in_lidar": 23,
    "speed": 1.4043423431791437,
    "if_vehicle": false,
    "motion_state": true,
    "pose": [
      [
        0.4880960550119245,
        0.8723142689626521,
        -0.02881071408261382,
        21.599123047897592
      ],
      [
        -0.8722618047689844,
        0.48868303496548077,
        0.018661063155153743,
        66.2163451756569
      ],
      [
        0.030357618861668257,
        0.01602209415402501,
        0.9994106800890058,
        1.3042772364437951
      ],
      [
        0.0,
        0.0,
        0.0,
        1.0
      ]
    ],
    "location": [
      21.599123047897592,
      66.2163451756569,
      1.3042772364437951
    ],
    "rotation": [
      0.01603016864862077,
      -0.030362283650956515,
      -1.0606314660080471
    ]
  },
  {
    "label_id": "hCeYPkT4Qqa-w-KM2vtCNA",
    "size": [
      0.6849875432207776,
      0.6777899754387988,
      1.6499999999999773
    ],
    "obj_class": "pedestrian",
    "point_num_in_lidar": 26,
    "speed": 1.2511768548475404,
    "if_vehicle": false,
    "motion_state": true,
    "pose": [
      [
        0.672183069598757,
        0.7398242113494546,
        -0.02881071408261382,
        34.35759144464828
      ],
      [
        -0.7396407708580598,
        0.6727431120468007,
        0.018661063155153743,
        54.17039989637851
      ],
      [
        0.033188115783932194,
        0.008765928059428137,
        0.9994106800890058,
        1.114925039309469
      ],
      [
        0.0,
        0.0,
        0.0,
        1.0
      ]
    ],
    "location": [
      34.35759144464828,
      54.17039989637851,
      1.114925039309469
    ],
    "rotation": [
      0.008770872125506325,
      -0.03319421131973455,
      -0.833142389466271
    ]
  },
  {
    "label_id": "hhZ0Rb6EwzVBTTH9qJMP3Q",
    "size": [
      0.7592812340879882,
      0.8286735827888135,
      1.8700000000000045
    ],
    "obj_class": "pedestrian",
    "point_num_in_lidar": 29,
    "speed": 1.1561065069752594,
    "if_vehicle": false,
    "motion_state": true,
    "pose": [
      [
        0.7296271933959773,
        0.6832379537256101,
        -0.02881071408261382,
        28.64010744222469
      ],
      [
        -0.6830099696599292,
        0.7301706280500893,
        0.018661063155153743,
        56.05528056091134
      ],
      [
        0.0337866838007453,
        0.0060623858157670555,
        0.9994106800890058,
        1.0740780898696585
      ],
      [
        0.0,
        0.0,
        0.0,
        1.0
      ]
    ],
    "location": [
      28.64010744222469,
      56.05528056091134,
      1.0740780898696585
    ],
