[
  {
    "label_id": "003ynNxk1Wh4n8dKBPJJXg",
    "size": [
      0.7788622106859249,
      0.8631666814550667,
      1.7699999999999818
    ],
    "obj_class": "pedestrian",
    "point_num_in_lidar": 43,
    "speed": 1.565063786779122,
    "if_vehicle": false,
    "motion_state": true,
    "pose": [
      [
        -0.6986202008177885,
        -0.7154704235072417,
        -0.00564695454922006,
        65.573540813195
      ],
      [
        0.7154627119088068,
        -0.6986414226447535,
        0.0036428605532700187,
        21.261952393288084
      ],
      [
        -0.006551555342703291,
        -0.0014952094445340575,
        0.9999774204807369,
        1.1193101244451213
      ],
      [
        0.0,
        0.0,
        0.0,
        1.0
      ]
    ],
    "location": [
      65.573540813195,
      21.261952393288084,
      1.1193101244451213
    ],
    "rotation": [
      -0.0014952420920772154,
      0.00655160221220973,
      2.3442844992195937
    ]
  },
  {
    "label_id": "2mgIVDg2Dam4gckam7FU0w",
    "size": [
      0.8531989066258929,
      0.9873727070641302,
      2.03407124607196
    ],
    "obj_class": "pedestrian",
    "point_num_in_lidar": 164,
    "speed": 1.4728286213617692,
    "if_vehicle": false,
    "motion_state": true,
    "pose": [
      [
        -0.604774631836123,
        0.7963766424197792,
        -0.00564695454922006,
        39.81291150735706
      ],
      [
        -0.7963964970457988,
        -0.6047638787660604,
        0.0036428605532700187,
        20.795691147912294
      ],
      [
        -0.0005139850801853373,
        0.006700324471909905,
        0.9999774204807369,
        1.0689004397475514
      ],
      [
        0.0,
        0.0,
        0.0,
        1.0
      ]
    ],
    "location": [
      39.81291150735706,
      20.795691147912294,
      1.0689004397475514
    ],
    "rotation": [
      0.006700375492440684,
      0.0005139851028161599,
      -2.22027927929385
    ]
  },
  {
    "label_id": "4CQkb-9GOGUOW6ECTy58zQ",
    "size": [
      0.9139207402859506,
      0.9161598560749553,
      2.0600000000000023
    ],
    "obj_class": "pedestrian",
    "point_num_in_lidar": 21,
    "speed": 1.5725474751553672,
    "if_vehicle": false,
    "motion_state": true,
    "pose": [
      [
        -0.7256585264292911,
        -0.68803184150502,
        -0.00564695454922006,
        -21.560858823053422
      ],
      [
        0.6880233182593318,
        -0.7256794354936672,
        0.0036428605532700187,
        62.14975585697539
      ],
      [
        -0.006604282844348776,
        -0.0012417635859407017,
        0.9999774204807369,
        1.5212130339857595
      ],
      [
        0.0,
        0.0,
        0.0,
        1.0
      ]
    ],
    "location": [
      -21.560858823053422,
      62.14975585697539,
      1.5212130339857595
    ],
    "rotation": [
      -0.0012417909866990916,
      0.006604330854631996,
      2.382810323826922
    ]
  },
  {
    "label_id": "4sRZr1ONdtX-QRcs4A0-vw",
    "size": [
      2.1190687011923197,
      4.376564357957686,
      1.5199999999999818
    ],
    "obj_class": "vehicle",
    "point_num_in_lidar": 239,
    "speed": 6.915300366811402e-12,
    "if_vehicle": true,
    "motion_state": false,
    "pose": [
      [
        -0.6973349707696797,
        -0.7167231337454995,
        -0.00564695454922006,
        46.46961137256949
      ],
      [
        0.7167154602477832,
        -0.6973562064030102,
        0.0036428605532700187,
        16.15618330354482
      ],
      [
        -0.006548861233711873,
        -0.0015069655713100016,
        0.9999774204807369,
        0.9089453024607224
      ],
      [
        0.0,
        0.0,
        0.0,
        1.0
      ]
    ],
    "location": [
      46.46961137256949,
      16.15618330354482,
      0.9089453024607224
    ],
    "rotation": [
      -0.0015069984578153202,
      0.00654890804542077,
      2.3424896917775997
    ]
  },
  {
    "label_id": "7icJBEuPRDJAEFyjeeK9Tw",
    "size": [
      2.029989842852117,
      4.529825083229547,
      1.5699999999999932
    ],
    "obj_class": "vehicle",
    "point_num_in_lidar": 168,
    "speed": 10.058973154042098,
    "if_vehicle": true,
    "motion_state": true,
    "pose": [
      [
        0.6921362176501243,
        -0.7217448081706571,
        -0.00564695454922006,
        52.59159158775583
      ],
      [
        0.7217657652368192,
        0.6921278131234853,
        0.0036428605532700187,
        51.57183796929894
      ],
      [
        0.0012791986117470732,
        -0.006597134196242504,
        0.9999774204807369,
        1.3001225805708145
      ],
      [
        0.0,
        0.0,
        0.0,
        1.0
      ]
    ],
    "location": [
      52.59159158775583,
      51.57183796929894,
      1.3001225805708145
    ],
    "rotation": [
      -0.0065971874485209825,
      -0.001279198960616577,
      0.8063509676443474
    ]
  },
  {
    "label_id": "9VgJc444cmIlvshIYPoRwQ",
    "size": [
      2.1187966576952975,
      4.73377975721041,
      1.579999999999984
    ],
    "obj_class": "vehicle",
    "point_num_in_lidar": 458,
    "speed": 0.05782521678215405,
    "if_vehicle": true,
    "motion_state": false,
    "pose": [
      [
        -0.7095685934781336,
        -0.7046137403242874,
        -0.00564695454922006,
        52.56025158834018
      ],
      [
        0.704605702435053,
        -0.7095896938816085,
        0.0036428605532700187,
        24.741491831257008
      ],
      [
        -0.00657383034986381,
        -0.0013940169377512363,
        0.9999774204807369,
        0.9460207833685672
      ],
      [
        0.0,
        0.0,
        0.0,
        1.0
      ]
    ],
    "location": [
      52.56025158834018,
      24.741491831257008,
      0.9460207833685672
    ],
    "rotation": [
      -0.0013940475116442435,
      0.006573877699066649,
      2.3597038671365707
    ]
  },
  {
    "label_id": "9_lx47WRH-mQLvLvwIpBWg",
    "size": [
      0.7276772904784534,
      0.9051974291215927,
      1.9399999999999977
    ],
    "obj_class": "pedestrian",
    "point_num_in_lidar": 32,
    "speed": 1.5686326900351204,
    "if_vehicle": false,
    "motion_state": true,
    "pose": [
      [
        -0.7016319920948548,
        -0.7125171293192357,
        -0.00564695454922006,
        -2.6757560187470517
      ],
      [
        0.7125093282712208,
        -0.7016531812038503,
        0.0036428605532700187,
        87.6491335194878
      ],
      [
        -0.006557804167500046,
        -0.001467560285728291,
        0.9999774204807369,
        1.4822779035267217
      ],
      [
        0.0,
        0.0,
        0.0,
        1.0
      ]
    ],
    "location": [
      -2.6757560187470517,
      87.6491335194878,
      1.4822779035267217
    ],
    "rotation": [
      -0.0014675923696344866,
      0.006557851171247534,
      2.348502810788882
    ]
  },
  {
    "label_id": "9yRa5_H_gVps_G_r_6mvIA",
    "size": [
      0.7756455715859196,
      0.8305019388285249,
      1.8845138035056834
    ],
    "obj_class": "pedestrian",
    "point_num_in_lidar": 68,
    "speed": 1.2326417090517046,
    "if_vehicle": false,
    "motion_state": true,
    "pose": [
      [
        0.7369488761246313,
        0.6759248966290278,
        -0.00564695454922006,
        34.75664532632072
      ],
      [
        -0.6759160284193668,
        0.7369696412287139,
        0.0036428605532700187,
        53.932409866196394
      ],
      [
        0.006623934211076562,
        0.0011322651009624063,
        0.9999774204807369,
        1.1726733990094544
      ],
      [
        0.0,
        0.0,
        0.0,
        1.0
      ]
    ],
    "location": [
      34.75664532632072,
      53.932409866196394,
      1.1726733990094544
    ],
    "rotation": [
      0.0011322901836451644,
      -0.006623982651212786,
      -0.7422270673697304
    ]
  },
  {
    "label_id": "AO9dwFKv4rC9axdtqk9RKw",
    "size": [
      1.876203963533856,
      4.431172548534873,
      1.5900000000000318
    ],
    "obj_class": "vehicle",
    "point_num_in_lidar": 122,
    "speed": 0.005050492856744653,
    "if_vehicle": true,
    "motion_state": false,
    "pose": [
      [
        0.7126476910769569,
        -0.7014993801187576,
        -0.00564695454922006,
        59.289779206199455
      ],
      [
        0.7015205706791653,
        0.7126398939723818,
        0.0036428605532700187,
        68.34712334801588
      ],
      [
        0.0014687806712450511,
        -0.00655753094017137,
        0.9999774204807369,
        1.9474250854696038
      ],
      [
        0.0,
        0.0,
        0.0,
        1.0
      ]
    ],
    "location": [
      59.289779206199455,
      68.34712334801588,
      1.9474250854696038
    ],
    "rotation": [
      -0.006557585011542775,
      -0.0014687811993497324,
      0.7775300114390277
    ]
  },
  {
    "label_id": "C6e5B3f0p8EXgkDqcFxO5w",
    "size": [
      2.182234777079543,
      4.834819894509566,
      1.9800000000000182
    ],
    "obj_class": "vehicle",
    "point_num_in_lidar": 675,
    "speed": 0.003030158534650889,
    "if_vehicle": true,
    "motion_state": false,
    "pose": [
      [
        -0.6852667239769721,
        -0.7282702993492095,
        -0.00564695454922006,
        48.57190008129328
      ],
      [
        0.7282629816072362,
        -0.6852880848136262,
        0.0036428605532700187,
        22.830872435995843
      ],
      [
        -0.006522777813681993,
        -0.0016161368397712616,
        0.9999774204807369,
        1.2217930754181907
      ],
      [
        0.0,
        0.0,
        0.0,
        1.0
      ]
    ],
    "location": [
      48.57190008129328,
      22.830872435995843,
      1.2217930754181907
    ],
    "rotation": [
      -0.001616171925033357,
      0.006522824068270398,
      2.3257862120440427
    ]
  },
  {
    "label_id": "C9cPjD8O_VEcJgOpJDHC3Q",
    "size": [
      0.9268047146924727,
      0.9427106435680166,
      2.1999999999999886
    ],
    "obj_class": "pedestrian",
    "point_num_in_lidar": 33,
    "speed": 0.37769963360194725,
    "if_vehicle": false,
    "motion_state": false,
    "pose": [
      [
        0.9818324847109077,
        0.18966571611844926,
        -0.00564695454922006,
        72.14594743796624
      ],
      [
        -0.18964728370570566,
        0.9818455262158284,
        0.0036428605532700187,
        32.01876586397702
      ],
      [
        0.006235362816451445,
        -0.0025057492370032927,
        0.9999774204807369,
        4.5350193279928135
      ],
      [
        0.0,
        0.0,
        0.0,
        1.0
      ]
    ],
    "location": [
      72.14594743796624,
      32.01876586397702,
      4.5350193279928135
    ],
    "rotation": [
      -0.002505800572209741,
      -0.006235403222049056,
      -0.1908066534318281
    ]
  },
  {
    "label_id": "CZUwabcB3mvH43N9J3yGWQ",
    "size": [
      2.372938899738775,
      4.773708939237198,
      1.6999999999999886
    ],
    "obj_class": "vehicle",
    "point_num_in_lidar": 37,
    "speed": 9.212037115262229,
    "if_vehicle": true,
    "motion_state": true,
    "pose": [
      [
        0.7086843648042893,
        -0.7055030708553011,
        -0.00564695454922006,
        78.83114123459745
      ],
      [
        0.7055242171531043,
        0.7086764484427917,
        0.0036428605532700187,
        69.94018055371998
      ],
      [
        0.0014318143874294984,
        -0.00656570150490241,
        0.9999774204807369,
        2.383278307488297
      ],
      [
        0.0,
        0.0,
        0.0,
        1.0
      ]
    ],
    "location": [
      78.83114123459745,
      69.94018055371998,
      2.383278307488297
    ],
    "rotation": [
      -0.006565755408974584,
      -0.0014318148766552584,
      0.7831635974135749
    ]
  },
  {
    "label_id": "DwEkvmQeGLlhCH7eI0ArZA",
    "size": [
      0.9176379586476936,
      0.9243772860056179,
      1.8151881475899359
    ],
    "obj_class": "pedestrian",
    "point_num_in_lidar": 56,
    "speed": 1.4564326839107187,
    "if_vehicle": false,
    "motion_state": true,
    "pose": [
      [
        -0.6955260809517783,
        0.7184786584305615,
        -0.00564695454922006,
        51.28847416589997
      ],
      [
        -0.7184996548278817,
        -0.6955177751712779,
        0.0036428605532700187,
        65.23842266321299
      ],
      [
        -0.001310239701403807,
        0.006591039418513073,
        0.9999774204807369,
        1.8968807633518736
      ],
      [
        0.0,
        0.0,
        0.0,
        1.0
      ]
    ],
    "location": [
      51.28847416589997,
      65.23842266321299,
      1.8968807633518736
    ],
    "rotation": [
      0.0065910927981907485,
      0.0013102400762916432,
      -2.3399489918068657
    ]
  },
  {
    "label_id": "EHyNyPdydGtVbm2hzdravg",
    "size": [
      2.116168642941173,
      4.43080589474992,
      1.5300000000000296
    ],
    "obj_class": "vehicle",
    "point_num_in_lidar": 261,
    "speed": 2.3437142008433857e-12,
    "if_vehicle": true,
    "motion_state": false,
    "pose": [
      [
        -0.7134641323066441,
        -0.70066899732773,
        -0.00564695454922006,
        51.16496783461844
      ],
      [
        0.7006608425794335,
        -0.7134851878230323,
        0.0036428605532700187,
        15.592302894161548
      ],
      [
        -0.006581457878442844,
        -0.0013575495887113978,
        0.9999774204807369,
        1.0244929142564274
      ],
      [
        0.0,
        0.0,
        0.0,
        1.0
      ]
    ],
    "location": [
      51.16496783461844,
      15.592302894161548,
      1.0244929142564274
    ],
    "rotation": [
      -0.0013575794082038427,
      0.006581505392655102,
      2.365248102944445
    ]
  },
  {
    "label_id": "EqHGUBAn_kXXQ_sCK5UmhA",
    "size": [
      2.0459460051152165,
      4.313099364671785,
      1.6200000000000045
    ],
    "obj_class": "vehicle",
    "point_num_in_lidar": 29,
    "speed": 1.1368683772161603e-12,
    "if_vehicle": true,
    "motion_state": false,
    "pose": [
      [
        0.715808885587923,
        -0.6982734072107392,
        -0.00564695454922006,
        63.47668104892364
      ],
      [
        0.698294632772195,
        0.715801184274331,
        0.0036428605532700187,
        72.713722391185
      ],
      [
        0.001498384103349586,
        -0.006550830006217314,
        0.9999774204807369,
        2.2896475119724755
      ],
      [
        0.0,
        0.0,
        0.0,
        1.0
      ]
    ],
    "location": [
      63.47668104892364,
      72.713722391185,
      2.2896475119724755
    ],
    "rotation": [
      -0.0065508842141425005,
      -0.0014983846640342262,
      0.7730133859621431
    ]
  },
  {
    "label_id": "Fe-uZ9qlinJ4Guviu-__IQ",
    "size": [
      0.6950761202716764,
      1.001424989274805,
      1.910000000000025
    ],
    "obj_class": "pedestrian",
    "point_num_in_lidar": 178,
    "speed": 0.0034504313761491716,
    "if_vehicle": false,
    "motion_state": false,
    "pose": [
      [
        0.9881574431431528,
        -0.15333942567097855,
        -0.00564695454922006,
        19.07634800926462
      ],
      [
        0.15336118119041373,
        0.988163487319214,
        0.0036428605532700187,
        30.91542040267086
      ],
      [
        0.005021520155052507,
        -0.004465743389843321,
        0.9999774204807369,
        1.121012983988237
      ],
      [
        0.0,
        0.0,
        0.0,
        1.0
      ]
    ],
    "location": [
      19.07634800926462,
      30.91542040267086,
      1.121012983988237
    ],
    "rotation": [
      -0.004465814538232235,
      -0.005021541258786698,
      0.153970758043255
    ]
  },
  {
    "label_id": "G6Mgy_kvMQsfCAyCXrx1BQ",
    "size": [
      0.8620947521901301,
      1.1094360817910744,
      2.019999999999982
    ],
    "obj_class": "pedestrian",
    "point_num_in_lidar": 196,
    "speed": 1.6655999571787041,
    "if_vehicle": false,
    "motion_state": true,
    "pose": [
      [
        0.5728199327896477,
        -0.819661781775375,
        -0.00564695454922006,
        46.752380463804
      ],
      [
        0.8196811957965576,
        0.5728084032418823,
        0.0036428605532700187,
        27.509698306472274
      ],
      [
        0.00024870944666569435,
        -0.006715405594799701,
        0.9999774204807369,
        1.1553857669193235
      ],
      [
        0.0,
        0.0,
        0.0,
        1.0
      ]
    ],
    "location": [
      46.752380463804,
      27.509698306472274,
      1.1553857669193235
    ],
    "rotation": [
      -0.006715456277264995,
      -0.00024870944922973914,
      0.9608542890314055
    ]
  },
  {
    "label_id": "GiPscZnqoFfFvj5jXUIwjA",
    "size": [
      2.0663953814856915,
      4.663853484354714,
      1.829999999999984
    ],
    "obj_class": "vehicle",
    "point_num_in_lidar": 467,
    "speed": 1.1368683772161603e-12,
    "if_vehicle": true,
    "motion_state": false,
    "pose": [
      [
        -0.7342717115649343,
        -0.6788322071762807,
        -0.00564695454922006,
        43.23270705898176
      ],
      [
        0.6788234211042955,
        -0.7342925115560214,
        0.0036428605532700187,
        13.903139488327724
      ],
      [
        -0.006619407508401193,
        -0.0011584355524800662,
        0.9999774204807369,
        0.8347800726546097
      ],
      [
        0.0,
        0.0,
        0.0,
        1.0
      ]
    ],
    "location": [
      43.23270705898176,
      13.903139488327724,
      0.8347800726546097
    ],
    "rotation": [
      -0.0011584611917574924,
      0.0066194558492940585,
      2.3954132644269297
    ]
  },
  {
    "label_id": "H0ATfIvGdadeca8zxrorMw",
    "size": [
      0.9069711678900334,
      0.6684251695846886,
      1.920000000000016
    ],
    "obj_class": "pedestrian",
    "point_num_in_lidar": 142,
    "speed": 0.14237279534495556,
    "if_vehicle": false,
    "motion_state": false,
    "pose": [
      [
        0.3388709482551124,
        0.9408159184096535,
        -0.00564695454922006,
        41.433009510252305
      ],
      [
        -0.9408177051861913,
        0.338893456967198,
        0.0036428605532700187,
        43.750772413222876
      ],
      [
        0.005340977145584863,
        0.004078295210240186,
        0.9999774204807369,
        1.2060720619203948
      ],
      [
        0.0,
        0.0,
        0.0,
        1.0
      ]
    ],
    "location": [
      41.433009510252305,
      43.750772413222876,
      1.2060720619203948
    ],
    "rotation": [
      0.004078364686221485,
      -0.005341002538729324,
      -1.2250746072237537
    ]
  },
  {
    "label_id": "H1KwN3bm7xetzBAXKSAkJQ",
    "size": [
      0.8718508778767075,
      0.8439339778954031,
      1.7800000000000296
    ],
    "obj_class": "pedestrian",
    "point_num_in_lidar": 37,
    "speed": 0.0412823539465597,
    "if_vehicle": false,
    "motion_state": false,
    "pose": [
      [
        0.7245850561593967,
        0.689162251066324,
        -0.00564695454922006,
        19.89440410484167
      ],
      [
        -0.6891537604266093,
        0.7246059784854477,
        0.0036428605532700187,
        64.78972152072674
      ],
      [
        0.006602339005812733,
        0.001252057643981145,
        0.9999774204807369,
        1.2476233726086434
      ],
      [
        0.0,
        0.0,
        0.0,
        1.0
      ]
    ],
    "location": [
      19.89440410484167,
      64.78972152072674,
      1.2476233726086434
    ],
    "rotation": [
      0.0012520852611734568,
      -0.006602386973715275,
      -0.7603412859450589
    ]
  },
  {
    "label_id": "HL-qj5d4P6_6hFA4xT5b8g",
    "size": [
      0.8176904717927663,
      0.6188773135043537,
      1.7300000000000182
    ],
    "obj_class": "pedestrian",
    "point_num_in_lidar": 29,
    "speed": 0.08491277826461542,
    "if_vehicle": false,
    "motion_state": false,
    "pose": [
      [
        -0.7261501318688679,
        -0.6875129801619346,
        -0.00564695454922006,
        46.71845737181138
      ],
      [
        0.6875044419730606,
        -0.7261710348356645,
        0.0036428605532700187,
        4.413789513462689
      ],
      [
        -0.006605168743970119,
        -0.0012370426650718525,
        0.9999774204807369,
        1.007841320501825
      ],
      [
        0.0,
        0.0,
        0.0,
        1.0
      ]
    ],
    "location": [
      46.71845737181138,
      4.413789513462689,
      1.007841320501825
    ],
    "rotation": [
      -0.001237069966484102,
      0.0066052167735765055,
      2.383525118075937
    ]
  },
  {
    "label_id": "IFM6U6TiltkbR_9izPEjXA",
    "size": [
      0.9453538610340358,
      0.8753901206048866,
      1.8500000000000227
    ],
    "obj_class": "pedestrian",
    "point_num_in_lidar": 72,
    "speed": 1.1615429553966794,
    "if_vehicle": false,
    "motion_state": true,
    "pose": [
      [
        -0.7229888299276147,
        -0.690836640389186,
        -0.00564695454922006,
        0.001822925671149278
      ],
      [
        0.6908281981732747,
        -0.723009771839673,
        0.0036428605532700187,
        40.9910982828369
      ],
      [
        -0.0065994248662479505,
        -0.001267327947405917,
        0.9999774204807369,
        1.2362130339857345
      ],
      [
        0.0,
        0.0,
        0.0,
        1.0
      ]
    ],
    "location": [
      0.001822925671149278,
      40.9910982828369,
      1.2362130339857345
    ],
    "rotation": [
      -0.001267355885168911,
      0.006599472770661493,
      2.378937946902913
    ]
  },
  {
    "label_id": "IdtzlKr8w-UleoH07PuGAA",
    "size": [
      0.8235683293164872,
      0.939835135752179,
      1.759999999999991
    ],
    "obj_class": "pedestrian",
    "point_num_in_lidar": 67,
    "speed": 2.8410602596526533,
    "if_vehicle": false,
    "motion_state": true,
    "pose": [
      [
        0.7466294713700126,
        0.6652161636536311,
        -0.00564695454922006,
        20.247017738613067
      ],
      [
        -0.6652069966111989,
        0.7466501062924304,
        0.0036428605532700187,
        63.300771911628544
      ],
      [
        0.006639588936375108,
        0.0010365266265239576,
        0.9999774204807369,
        1.125646639717388
      ],
      [
        0.0,
        0.0,
        0.0,
        1.0
      ]
    ],
    "location": [
      20.247017738613067,
      63.300771911628544,
      1.125646639717388
    ],
    "rotation": [
      0.001036549660090051,
      -0.006639637720772305,
      -0.72779065258338
    ]
  },
  {
    "label_id": "J8bvMVrn5EZ0WGhQO07qSQ",
    "size": [
      0.9052480861185344,
      1.0215068244376773,
      1.7800000000000296
    ],
    "obj_class": "pedestrian",
    "point_num_in_lidar": 39,
    "speed": 1.527458926461273,
    "if_vehicle": false,
    "motion_state": true,
    "pose": [
      [
        -0.7320785374111756,
        -0.681196834230924,
        -0.00564695454922006,
        6.7377089724031975
      ],
      [
        0.6811881152883257,
        -0.7320993656307373,
        0.0036428605532700187,
        78.33408965345006
      ],
      [
        -0.0066156369196618625,
        -0.0011797783006712687,
        0.9999774204807369,
        1.387260858065133
      ],
      [
        0.0,
        0.0,
        0.0,
        1.0
      ]
    ],
    "location": [
      6.7377089724031975,
      78.33408965345006,
      1.387260858065133
    ],
    "rotation": [
      -0.0011798043926943209,
      0.006615685177991957,
      2.3921880115685634
    ]
  },
  {
    "label_id": "JIwIafnXjVCNvgOcHBrynQ",
    "size": [
      0.8078365520615808,
      0.9177911650848429,
      2.0151233647333697
    ],
    "obj_class": "pedestrian",
    "point_num_in_lidar": 130,
    "speed": 1.5464476734482535,
    "if_vehicle": false,
    "motion_state": true,
    "pose": [
      [
        0.9188730811560525,
        -0.3945128294886008,
        -0.00564695454922006,
        49.76532310422408
      ],
      [
        0.3945354047619157,
        0.9188735190200775,
        0.0036428605532700187,
        28.416376302891877
      ],
      [
        0.0037516817740853078,
        -0.005575249999553742,
        0.9999774204807369,
        1.0857930669693587
      ],
      [
        0.0,
        0.0,
        0.0,
        1.0
      ]
    ],
    "location": [
      49.76532310422408,
      28.416376302891877,
      1.0857930669693587
    ],
    "rotation": [
      -0.005575318120093352,
      -0.003751690575033829,
      0.40556520791604944
    ]
  },
  {
    "label_id": "KIMtmvNTn718XRJNcfn2RA",
    "size": [
      0.6456584758605864,
      0.8107772221525958,
      1.6499999999999773
    ],
    "obj_class": "pedestrian",
    "point_num_in_lidar": 94,
    "speed": 1.0418544633223648,
    "if_vehicle": false,
    "motion_state": true,
    "pose": [
      [
        0.7275686119868231,
        0.6860116812095014,
        -0.00564695454922006,
        34.004944314528984
      ],
      [
        -0.6860030998646444,
        0.7275894972737637,
        0.0036428605532700187,
        52.028326239582384
      ],
      [
        0.006607709714155357,
        0.0012233973291554988,
        0.9999774204807369,
        1.0127144981703964
      ],
      [
        0.0,
        0.0,
        0.0,
        1.0
      ]
    ],
    "location": [
      34.004944314528984,
      52.028326239582384,
      1.0127144981703964
    ],
    "rotation": [
      0.0012234243431086598,
      -0.006607757799213931,
      -0.7560020327443401
    ]
  },
  {
    "label_id": "M-7QVYfBS2-rLGLGuEcgbA",
    "size": [
      1.0181955835359797,
      0.1004674997203901,
      0.5400000000000205
    ],
    "obj_class": "sign",
    "point_num_in_lidar": 28,
    "speed": 0.0002234088375179062,
    "if_vehicle": false,
    "motion_state": false,
    "pose": [
      [
        -0.7185015876516344,
        0.6955023942779778,
        -0.00564695454922006,
        34.790392137761955
      ],
      [
        -0.6955236494379489,
        -0.7184939684085779,
        0.0036428605532700187,
        48.94044304907584
      ],
      [
        -0.001523684546671897,
        0.006544991527401784,
        0.9999774204807369,
        1.292691328878334
      ],
      [
        0.0,
        0.0,
        0.0,
        1.0
      ]
    ],
    "location": [
      34.790392137761955,
      48.94044304907584,
      1.292691328878334
    ],
    "rotation": [
      0.006545045853825759,
      0.0015236851362405604,
      -2.3724430799552434
    ]
  },
  {
    "label_id": "NDAnvjpf76se8u_t0LfMfQ",
    "size": [
      0.7398662657306571,
      0.9588898975130005,
      1.772289894821938
    ],
    "obj_class": "pedestrian",
    "point_num_in_lidar": 52,
    "speed": 1.7542842508070153,
    "if_vehicle": false,
    "motion_state": true,
    "pose": [
      [
        0.791972774130435,
        0.6105302915830321,
        -0.00564695454922006,
        15.774194363835704
      ],
      [
        -0.6105196826868394,
        0.7919927061652464,
        0.0036428605532700187,
        70.72094787137758
      ],
      [
        0.0066964235308132145,
        0.0005625305213932475,
        0.9999774204807369,
        1.2611159106535297
      ],
      [
        0.0,
        0.0,
        0.0,
        1.0
      ]
    ],
    "location": [
      15.774194363835704,
      70.72094787137758,
      1.2611159106535297
    ],
    "rotation": [
      0.0005625431640089577,
      -0.006696473578758793,
      -0.656733873337716
    ]
  },
  {
    "label_id": "NR-ydNfoP_gKd7nePeHUGg",
    "size": [
      0.8420630655493867,
      1.0804344746293282,
      1.9700000000000273
    ],
    "obj_class": "pedestrian",
    "point_num_in_lidar": 156,
    "speed": 0.47938169285236854,
    "if_vehicle": false,
    "motion_state": false,
    "pose": [
      [
        -0.26042564376800303,
        -0.9654773927815918,
        -0.00564695454922006,
        51.31387009851096
      ],
      [
        0.9654810228838194,
        -0.26044792957173474,
        0.0036428605532700187,
        33.33301486601704
      ],
      [
        -0.004987837129968098,
        -0.004503333149617013,
        0.9999774204807369,
        1.1270568332245716
      ],
      [
        0.0,
        0.0,
        0.0,
        1.0
      ]
    ],
    "location": [
      51.31387009851096,
      33.33301486601704,
      1.1270568332245716
    ],
    "rotation": [
      -0.004503404390772568,
      0.004987857811866636,
      1.8342627148385582
    ]
  },
  {
    "label_id": "NVmWqAJVs2oPwpFNDwY82w",
    "size": [
      0.8981345550118756,
      0.8446989604514674,
      1.839999999999975
    ],
    "obj_class": "pedestrian",
    "point_num_in_lidar": 20,
    "speed": 0.8048534024089038,
    "if_vehicle": false,
    "motion_state": false,
    "pose": [
      [
        0.7171449078418318,
        0.6969012075329254,
        -0.00564695454922006,
        40.62641523734783
      ],
      [
        -0.696892941990853,
        0.7171659201121614,
        0.0036428605532700187,
        46.367873180570314
      ],
      [
        0.006588517273570896,
        0.0013228638733391274,
        0.9999774204807369,
        1.156066667145467
      ],
      [
        0.0,
        0.0,
        0.0,
        1.0
      ]
    ],
    "location": [
      40.62641523734783,
      46.367873180570314,
      1.156066667145467
    ],
    "rotation": [
      0.001322892971935585,
      -0.006588564940843108,
      -0.771077060666244
    ]
  },
  {
    "label_id": "OaBaJCfNzU4Ykpv4ByH-2g",
    "size": [
      0.9375452324603196,
      1.0542668871771672,
      1.839999999999975
    ],
    "obj_class": "pedestrian",
    "point_num_in_lidar": 145,
    "speed": 1.3470222978886117,
    "if_vehicle": false,
    "motion_state": true,
    "pose": [
      [
        0.6373046088037728,
        -0.7705912973177086,
        -0.00564695454922006,
        49.97148070700132
      ],
      [
        0.7706115811089255,
        0.6372946890001449,
        0.0036428605532700187,
        30.439638762130926
      ],
      [
        0.0007916175035513024,
        -0.006673220393453155,
        0.9999774204807369,
        1.0265668367506464
      ],
      [
        0.0,
        0.0,
        0.0,
        1.0
      ]
    ],
    "location": [
      49.97148070700132,
      30.439638762130926,
      1.0265668367506464
    ],
    "rotation": [
      -0.006673272013905261,
      -0.0007916175862302685,
      0.8798006108658672
    ]
  },
  {
    "label_id": "OaQW5LGNnGDxoNUGOPRPiA",
    "size": [
      0.9880183285442632,
      1.0982428043988728,
      2.019999999999982
    ],
    "obj_class": "pedestrian",
    "point_num_in_lidar": 157,
    "speed": 1.5816946898758384,
    "if_vehicle": false,
    "motion_state": true,
    "pose": [
      [
        0.4041852558755457,
        0.9146597131376994,
        -0.00564695454922006,
        43.23546970399548
      ],
      [
        -0.91465991280153,
        0.4042078345120082,
        0.0036428605532700187,
        17.450287367173587
      ],
      [
        0.00561452105858257,
        0.0036926524307414493,
        0.9999774204807369,
        1.1415358909050042
      ],
      [
        0.0,
        0.0,
        0.0,
        1.0
      ]
    ],
    "location": [
      43.23546970399548,
      17.450287367173587,
      1.1415358909050042
    ],
    "rotation": [
      0.003692719025996456,
      -0.005614550556615463,
      -1.154701451733189
    ]
  },
  {
    "label_id": "PES5FWXW1H2xBozxmQ1gTA",
    "size": [
      0.8442639439972,
      0.09986239830018995,
      0.8299999999999841
    ],
    "obj_class": "sign",
    "point_num_in_lidar": 82,
    "speed": 0.017346528898054436,
    "if_vehicle": false,
    "motion_state": false,
    "pose": [
      [
        -0.5657949230713437,
        0.8245266623530201,
        -0.00564695454922006,
        40.56257934213863
      ],
      [
        -0.8245459771441985,
        -0.565783228049673,
        0.0036428605532700187,
        43.619965329817205
      ],
      [
        -0.0001913165201023067,
        0.006717285663172575,
        0.9999774204807369,
        1.1876913288781452
      ],
      [
        0.0,
        0.0,
        0.0,
        1.0
      ]
    ],
    "location": [
      40.56257934213863,
      43.619965329817205,
      1.1876913288781452
    ],
    "rotation": [
      0.0067173363032793825,
      0.0001913165212694016,
      -2.172193348058119
    ]
  },
  {
    "label_id": "Pv3Lf9faouPCSxaqDpc1og",
    "size": [
      1.9832784803348946,
      4.594323009820505,
      1.5600000000000023
    ],
    "obj_class": "vehicle",
    "point_num_in_lidar": 82,
    "speed": 7.8969401269261e-12,
    "if_vehicle": true,
    "motion_state": false,
    "pose": [
      [
        0.694017217540961,
        -0.7199362566651449,
        -0.00564695454922006,
        73.86773294372688
      ],
      [
        0.7199572355911408,
        0.6940088677293339,
        0.0036428605532700187,
        59.09813575206499
      ],
      [
        0.001296409142548889,
        -0.006593773731835476,
        0.9999774204807369,
        1.990276758836842
      ],
      [
        0.0,
        0.0,
        0.0,
        1.0
      ]
    ],
    "location": [
      73.86773294372688,
      59.09813575206499,
      1.990276758836842
    ],
    "rotation": [
      -0.006593827054418362,
      -0.0012964095056899293,
      0.8037415701613342
    ]
  },
  {
    "label_id": "Q-ps1GWMC5qpDsjn1OHjLw",
    "size": [
      2.205506076600823,
      4.57734672187009,
      1.7699999999999818
    ],
    "obj_class": "vehicle",
    "point_num_in_lidar": 592,
    "speed": 2.2737367544323206e-12,
    "if_vehicle": true,
    "motion_state": false,
    "pose": [
      [
        -0.694183445224542,
        -0.7197759764541355,
        -0.00564695454922006,
        46.6426900957631
      ],
      [
        0.7197683962072587,
        -0.6942047143229582,
        0.0036428605532700187,
        20.18396664784086
      ],
      [
        -0.006542185981452221,
        -0.0015356859300058442,
        0.9999774204807369,
        1.1431608535459645
      ],
      [
        0.0,
        0.0,
        0.0,
        1.0
      ]
    ],
    "location": [
      46.6426900957631,
      20.18396664784086,
      1.1431608535459645
    ],
    "rotation": [
      -0.0015357193985400565,
      0.00654223265015966,
      2.338101823615024
    ]
  },
  {
    "label_id": "QzJBj9-xw7Q7xr5j6JQSeA",
    "size": [
      2.3044468408176333,
      4.974115535925105,
      1.7900000000000205
    ],
    "obj_class": "vehicle",
    "point_num_in_lidar": 25,
    "speed": 1.3123322310792895e-11,
    "if_vehicle": true,
    "motion_state": false,
    "pose": [
      [
        0.7192001631645618,
        -0.6947799919459301,
        -0.00564695454922006,
        67.87888242795816
      ],
      [
        0.694801254752052,
        0.7191925652855177,
        0.0036428605532700187,
        76.91590180762432
      ],
      [
        0.0015302611024432093,
        -0.00654345701062345,
        0.9999774204807369,
        2.3746475119723414
      ],
      [
        0.0,
        0.0,
        0.0,
        1.0
      ]
    ],
    "location": [
      67.87888242795816,
      76.91590180762432,
      2.3746475119723414
    ],
    "rotation": [
      -0.006543511368118182,
      -0.001530261699678998,
      0.7681446536033956
    ]
  },
  {
    "label_id": "RsYyboMUkbV1H__LSuMteQ",
    "size": [
      0.8086566255968247,
      0.8286798791523324,
      1.759999999999991
    ],
    "obj_class": "pedestrian",
    "point_num_in_lidar": 82,
    "speed": 0.38752686266025316,
    "if_vehicle": false,
    "motion_state": false,
    "pose": [
      [
        0.15390767396158914,
        0.9880690966729261,
        -0.00564695454922006,
        57.14565379872511
      ],
      [
        -0.9880751283367343,
        0.15392943295333633,
        0.0036428605532700187,
        29.47156809961598
      ],
      [
        0.00446863044784965,
        0.0050189511466121,
        0.9999774204807369,
        1.1017145492939449
      ],
      [
        0.0,
        0.0,
        0.0,
        1.0
      ]
    ],
    "location": [
      57.14565379872511,
      29.47156809961598,
      1.1017145492939449
    ],
    "rotation": [
      0.00501902233021397,
      -0.00446864532007554,
      -1.4162729114423815
    ]
  },
  {
    "label_id": "S2eYOtqKBZvlG_UM7dMlow",
    "size": [
      1.0153560860597803,
      0.13516787914706185,
      1.1499999999999773
    ],
    "obj_class": "sign",
    "point_num_in_lidar": 46,
    "speed": 0.010355903245883594,
    "if_vehicle": false,
    "motion_state": false,
    "pose": [
      [
        -0.49403045085245445,
        0.8694262622757835,
        -0.00564695454922006,
        74.84921561372903
      ],
      [
        -0.869444518712734,
        -0.49401716412223134,
        0.0036428605532700187,
        57.56370808939391
      ],
      [
        0.00037750616248861745,
        0.006709397721763929,
        0.9999774204807369,
        4.188819898000872
      ],
      [
        0.0,
        0.0,
        0.0,
        1.0
      ]
    ],
    "location": [
      74.84921561372903,
      57.56370808939391,
      4.188819898000872
    ],
    "rotation": [
      0.006709448539270179,
      -0.00037750617145507534,
      -2.0875157089656478
    ]
  },
  {
    "label_id": "TAl_BqipReAf5gsI2aV_RA",
    "size": [
      2.3233709112596657,
      5.119892405167558,
      1.8999999999999773
    ],
    "obj_class": "vehicle",
    "point_num_in_lidar": 10557,
    "speed": 8.843184426035185,
    "if_vehicle": true,
    "motion_state": true,
    "pose": [
      [
        0.7152380972209715,
        -0.6988580515298102,
        -0.00564695454922006,
        31.54329702918767
      ],
      [
        0.698879270791545,
        0.7152303785668416,
        0.0036428605532700187,
        26.676684431113245
      ],
      [
        0.0014930310117353207,
        -0.0065520521281140975,
        0.9999774204807369,
        1.275279013350655
      ],
      [
        0.0,
        0.0,
        0.0,
        1.0
      ]
    ],
    "location": [
      31.54329702918767,
      26.676684431113245,
      1.275279013350655
    ],
    "rotation": [
      -0.0065521063111783715,
      -0.0014930315664321342,
      0.7738304554231556
    ]
  },
  {
    "label_id": "U0FXvRewXXTDX6H5KkWN8w",
    "size": [
      0.46438399760313465,
      0.07521161574320767,
      0.5
    ],
    "obj_class": "sign",
    "point_num_in_lidar": 46,
    "speed": 0.010593438710414528,
    "if_vehicle": false,
    "motion_state": false,
    "pose": [
      [
        -0.6861552800682754,
        0.7274331883676641,
        -0.00564695454922006,
        32.79592962139213
      ],
      [
        -0.7274540753480394,
        -0.6861467028460593,
        0.0036428605532700187,
        15.749058943132695
      ],
      [
        -0.0012247015780248967,
        0.006607468103313947,
        0.9999774204807369,
        2.7178619412589455
      ],
      [
        0.0,
        0.0,
        0.0,
        1.0
      ]
    ],
    "location": [
      32.79592962139213,
      15.749058943132695,
      2.7178619412589455
    ],
    "rotation": [
      0.006607521138462438,
      0.0012247018841788522,
      -2.326987657843709
    ]
  },
  {
    "label_id": "UzgcwGAkWdeM3lWj082ApQ",
    "size": [
      0.8987437200588043,
      0.8431158821777414,
      2.0
    ],
    "obj_class": "pedestrian",
    "point_num_in_lidar": 70,
    "speed": 0.9709393712633538,
    "if_vehicle": false,
    "motion_state": false,
    "pose": [
      [
        -0.9891231084846308,
        -0.14698159124876892,
        -0.00564695454922006,
        71.61456973418535
      ],
      [
        0.1469626115142168,
        -0.9891353397710096,
        0.0036428605532700187,
        34.092331813480996
      ],
      [
        -0.006121035747531232,
        0.002773346366571016,
        0.9999774204807369,
        3.8993435440542044
      ],
