[
  {
    "label_id": "003ynNxk1Wh4n8dKBPJJXg",
    "size": [
      0.7788622106906191,
      0.8631666814550667,
      1.7699999999999818
    ],
    "obj_class": "pedestrian",
    "point_num_in_lidar": 20,
    "speed": 1.5400258684704462,
    "if_vehicle": false,
    "motion_state": true,
    "pose": [
      [
        -0.6974297728700575,
        -0.7165436496110894,
        -0.012526376828134907,
        65.88865575398813
      ],
      [
        0.7165002003383476,
        -0.6975354995548364,
        0.008466981510105305,
        20.93085587608948
      ],
      [
        -0.014804554350865676,
        -0.003070026515384576,
        0.999885693520848,
        1.1193101244448371
      ],
      [
        0.0,
        0.0,
        0.0,
        1.0
      ]
    ],
    "location": [
      65.88865575398813,
      20.93085587608948,
      1.1193101244448371
    ],
    "rotation": [
      -0.003070367831106014,
      0.014805095201823467,
      2.3427077747495093
    ]
  },
  {
    "label_id": "2mgIVDg2Dam4gckam7FU0w",
    "size": [
      0.853198906626688,
      0.9873727070641302,
      2.03407124607196
    ],
    "obj_class": "pedestrian",
    "point_num_in_lidar": 140,
    "speed": 1.4947655381280767,
    "if_vehicle": false,
    "motion_state": true,
    "pose": [
      [
        -0.6261751044744528,
        0.7795818292007374,
        -0.012526376828134907,
        40.11548513879825
      ],
      [
        -0.779681470364839,
        -0.6261190901049337,
        0.008466981510105305,
        21.144793382758508
      ],
      [
        -0.0012422987284866373,
        0.015068396935377721,
        0.999885693520848,
        1.068900439747381
      ],
      [
        0.0,
        0.0,
        0.0,
        1.0
      ]
    ],
    "location": [
      40.11548513879825,
      21.144793382758508,
      1.068900439747381
    ],
    "rotation": [
      0.015068978852352135,
      0.0012422990480280664,
      -2.2474347267481765
    ]
  },
  {
    "label_id": "4sRZr1ONdtX-QRcs4A0-vw",
    "size": [
      2.1190687011923193,
      4.376564357957686,
      1.5199999999999818
    ],
    "obj_class": "vehicle",
    "point_num_in_lidar": 277,
    "speed": 6.915300366811402e-12,
    "if_vehicle": true,
    "motion_state": false,
    "pose": [
      [
        -0.6972913769033658,
        -0.7166783278289973,
        -0.012526376828134907,
        46.46961137256949
      ],
      [
        0.7166348989756008,
        -0.6973971119773423,
        0.008466981510105305,
        16.15618330354482
      ],
      [
        -0.014803961173902494,
        -0.0030728855973640974,
        0.999885693520848,
        0.9126969231762132
      ],
      [
        0.0,
        0.0,
        0.0,
        1.0
      ]
    ],
    "location": [
      46.46961137256949,
      16.15618330354482,
      0.9126969231762132
    ],
    "rotation": [
      -0.0030732272129533637,
      0.014804501959847473,
      2.3425146288394365
    ]
  },
  {
    "label_id": "5p28xQDC1UASgzN8Osk_1g",
    "size": [
      0.826068237812632,
      0.9912681551436762,
      1.6999999999999886
    ],
    "obj_class": "pedestrian",
    "point_num_in_lidar": 28,
    "speed": 1.5153717254528418,
    "if_vehicle": false,
    "motion_state": true,
    "pose": [
      [
        -0.7768054352594288,
        -0.6296160779673348,
        -0.012526376828134907,
        65.30225082549077
      ],
      [
        0.6295605047310305,
        -0.7769053231294772,
        0.008466981510105305,
        -12.126497224860941
      ],
      [
        -0.015062756527918188,
        -0.0013089148610808097,
        0.999885693520848,
        0.9882024087111176
      ],
      [
        0.0,
        0.0,
        0.0,
        1.0
      ]
    ],
    "location": [
      65.30225082549077,
      -12.126497224860941,
      0.9882024087111176
    ],
    "rotation": [
      -0.0013090637478756636,
      0.01506332617576902,
      2.4605132963562735
    ]
  },
  {
    "label_id": "7icJBEuPRDJAEFyjeeK9Tw",
    "size": [
      2.0299898428445697,
      4.529825083229547,
      1.5699999999999932
    ],
    "obj_class": "vehicle",
    "point_num_in_lidar": 181,
    "speed": 10.04899111149428,
    "if_vehicle": true,
    "motion_state": true,
    "pose": [
      [
        0.6974863664571878,
        -0.7164885613112809,
        -0.012526376828134907,
        50.51208547821807
      ],
      [
        0.7165930785530913,
        0.6974400834436679,
        0.008466981510105305,
        49.37859846469655
      ],
      [
        0.0026699018994366702,
        -0.01488191910273284,
        0.999885693520848,
        1.1801069938706519
      ],
      [
        0.0,
        0.0,
        0.0,
        1.0
      ]
    ],
    "location": [
      50.51208547821807,
      49.37859846469655,
      1.1801069938706519
    ],
    "rotation": [
      -0.014882521525801266,
      -0.0026699050714576837,
      0.7989091082977212
    ]
  },
  {
    "label_id": "9VgJc444cmIlvshIYPoRwQ",
    "size": [
      2.1187966576952926,
      4.73377975721041,
      1.579999999999984
    ],
    "obj_class": "vehicle",
    "point_num_in_lidar": 357,
    "speed": 0.034327069720190416,
    "if_vehicle": true,
    "motion_state": false,
    "pose": [
      [
        -0.7095242348274118,
        -0.7045696914260047,
        -0.012526376828134907,
        52.56731516936634
      ],
      [
        0.7045244489918224,
        -0.7096292066966216,
        0.008466981510105305,
        24.734408042881114
      ],
      [
        -0.014854661401216898,
        -0.0028176101554503665,
        0.999885693520848,
        0.9432021912504069
      ],
      [
        0.0,
        0.0,
        0.0,
        1.0
      ]
    ],
    "location": [
      52.56731516936634,
      24.734408042881114,
      0.9432021912504069
    ],
    "rotation": [
      -0.0028179248045768325,
      0.014855207762791716,
      2.359730270153419
    ]
  },
  {
    "label_id": "9_lx47WRH-mQLvLvwIpBWg",
    "size": [
      0.7276772904760969,
      0.9051974291215927,
      1.9399999999999977
    ],
    "obj_class": "pedestrian",
    "point_num_in_lidar": 29,
    "speed": 1.582064704271343,
    "if_vehicle": false,
    "motion_state": true,
    "pose": [
      [
        -0.704640392487988,
        -0.7094540204678057,
        -0.012526376828134907,
        -2.369951963377389
      ],
      [
        0.7094095042210061,
        -0.7047456743712682,
        0.008466981510105305,
        87.32554741470813
      ],
      [
        -0.014834843958743344,
        -0.002920153600863542,
        0.999885693520848,
        1.4822779035266649
      ],
      [
        0.0,
        0.0,
        0.0,
        1.0
      ]
    ],
    "location": [
      -2.369951963377389,
      87.32554741470813,
      1.4822779035266649
    ],
    "rotation": [
      -0.002920479128355673,
      0.014835388136404861,
      2.3528218414183493
    ]
  },
  {
    "label_id": "9yRa5_H_gVps_G_r_6mvIA",
    "size": [
      0.775645571581178,
      0.8305019388285249,
      1.8845138035056834
    ],
    "obj_class": "pedestrian",
    "point_num_in_lidar": 63,
    "speed": 1.224692442268641,
    "if_vehicle": false,
    "motion_state": true,
    "pose": [
      [
        0.7301961751532344,
        0.6831227090905019,
        -0.012526376828134907,
        34.48124414825361
      ],
      [
        -0.6830743599709783,
        0.7302997528236922,
        0.008466981510105305,
        54.19720667516958
      ],
      [
        0.01493199724836567,
        0.002373889320861493,
        0.999885693520848,
        1.1924949316113498
      ],
      [
        0.0,
        0.0,
        0.0,
        1.0
      ]
    ],
    "location": [
      34.48124414825361,
      54.19720667516958,
      1.1924949316113498
    ],
    "rotation": [
      0.002374156242065155,
      -0.014932552188367684,
      -0.7520681224445889
    ]
  },
  {
    "label_id": "AO9dwFKv4rC9axdtqk9RKw",
    "size": [
      1.8762039635338563,
      4.431172548534873,
      1.5900000000000318
    ],
    "obj_class": "vehicle",
    "point_num_in_lidar": 111,
    "speed": 0.005050492979710369,
    "if_vehicle": true,
    "motion_state": false,
    "pose": [
      [
        0.7126031399365781,
        -0.7014555259145723,
        -0.012526376828134907,
        59.29081933445559
      ],
      [
        0.7015610061395775,
        0.7125590957166509,
        0.008466981510105305,
        68.34602056330914
      ],
      [
        0.002986572777181941,
        -0.014821615140715803,
        0.999885693520848,
        1.947576677055963
      ],
      [
        0.0,
        0.0,
        0.0,
        1.0
      ]
    ],
    "location": [
      59.29081933445559,
      68.34602056330914,
      1.947576677055963
    ],
    "rotation": [
      -0.01482222397305389,
      -0.002986577217047291,
      0.7775900815506839
    ]
  },
  {
    "label_id": "C6e5B3f0p8EXgkDqcFxO5w",
    "size": [
      2.1822347770795423,
      4.834819894509566,
      1.9800000000000182
    ],
    "obj_class": "vehicle",
    "point_num_in_lidar": 678,
    "speed": 0.0006732962993898893,
    "if_vehicle": true,
    "motion_state": false,
    "pose": [
      [
        -0.6852238845566007,
        -0.7282247715621338,
        -0.012526376828134907,
        48.572203376836114
      ],
      [
        0.7281831147927869,
        -0.6853303302457746,
        0.008466981510105305,
        22.830542966737994
      ],
      [
        -0.01475057164442596,
        -0.0033197181349561957,
        0.999885693520848,
        1.2217930754179065
      ],
      [
        0.0,
        0.0,
        0.0,
        1.0
      ]
    ],
    "location": [
      48.572203376836114,
      22.830542966737994,
      1.2217930754179065
    ],
    "rotation": [
      -0.003320085444509997,
      0.014751106600137948,
      2.3258097468114194
    ]
  },
  {
    "label_id": "C9cPjD8O_VEcJgOpJDHC3Q",
    "size": [
      0.9268047146971001,
      0.9427106435680166,
      2.1999999999999886
    ],
    "obj_class": "pedestrian",
    "point_num_in_lidar": 45,
    "speed": 0.3776996367609026,
    "if_vehicle": false,
    "motion_state": false,
    "pose": [
      [
        0.9785838834094709,
        0.20546696331721748,
        -0.012526376828134907,
        72.03340810680675
      ],
      [
        -0.2053719128480212,
        0.9786473765546262,
        0.008466981510105305,
        32.032442464027554
      ],
      [
        0.01399859079993325,
        -0.005713085676665841,
        0.999885693520848,
        4.5027921282060674
      ],
      [
        0.0,
        0.0,
        0.0,
        1.0
      ]
    ],
    "location": [
      72.03340810680675,
      32.032442464027554,
      4.5027921282060674
    ],
    "rotation": [
      -0.005713676616797926,
      -0.013999048035500082,
      -0.20686426906169444
    ]
  },
  {
    "label_id": "CZUwabcB3mvH43N9J3yGWQ",
    "size": [
      2.3729388997284704,
      4.773708939237198,
      1.6999999999999886
    ],
    "obj_class": "vehicle",
    "point_num_in_lidar": 46,
    "speed": 9.196189355253669,
    "if_vehicle": true,
    "motion_state": true,
    "pose": [
      [
        0.7090548025947969,
        -0.7050421099486278,
        -0.012526376828134907,
        76.8712230505298
      ],
      [
        0.7051473666012865,
        0.7090102267241131,
        0.008466981510105305,
        67.99364451521251
      ],
      [
        0.0029117507661669422,
        -0.014836495536636218,
        0.999885693520848,
        2.281270285753692
      ],
      [
        0.0,
        0.0,
        0.0,
        1.0
      ]
    ],
    "location": [
      76.8712230505298,
      67.99364451521251,
      2.281270285753692
    ],
    "rotation": [
      -0.014837102797479408,
      -0.002911754880628432,
      0.782635173681163
    ]
  },
  {
    "label_id": "DwEkvmQeGLlhCH7eI0ArZA",
    "size": [
      0.9176379586490334,
      0.9243772860056179,
      1.8151881475899359
    ],
    "obj_class": "pedestrian",
    "point_num_in_lidar": 42,
    "speed": 1.446947764808548,
    "if_vehicle": false,
    "motion_state": true,
    "pose": [
      [
        -0.6970522944518244,
        0.7169108652287304,
        -0.012526376828134907,
        51.586971312153764
      ],
      [
        -0.7170153544198845,
        -0.6970059481455196,
        0.008466981510105305,
        65.54902773465437
      ],
      [
        -0.002660888117636981,
        0.014883533409722254,
        0.999885693520848,
        1.9122845232160444
      ],
      [
        0.0,
        0.0,
        0.0,
        1.0
      ]
    ],
    "location": [
      51.586971312153764,
      65.54902773465437,
      1.9122845232160444
    ],
    "rotation": [
      0.014884135659732307,
      0.0026608912576393507,
      -2.342077956298131
    ]
  },
  {
    "label_id": "EHyNyPdydGtVbm2hzdravg",
    "size": [
      2.116168642941171,
      4.43080589474992,
      1.5300000000000296
    ],
    "obj_class": "vehicle",
    "point_num_in_lidar": 234,
    "speed": 2.3437142008433857e-12,
    "if_vehicle": true,
    "motion_state": false,
    "pose": [
      [
        -0.7134195301264791,
        -0.700625195034887,
        -0.012526376828134907,
        51.16496783461844
      ],
      [
        0.7005793713222422,
        -0.7135242495541685,
        0.008466981510105305,
        15.592302894161548
      ],
      [
        -0.014870054197801994,
        -0.0027352112326713427,
        0.999885693520848,
        1.0244929142562569
      ],
      [
        0.0,
        0.0,
        0.0,
        1.0
      ]
    ],
    "location": [
      51.16496783461844,
      15.592302894161548,
      1.0244929142562569
    ],
    "rotation": [
      -0.0027355170974184113,
      0.01487060225971361,
      2.3652749823171506
    ]
  },
  {
    "label_id": "FUBBAMWnwtT4q8zdcG-J8Q",
    "size": [
      0.6207832016886933,
      0.8538091971167887,
      1.9024940406123392
    ],
    "obj_class": "pedestrian",
    "point_num_in_lidar": 23,
    "speed": 1.4020904950757251,
    "if_vehicle": false,
    "motion_state": true,
    "pose": [
      [
        -0.696884178183819,
        -0.7170742863055563,
        -0.012526376828134907,
        10.050595701861312
      ],
      [
        0.717030917518597,
        -0.696989937909111,
        0.008466981510105305,
        79.66515845566755
      ],
      [
        -0.014802213331188977,
        -0.003081294018893938,
        0.999885693520848,
        1.5066592801242678
      ],
      [
        0.0,
        0.0,
        0.0,
        1.0
      ]
    ],
    "location": [
      10.050595701861312,
      79.66515845566755,
      1.5066592801242678
    ],
    "rotation": [
      -0.003081636516088553,
      0.014802753925598874,
      2.3419465511968736
    ]
  },
  {
    "label_id": "Fe-uZ9qlinJ4Guviu-__IQ",
    "size": [
      0.6950761202728856,
      1.001424989274805,
      1.910000000000025
    ],
    "obj_class": "pedestrian",
    "point_num_in_lidar": 427,
    "speed": 0.03620859903367636,
    "if_vehicle": false,
    "motion_state": false,
    "pose": [
      [
        0.9905489992547791,
        -0.1365861265243111,
        -0.012526376828134907,
        19.08230758143327
      ],
      [
        0.1366970212127761,
        0.9905767181877744,
        0.008466981510105305,
        30.901656870308216
      ],
      [
        0.011251865041379011,
        -0.010099278460538312,
        0.999885693520848,
        1.1210129839881233
      ],
      [
        0.0,
        0.0,
        0.0,
        1.0
      ]
    ],
    "location": [
      19.08230758143327,
      30.901656870308216,
      1.1210129839881233
    ],
    "rotation": [
      -0.010100089548656805,
      -0.011252102477635698,
      0.13713509919663516
    ]
  },
  {
    "label_id": "G6Mgy_kvMQsfCAyCXrx1BQ",
    "size": [
      0.8620947521888532,
      1.1094360817910744,
      2.019999999999982
    ],
    "obj_class": "pedestrian",
    "point_num_in_lidar": 149,
    "speed": 1.6803799280405367,
    "if_vehicle": false,
    "motion_state": true,
    "pose": [
      [
        0.5742006760685494,
        -0.8186187595492668,
        -0.012526376828134907,
        46.4455292153325
      ],
      [
        0.8187145507853842,
        0.5741383061217863,
        0.008466981510105305,
        27.070071841684694
      ],
      [
        0.00026064287301958626,
        -0.01511727348517729,
        0.999885693520848,
        1.1553857669190961
      ],
      [
        0.0,
        0.0,
        0.0,
        1.0
      ]
    ],
    "location": [
      46.4455292153325,
      27.070071841684694,
      1.1553857669190961
    ],
    "rotation": [
      -0.015117849854636326,
      -0.00026064287597070255,
      0.9591688052917193
    ]
  },
  {
    "label_id": "GiPscZnqoFfFvj5jXUIwjA",
    "size": [
      2.0663953814856915,
      4.663853484354714,
      1.829999999999984
    ],
    "obj_class": "vehicle",
    "point_num_in_lidar": 349,
    "speed": 1.1368683772161603e-12,
    "if_vehicle": true,
    "motion_state": false,
    "pose": [
      [
        -0.7342258085998287,
        -0.6787897700094538,
        -0.012526376828134907,
        43.23270705898176
      ],
      [
        0.6787408088095784,
        -0.7343290983480272,
        0.008466981510105305,
        13.903139488335
      ],
      [
        -0.014945783433690603,
        -0.0022854867941249817,
        0.999885693520848,
        0.8347800726543824
      ],
      [
        0.0,
        0.0,
        0.0,
        1.0
      ]
    ],
    "location": [
      43.23270705898176,
      13.903139488335,
      0.8347800726543824
    ],
    "rotation": [
      -0.002285744089211402,
      0.014946339912284811,
      2.395442768231884
    ]
  },
  {
    "label_id": "H0ATfIvGdadeca8zxrorMw",
    "size": [
      0.9069711678900337,
      0.6684251695846886,
      1.920000000000016
    ],
    "obj_class": "pedestrian",
    "point_num_in_lidar": 113,
    "speed": 0.06816088980988513,
    "if_vehicle": false,
    "motion_state": false,
    "pose": [
      [
        0.33884976375206177,
        0.94075710334216,
        -0.012526376828134907,
        41.433009510252305
      ],
      [
        -0.9407612450568544,
        0.3389639951723258,
        0.008466981510105305,
        43.750772413222876
      ],
      [
        0.012211363734196947,
        0.008915295176495268,
        0.999885693520848,
        1.2060720619202812
      ],
      [
        0.0,
        0.0,
        0.0,
        1.0
      ]
    ],
    "location": [
      41.433009510252305,
      43.750772413222876,
      1.2060720619202812
    ],
    "rotation": [
      0.008916078095969922,
      -0.012211667242374042,
      -1.225075405352625
    ]
  },
  {
    "label_id": "H1KwN3bm7xetzBAXKSAkJQ",
    "size": [
      0.8718508778692554,
      0.8439339778954031,
      1.7800000000000296
    ],
    "obj_class": "pedestrian",
    "point_num_in_lidar": 60,
    "speed": 0.04396625630581864,
    "if_vehicle": false,
    "motion_state": false,
    "pose": [
      [
        0.7268710339478108,
        0.6866597337045475,
        -0.012526376828134907,
        19.883831971535983
      ],
      [
        -0.6866118880206064,
        0.7269748451307554,
        0.008466981510105305,
        64.79761957513256
      ],
      [
        0.014920296123693092,
        0.002446355639356042,
        0.999885693520848,
        1.247623372608473
      ],
      [
        0.0,
        0.0,
        0.0,
        1.0
      ]
    ],
    "location": [
      19.883831971535983,
      64.79761957513256,
      1.247623372608473
    ],
    "rotation": [
      0.0024466304237683177,
      -0.014920849760031269,
      -0.7569236314295548
    ]
  },
  {
    "label_id": "IFM6U6TiltkbR_9izPEjXA",
    "size": [
      0.9453538610364989,
      0.8753901206048866,
      1.8500000000000227
    ],
    "obj_class": "pedestrian",
    "point_num_in_lidar": 62,
    "speed": 1.1596880625352746,
    "if_vehicle": false,
    "motion_state": true,
    "pose": [
      [
        -0.7231922201043507,
        -0.6905332017101712,
        -0.012526376828134907,
        0.25627339542188565
      ],
      [
        0.6904859113143935,
        -0.723296285418665,
        0.008466981510105305,
        40.747612968465546
      ],
      [
        -0.014907013680538251,
        -0.0025260315637666893,
        0.999885693520848,
        1.2362130339856208
      ],
      [
        0.0,
        0.0,
        0.0,
        1.0
      ]
    ],
    "location": [
      0.25627339542188565,
      40.747612968465546,
      1.2362130339856208
    ],
    "rotation": [
      -0.0025263149639969526,
      0.014907565839508622,
      2.3793259757226144
    ]
  },
  {
    "label_id": "IdtzlKr8w-UleoH07PuGAA",
    "size": [
      0.8235683293070843,
      0.939835135752179,
      1.759999999999991
    ],
    "obj_class": "pedestrian",
    "point_num_in_lidar": 71,
    "speed": 2.8184547343433177,
    "if_vehicle": false,
    "motion_state": true,
    "pose": [
      [
        0.7120287433639197,
        0.7020385733755352,
        -0.012526376828134907,
        19.62669610492594
      ],
      [
        -0.7019929574182275,
        0.7121335534570169,
        0.008466981510105305,
        63.94605472926196
      ],
      [
        0.01486460086271271,
        0.002764694110591755,
        0.999885693520848,
        1.125646639717388
      ],
      [
        0.0,
        0.0,
        0.0,
        1.0
      ]
    ],
    "location": [
      19.62669610492594,
      63.94605472926196,
      1.125646639717388
    ],
    "rotation": [
      0.0027650031227745477,
      -0.014865148321828808,
      -0.7783009473949355
    ]
  },
  {
    "label_id": "J8bvMVrn5EZ0WGhQO07qSQ",
    "size": [
      0.9052480861225721,
      1.0215068244376773,
      1.7800000000000296
    ],
    "obj_class": "pedestrian",
    "point_num_in_lidar": 38,
    "speed": 1.5363652880422682,
    "if_vehicle": false,
    "motion_state": true,
    "pose": [
      [
        -0.7296906552060924,
        -0.6836626635910894,
        -0.012526376828134907,
        7.079064739671594
      ],
      [
        0.6836143911033652,
        -0.7297942686130678,
        0.008466981510105305,
        78.02057888027775
      ],
      [
        -0.014930237147435492,
        -0.0023849341823701364,
        0.999885693520848,
        1.3872608580649057
      ],
      [
        0.0,
        0.0,
        0.0,
        1.0
      ]
    ],
    "location": [
      7.079064739671594,
      78.02057888027775,
      1.3872608580649057
    ],
    "rotation": [
      -0.0023852023036645613,
      0.014930791891207773,
      2.388784729766024
    ]
  },
  {
    "label_id": "JIwIafnXjVCNvgOcHBrynQ",
    "size": [
      0.8078365520582289,
      0.9177911650848429,
      2.0151233647333697
    ],
    "obj_class": "pedestrian",
    "point_num_in_lidar": 117,
    "speed": 1.490137780530066,
    "if_vehicle": false,
    "motion_state": true,
    "pose": [
      [
        0.908125100212531,
        -0.4185115198504577,
        -0.012526376828134907,
        49.36823445189657
      ],
      [
        0.41862568417089213,
        0.9081194011673576,
        0.008466981510105305,
        28.220904565780074
      ],
      [
        0.00783191652362264,
        -0.012932941502222411,
        0.999885693520848,
        1.0857930669691882
      ],
      [
        0.0,
        0.0,
        0.0,
        1.0
      ]
    ],
    "location": [
      49.36823445189657,
      28.220904565780074,
      1.0857930669691882
    ],
    "rotation": [
      -0.01293369875649983,
      -0.007831996592711625,
      0.43194563051368595
    ]
  },
  {
    "label_id": "KIMtmvNTn718XRJNcfn2RA",
    "size": [
      0.6456584758654135,
      0.8107772221525958,
      1.6499999999999773
    ],
    "obj_class": "pedestrian",
    "point_num_in_lidar": 81,
    "speed": 1.0814242359525832,
    "if_vehicle": false,
    "motion_state": true,
    "pose": [
      [
        0.7157375666465766,
        0.6982569910673267,
        -0.012526376828134907,
        33.767783821000194
      ],
      [
        -0.6982108205538161,
        0.7158421336339976,
        0.008466981510105305,
        52.23955629831471
      ],
      [
        0.01487903734802438,
        0.002685915100854053,
        0.999885693520848,
        1.0159692908620173
      ],
      [
        0.0,
        0.0,
        0.0,
        1.0
      ]
    ],
    "location": [
      33.767783821000194,
      52.23955629831471,
      1.0159692908620173
    ],
    "rotation": [
      0.0026862156924074418,
      -0.014879586403871442,
      -0.7730031929256634
    ]
  },
  {
    "label_id": "MDFcC1ERI2HCAT9f-NMOkQ",
    "size": [
      0.8981496602121876,
      0.1072508584288479,
      0.5099999999999909
    ],
    "obj_class": "sign",
    "point_num_in_lidar": 60,
    "speed": 0.010647319541800737,
    "if_vehicle": false,
    "motion_state": false,
    "pose": [
      [
        0.6851261671171456,
        -0.7283167065328988,
        -0.012526376828134907,
        19.635458181033755
      ],
      [
        0.7284204166399001,
        0.6850781027344707,
        0.008466981510105305,
        35.168327203915396
      ],
      [
        0.0024149023838408524,
        -0.014925419217208608,
        0.999885693520848,
        1.1759898558452733
      ],
      [
        0.0,
        0.0,
        0.0,
        1.0
      ]
    ],
    "location": [
      19.635458181033755,
      35.168327203915396,
      1.1759898558452733
    ],
    "rotation": [
      -0.014926016949798997,
      -0.0024149047310329263,
      0.816016693980067
    ]
  },
  {
    "label_id": "NDAnvjpf76se8u_t0LfMfQ",
    "size": [
      0.7398662657321461,
      0.9588898975130005,
      1.772289894821938
    ],
    "obj_class": "pedestrian",
    "point_num_in_lidar": 47,
    "speed": 1.7040626436003687,
    "if_vehicle": false,
    "motion_state": true,
    "pose": [
      [
        0.778860364078785,
        0.6270722631010098,
        -0.012526376828134907,
        15.390674896596465
      ],
      [
        -0.6270163634907427,
        0.7789600696691404,
        0.008466981510105305,
        71.03288916665042
      ],
      [
        0.015066956623922012,
        0.0012596469448828951,
        0.999885693520848,
        1.261115910653416
      ],
      [
        0.0,
        0.0,
        0.0,
        1.0
      ]
    ],
    "location": [
      15.390674896596465,
      71.03288916665042,
      1.261115910653416
    ],
    "rotation": [
      0.0012597902806910034,
      -0.015067526748459677,
      -0.677808604337897
    ]
  },
  {
    "label_id": "NR-ydNfoP_gKd7nePeHUGg",
    "size": [
      0.8420630655433218,
      1.0804344746293282,
      1.9700000000000273
    ],
    "obj_class": "pedestrian",
    "point_num_in_lidar": 111,
    "speed": 0.6336620892171034,
    "if_vehicle": false,
    "motion_state": false,
    "pose": [
      [
        0.3995608623400363,
        -0.9166210815651396,
        -0.012526376828134907,
        51.29385569676742
      ],
      [
        0.9167025234014703,
        0.3994806551179723,
        0.008466981510105305,
        33.166508318681736
      ],
      [
        -0.002756968527826843,
        -0.01486603568102379,
        0.999885693520848,
        1.1270568332242874
      ],
      [
        0.0,
        0.0,
        0.0,
        1.0
      ]
    ],
    "location": [
      51.29385569676742,
      33.166508318681736,
      1.1270568332242874
    ],
    "rotation": [
      -0.014866639802706614,
      0.002756972020401195,
      1.1597569126375789
    ]
  },
  {
    "label_id": "NVmWqAJVs2oPwpFNDwY82w",
    "size": [
      0.8981345550185383,
      0.8446989604514674,
      1.839999999999975
    ],
    "obj_class": "pedestrian",
    "point_num_in_lidar": 26,
    "speed": 0.8581461598030053,
    "if_vehicle": false,
    "motion_state": false,
    "pose": [
      [
        0.7075482662536601,
        0.7065539900142093,
        -0.012526376828134907,
        40.48472700490311
      ],
      [
        -0.706509041736935,
        0.7076533644151388,
        0.008466981510105305,
        46.5159313012191
      ],
      [
        0.01484671227570294,
        0.0028592004014045347,
        0.999885693520848,
        1.1560666671452964
      ],
      [
        0.0,
        0.0,
        0.0,
        1.0
      ]
    ],
    "location": [
      40.48472700490311,
      46.5159313012191,
      1.1560666671452964
    ],
    "rotation": [
      0.002859519469917168,
      -0.014847257760571124,
      -0.7846632396261464
    ]
  },
  {
    "label_id": "OaBaJCfNzU4Ykpv4ByH-2g",
    "size": [
      0.9375452324537996,
      1.0542668871771672,
      1.839999999999975
    ],
    "obj_class": "pedestrian",
    "point_num_in_lidar": 120,
    "speed": 1.3716625094913637,
    "if_vehicle": false,
    "motion_state": true,
    "pose": [
      [
        0.6359542376601948,
        -0.7716251016430195,
        -0.012526376828134907,
        49.7357663422481
      ],
      [
        0.7717254411119001,
        0.6358994840104454,
        0.008466981510105305,
        30.146797184614115
      ],
      [
        0.001432181093186814,
        -0.015051536454768278,
        0.999885693520848,
        1.030096433556082
      ],
      [
        0.0,
        0.0,
        0.0,
        1.0
      ]
    ],
    "location": [
      49.7357663422481,
      30.146797184614115,
      1.030096433556082
    ],
    "rotation": [
      -0.015052120268705409,
      -0.001432181582788561,
      0.8815510938590523
    ]
  },
  {
    "label_id": "OaQW5LGNnGDxoNUGOPRPiA",
    "size": [
      0.9880183285411126,
      1.0982428043988728,
      2.019999999999982
    ],
    "obj_class": "pedestrian",
    "point_num_in_lidar": 66,
    "speed": 1.5982004352587604,
    "if_vehicle": false,
    "motion_state": true,
    "pose": [
      [
        0.30311963607174175,
        0.9528701779945127,
        -0.012526376828134907,
        43.033249148767936
      ],
      [
        -0.9528786260047627,
        0.3032336299413092,
        0.008466981510105305,
        17.854170528218674
      ],
      [
        0.01186635289421834,
        0.0093696083868418,
        0.999885693520848,
        1.1449333577057814
      ],
      [
        0.0,
        0.0,
        0.0,
        1.0
      ]
    ],
    "location": [
      43.033249148767936,
      17.854170528218674,
      1.1449333577057814
    ],
    "rotation": [
      0.009370405252026162,
      -0.01186663139604569,
      -1.2628093191067888
    ]
  },
  {
    "label_id": "PES5FWXW1H2xBozxmQ1gTA",
    "size": [
      0.8442639439972001,
      0.09986239830018995,
      0.8299999999999841
    ],
    "obj_class": "sign",
    "point_num_in_lidar": 54,
    "speed": 0.01734652904238398,
    "if_vehicle": false,
    "motion_state": false,
    "pose": [
      [
        -0.5657595524255665,
        0.8244751171034709,
        -0.012526376828134907,
        40.56535642508243
      ],
      [
        -0.8245702624697312,
        -0.5656962015735176,
        0.008466981510105305,
        43.62436947074457
      ],
      [
        -0.0001053082190974499,
        0.015119153498522683,
        0.999885693520848,
        1.1876913288781452
      ],
      [
        0.0,
        0.0,
        0.0,
        1.0
      ]
    ],
    "location": [
      40.56535642508243,
      43.62436947074457,
      1.1876913288781452
    ],
    "rotation": [
      0.01511972965315829,
      0.00010530821929209146,
      -2.1721504428195066
    ]
  },
  {
    "label_id": "Pv3Lf9faouPCSxaqDpc1og",
    "size": [
      1.983278480334895,
      4.594323009820505,
      1.5600000000000023
    ],
    "obj_class": "vehicle",
    "point_num_in_lidar": 67,
    "speed": 7.8969401269261e-12,
    "if_vehicle": true,
    "motion_state": false,
    "pose": [
      [
        0.6939738310838542,
        -0.7198912498803952,
        -0.012526376828134907,
        73.86773294373415
      ],
      [
        0.7199955395117883,
        0.6939270374522356,
        0.008466981510105305,
        59.098135752057715
      ],
      [
        0.002597085660334083,
        -0.014894799038784889,
        0.999885693520848,
        1.990276758836842
      ],
      [
        0.0,
        0.0,
        0.0,
        1.0
      ]
    ],
    "location": [
      73.86773294373415,
      59.098135752057715,
      1.990276758836842
    ],
    "rotation": [
      -0.014895400078927095,
      -0.0025970885798368465,
      0.803799390379099
    ]
  },
  {
    "label_id": "Q-ps1GWMC5qpDsjn1OHjLw",
    "size": [
      2.2055060766008214,
      4.57734672187009,
      1.7699999999999818
    ],
    "obj_class": "vehicle",
    "point_num_in_lidar": 604,
    "speed": 2.2737367544323206e-12,
    "if_vehicle": true,
    "motion_state": false,
    "pose": [
      [
        -0.6941400483757149,
        -0.7197309796893001,
        -0.012526376828134907,
        46.642690095755825
      ],
      [
        0.7196880151946364,
        -0.694245972987465,
        0.008466981510105305,
        20.18396664784086
      ],
      [
        -0.014790335566335435,
        -0.003137812321999716,
        0.999885693520848,
        1.1442327316216279
      ],
      [
        0.0,
        0.0,
        0.0,
        1.0
      ]
    ],
    "location": [
      46.642690095755825,
      20.18396664784086,
      1.1442327316216279
    ],
    "rotation": [
      -0.0031381607336502994,
      0.014790874860333762,
      2.338126390315876
    ]
  },
  {
    "label_id": "QzJBj9-xw7Q7xr5j6JQSeA",
    "size": [
      2.304446840817633,
      4.974115535925105,
      1.7900000000000205
    ],
    "obj_class": "vehicle",
    "point_num_in_lidar": 21,
    "speed": 1.3123322310792895e-11,
    "if_vehicle": true,
    "motion_state": false,
    "pose": [
      [
        0.7191552023966696,
        -0.6947365578040101,
        -0.012526376828134907,
        67.87888242795452
      ],
      [
        0.6948424467563507,
        0.7191121500918722,
        0.008466981510105305,
        76.9159018076316
      ],
      [
        0.0031255481844203402,
        -0.014792932125841951,
        0.999885693520848,
        2.374647511972171
      ],
      [
        0.0,
        0.0,
        0.0,
        1.0
      ]
    ],
    "location": [
      67.87888242795452,
      76.9159018076316,
      2.374647511972171
    ],
    "rotation": [
      -0.014793543968835001,
      -0.0031255532733828837,
      0.7682055180661495
    ]
  },
  {
    "label_id": "RsYyboMUkbV1H__LSuMteQ",
    "size": [
      0.8086566255847805,
      0.8286798791523324,
      1.759999999999991
    ],
    "obj_class": "pedestrian",
    "point_num_in_lidar": 61,
    "speed": 0.36997170920061634,
    "if_vehicle": false,
    "motion_state": false,
    "pose": [
      [
        0.22231957642641814,
        0.9748933766423576,
        -0.012526376828134907,
        57.11442254915892
      ],
      [
        -0.974911334115992,
        0.2224324635395746,
        0.008466981510105305,
        29.5772831324648
      ],
      [
        0.011040677051462059,
        0.010329731002219723,
        0.999885693520848,
        1.1017145492938312
      ],
      [
        0.0,
        0.0,
        0.0,
        1.0
      ]
    ],
    "location": [
      57.11442254915892,
      29.5772831324648,
      1.1017145492938312
    ],
    "rotation": [
      0.010330544384290312,
      -0.011040901367173355,
      -1.3465894833901428
    ]
  },
  {
    "label_id": "S2eYOtqKBZvlG_UM7dMlow",
    "size": [
      1.0153560860597801,
      0.13516787914706185,
      1.1499999999999773
    ],
    "obj_class": "sign",
    "point_num_in_lidar": 42,
    "speed": 0.010355902985389716,
    "if_vehicle": false,
    "motion_state": false,
    "pose": [
      [
        -0.49399956655963034,
        0.8693719101296389,
        -0.012526376828134907,
        74.85175206299391
      ],
      [
        -0.8694613564611203,
        -0.49392839546324535,
        0.008466981510105305,
        57.565504819198395
      ],
      [
        0.0011738226807839328,
        0.015073885784593746,
        0.999885693520848,
        4.187796674945844
      ],
      [
        0.0,
        0.0,
        0.0,
        1.0
      ]
    ],
    "location": [
      74.85175206299391,
      57.565504819198395,
      4.187796674945844
    ],
    "rotation": [
      0.015074467082173174,
      -0.0011738229503445916,
      -2.087480538399367
    ]
  },
  {
    "label_id": "TAl_BqipReAf5gsI2aV_RA",
    "size": [
      2.323370911257424,
      5.119892405167558,
      1.8999999999999773
    ],
    "obj_class": "vehicle",
    "point_num_in_lidar": 9753,
    "speed": 8.983351926579653,
    "if_vehicle": true,
    "motion_state": true,
    "pose": [
      [
        0.715786984060327,
        -0.6982063329227118,
        -0.012526376828134907,
        29.644289693955216
      ],
      [
        0.6983120124319683,
        0.7157434201704701,
        0.008466981510105305,
        24.824843325091933
      ],
      [
        0.0030539716822183724,
        -0.014807874570548892,
        0.999885693520848,
        1.2537194314807039
      ],
      [
        0.0,
        0.0,
        0.0,
        1.0
      ]
    ],
    "location": [
      29.644289693955216,
      24.824843325091933,
      1.2537194314807039
    ],
    "rotation": [
      -0.014808484848178234,
      -0.0030539764295064832,
      0.7730411203566806
    ]
  },
  {
    "label_id": "U0FXvRewXXTDX6H5KkWN8w",
    "size": [
      0.46438399760313614,
      0.07521161574320767,
      0.5
    ],
    "obj_class": "sign",
    "point_num_in_lidar": 36,
    "speed": 0.011664758846980896,
    "if_vehicle": false,
    "motion_state": false,
    "pose": [
      [
        -0.6861123850998402,
        0.7273877129125623,
        -0.012526376828134907,
        32.79716020111664
      ],
      [
        -0.7274914880501322,
        -0.6860644612853166,
        0.008466981510105305,
        15.745781125995563
      ],
      [
        -0.0024351236545427962,
        0.014922133397071154,
        0.999885693520848,
        2.717861941258718
      ],
      [
        0.0,
        0.0,
        0.0,
        1.0
      ]
    ],
    "location": [
      32.79716020111664,
      15.745781125995563,
      2.717861941258718
    ],
    "rotation": [
      0.014922731485930945,
      0.0024351260611929705,
      -2.326930782589712
    ]
  },
  {
    "label_id": "UzgcwGAkWdeM3lWj082ApQ",
    "size": [
      0.8987437200645656,
      0.8431158821777414,
      2.0
    ],
    "obj_class": "pedestrian",
    "point_num_in_lidar": 77,
    "speed": 0.9218390774726495,
    "if_vehicle": false,
    "motion_state": false,
    "pose": [
      [
        -0.9905135196403531,
        -0.13684318504492407,
        -0.012526376828134907,
        71.88585248099844
      ],
      [
        0.13674394503139886,
        -0.990570241689784,
        0.008466981510105305,
        34.06049548666488
      ],
      [
        -0.013566904839702194,
        0.006673753471875129,
        0.999885693520848,
        4.0341863942852
      ],
      [
        0.0,
        0.0,
        0.0,
        1.0
      ]
    ],
    "location": [
      71.88585248099844,
      34.06049548666488,
      4.0341863942852
    ],
    "rotation": [
      0.006674417300274834,
      0.013567321063646037,
      3.0044062161194187
    ]
  },
  {
    "label_id": "XDoFw3_cd4Q8b-GDLvYpzg",
    "size": [
      0.7780633400332282,
      0.8065410288384192,
      1.759999999999991
    ],
    "obj_class": "pedestrian",
    "point_num_in_lidar": 24,
    "speed": 1.4258552601621062,
    "if_vehicle": false,
    "motion_state": true,
    "pose": [
      [
        -0.6795555783259614,
        -0.7335170794532515,
        -0.012526376828134907,
        62.40657608414767
      ],
      [
        0.7334762494691668,
        -0.6796623438802184,
        0.008466981510105305,
        24.571151894691866
      ],
      [
        -0.014724382184414148,
        -0.003434015378563035,
        0.999885693520848,
        1.0970568332243715
      ],
      [
        0.0,
        0.0,
        0.0,
        1.0
      ]
