[
  {
    "label_id": "003ynNxk1Wh4n8dKBPJJXg",
    "size": [
      0.7788622106889723,
      0.8631666814550667,
      1.7699999999999818
    ],
    "obj_class": "pedestrian",
    "point_num_in_lidar": 44,
    "speed": 1.546000137389293,
    "if_vehicle": false,
    "motion_state": true,
    "pose": [
      [
        -0.6974459417984331,
        -0.7164184710058353,
        -0.01771250040388813,
        61.6965528068431
      ],
      [
        0.7166347516051028,
        -0.6972974579059634,
        -0.014521982983520977,
        25.214679622971744
      ],
      [
        -0.0019470646597626897,
        -0.02282169142596826,
        0.9997376552574523,
        1.1193101244450077
      ],
      [
        0.0,
        0.0,
        0.0,
        1.0
      ]
    ],
    "location": [
      61.6965528068431,
      25.214679622971744,
      1.1193101244450077
    ],
    "rotation": [
      -0.02282371619641769,
      0.0019470658900048695,
      2.342625510558893
    ]
  },
  {
    "label_id": "2RASsgT-pdwc8yVFafN5wA",
    "size": [
      1.9263045126373077,
      4.255572104286605,
      1.9499999999999886
    ],
    "obj_class": "vehicle",
    "point_num_in_lidar": 30,
    "speed": 0.004188139427069522,
    "if_vehicle": true,
    "motion_state": false,
    "pose": [
      [
        -0.587519418327144,
        -0.8090161929269256,
        -0.01771250040388813,
        74.17727101284618
      ],
      [
        0.8092089491813439,
        -0.5873414582464375,
        -0.014521982983520977,
        5.380684102674422
      ],
      [
        0.0013452335706674694,
        -0.02286506083463937,
        0.9997376552574523,
        0.9986976866551345
      ],
      [
        0.0,
        0.0,
        0.0,
        1.0
      ]
    ],
    "location": [
      74.17727101284618,
      5.380684102674422,
      0.9986976866551345
    ],
    "rotation": [
      -0.022867074348784364,
      -0.0013452339764022084,
      2.198786964810354
    ]
  },
  {
    "label_id": "3UEJmY_UqHvR2yyZSFepYw",
    "size": [
      0.944081370033265,
      0.9389889363884447,
      1.8700000000000045
    ],
    "obj_class": "pedestrian",
    "point_num_in_lidar": 56,
    "speed": 1.8189814092150296,
    "if_vehicle": false,
    "motion_state": true,
    "pose": [
      [
        -0.783151971097107,
        -0.6215780381385416,
        -0.01771250040388813,
        7.512815990088711
      ],
      [
        0.621811495832293,
        -0.7830322954138178,
        -0.014521982983520977,
        81.68815399599407
      ],
      [
        -0.004842914155996446,
        -0.02238675596885487,
        0.9997376552574523,
        1.4222608580647602
      ],
      [
        0.0,
        0.0,
        0.0,
        1.0
      ]
    ],
    "location": [
      7.512815990088711,
      81.68815399599407,
      1.4222608580647602
    ],
    "rotation": [
      -0.022388888905203196,
      0.004842933087000398,
      2.470529718168853
    ]
  },
  {
    "label_id": "6NF9mwSv2e_D5E-gXNDHOA",
    "size": [
      1.9377886936154278,
      4.297867069959489,
      1.75
    ],
    "obj_class": "vehicle",
    "point_num_in_lidar": 37,
    "speed": 0.0,
    "if_vehicle": true,
    "motion_state": false,
    "pose": [
      [
        0.7396774922650935,
        -0.6727283811211363,
        -0.01771250040388813,
        82.3252696440577
      ],
      [
        0.6725726420681681,
        0.7398886086105597,
        -0.014521982983520977,
        91.04203788078303
      ],
      [
        0.02287462738201952,
        -0.001171359238309382,
        0.9997376552574523,
        3.1246475119720003
      ],
      [
        0.0,
        0.0,
        0.0,
        1.0
      ]
    ],
    "location": [
      82.3252696440577,
      91.04203788078303,
      3.1246475119720003
    ],
    "rotation": [
      -0.0011716660827316213,
      -0.02287662270458541,
      0.7379176117120203
    ]
  },
  {
    "label_id": "7A525L6-Hks-TcyM85kvow",
    "size": [
      1.9422641172512345,
      4.20923115912376,
      1.6100000000000136
    ],
    "obj_class": "vehicle",
    "point_num_in_lidar": 26,
    "speed": 2.2737367544323206e-12,
    "if_vehicle": true,
    "motion_state": false,
    "pose": [
      [
        0.7398488322493559,
        -0.6725399413779874,
        -0.01771250040388813,
        77.18566025511245
      ],
      [
        0.6723841485524426,
        0.7400599089165912,
        -0.014521982983520977,
        86.34071538051649
      ],
      [
        0.02287492502001586,
        -0.001165532350500105,
        0.9997376552574523,
        2.7849215623201644
      ],
      [
        0.0,
        0.0,
        0.0,
        1.0
      ]
    ],
    "location": [
      77.18566025511245,
      86.34071538051649,
      2.7849215623201644
    ],
    "rotation": [
      -0.001165837673829342,
      -0.022876920420482665,
      0.7376628153887889
    ]
  },
  {
    "label_id": "7icJBEuPRDJAEFyjeeK9Tw",
    "size": [
      2.0299898428490035,
      4.529825083229547,
      1.5699999999999932
    ],
    "obj_class": "vehicle",
    "point_num_in_lidar": 89,
    "speed": 9.311444042891702,
    "if_vehicle": true,
    "motion_state": true,
    "pose": [
      [
        0.6979227742019649,
        -0.7159539570249441,
        -0.01771250040388813,
        77.44956135890243
      ],
      [
        0.7158111834873276,
        0.6981428661847786,
        -0.014521982983520977,
        77.80661082592997
      ],
      [
        0.022762926980170257,
        -0.002543583225854247,
        0.9997376552574523,
        2.8020722342207023
      ],
      [
        0.0,
        0.0,
        0.0,
        1.0
      ]
    ],
    "location": [
      77.44956135890243,
      77.80661082592997,
      2.8020722342207023
    ],
    "rotation": [
      -0.0025442452068451774,
      -0.022764893210306936,
      0.7980507948195146
    ]
  },
  {
    "label_id": "9VgJc444cmIlvshIYPoRwQ",
    "size": [
      2.1187966576952686,
      4.73377975721041,
      1.579999999999984
    ],
    "obj_class": "vehicle",
    "point_num_in_lidar": 700,
    "speed": 0.49432217463326067,
    "if_vehicle": true,
    "motion_state": false,
    "pose": [
      [
        -0.7081087762523024,
        -0.7058811715323685,
        -0.01771250040388813,
        52.09428045071036
      ],
      [
        0.7060996540334478,
        -0.7079635517341776,
        -0.014521982983520977,
        25.201286890114716
      ],
      [
        -0.002289010334648792,
        -0.02278993400647051,
        0.9997376552574523,
        0.9430192984910946
      ],
      [
        0.0,
        0.0,
        0.0,
        1.0
      ]
    ],
    "location": [
      52.09428045071036,
      25.201286890114716,
      0.9430192984910946
    ],
    "rotation": [
      -0.02279196696494887,
      0.002289012333557841,
      2.3576151583372655
    ]
  },
  {
    "label_id": "9yRa5_H_gVps_G_r_6mvIA",
    "size": [
      0.775645571588672,
      0.8305019388285249,
      1.8845138035056834
    ],
    "obj_class": "pedestrian",
    "point_num_in_lidar": 28,
    "speed": 0.8791437521740931,
    "if_vehicle": false,
    "motion_state": false,
    "pose": [
      [
        0.8593054253785416,
        0.5111559969759193,
        -0.01771250040388813,
        37.48345122421597
      ],
      [
        -0.511403372915823,
        0.859218076032241,
        -0.014521982983520977,
        51.20699392165261
      ],
      [
        0.007795901828740055,
        0.021537051214315702,
        0.9997376552574523,
        1.109431483549713
      ],
      [
        0.0,
        0.0,
        0.0,
        1.0
      ]
    ],
    "location": [
      37.48345122421597,
      51.20699392165261,
      1.109431483549713
    ],
    "rotation": [
      0.021539371186517987,
      -0.007795980798298951,
      -0.5368351641610173
    ]
  },
  {
    "label_id": "CZUwabcB3mvH43N9J3yGWQ",
    "size": [
      2.372938899730942,
      4.773708939237198,
      1.6999999999999886
    ],
    "obj_class": "vehicle",
    "point_num_in_lidar": 30,
    "speed": 7.125074144995677,
    "if_vehicle": true,
    "motion_state": true,
    "pose": [
      [
        0.7083618712874199,
        -0.705627186718048,
        -0.01771250040388813,
        101.08639624166244
      ],
      [
        0.705481196348754,
        0.7085798427901807,
        -0.014521982983520977,
        91.8565364093738
      ],
      [
        0.022797826749837335,
        -0.002209016934251799,
        0.9997376552574523,
        3.6392740940526096
      ],
      [
        0.0,
        0.0,
        0.0,
        1.0
      ]
    ],
    "location": [
      101.08639624166244,
      91.8565364093738,
      3.6392740940526096
    ],
    "rotation": [
      -0.0022095930143323675,
      -0.022799802039042246,
      0.7833606876560338
    ]
  },
  {
    "label_id": "D12DaDhs0GA7loPYgRNhcg",
    "size": [
      2.0385436216825976,
      4.681338502763968,
      1.8500000000000227
    ],
    "obj_class": "vehicle",
    "point_num_in_lidar": 113,
    "speed": 0.0,
    "if_vehicle": true,
    "motion_state": false,
    "pose": [
      [
        0.7398488322508285,
        -0.6725399413763673,
        -0.01771250040388813,
        72.56632030411129
      ],
      [
        0.6723841485508218,
        0.7400599089180635,
        -0.014521982983520977,
        81.46192089935357
      ],
      [
        0.022874925020018415,
        -0.0011655323504500133,
        0.9997376552574523,
        2.724647511971966
      ],
      [
        0.0,
        0.0,
        0.0,
        1.0
      ]
    ],
    "location": [
      72.56632030411129,
      81.46192089935357,
      2.724647511971966
    ],
    "rotation": [
      -0.0011658376737792373,
      -0.022876920420485218,
      0.7376628153865985
    ]
  },
  {
    "label_id": "DK3iUUgB9ty9m22YEVBF6g",
    "size": [
      0.9328708472215063,
      0.9058452994184475,
      2.0292879884999593
    ],
    "obj_class": "pedestrian",
    "point_num_in_lidar": 72,
    "speed": 0.9377788455070631,
    "if_vehicle": false,
    "motion_state": false,
    "pose": [
      [
        -0.37164928948954074,
        0.928204219421223,
        -0.01771250040388813,
        61.58065013705345
      ],
      [
        -0.9281563070169614,
        -0.37190722197190834,
        -0.014521982983520977,
        80.05489741747442
      ],
      [
        -0.020066772699053707,
        0.011042884305104476,
        0.9997376552574523,
        2.864702729285227
      ],
      [
        0.0,
        0.0,
        0.0,
        1.0
      ]
    ],
    "location": [
      61.58065013705345,
      80.05489741747442,
      2.864702729285227
    ],
    "rotation": [
      0.01104533291146133,
      0.020068119675654115,
      -1.9516618800877144
    ]
  },
  {
    "label_id": "DwEkvmQeGLlhCH7eI0ArZA",
    "size": [
      0.9176379586573656,
      0.9243772860056179,
      1.8151881475899359
    ],
    "obj_class": "pedestrian",
    "point_num_in_lidar": 204,
    "speed": 1.431625140738007,
    "if_vehicle": false,
    "motion_state": true,
    "pose": [
      [
        -0.7145948828777579,
        0.6993142503155259,
        -0.01771250040388813,
        47.61974242008364
      ],
      [
        -0.6991663316733834,
        -0.7148115504555104,
        -0.014521982983520977,
        61.404642271081684
      ],
      [
        -0.022816529519362923,
        0.0020066492028878243,
        0.9997376552574523,
        1.6714401904467309
      ],
      [
        0.0,
        0.0,
        0.0,
        1.0
      ]
    ],
    "location": [
      47.61974242008364,
      61.404642271081684,
      1.6714401904467309
    ],
    "rotation": [
      0.002007173079433381,
      0.02281850967475187,
      -2.367107180818624
    ]
  },
  {
    "label_id": "Eili_rpNcBafD_rPaXdaag",
    "size": [
      2.042666241213611,
      4.832900983299851,
      1.4800000000000182
    ],
    "obj_class": "vehicle",
    "point_num_in_lidar": 99,
    "speed": 3.457650183405701e-12,
    "if_vehicle": true,
    "motion_state": false,
    "pose": [
      [
        0.694582652129959,
        -0.719194832218332,
        -0.01771250040388813,
        83.11208089163847
      ],
      [
        0.7190530846927721,
        0.6948034062985267,
        -0.014521982983520977,
        68.7754435633833
      ],
      [
        0.022750840729996342,
        -0.0026495105981576,
        0.9997376552574523,
        2.5402767588370807
      ],
      [
        0.0,
        0.0,
        0.0,
        1.0
      ]
    ],
    "location": [
      83.11208089163847,
      68.7754435633833,
      2.5402767588370807
    ],
    "rotation": [
      -0.002650199661105154,
      -0.022752803829328854,
      0.8027067162376952
    ]
  },
  {
    "label_id": "EqHGUBAn_kXXQ_sCK5UmhA",
    "size": [
      2.045946005115215,
      4.313099364671785,
      1.6200000000000045
    ],
    "obj_class": "vehicle",
    "point_num_in_lidar": 155,
    "speed": 1.1368683772161603e-12,
    "if_vehicle": true,
    "motion_state": false,
    "pose": [
      [
        0.7157080018365193,
        -0.6981749948520207,
        -0.01771250040388813,
        63.476681048912724
      ],
      [
        0.6980267312405132,
        0.7159244335011277,
        -0.014521982983520977,
        72.71372239119955
      ],
      [
        0.022819697212302995,
        -0.001970299335182572,
        0.9997376552574523,
        2.289647511972362
      ],
      [
        0.0,
        0.0,
        0.0,
        1.0
      ]
    ],
    "location": [
      63.476681048912724,
      72.71372239119955,
      2.289647511972362
    ],
    "rotation": [
      -0.001970813816874096,
      -0.02282167819266959,
      0.7728920345106473
    ]
  },
  {
    "label_id": "G6Mgy_kvMQsfCAyCXrx1BQ",
    "size": [
      0.8620947521930755,
      1.1094360817910744,
      2.019999999999982
    ],
    "obj_class": "pedestrian",
    "point_num_in_lidar": 290,
    "speed": 1.1510906941126295,
    "if_vehicle": false,
    "motion_state": true,
    "pose": [
      [
        0.7618962570342634,
        -0.6474568409142203,
        -0.01771250040388813,
        50.30968968788875
      ],
      [
        0.647294085883362,
        0.7621020131128438,
        -0.014521982983520977,
        32.02356270154996
      ],
      [
        0.022901089441385754,
        -0.00040095227778355304,
        0.9997376552574523,
        1.1553857669192098
      ],
      [
        0.0,
        0.0,
        0.0,
        1.0
      ]
    ],
    "location": [
      50.30968968788875,
      32.02356270154996,
      1.1553857669192098
    ],
    "rotation": [
      -0.0004010574716053515,
      -0.022903091697805435,
      0.7042519077736005
    ]
  },
  {
    "label_id": "H-p0h9dhag2cAojkKazr-Q",
    "size": [
      2.0754927720991234,
      5.130892775956141,
      1.6899999999999977
    ],
    "obj_class": "vehicle",
    "point_num_in_lidar": 26,
    "speed": 6.915300366811402e-12,
    "if_vehicle": true,
    "motion_state": false,
    "pose": [
      [
        0.6945826521310918,
        -0.7191948322172379,
        -0.01771250040388813,
        91.20404574156055
      ],
      [
        0.7190530846916776,
        0.6948034062996592,
        -0.014521982983520977,
        76.3020629288294
      ],
      [
        0.022750840730000516,
        -0.0026495105981217634,
        0.9997376552574523,
        2.9057381344867963
      ],
      [
        0.0,
        0.0,
        0.0,
        1.0
      ]
    ],
    "location": [
      91.20404574156055,
      76.3020629288294,
      2.9057381344867963
    ],
    "rotation": [
      -0.002650199661069308,
      -0.022752803829333028,
      0.8027067162361197
    ]
  },
  {
    "label_id": "I6SZa1eCraS40H-IILNPiA",
    "size": [
      2.0802100137984114,
      4.51856244249473,
      1.5199999999999818
    ],
    "obj_class": "vehicle",
    "point_num_in_lidar": 63,
    "speed": 1.1368683772161603e-12,
    "if_vehicle": true,
    "motion_state": false,
    "pose": [
      [
        -0.7310095982627256,
        -0.6821372549400969,
        -0.01771250040388813,
        64.9618781563222
      ],
      [
        0.6823604093200735,
        -0.7308716602815902,
        -0.014521982983520977,
        -7.903475129125582
      ],
      [
        -0.0030395789692622575,
        -0.02270201797244088,
        0.9997376552574523,
        0.6801529523420413
      ],
      [
        0.0,
        0.0,
        0.0,
        1.0
      ]
    ],
    "location": [
      64.9618781563222,
      -7.903475129125582,
      0.6801529523420413
    ],
    "rotation": [
      -0.02270407335882665,
      0.0030395836497471543,
      2.3906016089146815
    ]
  },
  {
    "label_id": "IdtzlKr8w-UleoH07PuGAA",
    "size": [
      0.8235683293057806,
      0.939835135752179,
      1.759999999999991
    ],
    "obj_class": "pedestrian",
    "point_num_in_lidar": 23,
    "speed": 1.891226922289739,
    "if_vehicle": false,
    "motion_state": true,
    "pose": [
      [
        0.756255765380014,
        0.6540363022485308,
        -0.01771250040388813,
        27.598145240375743
      ],
      [
        -0.6542645079985506,
        0.7561263555674017,
        -0.014521982983520977,
        57.19624692267098
      ],
      [
        0.003894984326519919,
        0.022570993718212192,
        0.9997376552574523,
        1.125646639717388
      ],
      [
        0.0,
        0.0,
        0.0,
        1.0
      ]
    ],
    "location": [
      27.598145240375743,
      57.19624692267098,
      1.125646639717388
    ],
    "rotation": [
      0.022573081878999736,
      -0.003894994174991992,
      -0.7132162422169678
    ]
  },
  {
    "label_id": "J7ch-TpU8C5wm6aMM9VIvg",
    "size": [
      0.6920728141611535,
      0.7117013578337321,
      1.740000000000009
    ],
    "obj_class": "pedestrian",
    "point_num_in_lidar": 124,
    "speed": 0.013368007549579813,
    "if_vehicle": false,
    "motion_state": false,
    "pose": [
      [
        0.6598672684996462,
        0.7511733856389337,
        -0.01771250040388813,
        36.072283821660676
      ],
      [
        -0.7513817837382543,
        0.6597079104244131,
        -0.014521982983520977,
        48.8222519617193
      ],
      [
        0.0007765495059181804,
        0.022891431392472343,
        0.9997376552574523,
        0.9976310947657794
      ],
      [
        0.0,
        0.0,
        0.0,
        1.0
      ]
    ],
    "location": [
      36.072283821660676,
      48.8222519617193,
      0.9976310947657794
    ],
    "rotation": [
      0.02289343802024677,
      -0.0007765495839651977,
      -0.8501539646220407
    ]
  },
  {
    "label_id": "JIwIafnXjVCNvgOcHBrynQ",
    "size": [
      0.807836552049119,
      0.9177911650848429,
      2.0151233647333697
    ],
    "obj_class": "pedestrian",
    "point_num_in_lidar": 99,
    "speed": 1.371905946524477,
    "if_vehicle": false,
    "motion_state": true,
    "pose": [
      [
        0.998805673824902,
        0.045535626322977044,
        -0.01771250040388813,
        55.48458102150471
      ],
      [
        -0.04579496109038394,
        0.9988453001085587,
        -0.014521982983520977,
        29.343413405687897
      ],
      [
        0.017030780190988366,
        0.015315782265938896,
        0.9997376552574523,
        1.085793066969245
      ],
      [
        0.0,
        0.0,
        0.0,
        1.0
      ]
    ],
    "location": [
      55.48458102150471,
      29.343413405687897,
      1.085793066969245
    ],
    "rotation": [
      0.01531860300372177,
      -0.017031603587592606,
      -0.04581763269531329
    ]
  },
  {
    "label_id": "JPGSEeWeFuqVulF4JKzViw",
    "size": [
      0.9702925228998299,
      0.9593185900726269,
      1.8999999999999773
    ],
    "obj_class": "pedestrian",
    "point_num_in_lidar": 21,
    "speed": 1.2640787502167128,
    "if_vehicle": false,
    "motion_state": true,
    "pose": [
      [
        0.7079578100020324,
        0.7060325818165677,
        -0.01771250040388813,
        81.7767898493039
      ],
      [
        -0.7062510332569291,
        0.7078125387655593,
        -0.014521982983520977,
        2.983184276141401
      ],
      [
        0.0022841367398104746,
        0.022790422981710058,
        0.9997376552574523,
        0.9723923444594789
      ],
      [
        0.0,
        0.0,
        0.0,
        1.0
      ]
    ],
    "location": [
      81.7767898493039,
      2.983184276141401,
      0.9723923444594789
    ],
    "rotation": [
      0.02279245581446425,
      -0.0022841387259788723,
      -0.7841912865457236
    ]
  },
  {
    "label_id": "Jo4JefMWZmJ4Dm31X7-u1g",
    "size": [
      0.7198336385531423,
      0.9607013585296706,
      1.759999999999991
    ],
    "obj_class": "pedestrian",
    "point_num_in_lidar": 42,
    "speed": 0.045268823550749016,
    "if_vehicle": false,
    "motion_state": false,
    "pose": [
      [
        0.5088775464764895,
        0.8606566737215895,
        -0.01771250040388813,
        35.53360811266248
      ],
      [
        -0.8608318498460765,
        0.5086822567190722,
        -0.014521982983520977,
        49.59889730851137
      ],
      [
        -0.003488406892851393,
        0.022637395558705885,
        0.9997376552574523,
        1.0129019650549935
      ],
      [
        0.0,
        0.0,
        0.0,
        1.0
      ]
    ],
    "location": [
      35.53360811266248,
      49.59889730851137,
      1.0129019650549935
    ],
    "rotation": [
      0.022639467206852146,
      0.0034884139679506295,
      -1.0369123495398358
    ]
  },
  {
    "label_id": "KIMtmvNTn718XRJNcfn2RA",
    "size": [
      0.6456584758699643,
      0.8107772221525958,
      1.6499999999999773
    ],
    "obj_class": "pedestrian",
    "point_num_in_lidar": 57,
    "speed": 0.09762444707091746,
    "if_vehicle": false,
    "motion_state": false,
    "pose": [
      [
        0.34629922765883353,
        0.9379568818726891,
        -0.01771250040388813,
        35.89373869807241
      ],
      [
        -0.9380941999198892,
        0.34607569126838306,
        -0.014521982983520977,
        50.8437741521775
      ],
      [
        -0.007491128056464484,
        0.02164494538623419,
        0.9997376552574523,
        1.0072906373915202
      ],
      [
        0.0,
        0.0,
        0.0,
        1.0
      ]
    ],
    "location": [
      35.89373869807241,
      50.8437741521775,
      1.0072906373915202
    ],
    "rotation": [
      0.021647243357932652,
      0.0074911981215054655,
      -1.2171626162371079
    ]
  },
  {
    "label_id": "M-7QVYfBS2-rLGLGuEcgbA",
    "size": [
      1.018195583535981,
      0.1004674997203901,
      0.5400000000000205
    ],
    "obj_class": "sign",
    "point_num_in_lidar": 31,
    "speed": 0.0041640879989314865,
    "if_vehicle": false,
    "motion_state": false,
    "pose": [
      [
        -0.7184003243996508,
        0.6954043724567158,
        -0.01771250040388813,
        34.793674803539034
      ],
      [
        -0.6952552736857429,
        -0.7186161815756649,
        -0.014521982983520977,
        48.942762380160275
      ],
      [
        -0.022827139869882024,
        0.001882112029676398,
        0.9997376552574523,
        1.3110161968548368
      ],
      [
        0.0,
        0.0,
        0.0,
        1.0
      ]
    ],
    "location": [
      34.793674803539034,
      48.942762380160275,
      1.3110161968548368
    ],
    "rotation": [
      0.001882603697333099,
      0.02282912278947784,
      -2.372565509416928
    ]
  },
  {
    "label_id": "NDAnvjpf76se8u_t0LfMfQ",
    "size": [
      0.739866265732728,
      0.9588898975130005,
      1.772289894821938
    ],
    "obj_class": "pedestrian",
    "point_num_in_lidar": 92,
    "speed": 1.5681799002412564,
    "if_vehicle": false,
    "motion_state": true,
    "pose": [
      [
        0.7346389950952753,
        0.6782269636448011,
        -0.01771250040388813,
        20.782776630363514
      ],
      [
        -0.6784508508686649,
        0.7345022498030969,
        -0.014521982983520977,
        67.41523464844795
      ],
      [
        0.003160670971279195,
        0.022685475955834013,
        0.9997376552574523,
        1.2611159106535297
      ],
      [
        0.0,
        0.0,
        0.0,
        1.0
      ]
    ],
    "location": [
      20.782776630363514,
      67.41523464844795,
      1.2611159106535297
    ],
    "rotation": [
      0.022687535522928074,
      -0.0031606762337362555,
      -0.7456564866240335
    ]
  },
  {
    "label_id": "NR-ydNfoP_gKd7nePeHUGg",
    "size": [
      0.8420630655417495,
      1.0804344746293282,
      1.9700000000000273
    ],
    "obj_class": "pedestrian",
    "point_num_in_lidar": 399,
    "speed": 0.00011910263793658508,
    "if_vehicle": false,
    "motion_state": false,
    "pose": [
      [
        -0.8962816725862833,
        -0.44313139215742403,
        -0.01771250040388813,
        51.3340224725398
      ],
      [
        0.4433847853952373,
        -0.8962137267919108,
        -0.014521982983520977,
        33.49987537173729
      ],
      [
        -0.009439039461397736,
        -0.02086924038813072,
        0.9997376552574523,
        1.127056833224458
      ],
      [
        0.0,
        0.0,
        0.0,
        1.0
      ]
    ],
    "location": [
      51.3340224725398,
      33.49987537173729,
      1.127056833224458
    ],
    "rotation": [
      -0.020871685473772765,
      0.00943917962962073,
      2.6821991881816722
    ]
  },
  {
    "label_id": "NVmWqAJVs2oPwpFNDwY82w",
    "size": [
      0.8981345550137647,
      0.8446989604514674,
      1.839999999999975
    ],
    "obj_class": "pedestrian",
    "point_num_in_lidar": 917,
    "speed": 0.031066984961944013,
    "if_vehicle": false,
    "motion_state": false,
    "pose": [
      [
        -0.7162368286444335,
        0.6976324767546352,
        -0.01771250040388813,
        41.47073055583678
      ],
      [
        -0.6974840491876442,
        -0.7164531479022437,
        -0.014521982983520977,
        46.01086751371622
      ],
      [
        -0.02282118362776782,
        0.0019530074651961866,
        0.9997376552574523,
        1.2260666671455738
      ],
      [
        0.0,
        0.0,
        0.0,
        1.0
      ]
    ],
    "location": [
      41.47073055583678,
      46.01086751371622,
      1.2260666671455738
    ],
    "rotation": [
      0.001953517475859251,
      0.022823164995327803,
      -2.3694585509975883
    ]
  },
  {
    "label_id": "OaBaJCfNzU4Ykpv4ByH-2g",
    "size": [
      0.9375452324524506,
      1.0542668871771672,
      1.839999999999975
    ],
    "obj_class": "pedestrian",
    "point_num_in_lidar": 309,
    "speed": 0.704407940740939,
    "if_vehicle": false,
    "motion_state": false,
    "pose": [
      [
        0.4294918199499066,
        -0.9028970284177257,
        -0.01771250040388813,
        52.23289116387605
      ],
      [
        0.9028329321598564,
        0.42974621419840603,
        -0.014521982983520977,
        33.528711662416754
      ],
      [
        0.02072373527511253,
        -0.009754355774650966,
        0.9997376552574523,
        1.0628887352848437
      ],
      [
        0.0,
        0.0,
        0.0,
        1.0
      ]
    ],
    "location": [
      52.23289116387605,
      33.528711662416754,
      1.0628887352848437
    ],
    "rotation": [
      -0.009756605856814716,
      -0.020725218943365566,
      1.1267641876596501
    ]
  },
  {
    "label_id": "Pv3Lf9faouPCSxaqDpc1og",
    "size": [
      1.9832784803348957,
      4.594323009820505,
      1.5600000000000023
    ],
    "obj_class": "vehicle",
    "point_num_in_lidar": 139,
    "speed": 7.8969401269261e-12,
    "if_vehicle": true,
    "motion_state": false,
    "pose": [
      [
        0.6939194050356218,
        -0.719834791215631,
        -0.01771250040388813,
        73.86773294372324
      ],
      [
        0.7196932472409334,
        0.6941402897729154,
        -0.014521982983520977,
        59.09813575206499
      ],
      [
        0.022748388751937555,
        -0.0026704811405682963,
        0.9997376552574523,
        1.9902767588367851
      ],
      [
        0.0,
        0.0,
        0.0,
        1.0
      ]
    ],
    "location": [
      73.86773294372324,
      59.09813575206499,
      1.9902767588367851
    ],
    "rotation": [
      -0.002671175557975804,
      -0.022750351216519218,
      0.8036287492314044
    ]
  },
  {
    "label_id": "QzJBj9-xw7Q7xr5j6JQSeA",
    "size": [
      2.3044468408176315,
      4.974115535925105,
      1.7900000000000205
    ],
    "obj_class": "vehicle",
    "point_num_in_lidar": 177,
    "speed": 1.3123322310792895e-11,
    "if_vehicle": true,
    "motion_state": false,
    "pose": [
      [
        0.7190988014576437,
        -0.6946820719376762,
        -0.01771250040388813,
        67.87888242794725
      ],
      [
        0.6945327563184353,
        0.71931450868931,
        -0.014521982983520977,
        76.91590180763887
      ],
      [
        0.022829019753318025,
        -0.0018591711685655918,
        0.9997376552574523,
        2.3746475119722845
      ],
      [
        0.0,
        0.0,
        0.0,
        1.0
      ]
    ],
    "location": [
      67.87888242794725,
      76.91590180763887,
      2.3746475119722845
    ],
    "rotation": [
      -0.001859656896569572,
      -0.02283100316292895,
      0.7680219436031407
    ]
  },
  {
    "label_id": "RaraKfdwLrmuiw0ezpXmrA",
    "size": [
      1.9686751269288572,
      4.38931429310347,
      1.6899999999999977
    ],
    "obj_class": "vehicle",
    "point_num_in_lidar": 111,
    "speed": 6.9386235371289915e-12,
    "if_vehicle": true,
    "motion_state": false,
    "pose": [
      [
        0.6945826521322729,
        -0.7191948322160974,
        -0.01771250040388813,
        87.07083668956693
      ],
      [
        0.7190530846905365,
        0.6948034063008401,
        -0.014521982983520977,
        72.60535489237373
      ],
      [
        0.022750840730004867,
        -0.002649510598084401,
        0.9997376552574523,
        2.935738134486769
      ],
      [
        0.0,
        0.0,
        0.0,
        1.0
      ]
    ],
    "location": [
      87.07083668956693,
      72.60535489237373,
      2.935738134486769
    ],
    "rotation": [
      -0.002650199661031936,
      -0.022752803829337382,
      0.802706716234477
    ]
  },
  {
    "label_id": "RsYyboMUkbV1H__LSuMteQ",
    "size": [
      0.8086566255889632,
      0.8286798791523324,
      1.759999999999991
    ],
    "obj_class": "pedestrian",
    "point_num_in_lidar": 57,
    "speed": 0.2352686890644621,
    "if_vehicle": false,
    "motion_state": false,
    "pose": [
      [
        0.08125947290616847,
        0.9965355815987976,
        -0.01771250040388813,
        57.32719280126912
      ],
      [
        -0.9966077157411319,
        0.08100724001883594,
        -0.014521982983520977,
        28.07894886266149
      ],
      [
        -0.013036831986899422,
        0.01883246325037609,
        0.9997376552574523,
        1.1017145492940017
      ],
      [
        0.0,
        0.0,
        0.0,
        1.0
      ]
    ],
    "location": [
      57.32719280126912,
      28.07894886266149,
      1.1017145492940017
    ],
    "rotation": [
      0.018835177481386318,
      0.013037201302941738,
      -1.4894402304986636
    ]
  },
  {
    "label_id": "S2eYOtqKBZvlG_UM7dMlow",
    "size": [
      1.015356086059777,
      0.13516787914706185,
      1.1499999999999773
    ],
    "obj_class": "sign",
    "point_num_in_lidar": 96,
    "speed": 0.010355903073019842,
    "if_vehicle": false,
    "motion_state": false,
    "pose": [
      [
        -0.4939608238246391,
        0.8693037281962651,
        -0.01771250040388813,
        74.8187994058826
      ],
      [
        -0.869221317144596,
        -0.4942098884397598,
        -0.014521982983520977,
        57.54216233720217
      ],
      [
        -0.02137770679697226,
        0.00822279225288442,
        0.9997376552574523,
        4.201090029166949
      ],
      [
        0.0,
        0.0,
        0.0,
        1.0
      ]
    ],
    "location": [
      74.8187994058826,
      57.54216233720217,
      4.201090029166949
    ],
    "rotation": [
      0.008224764560726456,
      0.021379335423211087,
      -2.087565451870572
    ]
  },
  {
    "label_id": "ShFEDy_mQrlIzg5E-MuzGA",
    "size": [
      0.9093439946528636,
      0.9657718622315172,
      1.8600000000000136
    ],
    "obj_class": "pedestrian",
    "point_num_in_lidar": 46,
    "speed": 1.6870619904787203,
    "if_vehicle": false,
    "motion_state": true,
    "pose": [
      [
        -0.7386636077811457,
        0.6738414812618646,
        -0.01771250040388813,
        71.28008712553492
      ],
      [
        -0.6736860603006073,
        -0.7388749584110107,
        -0.014521982983520977,
        53.010009580997576
      ],
      [
        -0.022872837523753218,
        0.0012058042724243,
        0.9997376552574523,
        2.0035451778703646
      ],
      [
        0.0,
        0.0,
        0.0,
        1.0
      ]
    ],
    "location": [
      71.28008712553492,
      53.010009580997576,
      2.0035451778703646
    ],
    "rotation": [
      0.0012061201069883663,
      0.022874832377901534,
      -2.402168771844369
    ]
  },
  {
    "label_id": "TAl_BqipReAf5gsI2aV_RA",
    "size": [
      2.323370911255016,
      5.119892405167558,
      1.8999999999999773
    ],
    "obj_class": "vehicle",
    "point_num_in_lidar": 4580,
    "speed": 9.869166419721607,
    "if_vehicle": true,
    "motion_state": true,
    "pose": [
      [
        0.7006526529664351,
        -0.7132826418892715,
        -0.01771250040388813,
        54.51196842815989
      ],
      [
        0.713139028633724,
        0.7008721979430879,
        -0.014521982983520977,
        49.29012277100992
      ],
      [
        0.02277247747709779,
        -0.0024566094289658297,
        0.9997376552574523,
        1.5442570353897622
      ],
      [
        0.0,
        0.0,
        0.0,
        1.0
      ]
    ],
    "location": [
      54.51196842815989,
      49.29012277100992,
      1.5442570353897622
    ],
    "rotation": [
      -0.0024572491309585495,
      -0.02277444618353453,
      0.7942297693502365
    ]
  },
  {
    "label_id": "UzgcwGAkWdeM3lWj082ApQ",
    "size": [
      0.8987437200617702,
      0.8431158821777414,
      2.0
    ],
    "obj_class": "pedestrian",
    "point_num_in_lidar": 161,
    "speed": 0.8100613353821696,
    "if_vehicle": false,
    "motion_state": false,
    "pose": [
      [
        -0.6601804677288559,
        -0.7508981404683004,
        -0.01771250040388813,
        68.6357647762452
      ],
      [
        0.7511066050054886,
        -0.6600211965742881,
        -0.014521982983520977,
        36.01200939235423
      ],
      [
        -0.0007860956926586066,
        -0.022891105562934125,
        0.9997376552574523,
        2.973708827298708
      ],
      [
        0.0,
        0.0,
        0.0,
        1.0
      ]
    ],
    "location": [
      68.6357647762452,
      36.01200939235423,
      2.973708827298708
    ],
    "rotation": [
      -0.022893112275989357,
      0.000786095773619468,
      2.2918556028685995
    ]
  },
  {
    "label_id": "XDoFw3_cd4Q8b-GDLvYpzg",
    "size": [
      0.7780633400400466,
      0.8065410288384192,
      1.759999999999991
    ],
    "obj_class": "pedestrian",
    "point_num_in_lidar": 35,
    "speed": 1.4251582995463798,
    "if_vehicle": false,
    "motion_state": true,
    "pose": [
      [
        -0.7651080408345575,
        -0.6436582580684779,
        -0.01771250040388813,
        58.73177952889819
      ],
      [
        0.6438882080473965,
        -0.7649817563496131,
        -0.014521982983520977,
        28.68351266477839
      ],
      [
        -0.004202545397436385,
        -0.022515756094652836,
        0.9997376552574523,
        1.0970568332244284
      ],
      [
        0.0,
        0.0,
        0.0,
        1.0
      ]
    ],
    "location": [
      58.73177952889819,
      28.68351266477839,
      1.0970568332244284
    ],
    "rotation": [
      -0.02251785784014655,
      0.004202557767998717,
      2.442015924483963
    ]
  },
  {
    "label_id": "XGT6z66G7-_69QXJHFQm-Q",
    "size": [
      0.7568346117221364,
      0.7800494002119742,
      2.041831816724482
    ],
    "obj_class": "pedestrian",
    "point_num_in_lidar": 283,
    "speed": 0.027037959261851315,
    "if_vehicle": false,
    "motion_state": false,
    "pose": [
      [
        0.7080052384126042,
        0.705985020881997,
        -0.01771250040388813,
        35.86284048975358
      ],
      [
        -0.7062034820809276,
        0.7078599818516365,
        -0.014521982983520977,
        48.228467696593725
      ],
      [
        0.0022856677545742966,
        0.022790269486057186,
        0.9997376552574523,
        0.9951892224710264
      ],
      [
        0.0,
        0.0,
        0.0,
        1.0
      ]
    ],
    "location": [
      35.86284048975358,
      48.228467696593725,
      0.9951892224710264
    ],
    "rotation": [
      0.022792302358278994,
      -0.0022856697447392544,
      -0.7841241256046436
    ]
  },
  {
    "label_id": "Z5QKATZnhdyAEhR8O_ebsQ",
    "size": [
      2.236721292002584,
      5.270744933136602,
      1.9800000000000182
    ],
    "obj_class": "vehicle",
    "point_num_in_lidar": 870,
    "speed": 10.224941453150194,
    "if_vehicle": true,
    "motion_state": true,
    "pose": [
      [
        0.7693309870672288,
        -0.6386048071128229,
        -0.01771250040388813,
        55.37679788175592
      ],
      [
        0.6384396840854321,
        0.7695348476808052,
        -0.014521982983520977,
        61.78521354761324
      ],
      [
        0.02290419444243936,
        -0.0001361516593357335,
        0.9997376552574523,
        1.8154456549382871
      ],
      [
        0.0,
        0.0,
        0.0,
        1.0
      ]
    ],
    "location": [
      55.37679788175592,
      61.78521354761324,
      1.8154456549382871
    ],
    "rotation": [
      -0.00013618738653885815,
      -0.022906197513514203,
      0.6926869915887504
    ]
  },
  {
    "label_id": "_Ff15mvxPIt_dslXEcJDMw",
    "size": [
      0.748765850567352,
      0.706666630969422,
      1.8500000000000227
    ],
    "obj_class": "pedestrian",
    "point_num_in_lidar": 253,
    "speed": 0.12669437015397642,
    "if_vehicle": false,
    "motion_state": false,
    "pose": [
      [
        0.669089199323949,
        0.7429710025818499,
        -0.01771250040388813,
        37.2397027181396
      ],
      [
        -0.7431813518607008,
        0.6689324257776175,
        -0.014521982983520977,
        49.24329124538781
      ],
      [
        0.0010590536050167736,
        0.02288010196203485,
        0.9997376552574523,
        1.0608045232762606
      ],
      [
        0.0,
        0.0,
        0.0,
        1.0
      ]
    ],
    "location": [
      37.2397027181396,
      49.24329124538781,
      1.0608045232762606
    ],
    "rotation": [
      0.022882111552258604,
      -0.00105905380298833,
      -0.8378132533330104
    ]
  },
  {
    "label_id": "cbJ1mpyRwWHXJ5ilYEIySw",
    "size": [
      3.4696218890466497,
      13.928196120883477,
      3.6299999999999955
    ],
    "obj_class": "vehicle",
    "point_num_in_lidar": 791,
    "speed": 0.032642206934625675,
    "if_vehicle": true,
    "motion_state": false,
    "pose": [
      [
        -0.662566948034984,
        -0.7487932336106204,
        -0.01771250040388813,
        64.47446276013943
      ],
      [
        0.7490022039916729,
        -0.6624083411505646,
        -0.014521982983520977,
        12.82830154072144
      ],
      [
        -0.0008589454134991654,
        -0.02288848778552307,
        0.9997376552574523,
        1.9401712417439398
      ],
      [
        0.0,
        0.0,
        0.0,
        1.0
      ]
    ],
    "location": [
      64.47446276013943,
