[
  {
    "label_id": "-a7taWtiLy3oA6tvs-biRQ",
    "size": [
      2.130683805415418,
      4.68516771922441,
      1.7200000000000273
    ],
    "obj_class": "vehicle",
    "point_num_in_lidar": 23,
    "speed": 2.467341786590457,
    "if_vehicle": true,
    "motion_state": true,
    "pose": [
      [
        0.7133524583468496,
        -0.6992570384319375,
        -0.04656033047458111,
        23.17332680058462
      ],
      [
        0.7003972888000721,
        0.7136289567383407,
        0.013317279979636207,
        19.217385196454416
      ],
      [
        0.023914598303438332,
        -0.04211064364199874,
        0.9988267045288896,
        1.6395004596704439
      ],
      [
        0.0,
        0.0,
        0.0,
        1.0
      ]
    ],
    "location": [
      23.17332680058462,
      19.217385196454416,
      1.6395004596704439
    ],
    "rotation": [
      -0.0421351570025881,
      -0.02391687838201391,
      0.7762347262602695
    ]
  },
  {
    "label_id": "0TTpzF8WjDXQbo0lfz9cHQ",
    "size": [
      2.1575446701909446,
      5.032259334955597,
      2.0300000000000296
    ],
    "obj_class": "vehicle",
    "point_num_in_lidar": 100,
    "speed": 6.730929387798531,
    "if_vehicle": true,
    "motion_state": true,
    "pose": [
      [
        0.7004684050365199,
        -0.7121630074440064,
        -0.04656033047458111,
        7.150151037141768
      ],
      [
        0.7133081153712222,
        0.7007240416879524,
        0.013317279979636207,
        7.395891743974062
      ],
      [
        0.023141868791203626,
        -0.04254019544864528,
        0.9988267045288896,
        1.177870941694323
      ],
      [
        0.0,
        0.0,
        0.0,
        1.0
      ]
    ],
    "location": [
      7.150151037141768,
      7.395891743974062,
      1.177870941694323
    ],
    "rotation": [
      -0.042564442538308184,
      -0.02314393487872283,
      0.7944797665788422
    ]
  },
  {
    "label_id": "0jw4kmyd3WAM6MTC97B0nA",
    "size": [
      1.9708569114623573,
      4.39763427653422,
      1.5199999999999818
    ],
    "obj_class": "vehicle",
    "point_num_in_lidar": 56,
    "speed": 1.106294150623397,
    "if_vehicle": true,
    "motion_state": true,
    "pose": [
      [
        0.707521412035277,
        -0.7051564274242316,
        -0.04656033047458111,
        12.954692905794218
      ],
      [
        0.7062989344525051,
        0.7077884325454888,
        0.013317279979636207,
        0.6587046872737119
      ],
      [
        0.023564097751955195,
        -0.04230777253761446,
        0.9988267045288896,
        1.1113602922961263
      ],
      [
        0.0,
        0.0,
        0.0,
        1.0
      ]
    ],
    "location": [
      12.954692905794218,
      0.6587046872737119,
      1.1113602922961263
    ],
    "rotation": [
      -0.042332165640621575,
      -0.02356627902351097,
      0.7845335010086586
    ]
  },
  {
    "label_id": "6i_mPMYxgh2SXwhx4Y83Bg",
    "size": [
      0.7184178508143032,
      0.8689585357133183,
      1.6299999999999955
    ],
    "obj_class": "pedestrian",
    "point_num_in_lidar": 24,
    "speed": 1.205447070341527,
    "if_vehicle": false,
    "motion_state": true,
    "pose": [
      [
        0.720500997427875,
        -0.6918890433671682,
        -0.04656033047458111,
        4.514122261534794
      ],
      [
        0.6930263919672845,
        0.7207891994825893,
        0.013317279979636207,
        13.676868192458642
      ],
      [
        0.024346103225054875,
        -0.0418626513459575,
        0.9988267045288896,
        1.2178730774458018
      ],
      [
        0.0,
        0.0,
        0.0,
        1.0
      ]
    ],
    "location": [
      4.514122261534794,
      13.676868192458642,
      1.2178730774458018
    ],
    "rotation": [
      -0.041887311346659455,
      -0.02434850898888681,
      0.7659636999822326
    ]
  },
  {
    "label_id": "EK5IYzkmWzPAXFlA-PQnKQ",
    "size": [
      2.031245360727877,
      4.547102622504835,
      1.6399999999999864
    ],
    "obj_class": "vehicle",
    "point_num_in_lidar": 1396,
    "speed": 1.1368683772161603e-12,
    "if_vehicle": true,
    "motion_state": false,
    "pose": [
      [
        0.6911090987115965,
        -0.7212491589625202,
        -0.04656033047458111,
        -17.900300179670012
      ],
      [
        0.7223975074155045,
        0.6913497604930593,
        0.013317279979636207,
        -36.831596814095974
      ],
      [
        0.022584396337098307,
        -0.0428387600432959,
        0.9988267045288896,
        -0.14069308624942778
      ],
      [
        0.0,
        0.0,
        0.0,
        1.0
      ]
    ],
    "location": [
      -17.900300179670012,
      -36.831596814095974,
      -0.14069308624942778
    ],
    "rotation": [
      -0.042862812821061386,
      -0.02258631665844607,
      0.807529860498801
    ]
  },
  {
    "label_id": "EetSvF1uXlOXoFDbzwPnMw",
    "size": [
      2.087433464126645,
      4.543415239634662,
      1.7800000000000296
    ],
    "obj_class": "vehicle",
    "point_num_in_lidar": 21,
    "speed": 5.684341886080801e-13,
    "if_vehicle": true,
    "motion_state": false,
    "pose": [
      [
        0.7206687400549397,
        -0.6917143216196434,
        -0.04656033047458111,
        -10.485695537696301
      ],
      [
        0.692851600305361,
        0.7209572178765149,
        0.013317279979636207,
        -5.258483343444823
      ],
      [
        0.024356253035432176,
        -0.04185674686394328,
        0.9988267045288896,
        0.4596696858098426
      ],
      [
        0.0,
        0.0,
        0.0,
        1.0
      ]
    ],
    "location": [
      -10.485695537696301,
      -5.258483343444823,
      0.4596696858098426
    ],
    "rotation": [
      -0.04188141029314107,
      -0.024358661809919815,
      0.7657213686478794
    ]
  },
  {
    "label_id": "GXY29zmAxt7I63pSzmjgzw",
    "size": [
      1.949031948861391,
      4.705729582353263,
      1.490000000000009
    ],
    "obj_class": "vehicle",
    "point_num_in_lidar": 203,
    "speed": 7.958078640513122e-12,
    "if_vehicle": true,
    "motion_state": false,
    "pose": [
      [
        0.6933115045146349,
        -0.7191323197671977,
        -0.04656033047458111,
        5.260722854050982
      ],
      [
        0.720279926887678,
        0.6935556769118292,
        0.013317279979636207,
        -13.708229404131998
      ],
      [
        0.02271529507479151,
        -0.042769494848821595,
        0.9988267045288896,
        0.5559508422517183
      ],
      [
        0.0,
        0.0,
        0.0,
        1.0
      ]
    ],
    "location": [
      5.260722854050982,
      -13.708229404131998,
      0.5559508422517183
    ],
    "rotation": [
      -0.04279359338412923,
      -0.022717248985698806,
      0.8044737962902984
    ]
  },
  {
    "label_id": "JsIhg21XPM4bj0p9nLSeqg",
    "size": [
      0.7337013722250907,
      0.9174614145625695,
      1.740000000000009
    ],
    "obj_class": "pedestrian",
    "point_num_in_lidar": 26,
    "speed": 1.4478067682159843,
    "if_vehicle": false,
    "motion_state": true,
    "pose": [
      [
        0.6830539769809287,
        -0.7288822951318235,
        -0.04656033047458111,
        -20.62733097538876
      ],
      [
        0.7300332462726792,
        0.6832818667215733,
        0.013317279979636207,
        -12.028573046642123
      ],
      [
        0.022107099925374803,
        -0.0430870102565462,
        0.9988267045288896,
        0.28147607767658656
      ],
      [
        0.0,
        0.0,
        0.0,
        1.0
      ]
    ],
    "location": [
      -20.62733097538876,
      -12.028573046642123,
      0.28147607767658656
    ],
    "rotation": [
      -0.04311089565595952,
      -0.022108901032740484,
      0.8186317610710909
    ]
  },
  {
    "label_id": "LtkOwXMi6uX--AIwWU3qaw",
    "size": [
      1.0365019291667188,
      1.3969672731621818,
      1.8899999999999864
    ],
    "obj_class": "pedestrian",
    "point_num_in_lidar": 374,
    "speed": 1.5289998675530319,
    "if_vehicle": false,
    "motion_state": true,
    "pose": [
      [
        -0.6768816939222495,
        0.7346177972653833,
        -0.04656033047458111,
        -40.0215773549462
      ],
      [
        -0.7357706296695765,
        -0.6770998675007839,
        0.013317279979636207,
        -30.119019382284023
      ],
      [
        -0.021742882710924828,
        0.04327194670195912,
        0.9988267045288896,
        -0.3238793743494739
      ],
      [
        0.0,
        0.0,
        0.0,
        1.0
      ]
    ],
    "location": [
      -40.0215773549462,
      -30.119019382284023,
      -0.3238793743494739
    ],
    "rotation": [
      0.043295703961786676,
      0.021744596244136948,
      -2.314531826192878
    ]
  },
  {
    "label_id": "MbWLXdRi2KwMbFQQAs1ygA",
    "size": [
      0.7281406393223017,
      0.1852946014904465,
      0.8100000000000023
    ],
    "obj_class": "sign",
    "point_num_in_lidar": 33,
    "speed": 5.684341886080801e-13,
    "if_vehicle": false,
    "motion_state": false,
    "pose": [
      [
        -0.6662169433884574,
        0.7443031102771497,
        -0.04656033047458111,
        9.773895970323792
      ],
      [
        -0.7454589692008001,
        -0.6664184686006419,
        0.013317279979636207,
        -11.519892339340004
      ],
      [
        -0.021116571223135285,
        0.04358101352351135,
        0.9988267045288896,
        3.4163664111736693
      ],
      [
        0.0,
        0.0,
        0.0,
        1.0
      ]
    ],
    "location": [
      9.773895970323792,
      -11.519892339340004,
      3.4163664111736693
    ],
    "rotation": [
      0.04360455002422477,
      0.021118140885024603,
      -2.3001200378650366
    ]
  },
  {
    "label_id": "PDdsl0JNXo0zsxZUTYyooQ",
    "size": [
      0.7981004814216146,
      1.0569631758026503,
      1.910000000000025
    ],
    "obj_class": "pedestrian",
    "point_num_in_lidar": 86,
    "speed": 1.5946987215185797,
    "if_vehicle": false,
    "motion_state": true,
    "pose": [
      [
        0.7194781876535176,
        -0.6929525763837722,
        -0.04656033047458111,
        -13.658603826512262
      ],
      [
        0.6940903494606459,
        0.719764709359623,
        0.013317279979636207,
        -4.798050343255454
      ],
      [
        0.02428423925941192,
        -0.04189856851432828,
        0.9988267045288896,
        0.5837440784918613
      ],
      [
        0.0,
        0.0,
        0.0,
        1.0
      ]
    ],
    "location": [
      -13.658603826512262,
      -4.798050343255454,
      0.5837440784918613
    ],
    "rotation": [
      -0.041923207596473264,
      -0.02428662672728026,
      0.7674399899456567
    ]
  },
  {
    "label_id": "QvzuwpIO0spW8fc-8ZGIJA",
    "size": [
      0.9037105968238663,
      0.8402658154809615,
      1.8000000000000114
    ],
    "obj_class": "pedestrian",
    "point_num_in_lidar": 20,
    "speed": 1.749383406303674,
    "if_vehicle": false,
    "motion_state": true,
    "pose": [
      [
        -0.7184186187019477,
        0.6940510240093903,
        -0.04656033047458111,
        -0.6880833408613398
      ],
      [
        -0.6951892335211457,
        -0.7187034017244013,
        0.013317279979636207,
        -25.01258767456602
      ],
      [
        -0.024220196090607476,
        0.041935622342952616,
        0.9988267045288896,
        0.7083825572130422
      ],
      [
        0.0,
        0.0,
        0.0,
        1.0
      ]
    ],
    "location": [
      -0.6880833408613398,
      -25.01258767456602,
      0.7083825572130422
    ],
    "rotation": [
      0.04196023973124778,
      0.024222564716015225,
      -2.372625705242161
    ]
  },
  {
    "label_id": "RAFCawN5UP3I_7vS3c_Z6Q",
    "size": [
      0.7771000330950779,
      0.6000695416612203,
      1.920000000000016
    ],
    "obj_class": "pedestrian",
    "point_num_in_lidar": 20,
    "speed": 2.5421149729252077e-12,
    "if_vehicle": false,
    "motion_state": false,
    "pose": [
      [
        0.7206147370215558,
        0.6917705807660889,
        -0.04656033047458111,
        -4.641846372203872
      ],
      [
        -0.6920122960987269,
        0.7217628641750087,
        0.013317279979636207,
        6.357911705861625
      ],
      [
        0.04281801998600614,
        0.022623692988462417,
        0.9988267045288896,
        0.9996512373713244
      ],
      [
        0.0,
        0.0,
        0.0,
        1.0
      ]
    ],
    "location": [
      -4.641846372203872,
      6.357911705861625,
      0.9996512373713244
    ],
    "rotation": [
      0.022646396180148017,
      -0.04283111442924165,
      -0.7651532349715805
    ]
  },
  {
    "label_id": "SVtwv1xNRMziqE3GDAHqrA",
    "size": [
      0.7819850836721314,
      1.8584476636424367,
      1.9499999999999886
    ],
    "obj_class": "cyclist",
    "point_num_in_lidar": 694,
    "speed": 5.062856260258736,
    "if_vehicle": false,
    "motion_state": true,
    "pose": [
      [
        0.6922382604847478,
        -0.720165485390093,
        -0.04656033047458111,
        -20.515817159503058
      ],
      [
        0.7213134553791958,
        0.6924807211344364,
        0.013317279979636207,
        -35.99686009096331
      ],
      [
        0.022651485822685113,
        -0.04280332358570908,
        0.9988267045288896,
        0.05643475388757224
      ],
      [
        0.0,
        0.0,
        0.0,
        1.0
      ]
    ],
    "location": [
      -20.515817159503058,
      -35.99686009096331,
      0.05643475388757224
    ],
    "rotation": [
      -0.04282739982459131,
      -0.022653423311158716,
      0.8059641570125972
    ]
  },
  {
    "label_id": "VzOglJYUlWT0mbgeC_CaNw",
    "size": [
      2.257413981537272,
      4.758250906213521,
      1.5
    ],
    "obj_class": "vehicle",
    "point_num_in_lidar": 2054,
    "speed": 0.01966624704117006,
    "if_vehicle": true,
    "motion_state": false,
    "pose": [
      [
        0.7026921761027964,
        -0.7099689016217643,
        -0.04656033047458111,
        -25.133614862788818
      ],
      [
        0.7111132044789975,
        0.7029513926791494,
        0.013317279979636207,
        -43.456948561586614
      ],
      [
        0.023274794510976395,
        -0.042467614254041254,
        0.9988267045288896,
        -0.5455381945778868
      ],
      [
        0.0,
        0.0,
        0.0,
        1.0
      ]
    ],
    "location": [
      -25.133614862788818,
      -43.456948561586614,
      -0.5455381945778868
    ],
    "rotation": [
      -0.04249190743316548,
      -0.023276896411729885,
      0.7913543783820297
    ]
  },
  {
    "label_id": "W72TFhoZygkbnX5xrmqI5Q",
    "size": [
      2.065265656631055,
      5.028616147937694,
      1.5072384554120504
    ],
    "obj_class": "vehicle",
    "point_num_in_lidar": 5850,
    "speed": 3.5950934718225418e-12,
    "if_vehicle": true,
    "motion_state": false,
    "pose": [
      [
        0.7132667433995274,
        -0.6993444704766961,
        -0.04656033047458111,
        -31.58497849775813
      ],
      [
        0.7004847547273269,
        0.7135431020257578,
        0.013317279979636207,
        -26.72080857954279
      ],
      [
        0.023909436522628426,
        -0.04211357459452506,
        0.9988267045288896,
        -0.42579184503995293
      ],
      [
        0.0,
        0.0,
        0.0,
        1.0
      ]
    ],
    "location": [
      -31.58497849775813,
      -26.72080857954279,
      -0.42579184503995293
    ],
    "rotation": [
      -0.042138086191105935,
      -0.02391171512485752,
      0.776357224854326
    ]
  },
  {
    "label_id": "WusXYm4eNBs90QiKLvSqSw",
    "size": [
      2.1099975048687836,
      4.924193014114065,
      1.5400000000000205
    ],
    "obj_class": "vehicle",
    "point_num_in_lidar": 1176,
    "speed": 4.8567038364339685e-12,
    "if_vehicle": true,
    "motion_state": false,
    "pose": [
      [
        0.7006158962626404,
        -0.7120179081527338,
        -0.04656033047458111,
        -13.89863905812308
      ],
      [
        0.713162963106829,
        0.7008717700882465,
        0.013317279979636207,
        -32.59551171189378
      ],
      [
        0.02315067940222852,
        -0.042535401293198785,
        0.9988267045288896,
        0.03746880225565974
      ],
      [
        0.0,
        0.0,
        0.0,
        1.0
      ]
    ],
    "location": [
      -13.89863905812308,
      -32.59551171189378,
      0.03746880225565974
    ],
    "rotation": [
      -0.042559651440992045,
      -0.023152747850838963,
      0.7942727744176448
    ]
  },
  {
    "label_id": "YeDTe3z8sAGMJ4YCFJfJEg",
    "size": [
      2.0031383562902603,
      4.590736175159691,
      1.420000000000016
    ],
    "obj_class": "vehicle",
    "point_num_in_lidar": 33,
    "speed": 0.6934851529468093,
    "if_vehicle": true,
    "motion_state": false,
    "pose": [
      [
        0.6840457611025118,
        -0.7279516002755836,
        -0.04656033047458111,
        18.587334692132572
      ],
      [
        0.7291022400639517,
        0.6842752177214018,
        0.013317279979636207,
        6.332771647212212
      ],
      [
        0.022165745000180228,
        -0.043056870166620444,
        0.9988267045288896,
        1.280225229332416
      ],
      [
        0.0,
        0.0,
        0.0,
        1.0
      ]
    ],
    "location": [
      18.587334692132572,
      6.332771647212212,
      1.280225229332416
    ],
    "rotation": [
      -0.04308077617004768,
      -0.022167560481502153,
      0.8172711310373928
    ]
  },
  {
    "label_id": "a5UB6eiHSWzlL_IWYnXAdQ",
    "size": [
      2.26399018341299,
      4.937124122990977,
      1.8199999999999932
    ],
    "obj_class": "vehicle",
    "point_num_in_lidar": 76,
    "speed": 0.018180076907017503,
    "if_vehicle": true,
    "motion_state": false,
    "pose": [
      [
        0.7113355461694905,
        -0.7013086883690024,
        -0.04656033047458111,
        8.569085634364455
      ],
      [
        0.702449730360068,
        0.7116087593411228,
        0.013317279979636207,
        13.382929402992886
      ],
      [
        0.02379321484836788,
        -0.04217934621515169,
        0.9988267045288896,
        1.1321688047004272
      ],
      [
        0.0,
        0.0,
        0.0,
        1.0
      ]
    ],
    "location": [
      8.569085634364455,
      13.382929402992886,
      1.1321688047004272
    ],
    "rotation": [
      -0.04220381803636671,
      -0.02379546037799345,
      0.7791131221292392
    ]
  },
  {
    "label_id": "b69ZJxO1bzwiUgQBZ8J7bw",
    "size": [
      2.0822549283551077,
      4.81975962782915,
      1.607238455412073
    ],
    "obj_class": "vehicle",
    "point_num_in_lidar": 2688,
    "speed": 0.0,
    "if_vehicle": true,
    "motion_state": false,
    "pose": [
      [
        0.7210218262811382,
        -0.6913462675478258,
        -0.04656033047458111,
        -27.699135637776635
      ],
      [
        0.6924833987923474,
        0.7213108847445343,
        0.013317279979636207,
        -22.678872325683187
      ],
      [
        0.024377621360807112,
        -0.04184430542794736,
        0.9988267045288896,
        -0.255791845039937
      ],
      [
        0.0,
        0.0,
        0.0,
        1.0
      ]
    ],
    "location": [
      -27.699135637776635,
      -22.678872325683187,
      -0.255791845039937
    ],
    "rotation": [
      -0.04186897607183451,
      -0.02438003648181773,
      0.7652110779644677
    ]
  },
  {
    "label_id": "chi0fAmQL1e5oWq3NTkLAw",
    "size": [
      2.217939091164305,
      5.344432669972154,
      1.8100000000000023
    ],
    "obj_class": "vehicle",
    "point_num_in_lidar": 28,
    "speed": 6.355287432313019e-12,
    "if_vehicle": true,
    "motion_state": false,
    "pose": [
      [
        0.6911090987110571,
        -0.721249158963037,
        -0.04656033047458111,
        -8.850701043887966
      ],
      [
        0.7223975074160215,
        0.6913497604925191,
        0.013317279979636207,
        -27.494771847304946
      ],
      [
        0.022584396337066267,
        -0.04283876004331279,
        0.9988267045288896,
        0.38614988971471575
      ],
      [
        0.0,
        0.0,
        0.0,
        1.0
      ]
    ],
    "location": [
      -8.850701043887966,
      -27.494771847304946,
      0.38614988971471575
    ],
    "rotation": [
      -0.04286281282107827,
      -0.022586316658414023,
      0.8075298604995484
    ]
  },
  {
    "label_id": "dVT_TNeOHH9G7d0TcHcBZA",
    "size": [
      2.375114711075681,
      5.193980647294666,
      1.8100000000000023
    ],
    "obj_class": "vehicle",
    "point_num_in_lidar": 110,
    "speed": 0.3945237754043031,
    "if_vehicle": true,
    "motion_state": false,
    "pose": [
      [
        0.6992124398317533,
        -0.7133961729716698,
        -0.04656033047458111,
        6.736130277688062
      ],
      [
        0.714541729569666,
        0.6994660583313063,
        0.013317279979636207,
        -5.915607076094602
      ],
      [
        0.023066874259793528,
        -0.042580906893126394,
        0.9988267045288896,
        1.0141849700615353
      ],
      [
        0.0,
        0.0,
        0.0,
        1.0
      ]
    ],
    "location": [
      6.736130277688062,
      -5.915607076094602,
      1.0141849700615353
    ],
    "rotation": [
      -0.042605127934656484,
      -0.02306892032278798,
      0.7962407054443861
    ]
  },
  {
    "label_id": "jqOSg0IPD7rNnZ_x0uWG5A",
    "size": [
      2.2813536886104373,
      5.153051052561665,
      1.7972384554120708
    ],
    "obj_class": "vehicle",
    "point_num_in_lidar": 8045,
    "speed": 0.017003026660032717,
    "if_vehicle": true,
    "motion_state": false,
    "pose": [
      [
        0.7132667433990777,
        -0.6993444704771549,
        -0.04656033047458111,
        -36.43241058456624
      ],
      [
        0.7004847547277857,
        0.7135431020253074,
        0.013317279979636207,
        -31.405923532533052
      ],
      [
        0.023909436522601347,
        -0.04211357459454044,
        0.9988267045288896,
        -0.41079184503979604
      ],
      [
        0.0,
        0.0,
        0.0,
        1.0
      ]
    ],
    "location": [
      -36.43241058456624,
      -31.405923532533052,
      -0.41079184503979604
    ],
    "rotation": [
      -0.042138086191121304,
      -0.023911715124830434,
      0.7763572248549687
    ]
  },
  {
    "label_id": "kwt1bkheO0Bc3W4oj6l46A",
    "size": [
      2.092934821603264,
      4.408648013348169,
      1.46723845541203
    ],
    "obj_class": "vehicle",
    "point_num_in_lidar": 902,
    "speed": 4.582862941503293e-12,
    "if_vehicle": true,
    "motion_state": false,
    "pose": [
      [
        0.6971112743882207,
        -0.7154495137652472,
        -0.04656033047458111,
        -23.199794831765757
      ],
      [
        0.7165958113161782,
        0.6973615226394789,
        0.013317279979636207,
        -18.26353312291758
      ],
      [
        0.022941541468244814,
        -0.04264856380957075,
        0.9988267045288896,
        -0.16579184503996203
      ],
      [
        0.0,
        0.0,
        0.0,
        1.0
      ]
    ],
    "location": [
      -23.199794831765757,
      -18.26353312291758,
      -0.16579184503996203
    ],
    "rotation": [
      -0.04267274125039705,
      -0.022943554355334843,
      0.7991798749748461
    ]
  },
  {
    "label_id": "m4Ve9ReHKM06uu4tCR8qRw",
    "size": [
      2.1034666673481284,
      4.81463633700088,
      1.8600000000000136
    ],
    "obj_class": "vehicle",
    "point_num_in_lidar": 204,
    "speed": 6.262980035433169,
    "if_vehicle": true,
    "motion_state": true,
    "pose": [
      [
        0.6302392607882386,
        -0.7750036192090927,
        -0.04656033047458111,
        3.093410130848497
      ],
      [
        0.7761677215624758,
        0.630385848555041,
        0.013317279979636207,
        -3.4760956773825455
      ],
      [
        0.019030033252983084,
        -0.04453169830972745,
        0.9988267045288896,
        1.0004001209306352
      ],
      [
        0.0,
        0.0,
        0.0,
        1.0
      ]
    ],
    "location": [
      3.093410130848497,
      -3.4760956773825455,
      1.0004001209306352
    ],
    "rotation": [
      -0.04455450332564918,
      -0.019031182036445562,
      0.888787955066129
    ]
  },
  {
    "label_id": "n6HSmbVZgyrHjDXPpmljnw",
    "size": [
      2.06831479566735,
      4.714627999058088,
      1.8500000000000227
    ],
    "obj_class": "vehicle",
    "point_num_in_lidar": 297,
    "speed": 0.041095978229315495,
    "if_vehicle": true,
    "motion_state": false,
    "pose": [
      [
        0.6877096664013195,
        -0.7244912355331041,
        -0.04656033047458111,
        1.348147010361572
      ],
      [
        0.7256407030389274,
        0.687944925228114,
        0.013317279979636207,
        -11.293894883536268
      ],
      [
        0.022382690440545062,
        -0.042944493111468404,
        0.9988267045288896,
        0.8608500987731986
      ],
      [
        0.0,
        0.0,
        0.0,
        1.0
      ]
    ],
    "location": [
      1.348147010361572,
      -11.293894883536268,
      0.8608500987731986
    ],
    "rotation": [
      -0.04296847524776027,
      -0.022384559760067008,
      0.8122293969297817
    ]
  },
  {
    "label_id": "s_m9MSl5vBvlUgVTC4ApFA",
    "size": [
      1.8169175971080385,
      2.908720694006148,
      1.6100000000000136
    ],
    "obj_class": "vehicle",
    "point_num_in_lidar": 1441,
    "speed": 1.7053025658242404e-12,
    "if_vehicle": true,
    "motion_state": false,
    "pose": [
      [
        0.7093368503450016,
        -0.7033301986753666,
        -0.04656033047458111,
        -21.290405810006632
      ],
      [
        0.7044720135680147,
        0.709606815182444,
        0.013317279979636207,
        -39.87393064536445
      ],
      [
        0.023673082648016566,
        -0.04224688719773803,
        0.9988267045288896,
        -0.24569308624893438
      ],
      [
        0.0,
        0.0,
        0.0,
        1.0
      ]
    ],
    "location": [
      -21.290405810006632,
      -39.87393064536445,
      -0.24569308624893438
    ],
    "rotation": [
      -0.04227131779379107,
      -0.023675294330297664,
      0.781957233225588
    ]
  },
  {
    "label_id": "ttfnnllNpDo3NuL5zmluFQ",
    "size": [
      2.1943835412923662,
      5.091401428471968,
      1.920000000000016
    ],
    "obj_class": "vehicle",
    "point_num_in_lidar": 1272,
    "speed": 4.446023271014517,
    "if_vehicle": true,
    "motion_state": true,
    "pose": [
      [
        0.5254261416085831,
        -0.8495643032404404,
        -0.04656033047458111,
        -20.013527927520045
      ],
      [
        0.8507375911408331,
        0.5254219267158888,
        0.013317279979636207,
        -18.373018160971696
      ],
      [
        0.013149932859525412,
        -0.04660787042708772,
        0.9988267045288896,
        0.18966968580946286
      ],
      [
        0.0,
        0.0,
        0.0,
        1.0
      ]
    ],
    "location": [
      -20.013527927520045,
      -18.373018160971696,
      0.18966968580946286
    ],
    "rotation": [
      -0.0466287959145649,
      -0.013150311871692879,
      1.0175270421039397
    ]
  },
  {
    "label_id": "uIxMP7iEYRoxSyJNOTXCbQ",
    "size": [
      0.869758396026685,
      0.8522642563075351,
      1.8000000000000114
    ],
    "obj_class": "pedestrian",
    "point_num_in_lidar": 68,
    "speed": 1.6591283277759032,
    "if_vehicle": false,
    "motion_state": true,
    "pose": [
      [
        -0.7596160896603128,
        0.648702961265997,
        -0.04656033047458111,
        -8.081965307625069
      ],
      [
        -0.6498215712941972,
        -0.7599701148957667,
        0.013317279979636207,
        -31.821044087046175
      ],
      [
        -0.026745500741553876,
        0.040371927252012205,
        0.9988267045288896,
        0.461299697605682
      ],
      [
        0.0,
        0.0,
        0.0,
        1.0
      ]
    ],
    "location": [
      -8.081965307625069,
      -31.821044087046175,
      0.461299697605682
    ],
    "rotation": [
      0.04039736129085626,
      0.02674869037505333,
      -2.4339370087567933
    ]
  },
  {
    "label_id": "wKY9S0P3F82kx5NB0k8wDw",
    "size": [
      2.07682798336216,
      4.443809124814965,
      1.910000000000025
    ],
    "obj_class": "vehicle",
    "point_num_in_lidar": 2813,
    "speed": 6.780132822372817,
    "if_vehicle": true,
    "motion_state": true,
    "pose": [
      [
        0.738600555843672,
        -0.6725335341330694,
        -0.04656033047458111,
        -18.639787822412472
      ],
      [
        0.6736628376620929,
        0.7389188258577534,
        0.013317279979636207,
        -29.537049440354167
      ],
      [
        0.025447987356082124,
        -0.04120211474527623,
        0.9988267045288896,
        0.25854143596279755
      ],
      [
        0.0,
        0.0,
        0.0,
        1.0
      ]
    ],
    "location": [
      -18.639787822412472,
      -29.537049440354167,
      0.25854143596279755
    ],
    "rotation": [
      -0.0412271402864975,
      -0.025450734843188688,
      0.7394492200715146
    ]
  }
]