[
  {
    "label_id": "0TTpzF8WjDXQbo0lfz9cHQ",
    "size": [
      2.1575446701877024,
      5.032259334955597,
      2.0300000000000296
    ],
    "obj_class": "vehicle",
    "point_num_in_lidar": 115,
    "speed": 7.916163751345437,
    "if_vehicle": true,
    "motion_state": true,
    "pose": [
      [
        0.7075491314982537,
        -0.7053158862314851,
        -0.0436317217808523,
        1.5653710078331642
      ],
      [
        0.7062613945278948,
        0.7078809736725007,
        0.009968435784305701,
        1.6587221666704863
      ],
      [
        0.02385516957768815,
        -0.037868558752179475,
        0.9989979495186426,
        0.9274223729257187
      ],
      [
        0.0,
        0.0,
        0.0,
        1.0
      ]
    ],
    "location": [
      1.5653710078331642,
      1.6587221666704863,
      0.9274223729257187
    ],
    "rotation": [
      -0.03788840261251456,
      -0.023857432697320498,
      0.7844873365288199
    ]
  },
  {
    "label_id": "EK5IYzkmWzPAXFlA-PQnKQ",
    "size": [
      2.031245360727876,
      4.547102622504835,
      1.6399999999999864
    ],
    "obj_class": "vehicle",
    "point_num_in_lidar": 885,
    "speed": 5.035767759574092e-28,
    "if_vehicle": true,
    "motion_state": false,
    "pose": [
      [
        0.6912005647790338,
        -0.721344613970038,
        -0.0436317217808523,
        -17.900300179666374
      ],
      [
        0.7222974783543082,
        0.6915106528832524,
        0.009968435784305701,
        -36.83159681410325
      ],
      [
        0.022981122952382485,
        -0.03840527106264199,
        0.9989979495186426,
        -0.1406930862492004
      ],
      [
        0.0,
        0.0,
        0.0,
        1.0
      ]
    ],
    "location": [
      -17.900300179666374,
      -36.83159681410325,
      -0.1406930862492004
    ],
    "rotation": [
      -0.038424871443081814,
      -0.02298314627773274,
      0.807394584423996
    ]
  },
  {
    "label_id": "EetSvF1uXlOXoFDbzwPnMw",
    "size": [
      2.0874334641266454,
      4.543415239634662,
      1.7800000000000296
    ],
    "obj_class": "vehicle",
    "point_num_in_lidar": 31,
    "speed": 4.504127611723795e-28,
    "if_vehicle": true,
    "motion_state": false,
    "pose": [
      [
        0.7207641182458806,
        -0.6918058677863875,
        -0.0436317217808523,
        -10.485695537692663
      ],
      [
        0.6927449298691575,
        0.7211137860480761,
        0.009968435784305701,
        -5.258483343444823
      ],
      [
        0.024567213716952217,
        -0.0374105448735129,
        0.9989979495186426,
        0.45966968581006995
      ],
      [
        0.0,
        0.0,
        0.0,
        1.0
      ]
    ],
    "location": [
      -10.485695537692663,
      -5.258483343444823,
      0.45966968581006995
    ],
    "rotation": [
      -0.03743057924506745,
      -0.024569685637118557,
      0.7655783260714091
    ]
  },
  {
    "label_id": "GXY29zmAxt7I63pSzmjgzw",
    "size": [
      1.9490319488613916,
      4.705729582353263,
      1.490000000000009
    ],
    "obj_class": "vehicle",
    "point_num_in_lidar": 151,
    "speed": 6.369798355158929e-28,
    "if_vehicle": true,
    "motion_state": false,
    "pose": [
      [
        0.6934032620634047,
        -0.7192274946178487,
        -0.0436317217808523,
        5.26072285405462
      ],
      [
        0.7201794062724601,
        0.6937162626528667,
        0.009968435784305701,
        -13.708229404139274
      ],
      [
        0.023098461872517434,
        -0.03833481337728652,
        0.9989979495186426,
        0.5423540806424398
      ],
      [
        0.0,
        0.0,
        0.0,
        1.0
      ]
    ],
    "location": [
      5.26072285405462,
      -13.708229404139274,
      0.5423540806424398
    ],
    "rotation": [
      -0.0383544469760199,
      -0.023100516353968526,
      0.8043379417791289
    ]
  },
  {
    "label_id": "JsIhg21XPM4bj0p9nLSeqg",
    "size": [
      0.7337013722266024,
      0.9174614145625695,
      1.740000000000009
    ],
    "obj_class": "pedestrian",
    "point_num_in_lidar": 95,
    "speed": 1.4548459460403402,
    "if_vehicle": false,
    "motion_state": true,
    "pose": [
      [
        0.6793723656903535,
        -0.7324953662588801,
        -0.0436317217808523,
        -21.710915749004926
      ],
      [
        0.7334531498239459,
        0.6796669090821963,
        0.009968435784305701,
        -13.206219158688327
      ],
      [
        0.02235320445987309,
        -0.038774103573424326,
        0.9989979495186426,
        0.24769461717602326
      ],
      [
        0.0,
        0.0,
        0.0,
        1.0
      ]
    ],
    "location": [
      -21.710915749004926,
      -13.206219158688327,
      0.24769461717602326
    ],
    "rotation": [
      -0.03879352382349824,
      -0.022355066400337183,
      0.8236579434998306
    ]
  },
  {
    "label_id": "LtkOwXMi6uX--AIwWU3qaw",
    "size": [
      1.0365019291710635,
      1.3969672731621818,
      1.8899999999999864
    ],
    "obj_class": "pedestrian",
    "point_num_in_lidar": 286,
    "speed": 1.4593444719738564,
    "if_vehicle": false,
    "motion_state": true,
    "pose": [
      [
        -0.7191715812153746,
        0.6934612531545049,
        -0.0436317217808523,
        -38.85792667946225
      ],
      [
        -0.6944011167273673,
        -0.7195190889585901,
        0.009968435784305701,
        -28.99135608265351
      ],
      [
        -0.024481132734478675,
        0.03746693205460468,
        0.9989979495186426,
        -0.28782704239841905
      ],
      [
        0.0,
        0.0,
        0.0,
        1.0
      ]
    ],
    "location": [
      -38.85792667946225,
      -28.99135608265351,
      -0.28782704239841905
    ],
    "rotation": [
      0.037486943823125736,
      0.024483578756874957,
      -2.3737160011838436
    ]
  },
  {
    "label_id": "MbWLXdRi2KwMbFQQAs1ygA",
    "size": [
      0.7281406393223032,
      0.1852946014904465,
      0.8100000000000023
    ],
    "obj_class": "sign",
    "point_num_in_lidar": 24,
    "speed": 4.504127611723795e-28,
    "if_vehicle": false,
    "motion_state": false,
    "pose": [
      [
        -0.6663051150591772,
        0.7444016164009958,
        -0.0436317217808523,
        9.773895970316516
      ],
      [
        -0.7453644617199631,
        -0.6665826651608366,
        0.009968435784305701,
        -11.519892339340004
      ],
      [
        -0.02166362967940996,
        0.039163554571321986,
        0.9989979495186426,
        3.399701723888029
      ],
      [
        0.0,
        0.0,
        0.0,
        1.0
      ]
    ],
    "location": [
      9.773895970316516,
      -11.519892339340004,
      3.399701723888029
    ],
    "rotation": [
      0.03918277316884856,
      0.02166532454067434,
      -2.300248787630516
    ]
  },
  {
    "label_id": "QnTSi6m9sgONlcMH-owN-A",
    "size": [
      2.089279698675207,
      4.613630189803625,
      1.787238455412023
    ],
    "obj_class": "vehicle",
    "point_num_in_lidar": 7025,
    "speed": 4.504134323141563e-28,
    "if_vehicle": true,
    "motion_state": false,
    "pose": [
      [
        0.686032347979958,
        -0.7262615853668319,
        -0.0436317217808523,
        -40.498519017954095
      ],
      [
        0.7272166395739934,
        0.6863356244686143,
        0.009968435784305701,
        -35.653298598350375
      ],
      [
        0.022706313038764782,
        -0.03856838349909349,
        0.9989979495186426,
        -0.5957918450394573
      ],
      [
        0.0,
        0.0,
        0.0,
        1.0
      ]
    ],
    "location": [
      -40.498519017954095,
      -35.653298598350375,
      -0.5957918450394573
    ],
    "rotation": [
      -0.038587905513398794,
      -0.02270826463239554,
      0.8145314863772022
    ]
  },
  {
    "label_id": "SVtwv1xNRMziqE3GDAHqrA",
    "size": [
      0.7819850836689506,
      1.8584476636424367,
      1.9499999999999886
    ],
    "obj_class": "cyclist",
    "point_num_in_lidar": 706,
    "speed": 5.065331432914774,
    "if_vehicle": false,
    "motion_state": true,
    "pose": [
      [
        0.6939076704439917,
        -0.7187408557703056,
        -0.0436317217808523,
        -24.373347309876408
      ],
      [
        0.7196925476029326,
        0.694221338776629,
        0.009968435784305701,
        -39.9880427376047
      ],
      [
        0.023125350241529462,
        -0.03831859905782204,
        0.9989979495186426,
        -0.09115599556810139
      ],
      [
        0.0,
        0.0,
        0.0,
        1.0
      ]
    ],
    "location": [
      -24.373347309876408,
      -39.9880427376047,
      -0.09115599556810139
    ],
    "rotation": [
      -0.038338240247128834,
      -0.023127411907207945,
      0.80363671323552
    ]
  },
  {
    "label_id": "TgaQtjAqhVtWxHvxeKTNCA",
    "size": [
      2.135645358205106,
      4.852355393954673,
      1.4499999999999886
    ],
    "obj_class": "vehicle",
    "point_num_in_lidar": 29,
    "speed": 0.6284977011590197,
    "if_vehicle": true,
    "motion_state": false,
    "pose": [
      [
        0.7398755251355031,
        -0.6713274016155619,
        -0.0436317217808523,
        18.96450224261571
      ],
      [
        0.6722562916941788,
        0.7402513820085751,
        0.009968435784305701,
        11.190828665392473
      ],
      [
        0.025606358254440027,
        -0.036707101145320616,
        0.9989979495186426,
        1.2560615099183678
      ],
      [
        0.0,
        0.0,
        0.0,
        1.0
      ]
    ],
    "location": [
      18.96450224261571,
      11.190828665392473,
      1.2560615099183678
    ],
    "rotation": [
      -0.03672739760988788,
      -0.02560915736707771,
      0.7375502063874321
    ]
  },
  {
    "label_id": "VzOglJYUlWT0mbgeC_CaNw",
    "size": [
      2.2574139815372707,
      4.758250906213521,
      1.5
    ],
    "obj_class": "vehicle",
    "point_num_in_lidar": 2400,
    "speed": 0.04110460787860237,
    "if_vehicle": true,
    "motion_state": false,
    "pose": [
      [
        0.7027851751532895,
        -0.7100628637234865,
        -0.0436317217808523,
        -25.177952434481995
      ],
      [
        0.7110105844353092,
        0.7031106449976238,
        0.009968435784305701,
        -43.448086222713755
      ],
      [
        0.02359971198384414,
        -0.0380282848920002,
        0.9989979495186426,
        -0.5455381945782278
      ],
      [
        0.0,
        0.0,
        0.0,
        1.0
      ]
    ],
    "location": [
      -25.177952434481995,
      -43.448086222713755,
      -0.5455381945782278
    ],
    "rotation": [
      -0.03804805858691344,
      -0.023601903162182154,
      0.7912160592439414
    ]
  },
  {
    "label_id": "W72TFhoZygkbnX5xrmqI5Q",
    "size": [
      2.0652656566310563,
      5.028616147937694,
      1.5072384554120504
    ],
    "obj_class": "vehicle",
    "point_num_in_lidar": 2245,
    "speed": 9.00825522344759e-28,
    "if_vehicle": true,
    "motion_state": false,
    "pose": [
      [
        0.7133611419600064,
        -0.6994370264691124,
        -0.0436317217808523,
        -31.584978497750853
      ],
      [
        0.7003797565217716,
        0.7137007965124588,
        0.009968435784305701,
        -26.720808579557342
      ],
      [
        0.024167701504681203,
        -0.03766986941214632,
        0.9989979495186426,
        -0.4257918450394982
      ],
      [
        0.0,
        0.0,
        0.0,
        1.0
      ]
    ],
    "location": [
      -31.584978497750853,
      -26.720808579557342,
      -0.4257918450394982
    ],
    "rotation": [
      -0.03768979785768994,
      -0.0241700547595564,
      0.7762161268369953
    ]
  },
  {
    "label_id": "a5UB6eiHSWzlL_IWYnXAdQ",
    "size": [
      2.26399018341299,
      4.937124122990977,
      1.8199999999999932
    ],
    "obj_class": "vehicle",
    "point_num_in_lidar": 44,
    "speed": 0.018180076904914765,
    "if_vehicle": true,
    "motion_state": false,
    "pose": [
      [
        0.7114296891422246,
        -0.7014015043193421,
        -0.0436317217808523,
        8.583084388756106
      ],
      [
        0.7023451674059574,
        0.7117667427672579,
        0.009968435784305701,
        13.36864828891703
      ],
      [
        0.024063732638461677,
        -0.037736370109645694,
        0.9989979495186426,
        1.132168804700143
      ],
      [
        0.0,
        0.0,
        0.0,
        1.0
      ]
    ],
    "location": [
      8.583084388756106,
      13.36864828891703,
      1.132168804700143
    ],
    "rotation": [
      -0.037756270576755784,
      -0.024066055647623947,
      0.7789725315761237
    ]
  },
  {
    "label_id": "b69ZJxO1bzwiUgQBZ8J7bw",
    "size": [
      2.0822549283551077,
      4.81975962782915,
      1.607238455412073
    ],
    "obj_class": "vehicle",
    "point_num_in_lidar": 777,
    "speed": 0.0,
    "if_vehicle": true,
    "motion_state": false,
    "pose": [
      [
        0.7211172512019063,
        -0.6914377650037964,
        -0.0436317217808523,
        -27.699135637780273
      ],
      [
        0.6923766484284147,
        0.7214673984311762,
        0.009968435784305701,
        -22.678872325683187
      ],
      [
        0.02458631184302019,
        -0.03739799630334882,
        0.9989979495186426,
        -0.2557918450400507
      ],
      [
        0.0,
        0.0,
        0.0,
        1.0
      ]
    ],
    "location": [
      -27.699135637780273,
      -22.678872325683187,
      -0.2557918450400507
    ],
    "rotation": [
      -0.03741803567266833,
      -0.024588789533599994,
      0.7650679426560612
    ]
  },
  {
    "label_id": "chi0fAmQL1e5oWq3NTkLAw",
    "size": [
      2.2179390911643053,
      5.344432669972154,
      1.8100000000000023
    ],
    "obj_class": "vehicle",
    "point_num_in_lidar": 387,
    "speed": 6.369798355158929e-28,
    "if_vehicle": true,
    "motion_state": false,
    "pose": [
      [
        0.6912005647784938,
        -0.7213446139705556,
        -0.0436317217808523,
        -8.850701043884328
      ],
      [
        0.7222974783548259,
        0.6915106528827116,
        0.009968435784305701,
        -27.494771847304946
      ],
      [
        0.02298112295235373,
        -0.038405271062659195,
        0.9989979495186426,
        0.3861498897148863
      ],
      [
        0.0,
        0.0,
        0.0,
        1.0
      ]
    ],
    "location": [
      -8.850701043884328,
      -27.494771847304946,
      0.3861498897148863
    ],
    "rotation": [
      -0.03842487144309901,
      -0.022983146277703977,
      0.8073945844247443
    ]
  },
  {
    "label_id": "dVT_TNeOHH9G7d0TcHcBZA",
    "size": [
      2.3751147110757627,
      5.193980647294666,
      1.8100000000000023
    ],
    "obj_class": "vehicle",
    "point_num_in_lidar": 62,
    "speed": 0.10308538976218713,
    "if_vehicle": true,
    "motion_state": false,
    "pose": [
      [
        0.6912503921139341,
        -0.7212968655531304,
        -0.0436317217808523,
        6.530484776503727
      ],
      [
        0.7222497085148866,
        0.6915605460393006,
        0.009968435784305701,
        -6.114902558554604
      ],
      [
        0.022983775853713695,
        -0.038403683482887085,
        0.9989979495186426,
        1.0141849700610237
      ],
      [
        0.0,
        0.0,
        0.0,
        1.0
      ]
    ],
    "location": [
      6.530484776503727,
      -6.114902558554604,
      1.0141849700610237
    ],
    "rotation": [
      -0.03842328461601104,
      -0.02298579987996355,
      0.8073255392564289
    ]
  },
  {
    "label_id": "jqOSg0IPD7rNnZ_x0uWG5A",
    "size": [
      2.2813536886104364,
      5.153051052561665,
      1.7972384554120708
    ],
    "obj_class": "vehicle",
    "point_num_in_lidar": 8445,
    "speed": 0.01978465293881562,
    "if_vehicle": true,
    "motion_state": false,
    "pose": [
      [
        0.713361141959557,
        -0.6994370264695708,
        -0.0436317217808523,
        -36.41087691300709
      ],
      [
        0.7003797565222303,
        0.7137007965120087,
        0.009968435784305701,
        -31.40907389410131
      ],
      [
        0.024167701504656997,
        -0.03766986941216185,
        0.9989979495186426,
        -0.4107918450398529
      ],
      [
        0.0,
        0.0,
        0.0,
        1.0
      ]
    ],
    "location": [
      -36.41087691300709,
      -31.40907389410131,
      -0.4107918450398529
    ],
    "rotation": [
      -0.03768979785770546,
      -0.024170054759532187,
      0.7762161268376375
    ]
  },
  {
    "label_id": "kwt1bkheO0Bc3W4oj6l46A",
    "size": [
      2.0929348216032655,
      4.408648013348169,
      1.46723845541203
    ],
    "obj_class": "vehicle",
    "point_num_in_lidar": 366,
    "speed": 1.0071538520587244e-27,
    "if_vehicle": true,
    "motion_state": false,
    "pose": [
      [
        0.6972035348243133,
        -0.7155442012083676,
        -0.0436317217808523,
        -23.19979483175848
      ],
      [
        0.7164944414320139,
        0.6975215736341354,
        0.009968435784305701,
        -18.263533122924855
      ],
      [
        0.023301210816368944,
        -0.03821191479157591,
        0.9989979495186426,
        -0.16579184503950728
      ],
      [
        0.0,
        0.0,
        0.0,
        1.0
      ]
    ],
    "location": [
      -23.19979483175848,
      -18.263533122924855,
      -0.16579184503950728
    ],
    "rotation": [
      -0.038231605422018484,
      -0.023303319883229694,
      0.7990430222776171
    ]
  },
  {
    "label_id": "m4Ve9ReHKM06uu4tCR8qRw",
    "size": [
      2.103466667344529,
      4.81463633700088,
      1.8600000000000136
    ],
    "obj_class": "vehicle",
    "point_num_in_lidar": 199,
    "speed": 6.623966110838586,
    "if_vehicle": true,
    "motion_state": true,
    "pose": [
      [
        0.6692771241470035,
        -0.7417306815468502,
        -0.0436317217808523,
        -1.4504875728744082
      ],
      [
        0.7426924090638803,
        0.6695585230634467,
        0.009968435784305701,
        -8.917368863272713
      ],
      [
        0.0218200965260536,
        -0.03907659459499037,
        0.9989979495186426,
        0.8515905760130522
      ],
      [
        0.0,
        0.0,
        0.0,
        1.0
      ]
    ],
    "location": [
      -1.4504875728744082,
      -8.917368863272713,
      0.8515905760130522
    ],
    "rotation": [
      -0.039095859245201106,
      -0.021821828382207125,
      0.8373463333183562
    ]
  },
  {
    "label_id": "n6HSmbVZgyrHjDXPpmljnw",
    "size": [
      2.068314795671028,
      4.714627999058088,
      1.8500000000000227
    ],
    "obj_class": "vehicle",
    "point_num_in_lidar": 214,
    "speed": 0.02570641876433596,
    "if_vehicle": true,
    "motion_state": false,
    "pose": [
      [
        0.6931081185403505,
        -0.7195119240623423,
        -0.0436317217808523,
        1.3272421888796089
      ],
      [
        0.720463964054938,
        0.6934207285524852,
        0.009968435784305701,
        -11.313924318274076
      ],
      [
        0.02308273189422023,
        -0.03834428700402545,
        0.9989979495186426,
        0.8608500987730849
      ],
      [
        0.0,
        0.0,
        0.0,
        1.0
      ]
    ],
    "location": [
      1.3272421888796089,
      -11.313924318274076,
      0.8608500987730849
    ],
    "rotation": [
      -0.038363916158444956,
      -0.02308478218057273,
      0.8047480300215275
    ]
  },
  {
    "label_id": "s_m9MSl5vBvlUgVTC4ApFA",
    "size": [
      1.8169175971080358,
      2.908720694006148,
      1.6100000000000136
    ],
    "obj_class": "vehicle",
    "point_num_in_lidar": 899,
    "speed": 6.369798355158929e-28,
    "if_vehicle": true,
    "motion_state": false,
    "pose": [
      [
        0.7094307287967692,
        -0.7034232821660963,
        -0.0436317217808523,
        -21.29040581001027
      ],
      [
        0.7043679006335546,
        0.7097650955387235,
        0.009968435784305701,
        -39.87393064537173
      ],
      [
        0.02395624336084735,
        -0.03780469893523005,
        0.9989979495186426,
        -0.24569308624904806
      ],
      [
        0.0,
        0.0,
        0.0,
        1.0
      ]
    ],
    "location": [
      -21.29040581001027,
      -39.87393064537173,
      -0.24569308624904806
    ],
    "rotation": [
      -0.03782457030705415,
      -0.023958535373871857,
      0.7818171679029707
    ]
  },
  {
    "label_id": "ttfnnllNpDo3NuL5zmluFQ",
    "size": [
      2.1943835412981114,
      5.091401428471968,
      1.920000000000016
    ],
    "obj_class": "vehicle",
    "point_num_in_lidar": 1130,
    "speed": 5.615325108955721,
    "if_vehicle": true,
    "motion_state": true,
    "pose": [
      [
        0.6755838289004522,
        -0.735991007406098,
        -0.0436317217808523,
        -23.333835344361432
      ],
      [
        0.7369502979919142,
        0.6758734264473217,
        0.009968435784305701,
        -22.883435473559075
      ],
      [
        0.022152842206666724,
        -0.03888892438360892,
        0.9989979495186426,
        0.0896684457389938
      ],
      [
        0.0,
        0.0,
        0.0,
        1.0
      ]
    ],
    "location": [
      -23.333835344361432,
      -22.883435473559075,
      0.0896684457389938
    ],
    "rotation": [
      -0.0389082864089329,
      -0.022154654518964388,
      0.8288151002751029
    ]
  },
  {
    "label_id": "uIxMP7iEYRoxSyJNOTXCbQ",
    "size": [
      0.86975839601924,
      0.8522642563075351,
      1.8000000000000114
    ],
    "obj_class": "pedestrian",
    "point_num_in_lidar": 30,
    "speed": 1.6593686071153089,
    "if_vehicle": false,
    "motion_state": true,
    "pose": [
      [
        -0.7585592140155678,
        0.6501416704738456,
        -0.0436317217808523,
        -6.697597284517542
      ],
      [
        -0.6510595632211139,
        -0.7589611817651458,
        0.009968435784305701,
        -30.63142304921348
      ],
      [
        -0.026633887632423938,
        0.03596849853873445,
        0.9989979495186426,
        0.4951515779096667
      ],
      [
        0.0,
        0.0,
        0.0,
        1.0
      ]
    ],
    "location": [
      -6.697597284517542,
      -30.63142304921348,
      0.4951515779096667
    ],
    "rotation": [
      0.03598903109965022,
      0.026637037491385733,
      -2.4323086689227207
    ]
  },
  {
    "label_id": "wKY9S0P3F82kx5NB0k8wDw",
    "size": [
      2.076827983364028,
      4.443809124814965,
      1.910000000000025
    ],
    "obj_class": "vehicle",
    "point_num_in_lidar": 3355,
    "speed": 7.973466215047872,
    "if_vehicle": true,
    "motion_state": true,
    "pose": [
      [
        0.7399751137305398,
        -0.6712176278331143,
        -0.0436317217808523,
        -24.70846936289672
      ],
      [
        0.6721464621401647,
        0.740351108407676,
        0.009968435784305701,
        -34.949018518636876
      ],
      [
        0.025611803761840933,
        -0.03670330183529103,
        0.9989979495186426,
        0.12761639031788263
      ],
      [
        0.0,
        0.0,
        0.0,
        1.0
      ]
    ],
    "location": [
      -24.70846936289672,
      -34.949018518636876,
      0.12761639031788263
    ],
    "rotation": [
      -0.03672359961613934,
      -0.025614604661007435,
      0.7374018998652123
    ]
  }
]