[
  {
    "label_id": "-a7taWtiLy3oA6tvs-biRQ",
    "size": [
      2.130683805415212,
      4.68516771922441,
      1.7200000000000273
    ],
    "obj_class": "vehicle",
    "point_num_in_lidar": 23,
    "speed": 1.3422373740262157,
    "if_vehicle": true,
    "motion_state": true,
    "pose": [
      [
        0.713421045989929,
        -0.699324270837533,
        -0.04445194434654692,
        22.466890811898338
      ],
      [
        0.7003300259087101,
        0.7137300729141703,
        0.01127997467367423,
        18.52490796235361
      ],
      [
        0.0238383294159045,
        -0.039178402666342316,
        0.9989478398871349,
        1.6395004596698755
      ],
      [
        0.0,
        0.0,
        0.0,
        1.0
      ]
    ],
    "location": [
      22.466890811898338,
      18.52490796235361,
      1.6395004596698755
    ],
    "rotation": [
      -0.039199577574585164,
      -0.023840587745267473,
      0.776138650740552
    ]
  },
  {
    "label_id": "0TTpzF8WjDXQbo0lfz9cHQ",
    "size": [
      2.157544670190006,
      5.032259334955597,
      2.0300000000000296
    ],
    "obj_class": "vehicle",
    "point_num_in_lidar": 110,
    "speed": 7.246409211135983,
    "if_vehicle": true,
    "motion_state": true,
    "pose": [
      [
        0.699984681785865,
        -0.7127730844447991,
        -0.04445194434654692,
        4.708768165241054
      ],
      [
        0.7137845377757831,
        0.7002745146037896,
        0.01127997467367423,
        4.856909038040612
      ],
      [
        0.023088501409858814,
        -0.039624920031139294,
        0.9989478398871349,
        1.0668715062928982
      ],
      [
        0.0,
        0.0,
        0.0,
        1.0
      ]
    ],
    "location": [
      4.708768165241054,
      4.856909038040612,
      1.0668715062928982
    ],
    "rotation": [
      -0.03964587090792883,
      -0.023090553234245376,
      0.7951588920583794
    ]
  },
  {
    "label_id": "0jw4kmyd3WAM6MTC97B0nA",
    "size": [
      1.9708569114638232,
      4.39763427653422,
      1.5199999999999818
    ],
    "obj_class": "vehicle",
    "point_num_in_lidar": 37,
    "speed": 0.9128183024035935,
    "if_vehicle": true,
    "motion_state": false,
    "pose": [
      [
        0.7071720443062207,
        -0.7056427739271283,
        -0.04445194434654692,
        12.57689636070063
      ],
      [
        0.7066512381264775,
        0.707472112401385,
        0.01127997467367423,
        0.2821096727057011
      ],
      [
        0.02348887834864111,
        -0.03938890425932125,
        0.9989478398871349,
        1.1113602922957853
      ],
      [
        0.0,
        0.0,
        0.0,
        1.0
      ]
    ],
    "location": [
      12.57689636070063,
      0.2821096727057011,
      1.1113602922957853
    ],
    "rotation": [
      -0.03940997550988765,
      -0.023491038794727723,
      0.7850297961745728
    ]
  },
  {
    "label_id": "6i_mPMYxgh2SXwhx4Y83Bg",
    "size": [
      0.718417850808499,
      0.8689585357133183,
      1.6299999999999955
    ],
    "obj_class": "pedestrian",
    "point_num_in_lidar": 21,
    "speed": 1.1909521601185324,
    "if_vehicle": false,
    "motion_state": true,
    "pose": [
      [
        0.7227167777964161,
        -0.6897133344624977,
        -0.04445194434654692,
        4.0880199561106565
      ],
      [
        0.6907148634897461,
        0.7230392378880297,
        0.01127997467367423,
        13.259548503898259
      ],
      [
        0.024360551018136015,
        -0.03885584562096196,
        0.9989478398871349,
        1.2178730774450628
      ],
      [
        0.0,
        0.0,
        0.0,
        1.0
      ]
    ],
    "location": [
      4.0880199561106565,
      13.259548503898259,
      1.2178730774450628
    ],
    "rotation": [
      -0.03887717263595967,
      -0.024362961068256136,
      0.7627607420361265
    ]
  },
  {
    "label_id": "EK5IYzkmWzPAXFlA-PQnKQ",
    "size": [
      2.031245360727879,
      4.547102622504835,
      1.6399999999999864
    ],
    "obj_class": "vehicle",
    "point_num_in_lidar": 1585,
    "speed": 1.1368683772161603e-12,
    "if_vehicle": true,
    "motion_state": false,
    "pose": [
      [
        0.6911755476994772,
        -0.7213185058669569,
        -0.04445194434654692,
        -17.900300179670012
      ],
      [
        0.7223334434253778,
        0.691452933091326,
        0.01127997467367423,
        -36.83159681410325
      ],
      [
        0.022599972822200443,
        -0.0399055686999075,
        0.9989478398871349,
        -0.14069308624897303
      ],
      [
        0.0,
        0.0,
        0.0,
        1.0
      ]
    ],
    "location": [
      -17.900300179670012,
      -36.83159681410325,
      -0.14069308624897303
    ],
    "rotation": [
      -0.03992637069117582,
      -0.022601897120242714,
      0.807437535585709
    ]
  },
  {
    "label_id": "EetSvF1uXlOXoFDbzwPnMw",
    "size": [
      2.087433464126645,
      4.543415239634662,
      1.7800000000000296
    ],
    "obj_class": "vehicle",
    "point_num_in_lidar": 63,
    "speed": 5.684341886080801e-13,
    "if_vehicle": true,
    "motion_state": false,
    "pose": [
      [
        0.7207380311530649,
        -0.6917808287986992,
        -0.04445194434654692,
        -10.485695537707215
      ],
      [
        0.6927832774490608,
        0.7210576209002295,
        0.01127997467367423,
        -5.258483343444823
      ],
      [
        0.02424914300632783,
        -0.038925470431144416,
        0.9989478398871349,
        0.459669685809331
      ],
      [
        0.0,
        0.0,
        0.0,
        1.0
      ]
    ],
    "location": [
      -10.485695537707215,
      -5.258483343444823,
      0.459669685809331
    ],
    "rotation": [
      -0.0389467653001338,
      -0.02425152013602263,
      0.7656240645826198
    ]
  },
  {
    "label_id": "GXY29zmAxt7I63pSzmjgzw",
    "size": [
      1.9490319488613914,
      4.705729582353263,
      1.490000000000009
    ],
    "obj_class": "vehicle",
    "point_num_in_lidar": 175,
    "speed": 7.958078640513122e-12,
    "if_vehicle": true,
    "motion_state": false,
    "pose": [
      [
        0.6933781652601677,
        -0.7192014631410695,
        -0.04445194434654692,
        5.260722854050982
      ],
      [
        0.720215547687081,
        0.6936586531148873,
        0.01127997467367423,
        -13.708229404131998
      ],
      [
        0.022721901554262944,
        -0.03983626958671733,
        0.9989478398871349,
        0.5497694584367423
      ],
      [
        0.0,
        0.0,
        0.0,
        1.0
      ]
    ],
    "location": [
      5.260722854050982,
      -13.708229404131998,
      0.5497694584367423
    ],
    "rotation": [
      -0.03985710892426621,
      -0.022723857170747187,
      0.8043810992086394
    ]
  },
  {
    "label_id": "JsIhg21XPM4bj0p9nLSeqg",
    "size": [
      0.7337013722176724,
      0.9174614145625695,
      1.740000000000009
    ],
    "obj_class": "pedestrian",
    "point_num_in_lidar": 63,
    "speed": 1.4548459460408099,
    "if_vehicle": false,
    "motion_state": true,
    "pose": [
      [
        0.6814071255743193,
        -0.7305534572229163,
        -0.04445194434654692,
        -21.119952202003333
      ],
      [
        0.7315720353127457,
        0.6816708291541659,
        0.01127997467367423,
        -12.563956605306885
      ],
      [
        0.022060969264985825,
        -0.04020605451815171,
        0.9989478398871349,
        0.2570256841113405
      ],
      [
        0.0,
        0.0,
        0.0,
        1.0
      ]
    ],
    "location": [
      -21.119952202003333,
      -12.563956605306885,
      0.2570256841113405
    ],
    "rotation": [
      -0.040226690130843734,
      -0.022062759119163798,
      0.8208861947307201
    ]
  },
  {
    "label_id": "LtkOwXMi6uX--AIwWU3qaw",
    "size": [
      1.0365019291713384,
      1.3969672731621818,
      1.8899999999999864
    ],
    "obj_class": "pedestrian",
    "point_num_in_lidar": 308,
    "speed": 1.4841194865779972,
    "if_vehicle": false,
    "motion_state": true,
    "pose": [
      [
        -0.675880114162688,
        0.7356698280636792,
        -0.04445194434654692,
        -39.49767601543863
      ],
      [
        -0.7366903652696359,
        -0.6761361311823616,
        0.01127997467367423,
        -29.60086251926259
      ],
      [
        -0.021757228645263305,
        0.04037122968779834,
        0.9989478398871349,
        -0.30918169174202603
      ],
      [
        0.0,
        0.0,
        0.0,
        1.0
      ]
    ],
    "location": [
      -39.49767601543863,
      -29.60086251926259,
      -0.30918169174202603
    ],
    "rotation": [
      0.040391770754447665,
      0.02175894557295911,
      -2.3131716971830345
    ]
  },
  {
    "label_id": "MbWLXdRi2KwMbFQQAs1ygA",
    "size": [
      0.728140639322303,
      0.1852946014904465,
      0.8100000000000023
    ],
    "obj_class": "sign",
    "point_num_in_lidar": 25,
    "speed": 5.684341886080801e-13,
    "if_vehicle": false,
    "motion_state": false,
    "pose": [
      [
        -0.666280999037107,
        0.7443746737805674,
        -0.04445194434654692,
        9.773895970320154
      ],
      [
        -0.7453984458901273,
        -0.6665237572929749,
        0.01127997467367423,
        -11.519892339340004
      ],
      [
        -0.021231749496869345,
        0.04065004302739943,
        0.9989478398871349,
        3.4087902815606412
      ],
      [
        0.0,
        0.0,
        0.0,
        1.0
      ]
    ],
    "location": [
      9.773895970320154,
      -11.519892339340004,
      3.4087902815606412
    ],
    "rotation": [
      0.040670419499991374,
      0.021233344987313257,
      -2.3002081498828857
    ]
  },
  {
    "label_id": "PDdsl0JNXo0zsxZUTYyooQ",
    "size": [
      0.7981004814262381,
      1.0569631758026503,
      1.910000000000025
    ],
    "obj_class": "pedestrian",
    "point_num_in_lidar": 40,
    "speed": 1.566804820190165,
    "if_vehicle": false,
    "motion_state": true,
    "pose": [
      [
        0.7139125859224889,
        -0.6988224698056555,
        -0.04445194434654692,
        -14.232640523779992
      ],
      [
        0.69982800734193,
        0.7142223199474972,
        0.01127997467367423,
        -5.339615967415739
      ],
      [
        0.0238658710565655,
        -0.03916163152294124,
        0.9989478398871349,
        0.5543300062999492
      ],
      [
        0.0,
        0.0,
        0.0,
        1.0
      ]
    ],
    "location": [
      -14.232640523779992,
      -5.339615967415739,
      0.5543300062999492
    ],
    "rotation": [
      -0.03918281454023773,
      -0.023868137223805947,
      0.7754358600643159
    ]
  },
  {
    "label_id": "SVtwv1xNRMziqE3GDAHqrA",
    "size": [
      0.7819850836658906,
      1.8584476636424367,
      1.9499999999999886
    ],
    "obj_class": "cyclist",
    "point_num_in_lidar": 708,
    "speed": 5.045275190429466,
    "if_vehicle": false,
    "motion_state": true,
    "pose": [
      [
        0.693587318750181,
        -0.7189997607181426,
        -0.04445194434654692,
        -22.265302865573176
      ],
      [
        0.7200137636401692,
        0.6938681015438597,
        0.01127997467367423,
        -37.80455320193141
      ],
      [
        0.022733487142393333,
        -0.039829659139564245,
        0.9989478398871349,
        -0.004939384461863483
      ],
      [
        0.0,
        0.0,
        0.0,
        1.0
      ]
    ],
    "location": [
      -22.265302865573176,
      -37.80455320193141,
      -0.004939384461863483
    ],
    "rotation": [
      -0.039850502019577676,
      -0.022735445752294088,
      0.8040904007972411
    ]
  },
  {
    "label_id": "VzOglJYUlWT0mbgeC_CaNw",
    "size": [
      2.257413981537273,
      4.758250906213521,
      1.5
    ],
    "obj_class": "vehicle",
    "point_num_in_lidar": 2415,
    "speed": 0.04109876473384778,
    "if_vehicle": true,
    "motion_state": false,
    "pose": [
      [
        0.7027597387842613,
        -0.7100371639482599,
        -0.04445194434654692,
        -25.153771688073903
      ],
      [
        0.7110474790052009,
        0.7030535148704611,
        0.01127997467367423,
        -43.45291954941058
      ],
      [
        0.02324289448896208,
        -0.03953455501965606,
        0.9989478398871349,
        -0.5455381945787394
      ],
      [
        0.0,
        0.0,
        0.0,
        1.0
      ]
    ],
    "location": [
      -25.153771688073903,
      -43.45291954941058,
      -0.5455381945787394
    ],
    "rotation": [
      -0.03955555250491337,
      -0.023244987757672947,
      0.791260097887457
    ]
  },
  {
    "label_id": "W72TFhoZygkbnX5xrmqI5Q",
    "size": [
      2.0652656566310554,
      5.028616147937694,
      1.5072384554120504
    ],
    "obj_class": "vehicle",
    "point_num_in_lidar": 4531,
    "speed": 3.5950934718225418e-12,
    "if_vehicle": true,
    "motion_state": false,
    "pose": [
      [
        0.7133353228080123,
        -0.6994117112818461,
        -0.04445194434654692,
        -31.584978497761767
      ],
      [
        0.7004175042236257,
        0.7136442264521647,
        0.01127997467367423,
        -26.72080857954279
      ],
      [
        0.023833527047755775,
        -0.03918132429220751,
        0.9989478398871349,
        -0.4257918450400098
      ],
      [
        0.0,
        0.0,
        0.0,
        1.0
      ]
    ],
    "location": [
      -31.584978497761767,
      -26.72080857954279,
      -0.4257918450400098
    ],
    "rotation": [
      -0.039202497785554354,
      -0.023835784012300874,
      0.7762611637359392
    ]
  },
  {
    "label_id": "WusXYm4eNBs90QiKLvSqSw",
    "size": [
      2.109997504868784,
      4.924193014114065,
      1.5400000000000205
    ],
    "obj_class": "vehicle",
    "point_num_in_lidar": 411,
    "speed": 4.8567038364339685e-12,
    "if_vehicle": true,
    "motion_state": false,
    "pose": [
      [
        0.7006832593132596,
        -0.7120863674877921,
        -0.04445194434654692,
        -13.898639058130357
      ],
      [
        0.7130975361351684,
        0.700974083778647,
        0.01127997467367423,
        -32.59551171189378
      ],
      [
        0.023127344769769152,
        -0.03960226140926131,
        0.9989478398871349,
        0.03746880225497762
      ],
      [
        0.0,
        0.0,
        0.0,
        1.0
      ]
    ],
    "location": [
      -13.898639058130357,
      -32.59551171189378,
      0.03746880225497762
    ],
    "rotation": [
      -0.039623224033648693,
      -0.0231294069690264,
      0.7941788441167338
    ]
  },
  {
    "label_id": "a5UB6eiHSWzlL_IWYnXAdQ",
    "size": [
      2.2639901834129907,
      4.937124122990977,
      1.8199999999999932
    ],
    "obj_class": "vehicle",
    "point_num_in_lidar": 58,
    "speed": 0.018180076901382545,
    "if_vehicle": true,
    "motion_state": false,
    "pose": [
      [
        0.7114039398965841,
        -0.7013761180304251,
        -0.04445194434654692,
        8.575449772841239
      ],
      [
        0.7023827589688723,
        0.7117100688304446,
        0.01127997467367423,
        13.376436897648091
      ],
      [
        0.02372539152242486,
        -0.03924689773644392,
        0.9989478398871349,
        1.1321688046996314
      ],
      [
        0.0,
        0.0,
        0.0,
        1.0
      ]
    ],
    "location": [
      8.575449772841239,
      13.376436897648091,
      1.1321688046996314
    ],
    "rotation": [
      -0.03926803929754626,
      -0.023727617900642792,
      0.7790173857991056
    ]
  },
  {
    "label_id": "b69ZJxO1bzwiUgQBZ8J7bw",
    "size": [
      2.082254928355108,
      4.81975962782915,
      1.607238455412073
    ],
    "obj_class": "vehicle",
    "point_num_in_lidar": 1539,
    "speed": 0.0,
    "if_vehicle": true,
    "motion_state": false,
    "pose": [
      [
        0.7210911513279158,
        -0.6914127393390957,
        -0.04445194434654692,
        -27.69913563778391
      ],
      [
        0.6924150246804995,
        0.721411252870417,
        0.01127997467367423,
        -22.67887232567591
      ],
      [
        0.024269014674767733,
        -0.038913084066199956,
        0.9989478398871349,
        -0.25579184504050545
      ],
      [
        0.0,
        0.0,
        0.0,
        1.0
      ]
    ],
    "location": [
      -27.69913563778391,
      -22.67887232567591,
      -0.25579184504050545
    ],
    "rotation": [
      -0.038934384681596955,
      -0.024271397654312292,
      0.7651137146905876
    ]
  },
  {
    "label_id": "chi0fAmQL1e5oWq3NTkLAw",
    "size": [
      2.2179390911643053,
      5.344432669972154,
      1.8100000000000023
    ],
    "obj_class": "vehicle",
    "point_num_in_lidar": 191,
    "speed": 6.355287432313019e-12,
    "if_vehicle": true,
    "motion_state": false,
    "pose": [
      [
        0.6911755476989365,
        -0.721318505867475,
        -0.04445194434654692,
        -8.850701043891604
      ],
      [
        0.7223334434258962,
        0.6914529330907846,
        0.01127997467367423,
        -27.494771847304946
      ],
      [
        0.02259997282217053,
        -0.03990556869992445,
        0.9989478398871349,
        0.3861498897148863
      ],
      [
        0.0,
        0.0,
        0.0,
        1.0
      ]
    ],
    "location": [
      -8.850701043891604,
      -27.494771847304946,
      0.3861498897148863
    ],
    "rotation": [
      -0.03992637069119276,
      -0.022601897120212794,
      0.8074375355864583
    ]
  },
  {
    "label_id": "dVT_TNeOHH9G7d0TcHcBZA",
    "size": [
      2.375114711070798,
      5.193980647294666,
      1.8100000000000023
    ],
    "obj_class": "vehicle",
    "point_num_in_lidar": 82,
    "speed": 0.2641909584788246,
    "if_vehicle": true,
    "motion_state": false,
    "pose": [
      [
        0.6948152317044599,
        -0.7178132197412423,
        -0.04445194434654692,
        6.621866300847614
      ],
      [
        0.7188267412635859,
        0.6950977472382824,
        0.01127997467367423,
        -6.026342755998485
      ],
      [
        0.022801531436536498,
        -0.039790744513967996,
        0.9989478398871349,
        1.0141849700611374
      ],
      [
        0.0,
        0.0,
        0.0,
        1.0
      ]
    ],
    "location": [
      6.621866300847614,
      -6.026342755998485,
      1.0141849700611374
    ],
    "rotation": [
      -0.03981160817735162,
      -0.02280350768901204,
      0.8023820965539992
    ]
  },
  {
    "label_id": "jqOSg0IPD7rNnZ_x0uWG5A",
    "size": [
      2.2813536886104373,
      5.153051052561665,
      1.7972384554120708
    ],
    "obj_class": "vehicle",
    "point_num_in_lidar": 9444,
    "speed": 0.019784652939488414,
    "if_vehicle": true,
    "motion_state": false,
    "pose": [
      [
        0.7133353228075625,
        -0.6994117112823047,
        -0.04445194434654692,
        -36.42262090871736
      ],
      [
        0.7004175042240846,
        0.7136442264517143,
        0.01127997467367423,
        -31.40735575548024
      ],
      [
        0.023833527047730577,
        -0.03918132429222283,
        0.9989478398871349,
        -0.4107918450404213
      ],
      [
        0.0,
        0.0,
        0.0,
        1.0
      ]
    ],
    "location": [
      -36.42262090871736,
      -31.40735575548024,
      -0.4107918450404213
    ],
    "rotation": [
      -0.03920249778556966,
      -0.02383578401227567,
      0.7762611637365819
    ]
  },
  {
    "label_id": "kwt1bkheO0Bc3W4oj6l46A",
    "size": [
      2.0929348216032655,
      4.408648013348169,
      1.46723845541203
    ],
    "obj_class": "vehicle",
    "point_num_in_lidar": 591,
    "speed": 4.582862941503293e-12,
    "if_vehicle": true,
    "motion_state": false,
    "pose": [
      [
        0.6971783004752898,
        -0.7155183030434638,
        -0.04445194434654692,
        -23.199794831765757
      ],
      [
        0.716530887517592,
        0.697464156358313,
        0.01127997467367423,
        -18.26353312291758
      ],
      [
        0.022932609525270393,
        -0.03971534470691038,
        0.9989478398871349,
        -0.16579184504001887
      ],
      [
        0.0,
        0.0,
        0.0,
        1.0
      ]
    ],
    "location": [
      -23.199794831765757,
      -18.26353312291758,
      -0.16579184504001887
    ],
    "rotation": [
      -0.03973624829666708,
      -0.022934620061843155,
      0.7990865361430558
    ]
  },
  {
    "label_id": "m4Ve9ReHKM06uu4tCR8qRw",
    "size": [
      2.103466667340185,
      4.81463633700088,
      1.8600000000000136
    ],
    "obj_class": "vehicle",
    "point_num_in_lidar": 199,
    "speed": 6.418426245174977,
    "if_vehicle": true,
    "motion_state": true,
    "pose": [
      [
        0.645787102471187,
        -0.7622224366454191,
        -0.04445194434654692,
        1.0570813676822581
      ],
      [
        0.7632524331053684,
        0.6460019237820399,
        0.01127997467367423,
        -5.950221364393656
      ],
      [
        0.02011819178265489,
        -0.04121251683922681,
        0.9989478398871349,
        0.9381682005117682
      ],
      [
        0.0,
        0.0,
        0.0,
        1.0
      ]
    ],
    "location": [
      1.0570813676822581,
      -5.950221364393656,
      0.9381682005117682
    ],
    "rotation": [
      -0.04123254198504442,
      -0.02011954914154829,
      0.8685713719075144
    ]
  },
  {
    "label_id": "n6HSmbVZgyrHjDXPpmljnw",
    "size": [
      2.0683147956683987,
      4.714627999058088,
      1.8500000000000227
    ],
    "obj_class": "vehicle",
    "point_num_in_lidar": 263,
    "speed": 0.02939634301752406,
    "if_vehicle": true,
    "motion_state": false,
    "pose": [
      [
        0.6901932011742316,
        -0.7222585199889845,
        -0.04445194434654692,
        1.3386432234328822
      ],
      [
        0.7232738341258325,
        0.6904692049905479,
        0.01127997467367423,
        -11.303000700580014
      ],
      [
        0.02254564085992315,
        -0.039936290051062584,
        0.9989478398871349,
        0.8608500987727439
      ],
      [
        0.0,
        0.0,
        0.0,
        1.0
      ]
    ],
    "location": [
      1.3386432234328822,
      -11.303000700580014,
      0.8608500987727439
    ],
    "rotation": [
      -0.03995707536357923,
      -0.02254755131074073,
      0.8087977859021621
    ]
  },
  {
    "label_id": "s_m9MSl5vBvlUgVTC4ApFA",
    "size": [
      1.8169175971080382,
      2.908720694006148,
      1.6100000000000136
    ],
    "obj_class": "vehicle",
    "point_num_in_lidar": 1290,
    "speed": 1.7053025658242404e-12,
    "if_vehicle": true,
    "motion_state": false,
    "pose": [
      [
        0.7094050519008207,
        -0.7033978227016383,
        -0.04445194434654692,
        -21.290405810013908
      ],
      [
        0.7044053307590488,
        0.7097083148516696,
        0.01127997467367423,
        -39.87393064535718
      ],
      [
        0.02361360488847593,
        -0.03931425757913002,
        0.9989478398871349,
        -0.24569308624938913
      ],
      [
        0.0,
        0.0,
        0.0,
        1.0
      ]
    ],
    "location": [
      -21.290405810013908,
      -39.87393064535718,
      -0.24569308624938913
    ],
    "rotation": [
      -0.039335365986604774,
      -0.023615799939512256,
      0.7818618332349887
    ]
  },
  {
    "label_id": "ttfnnllNpDo3NuL5zmluFQ",
    "size": [
      2.1943835412916415,
      5.091401428471968,
      1.920000000000016
    ],
    "obj_class": "vehicle",
    "point_num_in_lidar": 1107,
    "speed": 5.028501450954617,
    "if_vehicle": true,
    "motion_state": true,
    "pose": [
      [
        0.6117178796648838,
        -0.7898260949994691,
        -0.04445194434654692,
        -21.337706193611666
      ],
      [
        0.7908645259251769,
        0.6118872966523384,
        0.01127997467367423,
        -20.418244772125036
      ],
      [
        0.01829036170894776,
        -0.04205562808213776,
        0.9989478398871349,
        0.14966968580949924
      ],
      [
        0.0,
        0.0,
        0.0,
        1.0
      ]
    ],
    "location": [
      -21.337706193611666,
      -20.418244772125036,
      0.14966968580949924
    ],
    "rotation": [
      -0.0420750776745578,
      -0.018291381663967293,
      0.9124365975885608
    ]
  },
  {
    "label_id": "uIxMP7iEYRoxSyJNOTXCbQ",
    "size": [
      0.8697583960125345,
      0.8522642563075351,
      1.8000000000000114
    ],
    "obj_class": "pedestrian",
    "point_num_in_lidar": 20,
    "speed": 1.6593686071179503,
    "if_vehicle": false,
    "motion_state": true,
    "pose": [
      [
        -0.7591632603615688,
        0.6493806039303949,
        -0.04445194434654692,
        -7.4526014680777735
      ],
      [
        -0.6503631102568781,
        -0.7595397204810036,
        0.01127997467367423,
        -31.280216466424463
      ],
      [
        -0.026438020617903242,
        0.03747324713224835,
        0.9989478398871349,
        0.47668949931141924
      ],
      [
        0.0,
        0.0,
        0.0,
        1.0
      ]
    ],
    "location": [
      -7.4526014680777735,
      -31.280216466424463,
      0.47668949931141924
    ],
    "rotation": [
      0.03749513534441678,
      0.026441101479559193,
      -2.433230889413438
    ]
  },
  {
    "label_id": "wKY9S0P3F82kx5NB0k8wDw",
    "size": [
      2.0768279833532204,
      4.443809124814965,
      1.910000000000025
    ],
    "obj_class": "vehicle",
    "point_num_in_lidar": 3076,
    "speed": 7.337747715090765,
    "if_vehicle": true,
    "motion_state": true,
    "pose": [
      [
        0.7453121183388242,
        -0.6652321932236189,
        -0.04445194434654692,
        -21.270787137946172
      ],
      [
        0.666222413537172,
        0.7456677932377572,
        0.01127997467367423,
        -31.896197920395934
      ],
      [
        0.025642580954342055,
        -0.038021983467820965,
        0.9989478398871349,
        0.20785891711307158
      ],
      [
        0.0,
        0.0,
        0.0,
        1.0
      ]
    ],
    "location": [
      -21.270787137946172,
      -31.896197920395934,
      0.20785891711307158
    ],
    "rotation": [
      -0.03804366639328255,
      -0.025645391964997183,
      0.7294256796333938
    ]
  }
]