[
  {
    "label_id": "-ax0saSQy_JVW_zkFbW-rw",
    "size": [
      2.155728107273091,
      5.019212518632695,
      1.740000000000009
    ],
    "obj_class": "vehicle",
    "point_num_in_lidar": 5368,
    "speed": 0.012770302589830428,
    "if_vehicle": true,
    "motion_state": false,
    "pose": [
      [
        0.7197192436356795,
        -0.6908029732624171,
        -0.06924927777449907,
        -5.899633288368932
      ],
      [
        0.6937296351871074,
        0.7194947947093997,
        0.03265629570605937,
        -0.909150348197727
      ],
      [
        0.02726542872665489,
        -0.07154364065298205,
        0.9970647440755633,
        0.5754347201868768
      ],
      [
        0.0,
        0.0,
        0.0,
        1.0
      ]
    ],
    "location": [
      -5.899633288368932,
      -0.909150348197727,
      0.5754347201868768
    ],
    "rotation": [
      -0.07163149037879438,
      -0.02726880806026602,
      0.7670128645423401
    ]
  },
  {
    "label_id": "0TTpzF8WjDXQbo0lfz9cHQ",
    "size": [
      2.1575446701902505,
      5.032259334955597,
      2.0300000000000296
    ],
    "obj_class": "vehicle",
    "point_num_in_lidar": 182,
    "speed": 1.5253013536106046,
    "if_vehicle": true,
    "motion_state": true,
    "pose": [
      [
        0.5773475926579797,
        -0.8135565713456845,
        -0.06924927777449907,
        24.818916583979444
      ],
      [
        0.8163891664277902,
        0.5765780912331792,
        0.03265629570605937,
        27.19654531424021
      ],
      [
        0.013359872431024428,
        -0.0753883938690703,
        0.9970647440755633,
        1.737243962094169
      ],
      [
        0.0,
        0.0,
        0.0,
        1.0
      ]
    ],
    "location": [
      24.818916583979444,
      27.19654531424021,
      1.737243962094169
    ],
    "rotation": [
      -0.07546673564785922,
      -0.013360269888406459,
      0.9552567823727924
    ]
  },
  {
    "label_id": "1-vuNCDJYzRYJGZGloUAOQ",
    "size": [
      0.7092098508631158,
      1.1633401586890373,
      1.8799999999999955
    ],
    "obj_class": "pedestrian",
    "point_num_in_lidar": 70,
    "speed": 1.4242691711527866,
    "if_vehicle": false,
    "motion_state": true,
    "pose": [
      [
        -0.783372241440917,
        0.6176831460122123,
        -0.06924927777449907,
        14.804343207357306
      ],
      [
        -0.6206177746331818,
        -0.7834329225658796,
        0.03265629570605937,
        24.210939967029844
      ],
      [
        -0.03408092060362837,
        0.06855936823177779,
        0.9970647440755633,
        1.7103321150677857
      ],
      [
        0.0,
        0.0,
        0.0,
        1.0
      ]
    ],
    "location": [
      14.804343207357306,
      24.210939967029844,
      1.7103321150677857
    ],
    "rotation": [
      0.06865313634436132,
      0.03408752160459843,
      -2.4716021857072064
    ]
  },
  {
    "label_id": "50a3QF2RZDCtOnldBiWQvg",
    "size": [
      0.9798482092448308,
      1.2007347169346758,
      1.7699999999999818
    ],
    "obj_class": "pedestrian",
    "point_num_in_lidar": 28,
    "speed": 1.609572791360826,
    "if_vehicle": false,
    "motion_state": true,
    "pose": [
      [
        0.6722140346463845,
        -0.7371111375851946,
        -0.06924927777449907,
        29.17819685052018
      ],
      [
        0.7400164102267439,
        0.6717955633568014,
        0.03265629570605937,
        36.821548503452505
      ],
      [
        0.022450038297359292,
        -0.07319762224265502,
        0.9970647440755633,
        1.6645004596699096
      ],
      [
        0.0,
        0.0,
        0.0,
        1.0
      ]
    ],
    "location": [
      29.17819685052018,
      36.821548503452505,
      1.6645004596699096
    ],
    "rotation": [
      -0.07328164707865856,
      -0.022451924544200145,
      0.8333721693414126
    ]
  },
  {
    "label_id": "6HVXhYC72IvDIQuQMrZ1fw",
    "size": [
      0.9375535647081884,
      2.33290891473492,
      1.3500000000000227
    ],
    "obj_class": "vehicle",
    "point_num_in_lidar": 61,
    "speed": 3.5950934718225418e-12,
    "if_vehicle": true,
    "motion_state": false,
    "pose": [
      [
        0.7639881201938804,
        0.6415034604196077,
        -0.06924927777449907,
        16.313929536270734
      ],
      [
        -0.640966512691942,
        0.7668738461822054,
        0.03265629570605937,
        21.280435684820986
      ],
      [
        0.07405458669219309,
        0.019437446112588484,
        0.9970647440755633,
        1.1110493022993637
      ],
      [
        0.0,
        0.0,
        0.0,
        1.0
      ]
    ],
    "location": [
      16.313929536270734,
      21.280435684820986,
      1.1110493022993637
    ],
    "rotation": [
      0.019492198917124788,
      -0.07412244118171298,
      -0.6980582367439604
    ]
  },
  {
    "label_id": "6i_mPMYxgh2SXwhx4Y83Bg",
    "size": [
      0.7184178508197768,
      0.8689585357133183,
      1.6299999999999955
    ],
    "obj_class": "pedestrian",
    "point_num_in_lidar": 127,
    "speed": 1.1618413665637033,
    "if_vehicle": false,
    "motion_state": true,
    "pose": [
      [
        0.7105235062937308,
        -0.7002577272203235,
        -0.06924927777449907,
        9.781076024948561
      ],
      [
        0.7031811660145039,
        0.7102603847274894,
        0.03265629570605937,
        19.193807653071417
      ],
      [
        0.026317195263656546,
        -0.07189785361876874,
        0.9970647440755633,
        1.4235146992895693
      ],
      [
        0.0,
        0.0,
        0.0,
        1.0
      ]
    ],
    "location": [
      9.781076024948561,
      19.193807653071417,
      1.4235146992895693
    ],
    "rotation": [
      -0.07198491740665938,
      -0.026320234069467593,
      0.7802045225998095
    ]
  },
  {
    "label_id": "FG2cqOpTxdur3yJJN5wWSg",
    "size": [
      1.7009916069707516,
      0.1445946427101845,
      1.7200000000000273
    ],
    "obj_class": "sign",
    "point_num_in_lidar": 170,
    "speed": 0.011782870149632823,
    "if_vehicle": false,
    "motion_state": false,
    "pose": [
      [
        -0.6577127700582598,
        0.750078962263308,
        -0.06924927777449907,
        14.563231364238163
      ],
      [
        -0.752975522436207,
        -0.6572377263689901,
        0.03265629570605937,
        21.595739660479012
      ],
      [
        -0.021018437482641678,
        0.07362147381925742,
        0.9970647440755633,
        2.161218448847137
      ],
      [
        0.0,
        0.0,
        0.0,
        1.0
      ]
    ],
    "location": [
      14.563231364238163,
      21.595739660479012,
      2.161218448847137
    ],
    "rotation": [
      0.07370445449638009,
      0.02101998535941254,
      -2.2887675880260963
    ]
  },
  {
    "label_id": "GXY29zmAxt7I63pSzmjgzw",
    "size": [
      1.9490319488613914,
      4.705729582353263,
      1.490000000000009
    ],
    "obj_class": "vehicle",
    "point_num_in_lidar": 983,
    "speed": 7.958078640513122e-12,
    "if_vehicle": true,
    "motion_state": false,
    "pose": [
      [
        0.6923980518355126,
        -0.7181848476138277,
        -0.06924927777449907,
        5.260722854043706
      ],
      [
        0.7211006083811601,
        0.6920603145269053,
        0.03265629570605937,
        -13.708229404131998
      ],
      [
        0.024471420202092517,
        -0.07254685186018715,
        0.9970647440755633,
        0.6283938173810384
      ],
      [
        0.0,
        0.0,
        0.0,
        1.0
      ]
    ],
    "location": [
      5.260722854043706,
      -13.708229404131998,
      0.6283938173810384
    ],
    "rotation": [
      -0.07263242883082606,
      -0.024473863313849563,
      0.8057014104430658
    ]
  },
  {
    "label_id": "Lf3LG9rVTnVHrMCX7zCJKw",
    "size": [
      0.4019676166698206,
      0.09668230797251454,
      0.45999999999997954
    ],
    "obj_class": "sign",
    "point_num_in_lidar": 32,
    "speed": 0.03942965950832097,
    "if_vehicle": false,
    "motion_state": false,
    "pose": [
      [
        -0.7620341153227841,
        0.6438233799823769,
        -0.06924927777449907,
        21.965998005769507
      ],
      [
        -0.6467583820590715,
        -0.7619955128392099,
        0.03265629570605937,
        0.6096065588499187
      ],
      [
        -0.03174275225234519,
        0.06967276226028044,
        0.9970647440755633,
        3.963839698861932
      ],
      [
        0.0,
        0.0,
        0.0,
        1.0
      ]
    ],
    "location": [
      21.965998005769507,
      0.6096065588499187,
      3.963839698861932
    ],
    "rotation": [
      0.06976446780916482,
      0.03174808534930934,
      -2.437838512749679
    ]
  },
  {
    "label_id": "MQpQK2kzZfJnvO5GRR-ocg",
    "size": [
      0.6528417423387778,
      0.8721263315164834,
      1.6800000000000068
    ],
    "obj_class": "pedestrian",
    "point_num_in_lidar": 99,
    "speed": 1.2857119755153867,
    "if_vehicle": false,
    "motion_state": true,
    "pose": [
      [
        0.699452890959095,
        -0.7113158165376857,
        -0.06924927777449907,
        10.338238353335328
      ],
      [
        0.7142347687818464,
        0.6991439489932675,
        0.03265629570605937,
        18.758048826421145
      ],
      [
        0.02518627388294325,
        -0.07230178233919751,
        0.9970647440755633,
        1.464917421424957
      ],
      [
        0.0,
        0.0,
        0.0,
        1.0
      ]
    ],
    "location": [
      10.338238353335328,
      18.758048826421145,
      1.464917421424957
    ],
    "rotation": [
      -0.07238792788999343,
      -0.02518893745540493,
      0.7958540367576585
    ]
  },
  {
    "label_id": "M_pukwq6hUWGFs2nP409zw",
    "size": [
      1.4795717937626172,
      1.1687500457983857,
      1.9399999999999977
    ],
    "obj_class": "pedestrian",
    "point_num_in_lidar": 67,
    "speed": 0.08415371873150278,
    "if_vehicle": false,
    "motion_state": false,
    "pose": [
      [
        -0.4162560290172221,
        -0.9066065606615274,
        -0.06924927777449907,
        18.572079672572727
      ],
      [
        0.907355294903309,
        -0.41909418411818533,
        0.03265629570605937,
        -20.290927979294793
      ],
      [
        -0.05862838150369357,
        -0.04924031888390534,
        0.9970647440755633,
        1.3519318382905112
      ],
      [
        0.0,
        0.0,
        0.0,
        1.0
      ]
    ],
    "location": [
      18.572079672572727,
      -20.290927979294793,
      1.3519318382905112
    ],
    "rotation": [
      -0.049345187284145074,
      0.05866202065880537,
      2.0009090643151275
    ]
  },
  {
    "label_id": "MbWLXdRi2KwMbFQQAs1ygA",
    "size": [
      0.7281406393223033,
      0.1852946014904465,
      0.8100000000000023
    ],
    "obj_class": "sign",
    "point_num_in_lidar": 69,
    "speed": 0.0035983343686995114,
    "if_vehicle": false,
    "motion_state": false,
    "pose": [
      [
        -0.6653391883709017,
        0.7433224750709885,
        -0.06924927777449907,
        9.769686198553245
      ],
      [
        -0.7462237358961858,
        -0.6648937526672196,
        0.03265629570605937,
        -11.515966217608366
      ],
      [
        -0.02176925361810323,
        0.07340296804926912,
        0.9970647440755633,
        3.4033498084241955
      ],
      [
        0.0,
        0.0,
        0.0,
        1.0
      ]
    ],
    "location": [
      9.769686198553245,
      -11.515966217608366,
      3.4033498084241955
    ],
    "rotation": [
      0.0734864903028002,
      0.02177097339455715,
      -2.2989556712231116
    ]
  },
  {
    "label_id": "PDdsl0JNXo0zsxZUTYyooQ",
    "size": [
      0.7981004814161715,
      1.0569631758026503,
      1.910000000000025
    ],
    "obj_class": "pedestrian",
    "point_num_in_lidar": 268,
    "speed": 1.565918343331977,
    "if_vehicle": false,
    "motion_state": true,
    "pose": [
      [
        0.7028097137144946,
        -0.7079993247427998,
        -0.06924927777449907,
        -6.6252308222756255
      ],
      [
        0.7109197056809949,
        0.7025145823576946,
        0.03265629570605937,
        2.0217828298118548
      ],
      [
        0.02552799214583297,
        -0.07218183801021981,
        0.9970647440755633,
        0.921002922240632
      ],
      [
        0.0,
        0.0,
        0.0,
        1.0
      ]
    ],
    "location": [
      -6.6252308222756255,
      2.0217828298118548,
      0.921002922240632
    ],
    "rotation": [
      -0.07226825867912336,
      -0.025530765632690085,
      0.7911346946561194
    ]
  },
  {
    "label_id": "R0591s_SOgmmTLEB231ofA",
    "size": [
      0.7662604966492057,
      0.8033125028596259,
      1.8999999999999773
    ],
    "obj_class": "pedestrian",
    "point_num_in_lidar": 20,
    "speed": 3.457650183405701e-12,
    "if_vehicle": false,
    "motion_state": false,
    "pose": [
      [
        0.6893618985360186,
        0.7210996535670546,
        -0.06924927777449907,
        35.584947619438026
      ],
      [
        -0.7208810594471303,
        0.692289003582421,
        0.03265629570605937,
        43.49734744437592
      ],
      [
        0.07148895702973297,
        0.027408486720946784,
        0.9970647440755633,
        1.5322314158787549
      ],
      [
        0.0,
        0.0,
        0.0,
        1.0
      ]
    ],
    "location": [
      35.584947619438026,
      43.49734744437592,
      1.5322314158787549
    ],
    "rotation": [
      0.027482253512762022,
      -0.07154999025482787,
      -0.807744606647957
    ]
  },
  {
    "label_id": "RAFCawN5UP3I_7vS3c_Z6Q",
    "size": [
      0.7771000331054242,
      0.6000695416612203,
      1.920000000000016
    ],
    "obj_class": "pedestrian",
    "point_num_in_lidar": 975,
    "speed": 0.014939951363793951,
    "if_vehicle": false,
    "motion_state": false,
    "pose": [
      [
        0.7260011490770463,
        0.6841979750529218,
        -0.06924927777449907,
        -4.648024836995319
      ],
      [
        -0.6838271492544836,
        0.7289128866286042,
        0.03265629570605937,
        6.365557064214954
      ],
      [
        0.07282006235437141,
        0.02364602800126866,
        0.9970647440755633,
        0.9926522829483702
      ],
      [
        0.0,
        0.0,
        0.0,
        1.0
      ]
    ],
    "location": [
      -4.648024836995319,
      6.365557064214954,
      0.9926522829483702
    ],
    "rotation": [
      0.023711194830986368,
      -0.07288457431806336,
      -0.7554928007219839
    ]
  },
  {
    "label_id": "SVtwv1xNRMziqE3GDAHqrA",
    "size": [
      0.7819850836635975,
      1.8584476636424367,
      1.9499999999999886
    ],
    "obj_class": "cyclist",
    "point_num_in_lidar": 298,
    "speed": 5.744675682526207,
    "if_vehicle": false,
    "motion_state": true,
    "pose": [
      [
        0.7169580359799428,
        -0.6936683012589614,
        -0.06924927777449907,
        3.5080954949444276
      ],
      [
        0.6965940446168742,
        0.7167219149398618,
        0.03265629570605937,
        -12.625607107991527
      ],
      [
        0.026979837806908866,
        -0.0716518281235323,
        0.9970647440755633,
        0.8732483437910332
      ],
      [
        0.0,
        0.0,
        0.0,
        1.0
      ]
    ],
    "location": [
      3.5080954949444276,
      -12.625607107991527,
      0.8732483437910332
    ],
    "rotation": [
      -0.0717394397053888,
      -0.026983112035896723,
      0.7709929051576828
    ]
  },
  {
    "label_id": "TgaQtjAqhVtWxHvxeKTNCA",
    "size": [
      2.135645358207645,
      4.852355393954673,
      1.4499999999999886
    ],
    "obj_class": "vehicle",
    "point_num_in_lidar": 81,
    "speed": 7.491209652855404,
    "if_vehicle": true,
    "motion_state": true,
    "pose": [
      [
        0.7212753885868795,
        -0.6891780258732545,
        -0.06924927777449907,
        37.633942306045356
      ],
      [
        0.6921051865568802,
        0.7210575407634431,
        0.03265629570605937,
        28.5364039953638
      ],
      [
        0.027426712524689624,
        -0.07148196668824493,
        0.9970647440755633,
        1.6793699276375946
      ],
      [
        0.0,
        0.0,
        0.0,
        1.0
      ]
    ],
    "location": [
      37.633942306045356,
      28.5364039953638,
      1.6793699276375946
    ],
    "rotation": [
      -0.07156995142319064,
      -0.027430152196942673,
      0.7647624889730443
    ]
  },
  {
    "label_id": "WLxPidkONZfEWD55dLlKWA",
    "size": [
      2.3401327950700668,
      5.65358485138672,
      2.240000000000009
    ],
    "obj_class": "vehicle",
    "point_num_in_lidar": 2054,
    "speed": 9.46433533156975,
    "if_vehicle": true,
    "motion_state": true,
    "pose": [
      [
        0.7072742167066965,
        -0.7035394231382056,
        -0.06924927777449907,
        10.979845001933427
      ],
      [
        0.706461612548894,
        0.7069975645966362,
        0.03265629570605937,
        3.318651141729788
      ],
      [
        0.02598407929377514,
        -0.0720189124104643,
        0.9970647440755633,
        1.4368758461274638
      ],
      [
        0.0,
        0.0,
        0.0,
        1.0
      ]
    ],
    "location": [
      10.979845001933427,
      3.318651141729788,
      1.4368758461274638
    ],
    "rotation": [
      -0.0721057034637176,
      -0.025987004137939657,
      0.7848233713807958
    ]
  },
  {
    "label_id": "WO_EU5HuGT6OvKJc51rSGg",
    "size": [
      2.3918637837894656,
      0.18455530819637792,
      1.240000000000009
    ],
    "obj_class": "sign",
    "point_num_in_lidar": 36,
    "speed": 0.0048620765471894195,
    "if_vehicle": false,
    "motion_state": false,
    "pose": [
      [
        -0.7534985831362336,
        -0.6537923391562481,
        -0.06924927777449907,
        45.29231261234236
      ],
      [
        0.6533021970360204,
        -0.7563926266818491,
        0.03265629570605937,
        9.656913021040964
      ],
      [
        -0.07373007906951706,
        -0.020634232768244293,
        0.9970647440755633,
        3.464539190330129
      ],
      [
        0.0,
        0.0,
        0.0,
        1.0
      ]
    ],
    "location": [
      45.29231261234236,
      9.656913021040964,
      3.464539190330129
    ],
    "rotation": [
      -0.020692024153905107,
      0.07379704399482442,
      2.4272972926208793
    ]
  },
  {
    "label_id": "YQnZJJkxCHKc9DWlnQIJsQ",
    "size": [
      0.7040168138581564,
      0.9420250313960423,
      1.7799999999999727
    ],
    "obj_class": "pedestrian",
    "point_num_in_lidar": 364,
    "speed": 1.3162210006423067,
    "if_vehicle": false,
    "motion_state": true,
    "pose": [
      [
        -0.7437144393826353,
        0.6649010228458689,
        -0.06924927777449907,
        0.31357837502946495
      ],
      [
        -0.6678337944243689,
        -0.7435936991230548,
        0.03265629570605937,
        9.648156216644566
      ],
      [
        -0.029780122204623678,
        0.07053396659063634,
        0.9970647440755633,
        1.0530305068473353
      ],
      [
        0.0,
        0.0,
        0.0,
        1.0
      ]
    ],
    "location": [
      0.31357837502946495,
      9.648156216644566,
      1.0530305068473353
    ],
    "rotation": [
      0.07062395852622867,
      0.029784525740649603,
      -2.409899830082264
    ]
  },
  {
    "label_id": "YeDTe3z8sAGMJ4YCFJfJEg",
    "size": [
      2.0031383562904894,
      4.590736175159691,
      1.420000000000016
    ],
    "obj_class": "vehicle",
    "point_num_in_lidar": 163,
    "speed": 5.507063549731074,
    "if_vehicle": true,
    "motion_state": true,
    "pose": [
      [
        0.7299367838271125,
        -0.6799976684841218,
        -0.06924927777449907,
        29.41268849397966
      ],
      [
        0.6829273509949477,
        0.7297559863500825,
        0.03265629570605937,
        17.11891028152604
      ],
      [
        0.028328870064912005,
        -0.07112925728824009,
        0.9970647440755633,
        1.5367869937726368
      ],
      [
        0.0,
        0.0,
        0.0,
        1.0
      ]
    ],
    "location": [
      29.41268849397966,
      17.11891028152604,
      1.5367869937726368
    ],
    "rotation": [
      -0.07121800371291766,
      -0.028332660537786148,
      0.7521379964471682
    ]
  },
  {
    "label_id": "a5UB6eiHSWzlL_IWYnXAdQ",
    "size": [
      2.2639901834129907,
      4.937124122990977,
      1.8199999999999932
    ],
    "obj_class": "vehicle",
    "point_num_in_lidar": 951,
    "speed": 0.018180076755098393,
    "if_vehicle": true,
    "motion_state": false,
    "pose": [
      [
        0.7103983464314617,
        -0.7003846992297557,
        -0.06924927777449907,
        8.488900559434114
      ],
      [
        0.7033080909527432,
        0.7101347023988945,
        0.03265629570605937,
        13.464731838386797
      ],
      [
        0.026304345417685924,
        -0.0719025558216006,
        0.9970647440755633,
        1.1321688047002567
      ],
      [
        0.0,
        0.0,
        0.0,
        1.0
      ]
    ],
    "location": [
      8.488900559434114,
      13.464731838386797,
      1.1321688047002567
    ],
    "rotation": [
      -0.07198960905514752,
      -0.02630737977349077,
      0.7803828392516894
    ]
  },
  {
    "label_id": "bvQHQggD0sgtCVO9CF2c_w",
    "size": [
      0.8047188801890551,
      1.0342162884756225,
      1.759999999999991
    ],
    "obj_class": "pedestrian",
    "point_num_in_lidar": 277,
    "speed": 1.1964203480873057,
    "if_vehicle": false,
    "motion_state": true,
    "pose": [
      [
        -0.6643185952642655,
        0.7442347354926558,
        -0.06924927777449907,
        3.553640211939637
      ],
      [
        -0.7471353823718515,
        -0.663869178949306,
        0.03265629570605937,
        12.673348695025197
      ],
      [
        -0.021668511582020072,
        0.07343277011900876,
        0.9970647440755633,
        1.2470064269481895
      ],
      [
        0.0,
        0.0,
        0.0,
        1.0
      ]
    ],
    "location": [
      3.553640211939637,
      12.673348695025197,
      1.2470064269481895
    ],
    "rotation": [
      0.07351621891919947,
      0.021670207589516006,
      -2.29758688019312
    ]
  },
  {
    "label_id": "cfnQ4T7DCB-VqlGN8SclWg",
    "size": [
      2.0909540426123914,
      4.7154423853796334,
      1.7900000000000205
    ],
    "obj_class": "vehicle",
    "point_num_in_lidar": 161,
    "speed": 0.014502342257913204,
    "if_vehicle": true,
    "motion_state": false,
    "pose": [
      [
        0.6864170100844401,
        -0.7239034644166636,
        -0.06924927777449907,
        12.31959941457535
      ],
      [
        0.7268163234003241,
        0.6860550986543237,
        0.03265629570605937,
        17.345548212288122
      ],
      [
        0.02386881449869323,
        -0.0727473423291758,
        0.9970647440755633,
        1.2121688047001271
      ],
      [
        0.0,
        0.0,
        0.0,
        1.0
      ]
    ],
    "location": [
      12.31959941457535,
      17.345548212288122,
      1.2121688047001271
    ],
    "rotation": [
      -0.07283244767841558,
      -0.023871081504658012,
      0.8139768228336961
    ]
  },
  {
    "label_id": "dVT_TNeOHH9G7d0TcHcBZA",
    "size": [
      2.375114711070168,
      5.193980647294666,
      1.8100000000000023
    ],
    "obj_class": "vehicle",
    "point_num_in_lidar": 1569,
    "speed": 1.7508251691197283,
    "if_vehicle": true,
    "motion_state": true,
    "pose": [
      [
        0.6876193403458817,
        -0.7227614961451702,
        -0.06924927777449907,
        12.524507022641046
      ],
      [
        0.7256749526770768,
        0.6872622711948334,
        0.03265629570605937,
        0.18993473263981286
      ],
      [
        0.02398970277883356,
        -0.07270756688347196,
        0.9970647440755633,
        1.2421862135686865
      ],
      [
        0.0,
        0.0,
        0.0,
        1.0
      ]
    ],
    "location": [
      12.524507022641046,
      0.18993473263981286,
      1.2421862135686865
    ],
    "rotation": [
      -0.07279276626171588,
      -0.023992004410627054,
      0.8123185429820051
    ]
  },
  {
    "label_id": "gjGLaHajamdONAcPH7CDLA",
    "size": [
      2.1356453582038593,
      4.852355393954673,
      1.4499999999999886
    ],
    "obj_class": "vehicle",
    "point_num_in_lidar": 24,
    "speed": 5.448847298152347,
    "if_vehicle": true,
    "motion_state": true,
    "pose": [
      [
        0.7022853854901943,
        -0.7085194244723284,
        -0.06924927777449907,
        49.14662412091275
      ],
      [
        0.7114395861229625,
        0.7019880922408487,
        0.03265629570605937,
        35.92927827555104
      ],
      [
        0.025474548554921848,
        -0.07220071673781536,
        0.9970647440755633,
        1.5494498298623398
      ],
      [
        0.0,
        0.0,
        0.0,
        1.0
      ]
    ],
    "location": [
      49.14662412091275,
      35.92927827555104,
      1.5494498298623398
    ],
    "rotation": [
      -0.0722870942418815,
      -0.025477304655713528,
      0.7918733073460029
    ]
  },
  {
    "label_id": "ibLQ5RGWGQlDKl5M9m_fpg",
    "size": [
      0.5535916266394197,
      0.18064474766288185,
      0.6399999999999864
    ],
    "obj_class": "sign",
    "point_num_in_lidar": 22,
    "speed": 4.687428401686771e-12,
    "if_vehicle": false,
    "motion_state": false,
    "pose": [
      [
        -0.6653391883350096,
        0.7433224751031149,
        -0.06924927777449907,
        10.000013828223018
      ],
      [
        -0.7462237359282907,
        -0.6648937526311877,
        0.03265629570605937,
        -11.662164729641518
      ],
      [
        -0.021769253614558906,
        0.07340296805032026,
        0.9970647440755633,
        2.7321406269916793
      ],
      [
        0.0,
        0.0,
        0.0,
        1.0
      ]
    ],
    "location": [
      10.000013828223018,
      -11.662164729641518,
      2.7321406269916793
    ],
    "rotation": [
      0.07348649030384877,
      0.021770973391011986,
      -2.298955671174945
    ]
  },
  {
    "label_id": "m4Ve9ReHKM06uu4tCR8qRw",
    "size": [
      2.1034666673415616,
      4.81463633700088,
      1.8600000000000136
    ],
    "obj_class": "vehicle",
    "point_num_in_lidar": 167,
    "speed": 7.005797230487709,
    "if_vehicle": true,
    "motion_state": true,
    "pose": [
      [
        0.7193878278496554,
        -0.691148096047052,
        -0.06924927777449907,
        30.111497892783518
      ],
      [
        0.6940746499816353,
        0.7191619752209018,
        0.03265629570605937,
        25.776999194589735
      ],
      [
        0.02723111078573719,
        -0.07155670986641456,
        0.9970647440755633,
        1.80259322451127
      ],
      [
        0.0,
        0.0,
        0.0,
        1.0
      ]
    ],
    "location": [
      30.111497892783518,
      25.776999194589735,
      1.80259322451127
    ],
    "rotation": [
      -0.07164453091292691,
      -0.027234477372257967,
      0.7674914466320162
    ]
  },
  {
    "label_id": "n6HSmbVZgyrHjDXPpmljnw",
    "size": [
      2.0683147956732935,
      4.714627999058088,
      1.8500000000000227
    ],
    "obj_class": "vehicle",
    "point_num_in_lidar": 3833,
    "speed": 1.4781710790462605,
    "if_vehicle": true,
    "motion_state": true,
    "pose": [
      [
        0.68802745999385,
        -0.7223730004797532,
        -0.06924927777449907,
        6.4901800513252965
      ],
      [
        0.7252866582263277,
        0.6876720364749789,
        0.03265629570605937,
        -5.812594470589829
      ],
      [
        0.024030765557871075,
        -0.07269400544910123,
        0.9970647440755633,
        1.058851397445551
      ],
      [
        0.0,
        0.0,
        0.0,
        1.0
      ]
    ],
    "location": [
      6.4901800513252965,
      -5.812594470589829,
      1.058851397445551
    ],
    "rotation": [
      -0.07277923683402164,
      -0.024033079030955865,
      0.8117550571269367
    ]
  },
  {
    "label_id": "q_8ylLjdUbFpv9OMpUs2nw",
    "size": [
      0.8197791141329068,
      0.9542973550172178,
      1.839999999999975
    ],
    "obj_class": "pedestrian",
    "point_num_in_lidar": 26,
    "speed": 1.533552685850544,
    "if_vehicle": false,
    "motion_state": true,
    "pose": [
      [
        -0.6450159060019647,
        -0.7610249789147364,
        -0.06924927777449907,
        40.64365620965691
      ],
      [
        0.7609817803807957,
        -0.6479508440300337,
        0.03265629570605937,
        8.40741409126349
      ],
      [
        -0.06972238473359416,
        -0.03163360852941061,
        0.9970647440755633,
        1.8806035668913523
      ],
      [
        0.0,
        0.0,
        0.0,
        1.0
      ]
    ],
    "location": [
      40.64365620965691,
      8.40741409126349,
      1.8806035668913523
    ],
    "rotation": [
      -0.03171609581405525,
      0.06977899786817415,
      2.2739013418257867
    ]
  },
  {
    "label_id": "rJsIoossIwvtYPo__dIw5g",
    "size": [
      0.4019676166698206,
      0.09668230797251454,
      0.45999999999997954
    ],
    "obj_class": "sign",
    "point_num_in_lidar": 33,
    "speed": 0.037335506605430266,
    "if_vehicle": false,
    "motion_state": false,
    "pose": [
      [
        -0.7620341153227841,
        0.6438233799823769,
        -0.06924927777449907,
        21.962780964342528
      ],
      [
        -0.6467583820590715,
        -0.7619955128392099,
        0.03265629570605937,
        0.6099364203691948
      ],
      [
        -0.03174275225234519,
        0.06967276226028044,
        0.9970647440755633,
        3.3038396988614522
      ],
      [
        0.0,
        0.0,
        0.0,
        1.0
      ]
    ],
    "location": [
      21.962780964342528,
      0.6099364203691948,
      3.3038396988614522
    ],
    "rotation": [
      0.06976446780916482,
      0.03174808534930934,
      -2.437838512749679
    ]
  },
  {
    "label_id": "yJmaul3i_QOWca4UwDk0Kg",
    "size": [
      2.02001410144966,
      4.561176917376345,
      1.7300000000000182
    ],
    "obj_class": "vehicle",
    "point_num_in_lidar": 5218,
    "speed": 7.745597987526221,
    "if_vehicle": true,
    "motion_state": true,
    "pose": [
      [
        0.7036559491895952,
        -0.7071582868762836,
        -0.06924927777449907,
        -0.749303084499843
      ],
      [
        0.7100790186909155,
        0.7033643106994447,
        0.03265629570605937,
        -9.060030222521164
      ],
      [
        0.025614300401072636,
        -0.07215125595923423,
        0.9970647440755633,
        0.870948268150812
      ],
      [
        0.0,
        0.0,
        0.0,
        1.0
      ]
    ],
    "location": [
      -0.749303084499843,
      -9.060030222521164,
      0.870948268150812
    ],
    "rotation": [
      -0.07223774644277393,
      -0.02561710211957546,
      0.7899414656804459
    ]
  },
  {
    "label_id": "z09Yi-tgsE0j3Ylaj2rJpA",
    "size": [
      0.7282340490753386,
      0.214924669584434,
      0.6999999999999886
    ],
    "obj_class": "sign",
    "point_num_in_lidar": 43,
    "speed": 0.0023046496360143846,
    "if_vehicle": false,
    "motion_state": false,
    "pose": [
      [
        0.7506338637695494,
        -0.6570794016632295,
        -0.06924927777449907,
        19.384319972072262
      ],
      [
        0.6600132764597813,
        0.7505438303307694,
        0.03265629570605937,
        26.906232452456607
      ],
      [
        0.030516838945436966,
        -0.07021836413866094,
        0.9970647440755633,
        3.6477121427759585
      ],
      [
        0.0,
        0.0,
        0.0,
        1.0
      ]
    ],
    "location": [
      19.384319972072262,
      26.906232452456607,
      3.6477121427759585
    ],
    "rotation": [
      -0.07030899612114681,
      -0.030521577538903832,
      0.7212458791060075
    ]
  }
]