[
  {
    "label_id": "-ax0saSQy_JVW_zkFbW-rw",
    "size": [
      2.1557281072730907,
      5.019212518632695,
      1.740000000000009
    ],
    "obj_class": "vehicle",
    "point_num_in_lidar": 685,
    "speed": 0.018887437944944734,
    "if_vehicle": true,
    "motion_state": false,
    "pose": [
      [
        0.7200180671536736,
        -0.6910897909021247,
        -0.06299907843092209,
        -5.867841755549307
      ],
      [
        0.6933887970627661,
        0.72012705877992,
        0.025079779122469198,
        -0.9440540233263164
      ],
      [
        0.028034961746686706,
        -0.06174074929768125,
        0.9976984117437607,
        0.5401474888164444
      ],
      [
        0.0,
        0.0,
        0.0,
        1.0
      ]
    ],
    "location": [
      -5.867841755549307,
      -0.9440540233263164,
      0.5401474888164444
    ],
    "rotation": [
      -0.06180436545540753,
      -0.028038635434941995,
      0.7665599076719165
    ]
  },
  {
    "label_id": "0TTpzF8WjDXQbo0lfz9cHQ",
    "size": [
      2.1575446701813266,
      5.032259334955597,
      2.0300000000000296
    ],
    "obj_class": "vehicle",
    "point_num_in_lidar": 110,
    "speed": 4.006452568521163,
    "if_vehicle": true,
    "motion_state": true,
    "pose": [
      [
        0.6446687086669411,
        -0.7618617802348094,
        -0.06299907843092209,
        20.551826448496286
      ],
      [
        0.7641597278120332,
        0.6445393045186676,
        0.025079779122469198,
        21.681523443447077
      ],
      [
        0.02149805702704332,
        -0.0643095074467167,
        0.9976984117437607,
        1.5958388838943733
      ],
      [
        0.0,
        0.0,
        0.0,
        1.0
      ]
    ],
    "location": [
      20.551826448496286,
      21.681523443447077,
      1.5958388838943733
    ],
    "rotation": [
      -0.0643688146007667,
      -0.021499713318337763,
      0.8700115326611971
    ]
  },
  {
    "label_id": "0jw4kmyd3WAM6MTC97B0nA",
    "size": [
      1.9708569114665648,
      4.39763427653422,
      1.5199999999999818
    ],
    "obj_class": "vehicle",
    "point_num_in_lidar": 153,
    "speed": 1.927314626439966,
    "if_vehicle": true,
    "motion_state": true,
    "pose": [
      [
        0.7151925061587543,
        -0.6960824629677254,
        -0.06299907843092209,
        16.922665952406533
      ],
      [
        0.6983821717766845,
        0.7152855002190732,
        0.025079779122469198,
        4.519376714495593
      ],
      [
        0.027604732906547833,
        -0.0619343032990238,
        0.9976984117437607,
        1.208356520906932
      ],
      [
        0.0,
        0.0,
        0.0,
        1.0
      ]
    ],
    "location": [
      16.922665952406533,
      4.519376714495593,
      1.208356520906932
    ],
    "rotation": [
      -0.06199762355622169,
      -0.027608240008278336,
      0.7735066501547659
    ]
  },
  {
    "label_id": "1-vuNCDJYzRYJGZGloUAOQ",
    "size": [
      0.7092098508603895,
      1.1633401586890373,
      1.8799999999999955
    ],
    "obj_class": "pedestrian",
    "point_num_in_lidar": 41,
    "speed": 1.3126831744191527,
    "if_vehicle": false,
    "motion_state": true,
    "pose": [
      [
        -0.2758221074851105,
        0.9591419504637082,
        -0.06299907843092209,
        16.908591751984204
      ],
      [
        -0.9611850321468235,
        -0.27476233121750576,
        0.025079779122469198,
        26.993449249137484
      ],
      [
        0.006745294610489467,
        0.06747132875966663,
        0.9976984117437607,
        1.7320001118759478
      ],
      [
        0.0,
        0.0,
        0.0,
        1.0
      ]
    ],
    "location": [
      16.908591751984204,
      26.993449249137484,
      1.7320001118759478
    ],
    "rotation": [
      0.06752416493716037,
      -0.006745345762229335,
      -1.850247737742962
    ]
  },
  {
    "label_id": "6i_mPMYxgh2SXwhx4Y83Bg",
    "size": [
      0.7184178508163397,
      0.8689585357133183,
      1.6299999999999955
    ],
    "obj_class": "pedestrian",
    "point_num_in_lidar": 39,
    "speed": 1.1753712710237734,
    "if_vehicle": false,
    "motion_state": true,
    "pose": [
      [
        0.6740359883063451,
        -0.7360072028076513,
        -0.06299907843092209,
        7.778601642243302
      ],
      [
        0.7383084566723752,
        0.6739967562868711,
        0.025079779122469198,
        16.9409742769858
      ],
      [
        0.02400227643254138,
        -0.06341742607543438,
        0.9976984117437607,
        1.294124725416566
      ],
      [
        0.0,
        0.0,
        0.0,
        1.0
      ]
    ],
    "location": [
      7.778601642243302,
      16.9409742769858,
      1.294124725416566
    ],
    "rotation": [
      -0.06347832402704291,
      -0.024004581685901187,
      0.8308744318673003
    ]
  },
  {
    "label_id": "EetSvF1uXlOXoFDbzwPnMw",
    "size": [
      2.0874334641266463,
      4.543415239634662,
      1.7800000000000296
    ],
    "obj_class": "vehicle",
    "point_num_in_lidar": 1751,
    "speed": 5.684341886080801e-13,
    "if_vehicle": true,
    "motion_state": false,
    "pose": [
      [
        0.7200180671531023,
        -0.6910897909027198,
        -0.06299907843092209,
        -10.485695537692663
      ],
      [
        0.6933887970633613,
        0.720127058779347,
        0.025079779122469198,
        -5.258483343444823
      ],
      [
        0.02803496174663568,
        -0.06174074929770443,
        0.9976984117437607,
        0.45966968580995626
      ],
      [
        0.0,
        0.0,
        0.0,
        1.0
      ]
    ],
    "location": [
      -10.485695537692663,
      -5.258483343444823,
      0.45966968580995626
    ],
    "rotation": [
      -0.06180436545543067,
      -0.02803863543489095,
      0.7665599076727417
    ]
  },
  {
    "label_id": "FG2cqOpTxdur3yJJN5wWSg",
    "size": [
      1.7009916069707522,
      0.1445946427101845,
      1.7200000000000273
    ],
    "obj_class": "sign",
    "point_num_in_lidar": 26,
    "speed": 1.1368683772161603e-12,
    "if_vehicle": false,
    "motion_state": false,
    "pose": [
      [
        -0.6579858488254483,
        0.7503903909714655,
        -0.06299907843092209,
        14.563231364249077
      ],
      [
        -0.7526902611029591,
        -0.6578969338125293,
        0.025079779122469198,
        21.595739660479012
      ],
      [
        -0.02262727527153103,
        0.0639209325476692,
        0.9976984117437607,
        2.1495928282669183
      ],
      [
        0.0,
        0.0,
        0.0,
        1.0
      ]
    ],
    "location": [
      14.563231364249077,
      21.595739660479012,
      2.1495928282669183
    ],
    "rotation": [
      0.06398094510782168,
      0.022629206553161255,
      -2.289161017305742
    ]
  },
  {
    "label_id": "GXY29zmAxt7I63pSzmjgzw",
    "size": [
      1.9490319488613932,
      4.705729582353263,
      1.490000000000009
    ],
    "obj_class": "vehicle",
    "point_num_in_lidar": 494,
    "speed": 7.958078640513122e-12,
    "if_vehicle": true,
    "motion_state": false,
    "pose": [
      [
        0.6926855317431736,
        -0.718483034058934,
        -0.06299907843092209,
        5.260722854050982
      ],
      [
        0.7207845372774503,
        0.6927053164953335,
        0.025079779122469198,
        -13.708229404131998
      ],
      [
        0.025620400765966646,
        -0.0627811617331869,
        0.9976984117437607,
        0.602935604631341
      ],
      [
        0.0,
        0.0,
        0.0,
        1.0
      ]
    ],
    "location": [
      5.260722854050982,
      -13.708229404131998,
      0.602935604631341
    ],
    "rotation": [
      -0.06284313261891618,
      -0.02562320448713333,
      0.8052749938463571
    ]
  },
  {
    "label_id": "JsIhg21XPM4bj0p9nLSeqg",
    "size": [
      0.7337013722227483,
      0.9174614145625695,
      1.740000000000009
    ],
    "obj_class": "pedestrian",
    "point_num_in_lidar": 388,
    "speed": 1.5269640705738194,
    "if_vehicle": false,
    "motion_state": true,
    "pose": [
      [
        0.7087755992248754,
        -0.702615304459185,
        -0.06299907843092209,
        -16.865157191830804
      ],
      [
        0.7049157697164231,
        0.7088474887338397,
        0.025079779122469198,
        -8.100749889934377
      ],
      [
        0.02703530189440252,
        -0.06218497933951439,
        0.9976984117437607,
        0.49478335585507693
      ],
      [
        0.0,
        0.0,
        0.0,
        1.0
      ]
    ],
    "location": [
      -16.865157191830804,
      -8.100749889934377,
      0.49478335585507693
    ],
    "rotation": [
      -0.06224790947585509,
      -0.027038596362467658,
      0.7826678504012214
    ]
  },
  {
    "label_id": "MQpQK2kzZfJnvO5GRR-ocg",
    "size": [
      0.6528417423364667,
      0.8721263315164834,
      1.6800000000000068
    ],
    "obj_class": "pedestrian",
    "point_num_in_lidar": 33,
    "speed": 1.1986592771206732,
    "if_vehicle": false,
    "motion_state": true,
    "pose": [
      [
        0.6732682951517158,
        -0.7367095213585586,
        -0.06299907843092209,
        8.243700669085229
      ],
      [
        0.7390107330711685,
        0.6732266639734217,
        0.025079779122469198,
        16.399462771783874
      ],
      [
        0.02393614733235697,
        -0.06344241526661021,
        0.9976984117437607,
        1.336608672603802
      ],
      [
        0.0,
        0.0,
        0.0,
        1.0
      ]
    ],
    "location": [
      8.243700669085229,
      16.399462771783874,
      1.336608672603802
    ],
    "rotation": [
      -0.06350327003547825,
      -0.02393843358116697,
      0.8319151839070401
    ]
  },
  {
    "label_id": "MbWLXdRi2KwMbFQQAs1ygA",
    "size": [
      0.7281406393223062,
      0.1852946014904465,
      0.8100000000000023
    ],
    "obj_class": "sign",
    "point_num_in_lidar": 90,
    "speed": 5.684341886080801e-13,
    "if_vehicle": false,
    "motion_state": false,
    "pose": [
      [
        -0.6656154335855301,
        0.7436310985223797,
        -0.06299907843092209,
        9.773895970320154
      ],
      [
        -0.7459317568098273,
        -0.6655500122919186,
        0.025079779122469198,
        -11.519892339340004
      ],
      [
        -0.023278933724539323,
        0.06368650130620948,
        0.9976984117437607,
        3.473952650802346
      ],
      [
        0.0,
        0.0,
        0.0,
        1.0
      ]
    ],
    "location": [
      9.773895970320154,
      -11.519892339340004,
      3.473952650802346
    ],
    "rotation": [
      0.06374693011391822,
      0.023281036747087307,
      -2.2993562805697976
    ]
  },
  {
    "label_id": "PDdsl0JNXo0zsxZUTYyooQ",
    "size": [
      0.7981004814197614,
      1.0569631758026503,
      1.910000000000025
    ],
    "obj_class": "pedestrian",
    "point_num_in_lidar": 176,
    "speed": 1.6030333056762915,
    "if_vehicle": false,
    "motion_state": true,
    "pose": [
      [
        0.7099062865575179,
        -0.7014728650653349,
        -0.06299907843092209,
        -9.424744508858566
      ],
      [
        0.7037732115563443,
        0.70998188101869,
        0.025079779122469198,
        -0.8368008333345642
      ],
      [
        0.0271354196905858,
        -0.06214135661693494,
        0.9976984117437607,
        0.8398212181015765
      ],
      [
        0.0,
        0.0,
        0.0,
        1.0
      ]
    ],
    "location": [
      -9.424744508858566,
      -0.8368008333345642,
      0.8398212181015765
    ],
    "rotation": [
      -0.0622043552025533,
      -0.027138750902958378,
      0.7810598133457818
    ]
  },
  {
    "label_id": "QvzuwpIO0spW8fc-8ZGIJA",
    "size": [
      0.9037105968202914,
      0.8402658154809615,
      1.8000000000000114
    ],
    "obj_class": "pedestrian",
    "point_num_in_lidar": 95,
    "speed": 1.7528400994774502,
    "if_vehicle": false,
    "motion_state": true,
    "pose": [
      [
        -0.7387462513802298,
        0.671032854775765,
        -0.06299907843092209,
        -5.5667076620447915
      ],
      [
        -0.6733279953391446,
        -0.7389184091438901,
        0.025079779122469198,
        -29.579743539448828
      ],
      [
        -0.029721823030011967,
        0.060946636000274584,
        0.9976984117437607,
        0.5266573796005787
      ],
      [
        0.0,
        0.0,
        0.0,
        1.0
      ]
    ],
    "location": [
      -5.5667076620447915,
      -29.579743539448828,
      0.5266573796005787
    ],
    "rotation": [
      0.061011417944055214,
      0.029726200747995733,
      -2.4024891625753226
    ]
  },
  {
    "label_id": "RAFCawN5UP3I_7vS3c_Z6Q",
    "size": [
      0.7771000330950822,
      0.6000695416612203,
      1.920000000000016
    ],
    "obj_class": "pedestrian",
    "point_num_in_lidar": 129,
    "speed": 2.5421149729252077e-12,
    "if_vehicle": false,
    "motion_state": false,
    "pose": [
      [
        0.7199641128776438,
        0.6911459992542545,
        -0.06299907843092209,
        -4.641846372211148
      ],
      [
        -0.691160857488917,
        0.722265653173646,
        0.025079779122469198,
        6.357911705861625
      ],
      [
        0.06283585953492267,
        0.02548595614225185,
        0.9976984117437607,
        0.9896487933801268
      ],
      [
        0.0,
        0.0,
        0.0,
        1.0
      ]
    ],
    "location": [
      -4.641846372211148,
      6.357911705861625,
      0.9896487933801268
    ],
    "rotation": [
      0.025539195537862974,
      -0.06287728278738242,
      -0.7649894420738321
    ]
  },
  {
    "label_id": "SVtwv1xNRMziqE3GDAHqrA",
    "size": [
      0.781985083667966,
      1.8584476636424367,
      1.9499999999999886
    ],
    "obj_class": "cyclist",
    "point_num_in_lidar": 109,
    "speed": 5.343063382172031,
    "if_vehicle": false,
    "motion_state": true,
    "pose": [
      [
        0.7197147761182338,
        -0.6914056386477732,
        -0.06299907843092209,
        -6.485643117684958
      ],
      [
        0.69370469240816,
        0.7198227590247951,
        0.025079779122469198,
        -22.219926228492113
      ],
      [
        0.02800786975084989,
        -0.06175304394114304,
        0.9976984117437607,
        0.5771592917577664
      ],
      [
        0.0,
        0.0,
        0.0,
        1.0
      ]
    ],
    "location": [
      -6.485643117684958,
      -22.219926228492113,
      0.5771592917577664
    ],
    "rotation": [
      -0.061816641440765395,
      -0.028011532796522468,
      0.7669980006387203
    ]
  },
  {
    "label_id": "TgaQtjAqhVtWxHvxeKTNCA",
    "size": [
      2.135645358212774,
      4.852355393954673,
      1.4499999999999886
    ],
    "obj_class": "vehicle",
    "point_num_in_lidar": 80,
    "speed": 4.923074641340136,
    "if_vehicle": true,
    "motion_state": true,
    "pose": [
      [
        0.7246155208594945,
        -0.6862677779455902,
        -0.06299907843092209,
        25.69113814072989
      ],
      [
        0.6885660052845822,
        0.724739857497572,
        0.025079779122469198,
        17.392083404847654
      ],
      [
        0.028446498834761694,
        -0.061552220983659214,
        0.9976984117437607,
        1.4502451120945352
      ],
      [
        0.0,
        0.0,
        0.0,
        1.0
      ]
    ],
    "location": [
      25.69113814072989,
      17.392083404847654,
      1.4502451120945352
    ],
    "rotation": [
      -0.06161612091451083,
      -0.02845033673256639,
      0.7598942218153332
    ]
  },
  {
    "label_id": "WLxPidkONZfEWD55dLlKWA",
    "size": [
      2.3401327950690836,
      5.65358485138672,
      2.240000000000009
    ],
    "obj_class": "vehicle",
    "point_num_in_lidar": 4567,
    "speed": 9.367275752672786,
    "if_vehicle": true,
    "motion_state": true,
    "pose": [
      [
        0.7161514865983166,
        -0.6950957950958094,
        -0.06299907843092209,
        -5.517170660212287
      ],
      [
        0.697395373512172,
        0.716247651083748,
        0.025079779122469198,
        -12.883586534415372
      ],
      [
        0.027690092936628743,
        -0.06189618693536928,
        0.9976984117437607,
        0.8926181861849045
      ],
      [
        0.0,
        0.0,
        0.0,
        1.0
      ]
    ],
    "location": [
      -5.517170660212287,
      -12.883586534415372,
      0.8926181861849045
    ],
    "rotation": [
      -0.061959565830120106,
      -0.027693632680825902,
      0.7721301119544198
    ]
  },
  {
    "label_id": "YQnZJJkxCHKc9DWlnQIJsQ",
    "size": [
      0.7040168138510869,
      0.9420250313960423,
      1.7799999999999727
    ],
    "obj_class": "pedestrian",
    "point_num_in_lidar": 66,
    "speed": 1.2500632826928073,
    "if_vehicle": false,
    "motion_state": true,
    "pose": [
      [
        -0.7418910869293934,
        0.6675542908644793,
        -0.06299907843092209,
        2.8502212714447523
      ],
      [
        -0.6698485971719107,
        -0.742074026998649,
        0.025079779122469198,
        11.759001684862596
      ],
      [
        -0.030007865661300388,
        0.06080630890319413,
        0.9976984117437607,
        1.0585887591861933
      ],
      [
        0.0,
        0.0,
        0.0,
        1.0
      ]
    ],
    "location": [
      2.8502212714447523,
      11.759001684862596,
      1.0585887591861933
    ],
    "rotation": [
      0.06087128883644164,
      0.030012371027645264,
      -2.4071812629681486
    ]
  },
  {
    "label_id": "YeDTe3z8sAGMJ4YCFJfJEg",
    "size": [
      2.0031383562909983,
      4.590736175159691,
      1.420000000000016
    ],
    "obj_class": "vehicle",
    "point_num_in_lidar": 116,
    "speed": 2.6934744785912477,
    "if_vehicle": true,
    "motion_state": true,
    "pose": [
      [
        0.6990842815690913,
        -0.7122585790145892,
        -0.06299907843092209,
        22.544258706762776
      ],
      [
        0.7145598132024205,
        0.6991246512856562,
        0.025079779122469198,
        10.426377740717726
      ],
      [
        0.026180920899566428,
        -0.06254948908526721,
        0.9976984117437607,
        1.2841837972114831
      ],
      [
        0.0,
        0.0,
        0.0,
        1.0
      ]
    ],
    "location": [
      22.544258706762776,
      10.426377740717726,
      1.2841837972114831
    ],
    "rotation": [
      -0.06261183800313096,
      -0.0261839127335896,
      0.796344987655429
    ]
  },
  {
    "label_id": "a5UB6eiHSWzlL_IWYnXAdQ",
    "size": [
      2.2639901834129903,
      4.937124122990977,
      1.8199999999999932
    ],
    "obj_class": "vehicle",
    "point_num_in_lidar": 244,
    "speed": 0.018180076747441782,
    "if_vehicle": true,
    "motion_state": false,
    "pose": [
      [
        0.7106932999635969,
        -0.7006754951500069,
        -0.06299907843092209,
        8.520711751858471
      ],
      [
        0.7029757553306081,
        0.7107714767043831,
        0.025079779122469198,
        13.432279003303847
      ],
      [
        0.02720516135247283,
        -0.062110855732015434,
        0.9976984117437607,
        1.132168804700882
      ],
      [
        0.0,
        0.0,
        0.0,
        1.0
      ]
    ],
    "location": [
      8.520711751858471,
      13.432279003303847,
      1.132168804700882
    ],
    "rotation": [
      -0.06217390203679178,
      -0.02720851832162944,
      0.779938987548405
    ]
  },
  {
    "label_id": "bvQHQggD0sgtCVO9CF2c_w",
    "size": [
      0.8047188801840992,
      1.0342162884756225,
      1.759999999999991
    ],
    "obj_class": "pedestrian",
    "point_num_in_lidar": 23,
    "speed": 1.1851319452996925,
    "if_vehicle": false,
    "motion_state": true,
    "pose": [
      [
        -0.54624849884066,
        0.8352506771210545,
        -0.06299907843092209,
        5.326144862705405
      ],
      [
        -0.8375153493952793,
        -0.5458379285158477,
        0.025079779122469198,
        15.05091986649495
      ],
      [
        -0.013439383975053043,
        0.06646248688055845,
        0.9976984117437607,
        1.2870049533470365
      ],
      [
        0.0,
        0.0,
        0.0,
        1.0
      ]
    ],
    "location": [
      5.326144862705405,
      15.05091986649495,
      1.2870049533470365
    ],
    "rotation": [
      0.06651753101635112,
      0.013439788571567714,
      -2.148734147045846
    ]
  },
  {
    "label_id": "chi0fAmQL1e5oWq3NTkLAw",
    "size": [
      2.217939091164303,
      5.344432669972154,
      1.8100000000000023
    ],
    "obj_class": "vehicle",
    "point_num_in_lidar": 2292,
    "speed": 6.355287432313019e-12,
    "if_vehicle": true,
    "motion_state": false,
    "pose": [
      [
        0.6904851144340208,
        -0.7205979620161934,
        -0.06299907843092209,
        -8.850701043884328
      ],
      [
        0.7228995149763751,
        0.6904978609134789,
        0.025079779122469198,
        -27.494771847304946
      ],
      [
        0.025428291172604603,
        -0.0628592173990303,
        0.9976984117437607,
        0.38614988971573894
      ],
      [
        0.0,
        0.0,
        0.0,
        1.0
      ]
    ],
    "location": [
      -8.850701043884328,
      -27.494771847304946,
      0.38614988971573894
    ],
    "rotation": [
      -0.0629210594022489,
      -0.025431032283926736,
      0.8083280288669874
    ]
  },
  {
    "label_id": "dVT_TNeOHH9G7d0TcHcBZA",
    "size": [
      2.3751147110776683,
      5.193980647294666,
      1.8100000000000023
    ],
    "obj_class": "vehicle",
    "point_num_in_lidar": 413,
    "speed": 1.6687859377030374,
    "if_vehicle": true,
    "motion_state": true,
    "pose": [
      [
        0.6826845259006554,
        -0.7279924135680618,
        -0.06299907843092209,
        10.044015867726557
      ],
      [
        0.7302939703269901,
        0.6826724848587423,
        0.025079779122469198,
        -2.4108236642350676
      ],
      [
        0.02474984848112814,
        -0.06312942423417559,
        0.9976984117437607,
        1.1350918685914735
      ],
      [
        0.0,
        0.0,
        0.0,
        1.0
      ]
    ],
    "location": [
      10.044015867726557,
      -2.4108236642350676,
      1.1350918685914735
    ],
    "rotation": [
      -0.06319081416708386,
      -0.02475237595179219,
      0.8190798079728873
    ]
  },
  {
    "label_id": "gjGLaHajamdONAcPH7CDLA",
    "size": [
      2.1356453582060833,
      4.852355393954673,
      1.4499999999999886
    ],
    "obj_class": "vehicle",
    "point_num_in_lidar": 36,
    "speed": 6.812355019184349,
    "if_vehicle": true,
    "motion_state": true,
    "pose": [
      [
        0.7214113875658822,
        -0.6896352122732154,
        -0.06299907843092209,
        38.34604067222608
      ],
      [
        0.6919339937800371,
        0.7215250189222656,
        0.025079779122469198,
        25.310108244026196
      ],
      [
        0.028159512458066954,
        -0.06168404219975607,
        0.9976984117437607,
        1.5928601839106022
      ],
      [
        0.0,
        0.0,
        0.0,
        1.0
      ]
    ],
    "location": [
      38.34604067222608,
      25.310108244026196,
      1.5928601839106022
    ],
    "rotation": [
      -0.06174774417368398,
      -0.028163235339105794,
      0.7645447179879246
    ]
  },
  {
    "label_id": "ibLQ5RGWGQlDKl5M9m_fpg",
    "size": [
      0.5535916266394197,
      0.18064474766288185,
      0.6399999999999864
    ],
    "obj_class": "sign",
    "point_num_in_lidar": 61,
    "speed": 4.687428401686771e-12,
    "if_vehicle": false,
    "motion_state": false,
    "pose": [
      [
        -0.6656154335496179,
        0.7436310985545243,
        -0.06299907843092209,
        10.00001382821938
      ],
      [
        -0.7459317568419687,
        -0.6655500122558954,
        0.025079779122469198,
        -11.662164729634242
      ],
      [
        -0.023278933721463713,
        0.06368650130733369,
        0.9976984117437607,
        2.7317444223521647
      ],
      [
        0.0,
        0.0,
        0.0,
        1.0
      ]
    ],
    "location": [
      10.00001382821938,
      -11.662164729634242,
      2.7317444223521647
    ],
    "rotation": [
      0.06374693011504044,
      0.023281036744010865,
      -2.29935628052159
    ]
  },
  {
    "label_id": "lto9Yj_ymM15tMJSVFWMXw",
    "size": [
      0.5771929255696098,
      0.2093733918256646,
      0.5699999999999932
    ],
    "obj_class": "sign",
    "point_num_in_lidar": 22,
    "speed": 0.010077320467079867,
    "if_vehicle": false,
    "motion_state": false,
    "pose": [
      [
        -0.6656154335757302,
        0.7436310985311514,
        -0.06299907843092209,
        4.163161923748703
      ],
      [
        -0.745931756818598,
        -0.6655500122820884,
        0.025079779122469198,
        -17.19094970059814
      ],
      [
        -0.02327893372370004,
        0.06368650130651625,
        0.9976984117437607,
        0.6175859659014691
      ],
      [
        0.0,
        0.0,
        0.0,
        1.0
      ]
    ],
    "location": [
      4.163161923748703,
      -17.19094970059814,
      0.6175859659014691
    ],
    "rotation": [
      0.06374693011422444,
      0.023281036746247798,
      -2.2993562805566423
    ]
  },
  {
    "label_id": "m4Ve9ReHKM06uu4tCR8qRw",
    "size": [
      2.103466667347864,
      4.81463633700088,
      1.8600000000000136
    ],
    "obj_class": "vehicle",
    "point_num_in_lidar": 177,
    "speed": 6.393905359789187,
    "if_vehicle": true,
    "motion_state": true,
    "pose": [
      [
        0.6955237831157909,
        -0.7157358334170175,
        -0.06299907843092209,
        17.840137497056276
      ],
      [
        0.7180372403031894,
        0.6955526768095629,
        0.025079779122469198,
        13.842653718318616
      ],
      [
        0.025868681027028245,
        -0.06267926727315169,
        0.9976984117437607,
        1.4453370601162874
      ],
      [
        0.0,
        0.0,
        0.0,
        1.0
      ]
    ],
    "location": [
      17.840137497056276,
      13.842653718318616,
      1.4453370601162874
    ],
    "rotation": [
      -0.06274140525322403,
      -0.025871567067524033,
      0.8013235840209153
    ]
  },
  {
    "label_id": "n6HSmbVZgyrHjDXPpmljnw",
    "size": [
      2.0683147956764723,
      4.714627999058088,
      1.8500000000000227
    ],
    "obj_class": "vehicle",
    "point_num_in_lidar": 89,
    "speed": 1.9864572691005113,
    "if_vehicle": true,
    "motion_state": true,
    "pose": [
      [
        0.6861772138374821,
        -0.7247012814443513,
        -0.06299907843092209,
        3.1588742457024637
      ],
      [
        0.727002869494594,
        0.6861762400621246,
        0.025079779122469198,
        -9.363234594122332
      ],
      [
        0.025053122696714294,
        -0.06300968375671072,
        0.9976984117437607,
        0.8886255676549695
      ],
      [
        0.0,
        0.0,
        0.0,
        1.0
      ]
    ],
    "location": [
      3.1588742457024637,
      -9.363234594122332,
      0.8886255676549695
    ],
    "rotation": [
      -0.06307127515563261,
      -0.02505574424003727,
      0.8142793401912907
    ]
  },
  {
    "label_id": "ttfnnllNpDo3NuL5zmluFQ",
    "size": [
      2.1943835412947577,
      5.091401428471968,
      1.920000000000016
    ],
    "obj_class": "vehicle",
    "point_num_in_lidar": 8136,
    "speed": 1.4410953359498375,
    "if_vehicle": true,
    "motion_state": true,
    "pose": [
      [
        0.6461081271213639,
        -0.7606414425894622,
        -0.06299907843092209,
        -15.092025678492064
      ],
      [
        0.7629396307433232,
        0.6459830682923587,
        0.025079779122469198,
        -10.289802010614949
      ],
      [
        0.021619618612857956,
        -0.06426874275269341,
        0.9976984117437607,
        0.3296696858096766
      ],
      [
        0.0,
        0.0,
        0.0,
        1.0
      ]
    ],
    "location": [
      -15.092025678492064,
      -10.289802010614949,
      0.3296696858096766
    ],
    "rotation": [
      -0.06432812481818369,
      -0.021621303163987724,
      0.8681241502939634
    ]
  },
  {
    "label_id": "upyIAoBWC5cwGy_JJQtRjw",
    "size": [
      0.21880099995612612,
      0.09180445576203056,
      0.30000000000001137
    ],
    "obj_class": "sign",
    "point_num_in_lidar": 27,
    "speed": 2.0143066884167243e-27,
    "if_vehicle": false,
    "motion_state": false,
    "pose": [
      [
        0.5863376475296037,
        0.8076133228261558,
        -0.06299907843092209,
        -18.283172811403347
      ],
      [
        -0.8080351117932962,
        0.5886002572105822,
        0.025079779122469198,
        -11.048296663488145
      ],
      [
        0.05733603752131379,
        0.03620024869157411,
        0.9976984117437607,
        -0.016134219625712376
      ],
      [
        0.0,
        0.0,
        0.0,
        1.0
      ]
    ],
    "location": [
      -18.283172811403347,
      -11.048296663488145,
      -0.016134219625712376
    ],
    "rotation": [
      0.0362678488727751,
      -0.05736749870287395,
      -0.943072775644605
    ]
  },
  {
    "label_id": "vNooCsfk0rHTE4yxtQYpPQ",
    "size": [
      0.9105045262944447,
      0.8397257828037255,
      1.8000000000000114
    ],
    "obj_class": "pedestrian",
    "point_num_in_lidar": 30,
    "speed": 0.26884770159516247,
    "if_vehicle": false,
    "motion_state": false,
    "pose": [
      [
        -0.9956339325466953,
        0.06887806964816227,
        -0.06299907843092209,
        29.523222727682878
      ],
      [
        -0.07057274027583231,
        -0.9971913021126529,
        0.025079779122469198,
        4.524077008056338
      ],
      [
        -0.06109468627927039,
        0.029416296714828778,
        0.9976984117437607,
        1.5632463298109656
      ],
      [
        0.0,
        0.0,
        0.0,
        1.0
      ]
    ],
    "location": [
      29.523222727682878,
      4.524077008056338,
      1.5632463298109656
    ],
    "rotation": [
      0.029475617879635232,
      0.061132756863422864,
      -3.0708287910967442
    ]
  },
  {
    "label_id": "wKY9S0P3F82kx5NB0k8wDw",
    "size": [
      2.076827983359801,
      4.443809124814965,
      1.910000000000025
    ],
    "obj_class": "vehicle",
    "point_num_in_lidar": 4833,
    "speed": 1.6544192406072775,
    "if_vehicle": true,
    "motion_state": true,
    "pose": [
      [
        0.7276841034010042,
        -0.6830131490493656,
        -0.06299907843092209,
        -7.575723518766608
      ],
      [
        0.6853107960259762,
        0.7278187394739236,
        0.025079779122469198,
        -19.489398597979743
      ],
      [
        0.02872209093571234,
        -0.061424105172627357,
        0.9976984117437607,
        0.6585318186682798
      ],
      [
        0.0,
        0.0,
        0.0,
        1.0
      ]
    ],
    "location": [
      -7.575723518766608,
      -19.489398597979743,
      0.6585318186682798
    ],
    "rotation": [
      -0.06148819544751654,
      -0.028726041491337624,
      0.7554188533749417
    ]
  }
]