[
  {
    "label_id": "-ax0saSQy_JVW_zkFbW-rw",
    "size": [
      2.1557281072730903,
      5.019212518632695,
      1.740000000000009
    ],
    "obj_class": "vehicle",
    "point_num_in_lidar": 607,
    "speed": 0.01888743810285998,
    "if_vehicle": true,
    "motion_state": false,
    "pose": [
      [
        0.7200162963947985,
        -0.6910880912873006,
        -0.06303794894183481,
        -5.866569673842605
      ],
      [
        0.693354666856074,
        0.7202013758030168,
        0.02385967812742095,
        -0.945450631879794
      ],
      [
        0.02891087813990107,
        -0.06088701316633371,
        0.9977258805668331,
        0.5387355329370394
      ],
      [
        0.0,
        0.0,
        0.0,
        1.0
      ]
    ],
    "location": [
      -5.866569673842605,
      -0.945450631879794,
      0.5387355329370394
    ],
    "rotation": [
      -0.06095020558598437,
      -0.02891490712814078,
      0.766536542183769
    ]
  },
  {
    "label_id": "0TTpzF8WjDXQbo0lfz9cHQ",
    "size": [
      2.1575446701867818,
      5.032259334955597,
      2.0300000000000296
    ],
    "obj_class": "vehicle",
    "point_num_in_lidar": 95,
    "speed": 4.06327071090496,
    "if_vehicle": true,
    "motion_state": true,
    "pose": [
      [
        0.6467836550819264,
        -0.7600638923880481,
        -0.06303794894183481,
        20.29781733607888
      ],
      [
        0.7623375852306956,
        0.6467396090423777,
        0.02385967812742095,
        21.382951532308653
      ],
      [
        0.02263425862482208,
        -0.06348824760254586,
        0.9977258805668331,
        1.5855636447091115
      ],
      [
        0.0,
        0.0,
        0.0,
        1.0
      ]
    ],
    "location": [
      20.29781733607888,
      21.382951532308653,
      1.5855636447091115
    ],
    "rotation": [
      -0.0635472780756386,
      -0.02263619169540734,
      0.8672193333864283
    ]
  },
  {
    "label_id": "0jw4kmyd3WAM6MTC97B0nA",
    "size": [
      1.9708569114636578,
      4.39763427653422,
      1.5199999999999818
    ],
    "obj_class": "vehicle",
    "point_num_in_lidar": 143,
    "speed": 1.8689348188189132,
    "if_vehicle": true,
    "motion_state": true,
    "pose": [
      [
        0.7151592421395429,
        -0.6961131196692109,
        -0.06303794894183481,
        16.798437649737025
      ],
      [
        0.6983809356988621,
        0.7153284451299539,
        0.02385967812742095,
        4.398434964932676
      ],
      [
        0.028483803025161895,
        -0.06108797109383549,
        0.9977258805668331,
        1.1943553194014385
      ],
      [
        0.0,
        0.0,
        0.0,
        1.0
      ]
    ],
    "location": [
      16.798437649737025,
      4.398434964932676,
      1.1943553194014385
    ],
    "rotation": [
      -0.06115087177777381,
      -0.028487656045295715,
      0.7735290147127777
    ]
  },
  {
    "label_id": "1-vuNCDJYzRYJGZGloUAOQ",
    "size": [
      0.7092098508645877,
      1.1633401586890373,
      1.8799999999999955
    ],
    "obj_class": "pedestrian",
    "point_num_in_lidar": 38,
    "speed": 1.2843960541782367,
    "if_vehicle": false,
    "motion_state": true,
    "pose": [
      [
        -0.243515787655374,
        0.9678462058384014,
        -0.06303794894183481,
        16.939613498641847
      ],
      [
        -0.9698655066575569,
        -0.2424698223605076,
        0.02385967812742095,
        27.117347955238074
      ],
      [
        0.007807698666252426,
        0.06694854060152845,
        0.9977258805668331,
        1.732000111876232
      ],
      [
        0.0,
        0.0,
        0.0,
        1.0
      ]
    ],
    "location": [
      16.939613498641847,
      27.117347955238074,
      1.732000111876232
    ],
    "rotation": [
      0.0670006987763112,
      -0.007807777994853248,
      -1.8167930993326442
    ]
  },
  {
    "label_id": "6i_mPMYxgh2SXwhx4Y83Bg",
    "size": [
      0.7184178508203068,
      0.8689585357133183,
      1.6299999999999955
    ],
    "obj_class": "pedestrian",
    "point_num_in_lidar": 31,
    "speed": 1.179800868237904,
    "if_vehicle": false,
    "motion_state": true,
    "pose": [
      [
        0.6765537931761567,
        -0.7336901130124085,
        -0.06303794894183481,
        7.6978375101825804
      ],
      [
        0.7359637553300372,
        0.6766003743718776,
        0.02385967812742095,
        16.853633433987852
      ],
      [
        0.02514588991193358,
        -0.06253600137260473,
        0.9977258805668331,
        1.2906721884215813
      ],
      [
        0.0,
        0.0,
        0.0,
        1.0
      ]
    ],
    "location": [
      7.6978375101825804,
      16.853633433987852,
      1.2906721884215813
    ],
    "rotation": [
      -0.0625966531678177,
      -0.025148540690090846,
      0.8274330160163053
    ]
  },
  {
    "label_id": "EetSvF1uXlOXoFDbzwPnMw",
    "size": [
      2.0874334641266454,
      4.543415239634662,
      1.7800000000000296
    ],
    "obj_class": "vehicle",
    "point_num_in_lidar": 1573,
    "speed": 5.684341886080801e-13,
    "if_vehicle": true,
    "motion_state": false,
    "pose": [
      [
        0.7200162963942282,
        -0.6910880912878947,
        -0.06303794894183481,
        -10.48569553769994
      ],
      [
        0.6933546668566682,
        0.7202013758024447,
        0.02385967812742095,
        -5.258483343444823
      ],
      [
        0.028910878139850833,
        -0.060887013166357556,
        0.9977258805668331,
        0.4596696858094447
      ],
      [
        0.0,
        0.0,
        0.0,
        1.0
      ]
    ],
    "location": [
      -10.48569553769994,
      -5.258483343444823,
      0.4596696858094447
    ],
    "rotation": [
      -0.06095020558600819,
      -0.02891490712809052,
      0.7665365421845929
    ]
  },
  {
    "label_id": "FG2cqOpTxdur3yJJN5wWSg",
    "size": [
      1.7009916069707514,
      0.1445946427101845,
      1.7200000000000273
    ],
    "obj_class": "sign",
    "point_num_in_lidar": 31,
    "speed": 1.1368683772161603e-12,
    "if_vehicle": false,
    "motion_state": false,
    "pose": [
      [
        -0.6579842306240029,
        0.7503885455171511,
        -0.06303794894183481,
        14.56323136424544
      ],
      [
        -0.7526626415228167,
        -0.657973908157118,
        0.02385967812742095,
        21.595739660471736
      ],
      [
        -0.023573296460925132,
        0.06314560112234928,
        0.9977258805668331,
        2.1491276497106355
      ],
      [
        0.0,
        0.0,
        0.0,
        1.0
      ]
    ],
    "location": [
      14.56323136424544,
      21.595739660471736,
      2.1491276497106355
    ],
    "rotation": [
      0.0632052281513499,
      0.02357548028841127,
      -2.2891779816505267
    ]
  },
  {
    "label_id": "GXY29zmAxt7I63pSzmjgzw",
    "size": [
      1.9490319488613943,
      4.705729582353263,
      1.490000000000009
    ],
    "obj_class": "vehicle",
    "point_num_in_lidar": 375,
    "speed": 7.958078640513122e-12,
    "if_vehicle": true,
    "motion_state": false,
    "pose": [
      [
        0.6926838282039013,
        -0.7184812670752069,
        -0.06303794894183481,
        5.260722854050982
      ],
      [
        0.7207533137545805,
        0.6927809007698228,
        0.02385967812742095,
        -13.708229404131998
      ],
      [
        0.026528755277610425,
        -0.061962023777134334,
        0.9977258805668331,
        0.6016992883775742
      ],
      [
        0.0,
        0.0,
        0.0,
        1.0
      ]
    ],
    "location": [
      5.260722854050982,
      -13.708229404131998,
      0.6016992883775742
    ],
    "rotation": [
      -0.062023598007424956,
      -0.02653186797532195,
      0.8052545797651638
    ]
  },
  {
    "label_id": "JsIhg21XPM4bj0p9nLSeqg",
    "size": [
      0.7337013722214856,
      0.9174614145625695,
      1.740000000000009
    ],
    "obj_class": "pedestrian",
    "point_num_in_lidar": 380,
    "speed": 1.5258588983359742,
    "if_vehicle": false,
    "motion_state": true,
    "pose": [
      [
        0.7076603624320323,
        -0.7037350555683376,
        -0.06303794894183481,
        -16.972872440903302
      ],
      [
        0.7060045542073277,
        0.7078052593744752,
        0.02385967812742095,
        -8.210177876528178
      ],
      [
        0.027827699888367093,
        -0.061389627511986726,
        0.9977258805668331,
        0.48997750020214426
      ],
      [
        0.0,
        0.0,
        0.0,
        1.0
      ]
    ],
    "location": [
      -16.972872440903302,
      -8.210177876528178,
      0.48997750020214426
    ],
    "rotation": [
      -0.061452081012738954,
      -0.027831292680286158,
      0.7842268763067052
    ]
  },
  {
    "label_id": "MQpQK2kzZfJnvO5GRR-ocg",
    "size": [
      0.6528417423440478,
      0.8721263315164834,
      1.6800000000000068
    ],
    "obj_class": "pedestrian",
    "point_num_in_lidar": 35,
    "speed": 1.1875828674821103,
    "if_vehicle": false,
    "motion_state": true,
    "pose": [
      [
        0.6756267191634531,
        -0.7345439083850843,
        -0.06303794894183481,
        8.167285482024454
      ],
      [
        0.7368176077144255,
        0.6756704290714864,
        0.02385967812742095,
        16.31384061758581
      ],
      [
        0.0250668967847901,
        -0.06256770678807226,
        0.9977258805668331,
        1.3316598918119098
      ],
      [
        0.0,
        0.0,
        0.0,
        1.0
      ]
    ],
    "location": [
      8.167285482024454,
      16.31384061758581,
      1.3316598918119098
    ],
    "rotation": [
      -0.06262830643347268,
      -0.02506952265524319,
      0.828693780992628
    ]
  },
  {
    "label_id": "MbWLXdRi2KwMbFQQAs1ygA",
    "size": [
      0.7281406393223053,
      0.1852946014904465,
      0.8100000000000023
    ],
    "obj_class": "sign",
    "point_num_in_lidar": 89,
    "speed": 5.684341886080801e-13,
    "if_vehicle": false,
    "motion_state": false,
    "pose": [
      [
        -0.6656137966204412,
        0.7436292696913755,
        -0.06303794894183481,
        9.773895970320154
      ],
      [
        -0.7459033525142398,
        -0.6656267005369252,
        0.02385967812742095,
        -11.519892339340004
      ],
      [
        -0.02421698694180334,
        0.06290154839587044,
        0.9977258805668331,
        3.472437376478581
      ],
      [
        0.0,
        0.0,
        0.0,
        1.0
      ]
    ],
    "location": [
      9.773895970320154,
      -11.519892339340004,
      3.472437376478581
    ],
    "rotation": [
      0.06296159129100651,
      0.024219354625649513,
      -2.299373975826491
    ]
  },
  {
    "label_id": "PDdsl0JNXo0zsxZUTYyooQ",
    "size": [
      0.7981004814221919,
      1.0569631758026503,
      1.910000000000025
    ],
    "obj_class": "pedestrian",
    "point_num_in_lidar": 187,
    "speed": 1.5956210376178872,
    "if_vehicle": false,
    "motion_state": true,
    "pose": [
      [
        0.7120153414777222,
        -0.6993285140000864,
        -0.06303794894183481,
        -9.54503379203743
      ],
      [
        0.7015970694250651,
        0.7121743241186221,
        0.02385967812742095,
        -0.9539041821844876
      ],
      [
        0.02820825543210577,
        -0.06121569710960236,
        0.9977258805668331,
        0.8364384973582446
      ],
      [
        0.0,
        0.0,
        0.0,
        1.0
      ]
    ],
    "location": [
      -9.54503379203743,
      -0.9539041821844876,
      0.8364384973582446
    ],
    "rotation": [
      -0.06127840980856906,
      -0.028211997683725523,
      0.7780283332014903
    ]
  },
  {
    "label_id": "QvzuwpIO0spW8fc-8ZGIJA",
    "size": [
      0.9037105968288048,
      0.8402658154809615,
      1.8000000000000114
    ],
    "obj_class": "pedestrian",
    "point_num_in_lidar": 103,
    "speed": 1.7378989562320608,
    "if_vehicle": false,
    "motion_state": true,
    "pose": [
      [
        -0.7386497145745411,
        0.671135467809708,
        -0.06303794894183481,
        -5.431576558439701
      ],
      [
        -0.6733961330199875,
        -0.7388967206541001,
        0.02385967812742095,
        -29.45589372151153
      ],
      [
        -0.030565457508046626,
        0.06007345548960289,
        0.9977258805668331,
        0.5298772282852724
      ],
      [
        0.0,
        0.0,
        0.0,
        1.0
      ]
    ],
    "location": [
      -5.431576558439701,
      -29.45589372151153,
      0.5298772282852724
    ],
    "rotation": [
      0.060137778913732315,
      0.030570218792160663,
      -2.4023737202689497
    ]
  },
  {
    "label_id": "RAFCawN5UP3I_7vS3c_Z6Q",
    "size": [
      0.7771000330950798,
      0.6000695416612203,
      1.920000000000016
    ],
    "obj_class": "pedestrian",
    "point_num_in_lidar": 123,
    "speed": 2.5421149729252077e-12,
    "if_vehicle": false,
    "motion_state": false,
    "pose": [
      [
        0.7199623422514633,
        0.691144299501192,
        -0.06303794894183481,
        -4.64184637220751
      ],
      [
        -0.6912365084256119,
        0.7222345915138823,
        0.02385967812742095,
        6.357911705854349
      ],
      [
        0.062018667829579315,
        0.02639606197488191,
        0.9977258805668331,
        0.989911989008931
      ],
      [
        0.0,
        0.0,
        0.0,
        1.0
      ]
    ],
    "location": [
      -4.64184637220751,
      6.357911705854349,
      0.989911989008931
    ],
    "rotation": [
      0.026450056665610174,
      -0.062058494024710975,
      -0.7650453497114942
    ]
  },
  {
    "label_id": "SVtwv1xNRMziqE3GDAHqrA",
    "size": [
      0.7819850836634428,
      1.8584476636424367,
      1.9499999999999886
    ],
    "obj_class": "cyclist",
    "point_num_in_lidar": 356,
    "speed": 5.343063426858951,
    "if_vehicle": false,
    "motion_state": true,
    "pose": [
      [
        0.7205072086829982,
        -0.6905762660481759,
        -0.06303794894183481,
        -6.875125829705212
      ],
      [
        0.6928427095254062,
        0.7206938986956595,
        0.02385967812742095,
        -22.585842685977696
      ],
      [
        0.02895413775832317,
        -0.06086645343544791,
        0.9977258805668331,
        0.5639565537110229
      ],
      [
        0.0,
        0.0,
        0.0,
        1.0
      ]
    ],
    "location": [
      -6.875125829705212,
      -22.585842685977696,
      0.5639565537110229
    ],
    "rotation": [
      -0.06092967542477808,
      -0.028958184864038866,
      0.7658269541877312
    ]
  },
  {
    "label_id": "TgaQtjAqhVtWxHvxeKTNCA",
    "size": [
      2.135645358215396,
      4.852355393954673,
      1.4499999999999886
    ],
    "obj_class": "vehicle",
    "point_num_in_lidar": 84,
    "speed": 4.798911907750909,
    "if_vehicle": true,
    "motion_state": true,
    "pose": [
      [
        0.7249910029667861,
        -0.685867525554622,
        -0.06303794894183481,
        25.30439669820771
      ],
      [
        0.6881327046516037,
        0.7251924548342491,
        0.02385967812742095,
        17.04123805591371
      ],
      [
        0.029350066543061312,
        -0.0606765262770981,
        0.9977258805668331,
        1.4412829324591598
      ],
      [
        0.0,
        0.0,
        0.0,
        1.0
      ]
    ],
    "location": [
      25.30439669820771,
      17.04123805591371,
      1.4412829324591598
    ],
    "rotation": [
      -0.0607400189963099,
      -0.029354281997742707,
      0.7593212225705017
    ]
  },
  {
    "label_id": "WLxPidkONZfEWD55dLlKWA",
    "size": [
      2.3401327950732758,
      5.65358485138672,
      2.240000000000009
    ],
    "obj_class": "vehicle",
    "point_num_in_lidar": 4843,
    "speed": 9.395759015728432,
    "if_vehicle": true,
    "motion_state": true,
    "pose": [
      [
        0.7158389352179155,
        -0.6954141469795445,
        -0.06303794894183481,
        -6.197410891614709
      ],
      [
        0.697681796632317,
        0.7160103535617051,
        0.02385967812742095,
        -13.537781347404234
      ],
      [
        0.028543466397460932,
        -0.061060116059130795,
        0.9977258805668331,
        0.8683717897947076
      ],
      [
        0.0,
        0.0,
        0.0,
        1.0
      ]
    ],
    "location": [
      -6.197410891614709,
      -13.537781347404234,
      0.8683717897947076
    ],
    "rotation": [
      -0.061123057474927134,
      -0.028547343686380188,
      0.7725535410174821
    ]
  },
  {
    "label_id": "YQnZJJkxCHKc9DWlnQIJsQ",
    "size": [
      0.7040168138495935,
      0.9420250313960423,
      1.7799999999999727
    ],
    "obj_class": "pedestrian",
    "point_num_in_lidar": 61,
    "speed": 1.2593406081352287,
    "if_vehicle": false,
    "motion_state": true,
    "pose": [
      [
        -0.740470399746358,
        0.6691261496105763,
        -0.06303794894183481,
        2.9477751734812045
      ],
      [
        -0.6713861353851299,
        -0.740723546927108,
        0.02385967812742095,
        11.846260452912247
      ],
      [
        -0.03072855857485696,
        0.05999019032349446,
        0.9977258805668331,
        1.0660892151034318
      ],
      [
        0.0,
        0.0,
        0.0,
        1.0
      ]
    ],
    "location": [
      2.9477751734812045,
      11.846260452912247,
      1.0660892151034318
    ],
    "rotation": [
      0.060054625000499656,
      0.030733396508600644,
      -2.405086998563538
    ]
  },
  {
    "label_id": "YeDTe3z8sAGMJ4YCFJfJEg",
    "size": [
      2.0031383562916587,
      4.590736175159691,
      1.420000000000016
    ],
    "obj_class": "vehicle",
    "point_num_in_lidar": 114,
    "speed": 2.654439421687664,
    "if_vehicle": true,
    "motion_state": true,
    "pose": [
      [
        0.6990261096234445,
        -0.7123122314392184,
        -0.06303794894183481,
        22.37080347792653
      ],
      [
        0.7145833282635105,
        0.6991433205913503,
        0.02385967812742095,
        10.249653734652384
      ],
      [
        0.027077020378097668,
        -0.06172440534004023,
        0.9977258805668331,
        1.284079634408954
      ],
      [
        0.0,
        0.0,
        0.0,
        1.0
      ]
    ],
    "location": [
      22.37080347792653,
      10.249653734652384,
      1.284079634408954
    ],
    "rotation": [
      -0.061786349484853766,
      -0.027080330124267395,
      0.7964030351729496
    ]
  },
  {
    "label_id": "a5UB6eiHSWzlL_IWYnXAdQ",
    "size": [
      2.26399018341299,
      4.937124122990977,
      1.8199999999999932
    ],
    "obj_class": "vehicle",
    "point_num_in_lidar": 229,
    "speed": 0.018180076907845427,
    "if_vehicle": true,
    "motion_state": false,
    "pose": [
      [
        0.7106915521373613,
        -0.7006737719608138,
        -0.06303794894183481,
        8.521984620198054
      ],
      [
        0.7029426239849246,
        0.7108462443769711,
        0.02385967812742095,
        13.430980460769206
      ],
      [
        0.02809243858721958,
        -0.06126893292167573,
        0.9977258805668331,
        1.1321688046999725
      ],
      [
        0.0,
        0.0,
        0.0,
        1.0
      ]
    ],
    "location": [
      8.521984620198054,
      13.430980460769206,
      1.1321688046999725
    ],
    "rotation": [
      -0.06133156667999066,
      -0.0280961349224148,
      0.779916652924232
    ]
  },
  {
    "label_id": "chi0fAmQL1e5oWq3NTkLAw",
    "size": [
      2.217939091164303,
      5.344432669972154,
      1.8100000000000023
    ],
    "obj_class": "vehicle",
    "point_num_in_lidar": 2328,
    "speed": 6.355287432313019e-12,
    "if_vehicle": true,
    "motion_state": false,
    "pose": [
      [
        0.6904834163062935,
        -0.7205961898311677,
        -0.06303794894183481,
        -8.850701043887966
      ],
      [
        0.722868522742235,
        0.6905735403185636,
        0.02385967812742095,
        -27.494771847304946
      ],
      [
        0.026339146425966135,
        -0.06204286109367474,
        0.9977258805668331,
        0.3861498897147726
      ],
      [
        0.0,
        0.0,
        0.0,
        1.0
      ]
    ],
    "location": [
      -8.850701043887966,
      -27.494771847304946,
      0.3861498897147726
    ],
    "rotation": [
      -0.06210430788739879,
      -0.026342192843707046,
      0.8083078432384644
    ]
  },
  {
    "label_id": "dVT_TNeOHH9G7d0TcHcBZA",
    "size": [
      2.3751147110738917,
      5.193980647294666,
      1.8100000000000023
    ],
    "obj_class": "vehicle",
    "point_num_in_lidar": 409,
    "speed": 1.705654929928716,
    "if_vehicle": true,
    "motion_state": true,
    "pose": [
      [
        0.6828916885899001,
        -0.727794722877297,
        -0.06303794894183481,
        9.93083602198385
      ],
      [
        0.7300678756775778,
        0.6829579874804046,
        0.02385967812742095,
        -2.5318855618243106
      ],
      [
        0.02568732291352018,
        -0.06231555735668297,
        0.9977258805668331,
        1.1278187015818162
      ],
      [
        0.0,
        0.0,
        0.0,
        1.0
      ]
    ],
    "location": [
      9.93083602198385,
      -2.5318855618243106,
      1.1278187015818162
    ],
    "rotation": [
      -0.06237656827429511,
      -0.025690148666997786,
      0.8187739724150653
    ]
  },
  {
    "label_id": "gjGLaHajamdONAcPH7CDLA",
    "size": [
      2.1356453582052173,
      4.852355393954673,
      1.4499999999999886
    ],
    "obj_class": "vehicle",
    "point_num_in_lidar": 43,
    "speed": 6.8482089203764085,
    "if_vehicle": true,
    "motion_state": true,
    "pose": [
      [
        0.7223837466857905,
        -0.6886130550007066,
        -0.06303794894183481,
        37.83315281542673
      ],
      [
        0.6908789820629642,
        0.7225766034845704,
        0.02385967812742095,
        24.82534024954657
      ],
      [
        0.0291196611903679,
        -0.06078743767667531,
        0.9977258805668331,
        1.5858289086515356
      ],
      [
        0.0,
        0.0,
        0.0,
        1.0
      ]
    ],
    "location": [
      37.83315281542673,
      24.82534024954657,
      1.5858289086515356
    ],
    "rotation": [
      -0.06085077283060082,
      -0.029123778120269974,
      0.7631096342756399
    ]
  },
  {
    "label_id": "ibLQ5RGWGQlDKl5M9m_fpg",
    "size": [
      0.5535916266394204,
      0.18064474766288185,
      0.6399999999999864
    ],
    "obj_class": "sign",
    "point_num_in_lidar": 58,
    "speed": 4.687428401686771e-12,
    "if_vehicle": false,
    "motion_state": false,
    "pose": [
      [
        -0.6656137965845325,
        0.743629269723517,
        -0.06303794894183481,
        10.00001382821938
      ],
      [
        -0.7459033525463818,
        -0.6656267005009066,
        0.02385967812742095,
        -11.662164729634242
      ],
      [
        -0.024216986938765915,
        0.06290154839703983,
        0.9977258805668331,
        2.730229148028741
      ],
      [
        0.0,
        0.0,
        0.0,
        1.0
      ]
    ],
    "location": [
      10.00001382821938,
      -11.662164729634242,
      2.730229148028741
    ],
    "rotation": [
      0.06296159129217394,
      0.0242193546226112,
      -2.2993739757782836
    ]
  },
  {
    "label_id": "lto9Yj_ymM15tMJSVFWMXw",
    "size": [
      0.5771929255696107,
      0.2093733918256646,
      0.5699999999999932
    ],
    "obj_class": "sign",
    "point_num_in_lidar": 22,
    "speed": 0.011207193708566494,
    "if_vehicle": false,
    "motion_state": false,
    "pose": [
      [
        -0.6656137966106467,
        0.7436292697001425,
        -0.06303794894183481,
        4.164305403337494
      ],
      [
        -0.7459033525230069,
        -0.6656267005271007,
        0.02385967812742095,
        -17.191973215514736
      ],
      [
        -0.024216986940974846,
        0.0629015483961894,
        0.9977258805668331,
        0.6175859659014122
      ],
      [
        0.0,
        0.0,
        0.0,
        1.0
      ]
    ],
    "location": [
      4.164305403337494,
      -17.191973215514736,
      0.6175859659014122
    ],
    "rotation": [
      0.06296159129132495,
      0.024219354624820777,
      -2.299373975813342
    ]
  },
  {
    "label_id": "m4Ve9ReHKM06uu4tCR8qRw",
    "size": [
      2.1034666673442923,
      4.81463633700088,
      1.8600000000000136
    ],
    "obj_class": "vehicle",
    "point_num_in_lidar": 173,
    "speed": 6.350141616036995,
    "if_vehicle": true,
    "motion_state": true,
    "pose": [
      [
        0.6919778013256425,
        -0.7191612750042485,
        -0.06303794894183481,
        17.398783092776284
      ],
      [
        0.7214334159324153,
        0.6920726422390516,
        0.02385967812742095,
        13.397844679981063
      ],
      [
        0.026467883342199027,
        -0.061988050449431356,
        0.9977258805668331,
        1.432133380134701
      ],
      [
        0.0,
        0.0,
        0.0,
        1.0
      ]
    ],
    "location": [
      17.398783092776284,
      13.397844679981063,
      1.432133380134701
    ],
    "rotation": [
      -0.06204958373815251,
      -0.026470974657692877,
      0.8062352354934954
    ]
  },
  {
    "label_id": "n6HSmbVZgyrHjDXPpmljnw",
    "size": [
      2.0683147956745906,
      4.714627999058088,
      1.8500000000000227
    ],
    "obj_class": "vehicle",
    "point_num_in_lidar": 157,
    "speed": 1.9247236285329263,
    "if_vehicle": true,
    "motion_state": true,
    "pose": [
      [
        0.6859410718258112,
        -0.7249214184831787,
        -0.06303794894183481,
        3.0246160678216256
      ],
      [
        0.7271942729181258,
        0.6860169131987448,
        0.02385967812742095,
        -9.504691035901487
      ],
      [
        0.02594870743477554,
        -0.0622071686351495,
        0.9977258805668331,
        0.8830695176519612
      ],
      [
        0.0,
        0.0,
        0.0,
        1.0
      ]
    ],
    "location": [
      3.0246160678216256,
      -9.504691035901487,
      0.8830695176519612
    ],
    "rotation": [
      -0.06226835390715704,
      -0.025951620348103204,
      0.8145825500211252
    ]
  },
  {
    "label_id": "ttfnnllNpDo3NuL5zmluFQ",
    "size": [
      2.194383541293206,
      5.091401428471968,
      1.920000000000016
    ],
    "obj_class": "vehicle",
    "point_num_in_lidar": 7862,
    "speed": 1.515494966852074,
    "if_vehicle": true,
    "motion_state": true,
    "pose": [
      [
        0.6394536391426192,
        -0.7662409936700514,
        -0.06303794894183481,
        -15.203061876607535
      ],
      [
        0.7685141585871959,
        0.639387757007178,
        0.02385967812742095,
        -10.417692246322986
      ],
      [
        0.02202342930325016,
        -0.06370271429744769,
        0.9977258805668331,
        0.31166651871609474
      ],
      [
        0.0,
        0.0,
        0.0,
        1.0
      ]
    ],
    "location": [
      -15.203061876607535,
      -10.417692246322986,
      0.31166651871609474
    ],
    "rotation": [
      -0.06376136380756613,
      -0.022025210034545797,
      0.8768071146935321
    ]
  },
  {
    "label_id": "upyIAoBWC5cwGy_JJQtRjw",
    "size": [
      0.21880099995612534,
      0.09180445576203056,
      0.30000000000001137
    ],
    "obj_class": "sign",
    "point_num_in_lidar": 24,
    "speed": 1.0071520685498446e-27,
    "if_vehicle": false,
    "motion_state": false,
    "pose": [
      [
        0.5863362055344092,
        0.8076113366420246,
        -0.06303794894183481,
        -18.283172811403347
      ],
      [
        -0.8081040743798402,
        0.5885563020904263,
        0.02385967812742095,
        -11.048296663488145
      ],
      [
        0.056370728664906326,
        0.036951430241940725,
        0.9977258805668331,
        -0.016134219625826063
      ],
      [
        0.0,
        0.0,
        0.0,
        1.0
      ]
    ],
    "location": [
      -18.283172811403347,
      -11.048296663488145,
      -0.016134219625826063
    ],
    "rotation": [
      0.037018734473582324,
      -0.05640062592884291,
      -0.9431145110997233
    ]
  },
  {
    "label_id": "vNooCsfk0rHTE4yxtQYpPQ",
    "size": [
      0.9105045262877866,
      0.8397257828037255,
      1.8000000000000114
    ],
    "obj_class": "pedestrian",
    "point_num_in_lidar": 31,
    "speed": 0.2641690415851929,
    "if_vehicle": false,
    "motion_state": false,
    "pose": [
      [
        -0.997525222619087,
        0.031139159140017643,
        -0.06303794894183481,
        29.545201863922557
      ],
      [
        -0.03269862515918679,
        -0.9991804219821137,
        0.02385967812742095,
        4.51318965783139
      ],
      [
        -0.0622433141103501,
        0.025861884998928362,
        0.9977258805668331,
        1.562985136073621
      ],
      [
        0.0,
        0.0,
        0.0,
        1.0
      ]
    ],
    "location": [
      29.545201863922557,
      4.51318965783139,
      1.562985136073621
    ],
    "rotation": [
      0.02591502909411481,
      0.062283575161891196,
      -3.1088246390314076
    ]
  },
  {
    "label_id": "wKY9S0P3F82kx5NB0k8wDw",
    "size": [
      2.076827983355453,
      4.443809124814965,
      1.910000000000025
    ],
    "obj_class": "vehicle",
    "point_num_in_lidar": 4739,
    "speed": 1.7168366946854632,
    "if_vehicle": true,
    "motion_state": true,
    "pose": [
      [
        0.7280143827594147,
        -0.6826575096551967,
        -0.06303794894183481,
        -7.692238321069453
      ],
      [
        0.6849217765403981,
        0.7282258411924151,
        0.02385967812742095,
        -19.593248436038266
      ],
      [
        0.029617874943572427,
        -0.060546252823477094,
        0.9977258805668331,
        0.6485311511783038
      ],
      [
        0.0,
        0.0,
        0.0,
        1.0
      ]
    ],
    "location": [
      -7.692238321069453,
      -19.593248436038266,
      0.6485311511783038
    ],
    "rotation": [
      -0.060609928709302256,
      -0.02962220687853286,
      0.7549089921100389
    ]
  },
  {
    "label_id": "yG0O1XS8xOWBvEmD_goTLQ",
    "size": [
      2.217621339757854,
      5.352868066069157,
      2.009999999999991
    ],
    "obj_class": "vehicle",
    "point_num_in_lidar": 21,
    "speed": 9.092941639104161,
    "if_vehicle": true,
    "motion_state": true,
    "pose": [
      [
        0.7243541848828952,
        -0.6865400438691418,
        -0.06303794894183481,
        42.682734726673516
      ],
      [
        0.6888054089441409,
        0.7245535345086314,
        0.02385967812742095,
        33.490706240998406
      ],
      [
        0.02929374424567788,
        -0.06070373790143666,
        0.9977258805668331,
        2.180854985607141
      ],
      [
        0.0,
        0.0,
        0.0,
        1.0
      ]
    ],
    "location": [
      42.682734726673516,
      33.490706240998406,
      2.180854985607141
    ],
    "rotation": [
      -0.06076719210092221,
      -0.029297935472500543,
      0.7602479393810991
    ]
  }
]