[
  {
    "label_id": "-a7taWtiLy3oA6tvs-biRQ",
    "size": [
      2.13068380541012,
      4.68516771922441,
      1.7200000000000273
    ],
    "obj_class": "vehicle",
    "point_num_in_lidar": 27,
    "speed": 5.324781932412522,
    "if_vehicle": true,
    "motion_state": true,
    "pose": [
      [
        0.7126819797936055,
        -0.6985998081458583,
        -0.06358225960153378,
        27.22140087578373
      ],
      [
        0.7009462611162045,
        0.7127601593104584,
        0.025441979619193627,
        23.1854717377646
      ],
      [
        0.027545139402088643,
        -0.06269978754589049,
        0.9976522449917203,
        1.6395004596713534
      ],
      [
        0.0,
        0.0,
        0.0,
        1.0
      ]
    ],
    "location": [
      27.22140087578373,
      23.1854717377646,
      1.6395004596713534
    ],
    "rotation": [
      -0.06276478868983765,
      -0.027548623834113172,
      0.7770965118471574
    ]
  },
  {
    "label_id": "-ax0saSQy_JVW_zkFbW-rw",
    "size": [
      2.1557281072730907,
      5.019212518632695,
      1.740000000000009
    ],
    "obj_class": "vehicle",
    "point_num_in_lidar": 146,
    "speed": 0.01888743794448702,
    "if_vehicle": true,
    "motion_state": false,
    "pose": [
      [
        0.7199913849487737,
        -0.691064180712262,
        -0.06358225960153378,
        -5.83730349808684
      ],
      [
        0.6934096814526592,
        0.7200942433742809,
        0.025441979619193627,
        -0.9775817372501479
      ],
      [
        0.028203178318557467,
        -0.06240656051820153,
        0.9976522449917203,
        0.5062513390903405
      ],
      [
        0.0,
        0.0,
        0.0,
        1.0
      ]
    ],
    "location": [
      -5.83730349808684,
      -0.9775817372501479,
      0.5062513390903405
    ],
    "rotation": [
      -0.062472022581338015,
      -0.02820691854939091,
      0.7665934724912654
    ]
  },
  {
    "label_id": "0TTpzF8WjDXQbo0lfz9cHQ",
    "size": [
      2.1575446701929875,
      5.032259334955597,
      2.0300000000000296
    ],
    "obj_class": "vehicle",
    "point_num_in_lidar": 104,
    "speed": 5.4259100757176295,
    "if_vehicle": true,
    "motion_state": true,
    "pose": [
      [
        0.6936059074751525,
        -0.7175431285849885,
        -0.06358225960153378,
        13.007081109528372
      ],
      [
        0.7198908360120672,
        0.693620854573234,
        0.025441979619193627,
        13.425951363737113
      ],
      [
        0.025846263587161373,
        -0.06341899338181958,
        0.9976522449917203,
        1.3200481477816766
      ],
      [
        0.0,
        0.0,
        0.0,
        1.0
      ]
    ],
    "location": [
      13.007081109528372,
      13.425951363737113,
      1.3200481477816766
    ],
    "rotation": [
      -0.0634828182984719,
      -0.02584914212964694,
      0.8039916971409365
    ]
  },
  {
    "label_id": "0jw4kmyd3WAM6MTC97B0nA",
    "size": [
      1.9708569114611507,
      4.39763427653422,
      1.5199999999999818
    ],
    "obj_class": "vehicle",
    "point_num_in_lidar": 77,
    "speed": 1.4067358640829104,
    "if_vehicle": true,
    "motion_state": true,
    "pose": [
      [
        0.7153230287771299,
        -0.6958952943978545,
        -0.06358225960153378,
        14.254700471537944
      ],
      [
        0.698241434406329,
        0.7154100956453219,
        0.025441979619193627,
        1.9349196526309242
      ],
      [
        0.027782436525716013,
        -0.06259500206625813,
        0.9976522449917203,
        1.126358948097618
      ],
      [
        0.0,
        0.0,
        0.0,
        1.0
      ]
    ],
    "location": [
      14.254700471537944,
      1.9349196526309242,
      1.126358948097618
    ],
    "rotation": [
      -0.06266016915539653,
      -0.02778601181043254,
      0.7733146939519081
    ]
  },
  {
    "label_id": "6i_mPMYxgh2SXwhx4Y83Bg",
    "size": [
      0.718417850820732,
      0.8689585357133183,
      1.6299999999999955
    ],
    "obj_class": "pedestrian",
    "point_num_in_lidar": 25,
    "speed": 1.2155060143686593,
    "if_vehicle": false,
    "motion_state": true,
    "pose": [
      [
        0.7138430845584707,
        -0.6974133257201294,
        -0.06358225960153378,
        5.732623516680178
      ],
      [
        0.6997596453957803,
        0.7139251671909517,
        0.025441979619193627,
        14.866909542884969
      ],
      [
        0.027649399697277928,
        -0.06265388064087066,
        0.9976522449917203,
        1.2178730774458586
      ],
      [
        0.0,
        0.0,
        0.0,
        1.0
      ]
    ],
    "location": [
      5.732623516680178,
      14.866909542884969,
      1.2178730774458586
    ],
    "rotation": [
      -0.06271895465521679,
      -0.027652923854847286,
      0.7754356945012127
    ]
  },
  {
    "label_id": "EK5IYzkmWzPAXFlA-PQnKQ",
    "size": [
      2.031245360727877,
      4.547102622504835,
      1.6399999999999864
    ],
    "obj_class": "vehicle",
    "point_num_in_lidar": 477,
    "speed": 1.1368683772161603e-12,
    "if_vehicle": true,
    "motion_state": false,
    "pose": [
      [
        0.6904595266526099,
        -0.7205712583212134,
        -0.06358225960153378,
        -17.90030017965546
      ],
      [
        0.7229190086766343,
        0.6904642007859992,
        0.025441979619193627,
        -36.831596814110526
      ],
      [
        0.02556851479155594,
        -0.06353148128553501,
        0.9976522449917203,
        -0.1406930862484046
      ],
      [
        0.0,
        0.0,
        0.0,
        1.0
      ]
    ],
    "location": [
      -17.90030017965546,
      -36.831596814110526,
      -0.1406930862484046
    ],
    "rotation": [
      -0.06359511632493343,
      -0.025571301509727376,
      0.8083600071630583
    ]
  },
  {
    "label_id": "EetSvF1uXlOXoFDbzwPnMw",
    "size": [
      2.0874334641266463,
      4.543415239634662,
      1.7800000000000296
    ],
    "obj_class": "vehicle",
    "point_num_in_lidar": 214,
    "speed": 5.684341886080801e-13,
    "if_vehicle": true,
    "motion_state": false,
    "pose": [
      [
        0.719991384948204,
        -0.6910641807128555,
        -0.06358225960153378,
        -10.485695537696301
      ],
      [
        0.6934096814532528,
        0.7200942433737093,
        0.025441979619193627,
        -5.258483343444823
      ],
      [
        0.028203178318506033,
        -0.06240656051822478,
        0.9976522449917203,
        0.4596696858101268
      ],
      [
        0.0,
        0.0,
        0.0,
        1.0
      ]
    ],
    "location": [
      -10.485695537696301,
      -5.258483343444823,
      0.4596696858101268
    ],
    "rotation": [
      -0.06247202258136123,
      -0.028206918549339453,
      0.7665934724920884
    ]
  },
  {
    "label_id": "GXY29zmAxt7I63pSzmjgzw",
    "size": [
      1.9490319488613927,
      4.705729582353263,
      1.490000000000009
    ],
    "obj_class": "vehicle",
    "point_num_in_lidar": 269,
    "speed": 7.958078640513122e-12,
    "if_vehicle": true,
    "motion_state": false,
    "pose": [
      [
        0.6926598624188436,
        -0.7184564087388126,
        -0.06358225960153378,
        5.260722854058258
      ],
      [
        0.7208041338224295,
        0.6926717161379938,
        0.025441979619193627,
        -13.708229404131998
      ],
      [
        0.025762679565713934,
        -0.0634529936612501,
        0.9976522449917203,
        0.5732559514244144
      ],
      [
        0.0,
        0.0,
        0.0,
        1.0
      ]
    ],
    "location": [
      5.260722854058258,
      -13.708229404131998,
      0.5732559514244144
    ],
    "rotation": [
      -0.06351676135533081,
      -0.02576553026619229,
      0.8053070913278747
    ]
  },
  {
    "label_id": "JsIhg21XPM4bj0p9nLSeqg",
    "size": [
      0.7337013722255535,
      0.9174614145625695,
      1.740000000000009
    ],
    "obj_class": "pedestrian",
    "point_num_in_lidar": 245,
    "speed": 1.3855874909776262,
    "if_vehicle": false,
    "motion_state": true,
    "pose": [
      [
        0.6918978227310082,
        -0.7191903080298381,
        -0.06358225960153378,
        -19.27850726370525
      ],
      [
        0.7215380443605748,
        0.6919071875716957,
        0.025441979619193627,
        -10.572939633850183
      ],
      [
        0.025695397261133963,
        -0.06348026955340383,
        0.9976522449917203,
        0.33599905716852163
      ],
      [
        0.0,
        0.0,
        0.0,
        1.0
      ]
    ],
    "location": [
      -19.27850726370525,
      -10.572939633850183,
      0.33599905716852163
    ],
    "rotation": [
      -0.06354399123613591,
      -0.0256982256806518,
      0.8063654238546016
    ]
  },
  {
    "label_id": "MQpQK2kzZfJnvO5GRR-ocg",
    "size": [
      0.6528417423360868,
      0.8721263315164834,
      1.6800000000000068
    ],
    "obj_class": "pedestrian",
    "point_num_in_lidar": 20,
    "speed": 1.1723932354605242,
    "if_vehicle": false,
    "motion_state": true,
    "pose": [
      [
        0.7207937619056357,
        -0.690227244508564,
        -0.06358225960153378,
        6.3095889224350685
      ],
      [
        0.6925726241674579,
        0.7208993452118386,
        0.025441979619193627,
        14.438856238150038
      ],
      [
        0.02827566182643579,
        -0.062373752582775895,
        0.9976522449917203,
        1.2556598348457442
      ],
      [
        0.0,
        0.0,
        0.0,
        1.0
      ]
    ],
    "location": [
      6.3095889224350685,
      14.438856238150038,
      1.2556598348457442
    ],
    "rotation": [
      -0.062439265548275814,
      -0.02827943097610734,
      0.7654334972061859
    ]
  },
  {
    "label_id": "MbWLXdRi2KwMbFQQAs1ygA",
    "size": [
      0.7281406393223039,
      0.1852946014904465,
      0.8100000000000023
    ],
    "obj_class": "sign",
    "point_num_in_lidar": 50,
    "speed": 5.684341886080801e-13,
    "if_vehicle": false,
    "motion_state": false,
    "pose": [
      [
        -0.6655907674164631,
        0.7436035412731214,
        -0.06358225960153378,
        9.773895970331068
      ],
      [
        -0.7459500961732786,
        -0.665515709575764,
        0.025441979619193627,
        -11.51989233934728
      ],
      [
        -0.02339624647331423,
        0.0643631394040116,
        0.9976522449917203,
        3.437576184579939
      ],
      [
        0.0,
        0.0,
        0.0,
        1.0
      ]
    ],
    "location": [
      9.773895970331068,
      -11.51989233934728,
      3.437576184579939
    ],
    "rotation": [
      0.06442532060338427,
      0.02339838145577554,
      -2.2993256576489434
    ]
  },
  {
    "label_id": "PDdsl0JNXo0zsxZUTYyooQ",
    "size": [
      0.7981004814193874,
      1.0569631758026503,
      1.910000000000025
    ],
    "obj_class": "pedestrian",
    "point_num_in_lidar": 87,
    "speed": 1.5236247796218896,
    "if_vehicle": false,
    "motion_state": true,
    "pose": [
      [
        0.728647977660276,
        -0.6819306569700125,
        -0.06358225960153378,
        -12.033288451613771
      ],
      [
        0.6842746742700921,
        0.7287804030197406,
        0.025441979619193627,
        -3.2903524795692647
      ],
      [
        0.02898783890097719,
        -0.06204597697539538,
        0.9976522449917203,
        0.6707044687313442
      ],
      [
        0.0,
        0.0,
        0.0,
        1.0
      ]
    ],
    "location": [
      -12.033288451613771,
      -3.2903524795692647,
      0.6707044687313442
    ],
    "rotation": [
      -0.062111991138239196,
      -0.028991900158594177,
      0.7540031513843498
    ]
  },
  {
    "label_id": "QvzuwpIO0spW8fc-8ZGIJA",
    "size": [
      0.9037105968214016,
      0.8402658154809615,
      1.8000000000000114
    ],
    "obj_class": "pedestrian",
    "point_num_in_lidar": 46,
    "speed": 1.798134232515459,
    "if_vehicle": false,
    "motion_state": true,
    "pose": [
      [
        -0.7268279572876332,
        0.6838701753761818,
        -0.06358225960153378,
        -2.4187538953701733
      ],
      [
        -0.6862145372821336,
        -0.7269541350702421,
        0.025441979619193627,
        -26.745511979148432
      ],
      [
        -0.028822375470349406,
        0.062123012927791106,
        0.9976522449917203,
        0.6443402698898808
      ],
      [
        0.0,
        0.0,
        0.0,
        1.0
      ]
    ],
    "location": [
      -2.4187538953701733,
      -26.745511979148432,
      0.6443402698898808
    ],
    "rotation": [
      0.06218891049622024,
      0.028826367561652296,
      -2.3849284045798123
    ]
  },
  {
    "label_id": "RAFCawN5UP3I_7vS3c_Z6Q",
    "size": [
      0.7771000330950761,
      0.6000695416612203,
      1.920000000000016
    ],
    "obj_class": "pedestrian",
    "point_num_in_lidar": 29,
    "speed": 2.5421149729252077e-12,
    "if_vehicle": false,
    "motion_state": false,
    "pose": [
      [
        0.7199374326721735,
        0.6911203869814309,
        -0.06358225960153378,
        -4.641846372200234
      ],
      [
        -0.6911272152612518,
        0.722285177750647,
        0.025441979619193627,
        6.357911705854349
      ],
      [
        0.0635079944780724,
        0.025626796529286015,
        0.9976522449917203,
        0.9959672050069912
      ],
      [
        0.0,
        0.0,
        0.0,
        1.0
      ]
    ],
    "location": [
      -4.641846372200234,
      6.357911705854349,
      0.9959672050069912
    ],
    "rotation": [
      0.02568145610697438,
      -0.06355076291276446,
      -0.7649836380281051
    ]
  },
  {
    "label_id": "SVtwv1xNRMziqE3GDAHqrA",
    "size": [
      0.7819850836682473,
      1.8584476636424367,
      1.9499999999999886
    ],
    "obj_class": "cyclist",
    "point_num_in_lidar": 439,
    "speed": 5.096037858828221,
    "if_vehicle": false,
    "motion_state": true,
    "pose": [
      [
        0.7014406798710124,
        -0.7098860957125832,
        -0.06358225960153378,
        -15.547722365179652
      ],
      [
        0.712233497612959,
        0.7014813971525313,
        0.025441979619193627,
        -30.815078791427368
      ],
      [
        0.026540864720330397,
        -0.06313145462348718,
        0.9976522449917203,
        0.2669422234229728
      ],
      [
        0.0,
        0.0,
        0.0,
        1.0
      ]
    ],
    "location": [
      -15.547722365179652,
      -30.815078791427368,
      0.2669422234229728
    ],
    "rotation": [
      -0.06319575761895066,
      -0.026543981683400497,
      0.7930326015359126
    ]
  },
  {
    "label_id": "W72TFhoZygkbnX5xrmqI5Q",
    "size": [
      2.065265656631056,
      5.028616147937694,
      1.5072384554120504
    ],
    "obj_class": "vehicle",
    "point_num_in_lidar": 5472,
    "speed": 3.5950934718225418e-12,
    "if_vehicle": true,
    "motion_state": false,
    "pose": [
      [
        0.712596345414635,
        -0.6986871580082671,
        -0.06358225960153378,
        -31.584978497743577
      ],
      [
        0.7010336205436344,
        0.7126742373206287,
        0.025441979619193627,
        -26.720808579557342
      ],
      [
        0.02753745393440667,
        -0.06270316334755952,
        0.9976522449917203,
        -0.42579184503864553
      ],
      [
        0.0,
        0.0,
        0.0,
        1.0
      ]
    ],
    "location": [
      -31.584978497743577,
      -26.720808579557342,
      -0.42579184503864553
    ],
    "rotation": [
      -0.06276815912250222,
      -0.027540935449969838,
      0.7772188892610069
    ]
  },
  {
    "label_id": "WLxPidkONZfEWD55dLlKWA",
    "size": [
      2.340132795076274,
      5.65358485138672,
      2.240000000000009
    ],
    "obj_class": "vehicle",
    "point_num_in_lidar": 9938,
    "speed": 10.197810463882508,
    "if_vehicle": true,
    "motion_state": true,
    "pose": [
      [
        0.7139690186796425,
        -0.697284401538993,
        -0.06358225960153378,
        -22.374956662479235
      ],
      [
        0.6996307063530945,
        0.7140515250322812,
        0.025441979619193627,
        -29.3770930221217
      ],
      [
        0.02766071390073693,
        -0.06264888641853006,
        0.9976522449917203,
        0.3157762491803737
      ],
      [
        0.0,
        0.0,
        0.0,
        1.0
      ]
    ],
    "location": [
      -22.374956662479235,
      -29.3770930221217,
      0.3157762491803737
    ],
    "rotation": [
      -0.06271396834454532,
      -0.027664242387353315,
      0.7752553907436012
    ]
  },
  {
    "label_id": "WusXYm4eNBs90QiKLvSqSw",
    "size": [
      2.109997504868785,
      4.924193014114065,
      1.5400000000000205
    ],
    "obj_class": "vehicle",
    "point_num_in_lidar": 983,
    "speed": 4.8567038364339685e-12,
    "if_vehicle": true,
    "motion_state": false,
    "pose": [
      [
        0.6999573887836582,
        -0.711348683945592,
        -0.06358225960153378,
        -13.898639058119443
      ],
      [
        0.7136961657224354,
        0.6999932061857103,
        0.025441979619193627,
        -32.595511711901054
      ],
      [
        0.026409031035925838,
        -0.06318671650532101,
        0.9976522449917203,
        0.03746880225617133
      ],
      [
        0.0,
        0.0,
        0.0,
        1.0
      ]
    ],
    "location": [
      -13.898639058119443,
      -32.595511711901054,
      0.03746880225617133
    ],
    "rotation": [
      -0.06325092843017574,
      -0.026412101771975716,
      0.7951164882082427
    ]
  },
  {
    "label_id": "YQnZJJkxCHKc9DWlnQIJsQ",
    "size": [
      0.7040168138444739,
      0.9420250313960423,
      1.7799999999999727
    ],
    "obj_class": "pedestrian",
    "point_num_in_lidar": 29,
    "speed": 1.2665703871178413,
    "if_vehicle": false,
    "motion_state": true,
    "pose": [
      [
        -0.397032932931492,
        0.9155993372822965,
        -0.06358225960153378,
        4.736676467826328
      ],
      [
        -0.9178024012689172,
        -0.396221475816324,
        0.025441979619193627,
        14.094601585042255
      ],
      [
        -0.0018979970565729768,
        0.06845725432818307,
        0.9976522449917203,
        1.116588166644192
      ],
      [
        0.0,
        0.0,
        0.0,
        1.0
      ]
    ],
    "location": [
      4.736676467826328,
      14.094601585042255,
      1.116588166644192
    ],
    "rotation": [
      0.06851096062995654,
      0.0018979981961299878,
      -1.979078894600308
    ]
  },
  {
    "label_id": "YeDTe3z8sAGMJ4YCFJfJEg",
    "size": [
      2.003138356284529,
      4.590736175159691,
      1.420000000000016
    ],
    "obj_class": "vehicle",
    "point_num_in_lidar": 57,
    "speed": 1.0309724119275574,
    "if_vehicle": true,
    "motion_state": true,
    "pose": [
      [
        0.6853192888433259,
        -0.725461762330201,
        -0.06358225960153378,
        19.325842829581234
      ],
      [
        0.7278094865839927,
        0.6853072718944411,
        0.025441979619193627,
        7.089467128178512
      ],
      [
        0.02511620149670199,
        -0.06371165109583463,
        0.9976522449917203,
        1.2816832220358947
      ],
      [
        0.0,
        0.0,
        0.0,
        1.0
      ]
    ],
    "location": [
      19.325842829581234,
      7.089467128178512,
      1.2816832220358947
    ],
    "rotation": [
      -0.06377497866474967,
      -0.025118842895266873,
      0.8154572778701239
    ]
  },
  {
    "label_id": "a5UB6eiHSWzlL_IWYnXAdQ",
    "size": [
      2.2639901834129907,
      4.937124122990977,
      1.8199999999999932
    ],
    "obj_class": "vehicle",
    "point_num_in_lidar": 118,
    "speed": 0.01818007675388861,
    "if_vehicle": true,
    "motion_state": false,
    "pose": [
      [
        0.710666963313014,
        -0.700649529736103,
        -0.06358225960153378,
        8.551268893887027
      ],
      [
        0.7029961981417477,
        0.7107383844082891,
        0.025441979619193627,
        13.401105513243238
      ],
      [
        0.027364441410479026,
        -0.06277886116578384,
        0.9976522449917203,
        1.1321688047005978
      ],
      [
        0.0,
        0.0,
        0.0,
        1.0
      ]
    ],
    "location": [
      8.551268893887027,
      13.401105513243238,
      1.1321688047005978
    ],
    "rotation": [
      -0.06284373617286153,
      -0.02736785770177554,
      0.779972054761597
    ]
  },
  {
    "label_id": "b69ZJxO1bzwiUgQBZ8J7bw",
    "size": [
      2.082254928355108,
      4.81975962782915,
      1.607238455412073
    ],
    "obj_class": "vehicle",
    "point_num_in_lidar": 5631,
    "speed": 0.0,
    "if_vehicle": true,
    "motion_state": false,
    "pose": [
      [
        0.7203441393093634,
        -0.6906964725743251,
        -0.06358225960153378,
        -27.699135637762083
      ],
      [
        0.693041920490839,
        0.7204481953030529,
        0.025441979619193627,
        -22.67887232569774
      ],
      [
        0.02823503860493032,
        -0.06239215221450847,
        0.9976522449917203,
        -0.2557918450391412
      ],
      [
        0.0,
        0.0,
        0.0,
        1.0
      ]
    ],
    "location": [
      -27.699135637762083,
      -22.67887232569774,
      -0.2557918450391412
    ],
    "rotation": [
      -0.06245763664902994,
      -0.028238791528807466,
      0.766083678497858
    ]
  },
  {
    "label_id": "chi0fAmQL1e5oWq3NTkLAw",
    "size": [
      2.2179390911643044,
      5.344432669972154,
      1.8100000000000023
    ],
    "obj_class": "vehicle",
    "point_num_in_lidar": 1319,
    "speed": 6.355287432313019e-12,
    "if_vehicle": true,
    "motion_state": false,
    "pose": [
      [
        0.6904595266520702,
        -0.7205712583217307,
        -0.06358225960153378,
        -8.85070104388069
      ],
      [
        0.7229190086771516,
        0.6904642007854577,
        0.025441979619193627,
        -27.494771847312222
      ],
      [
        0.025568514791508345,
        -0.06353148128555416,
        0.9976522449917203,
        0.3861498897157958
      ],
      [
        0.0,
        0.0,
        0.0,
        1.0
      ]
    ],
    "location": [
      -8.85070104388069,
      -27.494771847312222,
      0.3861498897157958
    ],
    "rotation": [
      -0.06359511632495256,
      -0.025571301509679765,
      0.8083600071638062
    ]
  },
  {
    "label_id": "dVT_TNeOHH9G7d0TcHcBZA",
    "size": [
      2.3751147110716886,
      5.193980647294666,
      1.8100000000000023
    ],
    "obj_class": "vehicle",
    "point_num_in_lidar": 191,
    "speed": 0.9585399303705513,
    "if_vehicle": true,
    "motion_state": false,
    "pose": [
      [
        0.6859013996049396,
        -0.7249114196120434,
        -0.06358225960153378,
        7.316586898985406
      ],
      [
        0.7272591527555358,
        0.6858912671891636,
        0.025441979619193627,
        -5.313363560533617
      ],
      [
        0.02516733504535605,
        -0.06369146967761925,
        0.9976522449917203,
        1.0141849700614785
      ],
      [
        0.0,
        0.0,
        0.0,
        1.0
      ]
    ],
    "location": [
      7.316586898985406,
      -5.313363560533617,
      1.0141849700614785
    ],
    "rotation": [
      -0.06375483189259928,
      -0.02516999261256785,
      0.814655951135956
    ]
  },
  {
    "label_id": "gjGLaHajamdONAcPH7CDLA",
    "size": [
      2.135645358212111,
      4.852355393954673,
      1.4499999999999886
    ],
    "obj_class": "vehicle",
    "point_num_in_lidar": 44,
    "speed": 4.281247064973998,
    "if_vehicle": true,
    "motion_state": true,
    "pose": [
      [
        0.7209770080913912,
        -0.6900358324518727,
        -0.06358225960153378,
        27.58546260750154
      ],
      [
        0.6923811839932335,
        0.7210832141474273,
        0.025441979619193627,
        15.04758498321462
      ],
      [
        0.028292222530476255,
        -0.06236624252964348,
        0.9976522449917203,
        1.4563262619569173
      ],
      [
        0.0,
        0.0,
        0.0,
        1.0
      ]
    ],
    "location": [
      27.58546260750154,
      15.04758498321462,
      1.4563262619569173
    ],
    "rotation": [
      -0.06243176712831128,
      -0.02829599830825251,
      0.7651683849430927
    ]
  },
  {
    "label_id": "ibLQ5RGWGQlDKl5M9m_fpg",
    "size": [
      0.5535916266394195,
      0.18064474766288185,
      0.6399999999999864
    ],
    "obj_class": "sign",
    "point_num_in_lidar": 29,
    "speed": 4.687428401686771e-12,
    "if_vehicle": false,
    "motion_state": false,
    "pose": [
      [
        -0.6655907673805568,
        0.7436035413052606,
        -0.06358225960153378,
        10.000013828230294
      ],
      [
        -0.7459500962054142,
        -0.6655157095397445,
        0.025441979619193627,
        -11.662164729641518
      ],
      [
        -0.02339624647020635,
        0.06436313940514132,
        0.9976522449917203,
        2.695367956129985
      ],
      [
        0.0,
        0.0,
        0.0,
        1.0
      ]
    ],
    "location": [
      10.000013828230294,
      -11.662164729641518,
      2.695367956129985
    ],
    "rotation": [
      0.06442532060451195,
      0.02339838145266681,
      -2.2993256576007433
    ]
  },
  {
    "label_id": "kwt1bkheO0Bc3W4oj6l46A",
    "size": [
      2.0929348216032646,
      4.408648013348169,
      1.46723845541203
    ],
    "obj_class": "vehicle",
    "point_num_in_lidar": 3548,
    "speed": 4.582862941503293e-12,
    "if_vehicle": true,
    "motion_state": false,
    "pose": [
      [
        0.6964560608963265,
        -0.7147770641988558,
        -0.06358225960153378,
        -23.19979483175848
      ],
      [
        0.7171246935480354,
        0.6964803511777575,
        0.025441979619193627,
        -18.263533122924855
      ],
      [
        0.026098450996337254,
        -0.06331562933882978,
        0.9976522449917203,
        -0.1657918450392799
      ],
      [
        0.0,
        0.0,
        0.0,
        1.0
      ]
    ],
    "location": [
      -23.19979483175848,
      -18.263533122924855,
      -0.1657918450392799
    ],
    "rotation": [
      -0.06337962731825315,
      -0.026101414640741127,
      0.8000185944392645
    ]
  },
  {
    "label_id": "m4Ve9ReHKM06uu4tCR8qRw",
    "size": [
      2.1034666673479707,
      4.81463633700088,
      1.8600000000000136
    ],
    "obj_class": "vehicle",
    "point_num_in_lidar": 190,
    "speed": 5.855387620556359,
    "if_vehicle": true,
    "motion_state": true,
    "pose": [
      [
        0.6249504750701033,
        -0.7780708193818962,
        -0.06358225960153378,
        8.422716365636006
      ],
      [
        0.7804100227145161,
        0.6247502718044906,
        0.025441979619193627,
        3.1306899529663497
      ],
      [
        0.01992737203899843,
        -0.06552020990961219,
        0.9976522449917203,
        1.1197568979056314
      ],
      [
        0.0,
        0.0,
        0.0,
        1.0
      ]
    ],
    "location": [
      8.422716365636006,
      3.1306899529663497,
      1.1197568979056314
    ],
    "rotation": [
      -0.06558022024319159,
      -0.0199286911351535,
      0.8955692308394979
    ]
  },
  {
    "label_id": "n6HSmbVZgyrHjDXPpmljnw",
    "size": [
      2.0683147956705157,
      4.714627999058088,
      1.8500000000000227
    ],
    "obj_class": "vehicle",
    "point_num_in_lidar": 417,
    "speed": 0.19825750178592547,
    "if_vehicle": true,
    "motion_state": false,
    "pose": [
      [
        0.6762856480209671,
        -0.733890331415276,
        -0.06358225960153378,
        1.4037984524693456
      ],
      [
        0.7362377269864083,
        0.676244567471668,
        0.025441979619193627,
        -11.232981740235118
      ],
      [
        0.024325534788519818,
        -0.06401770395939557,
        0.9976522449917203,
        0.860850098773426
      ],
      [
        0.0,
        0.0,
        0.0,
        1.0
      ]
    ],
    "location": [
      1.4037984524693456,
      -11.232981740235118,
      0.860850098773426
    ],
    "rotation": [
      -0.06408049975417734,
      -0.0243279344590007,
      0.8278159520704098
    ]
  },
  {
    "label_id": "ttfnnllNpDo3NuL5zmluFQ",
    "size": [
      2.194383541290746,
      5.091401428471968,
      1.920000000000016
    ],
    "obj_class": "vehicle",
    "point_num_in_lidar": 1846,
    "speed": 2.4705581188436354,
    "if_vehicle": true,
    "motion_state": true,
    "pose": [
      [
        0.44366931640640117,
        -0.8939322311805519,
        -0.06358225960153378,
        -18.00685289784451
      ],
      [
        0.8961741694350047,
        0.4429724186792397,
        0.025441979619193627,
        -14.16046355173603
      ],
      [
        0.005421781714146848,
        -0.06826860439487864,
        0.9976522449917203,
        0.19066956716858385
      ],
      [
        0.0,
        0.0,
        0.0,
        1.0
      ]
    ],
    "location": [
      -18.00685289784451,
      -14.16046355173603,
      0.19066956716858385
    ],
    "rotation": [
      -0.06832275049406167,
      -0.005421808277358341,
      1.1111001582559448
    ]
  },
  {
    "label_id": "uIxMP7iEYRoxSyJNOTXCbQ",
    "size": [
      0.8697583960192998,
      0.8522642563075351,
      1.8000000000000114
    ],
    "obj_class": "pedestrian",
    "point_num_in_lidar": 46,
    "speed": 1.6544130877494658,
    "if_vehicle": false,
    "motion_state": true,
    "pose": [
      [
        -0.7552538171333103,
        0.6523411438576654,
        -0.06358225960153378,
        -9.847485000649613
      ],
      [
        -0.6546780187392396,
        -0.755479581095823,
        0.025441979619193627,
        -33.32531268717139
      ],
      [
        -0.031438248762104444,
        0.060841059965720014,
        0.9976522449917203,
        0.40780004570012807
      ],
      [
        0.0,
        0.0,
        0.0,
        1.0
      ]
    ],
    "location": [
      -9.847485000649613,
      -33.32531268717139,
      0.40780004570012807
    ],
    "rotation": [
      0.06090880257480093,
      0.03144342980295961,
      -2.4274076659636057
    ]
  },
  {
    "label_id": "wKY9S0P3F82kx5NB0k8wDw",
    "size": [
      2.0768279833596432,
      4.443809124814965,
      1.910000000000025
    ],
    "obj_class": "vehicle",
    "point_num_in_lidar": 2443,
    "speed": 4.62313108827347,
    "if_vehicle": true,
    "motion_state": true,
    "pose": [
      [
        0.7408864638910581,
        -0.6686138974677142,
        -0.06358225960153378,
        -12.662666755026294
      ],
      [
        0.6709551299770596,
        0.7410613464690514,
        0.025441979619193627,
        -24.10600710423023
      ],
      [
        0.030107493759374205,
        -0.061510461569634994,
        0.9976522449917203,
        0.4585310635618498
      ],
      [
        0.0,
        0.0,
        0.0,
        1.0
      ]
    ],
    "location": [
      -12.662666755026294,
      -24.10600710423023,
      0.4585310635618498
    ],
    "rotation": [
      -0.06157726594848899,
      -0.03011204416148433,
      0.7359066142213105
    ]
  }
]