[
  {
    "label_id": "-a7taWtiLy3oA6tvs-biRQ",
    "size": [
      2.1306838054101194,
      4.68516771922441,
      1.7200000000000273
    ],
    "obj_class": "vehicle",
    "point_num_in_lidar": 22,
    "speed": 4.421604016523109,
    "if_vehicle": true,
    "motion_state": true,
    "pose": [
      [
        0.7128915541682412,
        -0.6988052414556163,
        -0.058795123179966644,
        25.446451361720392
      ],
      [
        0.7007643109824312,
        0.71306184844242,
        0.021729720412323766,
        21.4455941694614
      ],
      [
        0.026739716694609842,
        -0.05669245814071934,
        0.9980335428937521,
        1.639500459670728
      ],
      [
        0.0,
        0.0,
        0.0,
        1.0
      ]
    ],
    "location": [
      25.446451361720392,
      21.4455941694614,
      1.639500459670728
    ],
    "rotation": [
      -0.05674318219732258,
      -0.026742904258719145,
      0.7768197349380811
    ]
  },
  {
    "label_id": "-ax0saSQy_JVW_zkFbW-rw",
    "size": [
      2.15572810727309,
      5.019212518632695,
      1.740000000000009
    ],
    "obj_class": "vehicle",
    "point_num_in_lidar": 127,
    "speed": 0.01888743794845655,
    "if_vehicle": true,
    "motion_state": false,
    "pose": [
      [
        0.7202031087590035,
        -0.691267398062515,
        -0.058795123179966644,
        -5.830941673451889
      ],
      [
        0.6932245678031055,
        0.7203940018108146,
        0.021729720412323766,
        -0.9845663347441587
      ],
      [
        0.027334606784522975,
        -0.056408036048782285,
        0.9980335428937521,
        0.49918998789979696
      ],
      [
        0.0,
        0.0,
        0.0,
        1.0
      ]
    ],
    "location": [
      -5.830941673451889,
      -0.9845663347441587,
      0.49918998789979696
    ],
    "rotation": [
      -0.056459111722419755,
      -0.027338011911457384,
      0.766313164713405
    ]
  },
  {
    "label_id": "0TTpzF8WjDXQbo0lfz9cHQ",
    "size": [
      2.157544670186305,
      5.032259334955597,
      2.0300000000000296
    ],
    "obj_class": "vehicle",
    "point_num_in_lidar": 98,
    "speed": 5.815187234348601,
    "if_vehicle": true,
    "motion_state": true,
    "pose": [
      [
        0.696613689048178,
        -0.7150332172150753,
        -0.058795123179966644,
        11.047970667659683
      ],
      [
        0.7169956882016224,
        0.6967388336752044,
        0.021729720412323766,
        11.435028177525965
      ],
      [
        0.025427373654591974,
        -0.0572930705057337,
        0.9980335428937521,
        1.28549338586339
      ],
      [
        0.0,
        0.0,
        0.0,
        1.0
      ]
    ],
    "location": [
      11.047970667659683,
      11.435028177525965,
      1.28549338586339
    ],
    "rotation": [
      -0.057343021880174934,
      -0.025430114469148238,
      0.7998155740692613
    ]
  },
  {
    "label_id": "0jw4kmyd3WAM6MTC97B0nA",
    "size": [
      1.9708569114642724,
      4.39763427653422,
      1.5199999999999818
    ],
    "obj_class": "vehicle",
    "point_num_in_lidar": 59,
    "speed": 1.3372648988929519,
    "if_vehicle": true,
    "motion_state": true,
    "pose": [
      [
        0.7135276031050587,
        -0.6981557799641872,
        -0.058795123179966644,
        13.74585980833217
      ],
      [
        0.7001146936057455,
        0.713699681272267,
        0.021729720412323766,
        1.4437005076179048
      ],
      [
        0.026791330771036244,
        -0.05666808497260285,
        0.9980335428937521,
        1.122193286766617
      ],
      [
        0.0,
        0.0,
        0.0,
        1.0
      ]
    ],
    "location": [
      13.74585980833217,
      1.4437005076179048,
      1.122193286766617
    ],
    "rotation": [
      -0.05671883951904643,
      -0.02679453683307899,
      0.7759102561314569
    ]
  },
  {
    "label_id": "6i_mPMYxgh2SXwhx4Y83Bg",
    "size": [
      0.7184178508148501,
      0.8689585357133183,
      1.6299999999999955
    ],
    "obj_class": "pedestrian",
    "point_num_in_lidar": 26,
    "speed": 1.2158068067001937,
    "if_vehicle": false,
    "motion_state": true,
    "pose": [
      [
        0.71532917543909,
        -0.6963097760737561,
        -0.058795123179966644,
        5.2974005231881165
      ],
      [
        0.6982682385457998,
        0.7155063146394646,
        0.021729720412323766,
        14.443693908979185
      ],
      [
        0.026937665150820793,
        -0.05659867008302816,
        0.9980335428937521,
        1.2178730774458586
      ],
      [
        0.0,
        0.0,
        0.0,
        1.0
      ]
    ],
    "location": [
      5.2974005231881165,
      14.443693908979185,
      1.2178730774458586
    ],
    "rotation": [
      -0.05664951109603785,
      -0.02694092404644618,
      0.7733295868671608
    ]
  },
  {
    "label_id": "EK5IYzkmWzPAXFlA-PQnKQ",
    "size": [
      2.031245360727878,
      4.547102622504835,
      1.6399999999999864
    ],
    "obj_class": "vehicle",
    "point_num_in_lidar": 1876,
    "speed": 1.1368683772161603e-12,
    "if_vehicle": true,
    "motion_state": false,
    "pose": [
      [
        0.6906625661956495,
        -0.7207831526515397,
        -0.058795123179966644,
        -17.90030017965546
      ],
      [
        0.7227465935848989,
        0.6907714388364847,
        0.021729720412323766,
        -36.831596814110526
      ],
      [
        0.024951575450562667,
        -0.05750187946041494,
        0.9980335428937521,
        -0.14069308624857513
      ],
      [
        0.0,
        0.0,
        0.0,
        1.0
      ]
    ],
    "location": [
      -17.90030017965546,
      -36.831596814110526,
      -0.14069308624857513
    ],
    "rotation": [
      -0.05755155254904793,
      -0.0249541652394752,
      0.8080940106223964
    ]
  },
  {
    "label_id": "EetSvF1uXlOXoFDbzwPnMw",
    "size": [
      2.0874334641266454,
      4.543415239634662,
      1.7800000000000296
    ],
    "obj_class": "vehicle",
    "point_num_in_lidar": 55,
    "speed": 5.684341886080801e-13,
    "if_vehicle": true,
    "motion_state": false,
    "pose": [
      [
        0.7202031087584329,
        -0.6912673980631097,
        -0.058795123179966644,
        -10.48569553769994
      ],
      [
        0.6932245678037003,
        0.7203940018102423,
        0.021729720412323766,
        -5.258483343444823
      ],
      [
        0.02733460678447641,
        -0.05640803604880485,
        0.9980335428937521,
        0.4596696858098426
      ],
      [
        0.0,
        0.0,
        0.0,
        1.0
      ]
    ],
    "location": [
      -10.48569553769994,
      -5.258483343444823,
      0.4596696858098426
    ],
    "rotation": [
      -0.05645911172244229,
      -0.0273380119114108,
      0.7663131647142296
    ]
  },
  {
    "label_id": "GXY29zmAxt7I63pSzmjgzw",
    "size": [
      1.9490319488613914,
      4.705729582353263,
      1.490000000000009
    ],
    "obj_class": "vehicle",
    "point_num_in_lidar": 230,
    "speed": 7.958078640513122e-12,
    "if_vehicle": true,
    "motion_state": false,
    "pose": [
      [
        0.6928635490022237,
        -0.7186676811672388,
        -0.058795123179966644,
        5.260722854058258
      ],
      [
        0.720630779978464,
        0.6929784254927661,
        0.021729720412323766,
        -13.708229404131998
      ],
      [
        0.025127304106769374,
        -0.05742530667981794,
        0.9980335428937521,
        0.5670729938858585
      ],
      [
        0.0,
        0.0,
        0.0,
        1.0
      ]
    ],
    "location": [
      5.260722854058258,
      -13.708229404131998,
      0.5670729938858585
    ],
    "rotation": [
      -0.05747508240011358,
      -0.02512994901043574,
      0.8050400250052457
    ]
  },
  {
    "label_id": "JsIhg21XPM4bj0p9nLSeqg",
    "size": [
      0.7337013722139035,
      0.9174614145625695,
      1.740000000000009
    ],
    "obj_class": "pedestrian",
    "point_num_in_lidar": 174,
    "speed": 1.4051093435080821,
    "if_vehicle": false,
    "motion_state": true,
    "pose": [
      [
        0.6882234647116185,
        -0.7231124367002605,
        -0.058795123179966644,
        -19.753683030154207
      ],
      [
        0.725076234253326,
        0.6883257032625022,
        0.021729720412323766,
        -11.080758691801748
      ],
      [
        0.02475716343508515,
        -0.0575858499771749,
        0.9980335428937521,
        0.3179427783415463
      ],
      [
        0.0,
        0.0,
        0.0,
        1.0
      ]
    ],
    "location": [
      -19.753683030154207,
      -11.080758691801748,
      0.3179427783415463
    ],
    "rotation": [
      -0.05763540974419699,
      -0.024759693147847654,
      0.8114679491586152
    ]
  },
  {
    "label_id": "MbWLXdRi2KwMbFQQAs1ygA",
    "size": [
      0.7281406393223071,
      0.1852946014904465,
      0.8100000000000023
    ],
    "obj_class": "sign",
    "point_num_in_lidar": 46,
    "speed": 5.684341886080801e-13,
    "if_vehicle": false,
    "motion_state": false,
    "pose": [
      [
        -0.665786493943559,
        0.7438222085771545,
        -0.058795123179966644,
        9.773895970320154
      ],
      [
        -0.7457882142928028,
        -0.6658286256032814,
        0.021729720412323766,
        -11.519892339340004
      ],
      [
        -0.022984427430234076,
        0.058316064293207535,
        0.9980335428937521,
        3.4299981261532935
      ],
      [
        0.0,
        0.0,
        0.0,
        1.0
      ]
    ],
    "location": [
      9.773895970320154,
      -11.519892339340004,
      3.4299981261532935
    ],
    "rotation": [
      0.0583646042691141,
      0.022986451628655962,
      -2.299579543506927
    ]
  },
  {
    "label_id": "PDdsl0JNXo0zsxZUTYyooQ",
    "size": [
      0.7981004814143097,
      1.0569631758026503,
      1.910000000000025
    ],
    "obj_class": "pedestrian",
    "point_num_in_lidar": 94,
    "speed": 1.567002745903551,
    "if_vehicle": false,
    "motion_state": true,
    "pose": [
      [
        0.731367934103857,
        -0.6794439479860785,
        -0.058795123179966644,
        -12.59101211088273
      ],
      [
        0.6813977484971103,
        0.731590683096683,
        0.021729720412323766,
        -3.807715929528058
      ],
      [
        0.028249837304402472,
        -0.055955285284055176,
        0.9980335428937521,
        0.6374376788541554
      ],
      [
        0.0,
        0.0,
        0.0,
        1.0
      ]
    ],
    "location": [
      -12.59101211088273,
      -3.807715929528058,
      0.6374376788541554
    ],
    "rotation": [
      -0.05600690187207843,
      -0.028253596133795376,
      0.7500424330629536
    ]
  },
  {
    "label_id": "QvzuwpIO0spW8fc-8ZGIJA",
    "size": [
      0.9037105968358429,
      0.8402658154809615,
      1.8000000000000114
    ],
    "obj_class": "pedestrian",
    "point_num_in_lidar": 20,
    "speed": 1.7558015212026998,
    "if_vehicle": false,
    "motion_state": true,
    "pose": [
      [
        -0.7238093453390562,
        0.687490483636028,
        -0.058795123179966644,
        -1.800401104534103
      ],
      [
        -0.6894466280168919,
        -0.7240104739345556,
        0.021729720412323766,
        -26.126353943982394
      ],
      [
        -0.027629309003024086,
        0.0562642741263106,
        0.9980335428937521,
        0.6653268193092572
      ],
      [
        0.0,
        0.0,
        0.0,
        1.0
      ]
    ],
    "location": [
      -1.800401104534103,
      -26.126353943982394,
      0.6653268193092572
    ],
    "rotation": [
      0.05631552405224877,
      0.027632825482212194,
      -2.380504274577973
    ]
  },
  {
    "label_id": "RAFCawN5UP3I_7vS3c_Z6Q",
    "size": [
      0.777100033095084,
      0.6000695416612203,
      1.920000000000016
    ],
    "obj_class": "pedestrian",
    "point_num_in_lidar": 26,
    "speed": 2.5421149729252077e-12,
    "if_vehicle": false,
    "motion_state": false,
    "pose": [
      [
        0.720149140616964,
        0.6913236208599421,
        -0.058795123179966644,
        -4.64184637220751
      ],
      [
        -0.6914342949851386,
        0.7221124808291343,
        0.021729720412323766,
        6.357911705861625
      ],
      [
        0.05747896125586211,
        0.02500432506372275,
        0.9980335428937521,
        0.9972834761412628
      ],
      [
        0.0,
        0.0,
        0.0,
        1.0
      ]
    ],
    "location": [
      -4.64184637220751,
      6.357911705861625,
      0.9972834761412628
    ],
    "rotation": [
      0.025048351950661598,
      -0.05751065853249536,
      -0.7650586743733406
    ]
  },
  {
    "label_id": "SVtwv1xNRMziqE3GDAHqrA",
    "size": [
      0.7819850836644158,
      1.8584476636424367,
      1.9499999999999886
    ],
    "obj_class": "cyclist",
    "point_num_in_lidar": 692,
    "speed": 5.130394168959081,
    "if_vehicle": false,
    "motion_state": true,
    "pose": [
      [
        0.6949728628748866,
        -0.716628113708733,
        -0.058795123179966644,
        -17.333388853730867
      ],
      [
        0.7185908663956875,
        0.6950935088054683,
        0.021729720412323766,
        -32.673065129514725
      ],
      [
        0.025295979921310996,
        -0.05735120451015691,
        0.9980335428937521,
        0.18327409624032498
      ],
      [
        0.0,
        0.0,
        0.0,
        1.0
      ]
    ],
    "location": [
      -17.333388853730867,
      -32.673065129514725,
      0.18327409624032498
    ],
    "rotation": [
      -0.05740107890998761,
      -0.025298678458189155,
      0.8021047367579428
    ]
  },
  {
    "label_id": "W72TFhoZygkbnX5xrmqI5Q",
    "size": [
      2.0652656566310563,
      5.028616147937694,
      1.5072384554120504
    ],
    "obj_class": "vehicle",
    "point_num_in_lidar": 5721,
    "speed": 3.5950934718225418e-12,
    "if_vehicle": true,
    "motion_state": false,
    "pose": [
      [
        0.7128058946072527,
        -0.6988926170045058,
        -0.058795123179966644,
        -31.584978497750853
      ],
      [
        0.7008517073899748,
        0.7129759487523822,
        0.021729720412323766,
        -26.720808579557342
      ],
      [
        0.026732767565504707,
        -0.05669573526495543,
        0.9980335428937521,
        -0.4257918450391003
      ],
      [
        0.0,
        0.0,
        0.0,
        1.0
      ]
    ],
    "location": [
      -31.584978497750853,
      -26.720808579557342,
      -0.4257918450391003
    ],
    "rotation": [
      -0.05674645521687605,
      -0.02673595264457032,
      0.776942153770669
    ]
  },
  {
    "label_id": "WLxPidkONZfEWD55dLlKWA",
    "size": [
      2.3401327950781434,
      5.65358485138672,
      2.240000000000009
    ],
    "obj_class": "vehicle",
    "point_num_in_lidar": 9423,
    "speed": 10.132293980057113,
    "if_vehicle": true,
    "motion_state": true,
    "pose": [
      [
        0.7169327017240434,
        -0.6946586461629314,
        -0.058795123179966644,
        -26.04288397808341
      ],
      [
        0.6966166950133234,
        0.7171143559290366,
        0.021729720412323766,
        -32.950228637011605
      ],
      [
        0.027068088727846305,
        -0.05653641155544497,
        0.9980335428937521,
        0.17206664480670497
      ],
      [
        0.0,
        0.0,
        0.0,
        1.0
      ]
    ],
    "location": [
      -26.04288397808341,
      -32.950228637011605,
      0.17206664480670497
    ],
    "rotation": [
      -0.056587329656944,
      -0.02707139519910881,
      0.7710268169989263
    ]
  },
  {
    "label_id": "WusXYm4eNBs90QiKLvSqSw",
    "size": [
      2.1099975048687853,
      4.924193014114065,
      1.5400000000000205
    ],
    "obj_class": "vehicle",
    "point_num_in_lidar": 1312,
    "speed": 4.8567038364339685e-12,
    "if_vehicle": true,
    "motion_state": false,
    "pose": [
      [
        0.7001632213095055,
        -0.7115578662454298,
        -0.058795123179966644,
        -13.898639058115805
      ],
      [
        0.7135196901875199,
        0.7002981300599824,
        0.021729720412323766,
        -32.595511711901054
      ],
      [
        0.025712161328874095,
        -0.0571658291179544,
        0.9980335428937521,
        0.03746880225617133
      ],
      [
        0.0,
        0.0,
        0.0,
        1.0
      ]
    ],
    "location": [
      -13.898639058115805,
      -32.595511711901054,
      0.03746880225617133
    ],
    "rotation": [
      -0.057215947621401565,
      -0.025714995289015656,
      0.7948458771461941
    ]
  },
  {
    "label_id": "YQnZJJkxCHKc9DWlnQIJsQ",
    "size": [
      0.7040168138504773,
      0.9420250313960423,
      1.7799999999999727
    ],
    "obj_class": "pedestrian",
    "point_num_in_lidar": 28,
    "speed": 1.2010771190182086,
    "if_vehicle": false,
    "motion_state": true,
    "pose": [
      [
        -0.487856544047158,
        0.8709415169347572,
        -0.058795123179966644,
        4.979784666746127
      ],
      [
        -0.8728695275323014,
        -0.48746959613532737,
        0.021729720412323766,
        14.674882291488757
      ],
      [
        -0.009735519292787735,
        0.06192145769476821,
        0.9980335428937521,
        1.1285864885429078
      ],
      [
        0.0,
        0.0,
        0.0,
        1.0
      ]
    ],
    "location": [
      4.979784666746127,
      14.674882291488757,
      1.1285864885429078
    ],
    "rotation": [
      0.061964037012590824,
      0.009735673088645517,
      -2.0804553871282123
    ]
  },
  {
    "label_id": "YeDTe3z8sAGMJ4YCFJfJEg",
    "size": [
      2.0031383562827383,
      4.590736175159691,
      1.420000000000016
    ],
    "obj_class": "vehicle",
    "point_num_in_lidar": 47,
    "speed": 0.8086798975106351,
    "if_vehicle": true,
    "motion_state": false,
    "pose": [
      [
        0.6828914866876581,
        -0.7281499508341485,
        -0.058795123179966644,
        19.01513117646755
      ],
      [
        0.73011444661574,
        0.6829792925805249,
        0.021729720412323766,
        6.78703535070963
      ],
      [
        0.02433335678676509,
        -0.05776620990192454,
        0.9980335428937521,
        1.281162294551791
      ],
      [
        0.0,
        0.0,
        0.0,
        1.0
      ]
    ],
    "location": [
      19.01513117646755,
      6.78703535070963,
      1.281162294551791
    ],
    "rotation": [
      -0.05781552352107162,
      -0.024335758773280383,
      0.818805942736666
    ]
  },
  {
    "label_id": "a5UB6eiHSWzlL_IWYnXAdQ",
    "size": [
      2.2639901834129903,
      4.937124122990977,
      1.8199999999999932
    ],
    "obj_class": "vehicle",
    "point_num_in_lidar": 108,
    "speed": 0.01818007674860341,
    "if_vehicle": true,
    "motion_state": false,
    "pose": [
      [
        0.7108759451431058,
        -0.7008555657959411,
        -0.058795123179966644,
        8.557634652621346
      ],
      [
        0.7028151176675427,
        0.7110405963296053,
        0.021729720412323766,
        13.394611354960944
      ],
      [
        0.02657632395298929,
        -0.05676923695181202,
        0.9980335428937521,
        1.1321688047007115
      ],
      [
        0.0,
        0.0,
        0.0,
        1.0
      ]
    ],
    "location": [
      8.557634652621346,
      13.394611354960944,
      1.1321688047007115
    ],
    "rotation": [
      -0.05681986452106121,
      -0.026579453428424177,
      0.7796962527536538
    ]
  },
  {
    "label_id": "b69ZJxO1bzwiUgQBZ8J7bw",
    "size": [
      2.0822549283551077,
      4.81975962782915,
      1.607238455412073
    ],
    "obj_class": "vehicle",
    "point_num_in_lidar": 5852,
    "speed": 0.0,
    "if_vehicle": true,
    "motion_state": false,
    "pose": [
      [
        0.7205559668520811,
        -0.6908995817947173,
        -0.058795123179966644,
        -27.699135637776635
      ],
      [
        0.6928566538127299,
        0.7207478591839378,
        0.021729720412323766,
        -22.678872325683187
      ],
      [
        0.027363404417026244,
        -0.05639407200810632,
        0.9980335428937521,
        -0.25579184503948227
      ],
      [
        0.0,
        0.0,
        0.0,
        1.0
      ]
    ],
    "location": [
      -27.699135637776635,
      -22.678872325683187,
      -0.25579184503948227
    ],
    "rotation": [
      -0.05644516470950661,
      -0.02736682031986239,
      0.7658032005555919
    ]
  },
  {
    "label_id": "chi0fAmQL1e5oWq3NTkLAw",
    "size": [
      2.217939091164302,
      5.344432669972154,
      1.8100000000000023
    ],
    "obj_class": "vehicle",
    "point_num_in_lidar": 773,
    "speed": 6.355287432313019e-12,
    "if_vehicle": true,
    "motion_state": false,
    "pose": [
      [
        0.6906625661951101,
        -0.7207831526520566,
        -0.058795123179966644,
        -8.850701043887966
      ],
      [
        0.7227465935854159,
        0.6907714388359439,
        0.021729720412323766,
        -27.494771847304946
      ],
      [
        0.024951575450519643,
        -0.057501879460433614,
        0.9980335428937521,
        0.3861498897152842
      ],
      [
        0.0,
        0.0,
        0.0,
        1.0
      ]
    ],
    "location": [
      -8.850701043887966,
      -27.494771847304946,
      0.3861498897152842
    ],
    "rotation": [
      -0.057551552549066576,
      -0.024954165239432162,
      0.8080940106231438
    ]
  },
  {
    "label_id": "dVT_TNeOHH9G7d0TcHcBZA",
    "size": [
      2.375114711076085,
      5.193980647294666,
      1.8100000000000023
    ],
    "obj_class": "vehicle",
    "point_num_in_lidar": 157,
    "speed": 0.6791156791337252,
    "if_vehicle": true,
    "motion_state": false,
    "pose": [
      [
        0.6929308717354403,
        -0.7186027696065578,
        -0.058795123179966644,
        7.043417647910246
      ],
      [
        0.7205658576473816,
        0.6930459321312664,
        0.021729720412323766,
        -5.59838273900823
      ],
      [
        0.025132683677960593,
        -0.05742295246753501,
        0.9980335428937521,
        1.0141849700617627
      ],
      [
        0.0,
        0.0,
        0.0,
        1.0
      ]
    ],
    "location": [
      7.043417647910246,
      -5.59838273900823,
      1.0141849700617627
    ],
    "rotation": [
      -0.057472731332549924,
      -0.02513533028107617,
      0.8049464687723237
    ]
  },
  {
    "label_id": "gjGLaHajamdONAcPH7CDLA",
    "size": [
      2.1356453582004584,
      4.852355393954673,
      1.4499999999999886
    ],
    "obj_class": "vehicle",
    "point_num_in_lidar": 34,
    "speed": 3.3025583131615583,
    "if_vehicle": true,
    "motion_state": true,
    "pose": [
      [
        0.7202318641739971,
        -0.6912374377293966,
        -0.058795123179966644,
        26.210261285359593
      ],
      [
        0.6931945995273321,
        0.7204228386419631,
        0.021729720412323766,
        13.7318844508045
      ],
      [
        0.027336953279224595,
        -0.056406898907444845,
        0.9980335428937521,
        1.4563262619568036
      ],
      [
        0.0,
        0.0,
        0.0,
        1.0
      ]
    ],
    "location": [
      26.210261285359593,
      13.7318844508045,
      1.4563262619568036
    ],
    "rotation": [
      -0.05645797596853572,
      -0.027340359283353707,
      0.7662716164611676
    ]
  },
  {
    "label_id": "ibLQ5RGWGQlDKl5M9m_fpg",
    "size": [
      0.5535916266394174,
      0.18064474766288185,
      0.6399999999999864
    ],
    "obj_class": "sign",
    "point_num_in_lidar": 25,
    "speed": 4.687428401686771e-12,
    "if_vehicle": false,
    "motion_state": false,
    "pose": [
      [
        -0.6657864939076382,
        0.7438222086093067,
        -0.058795123179966644,
        10.000013828223018
      ],
      [
        -0.7457882143249571,
        -0.6658286255672657,
        0.021729720412323766,
        -11.662164729634242
      ],
      [
        -0.022984427427417874,
        0.058316064294317495,
        0.9980335428937521,
        2.6877898977033965
      ],
      [
        0.0,
        0.0,
        0.0,
        1.0
      ]
    ],
    "location": [
      10.000013828223018,
      -11.662164729634242,
      2.6877898977033965
    ],
    "rotation": [
      0.05836460427022246,
      0.022986451625839018,
      -2.2995795434587043
    ]
  },
  {
    "label_id": "kwt1bkheO0Bc3W4oj6l46A",
    "size": [
      2.092934821603265,
      4.408648013348169,
      1.46723845541203
    ],
    "obj_class": "vehicle",
    "point_num_in_lidar": 2021,
    "speed": 4.582862941503293e-12,
    "if_vehicle": true,
    "motion_state": false,
    "pose": [
      [
        0.6966608638064078,
        -0.71498725466316,
        -0.058795123179966644,
        -23.19979483175848
      ],
      [
        0.7169497173886764,
        0.696786137912559,
        0.021729720412323766,
        -18.26353312291758
      ],
      [
        0.025431153666456718,
        -0.05729139274043071,
        0.9980335428937521,
        -0.16579184503916622
      ],
      [
        0.0,
        0.0,
        0.0,
        1.0
      ]
    ],
    "location": [
      -23.19979483175848,
      -18.26353312291758,
      -0.16579184503916622
    ],
    "rotation": [
      -0.057341346330635604,
      -0.025433895703773555,
      0.7997496834653848
    ]
  },
  {
    "label_id": "m4Ve9ReHKM06uu4tCR8qRw",
    "size": [
      2.1034666673379605,
      4.81463633700088,
      1.8600000000000136
    ],
    "obj_class": "vehicle",
    "point_num_in_lidar": 170,
    "speed": 5.996809956539219,
    "if_vehicle": true,
    "motion_state": true,
    "pose": [
      [
        0.6239646878291539,
        -0.7792375772718607,
        -0.058795123179966644,
        6.535936541917181
      ],
      [
        0.781202932531583,
        0.6238988679704888,
        0.021729720412323766,
        0.8017804995906772
      ],
      [
        0.01974959610527256,
        -0.05948950086043599,
        0.9980335428937521,
        1.074662616177136
      ],
      [
        0.0,
        0.0,
        0.0,
        1.0
      ]
    ],
    "location": [
      6.535936541917181,
      0.8017804995906772,
      1.074662616177136
    ],
    "rotation": [
      -0.05953627158330775,
      -0.019750880207630873,
      0.8968345767934429
    ]
  },
  {
    "label_id": "n6HSmbVZgyrHjDXPpmljnw",
    "size": [
      2.06831479567974,
      4.714627999058088,
      1.8500000000000227
    ],
    "obj_class": "vehicle",
    "point_num_in_lidar": 359,
    "speed": 0.07971092002113384,
    "if_vehicle": true,
    "motion_state": false,
    "pose": [
      [
        0.6804625371278622,
        -0.7304203372413487,
        -0.058795123179966644,
        1.3831165823503397
      ],
      [
        0.7323851145716518,
        0.6805437996225305,
        0.021729720412323766,
        -11.25571876714821
      ],
      [
        0.024140826816439465,
        -0.05784693370926318,
        0.9980335428937521,
        0.8608500987733123
      ],
      [
        0.0,
        0.0,
        0.0,
        1.0
      ]
    ],
    "location": [
      1.3831165823503397,
      -11.25571876714821,
      0.8608500987733123
    ],
    "rotation": [
      -0.05789613594403003,
      -0.024143172228152526,
      0.8221319336848285
    ]
  },
  {
    "label_id": "s_m9MSl5vBvlUgVTC4ApFA",
    "size": [
      1.8169175971080367,
      2.908720694006148,
      1.6100000000000136
    ],
    "obj_class": "vehicle",
    "point_num_in_lidar": 604,
    "speed": 1.7053025658242404e-12,
    "if_vehicle": true,
    "motion_state": false,
    "pose": [
      [
        0.7088785406960204,
        -0.7028757699842364,
        -0.058795123179966644,
        -21.29040581001027
      ],
      [
        0.7048357824924223,
        0.7090376146362739,
        0.021729720412323766,
        -39.87393064536445
      ],
      [
        0.02641465992541519,
        -0.05684463914891075,
        0.9980335428937521,
        -0.24569308624893438
      ],
      [
        0.0,
        0.0,
        0.0,
        1.0
      ]
    ],
    "location": [
      -21.29040581001027,
      -39.87393064536445,
      -0.24569308624893438
    ],
    "rotation": [
      -0.05689517130973853,
      -0.02641773262580893,
      0.7825384999441183
    ]
  },
  {
    "label_id": "ttfnnllNpDo3NuL5zmluFQ",
    "size": [
      2.194383541295294,
      5.091401428471968,
      1.920000000000016
    ],
    "obj_class": "vehicle",
    "point_num_in_lidar": 1632,
    "speed": 3.0272399894574678,
    "if_vehicle": true,
    "motion_state": true,
    "pose": [
      [
        0.4270044732949679,
        -0.9023360312413218,
        -0.058795123179966644,
        -18.591846163893933
      ],
      [
        0.9042329804408554,
        0.4264862674622126,
        0.021729720412323766,
        -15.278812809512601
      ],
      [
        0.005467802953165214,
        -0.062443177287919684,
        0.9980335428937521,
        0.1896696858092355
      ],
      [
        0.0,
        0.0,
        0.0,
        1.0
      ]
    ],
    "location": [
      -18.591846163893933,
      -15.278812809512601,
      0.1896696858092355
    ],
    "rotation": [
      -0.06248476315168623,
      -0.005467830198563321,
      1.12961181337918
    ]
  },
  {
    "label_id": "uIxMP7iEYRoxSyJNOTXCbQ",
    "size": [
      0.8697583960193456,
      0.8522642563075351,
      1.8000000000000114
    ],
    "obj_class": "pedestrian",
    "point_num_in_lidar": 71,
    "speed": 1.655948853165499,
    "if_vehicle": false,
    "motion_state": true,
    "pose": [
      [
        -0.7586112787772216,
        0.6488852450181322,
        -0.058795123179966644,
        -9.215401590547117
      ],
      [
        -0.650828269439825,
        -0.7589139496337942,
        0.021729720412323766,
        -32.79135331272846
      ],
      [
        -0.030520344197787708,
        0.054749939260183456,
        0.9980335428937521,
        0.4306342819951965
      ],
      [
        0.0,
        0.0,
        0.0,
        1.0
      ]
    ],
    "location": [
      -9.215401590547117,
      -32.79135331272846,
      0.4306342819951965
    ],
    "rotation": [
      0.054802884615284944,
      0.030525084424764464,
      -2.432518188110812
    ]
  },
  {
    "label_id": "wKY9S0P3F82kx5NB0k8wDw",
    "size": [
      2.076827983365202,
      4.443809124814965,
      1.910000000000025
    ],
    "obj_class": "vehicle",
    "point_num_in_lidar": 2413,
    "speed": 5.438993658663482,
    "if_vehicle": true,
    "motion_state": true,
    "pose": [
      [
        0.7382025283270135,
        -0.6720120241944021,
        -0.058795123179966644,
        -14.507994905619853
      ],
      [
        0.6739634718512607,
        0.7384450269728934,
        0.021729720412323766,
        -25.784265718444658
      ],
      [
        0.02881433292304094,
        -0.055666699894509376,
        0.9980335428937521,
        0.41853037868725096
      ],
      [
        0.0,
        0.0,
        0.0,
        1.0
      ]
    ],
    "location": [
      -14.507994905619853,
      -25.784265718444658,
      0.41853037868725096
    ],
    "rotation": [
      -0.05571864928570219,
      -0.028818321672604306,
      0.7399397675004308
    ]
  },
  {
    "label_id": "yG0O1XS8xOWBvEmD_goTLQ",
    "size": [
      2.2176213397527818,
      5.352868066069157,
      2.009999999999991
    ],
    "obj_class": "vehicle",
    "point_num_in_lidar": 21,
    "speed": 4.5344434029145235,
    "if_vehicle": true,
    "motion_state": true,
    "pose": [
      [
        0.7154839381431094,
        -0.6961507507354137,
        -0.058795123179966644,
        28.722037756040663
      ],
      [
        0.6981091737833904,
        0.7156615126791956,
        0.021729720412323766,
        20.130314063724654
      ],
      [
        0.02695024561482473,
        -0.0565926808010173,
        0.9980335428937521,
        2.200850098773685
      ],
      [
        0.0,
        0.0,
        0.0,
        1.0
      ]
    ],
    "location": [
      28.722037756040663,
      20.130314063724654,
      2.200850098773685
    ],
    "rotation": [
      -0.056643529249011136,
      -0.026953509079500188,
      0.773107576144647
    ]
  }
]