[
  {
    "label_id": "-ax0saSQy_JVW_zkFbW-rw",
    "size": [
      2.1557281072730903,
      5.019212518632695,
      1.740000000000009
    ],
    "obj_class": "vehicle",
    "point_num_in_lidar": 6019,
    "speed": 0.01571148994182103,
    "if_vehicle": true,
    "motion_state": false,
    "pose": [
      [
        0.7197839644346732,
        -0.6908650937639488,
        -0.06794458595970136,
        -5.897089009711635
      ],
      [
        0.693747430436316,
        0.7193893053913409,
        0.034547504274153984,
        -0.9119436918190331
      ],
      [
        0.025010943718978013,
        -0.0720031215093766,
        0.9970907697833693,
        0.572610680531227
      ],
      [
        0.0,
        0.0,
        0.0,
        1.0
      ]
    ],
    "location": [
      -5.897089009711635,
      -0.9119436918190331,
      0.572610680531227
    ],
    "rotation": [
      -0.07208807310371049,
      -0.025013552041353936,
      0.7669807514086528
    ]
  },
  {
    "label_id": "0TTpzF8WjDXQbo0lfz9cHQ",
    "size": [
      2.1575446701894783,
      5.032259334955597,
      2.0300000000000296
    ],
    "obj_class": "vehicle",
    "point_num_in_lidar": 186,
    "speed": 1.6822679698297143,
    "if_vehicle": true,
    "motion_state": true,
    "pose": [
      [
        0.5775875781288372,
        -0.8134962340601393,
        -0.06794458595970136,
        24.64889424719877
      ],
      [
        0.8162535742197006,
        0.5766598412599848,
        0.034547504274153984,
        26.938520088813675
      ],
      [
        0.011076649530795964,
        -0.07541422046258818,
        0.9970907697833693,
        1.7256620300771601
      ],
      [
        0.0,
        0.0,
        0.0,
        1.0
      ]
    ],
    "location": [
      24.64889424719877,
      26.938520088813675,
      1.7256620300771601
    ],
    "rotation": [
      -0.07549052798028395,
      -0.011076876046320773,
      0.9549825356972352
    ]
  },
  {
    "label_id": "0jw4kmyd3WAM6MTC97B0nA",
    "size": [
      1.9708569114545618,
      4.39763427653422,
      1.5199999999999818
    ],
    "obj_class": "vehicle",
    "point_num_in_lidar": 58,
    "speed": 3.3807531725290403,
    "if_vehicle": true,
    "motion_state": true,
    "pose": [
      [
        0.7076332034895619,
        -0.703305611066672,
        -0.06794458595970136,
        21.416053746972466
      ],
      [
        0.7061806311941803,
        0.7071883667557155,
        0.034547504274153984,
        8.93342640507035
      ],
      [
        0.023752167170372204,
        -0.07242811172133808,
        0.9970907697833693,
        1.3546941225210958
      ],
      [
        0.0,
        0.0,
        0.0,
        1.0
      ]
    ],
    "location": [
      21.416053746972466,
      8.93342640507035,
      1.3546941225210958
    ],
    "rotation": [
      -0.07251207915690652,
      -0.023754401096216758,
      0.784370749639961
    ]
  },
  {
    "label_id": "1-vuNCDJYzRYJGZGloUAOQ",
    "size": [
      0.7092098508574333,
      1.1633401586890373,
      1.8799999999999955
    ],
    "obj_class": "pedestrian",
    "point_num_in_lidar": 61,
    "speed": 1.3930935025627582,
    "if_vehicle": false,
    "motion_state": true,
    "pose": [
      [
        -0.7737020741640589,
        0.6298957323819536,
        -0.06794458595970136,
        15.029051666031592
      ],
      [
        -0.6328006469976489,
        -0.773543671105765,
        0.034547504274153984,
        24.38995472079114
      ],
      [
        -0.03079677894829173,
        0.06972485366939103,
        0.9970907697833693,
        1.7320001118764594
      ],
      [
        0.0,
        0.0,
        0.0,
        1.0
      ]
    ],
    "location": [
      15.029051666031592,
      24.38995472079114,
      1.7320001118764594
    ],
    "rotation": [
      0.06981464210531191,
      0.03080164918487278,
      -2.4560399386213216
    ]
  },
  {
    "label_id": "50a3QF2RZDCtOnldBiWQvg",
    "size": [
      0.979848209243377,
      1.2007347169346758,
      1.7699999999999818
    ],
    "obj_class": "pedestrian",
    "point_num_in_lidar": 20,
    "speed": 1.594264964801022,
    "if_vehicle": false,
    "motion_state": true,
    "pose": [
      [
        0.6738609116685529,
        -0.7357275344609521,
        -0.06794458595970136,
        28.95906550537984
      ],
      [
        0.738578521295339,
        0.6732816927777093,
        0.034547504274153984,
        36.59437290282949
      ],
      [
        0.02032829570862581,
        -0.07346262455419492,
        0.9970907697833693,
        1.6645004596702506
      ],
      [
        0.0,
        0.0,
        0.0,
        1.0
      ]
    ],
    "location": [
      28.95906550537984,
      36.59437290282949,
      1.6645004596702506
    ],
    "rotation": [
      -0.07354408688459235,
      -0.020329696045197944,
      0.8311858797759797
    ]
  },
  {
    "label_id": "6HVXhYC72IvDIQuQMrZ1fw",
    "size": [
      0.9375535647081905,
      2.33290891473492,
      1.3500000000000227
    ],
    "obj_class": "vehicle",
    "point_num_in_lidar": 51,
    "speed": 3.5950934718225418e-12,
    "if_vehicle": true,
    "motion_state": false,
    "pose": [
      [
        0.7640568218744294,
        0.6415611476592946,
        -0.06794458595970136,
        16.313929536267096
      ],
      [
        -0.6408597234882979,
        0.7668802284313564,
        0.034547504274153984,
        21.280435684828262
      ],
      [
        0.07426969609234034,
        0.01714669225125776,
        0.9970907697833693,
        1.1110493022987384
      ],
      [
        0.0,
        0.0,
        0.0,
        1.0
      ]
    ],
    "location": [
      16.313929536267096,
      21.280435684828262,
      1.1110493022987384
    ],
    "rotation": [
      0.017195026594118142,
      -0.07433814458703883,
      -0.6979319208422101
    ]
  },
  {
    "label_id": "6i_mPMYxgh2SXwhx4Y83Bg",
    "size": [
      0.7184178508184037,
      0.8689585357133183,
      1.6299999999999955
    ],
    "obj_class": "pedestrian",
    "point_num_in_lidar": 88,
    "speed": 1.1893925611716207,
    "if_vehicle": false,
    "motion_state": true,
    "pose": [
      [
        0.6938330280905237,
        -0.7169234703714888,
        -0.06794458595970136,
        9.617790311833232
      ],
      [
        0.7197893036243843,
        0.6933324082547643,
        0.034547504274153984,
        19.04176330131304
      ],
      [
        0.022340266754412284,
        -0.07287598571648714,
        0.9970907697833693,
        1.417853976380684
      ],
      [
        0.0,
        0.0,
        0.0,
        1.0
      ]
    ],
    "location": [
      9.617790311833232,
      19.04176330131304,
      1.417853976380684
    ],
    "rotation": [
      -0.07295888773386294,
      -0.022342125463272265,
      0.8037576350354783
    ]
  },
  {
    "label_id": "FG2cqOpTxdur3yJJN5wWSg",
    "size": [
      1.7009916069707511,
      0.1445946427101845,
      1.7200000000000273
    ],
    "obj_class": "sign",
    "point_num_in_lidar": 153,
    "speed": 0.00511865727156662,
    "if_vehicle": false,
    "motion_state": false,
    "pose": [
      [
        -0.6577719149211462,
        0.750146413161946,
        -0.06794458595970136,
        14.563231364249077
      ],
      [
        -0.752984189489659,
        -0.6571310982802658,
        0.034547504274153984,
        21.595739660471736
      ],
      [
        -0.01873281397894289,
        0.07388557703123295,
        0.9970907697833693,
        2.1602880495996146
      ],
      [
        0.0,
        0.0,
        0.0,
        1.0
      ]
    ],
    "location": [
      14.563231364249077,
      21.595739660471736,
      2.1602880495996146
    ],
    "rotation": [
      0.07396597010092075,
      0.018733909766591478,
      -2.288806437626347
    ]
  },
  {
    "label_id": "GXY29zmAxt7I63pSzmjgzw",
    "size": [
      1.9490319488613927,
      4.705729582353263,
      1.490000000000009
    ],
    "obj_class": "vehicle",
    "point_num_in_lidar": 1287,
    "speed": 7.958078640513122e-12,
    "if_vehicle": true,
    "motion_state": false,
    "pose": [
      [
        0.6924603157745866,
        -0.7182494304321615,
        -0.06794458595970136,
        5.26072285405462
      ],
      [
        0.7211143007778908,
        0.6919542146428769,
        0.034547504274153984,
        -13.708229404131998
      ],
      [
        0.022200817349216844,
        -0.07291858831487791,
        0.9970907697833693,
        0.6295473346729636
      ],
      [
        0.0,
        0.0,
        0.0,
        1.0
      ]
    ],
    "location": [
      5.26072285405462,
      -13.708229404131998,
      0.6295473346729636
    ],
    "rotation": [
      -0.07300138747060055,
      -0.022202641463242575,
      0.8056659731235495
    ]
  },
  {
    "label_id": "Lf3LG9rVTnVHrMCX7zCJKw",
    "size": [
      0.4019676166698172,
      0.09668230797251454,
      0.45999999999997954
    ],
    "obj_class": "sign",
    "point_num_in_lidar": 28,
    "speed": 0.04140357148746312,
    "if_vehicle": false,
    "motion_state": false,
    "pose": [
      [
        -0.7621026412893125,
        0.6438812758409878,
        -0.06794458595970136,
        21.97354107622232
      ],
      [
        -0.6467828240135852,
        -0.7618913626688772,
        0.034547504274153984,
        0.6061853663413785
      ],
      [
        -0.029521902053645306,
        0.07027413544073602,
        0.9970907697833693,
        3.963839698861591
      ],
      [
        0.0,
        0.0,
        0.0,
        1.0
      ]
    ],
    "location": [
      21.97354107622232,
      0.6061853663413785,
      3.963839698861591
    ],
    "rotation": [
      0.0703628247592764,
      0.02952619200272667,
      -2.4378642310540095
    ]
  },
  {
    "label_id": "MQpQK2kzZfJnvO5GRR-ocg",
    "size": [
      0.652841742342074,
      0.8721263315164834,
      1.6800000000000068
    ],
    "obj_class": "pedestrian",
    "point_num_in_lidar": 111,
    "speed": 1.2847185822000882,
    "if_vehicle": false,
    "motion_state": true,
    "pose": [
      [
        0.6873684082629956,
        -0.7231239206116474,
        -0.06794458595970136,
        10.140455630480574
      ],
      [
        0.7259851437124323,
        0.686842078688592,
        0.034547504274153984,
        18.570814797996718
      ],
      [
        0.021685073918123143,
        -0.07307362302481978,
        0.9970907697833693,
        1.4617002054052932
      ],
      [
        0.0,
        0.0,
        0.0,
        1.0
      ]
    ],
    "location": [
      10.140455630480574,
      18.570814797996718,
      1.4617002054052932
    ],
    "rotation": [
      -0.07315604562658853,
      -0.021686773818174042,
      0.8127141383219232
    ]
  },
  {
    "label_id": "M_pukwq6hUWGFs2nP409zw",
    "size": [
      1.4795717937670614,
      1.1687500457983857,
      1.9399999999999977
    ],
    "obj_class": "pedestrian",
    "point_num_in_lidar": 73,
    "speed": 0.08415372084088855,
    "if_vehicle": false,
    "motion_state": false,
    "pose": [
      [
        -0.4192559904091513,
        -0.9053220132885349,
        -0.06794458595970136,
        18.581133060055436
      ],
      [
        0.9058860899137537,
        -0.4221100117850767,
        0.034547504274153984,
        -20.305121052078903
      ],
      [
        -0.059956706103753046,
        -0.047065807185218,
        0.9970907697833693,
        1.3519318382907386
      ],
      [
        0.0,
        0.0,
        0.0,
        1.0
      ]
    ],
    "location": [
      18.581133060055436,
      -20.305121052078903,
      1.3519318382907386
    ],
    "rotation": [
      -0.04716812043009742,
      0.05999268646549879,
      2.0042544292917865
    ]
  },
  {
    "label_id": "MbWLXdRi2KwMbFQQAs1ygA",
    "size": [
      0.7281406393223042,
      0.1852946014904465,
      0.8100000000000023
    ],
    "obj_class": "sign",
    "point_num_in_lidar": 85,
    "speed": 0.0035983344537242217,
    "if_vehicle": false,
    "motion_state": false,
    "pose": [
      [
        -0.6653990190399501,
        0.7433893183920768,
        -0.06794458595970136,
        9.770212625506247
      ],
      [
        -0.7462334915138198,
        -0.664787218658362,
        0.034547504274153984,
        -11.516457174453535
      ],
      [
        -0.019486446668533185,
        0.07369040106446936,
        0.9970907697833693,
        3.4138834395816957
      ],
      [
        0.0,
        0.0,
        0.0,
        1.0
      ]
    ],
    "location": [
      9.770212625506247,
      -11.516457174453535,
      3.4138834395816957
    ],
    "rotation": [
      0.07377129082450196,
      0.01948768011677338,
      -2.298993843786293
    ]
  },
  {
    "label_id": "Og6VoFd0EWMcQ8sDZzW6pg",
    "size": [
      0.7286887612654784,
      0.7519085157982772,
      1.670000000000016
    ],
    "obj_class": "pedestrian",
    "point_num_in_lidar": 23,
    "speed": 4.458850886206184e-27,
    "if_vehicle": false,
    "motion_state": false,
    "pose": [
      [
        0.729129580748543,
        0.6809945577728346,
        -0.06794458595970136,
        15.68335415828551
      ],
      [
        -0.6804431334977202,
        0.7319860736545681,
        0.034547504274153984,
        -34.03674568225688
      ],
      [
        0.07326115309805971,
        0.021042819667302023,
        0.9970907697833693,
        0.4688683072070603
      ],
      [
        0.0,
        0.0,
        0.0,
        1.0
      ]
    ],
    "location": [
      15.68335415828551,
      -34.03674568225688,
      0.4688683072070603
    ],
    "rotation": [
      0.021101084341203495,
      -0.07332684638843208,
      -0.7508720267924471
    ]
  },
  {
    "label_id": "PDdsl0JNXo0zsxZUTYyooQ",
    "size": [
      0.7981004814190205,
      1.0569631758026503,
      1.910000000000025
    ],
    "obj_class": "pedestrian",
    "point_num_in_lidar": 844,
    "speed": 1.5812396233239017,
    "if_vehicle": false,
    "motion_state": true,
    "pose": [
      [
        0.702139463811565,
        -0.708790312149632,
        -0.06794458595970136,
        -6.840285404359747
      ],
      [
        0.7116617840365778,
        0.7016722704299371,
        0.034547504274153984,
        1.7976029070850927
      ],
      [
        0.023187895555297343,
        -0.07261073138678992,
        0.9970907697833693,
        0.9140012132402262
      ],
      [
        0.0,
        0.0,
        0.0,
        1.0
      ]
    ],
    "location": [
      -6.840285404359747,
      1.7976029070850927,
      0.9140012132402262
    ],
    "rotation": [
      -0.07269426791252145,
      -0.02318997399704449,
      0.792133322426396
    ]
  },
  {
    "label_id": "RAFCawN5UP3I_7vS3c_Z6Q",
    "size": [
      0.7771000330943341,
      0.6000695416612203,
      1.920000000000016
    ],
    "obj_class": "pedestrian",
    "point_num_in_lidar": 837,
    "speed": 0.01307116609698706,
    "if_vehicle": false,
    "motion_state": false,
    "pose": [
      [
        0.7239610372820682,
        0.6864866712007136,
        -0.06794458595970136,
        -4.645965264451661
      ],
      [
        -0.6859568552204489,
        0.7268216168527868,
        0.034547504274153984,
        6.363008507141785
      ],
      [
        0.07309999503107971,
        0.021596007484349023,
        0.9970907697833693,
        0.9899848321038007
      ],
      [
        0.0,
        0.0,
        0.0,
        1.0
      ]
    ],
    "location": [
      -4.645965264451661,
      6.363008507141785,
      0.9899848321038007
    ],
    "rotation": [
      0.021655632665558908,
      -0.07316525504756283,
      -0.7584497984674807
    ]
  },
  {
    "label_id": "SVtwv1xNRMziqE3GDAHqrA",
    "size": [
      0.7819850836664326,
      1.8584476636424367,
      1.9499999999999886
    ],
    "obj_class": "cyclist",
    "point_num_in_lidar": 383,
    "speed": 5.750819515281406,
    "if_vehicle": false,
    "motion_state": true,
    "pose": [
      [
        0.7167391047296053,
        -0.6940234787023912,
        -0.06794458595970136,
        2.6771322898566723
      ],
      [
        0.6969040520973162,
        0.7163317751703943,
        0.034547504274153984,
        -13.42915041064407
      ],
      [
        0.024694086776896256,
        -0.07211240455748964,
        0.9970907697833693,
        0.8523861334185199
      ],
      [
        0.0,
        0.0,
        0.0,
        1.0
      ]
    ],
    "location": [
      2.6771322898566723,
      -13.42915041064407,
      0.8523861334185199
    ],
    "rotation": [
      -0.07219710556886481,
      -0.024696597199639368,
      0.7713679245601259
    ]
  },
  {
    "label_id": "TgaQtjAqhVtWxHvxeKTNCA",
    "size": [
      2.135645358213991,
      4.852355393954673,
      1.4499999999999886
    ],
    "obj_class": "vehicle",
    "point_num_in_lidar": 82,
    "speed": 7.448765977911469,
    "if_vehicle": true,
    "motion_state": true,
    "pose": [
      [
        0.7237828996488193,
        -0.6866744843189617,
        -0.06794458595970136,
        36.55175490542024
      ],
      [
        0.6895590637474561,
        0.7234049817026138,
        0.034547504274153984,
        27.502151727581804
      ],
      [
        0.02542856228100763,
        -0.07185669790025738,
        0.9970907697833693,
        1.670051700002034
      ],
      [
        0.0,
        0.0,
        0.0,
        1.0
      ]
    ],
    "location": [
      36.55175490542024,
      27.502151727581804,
      1.670051700002034
    ],
    "rotation": [
      -0.07194198254883857,
      -0.025431303480022302,
      0.7611880642142412
    ]
  },
  {
    "label_id": "WLxPidkONZfEWD55dLlKWA",
    "size": [
      2.3401327950781092,
      5.65358485138672,
      2.240000000000009
    ],
    "obj_class": "vehicle",
    "point_num_in_lidar": 2207,
    "speed": 9.417069098926055,
    "if_vehicle": true,
    "motion_state": true,
    "pose": [
      [
        0.7080028770690464,
        -0.7029334671935299,
        -0.06794458595970136,
        9.652678847636707
      ],
      [
        0.7058087208019362,
        0.7075595519730913,
        0.034547504274153984,
        1.9930404065307812
      ],
      [
        0.02379024383832914,
        -0.07241561372329022,
        0.9970907697833693,
        1.4024705676989129
      ],
      [
        0.0,
        0.0,
        0.0,
        1.0
      ]
    ],
    "location": [
      9.652678847636707,
      1.9930404065307812,
      1.4024705676989129
    ],
    "rotation": [
      -0.07249961047272538,
      -0.02379248852673282,
      0.7838462207561139
    ]
  },
  {
    "label_id": "WO_EU5HuGT6OvKJc51rSGg",
    "size": [
      2.391863783789466,
      0.18455530819637792,
      1.240000000000009
    ],
    "obj_class": "sign",
    "point_num_in_lidar": 29,
    "speed": 0.004862076503655534,
    "if_vehicle": false,
    "motion_state": false,
    "pose": [
      [
        -0.7535663415444819,
        -0.6538511314741527,
        -0.06794458595970136,
        45.29255590875255
      ],
      [
        0.6531955252004602,
        -0.7564007375766645,
        0.034547504274153984,
        9.655971297594078
      ],
      [
        -0.07398225969352291,
        -0.018347263105108386,
        0.9970907697833693,
        3.464900832363753
      ],
      [
        0.0,
        0.0,
        0.0,
        1.0
      ]
    ],
    "location": [
      45.29255590875255,
      9.655971297594078,
      3.464900832363753
    ],
    "rotation": [
      -0.01839871890588825,
      0.07404991523522768,
      2.4274226200448816
    ]
  },
  {
    "label_id": "YQnZJJkxCHKc9DWlnQIJsQ",
    "size": [
      0.704016813848695,
      0.9420250313960423,
      1.7799999999999727
    ],
    "obj_class": "pedestrian",
    "point_num_in_lidar": 271,
    "speed": 1.3316643967693849,
    "if_vehicle": false,
    "motion_state": true,
    "pose": [
      [
        -0.7506685423454552,
        0.6571759831062864,
        -0.06794458595970136,
        0.5223776180500863
      ],
      [
        -0.6600733698358596,
        -0.7504063008677097,
        0.034547504274153984,
        9.819281813674024
      ],
      [
        -0.028282255328771853,
        0.07078213649167488,
        0.9970907697833693,
        1.0574752561817604
      ],
      [
        0.0,
        0.0,
        0.0,
        1.0
      ]
    ],
    "location": [
      0.5223776180500863,
      9.819281813674024,
      1.0574752561817604
    ],
    "rotation": [
      0.07086977160297278,
      0.028286027116435974,
      -2.420324535431453
    ]
  },
  {
    "label_id": "YeDTe3z8sAGMJ4YCFJfJEg",
    "size": [
      2.003138356290791,
      4.590736175159691,
      1.420000000000016
    ],
    "obj_class": "vehicle",
    "point_num_in_lidar": 162,
    "speed": 5.267685985358122,
    "if_vehicle": true,
    "motion_state": true,
    "pose": [
      [
        0.7301052042975877,
        -0.67994847150085,
        -0.06794458595970136,
        28.62447896993399
      ],
      [
        0.6828364240524339,
        0.7297539913804596,
        0.034547504274153984,
        16.38549525640701
      ],
      [
        0.026092310071404733,
        -0.07161835077649867,
        0.9970907697833693,
        1.526578761028702
      ],
      [
        0.0,
        0.0,
        0.0,
        1.0
      ]
    ],
    "location": [
      28.62447896993399,
      16.38549525640701,
      1.526578761028702
    ],
    "rotation": [
      -0.07170417099150031,
      -0.026095271623850714,
      0.7519564719494124
    ]
  },
  {
    "label_id": "a5UB6eiHSWzlL_IWYnXAdQ",
    "size": [
      2.2639901834129907,
      4.937124122990977,
      1.8199999999999932
    ],
    "obj_class": "vehicle",
    "point_num_in_lidar": 858,
    "speed": 0.018180077214167423,
    "if_vehicle": true,
    "motion_state": false,
    "pose": [
      [
        0.7104622290481784,
        -0.7004476813686076,
        -0.06794458595970136,
        8.491446411451761
      ],
      [
        0.703324471120105,
        0.7100289841070235,
        0.034547504274153984,
        13.462134635672555
      ],
      [
        0.024043906078635886,
        -0.0723317868802484,
        0.9970907697833693,
        1.132168804700484
      ],
      [
        0.0,
        0.0,
        0.0,
        1.0
      ]
    ],
    "location": [
      8.491446411451761,
      13.462134635672555,
      1.132168804700484
    ],
    "rotation": [
      -0.07241597966078551,
      -0.02404622334962048,
      0.7803495253794539
    ]
  },
  {
    "label_id": "bvQHQggD0sgtCVO9CF2c_w",
    "size": [
      0.8047188801949998,
      1.0342162884756225,
      1.759999999999991
    ],
    "obj_class": "pedestrian",
    "point_num_in_lidar": 237,
    "speed": 1.195984675326488,
    "if_vehicle": false,
    "motion_state": true,
    "pose": [
      [
        -0.6551146898857337,
        0.7524681231352486,
        -0.06794458595970136,
        3.7069497861484706
      ],
      [
        -0.7553036152797119,
        -0.6544638406312637,
        0.034547504274153984,
        12.856947195723478
      ],
      [
        -0.018471378977107576,
        0.07395136896293404,
        0.9970907697833693,
        1.2520081950319764
      ],
      [
        0.0,
        0.0,
        0.0,
        1.0
      ]
    ],
    "location": [
      3.7069497861484706,
      12.856947195723478,
      1.2520081950319764
    ],
    "rotation": [
      0.07403159333804858,
      0.01847242951904606,
      -2.2852787079400123
    ]
  },
  {
    "label_id": "cfnQ4T7DCB-VqlGN8SclWg",
    "size": [
      2.0909540426123914,
      4.7154423853796334,
      1.7900000000000205
    ],
    "obj_class": "vehicle",
    "point_num_in_lidar": 138,
    "speed": 0.010543882995990331,
    "if_vehicle": true,
    "motion_state": false,
    "pose": [
      [
        0.6864787361779545,
        -0.723968561481977,
        -0.06794458595970136,
        12.32198351716579
      ],
      [
        0.726829135245471,
        0.6859488888443133,
        0.034547504274153984,
        17.344770425472234
      ],
      [
        0.021595206269892378,
        -0.07310023172992502,
        0.9970907697833693,
        1.2121688047004113
      ],
      [
        0.0,
        0.0,
        0.0,
        1.0
      ]
    ],
    "location": [
      12.32198351716579,
      17.344770425472234,
      1.2121688047004113
    ],
    "rotation": [
      -0.07318258935121276,
      -0.0215968851202046,
      0.8139407348748492
    ]
  },
  {
    "label_id": "dVT_TNeOHH9G7d0TcHcBZA",
    "size": [
      2.3751147110782274,
      5.193980647294666,
      1.8100000000000023
    ],
    "obj_class": "vehicle",
    "point_num_in_lidar": 1201,
    "speed": 1.6172317511081968,
    "if_vehicle": true,
    "motion_state": true,
    "pose": [
      [
        0.685917554325284,
        -0.7245002704672964,
        -0.06794458595970136,
        12.301823029436491
      ],
      [
        0.7273604328134358,
        0.6853854906006388,
        0.034547504274153984,
        -0.04249430385243613
      ],
      [
        0.021538557191052566,
        -0.07311694309074808,
        0.9970907697833693,
        1.2306833070104517
      ],
      [
        0.0,
        0.0,
        0.0,
        1.0
      ]
    ],
    "location": [
      12.301823029436491,
      -0.04249430385243613,
      1.2306833070104517
    ],
    "rotation": [
      -0.07319925984880911,
      -0.021540222862155487,
      0.8147137022867207
    ]
  },
  {
    "label_id": "gjGLaHajamdONAcPH7CDLA",
    "size": [
      2.135645358209613,
      4.852355393954673,
      1.4499999999999886
    ],
    "obj_class": "vehicle",
    "point_num_in_lidar": 25,
    "speed": 5.500798977550933,
    "if_vehicle": true,
    "motion_state": true,
    "pose": [
      [
        0.7035356135785605,
        -0.7074045332519456,
        -0.06794458595970136,
        48.38391074911851
      ],
      [
        0.7102769207177643,
        0.7030740827566594,
        0.034547504274153984,
        35.15688859457441
      ],
      [
        0.023331016315820553,
        -0.072564870912025,
        0.9970907697833693,
        1.569452097211638
      ],
      [
        0.0,
        0.0,
        0.0,
        1.0
      ]
    ],
    "location": [
      48.38391074911851,
      35.15688859457441,
      1.569452097211638
    ],
    "rotation": [
      -0.07264851610435197,
      -0.023333133487735268,
      0.7901663033646414
    ]
  },
  {
    "label_id": "ibLQ5RGWGQlDKl5M9m_fpg",
    "size": [
      0.553591626639421,
      0.18064474766288185,
      0.6399999999999864
    ],
    "obj_class": "sign",
    "point_num_in_lidar": 39,
    "speed": 4.687428401686771e-12,
    "if_vehicle": false,
    "motion_state": false,
    "pose": [
      [
        -0.6653990190040505,
        0.7433893184242103,
        -0.06794458595970136,
        10.000013828226656
      ],
      [
        -0.7462334915459239,
        -0.6647872186223249,
        0.034547504274153984,
        -11.662164729641518
      ],
      [
        -0.019486446664974528,
        0.07369040106541042,
        0.9970907697833693,
        2.7337959118879667
      ],
      [
        0.0,
        0.0,
        0.0,
        1.0
      ]
    ],
    "location": [
      10.000013828226656,
      -11.662164729641518,
      2.7337959118879667
    ],
    "rotation": [
      0.07377129082544062,
      0.019487680113214046,
      -2.298993843738123
    ]
  },
  {
    "label_id": "m4Ve9ReHKM06uu4tCR8qRw",
    "size": [
      2.1034666673464377,
      4.81463633700088,
      1.8600000000000136
    ],
    "obj_class": "vehicle",
    "point_num_in_lidar": 165,
    "speed": 7.021355495332631,
    "if_vehicle": true,
    "motion_state": true,
    "pose": [
      [
        0.719443345467511,
        -0.6912197956520634,
        -0.06794458595970136,
        29.09465651125356
      ],
      [
        0.6941019374444911,
        0.7190472657511681,
        0.034547504274153984,
        24.79715253899485
      ],
      [
        0.024975449912248978,
        -0.07201544080604297,
        0.9970907697833693,
        1.7707292648386783
      ],
      [
        0.0,
        0.0,
        0.0,
        1.0
      ]
    ],
    "location": [
      29.09465651125356,
      24.79715253899485,
      1.7707292648386783
    ],
    "rotation": [
      -0.0721003642384898,
      -0.024978047143648048,
      0.7674725306163531
    ]
  },
  {
    "label_id": "n6HSmbVZgyrHjDXPpmljnw",
    "size": [
      2.068314795674172,
      4.714627999058088,
      1.8500000000000227
    ],
    "obj_class": "vehicle",
    "point_num_in_lidar": 3452,
    "speed": 1.5272304528897702,
    "if_vehicle": true,
    "motion_state": true,
    "pose": [
      [
        0.6831207007225356,
        -0.7271379796731268,
        -0.06794458595970136,
        6.2902383988621295
      ],
      [
        0.7299960705510938,
        0.6825776197095751,
        0.034547504274153984,
        -6.0196564324214705
      ],
      [
        0.021256651295868546,
        -0.07319939609377789,
        0.9970907697833693,
        1.0468507223653205
      ],
      [
        0.0,
        0.0,
        0.0,
        1.0
      ]
    ],
    "location": [
      6.2902383988621295,
      -6.0196564324214705,
      1.0468507223653205
    ],
    "rotation": [
      -0.07328151063793739,
      -0.021258252407506666,
      0.818557622630683
    ]
  },
  {
    "label_id": "rJsIoossIwvtYPo__dIw5g",
    "size": [
      0.4019676166698172,
      0.09668230797251454,
      0.45999999999997954
    ],
    "obj_class": "sign",
    "point_num_in_lidar": 28,
    "speed": 0.039197681905157565,
    "if_vehicle": false,
    "motion_state": false,
    "pose": [
      [
        -0.7621026412893125,
        0.6438812758409878,
        -0.06794458595970136,
        21.969713584530837
      ],
      [
        -0.6467828240135852,
        -0.7618913626688772,
        0.034547504274153984,
        0.60627226906945
      ],
      [
        -0.029521902053645306,
        0.07027413544073602,
        0.9970907697833693,
        3.3038396988620775
      ],
      [
        0.0,
        0.0,
        0.0,
        1.0
      ]
    ],
    "location": [
      21.969713584530837,
      0.60627226906945,
      3.3038396988620775
    ],
    "rotation": [
      0.0703628247592764,
      0.02952619200272667,
      -2.4378642310540095
    ]
  },
  {
    "label_id": "yJmaul3i_QOWca4UwDk0Kg",
    "size": [
      2.020014101441327,
      4.561176917376345,
      1.7300000000000182
    ],
    "obj_class": "vehicle",
    "point_num_in_lidar": 5058,
    "speed": 7.8279900113703205,
    "if_vehicle": true,
    "motion_state": true,
    "pose": [
      [
        0.7028128869191651,
        -0.7081225735839194,
        -0.06794458595970136,
        -1.848738447373762
      ],
      [
        0.710994488264074,
        0.7023484232249224,
        0.034547504274153984,
        -10.172522131084406
      ],
      [
        0.02325690517795109,
        -0.07258865733950262,
        0.9970907697833693,
        0.8189481689910849
      ],
      [
        0.0,
        0.0,
        0.0,
        1.0
      ]
    ],
    "location": [
      -1.848738447373762,
      -10.172522131084406,
      0.8189481689910849
    ],
    "rotation": [
      -0.07267224620782928,
      -0.023259002234991905,
      0.7911850267003344
    ]
  },
  {
    "label_id": "z09Yi-tgsE0j3Ylaj2rJpA",
    "size": [
      0.7282340490753382,
      0.214924669584434,
      0.6999999999999886
    ],
    "obj_class": "sign",
    "point_num_in_lidar": 39,
    "speed": 8.594254616977964e-06,
    "if_vehicle": false,
    "motion_state": false,
    "pose": [
      [
        0.7507013645677313,
        -0.6571384895704336,
        -0.06794458595970136,
        19.384146411073743
      ],
      [
        0.6600358893942448,
        0.7504392678025155,
        0.034547504274153984,
        26.90608052304742
      ],
      [
        0.028285790561597725,
        -0.07078072382445214,
        0.9970907697833693,
        3.6477121427756174
      ],
      [
        0.0,
        0.0,
        0.0,
        1.0
      ]
    ],
    "location": [
      19.384146411073743,
      26.90608052304742,
      3.6477121427756174
    ],
    "rotation": [
      -0.07086836191779586,
      -0.02828956376417914,
      0.7212182778234151
    ]
  }
]