[
  {
    "label_id": "-a7taWtiLy3oA6tvs-biRQ",
    "size": [
      2.1306838054101207,
      4.68516771922441,
      1.7200000000000273
    ],
    "obj_class": "vehicle",
    "point_num_in_lidar": 22,
    "speed": 3.839143209690393,
    "if_vehicle": true,
    "motion_state": true,
    "pose": [
      [
        0.7130526571694276,
        -0.6989631611574039,
        -0.054830716286290826,
        24.546449827004835
      ],
      [
        0.7006150420013164,
        0.7133059557712137,
        0.018253119810294895,
        20.563376129299286
      ],
      [
        0.02635281816262438,
        -0.051430660176244605,
        0.9983288116491095,
        1.639500459670046
      ],
      [
        0.0,
        0.0,
        0.0,
        1.0
      ]
    ],
    "location": [
      24.546449827004835,
      20.563376129299286,
      1.639500459670046
    ],
    "rotation": [
      -0.05147125206838654,
      -0.026355869327686833,
      0.7766002724423691
    ]
  },
  {
    "label_id": "-ax0saSQy_JVW_zkFbW-rw",
    "size": [
      2.155728107273091,
      5.019212518632695,
      1.740000000000009
    ],
    "obj_class": "vehicle",
    "point_num_in_lidar": 68,
    "speed": 0.0188874384238994,
    "if_vehicle": true,
    "motion_state": false,
    "pose": [
      [
        0.7203658640639404,
        -0.6914236143226125,
        -0.054830716286290826,
        -5.827126686726842
      ],
      [
        0.6930727392229181,
        0.7206365254157132,
        0.018253119810294895,
        -0.9887547788239317
      ],
      [
        0.02689237879870961,
        -0.05115059915409997,
        0.9983288116491095,
        0.49495551703836327
      ],
      [
        0.0,
        0.0,
        0.0,
        1.0
      ]
    ],
    "location": [
      -5.827126686726842,
      -0.9887547788239317,
      0.49495551703836327
    ],
    "rotation": [
      -0.051191460751255934,
      -0.026895621282280138,
      0.7660908278602704
    ]
  },
  {
    "label_id": "0TTpzF8WjDXQbo0lfz9cHQ",
    "size": [
      2.1575446701913683,
      5.032259334955597,
      2.0300000000000296
    ],
    "obj_class": "vehicle",
    "point_num_in_lidar": 109,
    "speed": 6.110936040989856,
    "if_vehicle": true,
    "motion_state": true,
    "pose": [
      [
        0.6995949040836156,
        -0.7124328478753411,
        -0.054830716286290826,
        9.807081801751337
      ],
      [
        0.7140892583751829,
        0.6998166579114649,
        0.018253119810294895,
        10.172567935813277
      ],
      [
        0.025367326493305576,
        -0.051923815131967484,
        0.9983288116491095,
        1.267626834390228
      ],
      [
        0.0,
        0.0,
        0.0,
        1.0
      ]
    ],
    "location": [
      9.807081801751337,
      10.172567935813277,
      1.267626834390228
    ],
    "rotation": [
      -0.051963912472349896,
      -0.025370047932507266,
      0.7956506984526042
    ]
  },
  {
    "label_id": "0jw4kmyd3WAM6MTC97B0nA",
    "size": [
      1.970856911466883,
      4.39763427653422,
      1.5199999999999818
    ],
    "obj_class": "vehicle",
    "point_num_in_lidar": 58,
    "speed": 1.2746088223989107,
    "if_vehicle": true,
    "motion_state": true,
    "pose": [
      [
        0.7115838354908538,
        -0.7004584481749491,
        -0.054830716286290826,
        13.468718168463965
      ],
      [
        0.702110857099068,
        0.7118336659366451,
        0.018253119810294895,
        1.170770324250043
      ],
      [
        0.02624479780333193,
        -0.0514858662114072,
        0.9983288116491095,
        1.1185032229331
      ],
      [
        0.0,
        0.0,
        0.0,
        1.0
      ]
    ],
    "location": [
      13.468718168463965,
      1.170770324250043,
      1.1185032229331
    ],
    "rotation": [
      -0.05152640398862908,
      -0.026247811594038974,
      0.7786973979059391
    ]
  },
  {
    "label_id": "6i_mPMYxgh2SXwhx4Y83Bg",
    "size": [
      0.7184178508218443,
      0.8689585357133183,
      1.6299999999999955
    ],
    "obj_class": "pedestrian",
    "point_num_in_lidar": 24,
    "speed": 1.2148266714982523,
    "if_vehicle": false,
    "motion_state": true,
    "pose": [
      [
        0.7170637642455557,
        -0.6948475736141894,
        -0.054830716286290826,
        5.036283486384491
      ],
      [
        0.6964979692246474,
        0.7173265661350716,
        0.018253119810294895,
        14.188061563952942
      ],
      [
        0.026648393421298846,
        -0.05127813334492953,
        0.9983288116491095,
        1.2178730774450628
      ],
      [
        0.0,
        0.0,
        0.0,
        1.0
      ]
    ],
    "location": [
      5.036283486384491,
      14.188061563952942,
      1.2178730774450628
    ],
    "rotation": [
      -0.05131887312120493,
      -0.026651548430747102,
      0.7708502708950081
    ]
  },
  {
    "label_id": "EK5IYzkmWzPAXFlA-PQnKQ",
    "size": [
      2.0312453607278775,
      4.547102622504835,
      1.6399999999999864
    ],
    "obj_class": "vehicle",
    "point_num_in_lidar": 1869,
    "speed": 1.1368683772161603e-12,
    "if_vehicle": true,
    "motion_state": false,
    "pose": [
      [
        0.6908186457726476,
        -0.7209460390378586,
        -0.054830716286290826,
        -17.900300179670012
      ],
      [
        0.7226050407464083,
        0.6910201000731256,
        0.018253119810294895,
        -36.831596814095974
      ],
      [
        0.024729612627918278,
        -0.05223054748468374,
        0.9983288116491095,
        -0.14069308624948462
      ],
      [
        0.0,
        0.0,
        0.0,
        1.0
      ]
    ],
    "location": [
      -17.900300179670012,
      -36.831596814095974,
      -0.14069308624948462
    ],
    "rotation": [
      -0.052270324504337815,
      -0.024732133903017664,
      0.8078833093746701
    ]
  },
  {
    "label_id": "EetSvF1uXlOXoFDbzwPnMw",
    "size": [
      2.0874334641266463,
      4.543415239634662,
      1.7800000000000296
    ],
    "obj_class": "vehicle",
    "point_num_in_lidar": 31,
    "speed": 5.684341886080801e-13,
    "if_vehicle": true,
    "motion_state": false,
    "pose": [
      [
        0.7203658640633686,
        -0.6914236143232084,
        -0.054830716286290826,
        -10.485695537703577
      ],
      [
        0.6930727392235144,
        0.7206365254151399,
        0.018253119810294895,
        -5.258483343444823
      ],
      [
        0.026892378798667294,
        -0.05115059915412222,
        0.9983288116491095,
        0.4596696858089331
      ],
      [
        0.0,
        0.0,
        0.0,
        1.0
      ]
    ],
    "location": [
      -10.485695537703577,
      -5.258483343444823,
      0.4596696858089331
    ],
    "rotation": [
      -0.05119146075127816,
      -0.026895621282237808,
      0.766090827861097
    ]
  },
  {
    "label_id": "GXY29zmAxt7I63pSzmjgzw",
    "size": [
      1.9490319488613934,
      4.705729582353263,
      1.490000000000009
    ],
    "obj_class": "vehicle",
    "point_num_in_lidar": 218,
    "speed": 7.958078640513122e-12,
    "if_vehicle": true,
    "motion_state": false,
    "pose": [
      [
        0.6930201259689531,
        -0.718830089488127,
        -0.054830716286290826,
        5.260722854047344
      ],
      [
        0.7204884673759906,
        0.6932266526868304,
        0.018253119810294895,
        -13.708229404124722
      ],
      [
        0.024889222168894883,
        -0.05215467813249441,
        0.9983288116491095,
        0.5633652681491981
      ],
      [
        0.0,
        0.0,
        0.0,
        1.0
      ]
    ],
    "location": [
      5.260722854047344,
      -13.708229404124722,
      0.5633652681491981
    ],
    "rotation": [
      -0.05219453529476672,
      -0.024891792587261433,
      0.8048284552856875
    ]
  },
  {
    "label_id": "JsIhg21XPM4bj0p9nLSeqg",
    "size": [
      0.7337013722146509,
      0.9174614145625695,
      1.740000000000009
    ],
    "obj_class": "pedestrian",
    "point_num_in_lidar": 93,
    "speed": 1.4226683044416746,
    "if_vehicle": false,
    "motion_state": true,
    "pose": [
      [
        0.6854519259841235,
        -0.7260504457103432,
        -0.054830716286290826,
        -20.039623464828765
      ],
      [
        0.7277108960925337,
        0.6856410688730604,
        0.018253119810294895,
        -11.390266852889908
      ],
      [
        0.024341505147739063,
        -0.05241254581127777,
        0.9983288116491095,
        0.3089225984185191
      ],
      [
        0.0,
        0.0,
        0.0,
        1.0
      ]
    ],
    "location": [
      -20.039623464828765,
      -11.390266852889908,
      0.3089225984185191
    ],
    "rotation": [
      -0.05245212812993202,
      -0.024343909548506994,
      0.8152930768983284
    ]
  },
  {
    "label_id": "MbWLXdRi2KwMbFQQAs1ygA",
    "size": [
      0.728140639322305,
      0.1852946014904465,
      0.8100000000000023
    ],
    "obj_class": "sign",
    "point_num_in_lidar": 45,
    "speed": 5.684341886080801e-13,
    "if_vehicle": false,
    "motion_state": false,
    "pose": [
      [
        -0.665936951894294,
        0.74399030145108,
        -0.054830716286290826,
        9.773895970320154
      ],
      [
        -0.7456551876035972,
        -0.6660819505263862,
        0.018253119810294895,
        -11.519892339340004
      ],
      [
        -0.02294160634264751,
        0.05304023500792293,
        0.9983288116491095,
        3.425453802166203
      ],
      [
        0.0,
        0.0,
        0.0,
        1.0
      ]
    ],
    "location": [
      9.773895970320154,
      -11.519892339340004,
      3.425453802166203
    ],
    "rotation": [
      0.053079119128074496,
      0.022943619246816496,
      -2.299780426573452
    ]
  },
  {
    "label_id": "PDdsl0JNXo0zsxZUTYyooQ",
    "size": [
      0.7981004814163442,
      1.0569631758026503,
      1.910000000000025
    ],
    "obj_class": "pedestrian",
    "point_num_in_lidar": 100,
    "speed": 1.592797856464674,
    "if_vehicle": false,
    "motion_state": true,
    "pose": [
      [
        0.7288429204621504,
        -0.6824819337123408,
        -0.054830716286290826,
        -12.941544847839396
      ],
      [
        0.6841275931976855,
        0.7291339107754714,
        0.018253119810294895,
        -4.1328820276248734
      ],
      [
        0.027521510092030473,
        -0.050814863116326145,
        0.9983288116491095,
        0.6190255729183036
      ],
      [
        0.0,
        0.0,
        0.0,
        1.0
      ]
    ],
    "location": [
      -12.941544847839396,
      -4.1328820276248734,
      0.6190255729183036
    ],
    "rotation": [
      -0.050856037465817405,
      -0.027524985562458294,
      0.7537623943013988
    ]
  },
  {
    "label_id": "RAFCawN5UP3I_7vS3c_Z6Q",
    "size": [
      0.7771000330950879,
      0.6000695416612203,
      1.920000000000016
    ],
    "obj_class": "pedestrian",
    "point_num_in_lidar": 21,
    "speed": 2.5421149729252077e-12,
    "if_vehicle": false,
    "motion_state": false,
    "pose": [
      [
        0.7203118837258847,
        0.6914798498255751,
        -0.054830716286290826,
        -4.641846372214786
      ],
      [
        -0.691682826237115,
        0.7219706998942743,
        0.018253119810294895,
        6.357911705861625
      ],
      [
        0.05220783515818871,
        0.02477752569107927,
        0.9983288116491095,
        0.9980728026609995
      ],
      [
        0.0,
        0.0,
        0.0,
        1.0
      ]
    ],
    "location": [
      -4.641846372214786,
      6.357911705861625,
      0.9980728026609995
    ],
    "rotation": [
      0.02481390877507017,
      -0.05223158107958057,
      -0.765125328722765
    ]
  },
  {
    "label_id": "SVtwv1xNRMziqE3GDAHqrA",
    "size": [
      0.781985083667895,
      1.8584476636424367,
      1.9499999999999886
    ],
    "obj_class": "cyclist",
    "point_num_in_lidar": 697,
    "speed": 5.1226507638731995,
    "if_vehicle": false,
    "motion_state": true,
    "pose": [
      [
        0.6926067916924534,
        -0.7192283536214481,
        -0.054830716286290826,
        -18.40352012909716
      ],
      [
        0.720886849957272,
        0.6928123650569992,
        0.018253119810294895,
        -33.80009432815859
      ],
      [
        0.024859236918461036,
        -0.0521689770947114,
        0.9983288116491095,
        0.1366136850074895
      ],
      [
        0.0,
        0.0,
        0.0,
        1.0
      ]
    ],
    "location": [
      -18.40352012909716,
      -33.80009432815859,
      0.1366136850074895
    ],
    "rotation": [
      -0.05220881919856949,
      -0.024861798056173143,
      0.8054027003445023
    ]
  },
  {
    "label_id": "W72TFhoZygkbnX5xrmqI5Q",
    "size": [
      2.0652656566310563,
      5.028616147937694,
      1.5072384554120504
    ],
    "obj_class": "vehicle",
    "point_num_in_lidar": 5725,
    "speed": 3.5950934718225418e-12,
    "if_vehicle": true,
    "motion_state": false,
    "pose": [
      [
        0.7129669782506373,
        -0.6990505564518833,
        -0.054830716286290826,
        -31.58497849775813
      ],
      [
        0.7007024683307936,
        0.7132200743755914,
        0.018253119810294895,
        -26.72080857954279
      ],
      [
        0.026346513987405756,
        -0.05143388991694223,
        0.9983288116491095,
        -0.425791845040294
      ],
      [
        0.0,
        0.0,
        0.0,
        1.0
      ]
    ],
    "location": [
      -31.58497849775813,
      -26.72080857954279,
      -0.425791845040294
    ],
    "rotation": [
      -0.05147447865181186,
      -0.02634956296281804,
      0.776722724977899
    ]
  },
  {
    "label_id": "WLxPidkONZfEWD55dLlKWA",
    "size": [
      2.340132795071882,
      5.65358485138672,
      2.240000000000009
    ],
    "obj_class": "vehicle",
    "point_num_in_lidar": 8346,
    "speed": 10.048169182429955,
    "if_vehicle": true,
    "motion_state": true,
    "pose": [
      [
        0.7199864403691425,
        -0.6918187033002963,
        -0.054830716286290826,
        -28.202207531612657
      ],
      [
        0.6934679764373741,
        0.7202561969695537,
        0.018253119810294895,
        -35.03903274257027
      ],
      [
        0.02686431351113724,
        -0.05116534462751157,
        0.9983288116491095,
        0.08658168805698097
      ],
      [
        0.0,
        0.0,
        0.0,
        1.0
      ]
    ],
    "location": [
      -28.202207531612657,
      -35.03903274257027,
      0.08658168805698097
    ],
    "rotation": [
      -0.0512061922248943,
      -0.026867545851390274,
      0.7666389074624177
    ]
  },
  {
    "label_id": "WusXYm4eNBs90QiKLvSqSw",
    "size": [
      2.109997504868783,
      4.924193014114065,
      1.5400000000000205
    ],
    "obj_class": "vehicle",
    "point_num_in_lidar": 1510,
    "speed": 4.8567038364339685e-12,
    "if_vehicle": true,
    "motion_state": false,
    "pose": [
      [
        0.7003214478947594,
        -0.7117186678527689,
        -0.054830716286290826,
        -13.89863905812308
      ],
      [
        0.7133748512310149,
        0.700544891672417,
        0.018253119810294895,
        -32.59551171189378
      ],
      [
        0.025420292085560573,
        -0.05189790536776494,
        0.9983288116491095,
        0.037468802255432365
      ],
      [
        0.0,
        0.0,
        0.0,
        1.0
      ]
    ],
    "location": [
      -13.89863905812308,
      -32.59551171189378,
      0.037468802255432365
    ],
    "rotation": [
      -0.05193802931758522,
      -0.025423030610345322,
      0.7946314282748974
    ]
  },
  {
    "label_id": "YeDTe3z8sAGMJ4YCFJfJEg",
    "size": [
      2.003138356288129,
      4.590736175159691,
      1.420000000000016
    ],
    "obj_class": "vehicle",
    "point_num_in_lidar": 45,
    "speed": 0.7318663725641119,
    "if_vehicle": true,
    "motion_state": false,
    "pose": [
      [
        0.6832833935991481,
        -0.7280916127680389,
        -0.054830716286290826,
        18.872519199328963
      ],
      [
        0.7297526198934537,
        0.683467583266267,
        0.018253119810294895,
        6.635600153669657
      ],
      [
        0.024185073708223693,
        -0.052484912508305524,
        0.9983288116491095,
        1.280849910676352
      ],
      [
        0.0,
        0.0,
        0.0,
        1.0
      ]
    ],
    "location": [
      18.872519199328963,
      6.635600153669657,
      1.280849910676352
    ],
    "rotation": [
      -0.052524416445737375,
      -0.024187432042332483,
      0.8182724034293545
    ]
  },
  {
    "label_id": "a5UB6eiHSWzlL_IWYnXAdQ",
    "size": [
      2.26399018341299,
      4.937124122990977,
      1.8199999999999932
    ],
    "obj_class": "vehicle",
    "point_num_in_lidar": 100,
    "speed": 0.01818007720810245,
    "if_vehicle": true,
    "motion_state": false,
    "pose": [
      [
        0.7110365926463089,
        -0.7010139488408623,
        -0.054830716286290826,
        8.561451998495613
      ],
      [
        0.7026665523671826,
        0.7112851325605004,
        0.018253119810294895,
        13.390717011912784
      ],
      [
        0.026204581705201367,
        -0.05150634649178802,
        0.9983288116491095,
        1.1321688047001999
      ],
      [
        0.0,
        0.0,
        0.0,
        1.0
      ]
    ],
    "location": [
      8.561451998495613,
      13.390717011912784,
      1.1321688047001999
    ],
    "rotation": [
      -0.05154686411374452,
      -0.02620758165977249,
      0.7794775834586289
    ]
  },
  {
    "label_id": "b69ZJxO1bzwiUgQBZ8J7bw",
    "size": [
      2.0822549283551086,
      4.81975962782915,
      1.607238455412073
    ],
    "obj_class": "vehicle",
    "point_num_in_lidar": 5131,
    "speed": 0.0,
    "if_vehicle": true,
    "motion_state": false,
    "pose": [
      [
        0.7207188018977521,
        -0.6910557149337534,
        -0.054830716286290826,
        -27.699135637776635
      ],
      [
        0.692704701422998,
        0.7209903052355603,
        0.018253119810294895,
        -22.678872325683187
      ],
      [
        0.026918492111262435,
        -0.05113686159447606,
        0.9983288116491095,
        -0.2557918450400507
      ],
      [
        0.0,
        0.0,
        0.0,
        1.0
      ]
    ],
    "location": [
      -27.699135637776635,
      -22.678872325683187,
      -0.2557918450400507
    ],
    "rotation": [
      -0.05117773621445295,
      -0.02692174405171397,
      0.7655807251144435
    ]
  },
  {
    "label_id": "chi0fAmQL1e5oWq3NTkLAw",
    "size": [
      2.217939091164303,
      5.344432669972154,
      1.8100000000000023
    ],
    "obj_class": "vehicle",
    "point_num_in_lidar": 438,
    "speed": 6.355287432313019e-12,
    "if_vehicle": true,
    "motion_state": false,
    "pose": [
      [
        0.6908186457721077,
        -0.720946039038376,
        -0.054830716286290826,
        -8.850701043884328
      ],
      [
        0.7226050407469258,
        0.6910201000725846,
        0.018253119810294895,
        -27.494771847304946
      ],
      [
        0.02472961262787917,
        -0.05223054748470226,
        0.9983288116491095,
        0.38614988971494313
      ],
      [
        0.0,
        0.0,
        0.0,
        1.0
      ]
    ],
    "location": [
      -8.850701043884328,
      -27.494771847304946,
      0.38614988971494313
    ],
    "rotation": [
      -0.052270324504356314,
      -0.024732133902978543,
      0.8078833093754182
    ]
  },
  {
    "label_id": "dVT_TNeOHH9G7d0TcHcBZA",
    "size": [
      2.3751147110769395,
      5.193980647294666,
      1.8100000000000023
    ],
    "obj_class": "vehicle",
    "point_num_in_lidar": 145,
    "speed": 0.5537929081959075,
    "if_vehicle": true,
    "motion_state": false,
    "pose": [
      [
        0.6963580057446515,
        -0.7155970377152664,
        -0.054830716286290826,
        6.931292065208254
      ],
      [
        0.7172544364826933,
        0.6965722482004901,
        0.018253119810294895,
        -5.715372265978658
      ],
      [
        0.025131676848675965,
        -0.0520382806215811,
        0.9983288116491095,
        1.0141849700610805
      ],
      [
        0.0,
        0.0,
        0.0,
        1.0
      ]
    ],
    "location": [
      6.931292065208254,
      -5.715372265978658,
      1.0141849700610805
    ],
    "rotation": [
      -0.052078259570953654,
      -0.025134323133670814,
      0.8001793779965285
    ]
  },
  {
    "label_id": "gjGLaHajamdONAcPH7CDLA",
    "size": [
      2.1356453582093,
      4.852355393954673,
      1.4499999999999886
    ],
    "obj_class": "vehicle",
    "point_num_in_lidar": 21,
    "speed": 2.7696672375444207,
    "if_vehicle": true,
    "motion_state": true,
    "pose": [
      [
        0.7205335513240376,
        -0.6912488654369732,
        -0.054830716286290826,
        25.542859391316597
      ],
      [
        0.6928979246384266,
        0.7208046126718061,
        0.018253119810294895,
        13.089861895583454
      ],
      [
        0.026904784855706066,
        -0.05114407476086421,
        0.9983288116491095,
        1.4563262619557804
      ],
      [
        0.0,
        0.0,
        0.0,
        1.0
      ]
    ],
    "location": [
      25.542859391316597,
      13.089861895583454,
      1.4563262619557804
    ],
    "rotation": [
      -0.0511849425453682,
      -0.026908031829813796,
      0.765848502599501
    ]
  },
  {
    "label_id": "ibLQ5RGWGQlDKl5M9m_fpg",
    "size": [
      0.5535916266394176,
      0.18064474766288185,
      0.6399999999999864
    ],
    "obj_class": "sign",
    "point_num_in_lidar": 22,
    "speed": 4.687428401686771e-12,
    "if_vehicle": false,
    "motion_state": false,
    "pose": [
      [
        -0.6659369518583612,
        0.7439903014832431,
        -0.054830716286290826,
        10.00001382821938
      ],
      [
        -0.7456551876357671,
        -0.666081950490373,
        0.018253119810294895,
        -11.662164729634242
      ],
      [
        -0.022941606340085807,
        0.053040235009030955,
        0.9983288116491095,
        2.6832455737161354
      ],
      [
        0.0,
        0.0,
        0.0,
        1.0
      ]
    ],
    "location": [
      10.00001382821938,
      -11.662164729634242,
      2.6832455737161354
    ],
    "rotation": [
      0.05307911912918125,
      0.022943619244254115,
      -2.2997804265252095
    ]
  },
  {
    "label_id": "kwt1bkheO0Bc3W4oj6l46A",
    "size": [
      2.092934821603266,
      4.408648013348169,
      1.46723845541203
    ],
    "obj_class": "vehicle",
    "point_num_in_lidar": 1549,
    "speed": 4.582862941503293e-12,
    "if_vehicle": true,
    "motion_state": false,
    "pose": [
      [
        0.696818298910403,
        -0.7151488312618182,
        -0.054830716286290826,
        -23.19979483176212
      ],
      [
        0.7168060918359243,
        0.6970336077436291,
        0.018253119810294895,
        -18.26353312291758
      ],
      [
        0.02516515468898633,
        -0.05202209934975796,
        0.9983288116491095,
        -0.16579184503996203
      ],
      [
        0.0,
        0.0,
        0.0,
        1.0
      ]
    ],
    "location": [
      -23.19979483176212,
      -18.26353312291758,
      -0.16579184503996203
    ],
    "rotation": [
      -0.0520620951179861,
      -0.025167811565416663,
      0.7995366157424192
    ]
  },
  {
    "label_id": "lto9Yj_ymM15tMJSVFWMXw",
    "size": [
      0.5771929255696073,
      0.2093733918256646,
      0.5699999999999932
    ],
    "obj_class": "sign",
    "point_num_in_lidar": 20,
    "speed": 0.015343515756341597,
    "if_vehicle": false,
    "motion_state": false,
    "pose": [
      [
        -0.6659369518844879,
        0.7439903014598576,
        -0.054830716286290826,
        4.199760869767488
      ],
      [
        -0.7456551876123766,
        -0.6660819505165582,
        0.018253119810294895,
        -17.22370898009831
      ],
      [
        -0.02294160634194841,
        0.05304023500822532,
        0.9983288116491095,
        0.6175859659015828
      ],
      [
        0.0,
        0.0,
        0.0,
        1.0
      ]
    ],
    "location": [
      4.199760869767488,
      -17.22370898009831,
      0.6175859659015828
    ],
    "rotation": [
      0.05307911912837654,
      0.02294361924611721,
      -2.2997804265602864
    ]
  },
  {
    "label_id": "m4Ve9ReHKM06uu4tCR8qRw",
    "size": [
      2.1034666673429587,
      4.81463633700088,
      1.8600000000000136
    ],
    "obj_class": "vehicle",
    "point_num_in_lidar": 190,
    "speed": 6.095963984124473,
    "if_vehicle": true,
    "motion_state": true,
    "pose": [
      [
        0.6251353388738565,
        -0.7785880814927755,
        -0.054830716286290826,
        5.397549792658538
      ],
      [
        0.7802583438800753,
        0.6251909631646265,
        0.018253119810294895,
        -0.6170664184901398
      ],
      [
        0.02006800679167726,
        -0.054192794121413354,
        0.9983288116491095,
        1.0514777050927364
      ],
      [
        0.0,
        0.0,
        0.0,
        1.0
      ]
    ],
    "location": [
      5.397549792658538,
      -0.6170664184901398,
      1.0514777050927364
    ],
    "rotation": [
      -0.05423028709634378,
      -0.020069354016837376,
      0.8953300738704224
    ]
  },
  {
    "label_id": "n6HSmbVZgyrHjDXPpmljnw",
    "size": [
      2.0683147956810135,
      4.714627999058088,
      1.8500000000000227
    ],
    "obj_class": "vehicle",
    "point_num_in_lidar": 347,
    "speed": 0.05652077684005339,
    "if_vehicle": true,
    "motion_state": false,
    "pose": [
      [
        0.6829927165637654,
        -0.7283642918707508,
        -0.054830716286290826,
        1.3707143134342914
      ],
      [
        0.7300253723843737,
        0.6831762432141852,
        0.018253119810294895,
        -11.269353449140908
      ],
      [
        0.024164122080153595,
        -0.0524945619599986,
        0.9983288116491095,
        0.8608500987728007
      ],
      [
        0.0,
        0.0,
        0.0,
        1.0
      ]
    ],
    "location": [
      1.3707143134342914,
      -11.269353449140908,
      0.8608500987728007
    ],
    "rotation": [
      -0.05253405540449569,
      -0.024166474289394415,
      0.8186711260336277
    ]
  },
  {
    "label_id": "s_m9MSl5vBvlUgVTC4ApFA",
    "size": [
      1.8169175971080354,
      2.908720694006148,
      1.6100000000000136
    ],
    "obj_class": "vehicle",
    "point_num_in_lidar": 1305,
    "speed": 1.7053025658242404e-12,
    "if_vehicle": true,
    "motion_state": false,
    "pose": [
      [
        0.7090387368152109,
        -0.7030346095655764,
        -0.054830716286290826,
        -21.29040581001027
      ],
      [
        0.704687913705701,
        0.709282572670651,
        0.018253119810294895,
        -39.87393064536445
      ],
      [
        0.026057896549730564,
        -0.051580712080003685,
        0.9983288116491095,
        -0.24569308624899122
      ],
      [
        0.0,
        0.0,
        0.0,
        1.0
      ]
    ],
    "location": [
      -21.29040581001027,
      -39.87393064536445,
      -0.24569308624899122
    ],
    "rotation": [
      -0.05162115615322335,
      -0.02606084639713953,
      0.7823206169906333
    ]
  },
  {
    "label_id": "ttfnnllNpDo3NuL5zmluFQ",
    "size": [
      2.194383541300032,
      5.091401428471968,
      1.920000000000016
    ],
    "obj_class": "vehicle",
    "point_num_in_lidar": 1528,
    "speed": 3.4961351148877022,
    "if_vehicle": true,
    "motion_state": true,
    "pose": [
      [
        0.43386814754052094,
        -0.8993064122429513,
        -0.054830716286290826,
        -18.981741450435948
      ],
      [
        0.9009463426049021,
        0.4335464350724631,
        0.018253119810294895,
        -16.091219131601974
      ],
      [
        0.007356513889553992,
        -0.05731898057946859,
        0.9983288116491095,
        0.18966968580855337
      ],
      [
        0.0,
        0.0,
        0.0,
        1.0
      ]
    ],
    "location": [
      -18.981741450435948,
      -16.091219131601974,
      0.18966968580855337
    ],
    "rotation": [
      -0.0573519672835213,
      -0.00735658024483675,
      1.1220016505629296
    ]
  },
  {
    "label_id": "uIxMP7iEYRoxSyJNOTXCbQ",
    "size": [
      0.8697583960169468,
      0.8522642563075351,
      1.8000000000000114
    ],
    "obj_class": "pedestrian",
    "point_num_in_lidar": 75,
    "speed": 1.6571675460248407,
    "if_vehicle": false,
    "motion_state": true,
    "pose": [
      [
        -0.7599266250296208,
        0.6476921468742863,
        -0.054830716286290826,
        -8.836872572850552
      ],
      [
        -0.6493224176619714,
        -0.7602941677658742,
        0.018253119810294895,
        -32.4697542200156
      ],
      [
        -0.029865071449808784,
        0.049473844994850705,
        0.9983288116491095,
        0.44283998894650267
      ],
      [
        0.0,
        0.0,
        0.0,
        1.0
      ]
    ],
    "location": [
      -8.836872572850552,
      -32.4697542200156,
      0.44283998894650267
    ],
    "rotation": [
      0.0495161550630448,
      0.029869512787466544,
      -2.434518433749675
    ]
  },
  {
    "label_id": "wKY9S0P3F82kx5NB0k8wDw",
    "size": [
      2.0768279833544967,
      4.443809124814965,
      1.910000000000025
    ],
    "obj_class": "vehicle",
    "point_num_in_lidar": 2504,
    "speed": 5.933516042400389,
    "if_vehicle": true,
    "motion_state": true,
    "pose": [
      [
        0.7359869311878721,
        -0.6747716870706646,
        -0.054830716286290826,
        -15.759592072186933
      ],
      [
        0.67641419215596,
        0.7362952290129219,
        0.018253119810294895,
        -26.92852304821281
      ],
      [
        0.0280549063562614,
        -0.050522332295907545,
        0.9983288116491095,
        0.3785319174295978
      ],
      [
        0.0,
        0.0,
        0.0,
        1.0
      ]
    ],
    "location": [
      -15.759592072186933,
      -26.92852304821281,
      0.3785319174295978
    ],
    "rotation": [
      -0.05056376980996146,
      -0.028058587892547258,
      0.7432448056696653
    ]
  },
  {
    "label_id": "yG0O1XS8xOWBvEmD_goTLQ",
    "size": [
      2.2176213397487556,
      5.352868066069157,
      2.009999999999991
    ],
    "obj_class": "vehicle",
    "point_num_in_lidar": 22,
    "speed": 3.9521050382633005,
    "if_vehicle": true,
    "motion_state": true,
    "pose": [
      [
        0.7127888365266513,
        -0.6992321982535668,
        -0.054830716286290826,
        27.848229528593947
      ],
      [
        0.7008841745679262,
        0.7130415117350658,
        0.018253119810294895,
        19.28205061526387
      ],
      [
        0.02633340774035508,
        -0.05144060135784676,
        0.9983288116491095,
        2.2008500987731736
      ],
      [
        0.0,
        0.0,
        0.0,
        1.0
      ]
    ],
    "location": [
      27.848229528593947,
      19.28205061526387,
      2.2008500987731736
    ],
    "rotation": [
      -0.05148118352843495,
      -0.026336452166885387,
      0.7769772764793713
    ]
  }
]