[
  {
    "label_id": "-ax0saSQy_JVW_zkFbW-rw",
    "size": [
      2.155728107273091,
      5.019212518632695,
      1.740000000000009
    ],
    "obj_class": "vehicle",
    "point_num_in_lidar": 6733,
    "speed": 0.018887438106762636,
    "if_vehicle": true,
    "motion_state": false,
    "pose": [
      [
        0.7199062559115905,
        -0.6909824719174522,
        -0.06540799799873831,
        -5.892000758685754
      ],
      [
        0.6936671687612906,
        0.7195005840726725,
        0.0338344277589889,
        -0.9175300428105402
      ],
      [
        0.0236820962342978,
        -0.06972899699501385,
        0.9972848265646173,
        0.5669629411571009
      ],
      [
        0.0,
        0.0,
        0.0,
        1.0
      ]
    ],
    "location": [
      -5.892000758685754,
      -0.9175300428105402,
      0.5669629411571009
    ],
    "rotation": [
      -0.06980523569772681,
      -0.023684310444277313,
      0.7668380562976224
    ]
  },
  {
    "label_id": "0TTpzF8WjDXQbo0lfz9cHQ",
    "size": [
      2.1575446701900423,
      5.032259334955597,
      2.0300000000000296
    ],
    "obj_class": "vehicle",
    "point_num_in_lidar": 157,
    "speed": 2.034937315165767,
    "if_vehicle": true,
    "motion_state": true,
    "pose": [
      [
        0.5807611454757247,
        -0.8114421024962417,
        -0.06540799799873831,
        24.240811175368435
      ],
      [
        0.8140066335969529,
        0.5798693231740903,
        0.0338344277589889,
        26.319975862999854
      ],
      [
        0.010473412332189486,
        -0.07289226528309524,
        0.9972848265646173,
        1.7045509519243183
      ],
      [
        0.0,
        0.0,
        0.0,
        1.0
      ]
    ],
    "location": [
      24.240811175368435,
      26.319975862999854,
      1.7045509519243183
    ],
    "rotation": [
      -0.07296097849669236,
      -0.010473603817204562,
      0.9510938333779217
    ]
  },
  {
    "label_id": "0jw4kmyd3WAM6MTC97B0nA",
    "size": [
      1.9708569114708734,
      4.39763427653422,
      1.5199999999999818
    ],
    "obj_class": "vehicle",
    "point_num_in_lidar": 177,
    "speed": 3.2344442072711574,
    "if_vehicle": true,
    "motion_state": true,
    "pose": [
      [
        0.7087689290206145,
        -0.7024018785942762,
        -0.06540799799873831,
        20.440850149443577
      ],
      [
        0.7050797477604981,
        0.7083203941693433,
        0.0338344277589889,
        7.956341766061087
      ],
      [
        0.02256445330521781,
        -0.07009864585723348,
        0.9972848265646173,
        1.3360271050629535
      ],
      [
        0.0,
        0.0,
        0.0,
        1.0
      ]
    ],
    "location": [
      20.440850149443577,
      7.956341766061087,
      1.3360271050629535
    ],
    "rotation": [
      -0.07017407823772183,
      -0.022566368543091287,
      0.7827888509950057
    ]
  },
  {
    "label_id": "1-vuNCDJYzRYJGZGloUAOQ",
    "size": [
      0.7092098508540965,
      1.1633401586890373,
      1.8799999999999955
    ],
    "obj_class": "pedestrian",
    "point_num_in_lidar": 53,
    "speed": 1.3638774496145372,
    "if_vehicle": false,
    "motion_state": true,
    "pose": [
      [
        -0.746520233198042,
        0.6621399664902716,
        -0.06540799799873831,
        15.441763662234735
      ],
      [
        -0.6648385387694198,
        -0.7462204425403824,
        0.0338344277589889,
        24.753199942999345
      ],
      [
        -0.026405658349744527,
        0.068743842714077,
        0.9972848265646173,
        1.7320001118756068
      ],
      [
        0.0,
        0.0,
        0.0,
        1.0
      ]
    ],
    "location": [
      15.441763662234735,
      24.753199942999345,
      1.7320001118756068
    ],
    "rotation": [
      0.06882213770294986,
      0.026408727909211265,
      -2.4140045115708264
    ]
  },
  {
    "label_id": "6HVXhYC72IvDIQuQMrZ1fw",
    "size": [
      0.9375535647081894,
      2.33290891473492,
      1.3500000000000227
    ],
    "obj_class": "vehicle",
    "point_num_in_lidar": 42,
    "speed": 3.5950934718225418e-12,
    "if_vehicle": true,
    "motion_state": false,
    "pose": [
      [
        0.7641866353209815,
        0.6416701490599311,
        -0.06540799799873831,
        16.31392953626346
      ],
      [
        -0.6409789662460375,
        0.7668123605735518,
        0.0338344277589889,
        21.280435684828262
      ],
      [
        0.07186620364927054,
        0.016069333434301628,
        0.9972848265646173,
        1.111049302298511
      ],
      [
        0.0,
        0.0,
        0.0,
        1.0
      ]
    ],
    "location": [
      16.31392953626346,
      21.280435684828262,
      1.111049302298511
    ],
    "rotation": [
      0.016111688979362843,
      -0.07192820971221058,
      -0.697939879376897
    ]
  },
  {
    "label_id": "6i_mPMYxgh2SXwhx4Y83Bg",
    "size": [
      0.7184178508177582,
      0.8689585357133183,
      1.6299999999999955
    ],
    "obj_class": "pedestrian",
    "point_num_in_lidar": 62,
    "speed": 1.2396506546769441,
    "if_vehicle": false,
    "motion_state": true,
    "pose": [
      [
        0.6754821218868097,
        -0.7344696704487464,
        -0.06540799799873831,
        9.284701662410953
      ],
      [
        0.7371238963653701,
        0.6749100628271568,
        0.0338344277589889,
        18.668632032859023
      ],
      [
        0.019294155032760527,
        -0.0710683493937561,
        0.9972848265646173,
        1.4032706060783084
      ],
      [
        0.0,
        0.0,
        0.0,
        1.0
      ]
    ],
    "location": [
      9.284701662410953,
      18.668632032859023,
      1.4032706060783084
    ],
    "rotation": [
      -0.07114157539927682,
      -0.019295352321240317,
      0.8290074165301657
    ]
  },
  {
    "label_id": "EetSvF1uXlOXoFDbzwPnMw",
    "size": [
      2.0874334641266454,
      4.543415239634662,
      1.7800000000000296
    ],
    "obj_class": "vehicle",
    "point_num_in_lidar": 5829,
    "speed": 5.684341886080801e-13,
    "if_vehicle": true,
    "motion_state": false,
    "pose": [
      [
        0.7199062559110189,
        -0.6909824719180477,
        -0.06540799799873831,
        -10.48569553769994
      ],
      [
        0.6936671687618858,
        0.7195005840720986,
        0.0338344277589889,
        -5.258483343437547
      ],
      [
        0.023682096234240106,
        -0.06972899699503343,
        0.9972848265646173,
        0.45966968580916046
      ],
      [
        0.0,
        0.0,
        0.0,
        1.0
      ]
    ],
    "location": [
      -10.48569553769994,
      -5.258483343437547,
      0.45966968580916046
    ],
    "rotation": [
      -0.06980523569774635,
      -0.023684310444219606,
      0.7668380562984478
    ]
  },
  {
    "label_id": "FG2cqOpTxdur3yJJN5wWSg",
    "size": [
      1.7009916069707516,
      0.1445946427101845,
      1.7200000000000273
    ],
    "obj_class": "sign",
    "point_num_in_lidar": 117,
    "speed": 1.1368683772161603e-12,
    "if_vehicle": false,
    "motion_state": false,
    "pose": [
      [
        -0.6578836705352228,
        0.7502738632265551,
        -0.06540799799873831,
        14.563231364241801
      ],
      [
        -0.7529137843000758,
        -0.6572488607134747,
        0.0338344277589889,
        21.595739660479012
      ],
      [
        -0.017604245341423592,
        0.0715057008212643,
        0.9972848265646173,
        2.1584273630970188
      ],
      [
        0.0,
        0.0,
        0.0,
        1.0
      ]
    ],
    "location": [
      14.563231364241801,
      21.595739660479012,
      2.1584273630970188
    ],
    "rotation": [
      0.07157788817644632,
      0.017605154755265903,
      -2.2889369415139003
    ]
  },
  {
    "label_id": "GXY29zmAxt7I63pSzmjgzw",
    "size": [
      1.9490319488613927,
      4.705729582353263,
      1.490000000000009
    ],
    "obj_class": "vehicle",
    "point_num_in_lidar": 1541,
    "speed": 7.958078640513122e-12,
    "if_vehicle": true,
    "motion_state": false,
    "pose": [
      [
        0.6925779649567116,
        -0.718371461191365,
        -0.06540799799873831,
        5.260722854050982
      ],
      [
        0.721038413346776,
        0.6920685211571072,
        0.0338344277589889,
        -13.708229404131998
      ],
      [
        0.020961129139035306,
        -0.07059465821999478,
        0.9972848265646173,
        0.6264153606655327
      ],
      [
        0.0,
        0.0,
        0.0,
        1.0
      ]
    ],
    "location": [
      5.260722854050982,
      -13.708229404131998,
      0.6264153606655327
    ],
    "rotation": [
      -0.0706689785736827,
      -0.02096266438742816,
      0.8055285215115449
    ]
  },
  {
    "label_id": "Lf3LG9rVTnVHrMCX7zCJKw",
    "size": [
      0.40196761666981784,
      0.09668230797251454,
      0.45999999999997954
    ],
    "obj_class": "sign",
    "point_num_in_lidar": 23,
    "speed": 0.04140357078218899,
    "if_vehicle": false,
    "motion_state": false,
    "pose": [
      [
        -0.7622321227200782,
        0.643990671432002,
        -0.06540799799873831,
        21.988626309117535
      ],
      [
        -0.6466956743541855,
        -0.7619973335057064,
        0.0338344277589889,
        0.5993433931726031
      ],
      [
        -0.02805166421495635,
        0.06808875706570452,
        0.9972848265646173,
        3.9638396988613067
      ],
      [
        0.0,
        0.0,
        0.0,
        1.0
      ]
    ],
    "location": [
      21.988626309117535,
      0.5993433931726031,
      3.9638396988613067
    ],
    "rotation": [
      0.06816834551416735,
      0.028055344474727472,
      -2.438014519027459
    ]
  },
  {
    "label_id": "MQpQK2kzZfJnvO5GRR-ocg",
    "size": [
      0.6528417423451065,
      0.8721263315164834,
      1.6800000000000068
    ],
    "obj_class": "pedestrian",
    "point_num_in_lidar": 102,
    "speed": 1.2614485439531926,
    "if_vehicle": false,
    "motion_state": true,
    "pose": [
      [
        0.6726097007436493,
        -0.7371010678755902,
        -0.06540799799873831,
        9.809890478736634
      ],
      [
        0.7397530403226494,
        0.6720272842910607,
        0.0338344277589889,
        18.192708433387452
      ],
      [
        0.019016566433897014,
        -0.07114312971079058,
        0.9972848265646173,
        1.4466386551828236
      ],
      [
        0.0,
        0.0,
        0.0,
        1.0
      ]
    ],
    "location": [
      9.809890478736634,
      18.192708433387452,
      1.4466386551828236
    ],
    "rotation": [
      -0.0712161800508124,
      -0.019017712779971607,
      0.8329021255291806
    ]
  },
  {
    "label_id": "M_pukwq6hUWGFs2nP409zw",
    "size": [
      1.4795717937623587,
      1.1687500457983857,
      1.9399999999999977
    ],
    "obj_class": "pedestrian",
    "point_num_in_lidar": 86,
    "speed": 0.08415371943293201,
    "if_vehicle": false,
    "motion_state": false,
    "pose": [
      [
        -0.42523945044872774,
        -0.9027143532590257,
        -0.06540799799873831,
        18.59923874523156
      ],
      [
        0.9031862714939863,
        -0.42791329785718596,
        0.0338344277589889,
        -20.33350548918679
      ],
      [
        -0.05853177570222121,
        -0.044687872371886955,
        0.9972848265646173,
        1.3519318382908523
      ],
      [
        0.0,
        0.0,
        0.0,
        1.0
      ]
    ],
    "location": [
      18.59923874523156,
      -20.33350548918679,
      1.3519318382908523
    ],
    "rotation": [
      -0.04477958317404363,
      0.058565248671986855,
      2.010829806920166
    ]
  },
  {
    "label_id": "MbWLXdRi2KwMbFQQAs1ygA",
    "size": [
      0.728140639322306,
      0.1852946014904465,
      0.8100000000000023
    ],
    "obj_class": "sign",
    "point_num_in_lidar": 114,
    "speed": 0.0035983343991726623,
    "if_vehicle": false,
    "motion_state": false,
    "pose": [
      [
        -0.6655120705009446,
        0.7435156204245763,
        -0.06540799799873831,
        9.771265416027745
      ],
      [
        -0.7461618872625544,
        -0.6649042558857663,
        0.0338344277589889,
        -11.517439029055822
      ],
      [
        -0.018333630691393644,
        0.07132217530090329,
        0.9972848265646173,
        3.4349494339319335
      ],
      [
        0.0,
        0.0,
        0.0,
        1.0
      ]
    ],
    "location": [
      9.771265416027745,
      -11.517439029055822,
      3.4349494339319335
    ],
    "rotation": [
      0.07139480181889045,
      0.018334657902918338,
      -2.299125899237244
    ]
  },
  {
    "label_id": "Og6VoFd0EWMcQ8sDZzW6pg",
    "size": [
      0.7286887612654782,
      0.7519085157982772,
      1.670000000000016
    ],
    "obj_class": "pedestrian",
    "point_num_in_lidar": 21,
    "speed": 1.9109355245853085e-27,
    "if_vehicle": false,
    "motion_state": false,
    "pose": [
      [
        0.7292534600480225,
        0.6811102589197907,
        -0.06540799799873831,
        15.683354158281873
      ],
      [
        -0.6805586279118069,
        0.7319120066463047,
        0.0338344277589889,
        -34.03674568225688
      ],
      [
        0.07091787491730192,
        0.01984010386049204,
        0.9972848265646173,
        0.4688683072066624
      ],
      [
        0.0,
        0.0,
        0.0,
        1.0
      ]
    ],
    "location": [
      15.683354158281873,
      -34.03674568225688,
      0.4688683072066624
    ],
    "rotation": [
      0.019891495930858646,
      -0.07097745493425094,
      -0.750871943936748
    ]
  },
  {
    "label_id": "PDdsl0JNXo0zsxZUTYyooQ",
    "size": [
      0.7981004814208172,
      1.0569631758026503,
      1.910000000000025
    ],
    "obj_class": "pedestrian",
    "point_num_in_lidar": 667,
    "speed": 1.612923044788993,
    "if_vehicle": false,
    "motion_state": true,
    "pose": [
      [
        0.7020064296161512,
        -0.7091606070386178,
        -0.06540799799873831,
        -7.281166274475254
      ],
      [
        0.711834055710629,
        0.7015322577250306,
        0.0338344277589889,
        1.3449616569560021
      ],
      [
        0.02189177718096034,
        -0.07031162632054798,
        0.9972848265646173,
        0.8999986380574683
      ],
      [
        0.0,
        0.0,
        0.0,
        1.0
      ]
    ],
    "location": [
      -7.281166274475254,
      1.3449616569560021,
      0.8999986380574683
    ],
    "rotation": [
      -0.0703865854452985,
      -0.021893526163543654,
      0.7923490662198515
    ]
  },
  {
    "label_id": "RAFCawN5UP3I_7vS3c_Z6Q",
    "size": [
      0.7771000330950816,
      0.6000695416612203,
      1.920000000000016
    ],
    "obj_class": "pedestrian",
    "point_num_in_lidar": 536,
    "speed": 0.008185349821908229,
    "if_vehicle": false,
    "motion_state": false,
    "pose": [
      [
        0.7198523100140961,
        0.691038671541012,
        -0.06540799799873831,
        -4.64184637220751
      ],
      [
        -0.690523520176309,
        0.7225181655720084,
        0.0338344277589889,
        6.357911705861625
      ],
      [
        0.07063936473870802,
        0.020809970045460535,
        0.9972848265646173,
        0.9846502578610057
      ],
      [
        0.0,
        0.0,
        0.0,
        1.0
      ]
    ],
    "location": [
      -4.64184637220751,
      6.357911705861625,
      0.9846502578610057
    ],
    "rotation": [
      0.020863598791455114,
      -0.07069824450855439,
      -0.7646061427670325
    ]
  },
  {
    "label_id": "SVtwv1xNRMziqE3GDAHqrA",
    "size": [
      0.7819850836686547,
      1.8584476636424367,
      1.9499999999999886
    ],
    "obj_class": "cyclist",
    "point_num_in_lidar": 625,
    "speed": 5.714541862391267,
    "if_vehicle": false,
    "motion_state": true,
    "pose": [
      [
        0.7149877319034547,
        -0.6960706408299023,
        -0.06540799799873831,
        0.9407816978346091
      ],
      [
        0.6987523931500857,
        0.7145630305055318,
        0.0338344277589889,
        -15.027406838744355
      ],
      [
        0.023186985456965768,
        -0.06989519589642516,
        0.9972848265646173,
        0.814892249851539
      ],
      [
        0.0,
        0.0,
        0.0,
        1.0
      ]
    ],
    "location": [
      0.9407816978346091,
      -15.027406838744355,
      0.814892249851539
    ],
    "rotation": [
      -0.06997107442616236,
      -0.02318906365395366,
      0.7739147055758282
    ]
  },
  {
    "label_id": "TgaQtjAqhVtWxHvxeKTNCA",
    "size": [
      2.1356453582079817,
      4.852355393954673,
      1.4499999999999886
    ],
    "obj_class": "vehicle",
    "point_num_in_lidar": 83,
    "speed": 7.2494855114179355,
    "if_vehicle": true,
    "motion_state": true,
    "pose": [
      [
        0.7287642954394813,
        -0.6816336226231753,
        -0.06540799799873831,
        34.3875129499138
      ],
      [
        0.6843233315671678,
        0.7283933067862675,
        0.0338344277589889,
        25.433774153447303
      ],
      [
        0.02458006438982884,
        -0.06941754200901282,
        0.9972848265646173,
        1.6514163886038205
      ],
      [
        0.0,
        0.0,
        0.0,
        1.0
      ]
    ],
    "location": [
      34.3875129499138,
      25.433774153447303,
      1.6514163886038205
    ],
    "rotation": [
      -0.06949444532226129,
      -0.024582540191781077,
      0.7539589802125998
    ]
  },
  {
    "label_id": "WLxPidkONZfEWD55dLlKWA",
    "size": [
      2.340132795073681,
      5.65358485138672,
      2.240000000000009
    ],
    "obj_class": "vehicle",
    "point_num_in_lidar": 2444,
    "speed": 9.287189293917432,
    "if_vehicle": true,
    "motion_state": true,
    "pose": [
      [
        0.7094515300134953,
        -0.7017124199836481,
        -0.06540799799873831,
        6.998506294108665
      ],
      [
        0.7043907239885915,
        0.7090055990308183,
        0.0338344277589889,
        -0.6580214959976729
      ],
      [
        0.02263259862098,
        -0.07007667360572137,
        0.9972848265646173,
        1.3336641523093817
      ],
      [
        0.0,
        0.0,
        0.0,
        1.0
      ]
    ],
    "location": [
      6.998506294108665,
      -0.6580214959976729,
      1.3336641523093817
    ],
    "rotation": [
      -0.0701521544483221,
      -0.02263453126621501,
      0.7818187086197269
    ]
  },
  {
    "label_id": "YQnZJJkxCHKc9DWlnQIJsQ",
    "size": [
      0.7040168138493547,
      0.9420250313960423,
      1.7799999999999727
    ],
    "obj_class": "pedestrian",
    "point_num_in_lidar": 221,
    "speed": 1.3987941013462866,
    "if_vehicle": false,
    "motion_state": true,
    "pose": [
      [
        -0.7643268559879075,
        0.6415031184752241,
        -0.06540799799873831,
        0.9399509702561772
      ],
      [
        -0.6442088722158674,
        -0.764100883690486,
        0.0338344277589889,
        10.161512408834824
      ],
      [
        -0.02827341815204542,
        0.06799697441784289,
        0.9972848265646173,
        1.0663642198218213
      ],
      [
        0.0,
        0.0,
        0.0,
        1.0
      ]
    ],
    "location": [
      0.9399509702561772,
      10.161512408834824,
      1.0663642198218213
    ],
    "rotation": [
      0.06807673941542865,
      0.028277186404326558,
      -2.4412672800730366
    ]
  },
  {
    "label_id": "YeDTe3z8sAGMJ4YCFJfJEg",
    "size": [
      2.003138356294079,
      4.590736175159691,
      1.420000000000016
    ],
    "obj_class": "vehicle",
    "point_num_in_lidar": 165,
    "speed": 4.685583145914927,
    "if_vehicle": true,
    "motion_state": true,
    "pose": [
      [
        0.721245856213585,
        -0.6895840838451319,
        -0.06540799799873831,
        27.085860602219327
      ],
      [
        0.6922695629010339,
        0.720845395198605,
        0.0338344277589889,
        14.953011080870056
      ],
      [
        0.023817371297943427,
        -0.0696829070033469,
        0.9972848265646173,
        1.506162017205952
      ],
      [
        0.0,
        0.0,
        0.0,
        1.0
      ]
    ],
    "location": [
      27.085860602219327,
      14.953011080870056,
      1.506162017205952
    ],
    "rotation": [
      -0.06975924490705526,
      -0.023819623675113158,
      0.7649015808596176
    ]
  },
  {
    "label_id": "a5UB6eiHSWzlL_IWYnXAdQ",
    "size": [
      2.26399018341299,
      4.937124122990977,
      1.8199999999999932
    ],
    "obj_class": "vehicle",
    "point_num_in_lidar": 654,
    "speed": 0.018180076903022344,
    "if_vehicle": true,
    "motion_state": false,
    "pose": [
      [
        0.7105829367599037,
        -0.7005666876061606,
        -0.06540799799873831,
        8.496537809009169
      ],
      [
        0.7032457077083236,
        0.7101413282495539,
        0.0338344277589889,
        13.456940542870143
      ],
      [
        0.0227456495948034,
        -0.07004006088298047,
        0.9972848265646173,
        1.1321688047000862
      ],
      [
        0.0,
        0.0,
        0.0,
        1.0
      ]
    ],
    "location": [
      8.496537809009169,
      13.456940542870143,
      1.1321688047000862
    ],
    "rotation": [
      -0.07011562232874649,
      -0.022747611350453167,
      0.7802085930684708
    ]
  },
  {
    "label_id": "bvQHQggD0sgtCVO9CF2c_w",
    "size": [
      0.8047188801899644,
      1.0342162884756225,
      1.759999999999991
    ],
    "obj_class": "pedestrian",
    "point_num_in_lidar": 171,
    "speed": 1.1956728805771528,
    "if_vehicle": false,
    "motion_state": true,
    "pose": [
      [
        -0.6363969693760644,
        0.7685835616032636,
        -0.06540799799873831,
        4.013550480198319
      ],
      [
        -0.7712044690148896,
        -0.6356877366047607,
        0.0338344277589889,
        13.224122096791689
      ],
      [
        -0.015574477211854662,
        0.07197506765233785,
        0.9972848265646173,
        1.2620111291207081
      ],
      [
        0.0,
        0.0,
        0.0,
        1.0
      ]
    ],
    "location": [
      4.013550480198319,
      13.224122096791689,
      1.2620111291207081
    ],
    "rotation": [
      0.07204610995266833,
      0.015575106916057173,
      -2.2607146238488927
    ]
  },
  {
    "label_id": "cfnQ4T7DCB-VqlGN8SclWg",
    "size": [
      2.090954042612391,
      4.7154423853796334,
      1.7900000000000205
    ],
    "obj_class": "vehicle",
    "point_num_in_lidar": 101,
    "speed": 0.0035101736177523247,
    "if_vehicle": true,
    "motion_state": false,
    "pose": [
      [
        0.6865953690881968,
        -0.7240915639229889,
        -0.06540799799873831,
        12.321983517158515
      ],
      [
        0.7267541985782213,
        0.6860638208994473,
        0.0338344277589889,
        17.34477042547951
      ],
      [
        0.020374837313952145,
        -0.07076609858124987,
        0.9972848265646173,
        1.2121688047000134
      ],
      [
        0.0,
        0.0,
        0.0,
        1.0
      ]
    ],
    "location": [
      12.321983517158515,
      17.34477042547951,
      1.2121688047000134
    ],
    "rotation": [
      -0.07084002652595767,
      -0.020376247291970313,
      0.8138044601862849
    ]
  },
  {
    "label_id": "dVT_TNeOHH9G7d0TcHcBZA",
    "size": [
      2.3751147110746693,
      5.193980647294666,
      1.8100000000000023
    ],
    "obj_class": "vehicle",
    "point_num_in_lidar": 482,
    "speed": 1.4396007483029745,
    "if_vehicle": true,
    "motion_state": true,
    "pose": [
      [
        0.6851322381147517,
        -0.725476126480857,
        -0.06540799799873831,
        11.921643307799968
      ],
      [
        0.7281376826682635,
        0.6845953159178879,
        0.0338344277589889,
        -0.4393113589321729
      ],
      [
        0.02023193946121519,
        -0.07080708530661968,
        0.9972848265646173,
        1.2166776647404163
      ],
      [
        0.0,
        0.0,
        0.0,
        1.0
      ]
    ],
    "location": [
      11.921643307799968,
      -0.4393113589321729,
      1.2166776647404163
    ],
    "rotation": [
      -0.07088091882241228,
      -0.02023331997678434,
      0.8158185221570124
    ]
  },
  {
    "label_id": "gjGLaHajamdONAcPH7CDLA",
    "size": [
      2.135645358209429,
      4.852355393954673,
      1.4499999999999886
    ],
    "obj_class": "vehicle",
    "point_num_in_lidar": 27,
    "speed": 5.664964371118998,
    "if_vehicle": true,
    "motion_state": true,
    "pose": [
      [
        0.7060236149950291,
        -0.7051612928026807,
        -0.06540799799873831,
        46.85857763370586
      ],
      [
        0.7078373919555007,
        0.705564637753237,
        0.0338344277589889,
        33.61220404865162
      ],
      [
        0.022290841594376727,
        -0.07018613171414703,
        0.9972848265646173,
        1.6094541764983887
      ],
      [
        0.0,
        0.0,
        0.0,
        1.0
      ]
    ],
    "location": [
      46.85857763370586,
      33.61220404865162,
      1.6094541764983887
    ],
    "rotation": [
      -0.07026137046504227,
      -0.02229268799216503,
      0.7866810164901994
    ]
  },
  {
    "label_id": "ibLQ5RGWGQlDKl5M9m_fpg",
    "size": [
      0.5535916266394204,
      0.18064474766288185,
      0.6399999999999864
    ],
    "obj_class": "sign",
    "point_num_in_lidar": 57,
    "speed": 4.687428401686771e-12,
    "if_vehicle": false,
    "motion_state": false,
    "pose": [
      [
        -0.6655120704650289,
        0.7435156204567241,
        -0.06540799799873831,
        10.00001382821938
      ],
      [
        -0.7461618872946729,
        -0.6649042558497226,
        0.0338344277589889,
        -11.662164729634242
      ],
      [
        -0.018333630687948403,
        0.0713221753017889,
        0.9972848265646173,
        2.737106282427874
      ],
      [
        0.0,
        0.0,
        0.0,
        1.0
      ]
    ],
    "location": [
      10.00001382821938,
      -11.662164729634242,
      2.737106282427874
    ],
    "rotation": [
      0.07139480181977395,
      0.018334657899472518,
      -2.2991258991890535
    ]
  },
  {
    "label_id": "m4Ve9ReHKM06uu4tCR8qRw",
    "size": [
      2.1034666673459053,
      4.81463633700088,
      1.8600000000000136
    ],
    "obj_class": "vehicle",
    "point_num_in_lidar": 169,
    "speed": 7.0090083810843335,
    "if_vehicle": true,
    "motion_state": true,
    "pose": [
      [
        0.7195472299204139,
        -0.6913563319386435,
        -0.06540799799873831,
        27.061096148510842
      ],
      [
        0.6940408176952071,
        0.7191401635781371,
        0.0338344277589889,
        22.837577174970647
      ],
      [
        0.02364587251143355,
        -0.06974128918477362,
        0.9972848265646173,
        1.707005181057923
      ],
      [
        0.0,
        0.0,
        0.0,
        1.0
      ]
    ],
    "location": [
      27.061096148510842,
      22.837577174970647,
      1.707005181057923
    ],
    "rotation": [
      -0.06981750138065193,
      -0.023648076574793977,
      0.7673563833237637
    ]
  },
  {
    "label_id": "n6HSmbVZgyrHjDXPpmljnw",
    "size": [
      2.068314795680411,
      4.714627999058088,
      1.8500000000000227
    ],
    "obj_class": "vehicle",
    "point_num_in_lidar": 2729,
    "speed": 1.6951960203861884,
    "if_vehicle": true,
    "motion_state": true,
    "pose": [
      [
        0.6769151504563157,
        -0.733149147773153,
        -0.06540799799873831,
        5.880567927950324
      ],
      [
        0.7358044857799905,
        0.6763482758196885,
        0.0338344277589889,
        -6.46596029416105
      ],
      [
        0.01943290479436927,
        -0.0710305350904396,
        0.9972848265646173,
        1.0228492548486656
      ],
      [
        0.0,
        0.0,
        0.0,
        1.0
      ]
    ],
    "location": [
      5.880567927950324,
      -6.46596029416105,
      1.0228492548486656
    ],
    "rotation": [
      -0.07110384962302164,
      -0.019434128102131843,
      0.827059126920109
    ]
  },
  {
    "label_id": "rJsIoossIwvtYPo__dIw5g",
    "size": [
      0.40196761666981784,
      0.09668230797251454,
      0.45999999999997954
    ],
    "obj_class": "sign",
    "point_num_in_lidar": 27,
    "speed": 0.03919768125050766,
    "if_vehicle": false,
    "motion_state": false,
    "pose": [
      [
        -0.7622321227200788,
        0.6439906714320013,
        -0.06540799799873831,
        21.98357799038422
      ],
      [
        -0.6466956743541847,
        -0.761997333505707,
        0.0338344277589889,
        0.5989444075385109
      ],
      [
        -0.02805166421495641,
        0.06808875706570451,
        0.9972848265646173,
        3.303839698860884
      ],
      [
        0.0,
        0.0,
        0.0,
        1.0
      ]
    ],
    "location": [
      21.98357799038422,
      0.5989444075385109,
      3.303839698860884
    ],
    "rotation": [
      0.06816834551416734,
      0.028055344474727534,
      -2.43801451902746
    ]
  },
  {
    "label_id": "yJmaul3i_QOWca4UwDk0Kg",
    "size": [
      2.0200141014527215,
      4.561176917376345,
      1.7300000000000182
    ],
    "obj_class": "vehicle",
    "point_num_in_lidar": 4930,
    "speed": 8.044482700348286,
    "if_vehicle": true,
    "motion_state": true,
    "pose": [
      [
        0.7016679988655466,
        -0.7094954638091889,
        -0.06540799799873831,
        -4.071822065481683
      ],
      [
        0.7121686859425986,
        0.7011925514871173,
        0.0338344277589889,
        -12.421509807070834
      ],
      [
        0.021858227988817258,
        -0.07032206320330822,
        0.9972848265646173,
        0.7295182173673425
      ],
      [
        0.0,
        0.0,
        0.0,
        1.0
      ]
    ],
    "location": [
      -4.071822065481683,
      -12.421509807070834,
      0.7295182173673425
    ],
    "rotation": [
      -0.070396998973152,
      -0.021859968941608875,
      0.7928251131420683
    ]
  },
  {
    "label_id": "z09Yi-tgsE0j3Ylaj2rJpA",
    "size": [
      0.7282340490753391,
      0.214924669584434,
      0.6999999999999886
    ],
    "obj_class": "sign",
    "point_num_in_lidar": 33,
    "speed": 0.004119624564716744,
    "if_vehicle": false,
    "motion_state": false,
    "pose": [
      [
        0.7508289089187318,
        -0.6572501375653746,
        -0.06540799799873831,
        19.386004510492057
      ],
      [
        0.6599506102933242,
        0.7505467496909772,
        0.0338344277589889,
        26.9077070402127
      ],
      [
        0.026854078002705797,
        -0.06856991467550316,
        0.9972848265646173,
        3.6477121427747647
      ],
      [
        0.0,
        0.0,
        0.0,
        1.0
      ]
    ],
    "location": [
      19.386004510492057,
      26.9077070402127,
      3.6477121427747647
    ],
    "rotation": [
      -0.06864855880610307,
      -0.026857306648928155,
      0.7210699620251441
    ]
  }
]