[
  {
    "label_id": "-a7taWtiLy3oA6tvs-biRQ",
    "size": [
      2.1306838054152117,
      4.68516771922441,
      1.7200000000000273
    ],
    "obj_class": "vehicle",
    "point_num_in_lidar": 28,
    "speed": 4.23610054243436,
    "if_vehicle": true,
    "motion_state": true,
    "pose": [
      [
        0.7129117065965592,
        -0.6988249956873638,
        -0.058314012039453404,
        25.11347074455989
      ],
      [
        0.7007537931717,
        0.7130756532361455,
        0.021615598934997676,
        21.119193051075854
      ],
      [
        0.02647678139532416,
        -0.05627377865756312,
        0.9980642473721538,
        1.6395004596703302
      ],
      [
        0.0,
        0.0,
        0.0,
        1.0
      ]
    ],
    "location": [
      25.11347074455989,
      21.119193051075854,
      1.6395004596703302
    ],
    "rotation": [
      -0.056323288012829195,
      -0.026479875830266005,
      0.7767980994588255
    ]
  },
  {
    "label_id": "-ax0saSQy_JVW_zkFbW-rw",
    "size": [
      2.1557281072730894,
      5.019212518632695,
      1.740000000000009
    ],
    "obj_class": "vehicle",
    "point_num_in_lidar": 118,
    "speed": 0.01888743794005171,
    "if_vehicle": true,
    "motion_state": false,
    "pose": [
      [
        0.7202234678762757,
        -0.6912869392084114,
        -0.058314012039453404,
        -5.829669515940623
      ],
      [
        0.6932139053546726,
        0.7204076952015463,
        0.021615598934997676,
        -0.9859630265273154
      ],
      [
        0.02706728178436672,
        -0.055992145647955655,
        0.9980642473721538,
        0.49777794787655694
      ],
      [
        0.0,
        0.0,
        0.0,
        1.0
      ]
    ],
    "location": [
      -5.829669515940623,
      -0.9859630265273154,
      0.49777794787655694
    ],
    "rotation": [
      -0.05604199853490575,
      -0.027070587959859255,
      0.7662913560081601
    ]
  },
  {
    "label_id": "0TTpzF8WjDXQbo0lfz9cHQ",
    "size": [
      2.157544670187926,
      5.032259334955597,
      2.0300000000000296
    ],
    "obj_class": "vehicle",
    "point_num_in_lidar": 106,
    "speed": 5.909654248739663,
    "if_vehicle": true,
    "motion_state": true,
    "pose": [
      [
        0.6971927889044202,
        -0.7145080063229098,
        -0.058314012039453404,
        10.656213384409057
      ],
      [
        0.7164399730346293,
        0.6973137965943461,
        0.021615598934997676,
        11.036909397749696
      ],
      [
        0.02521864662935886,
        -0.05684872891841749,
        0.9980642473721538,
        1.2785835765109823
      ],
      [
        0.0,
        0.0,
        0.0,
        1.0
      ]
    ],
    "location": [
      10.656213384409057,
      11.036909397749696,
      1.2785835765109823
    ],
    "rotation": [
      -0.056897509210941326,
      -0.025221320487723745,
      0.7990127282530433
    ]
  },
  {
    "label_id": "0jw4kmyd3WAM6MTC97B0nA",
    "size": [
      1.97085691146545,
      4.39763427653422,
      1.5199999999999818
    ],
    "obj_class": "vehicle",
    "point_num_in_lidar": 67,
    "speed": 1.3182828820784152,
    "if_vehicle": true,
    "motion_state": true,
    "pose": [
      [
        0.7131459639585553,
        -0.6985859360805122,
        -0.058314012039453404,
        13.644108507545752
      ],
      [
        0.7005146784894952,
        0.7133105572634127,
        0.021615598934997676,
        1.3454729275908903
      ],
      [
        0.0264956470081816,
        -0.056264898534290696,
        0.9980642473721538,
        1.1213602922952646
      ],
      [
        0.0,
        0.0,
        0.0,
        1.0
      ]
    ],
    "location": [
      13.644108507545752,
      1.3454729275908903,
      1.1213602922952646
    ],
    "rotation": [
      -0.056314418857391954,
      -0.026498748063905436,
      0.7764632401510335
    ]
  },
  {
    "label_id": "6i_mPMYxgh2SXwhx4Y83Bg",
    "size": [
      0.7184178508196551,
      0.8689585357133183,
      1.6299999999999955
    ],
    "obj_class": "pedestrian",
    "point_num_in_lidar": 30,
    "speed": 1.2158475627666956,
    "if_vehicle": false,
    "motion_state": true,
    "pose": [
      [
        0.7158742157847428,
        -0.6957898987298122,
        -0.058314012039453404,
        5.210327611697721
      ],
      [
        0.697717982283284,
        0.7160463553997216,
        0.021615598934997676,
        14.358449940125865
      ],
      [
        0.026715620395619834,
        -0.05616078475531954,
        0.9980642473721538,
        1.2178730774454607
      ],
      [
        0.0,
        0.0,
        0.0,
        1.0
      ]
    ],
    "location": [
      5.210327611697721,
      14.358449940125865,
      1.2178730774454607
    ],
    "rotation": [
      -0.05621043300809833,
      -0.02671879934829882,
      0.7725548304915426
    ]
  },
  {
    "label_id": "EK5IYzkmWzPAXFlA-PQnKQ",
    "size": [
      2.0312453607278775,
      4.547102622504835,
      1.6399999999999864
    ],
    "obj_class": "vehicle",
    "point_num_in_lidar": 1911,
    "speed": 1.1368683772161603e-12,
    "if_vehicle": true,
    "motion_state": false,
    "pose": [
      [
        0.6906820902438098,
        -0.7208035281658272,
        -0.058314012039453404,
        -17.900300179670012
      ],
      [
        0.7227365131548855,
        0.6907855661747713,
        0.021615598934997676,
        -36.83159681410325
      ],
      [
        0.024701877846832435,
        -0.05707517278376264,
        0.9980642473721538,
        -0.14069308624937094
      ],
      [
        0.0,
        0.0,
        0.0,
        1.0
      ]
    ],
    "location": [
      -17.900300179670012,
      -36.83159681410325,
      -0.14069308624937094
    ],
    "rotation": [
      -0.057123655646574116,
      -0.02470439064690189,
      0.8080729245103335
    ]
  },
  {
    "label_id": "EetSvF1uXlOXoFDbzwPnMw",
    "size": [
      2.087433464126645,
      4.543415239634662,
      1.7800000000000296
    ],
    "obj_class": "vehicle",
    "point_num_in_lidar": 38,
    "speed": 5.684341886080801e-13,
    "if_vehicle": true,
    "motion_state": false,
    "pose": [
      [
        0.7202234678757042,
        -0.6912869392090067,
        -0.058314012039453404,
        -10.48569553769994
      ],
      [
        0.6932139053552681,
        0.7204076952009735,
        0.021615598934997676,
        -5.258483343444823
      ],
      [
        0.027067281784320444,
        -0.05599214564797803,
        0.9980642473721538,
        0.4596696858095015
      ],
      [
        0.0,
        0.0,
        0.0,
        1.0
      ]
    ],
    "location": [
      -10.48569553769994,
      -5.258483343444823,
      0.4596696858095015
    ],
    "rotation": [
      -0.056041998534928104,
      -0.027070587959812965,
      0.7662913560089857
    ]
  },
  {
    "label_id": "GXY29zmAxt7I63pSzmjgzw",
    "size": [
      1.9490319488613923,
      4.705729582353263,
      1.490000000000009
    ],
    "obj_class": "vehicle",
    "point_num_in_lidar": 229,
    "speed": 7.958078640513122e-12,
    "if_vehicle": true,
    "motion_state": false,
    "pose": [
      [
        0.6928831352690394,
        -0.7186879968801542,
        -0.058314012039453404,
        5.260722854050982
      ],
      [
        0.7206206563930573,
        0.6929925219382389,
        0.021615598934997676,
        -13.708229404139274
      ],
      [
        0.024876302767599372,
        -0.05699936559358287,
        0.9980642473721538,
        0.565836603955745
      ],
      [
        0.0,
        0.0,
        0.0,
        1.0
      ]
    ],
    "location": [
      5.260722854050982,
      -13.708229404139274,
      0.565836603955745
    ],
    "rotation": [
      -0.057047948677856695,
      -0.024878869184571908,
      0.8050188830592422
    ]
  },
  {
    "label_id": "JsIhg21XPM4bj0p9nLSeqg",
    "size": [
      0.7337013722247945,
      0.9174614145625695,
      1.740000000000009
    ],
    "obj_class": "pedestrian",
    "point_num_in_lidar": 150,
    "speed": 1.4109999476486383,
    "if_vehicle": false,
    "motion_state": true,
    "pose": [
      [
        0.6872682892467887,
        -0.7240592341760823,
        -0.058314012039453404,
        -19.849033630267513
      ],
      [
        0.7259926865495946,
        0.6873626298826432,
        0.021615598934997676,
        -11.183968260382244
      ],
      [
        0.024431898663315053,
        -0.05719126196510874,
        0.9980642473721538,
        0.31493488066593045
      ],
      [
        0.0,
        0.0,
        0.0,
        1.0
      ]
    ],
    "location": [
      -19.849033630267513,
      -11.183968260382244,
      0.31493488066593045
    ],
    "rotation": [
      -0.05723959008049765,
      -0.024434329955128134,
      0.812792049520363
    ]
  },
  {
    "label_id": "MbWLXdRi2KwMbFQQAs1ygA",
    "size": [
      0.7281406393223077,
      0.1852946014904465,
      0.8100000000000023
    ],
    "obj_class": "sign",
    "point_num_in_lidar": 45,
    "speed": 5.684341886080801e-13,
    "if_vehicle": false,
    "motion_state": false,
    "pose": [
      [
        -0.6658053147805675,
        0.743843235372758,
        -0.058314012039453404,
        9.773895970320154
      ],
      [
        -0.7457786194396467,
        -0.6658430871229166,
        0.021615598934997676,
        -11.519892339340004
      ],
      [
        -0.022749364752543976,
        0.05788112404585713,
        0.9980642473721538,
        3.4284827615294375
      ],
      [
        0.0,
        0.0,
        0.0,
        1.0
      ]
    ],
    "location": [
      9.773895970320154,
      -11.519892339340004,
      3.4284827615294375
    ],
    "rotation": [
      0.057928500692568476,
      0.022751327469769416,
      -2.2995999786747237
    ]
  },
  {
    "label_id": "PDdsl0JNXo0zsxZUTYyooQ",
    "size": [
      0.7981004814185446,
      1.0569631758026503,
      1.910000000000025
    ],
    "obj_class": "pedestrian",
    "point_num_in_lidar": 100,
    "speed": 1.57566427375964,
    "if_vehicle": false,
    "motion_state": true,
    "pose": [
      [
        0.7318884899079119,
        -0.6789246750120214,
        -0.058314012039453404,
        -12.702538393885334
      ],
      [
        0.6808482253223688,
        0.7321054978335173,
        0.021615598934997676,
        -3.91117150572245
      ],
      [
        0.028016645332680265,
        -0.055523199671479624,
        0.9980642473721538,
        0.6307854213048358
      ],
      [
        0.0,
        0.0,
        0.0,
        1.0
      ]
    ],
    "location": [
      -12.702538393885334,
      -3.91117150572245,
      0.6307854213048358
    ],
    "rotation": [
      -0.05557360489445606,
      -0.02802031182342109,
      0.7492852244835467
    ]
  },
  {
    "label_id": "SVtwv1xNRMziqE3GDAHqrA",
    "size": [
      0.7819850836716024,
      1.8584476636424367,
      1.9499999999999886
    ],
    "obj_class": "cyclist",
    "point_num_in_lidar": 706,
    "speed": 5.130148998585547,
    "if_vehicle": false,
    "motion_state": true,
    "pose": [
      [
        0.6941522581415595,
        -0.7174622767204116,
        -0.058314012039453404,
        -17.69023820741495
      ],
      [
        0.7193947398854327,
        0.6942650604112611,
        0.021615598934997676,
        -33.04888784432842
      ],
      [
        0.024977004266815393,
        -0.0569553103346095,
        0.9980642473721538,
        0.1677145681952652
      ],
      [
        0.0,
        0.0,
        0.0,
        1.0
      ]
    ],
    "location": [
      -17.69023820741495,
      -33.04888784432842,
      0.1677145681952652
    ],
    "rotation": [
      -0.05700395136163388,
      -0.024979601983253854,
      0.8032538124024363
    ]
  },
  {
    "label_id": "W72TFhoZygkbnX5xrmqI5Q",
    "size": [
      2.0652656566310563,
      5.028616147937694,
      1.5072384554120504
    ],
    "obj_class": "vehicle",
    "point_num_in_lidar": 5721,
    "speed": 3.5950934718225418e-12,
    "if_vehicle": true,
    "motion_state": false,
    "pose": [
      [
        0.7128260446158043,
        -0.6989123737044939,
        -0.058314012039453404,
        -31.584978497761767
      ],
      [
        0.7008411912696666,
        0.7129897548369093,
        0.021615598934997676,
        -26.720808579550066
      ],
      [
        0.026469883586862905,
        -0.0562770235562802,
        0.9980642473721538,
        -0.4257918450398961
      ],
      [
        0.0,
        0.0,
        0.0,
        1.0
      ]
    ],
    "location": [
      -31.584978497761767,
      -26.720808579550066,
      -0.4257918450398961
    ],
    "rotation": [
      -0.05632652890156091,
      -0.026472975603412646,
      0.7769205203413767
    ]
  },
  {
    "label_id": "WLxPidkONZfEWD55dLlKWA",
    "size": [
      2.3401327950722757,
      5.65358485138672,
      2.240000000000009
    ],
    "obj_class": "vehicle",
    "point_num_in_lidar": 9075,
    "speed": 10.106717080764282,
    "if_vehicle": true,
    "motion_state": true,
    "pose": [
      [
        0.7179184492063172,
        -0.6936804569029311,
        -0.058314012039453404,
        -26.762938827629114
      ],
      [
        0.6956080255960886,
        0.7180962613807377,
        0.021615598934997676,
        -33.64676784878975
      ],
      [
        0.026880755486183117,
        -0.05608193204542999,
        0.9980642473721538,
        0.14356056123676808
      ],
      [
        0.0,
        0.0,
        0.0,
        1.0
      ]
    ],
    "location": [
      -26.762938827629114,
      -33.64676784878975,
      0.14356056123676808
    ],
    "rotation": [
      -0.056131676378417504,
      -0.026883993766300844,
      0.7696159537035726
    ]
  },
  {
    "label_id": "WusXYm4eNBs90QiKLvSqSw",
    "size": [
      2.1099975048687853,
      4.924193014114065,
      1.5400000000000205
    ],
    "obj_class": "vehicle",
    "point_num_in_lidar": 1375,
    "speed": 4.8567038364339685e-12,
    "if_vehicle": true,
    "motion_state": false,
    "pose": [
      [
        0.70018301392767,
        -0.7115779809739948,
        -0.058314012039453404,
        -13.898639058130357
      ],
      [
        0.7135094232406819,
        0.7003121224350117,
        0.021615598934997676,
        -32.59551171189378
      ],
      [
        0.02545682529134116,
        -0.05674247230727899,
        0.9980642473721538,
        0.03746880225497762
      ],
      [
        0.0,
        0.0,
        0.0,
        1.0
      ]
    ],
    "location": [
      -13.898639058130357,
      -32.59551171189378,
      0.03746880225497762
    ],
    "rotation": [
      -0.05679139015608622,
      -0.025459575642557054,
      0.7948245522259184
    ]
  },
  {
    "label_id": "YQnZJJkxCHKc9DWlnQIJsQ",
    "size": [
      0.7040168138527311,
      0.9420250313960423,
      1.7799999999999727
    ],
    "obj_class": "pedestrian",
    "point_num_in_lidar": 22,
    "speed": 1.1846936416384073,
    "if_vehicle": false,
    "motion_state": true,
    "pose": [
      [
        -0.5181046941725301,
        0.8533270193051733,
        -0.058314012039453404,
        5.025420121230127
      ],
      [
        -0.8552365085340081,
        -0.517786906316914,
        0.021615598934997676,
        14.786185207572998
      ],
      [
        -0.011749057279138215,
        0.06107141533080529,
        0.9980642473721538,
        1.1285864885423393
      ],
      [
        0.0,
        0.0,
        0.0,
        1.0
      ]
    ],
    "location": [
      5.025420121230127,
      14.786185207572998,
      1.1285864885423393
    ],
    "rotation": [
      0.06111366585974318,
      0.011749327603254442,
      -2.1154716901664257
    ]
  },
  {
    "label_id": "YeDTe3z8sAGMJ4YCFJfJEg",
    "size": [
      2.003138356292571,
      4.590736175159691,
      1.420000000000016
    ],
    "obj_class": "vehicle",
    "point_num_in_lidar": 51,
    "speed": 0.7799371429214171,
    "if_vehicle": true,
    "motion_state": false,
    "pose": [
      [
        0.6829900088160054,
        -0.728096232552659,
        -0.058314012039453404,
        18.96757533631171
      ],
      [
        0.7300302072424468,
        0.6830729553980538,
        0.021615598934997676,
        6.736537291806599
      ],
      [
        0.02409448839596606,
        -0.05733422840147801,
        0.9980642473721538,
        1.2810581260380332
      ],
      [
        0.0,
        0.0,
        0.0,
        1.0
      ]
    ],
    "location": [
      18.96757533631171,
      6.736537291806599,
      1.2810581260380332
    ],
    "rotation": [
      -0.057382363825034075,
      -0.024096820325157524,
      0.8186764080063385
    ]
  },
  {
    "label_id": "a5UB6eiHSWzlL_IWYnXAdQ",
    "size": [
      2.2639901834129907,
      4.937124122990977,
      1.8199999999999932
    ],
    "obj_class": "vehicle",
    "point_num_in_lidar": 104,
    "speed": 0.018180076757087948,
    "if_vehicle": true,
    "motion_state": false,
    "pose": [
      [
        0.7108960405947323,
        -0.7008753779856982,
        -0.058314012039453404,
        8.558907596820063
      ],
      [
        0.702804639658343,
        0.7110544313604887,
        0.021615598934997676,
        13.393312735039217
      ],
      [
        0.026314595597108484,
        -0.056349801916393896,
        0.9980642473721538,
        1.132168804699802
      ],
      [
        0.0,
        0.0,
        0.0,
        1.0
      ]
    ],
    "location": [
      8.558907596820063,
      13.393312735039217,
      1.132168804699802
    ],
    "rotation": [
      -0.0563992170122016,
      -0.02631763350228292,
      0.77967466570422
    ]
  },
  {
    "label_id": "b69ZJxO1bzwiUgQBZ8J7bw",
    "size": [
      2.082254928355108,
      4.81975962782915,
      1.607238455412073
    ],
    "obj_class": "vehicle",
    "point_num_in_lidar": 5732,
    "speed": 0.0,
    "if_vehicle": true,
    "motion_state": false,
    "pose": [
      [
        0.7205763359441498,
        -0.6909191125429709,
        -0.058314012039453404,
        -27.69913563778391
      ],
      [
        0.6928459843740228,
        0.7207615471287802,
        0.021615598934997676,
        -22.67887232567591
      ],
      [
        0.027095867103589376,
        -0.055978318154092606,
        0.9980642473721538,
        -0.25579184504061914
      ],
      [
        0.0,
        0.0,
        0.0,
        1.0
      ]
    ],
    "location": [
      -27.69913563778391,
      -22.67887232567591,
      -0.25579184504061914
    ],
    "rotation": [
      -0.05602818767860378,
      -0.02709918376725577,
      0.765781383590248
    ]
  },
  {
    "label_id": "chi0fAmQL1e5oWq3NTkLAw",
    "size": [
      2.217939091164305,
      5.344432669972154,
      1.8100000000000023
    ],
    "obj_class": "vehicle",
    "point_num_in_lidar": 658,
    "speed": 6.355287432313019e-12,
    "if_vehicle": true,
    "motion_state": false,
    "pose": [
      [
        0.6906820902432704,
        -0.720803528166344,
        -0.058314012039453404,
        -8.850701043887966
      ],
      [
        0.7227365131554024,
        0.6907855661742305,
        0.021615598934997676,
        -27.494771847304946
      ],
      [
        0.024701877846789722,
        -0.057075172783781124,
        0.9980642473721538,
        0.3861498897150568
      ],
      [
        0.0,
        0.0,
        0.0,
        1.0
      ]
    ],
    "location": [
      -8.850701043887966,
      -27.494771847304946,
      0.3861498897150568
    ],
    "rotation": [
      -0.057123655646592573,
      -0.024704390646859163,
      0.8080729245110808
    ]
  },
  {
    "label_id": "dVT_TNeOHH9G7d0TcHcBZA",
    "size": [
      2.3751147110697874,
      5.193980647294666,
      1.8100000000000023
    ],
    "obj_class": "vehicle",
    "point_num_in_lidar": 150,
    "speed": 0.6330163016630374,
    "if_vehicle": true,
    "motion_state": false,
    "pose": [
      [
        0.6940424543769691,
        -0.717568496745959,
        -0.058314012039453404,
        7.006027897103195
      ],
      [
        0.7195009771508579,
        0.69415496091409,
        0.021615598934997676,
        -5.6373944360311725
      ],
      [
        0.024968287913940724,
        -0.05695913198164761,
        0.9980642473721538,
        1.0141849700615353
      ],
      [
        0.0,
        0.0,
        0.0,
        1.0
      ]
    ],
    "location": [
      7.006027897103195,
      -5.6373944360311725,
      1.0141849700615353
    ],
    "rotation": [
      -0.05700776799108505,
      -0.02497088291120439,
      0.8034066448027298
    ]
  },
  {
    "label_id": "gjGLaHajamdONAcPH7CDLA",
    "size": [
      2.135645358210991,
      4.852355393954673,
      1.4499999999999886
    ],
    "obj_class": "vehicle",
    "point_num_in_lidar": 26,
    "speed": 3.113818935137022,
    "if_vehicle": true,
    "motion_state": true,
    "pose": [
      [
        0.7199810331881362,
        -0.6915394333291534,
        -0.058314012039453404,
        25.9485910337753
      ],
      [
        0.6934664639537778,
        0.7201645848374699,
        0.021615598934997676,
        13.48153587726847
      ],
      [
        0.02704764723202164,
        -0.05600163298215779,
        0.9980642473721538,
        1.4563262619564625
      ],
      [
        0.0,
        0.0,
        0.0,
        1.0
      ]
    ],
    "location": [
      25.9485910337753,
      13.48153587726847,
      1.4563262619564625
    ],
    "rotation": [
      -0.05605147444134844,
      -0.02705094621627448,
      0.7666415701363953
    ]
  },
  {
    "label_id": "ibLQ5RGWGQlDKl5M9m_fpg",
    "size": [
      0.5535916266394191,
      0.18064474766288185,
      0.6399999999999864
    ],
    "obj_class": "sign",
    "point_num_in_lidar": 30,
    "speed": 4.687428401686771e-12,
    "if_vehicle": false,
    "motion_state": false,
    "pose": [
      [
        -0.6658053147446343,
        0.743843235404921,
        -0.058314012039453404,
        10.00001382821938
      ],
      [
        -0.7457786194718116,
        -0.6658430870868902,
        0.021615598934997676,
        -11.662164729641518
      ],
      [
        -0.022749364749747904,
        0.057881124046956084,
        0.9980642473721538,
        2.686274533078972
      ],
      [
        0.0,
        0.0,
        0.0,
        1.0
      ]
    ],
    "location": [
      10.00001382821938,
      -11.662164729641518,
      2.686274533078972
    ],
    "rotation": [
      0.05792850069366587,
      0.02275132746697262,
      -2.299599978626485
    ]
  },
  {
    "label_id": "kwt1bkheO0Bc3W4oj6l46A",
    "size": [
      2.092934821603265,
      4.408648013348169,
      1.46723845541203
    ],
    "obj_class": "vehicle",
    "point_num_in_lidar": 1865,
    "speed": 4.582862941503293e-12,
    "if_vehicle": true,
    "motion_state": false,
    "pose": [
      [
        0.6966805574179082,
        -0.7150074663356567,
        -0.058314012039453404,
        -23.199794831765757
      ],
      [
        0.7169395192714687,
        0.6968001805320351,
        0.021615598934997676,
        -18.26353312291758
      ],
      [
        0.025177899488797992,
        -0.05686678727331249,
        0.9980642473721538,
        -0.16579184504001887
      ],
      [
        0.0,
        0.0,
        0.0,
        1.0
      ]
    ],
    "location": [
      -23.199794831765757,
      -18.26353312291758,
      -0.16579184504001887
    ],
    "rotation": [
      -0.056915544060618134,
      -0.025180560404737488,
      0.7997284459078866
    ]
  },
  {
    "label_id": "m4Ve9ReHKM06uu4tCR8qRw",
    "size": [
      2.103466667338669,
      4.81463633700088,
      1.8600000000000136
    ],
    "obj_class": "vehicle",
    "point_num_in_lidar": 179,
    "speed": 6.0292225446009295,
    "if_vehicle": true,
    "motion_state": true,
    "pose": [
      [
        0.6243257281940552,
        -0.7789845063381077,
        -0.058314012039453404,
        6.156326502419688
      ],
      [
        0.7809190768668807,
        0.6242580886685091,
        0.021615598934997676,
        0.32864732672896935
      ],
      [
        0.01956477703275992,
        -0.059033698995697194,
        0.9980642473721538,
        1.0669313025280758
      ],
      [
        0.0,
        0.0,
        0.0,
        1.0
      ]
    ],
    "location": [
      6.156326502419688,
      0.32864732672896935,
      1.0669313025280758
    ],
    "rotation": [
      -0.059079362867689306,
      -0.01956602541699787,
      0.8963752375793715
    ]
  },
  {
    "label_id": "n6HSmbVZgyrHjDXPpmljnw",
    "size": [
      2.0683147956808554,
      4.714627999058088,
      1.8500000000000227
    ],
    "obj_class": "vehicle",
    "point_num_in_lidar": 345,
    "speed": 0.0696364341154451,
    "if_vehicle": true,
    "motion_state": false,
    "pose": [
      [
        0.6812748634850525,
        -0.7297013336861087,
        -0.058314012039453404,
        1.3789808825968066
      ],
      [
        0.731635498200111,
        0.6813532590779592,
        0.021615598934997676,
        -11.260265431250446
      ],
      [
        0.023959510781701096,
        -0.05739076546412096,
        0.9980642473721538,
        0.860850098772346
      ],
      [
        0.0,
        0.0,
        0.0,
        1.0
      ]
    ],
    "location": [
      1.3789808825968066,
      -11.260265431250446,
      0.860850098772346
    ],
    "rotation": [
      -0.05743882404049347,
      -0.02396180373284637,
      0.8210262723340866
    ]
  },
  {
    "label_id": "s_m9MSl5vBvlUgVTC4ApFA",
    "size": [
      1.816917597108036,
      2.908720694006148,
      1.6100000000000136
    ],
    "obj_class": "vehicle",
    "point_num_in_lidar": 1095,
    "speed": 1.7053025658242404e-12,
    "if_vehicle": true,
    "motion_state": false,
    "pose": [
      [
        0.7088985796838643,
        -0.7028956392822925,
        -0.058314012039453404,
        -21.29040581001027
      ],
      [
        0.7048253438979969,
        0.7090514794299155,
        0.021615598934997676,
        -39.87393064536445
      ],
      [
        0.02615412627618351,
        -0.05642446097381558,
        0.9980642473721538,
        -0.24569308624933228
      ],
      [
        0.0,
        0.0,
        0.0,
        1.0
      ]
    ],
    "location": [
      -21.29040581001027,
      -39.87393064536445,
      -0.24569308624933228
    ],
    "rotation": [
      -0.056473782868037344,
      -0.026157108931826305,
      0.7825169611720133
    ]
  },
  {
    "label_id": "ttfnnllNpDo3NuL5zmluFQ",
    "size": [
      2.194383541293419,
      5.091401428471968,
      1.920000000000016
    ],
    "obj_class": "vehicle",
    "point_num_in_lidar": 1602,
    "speed": 3.177534349844134,
    "if_vehicle": true,
    "motion_state": true,
    "pose": [
      [
        0.42927539874216736,
        -0.9012891367561333,
        -0.058314012039453404,
        -18.7218618771185
      ],
      [
        0.9031567685417278,
        0.42876639014729845,
        0.021615598934997676,
        -15.549720386588888
      ],
      [
        0.005521183932571691,
        -0.061945739526128044,
        0.9980642473721538,
        0.1896696858086102
      ],
      [
        0.0,
        0.0,
        0.0,
        1.0
      ]
    ],
    "location": [
      -18.7218618771185,
      -15.549720386588888,
      0.1896696858086102
    ],
    "rotation": [
      -0.06198637122755824,
      -0.005521211983765805,
      1.1270987418833536
    ]
  },
  {
    "label_id": "uIxMP7iEYRoxSyJNOTXCbQ",
    "size": [
      0.8697583960120365,
      0.8522642563075351,
      1.8000000000000114
    ],
    "obj_class": "pedestrian",
    "point_num_in_lidar": 71,
    "speed": 1.6563482453336447,
    "if_vehicle": false,
    "motion_state": true,
    "pose": [
      [
        -0.7592576019870305,
        0.6481723303449219,
        -0.058314012039453404,
        -9.089005515841563
      ],
      [
        -0.6500852980697729,
        -0.7595537315530849,
        0.021615598934997676,
        -32.68457884609961
      ],
      [
        -0.030281992312899703,
        0.05432088971121215,
        0.9980642473721538,
        0.4352003848080699
      ],
      [
        0.0,
        0.0,
        0.0,
        1.0
      ]
    ],
    "location": [
      -9.089005515841563,
      -32.68457884609961,
      0.4352003848080699
    ],
    "rotation": [
      0.05437260000374254,
      0.030286622316796515,
      -2.4335033706976374
    ]
  },
  {
    "label_id": "wKY9S0P3F82kx5NB0k8wDw",
    "size": [
      2.0768279833518304,
      4.443809124814965,
      1.910000000000025
    ],
    "obj_class": "vehicle",
    "point_num_in_lidar": 2416,
    "speed": 5.607422866725518,
    "if_vehicle": true,
    "motion_state": true,
    "pose": [
      [
        0.7372396504595848,
        -0.6731100755374947,
        -0.058314012039453404,
        -14.899930069659604
      ],
      [
        0.6750318478394833,
        0.737471877623204,
        0.021615598934997676,
        -26.143161650019465
      ],
      [
        0.028455266518553353,
        -0.055299691905238375,
        0.9980642473721538,
        0.40852888156763356
      ],
      [
        0.0,
        0.0,
        0.0,
        1.0
      ]
    ],
    "location": [
      -14.899930069659604,
      -26.143161650019465,
      0.40852888156763356
    ],
    "rotation": [
      -0.055350351778517895,
      -0.028459107967026564,
      0.7413785701578741
    ]
  },
  {
    "label_id": "yG0O1XS8xOWBvEmD_goTLQ",
    "size": [
      2.217621339744548,
      5.352868066069157,
      2.009999999999991
    ],
    "obj_class": "vehicle",
    "point_num_in_lidar": 20,
    "speed": 4.337234165614124,
    "if_vehicle": true,
    "motion_state": true,
    "pose": [
      [
        0.7150484933752624,
        -0.6966384486386249,
        -0.058314012039453404,
        28.35263184145515
      ],
      [
        0.6985667349966164,
        0.7152183461285431,
        0.021615598934997676,
        19.77121756545239
      ],
      [
        0.02664899393850632,
        -0.05619243044682837,
        0.9980642473721538,
        2.2008500987728894
      ],
      [
        0.0,
        0.0,
        0.0,
        1.0
      ]
    ],
    "location": [
      28.35263184145515,
      19.77121756545239,
      2.2008500987728894
    ],
    "rotation": [
      -0.056242039943833214,
      -0.026652149161297718,
      0.7737393956720803
    ]
  }
]