[
  {
    "label_id": "-nBiv0OOg0fPLgefHhGq8g",
    "size": [
      1.5747958547547825,
      0.1656706936286259,
      1.6499999999999773
    ],
    "obj_class": "sign",
    "point_num_in_lidar": 205,
    "speed": 0.0010442370545646936,
    "if_vehicle": false,
    "motion_state": false,
    "pose": [
      [
        -0.7438904358101067,
        -0.6668936358307824,
        -0.04335779051853828,
        15.247524537920981
      ],
      [
        0.6666050333084834,
        -0.7450586538115668,
        0.02292012103570446,
        37.13131398476253
      ],
      [
        -0.0475893798871686,
        -0.011852462566721879,
        0.9987966610141722,
        1.5076489035982377
      ],
      [
        0.0,
        0.0,
        0.0,
        1.0
      ]
    ],
    "location": [
      15.247524537920981,
      37.13131398476253,
      1.5076489035982377
    ],
    "rotation": [
      -0.011866185304210686,
      0.047607361219349616,
      2.410932842080406
    ]
  },
  {
    "label_id": "0TTpzF8WjDXQbo0lfz9cHQ",
    "size": [
      2.1575446701906493,
      5.032259334955597,
      2.0300000000000296
    ],
    "obj_class": "vehicle",
    "point_num_in_lidar": 1609,
    "speed": 4.449929761087319,
    "if_vehicle": true,
    "motion_state": true,
    "pose": [
      [
        -0.24113151576706415,
        -0.9695234365940973,
        -0.04335779051853828,
        27.27122942555434
      ],
      [
        0.9699405322553206,
        -0.24226025662492368,
        0.02292012103570446,
        37.82569240110752
      ],
      [
        -0.03272546397139962,
        -0.03652771488606173,
        0.9987966610141722,
        1.6546616311630942
      ],
      [
        0.0,
        0.0,
        0.0,
        1.0
      ]
    ],
    "location": [
      27.27122942555434,
      37.82569240110752,
      1.6546616311630942
    ],
    "rotation": [
      -0.036555431355610346,
      0.03273130804356208,
      1.8144610841192759
    ]
  },
  {
    "label_id": "0jw4kmyd3WAM6MTC97B0nA",
    "size": [
      1.9708569114574037,
      4.39763427653422,
      1.5199999999999818
    ],
    "obj_class": "vehicle",
    "point_num_in_lidar": 110,
    "speed": 7.114850810989269,
    "if_vehicle": true,
    "motion_state": true,
    "pose": [
      [
        0.7266253045193471,
        -0.6856644724889256,
        -0.04335779051853828,
        53.67635451966271
      ],
      [
        0.6868526940847469,
        0.7264351620621303,
        0.02292012103570446,
        40.156467016917304
      ],
      [
        0.015781110882661632,
        -0.04643475515440917,
        0.9987966610141722,
        1.3813602922954829
      ],
      [
        0.0,
        0.0,
        0.0,
        1.0
      ]
    ],
    "location": [
      53.67635451966271,
      40.156467016917304,
      1.3813602922954829
    ],
    "rotation": [
      -0.04645724782695202,
      -0.01578176598649278,
      0.7572674682228075
    ]
  },
  {
    "label_id": "2CpjYc56hQBrnDK--b90vw",
    "size": [
      2.092649959326711,
      4.9752400927945954,
      1.6000000000000227
    ],
    "obj_class": "vehicle",
    "point_num_in_lidar": 503,
    "speed": 0.030927162487503025,
    "if_vehicle": true,
    "motion_state": false,
    "pose": [
      [
        0.700743306681051,
        0.7120947409882038,
        -0.04335779051853828,
        15.097182559158682
      ],
      [
        -0.71187973617876,
        0.7019272820383657,
        0.02292012103570446,
        45.26060883686296
      ],
      [
        0.04675531370620466,
        0.01480441107154152,
        0.9987966610141722,
        0.5828398724847261
      ],
      [
        0.0,
        0.0,
        0.0,
        1.0
      ]
    ],
    "location": [
      15.097182559158682,
      45.26060883686296,
      0.5828398724847261
    ],
    "rotation": [
      0.014821161924889213,
      -0.046772365467667186,
      -0.7932815112260415
    ]
  },
  {
    "label_id": "372VL4nuUuDLZal_o4LKJQ",
    "size": [
      2.1735329731320125,
      4.7575719675316535,
      1.579999999999984
    ],
    "obj_class": "vehicle",
    "point_num_in_lidar": 44,
    "speed": 1.8831589082153406,
    "if_vehicle": true,
    "motion_state": true,
    "pose": [
      [
        -0.8418825490714752,
        -0.5379162347152814,
        -0.04335779051853828,
        -4.41563387188944
      ],
      [
        0.5374426423963908,
        -0.8429887746498727,
        0.02292012103570446,
        75.20008417750068
      ],
      [
        -0.048879235907493115,
        -0.004006275582186788,
        0.9987966610141722,
        -1.0926595357730662
      ],
      [
        0.0,
        0.0,
        0.0,
        1.0
      ]
    ],
    "location": [
      -4.41563387188944,
      75.20008417750068,
      -1.0926595357730662
    ],
    "rotation": [
      -0.004011080786702119,
      0.04889872040954763,
      2.5734281686396456
    ]
  },
  {
    "label_id": "3vxR4BMySQkzU5WY1a3UZA",
    "size": [
      0.9684339589657475,
      1.113997459645816,
      1.670000000000016
    ],
    "obj_class": "pedestrian",
    "point_num_in_lidar": 101,
    "speed": 0.007651384235210367,
    "if_vehicle": false,
    "motion_state": false,
    "pose": [
      [
        -0.729698057135173,
        -0.6823934696452658,
        -0.04335779051853828,
        40.39373325595807
      ],
      [
        0.6821295038904818,
        -0.7308720872860269,
        0.02292012103570446,
        1.331389670856879
      ],
      [
        -0.0473295397746382,
        -0.012850860347141401,
        0.9987966610141722,
        1.7117894325796215
      ],
      [
        0.0,
        0.0,
        0.0,
        1.0
      ]
    ],
    "location": [
      40.39373325595807,
      1.331389670856879,
      1.7117894325796215
    ],
    "rotation": [
      -0.012865633012966076,
      0.04734722797883052,
      2.3898746411495058
    ]
  },
  {
    "label_id": "4deOw6lqLB-zrUwaY_1cJQ",
    "size": [
      0.8544453926105237,
      0.8592273072740529,
      1.8999999999999773
    ],
    "obj_class": "pedestrian",
    "point_num_in_lidar": 20,
    "speed": 1.4336771629406513,
    "if_vehicle": false,
    "motion_state": true,
    "pose": [
      [
        -0.7211596445667275,
        -0.6914107816990865,
        -0.04335779051853828,
        68.24264453591968
      ],
      [
        0.6911614293421938,
        -0.7223368650715289,
        0.02292012103570446,
        -18.37696785472508
      ],
      [
        -0.0471661492815231,
        -0.01343816612837734,
        0.9987966610141722,
        2.3289076591253206
      ],
      [
        0.0,
        0.0,
        0.0,
        1.0
      ]
    ],
    "location": [
      68.24264453591968,
      -18.37696785472508,
      2.3289076591253206
    ],
    "rotation": [
      -0.013453544533455975,
      0.047183654806517455,
      2.3774316619210096
    ]
  },
  {
    "label_id": "50a3QF2RZDCtOnldBiWQvg",
    "size": [
      0.9798482092501413,
      1.2007347169346758,
      1.7699999999999818
    ],
    "obj_class": "pedestrian",
    "point_num_in_lidar": 69,
    "speed": 1.6493272871089364,
    "if_vehicle": false,
    "motion_state": true,
    "pose": [
      [
        0.7803963137507335,
        -0.6237801659924892,
        -0.04335779051853828,
        37.9569096970954
      ],
      [
        0.6249799767798527,
        0.7803042334089719,
        0.02292012103570446,
        46.52078376538702
      ],
      [
        0.019535150588655136,
        -0.04498452887848618,
        0.9987966610141722,
        1.5245004596695821
      ],
      [
        0.0,
        0.0,
        0.0,
        1.0
      ]
    ],
    "location": [
      37.9569096970954,
      46.52078376538702,
      1.5245004596695821
    ],
    "rotation": [
      -0.045008309256997385,
      -0.019536393309639032,
      0.6752586991138508
    ]
  },
  {
    "label_id": "5_zmLzwQKAevERrLBkFozQ",
    "size": [
      0.7835333369537447,
      0.9696308335805952,
      1.6348377581119848
    ],
    "obj_class": "pedestrian",
    "point_num_in_lidar": 223,
    "speed": 1.5913120804171064,
    "if_vehicle": false,
    "motion_state": true,
    "pose": [
      [
        -0.725654399075265,
        0.6866919215369194,
        -0.04335779051853828,
        24.76831643042533
      ],
      [
        -0.6878798729020165,
        -0.7254625755392308,
        0.02292012103570446,
        36.04925863692188
      ],
      [
        -0.015715392423402565,
        0.04645703808810083,
        0.9987966610141722,
        1.3953213183287971
      ],
      [
        0.0,
        0.0,
        0.0,
        1.0
      ]
    ],
    "location": [
      24.76831643042533,
      36.04925863692188,
      1.3953213183287971
    ],
    "rotation": [
      0.04647950946779908,
      0.015716039376372642,
      -2.382911591172063
    ]
  },
  {
    "label_id": "5aghV-Mnu97AiqC4x6jYuA",
    "size": [
      0.914932190831857,
      0.9082561679242644,
      1.8100000000000023
    ],
    "obj_class": "pedestrian",
    "point_num_in_lidar": 23,
    "speed": 1.3990218662312497,
    "if_vehicle": false,
    "motion_state": true,
    "pose": [
      [
        -0.7427983509163597,
        -0.6681098052545609,
        -0.04335779051853828,
        73.23203246798585
      ],
      [
        0.6678231144130368,
        -0.7439670395302338,
        0.02292012103570446,
        6.600491507080733
      ],
      [
        -0.047569924654224445,
        -0.011930306590033635,
        0.9987966610141722,
        1.910534095537173
      ],
      [
        0.0,
        0.0,
        0.0,
        1.0
      ]
    ],
    "location": [
      73.23203246798585,
      6.600491507080733,
      1.910534095537173
    ],
    "rotation": [
      -0.011944112067283207,
      0.047587883927339786,
      2.409295025451531
    ]
  },
  {
    "label_id": "6i_mPMYxgh2SXwhx4Y83Bg",
    "size": [
      0.7184178508186576,
      0.8689585357133183,
      1.6299999999999955
    ],
    "obj_class": "pedestrian",
    "point_num_in_lidar": 176,
    "speed": 1.206861171427436,
    "if_vehicle": false,
    "motion_state": true,
    "pose": [
      [
        0.6779174120221906,
        -0.7338583545061581,
        -0.04335779051853828,
        16.720684763186
      ],
      [
        0.7350307481141469,
        0.677646270098542,
        0.02292012103570446,
        26.235722512450593
      ],
      [
        0.012561122716257343,
        -0.0474072583371778,
        0.9987966610141722,
        1.5941268108444433
      ],
      [
        0.0,
        0.0,
        0.0,
        1.0
      ]
    ],
    "location": [
      16.720684763186,
      26.235722512450593,
      1.5941268108444433
    ],
    "rotation": [
      -0.04742877853415947,
      -0.012561453059146339,
      0.8257975655410135
    ]
  },
  {
    "label_id": "75ds1F0rzK-LvwVANh4abg",
    "size": [
      0.9408747811796191,
      0.989888118529052,
      1.8999999999999773
    ],
    "obj_class": "pedestrian",
    "point_num_in_lidar": 39,
    "speed": 1.4525016782031517,
    "if_vehicle": false,
    "motion_state": true,
    "pose": [
      [
        -0.7480419399320911,
        0.6622336129372961,
        -0.04335779051853828,
        58.52833694649962
      ],
      [
        -0.6634272755223786,
        -0.7478896430254017,
        0.02292012103570446,
        36.25715271057561
      ],
      [
        -0.01724836791084506,
        0.04590995263941056,
        0.9987966610141722,
        1.6055340955371094
      ],
      [
        0.0,
        0.0,
        0.0,
        1.0
      ]
    ],
    "location": [
      58.52833694649962,
      36.25715271057561,
      1.6055340955371094
    ],
    "rotation": [
      0.045932933521207565,
      0.017249223274750446,
      -2.416070766650562
    ]
  },
  {
    "label_id": "9EJZUEeM6e0U2G8ZOI6RVg",
    "size": [
      0.9554220532864458,
      0.9747420779603999,
      1.6899999999999977
    ],
    "obj_class": "pedestrian",
    "point_num_in_lidar": 22,
    "speed": 1.5002148420794894,
    "if_vehicle": false,
    "motion_state": true,
    "pose": [
      [
        -0.7053566348398944,
        -0.707525349149195,
        -0.04335779051853828,
        -1.195217641452473
      ],
      [
        0.7073026538514072,
        -0.7065391878066388,
        0.02292012103570446,
        81.77389428401511
      ],
      [
        -0.046850544736387036,
        -0.014500220855027939,
        0.9987966610141722,
        -1.1937337376763821
      ],
      [
        0.0,
        0.0,
        0.0,
        1.0
      ]
    ],
    "location": [
      -1.195217641452473,
      81.77389428401511,
      -1.1937337376763821
    ],
    "rotation": [
      -0.014516670754706956,
      0.04686770097201749,
      2.35481693383737
    ]
  },
  {
    "label_id": "B8fPu6MBHzAg6h1H20TSaA",
    "size": [
      0.8382083337755246,
      0.9355274055124028,
      1.6899999999999977
    ],
    "obj_class": "pedestrian",
    "point_num_in_lidar": 76,
    "speed": 0.852016909213388,
    "if_vehicle": false,
    "motion_state": false,
    "pose": [
      [
        0.6872920588345264,
        0.7250860141144281,
        -0.04335779051853828,
        40.49449715521041
      ],
      [
        -0.7248932077889564,
        0.6884798510872671,
        0.02292012103570446,
        40.45043138515757
      ],
      [
        0.046470024364475365,
        0.015676950676258964,
        0.9987966610141722,
        1.5320531069207277
      ],
      [
        0.0,
        0.0,
        0.0,
        1.0
      ]
    ],
    "location": [
      40.49449715521041,
      40.45043138515757,
      1.5320531069207277
    ],
    "rotation": [
      0.015694549341903716,
      -0.046486765689084025,
      -0.8120180891080956
    ]
  },
  {
    "label_id": "CgFRFNYw3lhQVZrCFzpkrQ",
    "size": [
      1.0433323492974838,
      0.2471041857061209,
      0.9900000000000091
    ],
    "obj_class": "sign",
    "point_num_in_lidar": 27,
    "speed": 1.1368683772161603e-12,
    "if_vehicle": false,
    "motion_state": false,
    "pose": [
      [
        0.793276415001883,
        0.6073159238840284,
        -0.04335779051853828,
        80.5708430281702
      ],
      [
        -0.6069377670733787,
        0.7944187906587368,
        0.02292012103570446,
        -4.026447336022102
      ],
      [
        0.048363997991704634,
        0.008133489115944057,
        0.9987966610141722,
        4.503653616681788
      ],
      [
        0.0,
        0.0,
        0.0,
        1.0
      ]
    ],
    "location": [
      80.5708430281702,
      -4.026447336022102,
      4.503653616681788
    ],
    "rotation": [
      0.008143108256984668,
      -0.04838287237893936,
      -0.6530968496930566
    ]
  },
  {
    "label_id": "DAcKn9aTrB4-lrjIfVddfQ",
    "size": [
      0.7896825755497306,
      0.696373814229446,
      1.6000000000000227
    ],
    "obj_class": "pedestrian",
    "point_num_in_lidar": 38,
    "speed": 3.5950934718225418e-12,
    "if_vehicle": false,
    "motion_state": false,
    "pose": [
      [
        -0.9915038623862094,
        0.12263846409091833,
        -0.04335779051853828,
        51.2044781506811
      ],
      [
        -0.12370877095232177,
        -0.9920538332374784,
        0.02292012103570446,
        49.52241715947457
      ],
      [
        -0.04020237384402676,
        0.02808912750951698,
        0.9987966610141722,
        1.6534631535516269
      ],
      [
        0.0,
        0.0,
        0.0,
        1.0
      ]
    ],
    "location": [
      51.2044781506811,
      49.52241715947457,
      1.6534631535516269
    ],
    "rotation": [
      0.028115558325791375,
      0.04021321111409382,
      -3.0174652849111796
    ]
  },
  {
    "label_id": "FqDLscv22zrS8LMeqQkvOw",
    "size": [
      0.5921094252572896,
      0.6336357990949182,
      1.75
    ],
    "obj_class": "pedestrian",
    "point_num_in_lidar": 37,
    "speed": 2.8421709430404007e-12,
    "if_vehicle": false,
    "motion_state": false,
    "pose": [
      [
        -0.5799074735914788,
        -0.8135277647837835,
        -0.04335779051853828,
        53.01307567018375
      ],
      [
        0.8135018233397561,
        -0.5811105329234715,
        0.02292012103570446,
        31.892401017001248
      ],
      [
        -0.04384182358936245,
        -0.021980092158587802,
        0.9987966610141722,
        1.4705340955379143
      ],
      [
        0.0,
        0.0,
        0.0,
        1.0
      ]
    ],
    "location": [
      53.01307567018375,
      31.892401017001248,
      1.4705340955379143
    ],
    "rotation": [
      -0.022003022042496052,
      0.04385588051960952,
      2.1900966911197717
    ]
  },
  {
    "label_id": "GK0oQetashCQHaCQTKABhg",
    "size": [
      0.8850744129484613,
      0.7536002443812322,
      2.0400000000000205
    ],
    "obj_class": "pedestrian",
    "point_num_in_lidar": 26,
    "speed": 0.03216512212962076,
    "if_vehicle": false,
    "motion_state": false,
    "pose": [
      [
        -0.799283546709162,
        -0.599387949462928,
        -0.04335779051853828,
        51.58908046311262
      ],
      [
        0.5989984378818339,
        -0.8004221008110853,
        0.02292012103570446,
        30.427341010705277
      ],
      [
        -0.04844257812240839,
        -0.0076515731581910905,
        0.9987966610141722,
        1.6555340955376323
      ],
      [
        0.0,
        0.0,
        0.0,
        1.0
      ]
    ],
    "location": [
      51.58908046311262,
      30.427341010705277,
      1.6555340955376323
    ],
    "rotation": [
      -0.007660641827944996,
      0.048461544723571,
      2.4984633590465
    ]
  },
  {
    "label_id": "IEf0L1hK0QJytY6Vmcwj0Q",
    "size": [
      0.7678788597518861,
      1.1534359156285063,
      1.839999999999975
    ],
    "obj_class": "pedestrian",
    "point_num_in_lidar": 51,
    "speed": 1.385986329037787,
    "if_vehicle": false,
    "motion_state": true,
    "pose": [
      [
        -0.7262048565079812,
        0.6861097640943271,
        -0.04335779051853828,
        36.025760460022866
      ],
      [
        -0.6872978689098052,
        -0.7260139857080915,
        0.02292012103570446,
        11.564495722217544
      ],
      [
        -0.01575264346903987,
        0.04644442023190844,
        0.9987966610141722,
        1.7165050921460079
      ],
      [
        0.0,
        0.0,
        0.0,
        1.0
      ]
    ],
    "location": [
      36.025760460022866,
      11.564495722217544,
      1.7165050921460079
    ],
    "rotation": [
      0.046466903674478616,
      0.015753295033790166,
      -2.3837127719438813
    ]
  },
  {
    "label_id": "Irfp6gSCdLpobVkk39GvCg",
    "size": [
      0.7417760791712523,
      1.1326184300815785,
      1.8400000000000318
    ],
    "obj_class": "pedestrian",
    "point_num_in_lidar": 66,
    "speed": 1.3706955904473495,
    "if_vehicle": false,
    "motion_state": true,
    "pose": [
      [
        0.9615416968589372,
        -0.2712151677229474,
        -0.04335779051853828,
        36.49985829955767
      ],
      [
        0.2723563533615693,
        0.9619234298192848,
        0.02292012103570446,
        45.873127032085904
      ],
      [
        0.03549059009404957,
        -0.0338474217883274,
        0.9987966610141722,
        1.4881964492657858
      ],
      [
        0.0,
        0.0,
        0.0,
        1.0
      ]
    ],
    "location": [
      36.49985829955767,
      45.873127032085904,
      1.4881964492657858
    ],
    "rotation": [
      -0.033875237194885166,
      -0.035498044871600874,
      0.2760195571584526
    ]
  },
  {
    "label_id": "MQpQK2kzZfJnvO5GRR-ocg",
    "size": [
      0.6528417423423812,
      0.8721263315164834,
      1.6800000000000068
    ],
    "obj_class": "pedestrian",
    "point_num_in_lidar": 984,
    "speed": 1.1644434241196162,
    "if_vehicle": false,
    "motion_state": true,
    "pose": [
      [
        0.666756794635364,
        -0.7440130904822345,
        -0.04335779051853828,
        17.305428742623917
      ],
      [
        0.745181255378886,
        0.6664679772379586,
        0.02292012103570446,
        25.880807482564705
      ],
      [
        0.011843708858396,
        -0.04759155920348001,
        0.9987966610141722,
        1.61760968633115
      ],
      [
        0.0,
        0.0,
        0.0,
        1.0
      ]
    ],
    "location": [
      17.305428742623917,
      25.880807482564705,
      1.61760968633115
    ],
    "rotation": [
      -0.04761288506204909,
      -0.011843985768838832,
      0.8408849888480227
    ]
  },
  {
    "label_id": "NHlv6cGf7h-bBMSpm-Zh7A",
    "size": [
      0.909894318539498,
      0.7449380051051133,
      1.8899999999999864
    ],
    "obj_class": "pedestrian",
    "point_num_in_lidar": 167,
    "speed": 2.3437142008433857e-12,
    "if_vehicle": false,
    "motion_state": false,
    "pose": [
      [
        -0.8023390051845247,
        0.5952917123233431,
        -0.04335779051853828,
        34.93051001186541
      ],
      [
        -0.5964940596555109,
        -0.8022901625019444,
        0.02292012103570446,
        12.640109978769033
      ],
      [
        -0.02114137070284056,
        0.04425237159459214,
        0.9987966610141722,
        1.7044414245981443
      ],
      [
        0.0,
        0.0,
        0.0,
        1.0
      ]
    ],
    "location": [
      34.93051001186541,
      12.640109978769033,
      1.7044414245981443
    ],
    "rotation": [
      0.04427672985497796,
      0.02114294590224287,
      -2.502300653360105
    ]
  },
  {
    "label_id": "NWx5OOTS3S22DN-gLtcmhw",
    "size": [
      0.6743662098281419,
      0.6666284200873633,
      1.6200000000000045
    ],
    "obj_class": "pedestrian",
    "point_num_in_lidar": 23,
    "speed": 1.7053025658242404e-12,
    "if_vehicle": false,
    "motion_state": false,
    "pose": [
      [
        -0.9505394815079031,
        0.3075626701926575,
        -0.04335779051853828,
        57.49599928744283
      ],
      [
        -0.30871753915951844,
        -0.9508775678640231,
        0.02292012103570446,
        55.969068751444865
      ],
      [
        -0.034178576769345326,
        0.035171790357653936,
        0.9987966610141722,
        1.7134631535514586
      ],
      [
        0.0,
        0.0,
        0.0,
        1.0
      ]
    ],
    "location": [
      57.49599928744283,
      55.969068751444865,
      1.7134631535514586
    ],
    "rotation": [
      0.03519962012798591,
      0.034185234696983625,
      -2.827558487619517
    ]
  },
  {
    "label_id": "OuZ9z9qaKV3nsqnICSdpHQ",
    "size": [
      0.8617775315349129,
      0.9056348031139417,
      1.7900000000000205
    ],
    "obj_class": "pedestrian",
    "point_num_in_lidar": 39,
    "speed": 1.5028814243729725,
    "if_vehicle": false,
    "motion_state": true,
    "pose": [
      [
        -0.7373623760880935,
        -0.6741044639602022,
        -0.04335779051853828,
        44.0415210358442
      ],
      [
        0.6738272487581995,
        -0.7385333485244008,
        0.02292012103570446,
        5.164605976795428
      ],
      [
        -0.047471730120952106,
        -0.01231522579022727,
        0.9987966610141722,
        1.8575158411484836
      ],
      [
        0.0,
        0.0,
        0.0,
        1.0
      ]
    ],
    "location": [
      44.0415210358442,
      5.164605976795428,
      1.8575158411484836
    ],
    "rotation": [
      -0.012329438244405024,
      0.04748957833301817,
      2.4011864951306503
    ]
  },
  {
    "label_id": "R0591s_SOgmmTLEB231ofA",
    "size": [
      0.7662604966491984,
      0.8033125028596259,
      1.8999999999999773
    ],
    "obj_class": "pedestrian",
    "point_num_in_lidar": 104,
    "speed": 0.03396313345159194,
    "if_vehicle": false,
    "motion_state": false,
    "pose": [
      [
        0.6903709419513723,
        0.7221551526580182,
        -0.04335779051853828,
        35.586547323044215
      ],
      [
        -0.7219572942456409,
        0.6915579030979413,
        0.02292012103570446,
        43.49171276045672
      ],
      [
        0.04653630619943954,
        0.015479087578174459,
        0.9987966610141722,
        1.5322314158776749
      ],
      [
        0.0,
        0.0,
        0.0,
        1.0
      ]
    ],
    "location": [
      35.586547323044215,
      43.49171276045672,
      1.5322314158776749
    ],
    "rotation": [
      0.015496496039632534,
      -0.04655311930921528,
      -0.8077591746420314
    ]
  },
  {
    "label_id": "Rrloo1mL4Y4Wxo3m2aZgww",
    "size": [
      0.9053258598670867,
      0.9954942177719204,
      1.920000000000016
    ],
    "obj_class": "pedestrian",
    "point_num_in_lidar": 29,
    "speed": 1.3396223381529564,
    "if_vehicle": false,
    "motion_state": true,
    "pose": [
      [
        -0.7003508071641226,
        -0.7124807709025645,
        -0.04335779051853828,
        72.41814463525589
      ],
      [
        0.7122664185442791,
        -0.7015349008180666,
        0.02292012103570446,
        8.428237441723468
      ],
      [
        -0.04674714877581206,
        -0.014830172900977361,
        0.9987966610141722,
        2.0055340955374845
      ],
      [
        0.0,
        0.0,
        0.0,
        1.0
      ]
    ],
    "location": [
      72.41814463525589,
      8.428237441723468,
      2.0055340955374845
    ],
    "rotation": [
      -0.014846949116602509,
      0.04676419159966802,
      2.3477595592208917
    ]
  },
  {
    "label_id": "SSNlDFCI-EZrjNybBfB66g",
    "size": [
      0.884576199048382,
      0.9635875842650421,
      1.6000000000000227
    ],
    "obj_class": "pedestrian",
    "point_num_in_lidar": 1042,
    "speed": 1.1368683772161603e-12,
    "if_vehicle": false,
    "motion_state": false,
    "pose": [
      [
        0.6595950981354485,
        0.7503695146506412,
        -0.04335779051853828,
        20.123422376716917
      ],
      [
        -0.750221422455825,
        0.6607892896680961,
        0.02292012103570446,
        27.05088245767547
      ],
      [
        0.045848923695618535,
        0.01740994379353764,
        0.9987966610141722,
        1.5073323149496787
      ],
      [
        0.0,
        0.0,
        0.0,
        1.0
      ]
    ],
    "location": [
      20.123422376716917,
      27.05088245767547,
      1.5073323149496787
    ],
    "rotation": [
      0.01742915403410072,
      -0.04586500226219396,
      -0.8495921930798465
    ]
  },
  {
    "label_id": "SVtwv1xNRMziqE3GDAHqrA",
    "size": [
      0.7819850836612731,
      1.8584476636424367,
      1.9499999999999886
    ],
    "obj_class": "cyclist",
    "point_num_in_lidar": 401,
    "speed": 5.259441476165684,
    "if_vehicle": false,
    "motion_state": true,
    "pose": [
      [
        0.7401551507959683,
        -0.6710368505168312,
        -0.04335779051853828,
        36.07488578887569
      ],
      [
        0.6722286278461848,
        0.7399887431277209,
        0.02292012103570446,
        18.90171614159044
      ],
      [
        0.016704031077344472,
        -0.04611079366816299,
        0.9987966610141722,
        1.6832745097580641
      ],
      [
        0.0,
        0.0,
        0.0,
        1.0
      ]
    ],
    "location": [
      36.07488578887569,
      18.90171614159044,
      1.6832745097580641
    ],
    "rotation": [
      -0.04613359071400578,
      -0.016704807980979904,
      0.7373416610038398
    ]
  },
  {
    "label_id": "TLHLhHvraU9-FXWR_8xBag",
    "size": [
      0.6791927930711894,
      0.8114629329278926,
      1.8199999999999932
    ],
    "obj_class": "pedestrian",
    "point_num_in_lidar": 40,
    "speed": 1.52847400899426,
    "if_vehicle": false,
    "motion_state": true,
    "pose": [
      [
        -0.7044952084570703,
        -0.7083830907513107,
        -0.04335779051853828,
        45.940498292737175
      ],
      [
        0.7081618345277313,
        -0.7056780315200599,
        0.02292012103570446,
        2.153204187976371
      ],
      [
        -0.046832866443847675,
        -0.014557217027767251,
        0.9987966610141722,
        1.9189468831638123
      ],
      [
        0.0,
        0.0,
        0.0,
        1.0
      ]
    ],
    "location": [
      45.940498292737175,
      2.153204187976371,
      1.9189468831638123
    ],
    "rotation": [
      -0.014573723523834875,
      0.046850003253131906,
      2.3535989431308617
    ]
  },
  {
    "label_id": "TZ_-vRD-wRuJSsIj5_YNaw",
    "size": [
      2.25515298184418,
      4.679410122029367,
      1.509999999999991
    ],
    "obj_class": "vehicle",
    "point_num_in_lidar": 207,
    "speed": 3.6831107335971405,
    "if_vehicle": true,
    "motion_state": true,
    "pose": [
      [
        -0.6851744918933642,
        -0.7270873521524224,
        -0.04335779051853828,
        54.90967564194216
      ],
      [
        0.7268980107295205,
        -0.686362841395988,
        0.02292012103570446,
        16.820455474458868
      ],
      [
        -0.04642410641181936,
        -0.015812409392779538,
        0.9987966610141722,
        1.5471215076454428
      ],
      [
        0.0,
        0.0,
        0.0,
        1.0
      ]
    ],
    "location": [
      54.90967564194216,
      16.820455474458868,
      1.5471215076454428
    ],
    "rotation": [
      -0.015830137564680862,
      0.04644079812605433,
      2.326655367639159
    ]
  },
  {
    "label_id": "Uym2TQ00DalEua9edk4J5g",
    "size": [
      0.734289222520548,
      0.6340272989327786,
      1.6299999999999955
    ],
    "obj_class": "pedestrian",
    "point_num_in_lidar": 138,
    "speed": 3.457650183405701e-12,
    "if_vehicle": false,
    "motion_state": false,
    "pose": [
      [
        0.5462034195426213,
        -0.8365296925281839,
        -0.04335779051853828,
        34.569404624238814
      ],
      [
        0.8376405407943377,
        0.5457407740580484,
        0.02292012103570446,
        12.293120441645442
      ],
      [
        0.004488752356327188,
        -0.04883729158362856,
        0.9987966610141722,
        1.557231415878391
      ],
      [
        0.0,
        0.0,
        0.0,
        1.0
      ]
    ],
    "location": [
      34.569404624238814,
      12.293120441645442,
      1.557231415878391
    ],
    "rotation": [
      -0.04885721853663359,
      -0.004488767430365881,
      0.9929646574180792
    ]
  },
  {
    "label_id": "VqYlW6Sp3oyWGU1DfRWBBA",
    "size": [
      0.7161699876212297,
      0.900175979290559,
      1.8199999999999932
    ],
    "obj_class": "pedestrian",
    "point_num_in_lidar": 137,
    "speed": 1.3959284911989882,
    "if_vehicle": false,
    "motion_state": true,
    "pose": [
      [
        0.6287614936958221,
        -0.7763884891256111,
        -0.04335779051853828,
        32.72208333812887
      ],
      [
        0.7775407695980289,
        0.6284146876582482,
        0.02292012103570446,
        41.95951071818854
      ],
      [
        0.009451754244772268,
        -0.048123739345952946,
        0.9987966610141722,
        1.351406952511752
      ],
      [
        0.0,
        0.0,
        0.0,
        1.0
      ]
    ],
    "location": [
      32.72208333812887,
      41.95951071818854,
      1.351406952511752
    ],
    "rotation": [
      -0.0481444858668076,
      -0.009451894980211317,
      0.8908007547069233
    ]
  },
  {
    "label_id": "WLxPidkONZfEWD55dLlKWA",
    "size": [
      2.340132795073087,
      5.65358485138672,
      2.240000000000009
    ],
    "obj_class": "vehicle",
    "point_num_in_lidar": 123,
    "speed": 9.704539346882013,
    "if_vehicle": true,
    "motion_state": true,
    "pose": [
      [
        0.7247081011183898,
        -0.6876905337248205,
        -0.04335779051853828,
        66.32335094809969
      ],
      [
        0.6888782198127473,
        0.7245146418943711,
        0.02292012103570446,
        56.85639735544828
      ],
      [
        0.01565140380278884,
        -0.04647863494061371,
        0.9987966610141722,
        1.5796765483662512
      ],
      [
        0.0,
        0.0,
        0.0,
        1.0
      ]
    ],
    "location": [
      66.32335094809969,
      56.85639735544828,
      1.5796765483662512
    ],
    "rotation": [
      -0.04650108563906989,
      -0.015652042884688175,
      0.760056795386502
    ]
  },
  {
    "label_id": "WO_EU5HuGT6OvKJc51rSGg",
    "size": [
      2.391863783789469,
      0.18455530819637792,
      1.240000000000009
    ],
    "obj_class": "sign",
    "point_num_in_lidar": 306,
    "speed": 0.004862076538562564,
    "if_vehicle": false,
    "motion_state": false,
    "pose": [
      [
        -0.7546015056873906,
        -0.6547493181483075,
        -0.04335779051853828,
        45.28234067804078
      ],
      [
        0.654441819460567,
        -0.7557648926702345,
        0.02292012103570446,
        9.695511227146199
      ],
      [
        -0.047775229517665774,
        -0.011079593470662499,
        0.9987966610141722,
        3.4497166499031664
      ],
      [
        0.0,
        0.0,
        0.0,
        1.0
      ]
    ],
    "location": [
      45.28234067804078,
      9.695511227146199,
      3.4497166499031664
    ],
    "rotation": [
      -0.011092487065936695,
      0.047793422485128516,
      2.4271585950154977
    ]
  },
  {
    "label_id": "WlcEoxNhcOjAwPMafiVjug",
    "size": [
      0.8492928062896993,
      1.0100650728563778,
      1.6200000000000045
    ],
    "obj_class": "pedestrian",
    "point_num_in_lidar": 75,
    "speed": 1.5230304184741927,
    "if_vehicle": false,
    "motion_state": true,
    "pose": [
      [
        0.6860444377331951,
        0.7262665705212479,
        -0.04335779051853828,
        26.558659933110903
      ],
      [
        -0.7260758065945447,
        0.6872325597130784,
        0.02292012103570446,
        52.559184358935454
      ],
      [
        0.046443003062091495,
        0.015756821174188345,
        0.9987966610141722,
        0.8451931026622788
      ],
      [
        0.0,
        0.0,
        0.0,
        1.0
      ]
    ],
    "location": [
      26.558659933110903,
      52.559184358935454,
      0.8451931026622788
    ],
    "rotation": [
      0.01577449627072344,
      -0.04645971518062525,
      -0.8137389868407781
    ]
  },
  {
    "label_id": "YeDTe3z8sAGMJ4YCFJfJEg",
    "size": [
      2.0031383562928355,
      4.590736175159691,
      1.420000000000016
    ],
    "obj_class": "vehicle",
    "point_num_in_lidar": 66,
    "speed": 7.520483552085932,
    "if_vehicle": true,
    "motion_state": true,
    "pose": [
      [
        0.723042456972173,
        -0.6894415910118813,
        -0.04335779051853828,
        67.29567050738115
      ],
      [
        0.690628805646916,
        0.7228461253008299,
        0.02292012103570446,
        53.616620247848914
      ],
      [
        0.015538926164889489,
        -0.04651635970906261,
        0.9987966610141722,
        1.2253259343760874
      ],
      [
        0.0,
        0.0,
        0.0,
        1.0
      ]
    ],
    "location": [
      67.29567050738115,
      53.616620247848914,
      1.2253259343760874
    ],
    "rotation": [
      -0.046538774178160706,
      -0.01553955156643751,
      0.7624734752146587
    ]
  },
  {
    "label_id": "_fjQGebTZaJgCuKbZhx4IQ",
    "size": [
      1.2552645584974533,
      0.17686029307354367,
      0.39999999999997726
    ],
    "obj_class": "sign",
    "point_num_in_lidar": 178,
    "speed": 0.010863208091962107,
    "if_vehicle": false,
    "motion_state": false,
    "pose": [
      [
        -0.6745558723749427,
        -0.7369494399521791,
        -0.04335779051853828,
        38.65199481928357
      ],
      [
        0.7367773556763296,
        -0.675746843288449,
        0.02292012103570446,
        13.172911492067215
      ],
      [
        -0.046189860435762654,
        -0.01648413600603798,
        0.9987966610141722,
        3.7963744421864476
      ],
      [
        0.0,
        0.0,
        0.0,
        1.0
      ]
    ],
    "location": [
      38.65199481928357,
      13.172911492067215,
      3.7963744421864476
    ],
    "rotation": [
      -0.01650249768943123,
      0.046206300593696056,
      2.3121359954132985
    ]
  },
  {
    "label_id": "_tsIF16b_W0ZqlPiZj4RNw",
    "size": [
      0.8859042716216206,
      0.9773899117426482,
      1.660000000000025
    ],
    "obj_class": "pedestrian",
    "point_num_in_lidar": 91,
    "speed": 1.1336020530917625,
    "if_vehicle": false,
    "motion_state": true,
    "pose": [
      [
        0.7100267234148304,
        -0.7028386401146073,
        -0.04335779051853828,
        34.26872348834877
      ],
      [
        0.7040219767627817,
        0.7098082306417232,
        0.02292012103570446,
        43.483959336830594
      ],
      [
        0.014666569872501417,
        -0.046798735828180484,
        0.9987966610141722,
        1.4054891432745649
      ],
      [
        0.0,
        0.0,
        0.0,
        1.0
      ]
    ],
    "location": [
      34.26872348834877,
      43.483959336830594,
      1.4054891432745649
    ],
    "rotation": [
      -0.046820874905721704,
      -0.014667095740156138,
      0.781151696809867
    ]
  },
  {
    "label_id": "aRZRIcfIs4nYiFJ9pO4wMg",
    "size": [
      0.2772271386205341,
      0.05713983977172629,
      0.41255162241890275
    ],
    "obj_class": "sign",
    "point_num_in_lidar": 38,
    "speed": 0.019982788900276546,
    "if_vehicle": false,
    "motion_state": false,
    "pose": [
      [
        0.7128984724344869,
        0.6999256174779758,
        -0.04335779051853828,
        16.504158951102
      ],
      [
        -0.6996902618928621,
        0.7140785709318034,
        0.02292012103570446,
        23.73169894347666
      ],
      [
        0.0470032489608237,
        0.013997304528644646,
        0.9987966610141722,
        1.3468593496089625
      ],
      [
        0.0,
        0.0,
        0.0,
        1.0
      ]
    ],
    "location": [
      16.504158951102,
      23.73169894347666,
      1.3468593496089625
    ],
    "rotation": [
      0.01401325098536814,
      -0.047020573612366015,
      -0.7760480777616895
    ]
  },
  {
    "label_id": "bMjmFhgzjcwPiXwbwa_O7g",
    "size": [
      0.5960529665173883,
      0.11968873521254864,
      0.6200000000000045
    ],
    "obj_class": "sign",
    "point_num_in_lidar": 37,
    "speed": 2.3437142008433857e-12,
    "if_vehicle": false,
    "motion_state": false,
    "pose": [
      [
        0.27635446195268665,
        0.9600772434341893,
        -0.04335779051853828,
        18.799074341946834
      ],
      [
        -0.9604528668652065,
        0.27749767311117124,
        0.02292012103570446,
        57.76120892065228
      ],
      [
        0.03403677260327309,
        0.035309036487758606,
        0.9987966610141722,
        2.010844480471519
      ],
      [
        0.0,
        0.0,
        0.0,
        1.0
      ]
    ],
    "location": [
      18.799074341946834,
      57.76120892065228,
      2.010844480471519
    ],
    "rotation": [
      0.035336860762217,
      -0.03404334797598943,
      -1.2906308472889239
    ]
  },
  {
    "label_id": "c0y7glAJZqN5tdd4kI_s6Q",
    "size": [
      0.7265774933755026,
      0.9110741316679623,
      1.8600000000000136
    ],
    "obj_class": "pedestrian",
    "point_num_in_lidar": 110,
    "speed": 1.3899285042529634,
    "if_vehicle": false,
    "motion_state": true,
    "pose": [
      [
        0.38728877167654796,
        0.9209383851999119,
        -0.04335779051853828,
        40.01012217550306
      ],
      [
        -0.9211770286514758,
        0.3884682096858721,
        0.02292012103570446,
        44.182263437643996
      ],
      [
        0.03795114251387984,
        0.03106349511616444,
        0.9987966610141722,
        1.3770558262215786
      ],
      [
        0.0,
        0.0,
        0.0,
        1.0
      ]
    ],
    "location": [
      40.01012217550306,
      44.182263437643996,
      1.3770558262215786
    ],
