[
  {
    "label_id": "-nBiv0OOg0fPLgefHhGq8g",
    "size": [
      1.5747958547547827,
      0.1656706936286259,
      1.6499999999999773
    ],
    "obj_class": "sign",
    "point_num_in_lidar": 549,
    "speed": 0.0010442370548081259,
    "if_vehicle": false,
    "motion_state": false,
    "pose": [
      [
        -0.7439710450592123,
        -0.6669659015739942,
        -0.04078688822517152,
        15.24700907145234
      ],
      [
        0.6665444934268531,
        -0.7450402045569324,
        0.02517005911999913,
        37.131397540943
      ],
      [
        -0.04717544272016348,
        -0.008460480562796715,
        0.9988507885929726,
        1.5151891031691775
      ],
      [
        0.0,
        0.0,
        0.0,
        1.0
      ]
    ],
    "location": [
      15.24700907145234,
      37.131397540943,
      1.5151891031691775
    ],
    "rotation": [
      -0.008470012074916346,
      0.04719295860178514,
      2.411031833900775
    ]
  },
  {
    "label_id": "0TTpzF8WjDXQbo0lfz9cHQ",
    "size": [
      2.157544670187218,
      5.032259334955597,
      2.0300000000000296
    ],
    "obj_class": "vehicle",
    "point_num_in_lidar": 1500,
    "speed": 5.235375784875117,
    "if_vehicle": true,
    "motion_state": true,
    "pose": [
      [
        -0.4852779610574087,
        -0.8734081120878554,
        -0.04078688822517152,
        26.12232177691476
      ],
      [
        0.8733590852899555,
        -0.48642612621588105,
        0.02517005911999913,
        40.01837639925361
      ],
      [
        -0.04182354185690846,
        -0.02340712442271184,
        0.9988507885929726,
        1.5243049334993657
      ],
      [
        0.0,
        0.0,
        0.0,
        1.0
      ]
    ],
    "location": [
      26.12232177691476,
      40.01837639925361,
      1.5243049334993657
    ],
    "rotation": [
      -0.02342976687664029,
      0.041835744481461254,
      2.077963485707164
    ]
  },
  {
    "label_id": "0jw4kmyd3WAM6MTC97B0nA",
    "size": [
      1.9708569114653742,
      4.39763427653422,
      1.5199999999999818
    ],
    "obj_class": "vehicle",
    "point_num_in_lidar": 97,
    "speed": 7.44327140239326,
    "if_vehicle": true,
    "motion_state": true,
    "pose": [
      [
        0.7263805052449299,
        -0.6860814757366853,
        -0.04078688822517152,
        56.37770867978543
      ],
      [
        0.6871819067753457,
        0.7260492373968147,
        0.02517005911999913,
        42.68149654354784
      ],
      [
        0.012344577786246279,
        -0.046311051882635984,
        0.9988507885929726,
        1.3463556808082444
      ],
      [
        0.0,
        0.0,
        0.0,
        1.0
      ]
    ],
    "location": [
      56.37770867978543,
      42.68149654354784,
      1.3463556808082444
    ],
    "rotation": [
      -0.04633115470188683,
      -0.012344891336570981,
      0.7576749053264136
    ]
  },
  {
    "label_id": "2CpjYc56hQBrnDK--b90vw",
    "size": [
      2.092649959326714,
      4.9752400927945954,
      1.6000000000000227
    ],
    "obj_class": "vehicle",
    "point_num_in_lidar": 251,
    "speed": 0.027513123891450227,
    "if_vehicle": true,
    "motion_state": false,
    "pose": [
      [
        0.7008192404329129,
        0.7121719048010406,
        -0.04078688822517152,
        15.098699864534865
      ],
      [
        -0.7118181613309925,
        0.7019126536281143,
        0.02517005911999913,
        45.24446658411034
      ],
      [
        0.046554241894808016,
        0.011393186068724994,
        0.9988507885929726,
        0.582839872484783
      ],
      [
        0.0,
        0.0,
        0.0,
        1.0
      ]
    ],
    "location": [
      15.098699864534865,
      45.24446658411034,
      0.582839872484783
    ],
    "rotation": [
      0.011405799684411131,
      -0.04657107446471548,
      -0.7931840953211121
    ]
  },
  {
    "label_id": "372VL4nuUuDLZal_o4LKJQ",
    "size": [
      2.173532973133911,
      4.7575719675316535,
      1.579999999999984
    ],
    "obj_class": "vehicle",
    "point_num_in_lidar": 65,
    "speed": 2.123850231943574,
    "if_vehicle": true,
    "motion_state": true,
    "pose": [
      [
        -0.9478365869588931,
        -0.31613641702756146,
        -0.04078688822517152,
        -5.509097024823859
      ],
      [
        0.31532461711282633,
        -0.9486500165849077,
        0.02517005911999913,
        75.29306859255303
      ],
      [
        -0.046649654497824156,
        0.010995993017027684,
        0.9988507885929726,
        -1.0926595357726683
      ],
      [
        0.0,
        0.0,
        0.0,
        1.0
      ]
    ],
    "location": [
      -5.509097024823859,
      75.29306859255303,
      -1.0926595357726683
    ],
    "rotation": [
      0.011008199595494117,
      0.046666590842586265,
      2.820431789940308
    ]
  },
  {
    "label_id": "3vxR4BMySQkzU5WY1a3UZA",
    "size": [
      0.968433958965748,
      1.113997459645816,
      1.670000000000016
    ],
    "obj_class": "pedestrian",
    "point_num_in_lidar": 76,
    "speed": 0.007651384231822376,
    "if_vehicle": false,
    "motion_state": false,
    "pose": [
      [
        -0.7297771284736744,
        -0.6824674149771737,
        -0.04078688822517152,
        40.396749303970864
      ],
      [
        0.6820685893319508,
        -0.7308549155411207,
        0.02517005911999913,
        1.3290351759715122
      ],
      [
        -0.0469870429314413,
        -0.009450921846877102,
        0.9988507885929726,
        1.7154298839861895
      ],
      [
        0.0,
        0.0,
        0.0,
        1.0
      ]
    ],
    "location": [
      40.396749303970864,
      1.3290351759715122,
      1.7154298839861895
    ],
    "rotation": [
      -0.00946151310775179,
      0.047004349657423526,
      2.3899732465695167
    ]
  },
  {
    "label_id": "4QCXsQdpWMmYjaAu_fg9pA",
    "size": [
      0.8301800487677945,
      0.9939998437621398,
      1.8999999999999773
    ],
    "obj_class": "pedestrian",
    "point_num_in_lidar": 34,
    "speed": 1.5955602358931322,
    "if_vehicle": false,
    "motion_state": true,
    "pose": [
      [
        -0.6984014339730645,
        -0.7145431175046575,
        -0.04078688822517152,
        56.33085686104096
      ],
      [
        0.7141930819976838,
        -0.6994960398390727,
        0.02517005911999913,
        -6.277256780929747
      ],
      [
        -0.0465153593022471,
        -0.011550908024036079,
        0.9988507885929726,
        2.153456958663128
      ],
      [
        0.0,
        0.0,
        0.0,
        1.0
      ]
    ],
    "location": [
      56.33085686104096,
      -6.277256780929747,
      2.153456958663128
    ],
    "rotation": [
      -0.011563682277374324,
      0.04653214970376606,
      2.345015776098087
    ]
  },
  {
    "label_id": "50a3QF2RZDCtOnldBiWQvg",
    "size": [
      0.9798482092537566,
      1.2007347169346758,
      1.7699999999999818
    ],
    "obj_class": "pedestrian",
    "point_num_in_lidar": 88,
    "speed": 1.6390539058620757,
    "if_vehicle": false,
    "motion_state": true,
    "pose": [
      [
        0.7753643650714559,
        -0.6301956292503507,
        -0.04078688822517152,
        38.59827405899705
      ],
      [
        0.6313176380471013,
        0.7751158029704499,
        0.02517005911999913,
        47.03382878202683
      ],
      [
        0.015752500371923425,
        -0.045265448845995544,
        0.9988507885929726,
        1.5245004596698664
      ],
      [
        0.0,
        0.0,
        0.0,
        1.0
      ]
    ],
    "location": [
      38.59827405899705,
      47.03382878202683,
      1.5245004596698664
    ],
    "rotation": [
      -0.04528654389412718,
      -0.0157531519189161,
      0.6833520905809167
    ]
  },
  {
    "label_id": "5_zmLzwQKAevERrLBkFozQ",
    "size": [
      0.7835333369613771,
      0.9696308335805952,
      1.6348377581119848
    ],
    "obj_class": "pedestrian",
    "point_num_in_lidar": 311,
    "speed": 1.612895037887461,
    "if_vehicle": false,
    "motion_state": true,
    "pose": [
      [
        -0.6976399478873071,
        0.7152866088923399,
        -0.04078688822517152,
        24.193788438566116
      ],
      [
        -0.7163725324180062,
        -0.6972638402505243,
        0.02517005911999913,
        35.4782048114721
      ],
      [
        -0.010435416082188093,
        0.04677824514011291,
        0.9988507885929726,
        1.382317904380443
      ],
      [
        0.0,
        0.0,
        0.0,
        1.0
      ]
    ],
    "location": [
      24.193788438566116,
      35.4782048114721,
      1.382317904380443
    ],
    "rotation": [
      0.046797872046067814,
      0.010435605490634837,
      -2.3429474439172795
    ]
  },
  {
    "label_id": "5aghV-Mnu97AiqC4x6jYuA",
    "size": [
      0.9149321908365,
      0.9082561679242644,
      1.8100000000000023
    ],
    "obj_class": "pedestrian",
    "point_num_in_lidar": 22,
    "speed": 1.336645693480097,
    "if_vehicle": false,
    "motion_state": true,
    "pose": [
      [
        -0.7256260740171361,
        -0.6868793419920163,
        -0.04078688822517152,
        72.72147333982866
      ],
      [
        0.6864870580503803,
        -0.7267062592638307,
        0.02517005911999913,
        7.048569245089311
      ],
      [
        -0.04692888061537153,
        -0.009735619722703509,
        0.9988507885929726,
        1.9105340955373435
      ],
      [
        0.0,
        0.0,
        0.0,
        1.0
      ]
    ],
    "location": [
      72.72147333982866,
      7.048569245089311,
      1.9105340955373435
    ],
    "rotation": [
      -0.009746512247025097,
      0.046946123109687835,
      2.3839040251774923
    ]
  },
  {
    "label_id": "6i_mPMYxgh2SXwhx4Y83Bg",
    "size": [
      0.7184178508157171,
      0.8689585357133183,
      1.6299999999999955
    ],
    "obj_class": "pedestrian",
    "point_num_in_lidar": 197,
    "speed": 1.2446733809423092,
    "if_vehicle": false,
    "motion_state": true,
    "pose": [
      [
        0.65502331127489,
        -0.7545070519454316,
        -0.04078688822517152,
        17.094046325873933
      ],
      [
        0.755569358968527,
        0.6545849157380464,
        0.02517005911999913,
        26.6960893432406
      ],
      [
        0.007707494688168249,
        -0.047304298460380374,
        0.9988507885929726,
        1.6407682561831507
      ],
      [
        0.0,
        0.0,
        0.0,
        1.0
      ]
    ],
    "location": [
      17.094046325873933,
      26.6960893432406,
      1.6407682561831507
    ],
    "rotation": [
      -0.047323365065329484,
      -0.007707571001437997,
      0.8565571055486085
    ]
  },
  {
    "label_id": "75ds1F0rzK-LvwVANh4abg",
    "size": [
      0.9408747811832028,
      0.989888118529052,
      1.8999999999999773
    ],
    "obj_class": "pedestrian",
    "point_num_in_lidar": 56,
    "speed": 1.4367311196890058,
    "if_vehicle": false,
    "motion_state": true,
    "pose": [
      [
        -0.7589509947087197,
        0.6498690771067296,
        -0.04078688822517152,
        57.983981966390274
      ],
      [
        -0.6509843437957195,
        -0.7586737455960583,
        0.02517005911999913,
        35.792909802432405
      ],
      [
        -0.014586698169962982,
        0.04565446707273326,
        0.9988507885929726,
        1.605534095537962
      ],
      [
        0.0,
        0.0,
        0.0,
        1.0
      ]
    ],
    "location": [
      57.983981966390274,
      35.792909802432405,
      1.605534095537962
    ],
    "rotation": [
      0.04567520463592508,
      0.014587215492412283,
      -2.432620943872537
    ]
  },
  {
    "label_id": "B8fPu6MBHzAg6h1H20TSaA",
    "size": [
      0.8382083337783991,
      0.9355274055124028,
      1.6899999999999977
    ],
    "obj_class": "pedestrian",
    "point_num_in_lidar": 79,
    "speed": 0.405413133015353,
    "if_vehicle": false,
    "motion_state": false,
    "pose": [
      [
        0.5286905689204812,
        0.8478341300534236,
        -0.04078688822517152,
        40.73671213732814
      ],
      [
        -0.8477272851197809,
        0.5298348027332122,
        0.02517005911999913,
        40.20584471154871
      ],
      [
        0.04295034805428303,
        0.021268985147694118,
        0.9988507885929726,
        1.5420534366959942
      ],
      [
        0.0,
        0.0,
        0.0,
        1.0
      ]
    ],
    "location": [
      40.73671213732814,
      40.20584471154871,
      1.5420534366959942
    ],
    "rotation": [
      0.02129023847436722,
      -0.04296356434488568,
      -1.0131637604471992
    ]
  },
  {
    "label_id": "CgFRFNYw3lhQVZrCFzpkrQ",
    "size": [
      1.043332349297483,
      0.2471041857061209,
      0.9900000000000091
    ],
    "obj_class": "sign",
    "point_num_in_lidar": 26,
    "speed": 1.1368683772161603e-12,
    "if_vehicle": false,
    "motion_state": false,
    "pose": [
      [
        0.7933623758007519,
        0.6073817336837635,
        -0.04078688822517152,
        80.5708430281702
      ],
      [
        -0.6068788367761929,
        0.794395710963416,
        0.02517005911999913,
        -4.026447336022102
      ],
      [
        0.0476887632148484,
        0.004783721379324794,
        0.9988507885929726,
        4.503314586695183
      ],
      [
        0.0,
        0.0,
        0.0,
        1.0
      ]
    ],
    "location": [
      80.5708430281702,
      -4.026447336022102,
      4.503314586695183
    ],
    "rotation": [
      0.004789188595766939,
      -0.04770685751368264,
      -0.6529977001195464
    ]
  },
  {
    "label_id": "DAcKn9aTrB4-lrjIfVddfQ",
    "size": [
      0.7896825755497273,
      0.696373814229446,
      1.6000000000000227
    ],
    "obj_class": "pedestrian",
    "point_num_in_lidar": 26,
    "speed": 3.5950934718225418e-12,
    "if_vehicle": false,
    "motion_state": false,
    "pose": [
      [
        -0.99161130345277,
        0.12265175340616188,
        -0.04078688822517152,
        51.20447815067382
      ],
      [
        -0.12373463835716535,
        -0.9919960722676868,
        0.02517005911999913,
        49.52241715947457
      ],
      [
        -0.037373281034986654,
        0.030005665996221342,
        0.9988507885929726,
        1.6534631535517406
      ],
      [
        0.0,
        0.0,
        0.0,
        1.0
      ]
    ],
    "location": [
      51.20447815067382,
      49.52241715947457,
      1.6534631535517406
    ],
    "rotation": [
      0.030031157194884053,
      0.03738198677199758,
      -3.0174529100388843
    ]
  },
  {
    "label_id": "IEf0L1hK0QJytY6Vmcwj0Q",
    "size": [
      0.7678788597533864,
      1.1534359156285063,
      1.839999999999975
    ],
    "obj_class": "pedestrian",
    "point_num_in_lidar": 57,
    "speed": 1.4228313852863705,
    "if_vehicle": false,
    "motion_state": true,
    "pose": [
      [
        -0.7360269887257022,
        0.675722355421428,
        -0.04078688822517152,
        35.51806608245897
      ],
      [
        -0.6768273689390688,
        -0.735711343380618,
        0.02517005911999913,
        11.081084606565128
      ],
      [
        -0.012999404693793638,
        0.04613152506479558,
        0.9988507885929726,
        1.7024083155550898
      ],
      [
        0.0,
        0.0,
        0.0,
        1.0
      ]
    ],
    "location": [
      35.51806608245897,
      11.081084606565128,
      1.7024083155550898
    ],
    "rotation": [
      0.04615180537831971,
      0.012999770838002633,
      -2.398070718201157
    ]
  },
  {
    "label_id": "Irfp6gSCdLpobVkk39GvCg",
    "size": [
      0.741776079163815,
      1.1326184300815785,
      1.8400000000000318
    ],
    "obj_class": "pedestrian",
    "point_num_in_lidar": 42,
    "speed": 1.3292526078730535,
    "if_vehicle": false,
    "motion_state": true,
    "pose": [
      [
        0.8854368785155714,
        -0.4629664824946929,
        -0.04078688822517152,
        37.1077883865255
      ],
      [
        0.46411552183361426,
        0.8854169924487603,
        0.02517005911999913,
        46.1331283240288
      ],
      [
        0.024460510168705655,
        -0.0412163264918592,
        0.9988507885929726,
        1.489500459669955
      ],
      [
        0.0,
        0.0,
        0.0,
        1.0
      ]
    ],
    "location": [
      37.1077883865255,
      46.1331283240288,
      1.489500459669955
    ],
    "rotation": [
      -0.04124035127402954,
      -0.024462950013713278,
      0.4827926388893741
    ]
  },
  {
    "label_id": "IzAx5HEuwV2lscGQLguxFg",
    "size": [
      0.7053606406528954,
      0.17554778865644494,
      0.8700000000000045
    ],
    "obj_class": "sign",
    "point_num_in_lidar": 21,
    "speed": 9.094947017729282e-12,
    "if_vehicle": false,
    "motion_state": false,
    "pose": [
      [
        -0.7682326617669336,
        0.6388701019326227,
        -0.04078688822517152,
        79.95255263181753
      ],
      [
        -0.6399892462894852,
        -0.7679715051730192,
        0.02517005911999913,
        57.666837986253086
      ],
      [
        -0.015242769705964677,
        0.04543963136830901,
        0.9988507885929726,
        3.3172758500986674
      ],
      [
        0.0,
        0.0,
        0.0,
        1.0
      ]
    ],
    "location": [
      79.95255263181753,
      57.666837986253086,
      3.3172758500986674
    ],
    "rotation": [
      0.04546056805263334,
      0.015243360023691876,
      -2.447011603322736
    ]
  },
  {
    "label_id": "MQpQK2kzZfJnvO5GRR-ocg",
    "size": [
      0.652841742344889,
      0.8721263315164834,
      1.6800000000000068
    ],
    "obj_class": "pedestrian",
    "point_num_in_lidar": 1079,
    "speed": 1.1111130815678065,
    "if_vehicle": false,
    "motion_state": true,
    "pose": [
      [
        0.6525351065319108,
        -0.7566600058760179,
        -0.04078688822517152,
        17.68423004891156
      ],
      [
        0.757720863466916,
        0.6520932151087354,
        0.02517005911999913,
        26.32893656894157
      ],
      [
        0.0075516759953944525,
        -0.04732942337338868,
        0.9988507885929726,
        1.6453084792089498
      ],
      [
        0.0,
        0.0,
        0.0,
        1.0
      ]
    ],
    "location": [
      17.68423004891156,
      26.32893656894157,
      1.6453084792089498
    ],
    "rotation": [
      -0.04734846256559601,
      -0.007551747773160866,
      0.8598465998474466
    ]
  },
  {
    "label_id": "NHlv6cGf7h-bBMSpm-Zh7A",
    "size": [
      0.9098943185394984,
      0.7449380051051133,
      1.8899999999999864
    ],
    "obj_class": "pedestrian",
    "point_num_in_lidar": 62,
    "speed": 2.3437142008433857e-12,
    "if_vehicle": false,
    "motion_state": false,
    "pose": [
      [
        -0.8024259480212961,
        0.5953562191587753,
        -0.04078688822517152,
        34.93051001185813
      ],
      [
        -0.5964881060778211,
        -0.8022271545089895,
        0.02517005911999913,
        12.640109978776309
      ],
      [
        -0.01773519804847002,
        0.044526002261357715,
        0.9988507885929726,
        1.700341036966222
      ],
      [
        0.0,
        0.0,
        0.0,
        1.0
      ]
    ],
    "location": [
      34.93051001185813,
      12.640109978776309,
      1.700341036966222
    ],
    "rotation": [
      0.044547739167566144,
      0.017736127910160153,
      -2.502357312606385
    ]
  },
  {
    "label_id": "NWx5OOTS3S22DN-gLtcmhw",
    "size": [
      0.6743662098281389,
      0.6666284200873633,
      1.6200000000000045
    ],
    "obj_class": "pedestrian",
    "point_num_in_lidar": 28,
    "speed": 1.7053025658242404e-12,
    "if_vehicle": false,
    "motion_state": false,
    "pose": [
      [
        -0.9506424836035842,
        0.3075959982134304,
        -0.04078688822517152,
        57.49599928743555
      ],
      [
        -0.30873204036905216,
        -0.9508159629357608,
        0.02517005911999913,
        55.96906875145214
      ],
      [
        -0.031038614942862506,
        0.03651994673634669,
        0.9988507885929726,
        1.7134631535517997
      ],
      [
        0.0,
        0.0,
        0.0,
        1.0
      ]
    ],
    "location": [
      57.49599928743555,
      55.96906875145214,
      1.7134631535517997
    ],
    "rotation": [
      0.03654568548356731,
      0.031043600848963706,
      -2.8275765214210895
    ]
  },
  {
    "label_id": "OuZ9z9qaKV3nsqnICSdpHQ",
    "size": [
      0.8617775315330243,
      0.9056348031139417,
      1.7900000000000205
    ],
    "obj_class": "pedestrian",
    "point_num_in_lidar": 39,
    "speed": 1.4790048613143707,
    "if_vehicle": false,
    "motion_state": true,
    "pose": [
      [
        -0.7346094759706363,
        -0.6772631302256567,
        -0.04078688822517152,
        43.495444426491304
      ],
      [
        0.6768566540548843,
        -0.7356844010753,
        0.02517005911999913,
        5.669391447227099
      ],
      [
        -0.04705303046323596,
        -0.009116712753107648,
        0.9988507885929726,
        1.849753812317772
      ],
      [
        0.0,
        0.0,
        0.0,
        1.0
      ]
    ],
    "location": [
      43.495444426491304,
      5.669391447227099,
      1.849753812317772
    ],
    "rotation": [
      -0.009126948400583508,
      0.047070410255793095,
      2.3970885812628557
    ]
  },
  {
    "label_id": "R0591s_SOgmmTLEB231ofA",
    "size": [
      0.7662604966491999,
      0.8033125028596259,
      1.8999999999999773
    ],
    "obj_class": "pedestrian",
    "point_num_in_lidar": 119,
    "speed": 0.05346837425830823,
    "if_vehicle": false,
    "motion_state": false,
    "pose": [
      [
        0.690445751735922,
        0.7222334066343962,
        -0.04078688822517152,
        35.59454800770618
      ],
      [
        -0.7218955142667316,
        0.6915441667785703,
        0.02517005911999913,
        43.46353170932707
      ],
      [
        0.04638459217659304,
        0.012065311260304492,
        0.9988507885929726,
        1.5322314158786412
      ],
      [
        0.0,
        0.0,
        0.0,
        1.0
      ]
    ],
    "location": [
      35.59454800770618,
      43.46353170932707,
      1.5322314158786412
    ],
    "rotation": [
      0.012078605378702674,
      -0.04640124127773337,
      -0.8076623049691573
    ]
  },
  {
    "label_id": "R9rMpbgc15zaIzxO84qQ2Q",
    "size": [
      2.4554635055510237,
      5.740474842219555,
      1.9599999999999795
    ],
    "obj_class": "vehicle",
    "point_num_in_lidar": 7296,
    "speed": 8.608879867461921,
    "if_vehicle": true,
    "motion_state": true,
    "pose": [
      [
        0.7057878917006819,
        -0.7072481047536389,
        -0.04078688822517152,
        23.132743623438728
      ],
      [
        0.7083382653998194,
        0.7054242481615379,
        0.02517005911999913,
        18.24945070502872
      ],
      [
        0.01097058335193387,
        -0.04665563661676002,
        0.9988507885929726,
        1.7082966625561085
      ],
      [
        0.0,
        0.0,
        0.0,
        1.0
      ]
    ],
    "location": [
      23.132743623438728,
      18.24945070502872,
      1.7082966625561085
    ],
    "rotation": [
      -0.046675390385961586,
      -0.01097080342223415,
      0.7872016594442598
    ]
  },
  {
    "label_id": "Rrloo1mL4Y4Wxo3m2aZgww",
    "size": [
      0.905325859872323,
      0.9954942177719204,
      1.920000000000016
    ],
    "obj_class": "pedestrian",
    "point_num_in_lidar": 28,
    "speed": 1.3396223381535772,
    "if_vehicle": false,
    "motion_state": true,
    "pose": [
      [
        -0.7042754240054053,
        -0.7087542288345897,
        -0.04078688822517152,
        71.96197948117697
      ],
      [
        0.7083951704639257,
        -0.7053671034201139,
        0.02517005911999913,
        8.918840427948453
      ],
      [
        -0.0466091150462252,
        -0.011166580577984952,
        0.9988507885929726,
        2.005534095537712
      ],
      [
        0.0,
        0.0,
        0.0,
        1.0
      ]
    ],
    "location": [
      71.96197948117697,
      8.918840427948453,
      2.005534095537712
    ],
    "rotation": [
      -0.011178962405675936,
      0.046626007246528836,
      2.3532782160123378
    ]
  },
  {
    "label_id": "SSNlDFCI-EZrjNybBfB66g",
    "size": [
      0.8845761990317887,
      0.9635875842650421,
      1.6000000000000227
    ],
    "obj_class": "pedestrian",
    "point_num_in_lidar": 1108,
    "speed": 1.1368683772161603e-12,
    "if_vehicle": false,
    "motion_state": false,
    "pose": [
      [
        0.6282804441139078,
        0.7769170568940665,
        -0.04078688822517152,
        20.123422376706003
      ],
      [
        -0.7766712641860369,
        0.6294030628393535,
        0.02517005911999913,
        27.050882457690022
      ],
      [
        0.04522644062596871,
        0.015864148117772175,
        0.9988507885929726,
        1.5073323149496218
      ],
      [
        0.0,
        0.0,
        0.0,
        1.0
      ]
    ],
    "location": [
      20.123422376706003,
      27.050882457690022,
      1.5073323149496218
    ],
    "rotation": [
      0.015881065106957033,
      -0.04524187276137241,
      -0.8906278942554553
    ]
  },
  {
    "label_id": "SVtwv1xNRMziqE3GDAHqrA",
    "size": [
      0.7819850836673069,
      1.8584476636424367,
      1.9499999999999886
    ],
    "obj_class": "cyclist",
    "point_num_in_lidar": 356,
    "speed": 5.1590136743463235,
    "if_vehicle": false,
    "motion_state": true,
    "pose": [
      [
        0.7439502783473755,
        -0.6669890651995505,
        -0.04078688822517152,
        37.99369450818631
      ],
      [
        0.6680977268566498,
        0.7436476958162873,
        0.02517005911999913,
        20.647736129329132
      ],
      [
        0.013542921244699616,
        -0.0459748997971366,
        0.9988507885929726,
        1.7466340937908171
      ],
      [
        0.0,
        0.0,
        0.0,
        1.0
      ]
    ],
    "location": [
      37.99369450818631,
      20.647736129329132,
      1.7466340937908171
    ],
    "rotation": [
      -0.04599533253542012,
      -0.013543335265018296,
      0.7317316334086204
    ]
  },
  {
    "label_id": "TLHLhHvraU9-FXWR_8xBag",
    "size": [
      0.6791927930667085,
      0.8114629329278926,
      1.8199999999999932
    ],
    "obj_class": "pedestrian",
    "point_num_in_lidar": 47,
    "speed": 1.5076574287252964,
    "if_vehicle": false,
    "motion_state": true,
    "pose": [
      [
        -0.7007364363069296,
        -0.7122533794800638,
        -0.04078688822517152,
        45.40561139080455
      ],
      [
        0.711899763136131,
        -0.7018298906220912,
        0.02517005911999913,
        2.68568706442602
      ],
      [
        -0.04655291697181997,
        -0.011398598537176525,
        0.9988507885929726,
        1.909838988133572
      ],
      [
        0.0,
        0.0,
        0.0,
        1.0
      ]
    ],
    "location": [
      45.40561139080455,
      2.68568706442602,
      1.909838988133572
    ],
    "rotation": [
      -0.011411217674854833,
      0.04656974810367934,
      2.3482921764457676
    ]
  },
  {
    "label_id": "TZ_-vRD-wRuJSsIj5_YNaw",
    "size": [
      2.255152981845267,
      4.679410122029367,
      1.509999999999991
    ],
    "obj_class": "vehicle",
    "point_num_in_lidar": 216,
    "speed": 3.086828501908112,
    "if_vehicle": true,
    "motion_state": true,
    "pose": [
      [
        -0.690545083212759,
        -0.722138433958193,
        -0.04078688822517152,
        53.726853330150334
      ],
      [
        0.7218003905146397,
        -0.6916434517703537,
        0.02517005911999913,
        18.076330015108397
      ],
      [
        -0.04638625123458053,
        -0.012058931279315897,
        0.9988507885929726,
        1.5405173954694078
      ],
      [
        0.0,
        0.0,
        0.0,
        1.0
      ]
    ],
    "location": [
      53.726853330150334,
      18.076330015108397,
      1.5405173954694078
    ],
    "rotation": [
      -0.01207221898865722,
      0.04640290212342688,
      2.3340680295945404
    ]
  },
  {
    "label_id": "Uym2TQ00DalEua9edk4J5g",
    "size": [
      0.7342892225205454,
      0.6340272989327786,
      1.6299999999999955
    ],
    "obj_class": "pedestrian",
    "point_num_in_lidar": 22,
    "speed": 3.457650183405701e-12,
    "if_vehicle": false,
    "motion_state": false,
    "pose": [
      [
        0.5462626070860944,
        -0.8366203403267284,
        -0.04078688822517152,
        34.569404624238814
      ],
      [
        0.8376131127189752,
        0.5456837376403345,
        0.02517005911999913,
        12.293120441645442
      ],
      [
        0.0011989581864125943,
        -0.047913094519808686,
        0.9988507885929726,
        1.5572314158785616
      ],
      [
        0.0,
        0.0,
        0.0,
        1.0
      ]
    ],
    "location": [
      34.569404624238814,
      12.293120441645442,
      1.5572314158785616
    ],
    "rotation": [
      -0.04793148002687831,
      -0.0011989584736633253,
      0.9929000975267461
    ]
  },
  {
    "label_id": "VKOuaj8LJhay5wlxyZ-_zg",
    "size": [
      0.78780723835471,
      1.0479388304352202,
      1.6999999999999886
    ],
    "obj_class": "pedestrian",
    "point_num_in_lidar": 125,
    "speed": 1.4097507283796156,
    "if_vehicle": false,
    "motion_state": true,
    "pose": [
      [
        0.3927218922678275,
        -0.9187523850758073,
        -0.04078688822517152,
        31.527942933382292
      ],
      [
        0.9196295843619469,
        0.39197945825026215,
        0.02517005911999913,
        46.1444775463242
      ],
      [
        -0.0071374294987815515,
        -0.047393662312030814,
        0.9988507885929726,
        1.2740660492949019
      ],
      [
        0.0,
        0.0,
        0.0,
        1.0
      ]
    ],
    "location": [
      31.527942933382292,
      46.1444775463242,
      1.2740660492949019
    ],
    "rotation": [
      -0.04741263114432492,
      0.007137490100396835,
      1.1671960391328442
    ]
  },
  {
    "label_id": "VqYlW6Sp3oyWGU1DfRWBBA",
    "size": [
      0.7161699876222857,
      0.900175979290559,
      1.8199999999999932
    ],
    "obj_class": "pedestrian",
    "point_num_in_lidar": 125,
    "speed": 1.3335783097311502,
    "if_vehicle": false,
    "motion_state": true,
    "pose": [
      [
        0.6527457923232932,
        -0.7564782616527349,
        -0.04078688822517152,
        33.17001003961923
      ],
      [
        0.7575392422583286,
        0.6523041963398467,
        0.02517005911999913,
        42.49867651205568
      ],
      [
        0.007564855776130151,
        -0.04732731858327954,
        0.9988507885929726,
        1.33223141587888
      ],
      [
        0.0,
        0.0,
        0.0,
        1.0
      ]
    ],
    "location": [
      33.17001003961923,
      42.49867651205568,
      1.33223141587888
    ],
    "rotation": [
      -0.047346360074225755,
      -0.007564927930375983,
      0.859568428718198
    ]
  },
  {
    "label_id": "WLxPidkONZfEWD55dLlKWA",
    "size": [
      2.3401327950714186,
      5.65358485138672,
      2.240000000000009
    ],
    "obj_class": "vehicle",
    "point_num_in_lidar": 101,
    "speed": 9.679549952387216,
    "if_vehicle": true,
    "motion_state": true,
    "pose": [
      [
        0.7262660424905347,
        -0.6862026415528029,
        -0.04078688822517152,
        69.84669941971879
      ],
      [
        0.6873030173137903,
        0.7259345910722644,
        0.02517005911999913,
        60.167164037884504
      ],
      [
        0.01233685196866642,
        -0.04631311057033525,
        0.9988507885929726,
        1.5346682224650294
      ],
      [
        0.0,
        0.0,
        0.0,
        1.0
      ]
    ],
    "location": [
      69.84669941971879,
      60.167164037884504,
      1.5346682224650294
    ],
    "rotation": [
      -0.046333211336930365,
      -0.012337164930628992,
      0.7578415597754599
    ]
  },
  {
    "label_id": "WO_EU5HuGT6OvKJc51rSGg",
    "size": [
      2.39186378378947,
      0.18455530819637792,
      1.240000000000009
    ],
    "obj_class": "sign",
    "point_num_in_lidar": 347,
    "speed": 0.0048620765453091155,
    "if_vehicle": false,
    "motion_state": false,
    "pose": [
      [
        -0.7546832756064774,
        -0.6548202679123373,
        -0.04078688822517152,
        45.28173249129031
      ],
      [
        0.6543815865501654,
        -0.7557454646294508,
        0.02517005911999913,
        9.697865325855673
      ],
      [
        -0.047306370648848926,
        -0.007694765963342361,
        0.9988507885929726,
        3.4488126254209988
      ],
      [
        0.0,
        0.0,
        0.0,
        1.0
      ]
    ],
    "location": [
      45.28173249129031,
      9.697865325855673,
      3.4488126254209988
    ],
    "rotation": [
      -0.00770346666331533,
      0.04732403287169606,
      2.4272577847019963
    ]
  },
  {
    "label_id": "YeDTe3z8sAGMJ4YCFJfJEg",
    "size": [
      2.0031383562881517,
      4.590736175159691,
      1.420000000000016
    ],
    "obj_class": "vehicle",
    "point_num_in_lidar": 45,
    "speed": 7.475082843361544,
    "if_vehicle": true,
    "motion_state": true,
    "pose": [
      [
        0.7231228158790685,
        -0.6895141934028873,
        -0.04078688822517152,
        70.00153987034355
      ],
      [
        0.6906130430883181,
        0.7227863396884234,
        0.02517005911999913,
        56.19568272410106
      ],
      [
        0.012125092635523386,
        -0.046369001021985184,
        0.9988507885929726,
        1.2258467230622614
      ],
      [
        0.0,
        0.0,
        0.0,
        1.0
      ]
    ],
    "location": [
      70.00153987034355,
      56.19568272410106,
      1.2258467230622614
    ],
    "rotation": [
      -0.04638904591195809,
      -0.012125389756065726,
      0.7624065670434323
    ]
  },
  {
    "label_id": "ZTG-Mn-TYgvvLsEhN2HgLw",
    "size": [
      0.7683792336952824,
      0.9110074121337941,
      1.8600000000000136
    ],
    "obj_class": "pedestrian",
    "point_num_in_lidar": 24,
    "speed": 1.5902995801318813,
    "if_vehicle": false,
    "motion_state": true,
    "pose": [
      [
        -0.6733842075514705,
        0.7381667418471153,
        -0.04078688822517152,
        67.61748452475513
      ],
      [
        -0.7392395109417155,
        -0.6729720748935645,
        0.02517005911999913,
        44.74952118582587
      ],
      [
        -0.008868736264636539,
        0.047100399618954486,
        0.9988507885929726,
        1.3135310528580249
      ],
      [
        0.0,
        0.0,
        0.0,
        1.0
      ]
    ],
    "location": [
      67.61748452475513,
      44.74952118582587,
      1.3135310528580249
    ],
    "rotation": [
      0.04711968648543242,
      0.008868852529729257,
      -2.3096090790197934
    ]
  },
  {
    "label_id": "_fjQGebTZaJgCuKbZhx4IQ",
    "size": [
      1.2552645584974527,
      0.17686029307354367,
      0.39999999999997726
    ],
    "obj_class": "sign",
    "point_num_in_lidar": 176,
    "speed": 0.010863208084124143,
    "if_vehicle": false,
    "motion_state": false,
    "pose": [
      [
        -0.674628968411319,
        -0.7370292970630049,
        -0.04078688822517152,
        38.65495283141354
      ],
      [
        0.7367152924738672,
        -0.6757344492913177,
        0.02517005911999913,
        13.177467926725512
      ],
      [
        -0.04611217643339004,
        -0.013067873268929235,
        0.9988507885929726,
        3.7977271084708377
      ],
      [
        0.0,
        0.0,
        0.0,
        1.0
      ]
    ],
    "location": [
      38.65495283141354,
      13.177467926725512,
      3.7977271084708377
    ],
    "rotation": [
      -0.0130821619386435,
      0.046128533728693036,
      2.31223192032772
    ]
  },
  {
    "label_id": "_tsIF16b_W0ZqlPiZj4RNw",
    "size": [
      0.8859042716157688,
      0.9773899117426482,
      1.660000000000025
    ],
    "obj_class": "pedestrian",
    "point_num_in_lidar": 113,
    "speed": 1.1038193071165359,
    "if_vehicle": false,
    "motion_state": true,
    "pose": [
      [
        0.7105386735268409,
        -0.7024750694306703,
        -0.04078688822517152,
        34.67107129309079
      ],
      [
        0.7035676562525052,
        0.71018238586947,
        0.02517005911999913,
        43.86867572731717
      ],
      [
        0.011284790564048233,
        -0.04658063577413317,
        0.9988507885929726,
        1.4022314158781342
      ],
      [
        0.0,
        0.0,
        0.0,
        1.0
      ]
    ],
    "location": [
      34.67107129309079,
      43.86867572731717,
      1.4022314158781342
    ],
    "rotation": [
      -0.04660046645575193,
      -0.011285030090868096,
      0.780468575953937
    ]
  },
  {
    "label_id": "bEtCAuntP-b14z2lvs2iBw",
    "size": [
      2.207661791090859,
      5.029448622023461,
      1.5199999999999818
    ],
    "obj_class": "vehicle",
    "point_num_in_lidar": 22,
    "speed": 0.06505277391444245,
    "if_vehicle": true,
    "motion_state": false,
    "pose": [
      [
        0.7008192404351599,
        0.7121719047988295,
        -0.04078688822517152,
        8.877882125882024
      ],
      [
        -0.711818161328778,
        0.70191265363036,
        0.02517005911999913,
        51.13249250182707
      ],
      [
        0.04655424189484396,
        0.011393186068578113,
        0.9988507885929726,
        0.16283987248510812
      ],
      [
        0.0,
        0.0,
        0.0,
        1.0
      ]
    ],
    "location": [
      8.877882125882024,
      51.13249250182707,
      0.16283987248510812
    ],
    "rotation": [
      0.0114057996842641,
      -0.046571074464751464,
      -0.7931840953179538
    ]
  },
  {
    "label_id": "bMjmFhgzjcwPiXwbwa_O7g",
    "size": [
      0.596052966517392,
      0.11968873521254864,
      0.6200000000000045
    ],
    "obj_class": "sign",
    "point_num_in_lidar": 36,
    "speed": 2.3437142008433857e-12,
    "if_vehicle": false,
    "motion_state": false,
    "pose": [
      [
        0.2763844081982478,
        0.9601812790581848,
        -0.04078688822517152,
        18.79907434193956
      ],
      [
        -0.9603917684030321,
        0.27751417857038,
        0.02517005911999913,
        57.76120892065228
      ],
      [
        0.035486759342061275,
        0.032214779816033406,
        0.9988507885929726,
        2.0108444804720307
      ],
      [
        0.0,
        0.0,
        0.0,
        1.0
      ]
    ],
    "location": [
      18.79907434193956,
      57.76120892065228,
      2.0108444804720307
    ],
    "rotation": [
      0.03224066838716853,
      -0.03549421170501885,
      -1.290585145249339
    ]
  },
  {
    "label_id": "c0y7glAJZqN5tdd4kI_s6Q",
    "size": [
      0.7265774933811302,
      0.9110741316679623,
      1.8600000000000136
    ],
    "obj_class": "pedestrian",
    "point_num_in_lidar": 104,
    "speed": 1.36505436607947,
    "if_vehicle": false,
    "motion_state": true,
    "pose": [
      [
        0.44810226834197975,
        0.8930513909376547,
        -0.04078688822517152,
        40.306152686411224
      ],
      [
        -0.8930507131438922,
        0.44925147954912914,
        0.02517005911999913,
        43.52730590390274
      ],
      [
        0.040801726188461486,
        0.025145999030436295,
        0.9988507885929726,
        1.427081320953107
      ],
      [
        0.0,
        0.0,
        0.0,
        1.0
      ]
    ],
    "location": [
      40.306152686411224,
      43.52730590390274,
      1.427081320953107
    ],
    "rotation": [
