[
  {
    "label_id": "-nBiv0OOg0fPLgefHhGq8g",
    "size": [
      1.5747958547547831,
      0.1656706936286259,
      1.6499999999999773
    ],
    "obj_class": "sign",
    "point_num_in_lidar": 30,
    "speed": 0.0010442370517530705,
    "if_vehicle": false,
    "motion_state": false,
    "pose": [
      [
        -0.7438563657087713,
        -0.6668630921745308,
        -0.04439958884902032,
        15.25154360318993
      ],
      [
        0.666913959492414,
        -0.744966685000956,
        0.015824312712953065,
        37.130662501600455
      ],
      [
        -0.0436288646275567,
        -0.017839689854638997,
        0.998888516120393,
        1.4488583594876445
      ],
      [
        0.0,
        0.0,
        0.0,
        1.0
      ]
    ],
    "location": [
      15.25154360318993,
      37.130662501600455,
      1.4488583594876445
    ],
    "rotation": [
      -0.01785764196395539,
      0.043642717592890706,
      2.41067979616254
    ]
  },
  {
    "label_id": "0TTpzF8WjDXQbo0lfz9cHQ",
    "size": [
      2.1575446701914127,
      5.032259334955597,
      2.0300000000000296
    ],
    "obj_class": "vehicle",
    "point_num_in_lidar": 1464,
    "speed": 0.6200605335031553,
    "if_vehicle": true,
    "motion_state": false,
    "pose": [
      [
        0.4445786229663342,
        -0.894638767610367,
        -0.04439958884902032,
        26.94308090215418
      ],
      [
        0.895722507680762,
        0.4443318358628495,
        0.015824312712953065,
        31.05119554734847
      ],
      [
        0.005571107201043505,
        -0.04680486221915261,
        0.998888516120393,
        1.7762390097698812
      ],
      [
        0.0,
        0.0,
        0.0,
        1.0
      ]
    ],
    "location": [
      26.94308090215418,
      31.05119554734847,
      1.7762390097698812
    ],
    "rotation": [
      -0.04682269544578483,
      -0.005571136020073664,
      1.1100848418893627
    ]
  },
  {
    "label_id": "0jw4kmyd3WAM6MTC97B0nA",
    "size": [
      1.970856911460568,
      4.39763427653422,
      1.5199999999999818
    ],
    "obj_class": "vehicle",
    "point_num_in_lidar": 772,
    "speed": 5.409738590074471,
    "if_vehicle": true,
    "motion_state": true,
    "pose": [
      [
        0.7210941330026863,
        -0.6914129937014073,
        -0.04439958884902032,
        36.75216729281237
      ],
      [
        0.6925163086456941,
        0.721228641546427,
        0.015824312712953065,
        23.983768959609733
      ],
      [
        0.021081119724668695,
        -0.042158258431220355,
        0.998888516120393,
        1.6513602922951804
      ],
      [
        0.0,
        0.0,
        0.0,
        1.0
      ]
    ],
    "location": [
      36.75216729281237,
      23.983768959609733,
      1.6513602922951804
    ],
    "rotation": [
      -0.04218013585628776,
      -0.021082681493103436,
      0.7651847217948202
    ]
  },
  {
    "label_id": "1-vuNCDJYzRYJGZGloUAOQ",
    "size": [
      0.709209850863953,
      1.1633401586890373,
      1.8799999999999955
    ],
    "obj_class": "pedestrian",
    "point_num_in_lidar": 598,
    "speed": 1.4386017164303637,
    "if_vehicle": false,
    "motion_state": true,
    "pose": [
      [
        -0.6670450553353745,
        0.743693196595656,
        -0.04439958884902032,
        10.328626192127558
      ],
      [
        -0.7448035034100153,
        -0.6670961942893469,
        0.015824312712953065,
        19.866724070489
      ],
      [
        -0.01785036304376783,
        0.04362449887397063,
        0.998888516120393,
        1.4940013559959198
      ],
      [
        0.0,
        0.0,
        0.0,
        1.0
      ]
    ],
    "location": [
      10.328626192127558,
      19.866724070489,
      1.4940013559959198
    ],
    "rotation": [
      0.04364530612174404,
      0.01785131113949337,
      -2.301174447028089
    ]
  },
  {
    "label_id": "2CpjYc56hQBrnDK--b90vw",
    "size": [
      2.092649959326714,
      4.9752400927945954,
      1.6000000000000227
    ],
    "obj_class": "vehicle",
    "point_num_in_lidar": 268,
    "speed": 0.005346818017365471,
    "if_vehicle": true,
    "motion_state": false,
    "pose": [
      [
        0.7007112127135496,
        0.7120621271262392,
        -0.04439958884902032,
        15.09229875235178
      ],
      [
        -0.712182308486665,
        0.7018161800683762,
        0.015824312712953065,
        45.281234962174494
      ],
      [
        0.042428243613322064,
        0.020532328330902294,
        0.998888516120393,
        0.5828398724846693
      ],
      [
        0.0,
        0.0,
        0.0,
        1.0
      ]
    ],
    "location": [
      15.09229875235178,
      45.281234962174494,
      0.5828398724846693
    ],
    "rotation": [
      0.020552280852196184,
      -0.042440983511434535,
      -0.7935168528584666
    ]
  },
  {
    "label_id": "3vxR4BMySQkzU5WY1a3UZA",
    "size": [
      0.968433958965748,
      1.113997459645816,
      1.670000000000016
    ],
    "obj_class": "pedestrian",
    "point_num_in_lidar": 109,
    "speed": 0.0014411230748061375,
    "if_vehicle": false,
    "motion_state": false,
    "pose": [
      [
        -0.7296646370432394,
        -0.6823622160983093,
        -0.04439958884902032,
        40.382788538798195
      ],
      [
        0.6824364272039352,
        -0.7307736407070872,
        0.015824312712953065,
        1.3383061154891038
      ],
      [
        -0.04324396228013967,
        -0.018753455391293486,
        0.998888516120393,
        1.7025814585149988
      ],
      [
        0.0,
        0.0,
        0.0,
        1.0
      ]
    ],
    "location": [
      40.382788538798195,
      1.3383061154891038,
      1.7025814585149988
    ],
    "rotation": [
      -0.01877211738707271,
      0.04325745162659807,
      2.3896273748186636
    ]
  },
  {
    "label_id": "5_zmLzwQKAevERrLBkFozQ",
    "size": [
      0.783533336950904,
      0.9696308335805952,
      1.6348377581119848
    ],
    "obj_class": "pedestrian",
    "point_num_in_lidar": 87,
    "speed": 1.5323620777367541,
    "if_vehicle": false,
    "motion_state": true,
    "pose": [
      [
        -0.7918596248909694,
        0.6090870307087248,
        -0.04439958884902032,
        29.28861277181204
      ],
      [
        -0.6101692362533193,
        -0.7921130564870167,
        0.015824312712953065,
        39.739772682201874
      ],
      [
        -0.02553111038662544,
        0.039621897547004535,
        0.998888516120393,
        1.4203211534411366
      ],
      [
        0.0,
        0.0,
        0.0,
        1.0
      ]
    ],
    "location": [
      29.28861277181204,
      39.739772682201874,
      1.4203211534411366
    ],
    "rotation": [
      0.039645201907088166,
      0.02553388489014872,
      -2.485067317101253
    ]
  },
  {
    "label_id": "6HVXhYC72IvDIQuQMrZ1fw",
    "size": [
      0.9375535647081897,
      2.33290891473492,
      1.3500000000000227
    ],
    "obj_class": "vehicle",
    "point_num_in_lidar": 1078,
    "speed": 3.5950934718225418e-12,
    "if_vehicle": true,
    "motion_state": false,
    "pose": [
      [
        0.7650713548617134,
        0.6424130279501655,
        -0.04439958884902032,
        16.31392953625982
      ],
      [
        -0.642427895665077,
        0.7661827392982067,
        0.015824312712953065,
        21.280435684828262
      ],
      [
        0.04418394325321498,
        0.0164168060656163,
        0.998888516120393,
        1.1110493022986248
      ],
      [
        0.0,
        0.0,
        0.0,
        1.0
      ]
    ],
    "location": [
      16.31392953625982,
      21.280435684828262,
      1.1110493022986248
    ],
    "rotation": [
      0.01643359385632596,
      -0.04419833203314912,
      -0.6984819750258919
    ]
  },
  {
    "label_id": "6i_mPMYxgh2SXwhx4Y83Bg",
    "size": [
      0.7184178508094557,
      0.8689585357133183,
      1.6299999999999955
    ],
    "obj_class": "pedestrian",
    "point_num_in_lidar": 230,
    "speed": 1.245101537550007,
    "if_vehicle": false,
    "motion_state": true,
    "pose": [
      [
        0.6333132413806937,
        -0.772620873910301,
        -0.04439958884902032,
        13.353681588618201
      ],
      [
        0.7737323564695957,
        0.6333149545677643,
        0.015824312712953065,
        22.865051021508407
      ],
      [
        0.015892729277433036,
        -0.0443751452832957,
        0.998888516120393,
        1.4589797633421426
      ],
      [
        0.0,
        0.0,
        0.0,
        1.0
      ]
    ],
    "location": [
      13.353681588618201,
      22.865051021508407,
      1.4589797633421426
    ],
    "rotation": [
      -0.04439533248328819,
      -0.015893398381351013,
      0.8848659523313641
    ]
  },
  {
    "label_id": "75ds1F0rzK-LvwVANh4abg",
    "size": [
      0.9408747811849072,
      0.989888118529052,
      1.8999999999999773
    ],
    "obj_class": "pedestrian",
    "point_num_in_lidar": 25,
    "speed": 1.480889524563824,
    "if_vehicle": false,
    "motion_state": true,
    "pose": [
      [
        -0.7288504790532433,
        0.6832317730418397,
        -0.04439958884902032,
        62.74770117749358
      ],
      [
        -0.6843334998721281,
        -0.7289974294055684,
        0.015824312712953065,
        40.16962633669027
      ],
      [
        -0.021555512905560507,
        0.04191768393145776,
        0.998888516120393,
        1.4705340955375732
      ],
      [
        0.0,
        0.0,
        0.0,
        1.0
      ]
    ],
    "location": [
      62.74770117749358,
      40.16962633669027,
      1.4705340955375732
    ],
    "rotation": [
      0.04193971947316947,
      0.021557182514089515,
      -2.3876852681101712
    ]
  },
  {
    "label_id": "DAcKn9aTrB4-lrjIfVddfQ",
    "size": [
      0.7896825755497291,
      0.696373814229446,
      1.6000000000000227
    ],
    "obj_class": "pedestrian",
    "point_num_in_lidar": 22,
    "speed": 3.5950934718225418e-12,
    "if_vehicle": false,
    "motion_state": false,
    "pose": [
      [
        -0.9914584516167662,
        0.12263284726256062,
        -0.04439958884902032,
        51.20447815067382
      ],
      [
        -0.12343646778453525,
        -0.9922262995647919,
        0.015824312712953065,
        49.52241715947457
      ],
      [
        -0.04211385922189906,
        0.021169676998892665,
        0.998888516120393,
        1.6534631535516837
      ],
      [
        0.0,
        0.0,
        0.0,
        1.0
      ]
    ],
    "location": [
      51.20447815067382,
      49.52241715947457,
      1.6534631535516837
    ],
    "rotation": [
      0.021190060788233503,
      0.04212631786414811,
      -3.0177301056930177
    ]
  },
  {
    "label_id": "FG2cqOpTxdur3yJJN5wWSg",
    "size": [
      1.7009916069707516,
      0.1445946427101845,
      1.7200000000000273
    ],
    "obj_class": "sign",
    "point_num_in_lidar": 1259,
    "speed": 0.013335678140767058,
    "if_vehicle": false,
    "motion_state": false,
    "pose": [
      [
        -0.6586453202578886,
        0.7511424755746551,
        -0.04439958884902032,
        14.459582544968725
      ],
      [
        -0.7522532869739645,
        -0.6586839783720483,
        0.015824312712953065,
        21.625879153842106
      ],
      [
        -0.017358984395680885,
        0.043822346166652065,
        0.998888516120393,
        2.1164124270307525
      ],
      [
        0.0,
        0.0,
        0.0,
        1.0
      ]
    ],
    "location": [
      14.459582544968725,
      21.625879153842106,
      2.1164124270307525
    ],
    "rotation": [
      0.0438429947921464,
      0.017359856323602034,
      -2.289945236822115
    ]
  },
  {
    "label_id": "FqDLscv22zrS8LMeqQkvOw",
    "size": [
      0.5921094252572852,
      0.6336357990949182,
      1.75
    ],
    "obj_class": "pedestrian",
    "point_num_in_lidar": 37,
    "speed": 2.8421709430404007e-12,
    "if_vehicle": false,
    "motion_state": false,
    "pose": [
      [
        -0.5798809138920387,
        -0.8134905053003213,
        -0.04439958884902032,
        53.01307567017648
      ],
      [
        0.8137831332654726,
        -0.5809531849811936,
        0.015824312712953065,
        31.892401017001248
      ],
      [
        -0.03866701069858433,
        -0.026955419611553857,
        0.998888516120393,
        1.4705340955378006
      ],
      [
        0.0,
        0.0,
        0.0,
        1.0
      ]
    ],
    "location": [
      53.01307567017648,
      31.892401017001248,
      1.4705340955378006
    ],
    "rotation": [
      -0.026978865951994578,
      0.038676652604863145,
      2.1899116348310796
    ]
  },
  {
    "label_id": "GK0oQetashCQHaCQTKABhg",
    "size": [
      0.8850744129484555,
      0.7536002443812322,
      2.0400000000000205
    ],
    "obj_class": "pedestrian",
    "point_num_in_lidar": 37,
    "speed": 0.012736709596126812,
    "if_vehicle": false,
    "motion_state": false,
    "pose": [
      [
        -0.7992469396093459,
        -0.5993604975598011,
        -0.04439958884902032,
        51.59450135590669
      ],
      [
        0.5993142149307755,
        -0.8003574594573796,
        0.015824312712953065,
        30.43482731423137
      ],
      [
        -0.045020010073331534,
        -0.013961771227050822,
        0.998888516120393,
        1.655534095537348
      ],
      [
        0.0,
        0.0,
        0.0,
        1.0
      ]
    ],
    "location": [
      51.59450135590669,
      30.43482731423137,
      1.655534095537348
    ],
    "rotation": [
      -0.013976396658895029,
      0.045035231729704896,
      2.4981884348558996
    ]
  },
  {
    "label_id": "IEf0L1hK0QJytY6Vmcwj0Q",
    "size": [
      0.7678788597571105,
      1.1534359156285063,
      1.839999999999975
    ],
    "obj_class": "pedestrian",
    "point_num_in_lidar": 79,
    "speed": 1.642553807563715,
    "if_vehicle": false,
    "motion_state": true,
    "pose": [
      [
        -0.6559016257538134,
        0.7535394706606565,
        -0.04439958884902032,
        39.989295767278236
      ],
      [
        -0.754650415654151,
        -0.6559362326325479,
        0.015824312712953065,
        15.72918232158554
      ],
      [
        -0.017199054814773115,
        0.043885360614649246,
        0.998888516120393,
        1.6919786875325258
      ],
      [
        0.0,
        0.0,
        0.0,
        1.0
      ]
    ],
    "location": [
      39.989295767278236,
      15.72918232158554,
      1.6919786875325258
    ],
    "rotation": [
      0.043905957999624615,
      0.01719990286252701,
      -2.2863013299995236
    ]
  },
  {
    "label_id": "Irfp6gSCdLpobVkk39GvCg",
    "size": [
      0.7417760791716401,
      1.1326184300815785,
      1.8400000000000318
    ],
    "obj_class": "pedestrian",
    "point_num_in_lidar": 89,
    "speed": 1.5226289527355856,
    "if_vehicle": false,
    "motion_state": true,
    "pose": [
      [
        0.528328645556657,
        -0.8478782452653837,
        -0.04439958884902032,
        32.13878438536267
      ],
      [
        0.8489806577736833,
        0.528186930786182,
        0.015824312712953065,
        43.59985717395466
      ],
      [
        0.010034192066743079,
        -0.046054829848421845,
        0.998888516120393,
        1.3752141553815136
      ],
      [
        0.0,
        0.0,
        0.0,
        1.0
      ]
    ],
    "location": [
      32.13878438536267,
      43.59985717395466,
      1.3752141553815136
    ],
    "rotation": [
      -0.04607344730706857,
      -0.01003436045649479,
      1.014134163500265
    ]
  },
  {
    "label_id": "MQpQK2kzZfJnvO5GRR-ocg",
    "size": [
      0.6528417423438794,
      0.8721263315164834,
      1.6800000000000068
    ],
    "obj_class": "pedestrian",
    "point_num_in_lidar": 387,
    "speed": 1.24559345201918,
    "if_vehicle": false,
    "motion_state": true,
    "pose": [
      [
        0.6664704259792747,
        -0.7442082019200286,
        -0.04439958884902032,
        13.804975866587483
      ],
      [
        0.7453185479030286,
        0.6665207073143966,
        0.015824312712953065,
        22.471306244267907
      ],
      [
        0.017816662053390366,
        -0.043638273523074415,
        0.998888516120393,
        1.4934226554731254
      ],
      [
        0.0,
        0.0,
        0.0,
        1.0
      ]
    ],
    "location": [
      13.804975866587483,
      22.471306244267907,
      1.4934226554731254
    ],
    "rotation": [
      -0.04365906983788378,
      -0.01781760478880245,
      0.8411899959338398
    ]
  },
  {
    "label_id": "NHlv6cGf7h-bBMSpm-Zh7A",
    "size": [
      0.9098943185394959,
      0.7449380051051133,
      1.8899999999999864
    ],
    "obj_class": "pedestrian",
    "point_num_in_lidar": 82,
    "speed": 2.3437142008433857e-12,
    "if_vehicle": false,
    "motion_state": false,
    "pose": [
      [
        -0.8023022581450431,
        0.5952644480274314,
        -0.04439958884902032,
        34.93051001186177
      ],
      [
        -0.5963420963048703,
        -0.8025744172984058,
        0.015824312712953065,
        12.640109978776309
      ],
      [
        -0.026214323376301803,
        0.03917322571249468,
        0.998888516120393,
        1.7364119338243995
      ],
      [
        0.0,
        0.0,
        0.0,
        1.0
      ]
    ],
    "location": [
      34.93051001186177,
      12.640109978776309,
      1.7364119338243995
    ],
    "rotation": [
      0.03919672848968657,
      0.02621732667854717,
      -2.5024007168372226
    ]
  },
  {
    "label_id": "OuZ9z9qaKV3nsqnICSdpHQ",
    "size": [
      0.8617775315316387,
      0.9056348031139417,
      1.7900000000000205
    ],
    "obj_class": "pedestrian",
    "point_num_in_lidar": 49,
    "speed": 1.4549980123838366,
    "if_vehicle": false,
    "motion_state": true,
    "pose": [
      [
        -0.7487835742851248,
        -0.6613258163649979,
        -0.04439958884902032,
        48.374623912819516
      ],
      [
        0.6613684444494641,
        -0.7498942404190466,
        0.015824312712953065,
        1.2147448876639828
      ],
      [
        -0.04376002247816276,
        -0.0175155015774618,
        0.998888516120393,
        1.965530434224263
      ],
      [
        0.0,
        0.0,
        0.0,
        1.0
      ]
    ],
    "location": [
      48.374623912819516,
      1.2147448876639828,
      1.965530434224263
    ],
    "rotation": [
      -0.01753319457335537,
      0.043774000826729276,
      2.4181051316273865
    ]
  },
  {
    "label_id": "SSNlDFCI-EZrjNybBfB66g",
    "size": [
      0.8845761990376486,
      0.9635875842650421,
      1.6000000000000227
    ],
    "obj_class": "pedestrian",
    "point_num_in_lidar": 439,
    "speed": 1.1368683772161603e-12,
    "if_vehicle": false,
    "motion_state": false,
    "pose": [
      [
        0.8081506765596754,
        0.5872998897379234,
        -0.04439958884902032,
        20.12342237670964
      ],
      [
        -0.5872369483777578,
        0.8092603768794945,
        0.015824312712953065,
        27.050882457682746
      ],
      [
        0.045224445116748536,
        0.013284650039860919,
        0.998888516120393,
        1.5073323149500197
      ],
      [
        0.0,
        0.0,
        0.0,
        1.0
      ]
    ],
    "location": [
      20.12342237670964,
      27.050882457682746,
      1.5073323149500197
    ],
    "rotation": [
      0.01329864811561092,
      -0.04523987520826828,
      -0.6283842195780014
    ]
  },
  {
    "label_id": "TLHLhHvraU9-FXWR_8xBag",
    "size": [
      0.6791927930621836,
      0.8114629329278926,
      1.8199999999999932
    ],
    "obj_class": "pedestrian",
    "point_num_in_lidar": 42,
    "speed": 1.466212478838854,
    "if_vehicle": false,
    "motion_state": true,
    "pose": [
      [
        -0.7255859674788353,
        -0.6866976629549868,
        -0.04439958884902032,
        50.15776174631537
      ],
      [
        0.686778480517609,
        -0.7266945092850825,
        0.015824312712953065,
        -1.9121636437412235
      ],
      [
        -0.043131455988952,
        -0.01901078291582107,
        0.998888516120393,
        2.047426252357411
      ],
      [
        0.0,
        0.0,
        0.0,
        1.0
      ]
    ],
    "location": [
      50.15776174631537,
      -1.9121636437412235,
      2.047426252357411
    ],
    "rotation": [
      -0.019029639223985467,
      0.04314484026620621,
      2.3836645423448903
    ]
  },
  {
    "label_id": "TZ_-vRD-wRuJSsIj5_YNaw",
    "size": [
      2.2551529818361313,
      4.679410122029367,
      1.509999999999991
    ],
    "obj_class": "vehicle",
    "point_num_in_lidar": 53,
    "speed": 9.868684069027596,
    "if_vehicle": true,
    "motion_state": true,
    "pose": [
      [
        -0.6930081633360767,
        -0.7195612288468548,
        -0.04439958884902032,
        73.78280720538896
      ],
      [
        0.7196932937667259,
        -0.6941117734445688,
        0.015824312712953065,
        -2.8852191338082775
      ],
      [
        -0.0422048392575926,
        -0.02098770845138049,
        0.998888516120393,
        1.9539483780316687
      ],
      [
        0.0,
        0.0,
        0.0,
        1.0
      ]
    ],
    "location": [
      73.78280720538896,
      -2.8852191338082775,
      1.9539483780316687
    ],
    "rotation": [
      -0.021007970845828724,
      0.0422173788622626,
      2.337307302719661
    ]
  },
  {
    "label_id": "TgaQtjAqhVtWxHvxeKTNCA",
    "size": [
      2.1356453582054,
      4.852355393954673,
      1.4499999999999886
    ],
    "obj_class": "vehicle",
    "point_num_in_lidar": 54,
    "speed": 9.01652783571475,
    "if_vehicle": true,
    "motion_state": true,
    "pose": [
      [
        0.7124113474082463,
        -0.7003561583894333,
        -0.04439958884902032,
        62.54482232881128
      ],
      [
        0.7014610656958313,
        0.7125320795866187,
        0.015824312712953065,
        53.10950694109488
      ],
      [
        0.020553476514586413,
        -0.04241800285213487,
        0.998888516120393,
        1.3767181106693442
      ],
      [
        0.0,
        0.0,
        0.0,
        1.0
      ]
    ],
    "location": [
      62.54482232881128,
      53.10950694109488,
      1.3767181106693442
    ],
    "rotation": [
      -0.042439704082922206,
      -0.020554923910010882,
      0.777653431500683
    ]
  },
  {
    "label_id": "Uym2TQ00DalEua9edk4J5g",
    "size": [
      0.7342892225205466,
      0.6340272989327786,
      1.6299999999999955
    ],
    "obj_class": "pedestrian",
    "point_num_in_lidar": 45,
    "speed": 3.457650183405701e-12,
    "if_vehicle": false,
    "motion_state": false,
    "pose": [
      [
        0.5461784034852077,
        -0.8364913795589215,
        -0.04439958884902032,
        34.56940462423154
      ],
      [
        0.8375965477359477,
        0.5460600830934128,
        0.015824312712953065,
        12.293120441645442
      ],
      [
        0.011007942004379512,
        -0.045831840194646284,
        0.998888516120393,
        1.5572314158779932
      ],
      [
        0.0,
        0.0,
        0.0,
        1.0
      ]
    ],
    "location": [
      34.56940462423154,
      12.293120441645442,
      1.5572314158779932
    ],
    "rotation": [
      -0.045850680789377284,
      -0.011008164330674476,
      0.992961582505728
    ]
  },
  {
    "label_id": "VKOuaj8LJhay5wlxyZ-_zg",
    "size": [
      0.7878072383598335,
      1.0479388304352202,
      1.6999999999999886
    ],
    "obj_class": "pedestrian",
    "point_num_in_lidar": 103,
    "speed": 1.5513048588595775,
    "if_vehicle": false,
    "motion_state": true,
    "pose": [
      [
        0.6718803372667734,
        -0.7393277276717847,
        -0.04439958884902032,
        27.813663949815236
      ],
      [
        0.7404376774142744,
        0.6719387152058719,
        0.015824312712953065,
        40.62081700297858
      ],
      [
        0.018134449526844343,
        -0.04350717300811111,
        0.998888516120393,
        1.341749126764853
      ],
      [
        0.0,
        0.0,
        0.0,
        1.0
      ]
    ],
    "location": [
      27.813663949815236,
      40.62081700297858,
      1.341749126764853
    ],
    "rotation": [
      -0.04352807270747332,
      -0.018135443617881636,
      0.8339025134729178
    ]
  },
  {
    "label_id": "VqYlW6Sp3oyWGU1DfRWBBA",
    "size": [
      0.7161699876269682,
      0.900175979290559,
      1.8199999999999932
    ],
    "obj_class": "pedestrian",
    "point_num_in_lidar": 136,
    "speed": 1.5874965305919473,
    "if_vehicle": false,
    "motion_state": true,
    "pose": [
      [
        0.632014955367437,
        -0.7736832508862621,
        -0.04439958884902032,
        29.298418461035908
      ],
      [
        0.774794734755307,
        0.6320148021388552,
        0.015824312712953065,
        37.37578000502981
      ],
      [
        0.015818191658661766,
        -0.044401769958518786,
        0.998888516120393,
        1.5679444137608698
      ],
      [
        0.0,
        0.0,
        0.0,
        1.0
      ]
    ],
    "location": [
      29.298418461035908,
      37.37578000502981,
      1.5679444137608698
    ],
    "rotation": [
      -0.044421934253222696,
      -0.015818851391579875,
      0.8865437190359392
    ]
  },
  {
    "label_id": "WLxPidkONZfEWD55dLlKWA",
    "size": [
      2.340132795070773,
      5.65358485138672,
      2.240000000000009
    ],
    "obj_class": "vehicle",
    "point_num_in_lidar": 691,
    "speed": 9.115305000054727,
    "if_vehicle": true,
    "motion_state": true,
    "pose": [
      [
        0.7163694918076798,
        -0.6963069924374193,
        -0.04439958884902032,
        39.777946283109486
      ],
      [
        0.6974111976910318,
        0.7164964846126765,
        0.015824312712953065,
        31.093003010762914
      ],
      [
        0.020793569736025683,
        -0.042300825292568636,
        0.998888516120393,
        1.9939681376283147
      ],
      [
        0.0,
        0.0,
        0.0,
        1.0
      ]
    ],
    "location": [
      39.777946283109486,
      31.093003010762914,
      1.9939681376283147
    ],
    "rotation": [
      -0.04232260671559043,
      -0.020795068455748307,
      0.7719893242265365
    ]
  },
  {
    "label_id": "WO_EU5HuGT6OvKJc51rSGg",
    "size": [
      2.3918637837894714,
      0.18455530819637792,
      1.240000000000009
    ],
    "obj_class": "sign",
    "point_num_in_lidar": 287,
    "speed": 0.004862076503407933,
    "if_vehicle": false,
    "motion_state": false,
    "pose": [
      [
        -0.7545669450202103,
        -0.6547193307004955,
        -0.04439958884902032,
        45.28708267854745
      ],
      [
        0.6547521956649651,
        -0.7556779429089286,
        0.015824312712953065,
        9.677156441859552
      ],
      [
        -0.043912273395649855,
        -0.017130224984660283,
        0.998888516120393,
        3.456765281805417
      ],
      [
        0.0,
        0.0,
        0.0,
        1.0
      ]
    ],
    "location": [
      45.28708267854745,
      9.677156441859552,
      3.456765281805417
    ],
    "rotation": [
      -0.01714760524601188,
      0.043926398238807514,
      2.4269012248494986
    ]
  },
  {
    "label_id": "WlcEoxNhcOjAwPMafiVjug",
    "size": [
      0.8492928062844816,
      1.0100650728563778,
      1.6200000000000045
    ],
    "obj_class": "pedestrian",
    "point_num_in_lidar": 24,
    "speed": 1.6128713565785802,
    "if_vehicle": false,
    "motion_state": true,
    "pose": [
      [
        0.7052899709941107,
        0.7075271961735213,
        -0.04439958884902032,
        22.16732119856897
      ],
      [
        -0.7076402471609948,
        0.7063956906189964,
        0.015824312712953065,
        56.91301458280941
      ],
      [
        0.042559809833371896,
        0.020258206972646884,
        0.998888516120393,
        0.6322314158786071
      ],
      [
        0.0,
        0.0,
        0.0,
        1.0
      ]
    ],
    "location": [
      22.16732119856897,
      56.91301458280941,
      0.6322314158786071
    ],
    "rotation": [
      0.020277968833969512,
      -0.042572668680041864,
      -0.7870615675550028
    ]
  },
  {
    "label_id": "YeDTe3z8sAGMJ4YCFJfJEg",
    "size": [
      2.0031383562868466,
      4.590736175159691,
      1.420000000000016
    ],
    "obj_class": "vehicle",
    "point_num_in_lidar": 29,
    "speed": 5.9869495723904285,
    "if_vehicle": true,
    "motion_state": true,
    "pose": [
      [
        0.7177038832110817,
        -0.6949315164343692,
        -0.04439958884902032,
        47.62916295244577
      ],
      [
        0.6960354760490275,
        0.7178329939535841,
        0.015824312712953065,
        34.51002981870988
      ],
      [
        0.02087467616365628,
        -0.042260859644141856,
        0.998888516120393,
        1.441265371807674
      ],
      [
        0.0,
        0.0,
        0.0,
        1.0
      ]
    ],
    "location": [
      47.62916295244577,
      34.51002981870988,
      1.441265371807674
    ],
    "rotation": [
      -0.042282668152501444,
      -0.020876192491689215,
      0.7700723464447405
    ]
  },
  {
    "label_id": "_fjQGebTZaJgCuKbZhx4IQ",
    "size": [
      1.2552645584974536,
      0.17686029307354367,
      0.39999999999997726
    ],
    "obj_class": "sign",
    "point_num_in_lidar": 114,
    "speed": 0.010847990085102977,
    "if_vehicle": false,
    "motion_state": false,
    "pose": [
      [
        -0.6745249777891082,
        -0.7369156877476832,
        -0.04439958884902032,
        38.615678244466835
      ],
      [
        0.7370757159998889,
        -0.675624881136281,
        0.015824312712953065,
        13.155438746463915
      ],
      [
        -0.04165865122461932,
        -0.022051964559759763,
        0.998888516120393,
        3.7333987037939096
      ],
      [
        0.0,
        0.0,
        0.0,
        1.0
      ]
    ],
    "location": [
      38.615678244466835,
      13.155438746463915,
      3.7333987037939096
    ],
    "rotation": [
      -0.022072916795199043,
      0.04167071001495059,
      2.31191153806063
    ]
  },
  {
    "label_id": "_tsIF16b_W0ZqlPiZj4RNw",
    "size": [
      0.8859042716248635,
      0.9773899117426482,
      1.660000000000025
    ],
    "obj_class": "pedestrian",
    "point_num_in_lidar": 33,
    "speed": 1.1704621387295322,
    "if_vehicle": false,
    "motion_state": true,
    "pose": [
      [
        0.7282583957065671,
        -0.6838628412137445,
        -0.04439958884902032,
        31.343375142634613
      ],
      [
        0.6849646949179518,
        0.7284043916967553,
        0.015824312712953065,
        40.00990243092383
      ],
      [
        0.021519196055021825,
        -0.04193633941994593,
        0.998888516120393,
        1.4689767437243404
      ],
      [
        0.0,
        0.0,
        0.0,
        1.0
      ]
    ],
    "location": [
      31.343375142634613,
      40.00990243092383,
      1.4689767437243404
    ],
    "rotation": [
      -0.041958362874274145,
      -0.021520857237693165,
      0.7547730163978472
    ]
  },
  {
    "label_id": "aRZRIcfIs4nYiFJ9pO4wMg",
    "size": [
      0.2772271386511425,
      0.05713983977172629,
      0.41255162241890275
    ],
    "obj_class": "sign",
    "point_num_in_lidar": 55,
    "speed": 0.029761534537315934,
    "if_vehicle": false,
    "motion_state": false,
    "pose": [
      [
        0.728401313747503,
        0.68371061322825,
        -0.04439958884902032,
        16.489693255727616
      ],
      [
        -0.6837868753844998,
        0.7295101782559756,
        0.015824312712953065,
        23.80698802475672
      ],
      [
        0.04320920252462958,
        0.018833405958161752,
        0.998888516120393,
        1.3081476040423468
      ],
      [
        0.0,
        0.0,
        0.0,
        1.0
      ]
    ],
    "location": [
      16.489693255727616,
      23.80698802475672,
      1.3081476040423468
    ],
    "rotation": [
      0.01885212859421927,
      -0.04322265935055268,
      -0.7538162505545656
    ]
  },
  {
    "label_id": "cfnQ4T7DCB-VqlGN8SclWg",
    "size": [
      2.0909540426123914,
      4.7154423853796334,
      1.7900000000000205
    ],
    "obj_class": "vehicle",
    "point_num_in_lidar": 6540,
    "speed": 0.019874807005675142,
    "if_vehicle": true,
    "motion_state": false,
    "pose": [
      [
        0.6873902591209891,
        -0.7249298643148988,
        -0.04439958884902032,
        12.245482738584542
      ],
      [
        0.7260383284377211,
        0.6874721352655122,
        0.015824312712953065,
        17.386077514413046
      ],
      [
        0.01905196328306923,
        -0.04311328168743316,
        0.998888516120393,
        1.212168804699786
      ],
      [
        0.0,
        0.0,
        0.0,
        1.0
      ]
    ],
    "location": [
      12.245482738584542,
      17.386077514413046,
      1.212168804699786
    ],
    "rotation": [
      -0.043134483030764725,
      -0.019053116043085117,
      0.8127348410485997
    ]
  },
  {
    "label_id": "dVT_TNeOHH9G7d0TcHcBZA",
    "size": [
      2.3751147110779782,
      5.193980647294666,
      1.8100000000000023
    ],
    "obj_class": "vehicle",
    "point_num_in_lidar": 5247,
    "speed": 4.7764588668140915,
    "if_vehicle": true,
    "motion_state": true,
    "pose": [
      [
        0.7195340345511081,
        -0.693036398490471,
        -0.04439958884902032,
        22.476466399970377
      ],
      [
        0.69414001378036,
        0.7196660561650552,
        0.015824312712953065,
        10.156953551610059
      ],
      [
        0.02098605231115245,
        -0.04220566278585079,
        0.998888516120393,
        1.4541847613326127
      ],
      [
        0.0,
        0.0,
        0.0,
        1.0
      ]
    ],
    "location": [
      22.476466399970377,
      10.156953551610059,
      1.4541847613326127
    ],
    "rotation": [
      -0.042227508480072,
      -0.02098759304310103,
      0.7674369579860529
    ]
  },
  {
    "label_id": "e-z5gyYvp29FOY6PY9kfRw",
    "size": [
      0.7127939429687811,
      0.8405177596432624,
      1.6200000000000045
    ],
    "obj_class": "pedestrian",
    "point_num_in_lidar": 27,
    "speed": 1.4615139633632745,
    "if_vehicle": false,
    "motion_state": true,
    "pose": [
      [
        -0.7141803452308709,
        -0.6985521533829468,
        -0.04439958884902032,
        61.41026314946794
      ],
      [
        0.6986512133778391,
        -0.7152874059934481,
        0.015824312712953065,
        19.184470117681485
      ],
      [
        -0.04281257445642987,
        -0.019718413506467136,
        0.998888516120393,
        1.6988704257577183
      ],
      [
        0.0,
        0.0,
        0.0,
        1.0
      ]
    ],
    "location": [
      61.41026314946794,
      19.184470117681485,
      1.6988704257577183
    ],
    "rotation": [
      -0.019737791040745297,
      0.04282566390155723,
      2.367185543181075
    ]
  },
  {
    "label_id": "e5WABDJjos2c3aWy1M4gNA",
    "size": [
      1.0000608357882803,
      0.10503519766416149,
      0.7300000000000182
    ],
    "obj_class": "sign",
    "point_num_in_lidar": 40,
    "speed": 0.02108154711905179,
    "if_vehicle": false,
    "motion_state": false,
    "pose": [
      [
        -0.7166337360020139,
        0.6960350313984447,
        -0.04439958884902032,
        61.02471074492132
      ],
      [
        -0.6971391883701196,
        -0.7167611479187567,
        0.015824312712953065,
        39.19311610724981
      ],
      [
        -0.020809624274525537,
        0.04229292967332075,
        0.998888516120393,
        4.234680312810042
      ],
      [
        0.0,
        0.0,
        0.0,
        1.0
      ]
    ],
    "location": [
      61.02471074492132,
      39.19311610724981,
      4.234680312810042
    ],
    "rotation": [
      0.04231471645803023,
      0.02081112646882706,
      -2.3699826395413712
    ]
  },
  {
    "label_id": "gc09sAwf8t09cYUVFDQNyA",
    "size": [
      0.6951125957550021,
      0.93151889067932,
      1.6899999999999977
    ],
    "obj_class": "pedestrian",
    "point_num_in_lidar": 42,
    "speed": 1.5561188261717036,
    "if_vehicle": false,
    "motion_state": true,
    "pose": [
      [
        -0.9957234019240688,
        -0.08101594516388265,
        -0.04439958884902032,
        52.66563695012155
      ],
      [
        0.08038477336832384,
        -0.9966382891188187,
        0.015824312712953065,
        25.01010903264978
      ],
      [
        -0.04553235191907533,
        0.012187587600376663,
        0.998888516120393,
        1.5476040269257965
      ],
      [
        0.0,
        0.0,
        0.0,
        1.0
      ]
    ],
    "location": [
      52.66563695012155,
      25.01010903264978,
      1.5476040269257965
    ],
    "rotation": [
      0.012200543581158284,
      0.04554809952296867,
      3.0610373293032374
    ]
  },
  {
    "label_id": "gjGLaHajamdONAcPH7CDLA",
    "size": [
      2.1356453582040906,
      4.852355393954673,
      1.4499999999999886
    ],
    "obj_class": "vehicle",
    "point_num_in_lidar": 49,
    "speed": 8.414789873912643,
    "if_vehicle": true,
    "motion_state": true,
    "pose": [
      [
        0.7207267907887946,
        -0.6917959016569287,
        -0.04439958884902032,
        68.2430405228697
      ],
      [
        0.6928992878891144,
        0.7208607132934358,
        0.015824312712953065,
        54.897338463801134
      ],
      [
        0.021058724606281498,
        -0.04216944961410063,
        0.998888516120393,
        1.185773303304245
      ],
      [
        0.0,
        0.0,
        0.0,
        1.0
      ]
    ],
    "location": [
      68.2430405228697,
      54.897338463801134,
      1.185773303304245
    ],
    "rotation": [
      -0.04219131956526419,
      -0.02106028140199744,
      0.765715512019138
    ]
  },
  {
    "label_id": "hG1wn_64_6lUm7ax7y64WA",
    "size": [
      0.9053258598738108,
      0.9954942177719204,
      1.920000000000016
    ],
    "obj_class": "pedestrian",
    "point_num_in_lidar": 27,
    "speed": 1.3462621337963505,
    "if_vehicle": false,
    "motion_state": true,
    "pose": [
      [
        -0.7098389273551708,
        -0.7029632804928707,
        -0.04439958884902032,
        75.53029003536722
      ],
      [
        0.7030691971159259,
        -0.7109453531699397,
        0.015824312712953065,
        4.1406389596741064
      ],
      [
        -0.04268959215110939,
        -0.01998327012206253,
        0.998888516120393,
        1.9755340955372844
      ],
      [
        0.0,
        0.0,
        0.0,
        1.0
      ]
    ],
    "location": [
      75.53029003536722,
      4.1406389596741064,
      1.9755340955372844
    ],
    "rotation": [
      -0.02000283769045282,
      0.04270256905725314,
      2.360985798500725
    ]
  },
  {
    "label_id": "iT_7bnrQtUM8oZxZHp315Q",
    "size": [
      0.8043294931767728,
      0.6937030821572989,
      1.6800000000000068
    ],
    "obj_class": "pedestrian",
    "point_num_in_lidar": 826,
    "speed": 0.007316921344292919,
    "if_vehicle": false,
    "motion_state": false,
    "pose": [
      [
        0.6631318793475206,
        -0.7471845736516938,
        -0.04439958884902032,
        16.21068705521975
      ],
      [
        0.7482951336194159,
        0.6631771890895097,
        0.015824312712953065,
        21.658085813978687
      ],
      [
        0.017621112181864317,
        -0.04371760249914822,
        0.998888516120393,
        1.2736305129993752
      ],
      [
        0.0,
        0.0,
        0.0,
        1.0
      ]
    ],
    "location": [
      16.21068705521975,
      21.658085813978687,
      1.2736305129993752
    ],
