[
  {
    "label_id": "-nBiv0OOg0fPLgefHhGq8g",
    "size": [
      1.5747958547547816,
      0.1656706936286259,
      1.6499999999999773
    ],
    "obj_class": "sign",
    "point_num_in_lidar": 462,
    "speed": 0.0005875250691177888,
    "if_vehicle": false,
    "motion_state": false,
    "pose": [
      [
        -0.7438661994869542,
        -0.6668719081019442,
        -0.04410142225945693,
        15.245052116351872
      ],
      [
        0.6672835793721666,
        -0.74477299607562,
        0.006768235871610628,
        37.13171475980198
      ],
      [
        -0.03735909475755678,
        -0.0243934930056475,
        0.9990041318922956,
        1.5438152756452155
      ],
      [
        0.0,
        0.0,
        0.0,
        1.0
      ]
    ],
    "location": [
      15.245052116351872,
      37.13171475980198,
      1.5438152756452155
    ],
    "rotation": [
      -0.024412958786735866,
      0.0373677905805174,
      2.4104109668760523
    ]
  },
  {
    "label_id": "0TTpzF8WjDXQbo0lfz9cHQ",
    "size": [
      2.1575446701879972,
      5.032259334955597,
      2.0300000000000296
    ],
    "obj_class": "vehicle",
    "point_num_in_lidar": 451,
    "speed": 7.503714068289298,
    "if_vehicle": true,
    "motion_state": true,
    "pose": [
      [
        -0.730977148282287,
        -0.6809753837282141,
        -0.04410142225945693,
        17.194030990769534
      ],
      [
        0.6814043209654811,
        -0.7318759063890256,
        0.006768235871610628,
        48.87094786626403
      ],
      [
        -0.0368857704090183,
        -0.02510347393198539,
        0.9990041318922956,
        0.8310852357805629
      ],
      [
        0.0,
        0.0,
        0.0,
        1.0
      ]
    ],
    "location": [
      17.194030990769534,
      48.87094786626403,
      0.8310852357805629
    ],
    "rotation": [
      -0.02512321154680871,
      0.03689413975183725,
      2.3912788401385234
    ]
  },
  {
    "label_id": "0jw4kmyd3WAM6MTC97B0nA",
    "size": [
      1.9708569114627508,
      4.39763427653422,
      1.5199999999999818
    ],
    "obj_class": "vehicle",
    "point_num_in_lidar": 77,
    "speed": 7.991880662247968,
    "if_vehicle": true,
    "motion_state": true,
    "pose": [
      [
        0.7189540830581819,
        -0.6936570413458382,
        -0.04410142225945693,
        67.08074104151092
      ],
      [
        0.6945316694441955,
        0.7194302962221182,
        0.006768235871610628,
        52.97267950607784
      ],
      [
        0.02703306481010562,
        -0.035495885241719344,
        0.9990041318922956,
        1.2613602922953646
      ],
      [
        0.0,
        0.0,
        0.0,
        1.0
      ]
    ],
    "location": [
      67.08074104151092,
      52.97267950607784,
      1.2613602922953646
    ],
    "rotation": [
      -0.035516328615326116,
      -0.02703635846023915,
      0.7681217361704488
    ]
  },
  {
    "label_id": "1sZRERFs9w8_aiec9qxy2A",
    "size": [
      2.2565234301516583,
      5.36470334212936,
      2.160000000000025
    ],
    "obj_class": "vehicle",
    "point_num_in_lidar": 35,
    "speed": 5.796914039811764e-12,
    "if_vehicle": true,
    "motion_state": false,
    "pose": [
      [
        0.6820132216254161,
        0.7300089246597018,
        -0.04410142225945693,
        81.6870947754469
      ],
      [
        -0.730499132381339,
        0.6828800835968911,
        0.006768235871610628,
        -18.93096533203061
      ],
      [
        0.03505685550975744,
        0.02760002434579849,
        0.9990041318922956,
        2.51008136676802
      ],
      [
        0.0,
        0.0,
        0.0,
        1.0
      ]
    ],
    "location": [
      81.6870947754469,
      -18.93096533203061,
      2.51008136676802
    ],
    "rotation": [
      0.027620511756833735,
      -0.03506404019783758,
      -0.819710699374244
    ]
  },
  {
    "label_id": "2CpjYc56hQBrnDK--b90vw",
    "size": [
      2.0926499593267116,
      4.9752400927945954,
      1.6000000000000227
    ],
    "obj_class": "vehicle",
    "point_num_in_lidar": 320,
    "speed": 0.01752487173449343,
    "if_vehicle": true,
    "motion_state": false,
    "pose": [
      [
        0.7007204761129819,
        0.7120715405847147,
        -0.04410142225945693,
        15.082228428211238
      ],
      [
        -0.7125390965583472,
        0.7015997625847664,
        0.006768235871610628,
        45.201802477218735
      ],
      [
        0.035761015531024024,
        0.026681346111291665,
        0.9990041318922956,
        0.582839872485124
      ],
      [
        0.0,
        0.0,
        0.0,
        1.0
      ]
    ],
    "location": [
      15.082228428211238,
      45.201802477218735,
      0.582839872485124
    ],
    "rotation": [
      0.0267015960314841,
      -0.035768642084622264,
      -0.7937606363477937
    ]
  },
  {
    "label_id": "372VL4nuUuDLZal_o4LKJQ",
    "size": [
      2.173532973128245,
      4.7575719675316535,
      1.579999999999984
    ],
    "obj_class": "vehicle",
    "point_num_in_lidar": 48,
    "speed": 2.5637891856884027,
    "if_vehicle": true,
    "motion_state": true,
    "pose": [
      [
        -0.6717251718345896,
        0.73948655030263,
        -0.04410142225945693,
        -9.059397043074569
      ],
      [
        -0.7403906336772829,
        -0.6721427679787515,
        0.006768235871610628,
        72.41919477275951
      ],
      [
        -0.02463743263293925,
        0.03719867437662343,
        0.9990041318922956,
        -1.092659535772782
      ],
      [
        0.0,
        0.0,
        0.0,
        1.0
      ]
    ],
    "location": [
      -9.059397043074569,
      72.41919477275951,
      -1.092659535772782
    ],
    "rotation": [
      0.03721856143636334,
      0.024639925813624678,
      -2.307606818556914
    ]
  },
  {
    "label_id": "3kova9LG1G-6xqZXhgCmlw",
    "size": [
      0.39530624823035165,
      0.12129186436854991,
      0.5500000000000114
    ],
    "obj_class": "sign",
    "point_num_in_lidar": 20,
    "speed": 0.0025115007788876166,
    "if_vehicle": false,
    "motion_state": false,
    "pose": [
      [
        0.11699353858011237,
        0.9921530005423542,
        -0.04410142225945693,
        11.642177594541863
      ],
      [
        -0.993061466191887,
        0.11740151339742538,
        0.006768235871610628,
        64.80911929997092
      ],
      [
        0.011892699244636026,
        0.04300358318555924,
        0.9990041318922956,
        2.1250515383430866
      ],
      [
        0.0,
        0.0,
        0.0,
        1.0
      ]
    ],
    "location": [
      11.642177594541863,
      64.80911929997092,
      2.1250515383430866
    ],
    "rotation": [
      0.04301989298032185,
      -0.011892979605700772,
      -1.4535259078718712
    ]
  },
  {
    "label_id": "50a3QF2RZDCtOnldBiWQvg",
    "size": [
      0.9798482092525688,
      1.2007347169346758,
      1.7699999999999818
    ],
    "obj_class": "pedestrian",
    "point_num_in_lidar": 75,
    "speed": 1.5989108713503537,
    "if_vehicle": false,
    "motion_state": true,
    "pose": [
      [
        0.7100424370589669,
        -0.7027764951462564,
        -0.04410142225945693,
        40.984504974854644
      ],
      [
        0.7036571298760921,
        0.7105074486293065,
        0.006768235871610628,
        49.00218534711166
      ],
      [
        0.026577831926316766,
        -0.035838014903411396,
        0.9990041318922956,
        1.5245004596698664
      ],
      [
        0.0,
        0.0,
        0.0,
        1.0
      ]
    ],
    "location": [
      40.984504974854644,
      49.00218534711166,
      1.5245004596698664
    ],
    "rotation": [
      -0.03585836334833167,
      -0.026580961934605702,
      0.7808814584972382
    ]
  },
  {
    "label_id": "5_zmLzwQKAevERrLBkFozQ",
    "size": [
      0.7835333369614389,
      0.9696308335805952,
      1.6348377581119848
    ],
    "obj_class": "pedestrian",
    "point_num_in_lidar": 676,
    "speed": 1.635895193225183,
    "if_vehicle": false,
    "motion_state": true,
    "pose": [
      [
        -0.6225424971892746,
        0.7813423729377764,
        -0.04410142225945693,
        22.25073155784412
      ],
      [
        -0.7822715486306008,
        -0.6229008068595415,
        0.006768235871610628,
        33.17236003770813
      ],
      [
        -0.02218250203254224,
        0.03871280234879593,
        0.9990041318922956,
        1.355305106754031
      ],
      [
        0.0,
        0.0,
        0.0,
        1.0
      ]
    ],
    "location": [
      22.25073155784412,
      33.17236003770813,
      1.355305106754031
    ],
    "rotation": [
      0.038732013809118906,
      0.022184321635031496,
      -2.2429794931944675
    ]
  },
  {
    "label_id": "5aghV-Mnu97AiqC4x6jYuA",
    "size": [
      0.9149321908446231,
      0.9082561679242644,
      1.8100000000000023
    ],
    "obj_class": "pedestrian",
    "point_num_in_lidar": 23,
    "speed": 1.4005961227835166,
    "if_vehicle": false,
    "motion_state": true,
    "pose": [
      [
        -0.723354217419274,
        -0.6890672976541862,
        -0.04410142225945693,
        70.90784999550306
      ],
      [
        0.6895062094221777,
        -0.7242481468056694,
        0.006768235871610628,
        8.919704900887155
      ],
      [
        -0.036604143344842834,
        -0.025512372530027035,
        0.9990041318922956,
        1.9105340955379688
      ],
      [
        0.0,
        0.0,
        0.0,
        1.0
      ]
    ],
    "location": [
      70.90784999550306,
      8.919704900887155,
      1.9105340955379688
    ],
    "rotation": [
      -0.025532255242768143,
      0.0366123223686951,
      2.3801469868366603
    ]
  },
  {
    "label_id": "6NoWbyqSRCsUOxo67ZRvPw",
    "size": [
      0.8980351333188626,
      0.831515438228962,
      1.6299999999999955
    ],
    "obj_class": "pedestrian",
    "point_num_in_lidar": 20,
    "speed": 0.031018532947073137,
    "if_vehicle": false,
    "motion_state": false,
    "pose": [
      [
        -0.7267659291830132,
        -0.6854679779052005,
        -0.04410142225945693,
        0.3859105539122538
      ],
      [
        0.685902446677194,
        -0.7276620263731132,
        0.006768235871610628,
        80.20680047880887
      ],
      [
        -0.03673033924415113,
        -0.025330350197544677,
        0.9990041318922956,
        -1.1206103804740337
      ],
      [
        0.0,
        0.0,
        0.0,
        1.0
      ]
    ],
    "location": [
      0.3859105539122538,
      80.20680047880887,
      -1.1206103804740337
    ],
    "rotation": [
      -0.025350169366772424,
      0.03673860318807438,
      2.385112877237926
    ]
  },
  {
    "label_id": "7qobI3Hz-o2ZID0qo4DukQ",
    "size": [
      0.8444910497283026,
      0.9942583215743072,
      1.7699999999999818
    ],
    "obj_class": "pedestrian",
    "point_num_in_lidar": 197,
    "speed": 1.3148210485629162,
    "if_vehicle": false,
    "motion_state": true,
    "pose": [
      [
        0.7774147784805416,
        0.6274402973628197,
        -0.04410142225945693,
        9.935088990776421
      ],
      [
        -0.6278044390612426,
        0.7783416841453275,
        0.006768235871610628,
        39.35258911771234
      ],
      [
        0.038572639202535015,
        0.02242534207256913,
        0.9990041318922956,
        1.0158034898282722
      ],
      [
        0.0,
        0.0,
        0.0,
        1.0
      ]
    ],
    "location": [
      9.935088990776421,
      39.35258911771234,
      1.0158034898282722
    ],
    "rotation": [
      0.022443927699550243,
      -0.038582210652842674,
      -0.6793301164691561
    ]
  },
  {
    "label_id": "AS3e914vLOa5GEXFpCnqTA",
    "size": [
      1.7146636945498772,
      0.30331941685290076,
      1.7900000000000205
    ],
    "obj_class": "sign",
    "point_num_in_lidar": 64,
    "speed": 3.410605131648481e-12,
    "if_vehicle": false,
    "motion_state": false,
    "pose": [
      [
        -0.5100148547569231,
        -0.8590342906322004,
        -0.04410142225945693,
        -2.6627872325079807
      ],
      [
        0.859698630380922,
        -0.5107567482709876,
        0.006768235871610628,
        55.071613136031374
      ],
      [
        -0.02833924572816642,
        -0.03446203147928574,
        0.9990041318922956,
        0.025844480470937015
      ],
      [
        0.0,
        0.0,
        0.0,
        1.0
      ]
    ],
    "location": [
      -2.6627872325079807,
      55.071613136031374,
      0.025844480470937015
    ],
    "rotation": [
      -0.03448271151795655,
      0.028343040368438977,
      2.106236640358039
    ]
  },
  {
    "label_id": "B8fPu6MBHzAg6h1H20TSaA",
    "size": [
      0.8382083337783978,
      0.9355274055124028,
      1.6899999999999977
    ],
    "obj_class": "pedestrian",
    "point_num_in_lidar": 124,
    "speed": 3.5950934718225418e-12,
    "if_vehicle": false,
    "motion_state": false,
    "pose": [
      [
        0.5286160621696919,
        0.8477146473731013,
        -0.04410142225945693,
        40.73671213733178
      ],
      [
        -0.8483626600103522,
        0.5293722585131806,
        0.006768235871610628,
        40.20584471154871
      ],
      [
        0.029083602190372548,
        0.03383620170398618,
        0.9990041318922956,
        1.5420534366959373
      ],
      [
        0.0,
        0.0,
        0.0,
        1.0
      ]
    ],
    "location": [
      40.73671213733178,
      40.20584471154871,
      1.5420534366959373
    ],
    "rotation": [
      0.0338569890472255,
      -0.029087703841293996,
      -1.0135633762264444
    ]
  },
  {
    "label_id": "CgFRFNYw3lhQVZrCFzpkrQ",
    "size": [
      1.0433323492974806,
      0.2471041857061209,
      0.9900000000000091
    ],
    "obj_class": "sign",
    "point_num_in_lidar": 26,
    "speed": 1.1368683772161603e-12,
    "if_vehicle": false,
    "motion_state": false,
    "pose": [
      [
        0.7932505696587723,
        0.6072961372269104,
        -0.04410142225945693,
        80.5708430281702
      ],
      [
        -0.6076363874868481,
        0.794186509319517,
        0.006768235871610628,
        -4.026447336022102
      ],
      [
        0.03913507810093389,
        0.021428721944028416,
        0.9990041318922956,
        4.502027468124709
      ],
      [
        0.0,
        0.0,
        0.0,
        1.0
      ]
    ],
    "location": [
      80.5708430281702,
      -4.026447336022102,
      4.502027468124709
    ],
    "rotation": [
      0.021446794534633183,
      -0.03914507457513747,
      -0.6536678404296569
    ]
  },
  {
    "label_id": "ClF4yeX5OWyraAqpbGjSCw",
    "size": [
      0.9554220533003824,
      0.9747420779603999,
      1.8000000000000114
    ],
    "obj_class": "pedestrian",
    "point_num_in_lidar": 21,
    "speed": 1.3286647099641762,
    "if_vehicle": false,
    "motion_state": true,
    "pose": [
      [
        -0.8182747130184259,
        -0.5731331072179532,
        -0.04410142225945693,
        -7.012602759972651
      ],
      [
        0.5734333872953048,
        -0.8192242314032339,
        0.006768235871610628,
        84.42488590016
      ],
      [
        -0.040008053809773285,
        -0.019750951685297738,
        0.9990041318922956,
        -1.4656103804743452
      ],
      [
        0.0,
        0.0,
        0.0,
        1.0
      ]
    ],
    "location": [
      -7.012602759972651,
      84.42488590016,
      -1.4656103804743452
    ],
    "rotation": [
      -0.019768065268728298,
      0.040018734615852494,
      2.530341068439081
    ]
  },
  {
    "label_id": "DAcKn9aTrB4-lrjIfVddfQ",
    "size": [
      0.7896825755497363,
      0.696373814229446,
      1.6000000000000227
    ],
    "obj_class": "pedestrian",
    "point_num_in_lidar": 52,
    "speed": 3.5950934718225418e-12,
    "if_vehicle": false,
    "motion_state": false,
    "pose": [
      [
        -0.9914715586935372,
        0.12263446846829368,
        -0.04410142225945693,
        51.20447815067746
      ],
      [
        -0.12304760354150301,
        -0.9923776893128338,
        0.006768235871610628,
        49.52241715947457
      ],
      [
        -0.04293524850866644,
        0.012137087691029369,
        0.9990041318922956,
        1.653463153551968
      ],
      [
        0.0,
        0.0,
        0.0,
        1.0
      ]
    ],
    "location": [
      51.20447815067746,
      49.52241715947457,
      1.653463153551968
    ],
    "rotation": [
      0.01214858898044085,
      0.04294845085756907,
      -3.018117967785565
    ]
  },
  {
    "label_id": "Irfp6gSCdLpobVkk39GvCg",
    "size": [
      0.7417760791687569,
      1.1326184300815785,
      1.8400000000000318
    ],
    "obj_class": "pedestrian",
    "point_num_in_lidar": 101,
    "speed": 1.3356113190063064,
    "if_vehicle": false,
    "motion_state": true,
    "pose": [
      [
        0.7059468593316475,
        -0.7068904415498036,
        -0.04410142225945693,
        39.022325731690216
      ],
      [
        0.7077737634339448,
        0.7064067459882701,
        0.006768235871610628,
        47.78507130662183
      ],
      [
        0.02636914094796158,
        -0.0359918444621447,
        0.9990041318922956,
        1.5047349518824262
      ],
      [
        0.0,
        0.0,
        0.0,
        1.0
      ]
    ],
    "location": [
      39.022325731690216,
      47.78507130662183,
      1.5047349518824262
    ],
    "rotation": [
      -0.03601214749432014,
      -0.026372197787343617,
      0.7866904293911186
    ]
  },
  {
    "label_id": "IzAx5HEuwV2lscGQLguxFg",
    "size": [
      0.7053606406528977,
      0.17554778865644494,
      0.8700000000000045
    ],
    "obj_class": "sign",
    "point_num_in_lidar": 23,
    "speed": 9.094947017729282e-12,
    "if_vehicle": false,
    "motion_state": false,
    "pose": [
      [
        -0.7681243970789573,
        0.6387800679160093,
        -0.04410142225945693,
        79.95255263183572
      ],
      [
        -0.6396172179683284,
        -0.7686637792049539,
        0.006768235871610628,
        57.666837986238534
      ],
      [
        -0.029575751732528632,
        0.03340687611220944,
        0.9990041318922956,
        3.4242334063707176
      ],
      [
        0.0,
        0.0,
        0.0,
        1.0
      ]
    ],
    "location": [
      79.95255263183572,
      57.666837986238534,
      3.4242334063707176
    ],
    "rotation": [
      0.03342772169927358,
      0.02958006520599302,
      -2.4472282393222633
    ]
  },
  {
    "label_id": "NHlv6cGf7h-bBMSpm-Zh7A",
    "size": [
      0.9098943185366839,
      0.7449380051051133,
      1.8899999999999864
    ],
    "obj_class": "pedestrian",
    "point_num_in_lidar": 195,
    "speed": 2.3437142008433857e-12,
    "if_vehicle": false,
    "motion_state": false,
    "pose": [
      [
        -0.8293292913203141,
        0.5570170474167184,
        -0.04410142225945693,
        34.930510011872684
      ],
      [
        -0.5577947522168376,
        -0.8299513271165623,
        0.006768235871610628,
        12.640109978769033
      ],
      [
        -0.03283201117053971,
        0.030212638160515476,
        0.9990041318922956,
        1.6872314158786708
      ],
      [
        0.0,
        0.0,
        0.0,
        1.0
      ]
    ],
    "location": [
      34.930510011872684,
      12.640109978769033,
      1.6872314158786708
    ],
    "rotation": [
      0.03023354076015576,
      0.03283791252850638,
      -2.5495036685113455
    ]
  },
  {
    "label_id": "NWx5OOTS3S22DN-gLtcmhw",
    "size": [
      0.6743662098281402,
      0.6666284200873633,
      1.6200000000000045
    ],
    "obj_class": "pedestrian",
    "point_num_in_lidar": 24,
    "speed": 1.7053025658242404e-12,
    "if_vehicle": false,
    "motion_state": false,
    "pose": [
      [
        -0.9505085124552836,
        0.30755264964675083,
        -0.04410142225945693,
        57.495999287446466
      ],
      [
        -0.30812937568804977,
        -0.951320387052269,
        0.006768235871610628,
        55.969068751444865
      ],
      [
        -0.03987299321767408,
        0.02002220951803263,
        0.9990041318922956,
        1.7134631535522544
      ],
      [
        0.0,
        0.0,
        0.0,
        1.0
      ]
    ],
    "location": [
      57.495999287446466,
      55.969068751444865,
      1.7134631535522544
    ],
    "rotation": [
      0.020039485951608437,
      0.03988356616719421,
      -2.8281087584028497
    ]
  },
  {
    "label_id": "NpvA7vKfmoKkFvtrDaSQ9g",
    "size": [
      2.1507144826726314,
      4.98263543942257,
      1.8000000000000114
    ],
    "obj_class": "vehicle",
    "point_num_in_lidar": 154,
    "speed": 3.6767649567507097,
    "if_vehicle": true,
    "motion_state": true,
    "pose": [
      [
        0.7138611178482948,
        0.6988972520900879,
        -0.04410142225945693,
        1.2213784640553058
      ],
      [
        -0.6993483504330325,
        0.7147489599361321,
        0.006768235871610628,
        58.74384670610743
      ],
      [
        0.03625174714381725,
        0.026010676483732932,
        0.9990041318922956,
        -0.3176603610002644
      ],
      [
        0.0,
        0.0,
        0.0,
        1.0
      ]
    ],
    "location": [
      1.2213784640553058,
      58.74384670610743,
      -0.3176603610002644
    ],
    "rotation": [
      0.026030724453838073,
      -0.03625969211884229,
      -0.7751291568548593
    ]
  },
  {
    "label_id": "OuZ9z9qaKV3nsqnICSdpHQ",
    "size": [
      0.8617775315374189,
      0.9056348031139417,
      1.7900000000000205
    ],
    "obj_class": "pedestrian",
    "point_num_in_lidar": 100,
    "speed": 1.4393718216659475,
    "if_vehicle": false,
    "motion_state": true,
    "pose": [
      [
        -0.7360621121012045,
        -0.675475855737129,
        -0.04410142225945693,
        41.49896747893945
      ],
      [
        0.675898042618109,
        -0.7369640608389225,
        0.006768235871610628,
        7.555645600310527
      ],
      [
        -0.03707294315430835,
        -0.024826222990984786,
        0.9990041318922956,
        1.8293260038566928
      ],
      [
        0.0,
        0.0,
        0.0,
        1.0
      ]
    ],
    "location": [
      41.49896747893945,
      7.555645600310527,
      1.8293260038566928
    ],
    "rotation": [
      -0.02484585743097405,
      0.03708144060562724,
      2.398779046717222
    ]
  },
  {
    "label_id": "R0591s_SOgmmTLEB231ofA",
    "size": [
      0.7662604966491997,
      0.8033125028596259,
      1.8999999999999773
    ],
    "obj_class": "pedestrian",
    "point_num_in_lidar": 157,
    "speed": 0.05858095983288894,
    "if_vehicle": false,
    "motion_state": false,
    "pose": [
      [
        0.690348449320146,
        0.7221316244812733,
        -0.04410142225945693,
        35.62492239990024
      ],
      [
        -0.722611848725036,
        0.691220881531636,
        0.006768235871610628,
        43.35654307826189
      ],
      [
        0.03537138113581934,
        0.027195769131710245,
        0.9990041318922956,
        1.5322314158780728
      ],
      [
        0.0,
        0.0,
        0.0,
        1.0
      ]
    ],
    "location": [
      35.62492239990024,
      43.35654307826189,
      1.5322314158780728
    ],
    "rotation": [
      0.027216157693751762,
      -0.03537876101801168,
      -0.8082280999231045
    ]
  },
  {
    "label_id": "R9rMpbgc15zaIzxO84qQ2Q",
    "size": [
      2.455463505560072,
      5.740474842219555,
      1.9599999999999795
    ],
    "obj_class": "vehicle",
    "point_num_in_lidar": 5988,
    "speed": 8.306334767040028,
    "if_vehicle": true,
    "motion_state": true,
    "pose": [
      [
        0.7168936050983603,
        -0.69578633467737,
        -0.04410142225945693,
        34.26544626433679
      ],
      [
        0.696662371328373,
        0.7173672221103459,
        0.006768235871610628,
        29.350392517386354
      ],
      [
        0.02692766874804214,
        -0.035575906424382145,
        0.9990041318922956,
        1.8812963067427972
      ],
      [
        0.0,
        0.0,
        0.0,
        1.0
      ]
    ],
    "location": [
      34.26544626433679,
      29.350392517386354,
      1.8812963067427972
    ],
    "rotation": [
      -0.03559632834276984,
      -0.026930924016155815,
      0.7710868429574297
    ]
  },
  {
    "label_id": "RKwAEbv66vXGep7SUMPPKw",
    "size": [
      0.9201701204991245,
      0.9537800834514201,
      1.8000000000000114
    ],
    "obj_class": "pedestrian",
    "point_num_in_lidar": 22,
    "speed": 1.3691346405896399,
    "if_vehicle": false,
    "motion_state": true,
    "pose": [
      [
        -0.7334348122260634,
        -0.6783276794953985,
        -0.04410142225945693,
        64.37630383745272
      ],
      [
        0.6787533639714174,
        -0.7343351155165267,
        0.006768235871610628,
        16.641727475784137
      ],
      [
        -0.03697630474240858,
        -0.024969928908933892,
        0.9990041318922956,
        1.7755340955378074
      ],
      [
        0.0,
        0.0,
        0.0,
        1.0
      ]
    ],
    "location": [
      64.37630383745272,
      16.641727475784137,
      1.7755340955378074
    ],
    "rotation": [
      -0.02498961730692624,
      0.036984735888444135,
      2.394896233607466
    ]
  },
  {
    "label_id": "RY23tzpLtf7MYOqPu3Y8GQ",
    "size": [
      0.4662046196177421,
      0.08292759186144995,
      0.5799999999999841
    ],
    "obj_class": "sign",
    "point_num_in_lidar": 26,
    "speed": 0.001072487141534134,
    "if_vehicle": false,
    "motion_state": false,
    "pose": [
      [
        0.6884527253615345,
        0.723939161461078,
        -0.04410142225945693,
        19.043024037728173
      ],
      [
        -0.7244216714772522,
        0.6893238954782361,
        0.006768235871610628,
        58.05849169736757
      ],
      [
        0.035299955189484034,
        0.027288415596019855,
        0.9990041318922956,
        2.4908444804714804
      ],
      [
        0.0,
        0.0,
        0.0,
        1.0
      ]
    ],
    "location": [
      19.043024037728173,
      58.05849169736757,
      2.4908444804714804
    ],
    "rotation": [
      0.027308827603177366,
      -0.03530729043830394,
      -0.8108506584051784
    ]
  },
  {
    "label_id": "Rrloo1mL4Y4Wxo3m2aZgww",
    "size": [
      0.9053258598712383,
      0.9954942177719204,
      1.920000000000016
    ],
    "obj_class": "pedestrian",
    "point_num_in_lidar": 29,
    "speed": 1.3279629076445534,
    "if_vehicle": false,
    "motion_state": true,
    "pose": [
      [
        -0.7256852818661715,
        -0.6866119254990466,
        -0.04410142225945693,
        70.16326537943678
      ],
      [
        0.6870478052597705,
        -0.7265806935715527,
        0.006768235871610628,
        10.698519703859347
      ],
      [
        -0.036690393436806426,
        -0.025388176215967784,
        0.9990041318922956,
        2.0055340955374277
      ],
      [
        0.0,
        0.0,
        0.0,
        1.0
      ]
    ],
    "location": [
      70.16326537943678,
      10.698519703859347,
      2.0055340955374277
    ],
    "rotation": [
      -0.025408015754905977,
      0.036698630436987324,
      2.3835371267912886
    ]
  },
  {
    "label_id": "TZ_-vRD-wRuJSsIj5_YNaw",
    "size": [
      2.2551529818459857,
      4.679410122029367,
      1.509999999999991
    ],
    "obj_class": "vehicle",
    "point_num_in_lidar": 86,
    "speed": 1.1845978709625369,
    "if_vehicle": true,
    "motion_state": true,
    "pose": [
      [
        -0.6944540083915874,
        -0.718184304189078,
        -0.04410142225945693,
        51.1072235142492
      ],
      [
        0.7186595470080145,
        -0.6953291641211532,
        0.006768235871610628,
        20.72892846319155
      ],
      [
        -0.03552584584626244,
        -0.026993679612610757,
        0.9990041318922956,
        1.5205173954695965
      ],
      [
        0.0,
        0.0,
        0.0,
        1.0
      ]
    ],
    "location": [
      51.1072235142492,
      20.72892846319155,
      1.5205173954695965
    ],
    "rotation": [
      -0.02701401541373781,
      0.03553332287067248,
      2.339066941202579
    ]
  },
  {
    "label_id": "V3g-FbT7tVUKKE_9_gOPDA",
    "size": [
      0.6837837113216542,
      0.6998592165473383,
      1.8999999999999773
    ],
    "obj_class": "pedestrian",
    "point_num_in_lidar": 25,
    "speed": 1.3150147395418794,
    "if_vehicle": false,
    "motion_state": true,
    "pose": [
      [
        -0.7232849174121196,
        -0.6891400385979879,
        -0.04410142225945693,
        -7.341486911660468
      ],
      [
        0.6895790402621534,
        -0.7241788026546438,
        0.006768235871610628,
        87.58760975171026
      ],
      [
        -0.03660157749702241,
        -0.025516053512448643,
        0.9990041318922956,
        -1.6456103804744657
      ],
      [
        0.0,
        0.0,
        0.0,
        1.0
      ]
    ],
    "location": [
      -7.341486911660468,
      87.58760975171026,
      -1.6456103804744657
    ],
    "rotation": [
      -0.025535937492782625,
      0.03660975480032344,
      2.380046386775107
    ]
  },
  {
    "label_id": "VKOuaj8LJhay5wlxyZ-_zg",
    "size": [
      0.787807238355914,
      1.0479388304352202,
      1.6999999999999886
    ],
    "obj_class": "pedestrian",
    "point_num_in_lidar": 83,
    "speed": 1.4522145285346137,
    "if_vehicle": false,
    "motion_state": true,
    "pose": [
      [
        -0.3662963471240575,
        -0.92945255426959,
        -0.04410142225945693,
        31.402024572533264
      ],
      [
        0.9302268378949665,
        -0.36692263631877203,
        0.006768235871610628,
        48.760056659724796
      ],
      [
        -0.022472564239614874,
        -0.038545146498840326,
        0.9990041318922956,
        1.1890695246011092
      ],
      [
        0.0,
        0.0,
        0.0,
        1.0
      ]
    ],
    "location": [
      31.402024572533264,
      48.760056659724796,
      1.1890695246011092
    ],
    "rotation": [
      -0.038564441379969686,
      0.022474456170889365,
      1.9459213647103606
    ]
  },
  {
    "label_id": "VqYlW6Sp3oyWGU1DfRWBBA",
    "size": [
      0.7161699876230203,
      0.900175979290559,
      1.8199999999999932
    ],
    "obj_class": "pedestrian",
    "point_num_in_lidar": 149,
    "speed": 1.0713973049107328,
    "if_vehicle": false,
    "motion_state": true,
    "pose": [
      [
        0.8677847539333342,
        -0.49497947977219775,
        -0.04410142225945693,
        34.820944589220744
      ],
      [
        0.4957096929008964,
        0.8684619112818276,
        0.006768235871610628,
        43.89640126325685
      ],
      [
        0.034950267594989544,
        -0.027734874385136547,
        0.9990041318922956,
        1.4822314158784025
      ],
      [
        0.0,
        0.0,
        0.0,
        1.0
      ]
    ],
    "location": [
      34.820944589220744,
      43.89640126325685,
      1.4822314158784025
    ],
    "rotation": [
      -0.027755392766976944,
      -0.03495738692456739,
      0.5190007602494837
    ]
  },
  {
    "label_id": "WLxPidkONZfEWD55dLlKWA",
    "size": [
      2.3401327950757795,
      5.65358485138672,
      2.240000000000009
    ],
    "obj_class": "vehicle",
    "point_num_in_lidar": 55,
    "speed": 9.808791714848978,
    "if_vehicle": true,
    "motion_state": true,
    "pose": [
      [
        0.728440943599609,
        -0.6836876891113401,
        -0.04410142225945693,
        83.29091285668255
      ],
      [
        0.6845556744252134,
        0.7289291595178694,
        0.006768235871610628,
        72.79018231227383
      ],
      [
        0.02751945311870665,
        -0.03512013898275442,
        0.9990041318922956,
        1.50767867275988
      ],
      [
        0.0,
        0.0,
        0.0,
        1.0
      ]
    ],
    "location": [
      83.29091285668255,
      72.79018231227383,
      1.50767867275988
    ],
    "rotation": [
      -0.03514067703636361,
      -0.027522927809739674,
      0.7543498466935966
    ]
  },
  {
    "label_id": "WO_EU5HuGT6OvKJc51rSGg",
    "size": [
      2.391863783789471,
      0.18455530819637792,
      1.240000000000009
    ],
    "obj_class": "sign",
    "point_num_in_lidar": 489,
    "speed": 0.004862076617962019,
    "if_vehicle": false,
    "motion_state": false,
    "pose": [
      [
        -0.7545769203922077,
        -0.6547279860874322,
        -0.04410142225945693,
        45.27942352602258
      ],
      [
        0.6551249062374123,
        -0.755490270096583,
        0.006768235871610628,
        9.70680260068184
      ],
      [
        -0.03774954885602491,
        -0.023784785542175235,
        0.9990041318922956,
        3.4453805198737086
      ],
      [
        0.0,
        0.0,
        0.0,
        1.0
      ]
    ],
    "location": [
      45.27942352602258,
      9.70680260068184,
      3.4453805198737086
    ],
    "rotation": [
      -0.023803998621739004,
      0.03775852030705307,
      2.4266260597982843
    ]
  },
  {
    "label_id": "WlcEoxNhcOjAwPMafiVjug",
    "size": [
      0.8492928062916735,
      1.0100650728563778,
      1.6200000000000045
    ],
    "obj_class": "pedestrian",
    "point_num_in_lidar": 68,
    "speed": 1.4520878179005234,
    "if_vehicle": false,
    "motion_state": true,
    "pose": [
      [
        0.7168373559895259,
        0.6958442854638088,
        -0.04410142225945693,
        29.06304833840477
      ],
      [
        -0.696291590584438,
        0.7177271151799823,
        0.006768235871610628,
        50.01408138930128
      ],
      [
        0.03636242482754569,
        0.02585572514515438,
        0.9990041318922956,
        1.0873220983909277
      ],
      [
        0.0,
        0.0,
        0.0,
        1.0
      ]
    ],
    "location": [
      29.06304833840477,
      50.01408138930128,
      1.0873220983909277
    ],
    "rotation": [
      0.02587572310178142,
      -0.03637044282273704,
      -0.770859987014736
    ]
  },
  {
    "label_id": "XD_2_kZ1u4Vl7oYczSiLpA",
    "size": [
      0.6787775717174298,
      0.8476253110203122,
      2.009999999999991
    ],
    "obj_class": "pedestrian",
    "point_num_in_lidar": 22,
    "speed": 1.3198758600255287,
    "if_vehicle": false,
    "motion_state": true,
    "pose": [
      [
        -0.7084355860404656,
        -0.7043962556588408,
        -0.04410142225945693,
        73.36533968116782
      ],
      [
        0.7048542057132295,
        -0.7093199134886589,
        0.006768235871610628,
        6.999100894259755
      ],
      [
        -0.03604953702718318,
        -0.026290213811348682,
        0.9990041318922956,
        2.0291553166104563
      ],
      [
        0.0,
        0.0,
        0.0,
        1.0
      ]
    ],
    "location": [
      73.36533968116782,
      6.999100894259755,
      2.0291553166104563
    ],
    "rotation": [
      -0.02631034883806732,
      0.03605734974115331,
      2.3587285583517437
    ]
  },
  {
    "label_id": "_fjQGebTZaJgCuKbZhx4IQ",
    "size": [
      1.2552645584974518,
      0.17686029307354367,
      0.39999999999997726
    ],
    "obj_class": "sign",
    "point_num_in_lidar": 175,
    "speed": 0.0108632079983103,
    "if_vehicle": false,
    "motion_state": false,
    "pose": [
      [
        -0.6745338950066126,
        -0.736925429770137,
        -0.04410142225945693,
        38.666182847922755
      ],
      [
        0.7374244513587047,
        -0.6753957132833311,
        0.006768235871610628,
        13.194766312954016
      ],
      [
        -0.034773596672207606,
        -0.027956062609017604,
        0.9990041318922956,
        3.802862471004289
      ],
      [
        0.0,
        0.0,
        0.0,
        1.0
      ]
    ],
    "location": [
      38.666182847922755,
      13.194766312954016,
      3.802862471004289
    ],
    "rotation": [
      -0.027976629601233666,
      0.03478060854471199,
      2.3116825428500665
    ]
  },
  {
    "label_id": "_tsIF16b_W0ZqlPiZj4RNw",
    "size": [
      0.8859042716253878,
      0.9773899117426482,
      1.660000000000025
    ],
    "obj_class": "pedestrian",
    "point_num_in_lidar": 90,
    "speed": 1.0686142993671932,
    "if_vehicle": false,
    "motion_state": true,
    "pose": [
      [
        0.719142536161689,
        -0.6934616624137393,
        -0.04410142225945693,
        36.26733041719126
      ],
      [
        0.69433616108375,
        0.7196189869609243,
        0.006768235871610628,
        45.17517810861318
      ],
      [
        0.027042708710750943,
        -0.03548853854001535,
        0.9990041318922956,
        1.4022314158783047
      ],
      [
        0.0,
        0.0,
        0.0,
        1.0
      ]
    ],
    "location": [
      36.26733041719126,
      45.17517810861318,
      1.4022314158783047
    ],
    "rotation": [
      -0.03550898386060455,
      -0.027046005887892292,
      0.7678500893978537
    ]
  },
  {
    "label_id": "bEtCAuntP-b14z2lvs2iBw",
    "size": [
      2.2076617910908585,
      5.029448622023461,
      1.5199999999999818
    ],
    "obj_class": "vehicle",
    "point_num_in_lidar": 242,
    "speed": 0.06206754433161417,
    "if_vehicle": true,
    "motion_state": false,
    "pose": [
      [
        0.7007204761152283,
        0.7120715405825042,
        -0.04410142225945693,
        8.922720372629556
      ],
      [
        -0.712539096556134,
        0.7015997625870141,
        0.006768235871610628,
        51.049895282572834
      ],
      [
        0.035761015531108185,
        0.026681346111178856,
        0.9990041318922956,
        0.16283987248550602
      ],
      [
        0.0,
        0.0,
        0.0,
        1.0
      ]
    ],
    "location": [
      8.922720372629556,
      51.049895282572834,
      0.16283987248550602
    ],
    "rotation": [
      0.02670159603137126,
      -0.03576864208470648,
      -0.7937606363446382
    ]
  },
  {
    "label_id": "bMjmFhgzjcwPiXwbwa_O7g",
    "size": [
      0.5960529665173933,
      0.11968873521254864,
      0.6200000000000045
    ],
    "obj_class": "sign",
    "point_num_in_lidar": 28,
    "speed": 2.3437142008433857e-12,
    "if_vehicle": false,
    "motion_state": false,
    "pose": [
      [
        0.2763454581858039,
        0.9600459636365183,
        -0.04410142225945693,
        18.799074341946834
      ],
      [
        -0.9608762407065342,
        0.27689536115447066,
        0.006768235871610628,
        57.76120892065228
      ],
      [
        0.01870929677343781,
        0.04050563758742861,
        0.9990041318922956,
        2.01084448047186
      ],
      [
        0.0,
        0.0,
        0.0,
        1.0
      ]
    ],
    "location": [
      18.799074341946834,
      57.76120892065228,
      2.01084448047186
    ],
    "rotation": [
      0.04052381902386057,
      -0.018710388438871694,
      -1.2907565910881311
    ]
  },
  {
    "label_id": "bqRxkK022zzIZvgLSzxwGg",
    "size": [
      2.2128959056422235,
      4.841131040794217,
      1.5
    ],
    "obj_class": "vehicle",
    "point_num_in_lidar": 38,
    "speed": 0.7602111458567576,
    "if_vehicle": true,
    "motion_state": false,
    "pose": [
      [
        0.8952536508768411,
        -0.44336888157197085,
        -0.04410142225945693,
        -7.8948866730388545
      ],
      [
        0.44405823245206644,
        0.8959723640686317,
        0.006768235871610628,
        80.3857827395841
      ],
      [
        0.03651283039198331,
        -0.025642887491211675,
        0.9990041318922956,
        -1.5077348942908202
      ],
      [
        0.0,
        0.0,
        0.0,
        1.0
      ]
    ],
    "location": [
      -7.8948866730388545,
      80.3857827395841,
      -1.5077348942908202
