[
  {
    "label_id": "0TTpzF8WjDXQbo0lfz9cHQ",
    "size": [
      2.1575446701915983,
      5.032259334955597,
      2.0300000000000296
    ],
    "obj_class": "vehicle",
    "point_num_in_lidar": 678,
    "speed": 0.8760177264241348,
    "if_vehicle": true,
    "motion_state": false,
    "pose": [
      [
        0.4944167263601892,
        -0.8678364024339857,
        -0.04911292401915032,
        26.48816095323855
      ],
      [
        0.8692079317313803,
        0.4939712800175694,
        0.021678236391834152,
        30.07668814767385
      ],
      [
        0.005447211261742454,
        -0.05340742577807903,
        0.9985579476230856,
        1.7779914308993057
      ],
      [
        0.0,
        0.0,
        0.0,
        1.0
      ]
    ],
    "location": [
      26.48816095323855,
      30.07668814767385,
      1.7779914308993057
    ],
    "rotation": [
      -0.0534336414010576,
      -0.005447238200477926,
      1.0536242115636214
    ]
  },
  {
    "label_id": "0jw4kmyd3WAM6MTC97B0nA",
    "size": [
      1.9708569114565968,
      4.39763427653422,
      1.5199999999999818
    ],
    "obj_class": "vehicle",
    "point_num_in_lidar": 786,
    "speed": 5.506708323076818,
    "if_vehicle": true,
    "motion_state": true,
    "pose": [
      [
        0.7169436474382636,
        -0.6953989697232863,
        -0.04911292401915032,
        30.8080691512223
      ],
      [
        0.6968403187914528,
        0.7168986149892929,
        0.021678236391834152,
        18.220226324992836
      ],
      [
        0.020133963955103917,
        -0.04976593949907558,
        0.9985579476230856,
        1.5980263637623011
      ],
      [
        0.0,
        0.0,
        0.0,
        1.0
      ]
    ],
    "location": [
      30.8080691512223,
      18.220226324992836,
      1.5980263637623011
    ],
    "rotation": [
      -0.04979660711173663,
      -0.02013532450929851,
      0.7711796021729166
    ]
  },
  {
    "label_id": "1-vuNCDJYzRYJGZGloUAOQ",
    "size": [
      0.7092098508599511,
      1.1633401586890373,
      1.8799999999999955
    ],
    "obj_class": "pedestrian",
    "point_num_in_lidar": 519,
    "speed": 1.447105195700705,
    "if_vehicle": false,
    "motion_state": true,
    "pose": [
      [
        -0.6658638942876067,
        0.7444549650438447,
        -0.04911292401915032,
        11.71054128382093
      ],
      [
        -0.7458894996393165,
        -0.6657168379985217,
        0.021678236391834152,
        21.54310492696095
      ],
      [
        -0.016556829767595302,
        0.051067569227621804,
        0.9985579476230856,
        1.5929975466349902
      ],
      [
        0.0,
        0.0,
        0.0,
        1.0
      ]
    ],
    "location": [
      11.71054128382093,
      21.54310492696095,
      1.5929975466349902
    ],
    "rotation": [
      0.05109680193556398,
      0.0165575863110517,
      -2.2995698294581413
    ]
  },
  {
    "label_id": "3vxR4BMySQkzU5WY1a3UZA",
    "size": [
      0.9684339589657471,
      1.113997459645816,
      1.670000000000016
    ],
    "obj_class": "pedestrian",
    "point_num_in_lidar": 65,
    "speed": 0.001441123066744395,
    "if_vehicle": false,
    "motion_state": false,
    "pose": [
      [
        -0.7295034996656604,
        -0.6822115248732191,
        -0.04911292401915032,
        40.38366999186837
      ],
      [
        0.6820963216077774,
        -0.7309409429742456,
        0.021678236391834152,
        1.336332851271436
      ],
      [
        -0.050687789700215494,
        -0.0176853955024422,
        0.9985579476230856,
        1.7068058246916848
      ],
      [
        0.0,
        0.0,
        0.0,
        1.0
      ]
    ],
    "location": [
      40.38366999186837,
      1.336332851271436,
      1.7068058246916848
    ],
    "rotation": [
      -0.017709084108539223,
      0.050709519784182776,
      2.3897658792685905
    ]
  },
  {
    "label_id": "50a3QF2RZDCtOnldBiWQvg",
    "size": [
      0.9798482092480862,
      1.2007347169346758,
      1.7699999999999818
    ],
    "obj_class": "pedestrian",
    "point_num_in_lidar": 84,
    "speed": 1.5861539997494944,
    "if_vehicle": false,
    "motion_state": true,
    "pose": [
      [
        0.5878816555327581,
        -0.8074546920925983,
        -0.04911292401915032,
        32.15276129868289
      ],
      [
        0.8088672588787977,
        0.5875915346402124,
        0.021678236391834152,
        40.395198153622914
      ],
      [
        0.011354144704201683,
        -0.05247007372595472,
        0.9985579476230856,
        1.5245004596702074
      ],
      [
        0.0,
        0.0,
        0.0,
        1.0
      ]
    ],
    "location": [
      32.15276129868289,
      40.395198153622914,
      1.5245004596702074
    ],
    "rotation": [
      -0.05249756669640153,
      -0.011354388674647522,
      0.9423117811987087
    ]
  },
  {
    "label_id": "5_zmLzwQKAevERrLBkFozQ",
    "size": [
      0.7835333369477778,
      0.9696308335805952,
      1.6348377581119848
    ],
    "obj_class": "pedestrian",
    "point_num_in_lidar": 33,
    "speed": 1.4324494868581439,
    "if_vehicle": false,
    "motion_state": true,
    "pose": [
      [
        -0.7883026301627002,
        0.6133244524498092,
        -0.04911292401915032,
        31.0076729494358
      ],
      [
        -0.6147621528193465,
        -0.7884145797281162,
        0.021678236391834152,
        41.05874517893244
      ],
      [
        -0.0254255528846781,
        0.047281777666237465,
        0.9985579476230856,
        1.4103211534413163
      ],
      [
        0.0,
        0.0,
        0.0,
        1.0
      ]
    ],
    "location": [
      31.0076729494358,
      41.05874517893244,
      1.4103211534413163
    ],
    "rotation": [
      0.04731471973739459,
      0.02542829311038037,
      -2.479256198193442
    ]
  },
  {
    "label_id": "6HVXhYC72IvDIQuQMrZ1fw",
    "size": [
      0.9375535647081902,
      2.33290891473492,
      1.3500000000000227
    ],
    "obj_class": "vehicle",
    "point_num_in_lidar": 1278,
    "speed": 3.5950934718225418e-12,
    "if_vehicle": true,
    "motion_state": false,
    "pose": [
      [
        0.7649023983500167,
        0.6422711590073786,
        -0.04911292401915032,
        16.313929536274372
      ],
      [
        -0.6420793391509397,
        0.7663316359791185,
        0.021678236391834152,
        21.280435684828262
      ],
      [
        0.05156009342393286,
        0.014952658789873797,
        0.9985579476230856,
        1.1110493022995342
      ],
      [
        0.0,
        0.0,
        0.0,
        1.0
      ]
    ],
    "location": [
      16.313929536274372,
      21.280435684828262,
      1.1110493022995342
    ],
    "rotation": [
      0.014973133380019496,
      -0.051582965726885276,
      -0.6983234814066591
    ]
  },
  {
    "label_id": "6i_mPMYxgh2SXwhx4Y83Bg",
    "size": [
      0.7184178508195445,
      0.8689585357133183,
      1.6299999999999955
    ],
    "obj_class": "pedestrian",
    "point_num_in_lidar": 295,
    "speed": 1.220090026869809,
    "if_vehicle": false,
    "motion_state": true,
    "pose": [
      [
        0.675012357576601,
        -0.7361699788861048,
        -0.04911292401915032,
        12.164078436126147
      ],
      [
        0.737606221141229,
        0.6748830392006427,
        0.021678236391834152,
        21.44694982674264
      ],
      [
        0.017186612599209877,
        -0.050859075749916605,
        0.9985579476230856,
        1.485433704861066
      ],
      [
        0.0,
        0.0,
        0.0,
        1.0
      ]
    ],
    "location": [
      12.164078436126147,
      21.44694982674264,
      1.485433704861066
    ],
    "rotation": [
      -0.050888549814205146,
      -0.017187458807636696,
      0.8296797172718433
    ]
  },
  {
    "label_id": "FG2cqOpTxdur3yJJN5wWSg",
    "size": [
      1.7009916069707507,
      0.1445946427101845,
      1.7200000000000273
    ],
    "obj_class": "sign",
    "point_num_in_lidar": 1711,
    "speed": 0.014800091509461306,
    "if_vehicle": false,
    "motion_state": false,
    "pose": [
      [
        -0.658499866614836,
        0.7509765950830507,
        -0.04911292401915032,
        14.450219036207272
      ],
      [
        -0.7524096118295138,
        -0.6583386895007007,
        0.021678236391834152,
        21.613214954886644
      ],
      [
        -0.016053089883369818,
        0.05122815186952897,
        0.9985579476230856,
        2.1230789995983628
      ],
      [
        0.0,
        0.0,
        0.0,
        1.0
      ]
    ],
    "location": [
      14.450219036207272,
      21.613214954886644,
      2.1230789995983628
    ],
    "rotation": [
      0.05125719566070566,
      0.01605377944808367,
      -2.2897327968240235
    ]
  },
  {
    "label_id": "GK0oQetashCQHaCQTKABhg",
    "size": [
      0.8850744129484546,
      0.7536002443812322,
      2.0400000000000205
    ],
    "obj_class": "pedestrian",
    "point_num_in_lidar": 25,
    "speed": 0.012736709598714537,
    "if_vehicle": false,
    "motion_state": false,
    "pose": [
      [
        -0.7990704358439854,
        -0.5992281362339325,
        -0.04911292401915032,
        51.605703783432546
      ],
      [
        0.5989579964924981,
        -0.800486959609357,
        0.021678236391834152,
        30.45029797112511
      ],
      [
        -0.05230446441553239,
        -0.012094140770446706,
        0.9985579476230856,
        1.6555340955385986
      ],
      [
        0.0,
        0.0,
        0.0,
        1.0
      ]
    ],
    "location": [
      51.605703783432546,
      30.45029797112511,
      1.6555340955385986
    ],
    "rotation": [
      -0.012111014172029665,
      0.05232834254078855,
      2.498367787237297
    ]
  },
  {
    "label_id": "IEf0L1hK0QJytY6Vmcwj0Q",
    "size": [
      0.767878859752004,
      1.1534359156285063,
      1.839999999999975
    ],
    "obj_class": "pedestrian",
    "point_num_in_lidar": 64,
    "speed": 1.4485997182001116,
    "if_vehicle": false,
    "motion_state": true,
    "pose": [
      [
        -0.6868561479572024,
        0.7251320932821018,
        -0.04911292401915032,
        41.61733859749074
      ],
      [
        -0.726570242957219,
        -0.6867501264040856,
        0.021678236391834152,
        17.54207843139011
      ],
      [
        -0.0180087218447508,
        0.05057381907953433,
        0.9985579476230856,
        1.8088937229728685
      ],
      [
        0.0,
        0.0,
        0.0,
        1.0
      ]
    ],
    "location": [
      41.61733859749074,
      17.54207843139011,
      1.8088937229728685
    ],
    "rotation": [
      0.05060361620921618,
      0.0180096954004631,
      -2.328104135435898
    ]
  },
  {
    "label_id": "Irfp6gSCdLpobVkk39GvCg",
    "size": [
      0.7417760791717253,
      1.1326184300815785,
      1.8400000000000318
    ],
    "obj_class": "pedestrian",
    "point_num_in_lidar": 70,
    "speed": 1.3503693792475628,
    "if_vehicle": false,
    "motion_state": true,
    "pose": [
      [
        0.6670739955127457,
        -0.7433708396251164,
        -0.04911292401915032,
        30.848339801232214
      ],
      [
        0.7448056115346386,
        0.6669292729318851,
        0.021678236391834152,
        41.75881143067818
      ],
      [
        0.01663987791946133,
        -0.051040569173908104,
        0.9985579476230856,
        1.4685001434910419
      ],
      [
        0.0,
        0.0,
        0.0,
        1.0
      ]
    ],
    "location": [
      30.848339801232214,
      41.75881143067818,
      1.4685001434910419
    ],
    "rotation": [
      -0.05106983338731279,
      -0.01664064590541111,
      0.8403980520290858
    ]
  },
  {
    "label_id": "MQpQK2kzZfJnvO5GRR-ocg",
    "size": [
      0.6528417423408511,
      0.8721263315164834,
      1.6800000000000068
    ],
    "obj_class": "pedestrian",
    "point_num_in_lidar": 364,
    "speed": 1.1639157808547018,
    "if_vehicle": false,
    "motion_state": true,
    "pose": [
      [
        0.6689652585620859,
        -0.7416693357091492,
        -0.04911292401915032,
        12.715989635675214
      ],
      [
        0.7431044715848943,
        0.6688241909332188,
        0.021678236391834152,
        21.042545300726488
      ],
      [
        0.016769828487395323,
        -0.05099802046427311,
        0.9985579476230856,
        1.5061940881608393
      ],
      [
        0.0,
        0.0,
        0.0,
        1.0
      ]
    ],
    "location": [
      12.715989635675214,
      21.042545300726488,
      1.5061940881608393
    ],
    "rotation": [
      -0.051027334175458156,
      -0.016770614608723037,
      0.8378539297766608
    ]
  },
  {
    "label_id": "NHlv6cGf7h-bBMSpm-Zh7A",
    "size": [
      0.9098943185394945,
      0.7449380051051133,
      1.8899999999999864
    ],
    "obj_class": "pedestrian",
    "point_num_in_lidar": 120,
    "speed": 2.3437142008433857e-12,
    "if_vehicle": false,
    "motion_state": false,
    "pose": [
      [
        -0.8021250796505142,
        0.5951329912632516,
        -0.04911292401915032,
        34.93051001186177
      ],
      [
        -0.5965677548491244,
        -0.8022698847278358,
        0.021678236391834152,
        12.640109978776309
      ],
      [
        -0.026500386222306545,
        0.046687843908662784,
        0.9985579476230856,
        1.7314952791713267
      ],
      [
        0.0,
        0.0,
        0.0,
        1.0
      ]
    ],
    "location": [
      34.93051001186177,
      12.640109978776309,
      1.7314952791713267
    ],
    "rotation": [
      0.0467212422081209,
      0.02650348894271455,
      -2.502113812157346
    ]
  },
  {
    "label_id": "OuZ9z9qaKV3nsqnICSdpHQ",
    "size": [
      0.8617775315329401,
      0.9056348031139417,
      1.7900000000000205
    ],
    "obj_class": "pedestrian",
    "point_num_in_lidar": 41,
    "speed": 1.490768927753235,
    "if_vehicle": false,
    "motion_state": true,
    "pose": [
      [
        -0.7579091347470861,
        -0.6505087733160964,
        -0.04911292401915032,
        50.10204926433289
      ],
      [
        0.6503324270899089,
        -0.7593403639622275,
        0.021678236391834152,
        -0.2929975307415589
      ],
      [
        -0.05139530856285922,
        -0.015509593692278492,
        0.9985579476230856,
        2.012635733871946
      ],
      [
        0.0,
        0.0,
        0.0,
        1.0
      ]
    ],
    "location": [
      50.10204926433289,
      -0.2929975307415589,
      2.012635733871946
    ],
    "rotation": [
      -0.015530742824960898,
      0.05141796209460089,
      2.432437219847634
    ]
  },
  {
    "label_id": "SSNlDFCI-EZrjNybBfB66g",
    "size": [
      0.8845761990403586,
      0.9635875842650421,
      1.6000000000000227
    ],
    "obj_class": "pedestrian",
    "point_num_in_lidar": 177,
    "speed": 1.1368683772161603e-12,
    "if_vehicle": false,
    "motion_state": false,
    "pose": [
      [
        0.7612076462178691,
        0.6466458381786282,
        -0.04911292401915032,
        20.123422376716917
      ],
      [
        -0.6464622153852824,
        0.7626379600741708,
        0.021678236391834152,
        27.050882457682746
      ],
      [
        0.05147352152907458,
        0.01524801036748634,
        0.9985579476230856,
        1.56326504360635
      ],
      [
        0.0,
        0.0,
        0.0,
        1.0
      ]
    ],
    "location": [
      20.123422376716917,
      27.050882457682746,
      1.56326504360635
    ],
    "rotation": [
      0.015268843860172467,
      -0.051496278722723846,
      -0.704063543423441
    ]
  },
  {
    "label_id": "TgaQtjAqhVtWxHvxeKTNCA",
    "size": [
      2.135645358202554,
      4.852355393954673,
      1.4499999999999886
    ],
    "obj_class": "vehicle",
    "point_num_in_lidar": 72,
    "speed": 8.46764299053739,
    "if_vehicle": true,
    "motion_state": true,
    "pose": [
      [
        0.7155388329375355,
        -0.6968443866837694,
        -0.04911292401915032,
        52.9773654464916
      ],
      [
        0.6982856419389087,
        0.7154908918560081,
        0.021678236391834152,
        43.594521076767705
      ],
      [
        0.020033492465264785,
        -0.04980646964416625,
        0.9985579476230856,
        1.4753830674105188
      ],
      [
        0.0,
        0.0,
        0.0,
        1.0
      ]
    ],
    "location": [
      52.9773654464916,
      43.594521076767705,
      1.4753830674105188
    ],
    "rotation": [
      -0.049837095141443875,
      -0.020034832750389007,
      0.7731955633268695
    ]
  },
  {
    "label_id": "Uym2TQ00DalEua9edk4J5g",
    "size": [
      0.7342892225102635,
      0.6340272989327786,
      1.6299999999999955
    ],
    "obj_class": "pedestrian",
    "point_num_in_lidar": 62,
    "speed": 3.457650183405701e-12,
    "if_vehicle": false,
    "motion_state": false,
    "pose": [
      [
        0.255459612086416,
        -0.9655714925819564,
        -0.04911292401915032,
        34.56940462424245
      ],
      [
        0.9667830283945008,
        0.25467750209882645,
        0.021678236391834152,
        12.293120441645442
      ],
      [
        -0.008423930259441126,
        -0.05301945527591873,
        0.9985579476230856,
        1.5876636959119423
      ],
      [
        0.0,
        0.0,
        0.0,
        1.0
      ]
    ],
    "location": [
      34.56940462424245,
      12.293120441645442,
      1.5876636959119423
    ],
    "rotation": [
      -0.05304621086842771,
      0.00842402989328978,
      1.31246389229735
    ]
  },
  {
    "label_id": "VqYlW6Sp3oyWGU1DfRWBBA",
    "size": [
      0.7161699876287008,
      0.900175979290559,
      1.8199999999999932
    ],
    "obj_class": "pedestrian",
    "point_num_in_lidar": 104,
    "speed": 1.5997112989861049,
    "if_vehicle": false,
    "motion_state": true,
    "pose": [
      [
        0.6692133719984982,
        -0.7414454689541832,
        -0.04911292401915032,
        27.64030658663978
      ],
      [
        0.7428806519486063,
        0.6690727845513921,
        0.021678236391834152,
        35.52905146546982
      ],
      [
        0.016786890683310733,
        -0.05099240668920864,
        0.9985579476230856,
        1.602231415878407
      ],
      [
        0.0,
        0.0,
        0.0,
        1.0
      ]
    ],
    "location": [
      27.64030658663978,
      35.52905146546982,
      1.602231415878407
    ],
    "rotation": [
      -0.05102172691723287,
      -0.016787679206763807,
      0.8375197339249045
    ]
  },
  {
    "label_id": "WLxPidkONZfEWD55dLlKWA",
    "size": [
      2.3401327950794193,
      5.65358485138672,
      2.240000000000009
    ],
    "obj_class": "vehicle",
    "point_num_in_lidar": 1257,
    "speed": 9.188562734208615,
    "if_vehicle": true,
    "motion_state": true,
    "pose": [
      [
        0.721937482563884,
        -0.6902131496600241,
        -0.04911292401915032,
        29.893742689782812
      ],
      [
        0.69165478587997,
        0.7219028405791688,
        0.021678236391834152,
        21.556560081764474
      ],
      [
        0.020492155539491096,
        -0.04961952035355017,
        0.9985579476230856,
        1.9670874262124585
      ],
      [
        0.0,
        0.0,
        0.0,
        1.0
      ]
    ],
    "location": [
      29.893742689782812,
      21.556560081764474,
      1.9670874262124585
    ],
    "rotation": [
      -0.04965033875176257,
      -0.02049359001705776,
      0.7639789280567197
    ]
  },
  {
    "label_id": "WO_EU5HuGT6OvKJc51rSGg",
    "size": [
      2.391863783789472,
      0.18455530819637792,
      1.240000000000009
    ],
    "obj_class": "sign",
    "point_num_in_lidar": 149,
    "speed": 0.004862076503550121,
    "if_vehicle": false,
    "motion_state": false,
    "pose": [
      [
        -0.7544003082770356,
        -0.6545747440635047,
        -0.04911292401915032,
        45.2889065530544
      ],
      [
        0.6544060962906126,
        -0.755832465037472,
        0.021678236391834152,
        9.670096800095052
      ],
      [
        -0.05131116846452544,
        -0.015785728667887487,
        0.9985579476230856,
        3.4594763359174863
      ],
      [
        0.0,
        0.0,
        0.0,
        1.0
      ]
    ],
    "location": [
      45.2889065530544,
      9.670096800095052,
      3.4594763359174863
    ],
    "rotation": [
      -0.015807208686835685,
      0.051333710831078815,
      2.4270536217843115
    ]
  },
  {
    "label_id": "_fjQGebTZaJgCuKbZhx4IQ",
    "size": [
      1.2552645584974524,
      0.17686029307354367,
      0.39999999999997726
    ],
    "obj_class": "sign",
    "point_num_in_lidar": 68,
    "speed": 0.026460716080566105,
    "if_vehicle": false,
    "motion_state": false,
    "pose": [
      [
        -0.6743760173208116,
        -0.7367529490655667,
        -0.04911292401915032,
        38.64665113497176
      ],
      [
        0.7367496155037503,
        -0.675818065844659,
        0.021678236391834152,
        13.130632773558318
      ],
      [
        -0.04916290591082216,
        -0.0215646451669097,
        0.9985579476230856,
        3.85816474600108
      ],
      [
        0.0,
        0.0,
        0.0,
        1.0
      ]
    ],
    "location": [
      38.64665113497176,
      13.130632773558318,
      3.85816474600108
    ],
    "rotation": [
      -0.021592431095671997,
      0.049182731868148304,
      2.3120219350615265
    ]
  },
  {
    "label_id": "a5UB6eiHSWzlL_IWYnXAdQ",
    "size": [
      2.2639901834129907,
      4.937124122990977,
      1.8199999999999932
    ],
    "obj_class": "vehicle",
    "point_num_in_lidar": 8079,
    "speed": 0.009105160199030703,
    "if_vehicle": true,
    "motion_state": false,
    "pose": [
      [
        0.7112484927532811,
        -0.7012228620420722,
        -0.04911292401915032,
        8.45325956887973
      ],
      [
        0.7026637959148643,
        0.7111917069099258,
        0.021678236391834152,
        13.501091719954275
      ],
      [
        0.01972742929781046,
        -0.049928486579015836,
        0.9985579476230856,
        1.1321688047003136
      ],
      [
        0.0,
        0.0,
        0.0,
        1.0
      ]
    ],
    "location": [
      8.45325956887973,
      13.501091719954275,
      1.1321688047003136
    ],
    "rotation": [
      -0.04995898429922494,
      -0.01972870908071355,
      0.7793266472078076
    ]
  },
  {
    "label_id": "cfnQ4T7DCB-VqlGN8SclWg",
    "size": [
      2.090954042612392,
      4.7154423853796334,
      1.7900000000000205
    ],
    "obj_class": "vehicle",
    "point_num_in_lidar": 8287,
    "speed": 0.023685876956745667,
    "if_vehicle": true,
    "motion_state": false,
    "pose": [
      [
        0.687238457515012,
        -0.7247697725531026,
        -0.04911292401915032,
        12.252845514078217
      ],
      [
        0.7262079779396791,
        0.6871331943980747,
        0.021678236391834152,
        17.367325925821206
      ],
      [
        0.01803538990844666,
        -0.05056431498222214,
        0.9985579476230856,
        1.212168804700184
      ],
      [
        0.0,
        0.0,
        0.0,
        1.0
      ]
    ],
    "location": [
      12.252845514078217,
      17.367325925821206,
      1.212168804700184
    ],
    "rotation": [
      -0.05059412273387973,
      -0.01803636779603519,
      0.812961748334719
    ]
  },
  {
    "label_id": "dVT_TNeOHH9G7d0TcHcBZA",
    "size": [
      2.3751147110731017,
      5.193980647294666,
      1.8100000000000023
    ],
    "obj_class": "vehicle",
    "point_num_in_lidar": 3136,
    "speed": 3.5632440330362876,
    "if_vehicle": true,
    "motion_state": true,
    "pose": [
      [
        0.7100500062527456,
        -0.7024364094455562,
        -0.04911292401915032,
        18.252005601978453
      ],
      [
        0.7038772442465426,
        0.7099907598686287,
        0.021678236391834152,
        6.001373560124193
      ],
      [
        0.019642139709534788,
        -0.049962101501059696,
        0.9985579476230856,
        1.3579359544582985
      ],
      [
        0.0,
        0.0,
        0.0,
        1.0
      ]
    ],
    "location": [
      18.252005601978453,
      6.001373560124193,
      1.3579359544582985
    ],
    "rotation": [
      -0.04999256375858758,
      -0.019643402963145245,
      0.7810325054129382
    ]
  },
  {
    "label_id": "e5WABDJjos2c3aWy1M4gNA",
    "size": [
      1.0000608357882825,
      0.10503519766416149,
      0.7300000000000182
    ],
    "obj_class": "sign",
    "point_num_in_lidar": 35,
    "speed": 0.02108154712065169,
    "if_vehicle": false,
    "motion_state": false,
    "pose": [
      [
        -0.7164754763371562,
        0.695881320701838,
        -0.04911292401915032,
        61.05125425119331
      ],
      [
        -0.697322639136406,
        -0.716429473859624,
        0.021678236391834152,
        39.21029031708167
      ],
      [
        -0.020100466543911354,
        0.04977947853772853,
        0.9985579476230856,
        4.236480784048581
      ],
      [
        0.0,
        0.0,
        0.0,
        1.0
      ]
    ],
    "location": [
      61.05125425119331,
      39.21029031708167,
      4.236480784048581
    ],
    "rotation": [
      0.04981013209998544,
      0.020101820317805802,
      -2.3697407422742827
    ]
  },
  {
    "label_id": "gjGLaHajamdONAcPH7CDLA",
    "size": [
      2.1356453582051302,
      4.852355393954673,
      1.4499999999999886
    ],
    "obj_class": "vehicle",
    "point_num_in_lidar": 49,
    "speed": 6.485957934878692,
    "if_vehicle": true,
    "motion_state": true,
    "pose": [
      [
        0.7097315865435116,
        -0.7027581346072906,
        -0.04911292401915032,
        60.23829353718247
      ],
      [
        0.7041989424096267,
        0.7096716871737966,
        0.021678236391834152,
        47.18230880792544
      ],
      [
        0.019619494682407635,
        -0.04997099826077175,
        0.9985579476230856,
        1.3122615832533597
      ],
      [
        0.0,
        0.0,
        0.0,
        1.0
      ]
    ],
    "location": [
      60.23829353718247,
      47.18230880792544,
      1.3122615832533597
    ],
    "rotation": [
      -0.050001451113618374,
      -0.01962075357141053,
      0.7814852300646531
    ]
  },
  {
    "label_id": "gyJWlueQUXBltp9kUI34Lg",
    "size": [
      0.7877645163217135,
      0.10219560442502051,
      0.7900000000000205
    ],
    "obj_class": "sign",
    "point_num_in_lidar": 20,
    "speed": 0.0070911528125974285,
    "if_vehicle": false,
    "motion_state": false,
    "pose": [
      [
        -0.6102571102336501,
        0.7906795685380796,
        -0.04911292401915032,
        38.630657613404765
      ],
      [
        -0.7920997039933192,
        -0.6100066499642737,
        0.021678236391834152,
        37.505729635864554
      ],
      [
        -0.012818671653909873,
        0.052131630473258,
        0.9985579476230856,
        1.5978391219828723
      ],
      [
        0.0,
        0.0,
        0.0,
        1.0
      ]
    ],
    "location": [
      38.630657613404765,
      37.505729635864554,
      1.5978391219828723
    ],
    "rotation": [
      0.052159561932709646,
      0.012819022737018262,
      -2.227244726859596
    ]
  },
  {
    "label_id": "hgJJL8gJcaP32e0IR4jhYg",
    "size": [
      0.8126173691274866,
      0.7312696542940103,
      1.829999999999984
    ],
    "obj_class": "pedestrian",
    "point_num_in_lidar": 25,
    "speed": 0.011635262491842659,
    "if_vehicle": false,
    "motion_state": false,
    "pose": [
      [
        -0.9542051937022625,
        -0.2950938308503191,
        -0.04911292401915032,
        51.75074971408321
      ],
      [
        0.2943623908312282,
        -0.9554479770929776,
        0.021678236391834152,
        28.986196831239795
      ],
      [
        -0.05332195772616342,
        0.006228488020404001,
        0.9985579476230856,
        1.590534095537464
      ],
      [
        0.0,
        0.0,
        0.0,
        1.0
      ]
    ],
    "location": [
      51.75074971408321,
      28.986196831239795,
      1.590534095537464
    ],
    "rotation": [
      0.006237401906952379,
      0.05334725788536661,
      2.8423655362436566
    ]
  },
  {
    "label_id": "i5i3Zfko6nfouRvq1ccQLw",
    "size": [
      0.8375504656487536,
      0.8785618328874989,
      1.8700000000000045
    ],
    "obj_class": "pedestrian",
    "point_num_in_lidar": 38,
    "speed": 1.598011930669451,
    "if_vehicle": false,
    "motion_state": true,
    "pose": [
      [
        0.6202305651506982,
        -0.7828805571395516,
        -0.04911292401915032,
        32.71154342810769
      ],
      [
        0.7843037532800393,
        0.6199981263340907,
        0.021678236391834152,
        41.82265458189795
      ],
      [
        0.013478451086419733,
        -0.05196495545155471,
        0.9985579476230856,
        1.542226133719339
      ],
      [
        0.0,
        0.0,
        0.0,
        1.0
      ]
    ],
    "location": [
      32.71154342810769,
      41.82265458189795,
      1.542226133719339
    ],
    "rotation": [
      -0.05199309846724625,
      -0.013478859221774024,
      0.901687893461977
    ]
  },
  {
    "label_id": "iT_7bnrQtUM8oZxZHp315Q",
    "size": [
      0.8043294931767726,
      0.6937030821572989,
      1.6800000000000068
    ],
    "obj_class": "pedestrian",
    "point_num_in_lidar": 428,
    "speed": 0.007316921349435904,
    "if_vehicle": false,
    "motion_state": false,
    "pose": [
      [
        0.6629854349035889,
        -0.747019567213596,
        -0.04911292401915032,
        16.204733774207853
      ],
      [
        0.7484535235046422,
        0.6628328425933839,
        0.021678236391834152,
        21.64886832764023
      ],
      [
        0.016359592268304312,
        -0.0511310960139318,
        0.9985579476230856,
        1.2736305129996595
      ],
      [
        0.0,
        0.0,
        0.0,
        1.0
      ]
    ],
    "location": [
      16.204733774207853,
      21.64886832764023,
      1.2736305129996595
    ],
    "rotation": [
      -0.051160254301095,
      -0.016360322092884527,
      0.8458781815742463
    ]
  },
  {
    "label_id": "m4Ve9ReHKM06uu4tCR8qRw",
    "size": [
      2.103466667342732,
      4.81463633700088,
      1.8600000000000136
    ],
    "obj_class": "vehicle",
    "point_num_in_lidar": 163,
    "speed": 7.988524475199758,
    "if_vehicle": true,
    "motion_state": true,
    "pose": [
      [
        0.7213567890580869,
        -0.69082002256311,
        -0.04911292401915032,
        45.08925844683836
      ],
      [
        0.6922616291409378,
        0.7213209347343765,
        0.021678236391834152,
        39.965138200393994
      ],
      [
        0.020450420507696618,
        -0.04963673578942774,
        0.9985579476230856,
        1.74223413034872
      ],
      [
        0.0,
        0.0,
        0.0,
        1.0
      ]
    ],
    "location": [
      45.08925844683836,
      39.965138200393994,
      1.74223413034872
    ],
    "rotation": [
      -0.04966753656924012,
      -0.020451846237484972,
      0.7648190225558639
    ]
  },
  {
    "label_id": "ntUXlVhmOELV5Oew38zlFw",
    "size": [
      0.8106306449325978,
      0.25315233260360614,
      0.7400000000000091
    ],
    "obj_class": "sign",
    "point_num_in_lidar": 41,
    "speed": 0.006669241910688613,
    "if_vehicle": false,
    "motion_state": false,
    "pose": [
      [
        -0.6741556109454947,
        0.7369546342380894,
        -0.04911292401915032,
        52.591656302938645
      ],
      [
        -0.7383907251025144,
        -0.6740246220647454,
        0.021678236391834152,
        30.90719317788171
      ],
      [
        -0.017127443279431376,
        0.0508790322773629,
        0.9985579476230856,
        5.356523879595727
      ],
      [
        0.0,
        0.0,
        0.0,
        1.0
      ]
    ],
    "location": [
      52.591656302938645,
      30.90719317788171,
      5.356523879595727
    ],
    "rotation": [
      0.05090848343104375,
      0.017128280777279233,
      -2.3107511025405607
    ]
  },
  {
    "label_id": "o715hAsoNfGYshMkH4Brzw",
    "size": [
      0.7649401355948122,
      0.7342288875515807,
      1.8700000000000045
    ],
    "obj_class": "pedestrian",
    "point_num_in_lidar": 181,
    "speed": 5.684341886080801e-13,
    "if_vehicle": false,
    "motion_state": false,
    "pose": [
      [
        0.9774135111792962,
        -0.20554986951698376,
        -0.04911292401915032,
        19.406151296741882
      ],
      [
        0.2067928908499094,
        0.9781445467623266,
        0.021678236391834152,
        28.05952180235181
      ],
      [
        0.04358358014318453,
        -0.03134480468392946,
        0.9985579476230856,
        1.7222377004896998
      ],
      [
        0.0,
        0.0,
        0.0,
        1.0
      ]
    ],
    "location": [
      19.406151296741882,
      28.05952180235181,
      1.7222377004896998
    ],
    "rotation": [
      -0.031379766973137414,
      -0.04359738999273322,
      0.20849688870232785
    ]
  },
  {
    "label_id": "oD1SDig0MJLZdJ1KG9QCPw",
    "size": [
      0.8510557407271223,
      0.2131648766226135,
      0.8999999999999773
    ],
    "obj_class": "sign",
    "point_num_in_lidar": 25,
    "speed": 0.010638922616073352,
    "if_vehicle": false,
    "motion_state": false,
    "pose": [
      [
        -0.719894537280179,
        -0.6923436833599669,
        -0.04911292401915032,
        52.607324393899034
      ],
      [
        0.6922485875470981,
        -0.7213334507050033,
        0.021678236391834152,
        30.95939738029847
      ],
      [
        -0.050435584989216874,
        -0.01839230832621497,
        0.9985579476230856,
        4.346523879595225
      ],
      [
        0.0,
        0.0,
        0.0,
        1.0
      ]
    ],
    "location": [
      52.607324393899034,
      30.95939738029847,
      4.346523879595225
    ],
    "rotation": [
      -0.018416786828069277,
      0.05045699207438837,
      2.3757692897282032
    ]
  },
  {
    "label_id": "q_8ylLjdUbFpv9OMpUs2nw",
    "size": [
      0.8197791141317766,
      0.9542973550172178,
      1.839999999999975
    ],
    "obj_class": "pedestrian",
    "point_num_in_lidar": 74,
    "speed": 1.4854590872854792,
    "if_vehicle": false,
    "motion_state": true,
    "pose": [
      [
        -0.6516573074177118,
        -0.7569218416609386,
        -0.04911292401915032,
        37.785573859400756
      ],
      [
        0.7569623664497658,
        -0.6530987902650794,
        0.021678236391834152,
        11.802839695978037
      ],
      [
        -0.04848432187695612,
        -0.023049854032136274,
        0.9985579476230856,
        1.803041377165414
      ],
      [
        0.0,
        0.0,
        0.0,
        1.0
      ]
    ],
    "location": [
      37.785573859400756,
      11.802839695978037,
      1.803041377165414
    ],
    "rotation": [
      -0.023079042633372827,
      0.048503337586547776,
      2.28157566773439
    ]
  },
  {
    "label_id": "sntj75gfe9ozFyblSz6qgA",
    "size": [
      0.8095113440056126,
      1.038047204822683,
      1.8899999999999864
    ],
    "obj_class": "pedestrian",
    "point_num_in_lidar": 25,
    "speed": 1.3945801976298917,
    "if_vehicle": false,
    "motion_state": true,
    "pose": [
      [
        -0.7861692261548572,
        0.6160567088680735,
        -0.04911292401915032,
        47.61095923668472
      ],
      [
        -0.6174947891202772,
        -0.7862761852404309,
        0.021678236391834152,
        22.718763513170416
      ],
      [
        -0.025261299578163192,
        0.047369736988855736,
        0.9985579476230856,
        1.900936690660103
      ],
      [
        0.0,
        0.0,
        0.0,
        1.0
      ]
    ],
    "location": [
      47.61095923668472,
      22.718763513170416,
      1.900936690660103
    ],
    "rotation": [
      0.047402608668885404,
      0.025263987029189774,
      -2.47578828339498
    ]
  },
  {
    "label_id": "vNooCsfk0rHTE4yxtQYpPQ",
    "size": [
      0.9105045262866083,
      0.8397257828037255,
      1.8000000000000114
    ],
    "obj_class": "pedestrian",
    "point_num_in_lidar": 129,
    "speed": 0.08657698553661762,
    "if_vehicle": false,
    "motion_state": false,
    "pose": [
      [
        -0.2468134844658792,
        -0.9678176608122525,
        -0.04911292401915032,
        29.046531224146747
      ],
      [
        0.968495326819746,
        -0.24808638817003464,
        0.021678236391834152,
        4.704362093114469
      ],
      [
        -0.033164827967660314,
        -0.042215156338056725,
        0.9985579476230856,
        1.5517843829131266
      ],
      [
        0.0,
        0.0,
        0.0,
        1.0
      ]
    ],
    "location": [
      29.046531224146747,
      4.704362093114469,
      1.5517843829131266
    ],
    "rotation": [
      -0.0422509614066592,
      0.03317091067667569,
      1.820327141246714
    ]
  },
  {
    "label_id": "yJmaul3i_QOWca4UwDk0Kg",
    "size": [
      2.0200141014443633,
      4.561176917376345,
      1.7300000000000182
    ],
    "obj_class": "vehicle",
    "point_num_in_lidar": 5426,
    "speed": 8.967119839983395,
    "if_vehicle": true,
    "motion_state": true,
    "pose": [
      [
        0.6984407694119402,
        -0.7139806806332689,
        -0.04911292401915032,
        15.14429662927796
      ],
      [
        0.7154203507382568,
        0.6983579138353695,
        0.021678236391834152,
        7.093510133585369
      ],
      [
        0.01882055718639818,
        -0.050277349432568445,
        0.9985579476230856,
        1.309950661037817
      ],
      [
        0.0,
        0.0,
        0.0,
        1.0
      ]
    ],
    "location": [
      15.14429662927796,
      7.093510133585369,
      1.309950661037817
    ],
    "rotation": [
      -0.050307473612210704,
      -0.018821668445710784,
      0.7974069561011851
    ]
  },
  {
    "label_id": "yqJMqi_fjCkYf0a6TA6PgQ",
    "size": [
      1.0225633519225328,
      0.13431120559665385,
      0.9700000000000273
    ],
    "obj_class": "sign",
    "point_num_in_lidar": 33,
    "speed": 0.00609234022571037,
    "if_vehicle": false,
    "motion_state": false,
    "pose": [
      [
        -0.7164754763439986,
        0.6958813206947931,
        -0.04911292401915032,
        61.03501537448756
      ],
      [
        -0.6973226391293617,
        -0.7164294738664805,
        0.021678236391834152,
        39.28731870590127
      ],
      [
        -0.020100466544400817,
        0.04977947853753089,
        0.9985579476230856,
        3.371502040342932
      ],
      [
        0.0,
        0.0,
        0.0,
        1.0
      ]
    ],
    "location": [
      61.03501537448756,
      39.28731870590127,
      3.371502040342932
    ],
    "rotation": [
      0.049810132099788,
      0.020101820318295365,
      -2.369740742284105
    ]
  }
]