[
  {
    "label_id": "-nBiv0OOg0fPLgefHhGq8g",
    "size": [
      1.574795854754782,
      0.1656706936286259,
      1.6499999999999773
    ],
    "obj_class": "sign",
    "point_num_in_lidar": 511,
    "speed": 0.00022015526419532792,
    "if_vehicle": false,
    "motion_state": false,
    "pose": [
      [
        -0.7440751551333118,
        -0.6670592356760269,
        -0.037204026833836126,
        15.244949128635199
      ],
      [
        0.6673254261000712,
        -0.7447374444438918,
        0.006550917763140792,
        37.13173145392648
      ],
      [
        -0.03207708206331029,
        -0.019952817908653622,
        0.9992862181896676,
        1.545321771180454
      ],
      [
        0.0,
        0.0,
        0.0,
        1.0
      ]
    ],
    "location": [
      15.244949128635199,
      37.13173145392648,
      1.545321771180454
    ],
    "rotation": [
      -0.01996441715826324,
      0.03208258550640242,
      2.410519402642185
    ]
  },
  {
    "label_id": "0TTpzF8WjDXQbo0lfz9cHQ",
    "size": [
      2.157544670186631,
      5.032259334955597,
      2.0300000000000296
    ],
    "obj_class": "vehicle",
    "point_num_in_lidar": 430,
    "speed": 7.549164928371753,
    "if_vehicle": true,
    "motion_state": true,
    "pose": [
      [
        -0.7315733795598104,
        -0.680746833049398,
        -0.037204026833836126,
        16.656452945182536
      ],
      [
        0.681025262941516,
        -0.7322306171636772,
        0.006550917763140792,
        49.37653974373097
      ],
      [
        -0.03170144405033897,
        -0.02054440510979716,
        0.9992862181896676,
        0.7950026371233889
      ],
      [
        0.0,
        0.0,
        0.0,
        1.0
      ]
    ],
    "location": [
      16.656452945182536,
      49.37653974373097,
      0.7950026371233889
    ],
    "rotation": [
      -0.02055618393312987,
      0.03170675634755439,
      2.3919630067371314
    ]
  },
  {
    "label_id": "0jw4kmyd3WAM6MTC97B0nA",
    "size": [
      1.9708569114587506,
      4.39763427653422,
      1.5199999999999818
    ],
    "obj_class": "vehicle",
    "point_num_in_lidar": 80,
    "speed": 7.993072335217637,
    "if_vehicle": true,
    "motion_state": true,
    "pose": [
      [
        0.7192831810001041,
        -0.6937200919086304,
        -0.037204026833836126,
        67.6550763162013
      ],
      [
        0.694361324210976,
        0.719596718250188,
        0.006550917763140792,
        53.527575187632465
      ],
      [
        0.022227392342588498,
        -0.030545002305465124,
        0.9992862181896676,
        1.2613602922956488
      ],
      [
        0.0,
        0.0,
        0.0,
        1.0
      ]
    ],
    "location": [
      67.6550763162013,
      53.527575187632465,
      1.2613602922956488
    ],
    "rotation": [
      -0.030557305841499325,
      -0.0222292230159766,
      0.7677704817009136
    ]
  },
  {
    "label_id": "1sZRERFs9w8_aiec9qxy2A",
    "size": [
      2.2565234301516606,
      5.36470334212936,
      2.160000000000025
    ],
    "obj_class": "vehicle",
    "point_num_in_lidar": 28,
    "speed": 5.796914039811764e-12,
    "if_vehicle": true,
    "motion_state": false,
    "pose": [
      [
        0.6822048024683726,
        0.730213987729923,
        -0.037204026833836126,
        81.6870947754469
      ],
      [
        -0.7305376730903185,
        0.6828409724615561,
        0.006550917763140792,
        -18.930965332023334
      ],
      [
        0.030188005645816304,
        0.022709875634190392,
        0.9992862181896676,
        2.5100813667679063
      ],
      [
        0.0,
        0.0,
        0.0,
        1.0
      ]
    ],
    "location": [
      81.6870947754469,
      -18.930965332023334,
      2.5100813667679063
    ],
    "rotation": [
      0.02272218583019094,
      -0.030192592661003898,
      -0.8195969132379305
    ]
  },
  {
    "label_id": "2CpjYc56hQBrnDK--b90vw",
    "size": [
      2.0926499593267134,
      4.9752400927945954,
      1.6000000000000227
    ],
    "obj_class": "vehicle",
    "point_num_in_lidar": 279,
    "speed": 0.015747232820499626,
    "if_vehicle": true,
    "motion_state": false,
    "pose": [
      [
        0.7009173119150407,
        0.7122715649561906,
        -0.037204026833836126,
        15.08136159400965
      ],
      [
        -0.7125786388583724,
        0.7015616643739949,
        0.006550917763140792,
        45.199557214189554
      ],
      [
        0.03076695143401243,
        0.02191914313218817,
        0.9992862181896676,
        0.5828398724849535
      ],
      [
        0.0,
        0.0,
        0.0,
        1.0
      ]
    ],
    "location": [
      15.08136159400965,
      45.199557214189554,
      0.5828398724849535
    ],
    "rotation": [
      0.02193128293862378,
      -0.030771807529410992,
      -0.7936479658691601
    ]
  },
  {
    "label_id": "372VL4nuUuDLZal_o4LKJQ",
    "size": [
      2.1735329731282627,
      4.7575719675316535,
      1.579999999999984
    ],
    "obj_class": "vehicle",
    "point_num_in_lidar": 45,
    "speed": 2.5802809321440545,
    "if_vehicle": true,
    "motion_state": true,
    "pose": [
      [
        -0.6220237857760812,
        0.7821139752722356,
        -0.037204026833836126,
        -9.095110637710604
      ],
      [
        -0.7827908082699012,
        -0.6222504607990383,
        0.006550917763140792,
        72.1602047819324
      ],
      [
        -0.018026658507522768,
        0.03319779690349028,
        0.9992862181896676,
        -1.092659535772782
      ],
      [
        0.0,
        0.0,
        0.0,
        1.0
      ]
    ],
    "location": [
      -9.095110637710604,
      72.1602047819324,
      -1.092659535772782
    ],
    "rotation": [
      0.03320929605284696,
      0.018027634975398003,
      -2.2422501608132963
    ]
  },
  {
    "label_id": "3kova9LG1G-6xqZXhgCmlw",
    "size": [
      0.39530624823035637,
      0.12129186436854991,
      0.5500000000000114
    ],
    "obj_class": "sign",
    "point_num_in_lidar": 21,
    "speed": 0.0025115007383542873,
    "if_vehicle": false,
    "motion_state": false,
    "pose": [
      [
        0.11702640263616615,
        0.9924317011630499,
        -0.037204026833836126,
        11.64241989333459
      ],
      [
        -0.9930693463514256,
        0.11734717215856952,
        0.006550917763140792,
        64.80918454487983
      ],
      [
        0.010867125801715262,
        0.036179548269732804,
        0.9992862181896676,
        2.1260351908453003
      ],
      [
        0.0,
        0.0,
        0.0,
        1.0
      ]
    ],
    "location": [
      11.64241989333459,
      64.80918454487983,
      2.1260351908453003
    ],
    "rotation": [
      0.03618958374148658,
      -0.010867339704241651,
      -1.4534941896559972
    ]
  },
  {
    "label_id": "50a3QF2RZDCtOnldBiWQvg",
    "size": [
      0.9798482092469262,
      1.2007347169346758,
      1.7699999999999818
    ],
    "obj_class": "pedestrian",
    "point_num_in_lidar": 78,
    "speed": 1.5960282174761415,
    "if_vehicle": false,
    "motion_state": true,
    "pose": [
      [
        0.7044823237121131,
        -0.7087457343536742,
        -0.037204026833836126,
        41.086785067789606
      ],
      [
        0.7093934409012886,
        0.7047822582065263,
        0.006550917763140792,
        49.12336762287305
      ],
      [
        0.021577803025599473,
        -0.03100729837926326,
        0.9992862181896676,
        1.5217663048196641
      ],
      [
        0.0,
        0.0,
        0.0,
        1.0
      ]
    ],
    "location": [
      41.086785067789606,
      49.12336762287305,
      1.5217663048196641
    ],
    "rotation": [
      -0.03101949372454085,
      -0.02157947781973648,
      0.7888716633759244
    ]
  },
  {
    "label_id": "5_zmLzwQKAevERrLBkFozQ",
    "size": [
      0.7835333369591602,
      0.9696308335805952,
      1.6348377581119848
    ],
    "obj_class": "pedestrian",
    "point_num_in_lidar": 674,
    "speed": 1.6404996206092246,
    "if_vehicle": false,
    "motion_state": true,
    "pose": [
      [
        -0.6249392534468541,
        0.7797863745210197,
        -0.037204026833836126,
        22.14769987334148
      ],
      [
        -0.7804623565748333,
        -0.6251684536555874,
        0.006550917763140792,
        33.04064472835307
      ],
      [
        -0.0181504675131654,
        0.033130268113098015,
        0.9992862181896676,
        1.3502991088067802
      ],
      [
        0.0,
        0.0,
        0.0,
        1.0
      ]
    ],
    "location": [
      22.14769987334148,
      33.04064472835307,
      1.3502991088067802
    ],
    "rotation": [
      0.033141793376353576,
      0.018151464241004302,
      -2.2459819441442117
    ]
  },
  {
    "label_id": "5aghV-Mnu97AiqC4x6jYuA",
    "size": [
      0.9149321908407619,
      0.9082561679242644,
      1.8100000000000023
    ],
    "obj_class": "pedestrian",
    "point_num_in_lidar": 23,
    "speed": 1.3848760722306028,
    "if_vehicle": false,
    "motion_state": true,
    "pose": [
      [
        -0.726561225183894,
        -0.6860937592243687,
        -0.037204026833836126,
        70.80597502839373
      ],
      [
        0.686377001696321,
        -0.7272164031557795,
        0.006550917763140792,
        9.02257502618886
      ],
      [
        -0.03154992237149636,
        -0.020776345553171396,
        0.9992862181896676,
        1.9105340955377415
      ],
      [
        0.0,
        0.0,
        0.0,
        1.0
      ]
    ],
    "location": [
      70.80597502839373,
      9.02257502618886,
      1.9105340955377415
    ],
    "rotation": [
      -0.020788190874641496,
      0.031555158836910055,
      2.3846270102566445
    ]
  },
  {
    "label_id": "7qobI3Hz-o2ZID0qo4DukQ",
    "size": [
      0.8444910497263676,
      0.9942583215743072,
      1.7699999999999818
    ],
    "obj_class": "pedestrian",
    "point_num_in_lidar": 194,
    "speed": 1.315428140530942,
    "if_vehicle": false,
    "motion_state": true,
    "pose": [
      [
        0.7732589968578368,
        0.6329979337768483,
        -0.037204026833836126,
        10.0288269723751
      ],
      [
        -0.633234136733478,
        0.7739325639562323,
        0.006550917763140792,
        39.26908885288867
      ],
      [
        0.032940125285417426,
        0.01849330371710893,
        0.9992862181896676,
        1.0220534366960123
      ],
      [
        0.0,
        0.0,
        0.0,
        1.0
      ]
    ],
    "location": [
      10.0288269723751,
      39.26908885288867,
      1.0220534366960123
    ],
    "rotation": [
      0.018504400992114686,
      -0.03294608515325514,
      -0.6861691132436181
    ]
  },
  {
    "label_id": "AS3e914vLOa5GEXFpCnqTA",
    "size": [
      1.7146636945498748,
      0.30331941685290076,
      1.7900000000000205
    ],
    "obj_class": "sign",
    "point_num_in_lidar": 78,
    "speed": 3.410605131648481e-12,
    "if_vehicle": false,
    "motion_state": false,
    "pose": [
      [
        -0.5101581204190833,
        -0.8592755975575097,
        -0.037204026833836126,
        -2.6627872325079807
      ],
      [
        0.8597279097193399,
        -0.5107102962796766,
        0.006550917763140792,
        55.07161313603865
      ],
      [
        -0.024629523342578386,
        -0.028643336329932267,
        0.9992862181896676,
        0.02584448047053911
      ],
      [
        0.0,
        0.0,
        0.0,
        1.0
      ]
    ],
    "location": [
      -2.6627872325079807,
      55.07161313603865,
      0.02584448047053911
    ],
    "rotation": [
      -0.028655949709352736,
      0.02463201412245984,
      2.1063449490976205
    ]
  },
  {
    "label_id": "B8fPu6MBHzAg6h1H20TSaA",
    "size": [
      0.838208333778402,
      0.9355274055124028,
      1.6899999999999977
    ],
    "obj_class": "pedestrian",
    "point_num_in_lidar": 134,
    "speed": 3.5950934718225418e-12,
    "if_vehicle": false,
    "motion_state": false,
    "pose": [
      [
        0.5287645530018101,
        0.847952774555366,
        -0.037204026833836126,
        40.73671213733542
      ],
      [
        -0.8483929447989133,
        0.5293264556886313,
        0.006550917763140792,
        40.20584471154871
      ],
      [
        0.02524794455443847,
        0.028099740781157255,
        0.9992862181896676,
        1.5420534366962784
      ],
      [
        0.0,
        0.0,
        0.0,
        1.0
      ]
    ],
    "location": [
      40.73671213733542,
      40.20584471154871,
      1.5420534366962784
    ],
    "rotation": [
      0.028112404037370822,
      -0.025250627744536715,
      -1.0134533295570576
    ]
  },
  {
    "label_id": "CgFRFNYw3lhQVZrCFzpkrQ",
    "size": [
      1.0433323492974809,
      0.2471041857061209,
      0.9900000000000091
    ],
    "obj_class": "sign",
    "point_num_in_lidar": 27,
    "speed": 1.1368683772161603e-12,
    "if_vehicle": false,
    "motion_state": false,
    "pose": [
      [
        0.7934733976157604,
        0.6074667296761598,
        -0.037204026833836126,
        80.5708430281702
      ],
      [
        -0.6076808603755631,
        0.7941543032746696,
        0.006550917763140792,
        -4.026447336014826
      ],
      [
        0.033525202599189834,
        0.01741019606080031,
        0.9992862181896676,
        4.501959731567467
      ],
      [
        0.0,
        0.0,
        0.0,
        1.0
      ]
    ],
    "location": [
      80.5708430281702,
      -4.026447336014826,
      4.501959731567467
    ],
    "rotation": [
      0.0174208694706368,
      -0.03353148582587664,
      -0.6535675870858426
    ]
  },
  {
    "label_id": "DAcKn9aTrB4-lrjIfVddfQ",
    "size": [
      0.7896825755497318,
      0.696373814229446,
      1.6000000000000227
    ],
    "obj_class": "pedestrian",
    "point_num_in_lidar": 46,
    "speed": 3.5950934718225418e-12,
    "if_vehicle": false,
    "motion_state": false,
    "pose": [
      [
        -0.9917500678938905,
        0.12266891708909333,
        -0.037204026833836126,
        51.20447815067382
      ],
      [
        -0.12299330799957667,
        -0.9923858784080827,
        0.006550917763140792,
        49.52241715947457
      ],
      [
        -0.03611715686187015,
        0.011072719467560692,
        0.9992862181896676,
        1.6534631535517406
      ],
      [
        0.0,
        0.0,
        0.0,
        1.0
      ]
    ],
    "location": [
      51.20447815067382,
      49.52241715947457,
      1.6534631535517406
    ],
    "rotation": [
      0.011080175157705999,
      0.03612501363966686,
      -3.0182062090508
    ]
  },
  {
    "label_id": "Irfp6gSCdLpobVkk39GvCg",
    "size": [
      0.741776079168565,
      1.1326184300815785,
      1.8400000000000318
    ],
    "obj_class": "pedestrian",
    "point_num_in_lidar": 97,
    "speed": 1.331395028333674,
    "if_vehicle": false,
    "motion_state": true,
    "pose": [
      [
        0.6983196743695028,
        -0.7148185033809763,
        -0.037204026833836126,
        39.117750575034734
      ],
      [
        0.7154687824533194,
        0.6986139898479169,
        0.006550917763140792,
        47.88533174608165
      ],
      [
        0.02130853639357506,
        -0.031192954540343217,
        0.9992862181896676,
        1.5112841557116212
      ],
      [
        0.0,
        0.0,
        0.0,
        1.0
      ]
    ],
    "location": [
      39.117750575034734,
      47.88533174608165,
      1.5112841557116212
    ],
    "rotation": [
      -0.03120510271684575,
      -0.02131014925985874,
      0.7975274653455208
    ]
  },
  {
    "label_id": "IzAx5HEuwV2lscGQLguxFg",
    "size": [
      0.7053606406528967,
      0.17554778865644494,
      0.8700000000000045
    ],
    "obj_class": "sign",
    "point_num_in_lidar": 23,
    "speed": 9.094947017729282e-12,
    "if_vehicle": false,
    "motion_state": false,
    "pose": [
      [
        -0.7683401669714351,
        0.6389595043550524,
        -0.037204026833836126,
        79.9525526318248
      ],
      [
        -0.6395759493553278,
        -0.7687000003139663,
        0.006550917763140792,
        57.666837986253086
      ],
      [
        -0.024412964271843487,
        0.02882813403003956,
        0.9992862181896676,
        3.4312775437786627
      ],
      [
        0.0,
        0.0,
        0.0,
        1.0
      ]
    ],
    "location": [
      79.9525526318248,
      57.666837986253086,
      3.4312775437786627
    ],
    "rotation": [
      0.028840726612205148,
      0.024415389914371265,
      -2.4473980737808474
    ]
  },
  {
    "label_id": "NWx5OOTS3S22DN-gLtcmhw",
    "size": [
      0.6743662098281364,
      0.6666284200873633,
      1.6200000000000045
    ],
    "obj_class": "pedestrian",
    "point_num_in_lidar": 36,
    "speed": 1.7053025658242404e-12,
    "if_vehicle": false,
    "motion_state": false,
    "pose": [
      [
        -0.9507755149360022,
        0.30763904268724906,
        -0.037204026833836126,
        57.49599928743919
      ],
      [
        -0.30807760144950563,
        -0.9513386762670696,
        0.006550917763140792,
        55.96906875145942
      ],
      [
        -0.03337831157053066,
        0.017690179560784863,
        0.9992862181896676,
        1.7134631535517997
      ],
      [
        0.0,
        0.0,
        0.0,
        1.0
      ]
    ],
    "location": [
      57.49599928743919,
      55.96906875145942,
      1.7134631535517997
    ],
    "rotation": [
      0.017700966562927342,
      0.033384512541040405,
      -2.8282404195728597
    ]
  },
  {
    "label_id": "NpvA7vKfmoKkFvtrDaSQ9g",
    "size": [
      2.15071448267263,
      4.98263543942257,
      1.8000000000000114
    ],
    "obj_class": "vehicle",
    "point_num_in_lidar": 129,
    "speed": 3.5131492707646523,
    "if_vehicle": true,
    "motion_state": true,
    "pose": [
      [
        0.7140616449207611,
        0.6990935757396174,
        -0.037204026833836126,
        1.4531641289649997
      ],
      [
        -0.69938859544554,
        0.7147116048009683,
        0.006550917763140792,
        58.50873174831213
      ],
      [
        0.03116985424687957,
        0.021342312958545877,
        0.9992862181896676,
        -0.2976372637852478
      ],
      [
        0.0,
        0.0,
        0.0,
        1.0
      ]
    ],
    "location": [
      1.4531641289649997,
      58.50873174831213,
      -0.2976372637852478
    ],
    "rotation": [
      0.021354311100214657,
      -0.031174903684446243,
      -0.7750175203387308
    ]
  },
  {
    "label_id": "OuZ9z9qaKV3nsqnICSdpHQ",
    "size": [
      0.8617775315291144,
      0.9056348031139417,
      1.7900000000000205
    ],
    "obj_class": "pedestrian",
    "point_num_in_lidar": 95,
    "speed": 1.4417296529318966,
    "if_vehicle": false,
    "motion_state": true,
    "pose": [
      [
        -0.7377225418903933,
        -0.6740781197859222,
        -0.037204026833836126,
        41.39785883894001
      ],
      [
        0.6743505723035095,
        -0.7383822797917011,
        0.006550917763140792,
        7.656017563444038
      ],
      [
        -0.031886624479649676,
        -0.020255797083453354,
        0.9992862181896676,
        1.828905329374379
      ],
      [
        0.0,
        0.0,
        0.0,
        1.0
      ]
    ],
    "location": [
      41.39785883894001,
      7.656017563444038,
      1.828905329374379
    ],
    "rotation": [
      -0.020267490074207785,
      0.031892030443951266,
      2.4010430710200072
    ]
  },
  {
    "label_id": "R0591s_SOgmmTLEB231ofA",
    "size": [
      0.7662604966492,
      0.8033125028596259,
      1.8999999999999773
    ],
    "obj_class": "pedestrian",
    "point_num_in_lidar": 182,
    "speed": 0.05858095934488504,
    "if_vehicle": false,
    "motion_state": false,
    "pose": [
      [
        0.6905423715692501,
        0.7223344747794218,
        -0.037204026833836126,
        35.62652089813855
      ],
      [
        -0.7226508358723448,
        0.6911822154030455,
        0.006550917763140792,
        43.350912640060415
      ],
      [
        0.030446715430686687,
        0.02236183480117445,
        0.9992862181896676,
        1.532231415878357
      ],
      [
        0.0,
        0.0,
        0.0,
        1.0
      ]
    ],
    "location": [
      35.62652089813855,
      43.350912640060415,
      1.532231415878357
    ],
    "rotation": [
      0.022374073444694834,
      -0.030451421424182862,
      -0.8081147606889315
    ]
  },
  {
    "label_id": "R9rMpbgc15zaIzxO84qQ2Q",
    "size": [
      2.4554635055576335,
      5.740474842219555,
      1.9599999999999795
    ],
    "obj_class": "vehicle",
    "point_num_in_lidar": 5821,
    "speed": 8.330303661736275,
    "if_vehicle": true,
    "motion_state": true,
    "pose": [
      [
        0.7181096835578114,
        -0.6949347759091118,
        -0.037204026833836126,
        34.852597667668306
      ],
      [
        0.6955765372111566,
        0.7184221366006179,
        0.006550917763140792,
        29.926989161285746
      ],
      [
        0.022175735880384,
        -0.030582525637292957,
        0.9992862181896676,
        1.8882966625560016
      ],
      [
        0.0,
        0.0,
        0.0,
        1.0
      ]
    ],
    "location": [
      34.852597667668306,
      29.926989161285746,
      1.8882966625560016
    ],
    "rotation": [
      -0.030594820881406932,
      -0.022177553818078836,
      0.7694602289084689
    ]
  },
  {
    "label_id": "RKwAEbv66vXGep7SUMPPKw",
    "size": [
      0.9201701205024111,
      0.9537800834514201,
      1.8000000000000114
    ],
    "obj_class": "pedestrian",
    "point_num_in_lidar": 24,
    "speed": 1.362859612485392,
    "if_vehicle": false,
    "motion_state": true,
    "pose": [
      [
        -0.7347505342071714,
        -0.6773164052860551,
        -0.037204026833836126,
        64.2754503912438
      ],
      [
        0.6775917569656971,
        -0.7354090673690393,
        0.006550917763140792,
        16.739089323462395
      ],
      [
        -0.031797222746899216,
        -0.020395851582523012,
        0.9992862181896676,
        1.7755340955374663
      ],
      [
        0.0,
        0.0,
        0.0,
        1.0
      ]
    ],
    "location": [
      64.2754503912438,
      16.739089323462395,
      1.7755340955374663
    ],
    "rotation": [
      -0.02040758665071549,
      0.03180258335410659,
      2.396643325823651
    ]
  },
  {
    "label_id": "RY23tzpLtf7MYOqPu3Y8GQ",
    "size": [
      0.46620461961774123,
      0.08292759186144995,
      0.5799999999999841
    ],
    "obj_class": "sign",
    "point_num_in_lidar": 24,
    "speed": 0.0010724871277861443,
    "if_vehicle": false,
    "motion_state": false,
    "pose": [
      [
        0.6886461150925356,
        0.7241425195051769,
        -0.037204026833836126,
        19.043111284980114
      ],
      [
        -0.7244605571121333,
        0.689285127262469,
        0.006550917763140792,
        58.05855390675424
      ],
      [
        0.03038798046490903,
        0.022441585938978083,
        0.9992862181896676,
        2.4908444804718783
      ],
      [
        0.0,
        0.0,
        0.0,
        1.0
      ]
    ],
    "location": [
      19.043111284980114,
      58.05855390675424,
      2.4908444804718783
    ],
    "rotation": [
      0.022453841460309435,
      -0.030392659268290417,
      -0.8107372105491099
    ]
  },
  {
    "label_id": "Rrloo1mL4Y4Wxo3m2aZgww",
    "size": [
      0.9053258598665508,
      0.9954942177719204,
      1.920000000000016
    ],
    "obj_class": "pedestrian",
    "point_num_in_lidar": 34,
    "speed": 1.3279629187525264,
    "if_vehicle": false,
    "motion_state": true,
    "pose": [
      [
        -0.7274141313583042,
        -0.6851894204434208,
        -0.037204026833836126,
        70.06469257553908
      ],
      [
        0.685471847685687,
        -0.7280696611635666,
        0.006550917763140792,
        10.787330133905925
      ],
      [
        -0.03157574275633025,
        -0.020737082860862784,
        0.9992862181896676,
        2.0055340955374277
      ],
      [
        0.0,
        0.0,
        0.0,
        1.0
      ]
    ],
    "location": [
      70.06469257553908,
      10.787330133905925,
      2.0055340955374277
    ],
    "rotation": [
      -0.020748917082272906,
      0.031580992092655844,
      2.385871315159263
    ]
  },
  {
    "label_id": "TLHLhHvraU9-FXWR_8xBag",
    "size": [
      0.6791927930683129,
      0.8114629329278926,
      1.8199999999999932
    ],
    "obj_class": "pedestrian",
    "point_num_in_lidar": 23,
    "speed": 1.428142216391389,
    "if_vehicle": false,
    "motion_state": true,
    "pose": [
      [
        -0.6938710690170127,
        -0.7191375389788349,
        -0.037204026833836126,
        43.3818844049747
      ],
      [
        0.7194509416141084,
        -0.6945123671231733,
        0.006550917763140792,
        4.794408918729459
      ],
      [
        -0.03054966762111938,
        -0.022220979826086916,
        0.9992862181896676,
        1.871403411915992
      ],
      [
        0.0,
        0.0,
        0.0,
        1.0
      ]
    ],
    "location": [
      43.3818844049747,
      4.794408918729459,
      1.871403411915992
    ],
    "rotation": [
      -0.022233187965311162,
      0.03055442152804747,
      2.3380973546348036
    ]
  },
  {
    "label_id": "TZ_-vRD-wRuJSsIj5_YNaw",
    "size": [
      2.255152981843087,
      4.679410122029367,
      1.509999999999991
    ],
    "obj_class": "vehicle",
    "point_num_in_lidar": 42,
    "speed": 1.1401302439759022,
    "if_vehicle": true,
    "motion_state": true,
    "pose": [
      [
        -0.6938266263544804,
        -0.719180417523244,
        -0.037204026833836126,
        51.04258663926157
      ],
      [
        0.7194938597889271,
        -0.6944679050917273,
        0.006550917763140792,
        20.797475666440732
      ],
      [
        -0.030548294348326607,
        -0.02222286769524195,
        0.9992862181896676,
        1.5205173954693691
      ],
      [
        0.0,
        0.0,
        0.0,
        1.0
      ]
    ],
    "location": [
      51.04258663926157,
      20.797475666440732,
      1.5205173954693691
    ],
    "rotation": [
      -0.02223507624916201,
      0.03055304761400912,
      2.338035542954368
    ]
  },
  {
    "label_id": "V3g-FbT7tVUKKE_9_gOPDA",
    "size": [
      0.683783711324618,
      0.6998592165473383,
      1.8999999999999773
    ],
    "obj_class": "pedestrian",
    "point_num_in_lidar": 24,
    "speed": 1.3036602856390935,
    "if_vehicle": false,
    "motion_state": true,
    "pose": [
      [
        -0.72395873010263,
        -0.6888393263276529,
        -0.037204026833836126,
        -7.437952186210168
      ],
      [
        0.6891250470235977,
        -0.7246128311320363,
        0.006550917763140792,
        87.68562047168962
      ],
      [
        -0.031471044992368,
        -0.020895632636524337,
        0.9992862181896676,
        -1.6456103804742952
      ],
      [
        0.0,
        0.0,
        0.0,
        1.0
      ]
    ],
    "location": [
      -7.437952186210168,
      87.68562047168962,
      -1.6456103804742952
    ],
    "rotation": [
      -0.02090751128801402,
      0.03147624226948369,
      2.3808403254201016
    ]
  },
  {
    "label_id": "VKOuaj8LJhay5wlxyZ-_zg",
    "size": [
      0.7878072383563918,
      1.0479388304352202,
      1.6999999999999886
    ],
    "obj_class": "pedestrian",
    "point_num_in_lidar": 78,
    "speed": 1.4565523843963502,
    "if_vehicle": false,
    "motion_state": true,
    "pose": [
      [
        -0.3924985812382472,
        -0.9189998498984155,
        -0.037204026833836126,
        31.356134823588945
      ],
      [
        0.9195209699626347,
        -0.3929863499861491,
        0.006550917763140792,
        48.89235146952706
      ],
      [
        -0.02064096715123925,
        -0.03163865691292368,
        0.9992862181896676,
        1.1835692450335387
      ],
      [
        0.0,
        0.0,
        0.0,
        1.0
      ]
    ],
    "location": [
      31.356134823588945,
      48.89235146952706,
      1.1835692450335387
    ],
    "rotation": [
      -0.03165068304830997,
      0.020642433111355378,
      1.9742338674619349
    ]
  },
  {
    "label_id": "VqYlW6Sp3oyWGU1DfRWBBA",
    "size": [
      0.7161699876221483,
      0.900175979290559,
      1.8199999999999932
    ],
    "obj_class": "pedestrian",
    "point_num_in_lidar": 140,
    "speed": 1.0704254856255058,
    "if_vehicle": false,
    "motion_state": true,
    "pose": [
      [
        0.8797130483784696,
        -0.4740472686346877,
        -0.037204026833836126,
        34.91771049714589
      ],
      [
        0.4745801916816034,
        0.8801878930886934,
        0.006550917763140792,
        43.93933768232819
      ],
      [
        0.02964108932062208,
        -0.02341922202121871,
        0.9992862181896676,
        1.482231415878232
      ],
      [
        0.0,
        0.0,
        0.0,
        1.0
      ]
    ],
    "location": [
      34.91771049714589,
      43.93933768232819,
      1.482231415878232
    ],
    "rotation": [
      -0.023431660906449926,
      -0.029645431452320258,
      0.494724055720396
    ]
  },
  {
    "label_id": "WEaOXFWsxEvxrOkkvup6Qw",
    "size": [
      0.7929841927772643,
      0.9112394978303094,
      1.8899999999999864
    ],
    "obj_class": "pedestrian",
    "point_num_in_lidar": 29,
    "speed": 1.3727001029643155,
    "if_vehicle": false,
    "motion_state": true,
    "pose": [
      [
        0.6881557355415461,
        0.7246085453737219,
        -0.037204026833836126,
        -2.8743490648157604
      ],
      [
        -0.7249270154989803,
        0.6887945322635786,
        0.006550917763140792,
        50.52322389971232
      ],
      [
        0.030372781252546093,
        0.022462152505430464,
        0.9992862181896676,
        0.18205343669580998
      ],
      [
        0.0,
        0.0,
        0.0,
        1.0
      ]
    ],
    "location": [
      -2.8743490648157604,
      50.52322389971232,
      0.18205343669580998
    ],
    "rotation": [
      0.02247441233297118,
      -0.030377453036878364,
      -0.8114143209504244
    ]
  },
  {
    "label_id": "WLxPidkONZfEWD55dLlKWA",
    "size": [
      2.340132795076787,
      5.65358485138672,
      2.240000000000009
    ],
    "obj_class": "vehicle",
    "point_num_in_lidar": 58,
    "speed": 9.821367573737419,
    "if_vehicle": true,
    "motion_state": true,
    "pose": [
      [
        0.7285313978980834,
        -0.6840013615951446,
        -0.037204026833836126,
        84.00677122769775
      ],
      [
        0.6846383269449716,
        0.7288535152926483,
        0.006550917763140792,
        73.4547708064274
      ],
      [
        0.022635449071197355,
        -0.03024385196262973,
        0.9992862181896676,
        1.5076786727594822
      ],
      [
        0.0,
        0.0,
        0.0,
        1.0
      ]
    ],
    "location": [
      84.00677122769775,
      73.4547708064274,
      1.5076786727594822
    ],
    "rotation": [
      -0.030256218939722527,
      -0.02263738244685447,
      0.7543481320812626
    ]
  },
  {
    "label_id": "WO_EU5HuGT6OvKJc51rSGg",
    "size": [
      2.391863783789471,
      0.18455530819637792,
      1.240000000000009
    ],
    "obj_class": "sign",
    "point_num_in_lidar": 511,
    "speed": 0.004862076542291309,
    "if_vehicle": false,
    "motion_state": false,
    "pose": [
      [
        -0.7547888847323465,
        -0.6549119023745469,
        -0.037204026833836126,
        45.27930201323397
      ],
      [
        0.6551673236772159,
        -0.755455401371977,
        0.006550917763140792,
        9.70727293825621
      ],
      [
        -0.03239625703896721,
        -0.01943030277832538,
        0.9992862181896676,
        3.4451999001385616
      ],
      [
        0.0,
        0.0,
        0.0,
        1.0
      ]
    ],
    "location": [
      45.27930201323397,
      9.70727293825621,
      3.4451999001385616
    ],
    "rotation": [
      -0.01944173177647064,
      0.03240192645656589,
      2.4267330480714344
    ]
  },
  {
    "label_id": "WlcEoxNhcOjAwPMafiVjug",
    "size": [
      0.849292806284661,
      1.0100650728563778,
      1.6200000000000045
    ],
    "obj_class": "pedestrian",
    "point_num_in_lidar": 95,
    "speed": 1.4225489401431892,
    "if_vehicle": false,
    "motion_state": true,
    "pose": [
      [
        0.720817353571437,
        0.6921258579027497,
        -0.037204026833836126,
        29.16640165971694
      ],
      [
        -0.6924145514835887,
        0.7214701479411614,
        0.006550917763140792,
        49.916588826112275
      ],
      [
        0.03137565432067886,
        0.021038594348042772,
        0.9992862181896676,
        1.0978404348887238
      ],
      [
        0.0,
        0.0,
        0.0,
        1.0
      ]
    ],
    "location": [
      29.16640165971694,
      49.916588826112275,
      1.0978404348887238
    ],
    "rotation": [
      0.021050512159784072,
      -0.031380804467194066,
      -0.7653031041519044
    ]
  },
  {
    "label_id": "XD_2_kZ1u4Vl7oYczSiLpA",
    "size": [
      0.6787775717072737,
      0.8476253110203122,
      2.009999999999991
    ],
    "obj_class": "pedestrian",
    "point_num_in_lidar": 30,
    "speed": 1.320436004218617,
    "if_vehicle": false,
    "motion_state": true,
    "pose": [
      [
        -0.7049976415534907,
        -0.7082331436690628,
        -0.037204026833836126,
        73.27215900383817
      ],
      [
        0.7085365107932652,
        -0.7056437474741527,
        0.006550917763140792,
        7.089617629440909
      ],
      [
        -0.030892365997463762,
        -0.021742029787280126,
        0.9992862181896676,
        2.0305340955375755
      ],
      [
        0.0,
        0.0,
        0.0,
        1.0
      ]
    ],
    "location": [
      73.27215900383817,
      7.089617629440909,
      2.0305340955375755
    ],
    "rotation": [
      -0.0217541276319514,
      0.030897281736721006,
      2.3536909342363295
    ]
  },
  {
    "label_id": "_fjQGebTZaJgCuKbZhx4IQ",
    "size": [
      1.2552645584974527,
      0.17686029307354367,
      0.39999999999997726
    ],
    "obj_class": "sign",
    "point_num_in_lidar": 163,
    "speed": 0.010863208087034778,
    "if_vehicle": false,
    "motion_state": false,
    "pose": [
      [
        -0.6747233748702176,
        -0.737132435720401,
        -0.037204026833836126,
        38.666773844495765
      ],
      [
        0.7374625912494299,
        -0.6753562111835033,
        0.006550917763140792,
        13.195676666640793
      ],
      [
        -0.02995486457021696,
        -0.0230165206921505,
        0.9992862181896676,
        3.8031327272087765
      ],
      [
        0.0,
        0.0,
        0.0,
        1.0
      ]
    ],
    "location": [
      38.666773844495765,
      13.195676666640793,
      3.8031327272087765
    ],
    "rotation": [
      -0.023028889368779646,
      0.029959346099614335,
      2.311796663484503
    ]
  },
  {
    "label_id": "_tsIF16b_W0ZqlPiZj4RNw",
    "size": [
      0.8859042716227598,
      0.9773899117426482,
      1.660000000000025
    ],
    "obj_class": "pedestrian",
    "point_num_in_lidar": 90,
    "speed": 1.0658256170127556,
    "if_vehicle": false,
    "motion_state": true,
    "pose": [
      [
        0.7197996483099984,
        -0.6931841939053068,
        -0.037204026833836126,
        36.35133576254884
      ],
      [
        0.693825192514462,
        0.7201136630482236,
        0.006550917763140792,
        45.24393460441206
      ],
      [
        0.022250135394475425,
        -0.030528439382316017,
        0.9992862181896676,
        1.4022314158783615
      ],
      [
        0.0,
        0.0,
        0.0,
        1.0
      ]
    ],
    "location": [
      36.35133576254884,
      45.24393460441206,
      1.4022314158783615
    ],
    "rotation": [
      -0.030540746551054546,
      -0.022251971693882565,
      0.7670258679365962
    ]
  },
  {
    "label_id": "bEtCAuntP-b14z2lvs2iBw",
    "size": [
      2.207661791090859,
      5.029448622023461,
      1.5199999999999818
    ],
    "obj_class": "vehicle",
    "point_num_in_lidar": 228,
    "speed": 0.06575982530993246,
    "if_vehicle": true,
    "motion_state": false,
    "pose": [
      [
        0.700917311917288,
        0.712271564953979,
        -0.037204026833836126,
        8.925080047403753
      ],
      [
        -0.7125786388561588,
        0.7015616643762432,
        0.006550917763140792,
        51.045548489608336
      ],
      [
        0.03076695143408159,
        0.021919143132091094,
        0.9992862181896676,
        0.16283987248499443
      ],
      [
        0.0,
        0.0,
        0.0,
        1.0
      ]
    ],
    "location": [
      8.925080047403753,
      51.045548489608336,
      0.16283987248499443
    ],
    "rotation": [
      0.02193128293852668,
      -0.030771807529480184,
      -0.7936479658660042
    ]
  },
  {
    "label_id": "bMjmFhgzjcwPiXwbwa_O7g",
    "size": [
      0.5960529665173929,
      0.11968873521254864,
      0.6200000000000045
    ],
    "obj_class": "sign",
    "point_num_in_lidar": 30,
    "speed": 2.3437142008433857e-12,
    "if_vehicle": false,
    "motion_state": false,
    "pose": [
      [
        0.2764230849739076,
        0.9603156452338237,
        -0.037204026833836126,
        18.799074341943196
      ],
      [
        -0.9608928292444715,
        0.2768430172191736,
        0.006550917763140792,
        57.76120892065228
      ],
      [
        0.01659062385996655,
        0.03393825770615428,
        0.9992862181896676,
        2.0108444804718033
      ],
      [
        0.0,
        0.0,
        0.0,
        1.0
      ]
    ],
    "location": [
      18.799074341943196,
      57.76120892065228,
      2.0108444804718033
    ],
    "rotation": [
      0.0339494505196133,
      -0.016591385045803916,
      -1.290686563625194
    ]
  },
  {
    "label_id": "bqRxkK022zzIZvgLSzxwGg",
    "size": [
      2.212895905639818,
      4.841131040794217,
      1.5
    ],
    "obj_class": "vehicle",
    "point_num_in_lidar": 34,
    "speed": 0.8190559857784575,
    "if_vehicle": true,
    "motion_state": false,
    "pose": [
      [
        0.8915474968040529,
        -0.4513966341586683,
        -0.037204026833836126,
        -7.822252157096955
      ],
      [
        0.4519172404258199,
        0.8920358139011978,
        0.006550917763140792,
        80.43636820124084
      ],
      [
        0.030230262128191018,
        -0.022653595472972746,
        0.9992862181896676,
        -1.507734894290536
      ],
      [
        0.0,
        0.0,
        0.0,
        1.0
      ]
    ],
    "location": [
      -7.822252157096955,
      80.43636820124084,
      -1.507734894290536
    ],
    "rotation": [
      -0.022665894469641405,
      -0.030234868438047912,
      0.4691450555389031
    ]
  },
  {
    "label_id": "bzNnd9THe-tAOezeqivA7A",
    "size": [
      0.7953003488798142,
      0.8557177617913113,
      1.6800000000000068
    ],
    "obj_class": "pedestrian",
    "point_num_in_lidar": 24,
    "speed": 1.5261277037130851,
    "if_vehicle": false,
    "motion_state": true,
    "pose": [
      [
        -0.7092184353079232,
        0.7040064427309799,
        -0.037204026833836126,
        82.09122150881012
      ],
      [
        -0.7046521237414335,
        -0.7095227057558822,
        0.006550917763140792,
        59.86778797276929
      ],
      [
        -0.021785213473105913,
        0.03086192816600149,
        0.9992862181896676,
        1.275534095537921
      ],
      [
        0.0,
        0.0,
        0.0,
        1.0
      ]
    ],
    "location": [
      82.09122150881012,
      59.86778797276929,
