[
  {
    "label_id": "-nBiv0OOg0fPLgefHhGq8g",
    "size": [
      1.574795854754781,
      0.1656706936286259,
      1.6499999999999773
    ],
    "obj_class": "sign",
    "point_num_in_lidar": 438,
    "speed": 0.0010442370701246298,
    "if_vehicle": false,
    "motion_state": false,
    "pose": [
      [
        -0.7438976992762504,
        -0.6669001474877475,
        -0.043132427387311705,
        15.246596942903125
      ],
      [
        0.666623385316221,
        -0.7450515811824223,
        0.02261423284379616,
        37.131464346224675
      ],
      [
        -0.04721731844400254,
        -0.011930408978438434,
        0.998813391069906,
        1.5212176844394207
      ],
      [
        0.0,
        0.0,
        0.0,
        1.0
      ]
    ],
    "location": [
      15.246596942903125,
      37.131464346224675,
      1.5212176844394207
    ],
    "rotation": [
      -0.011944014518673498,
      0.047234881042741185,
      2.4109240122187723
    ]
  },
  {
    "label_id": "0TTpzF8WjDXQbo0lfz9cHQ",
    "size": [
      2.157544670192481,
      5.032259334955597,
      2.0300000000000296
    ],
    "obj_class": "vehicle",
    "point_num_in_lidar": 1305,
    "speed": 5.861441857188856,
    "if_vehicle": true,
    "motion_state": true,
    "pose": [
      [
        -0.6151374100949327,
        -0.7872392015197013,
        -0.043132427387311705,
        24.689724823507277
      ],
      [
        0.7871695023626685,
        -0.6163219702582373,
        0.02261423284379616,
        41.737112719973084
      ],
      [
        -0.044386273236299,
        -0.020041670779347553,
        0.998813391069906,
        1.396024639567429
      ],
      [
        0.0,
        0.0,
        0.0,
        1.0
      ]
    ],
    "location": [
      24.689724823507277,
      41.737112719973084,
      1.396024639567429
    ],
    "rotation": [
      -0.020062788363463792,
      0.04440086071071261,
      2.2341265030405895
    ]
  },
  {
    "label_id": "0jw4kmyd3WAM6MTC97B0nA",
    "size": [
      1.9708569114573389,
      4.39763427653422,
      1.5199999999999818
    ],
    "obj_class": "vehicle",
    "point_num_in_lidar": 96,
    "speed": 7.633384282388189,
    "if_vehicle": true,
    "motion_state": true,
    "pose": [
      [
        0.721639488353392,
        -0.6909240497744545,
        -0.043132427387311705,
        58.551747397417785
      ],
      [
        0.6920956642880814,
        0.7214514453146005,
        0.02261423284379616,
        44.739720669305825
      ],
      [
        0.015493234739524964,
        -0.04617108940388047,
        0.998813391069906,
        1.300246964626524
      ],
      [
        0.0,
        0.0,
        0.0,
        1.0
      ]
    ],
    "location": [
      58.551747397417785,
      44.739720669305825,
      1.300246964626524
    ],
    "rotation": [
      -0.04619305789107658,
      -0.015493854639998873,
      0.7645034969523544
    ]
  },
  {
    "label_id": "2CpjYc56hQBrnDK--b90vw",
    "size": [
      2.0926499593267134,
      4.9752400927945954,
      1.6000000000000227
    ],
    "obj_class": "vehicle",
    "point_num_in_lidar": 428,
    "speed": 0.02524826169307685,
    "if_vehicle": true,
    "motion_state": false,
    "pose": [
      [
        0.700750148851666,
        0.7121016939960515,
        -0.043132427387311705,
        15.095231032206357
      ],
      [
        -0.7118976101307003,
        0.701919075936168,
        0.02261423284379616,
        45.235481658310164
      ],
      [
        0.046379107091074095,
        0.014858944944706774,
        0.998813391069906,
        0.5828398724849535
      ],
      [
        0.0,
        0.0,
        0.0,
        1.0
      ]
    ],
    "location": [
      15.095231032206357,
      45.235481658310164,
      0.5828398724849535
    ],
    "rotation": [
      0.01487550033176578,
      -0.046395750282711624,
      -0.7932891821102395
    ]
  },
  {
    "label_id": "3vxR4BMySQkzU5WY1a3UZA",
    "size": [
      0.968433958965748,
      1.113997459645816,
      1.670000000000016
    ],
    "obj_class": "pedestrian",
    "point_num_in_lidar": 54,
    "speed": 0.007651384296327292,
    "if_vehicle": false,
    "motion_state": false,
    "pose": [
      [
        -0.7297051820246399,
        -0.6824001326451112,
        -0.043132427387311705,
        40.399160711043805
      ],
      [
        0.6821477030684234,
        -0.7308646301958802,
        0.02261423284379616,
        1.3271526974422159
      ],
      [
        -0.046955921084152155,
        -0.01292096337639037,
        0.998813391069906,
        1.7183405174450854
      ],
      [
        0.0,
        0.0,
        0.0,
        1.0
      ]
    ],
    "location": [
      40.399160711043805,
      1.3271526974422159,
      1.7183405174450854
    ],
    "rotation": [
      -0.0129355921712304,
      0.04697319342083835,
      2.389866202587569
    ]
  },
  {
    "label_id": "4QCXsQdpWMmYjaAu_fg9pA",
    "size": [
      0.830180048768266,
      0.9939998437621398,
      1.8999999999999773
    ],
    "obj_class": "pedestrian",
    "point_num_in_lidar": 20,
    "speed": 1.5962802018695479,
    "if_vehicle": false,
    "motion_state": true,
    "pose": [
      [
        -0.7022205421009402,
        -0.7106517459059253,
        -0.043132427387311705,
        55.87905690640764
      ],
      [
        0.7104452463436886,
        -0.7033890448539432,
        0.02261423284379616,
        -5.826166918319359
      ],
      [
        -0.0464097209549601,
        -0.014763049153812498,
        0.998813391069906,
        2.156222648839787
      ],
      [
        0.0,
        0.0,
        0.0,
        1.0
      ]
    ],
    "location": [
      55.87905690640764,
      -5.826166918319359,
      2.156222648839787
    ],
    "rotation": [
      -0.01477951172162102,
      0.046426397147160126,
      2.350372439866725
    ]
  },
  {
    "label_id": "50a3QF2RZDCtOnldBiWQvg",
    "size": [
      0.9798482092507474,
      1.2007347169346758,
      1.7699999999999818
    ],
    "obj_class": "pedestrian",
    "point_num_in_lidar": 64,
    "speed": 1.6330184791396256,
    "if_vehicle": false,
    "motion_state": true,
    "pose": [
      [
        0.762733701429955,
        -0.6452727287051875,
        -0.043132427387311705,
        39.096313692847616
      ],
      [
        0.6464536844306146,
        0.762618010775362,
        0.02261423284379616,
        47.45576731656183
      ],
      [
        0.018301218239333575,
        -0.045131754124911105,
        0.998813391069906,
        1.5245004596701506
      ],
      [
        0.0,
        0.0,
        0.0,
        1.0
      ]
    ],
    "location": [
      39.096313692847616,
      47.45576731656183,
      1.5245004596701506
    ],
    "rotation": [
      -0.04515465718172322,
      -0.018302240011844863,
      0.7030690276864026
    ]
  },
  {
    "label_id": "5_zmLzwQKAevERrLBkFozQ",
    "size": [
      0.783533336959099,
      0.9696308335805952,
      1.6348377581119848
    ],
    "obj_class": "pedestrian",
    "point_num_in_lidar": 336,
    "speed": 1.591870684508819,
    "if_vehicle": false,
    "motion_state": true,
    "pose": [
      [
        -0.6726226278340887,
        0.7387275507473937,
        -0.043132427387311705,
        23.74089663243649
      ],
      [
        -0.7398835346777349,
        -0.6723547810387517,
        0.02261423284379616,
        35.01656606486358
      ],
      [
        -0.01229453693093701,
        0.047123817556401056,
        0.998813391069906,
        1.3743194010857565
      ],
      [
        0.0,
        0.0,
        0.0,
        1.0
      ]
    ],
    "location": [
      23.74089663243649,
      35.01656606486358,
      1.3743194010857565
    ],
    "rotation": [
      0.04714484183949601,
      0.012294846683436509,
      -2.3086122990880926
    ]
  },
  {
    "label_id": "6i_mPMYxgh2SXwhx4Y83Bg",
    "size": [
      0.7184178508231047,
      0.8689585357133183,
      1.6299999999999955
    ],
    "obj_class": "pedestrian",
    "point_num_in_lidar": 347,
    "speed": 1.2648022130194592,
    "if_vehicle": false,
    "motion_state": true,
    "pose": [
      [
        0.6512791089447054,
        -0.7576114544803747,
        -0.043132427387311705,
        17.447289792853553
      ],
      [
        0.7587593286352395,
        0.6509784003190022,
        0.02261423284379616,
        27.080208995816065
      ],
      [
        0.010945476745721425,
        -0.04745530906278051,
        0.998813391069906,
        1.6413224151926329
      ],
      [
        0.0,
        0.0,
        0.0,
        1.0
      ]
    ],
    "location": [
      17.447289792853553,
      27.080208995816065,
      1.6413224151926329
    ],
    "rotation": [
      -0.047475984864293476,
      -0.010945695308504444,
      0.8614760751959102
    ]
  },
  {
    "label_id": "7qobI3Hz-o2ZID0qo4DukQ",
    "size": [
      0.8444910497327179,
      0.9942583215743072,
      1.7699999999999818
    ],
    "obj_class": "pedestrian",
    "point_num_in_lidar": 133,
    "speed": 1.3295858565265737,
    "if_vehicle": false,
    "motion_state": true,
    "pose": [
      [
        0.7936468241012302,
        0.6068478493837719,
        -0.043132427387311705,
        8.345646622623462
      ],
      [
        -0.6064819326359904,
        0.7947756047206033,
        0.02261423284379616,
        40.50300209039415
      ],
      [
        0.048003999626539735,
        0.008211323845173769,
        0.998813391069906,
        0.9220534366962738
      ],
      [
        0.0,
        0.0,
        0.0,
        1.0
      ]
    ],
    "location": [
      8.345646622623462,
      40.50300209039415,
      0.9220534366962738
    ],
    "rotation": [
      0.008220893848165592,
      -0.04802245537901915,
      -0.6525090670064341
    ]
  },
  {
    "label_id": "B8fPu6MBHzAg6h1H20TSaA",
    "size": [
      0.8382083337783994,
      0.9355274055124028,
      1.6899999999999977
    ],
    "obj_class": "pedestrian",
    "point_num_in_lidar": 73,
    "speed": 0.12366942154324505,
    "if_vehicle": false,
    "motion_state": false,
    "pose": [
      [
        0.5286384469676415,
        0.8477505447331298,
        -0.043132427387311705,
        40.73671213732814
      ],
      [
        -0.8478062228853,
        0.5298237489107556,
        0.02261423284379616,
        40.20584471154871
      ],
      [
        0.04202381259001647,
        0.024613187417202177,
        0.998813391069906,
        1.5420534366961078
      ],
      [
        0.0,
        0.0,
        0.0,
        1.0
      ]
    ],
    "location": [
      40.73671213732814,
      40.20584471154871,
      1.5420534366961078
    ],
    "rotation": [
      0.024637442127086937,
      -0.042036191444636724,
      -1.0132498346966858
    ]
  },
  {
    "label_id": "CgFRFNYw3lhQVZrCFzpkrQ",
    "size": [
      1.043332349297481,
      0.2471041857061209,
      0.9900000000000091
    ],
    "obj_class": "sign",
    "point_num_in_lidar": 24,
    "speed": 1.1368683772161603e-12,
    "if_vehicle": false,
    "motion_state": false,
    "pose": [
      [
        0.7932841606806788,
        0.6073218538146221,
        -0.043132427387311705,
        80.5708430281702
      ],
      [
        -0.6069566114487507,
        0.7944131596918172,
        0.02261423284379616,
        -4.026447336022102
      ],
      [
        0.04799908573922197,
        0.008239999249633725,
        0.998813391069906,
        4.503043523600354
      ],
      [
        0.0,
        0.0,
        0.0,
        1.0
      ]
    ],
    "location": [
      80.5708430281702,
      -4.026447336022102,
      4.503043523600354
    ],
    "rotation": [
      0.00824960137252636,
      -0.04801753582073738,
      -0.6531071211918291
    ]
  },
  {
    "label_id": "DAcKn9aTrB4-lrjIfVddfQ",
    "size": [
      0.7896825755497313,
      0.696373814229446,
      1.6000000000000227
    ],
    "obj_class": "pedestrian",
    "point_num_in_lidar": 25,
    "speed": 3.5950934718225418e-12,
    "if_vehicle": false,
    "motion_state": false,
    "pose": [
      [
        -0.9915135435897633,
        0.12263966155265117,
        -0.043132427387311705,
        51.20447815067382
      ],
      [
        -0.12369138146859648,
        -0.9920630214977659,
        0.02261423284379616,
        49.52241715947457
      ],
      [
        -0.04001668437615344,
        0.02775742767214686,
        0.998813391069906,
        1.6534631535517974
      ],
      [
        0.0,
        0.0,
        0.0,
        1.0
      ]
    ],
    "location": [
      51.20447815067382,
      49.52241715947457,
      1.6534631535517974
    ],
    "rotation": [
      0.02778325308998703,
      0.040027372099263214,
      -3.0174837540140302
    ]
  },
  {
    "label_id": "HxRqkb3GZVwmYgZHcJrKlA",
    "size": [
      0.7759577687889392,
      0.9505721173338806,
      1.6800000000000068
    ],
    "obj_class": "pedestrian",
    "point_num_in_lidar": 37,
    "speed": 1.4877073376873324,
    "if_vehicle": false,
    "motion_state": true,
    "pose": [
      [
        -0.8105480285324144,
        -0.5840817469754509,
        -0.043132427387311705,
        -9.554428634342912
      ],
      [
        0.5836839456206072,
        -0.8116659707648503,
        0.02261423284379616,
        60.00300022918236
      ],
      [
        -0.04821768417268085,
        -0.00684578355330848,
        0.998813391069906,
        -0.6179998881238475
      ],
      [
        0.0,
        0.0,
        0.0,
        1.0
      ]
    ],
    "location": [
      -9.554428634342912,
      60.00300022918236,
      -0.6179998881238475
    ],
    "rotation": [
      -0.006853809151240854,
      0.04823638765851545,
      2.5174969933307554
    ]
  },
  {
    "label_id": "IEf0L1hK0QJytY6Vmcwj0Q",
    "size": [
      0.767878859754583,
      1.1534359156285063,
      1.839999999999975
    ],
    "obj_class": "pedestrian",
    "point_num_in_lidar": 35,
    "speed": 1.433878710748143,
    "if_vehicle": false,
    "motion_state": true,
    "pose": [
      [
        -0.7433556569023636,
        0.6675042779330586,
        -0.043132427387311705,
        35.08872179269747
      ],
      [
        -0.668681304432205,
        -0.7432051598150617,
        0.02261423284379616,
        10.69961221837002
      ],
      [
        -0.01696114542419033,
        0.04565226571961806,
        0.998813391069906,
        1.6911375842528287
      ],
      [
        0.0,
        0.0,
        0.0,
        1.0
      ]
    ],
    "location": [
      35.08872179269747,
      10.69961221837002,
      1.6911375842528287
    ],
    "rotation": [
      0.04567471305360836,
      0.01696195876115586,
      -2.4090294062656996
    ]
  },
  {
    "label_id": "Irfp6gSCdLpobVkk39GvCg",
    "size": [
      0.741776079169819,
      1.1326184300815785,
      1.8400000000000318
    ],
    "obj_class": "pedestrian",
    "point_num_in_lidar": 27,
    "speed": 1.3307913833603169,
    "if_vehicle": false,
    "motion_state": true,
    "pose": [
      [
        0.813557592946351,
        -0.5798824334871834,
        -0.043132427387311705,
        37.55754779018025
      ],
      [
        0.5810689136490277,
        0.8135401121417588,
        0.02261423284379616,
        46.42289394255204
      ],
      [
        0.02197636344071353,
        -0.043460893563717906,
        0.998813391069906,
        1.4895004596700687
      ],
      [
        0.0,
        0.0,
        0.0,
        1.0
      ]
    ],
    "location": [
      37.55754779018025,
      46.42289394255204,
      1.4895004596700687
    ],
    "rotation": [
      -0.04348509573560737,
      -0.021978132778037243,
      0.6202139557052735
    ]
  },
  {
    "label_id": "LqJp6v1O6Qqi4sVue82EZw",
    "size": [
      0.7757347446929608,
      0.9109590110333063,
      1.8600000000000136
    ],
    "obj_class": "pedestrian",
    "point_num_in_lidar": 28,
    "speed": 1.556447266164118,
    "if_vehicle": false,
    "motion_state": true,
    "pose": [
      [
        -0.7613341759889861,
        -0.6469233850919673,
        -0.043132427387311705,
        -2.251408909483871
      ],
      [
        0.6466160981850354,
        -0.7624803066577178,
        0.02261423284379616,
        50.98210580682644
      ],
      [
        -0.04751730252373574,
        -0.010673133574678239,
        0.998813391069906,
        -0.13294656330475618
      ],
      [
        0.0,
        0.0,
        0.0,
        1.0
      ]
    ],
    "location": [
      -2.251408909483871,
      50.98210580682644,
      -0.13294656330475618
    ],
    "rotation": [
      -0.010685406758612369,
      0.04753520222242419,
      2.437493683190539
    ]
  },
  {
    "label_id": "MQpQK2kzZfJnvO5GRR-ocg",
    "size": [
      0.6528417423339927,
      0.8721263315164834,
      1.6800000000000068
    ],
    "obj_class": "pedestrian",
    "point_num_in_lidar": 1076,
    "speed": 1.08952835123222,
    "if_vehicle": false,
    "motion_state": true,
    "pose": [
      [
        0.6499123734430171,
        -0.7587842252928975,
        -0.043132427387311705,
        17.961634835086443
      ],
      [
        0.7599315555226785,
        0.649609596137379,
        0.02261423284379616,
        26.643502043581975
      ],
      [
        0.010859915586523317,
        -0.047474962379013365,
        0.998813391069906,
        1.6469652086216797
      ],
      [
        0.0,
        0.0,
        0.0,
        1.0
      ]
    ],
    "location": [
      17.961634835086443,
      26.643502043581975,
      1.6469652086216797
    ],
    "rotation": [
      -0.04749561719343407,
      -0.010860129063551355,
      0.8632767604118778
    ]
  },
  {
    "label_id": "NHlv6cGf7h-bBMSpm-Zh7A",
    "size": [
      0.9098943185394948,
      0.7449380051051133,
      1.8899999999999864
    ],
    "obj_class": "pedestrian",
    "point_num_in_lidar": 84,
    "speed": 2.3437142008433857e-12,
    "if_vehicle": false,
    "motion_state": false,
    "pose": [
      [
        -0.8023468393519223,
        0.5952975248475831,
        -0.043132427387311705,
        34.93051001186177
      ],
      [
        -0.5964834555903854,
        -0.8023067266824074,
        0.02261423284379616,
        12.640109978769033
      ],
      [
        -0.021143239792741905,
        0.04387223758257335,
        0.998813391069906,
        1.6970626728004845
      ],
      [
        0.0,
        0.0,
        0.0,
        1.0
      ]
    ],
    "location": [
      34.93051001186177,
      12.640109978769033,
      1.6970626728004845
    ],
    "rotation": [
      0.04389614279790869,
      0.021144815410023172,
      -2.5023138403440277
    ]
  },
  {
    "label_id": "NWx5OOTS3S22DN-gLtcmhw",
    "size": [
      0.6743662098281388,
      0.6666284200873633,
      1.6200000000000045
    ],
    "obj_class": "pedestrian",
    "point_num_in_lidar": 26,
    "speed": 1.7053025658242404e-12,
    "if_vehicle": false,
    "motion_state": false,
    "pose": [
      [
        -0.9505487627286354,
        0.3075656732841599,
        -0.043132427387311705,
        57.495999287431914
      ],
      [
        -0.30870219630323165,
        -0.9508898729455728,
        0.02261423284379616,
        55.96906875145942
      ],
      [
        -0.03405882664774805,
        0.0348110061160805,
        0.998813391069906,
        1.7134631535515723
      ],
      [
        0.0,
        0.0,
        0.0,
        1.0
      ]
    ],
    "location": [
      57.495999287431914,
      55.96906875145942,
      1.7134631535515723
    ],
    "rotation": [
      0.03483826094389196,
      0.03406541481469457,
      -2.827575957221981
    ]
  },
  {
    "label_id": "NpvA7vKfmoKkFvtrDaSQ9g",
    "size": [
      2.1507144826726328,
      4.98263543942257,
      1.8000000000000114
    ],
    "obj_class": "vehicle",
    "point_num_in_lidar": 127,
    "speed": 5.711819477253749,
    "if_vehicle": true,
    "motion_state": true,
    "pose": [
      [
        0.7138913470411447,
        0.6989268476224519,
        -0.043132427387311705,
        -3.875366720909369
      ],
      [
        -0.698701028129772,
        0.7150562703475064,
        0.02261423284379616,
        63.91379985873209
      ],
      [
        0.04664780713152032,
        0.013992566214087688,
        0.998813391069906,
        -0.4876603610007919
      ],
      [
        0.0,
        0.0,
        0.0,
        1.0
      ]
    ],
    "location": [
      -3.875366720909369,
      63.91379985873209,
      -0.4876603610007919
    ],
    "rotation": [
      0.014008273282505989,
      -0.046664741462965266,
      -0.7746450730554427
    ]
  },
  {
    "label_id": "OuZ9z9qaKV3nsqnICSdpHQ",
    "size": [
      0.8617775315223524,
      0.9056348031139417,
      1.7900000000000205
    ],
    "obj_class": "pedestrian",
    "point_num_in_lidar": 58,
    "speed": 1.463418715004612,
    "if_vehicle": false,
    "motion_state": true,
    "pose": [
      [
        -0.7308489228611459,
        -0.6811750477376436,
        -0.043132427387311705,
        43.06347395857301
      ],
      [
        0.6809206734715251,
        -0.7320079459349955,
        0.02261423284379616,
        6.06341559493012
      ],
      [
        -0.046977530711899425,
        -0.01284217378981037,
        0.998813391069906,
        1.843547872912609
      ],
      [
        0.0,
        0.0,
        0.0,
        1.0
      ]
    ],
    "location": [
      43.06347395857301,
      6.06341559493012,
      1.843547872912609
    ],
    "rotation": [
      -0.012856722099598136,
      0.04699482692214072,
      2.391545477683324
    ]
  },
  {
    "label_id": "R0591s_SOgmmTLEB231ofA",
    "size": [
      0.7662604966492047,
      0.8033125028596259,
      1.8999999999999773
    ],
    "obj_class": "pedestrian",
    "point_num_in_lidar": 121,
    "speed": 0.05858095983727046,
    "if_vehicle": false,
    "motion_state": false,
    "pose": [
      [
        0.690377682844546,
        0.7221622038973472,
        -0.043132427387311705,
        35.600944758509286
      ],
      [
        -0.7219750476426839,
        0.6915494393419974,
        0.02261423284379616,
        43.44100024244108
      ],
      [
        0.04615935020707844,
        0.015528174647891954,
        0.998813391069906,
        1.5322314158781296
      ],
      [
        0.0,
        0.0,
        0.0,
        1.0
      ]
    ],
    "location": [
      35.600944758509286,
      43.44100024244108,
      1.5322314158781296
    ],
    "rotation": [
      0.015545370064057514,
      -0.046175757787567294,
      -0.8077665803430819
    ]
  },
  {
    "label_id": "R9rMpbgc15zaIzxO84qQ2Q",
    "size": [
      2.4554635055479417,
      5.740474842219555,
      1.9599999999999795
    ],
    "obj_class": "vehicle",
    "point_num_in_lidar": 8730,
    "speed": 8.429541408843168,
    "if_vehicle": true,
    "motion_state": true,
    "pose": [
      [
        0.7065222083537198,
        -0.7063752280556428,
        -0.043132427387311705,
        25.472655830486474
      ],
      [
        0.7075424999563696,
        0.7063088610716826,
        0.02261423284379616,
        20.61465850732202
      ],
      [
        0.014490681780849259,
        -0.0464954832318292,
        0.998813391069906,
        1.7523052544828488
      ],
      [
        0.0,
        0.0,
        0.0,
        1.0
      ]
    ],
    "location": [
      25.472655830486474,
      20.61465850732202,
      1.7523052544828488
    ],
    "rotation": [
      -0.04651713971780173,
      -0.014491188953992241,
      0.7861196943285272
    ]
  },
  {
    "label_id": "Rrloo1mL4Y4Wxo3m2aZgww",
    "size": [
      0.9053258598690219,
      0.9954942177719204,
      1.920000000000016
    ],
    "obj_class": "pedestrian",
    "point_num_in_lidar": 30,
    "speed": 1.338173400568792,
    "if_vehicle": false,
    "motion_state": true,
    "pose": [
      [
        -0.7072679893223939,
        -0.705628503525429,
        -0.043132427387311705,
        71.59726384223904
      ],
      [
        0.7054136805166135,
        -0.7084349905339882,
        0.02261423284379616,
        9.311089989278116
      ],
      [
        -0.0465137680677816,
        -0.014431881359398976,
        0.998813391069906,
        2.005534095537598
      ],
      [
        0.0,
        0.0,
        0.0,
        1.0
      ]
    ],
    "location": [
      71.59726384223904,
      9.311089989278116,
      2.005534095537598
    ],
    "rotation": [
      -0.01444802130062633,
      0.04653055674510106,
      2.357507105610527
    ]
  },
  {
    "label_id": "SSNlDFCI-EZrjNybBfB66g",
    "size": [
      0.8845761990356106,
      0.9635875842650421,
      1.6000000000000227
    ],
    "obj_class": "pedestrian",
    "point_num_in_lidar": 1155,
    "speed": 1.1368683772161603e-12,
    "if_vehicle": false,
    "motion_state": false,
    "pose": [
      [
        0.7984645753154133,
        0.6004947257670586,
        -0.043132427387311705,
        20.123422376706003
      ],
      [
        -0.6001198122966998,
        0.7995903997434314,
        0.02261423284379616,
        27.050882457682746
      ],
      [
        0.048068002406492887,
        0.007827960403868958,
        0.998813391069906,
        1.507332314949906
      ],
      [
        0.0,
        0.0,
        0.0,
        1.0
      ]
    ],
    "location": [
      20.123422376706003,
      27.050882457682746,
      1.507332314949906
    ],
    "rotation": [
      0.007837099710928963,
      -0.04808653212886365,
      -0.6445193906843575
    ]
  },
  {
    "label_id": "SVtwv1xNRMziqE3GDAHqrA",
    "size": [
      0.7819850836707479,
      1.8584476636424367,
      1.9499999999999886
    ],
    "obj_class": "cyclist",
    "point_num_in_lidar": 328,
    "speed": 5.0731998539641,
    "if_vehicle": false,
    "motion_state": true,
    "pose": [
      [
        0.7468303243373684,
        -0.6636143913130722,
        -0.043132427387311705,
        39.527830866012664
      ],
      [
        0.6647921874628288,
        0.746685974129201,
        0.02261423284379616,
        22.04372350301128
      ],
      [
        0.017199248196603994,
        -0.045563095602765634,
        0.998813391069906,
        1.7972916921756337
      ],
      [
        0.0,
        0.0,
        0.0,
        1.0
      ]
    ],
    "location": [
      39.527830866012664,
      22.04372350301128,
      1.7972916921756337
    ],
    "rotation": [
      -0.045585622754840543,
      -0.017200096272966453,
      0.7273472596767562
    ]
  },
  {
    "label_id": "TLHLhHvraU9-FXWR_8xBag",
    "size": [
      0.6791927930628534,
      0.8114629329278926,
      1.8199999999999932
    ],
    "obj_class": "pedestrian",
    "point_num_in_lidar": 33,
    "speed": 1.4929439925370365,
    "if_vehicle": false,
    "motion_state": true,
    "pose": [
      [
        -0.6977698351304777,
        -0.7150222730025018,
        -0.043132427387311705,
        44.97934938317485
      ],
      [
        0.7148230731199123,
        -0.6989396044067692,
        0.02261423284379616,
        3.1067445852895617
      ],
      [
        -0.046316641905370305,
        -0.015052524773101745,
        0.998813391069906,
        1.9025569944839162
      ],
      [
        0.0,
        0.0,
        0.0,
        1.0
      ]
    ],
    "location": [
      44.97934938317485,
      3.1067445852895617,
      1.9025569944839162
    ],
    "rotation": [
      -0.01506926669246216,
      0.04633321789718474,
      2.3441227818365546
    ]
  },
  {
    "label_id": "TZ_-vRD-wRuJSsIj5_YNaw",
    "size": [
      2.2551529818405274,
      4.679410122029367,
      1.509999999999991
    ],
    "obj_class": "vehicle",
    "point_num_in_lidar": 253,
    "speed": 2.534141144811677,
    "if_vehicle": true,
    "motion_state": true,
    "pose": [
      [
        -0.6965339413560454,
        -0.7162262647004027,
        -0.043132427387311705,
        52.98222353042365
      ],
      [
        0.7160290853223402,
        -0.6977040529087813,
        0.02261423284379616,
        18.827810058617615
      ],
      [
        -0.04629057691869839,
        -0.015132491796436385,
        0.998813391069906,
        1.5405173954691236
      ],
      [
        0.0,
        0.0,
        0.0,
        1.0
      ]
    ],
    "location": [
      52.98222353042365,
      18.827810058617615,
      1.5405173954691236
    ],
    "rotation": [
      -0.015149310442051488,
      0.04630712492351876,
      2.3423941103420014
    ]
  },
  {
    "label_id": "Uym2TQ00DalEua9edk4J5g",
    "size": [
      0.7342892225205498,
      0.6340272989327786,
      1.6299999999999955
    ],
    "obj_class": "pedestrian",
    "point_num_in_lidar": 56,
    "speed": 3.457650183405701e-12,
    "if_vehicle": false,
    "motion_state": false,
    "pose": [
      [
        0.5462087527608708,
        -0.8365378605389551,
        -0.043132427387311705,
        34.56940462423154
      ],
      [
        0.8376363368627137,
        0.5457599872105878,
        0.02261423284379616,
        12.293120441645442
      ],
      [
        0.0046222910583818356,
        -0.048481380392958594,
        0.998813391069906,
        1.5572314158782774
      ],
      [
        0.0,
        0.0,
        0.0,
        1.0
      ]
    ],
    "location": [
      34.56940462423154,
      12.293120441645442,
      1.5572314158782774
    ],
    "rotation": [
      -0.04850091117366962,
      -0.00462230751819085,
      0.9929578937560369
    ]
  },
  {
    "label_id": "VKOuaj8LJhay5wlxyZ-_zg",
    "size": [
      0.7878072383539634,
      1.0479388304352202,
      1.6999999999999886
    ],
    "obj_class": "pedestrian",
    "point_num_in_lidar": 129,
    "speed": 1.37338142145246,
    "if_vehicle": false,
    "motion_state": true,
    "pose": [
      [
        0.17045398884708457,
        -0.9844211656571572,
        -0.043132427387311705,
        31.710529061823763
      ],
      [
        0.9852522742138045,
        0.16960705359569475,
        0.02261423284379616,
        46.70557541724702
      ],
      [
        -0.01494636553294,
        -0.04635100836865245,
        0.998813391069906,
        1.2658598229193672
      ],
      [
        0.0,
        0.0,
        0.0,
        1.0
      ]
    ],
    "location": [
      31.710529061823763,
      46.70557541724702,
      1.2658598229193672
    ],
    "rotation": [
      -0.04637280501385109,
      0.014946922076561266,
      1.3994866194304891
    ]
  },
  {
    "label_id": "VqYlW6Sp3oyWGU1DfRWBBA",
    "size": [
      0.7161699876259439,
      0.900175979290559,
      1.8199999999999932
    ],
    "obj_class": "pedestrian",
    "point_num_in_lidar": 119,
    "speed": 1.2485552060625404,
    "if_vehicle": false,
    "motion_state": true,
    "pose": [
      [
        0.6981400783546639,
        -0.7146607759648084,
        -0.043132427387311705,
        33.51909026071007
      ],
      [
        0.7158254498262211,
        0.6979129758458248,
        0.02261423284379616,
        42.889374719088664
      ],
      [
        0.013941175561336446,
        -0.04666319152611769,
        0.998813391069906,
        1.3322314158786526
      ],
      [
        0.0,
        0.0,
        0.0,
        1.0
      ]
    ],
    "location": [
      33.51909026071007,
      42.889374719088664,
      1.3322314158786526
    ],
    "rotation": [
      -0.04668468288060515,
      -0.013941627193564102,
      0.7979051509910489
    ]
  },
  {
    "label_id": "WLxPidkONZfEWD55dLlKWA",
    "size": [
      2.3401327950691413,
      5.65358485138672,
      2.240000000000009
    ],
    "obj_class": "vehicle",
    "point_num_in_lidar": 85,
    "speed": 9.68062435229758,
    "if_vehicle": true,
    "motion_state": true,
    "pose": [
      [
        0.7272878766874726,
        -0.6849758668238656,
        -0.043132427387311705,
        72.66335114523463
      ],
      [
        0.6861489857424566,
        0.7271094593233434,
        0.02261423284379616,
        62.8177171651987
      ],
      [
        0.015871792212155577,
        -0.0460423286922947,
        0.998813391069906,
        1.5076786727596527
      ],
      [
        0.0,
        0.0,
        0.0,
        1.0
      ]
    ],
    "location": [
      72.66335114523463,
      62.8177171651987,
      1.5076786727596527
    ],
    "rotation": [
      -0.04606441832536248,
      -0.01587245867492585,
      0.7563008041764034
    ]
  },
  {
    "label_id": "WO_EU5HuGT6OvKJc51rSGg",
    "size": [
      2.39186378378947,
      0.18455530819637792,
      1.240000000000009
    ],
    "obj_class": "sign",
    "point_num_in_lidar": 371,
    "speed": 0.004862076626235861,
    "if_vehicle": false,
    "motion_state": false,
    "pose": [
      [
        -0.7546088737381415,
        -0.6547557112262038,
        -0.043132427387311705,
        45.2812462305119
      ],
      [
        0.6544602836884582,
        -0.7557581184131001,
        0.02261423284379616,
        9.69974748763343
      ],
      [
        -0.047404480274299096,
        -0.011163559887362735,
        0.998813391069906,
        3.44808983486098
      ],
      [
        0.0,
        0.0,
        0.0,
        1.0
      ]
    ],
    "location": [
      45.2812462305119,
      9.69974748763343,
      3.44808983486098
    ],
    "rotation": [
      -0.011176357031570407,
      0.04742225268975302,
      2.427149463159779
    ]
  },
  {
    "label_id": "XD_2_kZ1u4Vl7oYczSiLpA",
    "size": [
      0.6787775717060313,
      0.8476253110203122,
      2.009999999999991
    ],
    "obj_class": "pedestrian",
    "point_num_in_lidar": 23,
    "speed": 1.3326066127085827,
    "if_vehicle": false,
    "motion_state": true,
    "pose": [
      [
        -0.7170663811550251,
        -0.6956690295858473,
        -0.043132427387311705,
        74.79706131202329
      ],
      [
        0.695437908170512,
        -0.7182302641578877,
        0.02261423284379616,
        5.645945776261215
      ],
      [
        -0.046711036133431874,
        -0.013780018968650528,
        0.998813391069906,
        2.008473438589135
      ],
      [
        0.0,
        0.0,
        0.0,
        1.0
      ]
    ],
    "location": [
      74.79706131202329,
      5.645945776261215,
      2.008473438589135
    ],
    "rotation": [
      -0.01379551465137823,
      0.04672803946466789,
      2.3715054404210907
    ]
  },
  {
    "label_id": "YeDTe3z8sAGMJ4YCFJfJEg",
    "size": [
      2.003138356289564,
      4.590736175159691,
      1.420000000000016
    ],
    "obj_class": "vehicle",
    "point_num_in_lidar": 32,
    "speed": 7.484817436290747,
    "if_vehicle": true,
    "motion_state": true,
    "pose": [
      [
        0.7230531313685254,
        -0.689444532160382,
        -0.043132427387311705,
        72.16495122422566
      ],
      [
        0.6906165293678569,
        0.7228674884353167,
        0.02261423284379616,
        58.2577087479076
      ],
      [
        0.015587770272427692,
        -0.046139259176640086,
        0.998813391069906,
        1.2262631068591077
      ],
      [
        0.0,
        0.0,
        0.0,
        1.0
      ]
    ],
    "location": [
      72.16495122422566,
      58.2577087479076,
      1.2262631068591077
    ],
    "rotation": [
      -0.04616125775382897,
      -0.015588401590511737,
      0.7624572229614858
    ]
  },
  {
    "label_id": "ZTG-Mn-TYgvvLsEhN2HgLw",
    "size": [
      0.7683792336945705,
      0.9110074121337941,
      1.8600000000000136
    ],
    "obj_class": "pedestrian",
    "point_num_in_lidar": 27,
    "speed": 1.5521382213469157,
    "if_vehicle": false,
    "motion_state": true,
    "pose": [
      [
        -0.6778261928876326,
        0.7339558882815344,
        -0.043132427387311705,
        67.19456552466727
      ],
      [
        -0.735113736138462,
        -0.677566521762578,
        0.02261423284379616,
        44.26748885260167
      ],
      [
        -0.012627239445323896,
        0.04703575919899245,
        0.998813391069906,
        1.30819930180337
      ],
      [
        0.0,
        0.0,
        0.0,
        1.0
      ]
    ],
    "location": [
      67.19456552466727,
      44.26748885260167,
      1.30819930180337
    ],
    "rotation": [
      0.04705687431132557,
      0.012627575032348294,
      -2.3156717605915564
    ]
  },
  {
    "label_id": "_fjQGebTZaJgCuKbZhx4IQ",
    "size": [
      1.2552645584974522,
      0.17686029307354367,
      0.39999999999997726
    ],
    "obj_class": "sign",
    "point_num_in_lidar": 169,
    "speed": 0.010863207992948496,
    "if_vehicle": false,
    "motion_state": false,
    "pose": [
      [
        -0.6745624588472321,
        -0.7369566356453102,
        -0.043132427387311705,
        38.65731783733281
      ],
      [
        0.7367949214486346,
        -0.6757379967120296,
        0.02261423284379616,
        13.181110912082659
      ],
      [
        -0.0458119290302928,
        -0.016525040936668293,
        0.998813391069906,
        3.798808599558299
      ],
      [
        0.0,
        0.0,
        0.0,
        1.0
      ]
    ],
    "location": [
      38.65731783733281,
      13.181110912082659,
      3.798808599558299
    ],
    "rotation": [
      -0.016543163671083792,
      0.04582796868323881,
      2.3121289842456143
    ]
  },
  {
    "label_id": "_tsIF16b_W0ZqlPiZj4RNw",
    "size": [
      0.885904271628377,
      0.9773899117426482,
      1.660000000000025
    ],
    "obj_class": "pedestrian",
    "point_num_in_lidar": 91,
    "speed": 1.0892240502798185,
    "if_vehicle": false,
    "motion_state": true,
    "pose": [
      [
        0.7123109661053029,
        -0.7005374231786681,
        -0.043132427387311705,
        35.007238409605634
      ],
      [
        0.7017064111679095,
        0.7121072313905675,
        0.02261423284379616,
        44.143820991390385
      ],
      [
        0.014872797046377865,
        -0.04637466687160567,
        0.998813391069906,
        1.4022314158788163
      ],
      [
        0.0,
        0.0,
        0.0,
        1.0
      ]
    ],
    "location": [
      35.007238409605634,
      44.143820991390385,
      1.4022314158788163
    ],
    "rotation": [
      -0.04639644069755646,
      -0.014873345411643037,
      0.7778987109149604
    ]
  },
  {
    "label_id": "bEtCAuntP-b14z2lvs2iBw",
    "size": [
      2.2076617910908607,
      5.029448622023461,
      1.5199999999999818
    ],
    "obj_class": "vehicle",
    "point_num_in_lidar": 50,
    "speed": 0.04950335402263146,
    "if_vehicle": true,
    "motion_state": false,
    "pose": [
      [
        0.7007501488539114,
        0.7121016939938419,
        -0.043132427387311705,
        8.887324918650847
      ],
      [
        -0.7118976101284872,
        0.7019190759384127,
        0.02261423284379616,
        51.11509778902109
      ],
      [
        0.04637910709112095,
        0.01485894494456054,
        0.998813391069906,
        0.16283987248550602
      ],
      [
        0.0,
        0.0,
        0.0,
        1.0
      ]
    ],
    "location": [
      8.887324918650847,
      51.11509778902109,
      0.16283987248550602
    ],
    "rotation": [
      0.014875500331619405,
      -0.046395750282758524,
      -0.7932891821070833
    ]
  },
  {
    "label_id": "bMjmFhgzjcwPiXwbwa_O7g",
    "size": [
      0.5960529665173941,
      0.11968873521254864,
      0.6200000000000045
    ],
    "obj_class": "sign",
    "point_num_in_lidar": 40,
    "speed": 2.3437142008433857e-12,
    "if_vehicle": false,
    "motion_state": false,
    "pose": [
      [
        0.2763571603221633,
        0.9600866177831813,
        -0.043132427387311705,
        18.79907434193592
      ],
      [
        -0.9604646642925962,
        0.27748193656199877,
        0.02261423284379616,
        57.761208920645004
      ],
      [
        0.033680091804812635,
        0.035177567219103416,
        0.998813391069906,
        2.0108444804717465
      ],
      [
        0.0,
        0.0,
        0.0,
        1.0
      ]
    ],
    "location": [
      18.79907434193592,
      57.761208920645004,
      2.0108444804717465
    ],
