[
  {
    "label_id": "-nBiv0OOg0fPLgefHhGq8g",
    "size": [
      1.5747958547547827,
      0.1656706936286259,
      1.6499999999999773
    ],
    "obj_class": "sign",
    "point_num_in_lidar": 143,
    "speed": 0.001044237068062099,
    "if_vehicle": false,
    "motion_state": false,
    "pose": [
      [
        -0.7436874659924888,
        -0.6667116745188342,
        -0.04923917125585037,
        15.25020406025942
      ],
      [
        0.6670435932567678,
        -0.7449259302728001,
        0.011755981554218024,
        37.1308796390731
      ],
      [
        -0.04451738560125128,
        -0.02410189759117694,
        0.9987178284739558,
        1.4684530793305157
      ],
      [
        0.0,
        0.0,
        0.0,
        1.0
      ]
    ],
    "location": [
      15.25020406025942,
      37.1308796390731,
      1.4684530793305157
    ],
    "rotation": [
      -0.02412815672776083,
      0.04453210280477754,
      2.410470318742743
    ]
  },
  {
    "label_id": "0TTpzF8WjDXQbo0lfz9cHQ",
    "size": [
      2.157544670191996,
      5.032259334955597,
      2.0300000000000296
    ],
    "obj_class": "vehicle",
    "point_num_in_lidar": 1894,
    "speed": 0.7960340574969818,
    "if_vehicle": true,
    "motion_state": false,
    "pose": [
      [
        0.4159493368149082,
        -0.9080537722058507,
        -0.04923917125585037,
        27.25999457780199
      ],
      [
        0.9093349447039507,
        0.41589873195041105,
        0.011755981554218024,
        31.785410967684584
      ],
      [
        0.009803445491307225,
        -0.04966479180229233,
        0.9987178284739558,
        1.75723792582005
      ],
      [
        0.0,
        0.0,
        0.0,
        1.0
      ]
    ],
    "location": [
      27.25999457780199,
      31.785410967684584,
      1.75723792582005
    ],
    "rotation": [
      -0.049687621325642826,
      -0.009803602528942948,
      1.1417878619164297
    ]
  },
  {
    "label_id": "0jw4kmyd3WAM6MTC97B0nA",
    "size": [
      1.9708569114621137,
      4.39763427653422,
      1.5199999999999818
    ],
    "obj_class": "vehicle",
    "point_num_in_lidar": 162,
    "speed": 5.731450462694666,
    "if_vehicle": true,
    "motion_state": true,
    "pose": [
      [
        0.7218432997666373,
        -0.6903026543452152,
        -0.04923917125585037,
        41.968700482553686
      ],
      [
        0.691511978404346,
        0.7222693269279848,
        0.011755981554218024,
        28.97827757815685
      ],
      [
        0.027448757810144733,
        -0.04253545324721595,
        0.9987178284739558,
        1.6190026958755652
      ],
      [
        0.0,
        0.0,
        0.0,
        1.0
      ]
    ],
    "location": [
      41.968700482553686,
      28.97827757815685,
      1.6190026958755652
    ],
    "rotation": [
      -0.04256433744180459,
      -0.02745220578525503,
      0.7639409496880007
    ]
  },
  {
    "label_id": "3vxR4BMySQkzU5WY1a3UZA",
    "size": [
      0.9684339589657476,
      1.113997459645816,
      1.670000000000016
    ],
    "obj_class": "pedestrian",
    "point_num_in_lidar": 53,
    "speed": 0.0007875351405121543,
    "if_vehicle": false,
    "motion_state": false,
    "pose": [
      [
        -0.7294989596949475,
        -0.6822072792180001,
        -0.04923917125585037,
        40.38202470756005
      ],
      [
        0.6825651750303349,
        -0.7307301682108828,
        0.011755981554218024,
        1.3400160656965454
      ],
      [
        -0.044000564084992075,
        -0.025032967232603103,
        0.9987178284739558,
        1.6989207952529455
      ],
      [
        0.0,
        0.0,
        0.0,
        1.0
      ]
    ],
    "location": [
      40.38202470756005,
      1.3400160656965454,
      1.6989207952529455
    ],
    "rotation": [
      -0.02505985784431422,
      0.044014774348149904,
      2.3894199731286694
    ]
  },
  {
    "label_id": "4QCXsQdpWMmYjaAu_fg9pA",
    "size": [
      0.8301800487628889,
      0.9939998437621398,
      1.8999999999999773
    ],
    "obj_class": "pedestrian",
    "point_num_in_lidar": 31,
    "speed": 1.6006013009863675,
    "if_vehicle": false,
    "motion_state": true,
    "pose": [
      [
        -0.7075775228174981,
        -0.7049181180942152,
        -0.04923917125585037,
        59.74205424617321
      ],
      [
        0.7053147402739449,
        -0.7087968073079862,
        0.011755981554218024,
        -9.853715945318982
      ],
      [
        -0.04318757177418758,
        -0.026410844979202607,
        0.9987178284739558,
        2.2146831625530012
      ],
      [
        0.0,
        0.0,
        0.0,
        1.0
      ]
    ],
    "location": [
      59.74205424617321,
      -9.853715945318982,
      2.2146831625530012
    ],
    "rotation": [
      -0.026438589781089476,
      0.043201008389240465,
      2.357796014008474
    ]
  },
  {
    "label_id": "5_zmLzwQKAevERrLBkFozQ",
    "size": [
      0.7835333369541703,
      0.9696308335805952,
      1.6348377581119848
    ],
    "obj_class": "pedestrian",
    "point_num_in_lidar": 126,
    "speed": 1.4825840378701967,
    "if_vehicle": false,
    "motion_state": true,
    "pose": [
      [
        -0.7857853648024558,
        0.6165361826172967,
        -0.04923917125585037,
        27.698922971987486
      ],
      [
        -0.6176981397611211,
        -0.7863274159237661,
        0.011755981554218024,
        38.505689454759704
      ],
      [
        -0.03147012230548367,
        0.039652622742310184,
        0.9987178284739558,
        1.4244882860081702
      ],
      [
        0.0,
        0.0,
        0.0,
        1.0
      ]
    ],
    "location": [
      27.698922971987486,
      38.505689454759704,
      1.4244882860081702
    ],
    "rotation": [
      0.03968268669969974,
      0.031475319125346235,
      -2.4753910595376802
    ]
  },
  {
    "label_id": "6HVXhYC72IvDIQuQMrZ1fw",
    "size": [
      0.9375535647081896,
      2.33290891473492,
      1.3500000000000227
    ],
    "obj_class": "vehicle",
    "point_num_in_lidar": 852,
    "speed": 3.5950934718225418e-12,
    "if_vehicle": true,
    "motion_state": false,
    "pose": [
      [
        0.764897638078836,
        0.6422671619158611,
        -0.04923917125585037,
        16.313929536267096
      ],
      [
        -0.6425587817749794,
        0.766146205930403,
        0.011755981554218024,
        21.280435684828262
      ],
      [
        0.04527488514918993,
        0.02264693937364906,
        0.9987178284739558,
        1.1110493022990795
      ],
      [
        0.0,
        0.0,
        0.0,
        1.0
      ]
    ],
    "location": [
      16.313929536267096,
      21.280435684828262,
      1.1110493022990795
    ],
    "rotation": [
      0.022672128430763463,
      -0.04529036695894485,
      -0.698694137288949
    ]
  },
  {
    "label_id": "6i_mPMYxgh2SXwhx4Y83Bg",
    "size": [
      0.718417850820164,
      0.8689585357133183,
      1.6299999999999955
    ],
    "obj_class": "pedestrian",
    "point_num_in_lidar": 255,
    "speed": 1.2178918335715665,
    "if_vehicle": false,
    "motion_state": true,
    "pose": [
      [
        0.7055353885157516,
        -0.7069620354488383,
        -0.04923917125585037,
        14.36902334500337
      ],
      [
        0.7081809733226193,
        0.7059330746760095,
        0.011755981554218024,
        24.08239671438787
      ],
      [
        0.026448526910872072,
        -0.04316450523880647,
        0.9987178284739558,
        1.4651193780674134
      ],
      [
        0.0,
        0.0,
        0.0,
        1.0
      ]
    ],
    "location": [
      14.36902334500337,
      24.08239671438787,
      1.4651193780674134
    ],
    "rotation": [
      -0.04319303966169602,
      -0.02645161144770106,
      0.7872695300944679
    ]
  },
  {
    "label_id": "75ds1F0rzK-LvwVANh4abg",
    "size": [
      0.940874781180789,
      0.989888118529052,
      1.8999999999999773
    ],
    "obj_class": "pedestrian",
    "point_num_in_lidar": 31,
    "speed": 1.4751393522097946,
    "if_vehicle": false,
    "motion_state": true,
    "pose": [
      [
        -0.729560418811038,
        0.682141553724958,
        -0.04923917125585037,
        61.35291801018684
      ],
      [
        -0.6833460104497141,
        -0.7300000184247641,
        0.011755981554218024,
        38.84959578545386
      ],
      [
        -0.02792535240103466,
        0.04222409006176572,
        0.9987178284739558,
        1.4991688305969433
      ],
      [
        0.0,
        0.0,
        0.0,
        1.0
      ]
    ],
    "location": [
      61.35291801018684,
      38.84959578545386,
      1.4991688305969433
    ],
    "rotation": [
      0.0422531348951706,
      0.027928983158039555,
      -2.3888915867262037
    ]
  },
  {
    "label_id": "B8fPu6MBHzAg6h1H20TSaA",
    "size": [
      0.8382083337745615,
      0.9355274055124028,
      1.6899999999999977
    ],
    "obj_class": "pedestrian",
    "point_num_in_lidar": 44,
    "speed": 1.361969344747623,
    "if_vehicle": false,
    "motion_state": true,
    "pose": [
      [
        0.6796731578508272,
        0.7318605758688753,
        -0.04923917125585037,
        38.310190916701686
      ],
      [
        -0.7323042417095942,
        0.6808761227064973,
        0.011755981554218024,
        43.13604086647683
      ],
      [
        0.04212951544013849,
        0.028067828862332913,
        0.9987178284739558,
        1.3420534366967445
      ],
      [
        0.0,
        0.0,
        0.0,
        1.0
      ]
    ],
    "location": [
      38.310190916701686,
      43.13604086647683,
      1.3420534366967445
    ],
    "rotation": [
      0.028096467275224624,
      -0.042141987989814,
      -0.8226556498576549
    ]
  },
  {
    "label_id": "DAcKn9aTrB4-lrjIfVddfQ",
    "size": [
      0.7896825755497271,
      0.696373814229446,
      1.6000000000000227
    ],
    "obj_class": "pedestrian",
    "point_num_in_lidar": 25,
    "speed": 3.5950934718225418e-12,
    "if_vehicle": false,
    "motion_state": false,
    "pose": [
      [
        -0.9912333314740807,
        0.12260500229938551,
        -0.04923917125585037,
        51.20447815067382
      ],
      [
        -0.12332057204937572,
        -0.9922972505288482,
        0.011755981554218024,
        49.52241715947457
      ],
      [
        -0.04741855211001298,
        0.017725123527244018,
        0.9987178284739558,
        1.653463153551968
      ],
      [
        0.0,
        0.0,
        0.0,
        1.0
      ]
    ],
    "location": [
      51.20447815067382,
      49.52241715947457,
      1.653463153551968
    ],
    "rotation": [
      0.017746016253161637,
      0.04743634036788168,
      -3.01781739901756
    ]
  },
  {
    "label_id": "FG2cqOpTxdur3yJJN5wWSg",
    "size": [
      1.7009916069707518,
      0.1445946427101845,
      1.7200000000000273
    ],
    "obj_class": "sign",
    "point_num_in_lidar": 1887,
    "speed": 0.012769268415630775,
    "if_vehicle": false,
    "motion_state": false,
    "pose": [
      [
        -0.6584957685260587,
        0.7509719214773029,
        -0.04923917125585037,
        14.474875480696937
      ],
      [
        -0.7522139598180567,
        -0.6588140523338402,
        0.011755981554218024,
        21.634031667803356
      ],
      [
        -0.023611045892003885,
        0.04477965609684561,
        0.9987178284739558,
        2.120745703071691
      ],
      [
        0.0,
        0.0,
        0.0,
        1.0
      ]
    ],
    "location": [
      14.474875480696937,
      21.634031667803356,
      2.120745703071691
    ],
    "rotation": [
      0.044807134787475694,
      0.023613240229367876,
      -2.2898586014847524
    ]
  },
  {
    "label_id": "IEf0L1hK0QJytY6Vmcwj0Q",
    "size": [
      0.767878859750099,
      1.1534359156285063,
      1.839999999999975
    ],
    "obj_class": "pedestrian",
    "point_num_in_lidar": 127,
    "speed": 1.54282583621331,
    "if_vehicle": false,
    "motion_state": true,
    "pose": [
      [
        -0.6887451846604336,
        0.7233295062563826,
        -0.04923917125585037,
        38.60069082160044
      ],
      [
        -0.7245574438222209,
        -0.6891141469303226,
        0.011755981554218024,
        14.21719740851404
      ],
      [
        -0.025427961162359722,
        0.04377348374748805,
        0.9987178284739558,
        1.6765456482629588
      ],
      [
        0.0,
        0.0,
        0.0,
        1.0
      ]
    ],
    "location": [
      38.60069082160044,
      14.21719740851404,
      1.6765456482629588
    ],
    "rotation": [
      0.043801647018175106,
      0.025430702166939493,
      -2.3308604983470205
    ]
  },
  {
    "label_id": "Irfp6gSCdLpobVkk39GvCg",
    "size": [
      0.7417760791699908,
      1.1326184300815785,
      1.8400000000000318
    ],
    "obj_class": "pedestrian",
    "point_num_in_lidar": 71,
    "speed": 1.3344913248184713,
    "if_vehicle": false,
    "motion_state": true,
    "pose": [
      [
        0.7363618249858963,
        -0.674793869798383,
        -0.04923917125585037,
        33.20774098798938
      ],
      [
        0.6759938592797888,
        0.7368134764740082,
        0.011755981554218024,
        45.094740671316686
      ],
      [
        0.028347220665472978,
        -0.041942033436745255,
        0.9987178284739558,
        1.4395004596702279
      ],
      [
        0.0,
        0.0,
        0.0,
        1.0
      ]
    ],
    "location": [
      33.20774098798938,
      45.094740671316686,
      1.4395004596702279
    ],
    "rotation": [
      -0.04197121671812912,
      -0.0283510185109654,
      0.742681414573756
    ]
  },
  {
    "label_id": "MQpQK2kzZfJnvO5GRR-ocg",
    "size": [
      0.6528417423379582,
      0.8721263315164834,
      1.6800000000000068
    ],
    "obj_class": "pedestrian",
    "point_num_in_lidar": 839,
    "speed": 1.2653836762014525,
    "if_vehicle": false,
    "motion_state": true,
    "pose": [
      [
        0.7255673246236417,
        -0.6863873261158949,
        -0.04923917125585037,
        15.033687918436044
      ],
      [
        0.6875943276384631,
        0.7259998880833982,
        0.011755981554218024,
        23.60709103539557
      ],
      [
        0.02767847607619915,
        -0.042386330937760425,
        0.9987178284739558,
        1.5005057695477149
      ],
      [
        0.0,
        0.0,
        0.0,
        1.0
      ]
    ],
    "location": [
      15.033687918436044,
      23.60709103539557,
      1.5005057695477149
    ],
    "rotation": [
      -0.042415293093319706,
      -0.0276820113661409,
      0.758533677342496
    ]
  },
  {
    "label_id": "NHlv6cGf7h-bBMSpm-Zh7A",
    "size": [
      0.9098943185394958,
      0.7449380051051133,
      1.8899999999999864
    ],
    "obj_class": "pedestrian",
    "point_num_in_lidar": 95,
    "speed": 2.3437142008433857e-12,
    "if_vehicle": false,
    "motion_state": false,
    "pose": [
      [
        -0.8021200877287888,
        0.5951292875300266,
        -0.04923917125585037,
        34.930510011869046
      ],
      [
        -0.5962762100351542,
        -0.8026932653534659,
        0.011755981554218024,
        12.640109978776309
      ],
      [
        -0.03252762223207915,
        0.03878985537731774,
        0.9987178284739558,
        1.7257562547358702
      ],
      [
        0.0,
        0.0,
        0.0,
        1.0
      ]
    ],
    "location": [
      34.930510011869046,
      12.640109978776309,
      1.7257562547358702
    ],
    "rotation": [
      0.038820142018470415,
      0.03253336091936763,
      -2.5023448929383276
    ]
  },
  {
    "label_id": "RKwAEbv66vXGep7SUMPPKw",
    "size": [
      0.920170120500726,
      0.9537800834514201,
      1.8000000000000114
    ],
    "obj_class": "pedestrian",
    "point_num_in_lidar": 22,
    "speed": 1.443974790843989,
    "if_vehicle": false,
    "motion_state": true,
    "pose": [
      [
        -0.7022286811813266,
        -0.7102467059693919,
        -0.04923917125585037,
        69.39638411068881
      ],
      [
        0.7106525336466769,
        -0.7034449326843258,
        0.011755981554218024,
        11.61164333801571
      ],
      [
        -0.042986692683823935,
        -0.026736554384822166,
        0.9987178284739558,
        1.7755340955378642
      ],
      [
        0.0,
        0.0,
        0.0,
        1.0
      ]
    ],
    "location": [
      69.39638411068881,
      11.61164333801571,
      1.7755340955378642
    ],
    "rotation": [
      -0.026764486608215066,
      0.0429999425723906,
      2.3502323805944685
    ]
  },
  {
    "label_id": "Rrloo1mL4Y4Wxo3m2aZgww",
    "size": [
      0.9053258598731456,
      0.9954942177719204,
      1.920000000000016
    ],
    "obj_class": "pedestrian",
    "point_num_in_lidar": 28,
    "speed": 1.3464264592521298,
    "if_vehicle": false,
    "motion_state": true,
    "pose": [
      [
        -0.7006701960135368,
        -0.7117842232252615,
        -0.04923917125585037,
        74.83599907982716
      ],
      [
        0.712192715843858,
        -0.7018855550562688,
        0.011755981554218024,
        5.909401813558361
      ],
      [
        -0.04292798524624279,
        -0.02683071320267944,
        0.9987178284739558,
        2.0375327391722067
      ],
      [
        0.0,
        0.0,
        0.0,
        1.0
      ]
    ],
    "location": [
      74.83599907982716,
      5.909401813558361,
      2.0375327391722067
    ],
    "rotation": [
      -0.026858698550941917,
      0.04294118089233274,
      2.3480392301986925
    ]
  },
  {
    "label_id": "SSNlDFCI-EZrjNybBfB66g",
    "size": [
      0.8845761990341526,
      0.9635875842650421,
      1.6000000000000227
    ],
    "obj_class": "pedestrian",
    "point_num_in_lidar": 696,
    "speed": 1.1368683772161603e-12,
    "if_vehicle": false,
    "motion_state": false,
    "pose": [
      [
        0.8447506621904356,
        0.5328900662827725,
        -0.04923917125585037,
        20.12342237670964
      ],
      [
        -0.5330101027014059,
        0.8460272024680611,
        0.011755981554218024,
        27.050882457682746
      ],
      [
        0.04792232409907914,
        0.016314102525388702,
        0.9987178284739558,
        1.5073323149498492
      ],
      [
        0.0,
        0.0,
        0.0,
        1.0
      ]
    ],
    "location": [
      20.12342237670964,
      27.050882457682746,
      1.5073323149498492
    ],
    "rotation": [
      0.016333594175945147,
      -0.04794068574329304,
      -0.5628789529965728
    ]
  },
  {
    "label_id": "SVtwv1xNRMziqE3GDAHqrA",
    "size": [
      0.7819850836696256,
      1.8584476636424367,
      1.9499999999999886
    ],
    "obj_class": "cyclist",
    "point_num_in_lidar": 576,
    "speed": 5.471980666905792,
    "if_vehicle": false,
    "motion_state": true,
    "pose": [
      [
        0.7224431650215928,
        -0.6896748344891385,
        -0.04923917125585037,
        25.80976751865819
      ],
      [
        0.6908837877100711,
        0.7228702433888686,
        0.011755981554218024,
        9.35343320031825
      ],
      [
        0.02748572707732006,
        -0.042511573662911493,
        0.9987178284739558,
        1.4338995061772835
      ],
      [
        0.0,
        0.0,
        0.0,
        1.0
      ]
    ],
    "location": [
      25.80976751865819,
      9.35343320031825,
      1.4338995061772835
    ],
    "rotation": [
      -0.042540470468789095,
      -0.027489189006049297,
      0.7630720247656806
    ]
  },
  {
    "label_id": "TLHLhHvraU9-FXWR_8xBag",
    "size": [
      0.679192793073205,
      0.8114629329278926,
      1.8199999999999932
    ],
    "obj_class": "pedestrian",
    "point_num_in_lidar": 43,
    "speed": 1.470169494934186,
    "if_vehicle": false,
    "motion_state": true,
    "pose": [
      [
        -0.7248303953291938,
        -0.6871654837235072,
        -0.04923917125585037,
        48.78224646372837
      ],
      [
        0.6875317661683237,
        -0.726059134924396,
        0.011755981554218024,
        -0.6126283448393224
      ],
      [
        -0.04382885483776575,
        -0.025332401620772802,
        0.9987178284739558,
        1.9770665735514967
      ],
      [
        0.0,
        0.0,
        0.0,
        1.0
      ]
    ],
    "location": [
      48.78224646372837,
      -0.6126283448393224,
      1.9770665735514967
    ],
    "rotation": [
      -0.025359486146621726,
      0.04384289929005943,
      2.382597039682409
    ]
  },
  {
    "label_id": "TZ_-vRD-wRuJSsIj5_YNaw",
    "size": [
      2.255152981846479,
      4.679410122029367,
      1.509999999999991
    ],
    "obj_class": "vehicle",
    "point_num_in_lidar": 103,
    "speed": 7.911055040915053,
    "if_vehicle": true,
    "motion_state": true,
    "pose": [
      [
        -0.6936062673293489,
        -0.7186694997949229,
        -0.04923917125585037,
        65.43305319055071
      ],
      [
        0.7190899756756775,
        -0.6948175327238443,
        0.011755981554218024,
        5.720967911474872
      ],
      [
        -0.042660904868524994,
        -0.027253371976046117,
        0.9987178284739558,
        1.723359971360253
      ],
      [
        0.0,
        0.0,
        0.0,
        1.0
      ]
    ],
    "location": [
      65.43305319055071,
      5.720967911474872,
      1.723359971360253
    ],
    "rotation": [
      -0.02728158989161534,
      0.04267385561662626,
      2.3381573892835426
    ]
  },
  {
    "label_id": "TgaQtjAqhVtWxHvxeKTNCA",
    "size": [
      2.135645358207692,
      4.852355393954673,
      1.4499999999999886
    ],
    "obj_class": "vehicle",
    "point_num_in_lidar": 35,
    "speed": 8.734982427975105,
    "if_vehicle": true,
    "motion_state": true,
    "pose": [
      [
        0.7169752940727406,
        -0.6953574129203945,
        -0.04923917125585037,
        70.82161103137696
      ],
      [
        0.6965697004704478,
        0.7173928137946516,
        0.011755981554218024,
        61.14333960211661
      ],
      [
        0.0271492186962703,
        -0.04272726310504995,
        0.9987178284739558,
        1.1948808225859011
      ],
      [
        0.0,
        0.0,
        0.0,
        1.0
      ]
    ],
    "location": [
      70.82161103137696,
      61.14333960211661,
      1.1948808225859011
    ],
    "rotation": [
      -0.042756044238549,
      -0.0271525549943548,
      0.7709634079350107
    ]
  },
  {
    "label_id": "Uym2TQ00DalEua9edk4J5g",
    "size": [
      0.7342892225205486,
      0.6340272989327786,
      1.6299999999999955
    ],
    "obj_class": "pedestrian",
    "point_num_in_lidar": 37,
    "speed": 3.457650183405701e-12,
    "if_vehicle": false,
    "motion_state": false,
    "pose": [
      [
        0.5460543884446102,
        -0.836301446175014,
        -0.04923917125585037,
        34.569404624238814
      ],
      [
        0.8375759500000746,
        0.546194402094318,
        0.011755981554218024,
        12.293120441645442
      ],
      [
        0.0170626153287096,
        -0.04766095095998987,
        0.9987178284739558,
        1.557231415878789
      ],
      [
        0.0,
        0.0,
        0.0,
        1.0
      ]
    ],
    "location": [
      34.569404624238814,
      12.293120441645442,
      1.557231415878789
    ],
    "rotation": [
      -0.04768596084320637,
      -0.017063443351808337,
      0.99305422613641
    ]
  },
  {
    "label_id": "VKOuaj8LJhay5wlxyZ-_zg",
    "size": [
      0.7878072383564276,
      1.0479388304352202,
      1.6999999999999886
    ],
    "obj_class": "pedestrian",
    "point_num_in_lidar": 64,
    "speed": 1.4996608293172926,
    "if_vehicle": false,
    "motion_state": true,
    "pose": [
      [
        0.6272738980625926,
        -0.7772406067772045,
        -0.04923917125585037,
        29.102982710526703
      ],
      [
        0.7784946085557732,
        0.6275411869728474,
        0.011755981554218024,
        42.18274005084095
      ],
      [
        0.021762381738993614,
        -0.04570664972750018,
        0.9987178284739558,
        1.2675703173589454
      ],
      [
        0.0,
        0.0,
        0.0,
        1.0
      ]
    ],
    "location": [
      29.102982710526703,
      42.18274005084095,
      1.2675703173589454
    ],
    "rotation": [
      -0.04573341752357143,
      -0.02176409988708974,
      0.8925576536158971
    ]
  },
  {
    "label_id": "VqYlW6Sp3oyWGU1DfRWBBA",
    "size": [
      0.7161699876269396,
      0.900175979290559,
      1.8199999999999932
    ],
    "obj_class": "pedestrian",
    "point_num_in_lidar": 42,
    "speed": 1.5909945983347042,
    "if_vehicle": false,
    "motion_state": true,
    "pose": [
      [
        0.5616897404106088,
        -0.8258814318844443,
        -0.04923917125585037,
        30.473181102468516
      ],
      [
        0.8271530763381373,
        0.5618537044480997,
        0.011755981554218024,
        39.043936330563156
      ],
      [
        0.017956163894849227,
        -0.047331546208077634,
        0.9987178284739558,
        1.5622314158779318
      ],
      [
        0.0,
        0.0,
        0.0,
        1.0
      ]
    ],
    "location": [
      30.473181102468516,
      39.043936330563156,
      1.5622314158779318
    ],
    "rotation": [
      -0.04735687748306513,
      -0.017957128950707796,
      0.9742601037767863
    ]
  },
  {
    "label_id": "WLxPidkONZfEWD55dLlKWA",
    "size": [
      2.340132795074247,
      5.65358485138672,
      2.240000000000009
    ],
    "obj_class": "vehicle",
    "point_num_in_lidar": 329,
    "speed": 9.369550419907831,
    "if_vehicle": true,
    "motion_state": true,
    "pose": [
      [
        0.7154584971280903,
        -0.6969179599502737,
        -0.04923917125585037,
        48.34643468768991
      ],
      [
        0.6981311543448354,
        0.7158733744391144,
        0.011755981554218024,
        39.4411951335278
      ],
      [
        0.027056056999532375,
        -0.042786316362876234,
        0.9987178284739558,
        1.8492699189903874
      ],
      [
        0.0,
        0.0,
        0.0,
        1.0
      ]
    ],
    "location": [
      48.34643468768991,
      39.4411951335278,
      1.8492699189903874
    ],
    "rotation": [
      -0.04281506513410668,
      -0.027059359062620466,
      0.7731410879251787
    ]
  },
  {
    "label_id": "WO_EU5HuGT6OvKJc51rSGg",
    "size": [
      2.3918637837894705,
      0.18455530819637792,
      1.240000000000009
    ],
    "obj_class": "sign",
    "point_num_in_lidar": 288,
    "speed": 0.004862076621585351,
    "if_vehicle": false,
    "motion_state": false,
    "pose": [
      [
        -0.7543956133642505,
        -0.6545706704022212,
        -0.04923917125585037,
        45.28550218338569
      ],
      [
        0.6548824729401505,
        -0.7556392945933197,
        0.011755981554218024,
        9.68327403919102
      ],
      [
        -0.044902173361311075,
        -0.023377209322261745,
        0.9987178284739558,
        3.4544159929964735
      ],
      [
        0.0,
        0.0,
        0.0,
        1.0
      ]
    ],
    "location": [
      45.28550218338569,
      9.68327403919102,
      3.4544159929964735
    ],
    "rotation": [
      -0.023402947876454267,
      0.04491727573329219,
      2.42669032620015
    ]
  },
  {
    "label_id": "WlcEoxNhcOjAwPMafiVjug",
    "size": [
      0.8492928062893421,
      1.0100650728563778,
      1.6200000000000045
    ],
    "obj_class": "pedestrian",
    "point_num_in_lidar": 56,
    "speed": 1.6002236944189356,
    "if_vehicle": false,
    "motion_state": true,
    "pose": [
      [
        0.6908860405471154,
        0.7212849526998095,
        -0.04923917125585037,
        23.576673548112012
      ],
      [
        -0.7217100019808819,
        0.6920957086548452,
        0.011755981554218024,
        55.38378892972105
      ],
      [
        0.04255763172316902,
        0.02741435883585814,
        0.9987178284739558,
        0.6322314158792324
      ],
      [
        0.0,
        0.0,
        0.0,
        1.0
      ]
    ],
    "location": [
      23.576673548112012,
      55.38378892972105,
      0.6322314158792324
    ],
    "rotation": [
      0.02744266277561934,
      -0.04257048859461007,
      -0.8072154909694051
    ]
  },
  {
    "label_id": "YeDTe3z8sAGMJ4YCFJfJEg",
    "size": [
      2.0031383562837877,
      4.590736175159691,
      1.420000000000016
    ],
    "obj_class": "vehicle",
    "point_num_in_lidar": 119,
    "speed": 6.797721534868088,
    "if_vehicle": true,
    "motion_state": true,
    "pose": [
      [
        0.7108226218206726,
        -0.7016457113971568,
        -0.04923917125585037,
        53.58780861313062
      ],
      [
        0.702861629522889,
        0.7112294472546298,
        0.011755981554218024,
        40.37350169305864
      ],
      [
        0.026771814514793355,
        -0.0429647417756883,
        0.9987178284739558,
        1.3786158094505936
      ],
      [
        0.0,
        0.0,
        0.0,
        1.0
      ]
    ],
    "location": [
      53.58780861313062,
      40.37350169305864,
      1.3786158094505936
    ],
    "rotation": [
      -0.042993390951564556,
      -0.026775013574025387,
      0.7797668435764396
    ]
  },
  {
    "label_id": "ZTG-Mn-TYgvvLsEhN2HgLw",
    "size": [
      0.7683792337003682,
      0.9110074121337941,
      1.8600000000000136
    ],
    "obj_class": "pedestrian",
    "point_num_in_lidar": 20,
    "speed": 1.5808934559173775,
    "if_vehicle": false,
    "motion_state": true,
    "pose": [
      [
        -0.6683007279304066,
        0.74225982045489,
        -0.04923917125585037,
        70.90634874321404
      ],
      [
        -0.7434975720039468,
        -0.6686352947025253,
        0.011755981554218024,
        48.330619278829545
      ],
      [
        -0.02419705502585875,
        0.044465735306431615,
        0.9987178284739558,
        1.398032208336076
      ],
      [
        0.0,
        0.0,
        0.0,
        1.0
      ]
    ],
    "location": [
      70.90634874321404,
      48.330619278829545,
      1.398032208336076
    ],
    "rotation": [
      0.044493437217326536,
      0.024199416867286112,
      -2.302981609419845
    ]
  },
  {
    "label_id": "_fjQGebTZaJgCuKbZhx4IQ",
    "size": [
      1.2552645584974516,
      0.17686029307354367,
      0.39999999999997726
    ],
    "obj_class": "sign",
    "point_num_in_lidar": 147,
    "speed": 0.010977714157658934,
    "if_vehicle": false,
    "motion_state": false,
    "pose": [
      [
        -0.6743718204288549,
        -0.7367483639788481,
        -0.04923917125585037,
        38.62951863638227
      ],
      [
        0.7372007029921069,
        -0.6755715509149569,
        0.011755981554218024,
        13.158897317785886
      ],
      [
        -0.04192578346811764,
        -0.02837124898291559,
        0.9987178284739558,
        3.796969616380977
      ],
      [
        0.0,
        0.0,
        0.0,
        1.0
      ]
    ],
    "location": [
      38.62951863638227,
      13.158897317785886,
      3.796969616380977
    ],
    "rotation": [
      -0.028400034564966283,
      0.041938075850461526,
      2.311713997614637
    ]
  },
  {
    "label_id": "aRZRIcfIs4nYiFJ9pO4wMg",
    "size": [
      0.2772271386231621,
      0.05713983977172629,
      0.41255162241890275
    ],
    "obj_class": "sign",
    "point_num_in_lidar": 75,
    "speed": 0.03852488527015086,
    "if_vehicle": false,
    "motion_state": false,
    "pose": [
      [
        0.7230995790066157,
        0.6889865766867248,
        -0.04923917125585037,
        16.47406936270636
      ],
      [
        -0.6893559487927655,
        0.7243273933531182,
        0.011755981554218024,
        23.738428499324073
      ],
      [
        0.04376499405325084,
        0.02544257030618161,
        0.9987178284739558,
        1.2943655943266776
      ],
      [
        0.0,
        0.0,
        0.0,
        1.0
      ]
    ],
    "location": [
      16.47406936270636,
      23.738428499324073,
      1.2943655943266776
    ],
    "rotation": [
      0.025469725034206858,
      -0.04377897716934011,
      -0.761512658900341
    ]
  },
  {
    "label_id": "dVT_TNeOHH9G7d0TcHcBZA",
    "size": [
      2.3751147110729356,
      5.193980647294666,
      1.8100000000000023
    ],
    "obj_class": "vehicle",
    "point_num_in_lidar": 4792,
    "speed": 6.233361564248301,
    "if_vehicle": true,
    "motion_state": true,
    "pose": [
      [
        0.7234472736405188,
        -0.6886214825839645,
        -0.04923917125585037,
        27.76715777363279
      ],
      [
        0.6898298122565433,
        0.7238761130330239,
        0.011755981554218024,
        15.206720425303502
      ],
      [
        0.027547638450557008,
        -0.042471481067458294,
        0.9987178284739558,
        1.576499887889554
      ],
      [
        0.0,
        0.0,
        0.0,
        1.0
      ]
    ],
    "location": [
      27.76715777363279,
      15.206720425303502,
      1.576499887889554
    ],
    "rotation": [
      -0.04250039893799699,
      -0.027551123831264887,
      0.7616157618861338
    ]
  },
  {
    "label_id": "e2bzkmFKpqpZIkDvbwTXQg",
    "size": [
      0.8007632412621813,
      0.6883712502822164,
      1.6899999999999977
    ],
    "obj_class": "pedestrian",
    "point_num_in_lidar": 23,
    "speed": 3.410605131648481e-12,
    "if_vehicle": false,
    "motion_state": false,
    "pose": [
      [
        -0.9502801276887237,
        0.30747875200400443,
        -0.04923917125585037,
        59.80286625170629
      ],
      [
        -0.308382257251,
        -0.9511898760554987,
        0.011755981554218024,
        58.67227962126344
      ],
      [
        -0.04322108666705473,
        0.026355962429496275,
        0.9987178284739558,
        1.7084631535522021
      ],
      [
        0.0,
        0.0,
        0.0,
        1.0
      ]
    ],
    "location": [
      59.80286625170629,
      58.67227962126344,
      1.7084631535522021
    ],
    "rotation": [
      0.026383675095658515,
      0.04323455460565293,
      -2.827797482077058
    ]
  },
  {
    "label_id": "e5WABDJjos2c3aWy1M4gNA",
    "size": [
      1.0000608357882803,
      0.10503519766416149,
      0.7300000000000182
    ],
    "obj_class": "sign",
    "point_num_in_lidar": 29,
    "speed": 0.012574722142105687,
    "if_vehicle": false,
    "motion_state": false,
    "pose": [
      [
        -0.7164710174446638,
        0.69587698997441,
        -0.04923917125585037,
        61.001709226078674
      ],
      [
        -0.6970895798801598,
        -0.7168876582284,
        0.011755981554218024,
        39.17823363816569
      ],
      [
        -0.02711823711656979,
        0.04274693326959926,
        0.9987178284739558,
        4.2331200979431856
      ],
      [
        0.0,
        0.0,
        0.0,
        1.0
      ]
    ],
    "location": [
      61.001709226078674,
      39.17823363816569,
      4.2331200979431856
    ],
    "rotation": [
      0.042775703656613435,
      0.027121562003425036,
      -2.369904707645552
    ]
  },
  {
    "label_id": "gc09sAwf8t09cYUVFDQNyA",
    "size": [
      0.6951125957562435,
      0.93151889067932,
      1.6899999999999977
    ],
    "obj_class": "pedestrian",
    "point_num_in_lidar": 45,
    "speed": 1.5414747497860946,
    "if_vehicle": false,
    "motion_state": true,
    "pose": [
      [
        -0.9483864331381869,
        0.3132709329852747,
        -0.04923917125585037,
        50.76087248292606
      ],
      [
        -0.3141799720247797,
        -0.9492906520535245,
        0.011755981554218024,
        24.935994983265118
      ],
      [
        -0.0430594776783938,
        0.02661917486192955,
        0.9987178284739558,
        1.4894093626912763
      ],
      [
        0.0,
        0.0,
        0.0,
        1.0
      ]
    ],
    "location": [
      50.76087248292606,
      24.935994983265118,
      1.4894093626912763
    ],
    "rotation": [
      0.026647040193926837,
      0.04307279502263355,
      -2.8216926476425823
    ]
  },
  {
    "label_id": "gjGLaHajamdONAcPH7CDLA",
    "size": [
      2.135645358214261,
      4.852355393954673,
      1.4499999999999886
    ],
    "obj_class": "vehicle",
    "point_num_in_lidar": 36,
    "speed": 10.62097621730208,
    "if_vehicle": true,
    "motion_state": true,
    "pose": [
      [
        0.7305089680384202,
        -0.6811256503975454,
        -0.04923917125585037,
        77.10286546105635
      ],
      [
        0.682329494217359,
        0.7309502433263018,
        0.011755981554218024,
        63.309814327607455
      ],
      [
        0.027984083628470977,
        -0.04218518877213681,
        0.9987178284739558,
        1.0252269610778058
      ],
      [
        0.0,
        0.0,
        0.0,
        1.0
      ]
    ],
    "location": [
      77.10286546105635,
      63.309814327607455,
      1.0252269610778058
    ],
    "rotation": [
      -0.04221425309881226,
      -0.027987737347179364,
      0.751310182146351
    ]
  },
  {
    "label_id": "gyJWlueQUXBltp9kUI34Lg",
    "size": [
      0.7877645163217142,
      0.10219560442502051,
      0.7900000000000205
    ],
    "obj_class": "sign",
    "point_num_in_lidar": 40,
    "speed": 0.0070911528161311166,
    "if_vehicle": false,
    "motion_state": false,
    "pose": [
      [
        -0.610253312377429,
        0.7906746478460108,
        -0.04923917125585037,
        38.618581088961946
      ],
      [
        -0.7919341565623003,
        -0.6104933157436329,
        0.011755981554218024,
        37.52148276028311
      ],
      [
        -0.02076502834898714,
        0.04616830824203803,
        0.9987178284739558,
        1.5800240137214132
      ],
      [
        0.0,
        0.0,
        0.0,
        1.0
      ]
    ],
    "location": [
      38.618581088961946,
      37.52148276028311,
      1.5800240137214132
    ],
    "rotation": [
      0.046194692807254085,
      0.020766520904923064,
      -2.2273427742705465
    ]
  },
  {
    "label_id": "hG1wn_64_6lUm7ax7y64WA",
    "size": [
      0.9053258598731456,
      0.9954942177719204,
      1.920000000000016
    ],
    "obj_class": "pedestrian",
    "point_num_in_lidar": 23,
    "speed": 1.3464264592493136,
    "if_vehicle": false,
    "motion_state": true,
    "pose": [
      [
        -0.7006701960135368,
        -0.7117842232252615,
        -0.04923917125585037,
        74.30158374445091
      ],
      [
        0.712192715843858,
        -0.7018855550562688,
        0.011755981554218024,
        5.386372756955097
      ],
      [
        -0.04292798524624279,
        -0.02683071320267944,
        0.9987178284739558,
        1.9755340955377392
      ],
      [
        0.0,
        0.0,
        0.0,
        1.0
      ]
    ],
    "location": [
      74.30158374445091,
      5.386372756955097,
      1.9755340955377392
    ],
    "rotation": [
      -0.026858698550941917,
      0.04294118089233274,
      2.3480392301986925
    ]
  },
  {
    "label_id": "iT_7bnrQtUM8oZxZHp315Q",
    "size": [
      0.8043294931767725,
      0.6937030821572989,
      1.6800000000000068
    ],
    "obj_class": "pedestrian",
    "point_num_in_lidar": 787,
    "speed": 0.007316921532271492,
    "if_vehicle": false,
    "motion_state": false,
    "pose": [
      [
        0.6629813088994552,
        -0.7470149182339012,
        -0.04923917125585037,
        16.21584592549334
      ],
      [
        0.7482550281942382,
        0.6633070252000477,
        0.011755981554218024,
        21.666073311324
      ],
      [
        0.02387879460955038,
        -0.04463745351452055,
        0.9987178284739558,
        1.273630512999091
      ],
      [
        0.0,
        0.0,
        0.0,
        1.0
      ]
    ],
    "location": [
      16.21584592549334,
      21.666073311324,
      1.273630512999091
    ],
