[
  {
    "label_id": "-nBiv0OOg0fPLgefHhGq8g",
    "size": [
      1.574795854754783,
      0.1656706936286259,
      1.6499999999999773
    ],
    "obj_class": "sign",
    "point_num_in_lidar": 343,
    "speed": 0.0010442370590843363,
    "if_vehicle": false,
    "motion_state": false,
    "pose": [
      [
        -0.7436938395078436,
        -0.6667173883398702,
        -0.04906523375409913,
        15.250616277277004
      ],
      [
        0.6667392391375729,
        -0.7450660155373788,
        0.01831446110331262,
        37.13081281943596
      ],
      [
        -0.04876740789022948,
        -0.01909336472487559,
        0.9986276500033188,
        1.4624232038878517
      ],
      [
        0.0,
        0.0,
        0.0,
        1.0
      ]
    ],
    "location": [
      15.250616277277004,
      37.13081281943596,
      1.4624232038878517
    ],
    "rotation": [
      -0.019117274240996785,
      0.048786758870309234,
      2.41070141830932
    ]
  },
  {
    "label_id": "0TTpzF8WjDXQbo0lfz9cHQ",
    "size": [
      2.1575446701896492,
      5.032259334955597,
      2.0300000000000296
    ],
    "obj_class": "vehicle",
    "point_num_in_lidar": 1727,
    "speed": 0.6685913767497776,
    "if_vehicle": true,
    "motion_state": false,
    "pose": [
      [
        0.42972361134025766,
        -0.9016264307867992,
        -0.04906523375409913,
        27.172374074478284
      ],
      [
        0.9029489916604024,
        0.42935730921221993,
        0.01831446110331262,
        31.537505859254452
      ],
      [
        0.0045537145441651656,
        -0.05217355970891193,
        0.9986276500033188,
        1.7745249136284542
      ],
      [
        0.0,
        0.0,
        0.0,
        1.0
      ]
    ],
    "location": [
      27.172374074478284,
      31.537505859254452,
      1.7745249136284542
    ],
    "rotation": [
      -0.05219780054370464,
      -0.0045537302821894304,
      1.1266047294663573
    ]
  },
  {
    "label_id": "0jw4kmyd3WAM6MTC97B0nA",
    "size": [
      1.9708569114623633,
      4.39763427653422,
      1.5199999999999818
    ],
    "obj_class": "vehicle",
    "point_num_in_lidar": 490,
    "speed": 5.630204678339561,
    "if_vehicle": true,
    "motion_state": true,
    "pose": [
      [
        0.7216954089245246,
        -0.6904696514503145,
        -0.04906523375409913,
        40.29900014598752
      ],
      [
        0.6918361276445913,
        0.7218222447391269,
        0.01831446110331262,
        27.378884554585966
      ],
      [
        0.022770797592529205,
        -0.04716256381760014,
        0.9986276500033188,
        1.644888523000759
      ],
      [
        0.0,
        0.0,
        0.0,
        1.0
      ]
    ],
    "location": [
      40.29900014598752,
      27.378884554585966,
      1.644888523000759
    ],
    "rotation": [
      -0.04719231084715217,
      -0.02277276586324653,
      0.764277416926344
    ]
  },
  {
    "label_id": "2CpjYc56hQBrnDK--b90vw",
    "size": [
      2.092649959326711,
      4.9752400927945954,
      1.6000000000000227
    ],
    "obj_class": "vehicle",
    "point_num_in_lidar": 25,
    "speed": 0.0053468181080821315,
    "if_vehicle": true,
    "motion_state": false,
    "pose": [
      [
        0.7005581133564622,
        0.7119065476922444,
        -0.04906523375409913,
        15.092795629003376
      ],
      [
        -0.7120141397210147,
        0.7019262392529849,
        0.01831446110331262,
        45.28601940396766
      ],
      [
        0.0474783597839866,
        0.02210479588395838,
        0.9986276500033188,
        0.5828398724851809
      ],
      [
        0.0,
        0.0,
        0.0,
        1.0
      ]
    ],
    "location": [
      15.092795629003376,
      45.28601940396766,
      0.5828398724851809
    ],
    "rotation": [
      0.02213155899117403,
      -0.047496215479938,
      -0.7935080318904296
    ]
  },
  {
    "label_id": "3vxR4BMySQkzU5WY1a3UZA",
    "size": [
      0.9684339589657479,
      1.113997459645816,
      1.670000000000016
    ],
    "obj_class": "pedestrian",
    "point_num_in_lidar": 61,
    "speed": 0.0014411230697372527,
    "if_vehicle": false,
    "motion_state": false,
    "pose": [
      [
        -0.7295052116126294,
        -0.6822131258387428,
        -0.04906523375409913,
        40.38225976105241
      ],
      [
        0.6822638348769491,
        -0.7308766244267868,
        0.01831446110331262,
        1.339489863392373
      ],
      [
        -0.04835499818025019,
        -0.02011493971746225,
        0.9986276500033188,
        1.700047289721283
      ],
      [
        0.0,
        0.0,
        0.0,
        1.0
      ]
    ],
    "location": [
      40.38225976105241,
      1.339489863392373,
      1.700047289721283
    ],
    "rotation": [
      -0.020139858946103668,
      0.04837386202532626,
      2.3896445477494517
    ]
  },
  {
    "label_id": "4QCXsQdpWMmYjaAu_fg9pA",
    "size": [
      0.8301800487631509,
      0.9939998437621398,
      1.8999999999999773
    ],
    "obj_class": "pedestrian",
    "point_num_in_lidar": 27,
    "speed": 1.6099273885254968,
    "if_vehicle": false,
    "motion_state": true,
    "pose": [
      [
        -0.7087927509474294,
        -0.7037083479972587,
        -0.04906523375409913,
        60.18216620669773
      ],
      [
        0.7038000164957633,
        -0.7101620359432476,
        0.01831446110331262,
        -10.315149945432495
      ],
      [
        -0.047732305464314576,
        -0.0215509550579668,
        0.9986276500033188,
        2.222582554346104
      ],
      [
        0.0,
        0.0,
        0.0,
        1.0
      ]
    ],
    "location": [
      60.18216620669773,
      -10.315149945432495,
      2.222582554346104
    ],
    "rotation": [
      -0.02157722191512732,
      0.04775044940542301,
      2.3597289226038782
    ]
  },
  {
    "label_id": "5_zmLzwQKAevERrLBkFozQ",
    "size": [
      0.7835333369624232,
      0.9696308335805952,
      1.6348377581119848
    ],
    "obj_class": "pedestrian",
    "point_num_in_lidar": 123,
    "speed": 1.5219329753626942,
    "if_vehicle": false,
    "motion_state": true,
    "pose": [
      [
        -0.7875873368556685,
        0.6142465218959332,
        -0.04906523375409913,
        28.158404423564207
      ],
      [
        -0.6155932667596595,
        -0.7878511981552517,
        0.01831446110331262,
        38.86865789326839
      ],
      [
        -0.02740650916782637,
        0.04462846517731692,
        0.9986276500033188,
        1.4211546121522929
      ],
      [
        0.0,
        0.0,
        0.0,
        1.0
      ]
    ],
    "location": [
      28.158404423564207,
      38.86865789326839,
      1.4211546121522929
    ],
    "rotation": [
      0.044660079662283664,
      0.02740994124266155,
      -2.478160527773369
    ]
  },
  {
    "label_id": "6HVXhYC72IvDIQuQMrZ1fw",
    "size": [
      0.9375535647081894,
      2.33290891473492,
      1.3500000000000227
    ],
    "obj_class": "vehicle",
    "point_num_in_lidar": 753,
    "speed": 3.5950934718225418e-12,
    "if_vehicle": true,
    "motion_state": false,
    "pose": [
      [
        0.7649041933686056,
        0.64227266624369,
        -0.04906523375409913,
        16.313929536270734
      ],
      [
        -0.6422500488541655,
        0.7662763569765919,
        0.01831446110331262,
        21.280435684828262
      ],
      [
        0.04936040633893695,
        0.01750334067840117,
        0.9986276500033188,
        1.1110493022991932
      ],
      [
        0.0,
        0.0,
        0.0,
        1.0
      ]
    ],
    "location": [
      16.313929536270734,
      21.280435684828262,
      1.1110493022991932
    ],
    "rotation": [
      0.017525599867804133,
      -0.049380472371828375,
      -0.6984532356669261
    ]
  },
  {
    "label_id": "6i_mPMYxgh2SXwhx4Y83Bg",
    "size": [
      0.7184178508162117,
      0.8689585357133183,
      1.6299999999999955
    ],
    "obj_class": "pedestrian",
    "point_num_in_lidar": 272,
    "speed": 1.214517086504642,
    "if_vehicle": false,
    "motion_state": true,
    "pose": [
      [
        0.673347452244086,
        -0.7376962866878578,
        -0.04906523375409913,
        14.053539450713288
      ],
      [
        0.7390682121615559,
        0.6733815844577401,
        0.01831446110331262,
        23.719690592130064
      ],
      [
        0.019529114898521736,
        -0.04859455031306984,
        0.9986276500033188,
        1.4620238548624798
      ],
      [
        0.0,
        0.0,
        0.0,
        1.0
      ]
    ],
    "location": [
      14.053539450713288,
      23.719690592130064,
      1.4620238548624798
    ],
    "rotation": [
      -0.04862297637192346,
      -0.019530356467855496,
      0.8318953753633808
    ]
  },
  {
    "label_id": "75ds1F0rzK-LvwVANh4abg",
    "size": [
      0.9408747811835477,
      0.989888118529052,
      1.8999999999999773
    ],
    "obj_class": "pedestrian",
    "point_num_in_lidar": 31,
    "speed": 1.4765127246723135,
    "if_vehicle": false,
    "motion_state": true,
    "pose": [
      [
        -0.7267066325445267,
        0.6851934566620217,
        -0.04906523375409913,
        61.78745078879365
      ],
      [
        -0.6865589725361176,
        -0.7268434203765247,
        0.01831446110331262,
        39.248416519323655
      ],
      [
        -0.023113793413122207,
        0.046995416828714776,
        0.9986276500033188,
        1.4828056273185553
      ],
      [
        0.0,
        0.0,
        0.0,
        1.0
      ]
    ],
    "location": [
      61.78745078879365,
      39.248416519323655,
      1.4828056273185553
    ],
    "rotation": [
      0.04702530533357128,
      0.023115851988915113,
      -2.3845945767618137
    ]
  },
  {
    "label_id": "DAcKn9aTrB4-lrjIfVddfQ",
    "size": [
      0.7896825755497336,
      0.696373814229446,
      1.6000000000000227
    ],
    "obj_class": "pedestrian",
    "point_num_in_lidar": 28,
    "speed": 3.5950934718225418e-12,
    "if_vehicle": false,
    "motion_state": false,
    "pose": [
      [
        -0.9912418264953672,
        0.12260605304300401,
        -0.04906523375409913,
        51.20447815067746
      ],
      [
        -0.12362614504879169,
        -0.9921598443672625,
        0.01831446110331262,
        49.52241715947457
      ],
      [
        -0.046435090895823566,
        0.0242198055802631,
        0.9986276500033188,
        1.6534631535520248
      ],
      [
        0.0,
        0.0,
        0.0,
        1.0
      ]
    ],
    "location": [
      51.20447815067746,
      49.52241715947457,
      1.6534631535520248
    ],
    "rotation": [
      0.024248335662726613,
      0.04645179446890319,
      -3.0175148862367167
    ]
  },
  {
    "label_id": "FG2cqOpTxdur3yJJN5wWSg",
    "size": [
      1.700991606970751,
      0.1445946427101845,
      1.7200000000000273
    ],
    "obj_class": "sign",
    "point_num_in_lidar": 1494,
    "speed": 0.013335677924860585,
    "if_vehicle": false,
    "motion_state": false,
    "pose": [
      [
        -0.6585014119355296,
        0.7509783574215503,
        -0.04906523375409913,
        14.470169391592208
      ],
      [
        -0.7523506907457493,
        -0.6585081765998727,
        0.01831446110331262,
        21.631522897878313
      ],
      [
        -0.018556093697431757,
        0.04897436100186784,
        0.9986276500033188,
        2.119412225737449
      ],
      [
        0.0,
        0.0,
        0.0,
        1.0
      ]
    ],
    "location": [
      14.470169391592208,
      21.631522897878313,
      2.119412225737449
    ],
    "rotation": [
      0.04900240351466329,
      0.018557158761471296,
      -2.2897727710968767
    ]
  },
  {
    "label_id": "IEf0L1hK0QJytY6Vmcwj0Q",
    "size": [
      0.7678788597557489,
      1.1534359156285063,
      1.839999999999975
    ],
    "obj_class": "pedestrian",
    "point_num_in_lidar": 118,
    "speed": 1.588177646370516,
    "if_vehicle": false,
    "motion_state": true,
    "pose": [
      [
        -0.6837503470529964,
        0.7280646027253094,
        -0.04906523375409913,
        38.98985596596685
      ],
      [
        -0.729435905528559,
        -0.6838039486872144,
        0.01831446110331262,
        14.643144728528569
      ],
      [
        -0.020216889737002742,
        0.04831246234887033,
        0.9986276500033188,
        1.6438885099758522
      ],
      [
        0.0,
        0.0,
        0.0,
        1.0
      ]
    ],
    "location": [
      38.98985596596685,
      14.643144728528569,
      1.6438885099758522
    ],
    "rotation": [
      0.048341164196223224,
      0.020218267173755862,
      -2.3238776933128444
    ]
  },
  {
    "label_id": "Irfp6gSCdLpobVkk39GvCg",
    "size": [
      0.741776079166663,
      1.1326184300815785,
      1.8400000000000318
    ],
    "obj_class": "pedestrian",
    "point_num_in_lidar": 89,
    "speed": 1.3948147731885743,
    "if_vehicle": false,
    "motion_state": true,
    "pose": [
      [
        0.648677756522005,
        -0.7594799345803904,
        -0.04906523375409913,
        32.840595897763706
      ],
      [
        0.7608522398009622,
        0.648666670721068,
        0.01831446110331262,
        44.64522842258157
      ],
      [
        0.017917516106803474,
        -0.04921157653857045,
        0.9986276500033188,
        1.4223570812752087
      ],
      [
        0.0,
        0.0,
        0.0,
        1.0
      ]
    ],
    "location": [
      32.840595897763706,
      44.64522842258157,
      1.4223570812752087
    ],
    "rotation": [
      -0.04923937234635948,
      -0.017918474944078215,
      0.8648136868227458
    ]
  },
  {
    "label_id": "MQpQK2kzZfJnvO5GRR-ocg",
    "size": [
      0.6528417423380507,
      0.8721263315164834,
      1.6800000000000068
    ],
    "obj_class": "pedestrian",
    "point_num_in_lidar": 801,
    "speed": 1.2754923651998107,
    "if_vehicle": false,
    "motion_state": true,
    "pose": [
      [
        0.7316142160834749,
        -0.6799509112143449,
        -0.04906523375409913,
        14.666850399040413
      ],
      [
        0.681315408324898,
        0.731760818091248,
        0.01831446110331262,
        23.258522486736183
      ],
      [
        0.0234510810761408,
        -0.04682801987282198,
        0.9986276500033188,
        1.4968192171667738
      ],
      [
        0.0,
        0.0,
        0.0,
        1.0
      ]
    ],
    "location": [
      14.666850399040413,
      23.258522486736183,
      1.4968192171667738
    ],
    "rotation": [
      -0.04685804743354383,
      -0.023453231107798646,
      0.7498142423098555
    ]
  },
  {
    "label_id": "NHlv6cGf7h-bBMSpm-Zh7A",
    "size": [
      0.9098943185394959,
      0.7449380051051133,
      1.8899999999999864
    ],
    "obj_class": "pedestrian",
    "point_num_in_lidar": 196,
    "speed": 2.3437142008433857e-12,
    "if_vehicle": false,
    "motion_state": false,
    "pose": [
      [
        -0.8021269620206474,
        0.5951343878790594,
        -0.04906523375409913,
        34.93051001186177
      ],
      [
        -0.5964743999294406,
        -0.8024231245068334,
        0.01831446110331262,
        12.640109978776309
      ],
      [
        -0.02847151257556757,
        0.04395667890671949,
        0.9986276500033188,
        1.729035322677305
      ],
      [
        0.0,
        0.0,
        0.0,
        1.0
      ]
    ],
    "location": [
      34.93051001186177,
      12.640109978776309,
      1.729035322677305
    ],
    "rotation": [
      0.04398869099834228,
      0.028475360609032118,
      -2.502189874978868
    ]
  },
  {
    "label_id": "OuZ9z9qaKV3nsqnICSdpHQ",
    "size": [
      0.8617775315293199,
      0.9056348031139417,
      1.7900000000000205
    ],
    "obj_class": "pedestrian",
    "point_num_in_lidar": 54,
    "speed": 1.4905295812788872,
    "if_vehicle": false,
    "motion_state": true,
    "pose": [
      [
        -0.7450541894052892,
        -0.665196856341251,
        -0.04906523375409913,
        47.401068258124724
      ],
      [
        0.6652159041537907,
        -0.746426407206598,
        0.01831446110331262,
        2.076359250895621
      ],
      [
        -0.04880630810133179,
        -0.018993707862526858,
        0.9986276500033188,
        1.926145544949918
      ],
      [
        0.0,
        0.0,
        0.0,
        1.0
      ]
    ],
    "location": [
      47.401068258124724,
      2.076359250895621,
      1.926145544949918
    ],
    "rotation": [
      -0.019017516703888345,
      0.048825705458533965,
      2.4127461800852137
    ]
  },
  {
    "label_id": "RKwAEbv66vXGep7SUMPPKw",
    "size": [
      0.9201701205069328,
      0.9537800834514201,
      1.8000000000000114
    ],
    "obj_class": "pedestrian",
    "point_num_in_lidar": 22,
    "speed": 1.4472532511487266,
    "if_vehicle": false,
    "motion_state": true,
    "pose": [
      [
        -0.7029997621111544,
        -0.7094955512956483,
        -0.04906523375409913,
        69.80569790269146
      ],
      [
        0.7095984424388656,
        -0.7043682495703729,
        0.01831446110331262,
        11.202334841727861
      ],
      [
        -0.047554021491313485,
        -0.021941551650984832,
        0.9986276500033188,
        1.7783119447153695
      ],
      [
        0.0,
        0.0,
        0.0,
        1.0
      ]
    ],
    "location": [
      69.80569790269146,
      11.202334841727861,
      1.7783119447153695
    ],
    "rotation": [
      -0.021968169887444208,
      0.04757196274625247,
      2.3515232168534452
    ]
  },
  {
    "label_id": "Rrloo1mL4Y4Wxo3m2aZgww",
    "size": [
      0.9053258598784204,
      0.9954942177719204,
      1.920000000000016
    ],
    "obj_class": "pedestrian",
    "point_num_in_lidar": 23,
    "speed": 1.3464264705112081,
    "if_vehicle": false,
    "motion_state": true,
    "pose": [
      [
        -0.7034602883622034,
        -0.7090389450051535,
        -0.04906523375409913,
        75.21410838422162
      ],
      [
        0.7091409475697461,
        -0.7048288423400236,
        0.01831446110331262,
        5.526052641303977
      ],
      [
        -0.047568258085075046,
        -0.021910670268178292,
        0.9986276500033188,
        2.0466769291608102
      ],
      [
        0.0,
        0.0,
        0.0,
        1.0
      ]
    ],
    "location": [
      75.21410838422162,
      5.526052641303977,
      2.0466769291608102
    ],
    "rotation": [
      -0.021937260966801375,
      0.04758621546941259,
      2.3521730944571684
    ]
  },
  {
    "label_id": "SSNlDFCI-EZrjNybBfB66g",
    "size": [
      0.8845761990456468,
      0.9635875842650421,
      1.6000000000000227
    ],
    "obj_class": "pedestrian",
    "point_num_in_lidar": 637,
    "speed": 1.1368683772161603e-12,
    "if_vehicle": false,
    "motion_state": false,
    "pose": [
      [
        0.8338191415773211,
        0.5498529275869277,
        -0.04906523375409913,
        20.12342237671328
      ],
      [
        -0.5496723439202739,
        0.8351795584445822,
        0.01831446110331262,
        27.050882457682746
      ],
      [
        0.051048540316562085,
        0.01169885380699644,
        0.9986276500033188,
        1.5073323149501903
      ],
      [
        0.0,
        0.0,
        0.0,
        1.0
      ]
    ],
    "location": [
      20.12342237671328,
      27.050882457682746,
      1.5073323149501903
    ],
    "rotation": [
      0.011714394918869893,
      -0.051070738044020125,
      -0.5828312320545467
    ]
  },
  {
    "label_id": "SVtwv1xNRMziqE3GDAHqrA",
    "size": [
      0.7819850836634001,
      1.8584476636424367,
      1.9499999999999886
    ],
    "obj_class": "cyclist",
    "point_num_in_lidar": 547,
    "speed": 5.496426468019075,
    "if_vehicle": false,
    "motion_state": true,
    "pose": [
      [
        0.7208928744485985,
        -0.6913075049541216,
        -0.04906523375409913,
        24.21015494402309
      ],
      [
        0.6926741275586205,
        0.7210181228827741,
        0.01831446110331262,
        7.8362579852109775
      ],
      [
        0.022715998330274722,
        -0.04718898249282449,
        0.9986276500033188,
        1.4006631101487415
      ],
      [
        0.0,
        0.0,
        0.0,
        1.0
      ]
    ],
    "location": [
      24.21015494402309,
      7.8362579852109775,
      1.4006631101487415
    ],
    "rotation": [
      -0.0472187069204202,
      -0.022717952422692388,
      0.7654380205587281
    ]
  },
  {
    "label_id": "TLHLhHvraU9-FXWR_8xBag",
    "size": [
      0.6791927930549416,
      0.8114629329278926,
      1.8199999999999932
    ],
    "obj_class": "pedestrian",
    "point_num_in_lidar": 44,
    "speed": 1.4559702180637446,
    "if_vehicle": false,
    "motion_state": true,
    "pose": [
      [
        -0.7250184790255765,
        -0.6869794814316476,
        -0.04906523375409913,
        49.201374518663215
      ],
      [
        0.6870391773003525,
        -0.7263895300518517,
        0.01831446110331262,
        -1.0121932495967485
      ],
      [
        -0.04822213107997811,
        -0.020431415099168952,
        0.9986276500033188,
        1.9987183298807167
      ],
      [
        0.0,
        0.0,
        0.0,
        1.0
      ]
    ],
    "location": [
      49.201374518663215,
      -1.0121932495967485,
      1.9987183298807167
    ],
    "rotation": [
      -0.0204566386818981,
      0.048240839744730174,
      2.3830844314276445
    ]
  },
  {
    "label_id": "TZ_-vRD-wRuJSsIj5_YNaw",
    "size": [
      2.255152981839313,
      4.679410122029367,
      1.509999999999991
    ],
    "obj_class": "vehicle",
    "point_num_in_lidar": 67,
    "speed": 8.758782823288488,
    "if_vehicle": true,
    "motion_state": true,
    "pose": [
      [
        -0.6945764065465536,
        -0.7177438389185463,
        -0.04906523375409913,
        67.83047188750061
      ],
      [
        0.7178628755523404,
        -0.6959435842208908,
        0.01831446110331262,
        3.2606469181118882
      ],
      [
        -0.04729172625947958,
        -0.022501317211389846,
        0.9986276500033188,
        1.7895652291774695
      ],
      [
        0.0,
        0.0,
        0.0,
        1.0
      ]
    ],
    "location": [
      67.83047188750061,
      3.2606469181118882,
      1.7895652291774695
    ],
    "rotation": [
      -0.022528427271567657,
      0.04730937207357536,
      2.3397092792511414
    ]
  },
  {
    "label_id": "TgaQtjAqhVtWxHvxeKTNCA",
    "size": [
      2.135645358212131,
      4.852355393954673,
      1.4499999999999886
    ],
    "obj_class": "vehicle",
    "point_num_in_lidar": 46,
    "speed": 8.815663302887282,
    "if_vehicle": true,
    "motion_state": true,
    "pose": [
      [
        0.7153427314174989,
        -0.6970490509604096,
        -0.04906523375409913,
        68.29087834874372
      ],
      [
        0.6984166312644706,
        0.7154570495058971,
        0.01831446110331262,
        58.713529737331555
      ],
      [
        0.022337989644109515,
        -0.04736909190082491,
        0.9986276500033188,
        1.2431060938567384
      ],
      [
        0.0,
        0.0,
        0.0,
        1.0
      ]
    ],
    "location": [
      68.29087834874372,
      58.713529737331555,
      1.2431060938567384
    ],
    "rotation": [
      -0.04739866048289786,
      -0.022339847784576,
      0.7734263300368396
    ]
  },
  {
    "label_id": "Uym2TQ00DalEua9edk4J5g",
    "size": [
      0.7342892225205484,
      0.6340272989327786,
      1.6299999999999955
    ],
    "obj_class": "pedestrian",
    "point_num_in_lidar": 128,
    "speed": 3.457650183405701e-12,
    "if_vehicle": false,
    "motion_state": false,
    "pose": [
      [
        0.5460590682142558,
        -0.8363086134063396,
        -0.04906523375409913,
        34.56940462423154
      ],
      [
        0.8376681958108713,
        0.5458723058018743,
        0.01831446110331262,
        12.293120441645442
      ],
      [
        0.011466810713462323,
        -0.05110116340075601,
        0.9986276500033188,
        1.5572314158782774
      ],
      [
        0.0,
        0.0,
        0.0,
        1.0
      ]
    ],
    "location": [
      34.56940462423154,
      12.293120441645442,
      1.5572314158782774
    ],
    "rotation": [
      -0.05112679421577363,
      -0.011467062019185029,
      0.9931006875216384
    ]
  },
  {
    "label_id": "VKOuaj8LJhay5wlxyZ-_zg",
    "size": [
      0.7878072383561552,
      1.0479388304352202,
      1.6999999999999886
    ],
    "obj_class": "pedestrian",
    "point_num_in_lidar": 110,
    "speed": 1.5355748813193548,
    "if_vehicle": false,
    "motion_state": true,
    "pose": [
      [
        0.6333471805192546,
        -0.7723107870313389,
        -0.04906523375409913,
        28.7744805819093
      ],
      [
        0.773682595487057,
        0.6333086308861628,
        0.01831446110331262,
        41.679572674773226
      ],
      [
        0.01692898014416385,
        -0.04956032970156318,
        0.9986276500033188,
        1.2859878363570374
      ],
      [
        0.0,
        0.0,
        0.0,
        1.0
      ]
    ],
    "location": [
      28.7744805819093,
      41.679572674773226,
      1.2859878363570374
    ],
    "rotation": [
      -0.0495877527478469,
      -0.01692978886224199,
      0.8848081626533147
    ]
  },
  {
    "label_id": "VqYlW6Sp3oyWGU1DfRWBBA",
    "size": [
      0.7161699876352213,
      0.900175979290559,
      1.8199999999999932
    ],
    "obj_class": "pedestrian",
    "point_num_in_lidar": 84,
    "speed": 1.6032365168114153,
    "if_vehicle": false,
    "motion_state": true,
    "pose": [
      [
        0.5588260635784004,
        -0.8278321288172652,
        -0.04906523375409913,
        30.13102494906707
      ],
      [
        0.8291944166378088,
        0.5586601828761192,
        0.01831446110331262,
        38.48396027293347
      ],
      [
        0.01224949313862827,
        -0.05091921608485188,
        0.9986276500033188,
        1.5622314158787276
      ],
      [
        0.0,
        0.0,
        0.0,
        1.0
      ]
    ],
    "location": [
      30.13102494906707,
      38.48396027293347,
      1.5622314158787276
    ],
    "rotation": [
      -0.05094507101328195,
      -0.012249799498890242,
      0.977776240679137
    ]
  },
  {
    "label_id": "WLxPidkONZfEWD55dLlKWA",
    "size": [
      2.3401327950739534,
      5.65358485138672,
      2.240000000000009
    ],
    "obj_class": "vehicle",
    "point_num_in_lidar": 416,
    "speed": 9.260761460168748,
    "if_vehicle": true,
    "motion_state": true,
    "pose": [
      [
        0.7153907108501104,
        -0.696999808942606,
        -0.04906523375409913,
        45.68295103036144
      ],
      [
        0.6983673813743816,
        0.7155051230751491,
        0.01831446110331262,
        36.84728388978692
      ],
      [
        0.022341250226041973,
        -0.04736755416090765,
        0.9986276500033188,
        1.8975844601540075
      ],
      [
        0.0,
        0.0,
        0.0,
        1.0
      ]
    ],
    "location": [
      45.68295103036144,
      36.84728388978692,
      1.8975844601540075
    ],
    "rotation": [
      -0.04739712408654613,
      -0.022343109180423877,
      0.7733575555296818
    ]
  },
  {
    "label_id": "WO_EU5HuGT6OvKJc51rSGg",
    "size": [
      2.3918637837894705,
      0.18455530819637792,
      1.240000000000009
    ],
    "obj_class": "sign",
    "point_num_in_lidar": 300,
    "speed": 0.004862076546515256,
    "if_vehicle": false,
    "motion_state": false,
    "pose": [
      [
        -0.7544020786500628,
        -0.6545762801729985,
        -0.04906523375409913,
        45.285988548541354
      ],
      [
        0.654575888345067,
        -0.7557744285908075,
        0.01831446110331262,
        9.681391473364783
      ],
      [
        -0.049070460826558124,
        -0.018300451445753037,
        0.9986276500033188,
        3.4551389387193012
      ],
      [
        0.0,
        0.0,
        0.0,
        1.0
      ]
    ],
    "location": [
      45.285988548541354,
      9.681391473364783,
      3.4551389387193012
    ],
    "rotation": [
      -0.018323549582528367,
      0.04909017507217994,
      2.4269263684218934
    ]
  },
  {
    "label_id": "WlcEoxNhcOjAwPMafiVjug",
    "size": [
      0.8492928062834133,
      1.0100650728563778,
      1.6200000000000045
    ],
    "obj_class": "pedestrian",
    "point_num_in_lidar": 39,
    "speed": 1.6009043487715984,
    "if_vehicle": false,
    "motion_state": true,
    "pose": [
      [
        0.670826619671074,
        0.7399893574757246,
        -0.04906523375409913,
        23.18613308761269
      ],
      [
        -0.740152867973947,
        0.6721891940104633,
        0.01831446110331262,
        55.84412973152939
      ],
      [
        0.046533626235457336,
        0.024029945447876004,
        0.9986276500033188,
        0.6322314158788345
      ],
      [
        0.0,
        0.0,
        0.0,
        1.0
      ]
    ],
    "location": [
      23.18613308761269,
      55.84412973152939,
      0.6322314158788345
    ],
    "rotation": [
      0.024058325510187578,
      -0.046550436438776634,
      -0.8344921033906868
    ]
  },
  {
    "label_id": "XD_2_kZ1u4Vl7oYczSiLpA",
    "size": [
      0.6787775717011467,
      0.8476253110203122,
      2.009999999999991
    ],
    "obj_class": "pedestrian",
    "point_num_in_lidar": 24,
    "speed": 1.3229211477506024,
    "if_vehicle": false,
    "motion_state": true,
    "pose": [
      [
        -0.6893527004394536,
        -0.7227623795089839,
        -0.04906523375409913,
        78.39619187757489
      ],
      [
        0.7228913284715341,
        -0.6907189788438969,
        0.01831446110331262,
        1.9632476492988644
      ],
      [
        -0.04712729164182342,
        -0.02284370879160519,
        0.9986276500033188,
        2.0652887258556802
      ],
      [
        0.0,
        0.0,
        0.0,
        1.0
      ]
    ],
    "location": [
      78.39619187757489,
      1.9632476492988644,
      2.0652887258556802
    ],
    "rotation": [
      -0.022871112735743358,
      0.047144753908046615,
      2.3324504882120647
    ]
  },
  {
    "label_id": "YeDTe3z8sAGMJ4YCFJfJEg",
    "size": [
      2.00313835628645,
      4.590736175159691,
      1.420000000000016
    ],
    "obj_class": "vehicle",
    "point_num_in_lidar": 92,
    "speed": 6.564170915729937,
    "if_vehicle": true,
    "motion_state": true,
    "pose": [
      [
        0.7112574709754917,
        -0.7012170939289795,
        -0.04906523375409913,
        51.67098963982062
      ],
      [
        0.7025853188774446,
        0.7113637959668562,
        0.01831446110331262,
        38.45490556626464
      ],
      [
        0.02206081774157687,
        -0.047498810189541246,
        0.9986276500033188,
        1.4142029466510735
      ],
      [
        0.0,
        0.0,
        0.0,
        1.0
      ]
    ],
    "location": [
      51.67098963982062,
      38.45490556626464,
      1.4142029466510735
    ],
    "rotation": [
      -0.04752826462625006,
      -0.022062607558869445,
      0.7792644946432166
    ]
  },
  {
    "label_id": "_fjQGebTZaJgCuKbZhx4IQ",
    "size": [
      1.2552645584974507,
      0.17686029307354367,
      0.39999999999997726
    ],
    "obj_class": "sign",
    "point_num_in_lidar": 150,
    "speed": 0.010973257027158689,
    "if_vehicle": false,
    "motion_state": false,
    "pose": [
      [
        -0.674377599898517,
        -0.7367546780250339,
        -0.04906523375409913,
        38.62525953879231
      ],
      [
        0.736911633774969,
        -0.6757409448313764,
        0.01831446110331262,
        13.157833013196068
      ],
      [
        -0.046648652308740386,
        -0.023805879244997236,
        0.9986276500033188,
        3.7979220255757014
      ],
      [
        0.0,
        0.0,
        0.0,
        1.0
      ]
    ],
    "location": [
      38.62525953879231,
      13.157833013196068,
      3.7979220255757014
    ],
    "rotation": [
      -0.023834080024583336,
      0.04666558756126589,
      2.311913590970589
    ]
  },
  {
    "label_id": "aRZRIcfIs4nYiFJ9pO4wMg",
    "size": [
      0.27722713860458564,
      0.05713983977172629,
      0.41255162241890275
    ],
    "obj_class": "sign",
    "point_num_in_lidar": 64,
    "speed": 0.0563082933116098,
    "if_vehicle": false,
    "motion_state": false,
    "pose": [
      [
        0.7246907227082544,
        0.6873252208796383,
        -0.04906523375409913,
        16.470030320964725
      ],
      [
        -0.6873855707022193,
        0.7260617451049736,
        0.01831446110331262,
        23.757125232281396
      ],
      [
        0.04821238026661056,
        0.020454413652727384,
        0.9986276500033188,
        1.3121497341642794
      ],
      [
        0.0,
        0.0,
        0.0,
        1.0
      ]
    ],
    "location": [
      16.470030320964725,
      23.757125232281396,
      1.3121497341642794
    ],
    "rotation": [
      0.020479659193868693,
      -0.04823107757670863,
      -0.7589856552141203
    ]
  },
  {
    "label_id": "dVT_TNeOHH9G7d0TcHcBZA",
    "size": [
      2.3751147110755237,
      5.193980647294666,
      1.8100000000000023
    ],
    "obj_class": "vehicle",
    "point_num_in_lidar": 5029,
    "speed": 5.892448686911857,
    "if_vehicle": true,
    "motion_state": true,
    "pose": [
      [
        0.7217820565206658,
        -0.6903790739307312,
        -0.04906523375409913,
        25.946552700730535
      ],
      [
        0.6917455341964738,
        0.7219090638257221,
        0.01831446110331262,
        13.490147726784926
      ],
      [
        0.02277671626976656,
        -0.04715970573292089,
        0.9986276500033188,
        1.5361858363176566
      ],
      [
        0.0,
        0.0,
        0.0,
        1.0
      ]
    ],
    "location": [
      25.946552700730535,
      13.490147726784926,
      1.5361858363176566
    ],
    "rotation": [
      -0.04718945520370303,
      -0.022778686075924412,
      0.7641520250793155
    ]
  },
  {
    "label_id": "e-z5gyYvp29FOY6PY9kfRw",
    "size": [
      0.7127939429694742,
      0.8405177596432624,
      1.6200000000000045
    ],
    "obj_class": "pedestrian",
    "point_num_in_lidar": 28,
    "speed": 1.431806794839154,
    "if_vehicle": false,
    "motion_state": true,
    "pose": [
      [
        -0.7360745145389116,
        -0.6751199240749463,
        -0.04906523375409913,
        60.45181589672211
      ],
      [
        0.6751573561544639,
        -0.7374463539438034,
        0.01831446110331262,
        20.037798889352416
      ],
      [
        -0.04854743532690282,
        -0.019645945434855715,
        0.9986276500033188,
        1.6388690709572415
      ],
      [
        0.0,
        0.0,
        0.0,
        1.0
      ]
    ],
    "location": [
      60.45181589672211,
      20.037798889352416,
      1.6388690709572415
    ],
    "rotation": [
      -0.019670406216367484,
      0.0485665254458075,
      2.3993336555327445
    ]
  },
  {
    "label_id": "e2bzkmFKpqpZIkDvbwTXQg",
    "size": [
      0.8007632412621808,
      0.6883712502822164,
      1.6899999999999977
    ],
    "obj_class": "pedestrian",
    "point_num_in_lidar": 22,
    "speed": 3.410605131648481e-12,
    "if_vehicle": false,
    "motion_state": false,
    "pose": [
      [
        -0.9502882717347897,
        0.30748138714394113,
        -0.04906523375409913,
        59.80286625170265
      ],
      [
        -0.3086564058104058,
        -0.9509972679596389,
        0.01831446110331262,
        58.67227962126344
      ],
      [
        -0.041029547347109015,
        0.03254831629040863,
        0.9986276500033188,
        1.708463153552259
      ],
      [
        0.0,
        0.0,
        0.0,
        1.0
      ]
    ],
    "location": [
      59.80286625170265,
      58.67227962126344,
      1.708463153552259
    ],
    "rotation": [
      0.032581511437611566,
      0.04104106776220808,
      -2.82753901665618
    ]
  },
  {
    "label_id": "e5WABDJjos2c3aWy1M4gNA",
    "size": [
      1.0000608357882808,
      0.10503519766416149,
      0.7300000000000182
    ],
    "obj_class": "sign",
    "point_num_in_lidar": 32,
    "speed": 0.01725482699946892,
    "if_vehicle": false,
    "motion_state": false,
    "pose": [
      [
        -0.7164771577109003,
        0.6958829537466523,
        -0.04906523375409913,
        61.00878747443858
      ],
      [
        -0.6972503460316878,
        -0.7165937032050916,
        0.01831446110331262,
        39.182813414532575
      ],
      [
        -0.022415116265621995,
        0.047332644249479534,
        0.9986276500033188,
        4.233600222251766
      ],
      [
        0.0,
        0.0,
        0.0,
        1.0
      ]
    ],
    "location": [
      61.00878747443858,
      39.182813414532575,
      4.233600222251766
    ],
    "rotation": [
      0.04736224461663159,
      0.02241699372240188,
      -2.3697937349890394
    ]
  },
  {
    "label_id": "gjGLaHajamdONAcPH7CDLA",
    "size": [
      2.1356453582072565,
      4.852355393954673,
      1.4499999999999886
    ],
    "obj_class": "vehicle",
    "point_num_in_lidar": 39,
    "speed": 9.900306669764452,
    "if_vehicle": true,
    "motion_state": true,
    "pose": [
      [
        0.7268988355876456,
        -0.6849895514954814,
        -0.04906523375409913,
        74.18561453633447
      ],
      [
        0.6863550289398886,
        0.7270360065109704,
        0.01831446110331262,
        60.55162577455485
      ],
      [
        0.02312697711006795,
        -0.04698893038365029,
        0.9986276500033188,
        1.0841135755750884
      ],
      [
        0.0,
        0.0,
        0.0,
        1.0
      ]
    ],
    "location": [
      74.18561453633447,
      60.55162577455485,
      1.0841135755750884
    ],
    "rotation": [
      -0.04701882432574224,
      -0.023129039210961478,
      0.7567177610930548
    ]
  },
  {
    "label_id": "gyJWlueQUXBltp9kUI34Lg",
    "size": [
      0.7877645163217142,
      0.10219560442502051,
      0.7900000000000205
    ],
    "obj_class": "sign",
    "point_num_in_lidar": 32,
    "speed": 0.007091152933555895,
    "if_vehicle": false,
    "motion_state": false,
    "pose": [
      [
        -0.61025854234167,
        0.7906814240486972,
        -0.04906523375409913,
        38.62030640122612
      ],
      [
        -0.7920514952711917,
        -0.6101794894563112,
        0.01831446110331262,
        37.519232190687035
      ],
      [
        -0.015457695096279075,
        0.05003874809744554,
        0.9986276500033188,
        1.58256916857016
      ],
      [
        0.0,
        0.0,
        0.0,
        1.0
      ]
    ],
    "location": [
      38.62030640122612,
      37.519232190687035,
      1.58256916857016
    ],
    "rotation": [
      0.05006564017682491,
      0.015458310740291727,
      -2.227275287109257
    ]
  },
  {
    "label_id": "hgJJL8gJcaP32e0IR4jhYg",
    "size": [
      0.8126173691274853,
      0.7312696542940103,
      1.829999999999984
    ],
    "obj_class": "pedestrian",
    "point_num_in_lidar": 39,
    "speed": 0.011635262680608561,
    "if_vehicle": false,
    "motion_state": false,
    "pose": [
      [
        -0.9542074329631964,
        -0.29509452335555586,
        -0.04906523375409913,
        51.723322227313474
      ],
      [
        0.2945411740116445,
        -0.955463278899999,
        0.01831446110331262,
        28.991398300757282
      ],
      [
        -0.052284526292482376,
        0.003024063362408126,
        0.9986276500033188,
        1.5905340955379188
      ],
      [
        0.0,
        0.0,
        0.0,
        1.0
      ]
    ],
    "location": [
      51.723322227313474,
      28.991398300757282,
      1.5905340955379188
