[
  {
    "label_id": "-nBiv0OOg0fPLgefHhGq8g",
    "size": [
      1.5747958547547802,
      0.1656706936286259,
      1.6499999999999773
    ],
    "obj_class": "sign",
    "point_num_in_lidar": 48,
    "speed": 0.0010442370413261011,
    "if_vehicle": false,
    "motion_state": false,
    "pose": [
      [
        -0.7436645980025557,
        -0.6666911734931156,
        -0.04985824770356087,
        15.24999797374403
      ],
      [
        0.6669888122801044,
        -0.7449570383721305,
        0.012842712836455092,
        37.130913045322814
      ],
      [
        -0.04570437583944012,
        -0.023704222539380673,
        0.9986737304359872,
        1.4714676953062167
      ],
      [
        0.0,
        0.0,
        0.0,
        1.0
      ]
    ],
    "location": [
      15.24999797374403,
      37.130913045322814,
      1.4714676953062167
    ],
    "rotation": [
      -0.02373124655035025,
      0.045720302717312526,
      2.410495856700851
    ]
  },
  {
    "label_id": "0TTpzF8WjDXQbo0lfz9cHQ",
    "size": [
      2.157544670189813,
      5.032259334955597,
      2.0300000000000296
    ],
    "obj_class": "vehicle",
    "point_num_in_lidar": 1921,
    "speed": 0.918730793722621,
    "if_vehicle": true,
    "motion_state": false,
    "pose": [
      [
        0.4090158737857447,
        -0.9111641839576521,
        -0.04985824770356087,
        27.323106848405587
      ],
      [
        0.9124859321644171,
        0.40890645425211264,
        0.012842712836455092,
        31.946273155226663
      ],
      [
        0.008685539322255548,
        -0.050747823044450226,
        0.9986737304359872,
        1.7485953491718647
      ],
      [
        0.0,
        0.0,
        0.0,
        1.0
      ]
    ],
    "location": [
      27.323106848405587,
      31.946273155226663,
      1.7485953491718647
    ],
    "rotation": [
      -0.050771547239795996,
      -0.008685648530107688,
      1.1494040801734913
    ]
  },
  {
    "label_id": "0jw4kmyd3WAM6MTC97B0nA",
    "size": [
      1.9708569114577663,
      4.39763427653422,
      1.5199999999999818
    ],
    "obj_class": "vehicle",
    "point_num_in_lidar": 58,
    "speed": 5.76532543540482,
    "if_vehicle": true,
    "motion_state": true,
    "pose": [
      [
        0.7218981173175728,
        -0.6902008862275346,
        -0.04985824770356087,
        42.80346155799634
      ],
      [
        0.6914666148391453,
        0.7222942511815345,
        0.012842712836455092,
        29.777888748598343
      ],
      [
        0.027148273908979916,
        -0.04374644397927998,
        0.9986737304359872,
        1.606061163543984
      ],
      [
        0.0,
        0.0,
        0.0,
        1.0
      ]
    ],
    "location": [
      42.80346155799634,
      29.777888748598343,
      1.606061163543984
    ],
    "rotation": [
      -0.04377655488544521,
      -0.027151609858691996,
      0.7638702446175986
    ]
  },
  {
    "label_id": "2CpjYc56hQBrnDK--b90vw",
    "size": [
      2.092649959326711,
      4.9752400927945954,
      1.6000000000000227
    ],
    "obj_class": "vehicle",
    "point_num_in_lidar": 38,
    "speed": 0.005346818012508868,
    "if_vehicle": true,
    "motion_state": false,
    "pose": [
      [
        0.7005305679168113,
        0.7118785560403406,
        -0.04985824770356087,
        15.093126926312834
      ],
      [
        -0.712256411780186,
        0.7018018727568449,
        0.012842712836455092,
        45.28920947689039
      ],
      [
        0.044133063480390075,
        0.026515143690071553,
        0.9986737304359872,
        0.582839872484783
      ],
      [
        0.0,
        0.0,
        0.0,
        1.0
      ]
    ],
    "location": [
      15.093126926312834,
      45.28920947689039,
      0.582839872484783
    ],
    "rotation": [
      0.026544120618781763,
      -0.04414740258054888,
      -0.7936977689231064
    ]
  },
  {
    "label_id": "3vxR4BMySQkzU5WY1a3UZA",
    "size": [
      0.9684339589657477,
      1.113997459645816,
      1.670000000000016
    ],
    "obj_class": "pedestrian",
    "point_num_in_lidar": 105,
    "speed": 0.000754185057249431,
    "if_vehicle": false,
    "motion_state": false,
    "pose": [
      [
        -0.7294765279939542,
        -0.6821863017107687,
        -0.04985824770356087,
        40.38190719336126
      ],
      [
        0.6825110605181597,
        -0.7307624217195199,
        0.012842712836455092,
        1.3402791387634352
      ],
      [
        -0.04519565660838055,
        -0.024660347945773778,
        0.9986737304359872,
        1.69835760812731
      ],
      [
        0.0,
        0.0,
        0.0,
        1.0
      ]
    ],
    "location": [
      40.38190719336126,
      1.3402791387634352,
      1.69835760812731
    ],
    "rotation": [
      -0.02468808062052206,
      0.04521105723360378,
      2.3894441866803207
    ]
  },
  {
    "label_id": "4QCXsQdpWMmYjaAu_fg9pA",
    "size": [
      0.8301800487707741,
      0.9939998437621398,
      1.8999999999999773
    ],
    "obj_class": "pedestrian",
    "point_num_in_lidar": 36,
    "speed": 1.5971493061758029,
    "if_vehicle": false,
    "motion_state": true,
    "pose": [
      [
        -0.7069504889314902,
        -0.7055034807394344,
        -0.04985824770356087,
        59.52202161846799
      ],
      [
        0.7058698046603746,
        -0.7082251644750596,
        0.012842712836455092,
        -9.62302342919429
      ],
      [
        -0.044371444288548736,
        -0.026114269448282428,
        0.9986737304359872,
        2.2107338858016305
      ],
      [
        0.0,
        0.0,
        0.0,
        1.0
      ]
    ],
    "location": [
      59.52202161846799,
      -9.62302342919429,
      2.2107338858016305
    ],
    "rotation": [
      -0.026142992513927103,
      0.04438601713867592,
      2.3569594028038434
    ]
  },
  {
    "label_id": "4deOw6lqLB-zrUwaY_1cJQ",
    "size": [
      0.8544453926249228,
      0.8592273072740529,
      1.8999999999999773
    ],
    "obj_class": "pedestrian",
    "point_num_in_lidar": 21,
    "speed": 1.286952455265808,
    "if_vehicle": false,
    "motion_state": true,
    "pose": [
      [
        -0.7246666035381624,
        -0.6872935827231287,
        -0.04985824770356087,
        70.61622643992814
      ],
      [
        0.6876273661086701,
        -0.7259501843139469,
        0.012842712836455092,
        -20.6553800019974
      ],
      [
        -0.04502131822722196,
        -0.024977210455783338,
        0.9986737304359872,
        2.362723062614407
      ],
      [
        0.0,
        0.0,
        0.0,
        1.0
      ]
    ],
    "location": [
      70.61622643992814,
      -20.6553800019974,
      2.362723062614407
    ],
    "rotation": [
      -0.025005168095018515,
      0.04503654121133655,
      2.382414774097196
    ]
  },
  {
    "label_id": "5_zmLzwQKAevERrLBkFozQ",
    "size": [
      0.7835333369588128,
      0.9696308335805952,
      1.6348377581119848
    ],
    "obj_class": "pedestrian",
    "point_num_in_lidar": 131,
    "speed": 1.4678188941855468,
    "if_vehicle": false,
    "motion_state": true,
    "pose": [
      [
        -0.7848612063245007,
        0.6176625631708466,
        -0.04985824770356087,
        27.469206763478724
      ],
      [
        -0.6188843852100778,
        -0.7853770957127184,
        0.012842712836455092,
        38.32422460299131
      ],
      [
        -0.031225062850115965,
        0.04093623806696933,
        0.9986737304359872,
        1.426154945056112
      ],
      [
        0.0,
        0.0,
        0.0,
        1.0
      ]
    ],
    "location": [
      27.469206763478724,
      38.32422460299131,
      1.426154945056112
    ],
    "rotation": [
      0.040967667899287345,
      0.031230139174071157,
      -2.473886595268287
    ]
  },
  {
    "label_id": "6HVXhYC72IvDIQuQMrZ1fw",
    "size": [
      0.9375535647081897,
      2.33290891473492,
      1.3500000000000227
    ],
    "obj_class": "vehicle",
    "point_num_in_lidar": 964,
    "speed": 3.5950934718225418e-12,
    "if_vehicle": true,
    "motion_state": false,
    "pose": [
      [
        0.7648741178875058,
        0.642247412545773,
        -0.04985824770356087,
        16.31392953626346
      ],
      [
        -0.6425030216950962,
        0.7661755228664455,
        0.012842712836455092,
        21.280435684828262
      ],
      [
        0.04644836809276217,
        0.022211016153894314,
        0.9986737304359872,
        1.111049302298909
      ],
      [
        0.0,
        0.0,
        0.0,
        1.0
      ]
    ],
    "location": [
      16.31392953626346,
      21.280435684828262,
      1.111049302298909
    ],
    "rotation": [
      0.022236847138475103,
      -0.046465086007401804,
      -0.6986665415897669
    ]
  },
  {
    "label_id": "6i_mPMYxgh2SXwhx4Y83Bg",
    "size": [
      0.7184178508160274,
      0.8689585357133183,
      1.6299999999999955
    ],
    "obj_class": "pedestrian",
    "point_num_in_lidar": 188,
    "speed": 1.2252170498620005,
    "if_vehicle": false,
    "motion_state": true,
    "pose": [
      [
        0.7186876930137981,
        -0.6935431890275002,
        -0.04985824770356087,
        14.543446309118735
      ],
      [
        0.694810742142972,
        0.7190779494114201,
        0.012842712836455092,
        24.253320734540466
      ],
      [
        0.02694499050356372,
        -0.04387194574932986,
        0.9986737304359872,
        1.4700953488495543
      ],
      [
        0.0,
        0.0,
        0.0,
        1.0
      ]
    ],
    "location": [
      14.543446309118735,
      24.253320734540466,
      1.4700953488495543
    ],
    "rotation": [
      -0.043901981960396776,
      -0.02694825205913646,
      0.7685076740793881
    ]
  },
  {
    "label_id": "75ds1F0rzK-LvwVANh4abg",
    "size": [
      0.940874781181409,
      0.989888118529052,
      1.8999999999999773
    ],
    "obj_class": "pedestrian",
    "point_num_in_lidar": 24,
    "speed": 1.4748702937175733,
    "if_vehicle": false,
    "motion_state": true,
    "pose": [
      [
        -0.7309630118449759,
        0.6805932929808021,
        -0.04985824770356087,
        61.13567480693746
      ],
      [
        -0.6818536719555932,
        -0.7313758505499581,
        0.012842712836455092,
        38.65020669902151
      ],
      [
        -0.027724454100952537,
        0.04338357732913985,
        0.9986737304359872,
        1.5073495591190635
      ],
      [
        0.0,
        0.0,
        0.0,
        1.0
      ]
    ],
    "location": [
      61.13567480693746,
      38.65020669902151,
      1.5073495591190635
    ],
    "rotation": [
      0.0434138964636079,
      0.027728007042163078,
      -2.390940381858832
    ]
  },
  {
    "label_id": "B8fPu6MBHzAg6h1H20TSaA",
    "size": [
      0.8382083337722895,
      0.9355274055124028,
      1.6899999999999977
    ],
    "obj_class": "pedestrian",
    "point_num_in_lidar": 59,
    "speed": 1.4324741197014759,
    "if_vehicle": false,
    "motion_state": true,
    "pose": [
      [
        0.6616480448027123,
        0.7481550774703587,
        -0.04985824770356087,
        38.51649395161803
      ],
      [
        -0.7486000625103753,
        0.662897436362868,
        0.012842712836455092,
        42.91273933517368
      ],
      [
        0.04265924540132298,
        0.028826531509340236,
        0.9986737304359872,
        1.3530529486558294
      ],
      [
        0.0,
        0.0,
        0.0,
        1.0
      ]
    ],
    "location": [
      38.51649395161803,
      42.91273933517368,
      1.3530529486558294
    ],
    "rotation": [
      0.028856801534355585,
      -0.042672194637342814,
      -0.846977457026442
    ]
  },
  {
    "label_id": "DAcKn9aTrB4-lrjIfVddfQ",
    "size": [
      0.7896825755497339,
      0.696373814229446,
      1.6000000000000227
    ],
    "obj_class": "pedestrian",
    "point_num_in_lidar": 27,
    "speed": 3.5950934718225418e-12,
    "if_vehicle": false,
    "motion_state": false,
    "pose": [
      [
        -0.9912028515818075,
        0.122601232261439,
        -0.04985824770356087,
        51.20447815067746
      ],
      [
        -0.12338001576741267,
        -0.9922763911512927,
        0.012842712836455092,
        49.52241715947457
      ],
      [
        -0.047898629681087414,
        0.018881244973341475,
        0.9986737304359872,
        1.653463153551968
      ],
      [
        0.0,
        0.0,
        0.0,
        1.0
      ]
    ],
    "location": [
      51.20447815067746,
      49.52241715947457,
      1.653463153551968
    ],
    "rotation": [
      0.01890406765166516,
      0.0479169640841475,
      -3.0177545749265144
    ]
  },
  {
    "label_id": "IEf0L1hK0QJytY6Vmcwj0Q",
    "size": [
      0.7678788597537161,
      1.1534359156285063,
      1.839999999999975
    ],
    "obj_class": "pedestrian",
    "point_num_in_lidar": 75,
    "speed": 1.4934393510911015,
    "if_vehicle": false,
    "motion_state": true,
    "pose": [
      [
        -0.6909403525146468,
        0.72119039400346,
        -0.04985824770356087,
        38.387381376967824
      ],
      [
        -0.7224722747083924,
        -0.6912806065590743,
        0.012842712836455092,
        13.993415244061907
      ],
      [
        -0.025203998583893793,
        0.044894750165830756,
        0.9986737304359872,
        1.698411188902412
      ],
      [
        0.0,
        0.0,
        0.0,
        1.0
      ]
    ],
    "location": [
      38.387381376967824,
      13.993415244061907,
      1.698411188902412
    ],
    "rotation": [
      0.04492412575036077,
      0.025206667784810326,
      -2.3338891194474076
    ]
  },
  {
    "label_id": "Irfp6gSCdLpobVkk39GvCg",
    "size": [
      0.7417760791654001,
      1.1326184300815785,
      1.8400000000000318
    ],
    "obj_class": "pedestrian",
    "point_num_in_lidar": 44,
    "speed": 1.2892721917049244,
    "if_vehicle": false,
    "motion_state": true,
    "pose": [
      [
        0.8334516583378829,
        -0.55033852159354,
        -0.04985824770356087,
        33.445796886004246
      ],
      [
        0.5515132725285434,
        0.834067248458934,
        0.012842712836455092,
        45.231715934154636
      ],
      [
        0.034517291879427904,
        -0.03820126566463029,
        0.9986737304359872,
        1.459502310597827
      ],
      [
        0.0,
        0.0,
        0.0,
        1.0
      ]
    ],
    "location": [
      33.445796886004246,
      45.231715934154636,
      1.459502310597827
    ],
    "rotation": [
      -0.03823335751749639,
      -0.03452414979041892,
      0.5845715345625331
    ]
  },
  {
    "label_id": "MQpQK2kzZfJnvO5GRR-ocg",
    "size": [
      0.6528417423415553,
      0.8721263315164834,
      1.6800000000000068
    ],
    "obj_class": "pedestrian",
    "point_num_in_lidar": 614,
    "speed": 1.265377051062973,
    "if_vehicle": false,
    "motion_state": true,
    "pose": [
      [
        0.7234893428920827,
        -0.688532734049379,
        -0.04985824770356087,
        15.217087104192615
      ],
      [
        0.6897975449174137,
        0.7238883973050741,
        0.012842712836455092,
        23.781356710605905
      ],
      [
        0.027249178840674595,
        -0.043683662730799176,
        0.9986737304359872,
        1.5065603591418721
      ],
      [
        0.0,
        0.0,
        0.0,
        1.0
      ]
    ],
    "location": [
      15.217087104192615,
      23.781356710605905,
      1.5065603591418721
    ],
    "rotation": [
      -0.04371381048515242,
      -0.027252552134407193,
      0.7615633582044938
    ]
  },
  {
    "label_id": "NHlv6cGf7h-bBMSpm-Zh7A",
    "size": [
      0.9098943185394951,
      0.7449380051051133,
      1.8899999999999864
    ],
    "obj_class": "pedestrian",
    "point_num_in_lidar": 54,
    "speed": 2.3437142008433857e-12,
    "if_vehicle": false,
    "motion_state": false,
    "pose": [
      [
        -0.8020954229671333,
        0.5951109876242463,
        -0.04985824770356087,
        34.93051001185813
      ],
      [
        -0.5963176570766651,
        -0.8026458226301294,
        0.012842712836455092,
        12.640109978776309
      ],
      [
        -0.032375674723044,
        0.04003243464113731,
        0.9986737304359872,
        1.7241168957308446
      ],
      [
        0.0,
        0.0,
        0.0,
        1.0
      ]
    ],
    "location": [
      34.93051001185813,
      12.640109978776309,
      1.7241168957308446
    ],
    "rotation": [
      0.040064149042374306,
      0.03238133333825489,
      -2.502296889870371
    ]
  },
  {
    "label_id": "NWx5OOTS3S22DN-gLtcmhw",
    "size": [
      0.6743662098281401,
      0.6666284200873633,
      1.6200000000000045
    ],
    "obj_class": "pedestrian",
    "point_num_in_lidar": 20,
    "speed": 1.7053025658242404e-12,
    "if_vehicle": false,
    "motion_state": false,
    "pose": [
      [
        -0.9502509070859568,
        0.30746929719607224,
        -0.04985824770356087,
        57.49599928743919
      ],
      [
        -0.3084366958611364,
        -0.9511581726365311,
        0.012842712836455092,
        55.96906875145214
      ],
      [
        -0.04347433988666266,
        0.027581912705398316,
        0.9986737304359872,
        1.7134631535516291
      ],
      [
        0.0,
        0.0,
        0.0,
        1.0
      ]
    ],
    "location": [
      57.49599928743919,
      55.96906875145214,
      1.7134631535516291
    ],
    "rotation": [
      0.02761152322336076,
      0.04348804609625284,
      -2.827736624678683
    ]
  },
  {
    "label_id": "OuZ9z9qaKV3nsqnICSdpHQ",
    "size": [
      0.8617775315343507,
      0.9056348031139417,
      1.7900000000000205
    ],
    "obj_class": "pedestrian",
    "point_num_in_lidar": 22,
    "speed": 1.51782727846081,
    "if_vehicle": false,
    "motion_state": true,
    "pose": [
      [
        -0.7407782705222092,
        -0.6698967898550157,
        -0.04985824770356087,
        46.716361242597486
      ],
      [
        0.6702000078237756,
        -0.7420694133570063,
        0.012842712836455092,
        2.675152710195107
      ],
      [
        -0.04560157272656079,
        -0.02390139539720366,
        0.9986737304359872,
        1.903589645032298
      ],
      [
        0.0,
        0.0,
        0.0,
        1.0
      ]
    ],
    "location": [
      46.716361242597486,
      2.675152710195107,
      1.903589645032298
    ],
    "rotation": [
      -0.023928569164234352,
      0.0456173923058164,
      2.4061736343285105
    ]
  },
  {
    "label_id": "RKwAEbv66vXGep7SUMPPKw",
    "size": [
      0.9201701204959202,
      0.9537800834514201,
      1.8000000000000114
    ],
    "obj_class": "pedestrian",
    "point_num_in_lidar": 22,
    "speed": 1.4424008712495588,
    "if_vehicle": false,
    "motion_state": true,
    "pose": [
      [
        -0.70250164172893,
        -0.7099335169606296,
        -0.04985824770356087,
        69.19649914291949
      ],
      [
        0.7103078464069428,
        -0.7037739893316117,
        0.012842712836455092,
        11.818744673168112
      ],
      [
        -0.04420641017871868,
        -0.026392677700077312,
        0.9986737304359872,
        1.7755340955378074
      ],
      [
        0.0,
        0.0,
        0.0,
        1.0
      ]
    ],
    "location": [
      69.19649914291949,
      11.818744673168112,
      1.7755340955378074
    ],
    "rotation": [
      -0.026421577974741744,
      0.04422082093220054,
      2.350669240463727
    ]
  },
  {
    "label_id": "Rrloo1mL4Y4Wxo3m2aZgww",
    "size": [
      0.905325859868992,
      0.9954942177719204,
      1.920000000000016
    ],
    "obj_class": "pedestrian",
    "point_num_in_lidar": 27,
    "speed": 1.3464264930455303,
    "if_vehicle": false,
    "motion_state": true,
    "pose": [
      [
        -0.699252772947079,
        -0.7131337284561369,
        -0.04985824770356087,
        74.6469646029982
      ],
      [
        0.7135138635204477,
        -0.7005233981039638,
        0.012842712836455092,
        6.101055944716791
      ],
      [
        -0.04408544079336032,
        -0.02659424838427293,
        0.9986737304359872,
        2.0329611320986487
      ],
      [
        0.0,
        0.0,
        0.0,
        1.0
      ]
    ],
    "location": [
      74.6469646029982,
      6.101055944716791,
      2.0329611320986487
    ],
    "rotation": [
      -0.026623274402632072,
      0.04409973349783012,
      2.3461003912492946
    ]
  },
  {
    "label_id": "SSNlDFCI-EZrjNybBfB66g",
    "size": [
      0.8845761990279826,
      0.9635875842650421,
      1.6000000000000227
    ],
    "obj_class": "pedestrian",
    "point_num_in_lidar": 728,
    "speed": 1.1368683772161603e-12,
    "if_vehicle": false,
    "motion_state": false,
    "pose": [
      [
        0.8500642464678179,
        0.5243137724807841,
        -0.04985824770356087,
        20.12342237671328
      ],
      [
        -0.5243776034325711,
        0.8513889791072666,
        0.012842712836455092,
        27.050882457682746
      ],
      [
        0.049182373828581066,
        0.015227417432216972,
        0.9986737304359872,
        1.5073323149501334
      ],
      [
        0.0,
        0.0,
        0.0,
        1.0
      ]
    ],
    "location": [
      20.12342237671328,
      27.050882457682746,
      1.5073323149501334
    ],
    "rotation": [
      0.015246458433836266,
      -0.0492022233648871,
      -0.5527303479607815
    ]
  },
  {
    "label_id": "SVtwv1xNRMziqE3GDAHqrA",
    "size": [
      0.7819850836713881,
      1.8584476636424367,
      1.9499999999999886
    ],
    "obj_class": "cyclist",
    "point_num_in_lidar": 605,
    "speed": 5.458612145705955,
    "if_vehicle": false,
    "motion_state": true,
    "pose": [
      [
        0.7237825146990763,
        -0.6882245466065647,
        -0.04985824770356087,
        26.592702798319806
      ],
      [
        0.6894891874076449,
        0.7241821077428978,
        0.012842712836455092,
        10.105797298368998
      ],
      [
        0.02726778069126459,
        -0.04367205368702483,
        0.9986737304359872,
        1.4479009387512747
      ],
      [
        0.0,
        0.0,
        0.0,
        1.0
      ]
    ],
    "location": [
      26.592702798319806,
      10.105797298368998,
      1.4479009387512747
    ],
    "rotation": [
      -0.04370220821732644,
      -0.02727116089966843,
      0.7611377193666148
    ]
  },
  {
    "label_id": "TLHLhHvraU9-FXWR_8xBag",
    "size": [
      0.6791927930668521,
      0.8114629329278926,
      1.8199999999999932
    ],
    "obj_class": "pedestrian",
    "point_num_in_lidar": 45,
    "speed": 1.4820010801613992,
    "if_vehicle": false,
    "motion_state": true,
    "pose": [
      [
        -0.7247171655303807,
        -0.6872402673894634,
        -0.04985824770356087,
        48.57270480032457
      ],
      [
        0.6875739563415038,
        -0.7260007708590207,
        0.012842712836455092,
        -0.41286721266806126
      ],
      [
        -0.04502315567019668,
        -0.02497389818523567,
        0.9986737304359872,
        1.9662418506929953
      ],
      [
        0.0,
        0.0,
        0.0,
        1.0
      ]
    ],
    "location": [
      48.57270480032457,
      -0.41286721266806126,
      1.9662418506929953
    ],
    "rotation": [
      -0.025001853498741768,
      0.04503838051939728,
      2.382488395411904
    ]
  },
  {
    "label_id": "TZ_-vRD-wRuJSsIj5_YNaw",
    "size": [
      2.255152981840739,
      4.679410122029367,
      1.509999999999991
    ],
    "obj_class": "vehicle",
    "point_num_in_lidar": 134,
    "speed": 7.56701371858623,
    "if_vehicle": true,
    "motion_state": true,
    "pose": [
      [
        -0.6937172482102009,
        -0.7185196828699942,
        -0.04985824770356087,
        64.36259282646643
      ],
      [
        0.7189096322312254,
        -0.6949848958158478,
        0.012842712836455092,
        6.85449657614663
      ],
      [
        -0.043878471040260096,
        -0.026934363111800832,
        0.9986737304359872,
        1.6982814043728922
      ],
      [
        0.0,
        0.0,
        0.0,
        1.0
      ]
    ],
    "location": [
      64.36259282646643,
      6.85449657614663,
      1.6982814043728922
    ],
    "rotation": [
      -0.02696359637963189,
      0.04389256327102855,
      2.3383626662767156
    ]
  },
  {
    "label_id": "TgaQtjAqhVtWxHvxeKTNCA",
    "size": [
      2.135645358211678,
      4.852355393954673,
      1.4499999999999886
    ],
    "obj_class": "vehicle",
    "point_num_in_lidar": 34,
    "speed": 8.70548640818573,
    "if_vehicle": true,
    "motion_state": true,
    "pose": [
      [
        0.7177709926902295,
        -0.6944918697784827,
        -0.04985824770356087,
        72.07629028707743
      ],
      [
        0.6957599372622484,
        0.7181595744873368,
        0.012842712836455092,
        62.3326585912946
      ],
      [
        0.02688701830465569,
        -0.04390749803569307,
        0.9986737304359872,
        1.178184414054897
      ],
      [
        0.0,
        0.0,
        0.0,
        1.0
      ]
    ],
    "location": [
      72.07629028707743,
      62.3326585912946,
      1.178184414054897
    ],
    "rotation": [
      -0.0439375128359814,
      -0.026890258849206237,
      0.7698277388953038
    ]
  },
  {
    "label_id": "Uym2TQ00DalEua9edk4J5g",
    "size": [
      0.734289222520548,
      0.6340272989327786,
      1.6299999999999955
    ],
    "obj_class": "pedestrian",
    "point_num_in_lidar": 48,
    "speed": 3.457650183405701e-12,
    "if_vehicle": false,
    "motion_state": false,
    "pose": [
      [
        0.546037597565602,
        -0.8362757303549565,
        -0.04985824770356087,
        34.569404624238814
      ],
      [
        0.83759837908591,
        0.5461355327019627,
        0.012842712836455092,
        12.293120441645442
      ],
      [
        0.016489311612125166,
        -0.048773791524009236,
        0.9986737304359872,
        1.5572314158785048
      ],
      [
        0.0,
        0.0,
        0.0,
        1.0
      ]
    ],
    "location": [
      34.569404624238814,
      12.293120441645442,
      1.5572314158785048
    ],
    "rotation": [
      -0.048799790099235206,
      -0.016490058937052333,
      0.9930805446826688
    ]
  },
  {
    "label_id": "VKOuaj8LJhay5wlxyZ-_zg",
    "size": [
      0.7878072383603976,
      1.0479388304352202,
      1.6999999999999886
    ],
    "obj_class": "pedestrian",
    "point_num_in_lidar": 49,
    "speed": 1.4763207877696392,
    "if_vehicle": false,
    "motion_state": true,
    "pose": [
      [
        0.6167899758985906,
        -0.7855471219264611,
        -0.04985824770356087,
        29.26782088809341
      ],
      [
        0.78685621714444,
        0.61700272144306,
        0.012842712836455092,
        42.4198270264169
      ],
      [
        0.020674118413073934,
        -0.04715252872234403,
        0.9986737304359872,
        1.2614656253410317
      ],
      [
        0.0,
        0.0,
        0.0,
        1.0
      ]
    ],
    "location": [
      29.26782088809341,
      42.4198270264169,
      1.2614656253410317
    ],
    "rotation": [
      -0.047180110481863595,
      -0.020675591448842737,
      0.9059707940843899
    ]
  },
  {
    "label_id": "VqYlW6Sp3oyWGU1DfRWBBA",
    "size": [
      0.716169987631172,
      0.900175979290559,
      1.8199999999999932
    ],
    "obj_class": "pedestrian",
    "point_num_in_lidar": 32,
    "speed": 1.561346693398125,
    "if_vehicle": false,
    "motion_state": true,
    "pose": [
      [
        0.5745374989499313,
        -0.8169582715391821,
        -0.04985824770356087,
        30.6632453644379
      ],
      [
        0.8182767587961058,
        0.5746809643107555,
        0.012842712836455092,
        39.34980326737423
      ],
      [
        0.01816062538838245,
        -0.048176465442912264,
        0.9986737304359872,
        1.5622314158777044
      ],
      [
        0.0,
        0.0,
        0.0,
        1.0
      ]
    ],
    "location": [
      30.6632453644379,
      39.34980326737423,
      1.5622314158777044
    ],
    "rotation": [
      -0.048203076674950274,
      -0.018161623790774444,
      0.9586415760496825
    ]
  },
  {
    "label_id": "WLxPidkONZfEWD55dLlKWA",
    "size": [
      2.3401327950742576,
      5.65358485138672,
      2.240000000000009
    ],
    "obj_class": "vehicle",
    "point_num_in_lidar": 310,
    "speed": 9.42082182579706,
    "if_vehicle": true,
    "motion_state": true,
    "pose": [
      [
        0.7154734476818216,
        -0.6968585945500121,
        -0.04985824770356087,
        49.678034396656585
      ],
      [
        0.6981279384494415,
        0.7158578394369466,
        0.012842712836455092,
        40.73801234798157
      ],
      [
        0.026741862661761692,
        -0.04399605571467466,
        0.9986737304359872,
        1.8251152264036818
      ],
      [
        0.0,
        0.0,
        0.0,
        1.0
      ]
    ],
    "location": [
      49.678034396656585,
      40.73801234798157,
      1.8251152264036818
    ],
    "rotation": [
      -0.044026016699727444,
      -0.026745050993540912,
      0.7731283404143303
    ]
  },
  {
    "label_id": "WO_EU5HuGT6OvKJc51rSGg",
    "size": [
      2.3918637837894696,
      0.18455530819637792,
      1.240000000000009
    ],
    "obj_class": "sign",
    "point_num_in_lidar": 264,
    "speed": 0.004862076500032203,
    "if_vehicle": false,
    "motion_state": false,
    "pose": [
      [
        -0.7543724161045376,
        -0.6545505427058577,
        -0.04985824770356087,
        45.28525902673937
      ],
      [
        0.6548271949697804,
        -0.7556695107353544,
        0.012842712836455092,
        9.684215221648628
      ],
      [
        -0.046082562305189104,
        -0.02296034817805787,
        0.9986737304359872,
        3.454054558709686
      ],
      [
        0.0,
        0.0,
        0.0,
        1.0
      ]
    ],
    "location": [
      45.28525902673937,
      9.684215221648628,
      3.454054558709686
    ],
    "rotation": [
      -0.022986790690850464,
      0.04609888808572679,
      2.4267168911666746
    ]
  },
  {
    "label_id": "WlcEoxNhcOjAwPMafiVjug",
    "size": [
      0.8492928062840482,
      1.0100650728563778,
      1.6200000000000045
    ],
    "obj_class": "pedestrian",
    "point_num_in_lidar": 57,
    "speed": 1.5927732526725948,
    "if_vehicle": false,
    "motion_state": true,
    "pose": [
      [
        0.7011431157927178,
        0.7112752535498544,
        -0.04985824770356087,
        23.798279097089107
      ],
      [
        -0.7116520147705389,
        0.7024147454318092,
        0.012842712836455092,
        55.15696420917084
      ],
      [
        0.04415587219739035,
        0.026477142737784426,
        0.9986737304359872,
        0.6469919841820797
      ],
      [
        0.0,
        0.0,
        0.0,
        1.0
      ]
    ],
    "location": [
      23.798279097089107,
      55.15696420917084,
      0.6469919841820797
    ],
    "rotation": [
      0.026506095966051784,
      -0.04417023355414571,
      -0.7928364005061775
    ]
  },
  {
    "label_id": "YeDTe3z8sAGMJ4YCFJfJEg",
    "size": [
      2.0031383562880403,
      4.590736175159691,
      1.420000000000016
    ],
    "obj_class": "vehicle",
    "point_num_in_lidar": 115,
    "speed": 6.8959944376430835,
    "if_vehicle": true,
    "motion_state": true,
    "pose": [
      [
        0.7105863174735183,
        -0.7018413214932236,
        -0.04985824770356087,
        54.54611582104553
      ],
      [
        0.7031133205364686,
        0.7109618296443078,
        0.012842712836455092,
        41.332697382888
      ],
      [
        0.02643376446148711,
        -0.04418185411980695,
        0.9986737304359872,
        1.360824139729516
      ],
      [
        0.0,
        0.0,
        0.0,
        1.0
      ]
    ],
    "location": [
      54.54611582104553,
      41.332697382888,
      1.360824139729516
    ],
    "rotation": [
      -0.04421169995325747,
      -0.02643684383514198,
      0.7801120848479868
    ]
  },
  {
    "label_id": "_fjQGebTZaJgCuKbZhx4IQ",
    "size": [
      1.2552645584974529,
      0.17686029307354367,
      0.39999999999997726
    ],
    "obj_class": "sign",
    "point_num_in_lidar": 158,
    "speed": 0.010977714433665731,
    "if_vehicle": false,
    "motion_state": false,
    "pose": [
      [
        -0.6743510838577608,
        -0.736725709362578,
        -0.04985824770356087,
        38.63164795791454
      ],
      [
        0.7371492539435296,
        -0.6756079056209291,
        0.012842712836455092,
        13.159429413288308
      ],
      [
        -0.04314618303350952,
        -0.028092472776674128,
        0.9986737304359872,
        3.796493462602143
      ],
      [
        0.0,
        0.0,
        0.0,
        1.0
      ]
    ],
    "location": [
      38.63164795791454,
      13.159429413288308,
      3.796493462602143
    ],
    "rotation": [
      -0.02812236441538573,
      0.043159581033123215,
      2.3117334415758153
    ]
  },
  {
    "label_id": "aRZRIcfIs4nYiFJ9pO4wMg",
    "size": [
      0.27722713863974197,
      0.05713983977172629,
      0.41255162241890275
    ],
    "obj_class": "sign",
    "point_num_in_lidar": 77,
    "speed": 0.03225176856088221,
    "if_vehicle": false,
    "motion_state": false,
    "pose": [
      [
        0.7222835467588736,
        0.6897975305967341,
        -0.04985824770356087,
        16.469101927352312
      ],
      [
        -0.6901357544440592,
        0.723565964625845,
        0.012842712836455092,
        23.724098471073376
      ],
      [
        0.04493460269493104,
        0.025132879216635262,
        0.9986737304359872,
        1.3021431206709053
      ],
      [
        0.0,
        0.0,
        0.0,
        1.0
      ]
    ],
    "location": [
      16.469101927352312,
      23.724098471073376,
      1.3021431206709053
    ],
    "rotation": [
      0.025160945538458605,
      -0.044949737832214204,
      -0.7626412932656795
    ]
  },
  {
    "label_id": "bEtCAuntP-b14z2lvs2iBw",
    "size": [
      2.207661791090858,
      5.029448622023461,
      1.5199999999999818
    ],
    "obj_class": "vehicle",
    "point_num_in_lidar": 25,
    "speed": 1.3241769499097293,
    "if_vehicle": true,
    "motion_state": true,
    "pose": [
      [
        0.7005305679190561,
        0.7118785560381313,
        -0.04985824770356087,
        7.0970065483415965
      ],
      [
        -0.7122564117779727,
        0.701801872759091,
        0.012842712836455092,
        52.82660083772498
      ],
      [
        0.04413306348047369,
        0.026515143689932377,
        0.9986737304359872,
        0.0788479034325178
      ],
      [
        0.0,
        0.0,
        0.0,
        1.0
      ]
    ],
    "location": [
      7.0970065483415965,
      52.82660083772498,
      0.0788479034325178
    ],
    "rotation": [
      0.0265441206186425,
      -0.04414740258063258,
      -0.793697768919951
    ]
  },
  {
    "label_id": "bMjmFhgzjcwPiXwbwa_O7g",
    "size": [
      0.5960529665173897,
      0.11968873521254864,
      0.6200000000000045
    ],
    "obj_class": "sign",
    "point_num_in_lidar": 33,
    "speed": 2.3437142008433857e-12,
    "if_vehicle": false,
    "motion_state": false,
    "pose": [
      [
        0.2762705634606516,
        0.9597857734416907,
        -0.04985824770356087,
        18.799074341943196
      ],
      [
        -0.9607241497464034,
        0.2772078152236165,
        0.012842712836455092,
        57.761208920645004
      ],
      [
        0.026147348989608576,
        0.04435195912115829,
        0.9986737304359872,
        2.010844480472201
      ],
      [
        0.0,
        0.0,
        0.0,
        1.0
      ]
    ],
    "location": [
      18.799074341943196,
      57.761208920645004,
      2.010844480472201
    ],
    "rotation": [
      0.044381696854563855,
      -0.02615032932670086,
      -1.2907865414846291
    ]
  },
  {
    "label_id": "bPMK7TgtjwoTv5hQSCP8jA",
    "size": [
      0.7998748670087036,
      0.9173820566957147,
      1.6800000000000068
    ],
    "obj_class": "pedestrian",
    "point_num_in_lidar": 50,
    "speed": 1.517238367844865,
    "if_vehicle": false,
    "motion_state": true,
    "pose": [
      [
        0.7811443406578321,
        -0.6223565490891624,
        -0.04985824770356087,
        51.407402745244326
      ],
      [
        0.6235814418263763,
        0.78165289619929,
        0.012842712836455092,
        27.403271329181734
      ],
      [
        0.030979097275070675,
        -0.04112269044081369,
        0.9986737304359872,
        1.4539268132330108
      ],
      [
        0.0,
        0.0,
        0.0,
        1.0
      ]
    ],
    "location": [
      51.407402745244326,
      27.403271329181734,
      1.4539268132330108
    ],
    "rotation": [
      -0.04115405328885371,
      -0.030984054545929108,
      0.6736987388469247
    ]
  },
  {
    "label_id": "dVT_TNeOHH9G7d0TcHcBZA",
    "size": [
      2.3751147110738655,
      5.193980647294666,
      1.8100000000000023
    ],
    "obj_class": "vehicle",
    "point_num_in_lidar": 4464,
    "speed": 6.345028969355022,
    "if_vehicle": true,
    "motion_state": true,
    "pose": [
      [
        0.724287135737665,
        -0.6876934637909972,
        -0.04985824770356087,
        28.709213118338084
      ],
      [
        0.688957811148607,
        0.7246876562936068,
        0.012842712836455092,
        16.090018444214365
      ],
      [
        0.027299807000224725,
        -0.04365204090096776,
        0.9986737304359872,
        1.5980391081366179
      ],
      [
        0.0,
        0.0,
        0.0,
        1.0
      ]
    ],
    "location": [
      28.709213118338084,
      16.090018444214365,
      1.5980391081366179
    ],
    "rotation": [
      -0.04368220708466065,
      -0.02730319913556798,
      0.7604046419991969
    ]
  },
  {
    "label_id": "e2bzkmFKpqpZIkDvbwTXQg",
    "size": [
      0.8007632412621767,
      0.6883712502822164,
      1.6899999999999977
    ],
    "obj_class": "pedestrian",
    "point_num_in_lidar": 22,
    "speed": 3.410605131648481e-12,
    "if_vehicle": false,
    "motion_state": false,
    "pose": [
      [
        -0.9502509070854553,
        0.30746929719762184,
        -0.04985824770356087,
        59.80286625169538
      ],
      [
        -0.30843669586268746,
        -0.9511581726360282,
        0.012842712836455092,
        58.67227962126344
      ],
      [
        -0.04347433988661768,
        0.02758191270546921,
        0.9986737304359872,
        1.7084631535516337
      ],
      [
        0.0,
        0.0,
        0.0,
        1.0
      ]
    ],
    "location": [
      59.80286625169538,
      58.67227962126344,
      1.7084631535516337
    ],
    "rotation": [
      0.027611523223431696,
      0.04348804609620782,
      -2.8277366246770512
    ]
  },
  {
    "label_id": "e5WABDJjos2c3aWy1M4gNA",
    "size": [
      1.0000608357882823,
      0.10503519766416149,
      0.7300000000000182
    ],
    "obj_class": "sign",
    "point_num_in_lidar": 34,
    "speed": 0.013032873912950396,
    "if_vehicle": false,
    "motion_state": false,
    "pose": [
      [
        -0.7164489863459125,
        0.6958555921308995,
        -0.04985824770356087,
        60.999459427217516
      ],
      [
        -0.6971243962839658,
        -0.7168351559687322,
        0.012842712836455092,
        39.179314840097504
      ],
      [
        -0.02680347122353118,
        0.04395854942373118,
        0.9986737304359872,
        4.232512055220639
      ],
      [
        0.0,
        0.0,
        0.0,
        1.0
      ]
    ],
    "location": [
      60.999459427217516,
      39.179314840097504,
      4.232512055220639
