[
  {
    "label_id": "-nBiv0OOg0fPLgefHhGq8g",
    "size": [
      1.5747958547547825,
      0.1656706936286259,
      1.6499999999999773
    ],
    "obj_class": "sign",
    "point_num_in_lidar": 258,
    "speed": 0.0010442370426148508,
    "if_vehicle": false,
    "motion_state": false,
    "pose": [
      [
        -0.7439190526029269,
        -0.6669192906262744,
        -0.04246295991697503,
        15.24742144526681
      ],
      [
        0.6666481443204211,
        -0.7450381154866197,
        0.02232617625760096,
        37.131330695898214
      ],
      [
        -0.04652628126664334,
        -0.01169898554120336,
        0.9988485565333736,
        1.5091569341659579
      ],
      [
        0.0,
        0.0,
        0.0,
        1.0
      ]
    ],
    "location": [
      15.24742144526681,
      37.131330695898214,
      1.5091569341659579
    ],
    "rotation": [
      -0.011711936254319317,
      0.046543083505965394,
      2.4109198194675954
    ]
  },
  {
    "label_id": "0TTpzF8WjDXQbo0lfz9cHQ",
    "size": [
      2.1575446701944854,
      5.032259334955597,
      2.0300000000000296
    ],
    "obj_class": "vehicle",
    "point_num_in_lidar": 1574,
    "speed": 4.607845996495217,
    "if_vehicle": true,
    "motion_state": true,
    "pose": [
      [
        -0.2918544609981219,
        -0.9555196861554373,
        -0.04246295991697503,
        27.070414446032373
      ],
      [
        0.9558662962104426,
        -0.29295249721182615,
        0.02232617625760096,
        38.26336712931516
      ],
      [
        -0.03377273107739735,
        -0.03407291808416021,
        0.9988485565333736,
        1.628590502940142
      ],
      [
        0.0,
        0.0,
        0.0,
        1.0
      ]
    ],
    "location": [
      27.070414446032373,
      38.26336712931516,
      1.628590502940142
    ],
    "rotation": [
      -0.034098974119340444,
      0.033779154556257934,
      1.8671356410526325
    ]
  },
  {
    "label_id": "0jw4kmyd3WAM6MTC97B0nA",
    "size": [
      1.9708569114655408,
      4.39763427653422,
      1.5199999999999818
    ],
    "obj_class": "vehicle",
    "point_num_in_lidar": 118,
    "speed": 7.187794781130349,
    "if_vehicle": true,
    "motion_state": true,
    "pose": [
      [
        0.7277485694167628,
        -0.6845282439366143,
        -0.04246295991697503,
        54.21538091736875
      ],
      [
        0.6856663068120774,
        0.7275735409952734,
        0.02232617625760096,
        40.6605828077154
      ],
      [
        0.01561202788049897,
        -0.045363263734597134,
        0.9988485565333736,
        1.3813602922953123
      ],
      [
        0.0,
        0.0,
        0.0,
        1.0
      ]
    ],
    "location": [
      54.21538091736875,
      40.6605828077154,
      1.3813602922953123
    ],
    "rotation": [
      -0.045384371467630004,
      -0.015612662150750002,
      0.7556334883662699
    ]
  },
  {
    "label_id": "2CpjYc56hQBrnDK--b90vw",
    "size": [
      2.092649959326711,
      4.9752400927945954,
      1.6000000000000227
    ],
    "obj_class": "vehicle",
    "point_num_in_lidar": 458,
    "speed": 0.030300479381119603,
    "if_vehicle": true,
    "motion_state": false,
    "pose": [
      [
        0.7007702636427996,
        0.71212213462937,
        -0.04246295991697503,
        15.097486018355994
      ],
      [
        -0.711921478872783,
        0.7019040887281568,
        0.02232617625760096,
        45.25738040632132
      ],
      [
        0.04570388947989896,
        0.014584772799233937,
        0.9988485565333736,
        0.5828398724850103
      ],
      [
        0.0,
        0.0,
        0.0,
        1.0
      ]
    ],
    "location": [
      15.097486018355994,
      45.25738040632132,
      0.5828398724850103
    ],
    "rotation": [
      0.01460054811570754,
      -0.04571981584900378,
      -0.7932915935752172
    ]
  },
  {
    "label_id": "3vxR4BMySQkzU5WY1a3UZA",
    "size": [
      0.9684339589657476,
      1.113997459645816,
      1.670000000000016
    ],
    "obj_class": "pedestrian",
    "point_num_in_lidar": 68,
    "speed": 0.007651384238456738,
    "if_vehicle": false,
    "motion_state": false,
    "pose": [
      [
        -0.729726127960006,
        -0.6824197207053636,
        -0.04246295991697503,
        40.394336461820785
      ],
      [
        0.6821721733501376,
        -0.730850646685398,
        0.02232617625760096,
        1.3309187748018303
      ],
      [
        -0.0462699046816281,
        -0.012675055500830873,
        0.9988485565333736,
        1.7125175183482497
      ],
      [
        0.0,
        0.0,
        0.0,
        1.0
      ]
    ],
    "location": [
      40.394336461820785,
      1.3309187748018303,
      1.7125175183482497
    ],
    "rotation": [
      -0.01268898587164864,
      0.046286430512295314,
      2.389862626948454
    ]
  },
  {
    "label_id": "4deOw6lqLB-zrUwaY_1cJQ",
    "size": [
      0.85444539262201,
      0.8592273072740529,
      1.8999999999999773
    ],
    "obj_class": "pedestrian",
    "point_num_in_lidar": 21,
    "speed": 1.4254090924785228,
    "if_vehicle": false,
    "motion_state": true,
    "pose": [
      [
        -0.7210353676103888,
        -0.6915959049112719,
        -0.04246295991697503,
        68.13595741567042
      ],
      [
        0.6913626021376617,
        -0.7221629277518724,
        0.02232617625760096,
        -18.273749984567985
      ],
      [
        -0.046105867526737176,
        -0.013259339757433443,
        0.9988485565333736,
        2.326793813124027
      ],
      [
        0.0,
        0.0,
        0.0,
        1.0
      ]
    ],
    "location": [
      68.13595741567042,
      -18.273749984567985,
      2.326793813124027
    ],
    "rotation": [
      -0.013273845087527839,
      0.04612221810482749,
      2.3772001852705866
    ]
  },
  {
    "label_id": "50a3QF2RZDCtOnldBiWQvg",
    "size": [
      0.9798482092526624,
      1.2007347169346758,
      1.7699999999999818
    ],
    "obj_class": "pedestrian",
    "point_num_in_lidar": 73,
    "speed": 1.6471763431447501,
    "if_vehicle": false,
    "motion_state": true,
    "pose": [
      [
        0.7824836810628043,
        -0.6212215272392716,
        -0.04246295991697503,
        38.09071340685841
      ],
      [
        0.6223702457351181,
        0.7824045111560409,
        0.02232617625760096,
        46.61898632591328
      ],
      [
        0.019353710083919378,
        -0.0438975513802728,
        0.9988485565333736,
        1.5245004596698664
      ],
      [
        0.0,
        0.0,
        0.0,
        1.0
      ]
    ],
    "location": [
      38.09071340685841,
      46.61898632591328,
      1.5245004596698664
    ],
    "rotation": [
      -0.04391989352731111,
      -0.019354918494878987,
      0.6719162418677306
    ]
  },
  {
    "label_id": "5_zmLzwQKAevERrLBkFozQ",
    "size": [
      0.7835333369566759,
      0.9696308335805952,
      1.6348377581119848
    ],
    "obj_class": "pedestrian",
    "point_num_in_lidar": 255,
    "speed": 1.6028318005079711,
    "if_vehicle": false,
    "motion_state": true,
    "pose": [
      [
        -0.7217331676074562,
        0.6908676659175742,
        -0.04246295991697503,
        24.646948959758447
      ],
      [
        -0.6920041542839555,
        -0.7215481912578412,
        0.02232617625760096,
        35.940117462967464
      ],
      [
        -0.015214638643594408,
        0.04549808657670053,
        0.9988485565333736,
        1.3903211534416755
      ],
      [
        0.0,
        0.0,
        0.0,
        1.0
      ]
    ],
    "location": [
      24.646948959758447,
      35.940117462967464,
      1.3903211534416755
    ],
    "rotation": [
      0.04551907107527959,
      0.015215225698767602,
      -2.3772200597380206
    ]
  },
  {
    "label_id": "5aghV-Mnu97AiqC4x6jYuA",
    "size": [
      0.9149321908410647,
      0.9082561679242644,
      1.8100000000000023
    ],
    "obj_class": "pedestrian",
    "point_num_in_lidar": 21,
    "speed": 1.3852791331420957,
    "if_vehicle": false,
    "motion_state": true,
    "pose": [
      [
        -0.7392732615507395,
        -0.6720654296950718,
        -0.04246295991697503,
        73.1268319356277
      ],
      [
        0.6718020553081631,
        -0.7403941790272546,
        0.02232617625760096,
        6.6888581904931925
      ],
      [
        -0.046443979586808445,
        -0.01202155860677863,
        0.9988485565333736,
        1.9105340955377415
      ],
      [
        0.0,
        0.0,
        0.0,
        1.0
      ]
    ],
    "location": [
      73.1268319356277,
      6.6888581904931925,
      1.9105340955377415
    ],
    "rotation": [
      -0.01203483564414295,
      0.046460692760229926,
      2.4039735531933086
    ]
  },
  {
    "label_id": "6i_mPMYxgh2SXwhx4Y83Bg",
    "size": [
      0.7184178508097123,
      0.8689585357133183,
      1.6299999999999955
    ],
    "obj_class": "pedestrian",
    "point_num_in_lidar": 174,
    "speed": 1.2122252984377615,
    "if_vehicle": false,
    "motion_state": true,
    "pose": [
      [
        0.673401279029099,
        -0.7380566471735507,
        -0.04246295991697503,
        16.79535661290356
      ],
      [
        0.7391780391198973,
        0.6731399322106647,
        0.02232617625760096,
        26.327795307945053
      ],
      [
        0.012105531167086049,
        -0.046422163094353985,
        0.9988485565333736,
        1.6034550420954474
      ],
      [
        0.0,
        0.0,
        0.0,
        1.0
      ]
    ],
    "location": [
      16.79535661290356,
      26.327795307945053,
      1.6034550420954474
    ],
    "rotation": [
      -0.046442258198812036,
      -0.012105826851846194,
      0.831929554422523
    ]
  },
  {
    "label_id": "75ds1F0rzK-LvwVANh4abg",
    "size": [
      0.9408747811890282,
      0.989888118529052,
      1.8999999999999773
    ],
    "obj_class": "pedestrian",
    "point_num_in_lidar": 38,
    "speed": 1.4490171521957802,
    "if_vehicle": false,
    "motion_state": true,
    "pose": [
      [
        -0.7502525413055904,
        0.6597863451903145,
        -0.04246295991697503,
        58.41946683288916
      ],
      [
        -0.6609296287507477,
        -0.7501157028706393,
        0.02232617625760096,
        36.164304881487624
      ],
      [
        -0.0171216267890122,
        0.04481529880848584,
        0.9988485565333736,
        1.6055340955377915
      ],
      [
        0.0,
        0.0,
        0.0,
        1.0
      ]
    ],
    "location": [
      58.41946683288916,
      36.164304881487624,
      1.6055340955377915
    ],
    "rotation": [
      0.04483689049734082,
      0.017122463433830393,
      -2.4194066758065813
    ]
  },
  {
    "label_id": "B8fPu6MBHzAg6h1H20TSaA",
    "size": [
      0.8382083337765223,
      0.9355274055124028,
      1.6899999999999977
    ],
    "obj_class": "pedestrian",
    "point_num_in_lidar": 76,
    "speed": 0.7640803709875973,
    "if_vehicle": false,
    "motion_state": false,
    "pose": [
      [
        0.6937901984727834,
        0.718924236299059,
        -0.04246295991697503,
        40.57499313554945
      ],
      [
        -0.7187346505066843,
        0.6949259269985176,
        0.02232617625760096,
        40.36488371932501
      ],
      [
        0.045559440998878716,
        0.015029918398507078,
        0.9988485565333736,
        1.5420534366958805
      ],
      [
        0.0,
        0.0,
        0.0,
        1.0
      ]
    ],
    "location": [
      40.57499313554945,
      40.36488371932501,
      1.5420534366958805
    ],
    "rotation": [
      0.015046108940559539,
      -0.04557521674374488,
      -0.8030558063773542
    ]
  },
  {
    "label_id": "CgFRFNYw3lhQVZrCFzpkrQ",
    "size": [
      1.0433323492974842,
      0.2471041857061209,
      0.9900000000000091
    ],
    "obj_class": "sign",
    "point_num_in_lidar": 25,
    "speed": 1.1368683772161603e-12,
    "if_vehicle": false,
    "motion_state": false,
    "pose": [
      [
        0.79330693162868,
        0.6073392867787973,
        -0.04246295991697503,
        80.57084302817384
      ],
      [
        -0.6069823384236539,
        0.794401650738131,
        0.02232617625760096,
        -4.026447336022102
      ],
      [
        0.047292209418061136,
        0.008062756324876887,
        0.9988485565333736,
        4.5035858111049265
      ],
      [
        0.0,
        0.0,
        0.0,
        1.0
      ]
    ],
    "location": [
      80.57084302817384,
      -4.026447336022102,
      4.5035858111049265
    ],
    "rotation": [
      0.0080718755223516,
      -0.047309855773364294,
      -0.6531137240060119
    ]
  },
  {
    "label_id": "DAcKn9aTrB4-lrjIfVddfQ",
    "size": [
      0.7896825755497281,
      0.696373814229446,
      1.6000000000000227
    ],
    "obj_class": "pedestrian",
    "point_num_in_lidar": 36,
    "speed": 3.5950934718225418e-12,
    "if_vehicle": false,
    "motion_state": false,
    "pose": [
      [
        -0.9915420046437751,
        0.12264318188180441,
        -0.04246295991697503,
        51.20447815067746
      ],
      [
        -0.12366496289999737,
        -0.9920728394652566,
        0.02232617625760096,
        49.52241715947457
      ],
      [
        -0.039388195921446614,
        0.0273885219252487,
        0.9988485565333736,
        1.6534631535517974
      ],
      [
        0.0,
        0.0,
        0.0,
        1.0
      ]
    ],
    "location": [
      51.20447815067746,
      49.52241715947457,
      1.6534631535517974
    ],
    "rotation": [
      0.027413225673843116,
      0.039398387709703366,
      -3.0175135156854793
    ]
  },
  {
    "label_id": "FqDLscv22zrS8LMeqQkvOw",
    "size": [
      0.5921094252572867,
      0.6336357990949182,
      1.75
    ],
    "obj_class": "pedestrian",
    "point_num_in_lidar": 31,
    "speed": 2.8421709430404007e-12,
    "if_vehicle": false,
    "motion_state": false,
    "pose": [
      [
        -0.5799297821079249,
        -0.8135590604617124,
        -0.04246295991697503,
        53.013075670180115
      ],
      [
        0.8135393944541323,
        -0.5810810576201211,
        0.02232617625760096,
        31.892401017008524
      ],
      [
        -0.042838084638073086,
        -0.021597676165212305,
        0.9988485565333736,
        1.4705340955376869
      ],
      [
        0.0,
        0.0,
        0.0,
        1.0
      ]
    ],
    "location": [
      53.013075670180115,
      31.892401017008524,
      1.4705340955376869
    ],
    "rotation": [
      -0.021619204506164228,
      0.042851197508377015,
      2.1900930445180364
    ]
  },
  {
    "label_id": "IEf0L1hK0QJytY6Vmcwj0Q",
    "size": [
      0.7678788597456627,
      1.1534359156285063,
      1.839999999999975
    ],
    "obj_class": "pedestrian",
    "point_num_in_lidar": 37,
    "speed": 1.391962235087002,
    "if_vehicle": false,
    "motion_state": true,
    "pose": [
      [
        -0.7281932909441167,
        0.6840551352479319,
        -0.04246295991697503,
        35.924222213849134
      ],
      [
        -0.6851933116341038,
        -0.7280190021871713,
        0.02232617625760096,
        11.467814098323288
      ],
      [
        -0.015641506189207625,
        0.04535310789051917,
        0.9988485565333736,
        1.7136857543022188
      ],
      [
        0.0,
        0.0,
        0.0,
        1.0
      ]
    ],
    "location": [
      35.924222213849134,
      11.467814098323288,
      1.7136857543022188
    ],
    "rotation": [
      0.04537422483966555,
      0.015642144059359347,
      -2.3866084759595965
    ]
  },
  {
    "label_id": "Irfp6gSCdLpobVkk39GvCg",
    "size": [
      0.7417760791690426,
      1.1326184300815785,
      1.8400000000000318
    ],
    "obj_class": "pedestrian",
    "point_num_in_lidar": 52,
    "speed": 1.361350198524405,
    "if_vehicle": false,
    "motion_state": true,
    "pose": [
      [
        0.9480822422673839,
        -0.31517766248949053,
        -0.04246295991697503,
        36.627493997195415
      ],
      [
        0.316283861245842,
        0.9484018457221262,
        0.02232617625760096,
        45.91147654885572
      ],
      [
        0.03323523751488475,
        -0.03459740017003143,
        0.9988485565333736,
        1.4886310454982095
      ],
      [
        0.0,
        0.0,
        0.0,
        1.0
      ]
    ],
    "location": [
      36.627493997195415,
      45.91147654885572,
      1.4886310454982095
    ],
    "rotation": [
      -0.03462344107878089,
      -0.03324135906020915,
      0.3219939760100434
    ]
  },
  {
    "label_id": "MQpQK2kzZfJnvO5GRR-ocg",
    "size": [
      0.6528417423385099,
      0.8721263315164834,
      1.6800000000000068
    ],
    "obj_class": "pedestrian",
    "point_num_in_lidar": 980,
    "speed": 1.1535698818281765,
    "if_vehicle": false,
    "motion_state": true,
    "pose": [
      [
        0.6639430634736365,
        -0.7465765235395044,
        -0.04246295991697503,
        17.381188534316607
      ],
      [
        0.7476944946517194,
        0.6636674502499159,
        0.02232617625760096,
        25.970432744339632
      ],
      [
        0.011513085283833257,
        -0.04657263121666281,
        0.9988485565333736,
        1.6231494105715
      ],
      [
        0.0,
        0.0,
        0.0,
        1.0
      ]
    ],
    "location": [
      17.381188534316607,
      25.970432744339632,
      1.6231494105715
    ],
    "rotation": [
      -0.04659257404235565,
      -0.011513339644421626,
      0.8446579715607737
    ]
  },
  {
    "label_id": "NHlv6cGf7h-bBMSpm-Zh7A",
    "size": [
      0.9098943185394935,
      0.7449380051051133,
      1.8899999999999864
    ],
    "obj_class": "pedestrian",
    "point_num_in_lidar": 157,
    "speed": 2.3437142008433857e-12,
    "if_vehicle": false,
    "motion_state": false,
    "pose": [
      [
        -0.8023698704409831,
        0.5953146126575506,
        -0.04246295991697503,
        34.93051001186177
      ],
      [
        -0.5964653050395964,
        -0.80232828800793,
        0.02232617625760096,
        12.640109978776309
      ],
      [
        -0.020778134963018013,
        0.0432415334910165,
        0.9988485565333736,
        1.7036213521545847
      ],
      [
        0.0,
        0.0,
        0.0,
        1.0
      ]
    ],
    "location": [
      34.93051001186177,
      12.640109978776309,
      1.7036213521545847
    ],
    "rotation": [
      0.0432643666837108,
      0.020779630347350014,
      -2.502342153485013
    ]
  },
  {
    "label_id": "OuZ9z9qaKV3nsqnICSdpHQ",
    "size": [
      0.8617775315297623,
      0.9056348031139417,
      1.7900000000000205
    ],
    "obj_class": "pedestrian",
    "point_num_in_lidar": 41,
    "speed": 1.4980995349131558,
    "if_vehicle": false,
    "motion_state": true,
    "pose": [
      [
        -0.7373510579906212,
        -0.6741738012673002,
        -0.04246295991697503,
        43.930569099462446
      ],
      [
        0.6739136289116106,
        -0.7384727230039704,
        0.02232617625760096,
        5.2691500573273515
      ],
      [
        -0.04640946075204758,
        -0.01215413772754975,
        0.9988485565333736,
        1.8559634450037947
      ],
      [
        0.0,
        0.0,
        0.0,
        1.0
      ]
    ],
    "location": [
      43.930569099462446,
      5.2691500573273515,
      1.8559634450037947
    ],
    "rotation": [
      -0.012167548161895221,
      0.04642613666357509,
      2.4011150176979204
    ]
  },
  {
    "label_id": "R0591s_SOgmmTLEB231ofA",
    "size": [
      0.7662604966492014,
      0.8033125028596259,
      1.8999999999999773
    ],
    "obj_class": "pedestrian",
    "point_num_in_lidar": 107,
    "speed": 0.03848299839271424,
    "if_vehicle": false,
    "motion_state": false,
    "pose": [
      [
        0.6903974998976222,
        0.7221829333141307,
        -0.04246295991697503,
        35.58814745006384
      ],
      [
        -0.7219986971272909,
        0.6915341084864933,
        0.02232617625760096,
        43.486076585162664
      ],
      [
        0.04548816858928559,
        0.015244265465702995,
        0.9988485565333736,
        1.5322314158785844
      ],
      [
        0.0,
        0.0,
        0.0,
        1.0
      ]
    ],
    "location": [
      35.58814745006384,
      43.486076585162664,
      1.5322314158785844
    ],
    "rotation": [
      0.015260653827570246,
      -0.04550387036607755,
      -0.807768604251693
    ]
  },
  {
    "label_id": "Rrloo1mL4Y4Wxo3m2aZgww",
    "size": [
      0.9053258598700504,
      0.9954942177719204,
      1.920000000000016
    ],
    "obj_class": "pedestrian",
    "point_num_in_lidar": 31,
    "speed": 1.3396223605596536,
    "if_vehicle": false,
    "motion_state": true,
    "pose": [
      [
        -0.7011490825675174,
        -0.711749155988132,
        -0.04246295991697503,
        72.32691216990497
      ],
      [
        0.7115478969549017,
        -0.7022828007240183,
        0.02232617625760096,
        8.52635743081919
      ],
      [
        -0.045711643525314705,
        -0.014560451827146274,
        0.9988485565333736,
        2.005534095537598
      ],
      [
        0.0,
        0.0,
        0.0,
        1.0
      ]
    ],
    "location": [
      72.32691216990497,
      8.52635743081919,
      2.005534095537598
    ],
    "rotation": [
      -0.014576204288720161,
      0.045727578007008905,
      2.3488336571698403
    ]
  },
  {
    "label_id": "SSNlDFCI-EZrjNybBfB66g",
    "size": [
      0.8845761990460328,
      0.9635875842650421,
      1.6000000000000227
    ],
    "obj_class": "pedestrian",
    "point_num_in_lidar": 1049,
    "speed": 1.1368683772161603e-12,
    "if_vehicle": false,
    "motion_state": false,
    "pose": [
      [
        0.617610448307297,
        0.7853370175770076,
        -0.04246295991697503,
        20.123422376716917
      ],
      [
        -0.7852631400479074,
        0.6187595193092508,
        0.02232617625760096,
        27.050882457682746
      ],
      [
        0.04380793334271838,
        0.019555717512687587,
        0.9988485565333736,
        1.5073323149500197
      ],
      [
        0.0,
        0.0,
        0.0,
        1.0
      ]
    ],
    "location": [
      20.123422376716917,
      27.050882457682746,
      1.5073323149500197
    ],
    "rotation": [
      0.01957575984504207,
      -0.043821957680866226,
      -0.9043406925488023
    ]
  },
  {
    "label_id": "SVtwv1xNRMziqE3GDAHqrA",
    "size": [
      0.7819850836611222,
      1.8584476636424367,
      1.9499999999999886
    ],
    "obj_class": "cyclist",
    "point_num_in_lidar": 413,
    "speed": 5.244077644880809,
    "if_vehicle": false,
    "motion_state": true,
    "pose": [
      [
        0.740928381261622,
        -0.6702402784644638,
        -0.04246295991697503,
        36.45864515418725
      ],
      [
        0.6713815311329162,
        0.740775527071012,
        0.02232617625760096,
        19.250917974786717
      ],
      [
        0.016491618921551272,
        -0.045050944679800274,
        0.9988485565333736,
        1.695946348024222
      ],
      [
        0.0,
        0.0,
        0.0,
        1.0
      ]
    ],
    "location": [
      36.45864515418725,
      19.250917974786717,
      1.695946348024222
    ],
    "rotation": [
      -0.04507233156459565,
      -0.016492366560262046,
      0.7361945740804753
    ]
  },
  {
    "label_id": "TLHLhHvraU9-FXWR_8xBag",
    "size": [
      0.6791927930631395,
      0.8114629329278926,
      1.8199999999999932
    ],
    "obj_class": "pedestrian",
    "point_num_in_lidar": 55,
    "speed": 1.524946432301074,
    "if_vehicle": false,
    "motion_state": true,
    "pose": [
      [
        -0.7035752230428775,
        -0.7093509727597861,
        -0.04246295991697503,
        45.832126313183835
      ],
      [
        0.7091458438825838,
        -0.704708247402975,
        0.02232617625760096,
        2.2643797168057063
      ],
      [
        -0.04576109290896993,
        -0.0144042871039394,
        0.9988485565333736,
        1.9171253024210841
      ],
      [
        0.0,
        0.0,
        0.0,
        1.0
      ]
    ],
    "location": [
      45.832126313183835,
      2.2643797168057063,
      1.9171253024210841
    ],
    "rotation": [
      -0.014419892404028264,
      0.045777079191442215,
      2.3522513254031976
    ]
  },
  {
    "label_id": "TZ_-vRD-wRuJSsIj5_YNaw",
    "size": [
      2.255152981846149,
      4.679410122029367,
      1.509999999999991
    ],
    "obj_class": "vehicle",
    "point_num_in_lidar": 216,
    "speed": 3.544593463078681,
    "if_vehicle": true,
    "motion_state": true,
    "pose": [
      [
        -0.6859507743614115,
        -0.726407896562303,
        -0.04246295991697503,
        54.639595576423744
      ],
      [
        0.7262306418550096,
        -0.6870884926154529,
        0.02232617625760096,
        17.113740232809505
      ],
      [
        -0.04539372185490791,
        -0.015523244743137585,
        0.9988485565333736,
        1.5449205111958122
      ],
      [
        0.0,
        0.0,
        0.0,
        1.0
      ]
    ],
    "location": [
      54.639595576423744,
      17.113740232809505,
      1.5449205111958122
    ],
    "rotation": [
      -0.015539888466266928,
      0.0454093259698305,
      2.3276790679816415
    ]
  },
  {
    "label_id": "Uym2TQ00DalEua9edk4J5g",
    "size": [
      0.7342892225205503,
      0.6340272989327786,
      1.6299999999999955
    ],
    "obj_class": "pedestrian",
    "point_num_in_lidar": 121,
    "speed": 3.457650183405701e-12,
    "if_vehicle": false,
    "motion_state": false,
    "pose": [
      [
        0.5462244314945742,
        -0.8365618730694812,
        -0.04246295991697503,
        34.569404624235176
      ],
      [
        0.8376267868762711,
        0.5457865038282356,
        0.02232617625760096,
        12.293120441645442
      ],
      [
        0.0044984826067462685,
        -0.04776321561026743,
        0.9988485565333736,
        1.5572314158781637
      ],
      [
        0.0,
        0.0,
        0.0,
        1.0
      ]
    ],
    "location": [
      34.569404624235176,
      12.293120441645442,
      1.5572314158781637
    ],
    "rotation": [
      -0.04778187868298921,
      -0.004498497779026007,
      0.9929395440110939
    ]
  },
  {
    "label_id": "VqYlW6Sp3oyWGU1DfRWBBA",
    "size": [
      0.7161699876267046,
      0.900175979290559,
      1.8199999999999932
    ],
    "obj_class": "pedestrian",
    "point_num_in_lidar": 133,
    "speed": 1.3877571890261198,
    "if_vehicle": false,
    "motion_state": true,
    "pose": [
      [
        0.6287584329120849,
        -0.7764404227479588,
        -0.04246295991697503,
        32.81089958289522
      ],
      [
        0.7775444735742446,
        0.62843148669355,
        0.02232617625760096,
        42.06869589784037
      ],
      [
        0.009350115298236112,
        -0.04705461141169677,
        0.9988485565333736,
        1.3418212407783017
      ],
      [
        0.0,
        0.0,
        0.0,
        1.0
      ]
    ],
    "location": [
      32.81089958289522,
      42.06869589784037,
      1.3418212407783017
    ],
    "rotation": [
      -0.0470740522399395,
      -0.009350251542031885,
      0.8908054639248854
    ]
  },
  {
    "label_id": "WLxPidkONZfEWD55dLlKWA",
    "size": [
      2.3401327950705686,
      5.65358485138672,
      2.240000000000009
    ],
    "obj_class": "vehicle",
    "point_num_in_lidar": 124,
    "speed": 9.7001350976157,
    "if_vehicle": true,
    "motion_state": true,
    "pose": [
      [
        0.725032108720303,
        -0.6874047849409257,
        -0.04246295991697503,
        67.02801627489316
      ],
      [
        0.6885421457745535,
        0.724852574904641,
        0.02232617625760096,
        57.518546587918536
      ],
      [
        0.01543226544498252,
        -0.045424732188882426,
        0.9988485565333736,
        1.5706749389783567
      ],
      [
        0.0,
        0.0,
        0.0,
        1.0
      ]
    ],
    "location": [
      67.02801627489316,
      57.518546587918536,
      1.5706749389783567
    ],
    "rotation": [
      -0.04544578394153967,
      -0.015432878055362927,
      0.7595899252340289
    ]
  },
  {
    "label_id": "WO_EU5HuGT6OvKJc51rSGg",
    "size": [
      2.3918637837894696,
      0.18455530819637792,
      1.240000000000009
    ],
    "obj_class": "sign",
    "point_num_in_lidar": 303,
    "speed": 0.004862076508553645,
    "if_vehicle": false,
    "motion_state": false,
    "pose": [
      [
        -0.7546305345253811,
        -0.6547745057628824,
        -0.04246295991697503,
        45.282219041448116
      ],
      [
        0.6544852576878496,
        -0.7557450557714445,
        0.02232617625760096,
        9.695982043973345
      ],
      [
        -0.04670978303532057,
        -0.010943366940268949,
        0.9988485565333736,
        3.449535846127276
      ],
      [
        0.0,
        0.0,
        0.0,
        1.0
      ]
    ],
    "location": [
      45.282219041448116,
      9.695982043973345,
      3.449535846127276
    ],
    "rotation": [
      -0.010955543804096362,
      0.04672678499727169,
      2.4271447833197053
    ]
  },
  {
    "label_id": "WlcEoxNhcOjAwPMafiVjug",
    "size": [
      0.8492928062826308,
      1.0100650728563778,
      1.6200000000000045
    ],
    "obj_class": "pedestrian",
    "point_num_in_lidar": 79,
    "speed": 1.5049576282731043,
    "if_vehicle": false,
    "motion_state": true,
    "pose": [
      [
        0.6815618730472801,
        0.7305274192276241,
        -0.04246295991697503,
        26.66611783326516
      ],
      [
        -0.730357022245962,
        0.6827006385742773,
        0.02232617625760096,
        52.446219838755496
      ],
      [
        0.045299373773759075,
        0.015796450452597303,
        0.9988485565333736,
        0.8556160500666579
      ],
      [
        0.0,
        0.0,
        0.0,
        1.0
      ]
    ],
    "location": [
      26.66611783326516,
      52.446219838755496,
      0.8556160500666579
    ],
    "rotation": [
      0.01581334190368294,
      -0.04531488073436318,
      -0.8199438706690249
    ]
  },
  {
    "label_id": "XD_2_kZ1u4Vl7oYczSiLpA",
    "size": [
      0.6787775717073462,
      0.8476253110203122,
      2.009999999999991
    ],
    "obj_class": "pedestrian",
    "point_num_in_lidar": 23,
    "speed": 1.3150022197095848,
    "if_vehicle": false,
    "motion_state": true,
    "pose": [
      [
        -0.6733371277556041,
        -0.7381151735474097,
        -0.04246295991697503,
        75.54956379495707
      ],
      [
        0.7379575415652707,
        -0.6744777303222519,
        0.02232617625760096,
        4.882157600586652
      ],
      [
        -0.04511961029059527,
        -0.016302818112857134,
        0.9988485565333736,
        1.997435149565888
      ],
      [
        0.0,
        0.0,
        0.0,
        1.0
      ]
    ],
    "location": [
      75.54956379495707,
      4.882157600586652,
      1.997435149565888
    ],
    "rotation": [
      -0.016320162425510105,
      0.04513493325973541,
      2.3104384109833824
    ]
  },
  {
    "label_id": "YeDTe3z8sAGMJ4YCFJfJEg",
    "size": [
      2.0031383562882374,
      4.590736175159691,
      1.420000000000016
    ],
    "obj_class": "vehicle",
    "point_num_in_lidar": 57,
    "speed": 7.506665313927487,
    "if_vehicle": true,
    "motion_state": true,
    "pose": [
      [
        0.7230706734871091,
        -0.689467691902955,
        -0.04246295991697503,
        67.83684102578627
      ],
      [
        0.6906045366085808,
        0.7228878999328748,
        0.02232617625760096,
        54.13242954610905
      ],
      [
        0.015302782705969237,
        -0.0454685160594667,
        0.9988485565333736,
        1.2254300914677856
      ],
      [
        0.0,
        0.0,
        0.0,
        1.0
      ]
    ],
    "location": [
      67.83684102578627,
      54.13242954610905,
      1.2254300914677856
    ],
    "rotation": [
      -0.0454895277282371,
      -0.015303380024177127,
      0.762436431721973
    ]
  },
  {
    "label_id": "_fjQGebTZaJgCuKbZhx4IQ",
    "size": [
      1.2552645584974513,
      0.17686029307354367,
      0.39999999999997726
    ],
    "obj_class": "sign",
    "point_num_in_lidar": 152,
    "speed": 0.010863208266325492,
    "if_vehicle": false,
    "motion_state": false,
    "pose": [
      [
        -0.6745818219297652,
        -0.7369777897311479,
        -0.04246295991697503,
        38.65258641804394
      ],
      [
        0.7368182330773626,
        -0.6757221568503344,
        0.02232617625760096,
        13.173822773358552
      ],
      [
        -0.04514705889282245,
        -0.016226650440682895,
        0.9988485565333736,
        3.796644973766547
      ],
      [
        0.0,
        0.0,
        0.0,
        1.0
      ]
    ],
    "location": [
      38.65258641804394,
      13.173822773358552,
      3.796644973766547
    ],
    "rotation": [
      -0.016243927163423426,
      0.04516240986139415,
      2.3121275226936806
    ]
  },
  {
    "label_id": "_tsIF16b_W0ZqlPiZj4RNw",
    "size": [
      0.8859042716265597,
      0.9773899117426482,
      1.660000000000025
    ],
    "obj_class": "pedestrian",
    "point_num_in_lidar": 90,
    "speed": 1.1271870592577253,
    "if_vehicle": false,
    "motion_state": true,
    "pose": [
      [
        0.709578969701395,
        -0.7033452799248717,
        -0.04246295991697503,
        34.34376131614408
      ],
      [
        0.7044783707093232,
        0.709374208056969,
        0.02232617625760096,
        43.57307203491655
      ],
      [
        0.014419117873304613,
        -0.0457564219640461,
        0.9988485565333736,
        1.4038606289685163
      ],
      [
        0.0,
        0.0,
        0.0,
        1.0
      ]
    ],
    "location": [
      34.34376131614408,
      43.57307203491655,
      1.4038606289685163
    ],
    "rotation": [
      -0.045777165709813356,
      -0.014419617568831323,
      0.7817911124488741
    ]
  },
  {
    "label_id": "bMjmFhgzjcwPiXwbwa_O7g",
    "size": [
      0.5960529665173909,
      0.11968873521254864,
      0.6200000000000045
    ],
    "obj_class": "sign",
    "point_num_in_lidar": 39,
    "speed": 2.3437142008433857e-12,
    "if_vehicle": false,
    "motion_state": false,
    "pose": [
      [
        0.27636509305906387,
        0.9601141767381338,
        -0.04246295991697503,
        18.79907434193956
      ],
      [
        -0.9604784972414342,
        0.27745738085434113,
        0.02232617625760096,
        57.761208920659556
      ],
      [
        0.033217339979163776,
        0.03461458415039448,
        0.9988485565333736,
        2.0108444804714054
      ],
      [
        0.0,
        0.0,
        0.0,
        1.0
      ]
    ],
    "location": [
      18.79907434193956,
      57.761208920659556,
      2.0108444804714054
    ],
    "rotation": [
      0.03464062424274123,
      -0.033223451636983634,
      -1.290627716139994
    ]
  },
  {
    "label_id": "c0y7glAJZqN5tdd4kI_s6Q",
    "size": [
      0.7265774933720874,
      0.9110741316679623,
      1.8600000000000136
    ],
    "obj_class": "pedestrian",
    "point_num_in_lidar": 103,
    "speed": 1.392225885720157,
    "if_vehicle": false,
    "motion_state": true,
    "pose": [
      [
        0.40183738610148845,
        0.9147259765450049,
        -0.04246295991697503,
        40.070352831658965
      ],
      [
        -0.9149414989066446,
        0.40296847945239717,
        0.02232617625760096,
        44.03842212710151
      ],
      [
        0.037533567770541454,
        0.029879631885454422,
        0.9988485565333736,
        1.3870608631568757
      ],
      [
        0.0,
        0.0,
        0.0,
        1.0
      ]
    ],
    "location": [
      40.070352831658965,
      44.03842212710151,
      1.3870608631568757
    ],
    "rotation": [
      0.02990515815095243,
      -0.03754238604796944,
      -1.156964399166926
    ]
  },
  {
    "label_id": "dVT_TNeOHH9G7d0TcHcBZA",
    "size": [
      2.3751147110802675,
      5.193980647294666,
      1.8100000000000023
    ],
    "obj_class": "vehicle",
    "point_num_in_lidar": 1273,
    "speed": 5.519860966227454,
    "if_vehicle": true,
    "motion_state": true,
    "pose": [
      [
        0.7140271140767077,
        -0.6988291475020041,
        -0.04246295991697503,
        39.71681004604034
      ],
      [
        0.6999635146061017,
        0.7138295455316964,
        0.02232617625760096,
        26.434681821410777
      ],
      [
        0.014709132658386167,
        -0.04566401786564658,
        0.9988485565333736,
        1.7808503892456997
      ],
      [
        0.0,
        0.0,
        0.0,
        1.0
      ]
    ],
    "location": [
      39.71681004604034,
      26.434681821410777,
      1.7808503892456997
    ],
    "rotation": [
      -0.04568484842567129,
      -0.014709663117885281,
      0.7754524569180524
    ]
  },
  {
    "label_id": "e-z5gyYvp29FOY6PY9kfRw",
    "size": [
      0.7127939429649314,
      0.8405177596432624,
      1.6200000000000045
    ],
    "obj_class": "pedestrian",
    "point_num_in_lidar": 35,
    "speed": 1.3775500326838066,
    "if_vehicle": false,
    "motion_state": true,
    "pose": [
      [
        -0.740957442556542,
        -0.670208150767475,
        -0.04246295991697503,
        57.27026914495946
      ],
      [
        0.669941964333273,
        -0.7420776955811232,
        0.02232617625760096,
        23.039690240366326
      ],
      [
        -0.04647400074605788,
        -0.0119049723162847,
        0.9988485565333736,
        1.5996503511294122
      ],
      [
        0.0,
        0.0,
        0.0,
        1.0
      ]
    ],
    "location": [
      57.27026914495946,
      23.039690240366326,
      1.5996503511294122
    ],
    "rotation": [
      -0.011918131697675107,
      0.046490746371426056,
      2.406485529557599
    ]
  },
  {
    "label_id": "e2bzkmFKpqpZIkDvbwTXQg",
    "size": [
      0.8007632412621812,
      0.6883712502822164,
      1.6899999999999977
    ],
    "obj_class": "pedestrian",
    "point_num_in_lidar": 25,
    "speed": 3.410605131648481e-12,
    "if_vehicle": false,
    "motion_state": false,
    "pose": [
      [
        -0.9505760479022562,
        0.30757450185218,
        -0.04246295991697503,
        59.80286625170265
      ],
      [
        -0.30867810547373054,
        -0.9509045004914337,
        0.02232617625760096,
        58.67227962126344
      ],
      [
        -0.03351125714854333,
        0.034330114411698316,
        0.9988485565333736,
        1.7084631535517474
      ],
      [
        0.0,
        0.0,
        0.0,
        1.0
      ]
    ],
    "location": [
      59.80286625170265,
      58.67227962126344,
      1.7084631535517474
    ],
    "rotation": [
      0.03435616539199333,
      0.033517532534963354,
      -2.827607315518812
    ]
  },
  {
    "label_id": "e5WABDJjos2c3aWy1M4gNA",
    "size": [
      1.0000608357882863,
      0.10503519766416149,
      0.7300000000000182
    ],
    "obj_class": "sign",
    "point_num_in_lidar": 54,
    "speed": 0.022786204510448802,
    "if_vehicle": false,
    "motion_state": false,
    "pose": [
      [
        -0.7166941287676222,
        0.6960936882526005,
        -0.04246295991697503,
        60.98745277645867
      ],
      [
        -0.6972288025406251,
        -0.7165008993445023,
        0.02232617625760096,
        39.234990976867266
      ],
      [
        -0.014883638593611071,
        0.04560743813689675,
        0.9988485565333736,
        4.220307592600818
      ],
      [
        0.0,
        0.0,
        0.0,
        1.0
      ]
    ],
    "location": [
      60.98745277645867,
      39.234990976867266,
      4.220307592600818
