[
  {
    "label_id": "0TTpzF8WjDXQbo0lfz9cHQ",
    "size": [
      2.157544670192702,
      5.032259334955597,
      2.0300000000000296
    ],
    "obj_class": "vehicle",
    "point_num_in_lidar": 421,
    "speed": 1.1333034386933132,
    "if_vehicle": true,
    "motion_state": true,
    "pose": [
      [
        0.5159243468164855,
        -0.8544651184010958,
        -0.060921505216006915,
        26.141357520318707
      ],
      [
        0.8566054831368214,
        0.5151825989529261,
        0.028529563544528628,
        29.39526957822818
      ],
      [
        0.007008182497299437,
        -0.06690479184565035,
        0.9977347514275399,
        1.7661230818316653
      ],
      [
        0.0,
        0.0,
        0.0,
        1.0
      ]
    ],
    "location": [
      26.141357520318707,
      29.39526957822818,
      1.7661230818316653
    ],
    "rotation": [
      -0.06695645318397367,
      -0.007008239865939661,
      1.0286951919866605
    ]
  },
  {
    "label_id": "0jw4kmyd3WAM6MTC97B0nA",
    "size": [
      1.9708569114587133,
      4.39763427653422,
      1.5199999999999818
    ],
    "obj_class": "vehicle",
    "point_num_in_lidar": 534,
    "speed": 5.089057281544529,
    "if_vehicle": true,
    "motion_state": true,
    "pose": [
      [
        0.7123337665744102,
        -0.6991918014394403,
        -0.060921505216006915,
        27.735263065897016
      ],
      [
        0.7014494201319752,
        0.712148000769836,
        0.028529563544528628,
        15.234614657449129
      ],
      [
        0.0234374912144885,
        -0.06305592596573321,
        0.9977347514275399,
        1.513589669420412
      ],
      [
        0.0,
        0.0,
        0.0,
        1.0
      ]
    ],
    "location": [
      27.735263065897016,
      15.234614657449129,
      1.513589669420412
    ],
    "rotation": [
      -0.06311514700022595,
      -0.023439637509877216,
      0.7776995774247482
    ]
  },
  {
    "label_id": "1-vuNCDJYzRYJGZGloUAOQ",
    "size": [
      0.7092098508608191,
      1.1633401586890373,
      1.8799999999999955
    ],
    "obj_class": "pedestrian",
    "point_num_in_lidar": 155,
    "speed": 1.448358077213282,
    "if_vehicle": false,
    "motion_state": true,
    "pose": [
      [
        -0.728646317436698,
        0.6821752812057579,
        -0.060921505216006915,
        12.507236448978801
      ],
      [
        -0.6844366571275594,
        -0.728513916396942,
        0.028529563544528628,
        22.38235009652999
      ],
      [
        -0.024920001324043563,
        0.06248487279202001,
        0.9977347514275399,
        1.6403329238203241
      ],
      [
        0.0,
        0.0,
        0.0,
        1.0
      ]
    ],
    "location": [
      12.507236448978801,
      22.38235009652999,
      1.6403329238203241
    ],
    "rotation": [
      0.06254505377621797,
      0.02492258129208064,
      -2.3874702505426835
    ]
  },
  {
    "label_id": "50a3QF2RZDCtOnldBiWQvg",
    "size": [
      0.9798482092450224,
      1.2007347169346758,
      1.7699999999999818
    ],
    "obj_class": "pedestrian",
    "point_num_in_lidar": 67,
    "speed": 1.6346455686696795,
    "if_vehicle": false,
    "motion_state": true,
    "pose": [
      [
        0.6189197740810967,
        -0.7830880432324454,
        -0.060921505216006915,
        31.3797674050802
      ],
      [
        0.7853044787531066,
        0.6184520512168022,
        0.028529563544528628,
        39.407009133385145
      ],
      [
        0.015335869773693958,
        -0.06549944192212293,
        0.9977347514275399,
        1.580484589586888
      ],
      [
        0.0,
        0.0,
        0.0,
        1.0
      ]
    ],
    "location": [
      31.3797674050802,
      39.407009133385145,
      1.580484589586888
    ],
    "rotation": [
      -0.06555408691285712,
      -0.015336470975052436,
      0.9033369768076456
    ]
  },
  {
    "label_id": "6HVXhYC72IvDIQuQMrZ1fw",
    "size": [
      0.9375535647081923,
      2.33290891473492,
      1.3500000000000227
    ],
    "obj_class": "vehicle",
    "point_num_in_lidar": 429,
    "speed": 3.5950934718225418e-12,
    "if_vehicle": true,
    "motion_state": false,
    "pose": [
      [
        0.7644040963322036,
        0.6418527461285518,
        -0.060921505216006915,
        16.313929536267096
      ],
      [
        -0.6414509069150492,
        0.7666334182787883,
        0.028529563544528628,
        21.280435684828262
      ],
      [
        0.06501624049734113,
        0.01727003953142995,
        0.9977347514275399,
        1.1110493022987953
      ],
      [
        0.0,
        0.0,
        0.0,
        1.0
      ]
    ],
    "location": [
      16.313929536267096,
      21.280435684828262,
      1.1110493022987953
    ],
    "rotation": [
      0.01730752091898576,
      -0.06506213299772781,
      -0.6981621861584074
    ]
  },
  {
    "label_id": "6i_mPMYxgh2SXwhx4Y83Bg",
    "size": [
      0.7184178508141251,
      0.8689585357133183,
      1.6299999999999955
    ],
    "obj_class": "pedestrian",
    "point_num_in_lidar": 369,
    "speed": 1.2206455972761432,
    "if_vehicle": false,
    "motion_state": true,
    "pose": [
      [
        0.7101534721443307,
        -0.7014061706340823,
        -0.060921505216006915,
        11.488735011178505
      ],
      [
        0.7036632000274714,
        0.709960678440051,
        0.028529563544528628,
        20.737435298047785
      ],
      [
        0.02324106125911583,
        -0.06312858992069505,
        0.9977347514275399,
        1.496551231932699
      ],
      [
        0.0,
        0.0,
        0.0,
        1.0
      ]
    ],
    "location": [
      11.488735011178505,
      20.737435298047785,
      1.496551231932699
    ],
    "rotation": [
      -0.06318768586753508,
      -0.023243154032480215,
      0.7808075918941143
    ]
  },
  {
    "label_id": "FG2cqOpTxdur3yJJN5wWSg",
    "size": [
      1.7009916069707511,
      0.1445946427101845,
      1.7200000000000273
    ],
    "obj_class": "sign",
    "point_num_in_lidar": 758,
    "speed": 0.04448471423912207,
    "if_vehicle": false,
    "motion_state": false,
    "pose": [
      [
        -0.6580708814097073,
        0.7504873651453882,
        -0.060921505216006915,
        14.470082911029749
      ],
      [
        -0.7527247791661157,
        -0.6577168622084136,
        0.028529563544528628,
        21.605072894170007
      ],
      [
        -0.018658024278404357,
        0.06463160158816837,
        0.9977347514275399,
        2.1378151005024506
      ],
      [
        0.0,
        0.0,
        0.0,
        1.0
      ]
    ],
    "location": [
      14.470082911029749,
      21.605072894170007,
      2.1378151005024506
    ],
    "rotation": [
      0.06468795973268229,
      0.01865910699240896,
      -2.289202325871923
    ]
  },
  {
    "label_id": "IEf0L1hK0QJytY6Vmcwj0Q",
    "size": [
      0.7678788597552834,
      1.1534359156285063,
      1.839999999999975
    ],
    "obj_class": "pedestrian",
    "point_num_in_lidar": 29,
    "speed": 1.433071012459776,
    "if_vehicle": false,
    "motion_state": true,
    "pose": [
      [
        -0.7290456716688051,
        0.6817484718158134,
        -0.060921505216006915,
        42.34462799717221
      ],
      [
        -0.6840099248834055,
        -0.7289145949046135,
        0.028529563544528628,
        18.33039878422278
      ],
      [
        -0.024956587947450447,
        0.062470269023323616,
        0.9977347514275399,
        1.8306745049328015
      ],
      [
        0.0,
        0.0,
        0.0,
        1.0
      ]
    ],
    "location": [
      42.34462799717221,
      18.33039878422278,
      1.8306745049328015
    ],
    "rotation": [
      0.06253047402126245,
      0.024959179297748667,
      -2.3880548837242443
    ]
  },
  {
    "label_id": "Irfp6gSCdLpobVkk39GvCg",
    "size": [
      0.7417760791734599,
      1.1326184300815785,
      1.8400000000000318
    ],
    "obj_class": "pedestrian",
    "point_num_in_lidar": 54,
    "speed": 1.430126754507321,
    "if_vehicle": false,
    "motion_state": true,
    "pose": [
      [
        0.6981536291781909,
        -0.713351302141895,
        -0.060921505216006915,
        30.083399191713397
      ],
      [
        0.7156047365230526,
        0.6979225781343738,
        0.028529563544528628,
        40.978632476661005
      ],
      [
        0.02216689268015281,
        -0.06351373601617089,
        0.9977347514275399,
        1.445216205844872
      ],
      [
        0.0,
        0.0,
        0.0,
        1.0
      ]
    ],
    "location": [
      30.083399191713397,
      40.978632476661005,
      1.445216205844872
    ],
    "rotation": [
      -0.06357215781582852,
      -0.022168708443532484,
      0.79774130598488
    ]
  },
  {
    "label_id": "Lf3LG9rVTnVHrMCX7zCJKw",
    "size": [
      0.401967616669818,
      0.09668230797251454,
      0.45999999999997954
    ],
    "obj_class": "sign",
    "point_num_in_lidar": 32,
    "speed": 0.004547908680906202,
    "if_vehicle": false,
    "motion_state": false,
    "pose": [
      [
        -0.7624490275448094,
        0.6441739288407989,
        -0.060921505216006915,
        21.94419485259641
      ],
      [
        -0.6464391133274907,
        -0.762431988287694,
        0.028529563544528628,
        0.6253044524491997
      ],
      [
        -0.028070503314727036,
        0.06113438179521531,
        0.9977347514275399,
        3.963839698861591
      ],
      [
        0.0,
        0.0,
        0.0,
        1.0
      ]
    ],
    "location": [
      21.94419485259641,
      0.6253044524491997,
      3.963839698861591
    ],
    "rotation": [
      0.061196671656231605,
      0.028074190996065295,
      -2.4383506141512052
    ]
  },
  {
    "label_id": "MQpQK2kzZfJnvO5GRR-ocg",
    "size": [
      0.6528417423412041,
      0.8721263315164834,
      1.6800000000000068
    ],
    "obj_class": "pedestrian",
    "point_num_in_lidar": 239,
    "speed": 1.1254313541067467,
    "if_vehicle": false,
    "motion_state": true,
    "pose": [
      [
        0.7023825672252857,
        -0.7091877744717778,
        -0.060921505216006915,
        12.073878092229279
      ],
      [
        0.7114425427528484,
        0.7021649182103307,
        0.028529563544528628,
        20.410870485873602
      ],
      [
        0.022544126050452303,
        -0.06338081866342982,
        0.9977347514275399,
        1.5149153948908065
      ],
      [
        0.0,
        0.0,
        0.0,
        1.0
      ]
    ],
    "location": [
      12.073878092229279,
      20.410870485873602,
      1.5149153948908065
    ],
    "rotation": [
      -0.06343947523820435,
      -0.02254603611615563,
      0.7918062059858336
    ]
  },
  {
    "label_id": "M_pukwq6hUWGFs2nP409zw",
    "size": [
      1.4795717937761639,
      1.1687500457983857,
      1.9399999999999977
    ],
    "obj_class": "pedestrian",
    "point_num_in_lidar": 47,
    "speed": 0.12231177888725284,
    "if_vehicle": false,
    "motion_state": false,
    "pose": [
      [
        -0.35560182969154974,
        -0.9326499391101885,
        -0.060921505216006915,
        18.576539476562175
      ],
      [
        0.9333833833464565,
        -0.3577450540492214,
        0.028529563544528628,
        -20.30356699416734
      ],
      [
        -0.0484024628789052,
        -0.04671795566033962,
        0.9977347514275399,
        1.351931838290568
      ],
      [
        0.0,
        0.0,
        0.0,
        1.0
      ]
    ],
    "location": [
      18.576539476562175,
      -20.30356699416734,
      1.351931838290568
    ],
    "rotation": [
      -0.04678984827082099,
      0.04842138236728056,
      1.9348007381815642
    ]
  },
  {
    "label_id": "NHlv6cGf7h-bBMSpm-Zh7A",
    "size": [
      0.9098943185394939,
      0.7449380051051133,
      1.8899999999999864
    ],
    "obj_class": "pedestrian",
    "point_num_in_lidar": 73,
    "speed": 2.3437142008433857e-12,
    "if_vehicle": false,
    "motion_state": false,
    "pose": [
      [
        -0.8016025286079371,
        0.5947452869351529,
        -0.060921505216006915,
        34.93051001186541
      ],
      [
        -0.5970070271536498,
        -0.8017285535224,
        0.028529563544528628,
        12.640109978776309
      ],
      [
        -0.03187468679881122,
        0.05923993699610884,
        0.9977347514275399,
        1.7282169009509403
      ],
      [
        0.0,
        0.0,
        0.0,
        1.0
      ]
    ],
    "location": [
      34.93051001186541,
      12.640109978776309,
      1.7282169009509403
    ],
    "rotation": [
      0.059304810695503495,
      0.031880086691897,
      -2.5014491526347733
    ]
  },
  {
    "label_id": "R0591s_SOgmmTLEB231ofA",
    "size": [
      0.766260496649208,
      0.8033125028596259,
      1.8999999999999773
    ],
    "obj_class": "pedestrian",
    "point_num_in_lidar": 42,
    "speed": 3.457650183405701e-12,
    "if_vehicle": false,
    "motion_state": false,
    "pose": [
      [
        0.689737242200252,
        0.7214922777994279,
        -0.060921505216006915,
        35.584947619441664
      ],
      [
        -0.7213363000467199,
        0.6919971143284248,
        0.028529563544528628,
        43.49734744436864
      ],
      [
        0.06274136559638635,
        0.02426699068541135,
        0.9977347514275399,
        1.5322314158788686
      ],
      [
        0.0,
        0.0,
        0.0,
        1.0
      ]
    ],
    "location": [
      35.584947619441664,
      43.49734744436864,
      1.5322314158788686
    ],
    "rotation": [
      0.02431729193558575,
      -0.06278260202932136,
      -0.8077880505629927
    ]
  },
  {
    "label_id": "SSNlDFCI-EZrjNybBfB66g",
    "size": [
      0.8845761990358213,
      0.9635875842650421,
      1.6000000000000227
    ],
    "obj_class": "pedestrian",
    "point_num_in_lidar": 70,
    "speed": 1.1368683772161603e-12,
    "if_vehicle": false,
    "motion_state": false,
    "pose": [
      [
        0.7574375709169393,
        0.6500591483593341,
        -0.060921505216006915,
        20.123422376716917
      ],
      [
        -0.6496813746748976,
        0.7596710968600122,
        0.028529563544528628,
        27.05088245767547
      ],
      [
        0.06482621047062671,
        0.017970203945511087,
        0.9977347514275399,
        1.564767415174515
      ],
      [
        0.0,
        0.0,
        0.0,
        1.0
      ]
    ],
    "location": [
      20.123422376716917,
      27.05088245767547,
      1.564767415174515
    ],
    "rotation": [
      0.018009056156845907,
      -0.06487170123435457,
      -0.708968027063724
    ]
  },
  {
    "label_id": "TgaQtjAqhVtWxHvxeKTNCA",
    "size": [
      2.1356453582065766,
      4.852355393954673,
      1.4499999999999886
    ],
    "obj_class": "vehicle",
    "point_num_in_lidar": 80,
    "speed": 7.737241202143782,
    "if_vehicle": true,
    "motion_state": true,
    "pose": [
      [
        0.7116835516182436,
        -0.6998536222370065,
        -0.060921505216006915,
        48.39107910585153
      ],
      [
        0.7021110672826976,
        0.7114956874100573,
        0.028529563544528628,
        39.150458656928095
      ],
      [
        0.02337886984423902,
        -0.06307768415716755,
        0.9977347514275399,
        1.5621419083716432
      ],
      [
        0.0,
        0.0,
        0.0,
        1.0
      ]
    ],
    "location": [
      48.39107910585153,
      39.150458656928095,
      1.5621419083716432
    ],
    "rotation": [
      -0.06313686780573009,
      -0.023381000072433825,
      0.7786274925141142
    ]
  },
  {
    "label_id": "Uym2TQ00DalEua9edk4J5g",
    "size": [
      0.7342892225118897,
      0.6340272989327786,
      1.6299999999999955
    ],
    "obj_class": "pedestrian",
    "point_num_in_lidar": 53,
    "speed": 3.457650183405701e-12,
    "if_vehicle": false,
    "motion_state": false,
    "pose": [
      [
        0.07565514959353165,
        -0.9952712537505524,
        -0.060921505216006915,
        34.56940462424245
      ],
      [
        0.9968479416065864,
        0.07402867902826854,
        0.028529563544528628,
        12.293120441638166
      ],
      [
        -0.0238847159223643,
        -0.06288788547195089,
        0.9977347514275399,
        1.6050566781847238
      ],
      [
        0.0,
        0.0,
        0.0,
        1.0
      ]
    ],
    "location": [
      34.56940462424245,
      12.293120441638166,
      1.6050566781847238
    ],
    "rotation": [
      -0.06294739323416784,
      0.023886987462968398,
      1.4950471682572446
    ]
  },
  {
    "label_id": "VqYlW6Sp3oyWGU1DfRWBBA",
    "size": [
      0.7161699876331337,
      0.900175979290559,
      1.8199999999999932
    ],
    "obj_class": "pedestrian",
    "point_num_in_lidar": 77,
    "speed": 1.5609785640954992,
    "if_vehicle": false,
    "motion_state": true,
    "pose": [
      [
        0.6746036819848564,
        -0.7356619077094386,
        -0.060921505216006915,
        26.81290057874139
      ],
      [
        0.73790664367158,
        0.6742995248621361,
        0.028529563544528628,
        34.605801063764375
      ],
      [
        0.020091228877754018,
        -0.06420053205392427,
        0.9977347514275399,
        1.6022314158781228
      ],
      [
        0.0,
        0.0,
        0.0,
        1.0
      ]
    ],
    "location": [
      26.81290057874139,
      34.605801063764375,
      1.6022314158781228
    ],
    "rotation": [
      -0.06425770493631448,
      -0.020092580785799435,
      0.8301841241729215
    ]
  },
  {
    "label_id": "WLxPidkONZfEWD55dLlKWA",
    "size": [
      2.3401327950726474,
      5.65358485138672,
      2.240000000000009
    ],
    "obj_class": "vehicle",
    "point_num_in_lidar": 1423,
    "speed": 9.296356827961866,
    "if_vehicle": true,
    "motion_state": true,
    "pose": [
      [
        0.7217976242464195,
        -0.689417696200526,
        -0.060921505216006915,
        24.56160450312018
      ],
      [
        0.6916776371744425,
        0.7216426471853911,
        0.028529563544528628,
        16.492243058302847
      ],
      [
        0.0242947703221224,
        -0.06273061396814616,
        0.9977347514275399,
        1.8619375673101217
      ],
      [
        0.0,
        0.0,
        0.0,
        1.0
      ]
    ],
    "location": [
      24.56160450312018,
      16.492243058302847,
      1.8619375673101217
    ],
    "rotation": [
      -0.06279038686889782,
      -0.024297160897924483,
      0.764092216157795
    ]
  },
  {
    "label_id": "WO_EU5HuGT6OvKJc51rSGg",
    "size": [
      2.391863783789468,
      0.18455530819637792,
      1.240000000000009
    ],
    "obj_class": "sign",
    "point_num_in_lidar": 111,
    "speed": 0.004862076538704752,
    "if_vehicle": false,
    "motion_state": false,
    "pose": [
      [
        -0.7539088479330003,
        -0.6541483159120356,
        -0.060921505216006915,
        45.28987948432041
      ],
      [
        0.6537826339286639,
        -0.7561443854035137,
        0.028529563544528628,
        9.666330890657264
      ],
      [
        -0.06472802006577331,
        -0.01832073175913293,
        0.9977347514275399,
        3.4609225260524
      ],
      [
        0.0,
        0.0,
        0.0,
        1.0
      ]
    ],
    "location": [
      45.28987948432041,
      9.666330890657264,
      3.4609225260524
    ],
    "rotation": [
      -0.018360263638697617,
      0.06477330417173469,
      2.42720285646379
    ]
  },
  {
    "label_id": "WTynZf0rCObzozdazy4P_g",
    "size": [
      0.20115207180598715,
      0.09255040097923484,
      0.30000000000001137
    ],
    "obj_class": "sign",
    "point_num_in_lidar": 63,
    "speed": 2.5421149729252077e-12,
    "if_vehicle": false,
    "motion_state": false,
    "pose": [
      [
        0.3373153928822934,
        0.9394183817271621,
        -0.060921505216006915,
        4.171666798010847
      ],
      [
        -0.9401935522188057,
        0.33944388103211176,
        0.028529563544528628,
        11.397038605799025
      ],
      [
        0.047480628585222756,
        0.04765454545977102,
        0.9977347514275399,
        0.905511770736382
      ],
      [
        0.0,
        0.0,
        0.0,
        1.0
      ]
    ],
    "location": [
      4.171666798010847,
      11.397038605799025,
      0.905511770736382
    ],
    "rotation": [
      0.04772646952067878,
      -0.04749848684278795,
      -1.2263280257942324
    ]
  },
  {
    "label_id": "YeDTe3z8sAGMJ4YCFJfJEg",
    "size": [
      2.0031383562822525,
      4.590736175159691,
      1.420000000000016
    ],
    "obj_class": "vehicle",
    "point_num_in_lidar": 40,
    "speed": 5.8085138723715435,
    "if_vehicle": true,
    "motion_state": true,
    "pose": [
      [
        0.7232564497313975,
        -0.6878871114682631,
        -0.060921505216006915,
        38.07762829193962
      ],
      [
        0.690147375670908,
        0.7231062604199451,
        0.028529563544528628,
        25.26156032983272
      ],
      [
        0.024427602757804874,
        -0.06267900778835078,
        0.9977347514275399,
        1.6371215855401715
      ],
      [
        0.0,
        0.0,
        0.0,
        1.0
      ]
    ],
    "location": [
      38.07762829193962,
      25.26156032983272,
      1.6371215855401715
    ],
    "rotation": [
      -0.0627388670143226,
      -0.02443003276711834,
      0.7619773834064121
    ]
  },
  {
    "label_id": "_fjQGebTZaJgCuKbZhx4IQ",
    "size": [
      1.2552645584974518,
      0.17686029307354367,
      0.39999999999997726
    ],
    "obj_class": "sign",
    "point_num_in_lidar": 40,
    "speed": 0.02646071541271637,
    "if_vehicle": false,
    "motion_state": false,
    "pose": [
      [
        -0.6739366894654993,
        -0.7362729852401887,
        -0.060921505216006915,
        38.66317337833243
      ],
      [
        0.7361660273741126,
        -0.676199411523092,
        0.028529563544528628,
        13.117400223592995
      ],
      [
        -0.062200632894694616,
        -0.02562122286942387,
        0.9977347514275399,
        3.862268513709296
      ],
      [
        0.0,
        0.0,
        0.0,
        1.0
      ]
    ],
    "location": [
      38.66317337833243,
      13.117400223592995,
      3.862268513709296
    ],
    "rotation": [
      -0.025673750712307198,
      0.062240811083806497,
      2.312092038622594
    ]
  },
  {
    "label_id": "_tsIF16b_W0ZqlPiZj4RNw",
    "size": [
      0.8859042716156982,
      0.9773899117426482,
      1.660000000000025
    ],
    "obj_class": "pedestrian",
    "point_num_in_lidar": 39,
    "speed": 1.2030598071155407,
    "if_vehicle": false,
    "motion_state": true,
    "pose": [
      [
        0.7901921554243152,
        -0.6098236857552279,
        -0.060921505216006915,
        29.17135102145039
      ],
      [
        0.6120874074668436,
        0.7902753125490362,
        0.028529563544528628,
        38.31968092893658
      ],
      [
        0.03074675798182517,
        -0.05983312349720951,
        0.9977347514275399,
        1.5022314158787253
      ],
      [
        0.0,
        0.0,
        0.0,
        1.0
      ]
    ],
    "location": [
      29.17135102145039,
      38.31968092893658,
      1.5022314158787253
    ],
    "rotation": [
      -0.05989723449452991,
      -0.030751604519099012,
      0.6590637273081008
    ]
  },
  {
    "label_id": "a5UB6eiHSWzlL_IWYnXAdQ",
    "size": [
      2.2639901834129907,
      4.937124122990977,
      1.8199999999999932
    ],
    "obj_class": "vehicle",
    "point_num_in_lidar": 9208,
    "speed": 0.01789604749889499,
    "if_vehicle": true,
    "motion_state": false,
    "pose": [
      [
        0.710785144017718,
        -0.7007660445868706,
        -0.060921505216006915,
        8.463440322007955
      ],
      [
        0.7030232467693972,
        0.7105943839531621,
        0.028529563544528628,
        13.49070561753615
      ],
      [
        0.023297930069578674,
        -0.06310762432779637,
        0.9977347514275399,
        1.1321688047006546
      ],
      [
        0.0,
        0.0,
        0.0,
        1.0
      ]
    ],
    "location": [
      8.463440322007955,
      13.49070561753615,
      1.1321688047006546
    ],
    "rotation": [
      -0.06316675643424904,
      -0.023300038245567208,
      0.7799081554748297
    ]
  },
  {
    "label_id": "bPMK7TgtjwoTv5hQSCP8jA",
    "size": [
      0.7998748669965184,
      0.9173820566957147,
      1.6800000000000068
    ],
    "obj_class": "pedestrian",
    "point_num_in_lidar": 25,
    "speed": 1.5325189921263092,
    "if_vehicle": false,
    "motion_state": true,
    "pose": [
      [
        0.7430715200705246,
        -0.6664332571700606,
        -0.060921505216006915,
        46.54575662733623
      ],
      [
        0.6686969477878159,
        0.7429875207721984,
        0.028529563544528628,
        24.047503278023214
      ],
      [
        0.026250868163531095,
        -0.06193753074256484,
        0.9977347514275399,
        1.6989268132328448
      ],
      [
        0.0,
        0.0,
        0.0,
        1.0
      ]
    ],
    "location": [
      46.54575662733623,
      24.047503278023214,
      1.6989268132328448
    ],
    "rotation": [
      -0.061998593602351465,
      -0.02625388404640275,
      0.7327649714146531
    ]
  },
  {
    "label_id": "bvQHQggD0sgtCVO9CF2c_w",
    "size": [
      0.8047188801884477,
      1.0342162884756225,
      1.759999999999991
    ],
    "obj_class": "pedestrian",
    "point_num_in_lidar": 553,
    "speed": 1.1692049566032052,
    "if_vehicle": false,
    "motion_state": true,
    "pose": [
      [
        -0.7257772836822382,
        0.6852269001528238,
        -0.060921505216006915,
        1.9454877598436724
      ],
      [
        -0.6874877005685508,
        -0.7256353943758017,
        0.028529563544528628,
        10.912220543519652
      ],
      [
        -0.02465757607305428,
        0.06258889467011537,
        0.9977347514275399,
        1.1497134707778969
      ],
      [
        0.0,
        0.0,
        0.0,
        1.0
      ]
    ],
    "location": [
      1.9454877598436724,
      10.912220543519652,
      1.1497134707778969
    ],
    "rotation": [
      0.06264890383508344,
      0.02466007537509383,
      -2.3832808604702866
    ]
  },
  {
    "label_id": "cfnQ4T7DCB-VqlGN8SclWg",
    "size": [
      2.0909540426123905,
      4.7154423853796334,
      1.7900000000000205
    ],
    "obj_class": "vehicle",
    "point_num_in_lidar": 2879,
    "speed": 0.025072079118389018,
    "if_vehicle": true,
    "motion_state": false,
    "pose": [
      [
        0.6867907503162415,
        -0.724297615267557,
        -0.060921505216006915,
        12.271913578166277
      ],
      [
        0.7265471159915843,
        0.6865241090073021,
        0.028529563544528628,
        17.361105183139443
      ],
      [
        0.021160187247876536,
        -0.0638561842694978,
        0.9977347514275399,
        1.2121688047001271
      ],
      [
        0.0,
        0.0,
        0.0,
        1.0
      ]
    ],
    "location": [
      12.271913578166277,
      17.361105183139443,
      1.2121688047001271
    ],
    "rotation": [
      -0.06391399085739252,
      -0.02116176665753379,
      0.813520161450695
    ]
  },
  {
    "label_id": "dVT_TNeOHH9G7d0TcHcBZA",
    "size": [
      2.375114711074679,
      5.193980647294666,
      1.8100000000000023
    ],
    "obj_class": "vehicle",
    "point_num_in_lidar": 4916,
    "speed": 3.416858240480408,
    "if_vehicle": true,
    "motion_state": true,
    "pose": [
      [
        0.7045669031203246,
        -0.7070177149334035,
        -0.060921505216006915,
        16.260323755665013
      ],
      [
        0.7092731438826183,
        0.7043562105716293,
        0.028529563544528628,
        4.031119888750254
      ],
      [
        0.02273953373096642,
        -0.06331097376856161,
        0.9977347514275399,
        1.347936328472997
      ],
      [
        0.0,
        0.0,
        0.0,
        1.0
      ]
    ],
    "location": [
      16.260323755665013,
      4.031119888750254,
      1.347936328472997
    ],
    "rotation": [
      -0.06336975281529014,
      -0.02274149390436207,
      0.7887268450190723
    ]
  },
  {
    "label_id": "gjGLaHajamdONAcPH7CDLA",
    "size": [
      2.1356453581994876,
      4.852355393954673,
      1.4499999999999886
    ],
    "obj_class": "vehicle",
    "point_num_in_lidar": 39,
    "speed": 5.800994794991771,
    "if_vehicle": true,
    "motion_state": true,
    "pose": [
      [
        0.6985710636799728,
        -0.71294252166023,
        -0.060921505216006915,
        56.85169930416669
      ],
      [
        0.7151960908991055,
        0.6983413317043444,
        0.028529563544528628,
        43.731373397000425
      ],
      [
        0.022204066106677422,
        -0.06350074993380435,
        0.9977347514275399,
        1.3283828299910283
      ],
      [
        0.0,
        0.0,
        0.0,
        1.0
      ]
    ],
    "location": [
      56.85169930416669,
      43.731373397000425,
      1.3283828299910283
    ],
    "rotation": [
      -0.06355919476980881,
      -0.022205891021734238,
      0.7971570028279947
    ]
  },
  {
    "label_id": "i5i3Zfko6nfouRvq1ccQLw",
    "size": [
      0.8375504656438509,
      0.8785618328874989,
      1.8700000000000045
    ],
    "obj_class": "pedestrian",
    "point_num_in_lidar": 35,
    "speed": 1.5774417369193143,
    "if_vehicle": false,
    "motion_state": true,
    "pose": [
      [
        0.6269090045509422,
        -0.7767069397238334,
        -0.060921505216006915,
        31.95073069107093
      ],
      [
        0.7789280501565136,
        0.6264640106848363,
        0.028529563544528628,
        40.86074666798231
      ],
      [
        0.016006020502249387,
        -0.06533890955247744,
        0.9977347514275399,
        1.592221961632049
      ],
      [
        0.0,
        0.0,
        0.0,
        1.0
      ]
    ],
    "location": [
      31.95073069107093,
      40.86074666798231,
      1.592221961632049
    ],
    "rotation": [
      -0.0653938788265864,
      -0.016006704018633636,
      0.8931138108219228
    ]
  },
  {
    "label_id": "iT_7bnrQtUM8oZxZHp315Q",
    "size": [
      0.8043294931767727,
      0.6937030821572989,
      1.6800000000000068
    ],
    "obj_class": "pedestrian",
    "point_num_in_lidar": 169,
    "speed": 0.007316921407065176,
    "if_vehicle": false,
    "motion_state": false,
    "pose": [
      [
        0.6625535275377538,
        -0.7465329151145951,
        -0.060921505216006915,
        16.201558044067497
      ],
      [
        0.7487724091293382,
        0.6622129138959809,
        0.028529563544528628,
        21.64395133326616
      ],
      [
        0.019044749248177097,
        -0.06451870519391499,
        0.9977347514275399,
        1.2736305129990342
      ],
      [
        0.0,
        0.0,
        0.0,
        1.0
      ]
    ],
    "location": [
      16.201558044067497,
      21.64395133326616,
      1.2736305129990342
    ],
    "rotation": [
      -0.06457527902848965,
      -0.01904590069906694,
      0.8464130292823164
    ]
  },
  {
    "label_id": "m4Ve9ReHKM06uu4tCR8qRw",
    "size": [
      2.1034666673454394,
      4.81463633700088,
      1.8600000000000136
    ],
    "obj_class": "vehicle",
    "point_num_in_lidar": 163,
    "speed": 7.671577628373233,
    "if_vehicle": true,
    "motion_state": true,
    "pose": [
      [
        0.7266465161468677,
        -0.6843050568086108,
        -0.060921505216006915,
        40.52905197774453
      ],
      [
        0.6865660355151291,
        0.7265074967823781,
        0.028529563544528628,
        35.64497098927677
      ],
      [
        0.024737005652632243,
        -0.06255754427059054,
        0.9977347514275399,
        1.7708023993715756
      ],
      [
        0.0,
        0.0,
        0.0,
        1.0
      ]
    ],
    "location": [
      40.52905197774453,
      35.64497098927677,
      1.7708023993715756
    ],
    "rotation": [
      -0.06261760536125444,
      -0.02473952919006149,
      0.7570445096037889
    ]
  },
  {
    "label_id": "ntUXlVhmOELV5Oew38zlFw",
    "size": [
      0.8106306449325996,
      0.25315233260360614,
      0.7400000000000091
    ],
    "obj_class": "sign",
    "point_num_in_lidar": 25,
    "speed": 0.0066692417357729905,
    "if_vehicle": false,
    "motion_state": false,
    "pose": [
      [
        -0.6737164266757446,
        0.7364745390232319,
        -0.060921505216006915,
        52.59577796438316
      ],
      [
        -0.7387189067242762,
        -0.673409563974294,
        0.028529563544528628,
        30.910580925439717
      ],
      [
        -0.020013827104178167,
        0.06422470333500434,
        0.9977347514275399,
        5.356523879595954
      ],
      [
        0.0,
        0.0,
        0.0,
        1.0
      ]
    ],
    "location": [
      52.59577796438316,
      30.910580925439717,
      5.356523879595954
    ],
    "rotation": [
      0.06428183116472312,
      0.020015163445732873,
      -2.310205378099783
    ]
  },
  {
    "label_id": "o715hAsoNfGYshMkH4Brzw",
    "size": [
      0.7649401355948141,
      0.7342288875515807,
      1.8700000000000045
    ],
    "obj_class": "pedestrian",
    "point_num_in_lidar": 98,
    "speed": 5.684341886080801e-13,
    "if_vehicle": false,
    "motion_state": false,
    "pose": [
      [
        0.9767767670327121,
        -0.20541596234796106,
        -0.060921505216006915,
        19.40615129674552
      ],
      [
        0.20741816257182824,
        0.9778362694435533,
        0.028529563544528628,
        28.059521802344534
      ],
      [
        0.05371082963843952,
        -0.04050324151689321,
        0.9977347514275399,
        1.728237714796876
      ],
      [
        0.0,
        0.0,
        0.0,
        1.0
      ]
    ],
    "location": [
      19.40615129674552,
      28.059521802344534,
      1.728237714796876
    ],
    "rotation": [
      -0.040572921865252465,
      -0.05373668786456798,
      0.20924149328978836
    ]
  },
  {
    "label_id": "q_8ylLjdUbFpv9OMpUs2nw",
    "size": [
      0.8197791141281465,
      0.9542973550172178,
      1.839999999999975
    ],
    "obj_class": "pedestrian",
    "point_num_in_lidar": 58,
    "speed": 1.5769747700963759,
    "if_vehicle": false,
    "motion_state": true,
    "pose": [
      [
        -0.633031032956358,
        -0.7717255221362207,
        -0.060921505216006915,
        38.6488412043509
      ],
      [
        0.7717413875605186,
        -0.63529622596874,
        0.028529563544528628,
        10.813448714696278
      ],
      [
        -0.06072019466678395,
        -0.02895554788728953,
        0.9977347514275399,
        1.840599288455735
      ],
      [
        0.0,
        0.0,
        0.0,
        1.0
      ]
    ],
    "location": [
      38.6488412043509,
      10.813448714696278,
      1.840599288455735
    ],
    "rotation": [
      -0.029013144850770084,
      0.06075756868123979,
      2.2577713138118134
    ]
  },
  {
    "label_id": "rJsIoossIwvtYPo__dIw5g",
    "size": [
      0.401967616669818,
      0.09668230797251454,
      0.45999999999997954
    ],
    "obj_class": "sign",
    "point_num_in_lidar": 34,
    "speed": 0.003492479959443561,
    "if_vehicle": false,
    "motion_state": false,
    "pose": [
      [
        -0.7624490275448094,
        0.6441739288407989,
        -0.060921505216006915,
        21.942390713462373
      ],
      [
        -0.6464391133274907,
        -0.762431988287694,
        0.028529563544528628,
        0.6251358213630738
      ],
      [
        -0.028070503314727036,
        0.06113438179521531,
        0.9977347514275399,
        3.3038396988616228
      ],
      [
        0.0,
        0.0,
        0.0,
        1.0
      ]
    ],
    "location": [
      21.942390713462373,
      0.6251358213630738,
      3.3038396988616228
    ],
    "rotation": [
      0.061196671656231605,
      0.028074190996065295,
      -2.4383506141512052
    ]
  },
  {
    "label_id": "vNooCsfk0rHTE4yxtQYpPQ",
    "size": [
      0.9105045262853553,
      0.8397257828037255,
      1.8000000000000114
    ],
    "obj_class": "pedestrian",
    "point_num_in_lidar": 98,
    "speed": 0.050812678499892405,
    "if_vehicle": false,
    "motion_state": false,
    "pose": [
      [
        -0.46393330055474474,
        -0.8837728570388417,
        -0.060921505216006915,
        29.054308173366735
      ],
      [
        0.8842463643945634,
        -0.46614850751552966,
        0.028529563544528628,
        4.730355730542215
      ],
      [
        -0.05361212261586043,
        -0.04063380492209905,
        0.9977347514275399,
        1.5718281232382765
      ],
      [
        0.0,
        0.0,
        0.0,
        1.0
      ]
    ],
    "location": [
      29.054308173366735,
      4.730355730542215,
      1.5718281232382765
    ],
    "rotation": [
      -0.040703565708585944,
      0.05363783841818485,
      2.0539808369921158
    ]
  },
  {
    "label_id": "yJmaul3i_QOWca4UwDk0Kg",
    "size": [
      2.0200141014454265,
      4.561176917376345,
      1.7300000000000182
    ],
    "obj_class": "vehicle",
    "point_num_in_lidar": 5159,
    "speed": 8.491716138570993,
    "if_vehicle": true,
    "motion_state": true,
    "pose": [
      [
        0.6969127772531799,
        -0.714563608857515,
        -0.060921505216006915,
        10.200342110820202
      ],
      [
        0.716816638270871,
        0.6966778101116798,
        0.028529563544528628,
        2.013429971295409
      ],
      [
        0.022056472957086803,
        -0.06355216593097794,
        0.9977347514275399,
        1.2059482681505074
      ],
      [
        0.0,
        0.0,
        0.0,
        1.0
      ]
    ],
    "location": [
      10.200342110820202,
      2.013429971295409,
      1.2059482681505074
    ],
    "rotation": [
      -0.06361051943346446,
      -0.02205826171694251,
      0.7994762082180722
    ]
  },
  {
    "label_id": "yqJMqi_fjCkYf0a6TA6PgQ",
    "size": [
      1.022563351922531,
      0.13431120559665385,
      0.9700000000000273
    ],
    "obj_class": "sign",
    "point_num_in_lidar": 31,
    "speed": 0.0060923402210663275,
    "if_vehicle": false,
    "motion_state": false,
    "pose": [
      [
        -0.7160087224465771,
        0.6954279830310515,
        -0.060921505216006915,
        61.039645634995395
      ],
      [
        -0.6976865493855847,
        -0.7158348572194531,
        0.028529563544528628,
        39.2888399122603
      ],
      [
        -0.023769480155366715,
        0.06293153110300816,
        0.9977347514275399,
        3.3693072311694436
      ],
      [
        0.0,
        0.0,
        0.0,
        1.0
      ]
    ],
    "location": [
      61.039645634995395,
      39.2888399122603,
      3.3693072311694436
    ],
    "rotation": [
      0.06299096473405408,
      0.023771718970536208,
      -2.369154247253039
    ]
  },
  {
    "label_id": "z09Yi-tgsE0j3Ylaj2rJpA",
    "size": [
      0.7282340490753386,
      0.214924669584434,
      0.6999999999999886
    ],
    "obj_class": "sign",
    "point_num_in_lidar": 33,
    "speed": 0.008478773409194295,
    "if_vehicle": false,
    "motion_state": false,
    "pose": [
      [
        0.7510425687843197,
        -0.6574371681583467,
        -0.060921505216006915,
        19.397083372216002
      ],
      [
        0.6597017061384451,
        0.7509858340354919,
        0.028529563544528628,
        26.917405099658936
      ],
      [
        0.02699479193983201,
        -0.06161693762230021,
        0.9977347514275399,
        3.647712142775049
      ],
      [
        0.0,
        0.0,
        0.0,
        1.0
      ]
    ],
    "location": [
      19.397083372216002,
      26.917405099658936,
