[
  {
    "label_id": "-nBiv0OOg0fPLgefHhGq8g",
    "size": [
      1.5747958547547827,
      0.1656706936286259,
      1.6499999999999773
    ],
    "obj_class": "sign",
    "point_num_in_lidar": 569,
    "speed": 0.001044237038535931,
    "if_vehicle": false,
    "motion_state": false,
    "pose": [
      [
        -0.7438650983540502,
        -0.6668709209424177,
        -0.044134909676251506,
        15.246906044667412
      ],
      [
        0.6664046633450441,
        -0.7451120430354554,
        0.026699587927685717,
        37.13141424139758
      ],
      [
        -0.050690631508175876,
        -0.009550818024725764,
        0.9986687347425877,
        1.5166961702977915
      ],
      [
        0.0,
        0.0,
        0.0,
        1.0
      ]
    ],
    "location": [
      15.246906044667412,
      37.13141424139758,
      1.5166961702977915
    ],
    "rotation": [
      -0.009563258096632252,
      0.050712365250058754,
      2.411065325537696
    ]
  },
  {
    "label_id": "0TTpzF8WjDXQbo0lfz9cHQ",
    "size": [
      2.157544670188083,
      5.032259334955597,
      2.0300000000000296
    ],
    "obj_class": "vehicle",
    "point_num_in_lidar": 1461,
    "speed": 5.396224238530476,
    "if_vehicle": true,
    "motion_state": true,
    "pose": [
      [
        -0.518918313197791,
        -0.8536837201070596,
        -0.044134909676251506,
        25.796130097223795
      ],
      [
        0.8535984717855793,
        -0.5202468461892059,
        0.026699587927685717,
        40.4519107758606
      ],
      [
        -0.04575405111334759,
        -0.02381858632153209,
        0.9986687347425877,
        1.492236523787767
      ],
      [
        0.0,
        0.0,
        0.0,
        1.0
      ]
    ],
    "location": [
      25.796130097223795,
      40.4519107758606,
      1.492236523787767
    ],
    "rotation": [
      -0.023845816659186725,
      0.04577003001232462,
      2.1170179279390853
    ]
  },
  {
    "label_id": "0jw4kmyd3WAM6MTC97B0nA",
    "size": [
      1.9708569114610974,
      4.39763427653422,
      1.5199999999999818
    ],
    "obj_class": "vehicle",
    "point_num_in_lidar": 100,
    "speed": 7.491199278959197,
    "if_vehicle": true,
    "motion_state": true,
    "pose": [
      [
        0.7244681361656683,
        -0.6878939085560445,
        -0.044134909676251506,
        56.919490917902294
      ],
      [
        0.6891742767393446,
        0.7241035480408125,
        0.026699587927685717,
        43.18750565643859
      ],
      [
        0.013591760792622988,
        -0.04975964515744878,
        0.9986687347425877,
        1.3288603653281825
      ],
      [
        0.0,
        0.0,
        0.0,
        1.0
      ]
    ],
    "location": [
      56.919490917902294,
      43.18750565643859,
      1.3288603653281825
    ],
    "rotation": [
      -0.049784804939417095,
      -0.013592179308581937,
      0.7604367385095955
    ]
  },
  {
    "label_id": "2CpjYc56hQBrnDK--b90vw",
    "size": [
      2.0926499593267147,
      4.9752400927945954,
      1.6000000000000227
    ],
    "obj_class": "vehicle",
    "point_num_in_lidar": 234,
    "speed": 0.026856877520810816,
    "if_vehicle": true,
    "motion_state": false,
    "pose": [
      [
        0.7007194388479788,
        0.7120704865169197,
        -0.044134909676251506,
        15.097832701449079
      ],
      [
        -0.7116830958761909,
        0.7019930933054628,
        0.026699587927685717,
        45.24222046918294
      ],
      [
        0.04999439033185744,
        0.01270114888445052,
        0.9986687347425877,
        0.5828398724855219
      ],
      [
        0.0,
        0.0,
        0.0,
        1.0
      ]
    ],
    "location": [
      15.097832701449079,
      45.24222046918294,
      0.5828398724855219
    ],
    "rotation": [
      0.012717394374452629,
      -0.0500152401131568,
      -0.7931604241985798
    ]
  },
  {
    "label_id": "372VL4nuUuDLZal_o4LKJQ",
    "size": [
      2.173532973124701,
      4.7575719675316535,
      1.579999999999984
    ],
    "obj_class": "vehicle",
    "point_num_in_lidar": 69,
    "speed": 2.133207600567813,
    "if_vehicle": true,
    "motion_state": true,
    "pose": [
      [
        -0.9645937720001408,
        -0.2600210852342734,
        -0.044134909676251506,
        -5.737585917893739
      ],
      [
        0.25904285347398176,
        -0.9654967281501005,
        0.026699587927685717,
        75.26350423882832
      ],
      [
        -0.04955456671788578,
        0.014321423289663151,
        0.9986687347425877,
        -1.092659535772043
      ],
      [
        0.0,
        0.0,
        0.0,
        1.0
      ]
    ],
    "location": [
      -5.737585917893739,
      75.26350423882832,
      -1.092659535772043
    ],
    "rotation": [
      0.014339531395494595,
      0.04957487064992307,
      2.879231632443174
    ]
  },
  {
    "label_id": "3vxR4BMySQkzU5WY1a3UZA",
    "size": [
      0.9684339589657476,
      1.113997459645816,
      1.670000000000016
    ],
    "obj_class": "pedestrian",
    "point_num_in_lidar": 93,
    "speed": 0.007651384234424115,
    "if_vehicle": false,
    "motion_state": false,
    "pose": [
      [
        -0.7296732030819765,
        -0.6823702268211576,
        -0.044134909676251506,
        40.39735212447704
      ],
      [
        0.681930301276059,
        -0.7309296793851207,
        0.026699587927685717,
        1.328564580748207
      ],
      [
        -0.05047851924960011,
        -0.010614958408154535,
        0.9986687347425877,
        1.716157504601199
      ],
      [
        0.0,
        0.0,
        0.0,
        1.0
      ]
    ],
    "location": [
      40.39735212447704,
      1.328564580748207,
      1.716157504601199
    ],
    "rotation": [
      -0.010628708313282277,
      0.05049998109282374,
      2.390003353376905
    ]
  },
  {
    "label_id": "4QCXsQdpWMmYjaAu_fg9pA",
    "size": [
      0.830180048769833,
      0.9939998437621398,
      1.8999999999999773
    ],
    "obj_class": "pedestrian",
    "point_num_in_lidar": 32,
    "speed": 1.5957426725758659,
    "if_vehicle": false,
    "motion_state": true,
    "pose": [
      [
        -0.6992758274618834,
        -0.7134882107472887,
        -0.044134909676251506,
        56.21791273215422
      ],
      [
        0.7131034004654294,
        -0.7005502638991248,
        0.026699587927685717,
        -6.164490165836469
      ],
      [
        -0.04996856383907642,
        -0.012802377728345788,
        0.9986687347425877,
        2.1541483453378305
      ],
      [
        0.0,
        0.0,
        0.0,
        1.0
      ]
    ],
    "location": [
      56.21791273215422,
      -6.164490165836469,
      2.1541483453378305
    ],
    "rotation": [
      -0.012818741636560391,
      0.049989381300606456,
      2.34640453366546
    ]
  },
  {
    "label_id": "50a3QF2RZDCtOnldBiWQvg",
    "size": [
      0.9798482092473413,
      1.2007347169346758,
      1.7699999999999818
    ],
    "obj_class": "pedestrian",
    "point_num_in_lidar": 80,
    "speed": 1.6373574725039617,
    "if_vehicle": false,
    "motion_state": true,
    "pose": [
      [
        0.7721436687507609,
        -0.6339134519443362,
        -0.044134909676251506,
        38.722777507984574
      ],
      [
        0.6352167591917401,
        0.7718722697742383,
        0.026699587927685717,
        47.13930794319458
      ],
      [
        0.017141284959358665,
        -0.048651152068385425,
        0.9986687347425877,
        1.524500459670378
      ],
      [
        0.0,
        0.0,
        0.0,
        1.0
      ]
    ],
    "location": [
      38.722777507984574,
      47.13930794319458,
      1.524500459670378
    ],
    "rotation": [
      -0.048677522370471425,
      -0.01714212448951886,
      0.6884100047327548
    ]
  },
  {
    "label_id": "5_zmLzwQKAevERrLBkFozQ",
    "size": [
      0.7835333369624219,
      0.9696308335805952,
      1.6348377581119848
    ],
    "obj_class": "pedestrian",
    "point_num_in_lidar": 312,
    "speed": 1.6081185726399065,
    "if_vehicle": false,
    "motion_state": true,
    "pose": [
      [
        -0.6913799227323861,
        0.7211420887664433,
        -0.044134909676251506,
        24.08057136095522
      ],
      [
        -0.7224039319058957,
        -0.6909556361817983,
        0.026699587927685717,
        35.36280111219821
      ],
      [
        -0.011241067985805974,
        0.05034279132286555,
        0.9986687347425877,
        1.3803183822959681
      ],
      [
        0.0,
        0.0,
        0.0,
        1.0
      ]
    ],
    "location": [
      24.08057136095522,
      35.36280111219821,
      1.3803183822959681
    ],
    "rotation": [
      0.05036726541680097,
      0.011241304739175787,
      -2.3342540565310923
    ]
  },
  {
    "label_id": "5aghV-Mnu97AiqC4x6jYuA",
    "size": [
      0.9149321908341429,
      0.9082561679242644,
      1.8100000000000023
    ],
    "obj_class": "pedestrian",
    "point_num_in_lidar": 26,
    "speed": 1.3278504624443708,
    "if_vehicle": false,
    "motion_state": true,
    "pose": [
      [
        -0.7225994340790064,
        -0.6898566283051637,
        -0.044134909676251506,
        72.6317804392238
      ],
      [
        0.6894296799560109,
        -0.7238603790788968,
        0.026699587927685717,
        7.143118481253623
      ],
      [
        -0.05036640015379481,
        -0.011134809526297156,
        0.9986687347425877,
        1.9105340955383099
      ],
      [
        0.0,
        0.0,
        0.0,
        1.0
      ]
    ],
    "location": [
      72.6317804392238,
      7.143118481253623,
      1.9105340955383099
    ],
    "rotation": [
      -0.01114919068387735,
      0.050387719197443726,
      2.379681013643856
    ]
  },
  {
    "label_id": "6i_mPMYxgh2SXwhx4Y83Bg",
    "size": [
      0.7184178508151757,
      0.8689585357133183,
      1.6299999999999955
    ],
    "obj_class": "pedestrian",
    "point_num_in_lidar": 197,
    "speed": 1.254136091835268,
    "if_vehicle": false,
    "motion_state": true,
    "pose": [
      [
        0.6540116639936828,
        -0.7551959037945605,
        -0.044134909676251506,
        17.18235261112204
      ],
      [
        0.7564346662543662,
        0.6535240834836444,
        0.026699587927685717,
        26.79211427442351
      ],
      [
        0.008679806959814743,
        -0.05084701759965329,
        0.9986687347425877,
        1.6409067887487367
      ],
      [
        0.0,
        0.0,
        0.0,
        1.0
      ]
    ],
    "location": [
      17.18235261112204,
      26.79211427442351,
      1.6409067887487367
    ],
    "rotation": [
      -0.050870871244927146,
      -0.008679915951576658,
      0.8578883617629891
    ]
  },
  {
    "label_id": "75ds1F0rzK-LvwVANh4abg",
    "size": [
      0.9408747811863009,
      0.989888118529052,
      1.8999999999999773
    ],
    "obj_class": "pedestrian",
    "point_num_in_lidar": 43,
    "speed": 1.4344463698562275,
    "if_vehicle": false,
    "motion_state": true,
    "pose": [
      [
        -0.7609821203023497,
        0.647269899136372,
        -0.044134909676251506,
        57.87518114753766
      ],
      [
        -0.648568280118122,
        -0.7606880556634978,
        0.026699587927685717,
        35.70012107009097
      ],
      [
        -0.016291059043576025,
        0.048942411494304394,
        0.9986687347425877,
        1.605534095537621
      ],
      [
        0.0,
        0.0,
        0.0,
        1.0
      ]
    ],
    "location": [
      57.87518114753766,
      35.70012107009097,
      1.605534095537621
    ],
    "rotation": [
      0.04896847541067665,
      0.01629177973370762,
      -2.435777608719747
    ]
  },
  {
    "label_id": "B8fPu6MBHzAg6h1H20TSaA",
    "size": [
      0.8382083337783998,
      0.9355274055124028,
      1.6899999999999977
    ],
    "obj_class": "pedestrian",
    "point_num_in_lidar": 74,
    "speed": 0.32340752846261034,
    "if_vehicle": false,
    "motion_state": false,
    "pose": [
      [
        0.528615279668029,
        0.8477133925150413,
        -0.044134909676251506,
        40.73671213733178
      ],
      [
        -0.8476130065046017,
        0.5299427546525395,
        0.026699587927685717,
        40.20584471154871
      ],
      [
        0.046022573871105844,
        0.02329551334308186,
        0.9986687347425877,
        1.5420534366962784
      ],
      [
        0.0,
        0.0,
        0.0,
        1.0
      ]
    ],
    "location": [
      40.73671213733178,
      40.20584471154871,
      1.5420534366962784
    ],
    "rotation": [
      0.023322337687128724,
      -0.046038835937364644,
      -1.0131671739382444
    ]
  },
  {
    "label_id": "CgFRFNYw3lhQVZrCFzpkrQ",
    "size": [
      1.0433323492974778,
      0.2471041857061209,
      0.9900000000000091
    ],
    "obj_class": "sign",
    "point_num_in_lidar": 26,
    "speed": 1.1368683772161603e-12,
    "if_vehicle": false,
    "motion_state": false,
    "pose": [
      [
        0.7932493954229904,
        0.607295238256426,
        -0.044134909676251506,
        80.57084302817384
      ],
      [
        -0.6067338658702038,
        0.7944565110883599,
        0.026699587927685717,
        -4.026447336022102
      ],
      [
        0.05127779897048696,
        0.00559871238602467,
        0.9986687347425877,
        4.503246824437326
      ],
      [
        0.0,
        0.0,
        0.0,
        1.0
      ]
    ],
    "location": [
      80.57084302817384,
      -4.026447336022102,
      4.503246824437326
    ],
    "rotation": [
      0.005606116961509117,
      -0.051300297350580025,
      -0.6529511368921924
    ]
  },
  {
    "label_id": "DAcKn9aTrB4-lrjIfVddfQ",
    "size": [
      0.7896825755497359,
      0.696373814229446,
      1.6000000000000227
    ],
    "obj_class": "pedestrian",
    "point_num_in_lidar": 28,
    "speed": 3.5950934718225418e-12,
    "if_vehicle": false,
    "motion_state": false,
    "pose": [
      [
        -0.9914700910344857,
        0.12263428693451837,
        -0.044134909676251506,
        51.2044781506811
      ],
      [
        -0.1238806665058437,
        -0.9919378571617075,
        0.026699587927685717,
        49.52241715947457
      ],
      [
        -0.04050480280332921,
        0.03193930490011506,
        0.9986687347425877,
        1.6534631535524227
      ],
      [
        0.0,
        0.0,
        0.0,
        1.0
      ]
    ],
    "location": [
      51.2044781506811,
      49.52241715947457,
      1.6534631535524227
    ],
    "rotation": [
      0.031970983830949144,
      0.04051588661518743,
      -3.017290387183043
    ]
  },
  {
    "label_id": "Eg26dQuafs-THXXl1t08EA",
    "size": [
      0.776534434835557,
      0.9512948826450155,
      1.829999999999984
    ],
    "obj_class": "pedestrian",
    "point_num_in_lidar": 20,
    "speed": 1.2965074975710589,
    "if_vehicle": false,
    "motion_state": true,
    "pose": [
      [
        -0.7033603598499193,
        -0.7094619890731716,
        -0.044134909676251506,
        75.46529683567132
      ],
      [
        0.7090698687359968,
        -0.7046325661330224,
        0.026699587927685717,
        5.975898482363846
      ],
      [
        -0.05004123741983621,
        -0.012515302838153138,
        0.9986687347425877,
        2.006060378880534
      ],
      [
        0.0,
        0.0,
        0.0,
        1.0
      ]
    ],
    "location": [
      75.46529683567132,
      5.975898482363846,
      2.006060378880534
    ],
    "rotation": [
      -0.012531330245532737,
      0.050062145911917884,
      2.352152182351421
    ]
  },
  {
    "label_id": "IEf0L1hK0QJytY6Vmcwj0Q",
    "size": [
      0.767878859751476,
      1.1534359156285063,
      1.839999999999975
    ],
    "obj_class": "pedestrian",
    "point_num_in_lidar": 35,
    "speed": 1.4284465075250143,
    "if_vehicle": false,
    "motion_state": true,
    "pose": [
      [
        -0.7378513244075265,
        0.6735187694622385,
        -0.044134909676251506,
        35.416592706282245
      ],
      [
        -0.6748060575883359,
        -0.7375119772902533,
        0.026699587927685717,
        10.984464749904873
      ],
      [
        -0.014567350896655257,
        0.0494828307142267,
        0.9986687347425877,
        1.6995907789089415
      ],
      [
        0.0,
        0.0,
        0.0,
        1.0
      ]
    ],
    "location": [
      35.416592706282245,
      10.984464749904873,
      1.6995907789089415
    ],
    "rotation": [
      0.0495083041284736,
      0.014567866163229002,
      -2.400793740590127
    ]
  },
  {
    "label_id": "Irfp6gSCdLpobVkk39GvCg",
    "size": [
      0.7417760791716494,
      1.1326184300815785,
      1.8400000000000318
    ],
    "obj_class": "pedestrian",
    "point_num_in_lidar": 27,
    "speed": 1.3267916878709465,
    "if_vehicle": false,
    "motion_state": true,
    "pose": [
      [
        0.8688828545343134,
        -0.49304634147732246,
        -0.044134909676251506,
        37.220222404146625
      ],
      [
        0.4943768353993164,
        0.8688375432870341,
        0.026699587927685717,
        46.20556597045652
      ],
      [
        0.02518193234961198,
        -0.04501809114987734,
        0.9986687347425877,
        1.4895004596704098
      ],
      [
        0.0,
        0.0,
        0.0,
        1.0
      ]
    ],
    "location": [
      37.220222404146625,
      46.20556597045652,
      1.4895004596704098
    ],
    "rotation": [
      -0.04504760580274984,
      -0.025184594544633416,
      0.5172982071513866
    ]
  },
  {
    "label_id": "MQpQK2kzZfJnvO5GRR-ocg",
    "size": [
      0.652841742331801,
      0.8721263315164834,
      1.6800000000000068
    ],
    "obj_class": "pedestrian",
    "point_num_in_lidar": 1063,
    "speed": 1.1013167068882281,
    "if_vehicle": false,
    "motion_state": true,
    "pose": [
      [
        0.6518033379495166,
        -0.7571027132336386,
        -0.044134909676251506,
        17.753577647577913
      ],
      [
        0.7583400464399157,
        0.6513121417338988,
        0.026699587927685717,
        26.40757385773759
      ],
      [
        0.008531272084200587,
        -0.05087214998665222,
        0.9986687347425877,
        1.645722640075519
      ],
      [
        0.0,
        0.0,
        0.0,
        1.0
      ]
    ],
    "location": [
      17.753577647577913,
      26.40757385773759,
      1.645722640075519
    ],
    "rotation": [
      -0.05089597203304019,
      -0.008531375575622255,
      0.8608051771602858
    ]
  },
  {
    "label_id": "NHlv6cGf7h-bBMSpm-Zh7A",
    "size": [
      0.9098943185394939,
      0.7449380051051133,
      1.8899999999999864
    ],
    "obj_class": "pedestrian",
    "point_num_in_lidar": 80,
    "speed": 2.3437142008433857e-12,
    "if_vehicle": false,
    "motion_state": false,
    "pose": [
      [
        -0.8023116769271477,
        0.5952714362492268,
        -0.044134909676251506,
        34.93051001186541
      ],
      [
        -0.5965864882365491,
        -0.802104540604324,
        0.026699587927685717,
        12.640109978776309
      ],
      [
        -0.019507309397507052,
        0.04775168193591753,
        0.9986687347425877,
        1.6995214884450434
      ],
      [
        0.0,
        0.0,
        0.0,
        1.0
      ]
    ],
    "location": [
      34.93051001186541,
      12.640109978776309,
      1.6995214884450434
    ],
    "rotation": [
      0.04777894656837649,
      0.019508546812134823,
      -2.502210155717917
    ]
  },
  {
    "label_id": "NWx5OOTS3S22DN-gLtcmhw",
    "size": [
      0.6743662098281364,
      0.6666284200873633,
      1.6200000000000045
    ],
    "obj_class": "pedestrian",
    "point_num_in_lidar": 24,
    "speed": 1.7053025658242404e-12,
    "if_vehicle": false,
    "motion_state": false,
    "pose": [
      [
        -0.9505071054331574,
        0.30755219438161935,
        -0.044134909676251506,
        57.49599928744283
      ],
      [
        -0.308864457167125,
        -0.9507312338949157,
        0.026699587927685717,
        55.96906875145214
      ],
      [
        -0.03374892027809851,
        0.039009852956678144,
        0.9986687347425877,
        1.713463153552425
      ],
      [
        0.0,
        0.0,
        0.0,
        1.0
      ]
    ],
    "location": [
      57.49599928744283,
      55.96906875145214,
      1.713463153552425
    ],
    "rotation": [
      0.03904200558504087,
      0.03375533017565215,
      -2.827408668361189
    ]
  },
  {
    "label_id": "OuZ9z9qaKV3nsqnICSdpHQ",
    "size": [
      0.8617775315337983,
      0.9056348031139417,
      1.7900000000000205
    ],
    "obj_class": "pedestrian",
    "point_num_in_lidar": 37,
    "speed": 1.4747812858472207,
    "if_vehicle": false,
    "motion_state": true,
    "pose": [
      [
        -0.7335849442564241,
        -0.6781631362055655,
        -0.044134909676251506,
        43.387457412089134
      ],
      [
        0.6777159928709494,
        -0.7348388701010822,
        0.026699587927685717,
        5.767892373733048
      ],
      [
        -0.05053872344294558,
        -0.010324518409909639,
        0.9986687347425877,
        1.8482024079559665
      ],
      [
        0.0,
        0.0,
        0.0,
        1.0
      ]
    ],
    "location": [
      43.387457412089134,
      5.767892373733048,
      1.8482024079559665
    ],
    "rotation": [
      -0.010337913109662344,
      0.05056026222751058,
      2.3957606754817333
    ]
  },
  {
    "label_id": "R0591s_SOgmmTLEB231ofA",
    "size": [
      0.7662604966492016,
      0.8033125028596259,
      1.8999999999999773
    ],
    "obj_class": "pedestrian",
    "point_num_in_lidar": 114,
    "speed": 0.05592733041420634,
    "if_vehicle": false,
    "motion_state": false,
    "pose": [
      [
        0.6903474274086824,
        0.7221305555217028,
        -0.044134909676251506,
        35.59614711244649
      ],
      [
        -0.7217616263431803,
        0.6916265515022822,
        0.026699587927685717,
        43.457899134838954
      ],
      [
        0.04980546364267078,
        0.013422892347690903,
        0.9986687347425877,
        1.5322314158785844
      ],
      [
        0.0,
        0.0,
        0.0,
        1.0
      ]
    ],
    "location": [
      35.59614711244649,
      43.457899134838954,
      1.5322314158785844
    ],
    "rotation": [
      0.013439976305868555,
      -0.0498260777695256,
      -0.8076407926879406
    ]
  },
  {
    "label_id": "R9rMpbgc15zaIzxO84qQ2Q",
    "size": [
      2.4554635055498313,
      5.740474842219555,
      1.9599999999999795
    ],
    "obj_class": "vehicle",
    "point_num_in_lidar": 7532,
    "speed": 8.549441326451886,
    "if_vehicle": true,
    "motion_state": true,
    "pose": [
      [
        0.7058884234584938,
        -0.70694670476292,
        -0.044134909676251506,
        23.717691326986824
      ],
      [
        0.7082169075411368,
        0.7054898609316511,
        0.026699587927685717,
        18.840721979300724
      ],
      [
        0.012261545585724402,
        -0.05010401927478774,
        0.9986687347425877,
        1.7192982397548349
      ],
      [
        0.0,
        0.0,
        0.0,
        1.0
      ]
    ],
    "location": [
      23.717691326986824,
      18.840721979300724,
      1.7192982397548349
    ],
    "rotation": [
      -0.050128778239828954,
      -0.012261852851213666,
      0.7870447748111594
    ]
  },
  {
    "label_id": "RY23tzpLtf7MYOqPu3Y8GQ",
    "size": [
      0.4662046196177414,
      0.08292759186144995,
      0.5799999999999841
    ],
    "obj_class": "sign",
    "point_num_in_lidar": 22,
    "speed": 0.0010724871121265554,
    "if_vehicle": false,
    "motion_state": false,
    "pose": [
      [
        0.6884517062562594,
        0.7239380898258595,
        -0.044134909676251506,
        19.041453460733464
      ],
      [
        -0.7235725156406144,
        0.6897317932457548,
        0.026699587927685717,
        58.05737183815654
      ],
      [
        0.049770099079246746,
        0.013553430756862338,
        0.9986687347425877,
        2.4908444804728447
      ],
      [
        0.0,
        0.0,
        0.0,
        1.0
      ]
    ],
    "location": [
      19.041453460733464,
      58.05737183815654,
      2.4908444804728447
    ],
    "rotation": [
      0.013570664888089298,
      -0.049790669293193916,
      -0.8102657039363358
    ]
  },
  {
    "label_id": "SSNlDFCI-EZrjNybBfB66g",
    "size": [
      0.8845761990402455,
      0.9635875842650421,
      1.6000000000000227
    ],
    "obj_class": "pedestrian",
    "point_num_in_lidar": 1146,
    "speed": 1.1368683772161603e-12,
    "if_vehicle": false,
    "motion_state": false,
    "pose": [
      [
        0.6747377229835257,
        0.7367368016672412,
        -0.044134909676251506,
        20.12342237671328
      ],
      [
        -0.7363953267674961,
        0.6760244483149144,
        0.026699587927685717,
        27.050882457682746
      ],
      [
        0.04950684698099296,
        0.014485522069972058,
        0.9986687347425877,
        1.5073323149504745
      ],
      [
        0.0,
        0.0,
        0.0,
        1.0
      ]
    ],
    "location": [
      20.12342237671328,
      27.050882457682746,
      1.5073323149504745
    ],
    "rotation": [
      0.014503814752497849,
      -0.04952709226990346,
      -0.8290640750218746
    ]
  },
  {
    "label_id": "SVtwv1xNRMziqE3GDAHqrA",
    "size": [
      0.7819850836720198,
      1.8584476636424367,
      1.9499999999999886
    ],
    "obj_class": "cyclist",
    "point_num_in_lidar": 352,
    "speed": 5.136085470200287,
    "if_vehicle": false,
    "motion_state": true,
    "pose": [
      [
        0.744583987956885,
        -0.6660681606458084,
        -0.044134909676251506,
        38.37720870019257
      ],
      [
        0.6673587947201651,
        0.7442575972834542,
        0.026699587927685717,
        20.996714867047558
      ],
      [
        0.01506399641097456,
        -0.049333905782628286,
        0.9986687347425877,
        1.759297836368205
      ],
      [
        0.0,
        0.0,
        0.0,
        1.0
      ]
    ],
    "location": [
      38.37720870019257,
      20.996714867047558,
      1.759297836368205
    ],
    "rotation": [
      -0.049359544792439966,
      -0.01506456619951736,
      0.7307583248453889
    ]
  },
  {
    "label_id": "TLHLhHvraU9-FXWR_8xBag",
    "size": [
      0.6791927930639675,
      0.8114629329278926,
      1.8199999999999932
    ],
    "obj_class": "pedestrian",
    "point_num_in_lidar": 40,
    "speed": 1.5033799939215198,
    "if_vehicle": false,
    "motion_state": true,
    "pose": [
      [
        -0.699913417427903,
        -0.7128627622847634,
        -0.044134909676251506,
        45.2990514174453
      ],
      [
        0.7124768127909376,
        -0.7011875093295368,
        0.026699587927685717,
        2.7909459836009773
      ],
      [
        -0.04997998939236983,
        -0.012757699948568289,
        0.9986687347425877,
        1.9080185841679054
      ],
      [
        0.0,
        0.0,
        0.0,
        1.0
      ]
    ],
    "location": [
      45.2990514174453,
      2.7909459836009773,
      1.9080185841679054
    ],
    "rotation": [
      -0.012774011624744131,
      0.05000082114792944,
      2.347299594321965
    ]
  },
  {
    "label_id": "TZ_-vRD-wRuJSsIj5_YNaw",
    "size": [
      2.2551529818334686,
      4.679410122029367,
      1.509999999999991
    ],
    "obj_class": "vehicle",
    "point_num_in_lidar": 215,
    "speed": 2.9543746853285513,
    "if_vehicle": true,
    "motion_state": true,
    "pose": [
      [
        -0.6919654423213037,
        -0.7205802775409216,
        -0.044134909676251506,
        53.54070553793645
      ],
      [
        0.720208480192642,
        -0.6932437356825496,
        0.026699587927685717,
        18.264190279434843
      ],
      [
        -0.049835446137136516,
        -0.013311144051195038,
        0.9986687347425877,
        1.5405173954699762
      ],
      [
        0.0,
        0.0,
        0.0,
        1.0
      ]
    ],
    "location": [
      53.54070553793645,
      18.264190279434843,
      1.5405173954699762
    ],
    "rotation": [
      -0.013328099087788337,
      0.04985609754284443,
      2.3361974680807682
    ]
  },
  {
    "label_id": "Uym2TQ00DalEua9edk4J5g",
    "size": [
      0.7342892225205515,
      0.6340272989327786,
      1.6299999999999955
    ],
    "obj_class": "pedestrian",
    "point_num_in_lidar": 53,
    "speed": 3.457650183405701e-12,
    "if_vehicle": false,
    "motion_state": false,
    "pose": [
      [
        0.5461848154519177,
        -0.8365011997108095,
        -0.044134909676251506,
        34.569404624235176
      ],
      [
        0.8376628854888831,
        0.5455346206052645,
        0.026699587927685717,
        12.293120441645442
      ],
      [
        0.0017428838723881333,
        -0.05155308529512534,
        0.9986687347425877,
        1.557231415878448
      ],
      [
        0.0,
        0.0,
        0.0,
        1.0
      ]
    ],
    "location": [
      34.569404624235176,
      12.293120441645442,
      1.557231415878448
    ],
    "rotation": [
      -0.051576026669779555,
      -0.001742884754766185,
      0.992992446029412
    ]
  },
  {
    "label_id": "VKOuaj8LJhay5wlxyZ-_zg",
    "size": [
      0.7878072383630936,
      1.0479388304352202,
      1.6999999999999886
    ],
    "obj_class": "pedestrian",
    "point_num_in_lidar": 122,
    "speed": 1.3974553167361237,
    "if_vehicle": false,
    "motion_state": true,
    "pose": [
      [
        0.33864243491542356,
        -0.9398794662202288,
        -0.044134909676251506,
        31.57358704294529
      ],
      [
        0.9408599801182838,
        0.3377419574413498,
        0.026699587927685717,
        46.28474456944241
      ],
      [
        -0.010188183664218961,
        -0.05056638370759017,
        0.9986687347425877,
        1.2720146015809064
      ],
      [
        0.0,
        0.0,
        0.0,
        1.0
      ]
    ],
    "location": [
      31.57358704294529,
      46.28474456944241,
      1.2720146015809064
    ],
    "rotation": [
      -0.05059058584241451,
      0.010188359926478253,
      1.2253039375411834
    ]
  },
  {
    "label_id": "VqYlW6Sp3oyWGU1DfRWBBA",
    "size": [
      0.7161699876236169,
      0.900175979290559,
      1.8199999999999932
    ],
    "obj_class": "pedestrian",
    "point_num_in_lidar": 123,
    "speed": 1.3138431868050617,
    "if_vehicle": false,
    "motion_state": true,
    "pose": [
      [
        0.660497300826932,
        -0.7495301363842592,
        -0.044134909676251506,
        33.26004980209109
      ],
      [
        0.7507730558577076,
        0.6600204168073677,
        0.026699587927685717,
        42.60553858159983
      ],
      [
        0.009117795699433244,
        -0.050770306767071005,
        0.9986687347425877,
        1.332231415878482
      ],
      [
        0.0,
        0.0,
        0.0,
        1.0
      ]
    ],
    "location": [
      33.26004980209109,
      42.60553858159983,
      1.332231415878482
    ],
    "rotation": [
      -0.05079425646403907,
      -0.009117922037599127,
      0.8492788534522279
    ]
  },
  {
    "label_id": "WLxPidkONZfEWD55dLlKWA",
    "size": [
      2.3401327950704363,
      5.65358485138672,
      2.240000000000009
    ],
    "obj_class": "vehicle",
    "point_num_in_lidar": 100,
    "speed": 9.677483718039007,
    "if_vehicle": true,
    "motion_state": true,
    "pose": [
      [
        0.7264578626944651,
        -0.6857923034543759,
        -0.044134909676251506,
        70.55091455519505
      ],
      [
        0.6870737224440068,
        0.7260969852102594,
        0.026699587927685717,
        60.82889024139877
      ],
      [
        0.013735852952243091,
        -0.04972006226176164,
        0.9986687347425877,
        1.5256723639581082
      ],
      [
        0.0,
        0.0,
        0.0,
        1.0
      ]
    ],
    "location": [
      70.55091455519505,
      60.82889024139877,
      1.5256723639581082
    ],
    "rotation": [
      -0.049745267357196664,
      -0.01373628492118616,
      0.7575431412271977
    ]
  },
  {
    "label_id": "WO_EU5HuGT6OvKJc51rSGg",
    "size": [
      2.3918637837894705,
      0.18455530819637792,
      1.240000000000009
    ],
    "obj_class": "sign",
    "point_num_in_lidar": 311,
    "speed": 0.004862076489024931,
    "if_vehicle": false,
    "motion_state": false,
    "pose": [
      [
        -0.7545758034043997,
        -0.6547270169043538,
        -0.044134909676251506,
        45.281610932404874
      ],
      [
        0.6542406105021503,
        -0.755815027354091,
        0.026699587927685717,
        9.698335841894732
      ],
      [
        -0.050838769520695534,
        -0.008727987239948188,
        0.9986687347425877,
        3.448631937155369
      ],
      [
        0.0,
        0.0,
        0.0,
        1.0
      ]
    ],
    "location": [
      45.281610932404874,
      9.698335841894732,
      3.448631937155369
    ],
    "rotation": [
      -0.008739399491602384,
      0.05086069451232996,
      2.427293936308217
    ]
  },
  {
    "label_id": "YeDTe3z8sAGMJ4YCFJfJEg",
    "size": [
      2.0031383562899054,
      4.590736175159691,
      1.420000000000016
    ],
    "obj_class": "vehicle",
    "point_num_in_lidar": 45,
    "speed": 7.475082718296172,
    "if_vehicle": true,
    "motion_state": true,
    "pose": [
      [
        0.7230202395478357,
        -0.6894155807291124,
        -0.044134909676251506,
        70.54236464978021
      ],
      [
        0.6906951795367832,
        0.7226529602576485,
        0.026699587927685717,
        56.71116248596081
      ],
      [
        0.013487111211853637,
        -0.049788111821982076,
        0.9986687347425877,
        1.2259508136116324
      ],
      [
        0.0,
        0.0,
        0.0,
        1.0
      ]
    ],
    "location": [
      70.54236464978021,
      56.71116248596081,
      1.2259508136116324
    ],
    "rotation": [
      -0.049813238919763456,
      -0.013487520134457419,
      0.7625368237580042
    ]
  },
  {
    "label_id": "ZTG-Mn-TYgvvLsEhN2HgLw",
    "size": [
      0.7683792336934337,
      0.9110074121337941,
      1.8600000000000136
    ],
    "obj_class": "pedestrian",
    "point_num_in_lidar": 25,
    "speed": 1.582542864228245,
    "if_vehicle": false,
    "motion_state": true,
    "pose": [
      [
        -0.6744176728515564,
        0.7370297906417081,
        -0.044134909676251506,
        67.51176025992027
      ],
      [
        -0.7382814226027965,
        -0.6739641481889691,
        0.026699587927685717,
        44.62901935439004
      ],
      [
        -0.010066955104789855,
        0.0505906578585142,
        0.9986687347425877,
        1.3121981842471087
      ],
      [
        0.0,
        0.0,
        0.0,
        1.0
      ]
    ],
    "location": [
      67.51176025992027,
      44.62901935439004,
      1.3121981842471087
    ],
    "rotation": [
      0.050614830164779676,
      0.010067125149431653,
      -2.311018346258886
    ]
  },
  {
    "label_id": "_fjQGebTZaJgCuKbZhx4IQ",
    "size": [
      1.255264558497453,
      0.17686029307354367,
      0.39999999999997726
    ],
    "obj_class": "sign",
    "point_num_in_lidar": 170,
    "speed": 0.01086320826866707,
    "if_vehicle": false,
    "motion_state": false,
    "pose": [
      [
        -0.6745328965051731,
        -0.7369243389115402,
        -0.044134909676251506,
        38.655544052227924
      ],
      [
        0.7365832217129347,
        -0.6758197167111105,
        0.026699587927685717,
        13.17837862581655
      ],
      [
        -0.04950281833729508,
        -0.014499283578986309,
        0.9986687347425877,
        3.797997467216362
      ],
      [
        0.0,
        0.0,
        0.0,
        1.0
      ]
    ],
    "location": [
      38.655544052227924,
      13.17837862581655,
      3.797997467216362
    ],
    "rotation": [
      -0.014517591704862956,
      0.049523058680557515,
      2.3122502834695147
    ]
  },
  {
    "label_id": "_tsIF16b_W0ZqlPiZj4RNw",
    "size": [
      0.885904271622945,
      0.9773899117426482,
      1.660000000000025
    ],
    "obj_class": "pedestrian",
    "point_num_in_lidar": 111,
    "speed": 1.0991532000721422,
    "if_vehicle": false,
    "motion_state": true,
    "pose": [
      [
        0.7108984892535555,
        -0.7019084325785533,
        -0.044134909676251506,
        34.755108712201036
      ],
      [
        0.7031814378720822,
        0.7105089706939968,
        0.026699587927685717,
        43.93745847474929
      ],
      [
        0.012617583332930832,
        -0.05001554596798525,
        0.9986687347425877,
        1.4022314158787594
      ],
      [
        0.0,
        0.0,
        0.0,
        1.0
      ]
    ],
    "location": [
      34.755108712201036,
      43.93745847474929,
      1.4022314158787594
    ],
    "rotation": [
      -0.050040409037054985,
      -0.012617918150631909,
      0.7799409225266237
    ]
  },
  {
    "label_id": "bEtCAuntP-b14z2lvs2iBw",
    "size": [
      2.2076617910908585,
      5.029448622023461,
      1.5199999999999818
    ],
    "obj_class": "vehicle",
    "point_num_in_lidar": 28,
    "speed": 0.049503354018192426,
    "if_vehicle": true,
    "motion_state": false,
    "pose": [
      [
        0.7007194388502268,
        0.7120704865147075,
        -0.044134909676251506,
        8.88024270160895
      ],
      [
        -0.7116830958739747,
        0.7019930933077096,
        0.026699587927685717,
        51.128144049231196
      ],
      [
        0.04999439033189754,
        0.012701148884292687,
        0.9986687347425877,
        0.1628398724856197
      ],
      [
        0.0,
        0.0,
        0.0,
        1.0
      ]
    ],
    "location": [
      8.88024270160895,
      51.128144049231196,
      0.1628398724856197
    ],
    "rotation": [
      0.01271739437429461,
      -0.05001524011319695,
      -0.7931604241954191
    ]
  },
  {
    "label_id": "bMjmFhgzjcwPiXwbwa_O7g",
    "size": [
      0.5960529665173906,
      0.11968873521254864,
      0.6200000000000045
    ],
    "obj_class": "sign",
    "point_num_in_lidar": 34,
    "speed": 2.3437142008433857e-12,
    "if_vehicle": false,
    "motion_state": false,
    "pose": [
      [
        0.2763450491162222,
        0.9600445424962437,
        -0.044134909676251506,
        18.799074341943196
      ],
      [
        -0.9603114092271334,
        0.2776492919362283,
        0.026699587927685717,
        57.76120892065228
      ],
      [
        0.03788682009815388,
        0.03500495837005413,
        0.9986687347425877,
        2.010844480472258
      ],
      [
        0.0,
        0.0,
        0.0,
        1.0
      ]
    ],
    "location": [
      18.799074341943196,
      57.76120892065228,
      2.010844480472258
    ],
    "rotation": [
      0.035037276952433395,
      -0.03789588981841264,
      -1.2906007563983628
    ]
  },
  {
    "label_id": "c0y7glAJZqN5tdd4kI_s6Q",
    "size": [
      0.7265774933746579,
      0.9110741316679623,
      1.8600000000000136
    ],
    "obj_class": "pedestrian",
    "point_num_in_lidar": 95,
    "speed": 1.3531902260937339,
    "if_vehicle": false,
    "motion_state": true,
    "pose": [
      [
        0.456703487652948,
        0.8885235135400203,
        -0.044134909676251506,
        40.36378356800924
      ],
      [
        -0.888533246267503,
        0.45803471733245815,
        0.026699587927685717,
        43.41567039682559
      ],
      [
        0.043938532553633454,
        0.027021539642892164,
        0.9986687347425877,
        1.437079965944747
      ],
      [
        0.0,
        0.0,
        0.0,
        1.0
      ]
    ],
    "location": [
