[
  {
    "label_id": "09Fy6aLIXmomFj8daA5KWg",
    "size": [
      1.9336777598641022,
      3.9037725122541556,
      2.0900000000000034
    ],
    "obj_class": "vehicle",
    "point_num_in_lidar": 589,
    "speed": 0.04126655902542831,
    "if_vehicle": true,
    "motion_state": false,
    "pose": [
      [
        -0.17876307927328627,
        -0.9827141237787669,
        0.04813223882662469,
        -5.489565177815166
      ],
      [
        0.9837058802762922,
        -0.1775633672069676,
        0.028177858967073144,
        8.12667546281773
      ],
      [
        -0.01914425758752353,
        0.05238512720089596,
        0.9984434364797881,
        1.013131672434909
      ],
      [
        0.0,
        0.0,
        0.0,
        1.0
      ]
    ],
    "location": [
      -5.489565177815166,
      8.12667546281773,
      1.013131672434909
    ],
    "rotation": [
      0.05241873154795127,
      0.019145427183789775,
      1.7505587671796312
    ]
  },
  {
    "label_id": "0qK7jFKlQ1FLGlWLoktfIA",
    "size": [
      0.6773045018859156,
      0.6168086755166287,
      1.740000000000009
    ],
    "obj_class": "pedestrian",
    "point_num_in_lidar": 234,
    "speed": 0.030376404883785936,
    "if_vehicle": false,
    "motion_state": false,
    "pose": [
      [
        0.05224516369409771,
        0.9974736740666963,
        0.04813223882662469,
        17.107869250599833
      ],
      [
        -0.9983046859980412,
        0.05092899153118864,
        0.028177858967073144,
        -12.874581888714602
      ],
      [
        0.025655346127641334,
        -0.04952279642248024,
        0.9984434364797881,
        -0.15531597698502253
      ],
      [
        0.0,
        0.0,
        0.0,
        1.0
      ]
    ],
    "location": [
      17.107869250599833,
      -12.874581888714602,
      -0.15531597698502253
    ],
    "rotation": [
      -0.04955938726035329,
      -0.02565816133927744,
      -1.5185101403412558
    ]
  },
  {
    "label_id": "1cUBdD_2egIKK8LIVndxOg",
    "size": [
      2.0276520228163557,
      4.3392067825484375,
      1.3700000000000045
    ],
    "obj_class": "vehicle",
    "point_num_in_lidar": 28,
    "speed": 0.013488535815736257,
    "if_vehicle": true,
    "motion_state": false,
    "pose": [
      [
        -0.11035363920069922,
        -0.9927262270639869,
        0.04813223882662469,
        30.24333440733426
      ],
      [
        0.993632615254592,
        -0.10908819444078831,
        0.028177858967073144,
        -44.64020079911825
      ],
      [
        -0.02272224059113436,
        0.0509352916252583,
        0.9984434364797881,
        2.0325052399173416
      ],
      [
        0.0,
        0.0,
        0.0,
        1.0
      ]
    ],
    "location": [
      30.24333440733426,
      -44.64020079911825,
      2.0325052399173416
    ],
    "rotation": [
      0.05097051297769074,
      0.02272419629517361,
      1.6814038561424758
    ]
  },
  {
    "label_id": "951I9qtwibM7CTh-mcoe5g",
    "size": [
      1.995801575849577,
      4.132825541414643,
      1.7700000000000102
    ],
    "obj_class": "vehicle",
    "point_num_in_lidar": 42,
    "speed": 6.355287432313019e-13,
    "if_vehicle": true,
    "motion_state": false,
    "pose": [
      [
        -0.1994251538067068,
        -0.9787302466025601,
        0.04813223882662469,
        29.45117043274422
      ],
      [
        0.9797470560168896,
        -0.19824660019851356,
        0.028177858967073144,
        -38.54055997416435
      ],
      [
        -0.01803647014825442,
        0.052776793148339635,
        0.9984434364797881,
        1.7436430260675309
      ],
      [
        0.0,
        0.0,
        0.0,
        1.0
      ]
    ],
    "location": [
      29.45117043274422,
      -38.54055997416435,
      1.7436430260675309
    ],
    "rotation": [
      0.052809923169004264,
      0.018037448211584012,
      1.7716006937877837
    ]
  },
  {
    "label_id": "Bs_gMVBq-pujfRXM-c_2tQ",
    "size": [
      1.1211735147851722,
      0.18414095257569446,
      0.907077905995493
    ],
    "obj_class": "sign",
    "point_num_in_lidar": 62,
    "speed": 0.022977440495504427,
    "if_vehicle": false,
    "motion_state": false,
    "pose": [
      [
        -0.17237779105208006,
        -0.9838542497430918,
        0.04813223882662469,
        26.036680593709207
      ],
      [
        0.9848381946760077,
        -0.17117166404324413,
        0.028177858967073144,
        -8.86359991601239
      ],
      [
        -0.019484030879336207,
        0.05225970427704864,
        0.9984434364797881,
        1.4982199546976318
      ],
      [
        0.0,
        0.0,
        0.0,
        1.0
      ]
    ],
    "location": [
      26.036680593709207,
      -8.86359991601239,
      1.4982199546976318
    ],
    "rotation": [
      0.05229345711701235,
      0.019485263868838955,
      1.7440726403918307
    ]
  },
  {
    "label_id": "Iyu9vNNsCr-uctIcYvC4Tg",
    "size": [
      2.4693239983386137,
      5.5369510550363685,
      2.509999999999991
    ],
    "obj_class": "vehicle",
    "point_num_in_lidar": 1082,
    "speed": 0.03102541243335222,
    "if_vehicle": true,
    "motion_state": false,
    "pose": [
      [
        -0.9890387030942144,
        0.13959130118761381,
        0.04813223882662469,
        -8.094515338023484
      ],
      [
        -0.13835314587988018,
        -0.9899820277606922,
        0.028177858967073144,
        1.3122398142459133
      ],
      [
        0.05158343539213865,
        0.021209746428860463,
        0.9984434364797881,
        1.714959561574645
      ],
      [
        0.0,
        0.0,
        0.0,
        1.0
      ]
    ],
    "location": [
      -8.094515338023484,
      1.3122398142459133,
      1.714959561574645
    ],
    "rotation": [
      0.021239617757218117,
      -0.05160633879784363,
      -3.002608048527968
    ]
  },
  {
    "label_id": "NrKoxQ7n6G2lJ-Min5o00g",
    "size": [
      2.086338863591843,
      4.134274428548164,
      2.0700000000000074
    ],
    "obj_class": "vehicle",
    "point_num_in_lidar": 561,
    "speed": 0.0407307434465155,
    "if_vehicle": true,
    "motion_state": false,
    "pose": [
      [
        0.9889538785439284,
        -0.1401909900758879,
        0.04813223882662469,
        -4.1803727819306005
      ],
      [
        0.13895340699111178,
        0.9898979538061455,
        0.028177858967073144,
        -7.604218788053913
      ],
      [
        -0.051596286673397225,
        -0.021178464343481425,
        0.9984434364797881,
        1.2194138040633078
      ],
      [
        0.0,
        0.0,
        0.0,
        1.0
      ]
    ],
    "location": [
      -4.1803727819306005,
      -7.604218788053913,
      1.2194138040633078
    ],
    "rotation": [
      -0.021208301014443754,
      0.05161920721524692,
      0.1395916379397408
    ]
  },
  {
    "label_id": "O_SVTU6XGhIZOX6avoLTog",
    "size": [
      2.374128773743208,
      4.414826336950519,
      2.399074866694292
    ],
    "obj_class": "vehicle",
    "point_num_in_lidar": 1504,
    "speed": 0.026321423661059554,
    "if_vehicle": true,
    "motion_state": false,
    "pose": [
      [
        0.0038506799042045173,
        0.9988335496216635,
        0.04813223882662469,
        17.22654931354009
      ],
      [
        -0.9995998095802714,
        0.0024957866728801516,
        0.028177858967073144,
        -15.069987267934266
      ],
      [
        0.02802486309262092,
        -0.04822148068103421,
        0.9984434364797881,
        0.2526738259427219
      ],
      [
        0.0,
        0.0,
        0.0,
        1.0
      ]
    ],
    "location": [
      17.22654931354009,
      -15.069987267934266,
      0.2526738259427219
    ],
    "rotation": [
      -0.04825915823215152,
      -0.02802853281140195,
      -1.566944124323529
    ]
  },
  {
    "label_id": "QHtOD9Dp5rOGtaF_Zl2JJg",
    "size": [
      0.4565543314224045,
      0.06451841445347142,
      0.5300000000000011
    ],
    "obj_class": "sign",
    "point_num_in_lidar": 28,
    "speed": 0.030621190550244454,
    "if_vehicle": false,
    "motion_state": false,
    "pose": [
      [
        -0.9940949081090176,
        0.09725534050765854,
        0.04813223882662469,
        -2.989490403878335
      ],
      [
        -0.09597805536766511,
        -0.994984533121934,
        0.028177858967073144,
        -9.60153584533873
      ],
      [
        0.050631280445642086,
        0.023391827437509973,
        0.9984434364797881,
        3.09778786528814
      ],
      [
        0.0,
        0.0,
        0.0,
        1.0
      ]
    ],
    "location": [
      -2.989490403878335,
      -9.60153584533873,
      3.09778786528814
    ],
    "rotation": [
      0.02342400999808079,
      -0.050652937877381086,
      -3.0453427985328463
    ]
  },
  {
    "label_id": "TsyxofNgJJEHB26jWuY9bw",
    "size": [
      1.8613707968225839,
      4.107063838046848,
      1.6500000000000057
    ],
    "obj_class": "vehicle",
    "point_num_in_lidar": 62,
    "speed": 2.8421709430404007e-13,
    "if_vehicle": true,
    "motion_state": false,
    "pose": [
      [
        0.2530245526791681,
        0.9662617985448062,
        0.04813223882662469,
        19.60626095146563
      ],
      [
        -0.9673419717828473,
        0.2519037869729323,
        0.028177858967073144,
        -40.81217244704385
      ],
      [
        0.015102495448753622,
        -0.05369002497347043,
        0.9984434364797881,
        2.0705372285359545
      ],
      [
        0.0,
        0.0,
        0.0,
        1.0
      ]
    ],
    "location": [
      19.60626095146563,
      -40.81217244704385,
      2.0705372285359545
    ],
    "rotation": [
      -0.05372198598589491,
      -0.015103069617394653,
      -1.3149612298816165
    ]
  },
  {
    "label_id": "XSC6PBs85X20Ym43cKECTA",
    "size": [
      0.41602029942258906,
      0.052233671233413596,
      0.5400000000000063
    ],
    "obj_class": "sign",
    "point_num_in_lidar": 24,
    "speed": 0.05263261353924576,
    "if_vehicle": false,
    "motion_state": false,
    "pose": [
      [
        -0.16607756124831902,
        -0.9849373235060936,
        0.04813223882662469,
        15.554023658942242
      ],
      [
        0.9859135290350295,
        -0.16486516166166051,
        0.028177858967073144,
        -29.251777147967005
      ],
      [
        -0.019818095657872074,
        0.052133935540365016,
        0.9984434364797881,
        2.4987981174045615
      ],
      [
        0.0,
        0.0,
        0.0,
        1.0
      ]
    ],
    "location": [
      15.554023658942242,
      -29.251777147967005,
      2.4987981174045615
    ],
    "rotation": [
      0.052167835632987554,
      0.019819393169561796,
      1.7376800573966131
    ]
  },
  {
    "label_id": "YA4_a4ENJ6Uo5vwvTlJ7QQ",
    "size": [
      1.8755449346657032,
      3.891468938046787,
      1.4399999999999977
    ],
    "obj_class": "vehicle",
    "point_num_in_lidar": 56,
    "speed": 0.05764315035198391,
    "if_vehicle": true,
    "motion_state": false,
    "pose": [
      [
        0.17271291906308606,
        0.9837954742598914,
        0.04813223882662469,
        18.46250376892567
      ],
      [
        -0.9847798299882519,
        0.1715071272931281,
        0.028177858967073144,
        -35.751600530151336
      ],
      [
        0.019466228114798898,
        -0.05226633824378857,
        0.9984434364797881,
        1.5909987144872701
      ],
      [
        0.0,
        0.0,
        0.0,
        1.0
      ]
    ],
    "location": [
      18.46250376892567,
      -35.751600530151336,
      1.5909987144872701
    ],
    "rotation": [
      -0.05230008327073425,
      -0.01946745772721851,
      -1.397179776504878
    ]
  },
  {
    "label_id": "dYgqU5miR81hSV4x_GFo4w",
    "size": [
      1.9903215667477547,
      4.4729038727806865,
      1.5100000000000051
    ],
    "obj_class": "vehicle",
    "point_num_in_lidar": 199,
    "speed": 0.030592392793928308,
    "if_vehicle": true,
    "motion_state": false,
    "pose": [
      [
        0.9819402485570986,
        -0.1829662150484624,
        0.04813223882662469,
        -11.97709255857535
      ],
      [
        0.18177075742614715,
        0.9829371292248331,
        0.028177858967073144,
        -8.80323760405554
      ],
      [
        -0.052466560858781285,
        -0.018919940329802896,
        0.9984434364797881,
        1.7747427993971314
      ],
      [
        0.0,
        0.0,
        0.0,
        1.0
      ]
    ],
    "location": [
      -11.97709255857535,
      -8.80323760405554,
      1.7747427993971314
    ],
    "rotation": [
      -0.01894716869128169,
      0.05249066185896732,
      0.18304186369794173
    ]
  },
  {
    "label_id": "hZZVqo78R8-bZa4kLwPQzw",
    "size": [
      2.338015764453376,
      5.7785313826431315,
      2.3799999999999955
    ],
    "obj_class": "vehicle",
    "point_num_in_lidar": 134,
    "speed": 0.042121929427210957,
    "if_vehicle": true,
    "motion_state": false,
    "pose": [
      [
        0.9910631302312255,
        -0.1244072324337363,
        0.04813223882662469,
        -31.08100546440255
      ],
      [
        0.12315475613881274,
        0.9919873559196312,
        0.028177858967073144,
        -12.640678691994253
      ],
      [
        -0.05125210177811736,
        -0.02199832297601346,
        0.9984434364797881,
        4.126743508753762
      ],
      [
        0.0,
        0.0,
        0.0,
        1.0
      ]
    ],
    "location": [
      -31.08100546440255,
      -12.640678691994253,
      4.126743508753762
    ],
    "rotation": [
      -0.022029054039769787,
      0.05127456632417263,
      0.12363153127948605
    ]
  },
  {
    "label_id": "lCDK9nN_wov3Wy9imp2MIQ",
    "size": [
      2.2372011553282163,
      4.816105688615463,
      1.6500000000000057
    ],
    "obj_class": "vehicle",
    "point_num_in_lidar": 1708,
    "speed": 0.022955718697447523,
    "if_vehicle": true,
    "motion_state": false,
    "pose": [
      [
        0.9807915549220177,
        -0.1890270175905746,
        0.04813223882662469,
        7.081573873346315
      ],
      [
        0.18783773932758657,
        0.9817957995165456,
        0.028177858967073144,
        -5.847219987343124
      ],
      [
        -0.05258240654394099,
        -0.01859555518072032,
        0.9984434364797881,
        -0.15503212664745547
      ],
      [
        0.0,
        0.0,
        0.0,
        1.0
      ]
    ],
    "location": [
      7.081573873346315,
      -5.847219987343124,
      -0.15503212664745547
    ],
    "rotation": [
      -0.01862239246189122,
      0.05260666767437378,
      0.1892251742893496
    ]
  },
  {
    "label_id": "nME1CQ_WrQsHRA39DFgYFw",
    "size": [
      2.1980657499468097,
      4.699929525608226,
      1.5300000000000011
    ],
    "obj_class": "vehicle",
    "point_num_in_lidar": 38,
    "speed": 0.07183922576155999,
    "if_vehicle": true,
    "motion_state": false,
    "pose": [
      [
        0.1584526212810991,
        0.9861927065207313,
        0.04813223882662469,
        17.636237077706937
      ],
      [
        -0.9871595031025628,
        0.15723270556195565,
        0.028177858967073144,
        -30.710361174180434
      ],
      [
        0.020220836863232915,
        -0.05197905257872659,
        0.9984434364797881,
        1.0954363413594734
      ],
      [
        0.0,
        0.0,
        0.0,
        1.0
      ]
    ],
    "location": [
      17.636237077706937,
      -30.710361174180434,
      1.0954363413594734
    ],
    "rotation": [
      -0.05201313174754894,
      -0.020222215107030893,
      -1.4116402302666797
    ]
  },
  {
    "label_id": "p6E6I2ch5b1NXoAK_gInzA",
    "size": [
      1.960160996082317,
      3.948561555880508,
      1.8900000000000006
    ],
    "obj_class": "vehicle",
    "point_num_in_lidar": 105,
    "speed": 0.052493370029786074,
    "if_vehicle": true,
    "motion_state": false,
    "pose": [
      [
        0.9860884003769256,
        -0.15910045326023686,
        0.04813223882662469,
        -19.735169025313553
      ],
      [
        0.15788117292847498,
        0.9870559981575313,
        0.028177858967073144,
        -10.309070520706882
      ],
      [
        -0.0519923251721351,
        -0.020186685553266775,
        0.9984434364797881,
        2.823187315422416
      ],
      [
        0.0,
        0.0,
        0.0,
        1.0
      ]
    ],
    "location": [
      -19.735169025313553,
      -10.309070520706882,
      2.823187315422416
    ],
    "rotation": [
      -0.02021540218890843,
      0.052015778004164404,
      0.15876108997354643
    ]
  },
  {
    "label_id": "piLHcIoCY1ZiZ-XhOTURgA",
    "size": [
      0.5499261972470277,
      0.10884251341522641,
      0.46999999999999886
    ],
    "obj_class": "sign",
    "point_num_in_lidar": 139,
    "speed": 0.058462067560554234,
    "if_vehicle": false,
    "motion_state": false,
    "pose": [
      [
        -0.12797380703226008,
        -0.9906088997678179,
        0.04813223882662469,
        26.02620969581676
      ],
      [
        0.9915376278188432,
        -0.12672466564727075,
        0.028177858967073144,
        -8.83092900154952
      ],
      [
        -0.021813695997026473,
        0.051330953793795944,
        0.9984434364797881,
        0.7825086884932233
      ],
      [
        0.0,
        0.0,
        0.0,
        1.0
      ]
    ],
    "location": [
      26.02620969581676,
      -8.83092900154952,
      0.7825086884932233
    ],
    "rotation": [
      0.05136575535069682,
      0.021815426329383814,
      1.6991527551615389
    ]
  },
  {
    "label_id": "rh8PTn6-dR7HEMBJILipSQ",
    "size": [
      2.101427913246693,
      4.331056376434909,
      1.730000000000004
    ],
    "obj_class": "vehicle",
    "point_num_in_lidar": 164,
    "speed": 0.10095788773339366,
    "if_vehicle": true,
    "motion_state": false,
    "pose": [
      [
        -0.1716911428937865,
        -0.9839743081185414,
        0.04813223882662469,
        28.31402436263852
      ],
      [
        0.9849574110873184,
        -0.17048432950919212,
        0.028177858967073144,
        -33.37390088887878
      ],
      [
        -0.01952049681725422,
        0.05224609415486549,
        0.9984434364797881,
        1.1487174990507043
      ],
      [
        0.0,
        0.0,
        0.0,
        1.0
      ]
    ],
    "location": [
      28.31402436263852,
      -33.37390088887878,
      1.1487174990507043
    ],
    "rotation": [
      0.05227986300948428,
      0.019521736743434097,
      1.7433755876250814
    ]
  },
  {
    "label_id": "tAQ-yybPWgA9b1quak4OeQ",
    "size": [
      2.230732081127935,
      4.869049570328485,
      1.8700000000000045
    ],
    "obj_class": "vehicle",
    "point_num_in_lidar": 37,
    "speed": 1.9895196601282805e-12,
    "if_vehicle": true,
    "motion_state": false,
    "pose": [
      [
        0.18711335201879478,
        0.9811584383175979,
        0.04813223882662469,
        20.672087524095332
      ],
      [
        -0.9821603609842476,
        0.18592211696117275,
        0.028177858967073144,
        -49.904653102259545
      ],
      [
        0.01869809636254019,
        -0.05254603070497965,
        0.9984434364797881,
        2.9857364928117107
      ],
      [
        0.0,
        0.0,
        0.0,
        1.0
      ]
    ],
    "location": [
      20.672087524095332,
      -49.904653102259545,
      2.9857364928117107
    ],
    "rotation": [
      -0.05257944214035522,
      -0.018699186068349694,
      -1.3825402488950904
    ]
  },
  {
    "label_id": "tFWoxavc3LDUVSsjgbE3rQ",
    "size": [
      2.0655712856238924,
      3.69233137434314,
      1.730000000000004
    ],
    "obj_class": "vehicle",
    "point_num_in_lidar": 424,
    "speed": 0.023846213795911404,
    "if_vehicle": true,
    "motion_state": false,
    "pose": [
      [
        0.9803452176678791,
        -0.19132836115238,
        0.04813223882662469,
        1.4315259598924968
      ],
      [
        0.19014144307191844,
        0.9813522506676998,
        0.028177858967073144,
        -6.969550860963864
      ],
      [
        -0.0526259044791364,
        -0.01847209593371348,
        0.9984434364797881,
        0.5834794360963542
      ],
      [
        0.0,
        0.0,
        0.0,
        1.0
      ]
    ],
    "location": [
      1.4315259598924968,
      -6.969550860963864,
      0.5834794360963542
    ],
    "rotation": [
      -0.018498783335847157,
      0.05265022591844822,
      0.19157497095588094
    ]
  },
  {
    "label_id": "xorJBF-QFIwO5KT13E4lzA",
    "size": [
      2.221166940019914,
      4.981518724498063,
      1.6500000000000057
    ],
    "obj_class": "vehicle",
    "point_num_in_lidar": 118,
    "speed": 0.04397067513428986,
    "if_vehicle": true,
    "motion_state": false,
    "pose": [
      [
        -0.9893229614719482,
        0.1375622240657322,
        0.04813223882662469,
        -25.249733532478785
      ],
      [
        -0.1363221363511927,
        -0.9902637443654485,
        0.028177858967073144,
        -1.2534095874907507
      ],
      [
        0.05153981999406652,
        0.021315513257032393,
        0.9984434364797881,
        3.0848060805705018
      ],
      [
        0.0,
        0.0,
        0.0,
        1.0
      ]
    ],
    "location": [
      -25.249733532478785,
      -1.2534095874907507,
      3.0848060805705018
    ],
    "rotation": [
      0.02134550145540518,
      -0.05156266530592573,
      -3.004661584573345
    ]
  },
  {
    "label_id": "xyEDDo36GemHFXeqNCTeqA",
    "size": [
      2.7034535338264787,
      6.067333655102615,
      2.200000000000003
    ],
    "obj_class": "vehicle",
    "point_num_in_lidar": 88,
    "speed": 0.0711180974516748,
    "if_vehicle": true,
    "motion_state": false,
    "pose": [
      [
        0.2307160064587488,
        0.9718299295397643,
        0.04813223882662469,
        23.49868893731582
      ],
      [
        -0.972884018691517,
        0.22957067416958032,
        0.028177858967073144,
        -64.58074673811643
      ],
      [
        0.016334336177832632,
        -0.05332816902970747,
        0.9984434364797881,
        4.329864357177939
      ],
      [
        0.0,
        0.0,
        0.0,
        1.0
      ]
    ],
    "location": [
      23.49868893731582,
      -64.58074673811643,
      4.329864357177939
    ],
    "rotation": [
      -0.05336060386269501,
      -0.01633506262722856,
      -1.337951210367706
    ]
  }
]