[
  {
    "label_id": "9Kvl3KQLW0Ne6TqSc8o_YQ",
    "size": [
      2.274271798862677,
      5.048156107748634,
      2.0400000000000063
    ],
    "obj_class": "vehicle",
    "point_num_in_lidar": 735,
    "speed": 0.043967189971244394,
    "if_vehicle": true,
    "motion_state": false,
    "pose": [
      [
        0.9884867659106695,
        -0.12345854949773971,
        0.08747514032786419,
        32.349073316753675
      ],
      [
        0.12114834441885654,
        0.9921419295547159,
        0.0312645208505635,
        -1.691674855273959
      ],
      [
        -0.09064762690790913,
        -0.020307096674792306,
        0.9956759661459169,
        -1.5581308103690361
      ],
      [
        0.0,
        0.0,
        0.0,
        1.0
      ]
    ],
    "location": [
      32.349073316753675,
      -1.691674855273959,
      -1.5581308103690361
    ],
    "rotation": [
      -0.02039245936311516,
      0.09077223000640029,
      0.12195122430201774
    ]
  },
  {
    "label_id": "B2KyO7UNNfZ-hmKNJ9xJ1w",
    "size": [
      1.9583939616463981,
      4.050934618702623,
      1.9100000000000108
    ],
    "obj_class": "vehicle",
    "point_num_in_lidar": 380,
    "speed": 0.04972719224616439,
    "if_vehicle": true,
    "motion_state": false,
    "pose": [
      [
        0.9871070606634276,
        -0.1340438384000878,
        0.08747514032786419,
        37.33614279485755
      ],
      [
        0.13177293378306615,
        0.9907867700258156,
        0.0312645208505635,
        -0.9088539211861644
      ],
      [
        -0.09086002812354865,
        -0.019334573405762112,
        0.9956759661459169,
        -2.0606942956401895
      ],
      [
        0.0,
        0.0,
        0.0,
        1.0
      ]
    ],
    "location": [
      37.33614279485755,
      -0.9088539211861644,
      -2.0606942956401895
    ],
    "rotation": [
      -0.019416099602466187,
      0.09098551135849296,
      0.132709452763202
    ]
  },
  {
    "label_id": "FzZ5zhuuLZ9Dpcj0lJaO-A",
    "size": [
      2.0836388781867217,
      4.39647326286623,
      1.740000000000009
    ],
    "obj_class": "vehicle",
    "point_num_in_lidar": 4528,
    "speed": 0.05236989318244531,
    "if_vehicle": true,
    "motion_state": false,
    "pose": [
      [
        0.9869779067617409,
        -0.13499152339622203,
        0.08747514032786419,
        47.22913995301951
      ],
      [
        0.13272415280914437,
        0.9906597947817806,
        0.0312645208505635,
        0.46311338343548414
      ],
      [
        -0.09087854986357992,
        -0.019247327453121167,
        0.9956759661459169,
        -3.02816167783719
      ],
      [
        0.0,
        0.0,
        0.0,
        1.0
      ]
    ],
    "location": [
      47.22913995301951,
      0.46311338343548414,
      -3.02816167783719
    ],
    "rotation": [
      -0.019328507637360364,
      0.09100411004448626,
      0.13367338633572226
    ]
  },
  {
    "label_id": "Iyu9vNNsCr-uctIcYvC4Tg",
    "size": [
      2.4693239983386137,
      5.5369510550363685,
      2.509999999999991
    ],
    "obj_class": "vehicle",
    "point_num_in_lidar": 136,
    "speed": 0.031025412693439728,
    "if_vehicle": true,
    "motion_state": false,
    "pose": [
      [
        -0.9863906781279123,
        0.1392175632848739,
        0.08747514032786419,
        -8.232342512435935
      ],
      [
        -0.13696598321407252,
        -0.9900822436435203,
        0.0312645208505635,
        1.275244699227187
      ],
      [
        0.09096015360892815,
        0.018857913321336694,
        0.9956759661459169,
        1.7149595615746875
      ],
      [
        0.0,
        0.0,
        0.0,
        1.0
      ]
    ],
    "location": [
      -8.232342512435935,
      1.275244699227187,
      1.7149595615746875
    ],
    "rotation": [
      0.018937545513571574,
      -0.0910860531771121,
      -3.0036191758190456
    ]
  },
  {
    "label_id": "LFeFZPKcfRmErZ5L-xFg2A",
    "size": [
      0.5078832346659908,
      0.08415729957510834,
      0.5799999999999983
    ],
    "obj_class": "sign",
    "point_num_in_lidar": 61,
    "speed": 0.02867759150378078,
    "if_vehicle": false,
    "motion_state": false,
    "pose": [
      [
        0.9788910848224582,
        -0.1847169290555994,
        0.08747514032786419,
        27.04612108809124
      ],
      [
        0.18263860089849468,
        0.9826828945279474,
        0.0312645208505635,
        9.214665221386895
      ],
      [
        -0.09173541037653482,
        -0.014628223488981861,
        0.9956759661459169,
        0.7213742298857113
      ],
      [
        0.0,
        0.0,
        0.0,
        1.0
      ]
    ],
    "location": [
      27.04612108809124,
      9.214665221386895,
      0.7213742298857113
    ],
    "rotation": [
      -0.014690694195570618,
      0.09186456488237381,
      0.1844561867728718
    ]
  },
  {
    "label_id": "MmOQZhghLuOnDZrVD6Hhng",
    "size": [
      2.130207350013827,
      4.834299078295855,
      1.6600000000000108
    ],
    "obj_class": "vehicle",
    "point_num_in_lidar": 3938,
    "speed": 9.78870926472351,
    "if_vehicle": true,
    "motion_state": true,
    "pose": [
      [
        0.9811785435473673,
        -0.1721533197672565,
        0.08747514032786419,
        43.879659269877266
      ],
      [
        0.17002655506787517,
        0.9849433995452406,
        0.0312645208505635,
        3.278547572603202
      ],
      [
        -0.09154035314558065,
        -0.015802980268836482,
        0.9956759661459169,
        -2.7080469214419622
      ],
      [
        0.0,
        0.0,
        0.0,
        1.0
      ]
    ],
    "location": [
      43.879659269877266,
      3.278547572603202,
      -2.7080469214419622
    ],
    "rotation": [
      -0.01587027711922182,
      0.09166868345990824,
      0.171584143690318
    ]
  },
  {
    "label_id": "NrKoxQ7n6G2lJ-Min5o00g",
    "size": [
      2.086338863591843,
      4.134274428548164,
      2.0700000000000074
    ],
    "obj_class": "vehicle",
    "point_num_in_lidar": 22,
    "speed": 0.040730744128991726,
    "if_vehicle": true,
    "motion_state": false,
    "pose": [
      [
        0.98630608068454,
        -0.13981564658264167,
        0.08747514032786419,
        -4.3339087216018015
      ],
      [
        0.13756630534732012,
        0.9899990107919666,
        0.0312645208505635,
        -7.711576122599581
      ],
      [
        -0.09097157159129204,
        -0.01880275515995672,
        0.9956759661459169,
        1.232941379147377
      ],
      [
        0.0,
        0.0,
        0.0,
        1.0
      ]
    ],
    "location": [
      -4.3339087216018015,
      -7.711576122599581,
      1.232941379147377
    ],
    "rotation": [
      -0.01888216761756067,
      0.09109751869538515,
      0.1385822544341031
    ]
  },
  {
    "label_id": "OKDjxhhCfxKNlcHv33W2cA",
    "size": [
      1.201456607008542,
      0.10180897353312321,
      1.1099999999999994
    ],
    "obj_class": "sign",
    "point_num_in_lidar": 22,
    "speed": 0.02074040553781704,
    "if_vehicle": false,
    "motion_state": false,
    "pose": [
      [
        0.9929852207061111,
        -0.07955156367951687,
        0.08747514032786419,
        -8.124053881675536
      ],
      [
        0.07708171778402897,
        0.9965344642908484,
        0.0312645208505635,
        2.9468280255096033
      ],
      [
        -0.08965913362674811,
        -0.02430247305719685,
        0.9956759661459169,
        5.122837481881277
      ],
      [
        0.0,
        0.0,
        0.0,
        1.0
      ]
    ],
    "location": [
      -8.124053881675536,
      2.9468280255096033,
      5.122837481881277
    ],
    "rotation": [
      -0.024403168834276377,
      0.08977969497480286,
      0.07747088912796292
    ]
  },
  {
    "label_id": "O_SVTU6XGhIZOX6avoLTog",
    "size": [
      2.374128773743211,
      4.414826336950519,
      2.399074866694292
    ],
    "obj_class": "vehicle",
    "point_num_in_lidar": 125,
    "speed": 0.02431974127838945,
    "if_vehicle": true,
    "motion_state": false,
    "pose": [
      [
        0.0038403701999506754,
        0.9961593002032094,
        0.08747514032786419,
        17.177095767528954
      ],
      [
        -0.9995105313823565,
        0.0011078771340548186,
        0.0312645208505635,
        -15.165146522776922
      ],
      [
        0.031047531503918504,
        -0.08755239132603998,
        0.9956759661459169,
        0.3113833748158754
      ],
      [
        0.0,
        0.0,
        0.0,
        1.0
      ]
    ],
    "location": [
      17.177095767528954,
      -15.165146522776922,
      0.3113833748158754
    ],
    "rotation": [
      -0.08770702468370946,
      -0.031052521709449294,
      -1.5669540948411387
    ]
  },
  {
    "label_id": "Wy-P21u6EgWsYfF5nrvMQA",
    "size": [
      0.5446120906396525,
      0.07840640907839838,
      0.5900000000000034
    ],
    "obj_class": "sign",
    "point_num_in_lidar": 24,
    "speed": 0.05051948231957223,
    "if_vehicle": false,
    "motion_state": false,
    "pose": [
      [
        -0.9778203065227073,
        0.19030383069307616,
        0.08747514032786419,
        41.66677718171104
      ],
      [
        -0.1882471893810251,
        -0.9816239226028108,
        0.0312645208505635,
        -2.4717406105064583
      ],
      [
        0.09181744846151517,
        0.014104134053952376,
        0.9956759661459169,
        -2.1597651533769238
      ],
      [
        0.0,
        0.0,
        0.0,
        1.0
      ]
    ],
    "location": [
      41.66677718171104,
      -2.4717406105064583,
      -2.1597651533769238
    ],
    "rotation": [
      0.01416443830846297,
      -0.09194695066522394,
      -2.9514023751796907
    ]
  },
  {
    "label_id": "ZiOP4AUb0V-KJdXJsCwDHA",
    "size": [
      2.0824646231028043,
      4.481670429813358,
      1.5400000000000063
    ],
    "obj_class": "vehicle",
    "point_num_in_lidar": 70,
    "speed": 9.034234057583596,
    "if_vehicle": true,
    "motion_state": true,
    "pose": [
      [
        0.9845071631787434,
        -0.1519662642640252,
        0.08747514032786419,
        9.115002052485579
      ],
      [
        0.1497626281939792,
        0.9882275471430741,
        0.0312645208505635,
        -2.291910553274647
      ],
      [
        -0.0911964957998663,
        -0.017679637813592865,
        0.9956759661459169,
        -0.1330263121331825
      ],
      [
        0.0,
        0.0,
        0.0,
        1.0
      ]
    ],
    "location": [
      9.115002052485579,
      -2.291910553274647,
      -0.1330263121331825
    ],
    "rotation": [
      -0.01775455137314742,
      0.09132338176982978,
      0.15096205254188408
    ]
  },
  {
    "label_id": "cc_1drMpTZlbHP7hRBQ9bQ",
    "size": [
      1.9850184195411629,
      4.150645099184738,
      1.7199999999999989
    ],
    "obj_class": "vehicle",
    "point_num_in_lidar": 1446,
    "speed": 0.0374075148262907,
    "if_vehicle": true,
    "motion_state": false,
    "pose": [
      [
        0.9813062224433801,
        -0.17142402870812493,
        0.08747514032786419,
        42.589404061668574
      ],
      [
        0.1692944664338542,
        0.9850694967213538,
        0.0312645208505635,
        -0.22411125079634076
      ],
      [
        -0.09152858257823175,
        -0.015871011644336463,
        0.9956759661459169,
        -2.628938765702131
      ],
      [
        0.0,
        0.0,
        0.0,
        1.0
      ]
    ],
    "location": [
      42.589404061668574,
      -0.22411125079634076,
      -2.628938765702131
    ],
    "rotation": [
      -0.01593858666031318,
      0.09165686327032314,
      0.1708378724818772
    ]
  },
  {
    "label_id": "ii3r5BLd3-sWTAM08kxaIw",
    "size": [
      0.5384986154356204,
      0.08528275957052642,
      0.5100000000000051
    ],
    "obj_class": "sign",
    "point_num_in_lidar": 77,
    "speed": 0.0504017523314946,
    "if_vehicle": false,
    "motion_state": false,
    "pose": [
      [
        -0.977027506726845,
        0.19433309271388974,
        0.08747514032786419,
        41.66979726093541
      ],
      [
        -0.19229214856339927,
        -0.980839568602764,
        0.0312645208505635,
        -2.472227448979538
      ],
      [
        0.09187480993175647,
        0.01372551417610565,
        0.9956759661459169,
        -1.602933988829946
      ],
      [
        0.0,
        0.0,
        0.0,
        1.0
      ]
    ],
    "location": [
      41.66979726093541,
      -2.472227448979538,
      -1.602933988829946
    ],
    "rotation": [
      0.013784248414141944,
      -0.09200455561943686,
      -2.9472629589730595
    ]
  },
  {
    "label_id": "lCDK9nN_wov3Wy9imp2MIQ",
    "size": [
      2.2372011553282176,
      4.816105688615463,
      1.6500000000000057
    ],
    "obj_class": "vehicle",
    "point_num_in_lidar": 81,
    "speed": 0.05606097538513639,
    "if_vehicle": true,
    "motion_state": false,
    "pose": [
      [
        0.978165610642945,
        -0.18852092186315814,
        0.08747514032786419,
        6.977729162719697
      ],
      [
        0.18645734987470497,
        0.9819654710903467,
        0.0312645208505635,
        -5.939788809253514
      ],
      [
        -0.09179158367310351,
        -0.01427149628379904,
        0.9956759661459169,
        -0.15503212664752652
      ],
      [
        0.0,
        0.0,
        0.0,
        1.0
      ]
    ],
    "location": [
      6.977729162719697,
      -5.939788809253514,
      -0.15503212664752652
    ],
    "rotation": [
      -0.01433249323774324,
      0.09192097618786005,
      0.1883597052540399
    ]
  },
  {
    "label_id": "mSQB44z_TFy-Mct3gF5nuw",
    "size": [
      2.323402652302763,
      5.119367706464834,
      1.8800000000000097
    ],
    "obj_class": "vehicle",
    "point_num_in_lidar": 7799,
    "speed": 0.09589883443010151,
    "if_vehicle": true,
    "motion_state": false,
    "pose": [
      [
        -0.9889530590847905,
        0.11966597992518752,
        0.08747514032786419,
        48.65074118847406
      ],
      [
        -0.11734177127739819,
        -0.9925993342983197,
        0.0312645208505635,
        10.458289860534933
      ],
      [
        0.09056906558156425,
        0.020654655627174435,
        0.9956759661459169,
        -3.213871325108954
      ],
      [
        0.0,
        0.0,
        0.0,
        1.0
      ]
    ],
    "location": [
      48.65074118847406,
      10.458289860534933,
      -3.213871325108954
    ],
    "rotation": [
      0.020741380060798908,
      -0.09069334419142147,
      -3.0234922916416194
    ]
  },
  {
    "label_id": "qLKA9xvBY4p2cl80R2SQkQ",
    "size": [
      2.033471091521871,
      4.453978887619811,
      1.6800000000000068
    ],
    "obj_class": "vehicle",
    "point_num_in_lidar": 3979,
    "speed": 0.08594632881887417,
    "if_vehicle": true,
    "motion_state": false,
    "pose": [
      [
        0.9809099243377977,
        -0.17367734498269052,
        0.08747514032786419,
        52.20601321333561
      ],
      [
        0.17155643144618477,
        0.9846780796612846,
        0.0312645208505635,
        1.3311634549882
      ],
      [
        -0.09156479216962454,
        -0.01566075586708111,
        0.9956759661459169,
        -3.5642496436273206
      ],
      [
        0.0,
        0.0,
        0.0,
        1.0
      ]
    ],
    "location": [
      52.20601321333561,
      1.3311634549882,
      -3.5642496436273206
    ],
    "rotation": [
      -0.01572747071486661,
      0.09169322555475681,
      0.17314397288436675
    ]
  },
  {
    "label_id": "t4SGOqIbagvhCbCowABS5Q",
    "size": [
      2.1206634162369387,
      4.459831394600824,
      1.8700000000000045
    ],
    "obj_class": "vehicle",
    "point_num_in_lidar": 1896,
    "speed": 0.03781073802887179,
    "if_vehicle": true,
    "motion_state": false,
    "pose": [
      [
        -0.9848676936073743,
        0.14961191768409277,
        0.08747514032786419,
        37.87860338981773
      ],
      [
        -0.14739939264257435,
        -0.9885827981431727,
        0.0312645208505635,
        8.96963050132581
      ],
      [
        0.09115396391321379,
        0.01789763398618299,
        0.9956759661459169,
        -2.2868968950586464
      ],
      [
        0.0,
        0.0,
        0.0,
        1.0
      ]
    ],
    "location": [
      37.87860338981773,
      8.96963050132581,
      -2.2868968950586464
    ],
    "rotation": [
      0.017973424399252827,
      -0.0912806719911609,
      -2.993031175437624
    ]
  },
  {
    "label_id": "yHe2FilPe2YkdtabKad5Pw",
    "size": [
      2.0681051353178783,
      4.17943595267765,
      1.8200000000000074
    ],
    "obj_class": "vehicle",
    "point_num_in_lidar": 4314,
    "speed": 0.04905863335810844,
    "if_vehicle": true,
    "motion_state": false,
    "pose": [
      [
        -0.9807942842030439,
        0.17432920552580702,
        0.08747514032786419,
        43.15709041673381
      ],
      [
        -0.17221079672054673,
        -0.9845638482235975,
        0.0312645208505635,
        9.872258621051515
      ],
      [
        0.09157517986612494,
        0.015599899739476447,
        0.9956759661459169,
        -2.7864570916356826
      ],
      [
        0.0,
        0.0,
        0.0,
        1.0
      ]
    ],
    "location": [
      43.15709041673381,
      9.872258621051515,
      -2.7864570916356826
    ],
    "rotation": [
      0.015666365358960013,
      -0.0917036570778083,
      -2.9677813730393043
    ]
  }
]