[
  {
    "label_id": "09Fy6aLIXmomFj8daA5KWg",
    "size": [
      1.933677759864103,
      3.9037725122541556,
      2.0900000000000034
    ],
    "obj_class": "vehicle",
    "point_num_in_lidar": 66,
    "speed": 0.04126656006088133,
    "if_vehicle": true,
    "motion_state": false,
    "pose": [
      [
        -0.17836029834921543,
        -0.980499916547138,
        0.08250768221101766,
        -5.641902103623579
      ],
      [
        0.9837623054564583,
        -0.17599254577550402,
        0.03519020026159629,
        8.13668508505907
      ],
      [
        -0.019983251381418973,
        0.08744448228740649,
        0.9959689413740342,
        1.0131316724349517
      ],
      [
        0.0,
        0.0,
        0.0,
        1.0
      ]
    ],
    "location": [
      -5.641902103623579,
      8.13668508505907,
      1.0131316724349517
    ],
    "rotation": [
      0.08757384077643837,
      0.01998458160688656,
      1.7501523068255993
    ]
  },
  {
    "label_id": "9Kvl3KQLW0Ne6TqSc8o_YQ",
    "size": [
      2.2742717988626784,
      5.048156107748634,
      2.0400000000000063
    ],
    "obj_class": "vehicle",
    "point_num_in_lidar": 2217,
    "speed": 0.037740841799389954,
    "if_vehicle": true,
    "motion_state": false,
    "pose": [
      [
        0.9889072249720179,
        -0.12351106336805925,
        0.08250768221101766,
        32.38133062353427
      ],
      [
        0.12096540273072168,
        0.9920327722145792,
        0.03519020026159629,
        -1.6687442964539514
      ],
      [
        -0.08619670376724009,
        -0.02481926827987061,
        0.9959689413740342,
        -1.558130810369164
      ],
      [
        0.0,
        0.0,
        0.0,
        1.0
      ]
    ],
    "location": [
      32.38133062353427,
      -1.6687442964539514,
      -1.558130810369164
    ],
    "rotation": [
      -0.02491456473784142,
      0.0863038006361684,
      0.12171762336378712
    ]
  },
  {
    "label_id": "B2KyO7UNNfZ-hmKNJ9xJ1w",
    "size": [
      1.9583939616463972,
      4.050934618702623,
      1.9100000000000108
    ],
    "obj_class": "vehicle",
    "point_num_in_lidar": 3120,
    "speed": 0.06293405287130414,
    "if_vehicle": true,
    "motion_state": false,
    "pose": [
      [
        0.9875269328584738,
        -0.1341008547895999,
        0.08250768221101766,
        37.33517497077628
      ],
      [
        0.1315888328957871,
        0.9906795793104214,
        0.03519020026159629,
        -0.8568137854454108
      ],
      [
        -0.08645771183798619,
        -0.023894180923925333,
        0.9959689413740342,
        -2.063908438333513
      ],
      [
        0.0,
        0.0,
        0.0,
        1.0
      ]
    ],
    "location": [
      37.33517497077628,
      -0.8568137854454108,
      -2.063908438333513
    ],
    "rotation": [
      -0.023986288440864156,
      0.08656578674416936,
      0.13247051838967075
    ]
  },
  {
    "label_id": "FzZ5zhuuLZ9Dpcj0lJaO-A",
    "size": [
      2.083638878186723,
      4.39647326286623,
      1.740000000000009
    ],
    "obj_class": "vehicle",
    "point_num_in_lidar": 4614,
    "speed": 0.015891596715784457,
    "if_vehicle": true,
    "motion_state": false,
    "pose": [
      [
        0.9873977240203629,
        -0.13504894288950617,
        0.08250768221101766,
        47.17996583072727
      ],
      [
        0.1325399490901691,
        0.9905527808757715,
        0.03519020026159629,
        0.49275278704590164
      ],
      [
        -0.08648061340313658,
        -0.023811159646324822,
        0.9959689413740342,
        -2.9913326986486624
      ],
      [
        0.0,
        0.0,
        0.0,
        1.0
      ]
    ],
    "location": [
      47.17996583072727,
      0.49275278704590164,
      -2.9913326986486624
    ],
    "rotation": [
      -0.023902978928561608,
      0.0865887744089826,
      0.13343397753939026
    ]
  },
  {
    "label_id": "Iyu9vNNsCr-uctIcYvC4Tg",
    "size": [
      2.469323998338614,
      5.5369510550363685,
      2.509999999999991
    ],
    "obj_class": "vehicle",
    "point_num_in_lidar": 202,
    "speed": 0.031025413212743595,
    "if_vehicle": true,
    "motion_state": false,
    "pose": [
      [
        -0.9868102456051426,
        0.1392767803507961,
        0.08250768221101766,
        -8.205369747773148
      ],
      [
        -0.1367813228385048,
        -0.9899760196732531,
        0.03519020026159629,
        1.2824846396470093
      ],
      [
        0.08658180462006382,
        0.02344054024587802,
        0.9959689413740342,
        1.714959561574716
      ],
      [
        0.0,
        0.0,
        0.0,
        1.0
      ]
    ],
    "location": [
      -8.205369747773148,
      1.2824846396470093,
      1.714959561574716
    ],
    "rotation": [
      0.023531068774052224,
      -0.08669034660900982,
      -3.003860693974675
    ]
  },
  {
    "label_id": "LFeFZPKcfRmErZ5L-xFg2A",
    "size": [
      0.5078832346659898,
      0.08415729957510834,
      0.5799999999999983
    ],
    "obj_class": "sign",
    "point_num_in_lidar": 44,
    "speed": 0.02867759198746485,
    "if_vehicle": false,
    "motion_state": false,
    "pose": [
      [
        0.9793074623005197,
        -0.18479549956284635,
        0.08250768221101766,
        27.060487727059808
      ],
      [
        0.1824492225018036,
        0.9825853301439199,
        0.03519020026159629,
        9.236112115995638
      ],
      [
        -0.0875738288017807,
        -0.019408563246204883,
        0.9959689413740342,
        0.7214589145010564
      ],
      [
        0.0,
        0.0,
        0.0,
        1.0
      ]
    ],
    "location": [
      27.060487727059808,
      9.236112115995638,
      0.7214589145010564
    ],
    "rotation": [
      -0.019484650789539884,
      0.08768615339210793,
      0.18419263980852196
    ]
  },
  {
    "label_id": "OKDjxhhCfxKNlcHv33W2cA",
    "size": [
      1.2014566070085422,
      0.10180897353312321,
      1.1099999999999994
    ],
    "obj_class": "sign",
    "point_num_in_lidar": 32,
    "speed": 0.02378675496975062,
    "if_vehicle": false,
    "motion_state": false,
    "pose": [
      [
        0.9934075932134934,
        -0.07958540143732433,
        0.08250768221101766,
        -8.105478138590115
      ],
      [
        0.07690379087160276,
        0.9964173105456997,
        0.03519020026159629,
        2.9447067660003086
      ],
      [
        -0.08501270902254046,
        -0.028613058608516456,
        0.9959689413740342,
        5.122837481881319
      ],
      [
        0.0,
        0.0,
        0.0,
        1.0
      ]
    ],
    "location": [
      -8.105478138590115,
      2.9447067660003086,
      5.122837481881319
    ],
    "rotation": [
      -0.02872096649623597,
      0.08511544357498727,
      0.07726004374160073
    ]
  },
  {
    "label_id": "O_SVTU6XGhIZOX6avoLTog",
    "size": [
      2.3741287737432106,
      4.414826336950519,
      2.399074866694292
    ],
    "obj_class": "vehicle",
    "point_num_in_lidar": 126,
    "speed": 0.024319741686230502,
    "if_vehicle": true,
    "motion_state": false,
    "pose": [
      [
        0.0038420037255624366,
        0.9965830228252629,
        0.08250768221101766,
        17.197429378510606
      ],
      [
        -0.9993801916132135,
        0.0009393703664060574,
        0.03519020026159629,
        -15.157036135326052
      ],
      [
        0.03499245087885811,
        -0.0825917441381173,
        0.9959689413740342,
        0.3113833748158754
      ],
      [
        0.0,
        0.0,
        0.0,
        1.0
      ]
    ],
    "location": [
      17.197429378510606,
      -15.157036135326052,
      0.3113833748158754
    ],
    "rotation": [
      -0.08273671777459037,
      -0.03499959602711664,
      -1.5669519592252898
    ]
  },
  {
    "label_id": "Wy-P21u6EgWsYfF5nrvMQA",
    "size": [
      0.5446120906396533,
      0.07840640907839838,
      0.5900000000000034
    ],
    "obj_class": "sign",
    "point_num_in_lidar": 20,
    "speed": 0.05469754445337944,
    "if_vehicle": false,
    "motion_state": false,
    "pose": [
      [
        -0.9782362285384817,
        0.19038477762408731,
        0.08250768221101766,
        41.72899827484798
      ],
      [
        -0.18805725693511405,
        -0.9815274412463408,
        0.03519020026159629,
        -2.42987202355107
      ],
      [
        0.08768323265509752,
        0.018908160392739758,
        0.9959689413740342,
        -2.1402801568751215
      ],
      [
        0.0,
        0.0,
        0.0,
        1.0
      ]
    ],
    "location": [
      41.72899827484798,
      -2.42987202355107,
      -2.1402801568751215
    ],
    "rotation": [
      0.018982408468895276,
      -0.08779597972305526,
      -2.9516685362518604
    ]
  },
  {
    "label_id": "ZiOP4AUb0V-KJdXJsCwDHA",
    "size": [
      2.0824646231046353,
      4.481670429813358,
      1.5400000000000063
    ],
    "obj_class": "vehicle",
    "point_num_in_lidar": 249,
    "speed": 9.23438573446971,
    "if_vehicle": true,
    "motion_state": true,
    "pose": [
      [
        0.9835855093471753,
        -0.16047438480462747,
        0.08250768221101766,
        17.297877677734505
      ],
      [
        0.15804761204334222,
        0.9868042369857083,
        0.03519020026159629,
        -0.9856879644285073
      ],
      [
        -0.08706605612783389,
        -0.021572428899648995,
        0.9959689413740342,
        -0.5734122983136984
      ],
      [
        0.0,
        0.0,
        0.0,
        1.0
      ]
    ],
    "location": [
      17.297877677734505,
      -0.9856879644285073,
      -0.5734122983136984
    ],
    "rotation": [
      -0.021656354355165424,
      0.08717643374600935,
      0.15932326535680283
    ]
  },
  {
    "label_id": "cc_1drMpTZlbHP7hRBQ9bQ",
    "size": [
      1.9850184195411633,
      4.150645099184738,
      1.7199999999999989
    ],
    "obj_class": "vehicle",
    "point_num_in_lidar": 4027,
    "speed": 0.058945039584420204,
    "if_vehicle": true,
    "motion_state": false,
    "pose": [
      [
        0.9817236272154144,
        -0.1714969449966265,
        0.08250768221101766,
        42.560725894198185
      ],
      [
        0.1691064286416484,
        0.9849693729236538,
        0.03519020026159629,
        -0.20646495754044736
      ],
      [
        -0.08730255184745342,
        -0.020594471569045873,
        0.9959689413740342,
        -2.63022453775595
      ],
      [
        0.0,
        0.0,
        0.0,
        1.0
      ]
    ],
    "location": [
      42.560725894198185,
      -0.20646495754044736,
      -2.63022453775595
    ],
    "rotation": [
      -0.02067487876063428,
      0.08741383343700282,
      0.17058062762872198
    ]
  },
  {
    "label_id": "ii3r5BLd3-sWTAM08kxaIw",
    "size": [
      0.5384986154356229,
      0.08528275957052642,
      0.5100000000000051
    ],
    "obj_class": "sign",
    "point_num_in_lidar": 100,
    "speed": 0.05319473128639402,
    "if_vehicle": false,
    "motion_state": false,
    "pose": [
      [
        -0.9774430915202376,
        0.19441575351685422,
        0.08250768221101766,
        41.72864360910535
      ],
      [
        -0.1921018200052,
        -0.9807438710265991,
        0.03519020026159629,
        -2.4288994470607577
      ],
      [
        0.08776043294133318,
        0.018546542217763792,
        0.9959689413740342,
        -1.5866468880506517
      ],
      [
        0.0,
        0.0,
        0.0,
        1.0
      ]
    ],
    "location": [
      41.72864360910535,
      -2.4288994470607577,
      -1.5866468880506517
    ],
    "rotation": [
      0.018619455019194518,
      -0.08787347876738652,
      -2.947530992338665
    ]
  },
  {
    "label_id": "lCDK9nN_wov3Wy9imp2MIQ",
    "size": [
      2.2372011553282167,
      4.816105688615463,
      1.6500000000000057
    ],
    "obj_class": "vehicle",
    "point_num_in_lidar": 83,
    "speed": 0.029974092613554982,
    "if_vehicle": true,
    "motion_state": false,
    "pose": [
      [
        0.9785816795360021,
        -0.1886011104226674,
        0.08250768221101766,
        7.00119078428088
      ],
      [
        0.18626759363248302,
        0.981868643642271,
        0.03519020026159629,
        -5.91962665605206
      ],
      [
        -0.08764861686793254,
        -0.01906797785356127,
        0.9959689413740342,
        -0.15503212664738442
      ],
      [
        0.0,
        0.0,
        0.0,
        1.0
      ]
    ],
    "location": [
      7.00119078428088,
      -5.91962665605206,
      -0.15503212664738442
    ],
    "rotation": [
      -0.019142814467418723,
      0.08776123014763598,
      0.1880943761414227
    ]
  },
  {
    "label_id": "t4SGOqIbagvhCbCowABS5Q",
    "size": [
      2.1206634162369387,
      4.459831394600824,
      1.8700000000000045
    ],
    "obj_class": "vehicle",
    "point_num_in_lidar": 7303,
    "speed": 0.09468324463548827,
    "if_vehicle": true,
    "motion_state": false,
    "pose": [
      [
        -0.9852866132735622,
        0.14967555605401914,
        0.08250768221101766,
        37.873407900277016
      ],
      [
        -0.14721362233829544,
        -0.9884785274367807,
        0.03519020026159629,
        8.9807043044475
      ],
      [
        0.08682418500597532,
        0.022526178467145778,
        0.9959689413740342,
        -2.3070487868902916
      ],
      [
        0.0,
        0.0,
        0.0,
        1.0
      ]
    ],
    "location": [
      37.873407900277016,
      8.9807043044475,
      -2.3070487868902916
    ],
    "rotation": [
      0.022613494921564527,
      -0.08693364320068482,
      -2.993277837621576
    ]
  },
  {
    "label_id": "yHe2FilPe2YkdtabKad5Pw",
    "size": [
      2.068105135317879,
      4.17943595267765,
      1.8200000000000074
    ],
    "obj_class": "vehicle",
    "point_num_in_lidar": 4023,
    "speed": 0.09640334730972937,
    "if_vehicle": true,
    "motion_state": false,
    "pose": [
      [
        -0.9812114712189287,
        0.17440335754953534,
        0.08250768221101766,
        43.05065222630674
      ],
      [
        -0.17202246325760728,
        -0.9844642816985966,
        0.03519020026159629,
        9.854242425462871
      ],
      [
        0.0873631551809485,
        0.0203358534395545,
        0.9959689413740342,
        -2.785742836693629
      ],
      [
        0.0,
        0.0,
        0.0,
        1.0
      ]
    ],
    "location": [
      43.05065222630674,
      9.854242425462871,
      -2.785742836693629
    ],
    "rotation": [
      0.020415323497774085,
      -0.08747466921262724,
      -2.9680400049794984
    ]
  }
]