[
  {
    "label_id": "09Fy6aLIXmomFj8daA5KWg",
    "size": [
      1.9336777598640964,
      3.9037725122541556,
      2.0900000000000034
    ],
    "obj_class": "vehicle",
    "point_num_in_lidar": 85,
    "speed": 0.0412665593704213,
    "if_vehicle": true,
    "motion_state": false,
    "pose": [
      [
        -0.17831176982725908,
        -0.9802331407446315,
        0.08571990741353977,
        -5.617188773151611
      ],
      [
        0.9837656199550077,
        -0.17580328150730135,
        0.03603347340743444,
        8.135061243032396
      ],
      [
        -0.020251363796305284,
        0.09075349027546992,
        0.9956674576720934,
        1.0131316724348807
      ],
      [
        0.0,
        0.0,
        0.0,
        1.0
      ]
    ],
    "location": [
      -5.617188773151611,
      8.135061243032396,
      1.0131316724348807
    ],
    "rotation": [
      0.09089722421399557,
      0.020252748292410583,
      1.7501039555510665
    ]
  },
  {
    "label_id": "0qK7jFKlQ1FLGlWLoktfIA",
    "size": [
      0.6773045018859145,
      0.6168086755166287,
      1.740000000000009
    ],
    "obj_class": "pedestrian",
    "point_num_in_lidar": 41,
    "speed": 0.0064607494824553725,
    "if_vehicle": false,
    "motion_state": false,
    "pose": [
      [
        0.052113264333332104,
        0.9949554287271055,
        0.08571990741353977,
        17.07925576780508
      ],
      [
        -0.9981399439557528,
        0.04917561462963749,
        0.03603347340743444,
        -12.903468357419115
      ],
      [
        0.03163637084956425,
        -0.08743828550617262,
        0.9956674576720934,
        -0.15330001352683098
      ],
      [
        0.0,
        0.0,
        0.0,
        1.0
      ]
    ],
    "location": [
      17.07925576780508,
      -12.903468357419115,
      -0.15330001352683098
    ],
    "rotation": [
      -0.08759404620766752,
      -0.03164165049060498,
      -1.5186333112921406
    ]
  },
  {
    "label_id": "9Kvl3KQLW0Ne6TqSc8o_YQ",
    "size": [
      2.274271798862678,
      5.048156107748634,
      2.0400000000000063
    ],
    "obj_class": "vehicle",
    "point_num_in_lidar": 4526,
    "speed": 0.018314538768455495,
    "if_vehicle": true,
    "motion_state": false,
    "pose": [
      [
        0.9886381616971573,
        -0.12347745830344674,
        0.08571990741353977,
        32.39937737489072
      ],
      [
        0.12077624736487609,
        0.9920255474868851,
        0.03603347340743444,
        -1.6562653751989274
      ],
      [
        -0.08948565979263673,
        -0.025271138167217433,
        0.9956674576720934,
        -1.5581308103691924
      ],
      [
        0.0,
        0.0,
        0.0,
        1.0
      ]
    ],
    "location": [
      32.39937737489072,
      -1.6562653751989274,
      -1.5581308103691924
    ],
    "rotation": [
      -0.02537565480330016,
      0.08960552101583125,
      0.12156191169234061
    ]
  },
  {
    "label_id": "B2KyO7UNNfZ-hmKNJ9xJ1w",
    "size": [
      1.9583939616463977,
      4.050934618702623,
      1.9100000000000108
    ],
    "obj_class": "vehicle",
    "point_num_in_lidar": 4314,
    "speed": 0.0849271584459097,
    "if_vehicle": true,
    "motion_state": false,
    "pose": [
      [
        0.9872582451354418,
        -0.1340643684395748,
        0.08571990741353977,
        37.28632091918462
      ],
      [
        0.13139961097197422,
        0.9906743819391969,
        0.03603347340743444,
        -0.8353533281460841
      ],
      [
        -0.08975132115184559,
        -0.024310781235665557,
        0.9956674576720934,
        -2.057955529404339
      ],
      [
        0.0,
        0.0,
        0.0,
        1.0
      ]
    ],
    "location": [
      37.28632091918462,
      -0.8353533281460841,
      -2.057955529404339
    ],
    "rotation": [
      -0.024411716649380483,
      0.08987225567143124,
      0.13231782727595384
    ]
  },
  {
    "label_id": "Iyu9vNNsCr-uctIcYvC4Tg",
    "size": [
      2.469323998338614,
      5.5369510550363685,
      2.509999999999991
    ],
    "obj_class": "vehicle",
    "point_num_in_lidar": 219,
    "speed": 0.031025412693188356,
    "if_vehicle": true,
    "motion_state": false,
    "pose": [
      [
        -0.9865417528793909,
        0.13923888572763332,
        0.08571990741353977,
        -8.1873860471851
      ],
      [
        -0.13659207626495598,
        -0.9899718144956574,
        0.03603347340743444,
        1.2873117651761277
      ],
      [
        0.0898775529667292,
        0.0238398658868481,
        0.9956674576720934,
        1.714959561574645
      ],
      [
        0.0,
        0.0,
        0.0,
        1.0
      ]
    ],
    "location": [
      -8.1873860471851,
      1.2873117651761277,
      1.714959561574645
    ],
    "rotation": [
      0.02393902854032203,
      -0.08999899972036436,
      -3.004011897096912
    ]
  },
  {
    "label_id": "LFeFZPKcfRmErZ5L-xFg2A",
    "size": [
      0.5078832346659901,
      0.08415729957510834,
      0.5799999999999983
    ],
    "obj_class": "sign",
    "point_num_in_lidar": 40,
    "speed": 0.028677591506774822,
    "if_vehicle": false,
    "motion_state": false,
    "pose": [
      [
        0.979041010942652,
        -0.1847452201422389,
        0.08571990741353977,
        27.070066475732347
      ],
      [
        0.1822599840814855,
        0.9825898874895937,
        0.03603347340743444,
        9.250411522682043
      ],
      [
        -0.09088452615823442,
        -0.019654939271931605,
        0.9956674576720934,
        0.7215153767428006
      ],
      [
        0.0,
        0.0,
        0.0,
        1.0
      ]
    ],
    "location": [
      27.070066475732347,
      9.250411522682043,
      0.7215153767428006
    ],
    "rotation": [
      -0.019737902080142065,
      0.09101011117355133,
      0.18405483347751903
    ]
  },
  {
    "label_id": "NrKoxQ7n6G2lJ-Min5o00g",
    "size": [
      2.0863388635918425,
      4.134274428548164,
      2.0700000000000074
    ],
    "obj_class": "vehicle",
    "point_num_in_lidar": 75,
    "speed": 0.040730744128781554,
    "if_vehicle": true,
    "motion_state": false,
    "pose": [
      [
        0.9864571424791465,
        -0.13983706062732762,
        0.08571990741353977,
        -4.283828371581876
      ],
      [
        0.13719233150700788,
        0.9898888083870163,
        0.03603347340743444,
        -7.676558309163738
      ],
      [
        -0.08989199201012284,
        -0.023785363256467722,
        0.9956674576720934,
        1.228528954951443
      ],
      [
        0.0,
        0.0,
        0.0,
        1.0
      ]
    ],
    "location": [
      -4.283828371581876,
      -7.676558309163738,
      1.228528954951443
    ],
    "rotation": [
      -0.023884320039992118,
      0.09001349744807531,
      0.1381894079600559
    ]
  },
  {
    "label_id": "OKDjxhhCfxKNlcHv33W2cA",
    "size": [
      1.2014566070085426,
      0.10180897353312321,
      1.1099999999999994
    ],
    "obj_class": "sign",
    "point_num_in_lidar": 39,
    "speed": 0.029976561624460392,
    "if_vehicle": false,
    "motion_state": false,
    "pose": [
      [
        0.9931373054720841,
        -0.07956374772886556,
        0.08571990741353977,
        -8.089854155202374
      ],
      [
        0.07671514119443996,
        0.9964017141222274,
        0.03603347340743444,
        2.9509035775845405
      ],
      [
        -0.08827842086923354,
        -0.02921017188625541,
        0.9956674576720934,
        5.122837481881135
      ],
      [
        0.0,
        0.0,
        0.0,
        1.0
      ]
    ],
    "location": [
      -8.089854155202374,
      2.9509035775845405,
      5.122837481881135
    ],
    "rotation": [
      -0.02932886459561981,
      0.0883934849710608,
      0.0770921630601487
    ]
  },
  {
    "label_id": "O_SVTU6XGhIZOX6avoLTog",
    "size": [
      2.3741287737432115,
      4.414826336950519,
      2.399074866694292
    ],
    "obj_class": "vehicle",
    "point_num_in_lidar": 361,
    "speed": 0.022979435664433615,
    "if_vehicle": true,
    "motion_state": false,
    "pose": [
      [
        0.0038409583877603987,
        0.9963118711084785,
        0.08571990741353977,
        17.210986519441576
      ],
      [
        -0.9993503002501687,
        0.0007524520539428464,
        0.03603347340743444,
        -15.15162865183629
      ],
      [
        0.0358360771927015,
        -0.08580261828306204,
        0.9956674576720934,
        0.31138337481577594
      ],
      [
        0.0,
        0.0,
        0.0,
        1.0
      ]
    ],
    "location": [
      17.210986519441576,
      -15.15162865183629,
      0.31138337481577594
    ],
    "rotation": [
      -0.08596360199278472,
      -0.03584375188970341,
      -1.5669528902402718
    ]
  },
  {
    "label_id": "ZiOP4AUb0V-KJdXJsCwDHA",
    "size": [
      2.0824646231028607,
      4.481670429813358,
      1.5400000000000063
    ],
    "obj_class": "vehicle",
    "point_num_in_lidar": 728,
    "speed": 9.208609331370944,
    "if_vehicle": true,
    "motion_state": true,
    "pose": [
      [
        0.9834049630139047,
        -0.15989614189415294,
        0.08571990741353977,
        22.837412654943364
      ],
      [
        0.1573218431740457,
        0.9868897742172207,
        0.03603347340743444,
        -0.09839080844176351
      ],
      [
        -0.09035771345016363,
        -0.021949882752493956,
        0.9956674576720934,
        -1.0057983595309565
      ],
      [
        0.0,
        0.0,
        0.0,
        1.0
      ]
    ],
    "location": [
      22.837412654943364,
      -0.09839080844176351,
      -1.0057983595309565
    ],
    "rotation": [
      -0.022041825052018682,
      0.09048112190189575,
      0.15863250644191143
    ]
  },
  {
    "label_id": "cc_1drMpTZlbHP7hRBQ9bQ",
    "size": [
      1.9850184195411638,
      4.150645099184738,
      1.7199999999999989
    ],
    "obj_class": "vehicle",
    "point_num_in_lidar": 4148,
    "speed": 0.06978009311007222,
    "if_vehicle": true,
    "motion_state": false,
    "pose": [
      [
        0.9814565184639802,
        -0.17145028386554786,
        0.08571990741353977,
        42.50909858484101
      ],
      [
        0.16891714581814257,
        0.9849713633618229,
        0.03603347340743444,
        -0.2202007442519971
      ],
      [
        -0.09060960331672979,
        -0.020885725258534438,
        0.9956674576720934,
        -2.6111315504236785
      ],
      [
        0.0,
        0.0,
        0.0,
        1.0
      ]
    ],
    "location": [
      42.50909858484101,
      -0.2202007442519971,
      -2.6111315504236785
    ],
    "rotation": [
      -0.02097353141426707,
      0.09073404929239644,
      0.17043885172258802
    ]
  },
  {
    "label_id": "hZZVqo78R8-bZa4kLwPQzw",
    "size": [
      2.338015764453377,
      5.7785313826431315,
      2.3799999999999955
    ],
    "obj_class": "vehicle",
    "point_num_in_lidar": 26,
    "speed": 0.04212192977952173,
    "if_vehicle": true,
    "motion_state": false,
    "pose": [
      [
        0.9885610691003596,
        -0.1240931510284447,
        0.08571990741353977,
        -31.20017761386225
      ],
      [
        0.121394050253019,
        0.9919501365277205,
        0.03603347340743444,
        -12.693982253700597
      ],
      [
        -0.08950138111963253,
        -0.025215402246809376,
        0.9956674576720934,
        4.140456873717326
      ],
      [
        0.0,
        0.0,
        0.0,
        1.0
      ]
    ],
    "location": [
      -31.20017761386225,
      -12.693982253700597,
      4.140456873717326
    ],
    "rotation": [
      -0.025319712312640085,
      0.08962130568030184,
      0.12218701268919951
    ]
  },
  {
    "label_id": "ii3r5BLd3-sWTAM08kxaIw",
    "size": [
      0.5384986154356213,
      0.08528275957052642,
      0.5100000000000051
    ],
    "obj_class": "sign",
    "point_num_in_lidar": 52,
    "speed": 0.021221208434942754,
    "if_vehicle": false,
    "motion_state": false,
    "pose": [
      [
        -0.9771771474230042,
        0.19436285660396724,
        0.08571990741353977,
        41.74225285604189
      ],
      [
        -0.19191263554377422,
        -0.9807502888670685,
        0.03603347340743444,
        -2.4202052020973497
      ],
      [
        0.09107339278231955,
        0.018760353405718737,
        0.9956674576720934,
        -1.5757876992534392
      ],
      [
        0.0,
        0.0,
        0.0,
        1.0
      ]
    ],
    "location": [
      41.74225285604189,
      -2.4202052020973497,
      -1.5757876992534392
    ],
    "rotation": [
      0.01883975782351265,
      -0.09119976432465002,
      -2.9476659000539898
    ]
  },
  {
    "label_id": "t4SGOqIbagvhCbCowABS5Q",
    "size": [
      2.120663416236939,
      4.459831394600824,
      1.8700000000000045
    ],
    "obj_class": "vehicle",
    "point_num_in_lidar": 6700,
    "speed": 0.14292566516508445,
    "if_vehicle": true,
    "motion_state": false,
    "pose": [
      [
        -0.9850185350998476,
        0.14963483211727244,
        0.08571990741353977,
        37.77531846829879
      ],
      [
        -0.14702434194191216,
        -0.9884763182144242,
        0.03603347340743444,
        8.959991047751828
      ],
      [
        0.09012396122174077,
        0.022890726211553063,
        0.9956674576720934,
        -2.2720463535219295
      ],
      [
        0.0,
        0.0,
        0.0,
        1.0
      ]
    ],
    "location": [
      37.77531846829879,
      8.959991047751828,
      -2.2720463535219295
    ],
    "rotation": [
      0.022986283530761407,
      -0.09024641205023287,
      -2.993426028703205
    ]
  }
]