[
  {
    "label_id": "09Fy6aLIXmomFj8daA5KWg",
    "size": [
      1.9336777598641035,
      3.9037725122541556,
      2.0900000000000034
    ],
    "obj_class": "vehicle",
    "point_num_in_lidar": 288,
    "speed": 0.04126655937001453,
    "if_vehicle": true,
    "motion_state": false,
    "pose": [
      [
        -0.1786784725367386,
        -0.9822490152378378,
        0.05710407617881286,
        -5.534856306335314
      ],
      [
        0.9838188802389477,
        -0.1775821956496418,
        0.023769195897955737,
        8.129651412902604
      ],
      [
        -0.01320660203538428,
        0.060427111899792475,
        0.998085241755497,
        1.0131316724349375
      ],
      [
        0.0,
        0.0,
        0.0,
        1.0
      ]
    ],
    "location": [
      -5.534856306335314,
      8.129651412902604,
      1.0131316724349375
    ],
    "rotation": [
      0.06046922676037191,
      0.013206985968975675,
      1.7504553108327894
    ]
  },
  {
    "label_id": "0qK7jFKlQ1FLGlWLoktfIA",
    "size": [
      0.6773045018859178,
      0.6168086755166287,
      1.740000000000009
    ],
    "obj_class": "pedestrian",
    "point_num_in_lidar": 202,
    "speed": 0.014398538613842759,
    "if_vehicle": false,
    "motion_state": false,
    "pose": [
      [
        0.05222043659262392,
        0.9970015799816168,
        0.05710407617881286,
        17.085361113220642
      ],
      [
        -0.9984191633283613,
        0.050933286022595496,
        0.023769195897955737,
        -12.892084316050386
      ],
      [
        0.020789427620082873,
        -0.0582550417483362,
        0.998085241755497,
        -0.15647372788473035
      ],
      [
        0.0,
        0.0,
        0.0,
        1.0
      ]
    ],
    "location": [
      17.085361113220642,
      -12.892084316050386,
      -0.15647372788473035
    ],
    "rotation": [
      -0.05830065613761185,
      -0.020790925444224895,
      -1.5185408231378068
    ]
  },
  {
    "label_id": "9Kvl3KQLW0Ne6TqSc8o_YQ",
    "size": [
      2.2742717988626775,
      5.048156107748634,
      2.0400000000000063
    ],
    "obj_class": "vehicle",
    "point_num_in_lidar": 4994,
    "speed": 0.0028952094935572378,
    "if_vehicle": true,
    "motion_state": false,
    "pose": [
      [
        0.990671321330652,
        -0.12373139285057887,
        0.05710407617881286,
        32.40185756971641
      ],
      [
        0.12254943962316868,
        0.9921777361815834,
        0.023769195897955737,
        -1.661495940237728
      ],
      [
        -0.059598388745227555,
        -0.01654938817128267,
        0.998085241755497,
        -1.5581308103691072
      ],
      [
        0.0,
        0.0,
        0.0,
        1.0
      ]
    ],
    "location": [
      32.40185756971641,
      -1.661495940237728,
      -1.5581308103691072
    ],
    "rotation": [
      -0.01657961771739347,
      0.05963372718656631,
      0.12307816789490314
    ]
  },
  {
    "label_id": "Bs_gMVBq-pujfRXM-c_2tQ",
    "size": [
      1.1211735147851718,
      0.18414095257569446,
      0.907077905995493
    ],
    "obj_class": "sign",
    "point_num_in_lidar": 25,
    "speed": 0.022977940798922316,
    "if_vehicle": false,
    "motion_state": false,
    "pose": [
      [
        -0.1722962064071198,
        -0.9833886015922086,
        0.05710407617881286,
        26.013703834254557
      ],
      [
        0.9849513145236559,
        -0.17118975829320773,
        0.023769195897955737,
        -8.874125077940334
      ],
      [
        -0.013598723316454056,
        0.06034007717954615,
        0.998085241755497,
        1.4920564784635815
      ],
      [
        0.0,
        0.0,
        0.0,
        1.0
      ]
    ],
    "location": [
      26.013703834254557,
      -8.874125077940334,
      1.4920564784635815
    ],
    "rotation": [
      0.06038234308008921,
      0.013599142475945982,
      1.7439727651748602
    ]
  },
  {
    "label_id": "DMmMH8dpEe_xhmHCypIOYw",
    "size": [
      0.5866708665734581,
      0.08535698847037726,
      0.6099999999999994
    ],
    "obj_class": "sign",
    "point_num_in_lidar": 30,
    "speed": 0.04630740965311453,
    "if_vehicle": false,
    "motion_state": false,
    "pose": [
      [
        0.13178131303315685,
        0.9896326641835451,
        0.05710407617881286,
        29.618869516991253
      ],
      [
        -0.9911486383532472,
        0.13061164579343076,
        0.023769195897955737,
        -31.278973091384614
      ],
      [
        0.016064315290766334,
        -0.0597309631942254,
        0.998085241755497,
        1.76525281619692
      ],
      [
        0.0,
        0.0,
        0.0,
        1.0
      ]
    ],
    "location": [
      29.618869516991253,
      -31.278973091384614,
      1.76525281619692
    ],
    "rotation": [
      -0.05977426067646843,
      -0.01606500630317511,
      -1.4386134190145254
    ]
  },
  {
    "label_id": "Iyu9vNNsCr-uctIcYvC4Tg",
    "size": [
      2.4693239983386137,
      5.5369510550363685,
      2.509999999999991
    ],
    "obj_class": "vehicle",
    "point_num_in_lidar": 585,
    "speed": 0.031025412693145005,
    "if_vehicle": true,
    "motion_state": false,
    "pose": [
      [
        -0.9885706011946008,
        0.1395252340528758,
        0.05710407617881286,
        -8.127473344051396
      ],
      [
        -0.1383674714155956,
        -0.9900956863760285,
        0.023769195897955737,
        1.3033933351052838
      ],
      [
        0.059854902120041666,
        0.015596181650368461,
        0.998085241755497,
        1.7149595615746307
      ],
      [
        0.0,
        0.0,
        0.0,
        1.0
      ]
    ],
    "location": [
      -8.127473344051396,
      1.3033933351052838,
      1.7149595615746307
    ],
    "rotation": [
      0.015624830209245289,
      -0.05989069931634873,
      -3.002528869464117
    ]
  },
  {
    "label_id": "NrKoxQ7n6G2lJ-Min5o00g",
    "size": [
      2.0863388635918425,
      4.134274428548164,
      2.0700000000000074
    ],
    "obj_class": "vehicle",
    "point_num_in_lidar": 250,
    "speed": 0.040730744128572284,
    "if_vehicle": true,
    "motion_state": false,
    "pose": [
      [
        0.9884858167909067,
        -0.14012463911453432,
        0.05710407617881286,
        -4.2170871559046645
      ],
      [
        0.13896780144235138,
        0.9900116037141402,
        0.023769195897955737,
        -7.629890675285424
      ],
      [
        -0.05986434803364466,
        -0.015559885101687671,
        0.998085241755497,
        1.2226485935963467
      ],
      [
        0.0,
        0.0,
        0.0,
        1.0
      ]
    ],
    "location": [
      -4.2170871559046645,
      -7.629890675285424,
      1.2226485935963467
    ],
    "rotation": [
      -0.015588472885026712,
      0.059900162198746415,
      0.1396711605176496
    ]
  },
  {
    "label_id": "O_SVTU6XGhIZOX6avoLTog",
    "size": [
      2.3741287737432066,
      4.414826336950519,
      2.399074866694292
    ],
    "obj_class": "vehicle",
    "point_num_in_lidar": 1671,
    "speed": 0.029720957204821753,
    "if_vehicle": true,
    "motion_state": false,
    "pose": [
      [
        0.0038488574168007105,
        0.9983608119213963,
        0.05710407617881286,
        17.22474337298445
      ],
      [
        -0.9997143605306129,
        0.002494529060241692,
        0.023769195897955737,
        -15.102627213991582
      ],
      [
        0.023587785937915506,
        -0.05717924924671654,
        0.998085241755497,
        0.2775165825698167
      ],
      [
        0.0,
        0.0,
        0.0,
        1.0
      ]
    ],
    "location": [
      17.22474337298445,
      -15.102627213991582,
      0.2775165825698167
    ],
    "rotation": [
      -0.05722639230997291,
      -0.02358997379546084,
      -1.5669463886997914
    ]
  },
  {
    "label_id": "QHtOD9Dp5rOGtaF_Zl2JJg",
    "size": [
      0.4565543314224038,
      0.06451841445347142,
      0.5300000000000011
    ],
    "obj_class": "sign",
    "point_num_in_lidar": 20,
    "speed": 0.030698664896625587,
    "if_vehicle": false,
    "motion_state": false,
    "pose": [
      [
        -0.9936244131592974,
        0.09720931055000005,
        0.05710407617881286,
        -3.018828422169463
      ],
      [
        -0.09598751729152516,
        -0.9950986995522473,
        0.023769195897955737,
        -9.618077460560016
      ],
      [
        0.0591347790902373,
        0.018136374825744275,
        0.998085241755497,
        3.096564899433389
      ],
      [
        0.0,
        0.0,
        0.0,
        1.0
      ]
    ],
    "location": [
      -3.018828422169463,
      -9.618077460560016,
      3.096564899433389
    ],
    "rotation": [
      0.018169168628490343,
      -0.059169298390587814,
      -3.0452880694447617
    ]
  },
  {
    "label_id": "TsyxofNgJJEHB26jWuY9bw",
    "size": [
      1.861370796822584,
      4.107063838046848,
      1.6500000000000057
    ],
    "obj_class": "vehicle",
    "point_num_in_lidar": 90,
    "speed": 2.2520638058618974e-28,
    "if_vehicle": true,
    "motion_state": false,
    "pose": [
      [
        0.25290479874699934,
        0.9658044767210929,
        0.05710407617881286,
        19.60626095146472
      ],
      [
        -0.9674532113555909,
        0.2519311595736404,
        0.023769195897955737,
        -40.81217244704385
      ],
      [
        0.00857009967819647,
        -0.06125686558563729,
        0.998085241755497,
        2.0705372285359687
      ],
      [
        0.0,
        0.0,
        0.0,
        1.0
      ]
    ],
    "location": [
      19.60626095146472,
      -40.81217244704385,
      2.0705372285359687
    ],
    "rotation": [
      -0.06129749441185382,
      -0.00857020458912322,
      -1.3151052409425212
    ]
  },
  {
    "label_id": "XSC6PBs85X20Ym43cKECTA",
    "size": [
      0.41602029942258834,
      0.052233671233413596,
      0.5400000000000063
    ],
    "obj_class": "sign",
    "point_num_in_lidar": 24,
    "speed": 0.0679111754327643,
    "if_vehicle": false,
    "motion_state": false,
    "pose": [
      [
        -0.1659989584376306,
        -0.9844711627474855,
        0.05710407617881286,
        15.502782776855383
      ],
      [
        0.9860267623697347,
        -0.16488253157027644,
        0.023769195897955737,
        -29.28177228444838
      ],
      [
        -0.013984623279888662,
        0.060251809114670186,
        0.998085241755497,
        2.4954612824844418
      ],
      [
        0.0,
        0.0,
        0.0,
        1.0
      ]
    ],
    "location": [
      15.502782776855383,
      -29.28177228444838,
      2.4954612824844418
    ],
    "rotation": [
      0.060294227263290666,
      0.013985079148078365,
      1.7375837279688557
    ]
  },
  {
    "label_id": "YA4_a4ENJ6Uo5vwvTlJ7QQ",
    "size": [
      1.8755449346657045,
      3.891468938046787,
      1.4399999999999977
    ],
    "obj_class": "vehicle",
    "point_num_in_lidar": 89,
    "speed": 0.02241519262922135,
    "if_vehicle": true,
    "motion_state": false,
    "pose": [
      [
        0.1726311758054711,
        0.9833298539268421,
        0.05710407617881286,
        18.461828531391802
      ],
      [
        -0.9848929436657495,
        0.17152526007494975,
        0.023769195897955737,
        -35.792832402396016
      ],
      [
        0.013578168412384692,
        -0.06034470591887888,
        0.998085241755497,
        1.5857824006556598
      ],
      [
        0.0,
        0.0,
        0.0,
        1.0
      ]
    ],
    "location": [
      18.461828531391802,
      -35.792832402396016,
      1.5857824006556598
    ],
    "rotation": [
      -0.06038696380970425,
      -0.013578585673924436,
      -1.397279839993198
    ]
  },
  {
    "label_id": "dYgqU5miR81hSV4x_GFo4w",
    "size": [
      1.9903215667477547,
      4.4729038727806865,
      1.5100000000000051
    ],
    "obj_class": "vehicle",
    "point_num_in_lidar": 86,
    "speed": 0.030592393049861492,
    "if_vehicle": true,
    "motion_state": false,
    "pose": [
      [
        0.9814755062833957,
        -0.1828796190107477,
        0.05710407617881286,
        -12.010679011308639
      ],
      [
        0.18179006919322346,
        0.9830500475912137,
        0.023769195897955737,
        -8.805277691049923
      ],
      [
        -0.06048306629524424,
        -0.012947929618133826,
        0.998085241755497,
        1.7830210446098533
      ],
      [
        0.0,
        0.0,
        0.0,
        1.0
      ]
    ],
    "location": [
      -12.010679011308639,
      -8.805277691049923,
      1.7830210446098533
    ],
    "rotation": [
      -0.012972041667663803,
      0.060520003672282455,
      0.18314563590402008
    ]
  },
  {
    "label_id": "hZZVqo78R8-bZa4kLwPQzw",
    "size": [
      2.338015764453376,
      5.7785313826431315,
      2.3799999999999955
    ],
    "obj_class": "vehicle",
    "point_num_in_lidar": 75,
    "speed": 0.042121929779180216,
    "if_vehicle": true,
    "motion_state": false,
    "pose": [
      [
        0.9905940701909589,
        -0.12434835176339845,
        0.05710407617881286,
        -31.123297339373494
      ],
      [
        0.12316733694944659,
        0.9921012208616347,
        0.023769195897955737,
        -12.659595087960042
      ],
      [
        -0.059608684025828154,
        -0.016512267517819507,
        0.998085241755497,
        4.131610114912107
      ],
      [
        0.0,
        0.0,
        0.0,
        1.0
      ]
    ],
    "location": [
      -31.123297339373494,
      -12.659595087960042,
      4.131610114912107
    ],
    "rotation": [
      -0.0165424360500928,
      0.05964404080344925,
      0.12370198433857366
    ]
  },
  {
    "label_id": "lCDK9nN_wov3Wy9imp2MIQ",
    "size": [
      2.2372011553282176,
      4.816105688615463,
      1.6500000000000057
    ],
    "obj_class": "vehicle",
    "point_num_in_lidar": 582,
    "speed": 0.029243397208450515,
    "if_vehicle": true,
    "motion_state": false,
    "pose": [
      [
        0.9803273563132597,
        -0.1889375530370274,
        0.05710407617881286,
        7.05767526308864
      ],
      [
        0.18785774809052874,
        0.981908596463398,
        0.023769195897955737,
        -5.86874713659563
      ],
      [
        -0.06056187700369459,
        -0.012574149818593134,
        0.998085241755497,
        -0.15503212664741284
      ],
      [
        0.0,
        0.0,
        0.0,
        1.0
      ]
    ],
    "location": [
      7.05767526308864,
      -5.86874713659563,
      -0.15503212664741284
    ],
    "rotation": [
      -0.012597606010352463,
      0.06059895911911792,
      0.18933233741495686
    ]
  },
  {
    "label_id": "nME1CQ_WrQsHRA39DFgYFw",
    "size": [
      2.1980657499468093,
      4.699929525608226,
      1.5300000000000011
    ],
    "obj_class": "vehicle",
    "point_num_in_lidar": 209,
    "speed": 0.057364903229421275,
    "if_vehicle": true,
    "motion_state": false,
    "pose": [
      [
        0.15837762727652716,
        0.9857259516021792,
        0.05710407617881286,
        17.557321702644003
      ],
      [
        -0.9872728674308431,
        0.15724919892083886,
        0.023769195897955737,
        -30.714336735965844
      ],
      [
        0.014450343011098155,
        -0.06014181387963506,
        0.998085241755497,
        1.0954363413594166
      ],
      [
        0.0,
        0.0,
        0.0,
        1.0
      ]
    ],
    "location": [
      17.557321702644003,
      -30.714336735965844,
      1.0954363413594166
    ],
    "rotation": [
      -0.06018442044035875,
      -0.014450845960191966,
      -1.4117322526073888
    ]
  },
  {
    "label_id": "p6E6I2ch5b1NXoAK_gInzA",
    "size": [
      1.9601609960806934,
      3.948561555880508,
      1.8900000000000006
    ],
    "obj_class": "vehicle",
    "point_num_in_lidar": 43,
    "speed": 0.052493369152609055,
    "if_vehicle": true,
    "motion_state": false,
    "pose": [
      [
        0.9859325060908128,
        -0.15708665734954552,
        0.05710407617881286,
        -19.788670143477248
      ],
      [
        0.15595620423433257,
        0.9874779428864139,
        0.023769195897955737,
        -10.330777684332134
      ],
      [
        -0.060122839206979584,
        -0.014529087912279144,
        0.998085241755497,
        2.8334284095973032
      ],
      [
        0.0,
        0.0,
        0.0,
        1.0
      ]
    ],
    "location": [
      -19.788670143477248,
      -10.330777684332134,
      2.8334284095973032
    ],
    "rotation": [
      -0.014555932872544846,
      0.060159119817079415,
      0.1568815747983188
    ]
  },
  {
    "label_id": "piLHcIoCY1ZiZ-XhOTURgA",
    "size": [
      0.5499261972470283,
      0.10884251341522641,
      0.46999999999999886
    ],
    "obj_class": "sign",
    "point_num_in_lidar": 62,
    "speed": 0.04111009279186649,
    "if_vehicle": false,
    "motion_state": false,
    "pose": [
      [
        -0.1279132383386555,
        -0.9901400547101822,
        0.05710407617881286,
        25.993576203554767
      ],
      [
        0.9916514467379364,
        -0.12673765623887118,
        0.023769195897955737,
        -8.851520165018883
      ],
      [
        -0.016297596150230232,
        0.0596677345773665,
        0.998085241755497,
        0.7800129030468952
      ],
      [
        0.0,
        0.0,
        0.0,
        1.0
      ]
    ],
    "location": [
      25.993576203554767,
      -8.851520165018883,
      0.7800129030468952
    ],
    "rotation": [
      0.05971113659886772,
      0.016298317708352304,
      1.6990781055074369
    ]
  },
  {
    "label_id": "rh8PTn6-dR7HEMBJILipSQ",
    "size": [
      2.101427913246693,
      4.331056376434909,
      1.730000000000004
    ],
    "obj_class": "vehicle",
    "point_num_in_lidar": 58,
    "speed": 0.12235809598399901,
    "if_vehicle": true,
    "motion_state": false,
    "pose": [
      [
        -0.1716098832323777,
        -0.9835086031452567,
        0.05710407617881286,
        28.198018693264203
      ],
      [
        0.9850705435349241,
        -0.17050234481136564,
        0.023769195897955737,
        -33.442126068883226
      ],
      [
        -0.013640829768709967,
        0.06033057229209858,
        0.998085241755497,
        1.148717499050747
      ],
      [
        0.0,
        0.0,
        0.0,
        1.0
      ]
    ],
    "location": [
      28.198018693264203,
      -33.442126068883226,
      1.148717499050747
    ],
    "rotation": [
      0.0603728546321078,
      0.013641252834086348,
      1.7432760982681863
    ]
  },
  {
    "label_id": "tFWoxavc3LDUVSsjgbE3rQ",
    "size": [
      2.0655712856238932,
      3.69233137434314,
      1.730000000000004
    ],
    "obj_class": "vehicle",
    "point_num_in_lidar": 127,
    "speed": 0.08184287225434897,
    "if_vehicle": true,
    "motion_state": false,
    "pose": [
      [
        0.9798812303059771,
        -0.1912378073964693,
        0.05710407617881286,
        1.3763326733251233
      ],
      [
        0.1901617165080223,
        0.9814650003444275,
        0.023769195897955737,
        -6.952857184649474
      ],
      [
        -0.06059122105360898,
        -0.01243197977410473,
        0.998085241755497,
        0.5429574685203988
      ],
      [
        0.0,
        0.0,
        0.0,
        1.0
      ]
    ],
    "location": [
      1.3763326733251233,
      -6.952857184649474,
      0.5429574685203988
    ],
    "rotation": [
      -0.012455185572215349,
      0.06062835715692502,
      0.1916834184030191
    ]
  },
  {
    "label_id": "xorJBF-QFIwO5KT13E4lzA",
    "size": [
      2.221166940019914,
      4.981518724498063,
      1.6500000000000057
    ],
    "obj_class": "vehicle",
    "point_num_in_lidar": 64,
    "speed": 0.043970675869665236,
    "if_vehicle": true,
    "motion_state": false,
    "pose": [
      [
        -0.988854725035752,
        0.1374971172724415,
        0.05710407617881286,
        -25.294358807920617
      ],
      [
        -0.1363362287124931,
        -0.9903774321271761,
        0.023769195897955737,
        -1.272052752388845
      ],
      [
        0.05982278424582018,
        0.015718927283663683,
        0.998085241755497,
        3.0848060805704876
      ],
      [
        0.0,
        0.0,
        0.0,
        1.0
      ]
    ],
    "location": [
      -25.294358807920617,
      -1.272052752388845,
      3.0848060805704876
    ],
    "rotation": [
      0.015747781063211085,
      -0.05985852378521121,
      -3.0045835684571602
    ]
  },
  {
    "label_id": "xuEWpHZ1ATjBf4SmAni3Hg",
    "size": [
      0.9999999999992637,
      1.0,
      1.9699999999999989
    ],
    "obj_class": "pedestrian",
    "point_num_in_lidar": 59,
    "speed": 0.06635805505951392,
    "if_vehicle": false,
    "motion_state": false,
    "pose": [
      [
        0.5465575798492396,
        0.8354722834380003,
        0.05710407617881286,
        32.886363451912985
      ],
      [
        -0.8373448858587297,
        0.5461580059402182,
        0.023769195897955737,
        -38.34210039278514
      ],
      [
        -0.011329344004528516,
        -0.060807040334965416,
        0.998085241755497,
        1.9582088571200558
      ],
      [
        0.0,
        0.0,
        0.0,
        1.0
      ]
    ],
    "location": [
      32.886363451912985,
      -38.34210039278514,
      1.9582088571200558
    ],
    "rotation": [
      -0.06084848514735476,
      0.011329586379698765,
      -0.9925064766131846
    ]
  }
]