[
  {
    "label_id": "09Fy6aLIXmomFj8daA5KWg",
    "size": [
      1.9336777598640997,
      3.9037725122541556,
      2.0900000000000034
    ],
    "obj_class": "vehicle",
    "point_num_in_lidar": 472,
    "speed": 0.04126655937065628,
    "if_vehicle": true,
    "motion_state": false,
    "pose": [
      [
        -0.17873514509534774,
        -0.9825605612461159,
        0.05126881499959546,
        -5.501913684671308
      ],
      [
        0.9836908916671468,
        -0.1773877955762393,
        0.029762386189550072,
        8.127486847768523
      ],
      [
        -0.020148884803843702,
        0.05575225075564305,
        0.9982413079896271,
        1.0131316724348522
      ],
      [
        0.0,
        0.0,
        0.0,
        1.0
      ]
    ],
    "location": [
      -5.501913684671308,
      8.127486847768523,
      1.0131316724348522
    ],
    "rotation": [
      0.05579251197535577,
      0.020150248385481986,
      1.7505339579921473
    ]
  },
  {
    "label_id": "0qK7jFKlQ1FLGlWLoktfIA",
    "size": [
      0.6773045018859167,
      0.6168086755166287,
      1.740000000000009
    ],
    "obj_class": "pedestrian",
    "point_num_in_lidar": 222,
    "speed": 0.028226360270189182,
    "if_vehicle": false,
    "motion_state": false,
    "pose": [
      [
        0.05223699967216916,
        0.997317805152293,
        0.05126881499959546,
        17.100572289840784
      ],
      [
        -0.9982674752734184,
        0.0507567550138807,
        0.029762386189550072,
        -12.880034857827923
      ],
      [
        0.02708031898787056,
        -0.05273468826753261,
        0.9982413079896271,
        -0.15580754991724177
      ],
      [
        0.0,
        0.0,
        0.0,
        1.0
      ]
    ],
    "location": [
      17.100572289840784,
      -12.880034857827923,
      -0.15580754991724177
    ],
    "rotation": [
      -0.052778534905257427,
      -0.02708362994406575,
      -1.5185163507632358
    ]
  },
  {
    "label_id": "Bs_gMVBq-pujfRXM-c_2tQ",
    "size": [
      1.1211735147851711,
      0.18414095257569446,
      0.907077905995493
    ],
    "obj_class": "sign",
    "point_num_in_lidar": 75,
    "speed": 0.02297744030342632,
    "if_vehicle": false,
    "motion_state": false,
    "pose": [
      [
        -0.1723508546628224,
        -0.9837005090501539,
        0.05126881499959546,
        26.030416040784075
      ],
      [
        0.9848220662611853,
        -0.17099619344697048,
        0.029762386189550072,
        -8.866469573677023
      ],
      [
        -0.020510502237739914,
        0.05562023301923798,
        0.9982413079896271,
        1.4965394991421306
      ],
      [
        0.0,
        0.0,
        0.0,
        1.0
      ]
    ],
    "location": [
      26.030416040784075,
      -8.866469573677023,
      1.4965394991421306
    ],
    "rotation": [
      0.05566067192376972,
      0.020511940572122443,
      1.7440488830807912
    ]
  },
  {
    "label_id": "Iyu9vNNsCr-uctIcYvC4Tg",
    "size": [
      2.469323998338614,
      5.5369510550363685,
      2.509999999999991
    ],
    "obj_class": "vehicle",
    "point_num_in_lidar": 911,
    "speed": 0.031025412693449838,
    "if_vehicle": true,
    "motion_state": false,
    "pose": [
      [
        -0.9888841522594786,
        0.13956948813615958,
        0.05126881499959546,
        -8.103501251528542
      ],
      [
        -0.1381783080892836,
        -0.9899600777515662,
        0.029762386189550072,
        1.309827845017935
      ],
      [
        0.05490800108941639,
        0.022347313921885853,
        0.9982413079896271,
        1.714959561574588
      ],
      [
        0.0,
        0.0,
        0.0,
        1.0
      ]
    ],
    "location": [
      -8.103501251528542,
      1.309827845017935,
      1.714959561574588
    ],
    "rotation": [
      0.022382946532638837,
      -0.05493562883935733,
      -3.002760018549537
    ]
  },
  {
    "label_id": "NrKoxQ7n6G2lJ-Min5o00g",
    "size": [
      2.0863388635918416,
      4.134274428548164,
      2.0700000000000074
    ],
    "obj_class": "vehicle",
    "point_num_in_lidar": 426,
    "speed": 0.040730743106474794,
    "if_vehicle": true,
    "motion_state": false,
    "pose": [
      [
        0.9887993409641895,
        -0.14016908331483668,
        0.05126881499959546,
        -4.190382859257625
      ],
      [
        0.13877855592302618,
        0.9898761098158817,
        0.029762386189550072,
        -7.611218160465796
      ],
      [
        -0.05492154153612106,
        -0.02231401574022017,
        0.9982413079896271,
        1.220295760906211
      ],
      [
        0.0,
        0.0,
        0.0,
        1.0
      ]
    ],
    "location": [
      -4.190382859257625,
      -7.611218160465796,
      1.220295760906211
    ],
    "rotation": [
      -0.022349606370548218,
      0.054949189748857874,
      0.1394397605962962
    ]
  },
  {
    "label_id": "O_SVTU6XGhIZOX6avoLTog",
    "size": [
      2.374128773743209,
      4.414826336950519,
      2.399074866694292
    ],
    "obj_class": "vehicle",
    "point_num_in_lidar": 1596,
    "speed": 0.029283711101839124,
    "if_vehicle": true,
    "motion_state": false,
    "pose": [
      [
        0.003850078182762363,
        0.9986774682080917,
        0.05126881499959546,
        17.22605692860725
      ],
      [
        -0.9995542967541754,
        0.0023255555400566686,
        0.029762386189550072,
        -15.07888646322317
      ],
      [
        0.02960379601085689,
        -0.051360551836075886,
        0.9982413079896271,
        0.25944713808036113
      ],
      [
        0.0,
        0.0,
        0.0,
        1.0
      ]
    ],
    "location": [
      17.22605692860725,
      -15.07888646322317,
      0.25944713808036113
    ],
    "rotation": [
      -0.051405709784378716,
      -0.02960812176954017,
      -1.5669445509032838
    ]
  },
  {
    "label_id": "QHtOD9Dp5rOGtaF_Zl2JJg",
    "size": [
      0.4565543314224031,
      0.06451841445347142,
      0.5300000000000011
    ],
    "obj_class": "sign",
    "point_num_in_lidar": 35,
    "speed": 0.030621190806195756,
    "if_vehicle": false,
    "motion_state": false,
    "pose": [
      [
        -0.9939395671730452,
        0.09724014302949574,
        0.05126881499959546,
        -2.997489337265506
      ],
      [
        -0.09580431361597655,
        -0.9949551416324636,
        0.029762386189550072,
        -9.606045873140829
      ],
      [
        0.053904269779222004,
        0.024670239616337696,
        0.9982413079896271,
        3.0974544268700726
      ],
      [
        0.0,
        0.0,
        0.0,
        1.0
      ]
    ],
    "location": [
      -2.997489337265506,
      -9.606045873140829,
      3.0974544268700726
    ],
    "rotation": [
      0.02470867381280332,
      -0.05393040864420932,
      -3.0455010377262024
    ]
  },
  {
    "label_id": "TsyxofNgJJEHB26jWuY9bw",
    "size": [
      1.861370796822584,
      4.107063838046848,
      1.6500000000000057
    ],
    "obj_class": "vehicle",
    "point_num_in_lidar": 81,
    "speed": 2.8421709430404007e-13,
    "if_vehicle": true,
    "motion_state": false,
    "pose": [
      [
        0.2529850141295584,
        0.9661108069131636,
        0.05126881499959546,
        19.60626095146563
      ],
      [
        -0.9673403867831996,
        0.25172758384101257,
        0.029762386189550072,
        -40.81217244704203
      ],
      [
        0.015847988011007397,
        -0.05712383302231767,
        0.9982413079896271,
        2.070537228535869
      ],
      [
        0.0,
        0.0,
        0.0,
        1.0
      ]
    ],
    "location": [
      19.60626095146563,
      -40.81217244704203,
      2.070537228535869
    ],
    "rotation": [
      -0.05716213249709265,
      -0.01584865147940407,
      -1.3149990852073126
    ]
  },
  {
    "label_id": "XSC6PBs85X20Ym43cKECTA",
    "size": [
      0.4160202994225882,
      0.052233671233413596,
      0.5400000000000063
    ],
    "obj_class": "sign",
    "point_num_in_lidar": 22,
    "speed": 0.05328009165900277,
    "if_vehicle": false,
    "motion_state": false,
    "pose": [
      [
        -0.1660516093561817,
        -0.9847834135680593,
        0.05126881499959546,
        15.540938534799352
      ],
      [
        0.9858962779329618,
        -0.16468979788146124,
        0.029762386189550072,
        -29.260603369839373
      ],
      [
        -0.020866053487770587,
        0.05548782600718974,
        0.9982413079896271,
        2.4937996593044005
      ],
      [
        0.0,
        0.0,
        0.0,
        1.0
      ]
    ],
    "location": [
      15.540938534799352,
      -29.260603369839373,
      2.4937996593044005
    ],
    "rotation": [
      0.05552844117490726,
      0.020867567937291154,
      1.7376573266837945
    ]
  },
  {
    "label_id": "YA4_a4ENJ6Uo5vwvTlJ7QQ",
    "size": [
      1.875544934665702,
      3.891468938046787,
      1.4399999999999977
    ],
    "obj_class": "vehicle",
    "point_num_in_lidar": 74,
    "speed": 0.04762381061357058,
    "if_vehicle": true,
    "motion_state": false,
    "pose": [
      [
        0.17268593030548876,
        0.9836417427514274,
        0.05126881499959546,
        18.466167383856373
      ],
      [
        -0.9847637613462946,
        0.17133165121308505,
        0.029762386189550072,
        -35.76888922426588
      ],
      [
        0.02049155469031118,
        -0.05562721644602263,
        0.9982413079896271,
        1.5890432163471644
      ],
      [
        0.0,
        0.0,
        0.0,
        1.0
      ]
    ],
    "location": [
      18.466167383856373,
      -35.76888922426588,
      1.5890432163471644
    ],
    "rotation": [
      -0.05566764600000779,
      -0.020492989041684964,
      -1.397203588738002
    ]
  },
  {
    "label_id": "dYgqU5miR81hSV4x_GFo4w",
    "size": [
      1.9903215667477552,
      4.4729038727806865,
      1.5100000000000051
    ],
    "obj_class": "vehicle",
    "point_num_in_lidar": 160,
    "speed": 0.030592393050359955,
    "if_vehicle": true,
    "motion_state": false,
    "pose": [
      [
        0.9817868069530448,
        -0.18293762407302155,
        0.05126881499959546,
        -11.986249816418422
      ],
      [
        0.18159512327029448,
        0.9829228919771635,
        0.029762386189550072,
        -8.80379382839783
      ],
      [
        -0.05583795212390454,
        -0.019910151324568307,
        0.9982413079896271,
        1.7769998411424837
      ],
      [
        0.0,
        0.0,
        0.0,
        1.0
      ]
    ],
    "location": [
      -11.986249816418422,
      -8.80379382839783,
      1.7769998411424837
    ],
    "rotation": [
      -0.01994258465213281,
      0.05586700888714988,
      0.18289686703501773
    ]
  },
  {
    "label_id": "hZZVqo78R8-bZa4kLwPQzw",
    "size": [
      2.338015764453377,
      5.7785313826431315,
      2.3799999999999955
    ],
    "obj_class": "vehicle",
    "point_num_in_lidar": 108,
    "speed": 0.04212192977789003,
    "if_vehicle": true,
    "motion_state": false,
    "pose": [
      [
        0.990908263052041,
        -0.12438779210085016,
        0.05126881499959546,
        -31.092536232681596
      ],
      [
        0.12298027552896955,
        0.9919627272227132,
        0.029762386189550072,
        -12.645836197511017
      ],
      [
        -0.054558831054246415,
        -0.023186741408677103,
        0.9982413079896271,
        4.128070376100041
      ],
      [
        0.0,
        0.0,
        0.0,
        1.0
      ]
    ],
    "location": [
      -31.092536232681596,
      -12.645836197511017,
      4.128070376100041
    ],
    "rotation": [
      -0.023223415682235068,
      0.05458593461182453,
      0.12347725035457852
    ]
  },
  {
    "label_id": "lCDK9nN_wov3Wy9imp2MIQ",
    "size": [
      2.237201155328218,
      4.816105688615463,
      1.6500000000000057
    ],
    "obj_class": "vehicle",
    "point_num_in_lidar": 1220,
    "speed": 0.029243397207900805,
    "if_vehicle": true,
    "motion_state": false,
    "pose": [
      [
        0.9806382928170656,
        -0.1889974795317873,
        0.05126881499959546,
        7.0750579802288485
      ],
      [
        0.18766202059442894,
        0.9817826472263198,
        0.029762386189550072,
        -5.853089307864138
      ],
      [
        -0.055959848885135915,
        -0.019564926166776547,
        0.9982413079896271,
        -0.15503212664754074
      ],
      [
        0.0,
        0.0,
        0.0,
        1.0
      ]
    ],
    "location": [
      7.0750579802288485,
      -5.853089307864138,
      -0.15503212664754074
    ],
    "rotation": [
      -0.01959688643215083,
      0.05598909654055031,
      0.18908119476276392
    ]
  },
  {
    "label_id": "nME1CQ_WrQsHRA39DFgYFw",
    "size": [
      2.1980657499468097,
      4.699929525608226,
      1.5300000000000011
    ],
    "obj_class": "vehicle",
    "point_num_in_lidar": 180,
    "speed": 0.07183922516109027,
    "if_vehicle": true,
    "motion_state": false,
    "pose": [
      [
        0.15842786089021504,
        0.9860386004119148,
        0.05126881499959546,
        17.614721008624656
      ],
      [
        -0.9871408958145041,
        0.15705748049310614,
        0.029762386189550072,
        -30.711445100625497
      ],
      [
        0.021294710711559233,
        -0.055324735145047634,
        0.9982413079896271,
        1.095436341359374
      ],
      [
        0.0,
        0.0,
        0.0,
        1.0
      ]
    ],
    "location": [
      17.614721008624656,
      -30.711445100625497,
      1.095436341359374
    ],
    "rotation": [
      -0.0553655647517192,
      -0.02129632044000993,
      -1.411661733619956
    ]
  },
  {
    "label_id": "p6E6I2ch5b1NXoAK_gInzA",
    "size": [
      1.9601609960806659,
      3.948561555880508,
      1.8900000000000006
    ],
    "obj_class": "vehicle",
    "point_num_in_lidar": 88,
    "speed": 0.05249336871293471,
    "if_vehicle": true,
    "motion_state": false,
    "pose": [
      [
        0.9860194574072558,
        -0.15854695904632876,
        0.05126881499959546,
        -19.749755964214273
      ],
      [
        0.15717671180068118,
        0.9871219183240891,
        0.029762386189550072,
        -10.314988921671102
      ],
      [
        -0.05532730683691912,
        -0.021288028122211512,
        0.9982413079896271,
        2.8259795227654934
      ],
      [
        0.0,
        0.0,
        0.0,
        1.0
      ]
    ],
    "location": [
      -19.749755964214273,
      -10.314988921671102,
      2.8259795227654934
    ],
    "rotation": [
      -0.02132230125181205,
      0.055355572961009326,
      0.15807533731281942
    ]
  },
  {
    "label_id": "piLHcIoCY1ZiZ-XhOTURgA",
    "size": [
      0.549926197247028,
      0.10884251341522641,
      0.46999999999999886
    ],
    "obj_class": "sign",
    "point_num_in_lidar": 152,
    "speed": 0.04367986603304888,
    "if_vehicle": false,
    "motion_state": false,
    "pose": [
      [
        -0.12795380937328543,
        -0.9904541035683593,
        0.05126881499959546,
        26.023602354480317
      ],
      [
        0.9915136273330288,
        -0.12655009751558438,
        0.029762386189550072,
        -8.853093608764539
      ],
      [
        -0.02299020399571888,
        0.054641939418306675,
        0.9982413079896271,
        0.7815357069734006
      ],
      [
        0.0,
        0.0,
        0.0,
        1.0
      ]
    ],
    "location": [
      26.023602354480317,
      -8.853093608764539,
      0.7815357069734006
    ],
    "rotation": [
      0.05468363496669925,
      0.02299222972096269,
      1.6991359897442488
    ]
  },
  {
    "label_id": "rh8PTn6-dR7HEMBJILipSQ",
    "size": [
      2.101427913246693,
      4.331056376434909,
      1.730000000000004
    ],
    "obj_class": "vehicle",
    "point_num_in_lidar": 20,
    "speed": 0.11741280706738944,
    "if_vehicle": true,
    "motion_state": false,
    "pose": [
      [
        -0.1716643138027062,
        -0.9838205486648381,
        0.05126881499959546,
        28.28239572253824
      ],
      [
        0.9849411602200769,
        -0.17030887021125157,
        0.029762386189550072,
        -33.39250230444122
      ],
      [
        -0.02054931315092719,
        0.055605905731170274,
        0.9982413079896271,
        1.148717499050619
      ],
      [
        0.0,
        0.0,
        0.0,
        1.0
      ]
    ],
    "location": [
      28.28239572253824,
      -33.39250230444122,
      1.148717499050619
    ],
    "rotation": [
      0.055646363802437565,
      0.02055075966685426,
      1.7433519427457012
    ]
  },
  {
    "label_id": "tAQ-yybPWgA9b1quak4OeQ",
    "size": [
      2.2307320811279348,
      4.869049570328485,
      1.8700000000000045
    ],
    "obj_class": "vehicle",
    "point_num_in_lidar": 51,
    "speed": 1.9895196601282805e-12,
    "if_vehicle": true,
    "motion_state": false,
    "pose": [
      [
        0.1870841129964453,
        0.9810051188820935,
        0.05126881499959546,
        20.67208752409624
      ],
      [
        -0.9821468659309326,
        0.18574642421955534,
        0.029762386189550072,
        -49.904653102257726
      ],
      [
        0.019674054141945594,
        -0.05592157559277509,
        0.9982413079896271,
        3.0030970697794004
      ],
      [
        0.0,
        0.0,
        0.0,
        1.0
      ]
    ],
    "location": [
      20.67208752409624,
      -49.904653102257726,
      3.0030970697794004
    ],
    "rotation": [
      -0.055961606072758484,
      -0.01967532356386422,
      -1.382566450850505
    ]
  },
  {
    "label_id": "tFWoxavc3LDUVSsjgbE3rQ",
    "size": [
      2.0655712856238937,
      3.69233137434314,
      1.730000000000004
    ],
    "obj_class": "vehicle",
    "point_num_in_lidar": 290,
    "speed": 0.03817447291504358,
    "if_vehicle": true,
    "motion_state": false,
    "pose": [
      [
        0.9801920253092322,
        -0.19129846347716084,
        0.05126881499959546,
        1.4242752113532333
      ],
      [
        0.18996569395499727,
        0.9813395108159563,
        0.029762386189550072,
        -6.963666958854446
      ],
      [
        -0.05600561257929156,
        -0.01943353757752209,
        0.9982413079896271,
        0.5668165538389189
      ],
      [
        0.0,
        0.0,
        0.0,
        1.0
      ]
    ],
    "location": [
      1.4242752113532333,
      -6.963666958854446,
      0.5668165538389189
    ],
    "rotation": [
      -0.019465316565847768,
      0.05603493211693911,
      0.1914313803314884
    ]
  },
  {
    "label_id": "xorJBF-QFIwO5KT13E4lzA",
    "size": [
      2.221166940019915,
      4.981518724498063,
      1.6500000000000057
    ],
    "obj_class": "vehicle",
    "point_num_in_lidar": 101,
    "speed": 0.043970674763536194,
    "if_vehicle": true,
    "motion_state": false,
    "pose": [
      [
        -0.9891683662179503,
        0.13754072808535023,
        0.05126881499959546,
        -25.261900496248018
      ],
      [
        -0.13614734395377953,
        -0.9902414357633372,
        0.029762386189550072,
        -1.258492597275108
      ],
      [
        0.05486204524115241,
        0.022459897932012324,
        0.9982413079896271,
        3.0848060805704023
      ],
      [
        0.0,
        0.0,
        0.0,
        1.0
      ]
    ],
    "location": [
      -25.261900496248018,
      -1.258492597275108,
      3.0848060805704023
    ],
    "rotation": [
      0.02249567211314397,
      -0.05488960361640132,
      -3.0048138673854847
    ]
  },
  {
    "label_id": "xyEDDo36GemHFXeqNCTeqA",
    "size": [
      2.7034535338264787,
      6.067333655102615,
      2.200000000000003
    ],
    "obj_class": "vehicle",
    "point_num_in_lidar": 109,
    "speed": 0.05477490638878903,
    "if_vehicle": true,
    "motion_state": false,
    "pose": [
      [
        0.23067995392483656,
        0.9716780678114395,
        0.05126881499959546,
        23.48813240168238
      ],
      [
        -0.9728783782511824,
        0.22939455420661883,
        0.029762386189550072,
        -64.58223483329675
      ],
      [
        0.017158670944586077,
        -0.05674390746656492,
        0.9982413079896271,
        4.329864357177826
      ],
      [
        0.0,
        0.0,
        0.0,
        1.0
      ]
    ],
    "location": [
      23.48813240168238,
      -64.58223483329675,
      4.329864357177826
    ],
    "rotation": [
      -0.05678277161858394,
      -0.01715951303210878,
      -1.3379849934419699
    ]
  }
]