[
  {
    "label_id": "09Fy6aLIXmomFj8daA5KWg",
    "size": [
      1.9336777598640966,
      3.9037725122541556,
      2.0900000000000034
    ],
    "obj_class": "vehicle",
    "point_num_in_lidar": 55,
    "speed": 0.04126655902489109,
    "if_vehicle": true,
    "motion_state": false,
    "pose": [
      [
        -0.17839402736817112,
        -0.9806853350543794,
        0.08019878184014914,
        -5.650139720094558
      ],
      [
        0.98379059758539,
        -0.17626154099974842,
        0.03298377278261461,
        8.137226355200255
      ],
      [
        -0.0182107413892286,
        0.08478291557662793,
        0.9962330179854415,
        1.0131316724348949
      ],
      [
        0.0,
        0.0,
        0.0,
        1.0
      ]
    ],
    "location": [
      -5.650139720094558,
      8.137226355200255,
      1.0131316724348949
    ],
    "rotation": [
      0.08489893013601293,
      0.018211748080840806,
      1.7501804522571232
    ]
  },
  {
    "label_id": "9Kvl3KQLW0Ne6TqSc8o_YQ",
    "size": [
      2.274271798862678,
      5.048156107748634,
      2.0400000000000063
    ],
    "obj_class": "vehicle",
    "point_num_in_lidar": 1723,
    "speed": 0.04194633100049683,
    "if_vehicle": true,
    "motion_state": false,
    "pose": [
      [
        0.989094233352498,
        -0.1235344200625489,
        0.08019878184014914,
        32.37416173221936
      ],
      [
        0.12123240629597128,
        0.9920759922489372,
        0.03298377278261461,
        -1.6738404033603729
      ],
      [
        -0.08363791731339718,
        -0.02290136814900626,
        0.9962330179854415,
        -1.5581308103690787
      ],
      [
        0.0,
        0.0,
        0.0,
        1.0
      ]
    ],
    "location": [
      32.37416173221936,
      -1.6738404033603729,
      -1.5581308103690787
    ],
    "rotation": [
      -0.022983915374447304,
      0.08373573762521229,
      0.12196079749712399
    ]
  },
  {
    "label_id": "B2KyO7UNNfZ-hmKNJ9xJ1w",
    "size": [
      1.9583939616463988,
      4.050934618702623,
      1.9100000000000108
    ],
    "obj_class": "vehicle",
    "point_num_in_lidar": 2528,
    "speed": 0.05708479403876974,
    "if_vehicle": true,
    "motion_state": false,
    "pose": [
      [
        0.987713680217307,
        -0.13412621407815664,
        0.08019878184014914,
        37.335390060824466
      ],
      [
        0.13185628426603926,
        0.9907199357197665,
        0.03298377278261461,
        -0.8683792295014428
      ],
      [
        -0.08387852055882236,
        -0.022003810226462948,
        0.9962330179854415,
        -2.063194124525907
      ],
      [
        0.0,
        0.0,
        0.0,
        1.0
      ]
    ],
    "location": [
      37.335390060824466,
      -0.8683792295014428,
      -2.063194124525907
    ],
    "rotation": [
      -0.022083421039097148,
      0.0839771893066905,
      0.1327118106026309
    ]
  },
  {
    "label_id": "FzZ5zhuuLZ9Dpcj0lJaO-A",
    "size": [
      2.083638878186722,
      4.39647326286623,
      1.740000000000009
    ],
    "obj_class": "vehicle",
    "point_num_in_lidar": 4674,
    "speed": 0.03096046359869268,
    "if_vehicle": true,
    "motion_state": false,
    "pose": [
      [
        0.9875844469450175,
        -0.13507448146729994,
        0.08019878184014914,
        47.184296263930264
      ],
      [
        0.13280743908437173,
        0.9905928804796023,
        0.03298377278261461,
        0.4907696994541766
      ],
      [
        -0.08389960831943546,
        -0.021923266167802144,
        0.9962330179854415,
        -3.000938752067981
      ],
      [
        0.0,
        0.0,
        0.0,
        1.0
      ]
    ],
    "location": [
      47.184296263930264,
      0.4907696994541766,
      -3.000938752067981
    ],
    "rotation": [
      -0.022002611702746148,
      0.08399835166249252,
      0.1336750986149298
    ]
  },
  {
    "label_id": "Iyu9vNNsCr-uctIcYvC4Tg",
    "size": [
      2.4693239983386137,
      5.5369510550363685,
      2.509999999999991
    ],
    "obj_class": "vehicle",
    "point_num_in_lidar": 197,
    "speed": 0.031025412433730734,
    "if_vehicle": true,
    "motion_state": false,
    "pose": [
      [
        -0.9869968574340503,
        0.13930311843840815,
        0.08019878184014914,
        -8.21136419794857
      ],
      [
        -0.13704898212790884,
        -0.9900149732356218,
        0.03298377278261461,
        1.2808756291269674
      ],
      [
        0.08399273726348683,
        0.02156371866366872,
        0.9962330179854415,
        1.7149595615746307
      ],
      [
        0.0,
        0.0,
        0.0,
        1.0
      ]
    ],
    "location": [
      -8.21136419794857,
      1.2808756291269674,
      1.7149595615746307
    ],
    "rotation": [
      0.02164187651260335,
      -0.08409181048907602,
      -3.0036203413419056
    ]
  },
  {
    "label_id": "LFeFZPKcfRmErZ5L-xFg2A",
    "size": [
      0.5078832346659904,
      0.08415729957510834,
      0.5799999999999983
    ],
    "obj_class": "sign",
    "point_num_in_lidar": 57,
    "speed": 0.02867759126658629,
    "if_vehicle": false,
    "motion_state": false,
    "pose": [
      [
        0.9794926553074031,
        -0.18483044551753072,
        0.08019878184014914,
        27.057294872988678
      ],
      [
        0.18271839772292137,
        0.9826118551425039,
        0.03298377278261461,
        9.231345739890457
      ],
      [
        -0.08490067922237755,
        -0.017653570267737062,
        0.9962330179854415,
        0.7214400941199699
      ],
      [
        0.0,
        0.0,
        0.0,
        1.0
      ]
    ],
    "location": [
      27.057294872988678,
      9.231345739890457,
      0.7214400941199699
    ],
    "rotation": [
      -0.017718467967778706,
      0.08500300727759641,
      0.1844241791395018
    ]
  },
  {
    "label_id": "MmOQZhghLuOnDZrVD6Hhng",
    "size": [
      2.1302073500127134,
      4.834299078295855,
      1.6600000000000108
    ],
    "obj_class": "vehicle",
    "point_num_in_lidar": 4082,
    "speed": 9.149093004367181,
    "if_vehicle": true,
    "motion_state": true,
    "pose": [
      [
        0.9840346082409284,
        -0.15888374736101515,
        0.08019878184014914,
        50.23698802487252
      ],
      [
        0.1566900151605036,
        0.9870969100762225,
        0.03298377278261461,
        4.370938999256396
      ],
      [
        -0.08440455516809432,
        -0.019890825586061072,
        0.9962330179854415,
        -3.26354582309267
      ],
      [
        0.0,
        0.0,
        0.0,
        1.0
      ]
    ],
    "location": [
      50.23698802487252,
      4.370938999256396,
      -3.26354582309267
    ],
    "rotation": [
      -0.019963384819197426,
      0.08450509597793278,
      0.15790655713698915
    ]
  },
  {
    "label_id": "OKDjxhhCfxKNlcHv33W2cA",
    "size": [
      1.2014566070085424,
      0.10180897353312321,
      1.1099999999999994
    ],
    "obj_class": "sign",
    "point_num_in_lidar": 32,
    "speed": 0.022315911267254553,
    "if_vehicle": false,
    "motion_state": false,
    "pose": [
      [
        0.993595452641024,
        -0.07960045152155157,
        0.08019878184014914,
        -8.10960642754344
      ],
      [
        0.07716861789631864,
        0.9964723152928017,
        0.03298377278261461,
        2.945178196523557
      ],
      [
        -0.08254138903029609,
        -0.02658369749617796,
        0.9962330179854415,
        5.1228374818812625
      ],
      [
        0.0,
        0.0,
        0.0,
        1.0
      ]
    ],
    "location": [
      -8.10960642754344,
      2.945178196523557,
      5.1228374818812625
    ],
    "rotation": [
      -0.026677885688397483,
      0.08263540441719693,
      0.0775104356058503
    ]
  },
  {
    "label_id": "O_SVTU6XGhIZOX6avoLTog",
    "size": [
      2.3741287737432057,
      4.414826336950519,
      2.399074866694292
    ],
    "obj_class": "vehicle",
    "point_num_in_lidar": 133,
    "speed": 0.024319741075724384,
    "if_vehicle": true,
    "motion_state": false,
    "pose": [
      [
        0.0038427302718703877,
        0.9967714827458769,
        0.08019878184014914,
        17.19291041950055
      ],
      [
        -0.999455167845156,
        0.0011992500306137672,
        0.03298377278261461,
        -15.158838594734334
      ],
      [
        0.032781105711502875,
        -0.08028183470717554,
        0.9962330179854415,
        0.31138337481590384
      ],
      [
        0.0,
        0.0,
        0.0,
        1.0
      ]
    ],
    "location": [
      17.19291041950055,
      -15.158838594734334,
      0.31138337481590384
    ],
    "rotation": [
      -0.08041163430929163,
      -0.03278697965331541,
      -1.5669515206841436
    ]
  },
  {
    "label_id": "ZiOP4AUb0V-KJdXJsCwDHA",
    "size": [
      2.082464623104375,
      4.481670429813358,
      1.5400000000000063
    ],
    "obj_class": "vehicle",
    "point_num_in_lidar": 183,
    "speed": 9.200979281022189,
    "if_vehicle": true,
    "motion_state": true,
    "pose": [
      [
        0.983921478238526,
        -0.15958283132050816,
        0.08019878184014914,
        15.5137074707809
      ],
      [
        0.15739127533787448,
        0.9869853378751592,
        0.03298377278261461,
        -1.2805281242781348
      ],
      [
        -0.08441866563995773,
        -0.01983085391978879,
        0.9962330179854415,
        -0.4861496040375357
      ],
      [
        0.0,
        0.0,
        0.0,
        1.0
      ]
    ],
    "location": [
      15.5137074707809,
      -1.2805281242781348,
      -0.4861496040375357
    ],
    "rotation": [
      -0.01990321030238791,
      0.08451925699086169,
      0.1586194272503341
    ]
  },
  {
    "label_id": "cc_1drMpTZlbHP7hRBQ9bQ",
    "size": [
      1.9850184195411633,
      4.150645099184738,
      1.7199999999999989
    ],
    "obj_class": "vehicle",
    "point_num_in_lidar": 4005,
    "speed": 0.05071446770291704,
    "if_vehicle": true,
    "motion_state": false,
    "pose": [
      [
        0.9819092771337977,
        -0.17152937611365313,
        0.08019878184014914,
        42.56709935454364
      ],
      [
        0.1693752193693266,
        0.9849995460895489,
        0.03298377278261461,
        -0.21038668476830935
      ],
      [
        -0.08465344967675803,
        -0.01880338622279451,
        0.9962330179854415,
        -2.6299387866805404
      ],
      [
        0.0,
        0.0,
        0.0,
        1.0
      ]
    ],
    "location": [
      42.56709935454364,
      -0.21038668476830935,
      -2.6299387866805404
    ],
    "rotation": [
      -0.018872245229851124,
      0.08475488447546342,
      0.17081484303234462
    ]
  },
  {
    "label_id": "ii3r5BLd3-sWTAM08kxaIw",
    "size": [
      0.5384986154356204,
      0.08528275957052642,
      0.5100000000000051
    ],
    "obj_class": "sign",
    "point_num_in_lidar": 112,
    "speed": 0.06476298390284593,
    "if_vehicle": false,
    "motion_state": false,
    "pose": [
      [
        -0.9776279319632522,
        0.19445251872015182,
        0.08019878184014914,
        41.7155655466031
      ],
      [
        -0.19237124302494474,
        -0.980767748037252,
        0.03298377278261461,
        -2.4385286990782333
      ],
      [
        0.08507015635516652,
        0.01681791822213747,
        0.9962330179854415,
        -1.5902665471896142
      ],
      [
        0.0,
        0.0,
        0.0,
        1.0
      ]
    ],
    "location": [
      41.7155655466031,
      -2.4385286990782333,
      -1.5902665471896142
    ],
    "rotation": [
      0.016879907181642853,
      -0.08517309977204968,
      -2.94730144022716
    ]
  },
  {
    "label_id": "lCDK9nN_wov3Wy9imp2MIQ",
    "size": [
      2.237201155328217,
      4.816105688615463,
      1.6500000000000057
    ],
    "obj_class": "vehicle",
    "point_num_in_lidar": 94,
    "speed": 0.033293995231816545,
    "if_vehicle": true,
    "motion_state": false,
    "pose": [
      [
        0.9787667352929398,
        -0.188636776041568,
        0.08019878184014914,
        6.996844070212319
      ],
      [
        0.18653686993425314,
        0.9818941220356482,
        0.03298377278261461,
        -5.923542045331487
      ],
      [
        -0.08496866504266175,
        -0.01732338986708238,
        0.9962330179854415,
        -0.15503212664738442
      ],
      [
        0.0,
        0.0,
        0.0,
        1.0
      ]
    ],
    "location": [
      6.996844070212319,
      -5.923542045331487,
      -0.15503212664738442
    ],
    "rotation": [
      -0.017387141186568117,
      0.08507123965407695,
      0.18832513448994384
    ]
  },
  {
    "label_id": "t4SGOqIbagvhCbCowABS5Q",
    "size": [
      2.1206634162369378,
      4.459831394600824,
      1.8700000000000045
    ],
    "obj_class": "vehicle",
    "point_num_in_lidar": 5804,
    "speed": 0.06217441558009375,
    "if_vehicle": true,
    "motion_state": false,
    "pose": [
      [
        -0.9854729369743143,
        0.1497038606134636,
        0.08019878184014914,
        37.9061036632138
      ],
      [
        -0.14748167753334335,
        -0.9885146562014018,
        0.03298377278261461,
        8.98760857248999
      ],
      [
        0.08421546938164093,
        0.02067676455466084,
        0.9962330179854415,
        -2.3187160097554624
      ],
      [
        0.0,
        0.0,
        0.0,
        1.0
      ]
    ],
    "location": [
      37.9061036632138,
      8.98760857248999,
      -2.3187160097554624
    ],
    "rotation": [
      0.020751968652527705,
      -0.08431533455943446,
      -2.9930394116373096
    ]
  },
  {
    "label_id": "yHe2FilPe2YkdtabKad5Pw",
    "size": [
      2.0681051353178783,
      4.17943595267765,
      1.8200000000000074
    ],
    "obj_class": "vehicle",
    "point_num_in_lidar": 4550,
    "speed": 0.10607471279498572,
    "if_vehicle": true,
    "motion_state": false,
    "pose": [
      [
        -0.9813970242854934,
        0.17443633828688063,
        0.08019878184014914,
        43.0813908637374
      ],
      [
        -0.17229134215811645,
        -0.9844936587659565,
        0.03298377278261461,
        9.86032585544308
      ],
      [
        0.08470876070946694,
        0.01855262069588155,
        0.9962330179854415,
        -2.7857428366936574
      ],
      [
        0.0,
        0.0,
        0.0,
        1.0
      ]
    ],
    "location": [
      43.0813908637374,
      9.86032585544308,
      -2.7857428366936574
    ],
    "rotation": [
      0.01862061995225609,
      -0.08481039489581672,
      -2.9678063673646404
    ]
  }
]