[
  {
    "label_id": "09Fy6aLIXmomFj8daA5KWg",
    "size": [
      1.9336777598640995,
      3.9037725122541556,
      2.0900000000000034
    ],
    "obj_class": "vehicle",
    "point_num_in_lidar": 31,
    "speed": 0.04126655936928688,
    "if_vehicle": true,
    "motion_state": false,
    "pose": [
      [
        -0.17837056910386995,
        -0.9805563779579897,
        0.08181155006152524,
        -5.666613460768531
      ],
      [
        0.9838172234765526,
        -0.17629350777718888,
        0.03200421701121421,
        8.138308797422724
      ],
      [
        -0.016959093974862307,
        0.0861962224318568,
        0.9961338265363894,
        1.0131316724349517
      ],
      [
        0.0,
        0.0,
        0.0,
        1.0
      ]
    ],
    "location": [
      -5.666613460768531,
      8.138308797422724,
      1.0131316724349517
    ],
    "rotation": [
      0.08631576198508513,
      0.016959907016718925,
      1.7501526157185243
    ]
  },
  {
    "label_id": "9Kvl3KQLW0Ne6TqSc8o_YQ",
    "size": [
      2.2742717988626775,
      5.048156107748634,
      2.0400000000000063
    ],
    "obj_class": "vehicle",
    "point_num_in_lidar": 1141,
    "speed": 0.04396718996921947,
    "if_vehicle": true,
    "motion_state": false,
    "pose": [
      [
        0.988964170511921,
        -0.12351817566738262,
        0.08181155006152524,
        32.35982524826068
      ],
      [
        0.1212628415749445,
        0.9921043560768538,
        0.03200421701121421,
        -1.6840316940015327
      ],
      [
        -0.085118697692327,
        -0.021730322895267596,
        0.9961338265363894,
        -1.558130810369235
      ],
      [
        0.0,
        0.0,
        0.0,
        1.0
      ]
    ],
    "location": [
      32.35982524826068,
      -1.6840316940015327,
      -1.558130810369235
    ],
    "rotation": [
      -0.02181120276753959,
      0.08522181781485265,
      0.12200699764401446
    ]
  },
  {
    "label_id": "B2KyO7UNNfZ-hmKNJ9xJ1w",
    "size": [
      1.9583939616463977,
      4.050934618702623,
      1.9100000000000108
    ],
    "obj_class": "vehicle",
    "point_num_in_lidar": 1623,
    "speed": 0.05416041931753687,
    "if_vehicle": true,
    "motion_state": false,
    "pose": [
      [
        0.9875837989152083,
        -0.1341085768947521,
        0.08181155006152524,
        37.33582020195445
      ],
      [
        0.13188702173725975,
        0.9907479717823169,
        0.03200421701121421,
        -0.8915080225033307
      ],
      [
        -0.08534666728982838,
        -0.020816964535918372,
        0.9961338265363894,
        -2.0617656263104607
      ],
      [
        0.0,
        0.0,
        0.0,
        1.0
      ]
    ],
    "location": [
      37.33582020195445,
      -0.8915080225033307,
      -2.0617656263104607
    ],
    "rotation": [
      -0.020894717562859166,
      0.08545062000710238,
      0.13275963852955275
    ]
  },
  {
    "label_id": "FzZ5zhuuLZ9Dpcj0lJaO-A",
    "size": [
      2.0836388781867226,
      4.39647326286623,
      1.740000000000009
    ],
    "obj_class": "vehicle",
    "point_num_in_lidar": 2959,
    "speed": 0.04973005240278506,
    "if_vehicle": true,
    "motion_state": false,
    "pose": [
      [
        0.9874545826366956,
        -0.135056719589658,
        0.08181155006152524,
        47.20992166981523
      ],
      [
        0.13283820345956576,
        0.9906208870173967,
        0.03200421701121421,
        0.47496581851555675
      ],
      [
        -0.08536661485278643,
        -0.020735011419007424,
        0.9961338265363894,
        -3.0164949771777003
      ],
      [
        0.0,
        0.0,
        0.0,
        1.0
      ]
    ],
    "location": [
      47.20992166981523,
      0.47496581851555675,
      -3.0164949771777003
    ],
    "rotation": [
      -0.020812482143600097,
      0.08547064063610006,
      0.13372307162513977
    ]
  },
  {
    "label_id": "Iyu9vNNsCr-uctIcYvC4Tg",
    "size": [
      2.4693239983386146,
      5.5369510550363685,
      2.509999999999991
    ],
    "obj_class": "vehicle",
    "point_num_in_lidar": 158,
    "speed": 0.031025412692786716,
    "if_vehicle": true,
    "motion_state": false,
    "pose": [
      [
        -0.986867070391936,
        0.1392848005080523,
        0.08181155006152524,
        -8.223352012386385
      ],
      [
        -0.13707986617439433,
        -0.9900428477511006,
        0.03200421701121421,
        1.2776578995617456
      ],
      [
        0.08545464098366758,
        0.020369191548091088,
        0.9961338265363894,
        1.714959561574645
      ],
      [
        0.0,
        0.0,
        0.0,
        1.0
      ]
    ],
    "location": [
      -8.223352012386385,
      1.2776578995617456,
      1.714959561574645
    ],
    "rotation": [
      0.020445398722342006,
      -0.08555898960865765,
      -3.003571722686956
    ]
  },
  {
    "label_id": "LFeFZPKcfRmErZ5L-xFg2A",
    "size": [
      0.5078832346659901,
      0.08415729957510834,
      0.5799999999999983
    ],
    "obj_class": "sign",
    "point_num_in_lidar": 58,
    "speed": 0.02867759150567325,
    "if_vehicle": false,
    "motion_state": false,
    "pose": [
      [
        0.9793638550447173,
        -0.184806140884117,
        0.08181155006152524,
        27.050909743237753
      ],
      [
        0.18275053866612134,
        0.9826382705302807,
        0.03200421701121421,
        9.221813851108891
      ],
      [
        -0.08630573589971897,
        -0.01639266850693638,
        0.9961338265363894,
        0.7214024567674073
      ],
      [
        0.0,
        0.0,
        0.0,
        1.0
      ]
    ],
    "location": [
      27.050909743237753,
      9.221813851108891,
      0.7214024567674073
    ],
    "rotation": [
      -0.016454806118497815,
      0.08641324060552155,
      0.18447960129120275
    ]
  },
  {
    "label_id": "MmOQZhghLuOnDZrVD6Hhng",
    "size": [
      2.1302073500130354,
      4.834299078295855,
      1.6600000000000108
    ],
    "obj_class": "vehicle",
    "point_num_in_lidar": 5026,
    "speed": 9.51178987969273,
    "if_vehicle": true,
    "motion_state": true,
    "pose": [
      [
        0.9823425357782386,
        -0.16825579537510818,
        0.08181155006152524,
        46.654253476659505
      ],
      [
        0.16614523911649043,
        0.9855818025980507,
        0.03200421701121421,
        3.782866607489268
      ],
      [
        -0.08601686997155815,
        -0.01784650414693037,
        0.9961338265363894,
        -2.952540269816083
      ],
      [
        0.0,
        0.0,
        0.0,
        1.0
      ]
    ],
    "location": [
      46.654253476659505,
      3.782866607489268,
      -2.952540269816083
    ],
    "rotation": [
      -0.01791385315222131,
      0.0861232964319923,
      0.16754610159157415
    ]
  },
  {
    "label_id": "OKDjxhhCfxKNlcHv33W2cA",
    "size": [
      1.2014566070085422,
      0.10180897353312321,
      1.1099999999999994
    ],
    "obj_class": "sign",
    "point_num_in_lidar": 31,
    "speed": 0.020865164125559818,
    "if_vehicle": false,
    "motion_state": false,
    "pose": [
      [
        0.9934647979039956,
        -0.0795899843077231,
        0.08181155006152524,
        -8.117862257598972
      ],
      [
        0.07719776690355443,
        0.9965019994353265,
        0.03200421701121421,
        2.946120972159406
      ],
      [
        -0.08407258834291673,
        -0.025479394013453446,
        0.9961338265363894,
        5.122837481881177
      ],
      [
        0.0,
        0.0,
        0.0,
        1.0
      ]
    ],
    "location": [
      -8.117862257598972,
      2.946120972159406,
      5.122837481881177
    ],
    "rotation": [
      -0.0255727080996941,
      0.08417194500425917,
      0.07754975326241886
    ]
  },
  {
    "label_id": "O_SVTU6XGhIZOX6avoLTog",
    "size": [
      2.3741287737432097,
      4.414826336950519,
      2.399074866694292
    ],
    "obj_class": "vehicle",
    "point_num_in_lidar": 143,
    "speed": 0.024319741277996458,
    "if_vehicle": true,
    "motion_state": false,
    "pose": [
      [
        0.003842224964695235,
        0.9966404103706868,
        0.08181155006152524,
        17.183873320102066
      ],
      [
        -0.9994869818434771,
        0.00122605828403002,
        0.03200421701121421,
        -15.162443187033205
      ],
      [
        0.03179639024696678,
        -0.08189254665250642,
        0.9961338265363894,
        0.31138337481577594
      ],
      [
        0.0,
        0.0,
        0.0,
        1.0
      ]
    ],
    "location": [
      17.183873320102066,
      -15.162443187033205,
      0.31138337481577594
    ],
    "rotation": [
      -0.08202592609703734,
      -0.03180175043301069,
      -1.5669521486234446
    ]
  },
  {
    "label_id": "Wy-P21u6EgWsYfF5nrvMQA",
    "size": [
      0.5446120906396535,
      0.07840640907839838,
      0.5900000000000034
    ],
    "obj_class": "sign",
    "point_num_in_lidar": 21,
    "speed": 0.06852990923418945,
    "if_vehicle": false,
    "motion_state": false,
    "pose": [
      [
        -0.9782925595964242,
        0.19039574080006902,
        0.08181155006152524,
        41.68751657375651
      ],
      [
        -0.18835887050021952,
        -0.9815786601171504,
        0.03200421701121421,
        -2.457785069136662
      ],
      [
        0.08639793829807545,
        0.015899556214319113,
        0.9961338265363894,
        -2.1532704590360794
      ],
      [
        0.0,
        0.0,
        0.0,
        1.0
      ]
    ],
    "location": [
      41.68751657375651,
      -2.457785069136662,
      -2.1532704590360794
    ],
    "rotation": [
      0.015959910000345218,
      -0.08650578869844257,
      -2.951381908767587
    ]
  },
  {
    "label_id": "ZiOP4AUb0V-KJdXJsCwDHA",
    "size": [
      2.0824646231032613,
      4.481670429813358,
      1.5400000000000063
    ],
    "obj_class": "vehicle",
    "point_num_in_lidar": 100,
    "speed": 9.097045752552283,
    "if_vehicle": true,
    "motion_state": true,
    "pose": [
      [
        0.9844794607389401,
        -0.15526448937118856,
        0.08181155006152524,
        11.909425152597578
      ],
      [
        0.1531113269483266,
        0.9876905647284586,
        0.03200421701121421,
        -1.858111906574777
      ],
      [
        -0.08577361449354932,
        -0.018981219314952603,
        0.9961338265363894,
        -0.2875643889369428
      ],
      [
        0.0,
        0.0,
        0.0,
        1.0
      ]
    ],
    "location": [
      11.909425152597578,
      -1.858111906574777,
      -0.2875643889369428
    ],
    "rotation": [
      -0.019052583117250964,
      0.08587913858848809,
      0.1542890996437097
    ]
  },
  {
    "label_id": "cc_1drMpTZlbHP7hRBQ9bQ",
    "size": [
      1.9850184195411646,
      4.150645099184738,
      1.7199999999999989
    ],
    "obj_class": "vehicle",
    "point_num_in_lidar": 1650,
    "speed": 0.039898856092346835,
    "if_vehicle": true,
    "motion_state": false,
    "pose": [
      [
        0.9817801590927995,
        -0.17150682052981947,
        0.08181155006152524,
        42.579845120667414
      ],
      [
        0.16940699910584203,
        0.9850263949496237,
        0.03200421701121421,
        -0.21822942880316987
      ],
      [
        -0.0860754777254846,
        -0.017561656080790012,
        0.9961338265363894,
        -2.629367336293967
      ],
      [
        0.0,
        0.0,
        0.0,
        1.0
      ]
    ],
    "location": [
      42.579845120667414,
      -0.21822942880316987,
      -2.629367336293967
    ],
    "rotation": [
      -0.017627989838022058,
      0.0861821223624679,
      0.1708683068703108
    ]
  },
  {
    "label_id": "ii3r5BLd3-sWTAM08kxaIw",
    "size": [
      0.5384986154356223,
      0.08528275957052642,
      0.5100000000000051
    ],
    "obj_class": "sign",
    "point_num_in_lidar": 101,
    "speed": 0.06723729025704833,
    "if_vehicle": false,
    "motion_state": false,
    "pose": [
      [
        -0.9774993769059339,
        0.19442694881379274,
        0.08181155006152524,
        41.68941179072954
      ],
      [
        -0.1924036421476531,
        -0.9807938461174278,
        0.03200421701121421,
        -2.4577854587605543
      ],
      [
        0.0864627471043367,
        0.015543261985241672,
        0.9961338265363894,
        -1.5975052097563633
      ],
      [
        0.0,
        0.0,
        0.0,
        1.0
      ]
    ],
    "location": [
      41.68941179072954,
      -2.4577854587605543,
      -1.5975052097563633
    ],
    "rotation": [
      0.01560232200328063,
      -0.08657084093694048,
      -2.9472446176352594
    ]
  },
  {
    "label_id": "lCDK9nN_wov3Wy9imp2MIQ",
    "size": [
      2.237201155328218,
      4.816105688615463,
      1.6500000000000057
    ],
    "obj_class": "vehicle",
    "point_num_in_lidar": 78,
    "speed": 0.045150844787744795,
    "if_vehicle": true,
    "motion_state": false,
    "pose": [
      [
        0.9786380304864988,
        -0.1886119708874202,
        0.08181155006152524,
        6.988151429496611
      ],
      [
        0.18656911332303566,
        0.9819204122775711,
        0.03200421701121421,
        -5.931372114613623
      ],
      [
        -0.08636880941267383,
        -0.016057035548555268,
        0.9961338265363894,
        -0.15503212664738442
      ],
      [
        0.0,
        0.0,
        0.0,
        1.0
      ]
    ],
    "location": [
      6.988151429496611,
      -5.931372114613623,
      -0.15503212664738442
    ],
    "rotation": [
      -0.016117959874802988,
      0.08647655051984901,
      0.18838111229445223
    ]
  },
  {
    "label_id": "mSQB44z_TFy-Mct3gF5nuw",
    "size": [
      2.323402652302763,
      5.119367706464834,
      1.8800000000000097
    ],
    "obj_class": "vehicle",
    "point_num_in_lidar": 7474,
    "speed": 0.06902334280141403,
    "if_vehicle": true,
    "motion_state": false,
    "pose": [
      [
        -0.9894306888893675,
        0.11972377441612017,
        0.08181155006152524,
        48.61717646869329
      ],
      [
        -0.11745641171640361,
        -0.9925622002878236,
        0.03200421701121421,
        10.450233775018205
      ],
      [
        0.0850347177958401,
        0.022056663377586817,
        0.9961338265363894,
        -3.1998712071844295
      ],
      [
        0.0,
        0.0,
        0.0,
        1.0
      ]
    ],
    "location": [
      48.61717646869329,
      10.450233775018205,
      -3.1998712071844295
    ],
    "rotation": [
      0.02213865165753515,
      -0.08513753233327155,
      -3.023434517717631
    ]
  },
  {
    "label_id": "qLKA9xvBY4p2cl80R2SQkQ",
    "size": [
      2.0334710915218706,
      4.453978887619811,
      1.6800000000000068
    ],
    "obj_class": "vehicle",
    "point_num_in_lidar": 3902,
    "speed": 0.07725949601998987,
    "if_vehicle": true,
    "motion_state": false,
    "pose": [
      [
        0.9813836695890664,
        -0.17376122507748556,
        0.08181155006152524,
        52.180410938571185
      ],
      [
        0.171668864829432,
        0.9846347195491703,
        0.03200421701121421,
        1.328227724225144
      ],
      [
        -0.0861155846062271,
        -0.01736392000379194,
        0.9961338265363894,
        -3.541309627372854
      ],
      [
        0.0,
        0.0,
        0.0,
        1.0
      ]
    ],
    "location": [
      52.180410938571185,
      1.328227724225144,
      -3.541309627372854
    ],
    "rotation": [
      -0.017429547298106755,
      0.0862223787196506,
      0.1731732168922937
    ]
  },
  {
    "label_id": "t4SGOqIbagvhCbCowABS5Q",
    "size": [
      2.1206634162369387,
      4.459831394600824,
      1.8700000000000045
    ],
    "obj_class": "vehicle",
    "point_num_in_lidar": 3170,
    "speed": 0.013640078680726066,
    "if_vehicle": true,
    "motion_state": false,
    "pose": [
      [
        -0.98534335032304,
        0.14968417501759282,
        0.08181155006152524,
        37.89038894299301
      ],
      [
        -0.14751285381636503,
        -0.9885422034756284,
        0.03200421701121421,
        8.977335207046053
      ],
      [
        0.08566469478798447,
        0.019466887189579438,
        0.9961338265363894,
        -2.3005333365169918
      ],
      [
        0.0,
        0.0,
        0.0,
        1.0
      ]
    ],
    "location": [
      37.89038894299301,
      8.977335207046053,
      -2.3005333365169918
    ],
    "rotation": [
      0.019539954430253033,
      -0.08576981650540942,
      -2.9929892144067805
    ]
  },
  {
    "label_id": "yHe2FilPe2YkdtabKad5Pw",
    "size": [
      2.0681051353178783,
      4.17943595267765,
      1.8200000000000074
    ],
    "obj_class": "vehicle",
    "point_num_in_lidar": 5562,
    "speed": 0.08717839303510981,
    "if_vehicle": true,
    "motion_state": false,
    "pose": [
      [
        -0.9812679736041644,
        0.17441340044648887,
        0.08181155006152524,
        43.14286257021013
      ],
      [
        -0.17232320126244566,
        -0.9845204133994183,
        0.03200421701121421,
        9.872491613365128
      ],
      [
        0.08612710540497329,
        0.01730668496653723,
        0.9961338265363894,
        -2.7857428366937
      ],
      [
        0.0,
        0.0,
        0.0,
        1.0
      ]
    ],
    "location": [
      43.14286257021013,
      9.872491613365128,
      -2.7857428366937
    ],
    "rotation": [
      0.017372107517089546,
      -0.08623394248176175,
      -2.967752473369209
    ]
  }
]