[
  {
    "label_id": "09Fy6aLIXmomFj8daA5KWg",
    "size": [
      1.9336777598641068,
      3.9037725122541556,
      2.0900000000000034
    ],
    "obj_class": "vehicle",
    "point_num_in_lidar": 100,
    "speed": 0.04126655902525651,
    "if_vehicle": true,
    "motion_state": false,
    "pose": [
      [
        -0.1783453399966563,
        -0.9804176860083349,
        0.08351108108232724,
        -5.588364670105875
      ],
      [
        0.9837565354628883,
        -0.17590437256028657,
        0.03578729730263011,
        8.133167293937731
      ],
      [
        -0.020396534890318948,
        0.0885370695033096,
        0.9958640312252642,
        1.013131672434838
      ],
      [
        0.0,
        0.0,
        0.0,
        1.0
      ]
    ],
    "location": [
      -5.588364670105875,
      8.133167293937731,
      1.013131672434838
    ],
    "rotation": [
      0.08867164529021261,
      0.020397949378241395,
      1.7501386149181324
    ]
  },
  {
    "label_id": "0qK7jFKlQ1FLGlWLoktfIA",
    "size": [
      0.6773045018859147,
      0.6168086755166287,
      1.740000000000009
    ],
    "obj_class": "pedestrian",
    "point_num_in_lidar": 88,
    "speed": 0.006460749427235995,
    "if_vehicle": false,
    "motion_state": false,
    "pose": [
      [
        0.052123075525911854,
        0.9951427457074592,
        0.08351108108232724,
        17.081393212632065
      ],
      [
        -0.9981437986070261,
        0.04927703982698058,
        0.03578729730263011,
        -12.899482872784574
      ],
      [
        0.03149829043070044,
        -0.08522141169746673,
        0.9958640312252642,
        -0.15441111189696244
      ],
      [
        0.0,
        0.0,
        0.0,
        1.0
      ]
    ],
    "location": [
      17.081393212632065,
      -12.899482872784574,
      -0.15441111189696244
    ],
    "rotation": [
      -0.08536736831887504,
      -0.031503501221852644,
      -1.5186237096593513
    ]
  },
  {
    "label_id": "9Kvl3KQLW0Ne6TqSc8o_YQ",
    "size": [
      2.2742717988626775,
      5.048156107748634,
      2.0400000000000063
    ],
    "obj_class": "vehicle",
    "point_num_in_lidar": 7252,
    "speed": 0.0028128720272759967,
    "if_vehicle": true,
    "motion_state": false,
    "pose": [
      [
        0.9888242893464624,
        -0.12350070499768243,
        0.08351108108232724,
        32.40024567622913
      ],
      [
        0.12087768734080663,
        0.9920221036120674,
        0.03578729730263011,
        -1.6580965646626282
      ],
      [
        -0.0872645947770447,
        -0.025292722474341486,
        0.9958640312252642,
        -1.5581308103691782
      ],
      [
        0.0,
        0.0,
        0.0,
        1.0
      ]
    ],
    "location": [
      32.40024567622913,
      -1.6580965646626282,
      -1.5581308103691782
    ],
    "rotation": [
      -0.025392308043462215,
      0.08737573094867757,
      0.1216403318975648
    ]
  },
  {
    "label_id": "B2KyO7UNNfZ-hmKNJ9xJ1w",
    "size": [
      1.958393961646398,
      4.050934618702623,
      1.9100000000000108
    ],
    "obj_class": "vehicle",
    "point_num_in_lidar": 4049,
    "speed": 0.04271752330740723,
    "if_vehicle": true,
    "motion_state": false,
    "pose": [
      [
        0.987444112992402,
        -0.13408960829650146,
        0.08351108108232724,
        37.22553305987094
      ],
      [
        0.1315010082199974,
        0.9906698512566622,
        0.03578729730263011,
        -0.8229888267524075
      ],
      [
        -0.08753061495141232,
        -0.024356164681522987,
        0.9958640312252642,
        -2.0385091888696536
      ],
      [
        0.0,
        0.0,
        0.0,
        1.0
      ]
    ],
    "location": [
      37.22553305987094,
      -0.8229888267524075,
      -2.0385091888696536
    ],
    "rotation": [
      -0.024452444673000635,
      0.08764277295788225,
      0.13239410903930104
    ]
  },
  {
    "label_id": "Iyu9vNNsCr-uctIcYvC4Tg",
    "size": [
      2.469323998338614,
      5.5369510550363685,
      2.509999999999991
    ],
    "obj_class": "vehicle",
    "point_num_in_lidar": 307,
    "speed": 0.03102541243362672,
    "if_vehicle": true,
    "motion_state": false,
    "pose": [
      [
        -0.9867274858447146,
        0.13926509977388193,
        0.08351108108232724,
        -8.166410968997297
      ],
      [
        -0.1366934483640989,
        -0.9899667522326719,
        0.03578729730263011,
        1.2929418263993284
      ],
      [
        0.0876571152439992,
        0.023896892242844376,
        0.9958640312252642,
        1.7149595615746023
      ],
      [
        0.0,
        0.0,
        0.0,
        1.0
      ]
    ],
    "location": [
      -8.166410968997297,
      1.2929418263993284,
      1.7149595615746023
    ],
    "rotation": [
      0.02399153534050598,
      -0.08776976135965142,
      -3.0039366660521027
    ]
  },
  {
    "label_id": "NrKoxQ7n6G2lJ-Min5o00g",
    "size": [
      2.086338863591842,
      4.134274428548164,
      2.0700000000000074
    ],
    "obj_class": "vehicle",
    "point_num_in_lidar": 86,
    "speed": 0.040730743106684966,
    "if_vehicle": true,
    "motion_state": false,
    "pose": [
      [
        0.9866428595151486,
        -0.13986338728999592,
        0.08351108108232724,
        -4.2604626720894885
      ],
      [
        0.13729370051795795,
        0.9898836846568684,
        0.03578729730263011,
        -7.660220250318162
      ],
      [
        -0.08767158927415258,
        -0.023843735988937804,
        0.9958640312252642,
        1.2264702756940693
      ],
      [
        0.0,
        0.0,
        0.0,
        1.0
      ]
    ],
    "location": [
      -4.2604626720894885,
      -7.660220250318162,
      1.2264702756940693
    ],
    "rotation": [
      -0.023938188970260253,
      0.08778429132917501,
      0.1382645173133019
    ]
  },
  {
    "label_id": "O_SVTU6XGhIZOX6avoLTog",
    "size": [
      2.3741287737432075,
      4.414826336950519,
      2.399074866694292
    ],
    "obj_class": "vehicle",
    "point_num_in_lidar": 1010,
    "speed": 0.024235360103160963,
    "if_vehicle": true,
    "motion_state": false,
    "pose": [
      [
        0.0038416815123428114,
        0.9964994434617706,
        0.08351108108232724,
        17.222609778009428
      ],
      [
        -0.9993590649850304,
        0.000853571332095321,
        0.03578729730263011,
        -15.141189072888665
      ],
      [
        0.03559073918034767,
        -0.08359503930474785,
        0.9958640312252642,
        0.30686659662480054
      ],
      [
        0.0,
        0.0,
        0.0,
        1.0
      ]
    ],
    "location": [
      17.222609778009428,
      -15.141189072888665,
      0.30686659662480054
    ],
    "rotation": [
      -0.08374589049463703,
      -0.035598257269025886,
      -1.566952200370582
    ]
  },
  {
    "label_id": "ZiOP4AUb0V-KJdXJsCwDHA",
    "size": [
      2.0824646231035393,
      4.481670429813358,
      1.5400000000000063
    ],
    "obj_class": "vehicle",
    "point_num_in_lidar": 4084,
    "speed": 8.79517978086135,
    "if_vehicle": true,
    "motion_state": true,
    "pose": [
      [
        0.9835522715110382,
        -0.1601587604283262,
        0.08351108108232724,
        29.130163238140085
      ],
      [
        0.15765638064995674,
        0.9868453450222731,
        0.03578729730263011,
        0.9245727709803759
      ],
      [
        -0.08814417079894148,
        -0.022032622765637912,
        0.9958640312252642,
        -1.4549476964402999
      ],
      [
        0.0,
        0.0,
        0.0,
        1.0
      ]
    ],
    "location": [
      29.130163238140085,
      0.9245727709803759,
      -1.4549476964402999
    ],
    "rotation": [
      -0.02212051877513686,
      0.08825870951704995,
      0.15894077337160567
    ]
  },
  {
    "label_id": "dYgqU5miR81hSV4x_GFo4w",
    "size": [
      1.9903215667477543,
      4.4729038727806865,
      1.5100000000000051
    ],
    "obj_class": "vehicle",
    "point_num_in_lidar": 28,
    "speed": 0.030592392795059094,
    "if_vehicle": true,
    "motion_state": false,
    "pose": [
      [
        0.9796456192030168,
        -0.18253865374982525,
        0.08351108108232724,
        -12.050359102957373
      ],
      [
        0.1801119947056671,
        0.982994882344216,
        0.03578729730263011,
        -8.807687913989867
      ],
      [
        -0.08862353039392741,
        -0.02001752163187287,
        0.9958640312252642,
        1.7928012238785271
      ],
      [
        0.0,
        0.0,
        0.0,
        1.0
      ]
    ],
    "location": [
      -12.050359102957373,
      -8.807687913989867,
      1.7928012238785271
    ],
    "rotation": [
      -0.020097950846417145,
      0.08873995246601062,
      0.1818236895444999
    ]
  },
  {
    "label_id": "hZZVqo78R8-bZa4kLwPQzw",
    "size": [
      2.3380157644533766,
      5.7785313826431315,
      2.3799999999999955
    ],
    "obj_class": "vehicle",
    "point_num_in_lidar": 38,
    "speed": 0.042121929426562336,
    "if_vehicle": true,
    "motion_state": false,
    "pose": [
      [
        0.9887471822356946,
        -0.12411651363712639,
        0.08351108108232724,
        -31.173262290663843
      ],
      [
        0.1214954880644618,
        0.9919466294774892,
        0.03578729730263011,
        -12.681943513125589
      ],
      [
        -0.08728032997733362,
        -0.02523836981291841,
        0.9958640312252642,
        4.137359676496203
      ],
      [
        0.0,
        0.0,
        0.0,
        1.0
      ]
    ],
    "location": [
      -31.173262290663843,
      -12.681943513125589,
      4.137359676496203
    ],
    "rotation": [
      -0.025337764754906237,
      0.08739152641689855,
      0.12226530895567739
    ]
  },
  {
    "label_id": "lCDK9nN_wov3Wy9imp2MIQ",
    "size": [
      2.2372011553282167,
      4.816105688615463,
      1.6500000000000057
    ],
    "obj_class": "vehicle",
    "point_num_in_lidar": 206,
    "speed": 0.02924339696328642,
    "if_vehicle": true,
    "motion_state": false,
    "pose": [
      [
        0.9784996098719323,
        -0.1885852932148665,
        0.08351108108232724,
        7.029440693250763
      ],
      [
        0.18617936491389744,
        0.98186379576397,
        0.03578729730263011,
        -5.894179987806638
      ],
      [
        -0.08874546501503061,
        -0.01946981640981374,
        0.9958640312252642,
        -0.15503212664752652
      ],
      [
        0.0,
        0.0,
        0.0,
        1.0
      ]
    ],
    "location": [
      7.029440693250763,
      -5.894179987806638,
      -0.15503212664752652
    ],
    "rotation": [
      -0.01954818702697543,
      0.08886236943856028,
      0.18802276700341317
    ]
  },
  {
    "label_id": "tFWoxavc3LDUVSsjgbE3rQ",
    "size": [
      2.065571285623893,
      3.69233137434314,
      1.730000000000004
    ],
    "obj_class": "vehicle",
    "point_num_in_lidar": 34,
    "speed": 0.09596307982172621,
    "if_vehicle": true,
    "motion_state": false,
    "pose": [
      [
        0.9780543156329545,
        -0.19088125892348323,
        0.08351108108232724,
        1.2520052784384461
      ],
      [
        0.18848323280899418,
        0.98142413884194,
        0.03578729730263011,
        -6.943236993514802
      ],
      [
        -0.08879091519757747,
        -0.0192614820339059,
        0.9958640312252642,
        0.5376534593041526
      ],
      [
        0.0,
        0.0,
        0.0,
        1.0
      ]
    ],
    "location": [
      1.2520052784384461,
      -6.943236993514802,
      0.5376534593041526
    ],
    "rotation": [
      -0.019339066487655317,
      0.08890799975536103,
      0.1903785708449463
    ]
  },
  {
    "label_id": "xorJBF-QFIwO5KT13E4lzA",
    "size": [
      2.221166940019913,
      4.981518724498063,
      1.6500000000000057
    ],
    "obj_class": "vehicle",
    "point_num_in_lidar": 22,
    "speed": 0.04397067476489232,
    "if_vehicle": true,
    "motion_state": false,
    "pose": [
      [
        -0.9870110799583867,
        0.13724076426426793,
        0.08351108108232724,
        -25.347080511923195
      ],
      [
        -0.13466247366137493,
        -0.9902450643851616,
        0.03578729730263011,
        -1.2940783737776655
      ],
      [
        0.08760791189600914,
        0.024076650202778965,
        0.9958640312252642,
        3.0848060805704876
      ],
      [
        0.0,
        0.0,
        0.0,
        1.0
      ]
    ],
    "location": [
      -25.347080511923195,
      -1.2940783737776655,
      3.0848060805704876
    ],
    "rotation": [
      0.02417193520126503,
      -0.08772036798899163,
      -3.005995260403454
    ]
  }
]