[
  {
    "label_id": "5AR5UBklB_OA228Y5i9d1g",
    "size": [
      0.47298934217692434,
      0.0505087565402943,
      0.5499999999999972
    ],
    "obj_class": "sign",
    "point_num_in_lidar": 94,
    "speed": 0.012295174154258355,
    "if_vehicle": false,
    "motion_state": false,
    "pose": [
      [
        -0.99535972502052,
        0.042863020495732554,
        0.08614974916421755,
        59.66792183978305
      ],
      [
        -0.040460999062963056,
        -0.9987473700248235,
        0.029438043809417856,
        0.6336021779061412
      ],
      [
        0.08730363888121785,
        0.025815738271076263,
        0.9958471882249893,
        -2.1391771788916714
      ],
      [
        0.0,
        0.0,
        0.0,
        1.0
      ]
    ],
    "location": [
      59.66792183978305,
      0.6336021779061412,
      -2.1391771788916714
    ],
    "rotation": [
      0.025917588551204296,
      -0.0874149246371928,
      -3.100965396623964
    ]
  },
  {
    "label_id": "9Kvl3KQLW0Ne6TqSc8o_YQ",
    "size": [
      2.2742717988626784,
      5.048156107748634,
      2.0400000000000063
    ],
    "obj_class": "vehicle",
    "point_num_in_lidar": 164,
    "speed": 0.043967189970076946,
    "if_vehicle": true,
    "motion_state": false,
    "pose": [
      [
        0.988601372001402,
        -0.1234728633987571,
        0.08614974916421755,
        32.27381325646638
      ],
      [
        0.12135359114967174,
        0.9921727205944302,
        0.029438043809417856,
        -1.7451745243797632
      ],
      [
        -0.08911023056879633,
        -0.018647909061306634,
        0.9958471882249893,
        -1.5581308103691498
      ],
      [
        0.0,
        0.0,
        0.0,
        1.0
      ]
    ],
    "location": [
      32.27381325646638,
      -1.7451745243797632,
      -1.5581308103691498
    ],
    "rotation": [
      -0.018723484993731818,
      0.0892285859182872,
      0.12214176297021774
    ]
  },
  {
    "label_id": "B2KyO7UNNfZ-hmKNJ9xJ1w",
    "size": [
      1.9583939616463972,
      4.050934618702623,
      1.9100000000000108
    ],
    "obj_class": "vehicle",
    "point_num_in_lidar": 190,
    "speed": 0.05407766798762667,
    "if_vehicle": true,
    "motion_state": false,
    "pose": [
      [
        0.9872215067898287,
        -0.13405937956951317,
        0.08614974916421755,
        37.24747616669356
      ],
      [
        0.13197849867866945,
        0.9908153599249455,
        0.029438043809417856,
        -0.9656589046062436
      ],
      [
        -0.08930494061441868,
        -0.017691955410241086,
        0.9958471882249893,
        -2.051797096095939
      ],
      [
        0.0,
        0.0,
        0.0,
        1.0
      ]
    ],
    "location": [
      37.24747616669356,
      -0.9656589046062436,
      -2.051797096095939
    ],
    "rotation": [
      -0.0177638644288425,
      0.08942407536982591,
      0.13289882325259655
    ]
  },
  {
    "label_id": "Bx3-dF1nNoCi1xHmR1eI3A",
    "size": [
      0.45989780672814734,
      0.0670665189465606,
      0.5600000000000023
    ],
    "obj_class": "sign",
    "point_num_in_lidar": 289,
    "speed": 0.01882939657213727,
    "if_vehicle": false,
    "motion_state": false,
    "pose": [
      [
        0.9731413362420691,
        -0.2134810539976385,
        0.08614974916421755,
        58.16882863355113
      ],
      [
        0.21169771672301316,
        0.9768917433937794,
        0.029438043809417856,
        14.164752581191351
      ],
      [
        -0.09044344327403245,
        -0.010409672094724294,
        0.9958471882249893,
        -2.6001766284886116
      ],
      [
        0.0,
        0.0,
        0.0,
        1.0
      ]
    ],
    "location": [
      58.16882863355113,
      14.164752581191351,
      -2.6001766284886116
    ],
    "rotation": [
      -0.01045270107542127,
      0.09056720419099928,
      0.21420320481074687
    ]
  },
  {
    "label_id": "FzZ5zhuuLZ9Dpcj0lJaO-A",
    "size": [
      2.0836388781867208,
      4.39647326286623,
      1.740000000000009
    ],
    "obj_class": "vehicle",
    "point_num_in_lidar": 335,
    "speed": 0.04551687203754135,
    "if_vehicle": true,
    "motion_state": false,
    "pose": [
      [
        0.9870923379139159,
        -0.13500717444114588,
        0.08614974916421755,
        47.22133792301702
      ],
      [
        0.1329297450598968,
        0.9906881872996093,
        0.029438043809417856,
        0.36923788196145324
      ],
      [
        -0.08932188595159889,
        -0.01760620329407705,
        0.9958471882249893,
        -2.9480535727423813
      ],
      [
        0.0,
        0.0,
        0.0,
        1.0
      ]
    ],
    "location": [
      47.22133792301702,
      0.36923788196145324,
      -2.9480535727423813
    ],
    "rotation": [
      -0.017677781753292904,
      0.08944108869956417,
      0.13386265013781246
    ]
  },
  {
    "label_id": "GinSM7GDPdMkpwZs58_iZA",
    "size": [
      2.1500326805746375,
      4.792100088487427,
      1.8114922147563135
    ],
    "obj_class": "vehicle",
    "point_num_in_lidar": 3472,
    "speed": 7.6427880138981745,
    "if_vehicle": true,
    "motion_state": true,
    "pose": [
      [
        0.980017159854143,
        -0.17928911598410485,
        0.08614974916421755,
        57.97995504881055
      ],
      [
        0.17737560259740767,
        0.9837028500415567,
        0.029438043809417856,
        5.966317433358199
      ],
      [
        -0.0900236746340979,
        -0.013568924414148914,
        0.9958471882249893,
        -3.9658361240074527
      ],
      [
        0.0,
        0.0,
        0.0,
        1.0
      ]
    ],
    "location": [
      57.97995504881055,
      5.966317433358199,
      -3.9658361240074527
    ],
    "rotation": [
      -0.013624665468306875,
      0.09014571614293972,
      0.17905397242466897
    ]
  },
  {
    "label_id": "Iyu9vNNsCr-uctIcYvC4Tg",
    "size": [
      2.4693239983386146,
      5.5369510550363685,
      2.509999999999991
    ],
    "obj_class": "vehicle",
    "point_num_in_lidar": 87,
    "speed": 0.03102541269329238,
    "if_vehicle": true,
    "motion_state": false,
    "pose": [
      [
        -0.9865050411962445,
        0.13923370430085757,
        0.08614974916421755,
        -8.295273119403646
      ],
      [
        -0.13717169518570732,
        -0.9901097553385454,
        0.029438043809417856,
        1.2583530735191744
      ],
      [
        0.08939647495441666,
        0.017223471488267413,
        0.9958471882249893,
        1.7149595615746307
      ],
      [
        0.0,
        0.0,
        0.0,
        1.0
      ]
    ],
    "location": [
      -8.295273119403646,
      1.2583530735191744,
      1.7149595615746307
    ],
    "rotation": [
      0.017293571406840798,
      -0.08951597729675666,
      -3.0034303919650056
    ]
  },
  {
    "label_id": "J-RH3s-OhhkQJrATvWuoBw",
    "size": [
      2.263399039706693,
      4.729228024592215,
      1.7823267752607421
    ],
    "obj_class": "vehicle",
    "point_num_in_lidar": 4965,
    "speed": 0.008930734114754018,
    "if_vehicle": true,
    "motion_state": false,
    "pose": [
      [
        -0.9849669586093927,
        0.14972745628876966,
        0.08614974916421755,
        64.16573783495096
      ],
      [
        -0.1477039372735359,
        -0.9885934192025406,
        0.029438043809417856,
        13.22581629391243
      ],
      [
        0.08957475850739653,
        0.016270843331689922,
        0.9958471882249893,
        -4.673869245717441
      ],
      [
        0.0,
        0.0,
        0.0,
        1.0
      ]
    ],
    "location": [
      64.16573783495096,
      13.22581629391243,
      -4.673869245717441
    ],
    "rotation": [
      0.016337241201309083,
      -0.08969497898423925,
      -2.992743521785565
    ]
  },
  {
    "label_id": "LFeFZPKcfRmErZ5L-xFg2A",
    "size": [
      0.5078832346659904,
      0.08415729957510834,
      0.5799999999999983
    ],
    "obj_class": "sign",
    "point_num_in_lidar": 23,
    "speed": 0.02842862512318531,
    "if_vehicle": false,
    "motion_state": false,
    "pose": [
      [
        0.9790045783808506,
        -0.18473834531107935,
        0.08614974916421755,
        27.008071404554357
      ],
      [
        0.18284536566257165,
        0.9827008567373875,
        0.029438043809417856,
        9.170253621376105
      ],
      [
        -0.09009776781393454,
        -0.013067897280325948,
        0.9958471882249893,
        0.7189665627853117
      ],
      [
        0.0,
        0.0,
        0.0,
        1.0
      ]
    ],
    "location": [
      27.008071404554357,
      9.170253621376105,
      0.7189665627853117
    ],
    "rotation": [
      -0.013121638969638147,
      0.09022011164555946,
      0.18463937296345895
    ]
  },
  {
    "label_id": "MmOQZhghLuOnDZrVD6Hhng",
    "size": [
      2.1302073500122143,
      4.834299078295855,
      1.6600000000000108
    ],
    "obj_class": "vehicle",
    "point_num_in_lidar": 68,
    "speed": 10.271308613034362,
    "if_vehicle": true,
    "motion_state": true,
    "pose": [
      [
        0.9818150789354372,
        -0.16916669735483933,
        0.08614974916421755,
        22.41125850158278
      ],
      [
        0.16721525292796677,
        0.985480827192955,
        0.029438043809417856,
        -0.3905918978034606
      ],
      [
        -0.08987886271664498,
        -0.014497163210272918,
        0.9958471882249893,
        -0.9827827570503729
      ],
      [
        0.0,
        0.0,
        0.0,
        1.0
      ]
    ],
    "location": [
      22.41125850158278,
      -0.3905918978034606,
      -0.9827827570503729
    ],
    "rotation": [
      -0.01455659001876235,
      0.09000031479268844,
      0.16869373747691183
    ]
  },
  {
    "label_id": "OKDjxhhCfxKNlcHv33W2cA",
    "size": [
      1.201456607008541,
      0.10180897353312321,
      1.1099999999999994
    ],
    "obj_class": "sign",
    "point_num_in_lidar": 23,
    "speed": 0.03338160734393649,
    "if_vehicle": false,
    "motion_state": false,
    "pose": [
      [
        0.993100348351948,
        -0.0795607869630632,
        0.08614974916421755,
        -8.16889073081984
      ],
      [
        0.07728539914333055,
        0.9965743166748433,
        0.029438043809417856,
        2.9131053273158614
      ],
      [
        -0.08819674133716968,
        -0.022576813811678417,
        0.9958471882249893,
        5.1228374818811915
      ],
      [
        0.0,
        0.0,
        0.0,
        1.0
      ]
    ],
    "location": [
      -8.16889073081984,
      2.9131053273158614,
      5.1228374818811915
    ],
    "rotation": [
      -0.022667079163343765,
      0.08831148559693178,
      0.0776658090392434
    ]
  },
  {
    "label_id": "O_SVTU6XGhIZOX6avoLTog",
    "size": [
      2.374128773743204,
      4.414826336950519,
      2.399074866694292
    ],
    "obj_class": "vehicle",
    "point_num_in_lidar": 24,
    "speed": 0.02431974127852798,
    "if_vehicle": true,
    "motion_state": false,
    "pose": [
      [
        0.003840815456104313,
        0.9962747958548257,
        0.08614974916421755,
        17.129655080713746
      ],
      [
        -0.9995657511489936,
        0.0013079398392497835,
        0.029438043809417856,
        -15.184069002960314
      ],
      [
        0.029215702397519933,
        -0.08622540482828918,
        0.9958471882249893,
        0.3113833748157617
      ],
      [
        0.0,
        0.0,
        0.0,
        1.0
      ]
    ],
    "location": [
      17.129655080713746,
      -15.184069002960314,
      0.3113833748157617
    ],
    "rotation": [
      -0.08636956940079332,
      -0.029219860207249194,
      -1.5669538616553613
    ]
  },
  {
    "label_id": "SGdK7SsQyeYIIEvKB557ZA",
    "size": [
      1.8999965366638185,
      4.134443686726425,
      1.4699999999999989
    ],
    "obj_class": "vehicle",
    "point_num_in_lidar": 4637,
    "speed": 0.11502097189700301,
    "if_vehicle": true,
    "motion_state": false,
    "pose": [
      [
        -0.9820382420854746,
        0.16786635100761943,
        0.08614974916421755,
        59.76199593205729
      ],
      [
        -0.16591005381501336,
        -0.9857014028699432,
        0.029438043809417856,
        12.514233457890441
      ],
      [
        0.08985958560315237,
        0.01461617527305066,
        0.9958471882249893,
        -4.472195273088829
      ],
      [
        0.0,
        0.0,
        0.0,
        1.0
      ]
    ],
    "location": [
      59.76199593205729,
      12.514233457890441,
      -4.472195273088829
    ],
    "rotation": [
      0.014676072847509871,
      -0.08998095935887446,
      -2.9742284347817627
    ]
  },
  {
    "label_id": "cc_1drMpTZlbHP7hRBQ9bQ",
    "size": [
      1.985018419541163,
      4.150645099184738,
      1.7199999999999989
    ],
    "obj_class": "vehicle",
    "point_num_in_lidar": 229,
    "speed": 0.03740751482658497,
    "if_vehicle": true,
    "motion_state": false,
    "pose": [
      [
        0.9814199960151102,
        -0.17144390377217678,
        0.08614974916421755,
        42.65631357236089
      ],
      [
        0.16950096857463717,
        0.9850902614628442,
        0.029438043809417856,
        -0.26528211182449013
      ],
      [
        -0.08991225207924046,
        -0.014288618912334598,
        0.9958471882249893,
        -2.625938909485157
      ],
      [
        0.0,
        0.0,
        0.0,
        1.0
      ]
    ],
    "location": [
      42.65631357236089,
      -0.26528211182449013,
      -2.625938909485157
    ],
    "rotation": [
      -0.014347219799494274,
      0.09003383989177437,
      0.1710227749887952
    ]
  },
  {
    "label_id": "lCDK9nN_wov3Wy9imp2MIQ",
    "size": [
      2.237201155328217,
      4.816105688615463,
      1.6500000000000057
    ],
    "obj_class": "vehicle",
    "point_num_in_lidar": 22,
    "speed": 0.07562426076284301,
    "if_vehicle": true,
    "motion_state": false,
    "pose": [
      [
        0.9782790200891714,
        -0.18854277915717968,
        0.08614974916421755,
        6.850115058893607
      ],
      [
        0.18666418290361408,
        0.981982629376712,
        0.029438043809417856,
        -6.034336593857006
      ],
      [
        -0.090147887797201,
        -0.012717548116129417,
        0.9958471882249893,
        -0.1550321266474839
      ],
      [
        0.0,
        0.0,
        0.0,
        1.0
      ]
    ],
    "location": [
      6.850115058893607,
      -6.034336593857006,
      -0.1550321266474839
    ],
    "rotation": [
      -0.012769887765225182,
      0.09027043641753035,
      0.18854238810232624
    ]
  },
  {
    "label_id": "mSQB44z_TFy-Mct3gF5nuw",
    "size": [
      2.3234026523027644,
      5.119367706464834,
      1.8800000000000097
    ],
    "obj_class": "vehicle",
    "point_num_in_lidar": 1306,
    "speed": 0.08187319717754576,
    "if_vehicle": true,
    "motion_state": false,
    "pose": [
      [
        -0.9890677192379949,
        0.11967985411210054,
        0.08614974916421755,
        48.68373689519012
      ],
      [
        -0.11754689838924305,
        -0.9926309124018574,
        0.029438043809417856,
        10.459858866966897
      ],
      [
        0.08903804490452517,
        0.01898958303814403,
        0.9958471882249893,
        -3.233040117229052
      ],
      [
        0.0,
        0.0,
        0.0,
        1.0
      ]
    ],
    "location": [
      48.68373689519012,
      10.459858866966897,
      -3.233040117229052
    ],
    "rotation": [
      0.01906646131338578,
      -0.08915611217075743,
      -3.023301344943729
    ]
  },
  {
    "label_id": "qLKA9xvBY4p2cl80R2SQkQ",
    "size": [
      2.0334710915218714,
      4.453978887619811,
      1.6800000000000068
    ],
    "obj_class": "vehicle",
    "point_num_in_lidar": 463,
    "speed": 0.051802241208385134,
    "if_vehicle": true,
    "motion_state": false,
    "pose": [
      [
        0.9810236519623508,
        -0.1736974812983633,
        0.08614974916421755,
        52.29668934549227
      ],
      [
        0.17176298073276675,
        0.9846983700740395,
        0.029438043809417856,
        1.3399594582988357
      ],
      [
        -0.08994483164833912,
        -0.014082079538716584,
        0.9958471882249893,
        -3.5941780817231006
      ],
      [
        0.0,
        0.0,
        0.0,
        1.0
      ]
    ],
    "location": [
      52.29668934549227,
      1.3399594582988357,
      -3.5941780817231006
    ],
    "rotation": [
      -0.01413986120495712,
      0.09006655200314596,
      0.1733285891280417
    ]
  },
  {
    "label_id": "t4SGOqIbagvhCbCowABS5Q",
    "size": [
      2.120663416236938,
      4.459831394600824,
      1.8700000000000045
    ],
    "obj_class": "vehicle",
    "point_num_in_lidar": 194,
    "speed": 0.046929526480304434,
    "if_vehicle": true,
    "motion_state": false,
    "pose": [
      [
        -0.9849818800994403,
        0.14962926383135836,
        0.08614974916421755,
        37.796108310493764
      ],
      [
        -0.1476053833030076,
        -0.9886081389492234,
        0.029438043809417856,
        8.915700040874071
      ],
      [
        0.08957313601601799,
        0.016279772991007798,
        0.9958471882249893,
        -2.191446193418656
      ],
      [
        0.0,
        0.0,
        0.0,
        1.0
      ]
    ],
    "location": [
      37.796108310493764,
      8.915700040874071,
      -2.191446193418656
    ],
    "rotation": [
      0.016346205704048992,
      -0.08969334994440482,
      -2.992843601139066
    ]
  },
  {
    "label_id": "wOjZzur9oZ8CEKlYzaXp6w",
    "size": [
      0.7125055499441839,
      0.6731424576792051,
      1.7800000000000011
    ],
    "obj_class": "pedestrian",
    "point_num_in_lidar": 239,
    "speed": 0.07474187858657116,
    "if_vehicle": false,
    "motion_state": false,
    "pose": [
      [
        -0.9868490139619595,
        0.13677442875497944,
        0.08614974916421755,
        73.06843360174389
      ],
      [
        -0.13470344137076734,
        -0.9904485773928635,
        0.029438043809417856,
        -0.6708372579068964
      ],
      [
        0.08935326812814848,
        0.01744623682064448,
        0.9958471882249893,
        -4.9847490550661036
      ],
      [
        0.0,
        0.0,
        0.0,
        1.0
      ]
    ],
    "location": [
      73.06843360174389,
      -0.6708372579068964,
      -4.9847490550661036
    ],
    "rotation": [
      0.01751719793781289,
      -0.08947259686452866,
      -3.005932509297012
    ]
  },
  {
    "label_id": "yHe2FilPe2YkdtabKad5Pw",
    "size": [
      2.068105135317878,
      4.17943595267765,
      1.8200000000000074
    ],
    "obj_class": "vehicle",
    "point_num_in_lidar": 67,
    "speed": 0.017338279500364557,
    "if_vehicle": true,
    "motion_state": false,
    "pose": [
      [
        -0.9809079984201702,
        0.1743494174188085,
        0.08614974916421755,
        43.14510652165882
      ],
      [
        -0.17241735944623768,
        -0.9845840013621294,
        0.029438043809417856,
        9.837874054890563
      ],
      [
        0.08995417053657044,
        0.014022300362651237,
        0.9958471882249893,
        -2.793956873675455
      ],
      [
        0.0,
        0.0,
        0.0,
        1.0
      ]
    ],
    "location": [
      43.14510652165882,
      9.837874054890563,
      -2.793956873675455
    ],
    "rotation": [
      0.014079844692152501,
      -0.09007592890225541,
      -2.9675968399650525
    ]
  }
]