[
  {
    "label_id": "09Fy6aLIXmomFj8daA5KWg",
    "size": [
      1.9336777598640995,
      3.9037725122541556,
      2.0900000000000034
    ],
    "obj_class": "vehicle",
    "point_num_in_lidar": 1359,
    "speed": 0.026118940339826487,
    "if_vehicle": true,
    "motion_state": false,
    "pose": [
      [
        -0.17835167345134156,
        -0.9804525029033945,
        0.08308772549285136,
        -5.431903747487922
      ],
      [
        0.9839229190357899,
        -0.1769092021578132,
        0.02447087223571182,
        8.122886695695342
      ],
      [
        -0.009293544705685105,
        0.0861163384170239,
        0.9962417408864418,
        1.013131672434909
      ],
      [
        0.0,
        0.0,
        0.0,
        1.0
      ]
    ],
    "location": [
      -5.431903747487922,
      8.122886695695342,
      1.013131672434909
    ],
    "rotation": [
      0.08622686838357074,
      0.009293678491419472,
      1.750115165870104
    ]
  },
  {
    "label_id": "0qK7jFKlQ1FLGlWLoktfIA",
    "size": [
      0.6773045018859164,
      0.6168086755166287,
      1.740000000000009
    ],
    "obj_class": "pedestrian",
    "point_num_in_lidar": 210,
    "speed": 0.030376403995775292,
    "if_vehicle": false,
    "motion_state": false,
    "pose": [
      [
        0.05212492653663112,
        0.9951780855233777,
        0.08308772549285136,
        17.14194245469571
      ],
      [
        -0.9984367081648534,
        0.05025252432420301,
        0.02447087223571182,
        -12.84911921517778
      ],
      [
        0.02017750783625065,
        -0.08423337754756126,
        0.9962417408864418,
        -0.153020574091002
      ],
      [
        0.0,
        0.0,
        0.0,
        1.0
      ]
    ],
    "location": [
      17.14194245469571,
      -12.84911921517778,
      -0.153020574091002
    ],
    "rotation": [
      -0.08435052005345066,
      -0.020178877238075748,
      -1.5186371388276048
    ]
  },
  {
    "label_id": "1cUBdD_2egIKK8LIVndxOg",
    "size": [
      2.0276520228163544,
      4.3392067825484375,
      1.3700000000000045
    ],
    "obj_class": "vehicle",
    "point_num_in_lidar": 39,
    "speed": 0.013488535928816759,
    "if_vehicle": true,
    "motion_state": false,
    "pose": [
      [
        -0.11009967104449805,
        -0.9904415643077172,
        0.08308772549285136,
        30.24607513736828
      ],
      [
        0.9938038809138638,
        -0.10842058242126396,
        0.02447087223571182,
        -44.62151263738997
      ],
      [
        -0.01522854938711965,
        0.08526713903442527,
        0.9962417408864418,
        2.0325052399172137
      ],
      [
        0.0,
        0.0,
        0.0,
        1.0
      ]
    ],
    "location": [
      30.24607513736828,
      -44.62151263738997,
      2.0325052399172137
    ],
    "rotation": [
      0.08538072575451577,
      0.015229138054111295,
      1.6811325037902674
    ]
  },
  {
    "label_id": "6EEh5yAbArSGhJSNWWiopQ",
    "size": [
      1.0355069565987516,
      0.12083340226425078,
      1.25
    ],
    "obj_class": "sign",
    "point_num_in_lidar": 22,
    "speed": 0.03508212295056392,
    "if_vehicle": false,
    "motion_state": false,
    "pose": [
      [
        0.5369709959560687,
        -0.8394990049871245,
        0.08308772549285136,
        -49.648073045016645
      ],
      [
        0.8410584712758223,
        0.5403904369131638,
        0.02447087223571182,
        -22.416235615788537
      ],
      [
        -0.06544308517425008,
        0.056741486748478856,
        0.9962417408864418,
        7.7910024826228295
      ],
      [
        0.0,
        0.0,
        0.0,
        1.0
      ]
    ],
    "location": [
      -49.648073045016645,
      -22.416235615788537,
      7.7910024826228295
    ],
    "rotation": [
      0.05689407335664592,
      0.06548988867875215,
      1.0025858648045793
    ]
  },
  {
    "label_id": "DMmMH8dpEe_xhmHCypIOYw",
    "size": [
      0.5866708665734571,
      0.08535698847037726,
      0.6099999999999994
    ],
    "obj_class": "sign",
    "point_num_in_lidar": 25,
    "speed": 0.01310597399915265,
    "if_vehicle": false,
    "motion_state": false,
    "pose": [
      [
        0.13154028784442223,
        0.9878226473138947,
        0.08308772549285136,
        29.679914544778512
      ],
      [
        -0.9912205660799019,
        0.12993446729895053,
        0.02447087223571182,
        -31.217478120986925
      ],
      [
        0.013376922442965858,
        -0.08557716787500524,
        0.9962417408864418,
        1.7652528161968206
      ],
      [
        0.0,
        0.0,
        0.0,
        1.0
      ]
    ],
    "location": [
      29.679914544778512,
      -31.217478120986925,
      1.7652528161968206
    ],
    "rotation": [
      -0.08568965289287771,
      -0.013377321424090675,
      -1.4388618438165106
    ]
  },
  {
    "label_id": "Iyu9vNNsCr-uctIcYvC4Tg",
    "size": [
      2.4693239983386146,
      5.5369510550363685,
      2.509999999999991
    ],
    "obj_class": "vehicle",
    "point_num_in_lidar": 2663,
    "speed": 0.031025412692502103,
    "if_vehicle": true,
    "motion_state": false,
    "pose": [
      [
        -0.9867625268153312,
        0.13927004539902874,
        0.08308772549285136,
        -8.052555558475433
      ],
      [
        -0.1376908768066192,
        -0.9901729136147119,
        0.02447087223571182,
        1.3235025197136565
      ],
      [
        0.08567927472409742,
        0.012706517945707733,
        0.9962417408864418,
        1.7149595615746591
      ],
      [
        0.0,
        0.0,
        0.0,
        1.0
      ]
    ],
    "location": [
      -8.052555558475433,
      1.3235025197136565,
      1.7149595615746591
    ],
    "rotation": [
      0.012753760935803465,
      -0.08578445024397238,
      -3.0029498523967515
    ]
  },
  {
    "label_id": "NrKoxQ7n6G2lJ-Min5o00g",
    "size": [
      2.0863388635918425,
      4.134274428548164,
      2.0700000000000074
    ],
    "obj_class": "vehicle",
    "point_num_in_lidar": 1732,
    "speed": 0.04073074412899083,
    "if_vehicle": true,
    "motion_state": false,
    "pose": [
      [
        0.9866778974804887,
        -0.1398683541617143,
        0.08308772549285136,
        -4.133630662977339
      ],
      [
        0.1382912537853479,
        0.9900892411992467,
        0.02447087223571182,
        -7.571535174611199
      ],
      [
        -0.08568696371069912,
        -0.012654563034466576,
        0.9962417408864418,
        1.2152955010452473
      ],
      [
        0.0,
        0.0,
        0.0,
        1.0
      ]
    ],
    "location": [
      -4.133630662977339,
      -7.571535174611199,
      1.2152955010452473
    ],
    "rotation": [
      -0.012701618475631801,
      0.08579216761166211,
      0.13925135115072046
    ]
  },
  {
    "label_id": "O_SVTU6XGhIZOX6avoLTog",
    "size": [
      2.3741287737432084,
      4.414826336950519,
      2.399074866694292
    ],
    "obj_class": "vehicle",
    "point_num_in_lidar": 2133,
    "speed": 0.037409982874900514,
    "if_vehicle": true,
    "motion_state": false,
    "pose": [
      [
        0.003841817939320546,
        0.9965348314571577,
        0.08308772549285136,
        17.2610539633406
      ],
      [
        -0.9996988980903706,
        0.0018137168803906514,
        0.02447087223571182,
        -15.055432676886994
      ],
      [
        0.02423537892874507,
        -0.0831567202559847,
        0.9962417408864418,
        0.30481481796078924
      ],
      [
        0.0,
        0.0,
        0.0,
        1.0
      ]
    ],
    "location": [
      17.2610539633406,
      -15.055432676886994,
      0.30481481796078924
    ],
    "rotation": [
      -0.08327737529531161,
      -0.02423775201216999,
      -1.5669533706465484
    ]
  },
  {
    "label_id": "QHtOD9Dp5rOGtaF_Zl2JJg",
    "size": [
      0.45655433142240276,
      0.06451841445347142,
      0.5300000000000011
    ],
    "obj_class": "sign",
    "point_num_in_lidar": 60,
    "speed": 0.029460585805355627,
    "if_vehicle": false,
    "motion_state": false,
    "pose": [
      [
        -0.9918070954665825,
        0.09703151681060163,
        0.08308772549285136,
        -2.952139334191088
      ],
      [
        -0.09530824330679166,
        -0.9951469816915474,
        0.02447087223571182,
        -9.580476242170334
      ],
      [
        0.08505894509053642,
        0.01635143955855458,
        0.9962417408864418,
        3.0993448580749146
      ],
      [
        0.0,
        0.0,
        0.0,
        1.0
      ]
    ],
    "location": [
      -2.952139334191088,
      -9.580476242170334,
      3.0993448580749146
    ],
    "rotation": [
      0.01641165072342556,
      -0.08516184772372218,
      -3.045791273932317
    ]
  },
  {
    "label_id": "XrZbWpYWJk_Ro7BuA_YuFw",
    "size": [
      0.7527830679097312,
      0.8419635580651794,
      1.480000000000004
    ],
    "obj_class": "pedestrian",
    "point_num_in_lidar": 29,
    "speed": 0.061131180635411224,
    "if_vehicle": false,
    "motion_state": false,
    "pose": [
      [
        0.17457554083515936,
        0.9811319026586263,
        0.08308772549285136,
        33.850594225911664
      ],
      [
        -0.9845967394544365,
        0.17311971888758346,
        0.02447087223571182,
        -37.970096970851955
      ],
      [
        0.009625029756008959,
        -0.08607991936420419,
        0.9962417408864418,
        1.1772885527184798
      ],
      [
        0.0,
        0.0,
        0.0,
        1.0
      ]
    ],
    "location": [
      33.850594225911664,
      -37.970096970851955,
      1.1772885527184798
    ],
    "rotation": [
      -0.08619058295523153,
      -0.009625178374585649,
      -1.3953134408911243
    ]
  },
  {
    "label_id": "YA4_a4ENJ6Uo5vwvTlJ7QQ",
    "size": [
      1.8755449346657034,
      3.891468938046787,
      1.4399999999999977
    ],
    "obj_class": "vehicle",
    "point_num_in_lidar": 56,
    "speed": 0.0589316933629529,
    "if_vehicle": true,
    "motion_state": false,
    "pose": [
      [
        0.17231543709580133,
        0.9815313647616706,
        0.08308772549285136,
        18.445396495996647
      ],
      [
        -0.9849928394709071,
        0.1708516391582569,
        0.02447087223571182,
        -35.67087086438369
      ],
      [
        0.009823254528041747,
        -0.08605752370379514,
        0.9962417408864418,
        1.600129925334059
      ],
      [
        0.0,
        0.0,
        0.0,
        1.0
      ]
    ],
    "location": [
      18.445396495996647,
      -35.67087086438369,
      1.600129925334059
    ],
    "rotation": [
      -0.0861682693533457,
      -0.009823412519570017,
      -1.3976081000549583
    ]
  },
  {
    "label_id": "dYgqU5miR81hSV4x_GFo4w",
    "size": [
      1.9903215667477547,
      4.4729038727806865,
      1.5100000000000051
    ],
    "obj_class": "vehicle",
    "point_num_in_lidar": 487,
    "speed": 0.030592393049328568,
    "if_vehicle": true,
    "motion_state": false,
    "pose": [
      [
        0.9796804086802025,
        -0.18254513611875864,
        0.08308772549285136,
        -11.934332685561458
      ],
      [
        0.18111752701617642,
        0.9831569649957062,
        0.02447087223571182,
        -8.800640310986637
      ],
      [
        -0.08615531472716088,
        -0.008924990745979015,
        0.9962417408864418,
        1.764203528790631
      ],
      [
        0.0,
        0.0,
        0.0,
        1.0
      ]
    ],
    "location": [
      -11.934332685561458,
      -8.800640310986637,
      1.764203528790631
    ],
    "rotation": [
      -0.00895842005522741,
      0.08626225705096836,
      0.18281002309104483
    ]
  },
  {
    "label_id": "hZZVqo78R8-bZa4kLwPQzw",
    "size": [
      2.338015764453377,
      5.7785313826431315,
      2.3799999999999955
    ],
    "obj_class": "vehicle",
    "point_num_in_lidar": 267,
    "speed": 0.04212192978015667,
    "if_vehicle": true,
    "motion_state": false,
    "pose": [
      [
        0.9887822949303918,
        -0.12412092130101306,
        0.08308772549285136,
        -31.02716246950331
      ],
      [
        0.12248963756987352,
        0.9921680629308849,
        0.02447087223571182,
        -12.616595687586596
      ],
      [
        -0.08547433486251138,
        -0.014018979826051034,
        0.9962417408864418,
        4.120547693346026
      ],
      [
        0.0,
        0.0,
        0.0,
        1.0
      ]
    ],
    "location": [
      -31.02716246950331,
      -12.616595687586596,
      4.120547693346026
    ],
    "rotation": [
      -0.01407093682856915,
      0.08557875580772885,
      0.12325136341387564
    ]
  },
  {
    "label_id": "lCDK9nN_wov3Wy9imp2MIQ",
    "size": [
      2.2372011553282163,
      4.816105688615463,
      1.6500000000000057
    ],
    "obj_class": "vehicle",
    "point_num_in_lidar": 4347,
    "speed": 0.09698107179184412,
    "if_vehicle": true,
    "motion_state": false,
    "pose": [
      [
        0.978534358651681,
        -0.18859199031392562,
        0.08308772549285136,
        6.997682424385857
      ],
      [
        0.18718587904251377,
        0.9820196653321688,
        0.02447087223571182,
        -5.844190465966676
      ],
      [
        -0.08620879088135168,
        -0.008392740334797026,
        0.9962417408864418,
        -0.15503212664745547
      ],
      [
        0.0,
        0.0,
        0.0,
        1.0
      ]
    ],
    "location": [
      6.997682424385857,
      -5.844190465966676,
      -0.15503212664745547
    ],
    "rotation": [
      -0.008424202131918749,
      0.08631593291127769,
      0.189008717687976
    ]
  },
  {
    "label_id": "nME1CQ_WrQsHRA39DFgYFw",
    "size": [
      2.198065749946809,
      4.699929525608226,
      1.5300000000000011
    ],
    "obj_class": "vehicle",
    "point_num_in_lidar": 242,
    "speed": 0.07183922576273011,
    "if_vehicle": true,
    "motion_state": false,
    "pose": [
      [
        0.15808795800072512,
        0.9839230800258655,
        0.08308772549285136,
        17.736706497424166
      ],
      [
        -0.9873630009003274,
        0.15657420242531514,
        0.02447087223571182,
        -30.70529977284241
      ],
      [
        0.01106806163070428,
        -0.08590629620284468,
        0.9962417408864418,
        1.0954363413594734
      ],
      [
        0.0,
        0.0,
        0.0,
        1.0
      ]
    ],
    "location": [
      17.736706497424166,
      -30.70529977284241,
      1.0954363413594734
    ],
    "rotation": [
      -0.08601759370508934,
      -0.011068287619755007,
      -1.4120325601018433
    ]
  },
  {
    "label_id": "p6E6I2ch5b1NXoAK_gInzA",
    "size": [
      1.9601609960823587,
      3.948561555880508,
      1.8900000000000006
    ],
    "obj_class": "vehicle",
    "point_num_in_lidar": 296,
    "speed": 0.0524933691530041,
    "if_vehicle": true,
    "motion_state": false,
    "pose": [
      [
        0.9834185301708859,
        -0.1611968498109036,
        0.08308772549285136,
        -19.667055222497765
      ],
      [
        0.15969397363932794,
        0.9868632180780197,
        0.02447087223571182,
        -10.281434510217878
      ],
      [
        -0.08594084767918025,
        -0.010796500161436134,
        0.9962417408864418,
        2.8101490856960822
      ],
      [
        0.0,
        0.0,
        0.0,
        1.0
      ]
    ],
    "location": [
      -19.667055222497765,
      -10.281434510217878,
      2.8101490856960822
    ],
    "rotation": [
      -0.010836805045617605,
      0.08604699157980321,
      0.160981402298073
    ]
  },
  {
    "label_id": "pwIcponHEoMB5QlzSPgzIQ",
    "size": [
      0.3869068605590104,
      0.0947847769903538,
      0.5600000000000023
    ],
    "obj_class": "sign",
    "point_num_in_lidar": 28,
    "speed": 0.016412153284609668,
    "if_vehicle": false,
    "motion_state": false,
    "pose": [
      [
        0.9924347639769319,
        -0.09038622197257788,
        0.08308772549285136,
        -8.129929027692924
      ],
      [
        0.08864061658611476,
        0.9957630328061274,
        0.02447087223571182,
        3.5115725843097607
      ],
      [
        -0.0849475152154843,
        -0.01692079709313412,
        0.9962417408864418,
        3.366605886994691
      ],
      [
        0.0,
        0.0,
        0.0,
        1.0
      ]
    ],
    "location": [
      -8.129929027692924,
      3.5115725843097607,
      3.366605886994691
    ],
    "rotation": [
      -0.01698299678657453,
      0.08505001308277466,
      0.08907994183840649
    ]
  },
  {
    "label_id": "r7O7xZvjzSvfr7Jf8G8Dgg",
    "size": [
      0.922243384020831,
      2.1913321595862114,
      1.5100000000000051
    ],
    "obj_class": "vehicle",
    "point_num_in_lidar": 52,
    "speed": 0.0027110702092778137,
    "if_vehicle": true,
    "motion_state": false,
    "pose": [
      [
        0.14239410129580876,
        0.9863165565824105,
        0.08308772549285136,
        -17.34799041579936
      ],
      [
        -0.98973192699282,
        0.1408257402007979,
        0.02447087223571182,
        0.28970201777156035
      ],
      [
        0.012435135995963895,
        -0.08571908252141898,
        0.9962417408864418,
        2.3199761027292425
      ],
      [
        0.0,
        0.0,
        0.0,
        1.0
      ]
    ],
    "location": [
      -17.34799041579936,
      0.28970201777156035,
      2.3199761027292425
    ],
    "rotation": [
      -0.08583105777230221,
      -0.012435456497849816,
      -1.4279054581347204
    ]
  },
  {
    "label_id": "rS6X0_p3yTvNiUtcfUHjrQ",
    "size": [
      2.300496910919609,
      4.621783504216847,
      1.75
    ],
    "obj_class": "vehicle",
    "point_num_in_lidar": 46,
    "speed": 0.025041381960960226,
    "if_vehicle": true,
    "motion_state": false,
    "pose": [
      [
        -0.9815193967546099,
        0.17238359454104468,
        0.08308772549285136,
        -30.328321939209673
      ],
      [
        -0.17092003697297137,
        -0.984980973102111,
        0.02447087223571182,
        -2.045690415223362
      ],
      [
        0.08605820562633647,
        0.009817278641616743,
        0.9962417408864418,
        3.6819635711037506
      ],
      [
        0.0,
        0.0,
        0.0,
        1.0
      ]
    ],
    "location": [
      -30.328321939209673,
      -2.045690415223362,
      3.6819635711037506
    ],
    "rotation": [
      0.009853994748575342,
      -0.08616478593416146,
      -2.969183285175526
    ]
  },
  {
    "label_id": "tFWoxavc3LDUVSsjgbE3rQ",
    "size": [
      2.065571285623893,
      3.69233137434314,
      1.730000000000004
    ],
    "obj_class": "vehicle",
    "point_num_in_lidar": 2564,
    "speed": 0.04139808909095764,
    "if_vehicle": true,
    "motion_state": false,
    "pose": [
      [
        0.9780890485992761,
        -0.19088803755758865,
        0.08308772549285136,
        1.45276187593754
      ],
      [
        0.18949010998294932,
        0.9815776457472294,
        0.02447087223571182,
        -6.926566925658335
      ],
      [
        -0.08622825075816261,
        -0.008190389901548308,
        0.9962417408864418,
        0.5291408157419397
      ],
      [
        0.0,
        0.0,
        0.0,
        1.0
      ]
    ],
    "location": [
      1.45276187593754,
      -6.926566925658335,
      0.5291408157419397
    ],
    "rotation": [
      -0.008221102413790017,
      0.08633546552264706,
      0.1913643556989189
    ]
  },
  {
    "label_id": "xorJBF-QFIwO5KT13E4lzA",
    "size": [
      2.221166940019913,
      4.981518724498063,
      1.6500000000000057
    ],
    "obj_class": "vehicle",
    "point_num_in_lidar": 283,
    "speed": 0.04397067586940472,
    "if_vehicle": true,
    "motion_state": false,
    "pose": [
      [
        -0.9870461310000845,
        0.13724563800058903,
        0.08308772549285136,
        -25.192919818739938
      ],
      [
        -0.13565947711320808,
        -0.9904532713265146,
        0.02447087223571182,
        -1.229674441365205
      ],
      [
        0.08565302999389525,
        0.012882242367570752,
        0.9962417408864418,
        3.084806080570516
      ],
      [
        0.0,
        0.0,
        0.0,
        1.0
      ]
    ],
    "location": [
      -25.192919818739938,
      -1.229674441365205,
      3.084806080570516
    ],
    "rotation": [
      0.012930119179111459,
      -0.08575810867949972,
      -3.0050085205707333
    ]
  },
  {
    "label_id": "xuEWpHZ1ATjBf4SmAni3Hg",
    "size": [
      1.0000000000012559,
      1.0,
      1.9699999999999989
    ],
    "obj_class": "pedestrian",
    "point_num_in_lidar": 25,
    "speed": 8.833147320341808e-05,
    "if_vehicle": false,
    "motion_state": false,
    "pose": [
      [
        0.5455579377870394,
        0.8339442225892434,
        0.08308772549285136,
        32.88661050729752
      ],
      [
        -0.8377024258402952,
        0.5455784289662743,
        0.02447087223571182,
        -38.30813519498224
      ],
      [
        -0.02492352821807952,
        -0.0829530677956792,
        0.9962417408864418,
        1.9482088571200364
      ],
      [
        0.0,
        0.0,
        0.0,
        1.0
      ]
    ],
    "location": [
      32.88661050729752,
      -38.30813519498224,
      1.9482088571200364
    ],
    "rotation": [
      -0.08307436554001474,
      0.024926109281894055,
      -0.9935393252623922
    ]
  }
]