[
  {
    "label_id": "09Fy6aLIXmomFj8daA5KWg",
    "size": [
      1.9336777598641013,
      3.9037725122541556,
      2.0900000000000034
    ],
    "obj_class": "vehicle",
    "point_num_in_lidar": 640,
    "speed": 0.04126655902556283,
    "if_vehicle": true,
    "motion_state": false,
    "pose": [
      [
        -0.1787951437989887,
        -0.9828903920686647,
        0.044258035801484394,
        -5.485448141645975
      ],
      [
        0.983678727557019,
        -0.1776524651207876,
        0.028561557876125427,
        8.126404944185197
      ],
      [
        -0.020210331657419006,
        0.048642356188962156,
        0.9986117682456398,
        1.0131316724349517
      ],
      [
        0.0,
        0.0,
        0.0,
        1.0
      ]
    ],
    "location": [
      -5.485448141645975,
      8.126404944185197,
      1.0131316724349517
    ],
    "rotation": [
      0.04867150757435375,
      0.02021170775397835,
      1.7505951772540145
    ]
  },
  {
    "label_id": "0qK7jFKlQ1FLGlWLoktfIA",
    "size": [
      0.6773045018859164,
      0.6168086755166287,
      1.740000000000009
    ],
    "obj_class": "pedestrian",
    "point_num_in_lidar": 232,
    "speed": 0.030376403740829738,
    "if_vehicle": false,
    "motion_state": false,
    "pose": [
      [
        0.052254534848371545,
        0.99765258975997,
        0.044258035801484394,
        17.110302083306124
      ],
      [
        -0.9982890930399081,
        0.051020820546581136,
        0.028561557876125427,
        -12.872763849387411
      ],
      [
        0.0262364308803241,
        -0.04567478534135342,
        0.9986117682456398,
        -0.1551520848186385
      ],
      [
        0.0,
        0.0,
        0.0,
        1.0
      ]
    ],
    "location": [
      17.110302083306124,
      -12.872763849387411,
      -0.1551520848186385
    ],
    "rotation": [
      -0.045706425969140534,
      -0.02623944178893722,
      -1.5184999635656258
    ]
  },
  {
    "label_id": "1cUBdD_2egIKK8LIVndxOg",
    "size": [
      2.0276520228163544,
      4.3392067825484375,
      1.3700000000000045
    ],
    "obj_class": "vehicle",
    "point_num_in_lidar": 34,
    "speed": 0.013488535931050556,
    "if_vehicle": true,
    "motion_state": false,
    "pose": [
      [
        -0.11037343320467219,
        -0.9929042912132108,
        0.044258035801484394,
        30.243530095935967
      ],
      [
        0.9936116911069354,
        -0.10917895725507228,
        0.028561557876125427,
        -44.63886646111496
      ],
      [
        -0.02352684717997569,
        0.04712773899824611,
        0.9986117682456398,
        2.0325052399173273
      ],
      [
        0.0,
        0.0,
        0.0,
        1.0
      ]
    ],
    "location": [
      30.243530095935967,
      -44.63886646111496,
      2.0325052399173273
    ],
    "rotation": [
      0.04715826459487549,
      0.02352901812157522,
      1.6814258449281982
    ]
  },
  {
    "label_id": "951I9qtwibM7CTh-mcoe5g",
    "size": [
      1.995801575849577,
      4.132825541414643,
      1.7700000000000102
    ],
    "obj_class": "vehicle",
    "point_num_in_lidar": 42,
    "speed": 6.355287432313019e-13,
    "if_vehicle": true,
    "motion_state": false,
    "pose": [
      [
        -0.19946092446469676,
        -0.9789058003090405,
        0.044258035801484394,
        29.45117043274513
      ],
      [
        0.9797180323965722,
        -0.1983351063444845,
        0.028561557876125427,
        -38.54055997416617
      ],
      [
        -0.01918115243351613,
        0.04905731049129126,
        0.9986117682456398,
        1.7436430260674882
      ],
      [
        0.0,
        0.0,
        0.0,
        1.0
      ]
    ],
    "location": [
      29.45117043274513,
      -38.54055997416617,
      1.7436430260674882
    ],
    "rotation": [
      0.04908604675464141,
      0.019182328805715274,
      1.7716415421832918
    ]
  },
  {
    "label_id": "Bs_gMVBq-pujfRXM-c_2tQ",
    "size": [
      1.121173514785172,
      0.18414095257569446,
      0.907077905995493
    ],
    "obj_class": "sign",
    "point_num_in_lidar": 64,
    "speed": 0.022977440303748924,
    "if_vehicle": false,
    "motion_state": false,
    "pose": [
      [
        -0.1724087102560627,
        -0.9840307225360575,
        0.044258035801484394,
        26.038769217967456
      ],
      [
        0.984811621110561,
        -0.17126093640196394,
        0.028561557876125427,
        -8.862643161923188
      ],
      [
        -0.020525777778925267,
        0.04851008934115577,
        0.9986117682456398,
        1.4987802245651807
      ],
      [
        0.0,
        0.0,
        0.0,
        1.0
      ]
    ],
    "location": [
      26.038769217967456,
      -8.862643161923188,
      1.4987802245651807
    ],
    "rotation": [
      0.04853936952142878,
      0.020527219329779692,
      1.7441076855318285
    ]
  },
  {
    "label_id": "Iyu9vNNsCr-uctIcYvC4Tg",
    "size": [
      2.4693239983386137,
      5.5369510550363685,
      2.509999999999991
    ],
    "obj_class": "vehicle",
    "point_num_in_lidar": 1212,
    "speed": 0.03102541243347936,
    "if_vehicle": true,
    "motion_state": false,
    "pose": [
      [
        -0.9892161058165514,
        0.13961633951702115,
        0.044258035801484394,
        -8.09151940245556
      ],
      [
        -0.13844325192368379,
        -0.9899584351923489,
        0.028561557876125427,
        1.3130439733758976
      ],
      [
        0.04780127602829263,
        0.022126326658162526,
        0.9986117682456398,
        1.714959561574716
      ],
      [
        0.0,
        0.0,
        0.0,
        1.0
      ]
    ],
    "location": [
      -8.09151940245556,
      1.3130439733758976,
      1.714959561574716
    ],
    "rotation": [
      0.02215346098893565,
      -0.04781949878822491,
      -3.0025433143051212
    ]
  },
  {
    "label_id": "NrKoxQ7n6G2lJ-Min5o00g",
    "size": [
      2.0863388635918434,
      4.134274428548164,
      2.0700000000000074
    ],
    "obj_class": "vehicle",
    "point_num_in_lidar": 614,
    "speed": 0.040730743107406486,
    "if_vehicle": true,
    "motion_state": false,
    "pose": [
      [
        0.9891312660513846,
        -0.1402161359707922,
        0.044258035801484394,
        -4.177035386495845
      ],
      [
        0.1390434987127342,
        0.989874306605344,
        0.028561557876125427,
        -7.601885172358379
      ],
      [
        -0.04781468378340531,
        -0.02209733775842,
        0.9986117682456398,
        1.2191197565104517
      ],
      [
        0.0,
        0.0,
        0.0,
        1.0
      ]
    ],
    "location": [
      -4.177035386495845,
      -7.601885172358379,
      1.2191197565104517
    ],
    "rotation": [
      -0.022124446015790892,
      0.047832921892055784,
      0.1396562457532579
    ]
  },
  {
    "label_id": "O_SVTU6XGhIZOX6avoLTog",
    "size": [
      2.3741287737432075,
      4.414826336950519,
      2.399074866694292
    ],
    "obj_class": "vehicle",
    "point_num_in_lidar": 1526,
    "speed": 0.025229596778402235,
    "if_vehicle": true,
    "motion_state": false,
    "pose": [
      [
        0.0038513705961825497,
        0.9990127092342347,
        0.044258035801484394,
        17.22671347643336
      ],
      [
        -0.9995886845619733,
        0.002588263385510939,
        0.028561557876125427,
        -15.067020244527157
      ],
      [
        0.02841880786019884,
        -0.04434983293228778,
        0.9986117682456398,
        0.2504155795509746
      ],
      [
        0.0,
        0.0,
        0.0,
        1.0
      ]
    ],
    "location": [
      17.22671347643336,
      -15.067020244527157,
      0.2504155795509746
    ],
    "rotation": [
      -0.04438232209634292,
      -0.028422634558301327,
      -1.566943390484564
    ]
  },
  {
    "label_id": "TsyxofNgJJEHB26jWuY9bw",
    "size": [
      1.8613707968225848,
      4.107063838046848,
      1.6500000000000057
    ],
    "obj_class": "vehicle",
    "point_num_in_lidar": 40,
    "speed": 2.8421709430404007e-13,
    "if_vehicle": true,
    "motion_state": false,
    "pose": [
      [
        0.2530699373990202,
        0.9664351158002541,
        0.044258035801484394,
        19.60626095146563
      ],
      [
        -0.96730811787145,
        0.2519905603622522,
        0.028561557876125427,
        -40.81217244704385
      ],
      [
        0.016450285251300264,
        -0.05003922897555068,
        0.9986117682456398,
        2.070537228535983
      ],
      [
        0.0,
        0.0,
        0.0,
        1.0
      ]
    ],
    "location": [
      19.60626095146563,
      -40.81217244704385,
      2.070537228535983
    ],
    "rotation": [
      -0.05006691542317129,
      -0.016451027282114568,
      -1.314908748380212
    ]
  },
  {
    "label_id": "XSC6PBs85X20Ym43cKECTA",
    "size": [
      0.4160202994225877,
      0.052233671233413596,
      0.5400000000000063
    ],
    "obj_class": "sign",
    "point_num_in_lidar": 24,
    "speed": 0.05263261310111536,
    "if_vehicle": false,
    "motion_state": false,
    "pose": [
      [
        -0.16610735038737018,
        -0.9851139905687474,
        0.044258035801484394,
        15.558386285938468
      ],
      [
        0.9858875273598474,
        -0.1649546022636984,
        0.028561557876125427,
        -29.248834454156167
      ],
      [
        -0.02083582356360377,
        0.048377730183867776,
        0.9986117682456398,
        2.50046462113842
      ],
      [
        0.0,
        0.0,
        0.0,
        1.0
      ]
    ],
    "location": [
      15.558386285938468,
      -29.248834454156167,
      2.50046462113842
    ],
    "rotation": [
      0.04840713755073921,
      0.020837331439574,
      1.7377137591404297
    ]
  },
  {
    "label_id": "bpsj0T9ovlb71KJZJ9Cq5Q",
    "size": [
      2.0545825341549753,
      4.490809873794545,
      1.5100000000000051
    ],
    "obj_class": "vehicle",
    "point_num_in_lidar": 20,
    "speed": 0.122175767014403,
    "if_vehicle": true,
    "motion_state": false,
    "pose": [
      [
        -0.09910118984176544,
        -0.9940926417788942,
        0.044258035801484394,
        31.1973274320344
      ],
      [
        0.9947864440418902,
        -0.09789876486544641,
        0.028561557876125427,
        -51.167913344434055
      ],
      [
        -0.024060027482062277,
        0.04685777842449581,
        0.9986117682456398,
        2.581721568257109
      ],
      [
        0.0,
        0.0,
        0.0,
        1.0
      ]
    ],
    "location": [
      31.1973274320344,
      -51.167913344434055,
      2.581721568257109
    ],
    "rotation": [
      0.046888526060059305,
      0.024062349418163823,
      1.670089289193591
    ]
  },
  {
    "label_id": "dYgqU5miR81hSV4x_GFo4w",
    "size": [
      1.990321566747755,
      4.4729038727806865,
      1.5100000000000051
    ],
    "obj_class": "vehicle",
    "point_num_in_lidar": 214,
    "speed": 0.03059239279438831,
    "if_vehicle": true,
    "motion_state": false,
    "pose": [
      [
        0.9821163780378982,
        -0.18299903348573948,
        0.044258035801484394,
        -11.974039496194564
      ],
      [
        0.1818597383451199,
        0.982909595527856,
        0.028561557876125427,
        -8.803052156879858
      ],
      [
        -0.048728385554672356,
        -0.020002018961893207,
        0.9986117682456398,
        1.7739902936401393
      ],
      [
        0.0,
        0.0,
        0.0,
        1.0
      ]
    ],
    "location": [
      -11.974039496194564,
      -8.803052156879858,
      1.7739902936401393
    ],
    "rotation": [
      -0.02002714703112888,
      0.048747690086441246,
      0.18309736473787133
    ]
  },
  {
    "label_id": "hZZVqo78R8-bZa4kLwPQzw",
    "size": [
      2.338015764453376,
      5.7785313826431315,
      2.3799999999999955
    ],
    "obj_class": "vehicle",
    "point_num_in_lidar": 130,
    "speed": 0.042121929427251986,
    "if_vehicle": true,
    "motion_state": false,
    "pose": [
      [
        0.9912408960727046,
        -0.1244295472143822,
        0.044258035801484394,
        -31.077161065189102
      ],
      [
        0.12324521339597429,
        0.9919651479697609,
        0.028561557876125427,
        -12.638959161286039
      ],
      [
        -0.04745633074693411,
        -0.02285679315552237,
        0.9986117682456398,
        4.126301126454436
      ],
      [
        0.0,
        0.0,
        0.0,
        1.0
      ]
    ],
    "location": [
      -31.077161065189102,
      -12.638959161286039,
      4.126301126454436
    ],
    "rotation": [
      -0.022884572043897655,
      0.04747416158351833,
      0.12369945311559723
    ]
  },
  {
    "label_id": "lCDK9nN_wov3Wy9imp2MIQ",
    "size": [
      2.237201155328218,
      4.816105688615463,
      1.6500000000000057
    ],
    "obj_class": "vehicle",
    "point_num_in_lidar": 1872,
    "speed": 0.018095205973920326,
    "if_vehicle": true,
    "motion_state": false,
    "pose": [
      [
        0.9809674783629748,
        -0.18906092314696057,
        0.044258035801484394,
        7.083746295319543
      ],
      [
        0.18792654850633023,
        0.9817677168140061,
        0.028561557876125427,
        -5.845263134975539
      ],
      [
        -0.0488509852580715,
        -0.019700699496018364,
        0.9986117682456398,
        -0.15503212664752652
      ],
      [
        0.0,
        0.0,
        0.0,
        1.0
      ]
    ],
    "location": [
      7.083746295319543,
      -5.845263134975539,
      -0.15503212664752652
    ],
    "rotation": [
      -0.019725527876493214,
      0.0488704359711654,
      0.18927937211681586
    ]
  },
  {
    "label_id": "nME1CQ_WrQsHRA39DFgYFw",
    "size": [
      2.1980657499468093,
      4.699929525608226,
      1.5300000000000011
    ],
    "obj_class": "vehicle",
    "point_num_in_lidar": 27,
    "speed": 0.07183922516266686,
    "if_vehicle": true,
    "motion_state": false,
    "pose": [
      [
        0.15848104274356117,
        0.986369598759972,
        0.044258035801484394,
        17.643410611774925
      ],
      [
        -0.9871341941629442,
        0.15732234464933303,
        0.028561557876125427,
        -30.709999789245558
      ],
      [
        0.021209474420369905,
        -0.04821508598072197,
        0.9986117682456398,
        1.0954363413594166
      ],
      [
        0.0,
        0.0,
        0.0,
        1.0
      ]
    ],
    "location": [
      17.643410611774925,
      -30.709999789245558,
      1.0954363413594166
    ],
    "rotation": [
      -0.048244647316202746,
      -0.021211064893725304,
      -1.4116081497079078
    ]
  },
  {
    "label_id": "p6E6I2ch5b1NXoAK_gInzA",
    "size": [
      1.9601609960815023,
      3.948561555880508,
      1.8900000000000006
    ],
    "obj_class": "vehicle",
    "point_num_in_lidar": 118,
    "speed": 0.05249336915236297,
    "if_vehicle": true,
    "motion_state": false,
    "pose": [
      [
        0.9862368130976535,
        -0.1593052879159338,
        0.044258035801484394,
        -19.730305687928194
      ],
      [
        0.15814722919205337,
        0.9870023765475769,
        0.028561557876125427,
        -10.307097304743365
      ],
      [
        -0.04823279371817661,
        -0.021169174085366668,
        0.9986117682456398,
        2.822256383548961
      ],
      [
        0.0,
        0.0,
        0.0,
        1.0
      ]
    ],
    "location": [
      -19.730305687928194,
      -10.307097304743365,
      2.822256383548961
    ],
    "rotation": [
      -0.021195428099945998,
      0.04825151480465339,
      0.15900061576099017
    ]
  },
  {
    "label_id": "rh8PTn6-dR7HEMBJILipSQ",
    "size": [
      2.1014279132466935,
      4.331056376434909,
      1.730000000000004
    ],
    "obj_class": "vehicle",
    "point_num_in_lidar": 186,
    "speed": 0.09401078201565591,
    "if_vehicle": true,
    "motion_state": false,
    "pose": [
      [
        -0.17172193893448442,
        -0.9841508024462388,
        0.044258035801484394,
        28.324569463901753
      ],
      [
        0.9849308998291905,
        -0.1705736203911672,
        0.028561557876125427,
        -33.36769911067495
      ],
      [
        -0.020559626704842446,
        0.048495753124106304,
        0.9986117682456398,
        1.14871749905069
      ],
      [
        0.0,
        0.0,
        0.0,
        1.0
      ]
    ],
    "location": [
      28.324569463901753,
      -33.36769911067495,
      1.14871749905069
    ],
    "rotation": [
      0.04852504716229345,
      0.020561075400127426,
      1.7434104861866464
    ]
  },
  {
    "label_id": "tAQ-yybPWgA9b1quak4OeQ",
    "size": [
      2.230732081127934,
      4.869049570328485,
      1.8700000000000045
    ],
    "obj_class": "vehicle",
    "point_num_in_lidar": 24,
    "speed": 1.9895196601282805e-12,
    "if_vehicle": true,
    "motion_state": false,
    "pose": [
      [
        0.18714691432321234,
        0.981334427566003,
        0.044258035801484394,
        20.67208752409624
      ],
      [
        -0.9821324515820724,
        0.1860109807540321,
        0.028561557876125427,
        -49.904653102259545
      ],
      [
        0.01979595940307963,
        -0.04881246062869972,
        0.9986117682456398,
        2.979948414616217
      ],
      [
        0.0,
        0.0,
        0.0,
        1.0
      ]
    ],
    "location": [
      20.67208752409624,
      -49.904653102259545,
      2.979948414616217
    ],
    "rotation": [
      -0.04884144387372766,
      -0.019797252571261463,
      -1.3825020489456479
    ]
  },
  {
    "label_id": "tFWoxavc3LDUVSsjgbE3rQ",
    "size": [
      2.0655712856238932,
      3.69233137434314,
      1.730000000000004
    ],
    "obj_class": "vehicle",
    "point_num_in_lidar": 511,
    "speed": 0.021538735534638177,
    "if_vehicle": true,
    "motion_state": false,
    "pose": [
      [
        0.9805210610498418,
        -0.1913626794980847,
        0.044258035801484394,
        1.4339433852819639
      ],
      [
        0.19023018609750655,
        0.9813239596122153,
        0.028561557876125427,
        -6.971512574886219
      ],
      [
        -0.04889708718318684,
        -0.019585994647108487,
        0.9986117682456398,
        0.5890349003904021
      ],
      [
        0.0,
        0.0,
        0.0,
        1.0
      ]
    ],
    "location": [
      1.4339433852819639,
      -6.971512574886219,
      0.5890349003904021
    ],
    "rotation": [
      -0.01961070799722032,
      0.04891659305629931,
      0.19162867320604693
    ]
  },
  {
    "label_id": "xorJBF-QFIwO5KT13E4lzA",
    "size": [
      2.2211669400199137,
      4.981518724498063,
      1.6500000000000057
    ],
    "obj_class": "vehicle",
    "point_num_in_lidar": 135,
    "speed": 0.04397067476495701,
    "if_vehicle": true,
    "motion_state": false,
    "pose": [
      [
        -0.9895004151813798,
        0.13758689844193603,
        0.044258035801484394,
        -25.245677023423013
      ],
      [
        -0.13641229060010784,
        -0.9902403366783846,
        0.028561557876125427,
        -1.2517148939223262
      ],
      [
        0.047755788435631864,
        0.022224333335511052,
        0.9986117682456398,
        3.0848060805704876
      ],
      [
        0.0,
        0.0,
        0.0,
        1.0
      ]
    ],
    "location": [
      -25.245677023423013,
      -1.2517148939223262,
      3.0848060805704876
    ],
    "rotation": [
      0.02225155553958752,
      -0.04777395918723165,
      -3.004596422921887
    ]
  },
  {
    "label_id": "xyEDDo36GemHFXeqNCTeqA",
    "size": [
      2.7034535338264796,
      6.067333655102615,
      2.200000000000003
    ],
    "obj_class": "vehicle",
    "point_num_in_lidar": 85,
    "speed": 0.07673152858938441,
    "if_vehicle": true,
    "motion_state": false,
    "pose": [
      [
        0.23075738972060167,
        0.9720042455443951,
        0.044258035801484394,
        23.50924833661611
      ],
      [
        -0.9728521711079823,
        0.22965820382075142,
        0.028561557876125427,
        -64.5792582392587
      ],
      [
        0.017597734508152458,
        -0.0496473167602975,
        0.9986117682456398,
        4.329864357177925
      ],
      [
        0.0,
        0.0,
        0.0,
        1.0
      ]
    ],
    "location": [
      23.50924833661611,
      -64.5792582392587,
      4.329864357177925
    ],
    "rotation": [
      -0.04967543367593748,
      -0.017598642913249078,
      -1.3379035877792986
    ]
  }
]