[
  {
    "label_id": "09Fy6aLIXmomFj8daA5KWg",
    "size": [
      1.9336777598641013,
      3.9037725122541556,
      2.0900000000000034
    ],
    "obj_class": "vehicle",
    "point_num_in_lidar": 352,
    "speed": 0.041266560061153576,
    "if_vehicle": true,
    "motion_state": false,
    "pose": [
      [
        -0.1786685256984617,
        -0.9821943344922351,
        0.05806760900961449,
        -5.518385206581115
      ],
      [
        0.9837870836959273,
        -0.17740466866036106,
        0.026278460582198584,
        8.128569144202629
      ],
      [
        -0.01550909016676292,
        0.06182129753461055,
        0.9979667305543489,
        1.0131316724350512
      ],
      [
        0.0,
        0.0,
        0.0,
        1.0
      ]
    ],
    "location": [
      -5.518385206581115,
      8.128569144202629,
      1.0131316724350512
    ],
    "rotation": [
      0.06186819486161655,
      0.015509711972499248,
      1.7504512054514743
    ]
  },
  {
    "label_id": "0qK7jFKlQ1FLGlWLoktfIA",
    "size": [
      0.6773045018859166,
      0.6168086755166287,
      1.740000000000009
    ],
    "obj_class": "pedestrian",
    "point_num_in_lidar": 220,
    "speed": 0.021964346433718765,
    "if_vehicle": false,
    "motion_state": false,
    "pose": [
      [
        0.05221752953712252,
        0.9969460779766107,
        0.05806760900961449,
        17.090838963340502
      ],
      [
        -0.9983650324904947,
        0.05076124909498696,
        0.026278460582198584,
        -12.887308506480622
      ],
      [
        0.02325062384739849,
        -0.059344866647170175,
        0.9979667305543489,
        -0.1564632530249952
      ],
      [
        0.0,
        0.0,
        0.0,
        1.0
      ]
    ],
    "location": [
      17.090838963340502,
      -12.887308506480622,
      -0.1564632530249952
    ],
    "rotation": [
      -0.05939583106923787,
      -0.023252719205474552,
      -1.5185408988985916
    ]
  },
  {
    "label_id": "Bs_gMVBq-pujfRXM-c_2tQ",
    "size": [
      1.1211735147851718,
      0.18414095257569446,
      0.907077905995493
    ],
    "obj_class": "sign",
    "point_num_in_lidar": 28,
    "speed": 0.022977440497097344,
    "if_vehicle": false,
    "motion_state": false,
    "pose": [
      [
        -0.17228661486273222,
        -0.9833338574070595,
        0.05806760900961449,
        26.022059830435865
      ],
      [
        0.9849183658317008,
        -0.1710124415264631,
        0.026278460582198584,
        -8.870297374860456
      ],
      [
        -0.015910216420674476,
        0.06171928159101438,
        0.9979667305543489,
        1.4942979600783417
      ],
      [
        0.0,
        0.0,
        0.0,
        1.0
      ]
    ],
    "location": [
      26.022059830435865,
      -8.870297374860456,
      1.4942979600783417
    ],
    "rotation": [
      0.0617663612077932,
      0.01591088773588392,
      1.7439689940792515
    ]
  },
  {
    "label_id": "Iyu9vNNsCr-uctIcYvC4Tg",
    "size": [
      2.4693239983386137,
      5.5369510550363685,
      2.509999999999991
    ],
    "obj_class": "vehicle",
    "point_num_in_lidar": 721,
    "speed": 0.031025413212362178,
    "if_vehicle": true,
    "motion_state": false,
    "pose": [
      [
        -0.9885155685331104,
        0.13951746683325397,
        0.05806760900961449,
        -8.115487451389527
      ],
      [
        -0.13819134737463445,
        -0.9900568640336841,
        0.026278460582198584,
        1.3066105488305766
      ],
      [
        0.06115653913069888,
        0.017952226274724876,
        0.9979667305543489,
        1.714959561574716
      ],
      [
        0.0,
        0.0,
        0.0,
        1.0
      ]
    ],
    "location": [
      -8.115487451389527,
      1.3066105488305766,
      1.714959561574716
    ],
    "rotation": [
      0.017986862359353435,
      -0.06119472559133595,
      -3.002695977628371
    ]
  },
  {
    "label_id": "NrKoxQ7n6G2lJ-Min5o00g",
    "size": [
      2.086338863591842,
      4.134274428548164,
      2.0700000000000074
    ],
    "obj_class": "vehicle",
    "point_num_in_lidar": 314,
    "speed": 0.04073074344816782,
    "if_vehicle": true,
    "motion_state": false,
    "pose": [
      [
        0.9884307888492728,
        -0.14011683852667647,
        0.05806760900961449,
        -4.203735178687566
      ],
      [
        0.1387916538934106,
        0.9899728881736921,
        0.026278460582198584,
        -7.620554537521457
      ],
      [
        -0.0611674134187143,
        -0.017915140030926764,
        0.9979667305543489,
        1.2214721923270133
      ],
      [
        0.0,
        0.0,
        0.0,
        1.0
      ]
    ],
    "location": [
      -4.203735178687566,
      -7.620554537521457,
      1.2214721923270133
    ],
    "rotation": [
      -0.01794971255234426,
      0.06120562027579284,
      0.13950407631263642
    ]
  },
  {
    "label_id": "O_SVTU6XGhIZOX6avoLTog",
    "size": [
      2.374128773743207,
      4.414826336950519,
      2.399074866694292
    ],
    "obj_class": "vehicle",
    "point_num_in_lidar": 1694,
    "speed": 0.02972095770167183,
    "if_vehicle": true,
    "motion_state": false,
    "pose": [
      [
        0.003848643155050236,
        0.9983052342494111,
        0.05806760900961449,
        17.22540014237802
      ],
      [
        -0.9996519571378607,
        0.002325317155684254,
        0.026278460582198584,
        -15.090756990726732
      ],
      [
        0.02609889913980605,
        -0.05814853541022213,
        0.9979667305543489,
        0.2684819761037289
      ],
      [
        0.0,
        0.0,
        0.0,
        1.0
      ]
    ],
    "location": [
      17.22540014237802,
      -15.090756990726732,
      0.2684819761037289
    ],
    "rotation": [
      -0.0582012022437851,
      -0.026101862936912343,
      -1.566946362702493
    ]
  },
  {
    "label_id": "TsyxofNgJJEHB26jWuY9bw",
    "size": [
      1.8613707968225852,
      4.107063838046848,
      1.6500000000000057
    ],
    "obj_class": "vehicle",
    "point_num_in_lidar": 99,
    "speed": 2.8421709430404007e-13,
    "if_vehicle": true,
    "motion_state": false,
    "pose": [
      [
        0.2528907198090297,
        0.9657507114252505,
        0.05806760900961449,
        19.60626095146472
      ],
      [
        -0.9674350159489765,
        0.25175172775024507,
        0.026278460582198584,
        -40.81217244704385
      ],
      [
        0.010759821107922542,
        -0.06282221706044074,
        0.9979667305543489,
        2.070537228536054
      ],
      [
        0.0,
        0.0,
        0.0,
        1.0
      ]
    ],
    "location": [
      19.60626095146472,
      -40.81217244704385,
      2.070537228536054
    ],
    "rotation": [
      -0.06286725740227318,
      -0.010760028736213439,
      -1.3151142608039974
    ]
  },
  {
    "label_id": "XSC6PBs85X20Ym43cKECTA",
    "size": [
      0.4160202994225887,
      0.052233671233413596,
      0.5400000000000063
    ],
    "obj_class": "sign",
    "point_num_in_lidar": 23,
    "speed": 0.0602338932419687,
    "if_vehicle": false,
    "motion_state": false,
    "pose": [
      [
        -0.16598971745430535,
        -0.9844163582973144,
        0.05806760900961449,
        15.523484448122872
      ],
      [
        0.9859926795194582,
        -0.16470542930780654,
        0.026278460582198584,
        -29.272376558994438
      ],
      [
        -0.016304895997181046,
        0.06161619164785126,
        0.9979667305543489,
        2.487132277323383
      ],
      [
        0.0,
        0.0,
        0.0,
        1.0
      ]
    ],
    "location": [
      15.523484448122872,
      -29.272376558994438,
      2.487132277323383
    ],
    "rotation": [
      0.06166345417049318,
      0.016305618525392914,
      1.7375802730325436
    ]
  },
  {
    "label_id": "YA4_a4ENJ6Uo5vwvTlJ7QQ",
    "size": [
      1.8755449346657032,
      3.891468938046787,
      1.4399999999999977
    ],
    "obj_class": "vehicle",
    "point_num_in_lidar": 85,
    "speed": 0.027603604906660546,
    "if_vehicle": true,
    "motion_state": false,
    "pose": [
      [
        0.17262156561369504,
        0.9832751130121129,
        0.05806760900961449,
        18.471054234898475
      ],
      [
        -0.9848600553765116,
        0.1713479320949178,
        0.026278460582198584,
        -35.791950401400754
      ],
      [
        0.01588919157325201,
        -0.061724697632407434,
        0.9979667305543489,
        1.5864348013517713
      ],
      [
        0.0,
        0.0,
        0.0,
        1.0
      ]
    ],
    "location": [
      18.471054234898475,
      -35.791950401400754,
      1.5864348013517713
    ],
    "rotation": [
      -0.06177176760365545,
      -0.015889860230410197,
      -1.3972836282866523
    ]
  },
  {
    "label_id": "dYgqU5miR81hSV4x_GFo4w",
    "size": [
      1.9903215667477552,
      4.4729038727806865,
      1.5100000000000051
    ],
    "obj_class": "vehicle",
    "point_num_in_lidar": 113,
    "speed": 0.030592393562337696,
    "if_vehicle": true,
    "motion_state": false,
    "pose": [
      [
        0.9814208685982034,
        -0.1828694382991719,
        0.05806760900961449,
        -11.998464570391661
      ],
      [
        0.18161240778005408,
        0.9830190109299826,
        0.026278460582198584,
        -8.804535769233553
      ],
      [
        -0.06188709090173376,
        -0.015244431323738136,
        0.9979667305543489,
        1.7800104814565714
      ],
      [
        0.0,
        0.0,
        0.0,
        1.0
      ]
    ],
    "location": [
      -11.998464570391661,
      -8.804535769233553,
      1.7800104814565714
    ],
    "rotation": [
      -0.015274302547419061,
      0.06192666386096361,
      0.18298058017955837
    ]
  },
  {
    "label_id": "hZZVqo78R8-bZa4kLwPQzw",
    "size": [
      2.3380157644533752,
      5.7785313826431315,
      2.3799999999999955
    ],
    "obj_class": "vehicle",
    "point_num_in_lidar": 89,
    "speed": 0.04212193048440935,
    "if_vehicle": true,
    "motion_state": false,
    "pose": [
      [
        0.9905389248851275,
        -0.1243414294244776,
        0.05806760900961449,
        -31.107916983127325
      ],
      [
        0.12299182899043182,
        0.9920597020900598,
        0.026278460582198584,
        -12.65271573089558
      ],
      [
        -0.06087403624702558,
        -0.018887996655533427,
        0.9979667305543489,
        4.129840268186783
      ],
      [
        0.0,
        0.0,
        0.0,
        1.0
      ]
    ],
    "location": [
      -31.107916983127325,
      -12.65271573089558,
      4.129840268186783
    ],
    "rotation": [
      -0.018924219878246454,
      0.060911695373761704,
      0.12353431073607525
    ]
  },
  {
    "label_id": "lCDK9nN_wov3Wy9imp2MIQ",
    "size": [
      2.237201155328217,
      4.816105688615463,
      1.6500000000000057
    ],
    "obj_class": "vehicle",
    "point_num_in_lidar": 831,
    "speed": 0.029243397696939358,
    "if_vehicle": true,
    "motion_state": false,
    "pose": [
      [
        0.9802727825443406,
        -0.18892703508678288,
        0.05806760900961449,
        7.066366510279295
      ],
      [
        0.18767989838845717,
        0.9818786575999746,
        0.026278460582198584,
        -5.860918322556245
      ],
      [
        -0.06198005762884014,
        -0.014861936717308472,
        0.9979667305543489,
        -0.15503212664746968
      ],
      [
        0.0,
        0.0,
        0.0,
        1.0
      ]
    ],
    "location": [
      7.066366510279295,
      -5.860918322556245,
      -0.15503212664746968
    ],
    "rotation": [
      -0.014891115830207285,
      0.06201980940206625,
      0.18916762013754115
    ]
  },
  {
    "label_id": "nME1CQ_WrQsHRA39DFgYFw",
    "size": [
      2.1980657499468075,
      4.699929525608226,
      1.5300000000000011
    ],
    "obj_class": "vehicle",
    "point_num_in_lidar": 231,
    "speed": 0.07070995074261048,
    "if_vehicle": true,
    "motion_state": false,
    "pose": [
      [
        0.1583688105644618,
        0.9856710772992704,
        0.05806760900961449,
        17.586020987852862
      ],
      [
        -0.9872374154485405,
        0.15707236564054117,
        0.026278460582198584,
        -30.712890936823896
      ],
      [
        0.01678110183759194,
        -0.06148820478579607,
        0.9979667305543489,
        1.095436341359445
      ],
      [
        0.0,
        0.0,
        0.0,
        1.0
      ]
    ],
    "location": [
      17.586020987852862,
      -30.712890936823896,
      1.095436341359445
    ],
    "rotation": [
      -0.06153569256799777,
      -0.016781889545506454,
      -1.4117353430649613
    ]
  },
  {
    "label_id": "p6E6I2ch5b1NXoAK_gInzA",
    "size": [
      1.960160996080595,
      3.948561555880508,
      1.8900000000000006
    ],
    "obj_class": "vehicle",
    "point_num_in_lidar": 56,
    "speed": 0.05249336871240043,
    "if_vehicle": true,
    "motion_state": false,
    "pose": [
      [
        0.9857650343893272,
        -0.15778291973250821,
        0.05806760900961449,
        -19.769213303186007
      ],
      [
        0.1564855440380322,
        0.9873306016813977,
        0.026278460582198584,
        -10.322883404167442
      ],
      [
        -0.06147821957839775,
        -0.016817646212652304,
        0.9979667305543489,
        2.829704013909634
      ],
      [
        0.0,
        0.0,
        0.0,
        1.0
      ]
    ],
    "location": [
      -19.769213303186007,
      -10.322883404167442,
      2.829704013909634
    ],
    "rotation": [
      -0.016850315718925455,
      0.06151701248151768,
      0.15743162000508037
    ]
  },
  {
    "label_id": "piLHcIoCY1ZiZ-XhOTURgA",
    "size": [
      0.5499261972470282,
      0.10884251341522641,
      0.46999999999999886
    ],
    "obj_class": "sign",
    "point_num_in_lidar": 113,
    "speed": 0.034427438130437533,
    "if_vehicle": false,
    "motion_state": false,
    "pose": [
      [
        -0.12790611754633108,
        -0.9900849346789047,
        0.05806760900961449,
        26.01023651566993
      ],
      [
        0.9916105599848815,
        -0.12656199996799894,
        0.026278460582198584,
        -8.85664158805048
      ],
      [
        -0.01866875519937165,
        0.06094163015517028,
        0.9979667305543489,
        0.7806976838291604
      ],
      [
        0.0,
        0.0,
        0.0,
        1.0
      ]
    ],
    "location": [
      26.01023651566993,
      -8.85664158805048,
      0.7806976838291604
    ],
    "rotation": [
      0.060990057333532174,
      0.018669839782773232,
      1.699076273557882
    ]
  },
  {
    "label_id": "tAQ-yybPWgA9b1quak4OeQ",
    "size": [
      2.2307320811279356,
      4.869049570328485,
      1.8700000000000045
    ],
    "obj_class": "vehicle",
    "point_num_in_lidar": 52,
    "speed": 1.9895196601282805e-12,
    "if_vehicle": true,
    "motion_state": false,
    "pose": [
      [
        0.1870143817146213,
        0.9806394718834259,
        0.05806760900961449,
        20.67208752409624
      ],
      [
        -0.9822429109974967,
        0.18576411468470877,
        0.026278460582198584,
        -49.904653102259545
      ],
      [
        0.014982817727707792,
        -0.06195094736646012,
        0.9979667305543489,
        3.02046378878633
      ],
      [
        0.0,
        0.0,
        0.0,
        1.0
      ]
    ],
    "location": [
      20.67208752409624,
      -49.904653102259545,
      3.02046378878633
    ],
    "rotation": [
      -0.06199761117116264,
      -0.014983378353550786,
      -1.3826529321608476
    ]
  },
  {
    "label_id": "tFWoxavc3LDUVSsjgbE3rQ",
    "size": [
      2.0655712856238924,
      3.69233137434314,
      1.730000000000004
    ],
    "obj_class": "vehicle",
    "point_num_in_lidar": 185,
    "speed": 0.06142439131758553,
    "if_vehicle": true,
    "motion_state": false,
    "pose": [
      [
        0.9798266813724136,
        -0.19122716139353574,
        0.05806760900961449,
        1.4146035382955233
      ],
      [
        0.18998379703088303,
        0.9814354789669865,
        0.026278460582198584,
        -6.955818503322007
      ],
      [
        -0.06201476708374444,
        -0.014716431979680148,
        0.9979667305543489,
        0.5445901659697796
      ],
      [
        0.0,
        0.0,
        0.0,
        1.0
      ]
    ],
    "location": [
      1.4146035382955233,
      -6.955818503322007,
      0.5445901659697796
    ],
    "rotation": [
      -0.014745346652409896,
      0.062054585755891574,
      0.19151883295946112
    ]
  },
  {
    "label_id": "xorJBF-QFIwO5KT13E4lzA",
    "size": [
      2.221166940019914,
      4.981518724498063,
      1.6500000000000057
    ],
    "obj_class": "vehicle",
    "point_num_in_lidar": 81,
    "speed": 0.04397067513503348,
    "if_vehicle": true,
    "motion_state": false,
    "pose": [
      [
        -0.9887996765573935,
        0.13748946295589606,
        0.05806760900961449,
        -25.27812986005938
      ],
      [
        -0.1361601846770973,
        -0.9903382485888994,
        0.026278460582198584,
        -1.2652727617205528
      ],
      [
        0.06111958563908077,
        0.018077636957597586,
        0.9979667305543489,
        3.084806080570573
      ],
      [
        0.0,
        0.0,
        0.0,
        1.0
      ]
    ],
    "location": [
      -25.27812986005938,
      -1.2652727617205528,
      3.084806080570573
    ],
    "rotation": [
      0.018112487618857087,
      -0.06115770284195967,
      -3.004750756771265
    ]
  },
  {
    "label_id": "xuEWpHZ1ATjBf4SmAni3Hg",
    "size": [
      1.0000000000012588,
      1.0,
      1.9699999999999989
    ],
    "obj_class": "pedestrian",
    "point_num_in_lidar": 32,
    "speed": 0.023518305111614266,
    "if_vehicle": false,
    "motion_state": false,
    "pose": [
      [
        0.5465271535795132,
        0.8354257735934305,
        0.05806760900961449,
        32.88617131034334
      ],
      [
        -0.8373846216436959,
        0.5459820857354883,
        0.026278460582198584,
        -38.368516034199274
      ],
      [
        -0.00975017102001443,
        -0.06298681506271052,
        0.9979667305543489,
        1.9570975383400793
      ],
      [
        0.0,
        0.0,
        0.0,
        1.0
      ]
    ],
    "location": [
      32.88617131034334,
      -38.368516034199274,
      1.9570975383400793
    ],
    "rotation": [
      -0.06303153805163379,
      0.009750325511315038,
      -0.9925536770617834
    ]
  },
  {
    "label_id": "xyEDDo36GemHFXeqNCTeqA",
    "size": [
      2.7034535338264774,
      6.067333655102615,
      2.200000000000003
    ],
    "obj_class": "vehicle",
    "point_num_in_lidar": 120,
    "speed": 0.03880123484596328,
    "if_vehicle": true,
    "motion_state": false,
    "pose": [
      [
        0.2305939733002877,
        0.9713158972556215,
        0.05806760900961449,
        23.474051190608407
      ],
      [
        -0.972973538091648,
        0.2294165135356438,
        0.026278460582198584,
        -64.5842197820657
      ],
      [
        0.012203018110558003,
        -0.06255790162447122,
        0.9979667305543489,
        4.32986435717801
      ],
      [
        0.0,
        0.0,
        0.0,
        1.0
      ]
    ],
    "location": [
      23.474051190608407,
      -64.5842197820657,
      4.32986435717801
    ],
    "rotation": [
      -0.06260344447372848,
      -0.01220332099685189,
      -1.3380906170138733
    ]
  }
]