[
  {
    "label_id": "1UOZjC0IcEiKv8-DWSRMhg",
    "size": [
      0.7870144939460867,
      0.08611861253863681,
      0.9300000000000068
    ],
    "obj_class": "sign",
    "point_num_in_lidar": 78,
    "speed": 0.03216917883242341,
    "if_vehicle": false,
    "motion_state": false,
    "pose": [
      [
        0.988156439152985,
        -0.14775215842654668,
        0.0414264582216459,
        -58.64628400005222
      ],
      [
        0.14713492526845512,
        0.9889600278454244,
        0.017589118517528823,
        -1.6311494459823734
      ],
      [
        -0.04356794150220146,
        -0.011285521887542463,
        0.9989867223687142,
        7.516199918446006
      ],
      [
        0.0,
        0.0,
        0.0,
        1.0
      ]
    ],
    "location": [
      -58.64628400005222,
      -1.6311494459823734,
      7.516199918446006
    ],
    "rotation": [
      -0.011296488311455513,
      0.043581736482878636,
      0.14781242688372795
    ]
  },
  {
    "label_id": "3Cij1nMocVFHTf2ipozZZg",
    "size": [
      2.0719024155393146,
      4.232229999427425,
      1.8299999999999983
    ],
    "obj_class": "vehicle",
    "point_num_in_lidar": 58,
    "speed": 0.03562641509219234,
    "if_vehicle": true,
    "motion_state": false,
    "pose": [
      [
        0.9894421543580642,
        -0.13888150250657214,
        0.0414264582216459,
        -101.747600841024
      ],
      [
        0.13825708522505467,
        0.9902401735411709,
        0.017589118517528823,
        -23.553380638168164
      ],
      [
        -0.04346494638607927,
        -0.011675913954320773,
        0.9989867223687142,
        9.684316739279595
      ],
      [
        0.0,
        0.0,
        0.0,
        1.0
      ]
    ],
    "location": [
      -101.747600841024,
      -23.553380638168164,
      9.684316739279595
    ],
    "rotation": [
      -0.01168722474376535,
      0.0434786437080461,
      0.1388334346763585
    ]
  },
  {
    "label_id": "3DLC1LTjeykLCTWkbZ15QQ",
    "size": [
      2.138533384026769,
      4.399787758886019,
      2.180000000000007
    ],
    "obj_class": "vehicle",
    "point_num_in_lidar": 1097,
    "speed": 0.03183451816313363,
    "if_vehicle": true,
    "motion_state": false,
    "pose": [
      [
        -0.145093853969253,
        -0.988550262808907,
        0.0414264582216459,
        -37.73589300165713
      ],
      [
        0.9893521884691402,
        -0.1444744616916746,
        0.017589118517528823,
        -23.30239389770213
      ],
      [
        -0.011402662481715193,
        0.04353743009574099,
        0.9989867223687142,
        5.17892485703571
      ],
      [
        0.0,
        0.0,
        0.0,
        1.0
      ]
    ],
    "location": [
      -37.73589300165713,
      -23.30239389770213,
      5.17892485703571
    ],
    "rotation": [
      0.043554029444233415,
      0.011402909593222262,
      1.716413690827501
    ]
  },
  {
    "label_id": "6EEh5yAbArSGhJSNWWiopQ",
    "size": [
      1.0355069565987494,
      0.12083340226425078,
      1.25
    ],
    "obj_class": "sign",
    "point_num_in_lidar": 82,
    "speed": 0.019334382134970216,
    "if_vehicle": false,
    "motion_state": false,
    "pose": [
      [
        0.538371597787144,
        -0.8416887021074524,
        0.0414264582216459,
        -49.449540651117786
      ],
      [
        0.8418883585988712,
        0.5393650105128017,
        0.017589118517528823,
        -22.318069177626967
      ],
      [
        -0.03714854441045917,
        0.025406971074836745,
        0.9989867223687142,
        7.6859379919048365
      ],
      [
        0.0,
        0.0,
        0.0,
        1.0
      ]
    ],
    "location": [
      -49.449540651117786,
      -22.318069177626967,
      7.6859379919048365
    ],
    "rotation": [
      0.02542726012462471,
      0.03715709397493139,
      1.0018514218443428
    ]
  },
  {
    "label_id": "6QTL7Oz_74MY1upsBmddww",
    "size": [
      2.294447331870708,
      5.061554088041067,
      2.4799999999999898
    ],
    "obj_class": "vehicle",
    "point_num_in_lidar": 185,
    "speed": 7.105427357601002e-13,
    "if_vehicle": true,
    "motion_state": false,
    "pose": [
      [
        -0.9886615973172603,
        0.14433327595982054,
        0.0414264582216459,
        -43.302790177503994
      ],
      [
        -0.14371326690896968,
        -0.9894630462145252,
        0.017589118517528823,
        18.3556654457916
      ],
      [
        0.043528644642748984,
        0.011436154361441969,
        0.9989867223687142,
        1.7004802084235848
      ],
      [
        0.0,
        0.0,
        0.0,
        1.0
      ]
    ],
    "location": [
      -43.302790177503994,
      18.3556654457916,
      1.7004802084235848
    ],
    "rotation": [
      0.011447254073774485,
      -0.043542402308000175,
      -2.9972422593443957
    ]
  },
  {
    "label_id": "Bt_73mr1usZQmNxqWbdtvQ",
    "size": [
      2.1834311668458315,
      4.800535047126103,
      1.7600000000000051
    ],
    "obj_class": "vehicle",
    "point_num_in_lidar": 40,
    "speed": 6.355287432313019e-13,
    "if_vehicle": true,
    "motion_state": false,
    "pose": [
      [
        0.990599074995169,
        -0.13037377488561813,
        0.0414264582216459,
        -45.097700714482016
      ],
      [
        0.1297425230201244,
        0.9913916988910836,
        0.017589118517528823,
        -43.32008594209583
      ],
      [
        -0.043363006573438785,
        -0.012048991323980334,
        0.9989867223687142,
        7.737020924471324
      ],
      [
        0.0,
        0.0,
        0.0,
        1.0
      ]
    ],
    "location": [
      -45.097700714482016,
      -43.32008594209583,
      7.737020924471324
    ],
    "rotation": [
      -0.01206062787237316,
      0.043376607692628175,
      0.1302324987488037
    ]
  },
  {
    "label_id": "CqIxVE2TiIy7ctEX1vLLIw",
    "size": [
      1.9200110352944193,
      4.439518699582246,
      1.6800000000000068
    ],
    "obj_class": "vehicle",
    "point_num_in_lidar": 835,
    "speed": 0.023741946624537626,
    "if_vehicle": true,
    "motion_state": false,
    "pose": [
      [
        -0.9826176667752896,
        0.18095957974170948,
        0.0414264582216459,
        -46.61293883014878
      ],
      [
        -0.1803697701268359,
        -0.9834415940635054,
        0.017589118517528823,
        -24.978211139958148
      ],
      [
        0.04392342160485979,
        0.00981129785172097,
        0.9989867223687142,
        4.958084955722001
      ],
      [
        0.0,
        0.0,
        0.0,
        1.0
      ]
    ],
    "location": [
      -46.61293883014878,
      -24.978211139958148,
      4.958084955722001
    ],
    "rotation": [
      0.009820933746531464,
      -0.04393755721480165,
      -2.960053128202054
    ]
  },
  {
    "label_id": "DrPx65a2qCxaMXjPovdg4g",
    "size": [
      2.240067317307935,
      4.750990034721823,
      1.9100000000000108
    ],
    "obj_class": "vehicle",
    "point_num_in_lidar": 34,
    "speed": 0.035872419460263566,
    "if_vehicle": true,
    "motion_state": false,
    "pose": [
      [
        -0.979037756390496,
        0.19942146354160065,
        0.0414264582216459,
        -106.60125390751637
      ],
      [
        -0.19884726561252528,
        -0.9798726385955463,
        0.017589118517528823,
        -11.086896814787906
      ],
      [
        0.0441003006824846,
        0.008982873188902141,
        0.9989867223687142,
        9.822777612556266
      ],
      [
        0.0,
        0.0,
        0.0,
        1.0
      ]
    ],
    "location": [
      -106.60125390751637,
      -11.086896814787906,
      9.822777612556266
    ],
    "rotation": [
      0.008991742226152205,
      -0.044114607853210634,
      -2.941213501470078
    ]
  },
  {
    "label_id": "G2VrcGN9URSKK_AbuLvKeg",
    "size": [
      2.1813013017676033,
      4.6351412295512375,
      1.5400000000000063
    ],
    "obj_class": "vehicle",
    "point_num_in_lidar": 466,
    "speed": 0.01858558364300105,
    "if_vehicle": true,
    "motion_state": false,
    "pose": [
      [
        -0.9906751911366241,
        0.1297941224617801,
        0.0414264582216459,
        -45.30574999862347
      ],
      [
        -0.12916240691563463,
        -0.9914674455318925,
        0.017589118517528823,
        -41.08255926385573
      ],
      [
        0.043355948913307824,
        0.012074362295379835,
        0.9989867223687142,
        7.7438185130832835
      ],
      [
        0.0,
        0.0,
        0.0,
        1.0
      ]
    ],
    "location": [
      -45.30574999862347,
      -41.08255926385573,
      7.7438185130832835
    ],
    "rotation": [
      0.012086020875909717,
      -0.04336954338877097,
      -3.011945793878483
    ]
  },
  {
    "label_id": "H980D-c98LHvo0e-QFTeuA",
    "size": [
      0.905116266098474,
      1.1909958010824866,
      1.8400000000000034
    ],
    "obj_class": "pedestrian",
    "point_num_in_lidar": 36,
    "speed": 1.3312058492064915,
    "if_vehicle": false,
    "motion_state": true,
    "pose": [
      [
        0.9969927102071315,
        -0.0654933916746488,
        0.0414264582216459,
        -91.92866545673314
      ],
      [
        0.0648117919289383,
        0.997742479067989,
        0.017589118517528823,
        -26.420403655196424
      ],
      [
        -0.042484908153351784,
        -0.014851299950331335,
        0.9989867223687142,
        9.112370949679885
      ],
      [
        0.0,
        0.0,
        0.0,
        1.0
      ]
    ],
    "location": [
      -91.92866545673314,
      -26.420403655196424,
      9.112370949679885
    ],
    "rotation": [
      -0.014865268650419705,
      0.042497699191259536,
      0.06491594671074292
    ]
  },
  {
    "label_id": "Hf6RKtyju1TIshrc0-YqhA",
    "size": [
      2.173916323158264,
      4.665393274231874,
      1.5900000000000034
    ],
    "obj_class": "vehicle",
    "point_num_in_lidar": 418,
    "speed": 0.004776815223350338,
    "if_vehicle": true,
    "motion_state": false,
    "pose": [
      [
        -0.9710188414985368,
        0.23538533942038428,
        0.0414264582216459,
        -46.64429106333682
      ],
      [
        -0.23484231607956266,
        -0.9718743280322631,
        0.017589118517528823,
        -27.13229006468282
      ],
      [
        0.04440153187927262,
        0.007350680090126735,
        0.9989867223687142,
        5.39846443486914
      ],
      [
        0.0,
        0.0,
        0.0,
        1.0
      ]
    ],
    "location": [
      -46.64429106333682,
      -27.13229006468282,
      5.39846443486914
    ],
    "rotation": [
      0.007358003133846193,
      -0.04441613441195645,
      -2.9042977940123587
    ]
  },
  {
    "label_id": "ISt0bJGy05IGYz7zPxMaXw",
    "size": [
      1.922521815133545,
      4.093562992219752,
      1.4399999999999977
    ],
    "obj_class": "vehicle",
    "point_num_in_lidar": 371,
    "speed": 0.029898884038449657,
    "if_vehicle": true,
    "motion_state": false,
    "pose": [
      [
        0.9798277058629785,
        -0.19550323624559943,
        0.0414264582216459,
        -46.30778087760882
      ],
      [
        0.19492570297268208,
        0.980660284313779,
        0.017589118517528823,
        -29.375473960515592
      ],
      [
        -0.04406401189063645,
        -0.009159224154659527,
        0.9989867223687142,
        5.901484876315024
      ],
      [
        0.0,
        0.0,
        0.0,
        1.0
      ]
    ],
    "location": [
      -46.30778087760882,
      -29.375473960515592,
      5.901484876315024
    ],
    "rotation": [
      -0.009168257511339414,
      0.044078283751037416,
      0.1963749230936179
    ]
  },
  {
    "label_id": "JE7ahEGrVwxUrwmwVUtMgA",
    "size": [
      1.9198957419612226,
      4.076168499645224,
      1.740000000000009
    ],
    "obj_class": "vehicle",
    "point_num_in_lidar": 41,
    "speed": 0.06709103424406025,
    "if_vehicle": true,
    "motion_state": false,
    "pose": [
      [
        -0.09780067062379862,
        -0.994343440358886,
        0.0414264582216459,
        -36.441656179704296
      ],
      [
        0.9951149252419119,
        -0.09714375157754819,
        0.017589118517528823,
        -33.9656193097162
      ],
      [
        -0.01346530305337855,
        0.04294431446296614,
        0.9989867223687142,
        6.705433038274322
      ],
      [
        0.0,
        0.0,
        0.0,
        1.0
      ]
    ],
    "location": [
      -36.441656179704296,
      -33.9656193097162,
      6.705433038274322
    ],
    "rotation": [
      0.04296142251771915,
      0.01346570999544238,
      1.668762492697333
    ]
  },
  {
    "label_id": "MizMmjifXpwFZMBgTlIKWQ",
    "size": [
      2.0628119252194357,
      4.3535405898767285,
      1.710000000000008
    ],
    "obj_class": "vehicle",
    "point_num_in_lidar": 130,
    "speed": 0.04783960555297352,
    "if_vehicle": true,
    "motion_state": false,
    "pose": [
      [
        0.19923925214047752,
        0.9790748536070741,
        0.0414264582216459,
        -52.423729560707216
      ],
      [
        -0.9799096289341402,
        0.1986648988420752,
        0.017589118517528823,
        14.484875467074744
      ],
      [
        0.00899108050563827,
        -0.044098628123271366,
        0.9989867223687142,
        2.046553379793849
      ],
      [
        0.0,
        0.0,
        0.0,
        1.0
      ]
    ],
    "location": [
      -52.423729560707216,
      14.484875467074744,
      2.046553379793849
    ],
    "rotation": [
      -0.044114717965357805,
      -0.008991201649163623,
      -1.370206561125054
    ]
  },
  {
    "label_id": "OSmX9FeSlXbjbC3fck_O5w",
    "size": [
      0.402053272152923,
      0.09332958373306334,
      0.5700000000000074
    ],
    "obj_class": "sign",
    "point_num_in_lidar": 32,
    "speed": 0.02203853627991732,
    "if_vehicle": false,
    "motion_state": false,
    "pose": [
      [
        0.1090424965999826,
        0.9931734906321518,
        0.0414264582216459,
        -39.60678267993535
      ],
      [
        -0.9939523572677579,
        0.10839434667750797,
        0.017589118517528823,
        13.37424634538911
      ],
      [
        0.012978652361098334,
        -0.043093887198803554,
        0.9989867223687142,
        3.8128874375170767
      ],
      [
        0.0,
        0.0,
        0.0,
        1.0
      ]
    ],
    "location": [
      -39.60678267993535,
      13.37424634538911,
      3.8128874375170767
    ],
    "rotation": [
      -0.043110869830739806,
      -0.012979016754471936,
      -1.461527334892055
    ]
  },
  {
    "label_id": "QVnU0JqLVc0X0fjWdCLaUg",
    "size": [
      0.7930526175234052,
      0.07580443676918142,
      0.7999999999999972
    ],
    "obj_class": "sign",
    "point_num_in_lidar": 117,
    "speed": 0.027644782657029552,
    "if_vehicle": false,
    "motion_state": false,
    "pose": [
      [
        -0.13494470101296116,
        -0.9899867555819788,
        0.0414264582216459,
        -52.60582205162518
      ],
      [
        0.9907822847080743,
        -0.13431711439137178,
        0.017589118517528823,
        3.600971966940051
      ],
      [
        -0.011848712046929069,
        0.043418159263635375,
        0.9989867223687142,
        5.645759282295671
      ],
      [
        0.0,
        0.0,
        0.0,
        1.0
      ]
    ],
    "location": [
      -52.60582205162518,
      3.600971966940051,
      5.645759282295671
    ],
    "rotation": [
      0.04343486335429904,
      0.011848989308464342,
      1.706163540614303
    ]
  },
  {
    "label_id": "Qloun3jocmcTDyPhGCT3hA",
    "size": [
      2.1564132570100725,
      4.519425058393139,
      1.8500000000000085
    ],
    "obj_class": "vehicle",
    "point_num_in_lidar": 5736,
    "speed": 10.20738155083527,
    "if_vehicle": true,
    "motion_state": true,
    "pose": [
      [
        0.9827809068936854,
        -0.1800709238173548,
        0.0414264582216459,
        -37.351848351810986
      ],
      [
        0.17948036936554387,
        0.9836043004797124,
        0.017589118517528823,
        -9.923195752795436
      ],
      [
        -0.0439145312810384,
        -0.009851013824990212,
        0.9989867223687142,
        4.382423771710805
      ],
      [
        0.0,
        0.0,
        0.0,
        1.0
      ]
    ],
    "location": [
      -37.351848351810986,
      -9.923195752795436,
      4.382423771710805
    ],
    "rotation": [
      -0.009860686153988862,
      0.04392865830438806,
      0.1806343948959229
    ]
  },
  {
    "label_id": "RRrzVSvZfaipO4N3K7C-9Q",
    "size": [
      1.8878116562527514,
      4.049596651610301,
      1.3800000000000097
    ],
    "obj_class": "vehicle",
    "point_num_in_lidar": 95,
    "speed": 0.00799876006254378,
    "if_vehicle": true,
    "motion_state": false,
    "pose": [
      [
        0.9880887265444956,
        -0.14820430842214766,
        0.0414264582216459,
        -41.620994947777945
      ],
      [
        0.14758744303872584,
        0.9888925975893779,
        0.017589118517528823,
        6.195923297536865
      ],
      [
        -0.0435731010253768,
        -0.011265584673941943,
        0.9989867223687142,
        3.5868115699941114
      ],
      [
        0.0,
        0.0,
        0.0,
        1.0
      ]
    ],
    "location": [
      -41.620994947777945,
      6.195923297536865,
      3.5868115699941114
    ],
    "rotation": [
      -0.01127653341760873,
      0.04358690091043234,
      0.1482704175829371
    ]
  },
  {
    "label_id": "Vy3390Cgf2r7ug99QFj4sw",
    "size": [
      2.152154790793788,
      4.813190891367711,
      1.6800000000000068
    ],
    "obj_class": "vehicle",
    "point_num_in_lidar": 36,
    "speed": 0.026026777034405448,
    "if_vehicle": true,
    "motion_state": false,
    "pose": [
      [
        0.99370870998714,
        -0.10405214200055722,
        0.0414264582216459,
        -43.17194073278006
      ],
      [
        0.10340008779800193,
        0.9944843109637989,
        0.017589118517528823,
        15.877639037520566
      ],
      [
        -0.043028148217874665,
        -0.01319496085458604,
        0.9989867223687142,
        2.19423461385216
      ],
      [
        0.0,
        0.0,
        0.0,
        1.0
      ]
    ],
    "location": [
      -43.17194073278006,
      15.877639037520566,
      2.19423461385216
    ],
    "rotation": [
      -0.013207576544204784,
      0.04304143649858119,
      0.10368160036456009
    ]
  },
  {
    "label_id": "ZQdmKM3Q-qh_3PDcQnIy1A",
    "size": [
      0.8334233823653459,
      0.7485196391815518,
      1.5900000000000034
    ],
    "obj_class": "pedestrian",
    "point_num_in_lidar": 63,
    "speed": 0.013064042527527438,
    "if_vehicle": false,
    "motion_state": false,
    "pose": [
      [
        -0.01228076808010051,
        -0.9990660795435771,
        0.0414264582216459,
        -48.61301320157145
      ],
      [
        0.9997784679328465,
        -0.011560188909642324,
        0.017589118517528823,
        -35.37644779012953
      ],
      [
        -0.01709379399703522,
        0.041633288817968385,
        0.9989867223687142,
        6.921068890717649
      ],
      [
        0.0,
        0.0,
        0.0,
        1.0
      ]
    ],
    "location": [
      -48.61301320157145,
      -35.37644779012953,
      6.921068890717649
    ],
    "rotation": [
      0.04165141477675765,
      0.017094626567994393,
      1.5830791983232468
    ]
  },
  {
    "label_id": "Zsu2HzunFdjsYcDGEeIYNw",
    "size": [
      1.1011886003861706,
      0.09157828239883012,
      1.0900000000000034
    ],
    "obj_class": "sign",
    "point_num_in_lidar": 97,
    "speed": 0.028005074027960923,
    "if_vehicle": false,
    "motion_state": false,
    "pose": [
      [
        -0.9890825675150428,
        0.14141967047430448,
        0.0414264582216459,
        -53.908121992622
      ],
      [
        -0.14079730273661242,
        -0.9898821861473571,
        0.017589118517528823,
        -17.29626848303087
      ],
      [
        0.04349476037346741,
        0.011564356924105087,
        0.9989867223687142,
        7.264155738914155
      ],
      [
        0.0,
        0.0,
        0.0,
        1.0
      ]
    ],
    "location": [
      -53.908121992622,
      -17.29626848303087,
      7.264155738914155
    ],
    "rotation": [
      0.011575569667877962,
      -0.04350848591709294,
      -3.0001912476361543
    ]
  },
  {
    "label_id": "bg5xFf3209djaJG1NX0GmA",
    "size": [
      2.1026333709456027,
      4.555697745858881,
      1.6500000000000057
    ],
    "obj_class": "vehicle",
    "point_num_in_lidar": 157,
    "speed": 0.012267344341536967,
    "if_vehicle": true,
    "motion_state": false,
    "pose": [
      [
        -0.9850544747907846,
        0.16718711150642554,
        0.0414264582216459,
        -42.169081728191486
      ],
      [
        -0.166585826298421,
        -0.985870065163888,
        0.017589118517528823,
        10.840701013128637
      ],
      [
        0.04378177898537295,
        0.010425179129847318,
        0.9989867223687142,
        2.788682636200349
      ],
      [
        0.0,
        0.0,
        0.0,
        1.0
      ]
    ],
    "location": [
      -42.169081728191486,
      10.840701013128637,
      2.788682636200349
    ],
    "rotation": [
      0.010435374635062451,
      -0.04379577820549176,
      -2.9740644034415316
    ]
  },
  {
    "label_id": "fVbAGNFZix1PBmsg_GMh_g",
    "size": [
      2.162582469074224,
      4.57924667557186,
      1.7199999999999989
    ],
    "obj_class": "vehicle",
    "point_num_in_lidar": 86,
    "speed": 0.058344811608283156,
    "if_vehicle": true,
    "motion_state": false,
    "pose": [
      [
        -0.12036387398543945,
        -0.9918651049403984,
        0.0414264582216459,
        -37.16106999873318
      ],
      [
        0.9926513139234681,
        -0.11972465024291686,
        0.017589118517528823,
        -28.36118083006113
      ],
      [
        -0.012486264662808466,
        0.04323912262967126,
        0.9989867223687142,
        5.728418818502021
      ],
      [
        0.0,
        0.0,
        0.0,
        1.0
      ]
    ],
    "location": [
      -37.16106999873318,
      -28.36118083006113,
      5.728418818502021
    ],
    "rotation": [
      0.0432559816319738,
      0.012486589134512093,
      1.6914621924321596
    ]
  },
  {
    "label_id": "hZZVqo78R8-bZa4kLwPQzw",
    "size": [
      2.3380157644533752,
      5.7785313826431315,
      2.3799999999999955
    ],
    "obj_class": "vehicle",
    "point_num_in_lidar": 7358,
    "speed": 0.03025186668504907,
    "if_vehicle": true,
    "motion_state": false,
    "pose": [
      [
        0.9913613733223757,
        -0.12444467061141386,
        0.0414264582216459,
        -30.89485145677463
      ],
      [
        0.12380868776232891,
        0.9921502062411449,
        0.017589118517528823,
        -12.484613867287408
      ],
      [
        -0.04329014112870515,
        -0.012308217258004482,
        0.9989867223687142,
        4.183634384279117
      ],
      [
        0.0,
        0.0,
        0.0,
        1.0
      ]
    ],
    "location": [
      -30.89485145677463,
      -12.484613867287408,
      4.183634384279117
    ],
    "rotation": [
      -0.012320078179849944,
      0.04330367376022481,
      0.12424426773432165
    ]
  },
  {
    "label_id": "mShpFVaxZSDzWEU6UQoocA",
    "size": [
      0.7662783726991791,
      0.08660769433841517,
      0.7900000000000063
    ],
    "obj_class": "sign",
    "point_num_in_lidar": 273,
    "speed": 0.04042334524282057,
    "if_vehicle": false,
    "motion_state": false,
    "pose": [
      [
        0.06385160858988347,
        0.9970992030082536,
        0.0414264582216459,
        -36.11602709527415
      ],
      [
        -0.9978478484989763,
        0.06316877516416049,
        0.017589118517528823,
        -19.70573083753152
      ],
      [
        0.014921237430195067,
        -0.04246039571842441,
        0.9989867223687142,
        6.184526649037039
      ],
      [
        0.0,
        0.0,
        0.0,
        1.0
      ]
    ],
    "location": [
      -36.11602709527415,
      -19.70573083753152,
      6.184526649037039
    ],
    "rotation": [
      -0.042477896436231004,
      -0.014921791171331937,
      -1.5068941271519722
    ]
  },
  {
    "label_id": "mswaHVZRTp3YEWuMsTuLig",
    "size": [
      0.7197875054766966,
      0.6681805656786513,
      1.3500000000000085
    ],
    "obj_class": "pedestrian",
    "point_num_in_lidar": 57,
    "speed": 0.006905674258133109,
    "if_vehicle": false,
    "motion_state": false,
    "pose": [
      [
        -0.10312024034044091,
        -0.9938058485395123,
        0.0414264582216459,
        -50.33428158888273
      ],
      [
        0.9945808377076638,
        -0.10246745910042875,
        0.017589118517528823,
        -36.190468073182274
      ],
      [
        -0.013235304939872659,
        0.04301575565025018,
        0.9989867223687142,
        6.923731036423618
      ],
      [
        0.0,
        0.0,
        0.0,
        1.0
      ]
    ],
    "location": [
      -50.33428158888273,
      -36.190468073182274,
      6.923731036423618
    ],
    "rotation": [
      0.04303280403862362,
      0.013235691382336106,
      1.6741092885420306
    ]
  },
  {
    "label_id": "txanAhqCa5Pik38ITvNB5Q",
    "size": [
      2.025360653513426,
      3.541324693115208,
      1.8500000000000085
    ],
    "obj_class": "vehicle",
    "point_num_in_lidar": 164,
    "speed": 0.020997053331754927,
    "if_vehicle": true,
    "motion_state": false,
    "pose": [
      [
        -0.9915650909642706,
        0.12281090725268663,
        0.0414264582216459,
        -80.26350923334758
      ],
      [
        -0.12217362540499298,
        -0.9923528748208355,
        0.017589118517528823,
        -6.92579037944779
      ],
      [
        0.04326980051280829,
        0.012379535314187846,
        0.9989867223687142,
        7.028583049514722
      ],
      [
        0.0,
        0.0,
        0.0,
        1.0
      ]
    ],
    "location": [
      -80.26350923334758,
      -6.92579037944779,
      7.028583049514722
    ],
    "rotation": [
      0.012391457676032756,
      -0.04328331406695016,
      -3.018997635581675
    ]
  },
  {
    "label_id": "vgEwJsu_ckjXGzr8aVeH6A",
    "size": [
      2.60422433049173,
      5.512382166464195,
      2.1400000000000006
    ],
    "obj_class": "vehicle",
    "point_num_in_lidar": 71,
    "speed": 0.028985685295984755,
    "if_vehicle": true,
    "motion_state": false,
    "pose": [
      [
        -0.9807458517465079,
        0.19084397512425427,
        0.0414264582216459,
        -85.42570276746483
      ],
      [
        -0.1902624911873036,
        -0.9815756758177016,
        0.017589118517528823,
        -7.3478946574414294
      ],
      [
        0.044019981022462684,
        0.009368553879626975,
        0.9989867223687142,
        7.832386345322263
      ],
      [
        0.0,
        0.0,
        0.0,
        1.0
      ]
    ],
    "location": [
      -85.42570276746483,
      -7.3478946574414294,
      7.832386345322263
    ],
    "rotation": [
      0.009377781542039448,
      -0.04403421011735449,
      -2.9499750905854425
    ]
  },
  {
    "label_id": "y_Y2aOXNHlYtzY6a3NGjKQ",
    "size": [
      0.4216767021502869,
      0.11199659239579939,
      0.5400000000000063
    ],
    "obj_class": "sign",
    "point_num_in_lidar": 53,
    "speed": 0.022246690398560833,
    "if_vehicle": false,
    "motion_state": false,
    "pose": [
      [
        -0.11660541523544629,
        -0.9923139753611149,
        0.0414264582216459,
        -49.868474545434765
      ],
      [
        0.9930977570585352,
        -0.11596321759542166,
        0.017589118517528823,
        -22.42142553390113
      ],
      [
        -0.012649982730262459,
        0.04319150921115758,
        0.9989867223687142,
        6.8874480836976915
      ],
      [
        0.0,
        0.0,
        0.0,
        1.0
      ]
    ],
    "location": [
      -49.868474545434765,
      -22.42142553390113,
      6.8874480836976915
    ],
    "rotation": [
      0.04320840894426131,
      0.012650320133948501,
      1.6876770108289958
    ]
  },
  {
    "label_id": "z0vfkiulMZ8zu5iEWlpZuw",
    "size": [
      2.153889868251471,
      4.738714330461561,
      1.6200000000000045
    ],
    "obj_class": "vehicle",
    "point_num_in_lidar": 2546,
    "speed": 0.05405270779435109,
    "if_vehicle": true,
    "motion_state": false,
    "pose": [
      [
        0.9920944438301628,
        -0.11845869778336346,
        0.0414264582216459,
        -41.27609522058083
      ],
      [
        0.11781796524416034,
        0.9928794236842166,
        0.017589118517528823,
        3.9518079126955854
      ],
      [
        -0.04321506203912977,
        -0.012569285738164036,
        0.9989867223687142,
        3.950863922353122
      ],
      [
        0.0,
        0.0,
        0.0,
        1.0
      ]
    ],
    "location": [
      -41.27609522058083,
      3.9518079126955854,
      3.950863922353122
    ],
    "rotation": [
      -0.012581370951758566,
      0.04322852434342801,
      0.11820319809200994
    ]
  },
  {
    "label_id": "z8hhD4AfjtAF7rsWUDz2Vg",
    "size": [
      0.4059320468080898,
      0.09396278731926876,
      0.480000000000004
    ],
    "obj_class": "sign",
    "point_num_in_lidar": 35,
    "speed": 0.0225879918475677,
    "if_vehicle": false,
    "motion_state": false,
    "pose": [
      [
        0.10349010077807226,
        0.9937674011559016,
        0.0414264582216459,
        -39.60210711956006
      ],
      [
        -0.9945426332178509,
        0.10283760801321576,
        0.017589118517528823,
        13.374434620427564
      ],
      [
        0.013219294725814283,
        -0.04302067849262151,
        0.9989867223687142,
        3.2693883938021457
      ],
      [
        0.0,
        0.0,
        0.0,
        1.0
      ]
    ],
    "location": [
      -39.60210711956006,
      13.374434620427564,
      3.2693883938021457
    ],
    "rotation": [
      -0.043037722753374745,
      -0.013219679767508525,
      -1.4671115042177902
    ]
  },
  {
    "label_id": "zwfWAtWJ5wcUlMhf46HcAA",
    "size": [
      0.4216767021502869,
      0.11199659239579939,
      0.5400000000000063
    ],
    "obj_class": "sign",
    "point_num_in_lidar": 42,
    "speed": 0.021601583702327398,
    "if_vehicle": false,
    "motion_state": false,
    "pose": [
      [
        -0.11660541523544629,
        -0.9923139753611149,
        0.0414264582216459,
        -49.86802326679299
      ],
      [
        0.9930977570585352,
        -0.11596321759542166,
        0.017589118517528823,
        -22.419169496484756
      ],
      [
        -0.012649982730262459,
        0.04319150921115758,
        0.9989867223687142,
        6.331796550566878
      ],
      [
        0.0,
        0.0,
        0.0,
        1.0
      ]
    ],
    "location": [
      -49.86802326679299,
      -22.419169496484756,
      6.331796550566878
    ],
    "rotation": [
      0.04320840894426131,
      0.012650320133948501,
      1.6876770108289958
    ]
  }
]