[
  {
    "label_id": "1UOZjC0IcEiKv8-DWSRMhg",
    "size": [
      0.7870144939460858,
      0.08611861253863681,
      0.9300000000000068
    ],
    "obj_class": "sign",
    "point_num_in_lidar": 32,
    "speed": 0.033647906990573774,
    "if_vehicle": false,
    "motion_state": false,
    "pose": [
      [
        0.9885248459552045,
        -0.1478072437329455,
        0.03117126287638904,
        -58.63623170541723
      ],
      [
        0.14742014917545895,
        0.9889693678714543,
        0.014383637544850609,
        -1.6292585584142216
      ],
      [
        -0.03295342996297547,
        -0.009623310865074225,
        0.9994105579498695,
        7.516199918445935
      ],
      [
        0.0,
        0.0,
        0.0,
        1.0
      ]
    ],
    "location": [
      -58.63623170541723,
      -1.6292585584142216,
      7.516199918445935
    ],
    "rotation": [
      -0.009628689019748492,
      0.03295939705774564,
      0.1480404073951684
    ]
  },
  {
    "label_id": "3Cij1nMocVFHTf2ipozZZg",
    "size": [
      2.0719024155393173,
      4.232229999427425,
      1.8299999999999983
    ],
    "obj_class": "vehicle",
    "point_num_in_lidar": 63,
    "speed": 0.04286957751850885,
    "if_vehicle": true,
    "motion_state": false,
    "pose": [
      [
        0.989811040503644,
        -0.13893328063421267,
        0.03117126287638904,
        -101.73546832660577
      ],
      [
        0.13854221386569887,
        0.9902520719231894,
        0.014383637544850609,
        -23.547441623375562
      ],
      [
        -0.03286577359936616,
        -0.009918547476611249,
        0.9994105579498695,
        9.68547111481584
      ],
      [
        0.0,
        0.0,
        0.0,
        1.0
      ]
    ],
    "location": [
      -101.73546832660577,
      -23.547441623375562,
      9.68547111481584
    ],
    "rotation": [
      -0.009924071522895617,
      0.032871693187759295,
      0.13906489551594178
    ]
  },
  {
    "label_id": "3DLC1LTjeykLCTWkbZ15QQ",
    "size": [
      2.138533384026768,
      4.399787758886019,
      2.180000000000007
    ],
    "obj_class": "vehicle",
    "point_num_in_lidar": 1052,
    "speed": 0.029684238427717106,
    "if_vehicle": true,
    "motion_state": false,
    "pose": [
      [
        -0.14514794820033045,
        -0.9889188164373885,
        0.03117126287638904,
        -37.72666590294466
      ],
      [
        0.9893622956066732,
        -0.1447596594458285,
        0.014383637544850609,
        -23.30679560732642
      ],
      [
        -0.009711908418435574,
        0.03292742767363563,
        0.9994105579498695,
        5.178924857035696
      ],
      [
        0.0,
        0.0,
        0.0,
        1.0
      ]
    ],
    "location": [
      -37.72666590294466,
      -23.30679560732642,
      5.178924857035696
    ],
    "rotation": [
      0.03293493447888101,
      0.009712061098002349,
      1.7164657484292456
    ]
  },
  {
    "label_id": "6QTL7Oz_74MY1upsBmddww",
    "size": [
      2.2944473318707086,
      5.061554088041067,
      2.4799999999999898
    ],
    "obj_class": "vehicle",
    "point_num_in_lidar": 196,
    "speed": 7.105427357601002e-13,
    "if_vehicle": true,
    "motion_state": false,
    "pose": [
      [
        -0.9890301924537338,
        0.14438708663042343,
        0.03117126287638904,
        -43.302790177503084
      ],
      [
        -0.1439984568028601,
        -0.9894733727642059,
        0.014383637544850609,
        18.3556654457916
      ],
      [
        0.0329199461318693,
        0.009737238058372044,
        0.9994105579498695,
        1.700480208423528
      ],
      [
        0.0,
        0.0,
        0.0,
        1.0
      ]
    ],
    "location": [
      -43.302790177503084,
      18.3556654457916,
      1.700480208423528
    ],
    "rotation": [
      0.009742672712253538,
      -0.03292589504979197,
      -2.9970129335191436
    ]
  },
  {
    "label_id": "Bt_73mr1usZQmNxqWbdtvQ",
    "size": [
      2.183431166845831,
      4.800535047126103,
      1.7600000000000051
    ],
    "obj_class": "vehicle",
    "point_num_in_lidar": 36,
    "speed": 6.355287432313019e-13,
    "if_vehicle": true,
    "motion_state": false,
    "pose": [
      [
        0.9909683924666167,
        -0.1304223811422747,
        0.03117126287638904,
        -45.097700714482016
      ],
      [
        0.13002753888618082,
        0.9914060470373284,
        0.014383637544850609,
        -43.32008594209765
      ],
      [
        -0.03277932676752911,
        -0.01020060757985204,
        0.9994105579498695,
        7.737020924471352
      ],
      [
        0.0,
        0.0,
        0.0,
        1.0
      ]
    ],
    "location": [
      -45.097700714482016,
      -43.32008594209765,
      7.737020924471352
    ],
    "rotation": [
      -0.010206269389670265,
      0.03278519975279516,
      0.13046726589181531
    ]
  },
  {
    "label_id": "CqIxVE2TiIy7ctEX1vLLIw",
    "size": [
      1.9200110352944229,
      4.439518699582246,
      1.6800000000000068
    ],
    "obj_class": "vehicle",
    "point_num_in_lidar": 999,
    "speed": 0.02443434921298305,
    "if_vehicle": true,
    "motion_state": false,
    "pose": [
      [
        -0.9829840085993973,
        0.18102704551682705,
        0.03117126287638904,
        -46.60876274804559
      ],
      [
        -0.18065514678639902,
        -0.9834413195054208,
        0.014383637544850609,
        -24.97218371735653
      ],
      [
        0.033258935302335584,
        0.00850763662162655,
        0.9994105579498695,
        4.958685023417729
      ],
      [
        0.0,
        0.0,
        0.0,
        1.0
      ]
    ],
    "location": [
      -46.60876274804559,
      -24.97218371735653,
      4.958685023417729
    ],
    "rotation": [
      0.008512448723020462,
      -0.03326506995592554,
      -2.959838463225848
    ]
  },
  {
    "label_id": "DrPx65a2qCxaMXjPovdg4g",
    "size": [
      2.240067317307932,
      4.750990034721823,
      1.9100000000000108
    ],
    "obj_class": "vehicle",
    "point_num_in_lidar": 35,
    "speed": 0.03587241945872546,
    "if_vehicle": true,
    "motion_state": false,
    "pose": [
      [
        -0.9794027635440165,
        0.19949581231954394,
        0.03117126287638904,
        -106.59082823866174
      ],
      [
        -0.19913258655512991,
        -0.9798669929857022,
        0.014383637544850609,
        -11.084213903101045
      ],
      [
        0.03341316707837404,
        0.00788016015847691,
        0.9994105579498695,
        9.822777612556294
      ],
      [
        0.0,
        0.0,
        0.0,
        1.0
      ]
    ],
    "location": [
      -106.59082823866174,
      -11.084213903101045,
      9.822777612556294
    ],
    "rotation": [
      0.007884644401833774,
      -0.033419387501903985,
      -2.9410064251908694
    ]
  },
  {
    "label_id": "G2VrcGN9URSKK_AbuLvKeg",
    "size": [
      2.1813013017675957,
      4.6351412295512375,
      1.5400000000000063
    ],
    "obj_class": "vehicle",
    "point_num_in_lidar": 444,
    "speed": 0.011598863822347236,
    "if_vehicle": true,
    "motion_state": false,
    "pose": [
      [
        -0.9910445369858706,
        0.12984251261105725,
        0.03117126287638904,
        -45.309542915435486
      ],
      [
        -0.12944741433735338,
        -0.991481960447265,
        0.014383637544850609,
        -41.09036139648015
      ],
      [
        0.03277335246560939,
        0.01021978602983056,
        0.9994105579498695,
        7.743818513083269
      ],
      [
        0.0,
        0.0,
        0.0,
        1.0
      ]
    ],
    "location": [
      -45.309542915435486,
      -41.09036139648015,
      7.743818513083269
    ],
    "rotation": [
      0.010225457148252466,
      -0.03277922223922578,
      -3.011710802611879
    ]
  },
  {
    "label_id": "H980D-c98LHvo0e-QFTeuA",
    "size": [
      0.9051162660994044,
      1.1909958010824866,
      1.8400000000000034
    ],
    "obj_class": "pedestrian",
    "point_num_in_lidar": 37,
    "speed": 1.3145724673973,
    "if_vehicle": false,
    "motion_state": true,
    "pose": [
      [
        0.9979818251767066,
        -0.05532295172584977,
        0.03117126287638904,
        -91.55001761022868
      ],
      [
        0.054896230558103554,
        0.9983884588883678,
        0.014383637544850609,
        -26.414799678183044
      ],
      [
        -0.03191677439029813,
        -0.012643424016040706,
        0.9994105579498695,
        9.064814443108375
      ],
      [
        0.0,
        0.0,
        0.0,
        1.0
      ]
    ],
    "location": [
      -91.55001761022868,
      -26.414799678183044,
      9.064814443108375
    ],
    "rotation": [
      -0.012650206139533602,
      0.03192219570838105,
      0.054951865048929335
    ]
  },
  {
    "label_id": "Hf6RKtyju1TIshrc0-YqhA",
    "size": [
      2.173916323158267,
      4.665393274231874,
      1.5900000000000034
    ],
    "obj_class": "vehicle",
    "point_num_in_lidar": 452,
    "speed": 0.004776815105324742,
    "if_vehicle": true,
    "motion_state": false,
    "pose": [
      [
        -0.9713808590213902,
        0.23547309633492666,
        0.03117126287638904,
        -46.64558644123099
      ],
      [
        -0.2351272348313335,
        -0.9718581657894065,
        0.014383637544850609,
        -27.1316760670652
      ],
      [
        0.033681006033632145,
        0.006642777347843348,
        0.9994105579498695,
        5.398464434869126
      ],
      [
        0.0,
        0.0,
        0.0,
        1.0
      ]
    ],
    "location": [
      -46.64558644123099,
      -27.1316760670652,
      5.398464434869126
    ],
    "rotation": [
      0.0066465973116095756,
      -0.033687377299216795,
      -2.9041058514738456
    ]
  },
  {
    "label_id": "ISt0bJGy05IGYz7zPxMaXw",
    "size": [
      1.9225218151335435,
      4.093562992219752,
      1.4399999999999977
    ],
    "obj_class": "vehicle",
    "point_num_in_lidar": 389,
    "speed": 0.02989888328740254,
    "if_vehicle": true,
    "motion_state": false,
    "pose": [
      [
        0.980193007527313,
        -0.19557612422085777,
        0.03117126287638904,
        -46.31553443640951
      ],
      [
        0.1952110442173692,
        0.9806557801729121,
        0.014383637544850609,
        -29.370958288491238
      ],
      [
        -0.033381375198239714,
        -0.008013766168595872,
        0.9994105579498695,
        5.9094856670413805
      ],
      [
        0.0,
        0.0,
        0.0,
        1.0
      ]
    ],
    "location": [
      -46.31553443640951,
      -29.370958288491238,
      5.9094856670413805
    ],
    "rotation": [
      -0.008018320759014172,
      0.03338757787694542,
      0.1965836205713444
    ]
  },
  {
    "label_id": "JE7ahEGrVwxUrwmwVUtMgA",
    "size": [
      1.919895741961223,
      4.076168499645224,
      1.740000000000009
    ],
    "obj_class": "vehicle",
    "point_num_in_lidar": 123,
    "speed": 0.0802212296243959,
    "if_vehicle": true,
    "motion_state": false,
    "pose": [
      [
        -0.09783713289929385,
        -0.9947141538134144,
        0.03117126287638904,
        -36.43859271793826
      ],
      [
        0.9951386174216915,
        -0.09742814319806593,
        0.014383637544850609,
        -33.940578632307734
      ],
      [
        -0.011270649585999541,
        0.032426981300148705,
        0.9994105579498695,
        6.712102554303286
      ],
      [
        0.0,
        0.0,
        0.0,
        1.0
      ]
    ],
    "location": [
      -36.43859271793826,
      -33.940578632307734,
      6.712102554303286
    ],
    "rotation": [
      0.032434727708545705,
      0.01127088821345942,
      1.668796464978374
    ]
  },
  {
    "label_id": "MizMmjifXpwFZMBgTlIKWQ",
    "size": [
      2.0628119252194352,
      4.3535405898767285,
      1.710000000000008
    ],
    "obj_class": "vehicle",
    "point_num_in_lidar": 273,
    "speed": 0.04128033838225512,
    "if_vehicle": true,
    "motion_state": false,
    "pose": [
      [
        0.19931353298594784,
        0.9794398745912639,
        0.03117126287638904,
        -52.41246617017714
      ],
      [
        -0.9799040364252485,
        0.1989502208304477,
        0.014383637544850609,
        14.477493792071982
      ],
      [
        0.007886378520273138,
        -0.03341169992929961,
        0.9994105579498695,
        2.046553379793835
      ],
      [
        0.0,
        0.0,
        0.0,
        1.0
      ]
    ],
    "location": [
      -52.41246617017714,
      14.477493792071982,
      2.046553379793835
    ],
    "rotation": [
      -0.0334189591819113,
      -0.00788646027140206,
      -1.3701326530762725
    ]
  },
  {
    "label_id": "OSmX9FeSlXbjbC3fck_O5w",
    "size": [
      0.4020532721512044,
      0.09332958373306334,
      0.5700000000000074
    ],
    "obj_class": "sign",
    "point_num_in_lidar": 29,
    "speed": 0.02999533118230843,
    "if_vehicle": false,
    "motion_state": false,
    "pose": [
      [
        0.12179463072065914,
        0.9920657338595611,
        0.03117126287638904,
        -39.604623170144805
      ],
      [
        -0.9924999361809689,
        0.12139599520474756,
        0.014383637544850609,
        13.37874370360987
      ],
      [
        0.010485447457834104,
        -0.0326893262386912,
        0.9994105579498695,
        3.813940905754052
      ],
      [
        0.0,
        0.0,
        0.0,
        1.0
      ]
    ],
    "location": [
      -39.604623170144805,
      13.37874370360987,
      3.813940905754052
    ],
    "rotation": [
      -0.03269694908254551,
      -0.010485639603743114,
      -1.448691806462214
    ]
  },
  {
    "label_id": "QVnU0JqLVc0X0fjWdCLaUg",
    "size": [
      0.7930526175234073,
      0.07580443676918142,
      0.7999999999999972
    ],
    "obj_class": "sign",
    "point_num_in_lidar": 145,
    "speed": 0.02633530809339858,
    "if_vehicle": false,
    "motion_state": false,
    "pose": [
      [
        -0.13499501141303324,
        -0.9903558447670646,
        0.03117126287638904,
        -52.597875634527554
      ],
      [
        0.9907953171517927,
        -0.13460219344816457,
        0.014383637544850609,
        3.6033556085676537
      ],
      [
        -0.010049199155842483,
        0.03282606060216181,
        0.9994105579498695,
        5.6457592822956
      ],
      [
        0.0,
        0.0,
        0.0,
        1.0
      ]
    ],
    "location": [
      -52.597875634527554,
      3.6033556085676537,
      5.6457592822956
    ],
    "rotation": [
      0.0328336172632382,
      0.010049368302276358,
      1.7062116344126392
    ]
  },
  {
    "label_id": "Qloun3jocmcTDyPhGCT3hA",
    "size": [
      2.1564132570078884,
      4.519425058393139,
      1.8500000000000085
    ],
    "obj_class": "vehicle",
    "point_num_in_lidar": 5693,
    "speed": 10.138624660832543,
    "if_vehicle": true,
    "motion_state": true,
    "pose": [
      [
        0.9825688497329124,
        -0.18326703987687634,
        0.03117126287638904,
        -34.54927578013303
      ],
      [
        0.18289618443753114,
        0.9830270071006041,
        0.014383637544850609,
        -9.404653181281901
      ],
      [
        -0.03327823992842955,
        -0.008431809153228177,
        0.9994105579498695,
        4.249364718824921
      ],
      [
        0.0,
        0.0,
        0.0,
        1.0
      ]
    ],
    "location": [
      -34.54927578013303,
      -9.404653181281901,
      4.249364718824921
    ],
    "rotation": [
      -0.008436581981212695,
      0.03328438527406576,
      0.18403462107643265
    ]
  },
  {
    "label_id": "RRrzVSvZfaipO4N3K7C-9Q",
    "size": [
      1.8878116562527507,
      4.049596651610301,
      1.3800000000000097
    ],
    "obj_class": "vehicle",
    "point_num_in_lidar": 34,
    "speed": 0.007998759996597857,
    "if_vehicle": true,
    "motion_state": false,
    "pose": [
      [
        0.9884571081019434,
        -0.14825956230015644,
        0.03117126287638904,
        -41.62335721083127
      ],
      [
        0.14787267118971156,
        0.9889018071002792,
        0.014383637544850609,
        6.195496919543075
      ],
      [
        -0.03295782999474261,
        -0.00960823086568123,
        0.9994105579498695,
        3.5884334327756164
      ],
      [
        0.0,
        0.0,
        0.0,
        1.0
      ]
    ],
    "location": [
      -41.62335721083127,
      6.195496919543075,
      3.5884334327756164
    ],
    "rotation": [
      -0.009613601523009508,
      0.032963799480839884,
      0.1484982198079597
    ]
  },
  {
    "label_id": "ZQdmKM3Q-qh_3PDcQnIy1A",
    "size": [
      0.8334233823652771,
      0.7485196391815518,
      1.5900000000000034
    ],
    "obj_class": "pedestrian",
    "point_num_in_lidar": 67,
    "speed": 0.013147217585426684,
    "if_vehicle": false,
    "motion_state": false,
    "pose": [
      [
        0.002341382712656191,
        -0.9995113157426904,
        0.03117126287638904,
        -48.61484694001592
      ],
      [
        0.9998926552983626,
        0.0027908513697856327,
        0.014383637544850609,
        -35.37295432489918
      ],
      [
        -0.014463602849316108,
        0.031134239206183276,
        0.9994105579498695,
        6.921068890717663
      ],
      [
        0.0,
        0.0,
        0.0,
        1.0
      ]
    ],
    "location": [
      -48.61484694001592,
      -35.37295432489918,
      6.921068890717663
    ],
    "rotation": [
      0.031142530016968956,
      0.014464107184307316,
      1.568454697000137
    ]
  },
  {
    "label_id": "Zsu2HzunFdjsYcDGEeIYNw",
    "size": [
      1.1011886003861733,
      0.09157828239883012,
      1.0900000000000034
    ],
    "obj_class": "sign",
    "point_num_in_lidar": 60,
    "speed": 0.028195844623841223,
    "if_vehicle": false,
    "motion_state": false,
    "pose": [
      [
        -0.9894513195986109,
        0.14147239488769145,
        0.03117126287638904,
        -53.899846775128026
      ],
      [
        -0.14108246096661903,
        -0.98989335293181,
        0.014383637544850609,
        -17.294502307184302
      ],
      [
        0.032891113574494125,
        0.00983419067134218,
        0.9994105579498695,
        7.255938072773347
      ],
      [
        0.0,
        0.0,
        0.0,
        1.0
      ]
    ],
    "location": [
      -53.899846775128026,
      -17.294502307184302,
      7.255938072773347
    ],
    "rotation": [
      0.009839673207052434,
      -0.03289704687015789,
      -2.9999607792169547
    ]
  },
  {
    "label_id": "bg5xFf3209djaJG1NX0GmA",
    "size": [
      2.102633370945602,
      4.555697745858881,
      1.6500000000000057
    ],
    "obj_class": "vehicle",
    "point_num_in_lidar": 76,
    "speed": 0.01691931583207285,
    "if_vehicle": true,
    "motion_state": false,
    "pose": [
      [
        -0.9854217251113743,
        0.16724944259761948,
        0.03117126287638904,
        -42.16328553338644
      ],
      [
        -0.1668711788407423,
        -0.9858737853514918,
        0.014383637544850609,
        10.843329077155431
      ],
      [
        0.03313658628803454,
        0.00897236354068571,
        0.9994105579498695,
        2.7819293843528357
      ],
      [
        0.0,
        0.0,
        0.0,
        1.0
      ]
    ],
    "location": [
      -42.16328553338644,
      10.843329077155431,
      2.7819293843528357
    ],
    "rotation": [
      0.008977414165349763,
      -0.03314265346587598,
      -2.973844162320673
    ]
  },
  {
    "label_id": "fVbAGNFZix1PBmsg_GMh_g",
    "size": [
      2.1625824690742235,
      4.57924667557186,
      1.7199999999999989
    ],
    "obj_class": "vehicle",
    "point_num_in_lidar": 45,
    "speed": 0.05802117305654533,
    "if_vehicle": true,
    "motion_state": false,
    "pose": [
      [
        -0.12040874832735837,
        -0.9922348944161005,
        0.03117126287638904,
        -37.14246498466855
      ],
      [
        0.9926685394812701,
        -0.12000950668634859,
        0.014383637544850609,
        -28.365008678527374
      ],
      [
        -0.010531099200048362,
        0.032674647786461695,
        0.9994105579498695,
        5.723261510338077
      ],
      [
        0.0,
        0.0,
        0.0,
        1.0
      ]
    ],
    "location": [
      -37.14246498466855,
      -28.365008678527374,
      5.723261510338077
    ],
    "rotation": [
      0.03268227766233071,
      0.010531293866689719,
      1.6915046693384317
    ]
  },
  {
    "label_id": "hZZVqo78R8-bZa4kLwPQzw",
    "size": [
      2.3380157644533757,
      5.7785313826431315,
      2.3799999999999955
    ],
    "obj_class": "vehicle",
    "point_num_in_lidar": 2155,
    "speed": 0.030251866685552773,
    "if_vehicle": true,
    "motion_state": false,
    "pose": [
      [
        0.9917309749956744,
        -0.12449106636550393,
        0.03117126287638904,
        -30.900578130338545
      ],
      [
        0.1240936126818586,
        0.9921662593852623,
        0.014383637544850609,
        -12.491658465240107
      ],
      [
        -0.03271770966455494,
        -0.010396544264152062,
        0.9994105579498695,
        4.197635964959559
      ],
      [
        0.0,
        0.0,
        0.0,
        1.0
      ]
    ],
    "location": [
      -30.900578130338545,
      -12.491658465240107,
      4.197635964959559
    ],
    "rotation": [
      -0.010402300819024227,
      0.03272354958210395,
      0.1244813204160687
    ]
  },
  {
    "label_id": "mShpFVaxZSDzWEU6UQoocA",
    "size": [
      0.7662783726991793,
      0.08660769433841517,
      0.7900000000000063
    ],
    "obj_class": "sign",
    "point_num_in_lidar": 243,
    "speed": 0.03719821515288796,
    "if_vehicle": false,
    "motion_state": false,
    "pose": [
      [
        0.06387541389641452,
        0.997470943872679,
        0.03117126287638904,
        -36.1110859090777
      ],
      [
        -0.9978812204111859,
        0.06345219398618722,
        0.014383637544850609,
        -19.69583133811102
      ],
      [
        0.012369375499357564,
        -0.032023978642362325,
        0.9994105579498695,
        6.190311690656614
      ],
      [
        0.0,
        0.0,
        0.0,
        1.0
      ]
    ],
    "location": [
      -36.1110859090777,
      -19.69583133811102,
      6.190311690656614
    ],
    "rotation": [
      -0.03203190618569314,
      -0.012369690943141559,
      -1.5068724998662404
    ]
  },
  {
    "label_id": "mswaHVZRTp3YEWuMsTuLig",
    "size": [
      0.7197875054767002,
      0.6681805656786513,
      1.3500000000000085
    ],
    "obj_class": "pedestrian",
    "point_num_in_lidar": 71,
    "speed": 0.002928235354805048,
    "if_vehicle": false,
    "motion_state": false,
    "pose": [
      [
        -0.10315868587040553,
        -0.9941763615677967,
        0.03117126287638904,
        -50.33633619329794
      ],
      [
        0.994603007700508,
        -0.1027519734315688,
        0.014383637544850609,
        -36.190739063575165
      ],
      [
        -0.011096963665546359,
        0.03248682895784274,
        0.9994105579498695,
        6.890300646830582
      ],
      [
        0.0,
        0.0,
        0.0,
        1.0
      ]
    ],
    "location": [
      -50.33633619329794,
      -36.190739063575165,
      6.890300646830582
    ],
    "rotation": [
      0.03249454757212144,
      0.011097191429665722,
      1.6741452449176375
    ]
  },
  {
    "label_id": "txanAhqCa5Pik38ITvNB5Q",
    "size": [
      2.025360653513427,
      3.541324693115208,
      1.8500000000000085
    ],
    "obj_class": "vehicle",
    "point_num_in_lidar": 183,
    "speed": 0.020997053156980666,
    "if_vehicle": true,
    "motion_state": false,
    "pose": [
      [
        -0.9919347685880584,
        0.12285669390328878,
        0.03117126287638904,
        -80.25882178124448
      ],
      [
        -0.1224585234848464,
        -0.9923693974508131,
        0.014383637544850609,
        -6.921579284018662
      ],
      [
        0.032700533513486646,
        0.010450443352505287,
        0.9994105579498695,
        7.028583049514737
      ],
      [
        0.0,
        0.0,
        0.0,
        1.0
      ]
    ],
    "location": [
      -80.25882178124448,
      -6.921579284018662,
      7.028583049514737
    ],
    "rotation": [
      0.010456225830667663,
      -0.03270636423538883,
      -3.018759955845903
    ]
  },
  {
    "label_id": "vgEwJsu_ckjXGzr8aVeH6A",
    "size": [
      2.6042243304917294,
      5.512382166464195,
      2.1400000000000006
    ],
    "obj_class": "vehicle",
    "point_num_in_lidar": 79,
    "speed": 0.03601741957672895,
    "if_vehicle": true,
    "motion_state": false,
    "pose": [
      [
        -0.9811114957161446,
        0.19091512602284988,
        0.03117126287638904,
        -85.41519561692894
      ],
      [
        -0.19054785061686244,
        -0.9815725279347789,
        0.014383637544850609,
        -7.34334291077721
      ],
      [
        0.03334290927503886,
        0.008172335003358145,
        0.9994105579498695,
        7.820842589959383
      ],
      [
        0.0,
        0.0,
        0.0,
        1.0
      ]
    ],
    "location": [
      -85.41519561692894,
      -7.34334291077721,
      7.820842589959383
    ],
    "rotation": [
      0.008176972712146544,
      -0.033349090528943644,
      -2.949764472681125
    ]
  },
  {
    "label_id": "y_Y2aOXNHlYtzY6a3NGjKQ",
    "size": [
      0.4216767021502856,
      0.11199659239579939,
      0.5400000000000063
    ],
    "obj_class": "sign",
    "point_num_in_lidar": 53,
    "speed": 0.03656511391298018,
    "if_vehicle": false,
    "motion_state": false,
    "pose": [
      [
        -0.11664888833996634,
        -0.9926839321857392,
        0.03117126287638904,
        -49.88255473981371
      ],
      [
        0.993116061646679,
        -0.1162480067371832,
        0.014383637544850609,
        -22.420443324748703
      ],
      [
        -0.01065480870029575,
        0.03263451715424463,
        0.9994105579498695,
        6.887448083697635
      ],
      [
        0.0,
        0.0,
        0.0,
        1.0
      ]
    ],
    "location": [
      -49.88255473981371,
      -22.420443324748703,
      6.887448083697635
    ],
    "rotation": [
      0.03264216618369549,
      0.01065501030836337,
      1.6877180550712734
    ]
  },
  {
    "label_id": "z0vfkiulMZ8zu5iEWlpZuw",
    "size": [
      2.153889868251471,
      4.738714330461561,
      1.6200000000000045
    ],
    "obj_class": "vehicle",
    "point_num_in_lidar": 2756,
    "speed": 0.04497480620758725,
    "if_vehicle": true,
    "motion_state": false,
    "pose": [
      [
        0.9924643188085283,
        -0.11850286183301806,
        0.03117126287638904,
        -41.29043283980809
      ],
      [
        0.11810278807919979,
        0.9928971962992433,
        0.014383637544850609,
        3.941108691138652
      ],
      [
        -0.032654361727707,
        -0.010593833984287726,
        0.9994105579498695,
        3.942040054388656
      ],
      [
        0.0,
        0.0,
        0.0,
        1.0
      ]
    ],
    "location": [
      -41.29043283980809,
      3.941108691138652,
      3.942040054388656
    ],
    "rotation": [
      -0.01059968513062633,
      0.03266016777836887,
      0.11844254244839104
    ]
  },
  {
    "label_id": "z8hhD4AfjtAF7rsWUDz2Vg",
    "size": [
      0.40593204680808964,
      0.09396278731926876,
      0.480000000000004
    ],
    "obj_class": "sign",
    "point_num_in_lidar": 32,
    "speed": 0.033975610504061324,
    "if_vehicle": false,
    "motion_state": false,
    "pose": [
      [
        0.10352868420027085,
        0.9941378998501424,
        0.03117126287638904,
        -39.59992921244702
      ],
      [
        -0.9945646973206432,
        0.10312213057571916,
        0.014383637544850609,
        13.377258787420942
      ],
      [
        0.011084872180494384,
        -0.03249095669679006,
        0.9994105579498695,
        3.274873812059866
      ],
      [
        0.0,
        0.0,
        0.0,
        1.0
      ]
    ],
    "location": [
      -39.59992921244702,
      13.377258787420942,
      3.274873812059866
    ],
    "rotation": [
      -0.032498673385515965,
      -0.011085099200867579,
      -1.467075409404336
    ]
  },
  {
    "label_id": "zwfWAtWJ5wcUlMhf46HcAA",
    "size": [
      0.4216767021502856,
      0.11199659239579939,
      0.5400000000000063
    ],
    "obj_class": "sign",
    "point_num_in_lidar": 46,
    "speed": 0.03581397685011574,
    "if_vehicle": false,
    "motion_state": false,
    "pose": [
      [
        -0.11664888833996634,
        -0.9926839321857392,
        0.03117126287638904,
        -49.88187322816066
      ],
      [
        0.993116061646679,
        -0.1162480067371832,
        0.014383637544850609,
        -22.418248719648545
      ],
      [
        -0.01065480870029575,
        0.03263451715424463,
        0.9994105579498695,
        6.333100978031723
      ],
      [
        0.0,
        0.0,
        0.0,
        1.0
      ]
    ],
    "location": [
      -49.88187322816066,
      -22.418248719648545,
      6.333100978031723
    ],
    "rotation": [
      0.03264216618369549,
      0.01065501030836337,
      1.6877180550712734
    ]
  }
]