[
  {
    "label_id": "1UOZjC0IcEiKv8-DWSRMhg",
    "size": [
      0.7870144939460867,
      0.08611861253863681,
      0.9300000000000068
    ],
    "obj_class": "sign",
    "point_num_in_lidar": 56,
    "speed": 0.019629979818383252,
    "if_vehicle": false,
    "motion_state": false,
    "pose": [
      [
        0.9845689365388917,
        -0.1472157441164379,
        0.09461254613908011,
        -58.679204390116865
      ],
      [
        0.14358343205899804,
        0.988652758230849,
        0.04415338809982379,
        -1.6490244214037375
      ],
      [
        -0.10003902858802244,
        -0.029887260275543035,
        0.9945345365709463,
        7.5161999184459205
      ],
      [
        0.0,
        0.0,
        0.0,
        1.0
      ]
    ],
    "location": [
      -58.679204390116865,
      -1.6490244214037375,
      7.5161999184459205
    ],
    "rotation": [
      -0.030042464144789557,
      0.10020664644572728,
      0.14481295785436762
    ]
  },
  {
    "label_id": "3DLC1LTjeykLCTWkbZ15QQ",
    "size": [
      2.1385333840267697,
      4.399787758886019,
      2.180000000000007
    ],
    "obj_class": "vehicle",
    "point_num_in_lidar": 111,
    "speed": 0.034065981060059584,
    "if_vehicle": true,
    "motion_state": false,
    "pose": [
      [
        -0.14456709063524809,
        -0.9849613304177686,
        0.09461254613908011,
        -37.79126076931789
      ],
      [
        0.9890353677818847,
        -0.14092380776809263,
        0.04415338809982379,
        -23.275981171058447
      ],
      [
        -0.030156219620700985,
        0.09995828122672615,
        0.9945345365709463,
        5.178924857035611
      ],
      [
        0.0,
        0.0,
        0.0,
        1.0
      ]
    ],
    "location": [
      -37.79126076931789,
      -23.275981171058447,
      5.178924857035611
    ],
    "rotation": [
      0.100171203279944,
      0.03016079215769586,
      1.715938257963902
    ]
  },
  {
    "label_id": "6EEh5yAbArSGhJSNWWiopQ",
    "size": [
      1.0355069565987498,
      0.12083340226425078,
      1.25
    ],
    "obj_class": "sign",
    "point_num_in_lidar": 102,
    "speed": 0.029676892874352226,
    "if_vehicle": false,
    "motion_state": false,
    "pose": [
      [
        0.5364170393408675,
        -0.8386329507107736,
        0.09461254613908011,
        -49.48772431426369
      ],
      [
        0.8393217872868923,
        0.5418389204411614,
        0.04415338809982379,
        -22.313786070168135
      ],
      [
        -0.08829324600622193,
        0.05572574160384051,
        0.9945345365709463,
        7.694024591504274
      ],
      [
        0.0,
        0.0,
        0.0,
        1.0
      ]
    ],
    "location": [
      -49.48772431426369,
      -22.313786070168135,
      7.694024591504274
    ],
    "rotation": [
      0.05597345354776624,
      0.08840836822444496,
      1.0021163897556395
    ]
  },
  {
    "label_id": "6suwZTRBqiMJOBHdaAr7EA",
    "size": [
      0.9678287510371786,
      0.1068127753164618,
      1.1500000000000057
    ],
    "obj_class": "sign",
    "point_num_in_lidar": 34,
    "speed": 0.05415453139823662,
    "if_vehicle": false,
    "motion_state": false,
    "pose": [
      [
        -0.7225168620030059,
        -0.684848779099744,
        0.09461254613908011,
        -36.18091214906508
      ],
      [
        0.6903033252706761,
        -0.7221715844863695,
        0.04415338809982379,
        -19.631629412389884
      ],
      [
        0.03808809842426774,
        0.0972129226288178,
        0.9945345365709463,
        7.132786046003417
      ],
      [
        0.0,
        0.0,
        0.0,
        1.0
      ]
    ],
    "location": [
      -36.18091214906508,
      -19.631629412389884,
      7.132786046003417
    ],
    "rotation": [
      0.09743762007240202,
      -0.038097313529283305,
      2.3789914153587106
    ]
  },
  {
    "label_id": "CqIxVE2TiIy7ctEX1vLLIw",
    "size": [
      1.9200110352944244,
      4.439518699582246,
      1.6800000000000068
    ],
    "obj_class": "vehicle",
    "point_num_in_lidar": 148,
    "speed": 0.027613011006446832,
    "if_vehicle": true,
    "motion_state": false,
    "pose": [
      [
        -0.9790502726780235,
        0.18030260586627245,
        0.09461254613908011,
        -46.65186476463532
      ],
      [
        -0.17680994101905065,
        -0.9832541497884187,
        0.04415338809982379,
        -24.983793393723317
      ],
      [
        0.10098914954552184,
        0.026499947956278115,
        0.9945345365709463,
        4.956684818423412
      ],
      [
        0.0,
        0.0,
        0.0,
        1.0
      ]
    ],
    "location": [
      -46.65186476463532,
      -24.983793393723317,
      4.956684818423412
    ],
    "rotation": [
      0.026639275072060806,
      -0.1011616036924402,
      -2.9629250733279173
    ]
  },
  {
    "label_id": "Hf6RKtyju1TIshrc0-YqhA",
    "size": [
      2.1739163231582666,
      4.665393274231874,
      1.5900000000000034
    ],
    "obj_class": "vehicle",
    "point_num_in_lidar": 114,
    "speed": 0.004776815104419167,
    "if_vehicle": true,
    "motion_state": false,
    "pose": [
      [
        -0.9674935569442058,
        0.2345307727879847,
        0.09461254613908011,
        -46.636518069398335
      ],
      [
        -0.23127757249588674,
        -0.9718853650404025,
        0.04415338809982379,
        -27.135974394794175
      ],
      [
        0.10230787717404127,
        0.020836358505134957,
        0.9945345365709463,
        5.398464434868998
      ],
      [
        0.0,
        0.0,
        0.0,
        1.0
      ]
    ],
    "location": [
      -46.636518069398335,
      -27.135974394794175,
      5.398464434868998
    ],
    "rotation": [
      0.020947800114972027,
      -0.10248719749854393,
      -2.906947849569856
    ]
  },
  {
    "label_id": "ISt0bJGy05IGYz7zPxMaXw",
    "size": [
      1.9225218151335448,
      4.093562992219752,
      1.4399999999999977
    ],
    "obj_class": "vehicle",
    "point_num_in_lidar": 142,
    "speed": 0.0298988832871367,
    "if_vehicle": true,
    "motion_state": false,
    "pose": [
      [
        0.9762704407206728,
        -0.19479346161548586,
        0.09461254613908011,
        -46.261255175911174
      ],
      [
        0.19136348673297512,
        0.9805256214218498,
        0.04415338809982379,
        -29.402570525446208
      ],
      [
        -0.10137081690734163,
        -0.025000260941667032,
        0.9945345365709463,
        5.880150042465928
      ],
      [
        0.0,
        0.0,
        0.0,
        1.0
      ]
    ],
    "location": [
      -46.261255175911174,
      -29.402570525446208,
      5.880150042465928
    ],
    "rotation": [
      -0.025132357015141184,
      0.10154523982455677,
      0.1935607477125632
    ]
  },
  {
    "label_id": "QVnU0JqLVc0X0fjWdCLaUg",
    "size": [
      0.7930526175234098,
      0.07580443676918142,
      0.7999999999999972
    ],
    "obj_class": "sign",
    "point_num_in_lidar": 27,
    "speed": 0.08207493851844737,
    "if_vehicle": false,
    "motion_state": false,
    "pose": [
      [
        -0.1344547841856002,
        -0.9863926080028602,
        0.09461254613908011,
        -52.69157414899655
      ],
      [
        0.9904290546056178,
        -0.13076989757711266,
        0.04415338809982379,
        3.589759648040854
      ],
      [
        -0.03118010267183029,
        0.09964364889438436,
        0.9945345365709463,
        5.645759282295529
      ],
      [
        0.0,
        0.0,
        0.0,
        1.0
      ]
    ],
    "location": [
      -52.69157414899655,
      3.589759648040854,
      5.645759282295529
    ],
    "rotation": [
      0.09985799588889031,
      0.031185157093145944,
      1.7057255625342556
    ]
  },
  {
    "label_id": "Qloun3jocmcTDyPhGCT3hA",
    "size": [
      2.156413257007878,
      4.519425058393139,
      1.8500000000000085
    ],
    "obj_class": "vehicle",
    "point_num_in_lidar": 222,
    "speed": 11.97744020838994,
    "if_vehicle": true,
    "motion_state": true,
    "pose": [
      [
        0.9824526485143928,
        -0.16073350472174552,
        0.09461254613908011,
        -57.18861609304531
      ],
      [
        0.15715766274205095,
        0.9865860060637198,
        0.04415338809982379,
        -13.383977187795608
      ],
      [
        -0.10044034283349854,
        -0.02850952646226347,
        0.9945345365709463,
        4.886686780135108
      ],
      [
        0.0,
        0.0,
        0.0,
        1.0
      ]
    ],
    "location": [
      -57.18861609304531,
      -13.383977187795608,
      4.886686780135108
    ],
    "rotation": [
      -0.02865835224200988,
      0.10060999221814634,
      0.1586207632844922
    ]
  },
  {
    "label_id": "RRrzVSvZfaipO4N3K7C-9Q",
    "size": [
      1.887811656252748,
      4.049596651610301,
      1.3800000000000097
    ],
    "obj_class": "vehicle",
    "point_num_in_lidar": 111,
    "speed": 0.007998760063456565,
    "if_vehicle": true,
    "motion_state": false,
    "pose": [
      [
        0.9845014697610736,
        -0.14766625258117222,
        0.09461254613908011,
        -41.606820044485175
      ],
      [
        0.14403580959914133,
        0.9885869531166322,
        0.04415338809982379,
        6.198481804654875
      ],
      [
        -0.1000526940737031,
        -0.029841480797829098,
        0.9945345365709463,
        3.57707948361832
      ],
      [
        0.0,
        0.0,
        0.0,
        1.0
      ]
    ],
    "location": [
      -41.606820044485175,
      6.198481804654875,
      3.57707948361832
    ],
    "rotation": [
      -0.02999647455529823,
      0.10022038083923908,
      0.14527264292355138
    ]
  },
  {
    "label_id": "ZQdmKM3Q-qh_3PDcQnIy1A",
    "size": [
      0.8334233823643998,
      0.7485196391815518,
      1.5900000000000034
    ],
    "obj_class": "pedestrian",
    "point_num_in_lidar": 41,
    "speed": 0.012546202159025965,
    "if_vehicle": false,
    "motion_state": false,
    "pose": [
      [
        -0.07313613618906839,
        -0.9928240386374692,
        0.09461254613908011,
        -48.61832728533409
      ],
      [
        0.9966246379926552,
        -0.06920844793314954,
        0.04415338809982379,
        -35.3999253611546
      ],
      [
        -0.037288557619505384,
        0.0975224027507016,
        0.9945345365709463,
        6.9210688907176205
      ],
      [
        0.0,
        0.0,
        0.0,
        1.0
      ]
    ],
    "location": [
      -48.61832728533409,
      -35.3999253611546,
      6.9210688907176205
    ],
    "rotation": [
      0.09774584660434046,
      0.03729720425954401,
      1.6440488554316266
    ]
  },
  {
    "label_id": "Zsu2HzunFdjsYcDGEeIYNw",
    "size": [
      1.1011886003861722,
      0.09157828239883012,
      1.0900000000000034
    ],
    "obj_class": "sign",
    "point_num_in_lidar": 39,
    "speed": 0.021233259480936344,
    "if_vehicle": false,
    "motion_state": false,
    "pose": [
      [
        -0.9854917025913137,
        0.14090624626592824,
        0.09461254613908011,
        -53.93962143371846
      ],
      [
        -0.13724785054321717,
        -0.9895521743903013,
        0.04415338809982379,
        -17.341102741394934
      ],
      [
        0.0998455389335983,
        0.030527429021660685,
        0.9945345365709463,
        7.275796411054486
      ],
      [
        0.0,
        0.0,
        0.0,
        1.0
      ]
    ],
    "location": [
      -53.93962143371846,
      -17.341102741394934,
      7.275796411054486
    ],
    "rotation": [
      0.03068555763572599,
      -0.10001218315922944,
      -3.003214322441058
    ]
  },
  {
    "label_id": "hZZVqo78R8-bZa4kLwPQzw",
    "size": [
      2.3380157644533766,
      5.7785313826431315,
      2.3799999999999955
    ],
    "obj_class": "vehicle",
    "point_num_in_lidar": 5741,
    "speed": 0.056064225595758924,
    "if_vehicle": true,
    "motion_state": false,
    "pose": [
      [
        0.9877622351926351,
        -0.12399287415142096,
        0.09461254613908011,
        -30.869541510855015
      ],
      [
        0.1202654139192748,
        0.9917594005272307,
        0.04415338809982379,
        -12.512354895099634
      ],
      [
        -0.09930758753526933,
        -0.03223443229743689,
        0.9945345365709463,
        4.115420892390276
      ],
      [
        0.0,
        0.0,
        0.0,
        1.0
      ]
    ],
    "location": [
      -30.869541510855015,
      -12.512354895099634,
      4.115420892390276
    ],
    "rotation": [
      -0.03240023416729435,
      0.0994715447287624,
      0.12115907389309627
    ]
  },
  {
    "label_id": "mShpFVaxZSDzWEU6UQoocA",
    "size": [
      0.7662783726991801,
      0.08660769433841517,
      0.7900000000000063
    ],
    "obj_class": "sign",
    "point_num_in_lidar": 131,
    "speed": 0.03670531565337091,
    "if_vehicle": false,
    "motion_state": false,
    "pose": [
      [
        0.06361979528214891,
        0.9934792336839952,
        0.09461254613908011,
        -36.206340875282876
      ],
      [
        -0.9972420244746186,
        0.059655870969006305,
        0.04415338809982379,
        -19.720457085095404
      ],
      [
        0.038221280329442844,
        -0.09716063656435855,
        0.9945345365709463,
        6.206920923393184
      ],
      [
        0.0,
        0.0,
        0.0,
        1.0
      ]
    ],
    "location": [
      -36.206340875282876,
      -19.720457085095404,
      6.206920923393184
    ],
    "rotation": [
      -0.09738554396388684,
      -0.03823059248232889,
      -1.5070869210472306
    ]
  },
  {
    "label_id": "mswaHVZRTp3YEWuMsTuLig",
    "size": [
      0.7197875054767,
      0.6681805656786513,
      1.3500000000000085
    ],
    "obj_class": "pedestrian",
    "point_num_in_lidar": 50,
    "speed": 0.006905674257988121,
    "if_vehicle": false,
    "motion_state": false,
    "pose": [
      [
        -0.10274586223883192,
        -0.9901978357408581,
        0.09461254613908011,
        -50.321952809984396
      ],
      [
        0.9941140081018918,
        -0.09893339787401485,
        0.04415338809982379,
        -36.18884197880652
      ],
      [
        -0.03436024866602048,
        0.09859223539012826,
        0.9945345365709463,
        7.124332124749955
      ],
      [
        0.0,
        0.0,
        0.0,
        1.0
      ]
    ],
    "location": [
      -50.321952809984396,
      -36.18884197880652,
      7.124332124749955
    ],
    "rotation": [
      0.09881120186760381,
      0.034367013365032464,
      1.6737848588596662
    ]
  },
  {
    "label_id": "p6E6I2ch5b1NXoAK_gInzA",
    "size": [
      1.9601609960831978,
      3.948561555880508,
      1.8900000000000006
    ],
    "obj_class": "vehicle",
    "point_num_in_lidar": 3324,
    "speed": 0.063950448254628,
    "if_vehicle": true,
    "motion_state": false,
    "pose": [
      [
        0.9844302755040152,
        -0.14814013225378675,
        0.09461254613908011,
        -19.705144238705543
      ],
      [
        0.1445116562688031,
        0.9885175059257948,
        0.04415338809982379,
        -10.22248445783589
      ],
      [
        -0.10006704689125333,
        -0.029793316265178216,
        0.9945345365709463,
        2.8016004061705075
      ],
      [
        0.0,
        0.0,
        0.0,
        1.0
      ]
    ],
    "location": [
      -19.705144238705543,
      -10.22248445783589,
      2.8016004061705075
    ],
    "rotation": [
      -0.02994808882728899,
      0.10023480605089588,
      0.14575621067993547
    ]
  },
  {
    "label_id": "rS6X0_p3yTvNiUtcfUHjrQ",
    "size": [
      2.300496910919609,
      4.621783504216847,
      1.75
    ],
    "obj_class": "vehicle",
    "point_num_in_lidar": 6325,
    "speed": 0.13876823608467564,
    "if_vehicle": true,
    "motion_state": false,
    "pose": [
      [
        -0.9805068296570899,
        0.17220575805960406,
        0.09461254613908011,
        -30.311806445285583
      ],
      [
        -0.16867847240609407,
        -0.9846817004829799,
        0.04415338809982379,
        -2.018167025742514
      ],
      [
        0.10076671048788384,
        0.02733359883118618,
        0.9945345365709463,
        3.6891045391944886
      ],
      [
        0.0,
        0.0,
        0.0,
        1.0
      ]
    ],
    "location": [
      -30.311806445285583,
      -2.018167025742514,
      3.6891045391944886
    ],
    "rotation": [
      0.027476893671826912,
      -0.10093802411253056,
      -2.97122831493628
    ]
  },
  {
    "label_id": "txanAhqCa5Pik38ITvNB5Q",
    "size": [
      2.025360653513427,
      3.541324693115208,
      1.8500000000000085
    ],
    "obj_class": "vehicle",
    "point_num_in_lidar": 55,
    "speed": 0.034947571256922876,
    "if_vehicle": true,
    "motion_state": false,
    "pose": [
      [
        -0.9879652132374941,
        0.12236504217166455,
        0.09461254613908011,
        -80.2944925978154
      ],
      [
        -0.1186310003536844,
        -0.9919562309267433,
        0.04415338809982379,
        -6.9510025594299805
      ],
      [
        0.0992543358633613,
        0.03239803049471205,
        0.9945345365709463,
        7.0285830495145944
      ],
      [
        0.0,
        0.0,
        0.0,
        1.0
      ]
    ],
    "location": [
      -80.2944925978154,
      -6.9510025594299805,
      7.0285830495145944
    ],
    "rotation": [
      0.03256455791689639,
      -0.09941802865752755,
      -3.022088717897698
    ]
  },
  {
    "label_id": "vgEwJsu_ckjXGzr8aVeH6A",
    "size": [
      2.6042243304917294,
      5.512382166464195,
      2.1400000000000006
    ],
    "obj_class": "vehicle",
    "point_num_in_lidar": 24,
    "speed": 0.02228701264966692,
    "if_vehicle": true,
    "motion_state": false,
    "pose": [
      [
        -0.9771852532749571,
        0.1901511159447624,
        0.09461254613908011,
        -85.41715592246146
      ],
      [
        -0.18670095522702454,
        -0.981424083481052,
        0.04415338809982379,
        -7.375543186044524
      ],
      [
        0.10125084740027912,
        0.0254817869926466,
        0.9945345365709463,
        7.8477776125550065
      ],
      [
        0.0,
        0.0,
        0.0,
        1.0
      ]
    ],
    "location": [
      -85.41715592246146,
      -7.375543186044524,
      7.8477776125550065
    ],
    "rotation": [
      0.025616217612955145,
      -0.10142464986049413,
      -2.9528078975008887
    ]
  },
  {
    "label_id": "xorJBF-QFIwO5KT13E4lzA",
    "size": [
      2.2211669400199145,
      4.981518724498063,
      1.6500000000000057
    ],
    "obj_class": "vehicle",
    "point_num_in_lidar": 4104,
    "speed": 0.04205594401016911,
    "if_vehicle": true,
    "motion_state": false,
    "pose": [
      [
        -0.9860278623450894,
        0.1371040509695243,
        0.09461254613908011,
        -25.14570989576805
      ],
      [
        -0.13343002078538313,
        -0.9900741931151011,
        0.04415338809982379,
        -1.1858491925395356
      ],
      [
        0.09972704864973043,
        0.03091231688546688,
        0.9945345365709463,
        3.121269168211583
      ],
      [
        0.0,
        0.0,
        0.0,
        1.0
      ]
    ],
    "location": [
      -25.14570989576805,
      -1.1858491925395356,
      3.121269168211583
    ],
    "rotation": [
      0.03107219175352287,
      -0.09989309851097354,
      -3.0070889391128555
    ]
  },
  {
    "label_id": "z0vfkiulMZ8zu5iEWlpZuw",
    "size": [
      2.153889868251474,
      4.738714330461561,
      1.6200000000000045
    ],
    "obj_class": "vehicle",
    "point_num_in_lidar": 275,
    "speed": 0.0025726305554120113,
    "if_vehicle": true,
    "motion_state": false,
    "pose": [
      [
        0.9884926442874524,
        -0.11802863340173235,
        0.09461254613908011,
        -41.225850972864464
      ],
      [
        0.1142771147886516,
        0.9924672384290011,
        0.04415338809982379,
        3.988109007037565
      ],
      [
        -0.09911121644486778,
        -0.0328332505614627,
        0.9945345365709463,
        3.9832186400028036
      ],
      [
        0.0,
        0.0,
        0.0,
        1.0
      ]
    ],
    "location": [
      -41.225850972864464,
      3.988109007037565,
      3.9832186400028036
    ],
    "rotation": [
      -0.03300169958042122,
      0.09927420005346047,
      0.11509650753231751
    ]
  }
]