[
  {
    "label_id": "09Fy6aLIXmomFj8daA5KWg",
    "size": [
      1.9336777598641002,
      3.9037725122541556,
      2.0900000000000034
    ],
    "obj_class": "vehicle",
    "point_num_in_lidar": 32,
    "speed": 0.02310663884016063,
    "if_vehicle": true,
    "motion_state": false,
    "pose": [
      [
        -0.178006064631408,
        -0.978552587831272,
        0.10367581108030806,
        -5.452911136101648
      ],
      [
        0.9839752774865057,
        -0.17590070023227242,
        0.02918213414317103,
        8.132431466001435
      ],
      [
        -0.010319605118064356,
        0.1072090318327564,
        0.9941829455606701,
        1.0919565666605848
      ],
      [
        0.0,
        0.0,
        0.0,
        1.0
      ]
    ],
    "location": [
      -5.452911136101648,
      8.132431466001435,
      1.0919565666605848
    ],
    "rotation": [
      0.10742121628672689,
      0.010319788289943397,
      1.7497657415109895
    ]
  },
  {
    "label_id": "1UOZjC0IcEiKv8-DWSRMhg",
    "size": [
      0.7870144939460864,
      0.08611861253863681,
      0.9300000000000068
    ],
    "obj_class": "sign",
    "point_num_in_lidar": 29,
    "speed": 0.029714983020878702,
    "if_vehicle": false,
    "motion_state": false,
    "pose": [
      [
        0.9836758364162664,
        -0.14708220506777372,
        0.10367581108030806,
        -58.744630660963594
      ],
      [
        0.1448070102184625,
        0.9890294903785427,
        0.02918213414317103,
        -1.6844231306859
      ],
      [
        -0.10683060723570033,
        -0.013692775977181897,
        0.9941829455606701,
        7.516199918445963
      ],
      [
        0.0,
        0.0,
        0.0,
        1.0
      ]
    ],
    "location": [
      -58.744630660963594,
      -1.6844231306859,
      7.516199918445963
    ],
    "rotation": [
      -0.013772022876432942,
      0.10703486367324637,
      0.14616032067220974
    ]
  },
  {
    "label_id": "6EEh5yAbArSGhJSNWWiopQ",
    "size": [
      1.035506956598749,
      0.12083340226425078,
      1.25
    ],
    "obj_class": "sign",
    "point_num_in_lidar": 34,
    "speed": 0.05011877738516351,
    "if_vehicle": false,
    "motion_state": false,
    "pose": [
      [
        0.5359304567300831,
        -0.8378722287711443,
        0.10367581108030806,
        -49.56252486476569
      ],
      [
        0.8404101270773554,
        0.5411646896765098,
        0.02918213414317103,
        -22.375320491131788
      ],
      [
        -0.0805565879050726,
        0.0714906070851414,
        0.9941829455606701,
        7.767538766966567
      ],
      [
        0.0,
        0.0,
        0.0,
        1.0
      ]
    ],
    "location": [
      -49.56252486476569,
      -22.375320491131788,
      7.767538766966567
    ],
    "rotation": [
      0.07178534386654671,
      0.08064397015617196,
      1.0031157313581875
    ]
  },
  {
    "label_id": "6suwZTRBqiMJOBHdaAr7EA",
    "size": [
      0.9678287510371831,
      0.1068127753164618,
      1.1500000000000057
    ],
    "obj_class": "sign",
    "point_num_in_lidar": 31,
    "speed": 0.06395763693642069,
    "if_vehicle": false,
    "motion_state": false,
    "pose": [
      [
        -0.7218614686891099,
        -0.6842275544136185,
        0.10367581108030806,
        -36.300609193921446
      ],
      [
        0.6898462765475537,
        -0.7233674846026228,
        0.02918213414317103,
        -19.705780490790858
      ],
      [
        0.05502849039794711,
        0.0925858304538702,
        0.9941829455606701,
        7.132786046003574
      ],
      [
        0.0,
        0.0,
        0.0,
        1.0
      ]
    ],
    "location": [
      -36.300609193921446,
      -19.705780490790858,
      7.132786046003574
    ],
    "rotation": [
      0.09285972708852334,
      -0.05505630059121375,
      2.3788689462859294
    ]
  },
  {
    "label_id": "CqIxVE2TiIy7ctEX1vLLIw",
    "size": [
      1.920011035294421,
      4.439518699582246,
      1.6800000000000068
    ],
    "obj_class": "vehicle",
    "point_num_in_lidar": 72,
    "speed": 0.02761301123756201,
    "if_vehicle": true,
    "motion_state": false,
    "pose": [
      [
        -0.9781621785221594,
        0.18013905380461906,
        0.10367581108030806,
        -46.72080685607216
      ],
      [
        -0.178045516801124,
        -0.9835894453448911,
        0.02918213414317103,
        -24.96375582507426
      ],
      [
        0.10723127554871223,
        0.01008584654384092,
        0.9941829455606701,
        4.956684818423554
      ],
      [
        0.0,
        0.0,
        0.0,
        1.0
      ]
    ],
    "location": [
      -46.72080685607216,
      -24.96375582507426,
      4.956684818423554
    ],
    "rotation": [
      0.010144511736583473,
      -0.10743784684925264,
      -2.961543368243703
    ]
  },
  {
    "label_id": "Iyu9vNNsCr-uctIcYvC4Tg",
    "size": [
      2.4693239983386137,
      5.5369510550363685,
      2.509999999999991
    ],
    "obj_class": "vehicle",
    "point_num_in_lidar": 18870,
    "speed": 0.053321484028976115,
    "if_vehicle": true,
    "motion_state": false,
    "pose": [
      [
        -0.9848503842161224,
        0.13900016872722287,
        0.10367581108030806,
        -8.0719337646633
      ],
      [
        -0.13668109109674223,
        -0.990185175804735,
        0.02918213414317103,
        1.3325863598256547
      ],
      [
        0.10671457279097457,
        0.01456951304435219,
        0.9941829455606701,
        1.7114594398295395
      ],
      [
        0.0,
        0.0,
        0.0,
        1.0
      ]
    ],
    "location": [
      -8.0719337646633,
      1.3325863598256547,
      1.7114594398295395
    ],
    "rotation": [
      0.014653711624361208,
      -0.10691816210013332,
      -3.003689918426171
    ]
  },
  {
    "label_id": "NrKoxQ7n6G2lJ-Min5o00g",
    "size": [
      2.086338863591843,
      4.134274428548164,
      2.0700000000000074
    ],
    "obj_class": "vehicle",
    "point_num_in_lidar": 4949,
    "speed": 0.058675759994348764,
    "if_vehicle": true,
    "motion_state": false,
    "pose": [
      [
        0.9847659188755056,
        -0.13959731809071882,
        0.10367581108030806,
        -4.219414584403239
      ],
      [
        0.13728147569641988,
        0.9901021156817428,
        0.02918213414317103,
        -7.494866721404833
      ],
      [
        -0.10672338755818397,
        -0.014504802805120155,
        0.9941829455606701,
        1.2111977783886374
      ],
      [
        0.0,
        0.0,
        0.0,
        1.0
      ]
    ],
    "location": [
      -4.219414584403239,
      -7.494866721404833,
      1.2111977783886374
    ],
    "rotation": [
      -0.01458863667330633,
      0.10692702749563816,
      0.1385125137517767
    ]
  },
  {
    "label_id": "QHtOD9Dp5rOGtaF_Zl2JJg",
    "size": [
      0.4565543314224038,
      0.06451841445347142,
      0.5300000000000011
    ],
    "obj_class": "sign",
    "point_num_in_lidar": 43,
    "speed": 0.02486428280456084,
    "if_vehicle": false,
    "motion_state": false,
    "pose": [
      [
        -0.9898851775320259,
        0.09684348971009729,
        0.10367581108030806,
        -2.904242165262076
      ],
      [
        -0.09429885426401463,
        -0.9951161385141656,
        0.02918213414317103,
        -9.554417324574388
      ],
      [
        0.10599557248717319,
        0.01911045183731077,
        0.9941829455606701,
        3.105274283537156
      ],
      [
        0.0,
        0.0,
        0.0,
        1.0
      ]
    ],
    "location": [
      -2.904242165262076,
      -9.554417324574388,
      3.105274283537156
    ],
    "rotation": [
      0.019219901831522803,
      -0.10619506050311246,
      -3.0466168444635455
    ]
  },
  {
    "label_id": "dYgqU5miR81hSV4x_GFo4w",
    "size": [
      1.9903215667477543,
      4.4729038727806865,
      1.5100000000000051
    ],
    "obj_class": "vehicle",
    "point_num_in_lidar": 3450,
    "speed": 0.05516330092256278,
    "if_vehicle": true,
    "motion_state": false,
    "pose": [
      [
        0.9777819897677074,
        -0.1821914012316258,
        0.10367581108030806,
        -11.908594702284063
      ],
      [
        0.1801092583501591,
        0.9832136380784215,
        0.02918213414317103,
        -8.782477111300977
      ],
      [
        -0.10725220530347443,
        -0.009860791745652428,
        0.9941829455606701,
        1.7580703002536922
      ],
      [
        0.0,
        0.0,
        0.0,
        1.0
      ]
    ],
    "location": [
      -11.908594702284063,
      -8.782477111300977,
      1.7580703002536922
    ],
    "rotation": [
      -0.009918162901855642,
      0.10745889800656008,
      0.1821599257622335
    ]
  },
  {
    "label_id": "hZZVqo78R8-bZa4kLwPQzw",
    "size": [
      2.3380157644533757,
      5.7785313826431315,
      2.3799999999999955
    ],
    "obj_class": "vehicle",
    "point_num_in_lidar": 775,
    "speed": 0.04212192942699254,
    "if_vehicle": true,
    "motion_state": false,
    "pose": [
      [
        0.9868662384364534,
        -0.12388040051245165,
        0.10367581108030806,
        -30.946400493608962
      ],
      [
        0.12147978256044673,
        0.9921648378550393,
        0.02918213414317103,
        -12.58047230653574
      ],
      [
        -0.10647858875544766,
        -0.016204347964605414,
        0.9941829455606701,
        4.111254259807652
      ],
      [
        0.0,
        0.0,
        0.0,
        1.0
      ]
    ],
    "location": [
      -30.946400493608962,
      -12.58047230653574,
      4.111254259807652
    ],
    "rotation": [
      -0.0162977179424503,
      0.10668082580558128,
      0.12248034480584417
    ]
  },
  {
    "label_id": "mShpFVaxZSDzWEU6UQoocA",
    "size": [
      0.7662783726991805,
      0.08660769433841517,
      0.7900000000000063
    ],
    "obj_class": "sign",
    "point_num_in_lidar": 20,
    "speed": 0.07126070379710533,
    "if_vehicle": false,
    "motion_state": false,
    "pose": [
      [
        0.06356208591823635,
        0.9925780510521895,
        0.10367581108030806,
        -36.32320077978602
      ],
      [
        -0.9977206502201937,
        0.060843300132748544,
        0.02918213414317103,
        -19.70339020755091
      ],
      [
        0.02265756734330694,
        -0.10529437496083667,
        0.9941829455606701,
        6.195971630147369
      ],
      [
        0.0,
        0.0,
        0.0,
        1.0
      ]
    ],
    "location": [
      -36.32320077978602,
      -19.70339020755091,
      6.195971630147369
    ],
    "rotation": [
      -0.1055171057477985,
      -0.022659506392983548,
      -1.5071750082843938
    ]
  },
  {
    "label_id": "p6E6I2ch5b1NXoAK_gInzA",
    "size": [
      1.960160996080863,
      3.948561555880508,
      1.8900000000000006
    ],
    "obj_class": "vehicle",
    "point_num_in_lidar": 1350,
    "speed": 0.05022251114256239,
    "if_vehicle": true,
    "motion_state": false,
    "pose": [
      [
        0.9809017911510605,
        -0.16456914143751755,
        0.10367581108030806,
        -19.56488770170381
      ],
      [
        0.1623896065422896,
        0.9862950971863798,
        0.02918213414317103,
        -10.239981786104181
      ],
      [
        -0.10705742292658532,
        -0.011788933481363006,
        0.9941829455606701,
        2.7905923504730623
      ],
      [
        0.0,
        0.0,
        0.0,
        1.0
      ]
    ],
    "location": [
      -19.56488770170381,
      -10.239981786104181,
      2.7905923504730623
    ],
    "rotation": [
      -0.011857355864970165,
      0.10726298764559361,
      0.1640632994365068
    ]
  },
  {
    "label_id": "r7O7xZvjzSvfr7Jf8G8Dgg",
    "size": [
      0.9222433840208301,
      2.1913321595862114,
      1.5100000000000051
    ],
    "obj_class": "vehicle",
    "point_num_in_lidar": 1077,
    "speed": 0.01684061175191362,
    "if_vehicle": true,
    "motion_state": false,
    "pose": [
      [
        0.14211817084692735,
        0.9844052781816865,
        0.10367581108030806,
        -17.35238385505636
      ],
      [
        -0.989747386782438,
        0.13981599838425093,
        0.02918213414317103,
        0.28607946852025634
      ],
      [
        0.014231509844653314,
        -0.10676017461512179,
        0.9941829455606701,
        2.2708240565032582
      ],
      [
        0.0,
        0.0,
        0.0,
        1.0
      ]
    ],
    "location": [
      -17.35238385505636,
      0.28607946852025634,
      2.2708240565032582
    ],
    "rotation": [
      -0.10697490111821735,
      -0.014231990286986462,
      -1.42818080586878
    ]
  },
  {
    "label_id": "rS6X0_p3yTvNiUtcfUHjrQ",
    "size": [
      2.300496910919608,
      4.621783504216847,
      1.75
    ],
    "obj_class": "vehicle",
    "point_num_in_lidar": 241,
    "speed": 0.025041381961432504,
    "if_vehicle": true,
    "motion_state": false,
    "pose": [
      [
        -0.9796174142618808,
        0.17204955062919175,
        0.10367581108030806,
        -30.27892026153677
      ],
      [
        -0.16991123517755904,
        -0.9850271951612737,
        0.02918213414317103,
        -2.0276380098075606
      ],
      [
        0.10714426646023933,
        0.010971641673286146,
        0.9941829455606701,
        3.6819635711038927
      ],
      [
        0.0,
        0.0,
        0.0,
        1.0
      ]
    ],
    "location": [
      -30.27892026153677,
      -2.0276380098075606,
      3.6819635711038927
    ],
    "rotation": [
      0.011035389757775113,
      -0.10735033357887175,
      -2.969854698367446
    ]
  },
  {
    "label_id": "txanAhqCa5Pik38ITvNB5Q",
    "size": [
      2.025360653513427,
      3.541324693115208,
      1.8500000000000085
    ],
    "obj_class": "vehicle",
    "point_num_in_lidar": 23,
    "speed": 0.03160488184326038,
    "if_vehicle": true,
    "motion_state": false,
    "pose": [
      [
        -0.9870690323604142,
        0.12225404513518487,
        0.10367581108030806,
        -80.40932095424796
      ],
      [
        -0.11984469925460134,
        -0.9923636687764339,
        0.02918213414317103,
        -6.9860122071495425
      ],
      [
        0.10645174219170724,
        0.016379784512015248,
        0.9941829455606701,
        7.028583049514722
      ],
      [
        0.0,
        0.0,
        0.0,
        1.0
      ]
    ],
    "location": [
      -80.40932095424796,
      -6.9860122071495425,
      7.028583049514722
    ],
    "rotation": [
      0.016474133608694087,
      -0.10665382578541102,
      -3.0207693355261562
    ]
  },
  {
    "label_id": "xorJBF-QFIwO5KT13E4lzA",
    "size": [
      2.2211669400199145,
      4.981518724498063,
      1.6500000000000057
    ],
    "obj_class": "vehicle",
    "point_num_in_lidar": 1011,
    "speed": 0.04397067513376188,
    "if_vehicle": true,
    "motion_state": false,
    "pose": [
      [
        -0.9851334388343609,
        0.13697968421348675,
        0.10367581108030806,
        -25.10770190342737
      ],
      [
        -0.134649668374731,
        -0.9904634621496266,
        0.02918213414317103,
        -1.1940728314784792
      ],
      [
        0.10668446230337973,
        0.014788382580542955,
        0.9941829455606701,
        3.0848060805704733
      ],
      [
        0.0,
        0.0,
        0.0,
        1.0
      ]
    ],
    "location": [
      -25.10770190342737,
      -1.1940728314784792,
      3.0848060805704733
    ],
    "rotation": [
      0.014873813802782207,
      -0.10688787873424735,
      -3.0057527403233077
    ]
  },
  {
    "label_id": "z0vfkiulMZ8zu5iEWlpZuw",
    "size": [
      2.1538898682514733,
      4.738714330461561,
      1.6200000000000045
    ],
    "obj_class": "vehicle",
    "point_num_in_lidar": 60,
    "speed": 0.00534308128358656,
    "if_vehicle": true,
    "motion_state": false,
    "pose": [
      [
        0.9875959849789312,
        -0.1179215699112544,
        0.10367581108030806,
        -41.23449280880777
      ],
      [
        0.1154890141511797,
        0.9928799981151994,
        0.02918213414317103,
        3.9772318416253256
      ],
      [
        -0.1063788421815316,
        -0.016846741299923564,
        0.9941829455606701,
        3.9832186400029457
      ],
      [
        0.0,
        0.0,
        0.0,
        1.0
      ]
    ],
    "location": [
      -41.23449280880777,
      3.9772318416253256,
      3.9832186400029457
    ],
    "rotation": [
      -0.016943691475202912,
      0.10658050946842933,
      0.11641082148542835
    ]
  }
]