[
  {
    "label_id": "3Cij1nMocVFHTf2ipozZZg",
    "size": [
      2.0719024155393173,
      4.232229999427425,
      1.8299999999999983
    ],
    "obj_class": "vehicle",
    "point_num_in_lidar": 176,
    "speed": 0.045012004185139225,
    "if_vehicle": true,
    "motion_state": false,
    "pose": [
      [
        0.9885552295572468,
        -0.13875701069227303,
        0.05920346357066784,
        -101.63844744125163
      ],
      [
        0.13637187322279334,
        0.9897411211243636,
        0.04260546149490969,
        -23.499948708589727
      ],
      [
        -0.0645079088850766,
        -0.03404416454008351,
        0.9973363146662425,
        9.694702386480074
      ],
      [
        0.0,
        0.0,
        0.0,
        1.0
      ]
    ],
    "location": [
      -101.63844744125163,
      -23.499948708589727,
      9.694702386480074
    ],
    "rotation": [
      -0.03412184082087136,
      0.0645527320114113,
      0.13708546003468577
    ]
  },
  {
    "label_id": "CqIxVE2TiIy7ctEX1vLLIw",
    "size": [
      1.9200110352944246,
      4.439518699582246,
      1.6800000000000068
    ],
    "obj_class": "vehicle",
    "point_num_in_lidar": 1044,
    "speed": 0.04604948907272206,
    "if_vehicle": true,
    "motion_state": false,
    "pose": [
      [
        -0.9817368593682627,
        0.18079736961299053,
        0.05920346357066784,
        -46.5993133457423
      ],
      [
        -0.17846498692319315,
        -0.9830234092295617,
        0.04260546149490969,
        -24.958642773148313
      ],
      [
        0.06590134596686327,
        0.031261606608001105,
        0.9973363146662425,
        4.9616848184234925
      ],
      [
        0.0,
        0.0,
        0.0,
        1.0
      ]
    ],
    "location": [
      -46.5993133457423,
      -24.958642773148313,
      4.9616848184234925
    ],
    "rotation": [
      0.031334840458731354,
      -0.06594914088617054,
      -2.961771321370072
    ]
  },
  {
    "label_id": "DrPx65a2qCxaMXjPovdg4g",
    "size": [
      2.2400673173079335,
      4.750990034721823,
      1.9100000000000108
    ],
    "obj_class": "vehicle",
    "point_num_in_lidar": 101,
    "speed": 0.03587241916067604,
    "if_vehicle": true,
    "motion_state": false,
    "pose": [
      [
        -0.9781601579748098,
        0.19924270438822017,
        0.05920346357066784,
        -106.50745659879067
      ],
      [
        -0.19693494911250378,
        -0.9794903779358229,
        0.04260546149490969,
        -11.062759284686763
      ],
      [
        0.06647805027789715,
        0.03001573386087709,
        0.9973363146662425,
        9.82277761255611
      ],
      [
        0.0,
        0.0,
        0.0,
        1.0
      ]
    ],
    "location": [
      -106.50745659879067,
      -11.062759284686763,
      9.82277761255611
    ],
    "rotation": [
      0.030086818216867407,
      -0.06652711266425229,
      -2.9429166451550026
    ]
  },
  {
    "label_id": "G2VrcGN9URSKK_AbuLvKeg",
    "size": [
      2.181301301767601,
      4.6351412295512375,
      1.5400000000000063
    ],
    "obj_class": "vehicle",
    "point_num_in_lidar": 357,
    "speed": 0.034648692406333614,
    "if_vehicle": true,
    "motion_state": false,
    "pose": [
      [
        -0.9897871610555301,
        0.1296777764725724,
        0.05920346357066784,
        -45.33388319799906
      ],
      [
        -0.1272818548435221,
        -0.9909511108416996,
        0.04260546149490969,
        -41.01669066301656
      ],
      [
        0.06419271950327707,
        0.03463481212207187,
        0.9973363146662425,
        7.743818513083184
      ],
      [
        0.0,
        0.0,
        0.0,
        1.0
      ]
    ],
    "location": [
      -45.33388319799906,
      -41.01669066301656,
      7.743818513083184
    ],
    "rotation": [
      0.03471336463089796,
      -0.0642368880007141,
      -3.013699373186227
    ]
  },
  {
    "label_id": "GUrvf72TOyNaIyoTb4mIGw",
    "size": [
      2.26380931777917,
      4.694544322618478,
      1.5799999999999983
    ],
    "obj_class": "vehicle",
    "point_num_in_lidar": 57,
    "speed": 0.046989935474739314,
    "if_vehicle": true,
    "motion_state": false,
    "pose": [
      [
        -0.9932748933459192,
        0.09949842285126616,
        0.05920346357066784,
        -45.10291815052824
      ],
      [
        -0.09706819169669502,
        -0.994365396024791,
        0.04260546149490969,
        27.67897723958049
      ],
      [
        0.06310905172308026,
        0.036572162071324195,
        0.9973363146662425,
        -0.1495197915770632
      ],
      [
        0.0,
        0.0,
        0.0,
        1.0
      ]
    ],
    "location": [
      -45.10291815052824,
      27.67897723958049,
      -0.1495197915770632
    ],
    "rotation": [
      0.03665341586771552,
      -0.06315101826870329,
      -3.0441765783773587
    ]
  },
  {
    "label_id": "H980D-c98LHvo0e-QFTeuA",
    "size": [
      0.9051162661002832,
      1.1909958010824866,
      1.8400000000000034
    ],
    "obj_class": "pedestrian",
    "point_num_in_lidar": 74,
    "speed": 1.4975666422358564,
    "if_vehicle": false,
    "motion_state": true,
    "pose": [
      [
        0.9856674148286054,
        -0.15797055816300284,
        0.05920346357066784,
        -88.11113692146682
      ],
      [
        0.15560895297475685,
        0.986899502687536,
        0.04260546149490969,
        -26.233316398320312
      ],
      [
        -0.06515827728841493,
        -0.032782226110556534,
        0.9973363146662425,
        8.639190645695408
      ],
      [
        0.0,
        0.0,
        0.0,
        1.0
      ]
    ],
    "location": [
      -88.11113692146682,
      -26.233316398320312,
      8.639190645695408
    ],
    "rotation": [
      -0.03285795078150658,
      0.06520447160708855,
      0.15657936335618022
    ]
  },
  {
    "label_id": "Hf6RKtyju1TIshrc0-YqhA",
    "size": [
      2.1739163231582657,
      4.665393274231874,
      1.5900000000000034
    ],
    "obj_class": "vehicle",
    "point_num_in_lidar": 395,
    "speed": 0.01818129233418579,
    "if_vehicle": true,
    "motion_state": false,
    "pose": [
      [
        -0.9701484311478239,
        0.23517434265381204,
        0.05920346357066784,
        -46.6371441507863
      ],
      [
        -0.23291720511693353,
        -0.9715628390440436,
        0.04260546149490969,
        -27.121892623967142
      ],
      [
        0.06753959654848633,
        0.027544116359493512,
        0.9973363146662425,
        5.398464434868998
      ],
      [
        0.0,
        0.0,
        0.0,
        1.0
      ]
    ],
    "location": [
      -46.6371441507863,
      -27.121892623967142,
      5.398464434868998
    ],
    "rotation": [
      0.027610662714003194,
      -0.06759105031003178,
      -2.9059681623618894
    ]
  },
  {
    "label_id": "ISt0bJGy05IGYz7zPxMaXw",
    "size": [
      1.9225218151335408,
      4.093562992219752,
      1.4399999999999977
    ],
    "obj_class": "vehicle",
    "point_num_in_lidar": 323,
    "speed": 0.029898883288035402,
    "if_vehicle": true,
    "motion_state": false,
    "pose": [
      [
        0.9789493993454838,
        -0.19532798934702886,
        0.05920346357066784,
        -46.377537836000556
      ],
      [
        0.19301493100525816,
        0.9802703765083597,
        0.04260546149490969,
        -29.334847513544446
      ],
      [
        -0.06635744065402047,
        -0.030281438502914208,
        0.9973363146662425,
        5.926817672831149
      ],
      [
        0.0,
        0.0,
        0.0,
        1.0
      ]
    ],
    "location": [
      -46.377537836000556,
      -29.334847513544446,
      5.926817672831149
    ],
    "rotation": [
      -0.03035298927433953,
      0.06640623613328028,
      0.19466848454230112
    ]
  },
  {
    "label_id": "JE7ahEGrVwxUrwmwVUtMgA",
    "size": [
      1.9198957419612244,
      4.076168499645224,
      1.740000000000009
    ],
    "obj_class": "vehicle",
    "point_num_in_lidar": 313,
    "speed": 0.07361123013183403,
    "if_vehicle": true,
    "motion_state": false,
    "pose": [
      [
        -0.0977130032044035,
        -0.9934521221005131,
        0.05920346357066784,
        -36.41409492939238
      ],
      [
        0.99453825505105,
        -0.09528081596427729,
        0.04260546149490969,
        -33.74033418103136
      ],
      [
        -0.03668553181826513,
        0.06304321694812759,
        0.9973363146662425,
        6.765437116929178
      ],
      [
        0.0,
        0.0,
        0.0,
        1.0
      ]
    ],
    "location": [
      -36.41409492939238,
      -33.74033418103136,
      6.765437116929178
    ],
    "rotation": [
      0.06312760237398064,
      0.03669376554325401,
      1.668731628699126
    ]
  },
  {
    "label_id": "MizMmjifXpwFZMBgTlIKWQ",
    "size": [
      2.0628119252194335,
      4.3535405898767285,
      1.710000000000008
    ],
    "obj_class": "vehicle",
    "point_num_in_lidar": 418,
    "speed": 0.1742503014017383,
    "if_vehicle": true,
    "motion_state": false,
    "pose": [
      [
        0.19906065631934652,
        0.9781972219378603,
        0.05920346357066784,
        -52.31382086852409
      ],
      [
        -0.9795270123813155,
        0.196752653517405,
        0.04260546149490969,
        14.531782512247446
      ],
      [
        0.030028105518751215,
        -0.06647246292196766,
        0.9973363146662425,
        2.0465533797937496
      ],
      [
        0.0,
        0.0,
        0.0,
        1.0
      ]
    ],
    "location": [
      -52.31382086852409,
      14.531782512247446,
      2.0465533797937496
    ],
    "rotation": [
      -0.06655156839090066,
      -0.030032620010123582,
      -1.3703053852111637
    ]
  },
  {
    "label_id": "QVnU0JqLVc0X0fjWdCLaUg",
    "size": [
      0.7930526175234079,
      0.07580443676918142,
      0.7999999999999972
    ],
    "obj_class": "sign",
    "point_num_in_lidar": 324,
    "speed": 0.07728570164669193,
    "if_vehicle": false,
    "motion_state": false,
    "pose": [
      [
        -0.13482373810317372,
        -0.9890993426067592,
        0.05920346357066784,
        -52.56846221350952
      ],
      [
        0.9902757374339379,
        -0.13243390238332559,
        0.04260546149490969,
        3.6338708159637463
      ],
      [
        -0.03430048824080017,
        0.0643719811284409,
        0.9973363146662425,
        5.645759282295515
      ],
      [
        0.0,
        0.0,
        0.0,
        1.0
      ]
    ],
    "location": [
      -52.56846221350952,
      3.6338708159637463,
      5.645759282295515
    ],
    "rotation": [
      0.06445450099078993,
      0.034307217692596446,
      1.706112014642019
    ]
  },
  {
    "label_id": "Ze4-C_3Q7tjbeQlg55p59Q",
    "size": [
      1.9739948034945103,
      3.8800828428256735,
      1.6600000000000108
    ],
    "obj_class": "vehicle",
    "point_num_in_lidar": 128,
    "speed": 0.030688701671262315,
    "if_vehicle": true,
    "motion_state": false,
    "pose": [
      [
        0.9901013144490076,
        -0.12725697241245404,
        0.05920346357066784,
        -44.55483686516982
      ],
      [
        0.12485821163515072,
        0.9912594017905091,
        0.04260546149490969,
        22.428160207002293
      ],
      [
        -0.06410783192106398,
        -0.03479168484477628,
        0.9973363146662425,
        1.0533304865753905
      ],
      [
        0.0,
        0.0,
        0.0,
        1.0
      ]
    ],
    "location": [
      -44.55483686516982,
      22.428160207002293,
      1.0533304865753905
    ],
    "rotation": [
      -0.034870466007638205,
      0.06415182521037378,
      0.12544432291244825
    ]
  },
  {
    "label_id": "ZrUz5x0M19bRdXVUQhZ_Zg",
    "size": [
      2.0345990741421756,
      4.120404483167892,
      1.6200000000000045
    ],
    "obj_class": "vehicle",
    "point_num_in_lidar": 51,
    "speed": 9.00821262589971e-28,
    "if_vehicle": true,
    "motion_state": false,
    "pose": [
      [
        0.9945179264680984,
        -0.08619190121369033,
        0.05920346357066784,
        -44.67240770868284
      ],
      [
        0.08374728859750484,
        0.9955757963627743,
        0.04260546149490969,
        25.349489419344536
      ],
      [
        -0.06261378112013506,
        -0.037413765672509404,
        0.9973363146662425,
        0.37405144168401705
      ],
      [
        0.0,
        0.0,
        0.0,
        1.0
      ]
    ],
    "location": [
      -44.67240770868284,
      25.349489419344536,
      0.37405144168401705
    ],
    "rotation": [
      -0.03749610779892873,
      0.06265476620576309,
      0.08401072487863478
    ]
  },
  {
    "label_id": "mUW0FRLV_NknaMW_uZ55Kw",
    "size": [
      2.2165201647433905,
      4.37573976085244,
      1.5400000000000063
    ],
    "obj_class": "vehicle",
    "point_num_in_lidar": 46,
    "speed": 0.03333972594281306,
    "if_vehicle": true,
    "motion_state": false,
    "pose": [
      [
        0.9889690414888339,
        -0.13577623090178093,
        0.05920346357066784,
        -116.70196435855178
      ],
      [
        0.1333875292210288,
        0.9901477373094961,
        0.04260546149490969,
        -26.122622790922833
      ],
      [
        -0.06440498447299173,
        -0.03423847868979168,
        0.9973363146662425,
        11.222064103510832
      ],
      [
        0.0,
        0.0,
        0.0,
        1.0
      ]
    ],
    "location": [
      -116.70196435855178,
      -26.122622790922833,
      11.222064103510832
    ],
    "rotation": [
      -0.034316445893328607,
      0.06444959312414293,
      0.13406629073889878
    ]
  },
  {
    "label_id": "tK6se98-rQeQMXM3B7SwBg",
    "size": [
      2.1455688652089435,
      4.351898679511005,
      1.8400000000000034
    ],
    "obj_class": "vehicle",
    "point_num_in_lidar": 78,
    "speed": 1.1368683772161603e-12,
    "if_vehicle": true,
    "motion_state": false,
    "pose": [
      [
        -0.9820818500229855,
        0.17891391716875069,
        0.05920346357066784,
        -92.09757149493271
      ],
      [
        -0.1765790709724326,
        -0.9833639236545738,
        0.04260546149490969,
        -8.604900992049807
      ],
      [
        0.0658412602396292,
        0.0313879578503452,
        0.9973363146662425,
        8.337777612555527
      ],
      [
        0.0,
        0.0,
        0.0,
        1.0
      ]
    ],
    "location": [
      -92.09757149493271,
      -8.604900992049807,
      8.337777612555527
    ],
    "rotation": [
      0.03146140430572431,
      -0.06588892437632733,
      -2.963692701427067
    ]
  },
  {
    "label_id": "txanAhqCa5Pik38ITvNB5Q",
    "size": [
      2.0253606535134265,
      3.541324693115208,
      1.8500000000000085
    ],
    "obj_class": "vehicle",
    "point_num_in_lidar": 468,
    "speed": 0.024118950328234433,
    "if_vehicle": true,
    "motion_state": false,
    "pose": [
      [
        -0.9906762631869956,
        0.12270082093892928,
        0.05920346357066784,
        -80.22133732111615
      ],
      [
        -0.12029675794632437,
        -0.9918233031535453,
        0.04260546149490969,
        -6.887904136958241
      ],
      [
        0.0639470998986977,
        0.03508623465838989,
        0.9973363146662425,
        7.028583049514523
      ],
      [
        0.0,
        0.0,
        0.0,
        1.0
      ]
    ],
    "location": [
      -80.22133732111615,
      -6.887904136958241,
      7.028583049514523
    ],
    "rotation": [
      0.03516544049214828,
      -0.06399076270960263,
      -3.020755321736937
    ]
  },
  {
    "label_id": "vLbmf1VBXKUwpRGPgCEF_w",
    "size": [
      2.0000418125782184,
      4.130901823089728,
      1.5
    ],
    "obj_class": "vehicle",
    "point_num_in_lidar": 101,
    "speed": 0.06064012550118928,
    "if_vehicle": true,
    "motion_state": false,
    "pose": [
      [
        -0.08727091198438265,
        -0.9944238220309543,
        0.05920346357066784,
        -35.99909419671803
      ],
      [
        0.9954843437311189,
        -0.084827448606152,
        0.04260546149490969,
        -39.18460937369855
      ],
      [
        -0.03734580709581372,
        0.06265433855943173,
        0.9973363146662425,
        7.500480208427078
      ],
      [
        0.0,
        0.0,
        0.0,
        1.0
      ]
    ],
    "location": [
      -35.99909419671803,
      -39.18460937369855,
      7.500480208427078
    ],
    "rotation": [
      0.06273922764731775,
      0.03735449363955333,
      1.65823955515189
    ]
  },
  {
    "label_id": "vgEwJsu_ckjXGzr8aVeH6A",
    "size": [
      2.60422433049173,
      5.512382166464195,
      2.1400000000000006
    ],
    "obj_class": "vehicle",
    "point_num_in_lidar": 207,
    "speed": 0.0381561903537995,
    "if_vehicle": true,
    "motion_state": false,
    "pose": [
      [
        -0.9798667222133863,
        0.19067290473486542,
        0.05920346357066784,
        -85.33117238707837
      ],
      [
        -0.18835359400715504,
        -0.9811766906502588,
        0.04260546149490969,
        -7.306943655354189
      ],
      [
        0.0662127655621049,
        0.030596488762198833,
        0.9973363146662425,
        7.728529873315651
      ],
      [
        0.0,
        0.0,
        0.0,
        1.0
      ]
    ],
    "location": [
      -85.33117238707837,
      -7.306943655354189,
      7.728529873315651
    ],
    "rotation": [
      0.030668586992144364,
      -0.06626124215949075,
      -2.9516853764345874
    ]
  },
  {
    "label_id": "y_Y2aOXNHlYtzY6a3NGjKQ",
    "size": [
      0.4216767021502877,
      0.11199659239579939,
      0.5400000000000063
    ],
    "obj_class": "sign",
    "point_num_in_lidar": 74,
    "speed": 0.0457132317131199,
    "if_vehicle": false,
    "motion_state": false,
    "pose": [
      [
        -0.11650089145483072,
        -0.9914244762923025,
        0.05920346357066784,
        -49.90809604414699
      ],
      [
        0.9925564543405835,
        -0.11408969978773237,
        0.04260546149490969,
        -22.389534722500684
      ],
      [
        -0.03548559196461125,
        0.0637263541313854,
        0.9973363146662425,
        6.887448083697521
      ],
      [
        0.0,
        0.0,
        0.0,
        1.0
      ]
    ],
    "location": [
      -49.90809604414699,
      -22.389534722500684,
      6.887448083697521
    ],
    "rotation": [
      0.06380980854068814,
      0.035493043591852985,
      1.6876362984284146
    ]
  },
  {
    "label_id": "zwfWAtWJ5wcUlMhf46HcAA",
    "size": [
      0.4216767021502877,
      0.11199659239579939,
      0.5400000000000063
    ],
    "obj_class": "sign",
    "point_num_in_lidar": 92,
    "speed": 0.0450370119430224,
    "if_vehicle": false,
    "motion_state": false,
    "pose": [
      [
        -0.11650089145483072,
        -0.9914244762923025,
        0.05920346357066784,
        -49.90905934796956
      ],
      [
        0.9925564543405835,
        -0.11408969978773237,
        0.04260546149490969,
        -22.38961952290265
      ],
      [
        -0.03548559196461125,
        0.0637263541313854,
        0.9973363146662425,
        6.337448083697552
      ],
      [
        0.0,
        0.0,
        0.0,
        1.0
      ]
    ],
    "location": [
      -49.90905934796956,
      -22.38961952290265,
      6.337448083697552
    ],
    "rotation": [
      0.06380980854068814,
      0.035493043591852985,
      1.6876362984284146
    ]
  }
]