[
  {
    "label_id": "1UOZjC0IcEiKv8-DWSRMhg",
    "size": [
      0.7870144939460859,
      0.08611861253863681,
      0.9300000000000068
    ],
    "obj_class": "sign",
    "point_num_in_lidar": 87,
    "speed": 0.03152238023057927,
    "if_vehicle": false,
    "motion_state": false,
    "pose": [
      [
        0.9879655546138448,
        -0.14772361678926674,
        0.045845348065597084,
        -58.64963454664212
      ],
      [
        0.14670200502792896,
        0.988866791572922,
        0.02491967586186755,
        -1.631779700779589
      ],
      [
        -0.04901616689770213,
        -0.01789417690124084,
        0.9986376789485182,
        7.516199918445977
      ],
      [
        0.0,
        0.0,
        0.0,
        1.0
      ]
    ],
    "location": [
      -58.64963454664212,
      -1.631779700779589,
      7.516199918445977
    ],
    "rotation": [
      -0.01791667039837212,
      0.04903581573014759,
      0.1474118583467605
    ]
  },
  {
    "label_id": "3Cij1nMocVFHTf2ipozZZg",
    "size": [
      2.0719024155393138,
      4.232229999427425,
      1.8299999999999983
    ],
    "obj_class": "vehicle",
    "point_num_in_lidar": 60,
    "speed": 0.03248265546597761,
    "if_vehicle": true,
    "motion_state": false,
    "pose": [
      [
        0.9892510214542483,
        -0.13885467443507432,
        0.045845348065597084,
        -101.75164474903522
      ],
      [
        0.13782501882390175,
        0.9901430573109778,
        0.02491967586186755,
        -23.555360180796924
      ],
      [
        -0.04885366657598343,
        -0.018333178840532004,
        0.9986376789485182,
        9.683931972501739
      ],
      [
        0.0,
        0.0,
        0.0,
        1.0
      ]
    ],
    "location": [
      -101.75164474903522,
      -23.555360180796924,
      9.683931972501739
    ],
    "rotation": [
      -0.018356126626448702,
      0.04887312049436495,
      0.13843149609946417
    ]
  },
  {
    "label_id": "3DLC1LTjeykLCTWkbZ15QQ",
    "size": [
      2.138533384026769,
      4.399787758886019,
      2.180000000000007
    ],
    "obj_class": "vehicle",
    "point_num_in_lidar": 1057,
    "speed": 0.03282369517306973,
    "if_vehicle": true,
    "motion_state": false,
    "pose": [
      [
        -0.14506582584298564,
        -0.9883593021939121,
        0.045845348065597084,
        -37.73896850085839
      ],
      [
        0.9892577881408788,
        -0.14404179378762128,
        0.02491967586186755,
        -23.30092675674132
      ],
      [
        -0.01802594727354743,
        0.048967860982562623,
        0.9986376789485182,
        5.178924857035668
      ],
      [
        0.0,
        0.0,
        0.0,
        1.0
      ]
    ],
    "location": [
      -37.73896850085839,
      -23.30092675674132,
      5.178924857035668
    ],
    "rotation": [
      0.048995418917208815,
      0.01802692362583761,
      1.7163996548539444
    ]
  },
  {
    "label_id": "6EEh5yAbArSGhJSNWWiopQ",
    "size": [
      1.0355069565987485,
      0.12083340226425078,
      1.25
    ],
    "obj_class": "sign",
    "point_num_in_lidar": 121,
    "speed": 0.019334381971261364,
    "if_vehicle": false,
    "motion_state": false,
    "pose": [
      [
        0.5382675992599497,
        -0.8415261110908411,
        0.045845348065597084,
        -49.4512770251431
      ],
      [
        0.8415334695112975,
        0.5396299004384557,
        0.02491967586186755,
        -22.318920782934583
      ],
      [
        -0.045710078529886206,
        0.025166940718091408,
        0.9986376789485182,
        7.671199918445893
      ],
      [
        0.0,
        0.0,
        0.0,
        1.0
      ]
    ],
    "location": [
      -49.4512770251431,
      -22.318920782934583,
      7.671199918445893
    ],
    "rotation": [
      0.025195939830436675,
      0.04572601137399816,
      1.0017477349148203
    ]
  },
  {
    "label_id": "6QTL7Oz_74MY1upsBmddww",
    "size": [
      2.294447331870711,
      5.061554088041067,
      2.4799999999999898
    ],
    "obj_class": "vehicle",
    "point_num_in_lidar": 246,
    "speed": 7.105427357601002e-13,
    "if_vehicle": true,
    "motion_state": false,
    "pose": [
      [
        -0.9884706151955122,
        0.1443053947562251,
        0.045845348065597084,
        -43.302790177503084
      ],
      [
        -0.14328067175927622,
        -0.9893683130438077,
        0.02491967586186755,
        18.35566544579524
      ],
      [
        0.04895397833900996,
        0.018063615061776388,
        0.9986376789485182,
        1.7004802084234711
      ],
      [
        0.0,
        0.0,
        0.0,
        1.0
      ]
    ],
    "location": [
      -43.302790177503084,
      18.35566544579524,
      1.7004802084234711
    ],
    "rotation": [
      0.018086284726624692,
      -0.0489735524250164,
      -2.997643363530969
    ]
  },
  {
    "label_id": "Bt_73mr1usZQmNxqWbdtvQ",
    "size": [
      2.183431166845834,
      4.800535047126103,
      1.7600000000000051
    ],
    "obj_class": "vehicle",
    "point_num_in_lidar": 52,
    "speed": 6.355287432313019e-13,
    "if_vehicle": true,
    "motion_state": false,
    "pose": [
      [
        0.9904077186062309,
        -0.13034859027218237,
        0.045845348065597084,
        -45.097700714482016
      ],
      [
        0.12931130712378627,
        0.9912908733590143,
        0.02491967586186755,
        -43.32008594209583
      ],
      [
        -0.0486943197420279,
        -0.018752317434851697,
        0.9986376789485182,
        7.7370209244713095
      ],
      [
        0.0,
        0.0,
        0.0,
        1.0
      ]
    ],
    "location": [
      -45.097700714482016,
      -43.32008594209583,
      7.7370209244713095
    ],
    "rotation": [
      -0.018775692340281595,
      0.04871358378611922,
      0.12982930663536096
    ]
  },
  {
    "label_id": "CqIxVE2TiIy7ctEX1vLLIw",
    "size": [
      1.9200110352944229,
      4.439518699582246,
      1.6800000000000068
    ],
    "obj_class": "vehicle",
    "point_num_in_lidar": 737,
    "speed": 0.02316525889677752,
    "if_vehicle": true,
    "motion_state": false,
    "pose": [
      [
        -0.9824278521740376,
        0.18092462334754628,
        0.045845348065597084,
        -46.61433076683261
      ],
      [
        -0.17993395448734387,
        -0.9833629959366408,
        0.02491967586186755,
        -24.980220149933302
      ],
      [
        0.04959120179279496,
        0.016232648861556166,
        0.9986376789485182,
        4.957884946187363
      ],
      [
        0.0,
        0.0,
        0.0,
        1.0
      ]
    ],
    "location": [
      -46.61433076683261,
      -24.980220149933302,
      4.957884946187363
    ],
    "rotation": [
      0.016253361730710854,
      -0.04961155082278594,
      -2.9604479980108076
    ]
  },
  {
    "label_id": "DrPx65a2qCxaMXjPovdg4g",
    "size": [
      2.240067317307932,
      4.750990034721823,
      1.9100000000000108
    ],
    "obj_class": "vehicle",
    "point_num_in_lidar": 35,
    "speed": 0.035872420058884094,
    "if_vehicle": true,
    "motion_state": false,
    "pose": [
      [
        -0.9788486333290844,
        0.19938294082124466,
        0.045845348065597084,
        -106.60472890407164
      ],
      [
        -0.1984100478675257,
        -0.9798022569172545,
        0.02491967586186755,
        -11.087791060424934
      ],
      [
        0.04988793376148046,
        0.01529641295619433,
        0.9986376789485182,
        9.822777612556251
      ],
      [
        0.0,
        0.0,
        0.0,
        1.0
      ]
    ],
    "location": [
      -106.60472890407164,
      -11.087791060424934,
      9.822777612556251
    ],
    "rotation": [
      0.015316082269157745,
      -0.049908650536163585,
      -2.9416048150432768
    ]
  },
  {
    "label_id": "G2VrcGN9URSKK_AbuLvKeg",
    "size": [
      2.1813013017676015,
      4.6351412295512375,
      1.5400000000000063
    ],
    "obj_class": "vehicle",
    "point_num_in_lidar": 487,
    "speed": 0.021558238387168416,
    "if_vehicle": true,
    "motion_state": false,
    "pose": [
      [
        -0.9904838200441491,
        0.12976904982118684,
        0.045845348065597084,
        -45.30448577538391
      ],
      [
        -0.12873125008924746,
        -0.991366367699348,
        0.02491967586186755,
        -41.07995872240281
      ],
      [
        0.04868333884614984,
        0.018780806774663573,
        0.9986376789485182,
        7.743818513083184
      ],
      [
        0.0,
        0.0,
        0.0,
        1.0
      ]
    ],
    "location": [
      -45.30448577538391,
      -41.07995872240281,
      7.743818513083184
    ],
    "rotation": [
      0.018804210473617543,
      -0.04870258985138667,
      -3.012349069242998
    ]
  },
  {
    "label_id": "H980D-c98LHvo0e-QFTeuA",
    "size": [
      0.9051162660979782,
      1.1909958010824866,
      1.8400000000000034
    ],
    "obj_class": "pedestrian",
    "point_num_in_lidar": 32,
    "speed": 1.3326843132796597,
    "if_vehicle": false,
    "motion_state": true,
    "pose": [
      [
        0.9948043681497017,
        -0.09089814723643698,
        0.045845348065597084,
        -92.07296444548865
      ],
      [
        0.08982659649500996,
        0.9956456158277713,
        0.02491967586186755,
        -26.436307488460443
      ],
      [
        -0.047910872173186264,
        -0.02067207081839885,
        0.9986376789485182,
        9.140704249246582
      ],
      [
        0.0,
        0.0,
        0.0,
        1.0
      ]
    ],
    "location": [
      -92.07296444548865,
      -26.436307488460443,
      9.140704249246582
    ],
    "rotation": [
      -0.02069731529638587,
      0.047929220647904794,
      0.09005153010766888
    ]
  },
  {
    "label_id": "Hf6RKtyju1TIshrc0-YqhA",
    "size": [
      2.1739163231582657,
      4.665393274231874,
      1.5900000000000034
    ],
    "obj_class": "vehicle",
    "point_num_in_lidar": 347,
    "speed": 0.004776815144130188,
    "if_vehicle": true,
    "motion_state": false,
    "pose": [
      [
        -0.9708312674700624,
        0.23533986947225133,
        0.045845348065597084,
        -46.643859298834286
      ],
      [
        -0.2344028005083829,
        -0.9718201154888525,
        0.02491967586186755,
        -27.13249471722156
      ],
      [
        0.05041802471635793,
        0.013446522525062461,
        0.9986376789485182,
        5.398464434869055
      ],
      [
        0.0,
        0.0,
        0.0,
        1.0
      ]
    ],
    "location": [
      -46.643859298834286,
      -27.13249471722156,
      5.398464434869055
    ],
    "rotation": [
      0.013464052345494157,
      -0.050439409432177534,
      -2.9046813872878428
    ]
  },
  {
    "label_id": "ISt0bJGy05IGYz7zPxMaXw",
    "size": [
      1.9225218151335435,
      4.093562992219752,
      1.4399999999999977
    ],
    "obj_class": "vehicle",
    "point_num_in_lidar": 347,
    "speed": 0.029898883538405596,
    "if_vehicle": true,
    "motion_state": false,
    "pose": [
      [
        0.9796384302051385,
        -0.1954654704185785,
        0.045845348065597084,
        -46.305196526379405
      ],
      [
        0.1944887702875639,
        0.9805881541131172,
        0.02491967586186755,
        -29.37697908646078
      ],
      [
        -0.04982634139933565,
        -0.015495866773857486,
        0.9986376789485182,
        5.898818119812262
      ],
      [
        0.0,
        0.0,
        0.0,
        1.0
      ]
    ],
    "location": [
      -46.305196526379405,
      -29.37697908646078,
      5.898818119812262
    ],
    "rotation": [
      -0.015515760715737452,
      0.049846981479878844,
      0.19598283164401717
    ]
  },
  {
    "label_id": "JE7ahEGrVwxUrwmwVUtMgA",
    "size": [
      1.9198957419612237,
      4.076168499645224,
      1.740000000000009
    ],
    "obj_class": "vehicle",
    "point_num_in_lidar": 120,
    "speed": 0.06133844019877122,
    "if_vehicle": true,
    "motion_state": false,
    "pose": [
      [
        -0.09778177823469977,
        -0.9941513606619488,
        0.045845348065597084,
        -36.442677267102226
      ],
      [
        0.9950000052166927,
        -0.09671607608728064,
        0.02491967586186755,
        -33.97396565842064
      ],
      [
        -0.020339947493570196,
        0.048052811783235935,
        0.9986376789485182,
        6.703210011095109
      ],
      [
        0.0,
        0.0,
        0.0,
        1.0
      ]
    ],
    "location": [
      -36.442677267102226,
      -33.97396565842064,
      6.703210011095109
    ],
    "rotation": [
      0.04808127856641807,
      0.020341350239759297,
      1.6687549296043251
    ]
  },
  {
    "label_id": "MizMmjifXpwFZMBgTlIKWQ",
    "size": [
      2.0628119252194335,
      4.3535405898767285,
      1.710000000000008
    ],
    "obj_class": "vehicle",
    "point_num_in_lidar": 71,
    "speed": 0.050296504914615896,
    "if_vehicle": true,
    "motion_state": false,
    "pose": [
      [
        0.19920076461834477,
        0.9788857233795021,
        0.045845348065597084,
        -52.427483779629256
      ],
      [
        -0.979839165886814,
        0.19822769420333808,
        0.02491967586186755,
        14.48733586511662
      ],
      [
        0.015305697295434158,
        -0.04988508609411064,
        0.9986376789485182,
        2.0465533797938207
      ],
      [
        0.0,
        0.0,
        0.0,
        1.0
      ]
    ],
    "location": [
      -52.427483779629256,
      14.48733586511662,
      2.0465533797938207
    ],
    "rotation": [
      -0.04991165078081486,
      -0.015306294955029248,
      -1.3702302401444806
    ]
  },
  {
    "label_id": "ORCZYqp9eHOZmCMSmpnfYg",
    "size": [
      2.0588807432521476,
      4.496173352574097,
      1.4500000000000028
    ],
    "obj_class": "vehicle",
    "point_num_in_lidar": 22,
    "speed": 6.094733125172716e-28,
    "if_vehicle": true,
    "motion_state": false,
    "pose": [
      [
        0.9934646480926784,
        -0.10452845091569506,
        0.045845348065597084,
        -44.51446077656965
      ],
      [
        0.10346853445924947,
        0.9943205077497872,
        0.02491967586186755,
        -48.15952166769057
      ],
      [
        -0.04818978488171247,
        -0.02001326603457234,
        0.9986376789485182,
        9.136068890718775
      ],
      [
        0.0,
        0.0,
        0.0,
        1.0
      ]
    ],
    "location": [
      -44.51446077656965,
      -48.15952166769057,
      9.136068890718775
    ],
    "rotation": [
      -0.020037885441502822,
      0.04820845589755317,
      0.10377504744100985
    ]
  },
  {
    "label_id": "OSmX9FeSlXbjbC3fck_O5w",
    "size": [
      0.4020532721498846,
      0.09332958373306334,
      0.5700000000000074
    ],
    "obj_class": "sign",
    "point_num_in_lidar": 27,
    "speed": 0.01792011364054368,
    "if_vehicle": false,
    "motion_state": false,
    "pose": [
      [
        0.10478287155579685,
        0.9934378460121527,
        0.045845348065597084,
        -39.60750246963744
      ],
      [
        -0.9942939770834222,
        0.10372317431784753,
        0.02491967586186755,
        13.372747323643125
      ],
      [
        0.020000924082464414,
        -0.04819490865396247,
        0.9986376789485182,
        3.812536304314392
      ],
      [
        0.0,
        0.0,
        0.0,
        1.0
      ]
    ],
    "location": [
      -39.60750246963744,
      13.372747323643125,
      3.812536304314392
    ],
    "rotation": [
      -0.04822323961649886,
      -0.020002257840735407,
      -1.465799677721263
    ]
  },
  {
    "label_id": "QVnU0JqLVc0X0fjWdCLaUg",
    "size": [
      0.793052617523408,
      0.07580443676918142,
      0.7999999999999972
    ],
    "obj_class": "sign",
    "point_num_in_lidar": 107,
    "speed": 0.027644782888888313,
    "if_vehicle": false,
    "motion_state": false,
    "pose": [
      [
        -0.13491863342278176,
        -0.9897955174762479,
        0.045845348065597084,
        -52.60847068476505
      ],
      [
        0.9906834506162077,
        -0.1338854377074056,
        0.02491967586186755,
        3.6001774714950443
      ],
      [
        -0.01852735897242673,
        0.048780356228948656,
        0.9986376789485182,
        5.645759282295572
      ],
      [
        0.0,
        0.0,
        0.0,
        1.0
      ]
    ],
    "location": [
      -52.60847068476505,
      3.6001774714950443,
      5.645759282295572
    ],
    "rotation": [
      0.04880810702346693,
      0.01852841909575506,
      1.7061510474234631
    ]
  },
  {
    "label_id": "Qloun3jocmcTDyPhGCT3hA",
    "size": [
      2.156413257009521,
      4.519425058393139,
      1.8500000000000085
    ],
    "obj_class": "vehicle",
    "point_num_in_lidar": 5562,
    "speed": 10.263662490564533,
    "if_vehicle": true,
    "motion_state": true,
    "pose": [
      [
        0.982781546513975,
        -0.17899339622551447,
        0.045845348065597084,
        -38.3704905332479
      ],
      [
        0.17800089133386138,
        0.9837147413957413,
        0.02491967586186755,
        -10.103630235218588
      ],
      [
        -0.049559202131901244,
        -0.016330084762965765,
        0.9986376789485182,
        4.403442865181233
      ],
      [
        0.0,
        0.0,
        0.0,
        1.0
      ]
    ],
    "location": [
      -38.3704905332479,
      -10.103630235218588,
      4.403442865181233
    ],
    "rotation": [
      -0.01635090462455375,
      0.04957951176646564,
      0.17917708190171142
    ]
  },
  {
    "label_id": "RRrzVSvZfaipO4N3K7C-9Q",
    "size": [
      1.8878116562527487,
      4.049596651610301,
      1.3800000000000097
    ],
    "obj_class": "vehicle",
    "point_num_in_lidar": 118,
    "speed": 0.007998759996496888,
    "if_vehicle": true,
    "motion_state": false,
    "pose": [
      [
        0.9878978550855626,
        -0.14817567944196802,
        0.045845348065597084,
        -41.62020757805658
      ],
      [
        0.14715448018000737,
        0.9887995594244018,
        0.02491967586186755,
        6.196065414276745
      ],
      [
        -0.04902434987122659,
        -0.017871745970101976,
        0.9986376789485182,
        3.5862709842861022
      ],
      [
        0.0,
        0.0,
        0.0,
        1.0
      ]
    ],
    "location": [
      -41.62020757805658,
      6.196065414276745,
      3.5862709842861022
    ],
    "rotation": [
      -0.017894216067925003,
      0.04904400855321118,
      0.14786992060091994
    ]
  },
  {
    "label_id": "Vy3390Cgf2r7ug99QFj4sw",
    "size": [
      2.1521547907937837,
      4.813190891367711,
      1.6800000000000068
    ],
    "obj_class": "vehicle",
    "point_num_in_lidar": 41,
    "speed": 0.026026777253394303,
    "if_vehicle": true,
    "motion_state": false,
    "pose": [
      [
        0.9935167529025846,
        -0.10403204199980379,
        0.045845348065597084,
        -43.16934575906089
      ],
      [
        0.10297169803569366,
        0.9943720828535891,
        0.02491967586186755,
        15.877848113073924
      ],
      [
        -0.048179779011018845,
        -0.020037342108315627,
        0.9986376789485182,
        2.195567958626569
      ],
      [
        0.0,
        0.0,
        0.0,
        1.0
      ]
    ],
    "location": [
      -43.16934575906089,
      15.877848113073924,
      2.195567958626569
    ],
    "rotation": [
      -0.020061984668847406,
      0.048198438390912285,
      0.10327490557319735
    ]
  },
  {
    "label_id": "ZQdmKM3Q-qh_3PDcQnIy1A",
    "size": [
      0.8334233823637296,
      0.7485196391815518,
      1.5900000000000034
    ],
    "obj_class": "pedestrian",
    "point_num_in_lidar": 64,
    "speed": 0.012921413589909109,
    "if_vehicle": false,
    "motion_state": false,
    "pose": [
      [
        -0.017150466555104868,
        -0.9988013143552058,
        0.045845348065597084,
        -48.61240199524218
      ],
      [
        0.9995610933167122,
        -0.016019690460131783,
        0.02491967586186755,
        -35.3776122026793
      ],
      [
        -0.024155376719091137,
        0.046252610303366457,
        0.9986376789485182,
        6.921068890717564
      ],
      [
        0.0,
        0.0,
        0.0,
        1.0
      ]
    ],
    "location": [
      -48.61240199524218,
      -35.3776122026793,
      6.921068890717564
    ],
    "rotation": [
      0.0462826317616932,
      0.024157726374908896,
      1.5879526406534683
    ]
  },
  {
    "label_id": "ZhK0PNTIG1hXrGauOb1P8A",
    "size": [
      2.2143800406570318,
      4.600065009751804,
      1.6099999999999994
    ],
    "obj_class": "vehicle",
    "point_num_in_lidar": 30,
    "speed": 6.355287432313019e-13,
    "if_vehicle": true,
    "motion_state": false,
    "pose": [
      [
        0.9909001562417368,
        -0.12655071876858667,
        0.045845348065597084,
        -44.888939915987066
      ],
      [
        0.12551005750350044,
        0.9917793278851942,
        0.02491967586186755,
        -45.76798842480275
      ],
      [
        -0.04862207138296021,
        -0.01893885843303691,
        0.9986376789485182,
        8.812020924471966
      ],
      [
        0.0,
        0.0,
        0.0,
        1.0
      ]
    ],
    "location": [
      -44.888939915987066,
      -45.76798842480275,
      8.812020924471966
    ],
    "rotation": [
      -0.01896242131431806,
      0.04864124974653166,
      0.12599174663102744
    ]
  },
  {
    "label_id": "Zsu2HzunFdjsYcDGEeIYNw",
    "size": [
      1.1011886003861706,
      0.09157828239883012,
      1.0900000000000034
    ],
    "obj_class": "sign",
    "point_num_in_lidar": 111,
    "speed": 0.02774182280427103,
    "if_vehicle": false,
    "motion_state": false,
    "pose": [
      [
        -0.9888915040734737,
        0.14139235209885745,
        0.045845348065597084,
        -53.910880218752936
      ],
      [
        -0.1403649885851797,
        -0.9897861787954112,
        0.02491967586186755,
        -17.296857169960276
      ],
      [
        0.048900543461043514,
        0.018207773986154512,
        0.9986376789485182,
        7.266894782512011
      ],
      [
        0.0,
        0.0,
        0.0,
        1.0
      ]
    ],
    "location": [
      -53.910880218752936,
      -17.296857169960276,
      7.266894782512011
    ],
    "rotation": [
      0.018230592716425926,
      -0.048920053473723905,
      -3.0005928007706673
    ]
  },
  {
    "label_id": "bg5xFf3209djaJG1NX0GmA",
    "size": [
      2.1026333709456027,
      4.555697745858881,
      1.6500000000000057
    ],
    "obj_class": "vehicle",
    "point_num_in_lidar": 207,
    "speed": 0.010593126307784494,
    "if_vehicle": true,
    "motion_state": false,
    "pose": [
      [
        -0.9848641894655086,
        0.16715481557284273,
        0.045845348065597084,
        -42.171013671864785
      ],
      [
        -0.16615115358017307,
        -0.9857853741656534,
        0.02491967586186755,
        10.839825046767146
      ],
      [
        0.04935911741942473,
        0.016925238902057875,
        0.9986376789485182,
        2.790933578865861
      ],
      [
        0.0,
        0.0,
        0.0,
        1.0
      ]
    ],
    "location": [
      -42.171013671864785,
      10.839825046767146,
      2.790933578865861
    ],
    "rotation": [
      0.01694670546686506,
      -0.04937918187928841,
      -2.9744617457821443
    ]
  },
  {
    "label_id": "fVbAGNFZix1PBmsg_GMh_g",
    "size": [
      2.1625824690742235,
      4.57924667557186,
      1.7199999999999989
    ],
    "obj_class": "vehicle",
    "point_num_in_lidar": 83,
    "speed": 0.05466699778605893,
    "if_vehicle": true,
    "motion_state": false,
    "pose": [
      [
        -0.12034062300846471,
        -0.9916735039894324,
        0.045845348065597084,
        -37.167863333963396
      ],
      [
        0.9925461390340944,
        -0.11929447448835,
        0.02491967586186755,
        -28.360910863138997
      ],
      [
        -0.019243085574998178,
        0.04850247253356872,
        0.9986376789485182,
        5.735640574051317
      ],
      [
        0.0,
        0.0,
        0.0,
        1.0
      ]
    ],
    "location": [
      -37.167863333963396,
      -28.360910863138997,
      5.735640574051317
    ],
    "rotation": [
      0.048530502847774666,
      0.01924427338030444,
      1.6914517688339215
    ]
  },
  {
    "label_id": "hZZVqo78R8-bZa4kLwPQzw",
    "size": [
      2.3380157644533757,
      5.7785313826431315,
      2.3799999999999955
    ],
    "obj_class": "vehicle",
    "point_num_in_lidar": 7637,
    "speed": 0.03024089554789575,
    "if_vehicle": true,
    "motion_state": false,
    "pose": [
      [
        0.9911698696784496,
        -0.12442063133720853,
        0.045845348065597084,
        -30.892942689941265
      ],
      [
        0.12337808282490641,
        0.9920468025417903,
        0.02491967586186755,
        -12.48226582094685
      ],
      [
        -0.0485812527633432,
        -0.019043320725662564,
        0.9986376789485182,
        4.178967494767235
      ],
      [
        0.0,
        0.0,
        0.0,
        1.0
      ]
    ],
    "location": [
      -30.892942689941265,
      -12.48226582094685,
      4.178967494767235
    ],
    "rotation": [
      -0.01906698829591857,
      0.04860038283206556,
      0.12384023705594158
    ]
  },
  {
    "label_id": "mShpFVaxZSDzWEU6UQoocA",
    "size": [
      0.7662783726991795,
      0.08660769433841517,
      0.7900000000000063
    ],
    "obj_class": "sign",
    "point_num_in_lidar": 299,
    "speed": 0.04350461691743473,
    "if_vehicle": false,
    "motion_state": false,
    "pose": [
      [
        0.06383927422216806,
        0.9969065909740646,
        0.045845348065597084,
        -36.092280564615066
      ],
      [
        -0.9977184179144214,
        0.06274526523398678,
        0.02491967586186755,
        -19.720946538231146
      ],
      [
        0.021966010587512734,
        -0.04733160216161681,
        0.9986376789485182,
        6.177304271139178
      ],
      [
        0.0,
        0.0,
        0.0,
        1.0
      ]
    ],
    "location": [
      -36.092280564615066,
      -19.720946538231146,
      6.177304271139178
    ],
    "rotation": [
      -0.04736072851574622,
      -0.021967777425099085,
      -1.5068981720493968
    ]
  },
  {
    "label_id": "mswaHVZRTp3YEWuMsTuLig",
    "size": [
      0.7197875054766982,
      0.6681805656786513,
      1.3500000000000085
    ],
    "obj_class": "pedestrian",
    "point_num_in_lidar": 55,
    "speed": 0.006905674373022677,
    "if_vehicle": false,
    "motion_state": false,
    "pose": [
      [
        -0.10310032035736014,
        -0.9936138726904703,
        0.045845348065597084,
        -50.33359676536202
      ],
      [
        0.9944682079219005,
        -0.10203917476902294,
        0.02491967586186755,
        -36.190377748931496
      ],
      [
        -0.0200825141556893,
        0.04816096769691022,
        0.9986376789485182,
        6.934873773670759
      ],
      [
        0.0,
        0.0,
        0.0,
        1.0
      ]
    ],
    "location": [
      -50.33359676536202,
      -36.190377748931496,
      6.934873773670759
    ],
    "rotation": [
      0.04818933127788444,
      0.020083864305083965,
      1.6741010885473255
    ]
  },
  {
    "label_id": "txanAhqCa5Pik38ITvNB5Q",
    "size": [
      2.0253606535134265,
      3.541324693115208,
      1.8500000000000085
    ],
    "obj_class": "vehicle",
    "point_num_in_lidar": 147,
    "speed": 0.0209970531581418,
    "if_vehicle": true,
    "motion_state": false,
    "pose": [
      [
        -0.9913735479677209,
        0.12278718357645174,
        0.045845348065597084,
        -80.26507161559039
      ],
      [
        -0.121743191443846,
        -0.9922487616983992,
        0.02491967586186755,
        -6.927193986482962
      ],
      [
        0.04854980666243762,
        0.019123348487025467,
        0.9986376789485182,
        7.028583049514694
      ],
      [
        0.0,
        0.0,
        0.0,
        1.0
      ]
    ],
    "location": [
      -80.26507161559039,
      -6.927193986482962,
      7.028583049514694
    ],
    "rotation": [
      0.019147095976714018,
      -0.048568899580873785,
      -3.0194018922654897
    ]
  },
  {
    "label_id": "vLbmf1VBXKUwpRGPgCEF_w",
    "size": [
      2.000041812578218,
      4.130901823089728,
      1.5
    ],
    "obj_class": "vehicle",
    "point_num_in_lidar": 26,
    "speed": 1.007152351295942e-27,
    "if_vehicle": true,
    "motion_state": false,
    "pose": [
      [
        -0.08733233737730509,
        -0.9951237445207309,
        0.045845348065597084,
        -35.99909419671803
      ],
      [
        0.99596114652298,
        -0.08625777861486361,
        0.02491967586186755,
        -39.18460937369855
      ],
      [
        -0.02084364327194087,
        0.04783647896185886,
        0.9986376789485182,
        7.500480208427135
      ],
      [
        0.0,
        0.0,
        0.0,
        1.0
      ]
    ],
    "location": [
      -35.99909419671803,
      -39.18460937369855,
      7.500480208427135
    ],
    "rotation": [
      0.04786514880061201,
      0.02084515284649252,
      1.6582591100412036
    ]
  },
  {
    "label_id": "vgEwJsu_ckjXGzr8aVeH6A",
    "size": [
      2.6042243304917294,
      5.512382166464195,
      2.1400000000000006
    ],
    "obj_class": "vehicle",
    "point_num_in_lidar": 68,
    "speed": 0.02608142570592031,
    "if_vehicle": true,
    "motion_state": false,
    "pose": [
      [
        -0.9805563987282354,
        0.19080710933782866,
        0.045845348065597084,
        -85.42920492281155
      ],
      [
        -0.18982590626726334,
        -0.9815014697211367,
        0.02491967586186755,
        -7.349411807485012
      ],
      [
        0.04975212782309923,
        0.01573251287589769,
        0.9986376789485182,
        7.836234013100466
      ],
      [
        0.0,
        0.0,
        0.0,
        1.0
      ]
    ],
    "location": [
      -85.42920492281155,
      -7.349411807485012,
      7.836234013100466
    ],
    "rotation": [
      0.015752671727138037,
      -0.04977267574571138,
      -2.950368090817293
    ]
  },
  {
    "label_id": "y_Y2aOXNHlYtzY6a3NGjKQ",
    "size": [
      0.42167670215028646,
      0.11199659239579939,
      0.5400000000000063
    ],
    "obj_class": "sign",
    "point_num_in_lidar": 40,
    "speed": 0.017498947215124468,
    "if_vehicle": false,
    "motion_state": false,
    "pose": [
      [
        -0.11658289028896317,
        -0.9921222877007732,
        0.045845348065597084,
        -49.863781453062074
      ],
      [
        0.9929909532403243,
        -0.11553344337381849,
        0.02491967586186755,
        -22.421752915623074
      ],
      [
        -0.01942669490014811,
        0.04842922371433234,
        0.9986376789485182,
        6.88744808369762
      ],
      [
        0.0,
        0.0,
        0.0,
        1.0
      ]
    ],
    "location": [
      -49.863781453062074,
      -22.421752915623074,
      6.88744808369762
    ],
    "rotation": [
      0.04845732646015127,
      0.01942791703540799,
      1.6876670925935562
    ]
  },
  {
    "label_id": "z0vfkiulMZ8zu5iEWlpZuw",
    "size": [
      2.153889868251473,
      4.738714330461561,
      1.6200000000000045
    ],
    "obj_class": "vehicle",
    "point_num_in_lidar": 2479,
    "speed": 0.05665039049313713,
    "if_vehicle": true,
    "motion_state": false,
    "pose": [
      [
        0.9919027985772559,
        -0.1184358148338247,
        0.045845348065597084,
        -41.271316325517546
      ],
      [
        0.11738799227954047,
        0.9927734228027651,
        0.02491967586186755,
        3.9553740875471703
      ],
      [
        -0.04846542523476203,
        -0.019336202862247357,
        0.9986376789485182,
        3.9538050200616652
      ],
      [
        0.0,
        0.0,
        0.0,
        1.0
      ]
    ],
    "location": [
      -41.271316325517546,
      3.9553740875471703,
      3.9538050200616652
    ],
    "rotation": [
      -0.019360161719235883,
      0.04848441870335787,
      0.11779835002517813
    ]
  },
  {
    "label_id": "z8hhD4AfjtAF7rsWUDz2Vg",
    "size": [
      0.4059320468080901,
      0.09396278731926876,
      0.480000000000004
    ],
    "obj_class": "sign",
    "point_num_in_lidar": 35,
    "speed": 0.01748906880518609,
    "if_vehicle": false,
    "motion_state": false,
    "pose": [
      [
        0.1034701093481675,
        0.9935754327338325,
        0.045845348065597084,
        -39.6028330413028
      ],
      [
        -0.9944301628356985,
        0.10240928179372023,
        0.02491967586186755,
        13.373493292756393
      ],
      [
        0.020064588559060976,
        -0.04816843852847932,
        0.9986376789485182,
        3.2675600401668987
      ],
      [
        0.0,
        0.0,
        0.0,
        1.0
      ]
    ],
    "location": [
      -39.6028330413028,
      13.373493292756393,
      3.2675600401668987
    ],
    "rotation": [
      -0.0481967949392465,
      -0.020065935095826735,
      -1.4671197493561132
    ]
  },
  {
    "label_id": "zwfWAtWJ5wcUlMhf46HcAA",
    "size": [
      0.42167670215028646,
      0.11199659239579939,
      0.5400000000000063
    ],
    "obj_class": "sign",
    "point_num_in_lidar": 48,
    "speed": 0.016952512928205835,
    "if_vehicle": false,
    "motion_state": false,
    "pose": [
      [
        -0.11658289028896317,
        -0.9921222877007732,
        0.045845348065597084,
        -49.86340691375972
      ],
      [
        0.9929909532403243,
        -0.11553344337381849,
        0.02491967586186755,
        -22.41947640210128
      ],
      [
        -0.01942669490014811,
        0.04842922371433234,
        0.9986376789485182,
        6.331361769737924
      ],
      [
        0.0,
        0.0,
        0.0,
        1.0
      ]
    ],
    "location": [
      -49.86340691375972,
      -22.41947640210128,
      6.331361769737924
    ],
    "rotation": [
      0.04845732646015127,
      0.01942791703540799,
      1.6876670925935562
    ]
  }
]