[
  {
    "label_id": "3Cij1nMocVFHTf2ipozZZg",
    "size": [
      2.0719024155393155,
      4.232229999427425,
      1.8299999999999983
    ],
    "obj_class": "vehicle",
    "point_num_in_lidar": 332,
    "speed": 0.04501200343205318,
    "if_vehicle": true,
    "motion_state": false,
    "pose": [
      [
        0.9849289299828522,
        -0.13824801081672283,
        0.10393502964858828,
        -101.5576189498488
      ],
      [
        0.13515462548688978,
        0.9901603518995684,
        0.03627264445310488,
        -23.460382169485456
      ],
      [
        -0.10792696647424221,
        -0.021678676881721298,
        0.9939224340341282,
        9.702392996184031
      ],
      [
        0.0,
        0.0,
        0.0,
        1.0
      ]
    ],
    "location": [
      -101.5576189498488,
      -23.460382169485456,
      9.702392996184031
    ],
    "rotation": [
      -0.02180777834162162,
      0.10813759878147496,
      0.13637101607832836
    ]
  },
  {
    "label_id": "6h9qXRMFZVDBqPhELfPwcw",
    "size": [
      0.9448991173504168,
      0.19727723273289255,
      0.8299999999999983
    ],
    "obj_class": "sign",
    "point_num_in_lidar": 28,
    "speed": 0.028901029140780497,
    "if_vehicle": false,
    "motion_state": false,
    "pose": [
      [
        0.9938596763143057,
        -0.037953305631661306,
        0.10393502964858828,
        -125.92409590631632
      ],
      [
        0.03434682378047182,
        0.9987515161242919,
        0.03627264445310488,
        -12.57032113599962
      ],
      [
        -0.10518193520094805,
        -0.03248008052726854,
        0.9939224340341282,
        15.596777601114567
      ],
      [
        0.0,
        0.0,
        0.0,
        1.0
      ]
    ],
    "location": [
      -125.92409590631632,
      -12.57032113599962,
      15.596777601114567
    ],
    "rotation": [
      -0.03266706236684369,
      0.10537684929690769,
      0.03454527899301158
    ]
  },
  {
    "label_id": "BK091tToJe_Wv15jYrvpEA",
    "size": [
      0.4807223148316289,
      0.07221739544839689,
      0.5499999999999972
    ],
    "obj_class": "sign",
    "point_num_in_lidar": 63,
    "speed": 0.021251816813145277,
    "if_vehicle": false,
    "motion_state": false,
    "pose": [
      [
        0.9934346571307691,
        -0.047802631971665815,
        0.10393502964858828,
        -93.32474934791844
      ],
      [
        0.044244815471662646,
        0.9983620042691214,
        0.03627264445310488,
        -6.825898890043391
      ],
      [
        -0.105498712387166,
        -0.03143591589765296,
        0.9939224340341282,
        10.384243999465951
      ],
      [
        0.0,
        0.0,
        0.0,
        1.0
      ]
    ],
    "location": [
      -93.32474934791844,
      -6.825898890043391,
      10.384243999465951
    ],
    "rotation": [
      -0.03161759803024639,
      0.10569539882069048,
      0.04450780510237573
    ]
  },
  {
    "label_id": "DrPx65a2qCxaMXjPovdg4g",
    "size": [
      2.2400673173079335,
      4.750990034721823,
      1.9100000000000108
    ],
    "obj_class": "vehicle",
    "point_num_in_lidar": 270,
    "speed": 0.035872419459750414,
    "if_vehicle": true,
    "motion_state": false,
    "pose": [
      [
        -0.9745719904567011,
        0.19851182591777938,
        0.10393502964858828,
        -106.43799934892104
      ],
      [
        -0.1957457641141374,
        -0.9799836177690682,
        0.03627264445310488,
        -11.044885355449878
      ],
      [
        0.10905517524921117,
        0.015005461507002207,
        0.9939224340341282,
        9.822777612556294
      ],
      [
        0.0,
        0.0,
        0.0,
        1.0
      ]
    ],
    "location": [
      -106.43799934892104,
      -11.044885355449878,
      9.822777612556294
    ],
    "rotation": [
      0.015096068973325908,
      -0.10927250649870023,
      -2.943376980790784
    ]
  },
  {
    "label_id": "H980D-c98LHvo0e-QFTeuA",
    "size": [
      0.9051162661006004,
      1.1909958010824866,
      1.8400000000000034
    ],
    "obj_class": "pedestrian",
    "point_num_in_lidar": 169,
    "speed": 1.4316349977376386,
    "if_vehicle": false,
    "motion_state": true,
    "pose": [
      [
        0.9793589741007197,
        -0.17335948044549723,
        0.10393502964858828,
        -85.36576458516538
      ],
      [
        0.1704550338899386,
        0.9846976067229769,
        0.03627264445310488,
        -25.66771109293768
      ],
      [
        -0.10863278174642102,
        -0.01780769085841107,
        0.9939224340341282,
        8.40667769241098
      ],
      [
        0.0,
        0.0,
        0.0,
        1.0
      ]
    ],
    "location": [
      -85.36576458516538,
      -25.66771109293768,
      8.40667769241098
    ],
    "rotation": [
      -0.01791466332772988,
      0.10884758848907905,
      0.17232137310679543
    ]
  },
  {
    "label_id": "S_Bs3cO2JeS40Mn0rU3uRQ",
    "size": [
      1.8691212421445267,
      4.259610656266209,
      1.4000000000000057
    ],
    "obj_class": "vehicle",
    "point_num_in_lidar": 23,
    "speed": 6.96411233166395e-28,
    "if_vehicle": true,
    "motion_state": false,
    "pose": [
      [
        -0.9794804515142254,
        0.17267181215657726,
        0.10393502964858828,
        -133.3951491987782
      ],
      [
        -0.1697636179668926,
        -0.9848170435564007,
        0.03627264445310488,
        -15.353851454745381
      ],
      [
        0.10862025186989839,
        0.017883959499901535,
        0.9939224340341282,
        12.96777761255828
      ],
      [
        0.0,
        0.0,
        0.0,
        1.0
      ]
    ],
    "location": [
      -133.3951491987782,
      -15.353851454745381,
      12.96777761255828
    ],
    "rotation": [
      0.017991373601359745,
      -0.10883498402732149,
      -2.969977464136221
    ]
  },
  {
    "label_id": "U-8QLR_bw18Q6ziGLshyxw",
    "size": [
      0.9456115530311531,
      0.19800219371025132,
      0.960000000000008
    ],
    "obj_class": "sign",
    "point_num_in_lidar": 33,
    "speed": 0.03369109224442862,
    "if_vehicle": false,
    "motion_state": false,
    "pose": [
      [
        0.9939979547557595,
        -0.034140526552973116,
        0.10393502964858828,
        -125.92187999218095
      ],
      [
        0.030515305873283775,
        0.9988759239123939,
        0.03627264445310488,
        -12.572403871265124
      ],
      [
        -0.10505656594819344,
        -0.032883325179293606,
        0.9939224340341282,
        14.681777601113993
      ],
      [
        0.0,
        0.0,
        0.0,
        1.0
      ]
    ],
    "location": [
      -125.92187999218095,
      -12.572403871265124,
      14.681777601113993
    ],
    "rotation": [
      -0.03307233456633578,
      0.10525078158148385,
      0.030689927102418517
    ]
  },
  {
    "label_id": "VYuei6c4CCMuXmDCXPPDug",
    "size": [
      1.502304186422919,
      3.4688772327010504,
      1.4300000000000068
    ],
    "obj_class": "vehicle",
    "point_num_in_lidar": 62,
    "speed": 2.014304702591884e-27,
    "if_vehicle": true,
    "motion_state": false,
    "pose": [
      [
        -0.8733804482180484,
        0.4758194009100383,
        0.10393502964858828,
        -111.61557722500129
      ],
      [
        -0.4747635630678097,
        -0.8793655977166359,
        0.03627264445310488,
        -12.615897429750476
      ],
      [
        0.1086561174237263,
        -0.017664746533015564,
        0.9939224340341282,
        10.672777669784352
      ],
      [
        0.0,
        0.0,
        0.0,
        1.0
      ]
    ],
    "location": [
      -111.61557722500129,
      -12.615897429750476,
      10.672777669784352
    ],
    "rotation": [
      -0.017770890718661954,
      -0.10887106312041409,
      -2.643681691286536
    ]
  },
  {
    "label_id": "hFPa8H2B7lt4g1NFcPIKRQ",
    "size": [
      2.7398367486672686,
      6.30604538871245,
      2.0900000000000034
    ],
    "obj_class": "vehicle",
    "point_num_in_lidar": 45,
    "speed": 5.374510242291672e-28,
    "if_vehicle": true,
    "motion_state": false,
    "pose": [
      [
        0.9860624883922572,
        -0.12991642928289263,
        0.10393502964858828,
        -127.36406825946051
      ],
      [
        0.12677892778211913,
        0.9912675717155257,
        0.03627264445310488,
        -27.993533909833786
      ],
      [
        -0.10773983690393259,
        -0.02259032243214542,
        0.9939224340341282,
        12.502777612557665
      ],
      [
        0.0,
        0.0,
        0.0,
        1.0
      ]
    ],
    "location": [
      -127.36406825946051,
      -27.993533909833786,
      12.502777612557665
    ],
    "rotation": [
      -0.02272454362693236,
      0.10794937165442323,
      0.12786938480988616
    ]
  },
  {
    "label_id": "mUW0FRLV_NknaMW_uZ55Kw",
    "size": [
      2.2165201647433905,
      4.37573976085244,
      1.5400000000000063
    ],
    "obj_class": "vehicle",
    "point_num_in_lidar": 110,
    "speed": 0.033339725942361835,
    "if_vehicle": true,
    "motion_state": false,
    "pose": [
      [
        0.985341223935488,
        -0.13527816536773968,
        0.10393502964858828,
        -116.63763681436012
      ],
      [
        0.13216902318179577,
        0.9905632966022658,
        0.03627264445310488,
        -26.105156741055907
      ],
      [
        -0.10786112239581218,
        -0.022003940537774255,
        0.9939224340341282,
        11.222064103510803
      ],
      [
        0.0,
        0.0,
        0.0,
        1.0
      ]
    ],
    "location": [
      -116.63763681436012,
      -26.105156741055907,
      11.222064103510803
    ],
    "rotation": [
      -0.02213487294154341,
      0.10807136807457798,
      0.13333939043419127
    ]
  },
  {
    "label_id": "tK6se98-rQeQMXM3B7SwBg",
    "size": [
      2.1455688652089444,
      4.351898679511005,
      1.8400000000000034
    ],
    "obj_class": "vehicle",
    "point_num_in_lidar": 474,
    "speed": 9.008259943061146e-28,
    "if_vehicle": true,
    "motion_state": false,
    "pose": [
      [
        -0.9784792966316547,
        0.1782576104270716,
        0.10393502964858828,
        -92.09757149493271
      ],
      [
        -0.17537991249991752,
        -0.9838323950530903,
        0.03627264445310488,
        -8.604900992051626
      ],
      [
        0.1087205240731658,
        0.017263915225998405,
        0.9939224340341282,
        8.292776307170584
      ],
      [
        0.0,
        0.0,
        0.0,
        1.0
      ]
    ],
    "location": [
      -92.09757149493271,
      -8.604900992051626,
      8.292776307170584
    ],
    "rotation": [
      0.017367732915096606,
      -0.10893585359662536,
      -2.964238651521772
    ]
  },
  {
    "label_id": "txanAhqCa5Pik38ITvNB5Q",
    "size": [
      2.0253606535134265,
      3.541324693115208,
      1.8500000000000085
    ],
    "obj_class": "vehicle",
    "point_num_in_lidar": 3310,
    "speed": 0.06434732388132441,
    "if_vehicle": true,
    "motion_state": false,
    "pose": [
      [
        -0.987042183062644,
        0.12225071969881018,
        0.10393502964858828,
        -80.14474876152781
      ],
      [
        -0.11907286898025526,
        -0.9922227306090048,
        0.03627264445310488,
        -6.835974342384361
      ],
      [
        0.10756105581362126,
        0.023426787998642448,
        0.9939224340341282,
        7.005249795137644
      ],
      [
        0.0,
        0.0,
        0.0,
        1.0
      ]
    ],
    "location": [
      -80.14474876152781,
      -6.835974342384361,
      7.005249795137644
    ],
    "rotation": [
      0.023565673152954564,
      -0.10776954555948641,
      -3.021536755095789
    ]
  },
  {
    "label_id": "vgEwJsu_ckjXGzr8aVeH6A",
    "size": [
      2.6042243304917303,
      5.512382166464195,
      2.1400000000000006
    ],
    "obj_class": "vehicle",
    "point_num_in_lidar": 1794,
    "speed": 0.03815619067354981,
    "if_vehicle": true,
    "motion_state": false,
    "pose": [
      [
        -0.9762722945360196,
        0.18997346270814341,
        0.10393502964858828,
        -85.26117229496685
      ],
      [
        -0.18716013707294177,
        -0.9816595022487259,
        0.03627264445310488,
        -7.27661928867019
      ],
      [
        0.1089196493393774,
        0.01595948343341188,
        0.9939224340341282,
        7.651623776277731
      ],
      [
        0.0,
        0.0,
        0.0,
        1.0
      ]
    ],
    "location": [
      -85.26117229496685,
      -7.27661928867019,
      7.651623776277731
    ],
    "rotation": [
      0.016055691561391458,
      -0.1091361684406466,
      -2.9521818183170914
    ]
  }
]