[
  {
    "label_id": "09Fy6aLIXmomFj8daA5KWg",
    "size": [
      1.9336777598640997,
      3.9037725122541556,
      2.0900000000000034
    ],
    "obj_class": "vehicle",
    "point_num_in_lidar": 1871,
    "speed": 0.022080634515931414,
    "if_vehicle": true,
    "motion_state": false,
    "pose": [
      [
        -0.17802268933196952,
        -0.9786439787835354,
        0.10278076120434244,
        -5.447910237717224
      ],
      [
        0.9839881704901052,
        -0.17612159002579453,
        0.027358104143405323,
        8.124662184309273
      ],
      [
        -0.008671932803506222,
        0.10600541645367444,
        0.994327737350183,
        1.0164441501869987
      ],
      [
        0.0,
        0.0,
        0.0,
        1.0
      ]
    ],
    "location": [
      -5.447910237717224,
      8.124662184309273,
      1.0164441501869987
    ],
    "rotation": [
      0.10620896898858066,
      0.008672041498904685,
      1.7497798060502479
    ]
  },
  {
    "label_id": "1UOZjC0IcEiKv8-DWSRMhg",
    "size": [
      0.7870144939460865,
      0.08611861253863681,
      0.9300000000000068
    ],
    "obj_class": "sign",
    "point_num_in_lidar": 22,
    "speed": 0.030397023487524096,
    "if_vehicle": false,
    "motion_state": false,
    "pose": [
      [
        0.9837677058492699,
        -0.14709594166502532,
        0.10278076120434244,
        -58.75527255639736
      ],
      [
        0.14502738404192383,
        0.9890493375032587,
        0.027358104143405323,
        -1.6897084259162511
      ],
      [
        -0.10567950986837958,
        -0.012007994422239819,
        0.994327737350183,
        7.516199918446063
      ],
      [
        0.0,
        0.0,
        0.0,
        1.0
      ]
    ],
    "location": [
      -58.75527255639736,
      -1.6897084259162511,
      7.516199918446063
    ],
    "rotation": [
      -0.012075908442122791,
      0.10587721266977934,
      0.14636611728258983
    ]
  },
  {
    "label_id": "6EEh5yAbArSGhJSNWWiopQ",
    "size": [
      1.0355069565987485,
      0.12083340226425078,
      1.25
    ],
    "obj_class": "sign",
    "point_num_in_lidar": 41,
    "speed": 0.050459070569448226,
    "if_vehicle": false,
    "motion_state": false,
    "pose": [
      [
        0.5359805094256631,
        -0.8379504810202465,
        0.10278076120434244,
        -49.58042827972531
      ],
      [
        0.8405699737323152,
        0.5410116943258558,
        0.027358104143405323,
        -22.385242009686408
      ],
      [
        -0.07853033029003098,
        0.07173101115001877,
        0.994327737350183,
        7.7606497497125275
      ],
      [
        0.0,
        0.0,
        0.0,
        1.0
      ]
    ],
    "location": [
      -49.58042827972531,
      -22.385242009686408,
      7.7606497497125275
    ],
    "rotation": [
      0.07201545442291786,
      0.07861127137431524,
      1.0031596109355503
    ]
  },
  {
    "label_id": "6suwZTRBqiMJOBHdaAr7EA",
    "size": [
      0.9678287510371765,
      0.1068127753164618,
      1.1500000000000057
    ],
    "obj_class": "sign",
    "point_num_in_lidar": 29,
    "speed": 0.07281352679045049,
    "if_vehicle": false,
    "motion_state": false,
    "pose": [
      [
        -0.721928886227884,
        -0.6842914571701322,
        0.10278076120434244,
        -36.32946287084542
      ],
      [
        0.6897261461820345,
        -0.723553299633522,
        0.027358104143405323,
        -19.711192225877312
      ],
      [
        0.05564644195854401,
        0.09064118398068216,
        0.994327737350183,
        7.132786046003616
      ],
      [
        0.0,
        0.0,
        0.0,
        1.0
      ]
    ],
    "location": [
      -36.32946287084542,
      -19.711192225877312,
      7.132786046003616
    ],
    "rotation": [
      0.09090700594555608,
      -0.05567520049685361,
      2.3790025807394697
    ]
  },
  {
    "label_id": "CqIxVE2TiIy7ctEX1vLLIw",
    "size": [
      1.9200110352944242,
      4.439518699582246,
      1.6800000000000068
    ],
    "obj_class": "vehicle",
    "point_num_in_lidar": 28,
    "speed": 0.02761301100584385,
    "if_vehicle": true,
    "motion_state": false,
    "pose": [
      [
        -0.9782535330125307,
        0.18015587771359926,
        0.10278076120434244,
        -46.731409690291
      ],
      [
        -0.17826643417864244,
        -0.9836018567402719,
        0.027358104143405323,
        -24.960674180552815
      ],
      [
        0.106024070822305,
        0.008440802232746335,
        0.994327737350183,
        4.956684818423554
      ],
      [
        0.0,
        0.0,
        0.0,
        1.0
      ]
    ],
    "location": [
      -46.731409690291,
      -24.960674180552815,
      4.956684818423554
    ],
    "rotation": [
      0.008488749905903018,
      -0.10622372033402201,
      -2.9613412423386585
    ]
  },
  {
    "label_id": "Iyu9vNNsCr-uctIcYvC4Tg",
    "size": [
      2.4693239983386137,
      5.5369510550363685,
      2.509999999999991
    ],
    "obj_class": "vehicle",
    "point_num_in_lidar": 19951,
    "speed": 0.05093509187095223,
    "if_vehicle": true,
    "motion_state": false,
    "pose": [
      [
        -0.984942363344858,
        0.13901315051066782,
        0.10278076120434244,
        -8.036882588741719
      ],
      [
        -0.1369012945239257,
        -0.9902068317757416,
        0.027358104143405323,
        1.333832451100534
      ],
      [
        0.10557734816862474,
        0.01287533649061143,
        0.994327737350183,
        1.7134593172497858
      ],
      [
        0.0,
        0.0,
        0.0,
        1.0
      ]
    ],
    "location": [
      -8.036882588741719,
      1.333832451100534,
      1.7134593172497858
    ],
    "rotation": [
      0.012948061763088919,
      -0.10577447622834181,
      -3.0034832947120558
    ]
  },
  {
    "label_id": "NrKoxQ7n6G2lJ-Min5o00g",
    "size": [
      2.086338863591844,
      4.134274428548164,
      2.0700000000000074
    ],
    "obj_class": "vehicle",
    "point_num_in_lidar": 5184,
    "speed": 0.08677055227216128,
    "if_vehicle": true,
    "motion_state": false,
    "pose": [
      [
        0.9848578901156843,
        -0.13961035564433827,
        0.10278076120434244,
        -4.182666535817589
      ],
      [
        0.13750169221445882,
        0.9901236381259861,
        0.027358104143405323,
        -7.506697215476379
      ],
      [
        -0.10558513586221743,
        -0.012811316131552042,
        0.994327737350183,
        1.208852801130405
      ],
      [
        0.0,
        0.0,
        0.0,
        1.0
      ]
    ],
    "location": [
      -4.182666535817589,
      -7.506697215476379,
      1.208852801130405
    ],
    "rotation": [
      -0.012883686932374083,
      0.10578230769450166,
      0.13871907730416352
    ]
  },
  {
    "label_id": "dYgqU5miR81hSV4x_GFo4w",
    "size": [
      1.9903215667477543,
      4.4729038727806865,
      1.5100000000000051
    ],
    "obj_class": "vehicle",
    "point_num_in_lidar": 2467,
    "speed": 0.02629132451998383,
    "if_vehicle": true,
    "motion_state": false,
    "pose": [
      [
        0.9778733087507261,
        -0.18220841681756345,
        0.10278076120434244,
        -11.882405303936139
      ],
      [
        0.1803302012874243,
        0.9832255858353746,
        0.027358104143405323,
        -8.797486170933553
      ],
      [
        -0.10604155099084525,
        -0.008218284463404946,
        0.994327737350183,
        1.7514046898729418
      ],
      [
        0.0,
        0.0,
        0.0,
        1.0
      ]
    ],
    "location": [
      -11.882405303936139,
      -8.797486170933553,
      1.7514046898729418
    ],
    "rotation": [
      -0.008264978461201498,
      0.10624129960338105,
      0.18236180859562073
    ]
  },
  {
    "label_id": "hZZVqo78R8-bZa4kLwPQzw",
    "size": [
      2.3380157644533757,
      5.7785313826431315,
      2.3799999999999955
    ],
    "obj_class": "vehicle",
    "point_num_in_lidar": 634,
    "speed": 0.04212192942785252,
    "if_vehicle": true,
    "motion_state": false,
    "pose": [
      [
        0.9869584058339026,
        -0.12389197020008091,
        0.10278076120434244,
        -30.96177581694792
      ],
      [
        0.12169962798118852,
        0.9921898682645973,
        0.027358104143405323,
        -12.587349412471667
      ],
      [
        -0.10536747934273706,
        -0.01449293044982135,
        0.994327737350183,
        4.113023527386844
      ],
      [
        0.0,
        0.0,
        0.0,
        1.0
      ]
    ],
    "location": [
      -30.96177581694792,
      -12.587349412471667,
      4.113023527386844
    ],
    "rotation": [
      -0.014574575065485054,
      0.10556343023587828,
      0.1226884411978474
    ]
  },
  {
    "label_id": "p6E6I2ch5b1NXoAK_gInzA",
    "size": [
      1.9601609960814754,
      3.948561555880508,
      1.8900000000000006
    ],
    "obj_class": "vehicle",
    "point_num_in_lidar": 946,
    "speed": 0.0524933691516128,
    "if_vehicle": true,
    "motion_state": false,
    "pose": [
      [
        0.9811108144108498,
        -0.16388314425936226,
        0.10278076120434244,
        -19.584338175141966
      ],
      [
        0.16190513066411735,
        0.9864270184875886,
        0.027358104143405323,
        -10.247873483027433
      ],
      [
        -0.1058692519606807,
        -0.01020059926432673,
        0.994327737350183,
        2.7943155274282674
      ],
      [
        0.0,
        0.0,
        0.0,
        1.0
      ]
    ],
    "location": [
      -19.584338175141966,
      -10.247873483027433,
      2.7943155274282674
    ],
    "rotation": [
      -0.010258429949534478,
      0.10606802519104826,
      0.16354829548394004
    ]
  },
  {
    "label_id": "r7O7xZvjzSvfr7Jf8G8Dgg",
    "size": [
      0.9222433840208288,
      2.1913321595862114,
      1.5100000000000051
    ],
    "obj_class": "vehicle",
    "point_num_in_lidar": 640,
    "speed": 0.005246416328144485,
    "if_vehicle": true,
    "motion_state": false,
    "pose": [
      [
        0.1421314438330988,
        0.9844972157401841,
        0.10278076120434244,
        -17.351547439796377
      ],
      [
        -0.9897683453326307,
        0.1400362692847277,
        0.027358104143405323,
        0.28676912309128966
      ],
      [
        0.012540943003811941,
        -0.10561759079168877,
        0.994327737350183,
        2.28018153686601
      ],
      [
        0.0,
        0.0,
        0.0,
        1.0
      ]
    ],
    "location": [
      -17.351547439796377,
      0.28676912309128966,
      2.28018153686601
    ],
    "rotation": [
      -0.1058232983358202,
      -0.012541271757073617,
      -1.4281706457283505
    ]
  },
  {
    "label_id": "rS6X0_p3yTvNiUtcfUHjrQ",
    "size": [
      2.3004969109196085,
      4.621783504216847,
      1.75
    ],
    "obj_class": "vehicle",
    "point_num_in_lidar": 161,
    "speed": 0.02504138216958051,
    "if_vehicle": true,
    "motion_state": false,
    "pose": [
      [
        -0.9797089046625569,
        0.17206561902701292,
        0.10278076120434244,
        -30.28832526629685
      ],
      [
        -0.1701320424461649,
        -0.9850414317533933,
        0.027358104143405323,
        -2.0310747950952646
      ],
      [
        0.10595069729826964,
        0.009316677416113457,
        0.994327737350183,
        3.681963571103907
      ],
      [
        0.0,
        0.0,
        0.0,
        1.0
      ]
    ],
    "location": [
      -30.28832526629685,
      -2.0310747950952646,
      3.681963571103907
    ],
    "rotation": [
      0.009369551338264953,
      -0.10614993119074113,
      -2.969651631605362
    ]
  },
  {
    "label_id": "tFWoxavc3LDUVSsjgbE3rQ",
    "size": [
      2.065571285623892,
      3.69233137434314,
      1.730000000000004
    ],
    "obj_class": "vehicle",
    "point_num_in_lidar": 3482,
    "speed": 0.0520502879938479,
    "if_vehicle": true,
    "motion_state": false,
    "pose": [
      [
        0.9762848840624694,
        -0.1905359290983899,
        0.10278076120434244,
        1.4368647493174649
      ],
      [
        0.18870339768450275,
        0.9816529742429363,
        0.027358104143405323,
        -6.836500069612157
      ],
      [
        -0.10610774172253001,
        -0.007314224675954481,
        0.994327737350183,
        0.5212609528655463
      ],
      [
        0.0,
        0.0,
        0.0,
        1.0
      ]
    ],
    "location": [
      1.4368647493174649,
      -6.836500069612157,
      0.5212609528655463
    ],
    "rotation": [
      -0.0073558168813751,
      0.10630786589078402,
      0.19093271697988554
    ]
  },
  {
    "label_id": "txanAhqCa5Pik38ITvNB5Q",
    "size": [
      2.0253606535134265,
      3.541324693115208,
      1.8500000000000085
    ],
    "obj_class": "vehicle",
    "point_num_in_lidar": 21,
    "speed": 0.016547479172157542,
    "if_vehicle": true,
    "motion_state": false,
    "pose": [
      [
        -0.9871612186976015,
        0.12226546293096029,
        0.10278076120434244,
        -80.42134809692834
      ],
      [
        -0.12006450313102081,
        -0.9923890614197537,
        0.027358104143405323,
        -6.991120959632099
      ],
      [
        0.10534345441159212,
        0.014666538402032425,
        0.994327737350183,
        7.028583049514722
      ],
      [
        0.0,
        0.0,
        0.0,
        1.0
      ]
    ],
    "location": [
      -80.42134809692834,
      -6.991120959632099,
      7.028583049514722
    ],
    "rotation": [
      0.014749135854068042,
      -0.1055392708487101,
      -3.0205610865365986
    ]
  },
  {
    "label_id": "xorJBF-QFIwO5KT13E4lzA",
    "size": [
      2.221166940019914,
      4.981518724498063,
      1.6500000000000057
    ],
    "obj_class": "vehicle",
    "point_num_in_lidar": 686,
    "speed": 0.04397067476609401,
    "if_vehicle": true,
    "motion_state": false,
    "pose": [
      [
        -0.9852254443987033,
        0.1369924772957752,
        0.10278076120434244,
        -25.1239255406972
      ],
      [
        -0.13486982691643729,
        -0.9904855697713162,
        0.027358104143405323,
        -1.2008506035326718
      ],
      [
        0.10555071528373364,
        0.013091876838623175,
        0.994327737350183,
        3.0848060805704876
      ],
      [
        0.0,
        0.0,
        0.0,
        1.0
      ]
    ],
    "location": [
      -25.1239255406972,
      -1.2008506035326718,
      3.0848060805704876
    ],
    "rotation": [
      0.013165800265773847,
      -0.1057476936962545,
      -3.0055459141739136
    ]
  },
  {
    "label_id": "z0vfkiulMZ8zu5iEWlpZuw",
    "size": [
      2.153889868251474,
      4.738714330461561,
      1.6200000000000045
    ],
    "obj_class": "vehicle",
    "point_num_in_lidar": 35,
    "speed": 0.005343081328937684,
    "if_vehicle": true,
    "motion_state": false,
    "pose": [
      [
        0.987688220530338,
        -0.11793258307978442,
        0.10278076120434244,
        -41.23582186558633
      ],
      [
        0.1157087044875069,
        0.9929063550222151,
        0.027358104143405323,
        3.975559006070398
      ],
      [
        -0.10527808286360993,
        -0.015128648473289394,
        0.994327737350183,
        3.983218640003031
      ],
      [
        0.0,
        0.0,
        0.0,
        1.0
      ]
    ],
    "location": [
      -41.23582186558633,
      3.975559006070398,
      3.983218640003031
    ],
    "rotation": [
      -0.015213777777942,
      0.10547353376047612,
      0.11661947146228044
    ]
  }
]