[
  {
    "label_id": "3Cij1nMocVFHTf2ipozZZg",
    "size": [
      2.0719024155393155,
      4.232229999427425,
      1.8299999999999983
    ],
    "obj_class": "vehicle",
    "point_num_in_lidar": 24,
    "speed": 0.04501200343126109,
    "if_vehicle": true,
    "motion_state": false,
    "pose": [
      [
        0.9901990570170764,
        -0.13898774396604557,
        0.013719858225267879,
        -101.70312476392883
      ],
      [
        0.13891449608003162,
        0.9902852238361901,
        0.006159401800319446,
        -23.53160905227014
      ],
      [
        -0.014442654234016994,
        -0.0041931466628130345,
        0.9998869072348836,
        9.688548516269918
      ],
      [
        0.0,
        0.0,
        0.0,
        1.0
      ]
    ],
    "location": [
      -101.70312476392883,
      -23.53160905227014,
      9.688548516269918
    ],
    "rotation": [
      -0.004193596347615326,
      0.014443156380656207,
      0.13937983086657244
    ]
  },
  {
    "label_id": "3DLC1LTjeykLCTWkbZ15QQ",
    "size": [
      2.1385333840267684,
      4.399787758886019,
      2.180000000000007
    ],
    "obj_class": "vehicle",
    "point_num_in_lidar": 1018,
    "speed": 0.04551683714253996,
    "if_vehicle": true,
    "motion_state": false,
    "pose": [
      [
        -0.14520484774831435,
        -0.9893064831894449,
        0.013719858225267879,
        -37.704097695748715
      ],
      [
        0.9893931084086054,
        -0.14513214255642923,
        0.006159401800319446,
        -23.28877491616913
      ],
      [
        -0.004102343713821191,
        0.014468708177059237,
        0.9998869072348836,
        5.175962993513792
      ],
      [
        0.0,
        0.0,
        0.0,
        1.0
      ]
    ],
    "location": [
      -37.704097695748715,
      -23.28877491616913,
      5.175962993513792
    ],
    "rotation": [
      0.014469334809177089,
      0.004102355220451844,
      1.716517573161911
    ]
  },
  {
    "label_id": "6QTL7Oz_74MY1upsBmddww",
    "size": [
      2.294447331870711,
      5.061554088041067,
      2.4799999999999898
    ],
    "obj_class": "vehicle",
    "point_num_in_lidar": 123,
    "speed": 7.105427357601002e-13,
    "if_vehicle": true,
    "motion_state": false,
    "pose": [
      [
        -0.98941790286638,
        0.14444368791253268,
        0.013719858225267879,
        -43.302790177503084
      ],
      [
        -0.1443709160975843,
        -0.9895044721246117,
        0.006159401800319446,
        18.35566544579524
      ],
      [
        0.014465547782191437,
        0.004113473911472571,
        0.9998869072348836,
        1.7004802084234996
      ],
      [
        0.0,
        0.0,
        0.0,
        1.0
      ]
    ],
    "location": [
      -43.302790177503084,
      18.35566544579524,
      1.7004802084234996
    ],
    "rotation": [
      0.004113915959682683,
      -0.014466052320677837,
      -2.996700187510926
    ]
  },
  {
    "label_id": "CqIxVE2TiIy7ctEX1vLLIw",
    "size": [
      1.9200110352944268,
      4.439518699582246,
      1.6800000000000068
    ],
    "obj_class": "vehicle",
    "point_num_in_lidar": 1419,
    "speed": 0.02232413010825831,
    "if_vehicle": true,
    "motion_state": false,
    "pose": [
      [
        -0.9833693488433116,
        0.18109801005466616,
        0.013719858225267879,
        -46.597629905454596
      ],
      [
        -0.18102850426403813,
        -0.9834585616147675,
        0.006159401800319446,
        -24.956115463581227
      ],
      [
        0.014608367444945463,
        0.0035732815244095507,
        0.9998869072348836,
        4.960284718786795
      ],
      [
        0.0,
        0.0,
        0.0,
        1.0
      ]
    ],
    "location": [
      -46.597629905454596,
      -24.956115463581227,
      4.960284718786795
    ],
    "rotation": [
      0.00357367046906844,
      -0.014608887076495073,
      -2.959540876117911
    ]
  },
  {
    "label_id": "G2VrcGN9URSKK_AbuLvKeg",
    "size": [
      2.1813013017676086,
      4.6351412295512375,
      1.5400000000000063
    ],
    "obj_class": "vehicle",
    "point_num_in_lidar": 325,
    "speed": 0.032091738916989056,
    "if_vehicle": true,
    "motion_state": false,
    "pose": [
      [
        -0.9914330370431156,
        0.129893412264605,
        0.013719858225267879,
        -45.317830850612154
      ],
      [
        -0.129819376587488,
        -0.9915185279317267,
        0.006159401800319446,
        -41.069746797900734
      ],
      [
        0.014403559348301842,
        0.004325530991586547,
        0.9998869072348836,
        7.743818513083255
      ],
      [
        0.0,
        0.0,
        0.0,
        1.0
      ]
    ],
    "location": [
      -45.317830850612154,
      -41.069746797900734,
      7.743818513083255
    ],
    "rotation": [
      0.0043259932471150404,
      -0.014404057427927485,
      -3.0113922576320102
    ]
  },
  {
    "label_id": "Hf6RKtyju1TIshrc0-YqhA",
    "size": [
      2.173916323158264,
      4.665393274231874,
      1.5900000000000034
    ],
    "obj_class": "vehicle",
    "point_num_in_lidar": 526,
    "speed": 0.004075128669810391,
    "if_vehicle": true,
    "motion_state": false,
    "pose": [
      [
        -0.9717616507065795,
        0.2355654043069618,
        0.013719858225267879,
        -46.64903973497621
      ],
      [
        -0.23550097316811186,
        -0.9718545947858324,
        0.006159401800319446,
        -27.130039236484663
      ],
      [
        0.01478464923141806,
        0.002754430497064393,
        0.9998869072348836,
        5.398464434869069
      ],
      [
        0.0,
        0.0,
        0.0,
        1.0
      ]
    ],
    "location": [
      -46.64903973497621,
      -27.130039236484663,
      5.398464434869069
    ],
    "rotation": [
      0.002754735070275225,
      -0.014785187903599166,
      -2.903832158518334
    ]
  },
  {
    "label_id": "ISt0bJGy05IGYz7zPxMaXw",
    "size": [
      1.922521815133545,
      4.093562992219752,
      1.4399999999999977
    ],
    "obj_class": "vehicle",
    "point_num_in_lidar": 422,
    "speed": 0.029898883538425833,
    "if_vehicle": true,
    "motion_state": false,
    "pose": [
      [
        0.9805772536689581,
        -0.19565279215314646,
        0.013719858225267879,
        -46.336204324480605
      ],
      [
        0.19558461623369364,
        0.9806674867977326,
        0.006159401800319446,
        -29.358920147336903
      ],
      [
        -0.014659723045220266,
        -0.0033563760958311762,
        0.9998869072348836,
        5.921483741353015
      ],
      [
        0.0,
        0.0,
        0.0,
        1.0
      ]
    ],
    "location": [
      -46.336204324480605,
      -29.358920147336903,
      5.921483741353015
    ],
    "rotation": [
      -0.0033567431129419402,
      0.014660248176695404,
      0.19687497783209326
    ]
  },
  {
    "label_id": "JE7ahEGrVwxUrwmwVUtMgA",
    "size": [
      1.9198957419612226,
      4.076168499645224,
      1.740000000000009
    ],
    "obj_class": "vehicle",
    "point_num_in_lidar": 163,
    "speed": 0.08406299554571364,
    "if_vehicle": true,
    "motion_state": false,
    "pose": [
      [
        -0.0978754861017137,
        -0.9951040923997005,
        0.013719858225267879,
        -36.43042596336363
      ],
      [
        0.9951871529696529,
        -0.09779873380376193,
        0.006159401800319446,
        -33.87382373786568
      ],
      [
        -0.004787461175833637,
        0.01425668109165365,
        0.9998869072348836,
        6.729882538095978
      ],
      [
        0.0,
        0.0,
        0.0,
        1.0
      ]
    ],
    "location": [
      -36.43042596336363,
      -33.87382373786568,
      6.729882538095978
    ],
    "rotation": [
      0.014257327487371319,
      0.00478747946395201,
      1.66882988565807
    ]
  },
  {
    "label_id": "MizMmjifXpwFZMBgTlIKWQ",
    "size": [
      2.062811925219434,
      4.3535405898767285,
      1.710000000000008
    ],
    "obj_class": "vehicle",
    "point_num_in_lidar": 244,
    "speed": 0.03662995056827355,
    "if_vehicle": true,
    "motion_state": false,
    "pose": [
      [
        0.19939166602244052,
        0.9798238254967442,
        0.013719858225267879,
        -52.38420429663256
      ],
      [
        -0.9799143180181598,
        0.19932383478266483,
        0.006159401800319446,
        14.47088983618778
      ],
      [
        0.0033004338806256533,
        -0.014672418902786527,
        0.9998869072348836,
        2.0465533797938207
      ],
      [
        0.0,
        0.0,
        0.0,
        1.0
      ]
    ],
    "location": [
      -52.38420429663256,
      14.47088983618778,
      2.0465533797938207
    ],
    "rotation": [
      -0.014673025321467642,
      -0.003300439872517815,
      -1.3700581367358307
    ]
  },
  {
    "label_id": "OSmX9FeSlXbjbC3fck_O5w",
    "size": [
      0.4020532721512037,
      0.09332958373306334,
      0.5700000000000074
    ],
    "obj_class": "sign",
    "point_num_in_lidar": 39,
    "speed": 0.015980838420111148,
    "if_vehicle": false,
    "motion_state": false,
    "pose": [
      [
        0.12184237551843981,
        0.9924546342369015,
        0.013719858225267879,
        -39.64454078442486
      ],
      [
        -0.9925395214145958,
        0.1217676484110103,
        0.006159401800319446,
        13.389279937080573
      ],
      [
        0.004442291988230823,
        -0.014367977663906963,
        0.9998869072348836,
        3.816749302660014
      ],
      [
        0.0,
        0.0,
        0.0,
        1.0
      ]
    ],
    "location": [
      -39.64454078442486,
      13.389279937080573,
      3.816749302660014
    ],
    "rotation": [
      -0.014368613846407228,
      -0.0044423065990279054,
      -1.4486492382622276
    ]
  },
  {
    "label_id": "QVnU0JqLVc0X0fjWdCLaUg",
    "size": [
      0.7930526175234065,
      0.07580443676918142,
      0.7999999999999972
    ],
    "obj_class": "sign",
    "point_num_in_lidar": 289,
    "speed": 0.015403350501412422,
    "if_vehicle": false,
    "motion_state": false,
    "pose": [
      [
        -0.13504793090119152,
        -0.9907440748495978,
        0.013719858225267879,
        -52.57779997332909
      ],
      [
        0.9908299496290167,
        -0.1349743408490009,
        0.006159401800319446,
        3.601744547206181
      ],
      [
        -0.004250562017787162,
        0.014425860902981638,
        0.9998869072348836,
        5.6632560919432535
      ],
      [
        0.0,
        0.0,
        0.0,
        1.0
      ]
    ],
    "location": [
      -52.57779997332909,
      3.601744547206181,
      5.6632560919432535
    ],
    "rotation": [
      0.014426491633264604,
      0.004250574817238453,
      1.7062593944250963
    ]
  },
  {
    "label_id": "RRrzVSvZfaipO4N3K7C-9Q",
    "size": [
      1.8878116562527485,
      4.049596651610301,
      1.3800000000000097
    ],
    "obj_class": "vehicle",
    "point_num_in_lidar": 124,
    "speed": 0.007998760196777642,
    "if_vehicle": true,
    "motion_state": false,
    "pose": [
      [
        0.9888445938593948,
        -0.14831768163414294,
        0.013719858225267879,
        -41.629654669090996
      ],
      [
        0.14824524942988726,
        0.9889314474678883,
        0.006159401800319446,
        6.194360256286018
      ],
      [
        -0.014481547449044922,
        -0.004056787366906182,
        0.9998869072348836,
        3.5927570889215588
      ],
      [
        0.0,
        0.0,
        0.0,
        1.0
      ]
    ],
    "location": [
      -41.629654669090996,
      6.194360256286018,
      3.5927570889215588
    ],
    "rotation": [
      -0.004057223949875168,
      0.014482053663628584,
      0.1488094005335109
    ]
  },
  {
    "label_id": "Vy3390Cgf2r7ug99QFj4sw",
    "size": [
      2.152154790793785,
      4.813190891367711,
      1.6800000000000068
    ],
    "obj_class": "vehicle",
    "point_num_in_lidar": 51,
    "speed": 0.02262935319314523,
    "if_vehicle": true,
    "motion_state": false,
    "pose": [
      [
        0.9944688764724282,
        -0.10413173972399078,
        0.013719858225267879,
        -43.20048100887925
      ],
      [
        0.10405551131009698,
        0.9945524180934139,
        0.006159401800319446,
        15.87533956371226
      ],
      [
        -0.014286507398965326,
        -0.0046977065253736424,
        0.9998869072348836,
        2.1795701000174716
      ],
      [
        0.0,
        0.0,
        0.0,
        1.0
      ]
    ],
    "location": [
      -43.20048100887925,
      15.87533956371226,
      2.1795701000174716
    ],
    "rotation": [
      -0.004698203293786831,
      0.014286993433190993,
      0.10425488856632738
    ]
  },
  {
    "label_id": "ZQdmKM3Q-qh_3PDcQnIy1A",
    "size": [
      0.8334233823664876,
      0.7485196391815518,
      1.5900000000000034
    ],
    "obj_class": "pedestrian",
    "point_num_in_lidar": 62,
    "speed": 0.016715614982146774,
    "if_vehicle": false,
    "motion_state": false,
    "pose": [
      [
        0.041339419156442715,
        -0.9990509586172701,
        0.013719858225267879,
        -48.61973542663145
      ],
      [
        0.9991225490911545,
        0.041426967871857005,
        0.006159401800319446,
        -35.36364124206557
      ],
      [
        -0.006721928399022688,
        0.013453193630422532,
        0.9998869072348836,
        6.921068890717635
      ],
      [
        0.0,
        0.0,
        0.0,
        1.0
      ]
    ],
    "location": [
      -48.61973542663145,
      -35.36364124206557,
      6.921068890717635
    ],
    "rotation": [
      0.013453903450040501,
      0.0067219790210141924,
      1.5294441893134278
    ]
  },
  {
    "label_id": "bgw-BLYhqMycB0MJubzSAw",
    "size": [
      1.9806175110960325,
      4.469895695860798,
      1.4399999999999977
    ],
    "obj_class": "vehicle",
    "point_num_in_lidar": 67,
    "speed": 3.1776437161565096e-13,
    "if_vehicle": true,
    "motion_state": false,
    "pose": [
      [
        0.991601217579587,
        -0.12860323007202956,
        0.013719858225267879,
        -43.08201999528228
      ],
      [
        0.1285290832151594,
        0.9916866120591389,
        0.006159401800319446,
        13.23201060071733
      ],
      [
        -0.014397918688180166,
        -0.004344269525223018,
        0.9998869072348836,
        2.503973654920472
      ],
      [
        0.0,
        0.0,
        0.0,
        1.0
      ]
    ],
    "location": [
      -43.08201999528228,
      13.23201060071733,
      2.503973654920472
    ],
    "rotation": [
      -0.0043447335479478285,
      0.014398416182831145,
      0.12889905314719993
    ]
  },
  {
    "label_id": "fVbAGNFZix1PBmsg_GMh_g",
    "size": [
      2.162582469074224,
      4.57924667557186,
      1.7199999999999989
    ],
    "obj_class": "vehicle",
    "point_num_in_lidar": 124,
    "speed": 0.035236800442443005,
    "if_vehicle": true,
    "motion_state": false,
    "pose": [
      [
        -0.12045594984441708,
        -0.9926238611061885,
        0.013719858225267879,
        -37.107154227761384
      ],
      [
        0.9927086438187673,
        -0.12038110423553157,
        0.006159401800319446,
        -28.383644134873975
      ],
      [
        -0.00446235751402481,
        0.014361758446522327,
        0.9998869072348836,
        5.783591079657114
      ],
      [
        0.0,
        0.0,
        0.0,
        1.0
      ]
    ],
    "location": [
      -37.107154227761384,
      -28.383644134873975,
      5.783591079657114
    ],
    "rotation": [
      0.014362395209097153,
      0.0044623723237066076,
      1.6915466986354735
    ]
  },
  {
    "label_id": "gb03B_Frp928XEVnn6XbqA",
    "size": [
      0.49095356564592346,
      0.08500191940532588,
      0.5700000000000074
    ],
    "obj_class": "sign",
    "point_num_in_lidar": 29,
    "speed": 0.00880544157222611,
    "if_vehicle": false,
    "motion_state": false,
    "pose": [
      [
        -0.1234043577499779,
        -0.9922616237558489,
        0.013719858225267879,
        -54.62543207806357
      ],
      [
        0.9923466284495766,
        -0.12332976434835315,
        0.006159401800319446,
        16.330355451686046
      ],
      [
        -0.004419671149934571,
        0.014374952075943248,
        0.9998869072348836,
        3.740652875724436
      ],
      [
        0.0,
        0.0,
        0.0,
        1.0
      ]
    ],
    "location": [
      -54.62543207806357,
      16.330355451686046,
      3.740652875724436
    ],
    "rotation": [
      0.014375587606608922,
      0.004419685538663682,
      1.6945172785117335
    ]
  },
  {
    "label_id": "mShpFVaxZSDzWEU6UQoocA",
    "size": [
      0.7662783726991795,
      0.08660769433841517,
      0.7900000000000063
    ],
    "obj_class": "sign",
    "point_num_in_lidar": 193,
    "speed": 0.036860304406926656,
    "if_vehicle": false,
    "motion_state": false,
    "pose": [
      [
        0.06390045374177117,
        0.9978619631501515,
        0.013719858225267879,
        -36.09791338656032
      ],
      [
        -0.9979423593516542,
        0.06382091491913967,
        0.006159401800319446,
        -19.66944063477058
      ],
      [
        0.00527061886779986,
        -0.01408521625711232,
        0.9998869072348836,
        6.205733815623844
      ],
      [
        0.0,
        0.0,
        0.0,
        1.0
      ]
    ],
    "location": [
      -36.09791338656032,
      -19.66944063477058,
      6.205733815623844
    ],
    "rotation": [
      -0.014085877697237535,
      -0.005270643270563633,
      -1.506851416444142
    ]
  },
  {
    "label_id": "mswaHVZRTp3YEWuMsTuLig",
    "size": [
      0.7197875054766977,
      0.6681805656786513,
      1.3500000000000085
    ],
    "obj_class": "pedestrian",
    "point_num_in_lidar": 118,
    "speed": 0.04160455903003217,
    "if_vehicle": false,
    "motion_state": false,
    "pose": [
      [
        -0.10319912517849884,
        -0.9945660893337712,
        0.013719858225267879,
        -50.327913208802784
      ],
      [
        0.9946495594344021,
        -0.10312281845649908,
        0.006159401800319446,
        -36.182925177030484
      ],
      [
        -0.004711101712165897,
        0.014282095816680992,
        0.9998869072348836,
        6.857210865361893
      ],
      [
        0.0,
        0.0,
        0.0,
        1.0
      ]
    ],
    "location": [
      -50.327913208802784,
      -36.182925177030484,
      6.857210865361893
    ],
    "rotation": [
      0.01428273991141127,
      0.004711119139081554,
      1.6741806663334782
    ]
  },
  {
    "label_id": "rfzntbsihJduocaNl0BLDA",
    "size": [
      1.9709551904163534,
      4.425851350067493,
      1.6200000000000045
    ],
    "obj_class": "vehicle",
    "point_num_in_lidar": 340,
    "speed": 0.008837843363742777,
    "if_vehicle": true,
    "motion_state": false,
    "pose": [
      [
        0.9923490291348789,
        -0.12269951045273904,
        0.013719858225267879,
        -42.60886719154951
      ],
      [
        0.12262485669000724,
        0.9924339808225117,
        0.006159401800319446,
        8.36365754741746
      ],
      [
        -0.014371809100403995,
        -0.004429880747917937,
        0.9998869072348836,
        3.4179478555990244
      ],
      [
        0.0,
        0.0,
        0.0,
        1.0
      ]
    ],
    "location": [
      -42.60886719154951,
      8.36365754741746,
      3.4179478555990244
    ],
    "rotation": [
      -0.004430352805457751,
      0.01437230389328072,
      0.12294703264770618
    ]
  },
  {
    "label_id": "txanAhqCa5Pik38ITvNB5Q",
    "size": [
      2.025360653513427,
      3.541324693115208,
      1.8500000000000085
    ],
    "obj_class": "vehicle",
    "point_num_in_lidar": 230,
    "speed": 0.020997053686093246,
    "if_vehicle": true,
    "motion_state": false,
    "pose": [
      [
        -0.9923236176256116,
        0.12290485504119615,
        0.013719858225267879,
        -80.24632569876576
      ],
      [
        -0.1228302188591523,
        -0.9924085847595612,
        0.006159401800319446,
        -6.910353100854991
      ],
      [
        0.014372725469848663,
        0.004426906688376504,
        0.9998869072348836,
        7.028583049514708
      ],
      [
        0.0,
        0.0,
        0.0,
        1.0
      ]
    ],
    "location": [
      -80.24632569876576,
      -6.910353100854991,
      7.028583049514708
    ],
    "rotation": [
      0.0044273784678756116,
      -0.014373220357383636,
      -3.0184386711607814
    ]
  },
  {
    "label_id": "vLbmf1VBXKUwpRGPgCEF_w",
    "size": [
      2.0000418125782184,
      4.130901823089728,
      1.5
    ],
    "obj_class": "vehicle",
    "point_num_in_lidar": 45,
    "speed": 8.644125458514253e-13,
    "if_vehicle": true,
    "motion_state": false,
    "pose": [
      [
        -0.08741603116161392,
        -0.9960774081296243,
        0.013719858225267879,
        -35.99909419671803
      ],
      [
        0.99615965779563,
        -0.08733841050738038,
        0.006159401800319446,
        -39.18460937370037
      ],
      [
        -0.004936970371109631,
        0.014205599734401034,
        0.9998869072348836,
        7.500480208427163
      ],
      [
        0.0,
        0.0,
        0.0,
        1.0
      ]
    ],
    "location": [
      -35.99909419671803,
      -39.18460937370037,
      7.500480208427163
    ],
    "rotation": [
      0.014206250699229376,
      0.004936990426682678,
      1.6583251444959128
    ]
  },
  {
    "label_id": "vgEwJsu_ckjXGzr8aVeH6A",
    "size": [
      2.6042243304917303,
      5.512382166464195,
      2.1400000000000006
    ],
    "obj_class": "vehicle",
    "point_num_in_lidar": 74,
    "speed": 0.03815619067396527,
    "if_vehicle": true,
    "motion_state": false,
    "pose": [
      [
        -0.9814961019149827,
        0.19098996679399782,
        0.013719858225267879,
        -85.3871850438336
      ],
      [
        -0.19092136277282956,
        -0.9815860099891541,
        0.006159401800319446,
        -7.331208599749516
      ],
      [
        0.014643604838271476,
        0.0034260148277235054,
        0.9998869072348836,
        7.7900685754184735
      ],
      [
        0.0,
        0.0,
        0.0,
        1.0
      ]
    ],
    "location": [
      -85.3871850438336,
      -7.331208599749516,
      7.7900685754184735
    ],
    "rotation": [
      0.0034263889202112772,
      -0.014644128239409976,
      -2.949471106933295
    ]
  },
  {
    "label_id": "z0vfkiulMZ8zu5iEWlpZuw",
    "size": [
      2.153889868251472,
      4.738714330461561,
      1.6200000000000045
    ],
    "obj_class": "vehicle",
    "point_num_in_lidar": 2619,
    "speed": 0.054759356910910495,
    "if_vehicle": true,
    "motion_state": false,
    "pose": [
      [
        0.9928533754354316,
        -0.11854931622218821,
        0.013719858225267879,
        -41.32087844072066
      ],
      [
        0.1184743079195361,
        0.9929380142448214,
        0.006159401800319446,
        3.9581259434435196
      ],
      [
        -0.014353161653683551,
        -0.00448993216011747,
        0.9998869072348836,
        3.936343316314421
      ],
      [
        0.0,
        0.0,
        0.0,
        1.0
      ]
    ],
    "location": [
      -41.32087844072066,
      3.9581259434435196,
      3.936343316314421
    ],
    "rotation": [
      -0.0044904098149374915,
      0.014353654522955547,
      0.1187655194619587
    ]
  },
  {
    "label_id": "zwfWAtWJ5wcUlMhf46HcAA",
    "size": [
      0.42167670215028735,
      0.11199659239579939,
      0.5400000000000063
    ],
    "obj_class": "sign",
    "point_num_in_lidar": 34,
    "speed": 0.027595935992544493,
    "if_vehicle": false,
    "motion_state": false,
    "pose": [
      [
        -0.11669461595169502,
        -0.9930730749034358,
        0.013719858225267879,
        -49.91879526082084
      ],
      [
        0.9931575734615041,
        -0.11661944968794564,
        0.006159401800319446,
        -22.415794059188556
      ],
      [
        -0.004516733769381617,
        0.014344750130823362,
        0.9998869072348836,
        6.336578396645379
      ],
      [
        0.0,
        0.0,
        0.0,
        1.0
      ]
    ],
    "location": [
      -49.91879526082084,
      -22.415794059188556,
      6.336578396645379
    ],
    "rotation": [
      0.014345388474114157,
      0.004516749127082846,
      1.6877586283068469
    ]
  }
]