[
  {
    "label_id": "3DLC1LTjeykLCTWkbZ15QQ",
    "size": [
      2.1385333840267693,
      4.399787758886019,
      2.180000000000007
    ],
    "obj_class": "vehicle",
    "point_num_in_lidar": 971,
    "speed": 0.051395020992305876,
    "if_vehicle": true,
    "motion_state": false,
    "pose": [
      [
        -0.1452179157878981,
        -0.9893955180700537,
        -0.002875022975420081,
        -37.69608749803956
      ],
      [
        0.9893887939298169,
        -0.14522934337308527,
        0.004272267492190769,
        -23.275315500353827
      ],
      [
        -0.004644500007672726,
        -0.002224105733267054,
        0.9999867408987811,
        5.180251819814146
      ],
      [
        0.0,
        0.0,
        0.0,
        1.0
      ]
    ],
    "location": [
      -37.69608749803956,
      -23.275315500353827,
      5.180251819814146
    ],
    "rotation": [
      -0.002224131555877969,
      0.004644516705880829,
      1.716531129333734
    ]
  },
  {
    "label_id": "6QTL7Oz_74MY1upsBmddww",
    "size": [
      2.294447331870712,
      5.061554088041067,
      2.4799999999999898
    ],
    "obj_class": "vehicle",
    "point_num_in_lidar": 154,
    "speed": 7.105427357601002e-13,
    "if_vehicle": true,
    "motion_state": false,
    "pose": [
      [
        -0.9895069477744552,
        0.14445668744981166,
        -0.002875022975420081,
        -43.302790177503084
      ],
      [
        -0.14446812020479285,
        -0.9895002324279509,
        0.004272267492190769,
        18.35566544579342
      ],
      [
        -0.0022276782925924766,
        0.004642787531078243,
        0.9999867408987811,
        1.7004802084234996
      ],
      [
        0.0,
        0.0,
        0.0,
        1.0
      ]
    ],
    "location": [
      -43.302790177503084,
      18.35566544579342,
      1.7004802084234996
    ],
    "rotation": [
      0.004642815731023621,
      0.0022276801350909563,
      -2.9966168585963073
    ]
  },
  {
    "label_id": "CqIxVE2TiIy7ctEX1vLLIw",
    "size": [
      1.920011035294423,
      4.439518699582246,
      1.6800000000000068
    ],
    "obj_class": "vehicle",
    "point_num_in_lidar": 1547,
    "speed": 0.015039731463238247,
    "if_vehicle": true,
    "motion_state": false,
    "pose": [
      [
        -0.9834578493980498,
        0.1811143083807953,
        -0.002875022975420081,
        -46.59345307022613
      ],
      [
        -0.18112548378926177,
        -0.9834507139926134,
        0.004272267492190769,
        -24.950086953978825
      ],
      [
        -0.002053674625856161,
        0.004722334927251338,
        0.9999867408987811,
        4.960884894700428
      ],
      [
        0.0,
        0.0,
        0.0,
        1.0
      ]
    ],
    "location": [
      -46.59345307022613,
      -24.950086953978825,
      4.960884894700428
    ],
    "rotation": [
      0.0047223624376781905,
      0.0020536760694482236,
      -2.9594615219132647
    ]
  },
  {
    "label_id": "G2VrcGN9URSKK_AbuLvKeg",
    "size": [
      2.1813013017675997,
      4.6351412295512375,
      1.5400000000000063
    ],
    "obj_class": "vehicle",
    "point_num_in_lidar": 224,
    "speed": 0.034648692117251835,
    "if_vehicle": true,
    "motion_state": false,
    "pose": [
      [
        -0.9915222633077613,
        0.12990510231682795,
        -0.002875022975420081,
        -45.32084257791939
      ],
      [
        -0.12991663248753932,
        -0.991515716634675,
        0.004272267492190769,
        -41.05979245250819
      ],
      [
        -0.002295641120116897,
        0.004609561636604047,
        0.9999867408987811,
        7.743818513083255
      ],
      [
        0.0,
        0.0,
        0.0,
        1.0
      ]
    ],
    "location": [
      -45.32084257791939,
      -41.05979245250819,
      7.743818513083255
    ],
    "rotation": [
      0.0046095901070979,
      0.0022956431364476106,
      -3.011307409192158
    ]
  },
  {
    "label_id": "Hf6RKtyju1TIshrc0-YqhA",
    "size": [
      2.173916323158266,
      4.665393274231874,
      1.5900000000000034
    ],
    "obj_class": "vehicle",
    "point_num_in_lidar": 545,
    "speed": 0.0031373949721036328,
    "if_vehicle": true,
    "motion_state": false,
    "pose": [
      [
        -0.9718491066001987,
        0.23558660454976316,
        -0.002875022975420081,
        -46.65033534648501
      ],
      [
        -0.23559736536723738,
        -0.9718413600801787,
        0.004272267492190769,
        -27.129425128134244
      ],
      [
        -0.001787577246480459,
        0.004829347183821916,
        0.9999867408987811,
        5.398464434869084
      ],
      [
        0.0,
        0.0,
        0.0,
        1.0
      ]
    ],
    "location": [
      -46.65033534648501,
      -27.129425128134244,
      5.398464434869084
    ],
    "rotation": [
      0.004829373672204455,
      0.0017875781984955398,
      -2.90375907611921
    ]
  },
  {
    "label_id": "ISt0bJGy05IGYz7zPxMaXw",
    "size": [
      1.9225218151335437,
      4.093562992219752,
      1.4399999999999977
    ],
    "obj_class": "vehicle",
    "point_num_in_lidar": 443,
    "speed": 0.029898883539221974,
    "if_vehicle": true,
    "motion_state": false,
    "pose": [
      [
        0.9806655029427592,
        -0.1956704003698977,
        -0.002875022975420081,
        -46.34395928158028
      ],
      [
        0.195681468795883,
        0.9806582026885622,
        0.004272267492190769,
        -29.354403660943717
      ],
      [
        0.0019834585730795122,
        -0.0047522540675873715,
        0.9999867408987811,
        5.922484488888401
      ],
      [
        0.0,
        0.0,
        0.0,
        1.0
      ]
    ],
    "location": [
      -46.34395928158028,
      -29.354403660943717,
      5.922484488888401
    ],
    "rotation": [
      -0.0047522813032623975,
      -0.0019834598736051586,
      0.19695269755585096
    ]
  },
  {
    "label_id": "JE7ahEGrVwxUrwmwVUtMgA",
    "size": [
      1.9198957419612233,
      4.076168499645224,
      1.740000000000009
    ],
    "obj_class": "vehicle",
    "point_num_in_lidar": 220,
    "speed": 0.08406299554606478,
    "if_vehicle": true,
    "motion_state": false,
    "pose": [
      [
        -0.09788429462805642,
        -0.9951936490492987,
        -0.002875022975420081,
        -36.42736194912504
      ],
      [
        0.9951874773541478,
        -0.09789602978651714,
        0.004272267492190769,
        -33.84877854454862
      ],
      [
        -0.0045331868101066725,
        -0.0024429989723080575,
        0.9999867408987811,
        6.736553256924125
      ],
      [
        0.0,
        0.0,
        0.0,
        1.0
      ]
    ],
    "location": [
      -36.42736194912504,
      -33.84877854454862,
      6.736553256924125
    ],
    "rotation": [
      -0.0024430265043943107,
      0.004533202336250863,
      1.6688386202308767
    ]
  },
  {
    "label_id": "MizMmjifXpwFZMBgTlIKWQ",
    "size": [
      2.0628119252194335,
      4.3535405898767285,
      1.710000000000008
    ],
    "obj_class": "vehicle",
    "point_num_in_lidar": 257,
    "speed": 0.04352232464980325,
    "if_vehicle": true,
    "motion_state": false,
    "pose": [
      [
        0.19940961072762636,
        0.9799120069640679,
        -0.002875022975420081,
        -52.37558673679359
      ],
      [
        -0.9799046645437629,
        0.19942065122712577,
        0.004272267492190769,
        14.483124347256307
      ],
      [
        0.004759785166611223,
        0.0019653172267425716,
        0.9999867408987811,
        2.046553379793835
      ],
      [
        0.0,
        0.0,
        0.0,
        1.0
      ]
    ],
    "location": [
      -52.37558673679359,
      14.483124347256307,
      2.046553379793835
    ],
    "rotation": [
      0.0019653407550058784,
      -0.004759803139390095,
      -1.3700386273126868
    ]
  },
  {
    "label_id": "OSmX9FeSlXbjbC3fck_O5w",
    "size": [
      0.4020532721512043,
      0.09332958373306334,
      0.5700000000000074
    ],
    "obj_class": "sign",
    "point_num_in_lidar": 38,
    "speed": 0.013142564803245778,
    "if_vehicle": false,
    "motion_state": false,
    "pose": [
      [
        0.12185334099935576,
        0.9925439524425029,
        -0.002875022975420081,
        -39.64291388978472
      ],
      [
        -0.9925374995672614,
        0.1218649239249901,
        0.004272267492190769,
        13.388710648250708
      ],
      [
        0.004590777718772813,
        0.002332978047655491,
        0.9999867408987811,
        3.8178029608824176
      ],
      [
        0.0,
        0.0,
        0.0,
        1.0
      ]
    ],
    "location": [
      -39.64291388978472,
      13.388710648250708,
      3.8178029608824176
    ],
    "rotation": [
      0.0023330047484693113,
      -0.004590793844216161,
      -1.4486381080152566
    ]
  },
  {
    "label_id": "QVnU0JqLVc0X0fjWdCLaUg",
    "size": [
      0.7930526175234076,
      0.07580443676918142,
      0.7999999999999972
    ],
    "obj_class": "sign",
    "point_num_in_lidar": 361,
    "speed": 0.009630602171931676,
    "if_vehicle": false,
    "motion_state": false,
    "pose": [
      [
        -0.135060084846034,
        -0.9908332391095249,
        -0.002875022975420081,
        -52.57669002048351
      ],
      [
        0.9908266325585128,
        -0.13507158081266826,
        0.004272267492190769,
        3.594213702766865
      ],
      [
        -0.004621438535792438,
        -0.0022716365232835966,
        0.9999867408987811,
        5.67439316200003
      ],
      [
        0.0,
        0.0,
        0.0,
        1.0
      ]
    ],
    "location": [
      -52.57669002048351,
      3.594213702766865,
      5.67439316200003
    ],
    "rotation": [
      -0.0022716627359316366,
      0.004621454986495667,
      1.7062718851273837
    ]
  },
  {
    "label_id": "RRrzVSvZfaipO4N3K7C-9Q",
    "size": [
      1.8878116562527507,
      4.049596651610301,
      1.3800000000000097
    ],
    "obj_class": "vehicle",
    "point_num_in_lidar": 257,
    "speed": 0.007998759995852197,
    "if_vehicle": true,
    "motion_state": false,
    "pose": [
      [
        0.9889335871712257,
        -0.14833102982027274,
        -0.002875022975420081,
        -41.63201735816256
      ],
      [
        0.148342436186599,
        0.9889268270993057,
        0.004272267492190769,
        6.193933801398089
      ],
      [
        0.0022094775121354548,
        -0.004651476728673493,
        0.9999867408987811,
        3.5943792441943714
      ],
      [
        0.0,
        0.0,
        0.0,
        1.0
      ]
    ],
    "location": [
      -41.63201735816256,
      6.193933801398089,
      3.5943792441943714
    ],
    "rotation": [
      -0.0046515048561773875,
      -0.0022094793098405975,
      0.14889231919434825
    ]
  },
  {
    "label_id": "Vy3390Cgf2r7ug99QFj4sw",
    "size": [
      2.152154790793788,
      4.813190891367711,
      1.6800000000000068
    ],
    "obj_class": "vehicle",
    "point_num_in_lidar": 78,
    "speed": 0.010958173093666536,
    "if_vehicle": true,
    "motion_state": false,
    "pose": [
      [
        0.9945583759543282,
        -0.10414111129606883,
        -0.002875022975420081,
        -43.208267841269844
      ],
      [
        0.10415280740879308,
        0.9945521305790572,
        0.004272267492190769,
        15.874712183058364
      ],
      [
        0.002414441541276966,
        -0.0045484611329305044,
        0.9999867408987811,
        2.1755690836671846
      ],
      [
        0.0,
        0.0,
        0.0,
        1.0
      ]
    ],
    "location": [
      -43.208267841269844,
      15.874712183058364,
      2.1755690836671846
    ],
    "rotation": [
      -0.004548490074434314,
      -0.0024144438871255306,
      0.10434234277427107
    ]
  },
  {
    "label_id": "ZQdmKM3Q-qh_3PDcQnIy1A",
    "size": [
      0.8334233823645625,
      0.7485196391815518,
      1.5900000000000034
    ],
    "obj_class": "pedestrian",
    "point_num_in_lidar": 53,
    "speed": 0.02190994284316835,
    "if_vehicle": false,
    "motion_state": false,
    "pose": [
      [
        0.055962405366768,
        -0.9984287372809623,
        -0.002875022975420081,
        -48.6215694957782
      ],
      [
        0.9984244391259736,
        0.05594986225595661,
        0.004272267492190769,
        -35.36014714681187
      ],
      [
        -0.004104697498097068,
        -0.0031095795669413267,
        0.9999867408987811,
        6.921068890717649
      ],
      [
        0.0,
        0.0,
        0.0,
        1.0
      ]
    ],
    "location": [
      -48.6215694957782,
      -35.36014714681187,
      6.921068890717649
    ],
    "rotation": [
      -0.003109610774699956,
      0.004104709024545518,
      1.5148041975718904
    ]
  },
  {
    "label_id": "bgw-BLYhqMycB0MJubzSAw",
    "size": [
      1.9806175110960318,
      4.469895695860798,
      1.4399999999999977
    ],
    "obj_class": "vehicle",
    "point_num_in_lidar": 175,
    "speed": 3.1776437161565096e-13,
    "if_vehicle": true,
    "motion_state": false,
    "pose": [
      [
        0.9916904589800211,
        -0.12861480401138095,
        -0.002875022975420081,
        -43.0820199952841
      ],
      [
        0.1286263426909912,
        0.9916839273157627,
        0.004272267492190769,
        13.23201060071733
      ],
      [
        0.002301637229195326,
        -0.0046065706006969435,
        0.9999867408987811,
        2.503973654920472
      ],
      [
        0.0,
        0.0,
        0.0,
        1.0
      ]
    ],
    "location": [
      -43.0820199952841,
      13.23201060071733,
      2.503973654920472
    ],
    "rotation": [
      -0.004606599095045477,
      -0.002301639261367058,
      0.1289840346804439
    ]
  },
  {
    "label_id": "fVbAGNFZix1PBmsg_GMh_g",
    "size": [
      2.1625824690742235,
      4.57924667557186,
      1.7199999999999989
    ],
    "obj_class": "vehicle",
    "point_num_in_lidar": 176,
    "speed": 0.029471076908062922,
    "if_vehicle": true,
    "motion_state": false,
    "pose": [
      [
        -0.12046679055080294,
        -0.9927131945417468,
        -0.002875022975420081,
        -37.099324775136665
      ],
      [
        0.9927067578523701,
        -0.12047838247881344,
        0.004272267492190769,
        -28.382014128288574
      ],
      [
        -0.004587514427777592,
        -0.0023393883835215934,
        0.9999867408987811,
        5.790519230915223
      ],
      [
        0.0,
        0.0,
        0.0,
        1.0
      ]
    ],
    "location": [
      -37.099324775136665,
      -28.382014128288574,
      5.790519230915223
    ],
    "rotation": [
      -0.0023394151343445867,
      0.0045875305188575145,
      1.6915576876993266
    ]
  },
  {
    "label_id": "gb03B_Frp928XEVnn6XbqA",
    "size": [
      0.49095356564592324,
      0.08500191940532588,
      0.5700000000000074
    ],
    "obj_class": "sign",
    "point_num_in_lidar": 29,
    "speed": 0.008823411225834923,
    "if_vehicle": false,
    "motion_state": false,
    "pose": [
      [
        -0.12341546380501753,
        -0.9923509245910358,
        -0.002875022975420081,
        -54.623670168694844
      ],
      [
        0.9923444534921511,
        -0.12342703655941561,
        0.004272267492190769,
        16.33232535303796
      ],
      [
        -0.004594444161872069,
        -0.0023257492292727954,
        0.9999867408987811,
        3.7406528757244217
      ],
      [
        0.0,
        0.0,
        0.0,
        1.0
      ]
    ],
    "location": [
      -54.623670168694844,
      16.33232535303796,
      3.7406528757244217
    ],
    "rotation": [
      -0.0023257758734621875,
      0.004594460325982478,
      1.694528568196652
    ]
  },
  {
    "label_id": "mswaHVZRTp3YEWuMsTuLig",
    "size": [
      0.7197875054767002,
      0.6681805656786513,
      1.3500000000000085
    ],
    "obj_class": "pedestrian",
    "point_num_in_lidar": 102,
    "speed": 0.04836211492806934,
    "if_vehicle": false,
    "motion_state": false,
    "pose": [
      [
        -0.10320841281781512,
        -0.9946555975645633,
        -0.002875022975420081,
        -50.30911171765729
      ],
      [
        0.9946493631601336,
        -0.10322011478203233,
        0.004272267492190769,
        -36.17038802992829
      ],
      [
        -0.004546194976924508,
        -0.0024187058245701792,
        0.9999867408987811,
        6.907845231549857
      ],
      [
        0.0,
        0.0,
        0.0,
        1.0
      ]
    ],
    "location": [
      -50.30911171765729,
      -36.17038802992829,
      6.907845231549857
    ],
    "rotation": [
      -0.0024187331781021773,
      0.004546210637112174,
      1.6741899247335836
    ]
  },
  {
    "label_id": "rfzntbsihJduocaNl0BLDA",
    "size": [
      1.9709551904163538,
      4.425851350067493,
      1.6200000000000045
    ],
    "obj_class": "vehicle",
    "point_num_in_lidar": 434,
    "speed": 0.022959162169628834,
    "if_vehicle": true,
    "motion_state": false,
    "pose": [
      [
        0.9924383378363102,
        -0.12271055307345378,
        -0.002875022975420081,
        -42.60300550267766
      ],
      [
        0.12272213042143698,
        0.9924318749593339,
        0.004272267492190769,
        8.372735683942665
      ],
      [
        0.0023290121352028473,
        -0.0045927909932960385,
        0.9999867408987811,
        3.4004419284734126
      ],
      [
        0.0,
        0.0,
        0.0,
        1.0
      ]
    ],
    "location": [
      -42.60300550267766,
      8.372735683942665,
      3.4004419284734126
    ],
    "rotation": [
      -0.0045928195964786145,
      -0.002329014240750447,
      0.12303261974555918
    ]
  },
  {
    "label_id": "txanAhqCa5Pik38ITvNB5Q",
    "size": [
      2.025360653513427,
      3.541324693115208,
      1.8500000000000085
    ],
    "obj_class": "vehicle",
    "point_num_in_lidar": 228,
    "speed": 0.020997053156706497,
    "if_vehicle": true,
    "motion_state": false,
    "pose": [
      [
        -0.9924129240400771,
        0.12291591614235797,
        -0.002875022975420081,
        -80.24163740131553
      ],
      [
        -0.12292749215272736,
        -0.9924064587675336,
        0.004272267492190769,
        -6.906141245979597
      ],
      [
        -0.0023280616971040977,
        0.00459327283845627,
        0.9999867408987811,
        7.02858304951468
      ],
      [
        0.0,
        0.0,
        0.0,
        1.0
      ]
    ],
    "location": [
      -80.24163740131553,
      -6.906141245979597,
      7.02858304951468
    ],
    "rotation": [
      0.004593301437862597,
      0.0023280638000750093,
      -3.018353105030299
    ]
  },
  {
    "label_id": "vLbmf1VBXKUwpRGPgCEF_w",
    "size": [
      2.0000418125782176,
      4.130901823089728,
      1.5
    ],
    "obj_class": "vehicle",
    "point_num_in_lidar": 54,
    "speed": 8.644125458514253e-13,
    "if_vehicle": true,
    "motion_state": false,
    "pose": [
      [
        -0.08742389836559136,
        -0.9961670523749788,
        -0.002875022975420081,
        -35.99909419671803
      ],
      [
        0.9961610043039701,
        -0.08743569771312448,
        0.004272267492190769,
        -39.18460937370037
      ],
      [
        -0.004507271754450239,
        -0.0024904874955635507,
        0.9999867408987811,
        7.500480208427163
      ],
      [
        0.0,
        0.0,
        0.0,
        1.0
      ]
    ],
    "location": [
      -35.99909419671803,
      -39.18460937370037,
      7.500480208427163
    ],
    "rotation": [
      -0.002490515368335409,
      0.004507287015835312,
      1.658332863953208
    ]
  },
  {
    "label_id": "vgEwJsu_ckjXGzr8aVeH6A",
    "size": [
      2.6042243304917307,
      5.512382166464195,
      2.1400000000000006
    ],
    "obj_class": "vehicle",
    "point_num_in_lidar": 47,
    "speed": 0.03815619067406083,
    "if_vehicle": true,
    "motion_state": false,
    "pose": [
      [
        -0.9815844338826155,
        0.19100715536920687,
        -0.002875022975420081,
        -85.37667599840825
      ],
      [
        -0.1910182583677716,
        -0.9815771863183346,
        0.004272267492190769,
        -7.326656032209939
      ],
      [
        -0.0020060233021537153,
        0.004742773149249249,
        0.9999867408987811,
        7.778522738222577
      ],
      [
        0.0,
        0.0,
        0.0,
        1.0
      ]
    ],
    "location": [
      -85.37667599840825,
      -7.326656032209939,
      7.778522738222577
    ],
    "rotation": [
      0.004742800472907239,
      0.0020060246475724058,
      -2.949392860196827
    ]
  },
  {
    "label_id": "z0vfkiulMZ8zu5iEWlpZuw",
    "size": [
      2.153889868251471,
      4.738714330461561,
      1.6200000000000045
    ],
    "obj_class": "vehicle",
    "point_num_in_lidar": 2222,
    "speed": 0.06227788211010101,
    "if_vehicle": true,
    "motion_state": false,
    "pose": [
      [
        0.9929427295266521,
        -0.11855998533676049,
        -0.002875022975420081,
        -41.330550443409265
      ],
      [
        0.11857158960555532,
        0.9929363151123476,
        0.004272267492190769,
        3.974762336214553
      ],
      [
        0.0023481947478480964,
        -0.004583012989311939,
        0.9999867408987811,
        3.9382190571848525
      ],
      [
        0.0,
        0.0,
        0.0,
        1.0
      ]
    ],
    "location": [
      -41.330550443409265,
      3.974762336214553,
      3.9382190571848525
    ],
    "rotation": [
      -0.00458304166866487,
      -0.0023481969058516934,
      0.11885152884537703
    ]
  },
  {
    "label_id": "zwfWAtWJ5wcUlMhf46HcAA",
    "size": [
      0.42167670215028763,
      0.11199659239579939,
      0.5400000000000063
    ],
    "obj_class": "sign",
    "point_num_in_lidar": 61,
    "speed": 0.016892991722372633,
    "if_vehicle": false,
    "motion_state": false,
    "pose": [
      [
        -0.1167051181483022,
        -0.993162448767009,
        -0.002875022975420081,
        -49.92692115905993
      ],
      [
        0.9931560560388372,
        -0.1167167343779683,
        0.004272267492190769,
        -22.41355387634212
      ],
      [
        -0.004578618937284533,
        -0.002356750996851976,
        0.9999867408987811,
        6.33744808369768
      ],
      [
        0.0,
        0.0,
        0.0,
        1.0
      ]
    ],
    "location": [
      -49.92692115905993,
      -22.41355387634212,
      6.33744808369768
    ],
    "rotation": [
      -0.0023567778821593777,
      0.004578634934940289,
      1.687769235937391
    ]
  }
]