{
  "4ieIaDhGopv8IzBazdrVAg": {
    "label_id": "4ieIaDhGopv8IzBazdrVAg",
    "size": [
      2.040133615370169,
      4.863289663388457,
      1.5500000000000007
    ],
    "obj_class": "vehicle",
    "point_num_in_lidar": 108,
    "speed": 0.02771792530661837,
    "if_vehicle": true,
    "motion_state": false,
    "pose": [
      [
        0.9846763449909907,
        -0.17373403740185467,
        0.015132080598337202,
        -20.564495143308818
      ],
      [
        0.1735873556872143,
        0.9847621754768139,
        0.010530322677559097,
        0.31625719699331967
      ],
      [
        -0.01673097608342568,
        -0.007742221788603479,
        0.999830051779337,
        1.4791600473203346
      ],
      [
        0.0,
        0.0,
        0.0,
        1.0
      ]
    ],
    "location": [
      -20.564495143308818,
      0.31625719699331967,
      1.4791600473203346
    ],
    "rotation": [
      -0.007743383020995146,
      0.01673175675307812,
      0.1744958408148649
    ]
  },
  "9MJNWkZklOdq7gQT2jjjrg": {
    "label_id": "9MJNWkZklOdq7gQT2jjjrg",
    "size": [
      2.1439849996011535,
      4.745664128628958,
      1.8900000000000006
    ],
    "obj_class": "vehicle",
    "point_num_in_lidar": 349,
    "speed": 0.009689795280937805,
    "if_vehicle": true,
    "motion_state": false,
    "pose": [
      [
        -0.19945718829961792,
        -0.9797896969107076,
        0.015132080598337202,
        -39.243045647698864
      ],
      [
        0.979879338675641,
        -0.19931280425726527,
        0.010530322677559097,
        14.905196456160411
      ],
      [
        -0.007301484246316034,
        0.016927961682638798,
        0.999830051779337,
        2.6506421956779
      ],
      [
        0.0,
        0.0,
        0.0,
        1.0
      ]
    ],
    "location": [
      -39.243045647698864,
      14.905196456160411,
      2.6506421956779
    ],
    "rotation": [
      0.016929221566437825,
      0.00730154912359492,
      1.7716056999461138
    ]
  },
  "TXMWKgpsOY75H154LCp75g": {
    "label_id": "TXMWKgpsOY75H154LCp75g",
    "size": [
      2.6182996726780177,
      6.262179096259549,
      2.9199999999999946
    ],
    "obj_class": "vehicle",
    "point_num_in_lidar": 135,
    "speed": 0.02250571151608578,
    "if_vehicle": true,
    "motion_state": false,
    "pose": [
      [
        0.9808215944029027,
        -0.1943193765163761,
        0.015132080598337202,
        -8.512097603775942
      ],
      [
        0.19417452464501178,
        0.9809104782207142,
        0.010530322677559097,
        2.0798243832941807
      ],
      [
        -0.01688946215340888,
        -0.007390103321108425,
        0.999830051779337,
        1.7815467802246587
      ],
      [
        0.0,
        0.0,
        0.0,
        1.0
      ]
    ],
    "location": [
      -8.512097603775942,
      2.0798243832941807,
      1.7815467802246587
    ],
    "rotation": [
      -0.007391224871847062,
      0.016890265220745933,
      0.19544412648864726
    ]
  },
  "z4oV9JkqkKvCm1Ksim1r6Q": {
    "label_id": "z4oV9JkqkKvCm1Ksim1r6Q",
    "size": [
      2.052755862357334,
      4.300057162872985,
      1.6600000000000001
    ],
    "obj_class": "vehicle",
    "point_num_in_lidar": 165,
    "speed": 0.052124944813964465,
    "if_vehicle": true,
    "motion_state": false,
    "pose": [
      [
        -0.19945718829899312,
        -0.9797896969108348,
        0.015132080598337202,
        -38.13101222529963
      ],
      [
        0.9798793386757682,
        -0.19931280425664039,
        0.010530322677559097,
        8.213785598967661
      ],
      [
        -0.007301484246326829,
        0.016927961682634142,
        0.999830051779337,
        2.242190861216269
      ],
      [
        0.0,
        0.0,
        0.0,
        1.0
      ]
    ],
    "location": [
      -38.13101222529963,
      8.213785598967661,
      2.242190861216269
    ],
    "rotation": [
      0.01692922156643317,
      0.007301549123605715,
      1.7716056999454761
    ]
  },
  "F5yeP9X05QiAK9kFJj2XZA": {
    "label_id": "F5yeP9X05QiAK9kFJj2XZA",
    "size": [
      2.3386439375742603,
      5.031358297402567,
      1.9699999999999989
    ],
    "obj_class": "vehicle",
    "point_num_in_lidar": 27,
    "speed": 1.128227426498253e-27,
    "if_vehicle": true,
    "motion_state": false,
    "pose": [
      [
        0.18051270611033546,
        0.9833624061116977,
        0.020335711911217916,
        -43.11435147774523
      ],
      [
        -0.9835698871092605,
        0.1804245839778107,
        0.006103004859116348,
        -24.706327424075425
      ],
      [
        0.0023324031812979313,
        -0.02110326379132667,
        0.9997745806694395,
        1.593658855960932
      ],
      [
        0.0,
        0.0,
        0.0,
        1.0
      ]
    ],
    "location": [
      -43.11435147774523,
      -24.706327424075425,
      1.593658855960932
    ],
    "rotation": [
      -0.021104887902140008,
      -0.002332405296055988,
      -1.3892881320696422
    ]
  },
  "Ve0CxlvEk2pDEyL1_L0Fmw": {
    "label_id": "Ve0CxlvEk2pDEyL1_L0Fmw",
    "size": [
      2.083541552777746,
      4.724636947852506,
      1.6099999999999994
    ],
    "obj_class": "vehicle",
    "point_num_in_lidar": 57,
    "speed": 2.553284532029056e-28,
    "if_vehicle": true,
    "motion_state": false,
    "pose": [
      [
        -0.19946734049770087,
        -0.9798395673569202,
        0.01127840044410227,
        -41.72151225871971
      ],
      [
        0.9798732125981267,
        -0.1993558268856416,
        0.01028306954990807,
        28.52424851523392
      ],
      [
        -0.007827343572401647,
        0.013102539011403685,
        0.9998835212983831,
        3.4508566152882523
      ],
      [
        0.0,
        0.0,
        0.0,
        1.0
      ]
    ],
    "location": [
      -41.72151225871971,
      28.52424851523392,
      3.4508566152882523
    ],
    "rotation": [
      0.013103315371652623,
      0.007827423501316128,
      1.771616870405404
    ]
  },
  "Sd3gBm--9zx1QFKFx05RTA": {
    "label_id": "Sd3gBm--9zx1QFKFx05RTA",
    "size": [
      2.2967811780768708,
      4.760516157978834,
      1.8200000000000003
    ],
    "obj_class": "vehicle",
    "point_num_in_lidar": 29,
    "speed": 1.0154047914445795e-27,
    "if_vehicle": true,
    "motion_state": false,
    "pose": [
      [
        -0.17988254826810612,
        -0.9835124096773308,
        0.018590557798595503,
        -42.63481566304779
      ],
      [
        0.9836631006312,
        -0.1797111284558733,
        0.010526859252889518,
        34.35828001981463
      ],
      [
        -0.00701236658953374,
        0.020180443994299448,
        0.9997717621512456,
        3.903018508643221
      ],
      [
        0.0,
        0.0,
        0.0,
        1.0
      ]
    ],
    "location": [
      -42.63481566304779,
      34.35828001981463,
      3.903018508643221
    ],
    "rotation": [
      0.020182310282828804,
      0.007012424060989166,
      1.7516678735894076
    ]
  },
  "Pfs8a-nzPYik9VWWQsxBkg": {
    "label_id": "Pfs8a-nzPYik9VWWQsxBkg",
    "size": [
      2.0167118969422617,
      4.533564042299038,
      2.1700000000000017
    ],
    "obj_class": "vehicle",
    "point_num_in_lidar": 27,
    "speed": 1.4238583238573984e-12,
    "if_vehicle": true,
    "motion_state": false,
    "pose": [
      [
        0.1805234079826042,
        0.9834207057112423,
        0.017175993384610837,
        -41.74505428551811
      ],
      [
        -0.9835608493034544,
        0.18041596484636302,
        0.007624653829717729,
        -31.797631435541916
      ],
      [
        0.004399419031345622,
        -0.01827006313502661,
        0.9998234093604874,
        1.2344384237635424
      ],
      [
        0.0,
        0.0,
        0.0,
        1.0
      ]
    ],
    "location": [
      -41.74505428551811,
      -31.797631435541916,
      1.2344384237635424
    ],
    "rotation": [
      -0.018271256537241865,
      -0.004399433223179528,
      -1.389275974440835
    ]
  },
  "jjcwM6GnWLnKHK6qPsRioQ": {
    "label_id": "jjcwM6GnWLnKHK6qPsRioQ",
    "size": [
      2.0299583408800355,
      4.556805202035019,
      1.4199999999999982
    ],
    "obj_class": "vehicle",
    "point_num_in_lidar": 21,
    "speed": 1.266784212881428e-28,
    "if_vehicle": true,
    "motion_state": false,
    "pose": [
      [
        -0.12965375538408985,
        -0.9915093657937789,
        0.009953956902721597,
        -45.025544014834054
      ],
      [
        0.991541865859863,
        -0.12958535939368643,
        0.007236219866103427,
        48.740782671240595
      ],
      [
        -0.0058848926875561085,
        0.0108079680804385,
        0.9999242750648812,
        4.658268725675239
      ],
      [
        0.0,
        0.0,
        0.0,
        1.0
      ]
    ],
    "location": [
      -45.025544014834054,
      48.740782671240595,
      4.658268725675239
    ],
    "rotation": [
      0.0108083656749043,
      0.005884926655648749,
      1.7008183707402205
    ]
  },
  "R2x_jl3E2r_0AQzGO93SkQ": {
    "label_id": "R2x_jl3E2r_0AQzGO93SkQ",
    "size": [
      1.933337064442454,
      4.367710714817883,
      1.9299999999999997
    ],
    "obj_class": "vehicle",
    "point_num_in_lidar": 123,
    "speed": 5.077022611251297e-28,
    "if_vehicle": true,
    "motion_state": false,
    "pose": [
      [
        0.16750482713169887,
        0.985732045065982,
        0.016567082350744434,
        -40.706616637527645
      ],
      [
        -0.985863534804427,
        0.16754636944659862,
        -0.00114229076154727,
        -39.22384176878586
      ],
      [
        -0.0039017471086300187,
        -0.01614154315115383,
        0.9998621039694423,
        0.7315359199214626
      ],
      [
        0.0,
        0.0,
        0.0,
        1.0
      ]
    ],
    "location": [
      -40.706616637527645,
      -39.22384176878586,
      0.7315359199214626
    ],
    "rotation": [
      -0.016142367062145793,
      0.0039017570084905534,
      -1.4024968432314198
    ]
  },
  "UBX5s_zLkYOWEFjNNTwuRA": {
    "label_id": "UBX5s_zLkYOWEFjNNTwuRA",
    "size": [
      2.0167118969422644,
      4.533564042299038,
      2.1200000000000045
    ],
    "obj_class": "vehicle",
    "point_num_in_lidar": 27,
    "speed": 1.5795185046937061e-27,
    "if_vehicle": true,
    "motion_state": false,
    "pose": [
      [
        0.18054687039645378,
        0.9835485197373602,
        0.005927639706820872,
        -38.52608570093389
      ],
      [
        -0.9835390863477637,
        0.18058347992284388,
        -0.006361792606044586,
        -51.61774913211411
      ],
      [
        -0.007327565506537774,
        -0.004681463596312677,
        0.9999621946265489,
        0.012054701412452573
      ],
      [
        0.0,
        0.0,
        0.0,
        1.0
      ]
    ],
    "location": [
      -38.52608570093389,
      -51.61774913211411,
      0.012054701412452573
    ],
    "rotation": [
      -0.004681606384243843,
      0.007327631081548764,
      -1.3892489680198221
    ]
  },
  "0rY3ADqZNmW5LfvB4kESuQ": {
    "label_id": "0rY3ADqZNmW5LfvB4kESuQ",
    "size": [
      2.016711896942264,
      4.533564042299038,
      1.9200000000000017
    ],
    "obj_class": "vehicle",
    "point_num_in_lidar": 28,
    "speed": 1.1260305605982372e-28,
    "if_vehicle": true,
    "motion_state": false,
    "pose": [
      [
        0.18054977606156142,
        0.9835643486609515,
        0.0017176749628719104,
        -37.512793092106904
      ],
      [
        -0.9835606538204095,
        0.1805542230093167,
        -0.0029347589118504463,
        -58.528144730657004
      ],
      [
        -0.0031966577059150017,
        -0.0011595674452039742,
        0.999994218374712,
        -0.2894455798645339
      ],
      [
        0.0,
        0.0,
        0.0,
        1.0
      ]
    ],
    "location": [
      -37.512793092106904,
      -58.528144730657004,
      -0.2894455798645339
    ],
    "rotation": [
      -0.0011595736297017665,
      0.0031966631501786913,
      -1.3892500041574163
    ]
  },
  "X1QVD9fiqiMe00eEkzSVqw": {
    "label_id": "X1QVD9fiqiMe00eEkzSVqw",
    "size": [
      1.8762686812330758,
      4.220020911314616,
      1.8299999999999983
    ],
    "obj_class": "vehicle",
    "point_num_in_lidar": 54,
    "speed": 4.539174306002049e-28,
    "if_vehicle": true,
    "motion_state": false,
    "pose": [
      [
        0.1933166175222426,
        0.9811349219054843,
        0.0017176749628719104,
        -39.32510846606738
      ],
      [
        -0.9811311695858479,
        0.1933210160774959,
        -0.0029347589118504463,
        -45.90318196912267
      ],
      [
        -0.0032114571249030844,
        -0.0011179267792086596,
        0.999994218374712,
        0.3456512147780728
      ],
      [
        0.0,
        0.0,
        0.0,
        1.0
      ]
    ],
    "location": [
      -39.32510846606738,
      -45.90318196912267,
      0.3456512147780728
    ],
    "rotation": [
      -0.001117932776958541,
      0.0032114626451327927,
      -1.3762538991393212
    ]
  },
  "cTUTEjQRY-o_hrvHyuD14w": {
    "label_id": "cTUTEjQRY-o_hrvHyuD14w",
    "size": [
      2.153001498170458,
      4.1981621494662775,
      1.8900000000000006
    ],
    "obj_class": "vehicle",
    "point_num_in_lidar": 27,
    "speed": 1.2667844225517862e-28,
    "if_vehicle": true,
    "motion_state": false,
    "pose": [
      [
        0.17285974905555404,
        0.9849333765988344,
        0.005074526388687865,
        -56.60527991228787
      ],
      [
        -0.9849318922671227,
        0.1728829106247438,
        -0.004546076222601713,
        52.74928356677992
      ],
      [
        -0.0053548810963212085,
        -0.004212229283343435,
        0.9999767909171237,
        5.3056421273981655
      ],
      [
        0.0,
        0.0,
        0.0,
        1.0
      ]
    ],
    "location": [
      -56.60527991228787,
      52.74928356677992,
      5.3056421273981655
    ],
    "rotation": [
      -0.004212302133768263,
      0.005354906688298948,
      -1.397061420286312
    ]
  },
  "zVW1ZwiQ2mZr9pYEiPJdiA": {
    "label_id": "zVW1ZwiQ2mZr9pYEiPJdiA",
    "size": [
      2.819086768043471,
      8.171657067596211,
      3.3899999999999935
    ],
    "obj_class": "vehicle",
    "point_num_in_lidar": 69,
    "speed": 0.03048624607872875,
    "if_vehicle": true,
    "motion_state": false,
    "pose": [
      [
        0.9836888859732508,
        -0.178365747483947,
        0.023277365340555828,
        26.05729314143639
      ],
      [
        0.17845465490866708,
        0.983946521410789,
        -0.0017830157140015872,
        7.736473661427226
      ],
      [
        -0.022585653723844454,
        0.00590788694041088,
        0.9997274554186086,
        1.029575035512714
      ],
      [
        0.0,
        0.0,
        0.0,
        1.0
      ]
    ],
    "location": [
      26.05729314143639,
      7.736473661427226,
      1.029575035512714
    ],
    "rotation": [
      0.005909428752577454,
      0.022587574366000975,
      0.1794619477642127
    ]
  },
  "SCePO7EHI3iF8AghIVKjHg": {
    "label_id": "SCePO7EHI3iF8AghIVKjHg",
    "size": [
      2.1728948025148584,
      4.531856758098943,
      1.6300000000000026
    ],
    "obj_class": "vehicle",
    "point_num_in_lidar": 25,
    "speed": 0.02867879371013142,
    "if_vehicle": true,
    "motion_state": false,
    "pose": [
      [
        0.9769387781894732,
        -0.21322633566220767,
        -0.011187200263103363,
        16.855551807132883
      ],
      [
        0.21322096756897319,
        0.9770025497812551,
        -0.001684253507364361,
        5.740249869861145
      ],
      [
        0.011289050385667035,
        -0.0007399331008408963,
        0.9999360028723819,
        0.3694166831758139
      ],
      [
        0.0,
        0.0,
        0.0,
        1.0
      ]
    ],
    "location": [
      16.855551807132883,
      5.740249869861145,
      0.3694166831758139
    ],
    "rotation": [
      -0.0007399803224007465,
      -0.01128929018385191,
      0.2148844687685061
    ]
  },
  "XD1OhGtSBLIHK7-rhSwK2w": {
    "label_id": "XD1OhGtSBLIHK7-rhSwK2w",
    "size": [
      2.4071311836131106,
      5.5554074490899295,
      2.0
    ],
    "obj_class": "vehicle",
    "point_num_in_lidar": 21,
    "speed": 0.12370563433107078,
    "if_vehicle": true,
    "motion_state": false,
    "pose": [
      [
        0.9854609279750839,
        -0.16990176247816358,
        0.0003879965209226533,
        -2.225059552861353
      ],
      [
        0.16990117859376408,
        0.9854603419384422,
        0.0012263682229556195,
        3.3572600717925525
      ],
      [
        -0.0005907173067067373,
        -0.0011426169008379608,
        0.9999991727394986,
        1.0498516992921765
      ],
      [
        0.0,
        0.0,
        0.0,
        1.0
      ]
    ],
    "location": [
      -2.225059552861353,
      3.3572600717925525,
      1.0498516992921765
    ],
    "rotation": [
      -0.0011426173488229914,
      0.0005907173410615751,
      0.1707294189853739
    ]
  },
  "up0OoFtIrTKITzf9aQiHew": {
    "label_id": "up0OoFtIrTKITzf9aQiHew",
    "size": [
      2.1000715778441514,
      4.55571181710356,
      1.8900000000000006
    ],
    "obj_class": "vehicle",
    "point_num_in_lidar": 20,
    "speed": 0.09141802809961268,
    "if_vehicle": true,
    "motion_state": false,
    "pose": [
      [
        0.9853867390831921,
        -0.16988897168850578,
        0.012276470894160738,
        5.02391980499624
      ],
      [
        0.16977051404235483,
        0.985431572597068,
        0.01012858779218451,
        4.619788283194794
      ],
      [
        -0.01381835738384593,
        -0.007896393321730848,
        0.9998733419647314,
        0.7715614352288895
      ],
      [
        0.0,
        0.0,
        0.0,
        1.0
      ]
    ],
    "location": [
      5.02391980499624,
      4.619788283194794,
      0.7715614352288895
    ],
    "rotation": [
      -0.007897229412509452,
      0.013818797183953686,
      0.17061324784313645
    ]
  },
  "fymmF5xxXURd23FhuNlkpg": {
    "label_id": "fymmF5xxXURd23FhuNlkpg",
    "size": [
      2.141512963820811,
      4.934151382033084,
      1.8900000000000006
    ],
    "obj_class": "vehicle",
    "point_num_in_lidar": 20,
    "speed": 4.230848813662998e-29,
    "if_vehicle": true,
    "motion_state": false,
    "pose": [
      [
        0.17283928209612945,
        0.984816758410073,
        0.016202929339178163,
        -57.335408384640004
      ],
      [
        -0.9849404722364055,
        0.17274170350354232,
        0.007250518700126092,
        58.2085715910689
      ],
      [
        0.004341510707252633,
        -0.0172120953218976,
        0.9998424351163582,
        5.735642127398233
      ],
      [
        0.0,
        0.0,
        0.0,
        1.0
      ]
    ],
    "location": [
      -57.335408384640004,
      58.2085715910689,
      5.735642127398233
    ],
    "rotation": [
      -0.017213107539551638,
      -0.004341524346018141,
      -1.3970830624929824
    ]
  },
  "sNygxkvj9rIACrP7AQ4GwA": {
    "label_id": "sNygxkvj9rIACrP7AQ4GwA",
    "size": [
      2.9067328764412297,
      12.41259995732931,
      3.969999999999999
    ],
    "obj_class": "vehicle",
    "point_num_in_lidar": 217,
    "speed": 2.864289338439558e-13,
    "if_vehicle": true,
    "motion_state": false,
    "pose": [
      [
        0.985011127711251,
        -0.16983036762488482,
        0.030178212627754872,
        70.86191489125315
      ],
      [
        0.16935395014873122,
        0.9853960476424868,
        0.017716344419403934,
        1.236083266830974
      ],
      [
        -0.03274626473402068,
        -0.012339996878539388,
        0.999387515743021,
        -0.041168765808180297
      ],
      [
        0.0,
        0.0,
        0.0,
        1.0
      ]
    ],
    "location": [
      70.86191489125315,
      1.236083266830974,
      -0.041168765808180297
    ],
    "rotation": [
      -0.0123469321096377,
      0.032752119960580924,
      0.1702663198704524
    ]
  },
  "KApnY9cu-6X5mwhWn7kKNg": {
    "label_id": "KApnY9cu-6X5mwhWn7kKNg",
    "size": [
      1.9637538912406538,
      4.408086105477256,
      2.1000000000000014
    ],
    "obj_class": "vehicle",
    "point_num_in_lidar": 64,
    "speed": 0.004950963399699163,
    "if_vehicle": true,
    "motion_state": false,
    "pose": [
      [
        0.9860593464592922,
        -0.16363996236964418,
        0.030148432395980553,
        74.26190612013625
      ],
      [
        0.16324495266738895,
        0.9864693209731377,
        0.015144774921361367,
        15.386742585807951
      ],
      [
        -0.032218794032295786,
        -0.010012067441752847,
        0.9994306918524397,
        -1.0529049673286934
      ],
      [
        0.0,
        0.0,
        0.0,
        1.0
      ]
    ],
    "location": [
      74.26190612013625,
      15.386742585807951,
      -1.0529049673286934
    ],
    "rotation": [
      -0.010017435546818415,
      0.032224370761262805,
      0.16406478591576795
    ]
  },
  "tnRPM6MdPaKwSYNbbGXKGw": {
    "label_id": "tnRPM6MdPaKwSYNbbGXKGw",
    "size": [
      1.853854320362057,
      3.6340820156792333,
      1.2800000000000011
    ],
    "obj_class": "vehicle",
    "point_num_in_lidar": 42,
    "speed": 0.8510865628266218,
    "if_vehicle": true,
    "motion_state": false,
    "pose": [
      [
        0.9902550723242651,
        -0.13673887671628587,
        0.026407789200022572,
        81.18172652292185
      ],
      [
        0.1360940735019925,
        0.9903842556598681,
        0.02484812465123775,
        13.048341780566261
      ],
      [
        -0.02955156330380356,
        -0.0210120378692208,
        0.9993423834556822,
        -1.4587450871970304
      ],
      [
        0.0,
        0.0,
        0.0,
        1.0
      ]
    ],
    "location": [
      81.18172652292185,
      13.048341780566261,
      -1.4587450871970304
    ],
    "rotation": [
      -0.021022767226949502,
      0.02955586619987086,
      0.13657775016679757
    ]
  },
  "3HfnZ-jQRpz-Kq670Sffgw": {
    "label_id": "3HfnZ-jQRpz-Kq670Sffgw",
    "size": [
      1.9179525928726446,
      4.646399190909152,
      1.5200000000000031
    ],
    "obj_class": "vehicle",
    "point_num_in_lidar": 21,
    "speed": 2.8421709430404007e-13,
    "if_vehicle": true,
    "motion_state": false,
    "pose": [
      [
        0.9910930102190434,
        -0.12937470657833564,
        0.03157262093530302,
        81.53898301882055
      ],
      [
        0.1288465452402473,
        0.9914968854774688,
        0.01823441438960652,
        16.273254464087586
      ],
      [
        -0.0336632273349968,
        -0.014003977515282871,
        0.9993351168347603,
        -1.654278814299495
      ],
      [
        0.0,
        0.0,
        0.0,
        1.0
      ]
    ],
    "location": [
      81.53898301882055,
      16.273254464087586,
      -1.654278814299495
    ],
    "rotation": [
      -0.014012377552185568,
      0.033669588513156504,
      0.1292794232994566
    ]
  },
  "Tb5x0wvMAkpe0WlvgMtulQ": {
    "label_id": "Tb5x0wvMAkpe0WlvgMtulQ",
    "size": [
      1.9769816586274358,
      4.3758820982642375,
      1.6499999999999986
    ],
    "obj_class": "vehicle",
    "point_num_in_lidar": 25,
    "speed": 1.3514012055141236e-27,
    "if_vehicle": true,
    "motion_state": false,
    "pose": [
      [
        -0.15000254979459904,
        -0.9881042812900338,
        0.03389932671049266,
        48.0389920978464
      ],
      [
        0.988638375991978,
        -0.14957203837133357,
        0.014911970137737159,
        -20.428407428364153
      ],
      [
        -0.00966419014006304,
        0.03575100884940443,
        0.9993139990989751,
        -2.412596052378312
      ],
      [
        0.0,
        0.0,
        0.0,
        1.0
      ]
    ],
    "location": [
      48.0389920978464,
      -20.428407428364153,
      -2.412596052378312
    ],
    "rotation": [
      0.03576029969598094,
      0.00966434058008942,
      1.7213742640699654
    ]
  },
  "zeb2WL1QCRb_7e3cxfpq9w": {
    "label_id": "zeb2WL1QCRb_7e3cxfpq9w",
    "size": [
      1.7632382930096477,
      3.4409086866067753,
      1.6199999999999974
    ],
    "obj_class": "vehicle",
    "point_num_in_lidar": 110,
    "speed": 0.9118229212351412,
    "if_vehicle": true,
    "motion_state": false,
    "pose": [
      [
        0.9768827524440045,
        -0.21065936170406538,
        0.03636923567882058,
        89.47725706188407
      ],
      [
        0.21018455478421447,
        0.9775231141600903,
        0.01646250931422196,
        11.876706311239104
      ],
      [
        -0.039019750224564186,
        -0.008437689802017137,
        0.9992028144892395,
        -1.9155702797335934
      ],
      [
        0.0,
        0.0,
        0.0,
        1.0
      ]
    ],
    "location": [
      89.47725706188407,
      11.876706311239104,
      -1.9155702797335934
    ],
    "rotation": [
      -0.008444220862137938,
      0.03902965854233856,
      0.21192758080268684
    ]
  },
  "J_5vgAbm870OaHovJQu62g": {
    "label_id": "J_5vgAbm870OaHovJQu62g",
    "size": [
      1.6966627480858198,
      3.2757375367703965,
      1.5300000000000011
    ],
    "obj_class": "vehicle",
    "point_num_in_lidar": 20,
    "speed": 3.552713678800501e-14,
    "if_vehicle": true,
    "motion_state": false,
    "pose": [
      [
        0.9876893702069144,
        -0.15437285618718155,
        0.025273093456885783,
        117.92297787904727
      ],
      [
        0.15403391879936548,
        0.9879537949114533,
        0.014861055795897924,
        12.861400499627052
      ],
      [
        -0.027262792219051958,
        -0.010785193214313515,
        0.9995701174843867,
        -2.3764468027545433
      ],
      [
        0.0,
        0.0,
        0.0,
        1.0
      ]
    ],
    "location": [
      117.92297787904727,
      12.861400499627052,
      -2.3764468027545433
    ],
    "rotation": [
      -0.010789412884428591,
      0.02726617057221659,
      0.15470759617239022
    ]
  },
  "W1kdd1w2Xb7p8BBS2en2BA": {
    "label_id": "W1kdd1w2Xb7p8BBS2en2BA",
    "size": [
      2.214043056889427,
      3.7207583453108057,
      1.2800000000000011
    ],
    "obj_class": "vehicle",
    "point_num_in_lidar": 23,
    "speed": 0.0055935330263599484,
    "if_vehicle": true,
    "motion_state": false,
    "pose": [
      [
        0.9880117625911615,
        -0.15229585591415673,
        0.025273093456885783,
        88.819893347017
      ],
      [
        0.15195636331128232,
        0.9882754740809067,
        0.014861055795897924,
        14.486524551739421
      ],
      [
        -0.027240055629819168,
        -0.010842490559536178,
        0.9995701174843867,
        -1.6297920158202928
      ],
      [
        0.0,
        0.0,
        0.0,
        1.0
      ]
    ],
    "location": [
      88.819893347017,
      14.486524551739421,
      -1.6297920158202928
    ],
    "rotation": [
      -0.010846728163187816,
      0.02724342553572654,
      0.15260439386638328
    ]
  },
  "-_ss2DWVkS47ff-UQnMrfw": {
    "label_id": "-_ss2DWVkS47ff-UQnMrfw",
    "size": [
      1.6511216056301823,
      3.5853420680503785,
      2.049999999999997
    ],
    "obj_class": "vehicle",
    "point_num_in_lidar": 21,
    "speed": 1.7053950819000347e-12,
    "if_vehicle": true,
    "motion_state": false,
    "pose": [
      [
        0.9874202928631116,
        -0.1543308002138071,
        0.0343972287763573,
        124.26757887138115
      ],
      [
        0.1535212185633735,
        0.9878273643805295,
        0.025066583968175016,
        14.02878089564183
      ],
      [
        -0.037847069806578176,
        -0.019470549205983644,
        0.9990938379455022,
        -2.164098422816494
      ],
      [
        0.0,
        0.0,
        0.0,
        1.0
      ]
    ],
    "location": [
      124.26757887138115,
      14.02878089564183,
      -2.164098422816494
    ],
    "rotation": [
      -0.019485742099184945,
      0.037856110997067635,
      0.15424214826415372
    ]
  },
  "-6zITrm7_Cho5H0eemun7w": {
    "label_id": "-6zITrm7_Cho5H0eemun7w",
    "size": [
      1.8151120313522127,
      3.911679368408384,
      2.3500000000000014
    ],
    "obj_class": "vehicle",
    "point_num_in_lidar": 25,
    "speed": 1.421529491362787e-12,
    "if_vehicle": true,
    "motion_state": false,
    "pose": [
      [
        0.9910272211330138,
        -0.12874422694688745,
        0.03591616629353826,
        130.11324694825703
      ],
      [
        0.12815331805496516,
        0.9915854115472698,
        0.01830570070045033,
        15.035945276682469
      ],
      [
        -0.03797069982077889,
        -0.013538671813729128,
        0.9991871347853917,
        -2.54472683812795
      ],
      [
        0.0,
        0.0,
        0.0,
        1.0
      ]
    ],
    "location": [
      130.11324694825703,
      15.035945276682469,
      -2.54472683812795
    ],
    "rotation": [
      -0.013548856759762558,
      0.0379798299405378,
      0.1285999725293485
    ]
  }
}