[
  {
    "label_id": "-Gw7ZEyjZwO3aQxT5Kewxw",
    "size": [
      0.7021932041989705,
      0.08201354723166787,
      0.28999999999999915
    ],
    "obj_class": "sign",
    "point_num_in_lidar": 131,
    "speed": 0.03447794606945715,
    "if_vehicle": false,
    "motion_state": false,
    "pose": [
      [
        -0.9901998818168056,
        -0.05492937697154193,
        -0.12840154825975492,
        -68.09156527246493
      ],
      [
        0.05854278694576451,
        -0.9979833303495866,
        -0.024535982576018488,
        -7.673081524643749
      ],
      [
        -0.12679485851802808,
        -0.031812511530309846,
        0.9914186945804114,
        -4.718943908340691
      ],
      [
        0.0,
        0.0,
        0.0,
        1.0
      ]
    ],
    "location": [
      -68.09156527246493,
      -7.673081524643749,
      -4.718943908340691
    ],
    "rotation": [
      -0.03207686122848624,
      0.12713708570373422,
      3.082539203965543
    ]
  },
  {
    "label_id": "06oJx2woe2nwYEI99EbVPQ",
    "size": [
      1.0307719042655272,
      0.13789226180202263,
      1.1199999999999974
    ],
    "obj_class": "sign",
    "point_num_in_lidar": 272,
    "speed": 0.018801372333328875,
    "if_vehicle": false,
    "motion_state": false,
    "pose": [
      [
        -0.9916033040657812,
        0.015360005544380816,
        -0.12840154825975492,
        -64.18297977479266
      ],
      [
        -0.012307098545715692,
        -0.999623189449112,
        -0.024535982576018488,
        3.8874619548846567
      ],
      [
        -0.12873003803002478,
        -0.0227497108830251,
        0.9914186945804114,
        -3.3660601731833637
      ],
      [
        0.0,
        0.0,
        0.0,
        1.0
      ]
    ],
    "location": [
      -64.18297977479266,
      3.8874619548846567,
      -3.3660601731833637
    ],
    "rotation": [
      -0.022942596638435862,
      0.12908825577134247,
      -3.1291819782497843
    ]
  },
  {
    "label_id": "170VKlS7VXnt1oXUp73eZQ",
    "size": [
      2.055795238566765,
      4.416423805473926,
      1.8100000000000023
    ],
    "obj_class": "vehicle",
    "point_num_in_lidar": 283,
    "speed": 6.388328580842583,
    "if_vehicle": true,
    "motion_state": true,
    "pose": [
      [
        -0.9917217785573703,
        0.0009779261238400637,
        -0.12840154825975492,
        -48.6230082837959
      ],
      [
        0.0021909660844507176,
        -0.9996965465713312,
        -0.024535982576018488,
        7.195428754257591
      ],
      [
        -0.1283865787480243,
        -0.02461419171636979,
        0.9914186945804114,
        -3.8979402809669637
      ],
      [
        0.0,
        0.0,
        0.0,
        1.0
      ]
    ],
    "location": [
      -48.6230082837959,
      7.195428754257591,
      -3.8979402809669637
    ],
    "rotation": [
      -0.024822142643334315,
      0.12874192259819942,
      3.1393834023993157
    ]
  },
  {
    "label_id": "2zAleBn7Ws5B7PGhPV4ijQ",
    "size": [
      0.3650457215975042,
      0.07577074829872454,
      0.5799999999999983
    ],
    "obj_class": "sign",
    "point_num_in_lidar": 32,
    "speed": 0.029358984696769775,
    "if_vehicle": false,
    "motion_state": false,
    "pose": [
      [
        -0.9916541446098921,
        0.011623247503218517,
        -0.12840154825975492,
        -64.35002460398512
      ],
      [
        -0.008540140925020671,
        -0.9996624688123538,
        -0.024535982576018488,
        -7.574669284030733
      ],
      [
        -0.1286433965308909,
        -0.023234641496455682,
        0.9914186945804114,
        -3.70188523566447
      ],
      [
        0.0,
        0.0,
        0.0,
        1.0
      ]
    ],
    "location": [
      -64.35002460398512,
      -7.574669284030733,
      -3.70188523566447
    ],
    "rotation": [
      -0.023431461671798236,
      0.1290008878337493,
      -3.1329808509273844
    ]
  },
  {
    "label_id": "BEdb6B0TsbLv_dw9_utEEQ",
    "size": [
      0.9750257652190025,
      0.10077969972030587,
      1.0300000000000011
    ],
    "obj_class": "sign",
    "point_num_in_lidar": 53,
    "speed": 0.03472006650535941,
    "if_vehicle": false,
    "motion_state": false,
    "pose": [
      [
        -0.9902971271298942,
        -0.05314736496549961,
        -0.12840154825975492,
        -68.08947907781577
      ],
      [
        0.05674676231435819,
        -0.9980870656039317,
        -0.024535982576018488,
        -7.6745206837631486
      ],
      [
        -0.12685190170082564,
        -0.03158428519623215,
        0.9914186945804114,
        -4.048926992468104
      ],
      [
        0.0,
        0.0,
        0.0,
        1.0
      ]
    ],
    "location": [
      -68.08947907781577,
      -7.6745206837631486,
      -4.048926992468104
    ],
    "rotation": [
      -0.031846894548990416,
      0.12719459324180318,
      3.0843524864778837
    ]
  },
  {
    "label_id": "BH4OMShbu-Oc4LF89f4Wrw",
    "size": [
      0.33560431039942434,
      0.08280675628239927,
      0.3300000000000054
    ],
    "obj_class": "sign",
    "point_num_in_lidar": 28,
    "speed": 0.005859353376668983,
    "if_vehicle": false,
    "motion_state": false,
    "pose": [
      [
        0.0298275167319865,
        -0.9912736058475988,
        -0.12840154825975492,
        -62.91369790980487
      ],
      [
        0.9991460932086795,
        0.03324259293229097,
        -0.024535982576018488,
        -9.081693944862764
      ],
      [
        0.02859027232181865,
        -0.12756005787485794,
        0.9914186945804114,
        -4.508148101531383
      ],
      [
        0.0,
        0.0,
        0.0,
        1.0
      ]
    ],
    "location": [
      -62.91369790980487,
      -9.081693944862764,
      -4.508148101531383
    ],
    "rotation": [
      -0.12796114523367105,
      -0.028594168720801613,
      1.5409521819919128
    ]
  },
  {
    "label_id": "Evj1aPfw1GR5aQW7sIxNKA",
    "size": [
      1.9552186156156448,
      3.753839003725381,
      1.2999999999999972
    ],
    "obj_class": "vehicle",
    "point_num_in_lidar": 81,
    "speed": 8.881784197001252e-15,
    "if_vehicle": true,
    "motion_state": false,
    "pose": [
      [
        0.43410529461746217,
        0.8916645308576449,
        -0.12840154825975492,
        -67.27687291415494
      ],
      [
        -0.9002224450279853,
        0.4347384673879977,
        -0.024535982576018488,
        -37.333007169804205
      ],
      [
        0.03394322690791501,
        0.12624115566466684,
        0.9914186945804114,
        -5.572312007222358
      ],
      [
        0.0,
        0.0,
        0.0,
        1.0
      ]
    ],
    "location": [
      -67.27687291415494,
      -37.333007169804205,
      -5.572312007222358
    ],
    "rotation": [
      0.1266522715908294,
      -0.0339497481961186,
      -1.1214735990824993
    ]
  },
  {
    "label_id": "HVMTX6IDy1OoZQr0D_IX3A",
    "size": [
      2.4405292687784477,
      5.989695771313092,
      2.759999999999998
    ],
    "obj_class": "vehicle",
    "point_num_in_lidar": 9203,
    "speed": 4.796896487944995,
    "if_vehicle": true,
    "motion_state": true,
    "pose": [
      [
        -0.9917221938900159,
        0.0003640748157367219,
        -0.12840154825975492,
        -68.0847356595953
      ],
      [
        0.002809752968604831,
        -0.9996949989108102,
        -0.024535982576018488,
        7.195959587586458
      ],
      [
        -0.1283713185810173,
        -0.024693655100932563,
        0.9914186945804114,
        -5.6816397734402955
      ],
      [
        0.0,
        0.0,
        0.0,
        1.0
      ]
    ],
    "location": [
      -68.0847356595953,
      7.195959587586458,
      -5.6816397734402955
    ],
    "rotation": [
      -0.024902244296125718,
      0.12872653510253543,
      3.138759455474496
    ]
  },
  {
    "label_id": "Rdb1vCnGQlWz1uA-96hHbA",
    "size": [
      0.772296648726632,
      0.11395530429631151,
      0.3176800827494759
    ],
    "obj_class": "sign",
    "point_num_in_lidar": 50,
    "speed": 0.028236208409158657,
    "if_vehicle": false,
    "motion_state": false,
    "pose": [
      [
        0.9813946751032026,
        0.14274990046783673,
        -0.12840154825975492,
        -63.73999299098607
      ],
      [
        -0.14704102191986354,
        0.9888260329460342,
        -0.024535982576018488,
        11.41719599420594
      ],
      [
        0.12346428451921501,
        0.04295977752073654,
        0.9914186945804114,
        -4.06710832337766
      ],
      [
        0.0,
        0.0,
        0.0,
        1.0
      ]
    ],
    "location": [
      -63.73999299098607,
      11.41719599420594,
      -4.06710832337766
    ],
    "rotation": [
      0.043304529654609,
      -0.12378012573262949,
      -0.14872234662768158
    ]
  },
  {
    "label_id": "UCpETWEnRcpDUZxH8dmb0A",
    "size": [
      2.0975341003666617,
      5.187154378416354,
      2.1000000000000014
    ],
    "obj_class": "vehicle",
    "point_num_in_lidar": 50,
    "speed": 7.908832927892291,
    "if_vehicle": true,
    "motion_state": true,
    "pose": [
      [
        -0.9917209327290258,
        -0.0016229576607515392,
        -0.12840154825975492,
        -25.469598346889413
      ],
      [
        0.004812753524528058,
        -0.9996873626102019,
        -0.024535982576018488,
        7.176509768141841
      ],
      [
        -0.12832158427397514,
        -0.024950812529654177,
        0.9914186945804114,
        -1.2348845054736088
      ],
      [
        0.0,
        0.0,
        0.0,
        1.0
      ]
    ],
    "location": [
      -25.469598346889413,
      7.176509768141841,
      -1.2348845054736088
    ],
    "rotation": [
      -0.02516146507650797,
      0.1286763860322223,
      3.1367397604173237
    ]
  },
  {
    "label_id": "WC6x-ybikhMpu-vzUtg1IA",
    "size": [
      2.4972728332915812,
      5.335813831501511,
      1.7999999999999972
    ],
    "obj_class": "vehicle",
    "point_num_in_lidar": 50,
    "speed": 0.0,
    "if_vehicle": true,
    "motion_state": false,
    "pose": [
      [
        -0.8026926730843538,
        0.5824066577411288,
        -0.12840154825975492,
        -69.15081039097079
      ],
      [
        -0.584516904069362,
        -0.8110104650472751,
        -0.024535982576018488,
        51.649146168455445
      ],
      [
        -0.11842491897342748,
        0.05535802202580931,
        0.9914186945804114,
        -8.035692514620152
      ],
      [
        0.0,
        0.0,
        0.0,
        1.0
      ]
    ],
    "location": [
      -69.15081039097079,
      51.649146168455445,
      -8.035692514620152
    ],
    "rotation": [
      0.055779256676615506,
      0.11870348825044988,
      -2.5121933235592437
    ]
  },
  {
    "label_id": "ZlDzLDVP3MHuDX3DXim2MA",
    "size": [
      0.3534588117238355,
      0.09809439624064153,
      0.5700000000000003
    ],
    "obj_class": "sign",
    "point_num_in_lidar": 22,
    "speed": 0.03039067467102758,
    "if_vehicle": false,
    "motion_state": false,
    "pose": [
      [
        -0.9902130380694661,
        0.0546916962777311,
        -0.12840154825975492,
        -46.931310352840995
      ],
      [
        -0.05195939777907884,
        -0.9983477382863472,
        -0.024535982576018488,
        15.282153931303583
      ],
      [
        -0.12953130980451488,
        -0.01762418272714056,
        0.9914186945804114,
        -1.8474205358607705
      ],
      [
        0.0,
        0.0,
        0.0,
        1.0
      ]
    ],
    "location": [
      -46.931310352840995,
      15.282153931303583,
      -1.8474205358607705
    ],
    "rotation": [
      -0.017774858079807245,
      0.1298962927892888,
      -3.089167785507716
    ]
  },
  {
    "label_id": "a6mVcnJmYDF0vCt6IieKfg",
    "size": [
      0.6924727713451868,
      0.12463527588445195,
      0.8900000000000006
    ],
    "obj_class": "sign",
    "point_num_in_lidar": 66,
    "speed": 0.021360780731740203,
    "if_vehicle": false,
    "motion_state": false,
    "pose": [
      [
        0.9608357731245734,
        0.2455761785853852,
        -0.12840154825975492,
        -56.17704892559719
      ],
      [
        -0.25062798016749066,
        0.9677724945028109,
        -0.024535982576018488,
        15.396574530590897
      ],
      [
        0.11823803381850985,
        0.05575607047852074,
        0.9914186945804114,
        -2.811549311858684
      ],
      [
        0.0,
        0.0,
        0.0,
        1.0
      ]
    ],
    "location": [
      -56.17704892559719,
      15.396574530590897,
      -2.811549311858684
    ],
    "rotation": [
      0.056179493621213196,
      -0.11851528077768932,
      -0.25515819475076107
    ]
  },
  {
    "label_id": "ofkYfHnWHHQDRI20sUmvew",
    "size": [
      2.197977036776378,
      4.688364245363275,
      2.1400000000000006
    ],
    "obj_class": "vehicle",
    "point_num_in_lidar": 48,
    "speed": 8.389234904895364,
    "if_vehicle": true,
    "motion_state": true,
    "pose": [
      [
        -0.991688670345215,
        -0.008162322796673319,
        -0.12840154825975492,
        -7.179570867500161
      ],
      [
        0.011404579891466876,
        -0.9996338935412946,
        -0.024535982576018488,
        7.281441178514797
      ],
      [
        -0.12815426901371024,
        -0.025796421651741553,
        0.9914186945804114,
        0.8320884953627257
      ],
      [
        0.0,
        0.0,
        0.0,
        1.0
      ]
    ],
    "location": [
      -7.179570867500161,
      7.281441178514797,
      0.8320884953627257
    ],
    "rotation": [
      -0.026013835071576733,
      0.12850767782086644,
      3.1300929990042783
    ]
  },
  {
    "label_id": "qsOSK4ye84s9KVEg0GJCIA",
    "size": [
      1.2190276449718456,
      0.14229253626876776,
      1.0700000000000003
    ],
    "obj_class": "sign",
    "point_num_in_lidar": 125,
    "speed": 0.04078540576652567,
    "if_vehicle": false,
    "motion_state": false,
    "pose": [
      [
        0.9813946751032036,
        0.14274990046782932,
        -0.12840154825975492,
        -63.7097714411246
      ],
      [
        -0.14704102191985607,
        0.9888260329460352,
        -0.024535982576018488,
        11.474083883755611
      ],
      [
        0.1234642845192153,
        0.04295977752073561,
        0.9914186945804114,
        -3.3358904181891162
      ],
      [
        0.0,
        0.0,
        0.0,
        1.0
      ]
    ],
    "location": [
      -63.7097714411246,
      11.474083883755611,
      -3.3358904181891162
    ],
    "rotation": [
      0.043304529654608064,
      -0.12378012573262977,
      -0.14872234662767397
    ]
  }
]