[
  {
    "label_id": "03m1_4yDogjv1a32j58-Xw",
    "size": [
      0.7667118865565546,
      0.12568277703940112,
      0.7999999999999972
    ],
    "obj_class": "sign",
    "point_num_in_lidar": 245,
    "speed": 0.016639891871934542,
    "if_vehicle": false,
    "motion_state": false,
    "pose": [
      [
        -0.138104911322401,
        0.9833182680908042,
        -0.11837321110594588,
        -39.337115027506115
      ],
      [
        -0.989390706552083,
        -0.1424139748872828,
        -0.028710443137893372,
        -13.5404118965198
      ],
      [
        -0.04508950273624202,
        0.11315230176936508,
        0.9925540254048103,
        -1.0855841056414661
      ],
      [
        0.0,
        0.0,
        0.0,
        1.0
      ]
    ],
    "location": [
      -39.337115027506115,
      -13.5404118965198,
      -1.0855841056414661
    ],
    "rotation": [
      0.11351110411448505,
      0.045104795032851745,
      -1.7094860253344095
    ]
  },
  {
    "label_id": "LjMWjL11-c4Y1Jw-OA-xpQ",
    "size": [
      2.024526958523288,
      4.282244344867107,
      1.3699999999999974
    ],
    "obj_class": "vehicle",
    "point_num_in_lidar": 356,
    "speed": 7.105427357601002e-14,
    "if_vehicle": true,
    "motion_state": false,
    "pose": [
      [
        0.01865669854643716,
        0.9927938912442071,
        -0.11837321110594588,
        -47.742309373097044
      ],
      [
        -0.9994697661812293,
        0.015358936957503257,
        -0.028710443137893372,
        -29.67356188410531
      ],
      [
        -0.026685465875381256,
        0.11884608770893933,
        0.9925540254048103,
        -2.5386985937189976
      ],
      [
        0.0,
        0.0,
        0.0,
        1.0
      ]
    ],
    "location": [
      -47.742309373097044,
      -29.67356188410531,
      -2.5386985937189976
    ],
    "rotation": [
      0.11917029340951728,
      0.026688634073443115,
      -1.5521318982089276
    ]
  },
  {
    "label_id": "co1dJwoLOU11roqf1fwzxQ",
    "size": [
      2.144707548146823,
      4.660661753203472,
      1.7000000000000028
    ],
    "obj_class": "vehicle",
    "point_num_in_lidar": 189,
    "speed": 8.10162843102567,
    "if_vehicle": true,
    "motion_state": true,
    "pose": [
      [
        -0.9929435293430512,
        -0.007136555768188695,
        -0.11837321110594588,
        -10.334143746205072
      ],
      [
        0.010606604801372469,
        -0.9995314954464483,
        -0.028710443137893372,
        7.079891974047769
      ],
      [
        -0.11811285903894121,
        -0.02976338660761303,
        0.9925540254048103,
        0.5591955563166451
      ],
      [
        0.0,
        0.0,
        0.0,
        1.0
      ]
    ],
    "location": [
      -10.334143746205072,
      7.079891974047769,
      0.5591955563166451
    ],
    "rotation": [
      -0.02997768340590676,
      0.11838922267500182,
      3.130911077957066
    ]
  },
  {
    "label_id": "ife6nSpSy83xDJglm6NCgA",
    "size": [
      2.5360058663455236,
      5.846831758009485,
      2.009999999999998
    ],
    "obj_class": "vehicle",
    "point_num_in_lidar": 281,
    "speed": 5.49795417408715e-31,
    "if_vehicle": true,
    "motion_state": false,
    "pose": [
      [
        -0.008955773731214246,
        0.9929287874814298,
        -0.11837321110594588,
        -47.76660139041644
      ],
      [
        -0.9995103848476798,
        -0.012437887138439699,
        -0.028710443137893372,
        -36.489480189621645
      ],
      [
        -0.029979738132913453,
        0.11805812955569375,
        0.9925540254048103,
        -2.5667635967721836
      ],
      [
        0.0,
        0.0,
        0.0,
        1.0
      ]
    ],
    "location": [
      -47.76660139041644,
      -36.489480189621645,
      -2.5667635967721836
    ],
    "rotation": [
      0.11838757184678417,
      0.02998423083855612,
      -1.579756247780852
    ]
  },
  {
    "label_id": "jhe62MV9QCryKDTJGdQgmw",
    "size": [
      2.253893692369354,
      5.0056265374385305,
      1.7299999999999969
    ],
    "obj_class": "vehicle",
    "point_num_in_lidar": 84,
    "speed": 4.224673306523476e-28,
    "if_vehicle": true,
    "motion_state": false,
    "pose": [
      [
        -0.012440301645466676,
        -0.9928912436855493,
        -0.11837321110594588,
        -41.28633880810952
      ],
      [
        0.9995463399883845,
        -0.009100806044002478,
        -0.028710443137893372,
        -42.666702086264195
      ],
      [
        0.02742905595886522,
        -0.11867667648663101,
        0.9925540254048103,
        -2.8505172293948817
      ],
      [
        0.0,
        0.0,
        0.0,
        1.0
      ]
    ],
    "location": [
      -41.28633880810952,
      -42.666702086264195,
      -2.8505172293948817
    ],
    "rotation": [
      -0.11900202040288936,
      -0.027432496513085602,
      1.583241632096451
    ]
  },
  {
    "label_id": "ofkYfHnWHHQDRI20sUmvew",
    "size": [
      2.197977036775715,
      4.688364245363275,
      2.1400000000000006
    ],
    "obj_class": "vehicle",
    "point_num_in_lidar": 4403,
    "speed": 7.106380475818534,
    "if_vehicle": true,
    "motion_state": true,
    "pose": [
      [
        -0.9929668700222849,
        0.002139609920956307,
        -0.11837321110594588,
        -30.053578661575656
      ],
      [
        0.0012687444034779544,
        -0.9995869650723065,
        -0.028710443137893372,
        7.234555525606083
      ],
      [
        -0.11838574798422878,
        -0.028658704208699152,
        0.9925540254048103,
        -1.2104422691558128
      ],
      [
        0.0,
        0.0,
        0.0,
        1.0
      ]
    ],
    "location": [
      -30.053578661575656,
      7.234555525606083,
      -1.2104422691558128
    ],
    "rotation": [
      -0.028865677126675027,
      0.11866403975470326,
      3.140314923434505
    ]
  },
  {
    "label_id": "zrBbsCR2OgkKNACWvkXkVw",
    "size": [
      2.5590973382116697,
      5.87890752800914,
      2.0
    ],
    "obj_class": "vehicle",
    "point_num_in_lidar": 50,
    "speed": 6.5978274494494145e-31,
    "if_vehicle": true,
    "motion_state": false,
    "pose": [
      [
        -0.9801373972400624,
        0.15911777218130954,
        -0.11837321110594588,
        -5.384192757120047
      ],
      [
        -0.1567990441908577,
        -0.9872131331154682,
        -0.028710443137893372,
        -14.518328468984691
      ],
      [
        -0.12142793036327934,
        -0.009579372651568689,
        0.9925540254048103,
        3.199383632142599
      ],
      [
        0.0,
        0.0,
        0.0,
        1.0
      ]
    ],
    "location": [
      -5.384192757120047,
      -14.518328468984691,
      3.199383632142599
    ],
    "rotation": [
      -0.009650935863594622,
      0.12172833178986188,
      -2.9829602115302025
    ]
  }
]