[
  {
    "label_id": "06oJx2woe2nwYEI99EbVPQ",
    "size": [
      1.0307719042655268,
      0.13789226180202263,
      1.1199999999999974
    ],
    "obj_class": "sign",
    "point_num_in_lidar": 73,
    "speed": 0.06527387782478614,
    "if_vehicle": false,
    "motion_state": false,
    "pose": [
      [
        -0.992505787532039,
        0.015373985077318353,
        -0.12122665671480715,
        -64.11572513269728
      ],
      [
        -0.013131894665520194,
        -0.999728027986272,
        -0.019272348097038487,
        3.920199066205896
      ],
      [
        -0.12148997924891167,
        -0.01753598133901075,
        0.9924377432869917,
        -3.669370078188315
      ],
      [
        0.0,
        0.0,
        0.0,
        1.0
      ]
    ],
    "location": [
      -64.11572513269728,
      3.920199066205896,
      -3.669370078188315
    ],
    "rotation": [
      -0.017667764856064423,
      0.12179084348364844,
      -3.1283623746150813
    ]
  },
  {
    "label_id": "BEdb6B0TsbLv_dw9_utEEQ",
    "size": [
      0.9750257652190017,
      0.10077969972030587,
      1.0300000000000011
    ],
    "obj_class": "sign",
    "point_num_in_lidar": 39,
    "speed": 0.02939153796649478,
    "if_vehicle": false,
    "motion_state": false,
    "pose": [
      [
        -0.9911984218111969,
        -0.05319573573833922,
        -0.12122665671480715,
        -68.01152094367949
      ],
      [
        0.05593117400039875,
        -0.9982486064972812,
        -0.019272348097038487,
        -7.616984316736307
      ],
      [
        -0.11998913439945316,
        -0.025883070248583055,
        0.9924377432869917,
        -4.291945458280338
      ],
      [
        0.0,
        0.0,
        0.0,
        1.0
      ]
    ],
    "location": [
      -68.01152094367949,
      -7.616984316736307,
      -4.291945458280338
    ],
    "rotation": [
      -0.02607438544052686,
      0.12027893771397911,
      3.0852246021019805
    ]
  },
  {
    "label_id": "G53IohtzdZVOl4YvvUb18Q",
    "size": [
      2.167508928434102,
      4.783770945130001,
      1.6899999999999977
    ],
    "obj_class": "vehicle",
    "point_num_in_lidar": 131,
    "speed": 4.731662270867556,
    "if_vehicle": true,
    "motion_state": true,
    "pose": [
      [
        -0.9925728284547727,
        0.010162574233076854,
        -0.12122665671480715,
        -84.66108861376632
      ],
      [
        -0.007882594009134831,
        -0.9997831971535197,
        -0.019272348097038487,
        7.230815828361756
      ],
      [
        -0.12139623109874394,
        -0.018173628543674863,
        0.9924377432869917,
        -8.74976360491329
      ],
      [
        0.0,
        0.0,
        0.0,
        1.0
      ]
    ],
    "location": [
      -84.66108861376632,
      7.230815828361756,
      -8.74976360491329
    ],
    "rotation": [
      -0.018310062940764288,
      0.12169639627241964,
      -3.133651243071015
    ]
  },
  {
    "label_id": "HVMTX6IDy1OoZQr0D_IX3A",
    "size": [
      2.4405292687783673,
      5.989695771313092,
      2.759999999999998
    ],
    "obj_class": "vehicle",
    "point_num_in_lidar": 74,
    "speed": 6.939594547070429,
    "if_vehicle": true,
    "motion_state": true,
    "pose": [
      [
        -0.9926208153364919,
        0.002831017920882684,
        -0.12122665671480715,
        -49.59725951131465
      ],
      [
        -0.0004978431174551558,
        -0.9998141471048793,
        -0.019272348097038487,
        7.201439292478426
      ],
      [
        -0.12125868675253108,
        -0.019069782024833466,
        0.9924377432869917,
        -4.001650629701778
      ],
      [
        0.0,
        0.0,
        0.0,
        1.0
      ]
    ],
    "location": [
      -49.59725951131465,
      7.201439292478426,
      -4.001650629701778
    ],
    "rotation": [
      -0.019212727139421897,
      0.12155782825996408,
      -3.1410911095278315
    ]
  },
  {
    "label_id": "bTWYo0SbANPjPzSQJKVNVA",
    "size": [
      2.275553503844884,
      5.576525301256698,
      2.4299999999999997
    ],
    "obj_class": "vehicle",
    "point_num_in_lidar": 1355,
    "speed": 4.316785784563462,
    "if_vehicle": true,
    "motion_state": true,
    "pose": [
      [
        -0.9925947931200928,
        -0.007724918940071877,
        -0.12122665671480715,
        -94.83359373412101
      ],
      [
        0.010134457493814227,
        -0.999762906578421,
        -0.019272348097038487,
        7.421868995890691
      ],
      [
        -0.12104903734514556,
        -0.02035819877191175,
        0.9924377432869917,
        -9.177940280966965
      ],
      [
        0.0,
        0.0,
        0.0,
        1.0
      ]
    ],
    "location": [
      -94.83359373412101,
      7.421868995890691,
      -9.177940280966965
    ],
    "rotation": [
      -0.020510449221801577,
      0.12134662305974525,
      3.131382943213393
    ]
  },
  {
    "label_id": "dwoHaw6myfE0P1jPfk-pow",
    "size": [
      1.962548901326057,
      4.417269400250496,
      1.8900000000000006
    ],
    "obj_class": "vehicle",
    "point_num_in_lidar": 4383,
    "speed": 1.614905184850955,
    "if_vehicle": true,
    "motion_state": true,
    "pose": [
      [
        -0.9925331291091025,
        0.013493899460287489,
        -0.12122665671480715,
        -114.10860853679345
      ],
      [
        -0.01123813231332687,
        -0.9997511095172312,
        -0.019272348097038487,
        7.771330865306481
      ],
      [
        -0.12145654368127805,
        -0.017766082753970205,
        0.9924377432869917,
        -11.732940280967014
      ],
      [
        0.0,
        0.0,
        0.0,
        1.0
      ]
    ],
    "location": [
      -114.10860853679345,
      7.771330865306481,
      -11.732940280967014
    ],
    "rotation": [
      -0.017899546296914683,
      0.12175715846851107,
      -3.1302704601369844
    ]
  },
  {
    "label_id": "m1ec8JIiZczIkKm807ad8A",
    "size": [
      0.579663336137521,
      0.085163184367957,
      0.75
    ],
    "obj_class": "sign",
    "point_num_in_lidar": 25,
    "speed": 0.006649361375363775,
    "if_vehicle": false,
    "motion_state": false,
    "pose": [
      [
        -0.8959025150043274,
        -0.4273906659143032,
        -0.12122665671480715,
        -72.60027405035977
      ],
      [
        0.43260932946959596,
        -0.9013754737370511,
        -0.019272348097038487,
        -7.3885858700309655
      ],
      [
        -0.10103391343894262,
        -0.06970992780540924,
        0.9924377432869917,
        -4.989336768842044
      ],
      [
        0.0,
        0.0,
        0.0,
        1.0
      ]
    ],
    "location": [
      -72.60027405035977,
      -7.3885858700309655,
      -4.989336768842044
    ],
    "rotation": [
      -0.07012593103079555,
      0.10120659771883896,
      2.6917382976322783
    ]
  },
  {
    "label_id": "nCqTUUNfzB7EgQ2qE5wQiA",
    "size": [
      2.0645621567893464,
      4.804121043311283,
      2.1000000000000014
    ],
    "obj_class": "vehicle",
    "point_num_in_lidar": 81,
    "speed": 0.0,
    "if_vehicle": true,
    "motion_state": false,
    "pose": [
      [
        0.9914271535021334,
        0.04874727685120184,
        -0.12122665671480715,
        -64.00986951651042
      ],
      [
        -0.05145105043408493,
        0.9984895422627399,
        -0.019272348097038487,
        30.595447589891137
      ],
      [
        0.12010407448495102,
        0.025344368043738165,
        0.9924377432869917,
        -7.649427756218451
      ],
      [
        0.0,
        0.0,
        0.0,
        1.0
      ]
    ],
    "location": [
      -64.00986951651042,
      30.595447589891137,
      -7.649427756218451
    ],
    "rotation": [
      0.025531939725214173,
      -0.12039471507160132,
      -0.051849433020021256
    ]
  },
  {
    "label_id": "pTU1q2T9wwqewKlC7EFonQ",
    "size": [
      2.2090295958557284,
      4.675060998594066,
      2.0900000000000034
    ],
    "obj_class": "vehicle",
    "point_num_in_lidar": 92,
    "speed": 5.756178061159762,
    "if_vehicle": true,
    "motion_state": true,
    "pose": [
      [
        -0.9925451357058641,
        0.012579796833742524,
        -0.12122665671480715,
        -73.68664204980759
      ],
      [
        -0.010317383073353958,
        -0.9997610355506681,
        -0.019272348097038487,
        7.273095899380678
      ],
      [
        -0.12144013007711084,
        -0.017877933501317073,
        0.9924377432869917,
        -6.9347636049133
      ],
      [
        0.0,
        0.0,
        0.0,
        1.0
      ]
    ],
    "location": [
      -73.68664204980759,
      7.273095899380678,
      -6.9347636049133
    ],
    "rotation": [
      -0.018012213000349345,
      0.12174062246074821,
      -3.131198152506934
    ]
  }
]