[
  {
    "label_id": "-Gw7ZEyjZwO3aQxT5Kewxw",
    "size": [
      0.7021932041994111,
      0.08201354723166787,
      0.28999999999999915
    ],
    "obj_class": "sign",
    "point_num_in_lidar": 71,
    "speed": 0.03447794549260193,
    "if_vehicle": false,
    "motion_state": false,
    "pose": [
      [
        -0.9906274688787859,
        -0.0550968685443229,
        -0.12498621115714995,
        -68.0736060522194
      ],
      [
        0.05911431391434724,
        -0.9978396445096168,
        -0.028662549352033915,
        -7.6628284090920715
      ],
      [
        -0.12313697979586022,
        -0.03578238283752729,
        0.9917443749702958,
        -4.764527924820619
      ],
      [
        0.0,
        0.0,
        0.0,
        1.0
      ]
    ],
    "location": [
      -68.0736060522194,
      -7.6628284090920715,
      -4.764527924820619
    ],
    "rotation": [
      -0.03606460381869687,
      0.12345030426003765,
      3.0819897273524606
    ]
  },
  {
    "label_id": "06oJx2woe2nwYEI99EbVPQ",
    "size": [
      1.0307719042655268,
      0.13789226180202263,
      1.1199999999999974
    ],
    "obj_class": "sign",
    "point_num_in_lidar": 277,
    "speed": 0.01880137201871891,
    "if_vehicle": false,
    "motion_state": false,
    "pose": [
      [
        -0.9920394698059628,
        0.015366761782644067,
        -0.12498621115714995,
        -64.17171020090659
      ],
      [
        -0.011871444503084043,
        -0.9995186476850008,
        -0.028662549352033915,
        3.8878739115630196
      ],
      [
        -0.12536649932304245,
        -0.026950613393076115,
        0.9917443749702958,
        -3.414240808590961
      ],
      [
        0.0,
        0.0,
        0.0,
        1.0
      ]
    ],
    "location": [
      -64.17171020090659,
      3.8878739115630196,
      -3.414240808590961
    ],
    "rotation": [
      -0.027168273258845185,
      0.12569723636863014,
      -3.129626518933511
    ]
  },
  {
    "label_id": "170VKlS7VXnt1oXUp73eZQ",
    "size": [
      2.055795238567048,
      4.416423805473926,
      1.8100000000000023
    ],
    "obj_class": "vehicle",
    "point_num_in_lidar": 102,
    "speed": 6.838122500702793,
    "if_vehicle": true,
    "motion_state": true,
    "pose": [
      [
        -0.9921582791761275,
        0.0006293511305556923,
        -0.12498621115714995,
        -44.575518163425045
      ],
      [
        0.002976675938345758,
        -0.9995847126006883,
        -0.028662549352033915,
        7.198492216844443
      ],
      [
        -0.12495234476640797,
        -0.028809829089291288,
        0.9917443749702958,
        -3.611936935233004
      ],
      [
        0.0,
        0.0,
        0.0,
        1.0
      ]
    ],
    "location": [
      -44.575518163425045,
      7.198492216844443,
      -3.611936935233004
    ],
    "rotation": [
      -0.029041484763811423,
      0.1252797993527091,
      3.1385924599013113
    ]
  },
  {
    "label_id": "2zAleBn7Ws5B7PGhPV4ijQ",
    "size": [
      0.3650457215975038,
      0.07577074829872454,
      0.5799999999999983
    ],
    "obj_class": "sign",
    "point_num_in_lidar": 41,
    "speed": 0.02097796936236342,
    "if_vehicle": false,
    "motion_state": false,
    "pose": [
      [
        -0.9920903327127495,
        0.011628360094453212,
        -0.12498621115714995,
        -64.33245535320366
      ],
      [
        -0.008104883919261138,
        -0.9995562861196451,
        -0.028662549352033915,
        -7.577867599637102
      ],
      [
        -0.12526405148549702,
        -0.027422839390117963,
        0.9917443749702958,
        -3.7573719278857425
      ],
      [
        0.0,
        0.0,
        0.0,
        1.0
      ]
    ],
    "location": [
      -64.33245535320366,
      -7.577867599637102,
      -3.7573719278857425
    ],
    "rotation": [
      -0.027644072669127148,
      0.1255939745147234,
      -3.133423333367098
    ]
  },
  {
    "label_id": "BEdb6B0TsbLv_dw9_utEEQ",
    "size": [
      0.9750257652190026,
      0.10077969972030587,
      1.0300000000000011
    ],
    "obj_class": "sign",
    "point_num_in_lidar": 123,
    "speed": 0.03472006592469551,
    "if_vehicle": false,
    "motion_state": false,
    "pose": [
      [
        -0.9907327183362592,
        -0.05317074231780842,
        -0.12498621115714995,
        -68.07126947662242
      ],
      [
        0.05717415786127136,
        -0.997952691232153,
        -0.028662549352033915,
        -7.664416330948825
      ],
      [
        -0.12320631676541947,
        -0.03554290680116883,
        0.9917443749702958,
        -4.094515236566764
      ],
      [
        0.0,
        0.0,
        0.0,
        1.0
      ]
    ],
    "location": [
      -68.07126947662242,
      -7.664416330948825,
      -4.094515236566764
    ],
    "rotation": [
      -0.035823446139464955,
      0.12352017325536857,
      3.0839476259958216
    ]
  },
  {
    "label_id": "HVMTX6IDy1OoZQr0D_IX3A",
    "size": [
      2.440529268778502,
      5.989695771313092,
      2.759999999999998
    ],
    "obj_class": "vehicle",
    "point_num_in_lidar": 1940,
    "speed": 5.468667977137752,
    "if_vehicle": true,
    "motion_state": true,
    "pose": [
      [
        -0.9921572684162048,
        -0.001549757876354584,
        -0.12498621115714995,
        -65.03793474700664
      ],
      [
        0.005172087149980247,
        -0.9995757639014441,
        -0.028662549352033915,
        7.19117090706095
      ],
      [
        -0.12488876748294063,
        -0.02908419624760924,
        0.9917443749702958,
        -5.3916506297018
      ],
      [
        0.0,
        0.0,
        0.0,
        1.0
      ]
    ],
    "location": [
      -65.03793474700664,
      7.19117090706095,
      -5.3916506297018
    ],
    "rotation": [
      -0.02931790035904153,
      0.12521572012041776,
      3.1363797297270324
    ]
  },
  {
    "label_id": "NdML4533wYO9FxGozAwrAQ",
    "size": [
      2.3203132675688027,
      4.56909080905812,
      1.9799999999999969
    ],
    "obj_class": "vehicle",
    "point_num_in_lidar": 32,
    "speed": 2.1357874857860977e-13,
    "if_vehicle": true,
    "motion_state": false,
    "pose": [
      [
        -0.6468428378126799,
        -0.7523116310353173,
        -0.12498621115714995,
        -63.28417785807879
      ],
      [
        0.760295083173602,
        -0.6489451785526171,
        -0.028662549352033915,
        64.67573125367062
      ],
      [
        -0.059546029863332864,
        -0.1135665665690943,
        0.9917443749702958,
        -7.017501640423227
      ],
      [
        0.0,
        0.0,
        0.0,
        1.0
      ]
    ],
    "location": [
      -63.28417785807879,
      64.67573125367062,
      -7.017501640423227
    ],
    "rotation": [
      -0.11401530470058414,
      0.05958127514978786,
      2.2757422740080977
    ]
  },
  {
    "label_id": "PC_V9S8NElYV_9QT34gc2g",
    "size": [
      2.46158889020449,
      5.387682729878967,
      2.280000000000001
    ],
    "obj_class": "vehicle",
    "point_num_in_lidar": 37,
    "speed": 4.2634877047500867e-13,
    "if_vehicle": true,
    "motion_state": false,
    "pose": [
      [
        -0.9035531721399727,
        0.4098415695563022,
        -0.12498621115714995,
        -63.20416932947326
      ],
      [
        -0.4096200626787954,
        -0.9118058250064331,
        -0.028662549352033915,
        38.193063080706
      ],
      [
        -0.1257102595924959,
        0.02529872225952816,
        0.9917443749702958,
        -7.19069620369023
      ],
      [
        0.0,
        0.0,
        0.0,
        1.0
      ]
    ],
    "location": [
      -63.20416932947326,
      38.193063080706,
      -7.19069620369023
    ],
    "rotation": [
      0.025503786593917076,
      0.12604373789530274,
      -2.715961655225703
    ]
  },
  {
    "label_id": "Rdb1vCnGQlWz1uA-96hHbA",
    "size": [
      0.7722966487266302,
      0.11395530429631151,
      0.3176800827494759
    ],
    "obj_class": "sign",
    "point_num_in_lidar": 45,
    "speed": 0.02823620793688784,
    "if_vehicle": false,
    "motion_state": false,
    "pose": [
      [
        0.9818263504850008,
        0.14281269031106636,
        -0.12498621115714995,
        -63.72576241361422
      ],
      [
        -0.1474544678088029,
        0.9886534469609991,
        -0.028662549352033915,
        11.408013221272995
      ],
      [
        0.1194746726989739,
        0.04657142147551989,
        0.9917443749702958,
        -4.120275088129482
      ],
      [
        0.0,
        0.0,
        0.0,
        1.0
      ]
    ],
    "location": [
      -63.72576241361422,
      11.408013221272995,
      -4.120275088129482
    ],
    "rotation": [
      0.04692462638663446,
      -0.11976074828784984,
      -0.14906975359518002
    ]
  },
  {
    "label_id": "UCpETWEnRcpDUZxH8dmb0A",
    "size": [
      2.0975341003668704,
      5.187154378416354,
      2.1000000000000014
    ],
    "obj_class": "vehicle",
    "point_num_in_lidar": 39,
    "speed": 8.002885579496162,
    "if_vehicle": true,
    "motion_state": true,
    "pose": [
      [
        -0.992157157633139,
        -0.0016191287504825887,
        -0.12498621115714995,
        -20.712832718428075
      ],
      [
        0.00524197671078849,
        -0.9995753998297506,
        -0.028662549352033915,
        7.168589973467988
      ],
      [
        -0.12488673363289579,
        -0.029092928303689012,
        0.9917443749702958,
        -0.752970234566348
      ],
      [
        0.0,
        0.0,
        0.0,
        1.0
      ]
    ],
    "location": [
      -20.712832718428075,
      7.168589973467988,
      -0.752970234566348
    ],
    "rotation": [
      -0.029326697535666763,
      0.1252136702214625,
      3.1363092890586537
    ]
  },
  {
    "label_id": "WC6x-ybikhMpu-vzUtg1IA",
    "size": [
      2.4972728332915777,
      5.335813831501511,
      1.7999999999999972
    ],
    "obj_class": "vehicle",
    "point_num_in_lidar": 92,
    "speed": 0.0,
    "if_vehicle": true,
    "motion_state": false,
    "pose": [
      [
        -0.8030457447637828,
        0.5826628346113744,
        -0.12498621115714995,
        -69.15081039097079
      ],
      [
        -0.5841002924905707,
        -0.8111752625524722,
        -0.028662549352033915,
        51.64914616845499
      ],
      [
        -0.11808632490348432,
        0.04998714420294677,
        0.9917443749702958,
        -8.097494894562097
      ],
      [
        0.0,
        0.0,
        0.0,
        1.0
      ]
    ],
    "location": [
      -69.15081039097079,
      51.64914616845499,
      -8.097494894562097
    ],
    "rotation": [
      0.050360636560802176,
      0.11836250153849684,
      -2.512741780871428
    ]
  },
  {
    "label_id": "a6mVcnJmYDF0vCt6IieKfg",
    "size": [
      0.6924727713451877,
      0.12463527588445195,
      0.8900000000000006
    ],
    "obj_class": "sign",
    "point_num_in_lidar": 48,
    "speed": 0.021360780910334616,
    "if_vehicle": false,
    "motion_state": false,
    "pose": [
      [
        0.961258405486182,
        0.24568419750310194,
        -0.12498621115714995,
        -56.16438264058597
      ],
      [
        -0.2510208917005424,
        0.9675572180468228,
        -0.028662549352033915,
        15.398502924868353
      ],
      [
        0.11388937532547724,
        0.05892626666224518,
        0.9917443749702958,
        -2.8631346443308843
      ],
      [
        0.0,
        0.0,
        0.0,
        1.0
      ]
    ],
    "location": [
      -56.16438264058597,
      15.398502924868353,
      -2.8631346443308843
    ],
    "rotation": [
      0.05934701634683947,
      -0.11413702944573757,
      -0.2554335046934472
    ]
  },
  {
    "label_id": "m1ec8JIiZczIkKm807ad8A",
    "size": [
      0.5796633361375193,
      0.085163184367957,
      0.75
    ],
    "obj_class": "sign",
    "point_num_in_lidar": 105,
    "speed": 0.03372332609403265,
    "if_vehicle": false,
    "motion_state": false,
    "pose": [
      [
        -0.8954815852436797,
        -0.4271898611976254,
        -0.12498621115714995,
        -72.627060596074
      ],
      [
        0.43364534992125425,
        -0.9006276526713552,
        -0.028662549352033915,
        -7.409870711180247
      ],
      [
        -0.10032168749148485,
        -0.07986647440345859,
        0.9917443749702958,
        -4.797310723434798
      ],
      [
        0.0,
        0.0,
        0.0,
        1.0
      ]
    ],
    "location": [
      -72.627060596074,
      -7.409870711180247,
      -4.797310723434798
    ],
    "rotation": [
      -0.08035789531054253,
      0.10049073451373733,
      2.6906166568113368
    ]
  },
  {
    "label_id": "qsOSK4ye84s9KVEg0GJCIA",
    "size": [
      1.219027644971844,
      0.14229253626876776,
      1.0700000000000003
    ],
    "obj_class": "sign",
    "point_num_in_lidar": 132,
    "speed": 0.028335401433362686,
    "if_vehicle": false,
    "motion_state": false,
    "pose": [
      [
        0.981826350485003,
        0.14281269031105154,
        -0.12498621115714995,
        -63.69392518227677
      ],
      [
        -0.147454467808788,
        0.9886534469610013,
        -0.028662549352033915,
        11.469061711975883
      ],
      [
        0.11947467269897459,
        0.046571421475518085,
        0.9917443749702958,
        -3.3880615039055115
      ],
      [
        0.0,
        0.0,
        0.0,
        1.0
      ]
    ],
    "location": [
      -63.69392518227677,
      11.469061711975883,
      -3.3880615039055115
    ],
    "rotation": [
      0.04692462638663264,
      -0.11976074828785054,
      -0.14906975359516483
    ]
  }
]