[
  {
    "label_id": "Hj8sExDrmhQytBdxtpDLkg",
    "size": [
      3.265718150417379,
      8.415953394223155,
      3.3151780415429783
    ],
    "obj_class": "vehicle",
    "point_num_in_lidar": 28,
    "speed": 2.1345174550040827e-13,
    "if_vehicle": true,
    "motion_state": false,
    "pose": [
      [
        0.9920912185554697,
        -0.0314504937728163,
        -0.12151493943778781,
        -4.100985769392025
      ],
      [
        0.02992905376698441,
        0.9994493569712346,
        -0.01432601097300129,
        -18.06077921016913
      ],
      [
        0.1218985882023912,
        0.010575882527318475,
        0.9924862139611976,
        3.8448770736758178
      ],
      [
        0.0,
        0.0,
        0.0,
        1.0
      ]
    ],
    "location": [
      -4.100985769392025,
      -18.06077921016913,
      3.8448770736758178
    ],
    "rotation": [
      0.010655545750977536,
      -0.12220251211347197,
      0.03015849633328158
    ]
  },
  {
    "label_id": "co1dJwoLOU11roqf1fwzxQ",
    "size": [
      2.144707548147002,
      4.660661753203472,
      1.7000000000000028
    ],
    "obj_class": "vehicle",
    "point_num_in_lidar": 3190,
    "speed": 7.794431918646065,
    "if_vehicle": true,
    "motion_state": true,
    "pose": [
      [
        -0.9925817768105458,
        -0.003941552619294748,
        -0.12151493943778781,
        -17.57758335757623
      ],
      [
        0.005724372569757408,
        -0.999880991402619,
        -0.01432601097300129,
        7.11818829011645
      ],
      [
        -0.12144401138920977,
        -0.014915334212322402,
        0.9924862139611976,
        -0.03294028096690482
      ],
      [
        0.0,
        0.0,
        0.0,
        1.0
      ]
    ],
    "location": [
      -17.57758335757623,
      7.11818829011645,
      -0.03294028096690482
    ],
    "rotation": [
      -0.015027122076410165,
      0.1217445327145091,
      3.135825562917356
    ]
  },
  {
    "label_id": "zrBbsCR2OgkKNACWvkXkVw",
    "size": [
      2.5590973382116697,
      5.87890752800914,
      2.0
    ],
    "obj_class": "vehicle",
    "point_num_in_lidar": 416,
    "speed": 1.4210854715202004e-13,
    "if_vehicle": true,
    "motion_state": false,
    "pose": [
      [
        -0.9797627298716244,
        0.15905694781408738,
        -0.12151493943778781,
        -5.384192757120061
      ],
      [
        -0.15849657459841252,
        -0.9872555906401196,
        -0.01432601097300129,
        -14.518328468983782
      ],
      [
        -0.12224495488596826,
        0.005223610044344323,
        0.9924862139611976,
        3.2357610268520105
      ],
      [
        0.0,
        0.0,
        0.0,
        1.0
      ]
    ],
    "location": [
      -5.384192757120061,
      -14.518328468983782,
      3.2357610268520105
    ],
    "rotation": [
      0.0052631076773829635,
      0.1225514886985755,
      -2.981211694638847
    ]
  }
]