[
  {
    "label_id": "03m1_4yDogjv1a32j58-Xw",
    "size": [
      0.7667118865565516,
      0.12568277703940112,
      0.7999999999999972
    ],
    "obj_class": "sign",
    "point_num_in_lidar": 40,
    "speed": 0.04048505985723021,
    "if_vehicle": false,
    "motion_state": false,
    "pose": [
      [
        -0.13792758134572183,
        0.9820556641479148,
        -0.12861825227827178,
        -39.26638452186873
      ],
      [
        -0.9898346358869543,
        -0.1412240157894431,
        -0.016827684417166852,
        -13.516910209691105
      ],
      [
        -0.03468970888692954,
        0.1249897991009707,
        0.9915513976683403,
        -1.2918826527542464
      ],
      [
        0.0,
        0.0,
        0.0,
        1.0
      ]
    ],
    "location": [
      -39.26638452186873,
      -13.516910209691105,
      -1.2918826527542464
    ],
    "rotation": [
      0.12539341774951482,
      0.03469667011718578,
      -1.7092488841128386
    ]
  },
  {
    "label_id": "170VKlS7VXnt1oXUp73eZQ",
    "size": [
      2.0557952385667106,
      4.416423805473926,
      1.8100000000000023
    ],
    "obj_class": "vehicle",
    "point_num_in_lidar": 1578,
    "speed": 5.517232253945586,
    "if_vehicle": true,
    "motion_state": true,
    "pose": [
      [
        -0.9916914300965123,
        -0.002335091864827004,
        -0.12861825227827178,
        -52.82205898814908
      ],
      [
        0.004536778694480122,
        -0.9998481118031046,
        -0.016827684417166852,
        7.189451873940925
      ],
      [
        -0.12855942249485902,
        -0.017271382971530323,
        0.9915513976683403,
        -4.265430164190413
      ],
      [
        0.0,
        0.0,
        0.0,
        1.0
      ]
    ],
    "location": [
      -52.82205898814908,
      7.189451873940925,
      -4.265430164190413
    ],
    "rotation": [
      -0.017416784026107003,
      0.12891621066930156,
      3.1370178968584352
    ]
  },
  {
    "label_id": "BH4OMShbu-Oc4LF89f4Wrw",
    "size": [
      0.33560431039942323,
      0.08280675628239927,
      0.3300000000000054
    ],
    "obj_class": "sign",
    "point_num_in_lidar": 101,
    "speed": 0.01731082335277969,
    "if_vehicle": false,
    "motion_state": false,
    "pose": [
      [
        0.02982667214053931,
        -0.9912455370945704,
        -0.12861825227827178,
        -62.91185215042891
      ],
      [
        0.9993380468156137,
        0.03225363892509742,
        -0.016827684417166852,
        -9.090169696490648
      ],
      [
        0.020828773746312958,
        -0.1280311991906107,
        0.9915513976683403,
        -4.508148101531361
      ],
      [
        0.0,
        0.0,
        0.0,
        1.0
      ]
    ],
    "location": [
      -62.91185215042891,
      -9.090169696490648,
      -4.508148101531361
    ],
    "rotation": [
      -0.12841159776428135,
      -0.020830280092028766,
      1.540958755474208
    ]
  },
  {
    "label_id": "PC_V9S8NElYV_9QT34gc2g",
    "size": [
      2.4615888902044802,
      5.387682729878967,
      2.280000000000001
    ],
    "obj_class": "vehicle",
    "point_num_in_lidar": 48,
    "speed": 1.9858924203357415e-28,
    "if_vehicle": true,
    "motion_state": false,
    "pose": [
      [
        -0.903130337165144,
        0.4096497763612915,
        -0.12861825227827178,
        -63.20416932947326
      ],
      [
        -0.4110337093171752,
        -0.9114648204084018,
        -0.016827684417166852,
        38.19306308070554
      ],
      [
        -0.12412446937222832,
        0.03766884501844574,
        0.9915513976683403,
        -7.089147650101175
      ],
      [
        0.0,
        0.0,
        0.0,
        1.0
      ]
    ],
    "location": [
      -63.20416932947326,
      38.19306308070554,
      -7.089147650101175
    ],
    "rotation": [
      0.03797154563946979,
      0.12444542817673651,
      -2.7144881541279604
    ]
  },
  {
    "label_id": "Rdb1vCnGQlWz1uA-96hHbA",
    "size": [
      0.7722966487266312,
      0.11395530429631151,
      0.3176800827494759
    ],
    "obj_class": "sign",
    "point_num_in_lidar": 52,
    "speed": 0.030816578284351567,
    "if_vehicle": false,
    "motion_state": false,
    "pose": [
      [
        0.9813668860804766,
        0.1427458583833225,
        -0.12861825227827178,
        -63.75660159309821
      ],
      [
        -0.14608043238890034,
        0.9891295851961097,
        -0.016827684417166852,
        11.427913269968485
      ],
      [
        0.12481803626792344,
        0.0353027421623346,
        0.9915513976683403,
        -4.00505703632993
      ],
      [
        0.0,
        0.0,
        0.0,
        1.0
      ]
    ],
    "location": [
      -63.75660159309821,
      11.427913269968485,
      -4.00505703632993
    ],
    "rotation": [
      0.03558850993607566,
      -0.12514443108294404,
      -0.14776902301409026
    ]
  },
  {
    "label_id": "UCpETWEnRcpDUZxH8dmb0A",
    "size": [
      2.0975341003668495,
      5.187154378416354,
      2.1000000000000014
    ],
    "obj_class": "vehicle",
    "point_num_in_lidar": 102,
    "speed": 7.748552891329463,
    "if_vehicle": true,
    "motion_state": true,
    "pose": [
      [
        -0.9916927987487941,
        -0.0016547176999265891,
        -0.12861825227827178,
        -30.982721242323493
      ],
      [
        0.003850807924917764,
        -0.9998509890556101,
        -0.016827684417166852,
        7.185506786120641
      ],
      [
        -0.12857124168378017,
        -0.01718317764128391,
        0.9915513976683403,
        -1.8439037333956279
      ],
      [
        0.0,
        0.0,
        0.0,
        1.0
      ]
    ],
    "location": [
      -30.982721242323493,
      7.185506786120641,
      -1.8439037333956279
    ],
    "rotation": [
      -0.017327853978780994,
      0.12892812876601478,
      3.137709607776071
    ]
  },
  {
    "label_id": "ZlDzLDVP3MHuDX3DXim2MA",
    "size": [
      0.3534588117238365,
      0.09809439624064153,
      0.5700000000000003
    ],
    "obj_class": "sign",
    "point_num_in_lidar": 37,
    "speed": 0.024655668486556384,
    "if_vehicle": false,
    "motion_state": false,
    "pose": [
      [
        -0.990184999347313,
        0.05469014763597418,
        -0.12861825227827178,
        -46.94976985928443
      ],
      [
        -0.05296110532244729,
        -0.998454781329721,
        -0.016827684417166852,
        15.276266127675626
      ],
      [
        -0.1293398174986592,
        -0.0098507558783305,
        0.9915513976683403,
        -1.7877472120371962
      ],
      [
        0.0,
        0.0,
        0.0,
        1.0
      ]
    ],
    "location": [
      -46.94976985928443,
      15.276266127675626,
      -1.7877472120371962
    ],
    "rotation": [
      -0.009934363298927792,
      0.12970317595245795,
      -3.088157498678053
    ]
  },
  {
    "label_id": "a6mVcnJmYDF0vCt6IieKfg",
    "size": [
      0.6924727713451878,
      0.12463527588445195,
      0.8900000000000006
    ],
    "obj_class": "sign",
    "point_num_in_lidar": 55,
    "speed": 0.021360780910354094,
    "if_vehicle": false,
    "motion_state": false,
    "pose": [
      [
        0.9608085662446016,
        0.24556922488755675,
        -0.12861825227827178,
        -56.191831831623645
      ],
      [
        -0.249704812159269,
        0.9681757773367707,
        -0.016827684417166852,
        15.394323888721374
      ],
      [
        0.12039271496023661,
        0.04828477986347404,
        0.9915513976683403,
        -2.751343725010848
      ],
      [
        0.0,
        0.0,
        0.0,
        1.0
      ]
    ],
    "location": [
      -56.191831831623645,
      15.394323888721374,
      -2.751343725010848
    ],
    "rotation": [
      0.04865775790985647,
      -0.12068546527918879,
      -0.25426528796336373
    ]
  },
  {
    "label_id": "nCqTUUNfzB7EgQ2qE5wQiA",
    "size": [
      2.064562156789348,
      4.804121043311283,
      2.1000000000000014
    ],
    "obj_class": "vehicle",
    "point_num_in_lidar": 23,
    "speed": 0.0,
    "if_vehicle": true,
    "motion_state": false,
    "pose": [
      [
        0.990497603261527,
        0.048701571987495515,
        -0.12861825227827178,
        -64.00986951651042
      ],
      [
        -0.05128223699006047,
        0.9985424183310649,
        -0.016827684417166852,
        30.595447589892046
      ],
      [
        0.12761124598743503,
        0.023263612778226833,
        0.9915513976683403,
        -7.328046375330835
      ],
      [
        0.0,
        0.0,
        0.0,
        1.0
      ]
    ],
    "location": [
      -64.00986951651042,
      30.595447589892046,
      -7.328046375330835
    ],
    "rotation": [
      0.023457528977458453,
      -0.1279601592727146,
      -0.0517280289338525
    ]
  },
  {
    "label_id": "ofkYfHnWHHQDRI20sUmvew",
    "size": [
      2.197977036775986,
      4.688364245363275,
      2.1400000000000006
    ],
    "obj_class": "vehicle",
    "point_num_in_lidar": 94,
    "speed": 8.15446635382627,
    "if_vehicle": true,
    "motion_state": true,
    "pose": [
      [
        -0.9916860796726596,
        -0.0040080624189377245,
        -0.12861825227827178,
        -12.992189171176605
      ],
      [
        0.006223506359019171,
        -0.9998390355481004,
        -0.016827684417166852,
        7.273207181082398
      ],
      [
        -0.12853010290227934,
        -0.017488236900568655,
        0.9915513976683403,
        0.3020608871293149
      ],
      [
        0.0,
        0.0,
        0.0,
        1.0
      ]
    ],
    "location": [
      -12.992189171176605,
      7.273207181082398,
      0.3020608871293149
    ],
    "rotation": [
      -0.017635418507117615,
      0.12888664579790762,
      3.1353170540972273
    ]
  },
  {
    "label_id": "qsOSK4ye84s9KVEg0GJCIA",
    "size": [
      1.2190276449718445,
      0.14229253626876776,
      1.0700000000000003
    ],
    "obj_class": "sign",
    "point_num_in_lidar": 20,
    "speed": 0.06441230236627045,
    "if_vehicle": false,
    "motion_state": false,
    "pose": [
      [
        0.9813668860804802,
        0.1427458583832985,
        -0.12861825227827178,
        -63.744617741941184
      ],
      [
        -0.14608043238887616,
        0.9891295851961134,
        -0.016827684417166852,
        11.445467286358053
      ],
      [
        0.12481803626792431,
        0.035302742162331556,
        0.9915513976683403,
        -3.27500119480883
      ],
      [
        0.0,
        0.0,
        0.0,
        1.0
      ]
    ],
    "location": [
      -63.744617741941184,
      11.445467286358053,
      -3.27500119480883
    ],
    "rotation": [
      0.035588509936072585,
      -0.12514443108294493,
      -0.14776902301406564
    ]
  }
]