[
  {
    "label_id": "-Gw7ZEyjZwO3aQxT5Kewxw",
    "size": [
      0.70219320419874,
      0.08201354723166787,
      0.28999999999999915
    ],
    "obj_class": "sign",
    "point_num_in_lidar": 107,
    "speed": 0.03447794520411068,
    "if_vehicle": false,
    "motion_state": false,
    "pose": [
      [
        -0.9909467499260184,
        -0.05504271711963689,
        -0.12245341197022117,
        -68.0825856337873
      ],
      [
        0.058616242629223034,
        -0.9979478764211749,
        -0.02577153558675739,
        -7.667954950565218
      ],
      [
        -0.12078358709316894,
        -0.03271597833712265,
        0.9921396019967915,
        -4.741735989058405
      ],
      [
        0.0,
        0.0,
        0.0,
        1.0
      ]
    ],
    "location": [
      -68.0825856337873,
      -7.667954950565218,
      -4.741735989058405
    ],
    "rotation": [
      -0.03296323215169991,
      0.12107921072368441,
      3.082509740125438
    ]
  },
  {
    "label_id": "06oJx2woe2nwYEI99EbVPQ",
    "size": [
      1.0307719042655266,
      0.13789226180202263,
      1.1199999999999974
    ],
    "obj_class": "sign",
    "point_num_in_lidar": 288,
    "speed": 0.01880137186146747,
    "if_vehicle": false,
    "motion_state": false,
    "pose": [
      [
        -0.9923552157316611,
        0.015371652709440053,
        -0.12245341197022117,
        -64.17734496993121
      ],
      [
        -0.012303629372874724,
        -0.9995921411544587,
        -0.02577153558675739,
        3.8876679338786744
      ],
      [
        -0.12279961935781102,
        -0.024067896360607268,
        0.9921396019967915,
        -3.3901505674934924
      ],
      [
        0.0,
        0.0,
        0.0,
        1.0
      ]
    ],
    "location": [
      -64.17734496993121,
      3.8876679338786744,
      -3.3901505674934924
    ],
    "rotation": [
      -0.024253821569979066,
      0.12311036387645206,
      -3.129194876266302
    ]
  },
  {
    "label_id": "170VKlS7VXnt1oXUp73eZQ",
    "size": [
      2.0557952385666263,
      4.416423805473926,
      1.8100000000000023
    ],
    "obj_class": "vehicle",
    "point_num_in_lidar": 138,
    "speed": 6.670957010117619,
    "if_vehicle": true,
    "motion_state": true,
    "pose": [
      [
        -0.9924739729144174,
        0.0007582772076938204,
        -0.12245341197022117,
        -46.57566044340517
      ],
      [
        0.0024159719961260643,
        -0.9996649393835988,
        -0.02577153558675739,
        7.196112382519459
      ],
      [
        -0.1224319246225687,
        -0.02587342232604454,
        0.9921396019967915,
        -3.7379402809669457
      ],
      [
        0.0,
        0.0,
        0.0,
        1.0
      ]
    ],
    "location": [
      -46.57566044340517,
      7.196112382519459,
      -3.7379402809669457
    ],
    "rotation": [
      -0.026072499580068704,
      0.12273987349894698,
      3.139158365850362
    ]
  },
  {
    "label_id": "2zAleBn7Ws5B7PGhPV4ijQ",
    "size": [
      0.36504572159750515,
      0.07577074829872454,
      0.5799999999999983
    ],
    "obj_class": "sign",
    "point_num_in_lidar": 34,
    "speed": 0.02612290798902308,
    "if_vehicle": false,
    "motion_state": false,
    "pose": [
      [
        -0.9924060948270735,
        0.011632061164251913,
        -0.12245341197022117,
        -64.34123995065958
      ],
      [
        -0.008536788775804285,
        -0.9996314076652942,
        -0.02577153558675739,
        -7.576268446919585
      ],
      [
        -0.12270805265945223,
        -0.024530470076484533,
        0.9921396019967915,
        -3.729628669997929
      ],
      [
        0.0,
        0.0,
        0.0,
        1.0
      ]
    ],
    "location": [
      -64.34123995065958,
      -7.576268446919585,
      -3.729628669997929
    ],
    "rotation": [
      -0.024719780595516445,
      0.1230180993955858,
      -3.1329907533536425
    ]
  },
  {
    "label_id": "BEdb6B0TsbLv_dw9_utEEQ",
    "size": [
      0.9750257652190015,
      0.10077969972030587,
      1.0300000000000011
    ],
    "obj_class": "sign",
    "point_num_in_lidar": 85,
    "speed": 0.03472006563410087,
    "if_vehicle": false,
    "motion_state": false,
    "pose": [
      [
        -0.9910480483496226,
        -0.05318766548040521,
        -0.12245341197022117,
        -68.08037424826615
      ],
      [
        0.056748079306444744,
        -0.9980558518682859,
        -0.02577153558675739,
        -7.66946849128999
      ],
      [
        -0.12084461658441242,
        -0.03248982598005962,
        0.9921396019967915,
        -4.071721187001899
      ],
      [
        0.0,
        0.0,
        0.0,
        1.0
      ]
    ],
    "location": [
      -68.08037424826615,
      -7.66946849128999,
      -4.071721187001899
    ],
    "rotation": [
      -0.03273553394626097,
      0.12114069054542977,
      3.084394438478873
    ]
  },
  {
    "label_id": "Evj1aPfw1GR5aQW7sIxNKA",
    "size": [
      1.9552186156156464,
      3.753839003725381,
      1.2999999999999972
    ],
    "obj_class": "vehicle",
    "point_num_in_lidar": 33,
    "speed": 8.881784197001252e-15,
    "if_vehicle": true,
    "motion_state": false,
    "pose": [
      [
        0.4344344674166078,
        0.8923406610803408,
        -0.12245341197022117,
        -67.27687291415494
      ],
      [
        -0.9001957922022104,
        0.43472216835001115,
        -0.02577153558675739,
        -37.333007169804205
      ],
      [
        0.030236223671009133,
        0.12142808953353797,
        0.9921396019967915,
        -5.5723120072223296
      ],
      [
        0.0,
        0.0,
        0.0,
        1.0
      ]
    ],
    "location": [
      -67.27687291415494,
      -37.333007169804205,
      -5.5723120072223296
    ],
    "rotation": [
      0.1217844510621138,
      -0.03024083270730631,
      -1.1211653817547638
    ]
  },
  {
    "label_id": "HVMTX6IDy1OoZQr0D_IX3A",
    "size": [
      2.440529268778447,
      5.989695771313092,
      2.759999999999998
    ],
    "obj_class": "vehicle",
    "point_num_in_lidar": 4519,
    "speed": 5.123311753264036,
    "if_vehicle": true,
    "motion_state": true,
    "pose": [
      [
        -0.9924741957075173,
        0.00036435088591400437,
        -0.12245341197022117,
        -66.59952207079353
      ],
      [
        0.002812752259132296,
        -0.9996639017080836,
        -0.02577153558675739,
        7.1919841508297395
      ],
      [
        -0.12242164546944104,
        -0.025922015164772397,
        0.9921396019967915,
        -5.591650629701803
      ],
      [
        0.0,
        0.0,
        0.0,
        1.0
      ]
    ],
    "location": [
      -66.59952207079353,
      7.1919841508297395,
      -5.591650629701803
    ],
    "rotation": [
      -0.026121444055105993,
      0.12272951643530002,
      3.1387585801794775
    ]
  },
  {
    "label_id": "NdML4533wYO9FxGozAwrAQ",
    "size": [
      2.3203132675688036,
      4.56909080905812,
      1.9799999999999969
    ],
    "obj_class": "vehicle",
    "point_num_in_lidar": 47,
    "speed": 2.1357874857860977e-13,
    "if_vehicle": true,
    "motion_state": false,
    "pose": [
      [
        -0.6470487146924028,
        -0.7525510764803681,
        -0.12245341197022117,
        -63.28417785807888
      ],
      [
        0.7600748898194428,
        -0.649324256299934,
        -0.02577153558675739,
        64.67573125367062
      ],
      [
        -0.06011757381058689,
        -0.10974920258834157,
        0.9921396019967915,
        -7.017501640423241
      ],
      [
        0.0,
        0.0,
        0.0,
        1.0
      ]
    ],
    "location": [
      -63.28417785807888,
      64.67573125367062,
      -7.017501640423241
    ],
    "rotation": [
      -0.11017079838144302,
      0.06015384487908561,
      2.276042305777809
    ]
  },
  {
    "label_id": "Rdb1vCnGQlWz1uA-96hHbA",
    "size": [
      0.7722966487266317,
      0.11395530429631151,
      0.3176800827494759
    ],
    "obj_class": "sign",
    "point_num_in_lidar": 51,
    "speed": 0.028236207700741842,
    "if_vehicle": false,
    "motion_state": false,
    "pose": [
      [
        0.9821388457831667,
        0.14285814467702038,
        -0.12245341197022117,
        -63.73287767967379
      ],
      [
        -0.1470395023455034,
        0.9887948284166372,
        -0.02577153558675739,
        11.412604593138894
      ],
      [
        0.11739962671872466,
        0.043316714971847935,
        0.9921396019967915,
        -4.093691790287771
      ],
      [
        0.0,
        0.0,
        0.0,
        1.0
      ]
    ],
    "location": [
      -63.73287767967379,
      11.412604593138894,
      -4.093691790287771
    ],
    "rotation": [
      0.04363218953318951,
      -0.11767099327965333,
      -0.1486097982573015
    ]
  },
  {
    "label_id": "UCpETWEnRcpDUZxH8dmb0A",
    "size": [
      2.0975341003668704,
      5.187154378416354,
      2.1000000000000014
    ],
    "obj_class": "vehicle",
    "point_num_in_lidar": 44,
    "speed": 7.952518792234138,
    "if_vehicle": true,
    "motion_state": true,
    "pose": [
      [
        -0.9924729410164724,
        -0.0016196440859597024,
        -0.12245341197022117,
        -23.13199943216479
      ],
      [
        0.004811113382842737,
        -0.9996562814995552,
        -0.02577153558675739,
        7.171690263164692
      ],
      [
        -0.12236958175188523,
        -0.026166688967404473,
        0.9921396019967915,
        -0.9899378696079495
      ],
      [
        0.0,
        0.0,
        0.0,
        1.0
      ]
    ],
    "location": [
      -23.13199943216479,
      7.171690263164692,
      -0.9899378696079495
    ],
    "rotation": [
      -0.026367886503897073,
      0.12267705830563257,
      3.1367450899951534
    ]
  },
  {
    "label_id": "WC6x-ybikhMpu-vzUtg1IA",
    "size": [
      2.4972728332915826,
      5.335813831501511,
      1.7999999999999972
    ],
    "obj_class": "vehicle",
    "point_num_in_lidar": 103,
    "speed": 0.0,
    "if_vehicle": true,
    "motion_state": false,
    "pose": [
      [
        -0.8033013378422612,
        0.5828482843053454,
        -0.12245341197022117,
        -69.15081039097082
      ],
      [
        -0.5844962226715197,
        -0.8109870489941413,
        -0.02577153558675739,
        51.64914616845499
      ],
      [
        -0.11432902651364922,
        0.05087124773474207,
        0.9921396019967915,
        -8.067501408480119
      ],
      [
        0.0,
        0.0,
        0.0,
        1.0
      ]
    ],
    "location": [
      -69.15081039097082,
      51.64914616845499,
      -8.067501408480119
    ],
    "rotation": [
      0.051229420505876005,
      0.11457957122628291,
      -2.512570813412709
    ]
  },
  {
    "label_id": "ZlDzLDVP3MHuDX3DXim2MA",
    "size": [
      0.35345881172383503,
      0.09809439624064153,
      0.5700000000000003
    ],
    "obj_class": "sign",
    "point_num_in_lidar": 21,
    "speed": 0.032424510918260915,
    "if_vehicle": false,
    "motion_state": false,
    "pose": [
      [
        -0.9909638955262497,
        0.05473316782620408,
        -0.12245341197022117,
        -46.92257287994771
      ],
      [
        -0.051954699436681136,
        -0.9983168520865229,
        -0.02577153558675739,
        15.286827583643571
      ],
      [
        -0.12365786254777432,
        -0.019176631084837543,
        0.9921396019967915,
        -1.8719142816343748
      ],
      [
        0.0,
        0.0,
        0.0,
        1.0
      ]
    ],
    "location": [
      -46.92257287994771,
      15.286827583643571,
      -1.8719142816343748
    ],
    "rotation": [
      -0.019326154801772036,
      0.12397519861091909,
      -3.089212163575413
    ]
  },
  {
    "label_id": "a6mVcnJmYDF0vCt6IieKfg",
    "size": [
      0.6924727713451844,
      0.12463527588445195,
      0.8900000000000006
    ],
    "obj_class": "sign",
    "point_num_in_lidar": 60,
    "speed": 0.021360780910377394,
    "if_vehicle": false,
    "motion_state": false,
    "pose": [
      [
        0.9615643544270412,
        0.24576239377121717,
        -0.12245341197022117,
        -56.17071576295244
      ],
      [
        -0.25062317423951025,
        0.9677416248604854,
        -0.02577153558675739,
        15.397538730795532
      ],
      [
        0.11216958959281063,
        0.055470652783509156,
        0.9921396019967915,
        -2.83734206011453
      ],
      [
        0.0,
        0.0,
        0.0,
        1.0
      ]
    ],
    "location": [
      -56.17071576295244,
      15.397538730795532,
      -2.83734206011453
    ],
    "rotation": [
      0.055851980386889974,
      -0.11240615139079566,
      -0.25496845416652697
    ]
  },
  {
    "label_id": "m1ec8JIiZczIkKm807ad8A",
    "size": [
      0.5796633361375199,
      0.085163184367957,
      0.75
    ],
    "obj_class": "sign",
    "point_num_in_lidar": 54,
    "speed": 0.03997589302103725,
    "if_vehicle": false,
    "motion_state": false,
    "pose": [
      [
        -0.8957665987644878,
        -0.42732582701581767,
        -0.12245341197022117,
        -72.63931144744005
      ],
      [
        0.43329087384073056,
        -0.9008855901832578,
        -0.02577153558675739,
        -7.407138422638127
      ],
      [
        -0.09930367155466761,
        -0.07614322665484373,
        0.9921396019967915,
        -4.773317434189195
      ],
      [
        0.0,
        0.0,
        0.0,
        1.0
      ]
    ],
    "location": [
      -72.63931144744005,
      -7.407138422638127,
      -4.773317434189195
    ],
    "rotation": [
      -0.07659633532523225,
      0.09946760929523105,
      2.69106211645749
    ]
  },
  {
    "label_id": "ofkYfHnWHHQDRI20sUmvew",
    "size": [
      2.1979770367764684,
      4.688364245363275,
      2.1400000000000006
    ],
    "obj_class": "vehicle",
    "point_num_in_lidar": 37,
    "speed": 8.469740942317127,
    "if_vehicle": true,
    "motion_state": true,
    "pose": [
      [
        -0.9922635092164862,
        -0.020452143512006894,
        -0.12245341197022117,
        -4.594087616535958
      ],
      [
        0.0237793465255996,
        -0.9993849962013218,
        -0.02577153558675739,
        7.221851644982507
      ],
      [
        -0.12185101951235322,
        -0.028484016455695337,
        0.9921396019967915,
        0.9920597190331009
      ],
      [
        0.0,
        0.0,
        0.0,
        1.0
      ]
    ],
    "location": [
      -4.594087616535958,
      7.221851644982507,
      0.9920597190331009
    ],
    "rotation": [
      -0.02870180196435349,
      0.12215458615849524,
      3.1176324901452177
    ]
  },
  {
    "label_id": "qsOSK4ye84s9KVEg0GJCIA",
    "size": [
      1.2190276449718442,
      0.14229253626876776,
      1.0700000000000003
    ],
    "obj_class": "sign",
    "point_num_in_lidar": 133,
    "speed": 0.029556451797087636,
    "if_vehicle": false,
    "motion_state": false,
    "pose": [
      [
        0.982138845783169,
        0.1428581446770051,
        -0.12245341197022117,
        -63.69834608930309
      ],
      [
        -0.14703950234548802,
        0.9887948284166396,
        -0.02577153558675739,
        11.478957121451003
      ],
      [
        0.11739962671872535,
        0.04331671497184611,
        0.9921396019967915,
        -3.3619760439983892
      ],
      [
        0.0,
        0.0,
        0.0,
        1.0
      ]
    ],
    "location": [
      -63.69834608930309,
      11.478957121451003,
      -3.3619760439983892
    ],
    "rotation": [
      0.043632189533187676,
      -0.11767099327965402,
      -0.14860979825728585
    ]
  }
]