[
  {
    "label_id": "03m1_4yDogjv1a32j58-Xw",
    "size": [
      0.7667118865565573,
      0.12568277703940112,
      0.7999999999999972
    ],
    "obj_class": "sign",
    "point_num_in_lidar": 54,
    "speed": 0.04048505884124164,
    "if_vehicle": false,
    "motion_state": false,
    "pose": [
      [
        -0.13786029242734316,
        0.9815765615436647,
        -0.1322951004382393,
        -39.27770466163838
      ],
      [
        -0.9903197228287612,
        -0.13878707888331784,
        0.002234571860807225,
        -13.521318491056718
      ],
      [
        -0.01616744717674499,
        0.13132250592778108,
        0.9912078556431215,
        -1.2501642322678421
      ],
      [
        0.0,
        0.0,
        0.0,
        1.0
      ]
    ],
    "location": [
      -39.27770466163838,
      -13.521318491056718,
      -1.2501642322678421
    ],
    "rotation": [
      0.13172023782727046,
      0.016168151584599548,
      -1.7091152744737848
    ]
  },
  {
    "label_id": "170VKlS7VXnt1oXUp73eZQ",
    "size": [
      2.055795238567421,
      4.416423805473926,
      1.8100000000000023
    ],
    "obj_class": "vehicle",
    "point_num_in_lidar": 3875,
    "speed": 5.198676960754265,
    "if_vehicle": true,
    "motion_state": true,
    "pose": [
      [
        -0.9911914370540392,
        -0.006127112760922725,
        -0.1322951004382393,
        -54.36760532563497
      ],
      [
        0.005883190976086798,
        -0.999980197180193,
        0.002234571860807225,
        7.17631747708856
      ],
      [
        -0.13230617209596754,
        0.0014365711528352854,
        0.9912078556431215,
        -4.397448609343243
      ],
      [
        0.0,
        0.0,
        0.0,
        1.0
      ]
    ],
    "location": [
      -54.36760532563497,
      7.17631747708856,
      -4.397448609343243
    ],
    "rotation": [
      0.001449312713588523,
      0.13269524634081917,
      3.1356572493180903
    ]
  },
  {
    "label_id": "BH4OMShbu-Oc4LF89f4Wrw",
    "size": [
      0.33560431039942334,
      0.08280675628239927,
      0.3300000000000054
    ],
    "obj_class": "sign",
    "point_num_in_lidar": 65,
    "speed": 0.018794615893006194,
    "if_vehicle": false,
    "motion_state": false,
    "pose": [
      [
        0.02981212099356883,
        -0.9907619511476513,
        -0.1322951004382393,
        -62.910467548986006
      ],
      [
        0.9995540304393505,
        0.029778296140793702,
        0.002234571860807225,
        -9.096527804751531
      ],
      [
        0.0017255939020329324,
        -0.13230271817710398,
        0.9912078556431215,
        -4.508148101531361
      ],
      [
        0.0,
        0.0,
        0.0,
        1.0
      ]
    ],
    "location": [
      -62.910467548986006,
      -9.096527804751531,
      -4.508148101531361
    ],
    "rotation": [
      -0.13269196051427185,
      -0.0017255947584101862,
      1.5409797436462014
    ]
  },
  {
    "label_id": "Rdb1vCnGQlWz1uA-96hHbA",
    "size": [
      0.7722966487266304,
      0.11395530429631151,
      0.3176800827494759
    ],
    "obj_class": "sign",
    "point_num_in_lidar": 112,
    "speed": 0.03911165437304798,
    "if_vehicle": false,
    "motion_state": false,
    "pose": [
      [
        0.9808881195013417,
        0.14267621883536816,
        -0.1322951004382393,
        -63.76372079614434
      ],
      [
        -0.14364590564528168,
        0.9896266268042436,
        0.002234571860807225,
        11.432507182311383
      ],
      [
        0.13124157425323926,
        0.016811784524446573,
        0.9912078556431215,
        -3.978459029539053
      ],
      [
        0.0,
        0.0,
        0.0,
        1.0
      ]
    ],
    "location": [
      -63.76372079614434,
      11.432507182311383,
      -3.978459029539053
    ],
    "rotation": [
      0.016959281155420267,
      -0.13162128327389602,
      -0.14541112036064083
    ]
  },
  {
    "label_id": "UCpETWEnRcpDUZxH8dmb0A",
    "size": [
      2.097534100366122,
      5.187154378416354,
      2.1000000000000014
    ],
    "obj_class": "vehicle",
    "point_num_in_lidar": 147,
    "speed": 7.625705937782601,
    "if_vehicle": true,
    "motion_state": true,
    "pose": [
      [
        -0.9912089636086225,
        -0.001672382120458576,
        -0.1322951004382393,
        -33.31195192646608
      ],
      [
        0.0013889638549221674,
        -0.9999965387280141,
        0.002234571860807225,
        7.1852753821167425
      ],
      [
        -0.13229837958694118,
        0.002031174545567708,
        0.9912078556431215,
        -2.0519448687549584
      ],
      [
        0.0,
        0.0,
        0.0,
        1.0
      ]
    ],
    "location": [
      -33.31195192646608,
      7.1852753821167425,
      -2.0519448687549584
    ],
    "rotation": [
      0.0020491884632657153,
      0.13268738472359187,
      3.140191371925888
    ]
  },
  {
    "label_id": "WC6x-ybikhMpu-vzUtg1IA",
    "size": [
      2.4972728332915795,
      5.335813831501511,
      1.7999999999999972
    ],
    "obj_class": "vehicle",
    "point_num_in_lidar": 144,
    "speed": 3.9488042147597154e-28,
    "if_vehicle": true,
    "motion_state": false,
    "pose": [
      [
        -0.8022783561123545,
        0.5821060433578182,
        -0.1322951004382393,
        -69.15081039097079
      ],
      [
        -0.5875078128350433,
        -0.8092154080010974,
        0.002234571860807225,
        51.649146168455445
      ],
      [
        -0.10575447589318276,
        0.07951715374636568,
        0.9912078556431215,
        -7.937501640423285
      ],
      [
        0.0,
        0.0,
        0.0,
        1.0
      ]
    ],
    "location": [
      -69.15081039097079,
      51.649146168455445,
      -7.937501640423285
    ],
    "rotation": [
      0.08005104835645947,
      0.10595260115222553,
      -2.5095166240935125
    ]
  },
  {
    "label_id": "ZlDzLDVP3MHuDX3DXim2MA",
    "size": [
      0.35345881172383714,
      0.09809439624064153,
      0.5700000000000003
    ],
    "obj_class": "sign",
    "point_num_in_lidar": 42,
    "speed": 0.02324992417844249,
    "if_vehicle": false,
    "motion_state": false,
    "pose": [
      [
        -0.9897019307910225,
        0.05466346667161146,
        -0.1322951004382393,
        -46.95657601475472
      ],
      [
        -0.05544584904022152,
        -0.9984591952167138,
        0.002234571860807225,
        15.27661278742653
      ],
      [
        -0.13196911007024018,
        0.009546774252791757,
        0.9912078556431215,
        -1.7607394936725385
      ],
      [
        0.0,
        0.0,
        0.0,
        1.0
      ]
    ],
    "location": [
      -46.95657601475472,
      15.27661278742653,
      -1.7607394936725385
    ],
    "rotation": [
      0.009631157595163522,
      0.13235520259818034,
      -3.0856283781264793
    ]
  },
  {
    "label_id": "a6mVcnJmYDF0vCt6IieKfg",
    "size": [
      0.6924727713451876,
      0.12463527588445195,
      0.8900000000000006
    ],
    "obj_class": "sign",
    "point_num_in_lidar": 32,
    "speed": 0.02136078073163078,
    "if_vehicle": false,
    "motion_state": false,
    "pose": [
      [
        0.9603398291830634,
        0.245449422253712,
        -0.1322951004382393,
        -56.198168458204506
      ],
      [
        -0.24733637672980513,
        0.9689270991332479,
        0.002234571860807225,
        15.393359161145327
      ],
      [
        0.1287327822693844,
        0.03057544244239487,
        0.9912078556431215,
        -2.7255368693594093
      ],
      [
        0.0,
        0.0,
        0.0,
        1.0
      ]
    ],
    "location": [
      -56.198168458204506,
      15.393359161145327,
      -2.7255368693594093
    ],
    "rotation": [
      0.030836872537225703,
      -0.12909102303573478,
      -0.2520726591933325
    ]
  },
  {
    "label_id": "co1dJwoLOU11roqf1fwzxQ",
    "size": [
      2.144707548147232,
      4.660661753203472,
      1.7000000000000028
    ],
    "obj_class": "vehicle",
    "point_num_in_lidar": 24,
    "speed": 8.011320465555583,
    "if_vehicle": true,
    "motion_state": true,
    "pose": [
      [
        -0.9911598396927326,
        -0.01000892503282926,
        -0.1322951004382393,
        4.791694877585428
      ],
      [
        0.009799425038533184,
        -0.9999494877030104,
        0.002234571860807225,
        6.917883538684691
      ],
      [
        -0.13231078357107098,
        0.0009184019676298356,
        0.9912078556431215,
        1.8640263376234998
      ],
      [
        0.0,
        0.0,
        0.0,
        1.0
      ]
    ],
    "location": [
      4.791694877585428,
      6.917883538684691,
      1.8640263376234998
    ],
    "rotation": [
      0.0009265480490169998,
      0.13269989871687313,
      3.1317061495476732
    ]
  },
  {
    "label_id": "nCqTUUNfzB7EgQ2qE5wQiA",
    "size": [
      2.0645621567893464,
      4.804121043311283,
      2.1000000000000014
    ],
    "obj_class": "vehicle",
    "point_num_in_lidar": 54,
    "speed": 0.0,
    "if_vehicle": true,
    "motion_state": false,
    "pose": [
      [
        0.990014382199268,
        0.04867781259093399,
        -0.1322951004382393,
        -64.00986951651039
      ],
      [
        -0.0488114571142948,
        0.9988055107692279,
        0.002234571860807225,
        30.595447589890227
      ],
      [
        0.13224584943574325,
        0.004245258341215507,
        0.9912078556431215,
        -7.299074277575897
      ],
      [
        0.0,
        0.0,
        0.0,
        1.0
      ]
    ],
    "location": [
      -64.00986951651039,
      30.595447589890227,
      -7.299074277575897
    ],
    "rotation": [
      0.004282888154996976,
      -0.13263438892170368,
      -0.04926389378879206
    ]
  },
  {
    "label_id": "ofkYfHnWHHQDRI20sUmvew",
    "size": [
      2.197977036775803,
      4.688364245363275,
      2.1400000000000006
    ],
    "obj_class": "vehicle",
    "point_num_in_lidar": 122,
    "speed": 8.038471199593499,
    "if_vehicle": true,
    "motion_state": true,
    "pose": [
      [
        -0.991208741785086,
        -0.0017990577708906171,
        -0.1322951004382393,
        -15.398615410609409
      ],
      [
        0.001516762552308975,
        -0.9999963530533292,
        0.002234571860807225,
        7.278880851813028
      ],
      [
        -0.132298638088934,
        0.0020142669083804115,
        0.9912078556431215,
        0.09204253133197682
      ],
      [
        0.0,
        0.0,
        0.0,
        1.0
      ]
    ],
    "location": [
      -15.398615410609409,
      7.278880851813028,
      0.09204253133197682
    ],
    "rotation": [
      0.002032130924140709,
      0.13268764551798842,
      3.1400624397160573
    ]
  },
  {
    "label_id": "qsOSK4ye84s9KVEg0GJCIA",
    "size": [
      1.2190276449718462,
      0.14229253626876776,
      1.0700000000000003
    ],
    "obj_class": "sign",
    "point_num_in_lidar": 31,
    "speed": 0.06441230398306394,
    "if_vehicle": false,
    "motion_state": false,
    "pose": [
      [
        0.9808881195013417,
        0.1426762188353677,
        -0.1322951004382393,
        -63.75955445300475
      ],
      [
        -0.14364590564528124,
        0.9896266268042436,
        0.002234571860807225,
        11.433200909814786
      ],
      [
        0.13124157425323926,
        0.016811784524446514,
        0.9912078556431215,
        -3.2489013014139445
      ],
      [
        0.0,
        0.0,
        0.0,
        1.0
      ]
    ],
    "location": [
      -63.75955445300475,
      11.433200909814786,
      -3.2489013014139445
    ],
    "rotation": [
      0.016959281155420208,
      -0.13162128327389602,
      -0.14541112036064038
    ]
  }
]