[
  {
    "label_id": "06oJx2woe2nwYEI99EbVPQ",
    "size": [
      1.0307719042655274,
      0.13789226180202263,
      1.1199999999999974
    ],
    "obj_class": "sign",
    "point_num_in_lidar": 53,
    "speed": 0.07978298385836977,
    "if_vehicle": false,
    "motion_state": false,
    "pose": [
      [
        -0.9930727125670262,
        0.015382766786336407,
        -0.11649016284976878,
        -64.0913881341436
      ],
      [
        -0.012691016448667884,
        -0.9996358563250892,
        -0.023813711401320062,
        3.9574198717186846
      ],
      [
        -0.11681406446258133,
        -0.02217036840476282,
        0.9929063143663299,
        -3.7338155704274314
      ],
      [
        0.0,
        0.0,
        0.0,
        1.0
      ]
    ],
    "location": [
      -64.0913881341436,
      3.9574198717186846,
      -3.7338155704274314
    ],
    "rotation": [
      -0.022325051886313653,
      0.11708137403420249,
      -3.1288138052027614
    ]
  },
  {
    "label_id": "3-uaYH0Lr8WR5oJSmpvV_Q",
    "size": [
      2.1740153628226793,
      4.67332422140013,
      1.7299999999999969
    ],
    "obj_class": "vehicle",
    "point_num_in_lidar": 153,
    "speed": 7.037682605220908e-28,
    "if_vehicle": true,
    "motion_state": false,
    "pose": [
      [
        0.9922544271766398,
        -0.04314155430200287,
        -0.11649016284976878,
        -126.47425014331857
      ],
      [
        0.04063435171452555,
        0.9988902625464096,
        -0.023813711401320062,
        26.526286691172118
      ],
      [
        0.1173882498766318,
        0.018895758316946794,
        0.9929063143663299,
        -10.605255423322774
      ],
      [
        0.0,
        0.0,
        0.0,
        1.0
      ]
    ],
    "location": [
      -126.47425014331857,
      26.526286691172118,
      -10.605255423322774
    ],
    "rotation": [
      0.019028459565769696,
      -0.11765953722381406,
      0.040928675584917584
    ]
  },
  {
    "label_id": "BEdb6B0TsbLv_dw9_utEEQ",
    "size": [
      0.9750257652190029,
      0.10077969972030587,
      1.0300000000000011
    ],
    "obj_class": "sign",
    "point_num_in_lidar": 36,
    "speed": 0.03004649703669975,
    "if_vehicle": false,
    "motion_state": false,
    "pose": [
      [
        -0.9917646000713378,
        -0.05322612144965999,
        -0.11649016284976878,
        -68.00642511964769
      ],
      [
        0.05636463541413261,
        -0.9981262119711749,
        -0.023813711401320062,
        -7.599880463996669
      ],
      [
        -0.11500437348193117,
        -0.0301835215225046,
        0.9929063143663299,
        -4.352544940040218
      ],
      [
        0.0,
        0.0,
        0.0,
        1.0
      ]
    ],
    "location": [
      -68.00642511964769,
      -7.599880463996669,
      -4.352544940040218
    ],
    "rotation": [
      -0.030389804773041956,
      0.11525940236032513,
      3.0848210490127075
    ]
  },
  {
    "label_id": "G53IohtzdZVOl4YvvUb18Q",
    "size": [
      2.167508928434621,
      4.783770945130001,
      1.6899999999999977
    ],
    "obj_class": "vehicle",
    "point_num_in_lidar": 77,
    "speed": 5.231391835150885,
    "if_vehicle": true,
    "motion_state": true,
    "pose": [
      [
        -0.9931468776807076,
        0.009450995307169472,
        -0.11649016284976878,
        -81.6504909452345
      ],
      [
        -0.006720092160868308,
        -0.9996938268843337,
        -0.023813711401320062,
        7.260838810390396
      ],
      [
        -0.11667955996836475,
        -0.022867688494025484,
        0.9929063143663299,
        -8.749763604913284
      ],
      [
        0.0,
        0.0,
        0.0,
        1.0
      ]
    ],
    "location": [
      -81.6504909452345,
      7.260838810390396,
      -8.749763604913284
    ],
    "rotation": [
      -0.02302699279311795,
      0.11694594342608024,
      -3.1348262932911966
    ]
  },
  {
    "label_id": "HVMTX6IDy1OoZQr0D_IX3A",
    "size": [
      2.4405292687788025,
      5.989695771313092,
      2.759999999999998
    ],
    "obj_class": "vehicle",
    "point_num_in_lidar": 51,
    "speed": 7.073627653690967,
    "if_vehicle": true,
    "motion_state": true,
    "pose": [
      [
        -0.9931704073508818,
        0.006525635732838719,
        -0.11649016284976878,
        -45.40146452928276
      ],
      [
        -0.003775460365017871,
        -0.9997092842663445,
        -0.023813711401320062,
        7.219186377038113
      ],
      [
        -0.11661169693266421,
        -0.023211269460231606,
        0.9929063143663299,
        -3.70162272971249
      ],
      [
        0.0,
        0.0,
        0.0,
        1.0
      ]
    ],
    "location": [
      -45.40146452928276,
      7.219186377038113,
      -3.70162272971249
    ],
    "rotation": [
      -0.023372842208396104,
      0.11687761394592094,
      -3.137791249368449
    ]
  },
  {
    "label_id": "VIIeeFo_Hyq9IQOx6RtdWw",
    "size": [
      2.0315760495824544,
      4.711637361176489,
      1.6800000000000033
    ],
    "obj_class": "vehicle",
    "point_num_in_lidar": 3828,
    "speed": 2.057366559418284,
    "if_vehicle": true,
    "motion_state": true,
    "pose": [
      [
        -0.9931913956913279,
        0.0009452427977262426,
        -0.11649016284976878,
        -122.91643987658104
      ],
      [
        0.001841628905595181,
        -0.999714717082963,
        -0.023813711401320062,
        7.324921394247667
      ],
      [
        -0.1164794399354941,
        -0.02386610491438918,
        0.9929063143663299,
        -12.874606971483281
      ],
      [
        0.0,
        0.0,
        0.0,
        1.0
      ]
    ],
    "location": [
      -122.91643987658104,
      7.324921394247667,
      -12.874606971483281
    ],
    "rotation": [
      -0.024031985574075328,
      0.11674444947881153,
      3.1397384019290113
    ]
  },
  {
    "label_id": "bTWYo0SbANPjPzSQJKVNVA",
    "size": [
      2.2755535038451873,
      5.576525301256698,
      2.4299999999999997
    ],
    "obj_class": "vehicle",
    "point_num_in_lidar": 519,
    "speed": 4.730968626062013,
    "if_vehicle": true,
    "motion_state": true,
    "pose": [
      [
        -0.9931891862163182,
        -0.0022983346583639623,
        -0.11649016284976878,
        -92.12299748250364
      ],
      [
        0.005106495415204384,
        -0.9997033714326811,
        -0.023813711401320062,
        7.411101671261349
      ],
      [
        -0.11640087666139796,
        -0.02424637712997609,
        0.9929063143663299,
        -9.053949502520375
      ],
      [
        0.0,
        0.0,
        0.0,
        1.0
      ]
    ],
    "location": [
      -92.12299748250364,
      7.411101671261349,
      -9.053949502520375
    ],
    "rotation": [
      -0.02441474990557742,
      0.11666534813434534,
      3.1364511855897583
    ]
  },
  {
    "label_id": "dwoHaw6myfE0P1jPfk-pow",
    "size": [
      1.9625489013256838,
      4.417269400250496,
      1.8900000000000006
    ],
    "obj_class": "vehicle",
    "point_num_in_lidar": 3629,
    "speed": 1.7694845150192668,
    "if_vehicle": true,
    "motion_state": true,
    "pose": [
      [
        -0.992961416288756,
        0.02139316996291734,
        -0.11649016284976878,
        -113.12890221784478
      ],
      [
        -0.018741193100791934,
        -0.9995407319516567,
        -0.023813711401320062,
        7.794446314986999
      ],
      [
        -0.11694611341548186,
        -0.021462931963836248,
        0.9929063143663299,
        -11.710942330201085
      ],
      [
        0.0,
        0.0,
        0.0,
        1.0
      ]
    ],
    "location": [
      -113.12890221784478,
      7.794446314986999,
      -11.710942330201085
    ],
    "rotation": [
      -0.02161290510933284,
      0.11721433429229536,
      -3.1227208546647685
    ]
  },
  {
    "label_id": "nCqTUUNfzB7EgQ2qE5wQiA",
    "size": [
      2.064562156789346,
      4.804121043311283,
      2.1000000000000014
    ],
    "obj_class": "vehicle",
    "point_num_in_lidar": 53,
    "speed": 0.0,
    "if_vehicle": true,
    "motion_state": false,
    "pose": [
      [
        0.9919934624151366,
        0.04877512157712619,
        -0.11649016284976878,
        -64.00986951651039
      ],
      [
        -0.05188505671910556,
        0.998369094092235,
        -0.023813711401320062,
        30.59544758989159
      ],
      [
        0.11513866168617859,
        0.0296671447326284,
        0.9929063143663299,
        -7.690803773471508
      ],
      [
        0.0,
        0.0,
        0.0,
        1.0
      ]
    ],
    "location": [
      -64.00986951651039,
      30.59544758989159,
      -7.690803773471508
    ],
    "rotation": [
      0.029870210792430445,
      -0.1153945885783921,
      -0.052256211732596876
    ]
  },
  {
    "label_id": "pTU1q2T9wwqewKlC7EFonQ",
    "size": [
      2.209029595855522,
      4.675060998594066,
      2.0900000000000034
    ],
    "obj_class": "vehicle",
    "point_num_in_lidar": 44,
    "speed": 5.97103338802389,
    "if_vehicle": true,
    "motion_state": true,
    "pose": [
      [
        -0.9931208046129043,
        0.01187894794380735,
        -0.11649016284976878,
        -70.14294169466795
      ],
      [
        -0.009164058513968853,
        -0.9996744105861904,
        -0.023813711401320062,
        7.313798778025557
      ],
      [
        -0.11673511672401705,
        -0.022582369559041433,
        0.9929063143663299,
        -6.637735983923889
      ],
      [
        0.0,
        0.0,
        0.0,
        1.0
      ]
    ],
    "location": [
      -70.14294169466795,
      7.313798778025557,
      -6.637735983923889
    ],
    "rotation": [
      -0.022739785885626328,
      0.11700188244949238,
      -3.132365378935982
    ]
  }
]