[
  {
    "label_id": "6ml5ClD5s2PKmp8ljSnzIQ",
    "size": [
      2.4561349525412264,
      4.968617835969263,
      2.1799999999999997
    ],
    "obj_class": "vehicle",
    "point_num_in_lidar": 1200,
    "speed": 13.188657619283687,
    "if_vehicle": true,
    "motion_state": true,
    "pose": [
      [
        -0.9991329917180565,
        0.0008165779057129106,
        -0.04162448871818143,
        102.26390674079275
      ],
      [
        -0.00019276201018067745,
        -0.9998876465975608,
        -0.014988563119885931,
        6.663469266484299
      ],
      [
        -0.04163205139473124,
        -0.014967544291408496,
        0.9990208931321461,
        9.337726221206552
      ],
      [
        0.0,
        0.0,
        0.0,
        1.0
      ]
    ],
    "location": [
      102.26390674079275,
      6.663469266484299,
      9.337726221206552
    ],
    "rotation": [
      -0.014981092627698015,
      0.0416440870885027,
      -3.1413997243107215
    ]
  },
  {
    "label_id": "9k7q6W3YVZ9BrhDXdV2b2g",
    "size": [
      2.066197299476376,
      4.459011923071742,
      1.9500000000000028
    ],
    "obj_class": "vehicle",
    "point_num_in_lidar": 490,
    "speed": 1.4918442231824527,
    "if_vehicle": true,
    "motion_state": true,
    "pose": [
      [
        -0.9985357530007947,
        0.03455071516026333,
        -0.04162448871818143,
        107.67768526235069
      ],
      [
        -0.033952735015059084,
        -0.999311040047391,
        -0.014988563119885931,
        3.297220714696323
      ],
      [
        -0.042113676687423586,
        -0.013553350925729507,
        0.9990208931321461,
        9.505060007504817
      ],
      [
        0.0,
        0.0,
        0.0,
        1.0
      ]
    ],
    "location": [
      107.67768526235069,
      3.297220714696323,
      9.505060007504817
    ],
    "rotation": [
      -0.013565801873157774,
      0.04212613516758822,
      -3.107603225649614
    ]
  },
  {
    "label_id": "e52Qi6Lg23eDuv7NfMWtvg",
    "size": [
      2.186694236226043,
      4.183789935620974,
      1.5399999999999991
    ],
    "obj_class": "vehicle",
    "point_num_in_lidar": 38,
    "speed": 2.1316282072803006e-13,
    "if_vehicle": true,
    "motion_state": false,
    "pose": [
      [
        -0.11803568577526674,
        -0.9921365726665419,
        -0.04162448871818143,
        94.30448287091347
      ],
      [
        0.9929592055633253,
        -0.11750471932076291,
        -0.014988563119885931,
        -36.88068470370854
      ],
      [
        0.009979627779259585,
        -0.04310060457622664,
        0.9990208931321461,
        6.176026103057524
      ],
      [
        0.0,
        0.0,
        0.0,
        1.0
      ]
    ],
    "location": [
      94.30448287091347,
      -36.88068470370854,
      6.176026103057524
    ],
    "rotation": [
      -0.04311610855266219,
      -0.009979793436813298,
      1.6891137521434159
    ]
  },
  {
    "label_id": "iA32QxC68VGCxx5VBesAmw",
    "size": [
      1.040863944256971,
      0.1081393761073424,
      1.0300000000000011
    ],
    "obj_class": "sign",
    "point_num_in_lidar": 55,
    "speed": 0.007463433995906391,
    "if_vehicle": false,
    "motion_state": false,
    "pose": [
      [
        0.9825587663172684,
        0.18123375147040777,
        -0.04162448871818143,
        105.73770352652741
      ],
      [
        -0.18198462030287352,
        0.9831871342469958,
        -0.014988563119885931,
        11.502731088101427
      ],
      [
        0.03820822825395728,
        0.022302160862623117,
        0.9990208931321461,
        11.343241607661582
      ],
      [
        0.0,
        0.0,
        0.0,
        1.0
      ]
    ],
    "location": [
      105.73770352652741,
      11.502731088101427,
      11.343241607661582
    ],
    "rotation": [
      0.02232031109157815,
      -0.038217530865979024,
      -0.1831396417935812
    ]
  },
  {
    "label_id": "mvqBSJukjTsT1Iuikae70A",
    "size": [
      0.4213144193278218,
      0.07597041471035482,
      0.490000000000002
    ],
    "obj_class": "sign",
    "point_num_in_lidar": 25,
    "speed": 0.0029753945133627465,
    "if_vehicle": false,
    "motion_state": false,
    "pose": [
      [
        -0.1134771312382491,
        -0.9926682943586378,
        -0.04162448871818143,
        91.47951385307752
      ],
      [
        0.9934884796198556,
        -0.11294239167924917,
        -0.014988563119885931,
        -15.626228912919942
      ],
      [
        0.010177502078846613,
        -0.043054309155807984,
        0.9990208931321461,
        8.841026103057182
      ],
      [
        0.0,
        0.0,
        0.0,
        1.0
      ]
    ],
    "location": [
      91.47951385307752,
      -15.626228912919942,
      8.841026103057182
    ],
    "rotation": [
      -0.04306985376149356,
      -0.010177677787274447,
      1.6845243378902965
    ]
  },
  {
    "label_id": "r4FEv2rqXomM5XcOxu83iw",
    "size": [
      0.4213144193278218,
      0.07597041471035482,
      0.6099999999999994
    ],
    "obj_class": "sign",
    "point_num_in_lidar": 69,
    "speed": 0.02663557748042913,
    "if_vehicle": false,
    "motion_state": false,
    "pose": [
      [
        -0.1134771312382491,
        -0.9926682943586378,
        -0.04162448871818143,
        91.4798057120918
      ],
      [
        0.9934884796198556,
        -0.11294239167924917,
        -0.014988563119885931,
        -15.614122927969674
      ],
      [
        0.010177502078846613,
        -0.043054309155807984,
        0.9990208931321461,
        9.901026103057184
      ],
      [
        0.0,
        0.0,
        0.0,
        1.0
      ]
    ],
    "location": [
      91.4798057120918,
      -15.614122927969674,
      9.901026103057184
    ],
    "rotation": [
      -0.04306985376149356,
      -0.010177677787274447,
      1.6845243378902965
    ]
  },
  {
    "label_id": "xKO6JilKnNqkY7hRBEDvdA",
    "size": [
      2.2382891645357494,
      4.8140351164247,
      2.049999999999997
    ],
    "obj_class": "vehicle",
    "point_num_in_lidar": 67,
    "speed": 0.40469668310238005,
    "if_vehicle": true,
    "motion_state": false,
    "pose": [
      [
        0.0034342990785290943,
        -0.9991274230691444,
        -0.04162448871818143,
        128.54453922579944
      ],
      [
        0.999879417057398,
        0.0040613200513114674,
        -0.014988563119885931,
        14.140730313767108
      ],
      [
        0.015144534816137584,
        -0.04156799430633639,
        0.9990208931321461,
        10.297527482062065
      ],
      [
        0.0,
        0.0,
        0.0,
        1.0
      ]
    ],
    "location": [
      128.54453922579944,
      14.140730313767108,
      10.297527482062065
    ],
    "rotation": [
      -0.04158474639964471,
      -0.015145113793243554,
      1.5673616270551711
    ]
  }
]