[
  {
    "label_id": "1EZ_t8rM6nDEZKp6aWCqhQ",
    "size": [
      2.01356675273259,
      4.10337175740139,
      1.6300000000000026
    ],
    "obj_class": "vehicle",
    "point_num_in_lidar": 20,
    "speed": 1.4052275878084876e-29,
    "if_vehicle": true,
    "motion_state": false,
    "pose": [
      [
        -0.5443837713039968,
        0.8376798635388664,
        -0.04403130434525081,
        95.73158671007715
      ],
      [
        -0.837961761991069,
        -0.5454627769676932,
        -0.017042428920662604,
        -68.13206317239838
      ],
      [
        -0.03829353707430164,
        0.027618927643900767,
        0.9988847780670903,
        3.5460249329388986
      ],
      [
        0.0,
        0.0,
        0.0,
        1.0
      ]
    ],
    "location": [
      95.73158671007715,
      -68.13206317239838,
      3.5460249329388986
    ],
    "rotation": [
      0.027642720328633266,
      0.03830290216386553,
      -2.1469270674037375
    ]
  },
  {
    "label_id": "9k7q6W3YVZ9BrhDXdV2b2g",
    "size": [
      2.0661972994764324,
      4.459011923071742,
      1.9500000000000028
    ],
    "obj_class": "vehicle",
    "point_num_in_lidar": 5202,
    "speed": 1.715762504637238,
    "if_vehicle": true,
    "motion_state": true,
    "pose": [
      [
        -0.9969570925149406,
        0.06432573296754876,
        -0.04403130434525081,
        106.15121844853738
      ],
      [
        -0.06362924007947914,
        -0.9978280790914796,
        -0.017042428920662604,
        3.211823465001089
      ],
      [
        -0.045031938566582906,
        -0.014188891950939747,
        0.9988847780670903,
        9.493727022860718
      ],
      [
        0.0,
        0.0,
        0.0,
        1.0
      ]
    ],
    "location": [
      106.15121844853738,
      3.211823465001089,
      9.493727022860718
    ],
    "rotation": [
      -0.014203778112713646,
      0.04504717233291869,
      -3.077855653644744
    ]
  },
  {
    "label_id": "e52Qi6Lg23eDuv7NfMWtvg",
    "size": [
      2.186694236226042,
      4.183789935620974,
      1.5399999999999991
    ],
    "obj_class": "vehicle",
    "point_num_in_lidar": 87,
    "speed": 2.1316282072803006e-13,
    "if_vehicle": true,
    "motion_state": false,
    "pose": [
      [
        -0.11802349704604226,
        -0.9920341215818531,
        -0.04403130434525081,
        94.30448287091346
      ],
      [
        0.9929414191457024,
        -0.11737501336060678,
        -0.017042428920662604,
        -36.88068470370854
      ],
      [
        0.011738496068121936,
        -0.04573191288278488,
        0.9988847780670903,
        6.176026103057509
      ],
      [
        0.0,
        0.0,
        0.0,
        1.0
      ]
    ],
    "location": [
      94.30448287091346,
      -36.88068470370854,
      6.176026103057509
    ],
    "rotation": [
      -0.04575102296275734,
      -0.01173876566388125,
      1.6891037474770478
    ]
  },
  {
    "label_id": "eFKKTSWfcPscJza-4z0CYQ",
    "size": [
      2.1191709356720465,
      4.470771958754,
      1.5600000000000023
    ],
    "obj_class": "vehicle",
    "point_num_in_lidar": 139,
    "speed": 13.413971780498526,
    "if_vehicle": true,
    "motion_state": true,
    "pose": [
      [
        -0.998971673700608,
        -0.010809226681966641,
        -0.04403130434525081,
        108.1781177305335
      ],
      [
        0.011569230625982866,
        -0.9997878317519208,
        -0.017042428920662604,
        6.3291122810064735
      ],
      [
        -0.04383774682313248,
        -0.017534312057531014,
        0.9988847780670903,
        9.329954606996061
      ],
      [
        0.0,
        0.0,
        0.0,
        1.0
      ]
    ],
    "location": [
      108.1781177305335,
      6.3291122810064735,
      9.329954606996061
    ],
    "rotation": [
      -0.017552085859741214,
      0.043851799830100374,
      3.1300120314964617
    ]
  },
  {
    "label_id": "iA32QxC68VGCxx5VBesAmw",
    "size": [
      1.040863944256969,
      0.1081393761073424,
      1.0300000000000011
    ],
    "obj_class": "sign",
    "point_num_in_lidar": 49,
    "speed": 0.007463433995919012,
    "if_vehicle": false,
    "motion_state": false,
    "pose": [
      [
        0.9824573042664219,
        0.18121503671387584,
        -0.04403130434525081,
        105.74500284188605
      ],
      [
        -0.18210323174939333,
        0.9831317147782951,
        -0.017042428920662604,
        11.501177332883344
      ],
      [
        0.04020022736231993,
        0.024761701594957563,
        0.9988847780670903,
        11.343241607661561
      ],
      [
        0.0,
        0.0,
        0.0,
        1.0
      ]
    ],
    "location": [
      105.74500284188605,
      11.501177332883344,
      11.343241607661561
    ],
    "rotation": [
      0.024784271308476796,
      -0.04021106289576935,
      -0.18327485699981852
    ]
  },
  {
    "label_id": "nryABGfB5UUIN0cX13flUg",
    "size": [
      1.9801360886642785,
      4.19189121530486,
      1.6000000000000014
    ],
    "obj_class": "vehicle",
    "point_num_in_lidar": 170,
    "speed": 4.9895141603363697e-29,
    "if_vehicle": true,
    "motion_state": false,
    "pose": [
      [
        -0.3345333030536089,
        -0.9413547224004871,
        -0.04403130434525081,
        89.57770776087548
      ],
      [
        0.9423829873303632,
        -0.33410157258951134,
        -0.017042428920662604,
        -34.8889699928427
      ],
      [
        0.0013320429207247,
        -0.047195612163815466,
        0.9988847780670903,
        6.228195984100708
      ],
      [
        0.0,
        0.0,
        0.0,
        1.0
      ]
    ],
    "location": [
      89.57770776087548,
      -34.8889699928427,
      6.228195984100708
    ],
    "rotation": [
      -0.04721319245362971,
      -0.001332043314640819,
      1.9119065981086223
    ]
  },
  {
    "label_id": "xKO6JilKnNqkY7hRBEDvdA",
    "size": [
      2.2382891645358005,
      4.8140351164247,
      2.049999999999997
    ],
    "obj_class": "vehicle",
    "point_num_in_lidar": 231,
    "speed": 0.553595101637406,
    "if_vehicle": true,
    "motion_state": false,
    "pose": [
      [
        0.001288997903944829,
        -0.9990293202514428,
        -0.04403130434525081,
        128.54612474004344
      ],
      [
        0.999852683729444,
        0.00204118972970245,
        -0.017042428920662604,
        13.645234280453224
      ],
      [
        0.017115762426258018,
        -0.04400285016255009,
        0.9988847780670903,
        10.308460048007575
      ],
      [
        0.0,
        0.0,
        0.0,
        1.0
      ]
    ],
    "location": [
      128.54612474004344,
      13.645234280453224,
      10.308460048007575
    ],
    "rotation": [
      -0.04402351561229745,
      -0.01711659821161241,
      1.5695071396868214
    ]
  },
  {
    "label_id": "ys0pv2LT39iDoJL_KL5SBA",
    "size": [
      2.013566752732589,
      4.10337175740139,
      1.5
    ],
    "obj_class": "vehicle",
    "point_num_in_lidar": 25,
    "speed": 3.047366562586358e-28,
    "if_vehicle": true,
    "motion_state": false,
    "pose": [
      [
        -0.5443837713039972,
        0.8376798635388661,
        -0.04403130434525081,
        98.26233373249981
      ],
      [
        -0.8379617619910688,
        -0.5454627769676935,
        -0.017042428920662604,
        -69.56444267602956
      ],
      [
        -0.038293537074301644,
        0.027618927643900747,
        0.9988847780670903,
        3.056026103057171
      ],
      [
        0.0,
        0.0,
        0.0,
        1.0
      ]
    ],
    "location": [
      98.26233373249981,
      -69.56444267602956,
      3.056026103057171
    ],
    "rotation": [
      0.027642720328633245,
      0.03830290216386554,
      -2.146927067403738
    ]
  }
]