[
  {
    "label_id": "6ml5ClD5s2PKmp8ljSnzIQ",
    "size": [
      2.456134952541039,
      4.968617835969263,
      2.1799999999999997
    ],
    "obj_class": "vehicle",
    "point_num_in_lidar": 156,
    "speed": 13.899833308760797,
    "if_vehicle": true,
    "motion_state": true,
    "pose": [
      [
        -0.9988322588532178,
        -0.0009440494566430479,
        -0.048303493091101,
        111.85366019950538
      ],
      [
        0.0018805207490282035,
        -0.9998110904149603,
        -0.019345467814467558,
        6.72863239289336
      ],
      [
        -0.04827610501988643,
        -0.019413713036705204,
        0.9986453451702648,
        9.5377316459777
      ],
      [
        0.0,
        0.0,
        0.0,
        1.0
      ]
    ],
    "location": [
      111.85366019950538,
      6.72863239289336,
      9.5377316459777
    ],
    "rotation": [
      -0.019437599248087377,
      0.048294876619605784,
      3.1397099365365073
    ]
  },
  {
    "label_id": "9k7q6W3YVZ9BrhDXdV2b2g",
    "size": [
      2.066197299476722,
      4.459011923071742,
      1.9500000000000028
    ],
    "obj_class": "vehicle",
    "point_num_in_lidar": 162,
    "speed": 1.243691475310538,
    "if_vehicle": true,
    "motion_state": true,
    "pose": [
      [
        -0.9982222820499842,
        0.03491487038669731,
        -0.048303493091101,
        108.62071528828366
      ],
      [
        -0.03401414304510665,
        -0.9992341021742335,
        -0.019345467814467558,
        3.3386258886584983
      ],
      [
        -0.048941942052077754,
        -0.017668075105503292,
        0.9986453451702648,
        9.507059719033279
      ],
      [
        0.0,
        0.0,
        0.0,
        1.0
      ]
    ],
    "location": [
      108.62071528828366,
      3.3386258886584983,
      9.507059719033279
    ],
    "rotation": [
      -0.017690196142986236,
      0.048961501693235765,
      -3.1075311140242157
    ]
  },
  {
    "label_id": "iA32QxC68VGCxx5VBesAmw",
    "size": [
      1.0408639442569707,
      0.1081393761073424,
      1.0300000000000011
    ],
    "obj_class": "sign",
    "point_num_in_lidar": 29,
    "speed": 0.007463433808563133,
    "if_vehicle": false,
    "motion_state": false,
    "pose": [
      [
        0.9822631328719629,
        0.18117922164463177,
        -0.048303493091101,
        105.73259337382694
      ],
      [
        -0.18227695933137206,
        0.9830568971183451,
        -0.019345467814467558,
        11.503818851270353
      ],
      [
        0.04398008523713866,
        0.02780695366804245,
        0.9986453451702648,
        11.343241607661561
      ],
      [
        0.0,
        0.0,
        0.0,
        1.0
      ]
    ],
    "location": [
      105.73259337382694,
      11.503818851270353,
      11.343241607661561
    ],
    "rotation": [
      0.02783748070369019,
      -0.04399427565668369,
      -0.1834812625757057
    ]
  },
  {
    "label_id": "qVvsoCqTU314twt0gkBnKw",
    "size": [
      1.9164102153358569,
      4.25424435189991,
      1.8599999999999994
    ],
    "obj_class": "vehicle",
    "point_num_in_lidar": 2844,
    "speed": 13.69230861213806,
    "if_vehicle": true,
    "motion_state": true,
    "pose": [
      [
        -0.9988184329433153,
        0.005339528804858716,
        -0.048303493091101,
        89.66329203652383
      ],
      [
        -0.004409233780394978,
        -0.9998031363886138,
        -0.019345467814467558,
        6.701607997647898
      ],
      [
        -0.04839727957364733,
        -0.019109628453553466,
        0.9986453451702648,
        8.647730513732661
      ],
      [
        0.0,
        0.0,
        0.0,
        1.0
      ]
    ],
    "location": [
      89.66329203652383,
      6.701607997647898,
      8.647730513732661
    ],
    "rotation": [
      -0.0191332154154829,
      0.04841619298026602,
      -3.137178232516
    ]
  }
]