[
  {
    "label_id": "6ml5ClD5s2PKmp8ljSnzIQ",
    "size": [
      2.4561349525410803,
      4.968617835969263,
      2.1799999999999997
    ],
    "obj_class": "vehicle",
    "point_num_in_lidar": 7607,
    "speed": 12.859361476767745,
    "if_vehicle": true,
    "motion_state": true,
    "pose": [
      [
        -0.9991392715791664,
        -0.0022164721635807537,
        -0.04142225536352514,
        95.92386923698382
      ],
      [
        0.0029135258833607293,
        -0.9998550412485714,
        -0.01677521554986629,
        6.674686827434925
      ],
      [
        -0.04137906904680194,
        -0.016881461458225718,
        0.9990008953468733,
        9.142725097213045
      ],
      [
        0.0,
        0.0,
        0.0,
        1.0
      ]
    ],
    "location": [
      95.92386923698382,
      6.674686827434925,
      9.142725097213045
    ],
    "rotation": [
      -0.01689673648494275,
      0.04139088655014079,
      3.1386766260567773
    ]
  },
  {
    "label_id": "9k7q6W3YVZ9BrhDXdV2b2g",
    "size": [
      2.066197299476507,
      4.459011923071742,
      1.9500000000000028
    ],
    "obj_class": "vehicle",
    "point_num_in_lidar": 1781,
    "speed": 1.58260506646267,
    "if_vehicle": true,
    "motion_state": true,
    "pose": [
      [
        -0.9983486880170792,
        0.039800677069309905,
        -0.04142225536352514,
        106.8510340291
      ],
      [
        -0.039134339033690194,
        -0.9990931366252356,
        -0.01677521554986629,
        3.2627357983233196
      ],
      [
        -0.042052355974104116,
        -0.015126481850476433,
        0.9990008953468733,
        9.500060778751518
      ],
      [
        0.0,
        0.0,
        0.0,
        1.0
      ]
    ],
    "location": [
      106.8510340291,
      3.2627357983233196,
      9.500060778751518
    ],
    "rotation": [
      -0.015140452898566,
      0.042064760083144255,
      -3.102413643506033
    ]
  },
  {
    "label_id": "e52Qi6Lg23eDuv7NfMWtvg",
    "size": [
      2.1866942362260433,
      4.183789935620974,
      1.5399999999999991
    ],
    "obj_class": "vehicle",
    "point_num_in_lidar": 71,
    "speed": 2.1316282072803006e-13,
    "if_vehicle": true,
    "motion_state": false,
    "pose": [
      [
        -0.1180366786855626,
        -0.9921449184698172,
        -0.04142225536352514,
        94.30448287091347
      ],
      [
        0.9929393702770155,
        -0.11743082686049416,
        -0.01677521554986629,
        -36.880684703708994
      ],
      [
        0.011779195166270403,
        -0.043109878883853,
        0.9990008953468733,
        6.1760261030575165
      ],
      [
        0.0,
        0.0,
        0.0,
        1.0
      ]
    ],
    "location": [
      94.30448287091347,
      -36.880684703708994,
      6.1760261030575165
    ],
    "rotation": [
      -0.04312623690339558,
      -0.011779467576065667,
      1.6891170797310098
    ]
  },
  {
    "label_id": "h_54Bsp3KTfr8IEzHLcIEQ",
    "size": [
      0.4213144193278224,
      0.07597041471035482,
      0.490000000000002
    ],
    "obj_class": "sign",
    "point_num_in_lidar": 52,
    "speed": 0.013773965843005272,
    "if_vehicle": false,
    "motion_state": false,
    "pose": [
      [
        -0.1134780858022067,
        -0.99267664463473,
        -0.04142225536352514,
        91.47995388195086
      ],
      [
        0.9934683051230082,
        -0.1128685911105165,
        -0.01677521554986629,
        -15.625816333989405
      ],
      [
        0.0119770930815645,
        -0.043055317179892,
        0.9990008953468733,
        9.341026103057168
      ],
      [
        0.0,
        0.0,
        0.0,
        1.0
      ]
    ],
    "location": [
      91.47995388195086,
      -15.625816333989405,
      9.341026103057168
    ],
    "rotation": [
      -0.04307172202020434,
      -0.011977379453899263,
      1.6845275759825753
    ]
  },
  {
    "label_id": "iA32QxC68VGCxx5VBesAmw",
    "size": [
      1.04086394425697,
      0.1081393761073424,
      1.0300000000000011
    ],
    "obj_class": "sign",
    "point_num_in_lidar": 76,
    "speed": 0.007463433995868117,
    "if_vehicle": false,
    "motion_state": false,
    "pose": [
      [
        0.9825670315525177,
        0.18123527599965986,
        -0.04142225536352514,
        105.74135290660845
      ],
      [
        -0.18204931746395944,
        0.9831462953976697,
        -0.01677521554986629,
        11.501954269582257
      ],
      [
        0.037683876087532195,
        0.02402366706323334,
        0.9990008953468733,
        11.343241607661568
      ],
      [
        0.0,
        0.0,
        0.0,
        1.0
      ]
    ],
    "location": [
      105.74135290660845,
      11.501954269582257,
      11.343241607661568
    ],
    "rotation": [
      0.024043059307253575,
      -0.03769280077724078,
      -0.18320179591088018
    ]
  },
  {
    "label_id": "mvqBSJukjTsT1Iuikae70A",
    "size": [
      0.4213144193278224,
      0.07597041471035482,
      0.490000000000002
    ],
    "obj_class": "sign",
    "point_num_in_lidar": 47,
    "speed": 0.013659298695544133,
    "if_vehicle": false,
    "motion_state": false,
    "pose": [
      [
        -0.1134780858022067,
        -0.99267664463473,
        -0.04142225536352514,
        91.47806040906428
      ],
      [
        0.9934683051230082,
        -0.1128685911105165,
        -0.01677521554986629,
        -15.625858572861489
      ],
      [
        0.0119770930815645,
        -0.043055317179892,
        0.9990008953468733,
        8.841026103057146
      ],
      [
        0.0,
        0.0,
        0.0,
        1.0
      ]
    ],
    "location": [
      91.47806040906428,
      -15.625858572861489,
      8.841026103057146
    ],
    "rotation": [
      -0.04307172202020434,
      -0.011977379453899263,
      1.6845275759825753
    ]
  },
  {
    "label_id": "nryABGfB5UUIN0cX13flUg",
    "size": [
      1.98013608866428,
      4.19189121530486,
      1.6000000000000014
    ],
    "obj_class": "vehicle",
    "point_num_in_lidar": 184,
    "speed": 1.164221556870501e-28,
    "if_vehicle": true,
    "motion_state": false,
    "pose": [
      [
        -0.33457066593064655,
        -0.9414598590802068,
        -0.04142225536352514,
        89.57770776087548
      ],
      [
        0.9423686435282194,
        -0.33415555036246125,
        -0.01677521554986629,
        -34.88896999284316
      ],
      [
        0.0019517155293640555,
        -0.044647529636453596,
        0.9990008953468733,
        6.228195984100708
      ],
      [
        0.0,
        0.0,
        0.0,
        1.0
      ]
    ],
    "location": [
      89.57770776087548,
      -34.88896999284316,
      6.228195984100708
    ],
    "rotation": [
      -0.044662461490710854,
      -0.0019517167684432,
      1.9119466068395155
    ]
  },
  {
    "label_id": "r4FEv2rqXomM5XcOxu83iw",
    "size": [
      0.4213144193278224,
      0.07597041471035482,
      0.6099999999999994
    ],
    "obj_class": "sign",
    "point_num_in_lidar": 80,
    "speed": 0.026635577480512023,
    "if_vehicle": false,
    "motion_state": false,
    "pose": [
      [
        -0.1134780858022067,
        -0.99267664463473,
        -0.04142225536352514,
        91.47983204713393
      ],
      [
        0.9934683051230082,
        -0.1128685911105165,
        -0.01677521554986629,
        -15.627438658535539
      ],
      [
        0.0119770930815645,
        -0.043055317179892,
        0.9990008953468733,
        9.90102610305717
      ],
      [
        0.0,
        0.0,
        0.0,
        1.0
      ]
    ],
    "location": [
      91.47983204713393,
      -15.627438658535539,
      9.90102610305717
    ],
    "rotation": [
      -0.04307172202020434,
      -0.011977379453899263,
      1.6845275759825753
    ]
  },
  {
    "label_id": "xKO6JilKnNqkY7hRBEDvdA",
    "size": [
      2.238289164535475,
      4.8140351164247,
      2.049999999999997
    ],
    "obj_class": "vehicle",
    "point_num_in_lidar": 63,
    "speed": 0.48910165447301956,
    "if_vehicle": true,
    "motion_state": false,
    "pose": [
      [
        0.002361817861648269,
        -0.999138938575105,
        -0.04142225536352514,
        128.54484558025322
      ],
      [
        0.999854606835882,
        0.0030589756977340453,
        -0.01677521554986629,
        13.930176948108965
      ],
      [
        0.01688748073136436,
        -0.04137661284703426,
        0.9990008953468733,
        10.304111483191882
      ],
      [
        0.0,
        0.0,
        0.0,
        1.0
      ]
    ],
    "location": [
      128.54484558025322,
      13.930176948108965,
      10.304111483191882
    ],
    "rotation": [
      -0.041394334602225344,
      -0.016888283516069892,
      1.5684341698845947
    ]
  }
]