[
  {
    "label_id": "6ml5ClD5s2PKmp8ljSnzIQ",
    "size": [
      2.4561349525410763,
      4.968617835969263,
      2.1799999999999997
    ],
    "obj_class": "vehicle",
    "point_num_in_lidar": 6835,
    "speed": 12.902703737645961,
    "if_vehicle": true,
    "motion_state": true,
    "pose": [
      [
        -0.9991514728064868,
        -0.0019368692216328236,
        -0.04114101270322211,
        97.17299830227482
      ],
      [
        0.002616409702209858,
        -0.9998609381814949,
        -0.016469933184178477,
        6.680347279088892
      ],
      [
        -0.04110339145251367,
        -0.016563599742791802,
        0.9990175966291395,
        9.191071568487601
      ],
      [
        0.0,
        0.0,
        0.0,
        1.0
      ]
    ],
    "location": [
      97.17299830227482,
      6.680347279088892,
      9.191071568487601
    ],
    "rotation": [
      -0.01657836890111042,
      0.04111497421387587,
      3.138974027892888
    ]
  },
  {
    "label_id": "9k7q6W3YVZ9BrhDXdV2b2g",
    "size": [
      2.066197299476487,
      4.459011923071742,
      1.9500000000000028
    ],
    "obj_class": "vehicle",
    "point_num_in_lidar": 1330,
    "speed": 1.5512843661413607,
    "if_vehicle": true,
    "motion_state": true,
    "pose": [
      [
        -0.9984016143785089,
        0.038750915861957,
        -0.04114101270322211,
        107.01642112497714
      ],
      [
        -0.03810082896350052,
        -0.9991381626848227,
        -0.016469933184178477,
        3.2696351531426444
      ],
      [
        -0.041743780838362436,
        -0.014876101191399298,
        0.9990175966291395,
        9.501060968301687
      ],
      [
        0.0,
        0.0,
        0.0,
        1.0
      ]
    ],
    "location": [
      107.01642112497714,
      3.2696351531426444,
      9.501060968301687
    ],
    "rotation": [
      -0.014889629448151653,
      0.0417559137452335,
      -3.103449336481709
    ]
  },
  {
    "label_id": "e52Qi6Lg23eDuv7NfMWtvg",
    "size": [
      2.186694236226043,
      4.183789935620974,
      1.5399999999999991
    ],
    "obj_class": "vehicle",
    "point_num_in_lidar": 70,
    "speed": 2.1316282072803006e-13,
    "if_vehicle": true,
    "motion_state": false,
    "pose": [
      [
        -0.11803805145731706,
        -0.9921564571588058,
        -0.04114101270322211,
        94.30448287091346
      ],
      [
        0.9929423779980766,
        -0.11744860695825186,
        -0.016469933184178477,
        -36.880684703708994
      ],
      [
        0.011508795926811585,
        -0.042794733807479064,
        0.9990175966291395,
        6.176026103057524
      ],
      [
        0.0,
        0.0,
        0.0,
        1.0
      ]
    ],
    "location": [
      94.30448287091346,
      -36.880684703708994,
      6.176026103057524
    ],
    "rotation": [
      -0.042810643899739646,
      -0.011509050003198046,
      1.6891180879254388
    ]
  },
  {
    "label_id": "h_54Bsp3KTfr8IEzHLcIEQ",
    "size": [
      0.42131441932782204,
      0.07597041471035482,
      0.490000000000002
    ],
    "obj_class": "sign",
    "point_num_in_lidar": 51,
    "speed": 0.011033128001950544,
    "if_vehicle": false,
    "motion_state": false,
    "pose": [
      [
        -0.11347940555731419,
        -0.9926881895077185,
        -0.04114101270322211,
        91.47995388195086
      ],
      [
        0.9934713944839629,
        -0.11288635720493105,
        -0.016469933184178477,
        -15.625816333989405
      ],
      [
        0.011705249098126686,
        -0.04274141748806175,
        0.9990175966291395,
        9.341026103057175
      ],
      [
        0.0,
        0.0,
        0.0,
        1.0
      ]
    ],
    "location": [
      91.47995388195086,
      -15.625816333989405,
      9.341026103057175
    ],
    "rotation": [
      -0.04275737278107152,
      -0.01170551640954404,
      1.6845285366773977
    ]
  },
  {
    "label_id": "iA32QxC68VGCxx5VBesAmw",
    "size": [
      1.04086394425697,
      0.1081393761073424,
      1.0300000000000011
    ],
    "obj_class": "sign",
    "point_num_in_lidar": 79,
    "speed": 0.007463433870952299,
    "if_vehicle": false,
    "motion_state": false,
    "pose": [
      [
        0.9825784588502553,
        0.18123738377390758,
        -0.04114101270322211,
        105.74062277962251
      ],
      [
        -0.18203322696210936,
        0.983154436282861,
        -0.016469933184178477,
        11.502109686708536
      ],
      [
        0.037463001551110785,
        0.023672032868333418,
        0.9990175966291395,
        11.343241607661582
      ],
      [
        0.0,
        0.0,
        0.0,
        1.0
      ]
    ],
    "location": [
      105.74062277962251,
      11.502109686708536,
      11.343241607661582
    ],
    "rotation": [
      0.023690877997442007,
      -0.037471770163807976,
      -0.18318388028965085
    ]
  },
  {
    "label_id": "mvqBSJukjTsT1Iuikae70A",
    "size": [
      0.42131441932782204,
      0.07597041471035482,
      0.490000000000002
    ],
    "obj_class": "sign",
    "point_num_in_lidar": 41,
    "speed": 0.010867450119520984,
    "if_vehicle": false,
    "motion_state": false,
    "pose": [
      [
        -0.11347940555731419,
        -0.9926881895077185,
        -0.04114101270322211,
        91.47835119948446
      ],
      [
        0.9934713944839629,
        -0.11288635720493105,
        -0.016469933184178477,
        -15.625932666765493
      ],
      [
        0.011705249098126686,
        -0.04274141748806175,
        0.9990175966291395,
        8.84102610305716
      ],
      [
        0.0,
        0.0,
        0.0,
        1.0
      ]
    ],
    "location": [
      91.47835119948446,
      -15.625932666765493,
      8.84102610305716
    ],
    "rotation": [
      -0.04275737278107152,
      -0.01170551640954404,
      1.6845285366773977
    ]
  },
  {
    "label_id": "nryABGfB5UUIN0cX13flUg",
    "size": [
      1.980136088664283,
      4.19189121530486,
      1.6000000000000014
    ],
    "obj_class": "vehicle",
    "point_num_in_lidar": 160,
    "speed": 1.496856627288933e-28,
    "if_vehicle": true,
    "motion_state": false,
    "pose": [
      [
        -0.3345745570021922,
        -0.9414708082997265,
        -0.04114101270322211,
        89.57770776087548
      ],
      [
        0.9423676438722132,
        -0.3341735553326186,
        -0.016469933184178477,
        -34.88896999284361
      ],
      [
        0.0017577228225308394,
        -0.044280379806604424,
        0.9990175966291395,
        6.228195984100708
      ],
      [
        0.0,
        0.0,
        0.0,
        1.0
      ]
    ],
    "location": [
      89.57770776087548,
      -34.88896999284361,
      6.228195984100708
    ],
    "rotation": [
      -0.04429493153494121,
      -0.0017577237276391,
      1.9119506081327076
    ]
  },
  {
    "label_id": "r4FEv2rqXomM5XcOxu83iw",
    "size": [
      0.42131441932782204,
      0.07597041471035482,
      0.6099999999999994
    ],
    "obj_class": "sign",
    "point_num_in_lidar": 93,
    "speed": 0.026635577480369394,
    "if_vehicle": false,
    "motion_state": false,
    "pose": [
      [
        -0.11347940555731419,
        -0.9926881895077185,
        -0.04114101270322211,
        91.47982677828429
      ],
      [
        0.9934713944839629,
        -0.11288635720493105,
        -0.016469933184178477,
        -15.624774581453039
      ],
      [
        0.011705249098126686,
        -0.04274141748806175,
        0.9990175966291395,
        9.901026103057191
      ],
      [
        0.0,
        0.0,
        0.0,
        1.0
      ]
    ],
    "location": [
      91.47982677828429,
      -15.624774581453039,
      9.901026103057191
    ],
    "rotation": [
      -0.04275737278107152,
      -0.01170551640954404,
      1.6845285366773977
    ]
  },
  {
    "label_id": "xKO6JilKnNqkY7hRBEDvdA",
    "size": [
      2.2382891645356184,
      4.8140351164247,
      2.049999999999997
    ],
    "obj_class": "vehicle",
    "point_num_in_lidar": 78,
    "speed": 0.4722205300796263,
    "if_vehicle": true,
    "motion_state": false,
    "pose": [
      [
        0.002576422837751391,
        -0.9991500283336404,
        -0.04114101270322211,
        128.54458970047494
      ],
      [
        0.9998590585913792,
        0.0032564173058827832,
        -0.016469933184178477,
        13.987176133967296
      ],
      [
        0.016589906513373404,
        -0.04109278071894767,
        0.9990175966291395,
        10.303241607661562
      ],
      [
        0.0,
        0.0,
        0.0,
        1.0
      ]
    ],
    "location": [
      128.54458970047494,
      13.987176133967296,
      10.303241607661562
    ],
    "rotation": [
      -0.041110015337850886,
      -0.01659066760047026,
      1.568219546484409
    ]
  }
]