[
  {
    "label_id": "6ml5ClD5s2PKmp8ljSnzIQ",
    "size": [
      2.456134952541039,
      4.968617835969263,
      2.1799999999999997
    ],
    "obj_class": "vehicle",
    "point_num_in_lidar": 62,
    "speed": 14.203559720411358,
    "if_vehicle": true,
    "motion_state": true,
    "pose": [
      [
        -0.9984901970000205,
        0.003068361359165036,
        -0.05484443138031276,
        120.33227105556787
      ],
      [
        -0.0019967840440934417,
        -0.9998062481873181,
        -0.01958261828970124,
        6.735560066103517
      ],
      [
        -0.05489389172158872,
        -0.01944353990837241,
        0.9983028645694101,
        9.637733303231386
      ],
      [
        0.0,
        0.0,
        0.0,
        1.0
      ]
    ],
    "location": [
      120.33227105556787,
      6.735560066103517,
      9.637733303231386
    ],
    "rotation": [
      -0.01947413215137369,
      0.0549214981597193,
      -3.1395928529024717
    ]
  },
  {
    "label_id": "9k7q6W3YVZ9BrhDXdV2b2g",
    "size": [
      2.0661972994766162,
      4.459011923071742,
      1.9500000000000028
    ],
    "obj_class": "vehicle",
    "point_num_in_lidar": 92,
    "speed": 1.2879348369905024,
    "if_vehicle": true,
    "motion_state": true,
    "pose": [
      [
        -0.9982072687404302,
        0.023965328713384155,
        -0.05484443138031276,
        109.29601134649312
      ],
      [
        -0.02292153006629094,
        -0.9995454589563898,
        -0.01958261828970124,
        3.350300912772582
      ],
      [
        -0.05528880621961836,
        -0.018290393634896603,
        0.9983028645694101,
        9.507059719033286
      ],
      [
        0.0,
        0.0,
        0.0,
        1.0
      ]
    ],
    "location": [
      109.29601134649312,
      3.350300912772582,
      9.507059719033286
    ],
    "rotation": [
      -0.018319438060108932,
      0.05531701332193107,
      -3.1186339922690247
    ]
  },
  {
    "label_id": "qVvsoCqTU314twt0gkBnKw",
    "size": [
      1.9164102153360616,
      4.25424435189991,
      1.8599999999999994
    ],
    "obj_class": "vehicle",
    "point_num_in_lidar": 349,
    "speed": 14.140135266555845,
    "if_vehicle": true,
    "motion_state": true,
    "pose": [
      [
        -0.9984845789883559,
        0.004542451872705552,
        -0.05484443138031276,
        98.07188119527962
      ],
      [
        -0.0034728186417936663,
        -0.999802210735504,
        -0.01958261828970124,
        6.755096733751088
      ],
      [
        -0.05492253684169088,
        -0.0193624776147859,
        0.9983028645694101,
        8.874399426637922
      ],
      [
        0.0,
        0.0,
        0.0,
        1.0
      ]
    ],
    "location": [
      98.07188119527962,
      6.755096733751088,
      8.874399426637922
    ],
    "rotation": [
      -0.019392962712657634,
      0.05495018655896729,
      -3.1381145782030617
    ]
  }
]