[
  {
    "label_id": "6ml5ClD5s2PKmp8ljSnzIQ",
    "size": [
      2.4561349525404412,
      4.968617835969263,
      2.1799999999999997
    ],
    "obj_class": "vehicle",
    "point_num_in_lidar": 69,
    "speed": 14.16182806876229,
    "if_vehicle": true,
    "motion_state": true,
    "pose": [
      [
        -0.9986053911434738,
        0.0023749828102663036,
        -0.05274118159314019,
        118.89860911471914
      ],
      [
        -0.0012905392219465606,
        -0.9997872497464179,
        -0.020586154400728186,
        6.73051243534519
      ],
      [
        -0.05277885265621323,
        -0.020489380204021357,
        0.9983960026017475,
        9.627731591385164
      ],
      [
        0.0,
        0.0,
        0.0,
        1.0
      ]
    ],
    "location": [
      118.89860911471914,
      6.73051243534519,
      9.627731591385164
    ],
    "rotation": [
      -0.02051941755508551,
      0.052803386949079455,
      -3.140300312776365
    ]
  },
  {
    "label_id": "9k7q6W3YVZ9BrhDXdV2b2g",
    "size": [
      2.0661972994764715,
      4.459011923071742,
      1.9500000000000028
    ],
    "obj_class": "vehicle",
    "point_num_in_lidar": 103,
    "speed": 1.2476477508192392,
    "if_vehicle": true,
    "motion_state": true,
    "pose": [
      [
        -0.9982058674455824,
        0.028344557879280866,
        -0.05274118159314019,
        109.17179081603791
      ],
      [
        -0.027291217262411446,
        -0.9994155290505172,
        -0.020586154400728186,
        3.355989746958585
      ],
      [
        -0.05329386134958084,
        -0.01910984906541288,
        0.9983960026017475,
        9.507059719033272
      ],
      [
        0.0,
        0.0,
        0.0,
        1.0
      ]
    ],
    "location": [
      109.17179081603791,
      3.355989746958585,
      9.507059719033272
    ],
    "rotation": [
      -0.019138213523916012,
      0.05331912150229372,
      -3.1142591934021517
    ]
  },
  {
    "label_id": "qVvsoCqTU314twt0gkBnKw",
    "size": [
      1.9164102153358549,
      4.25424435189991,
      1.8599999999999994
    ],
    "obj_class": "vehicle",
    "point_num_in_lidar": 492,
    "speed": 14.062976439486885,
    "if_vehicle": true,
    "motion_state": true,
    "pose": [
      [
        -0.998593946512032,
        0.005338328735131056,
        -0.05274118159314019,
        96.63184402357216
      ],
      [
        -0.004257397080990064,
        -0.9997790179920182,
        -0.020586154400728186,
        6.7403023357828715
      ],
      [
        -0.05283942240051165,
        -0.02033266901396659,
        0.9983960026017475,
        8.847730513732664
      ],
      [
        0.0,
        0.0,
        0.0,
        1.0
      ]
    ],
    "location": [
      96.63184402357216,
      6.7403023357828715,
      8.847730513732664
    ],
    "rotation": [
      -0.02036252017237884,
      0.0528640413290558,
      -3.1373292877830297
    ]
  }
]