[
  {
    "label_id": "-VBjAVRvfydms-HFmqUzEw",
    "size": [
      2.194999338145318,
      4.703260130007007,
      1.9711426108906878
    ],
    "obj_class": "vehicle",
    "point_num_in_lidar": 124,
    "speed": 11.736009280648934,
    "if_vehicle": true,
    "motion_state": true,
    "pose": [
      [
        -0.03289880729101855,
        0.999334543302065,
        0.015752429719944137,
        -19.45897595214319
      ],
      [
        -0.9991159197794328,
        -0.032470698008624545,
        -0.026702670543050682,
        -52.3821349158261
      ],
      [
        -0.026173408683746666,
        -0.01661698932075424,
        0.9995192986349927,
        -1.2479326509018946
      ],
      [
        0.0,
        0.0,
        0.0,
        1.0
      ]
    ],
    "location": [
      -19.45897595214319,
      -52.3821349158261,
      -1.2479326509018946
    ],
    "rotation": [
      -0.016623449566297348,
      0.02617639794259603,
      -1.603712352068819
    ]
  },
  {
    "label_id": "3xp7fav1XDT13tIERFz4Yw",
    "size": [
      1.7950243845308107,
      3.727424411905237,
      1.6243614469938237
    ],
    "obj_class": "vehicle",
    "point_num_in_lidar": 133,
    "speed": 14.081364700204126,
    "if_vehicle": true,
    "motion_state": true,
    "pose": [
      [
        0.04854242629420723,
        -0.9986968978661092,
        0.015752429719944137,
        0.5761649124569885
      ],
      [
        0.9984850045116249,
        0.048110946273064434,
        -0.026702670543050682,
        -33.5527630994402
      ],
      [
        0.025910009936158992,
        0.017024777276682012,
        0.9995192986349927,
        -0.559442381484569
      ],
      [
        0.0,
        0.0,
        0.0,
        1.0
      ]
    ],
    "location": [
      0.5761649124569885,
      -33.5527630994402,
      -0.559442381484569
    ],
    "rotation": [
      0.017031318120855052,
      -0.02591290983414451,
      1.5222184948785271
    ]
  },
  {
    "label_id": "AnTYG2pOXewVFM5n9mAmow",
    "size": [
      2.5065199947150516,
      6.6471053257860095,
      2.1860206166670793
    ],
    "obj_class": "vehicle",
    "point_num_in_lidar": 632,
    "speed": 10.79572432092938,
    "if_vehicle": true,
    "motion_state": true,
    "pose": [
      [
        -0.038852871629797274,
        0.9991207711403246,
        0.015752429719944137,
        -27.32382847914687
      ],
      [
        -0.9989047024366333,
        -0.03842346725440599,
        -0.026702670543050682,
        -65.87066206462077
      ],
      [
        -0.02607392981695722,
        -0.016772651552836696,
        0.9995192986349927,
        -1.312298679159504
      ],
      [
        0.0,
        0.0,
        0.0,
        1.0
      ]
    ],
    "location": [
      -27.32382847914687,
      -65.87066206462077,
      -1.312298679159504
    ],
    "rotation": [
      -0.01677914322487599,
      0.0260768851138995,
      -1.6096722038861229
    ]
  },
  {
    "label_id": "Dlq_fzd0Zs7aN55n-ILhPg",
    "size": [
      2.1132725711329456,
      4.613436772170868,
      1.8401915579119965
    ],
    "obj_class": "vehicle",
    "point_num_in_lidar": 24,
    "speed": 9.60949199416506,
    "if_vehicle": true,
    "motion_state": true,
    "pose": [
      [
        -0.04400042367950938,
        0.9989073148565596,
        0.015752429719944137,
        -22.730575794711513
      ],
      [
        -0.9986934615692993,
        -0.0435699116891445,
        -0.026702670543050682,
        -48.69817964745016
      ],
      [
        -0.02598716095987068,
        -0.0169067773824067,
        0.9995192986349927,
        -0.9591992483841629
      ],
      [
        0.0,
        0.0,
        0.0,
        1.0
      ]
    ],
    "location": [
      -22.730575794711513,
      -48.69817964745016,
      -0.9591992483841629
    ],
    "rotation": [
      -0.016913295480763847,
      0.025990086845013714,
      -1.6148258400051987
    ]
  },
  {
    "label_id": "Irrp7c9HrOs1nyK9NCdnZg",
    "size": [
      2.004151873568906,
      4.917299256640257,
      2.0500000000000043
    ],
    "obj_class": "vehicle",
    "point_num_in_lidar": 1940,
    "speed": 16.500185491613287,
    "if_vehicle": true,
    "motion_state": true,
    "pose": [
      [
        0.03719794329923554,
        -0.9991837538572297,
        0.015752429719944137,
        -3.948149589541572
      ],
      [
        0.9989669742140036,
        0.03676889739422913,
        -0.026702670543050682,
        -63.05314225368602
      ],
      [
        0.026101675119135817,
        0.016729441478649906,
        0.9995192986349927,
        -1.2188078351940987
      ],
      [
        0.0,
        0.0,
        0.0,
        1.0
      ]
    ],
    "location": [
      -3.948149589541572,
      -63.05314225368602,
      -1.2188078351940987
    ],
    "rotation": [
      0.01673592450829856,
      -0.026104639862258718,
      1.5335771130713176
    ]
  },
  {
    "label_id": "KE-n4BCpMYY4onuCOe_Cxg",
    "size": [
      2.008046796961798,
      4.605128188340819,
      1.610000000000003
    ],
    "obj_class": "vehicle",
    "point_num_in_lidar": 395,
    "speed": 16.070856577579278,
    "if_vehicle": true,
    "motion_state": true,
    "pose": [
      [
        0.047391002826080074,
        -0.9987521984001121,
        0.015752429719944137,
        -3.3687804078927
      ],
      [
        0.9985398077359168,
        0.0469597673821719,
        -0.026702670543050682,
        -48.656911877138555
      ],
      [
        0.025929620472673196,
        0.016994894479096162,
        0.9995192986349927,
        -1.1051127689168787
      ],
      [
        0.0,
        0.0,
        0.0,
        1.0
      ]
    ],
    "location": [
      -3.3687804078927,
      -48.656911877138555,
      -1.1051127689168787
    ],
    "rotation": [
      0.01700142960775987,
      -0.025932526961520444,
      1.5233716091869043
    ]
  },
  {
    "label_id": "PTmdSbz-CCtd-8yCV-7YpA",
    "size": [
      2.1214582463805502,
      4.701555991474338,
      1.8876587865599426
    ],
    "obj_class": "vehicle",
    "point_num_in_lidar": 24,
    "speed": 10.503202228094763,
    "if_vehicle": true,
    "motion_state": true,
    "pose": [
      [
        -0.03221365338481887,
        0.9993568639347613,
        0.015752429719944137,
        -24.993064147005498
      ],
      [
        -0.9991379469507543,
        -0.03178569409185603,
        -0.026702670543050682,
        -19.70912508407673
      ],
      [
        -0.02618479518030465,
        -0.01659904086319388,
        0.9995192986349927,
        -0.03146882689668118
      ],
      [
        0.0,
        0.0,
        0.0,
        1.0
      ]
    ],
    "location": [
      -24.993064147005498,
      -19.70912508407673,
      -0.03146882689668118
    ],
    "rotation": [
      -0.016605497433172026,
      0.026187788343002196,
      -1.603026609201537
    ]
  },
  {
    "label_id": "Q6L8E4YXt0H-p-ivoC7uhw",
    "size": [
      1.867197168695926,
      4.568158551612744,
      1.4315060933022323
    ],
    "obj_class": "vehicle",
    "point_num_in_lidar": 399,
    "speed": 10.435404261922251,
    "if_vehicle": true,
    "motion_state": true,
    "pose": [
      [
        -0.049996236780781654,
        0.9986251735589677,
        0.015752429719944137,
        -28.615193762971103
      ],
      [
        -0.9984139085599013,
        -0.04956444875120061,
        -0.026702670543050682,
        -85.25501671243
      ],
      [
        -0.025885198509980858,
        -0.017062477965154144,
        0.9995192986349927,
        -2.039042622517872
      ],
      [
        0.0,
        0.0,
        0.0,
        1.0
      ]
    ],
    "location": [
      -28.615193762971103,
      -85.25501671243,
      -2.039042622517872
    ],
    "rotation": [
      -0.017069025976696916,
      0.02588809008344124,
      -1.6208301949088184
    ]
  },
  {
    "label_id": "RlOZ9UW7x-3KSaYjl4ndMA",
    "size": [
      2.0114113124980215,
      4.382567611808012,
      1.5699999999999967
    ],
    "obj_class": "vehicle",
    "point_num_in_lidar": 91,
    "speed": 0.02587444773270562,
    "if_vehicle": true,
    "motion_state": false,
    "pose": [
      [
        -0.08580395298019726,
        0.9961875037415849,
        0.015752429719944137,
        -29.843102378683398
      ],
      [
        -0.9959918714009167,
        -0.08536486097434352,
        -0.026702670543050682,
        -47.29224740328391
      ],
      [
        -0.025256162738464462,
        -0.0179804866436002,
        0.9995192986349927,
        -1.023788618085419
      ],
      [
        0.0,
        0.0,
        0.0,
        1.0
      ]
    ],
    "location": [
      -29.843102378683398,
      -47.29224740328391,
      -1.023788618085419
    ],
    "rotation": [
      -0.017987193940022763,
      0.025258848550045666,
      -1.6567333966547724
    ]
  },
  {
    "label_id": "Tb9LAGkHFTyU8qDac4H8Jw",
    "size": [
      0.8205386739829359,
      0.0943220424488163,
      0.8335460332244793
    ],
    "obj_class": "sign",
    "point_num_in_lidar": 112,
    "speed": 0.013960336660120311,
    "if_vehicle": false,
    "motion_state": false,
    "pose": [
      [
        0.07411221877600768,
        0.9971254885850704,
        0.015752429719944137,
        6.073893417775253
      ],
      [
        -0.9968623555051661,
        0.0745145057190968,
        -0.026702670543050682,
        -52.4182584415903
      ],
      [
        -0.027799697926222024,
        -0.013724010034362868,
        0.9995192986349927,
        0.8061490520255603
      ],
      [
        0.0,
        0.0,
        0.0,
        1.0
      ]
    ],
    "location": [
      6.073893417775253,
      -52.4182584415903,
      0.8061490520255603
    ],
    "rotation": [
      -0.013729747579326523,
      0.027803279880667033,
      -1.4965873612416263
    ]
  },
  {
    "label_id": "UKN8Zb93ZEAai1XgQqdhAg",
    "size": [
      2.176398735564462,
      4.9145531528697965,
      1.6377201400438501
    ],
    "obj_class": "vehicle",
    "point_num_in_lidar": 958,
    "speed": 10.612778402810509,
    "if_vehicle": true,
    "motion_state": true,
    "pose": [
      [
        -0.05272998208756667,
        0.9984845566892675,
        0.015752429719944137,
        -20.71059557393346
      ],
      [
        -0.9982744745865045,
        -0.052297617296656655,
        -0.026702670543050682,
        -78.28129038894076
      ],
      [
        -0.0258383896186114,
        -0.01713327984156333,
        0.9995192986349927,
        -1.9296107089979238
      ],
      [
        0.0,
        0.0,
        0.0,
        1.0
      ]
    ],
    "location": [
      -20.71059557393346,
      -78.28129038894076,
      -1.9296107089979238
    ],
    "rotation": [
      -0.017139841182148726,
      0.02584126553055947,
      -1.6235684102476255
    ]
  },
  {
    "label_id": "VJN1WZ3oeEQ6N375oERJvQ",
    "size": [
      1.9982112685186342,
      4.518824469475637,
      1.7900000000000027
    ],
    "obj_class": "vehicle",
    "point_num_in_lidar": 58,
    "speed": 1.4210854715202004e-13,
    "if_vehicle": true,
    "motion_state": false,
    "pose": [
      [
        -0.004532465549445759,
        0.9998656498319969,
        0.015752429719944137,
        -29.269169853991116
      ],
      [
        -0.9996349680124745,
        -0.00411073139092661,
        -0.026702670543050682,
        -33.245188163688
      ],
      [
        -0.02663432902744395,
        -0.01586770851352969,
        0.9995192986349927,
        -0.4874610847092775
      ],
      [
        0.0,
        0.0,
        0.0,
        1.0
      ]
    ],
    "location": [
      -29.269169853991116,
      -33.245188163688,
      -0.4874610847092775
    ],
    "rotation": [
      -0.015874006344360484,
      0.026637479043046544,
      -1.5753304163726023
    ]
  },
  {
    "label_id": "WhPgWq3c5JWYJlXPM99MEg",
    "size": [
      1.7706251348597368,
      3.2738170599658973,
      1.3549650017182095
    ],
    "obj_class": "vehicle",
    "point_num_in_lidar": 23,
    "speed": 13.799181642082873,
    "if_vehicle": true,
    "motion_state": true,
    "pose": [
      [
        0.05329420945491097,
        -0.9984545999676171,
        0.015752429719944137,
        5.352919071495307
      ],
      [
        0.9982447622243468,
        0.05286172601728684,
        -0.026702670543050682,
        -8.202151543449872
      ],
      [
        0.025828703611166487,
        0.01714787817716819,
        0.9995192986349927,
        0.24606298124480475
      ],
      [
        0.0,
        0.0,
        0.0,
        1.0
      ]
    ],
    "location": [
      5.352919071495307,
      -8.202151543449872,
      0.24606298124480475
    ],
    "rotation": [
      0.017154442244656794,
      -0.02583157628941015,
      1.5174590456038564
    ]
  },
  {
    "label_id": "YTD4APa4WYdUDLzrrC3PJg",
    "size": [
      1.9904194476597117,
      4.086784428130285,
      1.822422879616937
    ],
    "obj_class": "vehicle",
    "point_num_in_lidar": 780,
    "speed": 10.568569876935742,
    "if_vehicle": true,
    "motion_state": true,
    "pose": [
      [
        -0.05214422694791809,
        0.9985153181368438,
        0.015752429719944137,
        -23.4959433171598
      ],
      [
        -0.9983049824298765,
        -0.05171198547293611,
        -0.026702670543050682,
        -69.06622168473041
      ],
      [
        -0.02584843615555638,
        -0.01711811918770902,
        0.9995192986349927,
        -1.5525333478316306
      ],
      [
        0.0,
        0.0,
        0.0,
        1.0
      ]
    ],
    "location": [
      -23.4959433171598,
      -69.06622168473041,
      -1.5525333478316306
    ],
    "rotation": [
      -0.017124677688616224,
      0.025851315424136503,
      -1.6229816652552502
    ]
  },
  {
    "label_id": "Ys8JslKeLZzs7Pevj4tkiQ",
    "size": [
      0.9354101367130536,
      0.07322799797720617,
      1.2100000000000009
    ],
    "obj_class": "sign",
    "point_num_in_lidar": 46,
    "speed": 0.022054782212988983,
    "if_vehicle": false,
    "motion_state": false,
    "pose": [
      [
        0.1918597306072938,
        -0.9812959312710997,
        0.015752429719944137,
        -33.09145423449809
      ],
      [
        0.981148384528636,
        0.1914022333274021,
        -0.026702670543050682,
        -77.47690037688699
      ],
      [
        0.023188171729238028,
        0.020578638149009086,
        0.9995192986349927,
        0.7390667464354266
      ],
      [
        0.0,
        0.0,
        0.0,
        1.0
      ]
    ],
    "location": [
      -33.09145423449809,
      -77.47690037688699,
      0.7390667464354266
    ],
    "rotation": [
      0.020585626749454557,
      -0.023190250245262407,
      1.3776870174547486
    ]
  },
  {
    "label_id": "ZOfQ22J7gJFgUY_ZP2qzDg",
    "size": [
      1.9223080275527133,
      4.183597472936482,
      1.750000000000007
    ],
    "obj_class": "vehicle",
    "point_num_in_lidar": 21,
    "speed": 15.092579689618434,
    "if_vehicle": true,
    "motion_state": true,
    "pose": [
      [
        0.03796162644508942,
        -0.9991550309514343,
        0.015752429719944137,
        2.1954442912165177
      ],
      [
        0.9989385792989853,
        0.03753241497684555,
        -0.026702670543050682,
        -0.8442769636876619
      ],
      [
        0.026088880883785217,
        0.016749386569189693,
        0.9995192986349927,
        0.6036842453776181
      ],
      [
        0.0,
        0.0,
        0.0,
        1.0
      ]
    ],
    "location": [
      2.1954442912165177,
      -0.8442769636876619,
      0.6036842453776181
    ],
    "rotation": [
      0.016755873595809368,
      -0.026091841268478095,
      1.5328126419460057
    ]
  },
  {
    "label_id": "c6pqigyvYSVSXKIiUs4Mrg",
    "size": [
      0.7950640377784536,
      0.9425249904647439,
      1.1799999999999997
    ],
    "obj_class": "sign",
    "point_num_in_lidar": 34,
    "speed": 0.012557391472236142,
    "if_vehicle": false,
    "motion_state": false,
    "pose": [
      [
        0.08571593408990584,
        -0.9961950810965758,
        0.015752429719944137,
        -32.31572809391855
      ],
      [
        0.9959994099605171,
        0.08527685937094169,
        -0.026702670543050682,
        -72.92142972986221
      ],
      [
        0.0252577513131512,
        0.017978255054801474,
        0.9995192986349927,
        -1.9166593382144335
      ],
      [
        0.0,
        0.0,
        0.0,
        1.0
      ]
    ],
    "location": [
      -32.31572809391855,
      -72.92142972986221,
      -1.9166593382144335
    ],
    "rotation": [
      0.017984962000166405,
      -0.02526043763166187,
      1.4849476262446182
    ]
  },
  {
    "label_id": "dkBBjdWd3pD0qSre4uBr4A",
    "size": [
      0.7950640377799717,
      0.9425249904647439,
      1.0800000000000018
    ],
    "obj_class": "sign",
    "point_num_in_lidar": 22,
    "speed": 0.026249182347883832,
    "if_vehicle": false,
    "motion_state": false,
    "pose": [
      [
        0.03741277011455566,
        -0.999175733087165,
        0.015752429719944137,
        -34.80458140871178
      ],
      [
        0.9989590456951793,
        0.03698367761115525,
        -0.026702670543050682,
        -77.32982804915446
      ],
      [
        0.026098077632882917,
        0.016735053034887648,
        0.9995192986349927,
        -1.8349780289708413
      ],
      [
        0.0,
        0.0,
        0.0,
        1.0
      ]
    ],
    "location": [
      -34.80458140871178,
      -77.32982804915446,
      -1.8349780289708413
    ],
    "rotation": [
      0.016741537190432584,
      -0.026101041150069247,
      1.5333620667610774
    ]
  },
  {
    "label_id": "dvdG_f-6RVms8nISrSC8VA",
    "size": [
      2.0363489354770996,
      4.458228043681338,
      1.7458161543778736
    ],
    "obj_class": "vehicle",
    "point_num_in_lidar": 47,
    "speed": 11.920761288432388,
    "if_vehicle": true,
    "motion_state": true,
    "pose": [
      [
        -0.03394455749054685,
        0.9992995686853313,
        0.015752429719944137,
        -18.898663631099225
      ],
      [
        -0.9990813932836099,
        -0.03351621966078665,
        -0.026702670543050682,
        -35.91405721243973
      ],
      [
        -0.026156005261732295,
        -0.01664436976760365,
        0.9995192986349927,
        -0.6539588928132289
      ],
      [
        0.0,
        0.0,
        0.0,
        1.0
      ]
    ],
    "location": [
      -18.898663631099225,
      -35.91405721243973,
      -0.6539588928132289
    ],
    "rotation": [
      -0.016650835599590397,
      0.02615898856040025,
      -1.6047590303603443
    ]
  },
  {
    "label_id": "lHbE_TvXcnOnwbc9tjBmiw",
    "size": [
      1.854785530860604,
      4.604259104690197,
      1.529544914510094
    ],
    "obj_class": "vehicle",
    "point_num_in_lidar": 87,
    "speed": 11.29315003424064,
    "if_vehicle": true,
    "motion_state": true,
    "pose": [
      [
        -0.040130561188743766,
        0.999070267306857,
        0.015752429719944137,
        -21.611111328839797
      ],
      [
        -0.9988547479218013,
        -0.0397008808459479,
        -0.026702670543050682,
        -24.71635277994028
      ],
      [
        -0.026052458861906908,
        -0.016805982371201452,
        0.9995192986349927,
        -0.30218721465415044
      ],
      [
        0.0,
        0.0,
        0.0,
        1.0
      ]
    ],
    "location": [
      -21.611111328839797,
      -24.71635277994028,
      -0.30218721465415044
    ],
    "rotation": [
      -0.01681248066687516,
      0.02605540686262778,
      -1.6109513040999712
    ]
  },
  {
    "label_id": "zwdjX44zD5DT6AEef_FdTg",
    "size": [
      2.0392452537793297,
      4.884100863327777,
      1.577570207428927
    ],
    "obj_class": "vehicle",
    "point_num_in_lidar": 39,
    "speed": 0.014817666136082278,
    "if_vehicle": true,
    "motion_state": false,
    "pose": [
      [
        -0.02762077659731604,
        0.9994943489875665,
        0.015752429719944137,
        -29.110402484218866
      ],
      [
        -0.9992734676316007,
        -0.027193827854600155,
        -0.026702670543050682,
        -27.697722076618447
      ],
      [
        -0.026260799448560062,
        -0.016478533567492997,
        0.9995192986349927,
        -0.42188149256253027
      ],
      [
        0.0,
        0.0,
        0.0,
        1.0
      ]
    ],
    "location": [
      -29.110402484218866,
      -27.697722076618447,
      -0.42188149256253027
    ],
    "rotation": [
      -0.01648496518282082,
      0.026263818756361707,
      -1.5984301492332866
    ]
  }
]