[
  {
    "label_id": "-k9fOiLCkk8erFTll2W4dg",
    "size": [
      2.0780549804564994,
      5.136563085055615,
      1.9265566023810976
    ],
    "obj_class": "vehicle",
    "point_num_in_lidar": 378,
    "speed": 9.099386826154683e-13,
    "if_vehicle": true,
    "motion_state": false,
    "pose": [
      [
        -0.037629839570163824,
        0.9992173049651812,
        0.012197238705690398,
        -32.602329582318816
      ],
      [
        -0.9989971817880494,
        -0.03731960055603371,
        -0.02473617177076704,
        -105.86277338859873
      ],
      [
        -0.02426161481555868,
        -0.013115825267894801,
        0.9996196022358121,
        -2.4614893537049127
      ],
      [
        0.0,
        0.0,
        0.0,
        1.0
      ]
    ],
    "location": [
      -32.602329582318816,
      -105.86277338859873,
      -2.4614893537049127
    ],
    "rotation": [
      -0.01312006353323289,
      0.0242639956156018,
      -1.6084461403979842
    ]
  },
  {
    "label_id": "3EYHmUD7WYDZ4T6bATYinA",
    "size": [
      1.8197726560823215,
      4.405406262666267,
      1.9014615031353053
    ],
    "obj_class": "vehicle",
    "point_num_in_lidar": 104,
    "speed": 12.038163885781257,
    "if_vehicle": true,
    "motion_state": true,
    "pose": [
      [
        -0.04802124941076278,
        0.9987718392971369,
        0.012197238705690398,
        -20.430959799809898
      ],
      [
        -0.9985549550062583,
        -0.04770873754959716,
        -0.02473617177076704,
        -72.49539594503403
      ],
      [
        -0.024123876916419342,
        -0.013367475021032742,
        0.9996196022358121,
        -1.7211337193944978
      ],
      [
        0.0,
        0.0,
        0.0,
        1.0
      ]
    ],
    "location": [
      -20.430959799809898,
      -72.49539594503403,
      -1.7211337193944978
    ],
    "rotation": [
      -0.013371764881237045,
      0.02412621739041533,
      -1.61885004738546
    ]
  },
  {
    "label_id": "3xp7fav1XDT13tIERFz4Yw",
    "size": [
      1.795024384531677,
      3.727424411905237,
      1.6243614469938237
    ],
    "obj_class": "vehicle",
    "point_num_in_lidar": 122,
    "speed": 12.984720724534801,
    "if_vehicle": true,
    "motion_state": true,
    "pose": [
      [
        0.03151133827720749,
        -0.9994289684254383,
        0.012197238705690398,
        -0.5987561427691617
      ],
      [
        0.9992069499084246,
        0.03120245280150152,
        -0.02473617177076704,
        -62.50192464739666
      ],
      [
        0.024341462870629202,
        0.012967035560769634,
        0.9996196022358121,
        -1.4877679999152562
      ],
      [
        0.0,
        0.0,
        0.0,
        1.0
      ]
    ],
    "location": [
      -0.5987561427691617,
      -62.50192464739666,
      -1.4877679999152562
    ],
    "rotation": [
      0.01297124253615223,
      -0.024343867258866805,
      1.5392704271128226
    ]
  },
  {
    "label_id": "55V3ar31Gkfp03JU8tQCfw",
    "size": [
      2.051691203152699,
      4.366744586737906,
      1.4899999999999984
    ],
    "obj_class": "vehicle",
    "point_num_in_lidar": 92,
    "speed": 5.123796534383003e-13,
    "if_vehicle": true,
    "motion_state": false,
    "pose": [
      [
        0.41074534085006353,
        -0.9116685210853348,
        0.012197238705690398,
        -46.39314441134138
      ],
      [
        0.9115812699687249,
        0.41037508458522876,
        -0.02473617177076704,
        -86.69837180118338
      ],
      [
        0.017545746270014075,
        0.02127904165475437,
        0.9996196022358121,
        -2.9419596238733057
      ],
      [
        0.0,
        0.0,
        0.0,
        1.0
      ]
    ],
    "location": [
      -46.39314441134138,
      -86.69837180118338,
      -2.9419596238733057
    ],
    "rotation": [
      0.021283924741132113,
      -0.01754664664714398,
      1.1474555699387992
    ]
  },
  {
    "label_id": "8b89eLYLjjgUUWxMRAsRng",
    "size": [
      0.7950640377794633,
      0.9425249904647439,
      1.1300000000000026
    ],
    "obj_class": "sign",
    "point_num_in_lidar": 32,
    "speed": 0.060400911114312686,
    "if_vehicle": false,
    "motion_state": false,
    "pose": [
      [
        0.13861485881667204,
        -0.9902712498518729,
        0.012197238705690398,
        -33.24000480072027
      ],
      [
        0.9900836721400924,
        0.13828392519637595,
        -0.02473617177076704,
        -91.11765979034499
      ],
      [
        0.022808837691208065,
        0.01550508784536904,
        0.9996196022358121,
        -2.377515577416201
      ],
      [
        0.0,
        0.0,
        0.0,
        1.0
      ]
    ],
    "location": [
      -33.24000480072027,
      -91.11765979034499,
      -2.377515577416201
    ],
    "rotation": [
      0.015509744436682191,
      -0.022810815844330486,
      1.431697270157816
    ]
  },
  {
    "label_id": "8bwXd7og_NJIRvc6PFNwCA",
    "size": [
      1.9364346053395924,
      4.526265005085073,
      1.7600000000000051
    ],
    "obj_class": "vehicle",
    "point_num_in_lidar": 476,
    "speed": 5.684341886080801e-13,
    "if_vehicle": true,
    "motion_state": false,
    "pose": [
      [
        -0.059154744847385546,
        0.9981743051842183,
        0.012197238705690398,
        -32.35756593798942
      ],
      [
        -0.9979609189378879,
        -0.05883983411578681,
        -0.02473617177076704,
        -100.7043541622752
      ],
      [
        -0.02397332756808939,
        -0.013635629476836388,
        0.9996196022358121,
        -2.3585623412012033
      ],
      [
        0.0,
        0.0,
        0.0,
        1.0
      ]
    ],
    "location": [
      -32.35756593798942,
      -100.7043541622752,
      -2.3585623412012033
    ],
    "rotation": [
      -0.01363997245031731,
      0.0239756244890518,
      -1.630002661848054
    ]
  },
  {
    "label_id": "9xsS4Jlja06c-Chp4xHjOw",
    "size": [
      2.163108016864463,
      4.811203120850331,
      1.5700000000000038
    ],
    "obj_class": "vehicle",
    "point_num_in_lidar": 42,
    "speed": 10.844065281808119,
    "if_vehicle": true,
    "motion_state": true,
    "pose": [
      [
        -0.053650767270802424,
        0.998485264057117,
        0.012197238705690398,
        -28.127116969890267
      ],
      [
        -0.9982701449055464,
        -0.053337037754137784,
        -0.02473617177076704,
        -84.26451451060348
      ],
      [
        -0.024048138420954893,
        -0.013503253845021108,
        0.9996196022358121,
        -2.0599671126488452
      ],
      [
        0.0,
        0.0,
        0.0,
        1.0
      ]
    ],
    "location": [
      -28.127116969890267,
      -84.26451451060348,
      -2.0599671126488452
    ],
    "rotation": [
      -0.013507570841771396,
      0.024050456916064205,
      -1.6244884081561972
    ]
  },
  {
    "label_id": "AnTYG2pOXewVFM5n9mAmow",
    "size": [
      2.506519994715035,
      6.6471053257860095,
      2.1860206166670793
    ],
    "obj_class": "vehicle",
    "point_num_in_lidar": 81,
    "speed": 11.106061789348717,
    "if_vehicle": true,
    "motion_state": true,
    "pose": [
      [
        -0.03694418134516922,
        0.9992428908091824,
        0.012197238705690398,
        -26.46559539363716
      ],
      [
        -0.9990225548020684,
        -0.03663409344961684,
        -0.02473617177076704,
        -41.8358802705643
      ],
      [
        -0.024270609005202205,
        -0.013099174188973968,
        0.9996196022358121,
        -0.6664895452260424
      ],
      [
        0.0,
        0.0,
        0.0,
        1.0
      ]
    ],
    "location": [
      -26.46559539363716,
      -41.8358802705643,
      -0.6664895452260424
    ],
    "rotation": [
      -0.013103408981408108,
      0.02427299245450356,
      -1.607759810786031
    ]
  },
  {
    "label_id": "CYgZTdc8n8BmocfFiCVd-g",
    "size": [
      1.9504333018535596,
      4.516909538653063,
      1.9300000000000033
    ],
    "obj_class": "vehicle",
    "point_num_in_lidar": 258,
    "speed": 8.644125458514253e-13,
    "if_vehicle": true,
    "motion_state": false,
    "pose": [
      [
        -0.05443230585067502,
        0.9984429635426026,
        0.012197238705690398,
        -33.20892621008625
      ],
      [
        -0.9982280900257812,
        -0.054118408047611914,
        -0.02473617177076704,
        -112.22676555687758
      ],
      [
        -0.024037561508174838,
        -0.013522073164171082,
        0.9996196022358121,
        -2.5354630422633697
      ],
      [
        0.0,
        0.0,
        0.0,
        1.0
      ]
    ],
    "location": [
      -33.20892621008625,
      -112.22676555687758,
      -2.5354630422633697
    ],
    "rotation": [
      -0.013526393882917539,
      0.024039876944920224,
      -1.6252713037036257
    ]
  },
  {
    "label_id": "FL2Tm4fqTy120UmiubvY7g",
    "size": [
      2.1181949631232126,
      4.893027604492828,
      1.4700000000000024
    ],
    "obj_class": "vehicle",
    "point_num_in_lidar": 84,
    "speed": 1.7346558842822479e-12,
    "if_vehicle": true,
    "motion_state": false,
    "pose": [
      [
        0.9376930259839766,
        0.3472506535472175,
        0.012197238705690398,
        -44.13649651520518
      ],
      [
        -0.34688725333648107,
        0.9375805860185027,
        -0.02473617177076704,
        -110.02119866649082
      ],
      [
        -0.020025546027143855,
        0.018963869126083614,
        0.9996196022358121,
        -3.179160031154204
      ],
      [
        0.0,
        0.0,
        0.0,
        1.0
      ]
    ],
    "location": [
      -44.13649651520518,
      -110.02119866649082,
      -3.179160031154204
    ],
    "rotation": [
      0.018968810264856924,
      0.020026884717805747,
      -0.3543244181996085
    ]
  },
  {
    "label_id": "Irrp7c9HrOs1nyK9NCdnZg",
    "size": [
      2.0041518735690933,
      4.917299256640257,
      2.0500000000000043
    ],
    "obj_class": "vehicle",
    "point_num_in_lidar": 5022,
    "speed": 16.016101205644723,
    "if_vehicle": true,
    "motion_state": true,
    "pose": [
      [
        0.04149913497494317,
        -0.999064086615212,
        0.012197238705690398,
        -5.473600125546
      ],
      [
        0.9988451665229793,
        0.04118804583624511,
        -0.02473617177076704,
        -98.83710376372437
      ],
      [
        0.02421064042963277,
        0.013209682657184295,
        0.9996196022358121,
        -2.095039595689144
      ],
      [
        0.0,
        0.0,
        0.0,
        1.0
      ]
    ],
    "location": [
      -5.473600125546,
      -98.83710376372437,
      -2.095039595689144
    ],
    "rotation": [
      0.013213940361879518,
      -0.02421300625215253,
      1.5292730927863776
    ]
  },
  {
    "label_id": "KBYyTquOIk4W6w_VAnBJvQ",
    "size": [
      2.2023600065809545,
      4.8445259893152794,
      1.8200000000000038
    ],
    "obj_class": "vehicle",
    "point_num_in_lidar": 739,
    "speed": 11.321780519957823,
    "if_vehicle": true,
    "motion_state": true,
    "pose": [
      [
        -0.06160045738007819,
        0.9980263578776473,
        0.012197238705690398,
        -26.387221349183164
      ],
      [
        -0.9978137439177716,
        -0.0612850247199667,
        -0.02473617177076704,
        -112.55125954338837
      ],
      [
        -0.023939843344620935,
        -0.013694331913295117,
        0.9996196022358121,
        -2.472009348763706
      ],
      [
        0.0,
        0.0,
        0.0,
        1.0
      ]
    ],
    "location": [
      -26.387221349183164,
      -112.55125954338837,
      -2.472009348763706
    ],
    "rotation": [
      -0.013698686253458341,
      0.023942130652844826,
      -1.6324535025097628
    ]
  },
  {
    "label_id": "KBa9tx8YMHUBcWMljqi37w",
    "size": [
      2.499999999999903,
      5.0,
      2.176082732416482
    ],
    "obj_class": "vehicle",
    "point_num_in_lidar": 23,
    "speed": 8.987733679556354e-13,
    "if_vehicle": true,
    "motion_state": false,
    "pose": [
      [
        0.27272245621068425,
        -0.9620154308774719,
        0.012197238705690398,
        -58.02902621224348
      ],
      [
        0.9618748669222821,
        0.2723689816946291,
        -0.02473617177076704,
        -86.4363253936317
      ],
      [
        0.020474429458558405,
        0.01847832687942824,
        0.9996196022358121,
        -3.640108062158678
      ],
      [
        0.0,
        0.0,
        0.0,
        1.0
      ]
    ],
    "location": [
      -58.02902621224348,
      -86.4363253936317,
      -3.640108062158678
    ],
    "rotation": [
      0.01848325356548231,
      -0.020475860216330292,
      1.2945152679366334
    ]
  },
  {
    "label_id": "KE-n4BCpMYY4onuCOe_Cxg",
    "size": [
      2.0080467969614966,
      4.605128188340819,
      1.610000000000003
    ],
    "obj_class": "vehicle",
    "point_num_in_lidar": 561,
    "speed": 16.04606548036907,
    "if_vehicle": true,
    "motion_state": true,
    "pose": [
      [
        0.040620794664022415,
        -0.9991001843703261,
        0.012197238705690398,
        -4.9670611191886564
      ],
      [
        0.9988809908695875,
        0.040309898108504355,
        -0.02473617177076704,
        -84.08123862326283
      ],
      [
        0.024222244327357926,
        0.013188392838487226,
        0.9996196022358121,
        -2.0390523764659356
      ],
      [
        0.0,
        0.0,
        0.0,
        1.0
      ]
    ],
    "location": [
      -4.9670611191886564,
      -84.08123862326283,
      -2.0390523764659356
    ],
    "rotation": [
      0.013192646154087781,
      -0.024224613553847137,
      1.530152421223103
    ]
  },
  {
    "label_id": "Q6L8E4YXt0H-p-ivoC7uhw",
    "size": [
      1.8671971686941884,
      4.568158551612744,
      1.4315060933022323
    ],
    "obj_class": "vehicle",
    "point_num_in_lidar": 32,
    "speed": 10.813518056724176,
    "if_vehicle": true,
    "motion_state": true,
    "pose": [
      [
        -0.0332346997966592,
        0.9993731445748291,
        0.012197238705690398,
        -27.661372483238665
      ],
      [
        -0.9991516590278734,
        -0.03292543193300567,
        -0.02473617177076704,
        -61.73256928951196
      ],
      [
        -0.02431906641451975,
        -0.013008990531269592,
        0.9996196022358121,
        -1.6245392807973253
      ],
      [
        0.0,
        0.0,
        0.0,
        1.0
      ]
    ],
    "location": [
      -27.661372483238665,
      -61.73256928951196,
      -1.6245392807973253
    ],
    "rotation": [
      -0.013013206388089178,
      0.024321464170889397,
      -1.604046985420266
    ]
  },
  {
    "label_id": "Tb9LAGkHFTyU8qDac4H8Jw",
    "size": [
      0.8205386739829359,
      0.0943220424488163,
      0.8335460332244793
    ],
    "obj_class": "sign",
    "point_num_in_lidar": 32,
    "speed": 0.013956200983749743,
    "if_vehicle": false,
    "motion_state": false,
    "pose": [
      [
        0.07411590173096408,
        0.9971750400398931,
        0.012197238705690398,
        6.10992270017141
      ],
      [
        -0.99692166981447,
        0.074399637502181,
        -0.02473617177076704,
        -52.347645883406585
      ],
      [
        -0.025573763214179236,
        -0.010326347901440137,
        0.9996196022358121,
        0.7321598430957046
      ],
      [
        0.0,
        0.0,
        0.0,
        1.0
      ]
    ],
    "location": [
      6.10992270017141,
      -52.347645883406585,
      0.7321598430957046
    ],
    "rotation": [
      -0.010329910075510557,
      0.02557655164912021,
      -1.4965880862747956
    ]
  },
  {
    "label_id": "Tp_mTbnf0rXpgHOrql5mPA",
    "size": [
      0.4567756050563025,
      0.08929268673868548,
      1.2900000000000027
    ],
    "obj_class": "sign",
    "point_num_in_lidar": 187,
    "speed": 0.026734949850953312,
    "if_vehicle": false,
    "motion_state": false,
    "pose": [
      [
        0.9993619807902749,
        0.03356871637245614,
        0.012197238705690398,
        -14.22357522092716
      ],
      [
        -0.03325937449941736,
        0.9991405986216526,
        -0.02473617177076704,
        -99.39330410281582
      ],
      [
        -0.01301711791624793,
        0.024314717088030888,
        0.9996196022358121,
        -2.24993076275182
      ],
      [
        0.0,
        0.0,
        0.0,
        1.0
      ]
    ],
    "location": [
      -14.22357522092716,
      -99.39330410281582,
      -2.24993076275182
    ],
    "rotation": [
      0.02431917443708257,
      0.013017485559317633,
      -0.033268329137740166
    ]
  },
  {
    "label_id": "UKN8Zb93ZEAai1XgQqdhAg",
    "size": [
      2.1763987355642254,
      4.9145531528697965,
      1.6377201400438501
    ],
    "obj_class": "vehicle",
    "point_num_in_lidar": 96,
    "speed": 11.432942659536767,
    "if_vehicle": true,
    "motion_state": true,
    "pose": [
      [
        -0.03165133408528714,
        0.9994245446348503,
        0.012197238705690398,
        -19.69508095783931
      ],
      [
        -0.9992025693874892,
        -0.03134241751312242,
        -0.02473617177076704,
        -54.06942935290499
      ],
      [
        -0.024339646259987323,
        -0.012970445090865975,
        0.9996196022358121,
        -1.3682936957899656
      ],
      [
        0.0,
        0.0,
        0.0,
        1.0
      ]
    ],
    "location": [
      -19.69508095783931,
      -54.06942935290499,
      -1.3682936957899656
    ],
    "rotation": [
      -0.012974652789718637,
      0.024342050109848763,
      -1.60246233230536
    ]
  },
  {
    "label_id": "V3RVJ7DlziS_ffNdkw1atQ",
    "size": [
      2.0127843484291503,
      4.224902453012272,
      1.6302669350628847
    ],
    "obj_class": "vehicle",
    "point_num_in_lidar": 418,
    "speed": 11.447222853378777,
    "if_vehicle": true,
    "motion_state": true,
    "pose": [
      [
        -0.07353077144762028,
        0.9972183577423123,
        0.012197238705690398,
        -24.899319956888576
      ],
      [
        -0.9970095310297633,
        -0.07321281883617475,
        -0.02473617177076704,
        -89.47567899759997
      ],
      [
        -0.023774370362414768,
        -0.013979633034783808,
        0.9996196022358121,
        -2.1731656814885554
      ],
      [
        0.0,
        0.0,
        0.0,
        1.0
      ]
    ],
    "location": [
      -24.899319956888576,
      -89.47567899759997,
      -2.1731656814885554
    ],
    "rotation": [
      -0.013984041265964772,
      0.023776610559908998,
      -1.6444143665102033
    ]
  },
  {
    "label_id": "WhPgWq3c5JWYJlXPM99MEg",
    "size": [
      1.7706251348603637,
      3.2738170599658973,
      1.354965001718206
    ],
    "obj_class": "vehicle",
    "point_num_in_lidar": 23,
    "speed": 13.49385980528324,
    "if_vehicle": true,
    "motion_state": true,
    "pose": [
      [
        0.03961240428587558,
        -0.9991406731760291,
        0.012197238705690398,
        3.807689204878443
      ],
      [
        0.9989211660059222,
        0.039301729115849504,
        -0.02473617177076704,
        -38.1531324488642
      ],
      [
        0.02423554274326967,
        0.013163939146609304,
        0.9996196022358121,
        -0.8542803795234519
      ],
      [
        0.0,
        0.0,
        0.0,
        1.0
      ]
    ],
    "location": [
      3.807689204878443,
      -38.1531324488642,
      -0.8542803795234519
    ],
    "rotation": [
      0.013168187406090194,
      -0.02423791587482465,
      1.5311619079289234
    ]
  },
  {
    "label_id": "Ys8JslKeLZzs7Pevj4tkiQ",
    "size": [
      0.9354101367130526,
      0.07322799797720617,
      1.2100000000000009
    ],
    "obj_class": "sign",
    "point_num_in_lidar": 20,
    "speed": 0.02797081818736971,
    "if_vehicle": false,
    "motion_state": false,
    "pose": [
      [
        0.19186926494254825,
        -0.9813446960871407,
        0.012197238705690398,
        -33.12792389506376
      ],
      [
        0.9811752562341689,
        0.19152868808598875,
        -0.02473617177076704,
        -77.47232316620648
      ],
      [
        0.02193858984117017,
        0.016713739907554783,
        0.9996196022358121,
        0.7054021503751748
      ],
      [
        0.0,
        0.0,
        0.0,
        1.0
      ]
    ],
    "location": [
      -33.12792389506376,
      -77.47232316620648,
      0.7054021503751748
    ],
    "rotation": [
      0.01671854235742518,
      -0.021940350069290116,
      1.377682816314833
    ]
  },
  {
    "label_id": "ZZKaBiFcttHA3AVab7-MMQ",
    "size": [
      2.499999999999903,
      5.0,
      2.0
    ],
    "obj_class": "vehicle",
    "point_num_in_lidar": 41,
    "speed": 3.1776437161565096e-13,
    "if_vehicle": true,
    "motion_state": false,
    "pose": [
      [
        0.27272245621068425,
        -0.9620154308774719,
        0.012197238705690398,
        -55.18728664889659
      ],
      [
        0.9618748669222821,
        0.2723689816946291,
        -0.02473617177076704,
        -86.44696797982579
      ],
      [
        0.020474429458558405,
        0.01847832687942824,
        0.9996196022358121,
        -3.5520666959504545
      ],
      [
        0.0,
        0.0,
        0.0,
        1.0
      ]
    ],
    "location": [
      -55.18728664889659,
      -86.44696797982579,
      -3.5520666959504545
    ],
    "rotation": [
      0.01848325356548231,
      -0.020475860216330292,
      1.2945152679366334
    ]
  },
  {
    "label_id": "_0_6lKuHJjMatxHJZo4XCA",
    "size": [
      2.0288188579973943,
      4.825334032703438,
      1.486057306469732
    ],
    "obj_class": "vehicle",
    "point_num_in_lidar": 20,
    "speed": 1.5106345774618503e-12,
    "if_vehicle": true,
    "motion_state": false,
    "pose": [
      [
        0.8912995361777628,
        0.45325088436456623,
        0.012197238705690398,
        -44.69035751656793
      ],
      [
        -0.45287692778446786,
        0.8912298301148974,
        -0.02473617177076704,
        -123.85365033299968
      ],
      [
        -0.022082234710437285,
        0.016523490433611267,
        0.9996196022358121,
        -3.4359353373412844
      ],
      [
        0.0,
        0.0,
        0.0,
        1.0
      ]
    ],
    "location": [
      -44.69035751656793,
      -123.85365033299968,
      -3.4359353373412844
    ],
    "rotation": [
      0.01652827307430261,
      0.022084029746299527,
      -0.4701133988199933
    ]
  },
  {
    "label_id": "bCbo2xKSICAefdmS0oegsw",
    "size": [
      2.2052539399703033,
      5.342787782384308,
      2.5352075881934155
    ],
    "obj_class": "vehicle",
    "point_num_in_lidar": 121,
    "speed": 1.7053025658242404e-12,
    "if_vehicle": true,
    "motion_state": false,
    "pose": [
      [
        -0.9361884438396291,
        0.35128681300198283,
        0.012197238705690398,
        -55.95748007939346
      ],
      [
        -0.3514879362853764,
        -0.9358655632365015,
        -0.02473617177076704,
        -126.63226034331092
      ],
      [
        0.00272548472400863,
        -0.027444900417667395,
        0.9996196022358121,
        -3.258461123661583
      ],
      [
        0.0,
        0.0,
        0.0,
        1.0
      ]
    ],
    "location": [
      -55.95748007939346,
      -126.63226034331092,
      -3.258461123661583
    ],
    "rotation": [
      -0.027448448912017805,
      -0.0027254880982912734,
      -2.782431279926878
    ]
  },
  {
    "label_id": "c6pqigyvYSVSXKIiUs4Mrg",
    "size": [
      0.7950640377784506,
      0.9425249904647439,
      1.1799999999999997
    ],
    "obj_class": "sign",
    "point_num_in_lidar": 43,
    "speed": 0.012557391785978027,
    "if_vehicle": false,
    "motion_state": false,
    "pose": [
      [
        0.08572019368338599,
        -0.9962445863154485,
        0.012197238705690398,
        -32.34260472405822
      ],
      [
        0.9960396634406696,
        0.08539971111850697,
        -0.02473617177076704,
        -72.91503989580815
      ],
      [
        0.023601636550886256,
        0.01426932297049703,
        0.9996196022358121,
        -1.9404086240736547
      ],
      [
        0.0,
        0.0,
        0.0,
        1.0
      ]
    ],
    "location": [
      -32.34260472405822,
      -72.91503989580815,
      -1.9404086240736547
    ],
    "rotation": [
      0.014273783591139923,
      -0.023603828265432336,
      1.4849468335830645
    ]
  },
  {
    "label_id": "cNWmXBjxsIsirTIu5AYIng",
    "size": [
      2.123535372858256,
      4.783454623322626,
      1.612213484190903
    ],
    "obj_class": "vehicle",
    "point_num_in_lidar": 451,
    "speed": 12.77689189258515,
    "if_vehicle": true,
    "motion_state": true,
    "pose": [
      [
        -0.05901009791239758,
        0.9981828668697563,
        0.012197238705690398,
        -21.310328496176226
      ],
      [
        -0.997969434991676,
        -0.05869521810609335,
        -0.02473617177076704,
        -88.17862963862717
      ],
      [
        -0.023975303267404404,
        -0.013632155337747297,
        0.9996196022358121,
        -2.2221212217345965
      ],
      [
        0.0,
        0.0,
        0.0,
        1.0
      ]
    ],
    "location": [
      -21.310328496176226,
      -88.17862963862717,
      -2.2221212217345965
    ],
    "rotation": [
      -0.013636497635571324,
      0.023977600756395864,
      -1.629857722788091
    ]
  },
  {
    "label_id": "doNBNkDMv8rqWzs5dJGHTg",
    "size": [
      2.1422576153132615,
      4.97584113044322,
      1.509999999999998
    ],
    "obj_class": "vehicle",
    "point_num_in_lidar": 25,
    "speed": 7.105427357601002e-13,
    "if_vehicle": true,
    "motion_state": false,
    "pose": [
      [
        0.9373300799370382,
        0.34822916106090523,
        0.012197238705690398,
        -44.27156984860176
      ],
      [
        -0.34786564369134426,
        0.937218019323857,
        -0.02473617177076704,
        -101.52353467298599
      ],
      [
        -0.020045328244560092,
        0.01894295756961741,
        0.9996196022358121,
        -3.152677655922524
      ],
      [
        0.0,
        0.0,
        0.0,
        1.0
      ]
    ],
    "location": [
      -44.27156984860176,
      -101.52353467298599,
      -3.152677655922524
    ],
    "rotation": [
      0.018947898268629273,
      0.020046670906894482,
      -0.35536816853987224
    ]
  },
  {
    "label_id": "fFGoPQbE4rNd-pAeLa899w",
    "size": [
      0.8272954504485655,
      0.8723419263057046,
      1.2199999999999989
    ],
    "obj_class": "sign",
    "point_num_in_lidar": 25,
    "speed": 4.0194366942304643e-13,
    "if_vehicle": false,
    "motion_state": false,
    "pose": [
      [
        0.011601990382095624,
        0.9998583005541987,
        0.012197238705690398,
        -31.975099784353915
      ],
      [
        -0.9996231727914026,
        0.011901017795824913,
        -0.02473617177076704,
        -60.38470745767336
      ],
      [
        -0.024877826223832222,
        -0.011905653627302032,
        0.9996196022358121,
        -1.4614638980805807
      ],
      [
        0.0,
        0.0,
        0.0,
        1.0
      ]
    ],
    "location": [
      -31.975099784353915,
      -60.38470745767336,
      -1.4614638980805807
    ],
    "rotation": [
      -0.01190962111959204,
      0.024880393112433095,
      -1.559190483932417
    ]
  },
  {
    "label_id": "i8tHWAaERgcY8DzinKS83g",
    "size": [
      2.067712110597356,
      4.8584170357722805,
      1.4300000000000033
    ],
    "obj_class": "vehicle",
    "point_num_in_lidar": 56,
    "speed": 0.7075758164258965,
    "if_vehicle": true,
    "motion_state": false,
    "pose": [
      [
        0.7057536342880631,
        0.7083523382167572,
        0.012197238705690398,
        -47.40166161019988
      ],
      [
        -0.7079752748756658,
        0.7058038905892007,
        -0.02473617177076704,
        -94.62105939605135
      ],
      [
        -0.02613078364527565,
        0.008822299700207365,
        0.9996196022358121,
        -3.1340132054120815
      ],
      [
        0.0,
        0.0,
        0.0,
        1.0
      ]
    ],
    "location": [
      -47.40166161019988,
      -94.62105939605135,
      -3.1340132054120815
    ],
    "rotation": [
      0.008825427821084553,
      0.026133758320323854,
      -0.7869696377758796
    ]
  },
  {
    "label_id": "mjHzioKkfd6uF_DFvquivw",
    "size": [
      1.9331349028362184,
      4.6637678797215285,
      1.5157934779913838
    ],
    "obj_class": "vehicle",
    "point_num_in_lidar": 581,
    "speed": 12.607417717689163,
    "if_vehicle": true,
    "motion_state": true,
    "pose": [
      [
        -0.06168516914132986,
        0.9980211256661664,
        0.012197238705690398,
        -23.24182016850864
      ],
      [
        -0.9978085384808246,
        -0.06136971843578699,
        -0.02473617177076704,
        -115.31926001833926
      ],
      [
        -0.02393868089027027,
        -0.013696363866015434,
        0.9996196022358121,
        -2.7846396414344703
      ],
      [
        0.0,
        0.0,
        0.0,
        1.0
      ]
    ],
    "location": [
      -23.24182016850864,
      -115.31926001833926,
      -2.7846396414344703
    ],
    "rotation": [
      -0.013700718597941173,
      0.023940967865256447,
      -1.6325383983796373
    ]
  },
  {
    "label_id": "svFvjQ3iu0wyl3RaQE-qnQ",
    "size": [
      2.5000000000001403,
      5.0,
      1.8000000000000007
    ],
    "obj_class": "vehicle",
    "point_num_in_lidar": 34,
    "speed": 1.5482901753077606e-28,
    "if_vehicle": true,
    "motion_state": false,
    "pose": [
      [
        0.28462969199299304,
        -0.9585599437718698,
        0.012197238705690398,
        -52.02618549990075
      ],
      [
        0.9584237734157162,
        0.28427450177197894,
        -0.02473617177076704,
        -85.78066433336244
      ],
      [
        0.020243739465663733,
        0.01873077249775921,
        0.9996196022358121,
        -3.1361197885909
      ],
      [
        0.0,
        0.0,
        0.0,
        1.0
      ]
    ],
    "location": [
      -52.02618549990075,
      -85.78066433336244,
      -3.1361197885909
    ],
    "rotation": [
      0.018735707800448125,
      -0.020245122398440264,
      1.2821153489388013
    ]
  }
]