[
  {
    "label_id": "-VBjAVRvfydms-HFmqUzEw",
    "size": [
      2.1949993381470425,
      4.703260130007007,
      1.9711426108906878
    ],
    "obj_class": "vehicle",
    "point_num_in_lidar": 73,
    "speed": 11.77544949218285,
    "if_vehicle": true,
    "motion_state": true,
    "pose": [
      [
        -0.03750813016050411,
        0.9991740838302299,
        0.015629791229697286,
        -19.37251988922617
      ],
      [
        -0.9989526301345565,
        -0.03708046336156968,
        -0.026808244704634308,
        -50.020938817009664
      ],
      [
        -0.026206543440807813,
        -0.016618948189116196,
        0.9995183978506712,
        -1.2312823766913255
      ],
      [
        0.0,
        0.0,
        0.0,
        1.0
      ]
    ],
    "location": [
      -19.37251988922617,
      -50.020938817009664,
      -1.2312823766913255
    ],
    "rotation": [
      -0.01662542381551945,
      0.026209544069318892,
      -1.6083261529953794
    ]
  },
  {
    "label_id": "3xp7fav1XDT13tIERFz4Yw",
    "size": [
      1.7950243845315645,
      3.727424411905237,
      1.6243614469938237
    ],
    "obj_class": "vehicle",
    "point_num_in_lidar": 119,
    "speed": 13.897344619902965,
    "if_vehicle": true,
    "motion_state": true,
    "pose": [
      [
        0.03628744351065815,
        -0.9992191606797666,
        0.015629791229697286,
        0.4425092260089514
      ],
      [
        0.9989971846826546,
        0.035860047573681254,
        -0.026808244704634308,
        -36.29856085681422
      ],
      [
        0.02622682671599883,
        0.016586920100984552,
        0.9995183978506712,
        -0.6661068859151911
      ],
      [
        0.0,
        0.0,
        0.0,
        1.0
      ]
    ],
    "location": [
      0.4425092260089514,
      -36.29856085681422,
      -0.6661068859151911
    ],
    "rotation": [
      0.016593389134271743,
      -0.02622983431860086,
      1.534488420038671
    ]
  },
  {
    "label_id": "AnTYG2pOXewVFM5n9mAmow",
    "size": [
      2.5065199947139387,
      6.6471053257860095,
      2.1860206166670793
    ],
    "obj_class": "vehicle",
    "point_num_in_lidar": 467,
    "speed": 10.834301185943069,
    "if_vehicle": true,
    "motion_state": true,
    "pose": [
      [
        -0.03771508843042979,
        0.9991662933319965,
        0.015629791229697286,
        -27.239191694357032
      ],
      [
        -0.9989449282237605,
        -0.03728737577093297,
        -0.026808244704634308,
        -63.69418536834564
      ],
      [
        -0.026203100593463622,
        -0.0166243759978022,
        0.9995183978506712,
        -1.260218127833081
      ],
      [
        0.0,
        0.0,
        0.0,
        1.0
      ]
    ],
    "location": [
      -27.239191694357032,
      -63.69418536834564,
      -1.260218127833081
    ],
    "rotation": [
      -0.0166308527381627,
      0.026206100039276488,
      -1.608533325653155
    ]
  },
  {
    "label_id": "Dlq_fzd0Zs7aN55n-ILhPg",
    "size": [
      2.113272571134618,
      4.613436772170868,
      1.8401915579119965
    ],
    "obj_class": "vehicle",
    "point_num_in_lidar": 51,
    "speed": 9.67077200627471,
    "if_vehicle": true,
    "motion_state": true,
    "pose": [
      [
        -0.04560555491149309,
        0.9988372454946457,
        0.015629791229697286,
        -22.651498716201786
      ],
      [
        -0.998619265463081,
        -0.045176107200965654,
        -0.026808244704634308,
        -46.76135621130743
      ],
      [
        -0.02607098017320183,
        -0.01683081551309955,
        0.9995183978506712,
        -0.9024332441410259
      ],
      [
        0.0,
        0.0,
        0.0,
        1.0
      ]
    ],
    "location": [
      -22.651498716201786,
      -46.76135621130743,
      -0.9024332441410259
    ],
    "rotation": [
      -0.016837333890656427,
      0.026073934467088732,
      -1.6164332284519647
    ]
  },
  {
    "label_id": "Irrp7c9HrOs1nyK9NCdnZg",
    "size": [
      2.0041518735678743,
      4.917299256640257,
      2.0500000000000043
    ],
    "obj_class": "vehicle",
    "point_num_in_lidar": 1983,
    "speed": 16.48410307291245,
    "if_vehicle": true,
    "motion_state": true,
    "pose": [
      [
        0.03840486802961346,
        -0.9991400180844247,
        0.015629791229697286,
        -4.055912718157742
      ],
      [
        0.9989189483064259,
        0.03797700264950682,
        -0.026808244704634308,
        -66.35858771095991
      ],
      [
        0.026191617476058544,
        0.016642461717405275,
        0.9995183978506712,
        -1.3030655494293555
      ],
      [
        0.0,
        0.0,
        0.0,
        1.0
      ]
    ],
    "location": [
      -4.055912718157742,
      -66.35858771095991,
      -1.3030655494293555
    ],
    "rotation": [
      0.016648942162447125,
      -0.026194612979400896,
      1.5323688223195808
    ]
  },
  {
    "label_id": "KE-n4BCpMYY4onuCOe_Cxg",
    "size": [
      2.008046796961051,
      4.605128188340819,
      1.610000000000003
    ],
    "obj_class": "vehicle",
    "point_num_in_lidar": 417,
    "speed": 16.105242757777514,
    "if_vehicle": true,
    "motion_state": true,
    "pose": [
      [
        0.04681631367310732,
        -0.9987812284981019,
        0.015629791229697286,
        -3.5253334632343467
      ],
      [
        0.9985637692039621,
        0.04638660204232403,
        -0.026808244704634308,
        -51.85889117335137
      ],
      [
        0.026050558674195805,
        0.016862406435315128,
        0.9995183978506712,
        -1.210358069520158
      ],
      [
        0.0,
        0.0,
        0.0,
        1.0
      ]
    ],
    "location": [
      -3.5253334632343467,
      -51.85889117335137,
      -1.210358069520158
    ],
    "rotation": [
      0.01686893105827388,
      -0.026053506029777528,
      1.5239469834315849
    ]
  },
  {
    "label_id": "PTmdSbz-CCtd-8yCV-7YpA",
    "size": [
      2.1214582463797518,
      4.701555991474338,
      1.8876587865599426
    ],
    "obj_class": "vehicle",
    "point_num_in_lidar": 33,
    "speed": 10.53863517422937,
    "if_vehicle": true,
    "motion_state": true,
    "pose": [
      [
        -0.031393017301671655,
        0.9993849048743999,
        0.015629791229697286,
        -24.920593940625622
      ],
      [
        -0.9991608382333605,
        -0.03096671368849021,
        -0.026808244704634308,
        -17.595683502499014
      ],
      [
        -0.026307751813969674,
        -0.0164582669963168,
        0.9995183978506712,
        0.03851828766683241
      ],
      [
        0.0,
        0.0,
        0.0,
        1.0
      ]
    ],
    "location": [
      -24.920593940625622,
      -17.595683502499014,
      0.03851828766683241
    ],
    "rotation": [
      -0.016464709203295437,
      0.026310787349013653,
      -1.602205377323595
    ]
  },
  {
    "label_id": "Q6L8E4YXt0H-p-ivoC7uhw",
    "size": [
      1.8671971686951703,
      4.568158551612744,
      1.4315060933022323
    ],
    "obj_class": "vehicle",
    "point_num_in_lidar": 426,
    "speed": 10.492291328903564,
    "if_vehicle": true,
    "motion_state": true,
    "pose": [
      [
        -0.04763086352759309,
        0.9987427148498917,
        0.015629791229697286,
        -28.527670132265484
      ],
      [
        -0.9985256060834338,
        -0.047200974688745935,
        -0.026808244704634308,
        -83.15421243192213
      ],
      [
        -0.02603679771644337,
        -0.016883646605531776,
        0.9995183978506712,
        -2.016547021732965
      ],
      [
        0.0,
        0.0,
        0.0,
        1.0
      ]
    ],
    "location": [
      -28.527670132265484,
      -83.15421243192213,
      -2.016547021732965
    ],
    "rotation": [
      -0.016890175408654465,
      0.02603974040280535,
      -1.6184613901591642
    ]
  },
  {
    "label_id": "RlOZ9UW7x-3KSaYjl4ndMA",
    "size": [
      2.0114113124980233,
      4.382567611808012,
      1.5699999999999967
    ],
    "obj_class": "vehicle",
    "point_num_in_lidar": 83,
    "speed": 0.02587444751727868,
    "if_vehicle": true,
    "motion_state": false,
    "pose": [
      [
        -0.08580411813649134,
        0.9961894212131222,
        0.015629791229697286,
        -29.84763329224006
      ],
      [
        -0.9959889173008396,
        -0.08536623823126892,
        -0.026808244704634308,
        -47.29474441341699
      ],
      [
        -0.025371833294430057,
        -0.01786735664017277,
        0.9995183978506712,
        -1.023788618085451
      ],
      [
        0.0,
        0.0,
        0.0,
        1.0
      ]
    ],
    "location": [
      -29.84763329224006,
      -47.29474441341699,
      -1.023788618085451
    ],
    "rotation": [
      -0.017874062019498316,
      0.025374556184655925,
      -1.6567338148905693
    ]
  },
  {
    "label_id": "Tb9LAGkHFTyU8qDac4H8Jw",
    "size": [
      0.8205386739829357,
      0.0943220424488163,
      0.8335460332244793
    ],
    "obj_class": "sign",
    "point_num_in_lidar": 103,
    "speed": 0.02430484161856753,
    "if_vehicle": false,
    "motion_state": false,
    "pose": [
      [
        0.0741123614279363,
        0.9971274078620501,
        0.015629791229697286,
        6.076310495999678
      ],
      [
        -0.9968596587599327,
        0.07451267511562822,
        -0.026808244704634308,
        -52.40748066429114
      ],
      [
        -0.027895853107687062,
        -0.013593886030926606,
        0.9995183978506712,
        0.8201454436972213
      ],
      [
        0.0,
        0.0,
        0.0,
        1.0
      ]
    ],
    "location": [
      6.076310495999678,
      -52.40748066429114,
      0.8201454436972213
    ],
    "rotation": [
      -0.01359959755722085,
      0.027899472367972956,
      -1.4965870189100376
    ]
  },
  {
    "label_id": "UKN8Zb93ZEAai1XgQqdhAg",
    "size": [
      2.176398735562677,
      4.9145531528697965,
      1.6377201400438501
    ],
    "obj_class": "vehicle",
    "point_num_in_lidar": 970,
    "speed": 10.654578488797835,
    "if_vehicle": true,
    "motion_state": true,
    "pose": [
      [
        -0.04917268987974374,
        0.9986679909740309,
        0.015629791229697286,
        -20.592064413367552
      ],
      [
        -0.9984515461390682,
        -0.04874246637543906,
        -0.026808244704634308,
        -76.17703276621069
      ],
      [
        -0.026010701307248685,
        -0.016923822722203368,
        0.9995183978506712,
        -1.8856563906585926
      ],
      [
        0.0,
        0.0,
        0.0,
        1.0
      ]
    ],
    "location": [
      -20.592064413367552,
      -76.17703276621069,
      -1.8856563906585926
    ],
    "rotation": [
      -0.01693035939046014,
      0.02601363515241112,
      -1.6200055171421581
    ]
  },
  {
    "label_id": "VKhIXrSDKaMEGkRfSXpi1g",
    "size": [
      1.9281051200490613,
      4.818406194486315,
      1.6295224594925415
    ],
    "obj_class": "vehicle",
    "point_num_in_lidar": 614,
    "speed": 10.274478077580417,
    "if_vehicle": true,
    "motion_state": true,
    "pose": [
      [
        -0.06915040362665513,
        0.9974838000210264,
        0.015629791229697286,
        -24.588630707024095
      ],
      [
        -0.9972760091298538,
        -0.0687159343230399,
        -0.026808244704634308,
        -88.30456979817063
      ],
      [
        -0.02566677409224948,
        -0.0174410167629329,
        0.9995183978506712,
        -2.0907310074930976
      ],
      [
        0.0,
        0.0,
        0.0,
        1.0
      ]
    ],
    "location": [
      -24.588630707024095,
      -88.30456979817063,
      -2.0907310074930976
    ],
    "rotation": [
      -0.017447649751726423,
      0.025669593068345136,
      -1.6400248031888158
    ]
  },
  {
    "label_id": "WhPgWq3c5JWYJlXPM99MEg",
    "size": [
      1.7706251348595408,
      3.2738170599658973,
      1.354965001718206
    ],
    "obj_class": "vehicle",
    "point_num_in_lidar": 22,
    "speed": 13.768044032690963,
    "if_vehicle": true,
    "motion_state": true,
    "pose": [
      [
        0.055182041659245396,
        -0.9983539712468888,
        0.015629791229697286,
        5.205048811841152
      ],
      [
        0.9981401195280499,
        0.05475052332523417,
        -0.026808244704634308,
        -10.972466413644725
      ],
      [
        0.025908378313739953,
        0.01708005536231089,
        0.9995183978506712,
        0.18106685642354492
      ],
      [
        0.0,
        0.0,
        0.0,
        1.0
      ]
    ],
    "location": [
      5.205048811841152,
      -10.972466413644725,
      0.18106685642354492
    ],
    "rotation": [
      0.017086622094715582,
      -0.025911277663806673,
      1.5155676833497869
    ]
  },
  {
    "label_id": "YTD4APa4WYdUDLzrrC3PJg",
    "size": [
      1.9904194476596377,
      4.086784428130285,
      1.822422879616937
    ],
    "obj_class": "vehicle",
    "point_num_in_lidar": 708,
    "speed": 10.601162007853542,
    "if_vehicle": true,
    "motion_state": true,
    "pose": [
      [
        -0.048046839012838446,
        0.9987227898105614,
        0.015629791229697286,
        -23.38936771302997
      ],
      [
        -0.9985058601130464,
        -0.047616859784765424,
        -0.026808244704634308,
        -66.97633503783618
      ],
      [
        -0.02602976336388693,
        -0.01689448955273658,
        0.9995183978506712,
        -1.4931528989156035
      ],
      [
        0.0,
        0.0,
        0.0,
        1.0
      ]
    ],
    "location": [
      -23.38936771302997,
      -66.97633503783618,
      -1.4931528989156035
    ],
    "rotation": [
      -0.016901020483924188,
      0.026032703665334733,
      -1.6188779751952345
    ]
  },
  {
    "label_id": "Ys8JslKeLZzs7Pevj4tkiQ",
    "size": [
      0.9354101367130563,
      0.07322799797720617,
      1.2100000000000044
    ],
    "obj_class": "sign",
    "point_num_in_lidar": 33,
    "speed": 0.022686492407392216,
    "if_vehicle": false,
    "motion_state": false,
    "pose": [
      [
        0.19186009990076908,
        -0.9812978200791966,
        0.015629791229697286,
        -33.09537724965867
      ],
      [
        0.9811453000683943,
        0.1914032867261089,
        -0.026808244704634308,
        -77.4792338433781
      ],
      [
        0.023315278676600337,
        0.0204785287132631,
        0.9995183978506712,
        0.7380670199045873
      ],
      [
        0.0,
        0.0,
        0.0,
        1.0
      ]
    ],
    "location": [
      -33.09537724965867,
      -77.4792338433781,
      0.7380670199045873
    ],
    "rotation": [
      0.020485529856136633,
      -0.023317391566372206,
      1.3776860628232224
    ]
  },
  {
    "label_id": "dvdG_f-6RVms8nISrSC8VA",
    "size": [
      2.036348935477137,
      4.458228043681338,
      1.7458161543778736
    ],
    "obj_class": "vehicle",
    "point_num_in_lidar": 33,
    "speed": 11.975142868357949,
    "if_vehicle": true,
    "motion_state": true,
    "pose": [
      [
        -0.03606416542458321,
        0.9992272442234273,
        0.015629791229697286,
        -18.802453004512245
      ],
      [
        -0.9990051727295255,
        -0.03563681909918143,
        -0.026808244704634308,
        -33.50870473590294
      ],
      [
        -0.026230532436068325,
        -0.016581059258920797,
        0.9995183978506712,
        -0.5853506623675884
      ],
      [
        0.0,
        0.0,
        0.0,
        1.0
      ]
    ],
    "location": [
      -18.802453004512245,
      -33.50870473590294,
      -0.5853506623675884
    ],
    "rotation": [
      -0.016587527082040563,
      0.02623354131399167,
      -1.606880735750183
    ]
  },
  {
    "label_id": "i8tHWAaERgcY8DzinKS83g",
    "size": [
      2.0677121105981917,
      4.8584170357722805,
      1.4300000000000033
    ],
    "obj_class": "vehicle",
    "point_num_in_lidar": 89,
    "speed": 0.6462101487443133,
    "if_vehicle": true,
    "motion_state": false,
    "pose": [
      [
        0.4330466692680746,
        0.901235980119493,
        0.015629791229697286,
        -48.5657965977598
      ],
      [
        -0.9008405599098124,
        0.4333215937813766,
        -0.026808244704634308,
        -93.87236823899184
      ],
      [
        -0.030933280737786912,
        -0.002470728804368595,
        0.9995183978506712,
        -3.1340132054120673
      ],
      [
        0.0,
        0.0,
        0.0,
        1.0
      ]
    ],
    "location": [
      -48.5657965977598,
      -93.87236823899184,
      -3.1340132054120673
    ],
    "rotation": [
      -0.0024719142512353567,
      0.03093821604018619,
      -1.1226962138896197
    ]
  },
  {
    "label_id": "lHbE_TvXcnOnwbc9tjBmiw",
    "size": [
      1.8547855308585341,
      4.604259104690197,
      1.529544914510094
    ],
    "obj_class": "vehicle",
    "point_num_in_lidar": 46,
    "speed": 11.29918245788671,
    "if_vehicle": true,
    "motion_state": true,
    "pose": [
      [
        -0.039281697471305964,
        0.9991059292536949,
        0.015629791229697286,
        -21.526852240394874
      ],
      [
        -0.9988852350550363,
        -0.03885363824536091,
        -0.026808244704634308,
        -22.42442230845336
      ],
      [
        -0.026177001982994927,
        -0.016665441044561503,
        0.9995183978506712,
        -0.2364357686776053
      ],
      [
        0.0,
        0.0,
        0.0,
        1.0
      ]
    ],
    "location": [
      -21.526852240394874,
      -22.42442230845336,
      -0.2364357686776053
    ],
    "rotation": [
      -0.016671926180971814,
      0.026179992473436182,
      -1.610101609500234
    ]
  },
  {
    "label_id": "pOpngrVB8lN0PzlZlu3VfQ",
    "size": [
      0.75603850694489,
      1.1080202255438867,
      1.120000000000001
    ],
    "obj_class": "sign",
    "point_num_in_lidar": 31,
    "speed": 0.04297951518837873,
    "if_vehicle": false,
    "motion_state": false,
    "pose": [
      [
        0.03741284212845981,
        -0.9991776563104219,
        0.015629791229697286,
        -34.70413652175557
      ],
      [
        0.9989561618306156,
        0.03698519645076199,
        -0.026808244704634308,
        -79.57302003543555
      ],
      [
        0.026208128214658025,
        0.01661644888390782,
        0.9995183978506712,
        -2.047895755760617
      ],
      [
        0.0,
        0.0,
        0.0,
        1.0
      ]
    ],
    "location": [
      -34.70413652175557,
      -79.57302003543555,
      -2.047895755760617
    ],
    "rotation": [
      0.01662292399704538,
      -0.02621112938768032,
      1.533361886805687
    ]
  },
  {
    "label_id": "zwdjX44zD5DT6AEef_FdTg",
    "size": [
      2.0392452537793346,
      4.884100863327777,
      1.577570207428927
    ],
    "obj_class": "vehicle",
    "point_num_in_lidar": 27,
    "speed": 0.014817666012263487,
    "if_vehicle": true,
    "motion_state": false,
    "pose": [
      [
        -0.02762082976206121,
        0.999496272824152,
        0.015629791229697286,
        -29.110821702663998
      ],
      [
        -0.9992705987875203,
        -0.02719537487675779,
        -0.026808244704634308,
        -27.69478919654648
      ],
      [
        -0.026369682631502717,
        -0.01635885680422992,
        0.9995183978506712,
        -0.42527022903110634
      ],
      [
        0.0,
        0.0,
        0.0,
        1.0
      ]
    ],
    "location": [
      -29.110821702663998,
      -27.69478919654648,
      -0.42527022903110634
    ],
    "rotation": [
      -0.016365277908836014,
      0.02637273965931173,
      -1.5984302816908336
    ]
  }
]