[
  {
    "label_id": "-k9fOiLCkk8erFTll2W4dg",
    "size": [
      2.0780549804565047,
      5.136563085055615,
      1.9265566023810976
    ],
    "obj_class": "vehicle",
    "point_num_in_lidar": 262,
    "speed": 9.099386826154683e-13,
    "if_vehicle": true,
    "motion_state": false,
    "pose": [
      [
        -0.03762870515470627,
        0.9991871818615662,
        0.014458774219190224,
        -32.602329582318816
      ],
      [
        -0.9990181481049633,
        -0.037275877002540585,
        -0.02394261369653188,
        -105.86277338859873
      ],
      [
        -0.023384189216435786,
        -0.015345507395743032,
        0.9996087710186706,
        -2.461489353704952
      ],
      [
        0.0,
        0.0,
        0.0,
        1.0
      ]
    ],
    "location": [
      -32.602329582318816,
      -105.86277338859873,
      -2.461489353704952
    ],
    "rotation": [
      -0.01535030756476258,
      0.023386320899266604,
      -1.6084442170690787
    ]
  },
  {
    "label_id": "3EYHmUD7WYDZ4T6bATYinA",
    "size": [
      1.8197726560833503,
      4.405406262666267,
      1.9014615031353053
    ],
    "obj_class": "vehicle",
    "point_num_in_lidar": 68,
    "speed": 11.95873736350648,
    "if_vehicle": true,
    "motion_state": true,
    "pose": [
      [
        -0.04183177483086825,
        0.9990200430735,
        0.014458774219190224,
        -20.335314534041572
      ],
      [
        -0.9988524950978694,
        -0.04147823870584838,
        -0.02394261369653188,
        -70.10296814266985
      ],
      [
        -0.02331942647794391,
        -0.015443744729910686,
        0.9996087710186706,
        -1.6723015549281435
      ],
      [
        0.0,
        0.0,
        0.0,
        1.0
      ]
    ],
    "location": [
      -20.335314534041572,
      -70.10296814266985,
      -1.6723015549281435
    ],
    "rotation": [
      -0.015448560043656794,
      0.023321540495753374,
      -1.612651700042852
    ]
  },
  {
    "label_id": "3xp7fav1XDT13tIERFz4Yw",
    "size": [
      1.7950243845319316,
      3.727424411905237,
      1.6243614469938237
    ],
    "obj_class": "vehicle",
    "point_num_in_lidar": 114,
    "speed": 13.088579790612437,
    "if_vehicle": true,
    "motion_state": true,
    "pose": [
      [
        0.029417901307264648,
        -0.999462621077324,
        0.014458774219190224,
        -0.6906556268386339
      ],
      [
        0.9992906941153179,
        0.0290664738815174,
        -0.02394261369653188,
        -65.09128261720252
      ],
      [
        0.023509481857376734,
        0.015152859972313798,
        0.9996087710186706,
        -1.556952853117938
      ],
      [
        0.0,
        0.0,
        0.0,
        1.0
      ]
    ],
    "location": [
      -0.6906556268386339,
      -65.09128261720252,
      -1.556952853117938
    ],
    "rotation": [
      0.015157629583130282,
      -0.02351164799456772,
      1.5413660442608625
    ]
  },
  {
    "label_id": "55V3ar31Gkfp03JU8tQCfw",
    "size": [
      2.051691203152694,
      4.366744586737906,
      1.4899999999999984
    ],
    "obj_class": "vehicle",
    "point_num_in_lidar": 105,
    "speed": 5.123796534383003e-13,
    "if_vehicle": true,
    "motion_state": false,
    "pose": [
      [
        0.4107329582337905,
        -0.9116410372885797,
        0.014458774219190224,
        -46.39314441134229
      ],
      [
        0.9116171439491829,
        0.41034245954728255,
        -0.02394261369653188,
        -86.69837180118338
      ],
      [
        0.01589402021056472,
        0.02301488701012968,
        0.9996087710186706,
        -2.94195962387327
      ],
      [
        0.0,
        0.0,
        0.0,
        1.0
      ]
    ],
    "location": [
      -46.39314441134229,
      -86.69837180118338,
      -2.94195962387327
    ],
    "rotation": [
      0.02301982759838975,
      -0.015894689477558035,
      1.1474816000648032
    ]
  },
  {
    "label_id": "8b89eLYLjjgUUWxMRAsRng",
    "size": [
      0.7950640377794624,
      0.9425249904647439,
      1.129999999999999
    ],
    "obj_class": "sign",
    "point_num_in_lidar": 37,
    "speed": 0.05595606867119116,
    "if_vehicle": false,
    "motion_state": false,
    "pose": [
      [
        0.13861068003620697,
        -0.990241396442291,
        0.014458774219190224,
        -33.23741296187745
      ],
      [
        0.9901089580406738,
        0.13824254937243521,
        -0.02394261369653188,
        -91.10585518832886
      ],
      [
        0.021710149412470753,
        0.01763446384302827,
        0.9996087710186706,
        -2.392258734598798
      ],
      [
        0.0,
        0.0,
        0.0,
        1.0
      ]
    ],
    "location": [
      -33.23741296187745,
      -91.10585518832886,
      -2.392258734598798
    ],
    "rotation": [
      0.017639535895971906,
      -0.02171185521720753,
      1.4317049162925182
    ]
  },
  {
    "label_id": "8bwXd7og_NJIRvc6PFNwCA",
    "size": [
      1.936434605339591,
      4.526265005085073,
      1.7600000000000051
    ],
    "obj_class": "vehicle",
    "point_num_in_lidar": 441,
    "speed": 5.684341886080801e-13,
    "if_vehicle": true,
    "motion_state": false,
    "pose": [
      [
        -0.059152961527081174,
        0.9981442135236039,
        0.014458774219190224,
        -32.35756593798851
      ],
      [
        -0.997982822650559,
        -0.05879657255148042,
        -0.02394261369653188,
        -100.7043541622752
      ],
      [
        -0.02304805495044019,
        -0.01584588481418331,
        0.9996087710186706,
        -2.358562341201342
      ],
      [
        0.0,
        0.0,
        0.0,
        1.0
      ]
    ],
    "location": [
      -32.35756593798851,
      -100.7043541622752,
      -2.358562341201342
    ],
    "rotation": [
      -0.01585075899356214,
      0.02305009600882715,
      -1.629999584754019
    ]
  },
  {
    "label_id": "9kZI0KpV7yTyQVcx-Plu9A",
    "size": [
      2.27472713261527,
      4.753607448117551,
      2.1999999999999993
    ],
    "obj_class": "vehicle",
    "point_num_in_lidar": 21,
    "speed": 0.0,
    "if_vehicle": true,
    "motion_state": false,
    "pose": [
      [
        -0.9377729005695709,
        -0.34694802320435847,
        0.014458774219190224,
        -72.9839039740682
      ],
      [
        0.34656009858753434,
        -0.937722159979371,
        -0.02394261369653188,
        -126.75450001306308
      ],
      [
        0.02186515548383043,
        -0.017441900074555972,
        0.9996087710186706,
        -4.583654911807571
      ],
      [
        0.0,
        0.0,
        0.0,
        1.0
      ]
    ],
    "location": [
      -72.9839039740682,
      -126.75450001306308,
      -4.583654911807571
    ],
    "rotation": [
      -0.017446956043676538,
      -0.02186689809265689,
      2.7876028606845944
    ]
  },
  {
    "label_id": "9xsS4Jlja06c-Chp4xHjOw",
    "size": [
      2.1631080168627137,
      4.811203120850331,
      1.5700000000000038
    ],
    "obj_class": "vehicle",
    "point_num_in_lidar": 56,
    "speed": 10.879823311462266,
    "if_vehicle": true,
    "motion_state": true,
    "pose": [
      [
        -0.05324052378965959,
        0.9984770355269474,
        0.014458774219190224,
        -28.01891786908891
      ],
      [
        -0.9983135368094227,
        -0.052885096884094256,
        -0.02394261369653188,
        -82.09489488805048
      ],
      [
        -0.02314149627107292,
        -0.015709107322785524,
        0.9996087710186706,
        -2.00571542171123
      ],
      [
        0.0,
        0.0,
        0.0,
        1.0
      ]
    ],
    "location": [
      -28.01891786908891,
      -82.09489488805048,
      -2.00571542171123
    ],
    "rotation": [
      -0.015713962049554844,
      0.023143562258802795,
      -1.624076316813859
    ]
  },
  {
    "label_id": "AnTYG2pOXewVFM5n9mAmow",
    "size": [
      2.5065199947153842,
      6.6471053257860095,
      2.1860206166670793
    ],
    "obj_class": "vehicle",
    "point_num_in_lidar": 58,
    "speed": 11.174692612393521,
    "if_vehicle": true,
    "motion_state": true,
    "pose": [
      [
        -0.03695267941557802,
        0.9992124115182356,
        0.014458774219190224,
        -26.382712150858424
      ],
      [
        -0.9990431390884165,
        -0.0365999657068352,
        -0.02394261369653188,
        -39.59410665156793
      ],
      [
        -0.02339456612917592,
        -0.015329682911609438,
        0.9996087710186706,
        -0.5956319864835855
      ],
      [
        0.0,
        0.0,
        0.0,
        1.0
      ]
    ],
    "location": [
      -26.382712150858424,
      -39.59410665156793,
      -0.5956319864835855
    ],
    "rotation": [
      -0.015334480613285342,
      0.023396700651584352,
      -1.6077675444745945
    ]
  },
  {
    "label_id": "CYgZTdc8n8BmocfFiCVd-g",
    "size": [
      1.950433301853564,
      4.516909538653063,
      1.9300000000000033
    ],
    "obj_class": "vehicle",
    "point_num_in_lidar": 115,
    "speed": 8.644125458514253e-13,
    "if_vehicle": true,
    "motion_state": false,
    "pose": [
      [
        -0.05443066489631898,
        0.9984128637828255,
        0.014458774219190224,
        -33.20892621008716
      ],
      [
        -0.9982497888482982,
        -0.05407504335371942,
        -0.02394261369653188,
        -112.22676555687758
      ],
      [
        -0.02312275466445594,
        -0.0157366806941698,
        0.9996087710186706,
        -2.540944611124452
      ],
      [
        0.0,
        0.0,
        0.0,
        1.0
      ]
    ],
    "location": [
      -33.20892621008716,
      -112.22676555687758,
      -2.540944611124452
    ],
    "rotation": [
      -0.015741539389946303,
      0.02312481563590017,
      -1.6252684829709638
    ]
  },
  {
    "label_id": "Irrp7c9HrOs1nyK9NCdnZg",
    "size": [
      2.004151873568909,
      4.917299256640257,
      2.0500000000000043
    ],
    "obj_class": "vehicle",
    "point_num_in_lidar": 5377,
    "speed": 15.969611345858812,
    "if_vehicle": true,
    "motion_state": true,
    "pose": [
      [
        0.04101864030266766,
        -0.9990537598126532,
        0.014458774219190224,
        -5.605361289123721
      ],
      [
        0.9988859241430061,
        0.04066524066510974,
        -0.02394261369653188,
        -102.04038057021353
      ],
      [
        0.023331988699916248,
        0.015424759507034662,
        0.9996087710186706,
        -2.164822741859499
      ],
      [
        0.0,
        0.0,
        0.0,
        1.0
      ]
    ],
    "location": [
      -5.605361289123721,
      -102.04038057021353,
      -2.164822741859499
    ],
    "rotation": [
      0.015429571917124447,
      -0.023334106136602088,
      1.529754996396926
    ]
  },
  {
    "label_id": "KBYyTquOIk4W6w_VAnBJvQ",
    "size": [
      2.2023600065794575,
      4.8445259893152794,
      1.8200000000000038
    ],
    "obj_class": "vehicle",
    "point_num_in_lidar": 654,
    "speed": 11.315161270760095,
    "if_vehicle": true,
    "motion_state": true,
    "pose": [
      [
        -0.06309870509728496,
        0.9979025489811739,
        0.014458774219190224,
        -26.23733789216294
      ],
      [
        -0.9977425683685118,
        -0.0627416808412403,
        -0.02394261369653188,
        -110.31431583571975
      ],
      [
        -0.02298522743962474,
        -0.015936882445810957,
        0.9996087710186706,
        -2.4291395666306883
      ],
      [
        0.0,
        0.0,
        0.0,
        1.0
      ]
    ],
    "location": [
      -26.23733789216294,
      -110.31431583571975,
      -2.4291395666306883
    ],
    "rotation": [
      -0.015941769238607257,
      0.022987251849453796,
      -1.6339536858615067
    ]
  },
  {
    "label_id": "KE-n4BCpMYY4onuCOe_Cxg",
    "size": [
      2.008046796962086,
      4.605128188340819,
      1.610000000000003
    ],
    "obj_class": "vehicle",
    "point_num_in_lidar": 593,
    "speed": 16.028406210231655,
    "if_vehicle": true,
    "motion_state": true,
    "pose": [
      [
        0.04059187255699236,
        -0.999071190521674,
        0.014458774219190224,
        -5.097692516940697
      ],
      [
        0.99890320390625,
        0.04023854464573942,
        -0.02394261369653188,
        -87.2909327263933
      ],
      [
        0.023338575538053092,
        0.015414791415957125,
        0.9996087710186706,
        -2.1067873906141337
      ],
      [
        0.0,
        0.0,
        0.0,
        1.0
      ]
    ],
    "location": [
      -5.097692516940697,
      -87.2909327263933,
      -2.1067873906141337
    ],
    "rotation": [
      0.01541960229704178,
      -0.023340694768854937,
      1.5301822301402406
    ]
  },
  {
    "label_id": "Q6L8E4YXt0H-p-ivoC7uhw",
    "size": [
      1.867197168696243,
      4.568158551612744,
      1.4315060933022323
    ],
    "obj_class": "vehicle",
    "point_num_in_lidar": 45,
    "speed": 10.823679324785303,
    "if_vehicle": true,
    "motion_state": true,
    "pose": [
      [
        -0.03035547277378654,
        0.9994345847131558,
        0.014458774219190224,
        -27.589131557651854
      ],
      [
        -0.9992629874968321,
        -0.030003884219959902,
        -0.02394261369653188,
        -59.56027222014745
      ],
      [
        -0.023495256789105728,
        -0.01517490728000856,
        0.9996087710186706,
        -1.4995261721072737
      ],
      [
        0.0,
        0.0,
        0.0,
        1.0
      ]
    ],
    "location": [
      -27.589131557651854,
      -59.56027222014745,
      -1.4995261721072737
    ],
    "rotation": [
      -0.015179680445326532,
      0.023497418995979243,
      -1.6011648492261574
    ]
  },
  {
    "label_id": "Tb9LAGkHFTyU8qDac4H8Jw",
    "size": [
      0.8205386739829363,
      0.0943220424488163,
      0.8335460332244757
    ],
    "obj_class": "sign",
    "point_num_in_lidar": 27,
    "speed": 0.015804540313280876,
    "if_vehicle": false,
    "motion_state": false,
    "pose": [
      [
        0.07411366738115563,
        0.9971449785038251,
        0.014458774219190224,
        6.113914603671219
      ],
      [
        -0.9969376257013337,
        0.07444542773311309,
        -0.02394261369653188,
        -52.34485968190529
      ],
      [
        -0.02495064665099779,
        -0.01264002113289089,
        0.9996087710186706,
        0.708150970692202
      ],
      [
        0.0,
        0.0,
        0.0,
        1.0
      ]
    ],
    "location": [
      6.113914603671219,
      -52.34485968190529,
      0.708150970692202
    ],
    "rotation": [
      -0.012644294318910638,
      0.02495323615065949,
      -1.4965914985094286
    ]
  },
  {
    "label_id": "Tp_mTbnf0rXpgHOrql5mPA",
    "size": [
      0.4567756050563006,
      0.08929268673868548,
      1.2900000000000027
    ],
    "obj_class": "sign",
    "point_num_in_lidar": 140,
    "speed": 0.027846704455502087,
    "if_vehicle": false,
    "motion_state": false,
    "pose": [
      [
        0.9993318533251608,
        0.033567704386471456,
        0.014458774219190224,
        -14.229918765364346
      ],
      [
        -0.033215566100037015,
        0.9991613870731958,
        -0.02394261369653188,
        -99.3906037740744
      ],
      [
        -0.015250347483028932,
        0.02344636014800056,
        0.9996087710186706,
        -2.2499307627518412
      ],
      [
        0.0,
        0.0,
        0.0,
        1.0
      ]
    ],
    "location": [
      -14.229918765364346,
      -99.3906037740744,
      -2.2499307627518412
    ],
    "rotation": [
      0.023451236603174344,
      0.015250938681665476,
      -0.0332255421089831
    ]
  },
  {
    "label_id": "UKN8Zb93ZEAai1XgQqdhAg",
    "size": [
      2.176398735564684,
      4.9145531528697965,
      1.6377201400438501
    ],
    "obj_class": "vehicle",
    "point_num_in_lidar": 69,
    "speed": 11.475923510398264,
    "if_vehicle": true,
    "motion_state": true,
    "pose": [
      [
        -0.032275130004805336,
        0.9993744342493714,
        0.014458774219190224,
        -19.623420254101802
      ],
      [
        -0.9992035126806398,
        -0.03192321249575774,
        -0.02394261369653188,
        -51.78409408300104
      ],
      [
        -0.023466065495595403,
        -0.015220008958581544,
        0.9996087710186706,
        -1.303852921321802
      ],
      [
        0.0,
        0.0,
        0.0,
        1.0
      ]
    ],
    "location": [
      -19.623420254101802,
      -51.78409408300104,
      -1.303852921321802
    ],
    "rotation": [
      -0.015224789349249054,
      0.02346821965195378,
      -1.6030859573999703
    ]
  },
  {
    "label_id": "V3RVJ7DlziS_ffNdkw1atQ",
    "size": [
      2.012784348428929,
      4.224902453012272,
      1.6302669350628847
    ],
    "obj_class": "vehicle",
    "point_num_in_lidar": 348,
    "speed": 11.46661897205093,
    "if_vehicle": true,
    "motion_state": true,
    "pose": [
      [
        -0.07039607570635163,
        0.9974143253298621,
        0.014458774219190224,
        -24.736029470113863
      ],
      [
        -0.9972569604150402,
        -0.07003789083869935,
        -0.02394261369653188,
        -87.18451797065791
      ],
      [
        -0.022868043836334815,
        -0.01610457927554598,
        0.9996087710186706,
        -2.1271844375454982
      ],
      [
        0.0,
        0.0,
        0.0,
        1.0
      ]
    ],
    "location": [
      -24.736029470113863,
      -87.18451797065791,
      -2.1271844375454982
    ],
    "rotation": [
      -0.016109488620287563,
      0.022870037436305078,
      -1.641269134851729
    ]
  },
  {
    "label_id": "WhPgWq3c5JWYJlXPM99MEg",
    "size": [
      1.7706251348582729,
      3.2738170599658973,
      1.354965001718206
    ],
    "obj_class": "vehicle",
    "point_num_in_lidar": 22,
    "speed": 13.46537449794504,
    "if_vehicle": true,
    "motion_state": true,
    "pose": [
      [
        0.039157059198734745,
        -0.9991284544857009,
        0.014458774219190224,
        3.700506392274292
      ],
      [
        0.9989599606273946,
        0.03880397289831368,
        -0.02394261369653188,
        -40.82591079961094
      ],
      [
        0.023360688736019774,
        0.015381258866610188,
        0.9996087710186706,
        -0.9203242387041861
      ],
      [
        0.0,
        0.0,
        0.0,
        1.0
      ]
    ],
    "location": [
      3.700506392274292,
      -40.82591079961094,
      -0.9203242387041861
    ],
    "rotation": [
      0.015386064581648692,
      -0.02336281399740471,
      1.5316185572493577
    ]
  },
  {
    "label_id": "Ys8JslKeLZzs7Pevj4tkiQ",
    "size": [
      0.9354101367130527,
      0.07322799797720617,
      1.2100000000000044
    ],
    "obj_class": "sign",
    "point_num_in_lidar": 21,
    "speed": 0.028464009259711678,
    "if_vehicle": false,
    "motion_state": false,
    "pose": [
      [
        0.1918634807174724,
        -0.9813151117836993,
        0.014458774219190224,
        -33.13017519803361
      ],
      [
        0.9812027388029874,
        0.19148873756671728,
        -0.02394261369653188,
        -77.4670917369258
      ],
      [
        0.02072655621401118,
        0.018780702064893906,
        0.9996087710186706,
        0.6987328939779047
      ],
      [
        0.0,
        0.0,
        0.0,
        1.0
      ]
    ],
    "location": [
      -33.13017519803361,
      -77.4670917369258,
      0.6987328939779047
    ],
    "rotation": [
      0.01878584229299918,
      -0.02072804048830075,
      1.3776937697023113
    ]
  },
  {
    "label_id": "ZZKaBiFcttHA3AVab7-MMQ",
    "size": [
      2.4999999999999063,
      5.0,
      2.0
    ],
    "obj_class": "vehicle",
    "point_num_in_lidar": 41,
    "speed": 3.1776437161565096e-13,
    "if_vehicle": true,
    "motion_state": false,
    "pose": [
      [
        0.27271423452881016,
        -0.9619864292875672,
        0.014458774219190224,
        -55.18728664889659
      ],
      [
        0.9619055730387273,
        0.2723314521064662,
        -0.02394261369653188,
        -86.44696797982397
      ],
      [
        0.01909489047894669,
        0.020437467067616445,
        0.9996087710186706,
        -3.5520666959504723
      ],
      [
        0.0,
        0.0,
        0.0,
        1.0
      ]
    ],
    "location": [
      -55.18728664889659,
      -86.44696797982397,
      -3.5520666959504723
    ],
    "rotation": [
      0.020442617789430326,
      -0.01909605104945978,
      1.29453155679704
    ]
  },
  {
    "label_id": "_0_6lKuHJjMatxHJZo4XCA",
    "size": [
      2.0288188579973934,
      4.825334032703438,
      1.486057306469732
    ],
    "obj_class": "vehicle",
    "point_num_in_lidar": 114,
    "speed": 1.5106345774618503e-12,
    "if_vehicle": true,
    "motion_state": false,
    "pose": [
      [
        0.8912726664386728,
        0.45323722034645014,
        0.014458774219190224,
        -44.69035751656884
      ],
      [
        -0.4528460295334033,
        0.8912672016770339,
        -0.02394261369653188,
        -123.85365033299786
      ],
      [
        -0.023738314917662665,
        0.014791798653738829,
        0.9996087710186706,
        -3.435935337341263
      ],
      [
        0.0,
        0.0,
        0.0,
        1.0
      ]
    ],
    "location": [
      -44.69035751656884,
      -123.85365033299786,
      -3.435935337341263
    ],
    "rotation": [
      0.01479650797178439,
      0.02374054493665226,
      -0.47009801982534655
    ]
  },
  {
    "label_id": "bCbo2xKSICAefdmS0oegsw",
    "size": [
      2.205253939970299,
      5.342787782384308,
      2.5352075881934155
    ],
    "obj_class": "vehicle",
    "point_num_in_lidar": 104,
    "speed": 1.7053025658242404e-12,
    "if_vehicle": true,
    "motion_state": false,
    "pose": [
      [
        -0.9361602208481373,
        0.3512762228640662,
        0.014458774219190224,
        -55.95748007939346
      ],
      [
        -0.35153636500187985,
        -0.9358680117039175,
        -0.02394261369653188,
        -126.6322603433091
      ],
      [
        0.005121033375378239,
        -0.027496907457223947,
        0.9996087710186706,
        -3.2616604458920158
      ],
      [
        0.0,
        0.0,
        0.0,
        1.0
      ]
    ],
    "location": [
      -55.95748007939346,
      -126.6322603433091,
      -3.2616604458920158
    ],
    "rotation": [
      -0.027500734309701545,
      -0.0051210557588111175,
      -2.7823760205512427
    ]
  },
  {
    "label_id": "cNWmXBjxsIsirTIu5AYIng",
    "size": [
      2.123535372858601,
      4.783454623322626,
      1.6122134841909066
    ],
    "obj_class": "vehicle",
    "point_num_in_lidar": 270,
    "speed": 12.74057750683778,
    "if_vehicle": true,
    "motion_state": true,
    "pose": [
      [
        -0.06064188775582254,
        0.9980548608656182,
        0.014458774219190224,
        -21.14828475694958
      ],
      [
        -0.9978940018191224,
        -0.06028525842024789,
        -0.02394261369653188,
        -85.61560739070046
      ],
      [
        -0.02302439104140747,
        -0.015880249359352994,
        0.9996087710186706,
        -2.169400517048281
      ],
      [
        0.0,
        0.0,
        0.0,
        1.0
      ]
    ],
    "location": [
      -21.14828475694958,
      -85.61560739070046,
      -2.169400517048281
    ],
    "rotation": [
      -0.01588512833303126,
      0.023026425818459238,
      -1.6314915538627717
    ]
  },
  {
    "label_id": "djt9b7iK92NDo6XkPcE1BA",
    "size": [
      2.0288188579963435,
      4.825334032703438,
      1.3777115437139251
    ],
    "obj_class": "vehicle",
    "point_num_in_lidar": 21,
    "speed": 8.987733679556354e-13,
    "if_vehicle": true,
    "motion_state": false,
    "pose": [
      [
        0.9031717917528038,
        0.4290357309480277,
        0.014458774219190224,
        -44.91836140897249
      ],
      [
        -0.428644829800073,
        0.9031557789966497,
        -0.02394261369653188,
        -126.38156447591973
      ],
      [
        -0.023330762261367235,
        0.015426614497239442,
        0.9996087710186706,
        -3.5978201190077996
      ],
      [
        0.0,
        0.0,
        0.0,
        1.0
      ]
    ],
    "location": [
      -44.91836140897249,
      -126.38156447591973,
      -3.5978201190077996
    ],
    "rotation": [
      0.01543142719152764,
      0.023332879364108924,
      -0.4431214675792445
    ]
  },
  {
    "label_id": "fFGoPQbE4rNd-pAeLa899w",
    "size": [
      0.8272954504485636,
      0.8723419263057046,
      1.2199999999999989
    ],
    "obj_class": "sign",
    "point_num_in_lidar": 24,
    "speed": 4.0194366942304643e-13,
    "if_vehicle": false,
    "motion_state": false,
    "pose": [
      [
        0.011601640620377853,
        0.9998281581266822,
        0.014458774219190224,
        -31.975099784353915
      ],
      [
        -0.9996419614108649,
        0.01194572040596662,
        -0.02394261369653188,
        -60.38470745767336
      ],
      [
        -0.02411121982717759,
        -0.014175823820448461,
        0.9996087710186706,
        -1.4614638980806411
      ],
      [
        0.0,
        0.0,
        0.0,
        1.0
      ]
    ],
    "location": [
      -31.975099784353915,
      -60.38470745767336,
      -1.4614638980806411
    ],
    "rotation": [
      -0.014180421420756968,
      0.02411355661853006,
      -1.559191051888564
    ]
  },
  {
    "label_id": "mjHzioKkfd6uF_DFvquivw",
    "size": [
      1.93313490283698,
      4.6637678797215285,
      1.5157934779913838
    ],
    "obj_class": "vehicle",
    "point_num_in_lidar": 702,
    "speed": 12.59333798875084,
    "if_vehicle": true,
    "motion_state": true,
    "pose": [
      [
        -0.06432717911692265,
        0.9978241116925054,
        0.014458774219190224,
        -23.07906379155702
      ],
      [
        -0.9976645707350739,
        -0.06396995817865925,
        -0.02394261369653188,
        -112.7815411840711
      ],
      [
        -0.02296559006122246,
        -0.015965167574527858,
        0.9996087710186706,
        -2.7423234655676367
      ],
      [
        0.0,
        0.0,
        0.0,
        1.0
      ]
    ],
    "location": [
      -23.07906379155702,
      -112.7815411840711,
      -2.7423234655676367
    ],
    "rotation": [
      -0.015970058234263933,
      0.022967609286012693,
      -1.6351849584969236
    ]
  },
  {
    "label_id": "svFvjQ3iu0wyl3RaQE-qnQ",
    "size": [
      2.500000000000141,
      5.0,
      1.8000000000000007
    ],
    "obj_class": "vehicle",
    "point_num_in_lidar": 33,
    "speed": 3.0965821963229994e-28,
    "if_vehicle": true,
    "motion_state": false,
    "pose": [
      [
        0.2846211113472591,
        -0.9585310463534968,
        0.014458774219190224,
        -52.02618549990075
      ],
      [
        0.958454942507748,
        0.284237355799424,
        -0.02394261369653188,
        -85.78066433336244
      ],
      [
        0.018840014806810756,
        0.020672656931851482,
        0.9996087710186706,
        -3.1361197885909604
      ],
      [
        0.0,
        0.0,
        0.0,
        1.0
      ]
    ],
    "location": [
      -52.02618549990075,
      -85.78066433336244,
      -3.1361197885909604
    ],
    "rotation": [
      0.020677800256810094,
      -0.018841129516679638,
      1.282132451022189
    ]
  },
  {
    "label_id": "ysP0SWB8_9vGEGIPfjbQUA",
    "size": [
      2.5000000000021525,
      5.0,
      2.0
    ],
    "obj_class": "vehicle",
    "point_num_in_lidar": 28,
    "speed": 7.41864926641511e-29,
    "if_vehicle": true,
    "motion_state": false,
    "pose": [
      [
        0.9820541288510329,
        -0.1880442284536197,
        0.014458774219190224,
        -61.8118574106029
      ],
      [
        0.18835000415756561,
        0.9818100769411687,
        -0.02394261369653188,
        -125.94421885396332
      ],
      [
        -0.009693499908890735,
        0.026236252820462203,
        0.9996087710186706,
        -4.059715305334294
      ],
      [
        0.0,
        0.0,
        0.0,
        1.0
      ]
    ],
    "location": [
      -61.8118574106029,
      -125.94421885396332,
      -4.059715305334294
    ],
    "rotation": [
      0.026240496809987676,
      0.009693651721884801,
      0.18949082024033764
    ]
  }
]