[
  {
    "label_id": "-k9fOiLCkk8erFTll2W4dg",
    "size": [
      2.078054980456501,
      5.136563085055615,
      1.9265566023810976
    ],
    "obj_class": "vehicle",
    "point_num_in_lidar": 89,
    "speed": 9.099386826154683e-13,
    "if_vehicle": true,
    "motion_state": false,
    "pose": [
      [
        -0.03763062639259292,
        0.9992381981338804,
        0.010342115231263634,
        -32.602329582319726
      ],
      [
        -0.9990343431948591,
        -0.037384042643134635,
        -0.023082774375549484,
        -105.8627733885969
      ],
      [
        -0.022678559798129206,
        -0.011200747555941835,
        0.9996800619096445,
        -2.4614893537048523
      ],
      [
        0.0,
        0.0,
        0.0,
        1.0
      ]
    ],
    "location": [
      -32.602329582319726,
      -105.8627733885969,
      -2.4614893537048523
    ],
    "rotation": [
      -0.011203863430936219,
      0.022680504243278707,
      -1.60844552771572
    ]
  },
  {
    "label_id": "3xp7fav1XDT13tIERFz4Yw",
    "size": [
      1.7950243845305414,
      3.727424411905237,
      1.6243614469938237
    ],
    "obj_class": "vehicle",
    "point_num_in_lidar": 118,
    "speed": 14.458227261661827,
    "if_vehicle": true,
    "motion_state": true,
    "pose": [
      [
        0.03605853791991773,
        -0.9992961635549397,
        0.010342115231263634,
        -1.321955976357458
      ],
      [
        0.999091920932681,
        0.03581227518844348,
        -0.023082774375549484,
        -84.22162776164078
      ],
      [
        0.022696153200998267,
        0.01116505486802798,
        0.9996800619096445,
        -2.05943737515533
      ],
      [
        0.0,
        0.0,
        0.0,
        1.0
      ]
    ],
    "location": [
      -1.321955976357458,
      -84.22162776164078,
      -2.05943737515533
    ],
    "rotation": [
      0.011168163787279473,
      -0.022698102175700896,
      1.5347206735146846
    ]
  },
  {
    "label_id": "4LDc5wKXTAUkCyVW2d4aOQ",
    "size": [
      2.049579046199934,
      4.765868767343889,
      1.7962740190084965
    ],
    "obj_class": "vehicle",
    "point_num_in_lidar": 47,
    "speed": 1.0247593068766006e-12,
    "if_vehicle": true,
    "motion_state": false,
    "pose": [
      [
        -0.9680864885775792,
        0.25040285798304257,
        0.010342115231263634,
        -61.39507974587559
      ],
      [
        -0.25058065268254776,
        -0.9678205009340916,
        -0.023082774375549484,
        -115.6823426921801
      ],
      [
        0.004229318470024337,
        -0.02493765597662239,
        0.9996800619096445,
        -4.1449708498108215
      ],
      [
        0.0,
        0.0,
        0.0,
        1.0
      ]
    ],
    "location": [
      -61.39507974587559,
      -115.6823426921801,
      -4.1449708498108215
    ],
    "rotation": [
      -0.024940464536911074,
      -0.004229331078524035,
      -2.888310341490854
    ]
  },
  {
    "label_id": "7rO2HoapjvGfji-hLh3H7g",
    "size": [
      0.758101244982379,
      0.7491686719953333,
      1.720000000000006
    ],
    "obj_class": "pedestrian",
    "point_num_in_lidar": 160,
    "speed": 1.3070181609509413,
    "if_vehicle": false,
    "motion_state": true,
    "pose": [
      [
        -0.08959863260414427,
        0.9959242570035187,
        0.010342115231263634,
        4.555125023362052
      ],
      [
        -0.9957335153134372,
        -0.0893417707943609,
        -0.023082774375549484,
        -111.20537583013902
      ],
      [
        -0.02206471203102856,
        -0.012366175775761998,
        0.9996800619096445,
        -2.4491692219746746
      ],
      [
        0.0,
        0.0,
        0.0,
        1.0
      ]
    ],
    "location": [
      4.555125023362052,
      -111.20537583013902,
      -2.4491692219746746
    ],
    "rotation": [
      -0.012369502550454669,
      0.022066502796470357,
      -1.6605371829740636
    ]
  },
  {
    "label_id": "8b89eLYLjjgUUWxMRAsRng",
    "size": [
      0.7950640377794662,
      0.9425249904647439,
      1.1300000000000026
    ],
    "obj_class": "sign",
    "point_num_in_lidar": 26,
    "speed": 0.07631961803632513,
    "if_vehicle": false,
    "motion_state": false,
    "pose": [
      [
        0.1386177571888513,
        -0.990291955962723,
        0.010342115231263634,
        -33.23030238505089
      ],
      [
        0.9901141172895561,
        0.13835179894403352,
        -0.023082774375549484,
        -91.09063852142208
      ],
      [
        0.021427835538277314,
        0.013439556706744427,
        0.9996800619096445,
        -2.4038352979313835
      ],
      [
        0.0,
        0.0,
        0.0,
        1.0
      ]
    ],
    "location": [
      -33.23030238505089,
      -91.09063852142208,
      -2.4038352979313835
    ],
    "rotation": [
      0.013443048061194809,
      -0.02142947564991962,
      1.4316986213386105
    ]
  },
  {
    "label_id": "8bwXd7og_NJIRvc6PFNwCA",
    "size": [
      1.9364346053395873,
      4.526265005085073,
      1.7600000000000051
    ],
    "obj_class": "vehicle",
    "point_num_in_lidar": 165,
    "speed": 5.684341886080801e-13,
    "if_vehicle": true,
    "motion_state": false,
    "pose": [
      [
        -0.05915598174556123,
        0.9981951765442777,
        0.010342115231263634,
        -32.35756593798851
      ],
      [
        -0.9979966829543968,
        -0.05890506208424218,
        -0.023082774375549484,
        -100.7043541622752
      ],
      [
        -0.022431911103153384,
        -0.011686880875130166,
        0.9996800619096445,
        -2.358562341201271
      ],
      [
        0.0,
        0.0,
        0.0,
        1.0
      ]
    ],
    "location": [
      -32.35756593798851,
      -100.7043541622752,
      -2.358562341201271
    ],
    "rotation": [
      -0.011690088605647108,
      0.02243379278386586,
      -1.6300017801376196
    ]
  },
  {
    "label_id": "BZ-yjQUq0kNU041MoEhW2g",
    "size": [
      1.8227199395977947,
      4.295853645267724,
      1.4535850013309037
    ],
    "obj_class": "vehicle",
    "point_num_in_lidar": 37,
    "speed": 0.0,
    "if_vehicle": true,
    "motion_state": false,
    "pose": [
      [
        0.9472326275269657,
        0.3203800711668937,
        0.010342115231263634,
        -44.980516053224164
      ],
      [
        -0.3200856776973245,
        0.9471073563541632,
        -0.023082774375549484,
        -131.72833542090848
      ],
      [
        -0.017190354312960125,
        0.018554394059741013,
        0.9996800619096445,
        -3.495756847816203
      ],
      [
        0.0,
        0.0,
        0.0,
        1.0
      ]
    ],
    "location": [
      -44.980516053224164,
      -131.72833542090848,
      -3.495756847816203
    ],
    "rotation": [
      0.018558201399610813,
      0.017191201074242823,
      -0.32586985340869407
    ]
  },
  {
    "label_id": "CYgZTdc8n8BmocfFiCVd-g",
    "size": [
      1.9504333018535644,
      4.516909538653063,
      1.9300000000000033
    ],
    "obj_class": "vehicle",
    "point_num_in_lidar": 148,
    "speed": 8.644125458514253e-13,
    "if_vehicle": true,
    "motion_state": false,
    "pose": [
      [
        -0.05443344400485318,
        0.9984638405201831,
        0.010342115231263634,
        -33.20892621008625
      ],
      [
        -0.9982641621974039,
        -0.05418346610768552,
        -0.023082774375549484,
        -112.22676555687758
      ],
      [
        -0.022486943902757062,
        -0.011580637903134535,
        0.9996800619096445,
        -2.5792983756018693
      ],
      [
        0.0,
        0.0,
        0.0,
        1.0
      ]
    ],
    "location": [
      -33.20892621008625,
      -112.22676555687758,
      -2.5792983756018693
    ],
    "rotation": [
      -0.011583826022947443,
      0.02248883946871406,
      -1.6252704759011698
    ]
  },
  {
    "label_id": "Irrp7c9HrOs1nyK9NCdnZg",
    "size": [
      2.004151873568475,
      4.917299256640257,
      2.0500000000000043
    ],
    "obj_class": "vehicle",
    "point_num_in_lidar": 7220,
    "speed": 15.698243232878339,
    "if_vehicle": true,
    "motion_state": true,
    "pose": [
      [
        0.03976290677989503,
        -0.9991556194592294,
        0.010342115231263634,
        -6.495532470265061
      ],
      [
        0.9989522911920652,
        0.0395158885671408,
        -0.023082774375549484,
        -124.21262786737861
      ],
      [
        0.022654605857012636,
        0.011249117911759489,
        0.9996800619096445,
        -2.653085576926916
      ],
      [
        0.0,
        0.0,
        0.0,
        1.0
      ]
    ],
    "location": [
      -6.495532470265061,
      -124.21262786737861,
      -2.653085576926916
    ],
    "rotation": [
      0.011252243167510083,
      -0.022656544146333637,
      1.5310127186465947
    ]
  },
  {
    "label_id": "KBYyTquOIk4W6w_VAnBJvQ",
    "size": [
      2.2023600065782105,
      4.8445259893152794,
      1.8200000000000038
    ],
    "obj_class": "vehicle",
    "point_num_in_lidar": 257,
    "speed": 11.70530552603612,
    "if_vehicle": true,
    "motion_state": true,
    "pose": [
      [
        -0.06528989735754057,
        0.9978127429310496,
        0.010342115231263634,
        -25.19823146874387
      ],
      [
        -0.9976157952739915,
        -0.06503776246895987,
        -0.023082774375549484,
        -94.31862611004544
      ],
      [
        -0.022359658380288045,
        -0.011824529480959228,
        0.9996800619096445,
        -2.123430812423912
      ],
      [
        0.0,
        0.0,
        0.0,
        1.0
      ]
    ],
    "location": [
      -25.19823146874387,
      -94.31862611004544,
      -2.123430812423912
    ],
    "rotation": [
      -0.011827762226178139,
      0.022361521934224065,
      -1.6361490613608358
    ]
  },
  {
    "label_id": "KE-n4BCpMYY4onuCOe_Cxg",
    "size": [
      2.0080467969618145,
      4.605128188340819,
      1.610000000000003
    ],
    "obj_class": "vehicle",
    "point_num_in_lidar": 848,
    "speed": 15.852274204787353,
    "if_vehicle": true,
    "motion_state": true,
    "pose": [
      [
        0.04251607356160319,
        -0.999042253431479,
        0.010342115231263634,
        -6.005388206983298
      ],
      [
        0.9988396066307064,
        0.04226849598629213,
        -0.023082774375549484,
        -109.63927258679905
      ],
      [
        0.022623521271456927,
        0.011311503242681558,
        0.9996800619096445,
        -2.6347802078395297
      ],
      [
        0.0,
        0.0,
        0.0,
        1.0
      ]
    ],
    "location": [
      -6.005388206983298,
      -109.63927258679905,
      -2.6347802078395297
    ],
    "rotation": [
      0.011314640519384054,
      -0.022625451591865547,
      1.5282565396111039
    ]
  },
  {
    "label_id": "P3VqmcQjGG_-0RYvPv6e6g",
    "size": [
      2.250624786664529,
      4.839295668185866,
      1.4958446391827813
    ],
    "obj_class": "vehicle",
    "point_num_in_lidar": 49,
    "speed": 1.0247593068766006e-12,
    "if_vehicle": true,
    "motion_state": false,
    "pose": [
      [
        0.956765109040923,
        0.2906777713800173,
        0.010342115231263634,
        -44.8510494883958
      ],
      [
        -0.29038742866327544,
        0.9566307160035467,
        -0.023082774375549484,
        -129.261782392261
      ],
      [
        -0.016603234511427412,
        0.01908157289344369,
        0.9996800619096445,
        -3.466886666742134
      ],
      [
        0.0,
        0.0,
        0.0,
        1.0
      ]
    ],
    "location": [
      -44.8510494883958,
      -129.261782392261,
      -3.466886666742134
    ],
    "rotation": [
      0.019085362143856987,
      0.016603997434476547,
      -0.29467352443378875
    ]
  },
  {
    "label_id": "Tp_mTbnf0rXpgHOrql5mPA",
    "size": [
      0.4567756050563057,
      0.08929268673868548,
      1.2900000000000027
    ],
    "obj_class": "sign",
    "point_num_in_lidar": 32,
    "speed": 0.03445684682646859,
    "if_vehicle": false,
    "motion_state": false,
    "pose": [
      [
        0.9993828769840768,
        0.033569418278736496,
        0.010342115231263634,
        -14.274303651412993
      ],
      [
        -0.03332366503068993,
        0.9991780216137911,
        -0.023082774375549484,
        -99.37170995456836
      ],
      [
        -0.011108489544122378,
        0.02272389228053555,
        0.9996800619096445,
        -2.249930762751795
      ],
      [
        0.0,
        0.0,
        0.0,
        1.0
      ]
    ],
    "location": [
      -14.274303651412993,
      -99.37170995456836,
      -2.249930762751795
    ],
    "rotation": [
      0.022727250950678304,
      0.011108718018708118,
      -0.0333318929632824
    ]
  },
  {
    "label_id": "V3RVJ7DlziS_ffNdkw1atQ",
    "size": [
      2.012784348428983,
      4.224902453012272,
      1.6302669350628847
    ],
    "obj_class": "vehicle",
    "point_num_in_lidar": 22,
    "speed": 11.40957266585707,
    "if_vehicle": true,
    "motion_state": true,
    "pose": [
      [
        -0.06112796932265874,
        0.998076355806023,
        0.010342115231263634,
        -23.732342712331956
      ],
      [
        -0.9978783583376657,
        -0.06087665799345854,
        -0.023082774375549484,
        -71.18743826256286
      ],
      [
        -0.02240877791877851,
        -0.011731176092622768,
        0.9996800619096445,
        -1.8890061460333065
      ],
      [
        0.0,
        0.0,
        0.0,
        1.0
      ]
    ],
    "location": [
      -23.732342712331956,
      -71.18743826256286,
      -1.8890061460333065
    ],
    "rotation": [
      -0.011734391921462466,
      0.022410653783097305,
      -1.6319778113881238
    ]
  },
  {
    "label_id": "WhPgWq3c5JWYJlXPM99MEg",
    "size": [
      1.7706251348600266,
      3.2738170599658973,
      1.354965001718206
    ],
    "obj_class": "vehicle",
    "point_num_in_lidar": 20,
    "speed": 13.627246805450183,
    "if_vehicle": true,
    "motion_state": true,
    "pose": [
      [
        0.03562597623706394,
        -0.9993116783414968,
        0.010342115231263634,
        2.9524915208139646
      ],
      [
        0.9991073291403555,
        0.035379801937728814,
        -0.023082774375549484,
        -59.65448651769839
      ],
      [
        0.02270098401350918,
        0.011155229497758434,
        0.9996800619096445,
        -1.3860163962986114
      ],
      [
        0.0,
        0.0,
        0.0,
        1.0
      ]
    ],
    "location": [
      2.9524915208139646,
      -59.65448651769839,
      -1.3860163962986114
    ],
    "rotation": [
      0.011158336497254244,
      -0.02270293423317064,
      1.535153621073704
    ]
  },
  {
    "label_id": "_0_6lKuHJjMatxHJZo4XCA",
    "size": [
      2.028818857997397,
      4.825334032703438,
      1.486057306469732
    ],
    "obj_class": "vehicle",
    "point_num_in_lidar": 50,
    "speed": 1.5106345774618503e-12,
    "if_vehicle": true,
    "motion_state": false,
    "pose": [
      [
        0.8913181728361546,
        0.45326036162956274,
        0.010342115231263634,
        -44.69035751656793
      ],
      [
        -0.45295101404541027,
        0.8912365367299311,
        -0.023082774375549484,
        -123.85365033299786
      ],
      [
        -0.01967977762204844,
        0.01588962469902863,
        0.9996800619096445,
        -3.4359353373413235
      ],
      [
        0.0,
        0.0,
        0.0,
        1.0
      ]
    ],
    "location": [
      -44.69035751656793,
      -123.85365033299786,
      -3.4359353373413235
    ],
    "rotation": [
      0.01589337166898281,
      0.01968104815230036,
      -0.4701710169631127
    ]
  },
  {
    "label_id": "bCbo2xKSICAefdmS0oegsw",
    "size": [
      2.2052539399703033,
      5.342787782384308,
      2.5352075881934155
    ],
    "obj_class": "vehicle",
    "point_num_in_lidar": 77,
    "speed": 1.7053025658242404e-12,
    "if_vehicle": true,
    "motion_state": false,
    "pose": [
      [
        -0.9362080191041834,
        0.3512941582457129,
        0.010342115231263634,
        -55.95748007939255
      ],
      [
        -0.3514428519518371,
        -0.9359247338002593,
        -0.023082774375549484,
        -126.6322603433091
      ],
      [
        0.0015705976505176577,
        -0.025244940945651818,
        0.9996800619096445,
        -3.2840456524675474
      ],
      [
        0.0,
        0.0,
        0.0,
        1.0
      ]
    ],
    "location": [
      -55.95748007939255,
      -126.6322603433091,
      -3.2840456524675474
    ],
    "rotation": [
      -0.025247654324871662,
      -0.001570598296237396,
      -2.7824803680711603
    ]
  },
  {
    "label_id": "cNWmXBjxsIsirTIu5AYIng",
    "size": [
      2.1235353728568485,
      4.783454623322626,
      1.6122134841909066
    ],
    "obj_class": "vehicle",
    "point_num_in_lidar": 20,
    "speed": 12.032779900741058,
    "if_vehicle": true,
    "motion_state": true,
    "pose": [
      [
        -0.061672526372417956,
        0.9980428548631498,
        0.010342115231263634,
        -20.05858412575344
      ],
      [
        -0.9978449945436757,
        -0.06142110705009394,
        -0.023082774375549484,
        -68.18611350192441
      ],
      [
        -0.022402373869191524,
        -0.011743400927934978,
        0.9996800619096445,
        -1.80475278920132
      ],
      [
        0.0,
        0.0,
        0.0,
        1.0
      ]
    ],
    "location": [
      -20.05858412575344,
      -68.18611350192441,
      -1.80475278920132
    ],
    "rotation": [
      -0.011746618983690085,
      0.02240424812545691,
      -1.6325235265253764
    ]
  },
  {
    "label_id": "d4ajfIN3Bvzz0nrJjaFqyQ",
    "size": [
      0.6619503964107023,
      0.07957740070102917,
      0.306946122928867
    ],
    "obj_class": "sign",
    "point_num_in_lidar": 68,
    "speed": 0.00808856273168534,
    "if_vehicle": false,
    "motion_state": false,
    "pose": [
      [
        -0.10354114413639441,
        0.9945714012193743,
        0.010342115231263634,
        3.5191578673156982
      ],
      [
        -0.9943842764677389,
        -0.10328163554504206,
        -0.023082774375549484,
        -114.18462178018672
      ],
      [
        -0.021889316678640722,
        -0.012674053640072713,
        0.9996800619096445,
        -1.2643397181849387
      ],
      [
        0.0,
        0.0,
        0.0,
        1.0
      ]
    ],
    "location": [
      3.5191578673156982,
      -114.18462178018672,
      -1.2643397181849387
    ],
    "rotation": [
      -0.012677430646076097,
      0.021891065071480587,
      -1.6745483244874868
    ]
  },
  {
    "label_id": "dI_Cs8sdEP9J4-t35jdgfQ",
    "size": [
      0.45085864963818556,
      0.05525218425557021,
      0.5800000000000018
    ],
    "obj_class": "sign",
    "point_num_in_lidar": 28,
    "speed": 0.05216262855115899,
    "if_vehicle": false,
    "motion_state": false,
    "pose": [
      [
        -0.05780287825747942,
        0.9982744451891444,
        0.010342115231263634,
        4.463584882336363
      ],
      [
        -0.9980756116611266,
        -0.05755222788385866,
        -0.023082774375549484,
        -97.34216949722577
      ],
      [
        -0.022447732010587057,
        -0.01165646378238806,
        0.9996800619096445,
        -0.14928398863063563
      ],
      [
        0.0,
        0.0,
        0.0,
        1.0
      ]
    ],
    "location": [
      4.463584882336363,
      -97.34216949722577,
      -0.14928398863063563
    ],
    "rotation": [
      -0.01165966592527839,
      0.022449617676078743,
      -1.6286460351450756
    ]
  },
  {
    "label_id": "doNBNkDMv8rqWzs5dJGHTg",
    "size": [
      2.142257615313263,
      4.97584113044322,
      1.509999999999998
    ],
    "obj_class": "vehicle",
    "point_num_in_lidar": 22,
    "speed": 7.936378244120801e-28,
    "if_vehicle": true,
    "motion_state": false,
    "pose": [
      [
        0.9373496790726704,
        0.3482364423705606,
        0.010342115231263634,
        -44.27156984860176
      ],
      [
        -0.34793847500783737,
        0.9372331636985259,
        -0.023082774375549484,
        -101.52353467298599
      ],
      [
        -0.017731236606115624,
        0.01803821135110698,
        0.9996800619096445,
        -3.152677655922517
      ],
      [
        0.0,
        0.0,
        0.0,
        1.0
      ]
    ],
    "location": [
      -44.27156984860176,
      -101.52353467298599,
      -3.152677655922517
    ],
    "rotation": [
      0.018042026405686147,
      0.017732165844787373,
      -0.3554296396709265
    ]
  },
  {
    "label_id": "gv2WLpRPACVMXeXHt4YmCg",
    "size": [
      2.296049917706443,
      4.854302326621074,
      1.8492944185417457
    ],
    "obj_class": "vehicle",
    "point_num_in_lidar": 26,
    "speed": 8.445219135295251e-29,
    "if_vehicle": true,
    "motion_state": false,
    "pose": [
      [
        0.9173132807509514,
        0.3980318901928201,
        0.010342115231263634,
        -44.254088725616384
      ],
      [
        -0.39772810001884135,
        0.9172129218357806,
        -0.023082774375549484,
        -112.64261776774038
      ],
      [
        -0.018673602044824007,
        0.017060785650162887,
        0.9996800619096445,
        -3.1433645393103156
      ],
      [
        0.0,
        0.0,
        0.0,
        1.0
      ]
    ],
    "location": [
      -44.254088725616384,
      -112.64261776774038,
      -3.1433645393103156
    ],
    "rotation": [
      0.01706458919533646,
      0.018674687473283002,
      -0.4091149375141022
    ]
  },
  {
    "label_id": "kWFqMo9WlFRTUGOYSdjuwg",
    "size": [
      0.9718465868055496,
      1.0859998498664827,
      1.6900000000000048
    ],
    "obj_class": "pedestrian",
    "point_num_in_lidar": 448,
    "speed": 0.40463066160050304,
    "if_vehicle": false,
    "motion_state": false,
    "pose": [
      [
        0.8977500151070954,
        -0.4403838678105194,
        0.010342115231263634,
        -16.092992261153086
      ],
      [
        0.4405044034145775,
        0.897453651226343,
        -0.023082774375549484,
        -133.02459249627464
      ],
      [
        0.0008837123836009069,
        0.02527830834435583,
        0.9996800619096445,
        -2.250016285900724
      ],
      [
        0.0,
        0.0,
        0.0,
        1.0
      ]
    ],
    "location": [
      -16.092992261153086,
      -133.02459249627464,
      -2.250016285900724
    ],
    "rotation": [
      0.025281011102246866,
      -0.0008837124986231215,
      0.45616064018393804
    ]
  },
  {
    "label_id": "mjHzioKkfd6uF_DFvquivw",
    "size": [
      1.9331349028368583,
      4.6637678797215285,
      1.5157934779913838
    ],
    "obj_class": "vehicle",
    "point_num_in_lidar": 70,
    "speed": 12.462615216748853,
    "if_vehicle": true,
    "motion_state": true,
    "pose": [
      [
        -0.06967979539417571,
        0.9975157977527819,
        0.010342115231263634,
        -21.869699071638024
      ],
      [
        -0.9973199614347491,
        -0.0694267963463521,
        -0.023082774375549484,
        -95.33119030057605
      ],
      [
        -0.022307412167622276,
        -0.011922800959215793,
        0.9996800619096445,
        -2.4779354478238176
      ],
      [
        0.0,
        0.0,
        0.0,
        1.0
      ]
    ],
    "location": [
      -21.869699071638024,
      -95.33119030057605,
      -2.4779354478238176
    ],
    "rotation": [
      -0.01192605128915792,
      0.022309262686815413,
      -1.640550017284032
    ]
  },
  {
    "label_id": "qNKrNNgRRaM18dnbnpqzcA",
    "size": [
      0.7137083497008074,
      0.8306983362979303,
      1.350000000000005
    ],
    "obj_class": "pedestrian",
    "point_num_in_lidar": 333,
    "speed": 0.00571263571246779,
    "if_vehicle": false,
    "motion_state": false,
    "pose": [
      [
        0.9985847604185121,
        -0.05216815994882233,
        0.010342115231263634,
        -16.422395120112014
      ],
      [
        0.05239546041139331,
        0.9983596051801201,
        -0.023082774375549484,
        -132.45500480012925
      ],
      [
        -0.009120964213325427,
        0.023591986608772396,
        0.9996800619096445,
        -2.3870088412247945
      ],
      [
        0.0,
        0.0,
        0.0,
        1.0
      ]
    ],
    "location": [
      -16.422395120112014,
      -132.45500480012925,
      -2.3870088412247945
    ],
    "rotation": [
      0.023595157302213496,
      0.009121090683251235,
      0.05242164605699225
    ]
  },
  {
    "label_id": "sFagMARgWtSpUUolDUyUSw",
    "size": [
      2.0800859468544854,
      4.8820270426685575,
      1.6731084969654475
    ],
    "obj_class": "vehicle",
    "point_num_in_lidar": 704,
    "speed": 12.787606779683111,
    "if_vehicle": true,
    "motion_state": true,
    "pose": [
      [
        -0.05164552041518829,
        0.9986119270635553,
        0.010342115231263634,
        -23.453969278836666
      ],
      [
        -0.9984115515806651,
        -0.051396100994298824,
        -0.023082774375549484,
        -117.8959225959079
      ],
      [
        -0.022519189402220027,
        -0.011517809209923582,
        0.9996800619096445,
        -2.7917608279260406
      ],
      [
        0.0,
        0.0,
        0.0,
        1.0
      ]
    ],
    "location": [
      -23.453969278836666,
      -117.8959225959079,
      -2.7917608279260406
    ],
    "rotation": [
      -0.011520985609339009,
      0.02252109313564762,
      -1.6224779510534952
    ]
  },
  {
    "label_id": "uaKh5UP61W9EehctB-7_sw",
    "size": [
      0.6686051936166307,
      0.08186901739758704,
      0.7769461229288694
    ],
    "obj_class": "sign",
    "point_num_in_lidar": 74,
    "speed": 0.012054964500738282,
    "if_vehicle": false,
    "motion_state": false,
    "pose": [
      [
        -0.1035411441391964,
        0.9945714012190825,
        0.010342115231263634,
        3.5169099933955295
      ],
      [
        -0.9943842764674479,
        -0.10328163554784354,
        -0.023082774375549484,
        -114.19069085425326
      ],
      [
        -0.021889316678605015,
        -0.012674053640134382,
        0.9996800619096445,
        -0.7019113730026127
      ],
      [
        0.0,
        0.0,
        0.0,
        1.0
      ]
    ],
    "location": [
      3.5169099933955295,
      -114.19069085425326,
      -0.7019113730026127
    ],
    "rotation": [
      -0.012677430646137775,
      0.02189106507144487,
      -1.6745483244903046
    ]
  },
  {
    "label_id": "vHKxrdKys5ZLX9L_Y5kiFA",
    "size": [
      2.499999999999355,
      5.0,
      2.2606546246633847
    ],
    "obj_class": "vehicle",
    "point_num_in_lidar": 24,
    "speed": 5.630151460658475e-28,
    "if_vehicle": true,
    "motion_state": false,
    "pose": [
      [
        -0.9601333051997726,
        -0.2793511712857197,
        0.010342115231263634,
        -73.51718239363618
      ],
      [
        0.2790624369944039,
        -0.9599954905028835,
        -0.023082774375549484,
        -116.00863674402717
      ],
      [
        0.016376584042608024,
        -0.019276444574263574,
        0.9996800619096445,
        -4.487008651114934
      ],
      [
        0.0,
        0.0,
        0.0,
        1.0
      ]
    ],
    "location": [
      -73.51718239363618,
      -116.00863674402717,
      -4.487008651114934
    ],
    "rotation": [
      -0.019280224467939824,
      -0.016377316143815653,
      2.8587360561853394
    ]
  }
]