[
  {
    "label_id": "-bRrIMP8pZUpwANoijy5Sw",
    "size": [
      0.4171248320298242,
      0.06717768828093479,
      0.523785650894169
    ],
    "obj_class": "sign",
    "point_num_in_lidar": 37,
    "speed": 0.06865908045348099,
    "if_vehicle": false,
    "motion_state": false,
    "pose": [
      [
        0.13579019429413536,
        0.99056544034599,
        0.018469746227703823,
        8.923422375172777
      ],
      [
        -0.9902400403656836,
        0.1362891727001901,
        -0.029153453676487768,
        5.604439456410546
      ],
      [
        -0.03139563011201274,
        -0.014330729110990014,
        0.9994042948742101,
        2.7881688211514515
      ],
      [
        0.0,
        0.0,
        0.0,
        1.0
      ]
    ],
    "location": [
      8.923422375172777,
      5.604439456410546,
      2.7881688211514515
    ],
    "rotation": [
      -0.014338288421219597,
      0.03140079010446489,
      -1.4345177268567262
    ]
  },
  {
    "label_id": "2v7kl2rxNcVM8hq8m9DrqQ",
    "size": [
      0.7015727228122407,
      0.9108334270475305,
      1.5400000000000063
    ],
    "obj_class": "pedestrian",
    "point_num_in_lidar": 34,
    "speed": 1.4145449425505328,
    "if_vehicle": false,
    "motion_state": true,
    "pose": [
      [
        -0.8407742159733518,
        0.5410707774669409,
        0.018469746227703823,
        16.490656163450694
      ],
      [
        -0.5413858632873543,
        -0.8402686613050252,
        -0.029153453676487768,
        16.97618339976725
      ],
      [
        -0.0002545329091874548,
        -0.034510731663948226,
        0.9994042948742101,
        1.3165303706230986
      ],
      [
        0.0,
        0.0,
        0.0,
        1.0
      ]
    ],
    "location": [
      16.490656163450694,
      16.97618339976725,
      1.3165303706230986
    ],
    "rotation": [
      -0.03451758678271457,
      0.0002545329119358589,
      -2.569508078460236
    ]
  },
  {
    "label_id": "3xp7fav1XDT13tIERFz4Yw",
    "size": [
      1.795024384532426,
      3.727424411905237,
      1.6243614469938237
    ],
    "obj_class": "vehicle",
    "point_num_in_lidar": 105,
    "speed": 15.104888392902751,
    "if_vehicle": true,
    "motion_state": true,
    "pose": [
      [
        -0.03726845233652646,
        -0.9991345910009943,
        0.018469746227703823,
        2.4168121592811076
      ],
      [
        0.9988600766107119,
        -0.037797136028747264,
        -0.029153453676487768,
        40.67221944164339
      ],
      [
        0.029826327525909004,
        0.01736218803319733,
        0.9994042948742101,
        2.078095812286371
      ],
      [
        0.0,
        0.0,
        0.0,
        1.0
      ]
    ],
    "location": [
      2.4168121592811076,
      40.67221944164339,
      2.078095812286371
    ],
    "rotation": [
      0.017370789552512478,
      -0.029830751596146794,
      1.6080900115831398
    ]
  },
  {
    "label_id": "9IJK3Kq48C7X4zJAJE1TEw",
    "size": [
      1.252680805774508,
      0.07205196289776222,
      0.5
    ],
    "obj_class": "sign",
    "point_num_in_lidar": 89,
    "speed": 0.03747648788457202,
    "if_vehicle": false,
    "motion_state": false,
    "pose": [
      [
        0.9993121604046538,
        0.03215702942853568,
        0.018469746227703823,
        -9.309221398061709
      ],
      [
        -0.031610570164208,
        0.99907499618028,
        -0.029153453676487768,
        15.847709438021411
      ],
      [
        -0.019390150109712206,
        0.028549561567662043,
        0.9994042948742101,
        1.9032852627318064
      ],
      [
        0.0,
        0.0,
        0.0,
        1.0
      ]
    ],
    "location": [
      -9.309221398061709,
      15.847709438021411,
      1.9032852627318064
    ],
    "rotation": [
      0.028558812047502408,
      0.019391365360053637,
      -0.031621783981629716
    ]
  },
  {
    "label_id": "BhZkAKeoHSnnmYxsQdPvGg",
    "size": [
      0.9971823814202087,
      0.1276709161520867,
      1.0276435530595265
    ],
    "obj_class": "sign",
    "point_num_in_lidar": 33,
    "speed": 0.014294494282417225,
    "if_vehicle": false,
    "motion_state": false,
    "pose": [
      [
        -0.23128222915866936,
        -0.9727113646656343,
        0.018469746227703823,
        -32.65402442741561
      ],
      [
        0.9723390755220634,
        -0.2317472725872559,
        -0.029153453676487768,
        18.648095168857253
      ],
      [
        0.03263820902402189,
        0.011216180218200556,
        0.9994042948742101,
        2.74496883006627
      ],
      [
        0.0,
        0.0,
        0.0,
        1.0
      ]
    ],
    "location": [
      -32.65402442741561,
      18.648095168857253,
      2.74496883006627
    ],
    "rotation": [
      0.011222394588979768,
      -0.032644006460183256,
      1.8043184903901615
    ]
  },
  {
    "label_id": "CynpKhpJ_9Jr-tliCpnvFQ",
    "size": [
      2.2784597204488697,
      4.538131144076009,
      1.4999999999999964
    ],
    "obj_class": "vehicle",
    "point_num_in_lidar": 213,
    "speed": 1.7053025658242404e-12,
    "if_vehicle": true,
    "motion_state": false,
    "pose": [
      [
        -0.014492025246589118,
        0.9997243868579662,
        0.018469746227703823,
        -27.840515970434353
      ],
      [
        -0.9994776025666795,
        -0.01394984251865828,
        -0.029153453676487768,
        2.9738937683687254
      ],
      [
        -0.028887768550282807,
        -0.018882590266385318,
        0.9994042948742101,
        0.6086899033638389
      ],
      [
        0.0,
        0.0,
        0.0,
        1.0
      ]
    ],
    "location": [
      -27.840515970434353,
      2.9738937683687254,
      0.6086899033638389
    ],
    "rotation": [
      -0.018891597683127846,
      0.028891787882244835,
      -1.5852949105991696
    ]
  },
  {
    "label_id": "Hy-G9uME6Y3bqIq_4y3SdQ",
    "size": [
      0.378392136014274,
      0.060384595174227174,
      0.5010192171370278
    ],
    "obj_class": "sign",
    "point_num_in_lidar": 24,
    "speed": 0.010052717493204487,
    "if_vehicle": false,
    "motion_state": false,
    "pose": [
      [
        -0.06801217146771833,
        0.9975135151999345,
        0.018469746227703823,
        17.676264921280563
      ],
      [
        -0.9972961220559957,
        -0.06745755013936829,
        -0.029153453676487768,
        25.10006846152828
      ],
      [
        -0.02783504022483503,
        -0.020402595978568847,
        0.9994042948742101,
        2.6548550197740113
      ],
      [
        0.0,
        0.0,
        0.0,
        1.0
      ]
    ],
    "location": [
      17.676264921280563,
      25.10006846152828,
      2.6548550197740113
    ],
    "rotation": [
      -0.020411921829226538,
      0.02783863586126455,
      -1.6388874652716636
    ]
  },
  {
    "label_id": "IRx2mlpU_Q9h5DANFB1HBQ",
    "size": [
      1.8790963623815964,
      4.499833285605668,
      1.5100000000000016
    ],
    "obj_class": "vehicle",
    "point_num_in_lidar": 243,
    "speed": 8.85410427122181,
    "if_vehicle": true,
    "motion_state": true,
    "pose": [
      [
        -0.035839709867102644,
        0.9991868612381399,
        0.018469746227703823,
        -23.761582461565922
      ],
      [
        -0.9989517125638535,
        -0.03529238026085638,
        -0.029153453676487768,
        4.902148234548804
      ],
      [
        -0.028477906566071683,
        -0.019495235946173844,
        0.9994042948742101,
        0.7809039795684107
      ],
      [
        0.0,
        0.0,
        0.0,
        1.0
      ]
    ],
    "location": [
      -23.761582461565922,
      4.902148234548804,
      0.7809039795684107
    ],
    "rotation": [
      -0.019504382612170537,
      0.028481757193266406,
      -1.6066582647356318
    ]
  },
  {
    "label_id": "Irrp7c9HrOs1nyK9NCdnZg",
    "size": [
      2.0041518735691772,
      4.917299256640257,
      2.0500000000000007
    ],
    "obj_class": "vehicle",
    "point_num_in_lidar": 1049,
    "speed": 14.195099594938894,
    "if_vehicle": true,
    "motion_state": true,
    "pose": [
      [
        0.03730507575187367,
        -0.999133224248614,
        0.018469746227703823,
        -0.6598390630470021
      ],
      [
        0.9988988785391641,
        0.03675740186592066,
        -0.029153453676487768,
        13.744043426146163
      ],
      [
        0.028449284285318552,
        0.01953698059158642,
        0.9994042948742101,
        1.4623190336605063
      ],
      [
        0.0,
        0.0,
        0.0,
        1.0
      ]
    ],
    "location": [
      -0.6598390630470021,
      13.744043426146163,
      1.4623190336605063
    ],
    "rotation": [
      0.019546136217884865,
      -0.028453123310916064,
      1.5334674765544272
    ]
  },
  {
    "label_id": "KE-n4BCpMYY4onuCOe_Cxg",
    "size": [
      2.008046796961753,
      4.605128188340819,
      1.610000000000003
    ],
    "obj_class": "vehicle",
    "point_num_in_lidar": 289,
    "speed": 14.704177011370714,
    "if_vehicle": true,
    "motion_state": true,
    "pose": [
      [
        -0.007451667406348242,
        -0.9998016508923904,
        0.018469746227703823,
        -0.6911864120138489
      ],
      [
        0.9995430271603896,
        -0.007988303560682156,
        -0.029153453676487768,
        26.280462936476397
      ],
      [
        0.029295213054522963,
        0.018244064214779695,
        0.9994042948742101,
        1.5796249391812225
      ],
      [
        0.0,
        0.0,
        0.0,
        1.0
      ]
    ],
    "location": [
      -0.6911864120138489,
      26.280462936476397,
      1.5796249391812225
    ],
    "rotation": [
      0.018252911405153244,
      -0.02929940491199281,
      1.5782512628592351
    ]
  },
  {
    "label_id": "NUde-sGysbBTLnbvmbwNVA",
    "size": [
      2.0294229561203068,
      4.506119344955,
      1.600000000000005
    ],
    "obj_class": "vehicle",
    "point_num_in_lidar": 263,
    "speed": 8.53533136528718,
    "if_vehicle": true,
    "motion_state": true,
    "pose": [
      [
        -0.050632769974518425,
        0.9985465392654423,
        0.018469746227703823,
        -23.381074945303226
      ],
      [
        -0.9983195217991919,
        -0.05008201806402733,
        -0.029153453676487768,
        19.13139259869604
      ],
      [
        -0.028186078112078388,
        -0.019914828335758094,
        0.9994042948742101,
        1.2369044718883941
      ],
      [
        0.0,
        0.0,
        0.0,
        1.0
      ]
    ],
    "location": [
      -23.381074945303226,
      19.13139259869604,
      1.2369044718883941
    ],
    "rotation": [
      -0.01992406194703043,
      0.02818981154206273,
      -1.6214709066913102
    ]
  },
  {
    "label_id": "P8RZnw2y2LdjAlYaVdCWug",
    "size": [
      2.172502278757773,
      4.389178354671179,
      1.7000000000000028
    ],
    "obj_class": "vehicle",
    "point_num_in_lidar": 935,
    "speed": 7.105427357601002e-13,
    "if_vehicle": true,
    "motion_state": false,
    "pose": [
      [
        -0.9984106628394369,
        0.05324487583608771,
        0.018469746227703823,
        12.820625615236168
      ],
      [
        -0.053769101027619545,
        -0.9981277272540897,
        -0.029153453676487768,
        19.31439270849114
      ],
      [
        0.016882893804020086,
        -0.030100220660072875,
        0.9994042948742101,
        1.4504739310872878
      ],
      [
        0.0,
        0.0,
        0.0,
        1.0
      ]
    ],
    "location": [
      12.820625615236168,
      19.31439270849114,
      1.4504739310872878
    ],
    "rotation": [
      -0.030109060391533677,
      -0.016883695934697362,
      -3.0877899343061284
    ]
  },
  {
    "label_id": "SO4vsv-jRIt_VEpSG6WCUg",
    "size": [
      1.9647134988772252,
      4.0842048187966125,
      1.5700000000000003
    ],
    "obj_class": "vehicle",
    "point_num_in_lidar": 150,
    "speed": 0.012149759037889953,
    "if_vehicle": true,
    "motion_state": false,
    "pose": [
      [
        -0.028460568362451935,
        0.9994242665268691,
        0.018469746227703823,
        -28.345223834020544
      ],
      [
        -0.9991850826893489,
        -0.027914990055733762,
        -0.029153453676487768,
        -9.734993484065853
      ],
      [
        -0.028621086275070567,
        -0.019284418773140792,
        0.9994042948742101,
        0.2841144428075637
      ],
      [
        0.0,
        0.0,
        0.0,
        1.0
      ]
    ],
    "location": [
      -28.345223834020544,
      -9.734993484065853,
      0.2841144428075637
    ],
    "rotation": [
      -0.01929351915209399,
      0.028624995289093444,
      -1.5992724076226577
    ]
  },
  {
    "label_id": "SU8Sxb1EooY9gTTC7120oA",
    "size": [
      2.102881279910071,
      5.065435957019948,
      1.540182531490487
    ],
    "obj_class": "vehicle",
    "point_num_in_lidar": 104,
    "speed": 0.006338003651519234,
    "if_vehicle": true,
    "motion_state": false,
    "pose": [
      [
        -0.0561275070788948,
        0.9982527592866411,
        0.018469746227703823,
        -27.536725729666614
      ],
      [
        -0.9980287763232406,
        -0.055575514117890176,
        -0.029153453676487768,
        9.3912253393446
      ],
      [
        -0.02807604993305759,
        -0.020069648904237333,
        0.9994042948742101,
        0.8463797638397068
      ],
      [
        0.0,
        0.0,
        0.0,
        1.0
      ]
    ],
    "location": [
      -27.536725729666614,
      9.3912253393446,
      0.8463797638397068
    ],
    "rotation": [
      -0.0200789128314859,
      0.028079739801358135,
      -1.6269755151612828
    ]
  },
  {
    "label_id": "WhPgWq3c5JWYJlXPM99MEg",
    "size": [
      1.7706251348597983,
      3.2738170599658973,
      1.354965001718206
    ],
    "obj_class": "vehicle",
    "point_num_in_lidar": 26,
    "speed": 13.777550103644634,
    "if_vehicle": true,
    "motion_state": true,
    "pose": [
      [
        -0.06270212800811206,
        -0.9978613689373581,
        0.018469746227703823,
        4.76416664685803
      ],
      [
        0.9975734791751085,
        -0.0632236489393164,
        -0.029153453676487768,
        59.66968675735188
      ],
      [
        0.030258829946370552,
        0.01659694541955014,
        0.9994042948742101,
        2.82856346208505
      ],
      [
        0.0,
        0.0,
        0.0,
        1.0
      ]
    ],
    "location": [
      4.76416664685803,
      59.66968675735188,
      2.82856346208505
    ],
    "rotation": [
      0.01660531180031292,
      -0.030263449331155955,
      1.6335683951463973
    ]
  },
  {
    "label_id": "ZOfQ22J7gJFgUY_ZP2qzDg",
    "size": [
      1.9223080275522613,
      4.183597472936482,
      1.750000000000007
    ],
    "obj_class": "vehicle",
    "point_num_in_lidar": 37,
    "speed": 13.634311049003902,
    "if_vehicle": true,
    "motion_state": true,
    "pose": [
      [
        -0.061064187331694844,
        -0.9979629419471465,
        0.018469746227703823,
        0.9616011473426624
      ],
      [
        0.9976759085796778,
        -0.061586180092997087,
        -0.029153453676487768,
        70.49216822908784
      ],
      [
        0.03023154751635891,
        0.016646588892293552,
        0.9994042948742101,
        3.1360751665336437
      ],
      [
        0.0,
        0.0,
        0.0,
        1.0
      ]
    ],
    "location": [
      0.9616011473426624,
      70.49216822908784,
      3.1360751665336437
    ],
    "rotation": [
      0.016654971127148796,
      -0.030236154413981725,
      1.6319265037327941
    ]
  },
  {
    "label_id": "ZnSBgASG2ZsxwNwoluHWUg",
    "size": [
      2.324840932270465,
      5.863561852150793,
      2.4546654756772206
    ],
    "obj_class": "vehicle",
    "point_num_in_lidar": 1340,
    "speed": 9.442117239060334,
    "if_vehicle": true,
    "motion_state": true,
    "pose": [
      [
        -0.04041214052146707,
        0.9990123759857819,
        0.018469746227703823,
        -20.56439529988893
      ],
      [
        -0.9987797346429589,
        -0.039863740482716285,
        -0.029153453676487768,
        -3.3420659399143915
      ],
      [
        -0.028388387855136664,
        -0.01962536170288912,
        0.9994042948742101,
        0.9906399914396786
      ],
      [
        0.0,
        0.0,
        0.0,
        1.0
      ]
    ],
    "location": [
      -20.56439529988893,
      -3.3420659399143915,
      0.9906399914396786
    ],
    "rotation": [
      -0.01963453607470156,
      0.028392202274920064,
      -1.6112357824554828
    ]
  },
  {
    "label_id": "_gh7Md1A2bBhUnnXitrFhg",
    "size": [
      2.351872815045168,
      4.605348809951782,
      1.880404506760101
    ],
    "obj_class": "vehicle",
    "point_num_in_lidar": 24,
    "speed": 7.103933617661796,
    "if_vehicle": true,
    "motion_state": true,
    "pose": [
      [
        -0.03536356473072721,
        0.9992038264357377,
        0.018469746227703823,
        -14.25645275135139
      ],
      [
        -0.9989684169699657,
        -0.034816347241681624,
        -0.029153453676487768,
        66.34625168729872
      ],
      [
        -0.02848719336923413,
        -0.019481663197139017,
        0.9994042948742101,
        3.0342209739287114
      ],
      [
        0.0,
        0.0,
        0.0,
        1.0
      ]
    ],
    "location": [
      -14.25645275135139,
      66.34625168729872,
      3.0342209739287114
    ],
    "rotation": [
      -0.019490806935146446,
      0.02849104776570821,
      -1.6061816333672179
    ]
  },
  {
    "label_id": "eV23MXYHhjaWIFKvb3Gf_Q",
    "size": [
      2.255805950171856,
      4.874156877137269,
      1.930352215572853
    ],
    "obj_class": "vehicle",
    "point_num_in_lidar": 33,
    "speed": 9.04196169435111,
    "if_vehicle": true,
    "motion_state": true,
    "pose": [
      [
        -0.0342279689648689,
        0.9992433710637385,
        0.018469746227703823,
        -19.629543127644865
      ],
      [
        -0.9990073398494846,
        -0.03368101936683427,
        -0.029153453676487768,
        27.70580030259407
      ],
      [
        -0.02850931544944837,
        -0.019449275554291018,
        0.9994042948742101,
        1.7029940472015141
      ],
      [
        0.0,
        0.0,
        0.0,
        1.0
      ]
    ],
    "location": [
      -19.629543127644865,
      27.70580030259407,
      1.7029940472015141
    ],
    "rotation": [
      -0.01945841227643526,
      0.028513178834627714,
      -1.6050449091750434
    ]
  },
  {
    "label_id": "fdi97Vgxas9xg0vntt8avQ",
    "size": [
      1.8502239602478066,
      4.116561098425823,
      1.5364781616067695
    ],
    "obj_class": "vehicle",
    "point_num_in_lidar": 158,
    "speed": 8.90699141993139,
    "if_vehicle": true,
    "motion_state": true,
    "pose": [
      [
        -0.04788575182778766,
        0.9986820431179143,
        0.018469746227703823,
        -20.440196605441997
      ],
      [
        -0.9984535114885805,
        -0.04733562648635498,
        -0.029153453676487768,
        8.129932769081279
      ],
      [
        -0.028240753672845925,
        -0.01983721802502904,
        0.9994042948742101,
        0.9145689961967634
      ],
      [
        0.0,
        0.0,
        0.0,
        1.0
      ]
    ],
    "location": [
      -20.440196605441997,
      8.129932769081279,
      0.9145689961967634
    ],
    "rotation": [
      -0.019846436079079984,
      0.02824450887662356,
      -1.618719527019396
    ]
  },
  {
    "label_id": "hkXyTKmj1eyZQHuKe7S-pw",
    "size": [
      1.9199112132125153,
      4.810574003597793,
      1.6962342671095918
    ],
    "obj_class": "vehicle",
    "point_num_in_lidar": 83,
    "speed": 10.898878536817211,
    "if_vehicle": true,
    "motion_state": true,
    "pose": [
      [
        -0.03129402865360118,
        0.9993395580306584,
        0.018469746227703823,
        -16.084229762705036
      ],
      [
        -0.999101921981904,
        -0.0307477744039841,
        -0.029153453676487768,
        30.05820940564263
      ],
      [
        -0.02856629592182029,
        -0.01936548796932035,
        0.9994042948742101,
        1.6634338581694976
      ],
      [
        0.0,
        0.0,
        0.0,
        1.0
      ]
    ],
    "location": [
      -16.084229762705036,
      30.05820940564263,
      1.6634338581694976
    ],
    "rotation": [
      -0.019374606351914906,
      0.02857018252381863,
      -1.602108248059745
    ]
  },
  {
    "label_id": "jeT9AOAs1MWlqKZdZkEsww",
    "size": [
      1.0665087977282943,
      0.1333632676679024,
      1.1377813311143967
    ],
    "obj_class": "sign",
    "point_num_in_lidar": 95,
    "speed": 0.02740109626019578,
    "if_vehicle": false,
    "motion_state": false,
    "pose": [
      [
        0.023099993011732375,
        0.9995625337101937,
        0.018469746227703823,
        9.068138300300234
      ],
      [
        -0.9992955420477939,
        0.0236325153578376,
        -0.029153453676487768,
        29.807255462030298
      ],
      [
        -0.029577186584654448,
        -0.017783290491903758,
        0.9994042948742101,
        3.5837626976284156
      ],
      [
        0.0,
        0.0,
        0.0,
        1.0
      ]
    ],
    "location": [
      9.068138300300234,
      29.807255462030298,
      3.5837626976284156
    ],
    "rotation": [
      -0.017792012778078008,
      0.029581500686111897,
      -1.547684165506985
    ]
  },
  {
    "label_id": "kIsLx15e7f6KRbDGA5Z-Ug",
    "size": [
      1.9887374888996088,
      4.85835572707015,
      1.9984479307160576
    ],
    "obj_class": "vehicle",
    "point_num_in_lidar": 191,
    "speed": 9.410971190812516,
    "if_vehicle": true,
    "motion_state": true,
    "pose": [
      [
        -0.03877062937408979,
        0.9990774278163935,
        0.018469746227703823,
        -24.404088378606502
      ],
      [
        -0.9988438857228282,
        -0.03822261232378432,
        -0.029153453676487768,
        -14.719969799236424
      ],
      [
        -0.02842059556128958,
        -0.019578690837860038,
        0.9994042948742101,
        0.49747078856285754
      ],
      [
        0.0,
        0.0,
        0.0,
        1.0
      ]
    ],
    "location": [
      -24.404088378606502,
      -14.719969799236424,
      0.49747078856285754
    ],
    "rotation": [
      -0.019587855349000264,
      0.028424422981774403,
      -1.6095923552232443
    ]
  },
  {
    "label_id": "oj9AHkGu3yr8l-vvDS_4kQ",
    "size": [
      0.8162679413650077,
      0.10918232354307272,
      0.8300000000000054
    ],
    "obj_class": "sign",
    "point_num_in_lidar": 30,
    "speed": 0.015889623320933185,
    "if_vehicle": false,
    "motion_state": false,
    "pose": [
      [
        -0.22706858192806822,
        -0.9737036138247923,
        0.018469746227703823,
        -36.0983071365381
      ],
      [
        0.9733333416362153,
        -0.22753523287177116,
        -0.029153453676487768,
        23.06579792473167
      ],
      [
        0.032589341209272926,
        0.01135738643035814,
        0.9994042948742101,
        2.8303623620661043
      ],
      [
        0.0,
        0.0,
        0.0,
        1.0
      ]
    ],
    "location": [
      -36.0983071365381,
      23.06579792473167,
      2.8303623620661043
    ],
    "rotation": [
      0.011363666949950087,
      -0.03259511263534914,
      1.7999868195020168
    ]
  },
  {
    "label_id": "vWggwwBHKN4voCvb_IMRuQ",
    "size": [
      2.3158279391825594,
      5.867894951015213,
      2.126784143620924
    ],
    "obj_class": "vehicle",
    "point_num_in_lidar": 1333,
    "speed": 10.535334883377015,
    "if_vehicle": true,
    "motion_state": true,
    "pose": [
      [
        -0.036244796233287024,
        0.9991722490243069,
        0.018469746227703823,
        -16.428779193998707
      ],
      [
        -0.9989373222671526,
        -0.03569737133828741,
        -0.029153453676487768,
        9.03971341302713
      ],
      [
        -0.028470000487147956,
        -0.01950677982765717,
        0.9994042948742101,
        1.1882707907932044
      ],
      [
        0.0,
        0.0,
        0.0,
        1.0
      ]
    ],
    "location": [
      -16.428779193998707,
      9.03971341302713,
      1.1882707907932044
    ],
    "rotation": [
      -0.019515928978306358,
      0.02847384790740236,
      -1.6070637709807256
    ]
  },
  {
    "label_id": "wvJjNCZxNjmgpMyruR4ATg",
    "size": [
      2.0947354515175958,
      4.9458554096432605,
      2.107276392445769
    ],
    "obj_class": "vehicle",
    "point_num_in_lidar": 25,
    "speed": 9.163076765200785,
    "if_vehicle": true,
    "motion_state": true,
    "pose": [
      [
        -0.0441859863511877,
        0.9988525752504503,
        0.018469746227703823,
        -18.81008594178911
      ],
      [
        -0.998622007349285,
        -0.04363671133824377,
        -0.029153453676487768,
        49.66337089483386
      ],
      [
        -0.02831404329757559,
        -0.019732469159380747,
        0.9994042948742101,
        2.4975863482855516
      ],
      [
        0.0,
        0.0,
        0.0,
        1.0
      ]
    ],
    "location": [
      -18.81008594178911,
      49.66337089483386,
      2.4975863482855516
    ],
    "rotation": [
      -0.019741665837069683,
      0.0283178278205586,
      -1.6150144435349283
    ]
  },
  {
    "label_id": "zGSL7-WtQCAIg8O9FG7c0g",
    "size": [
      0.6832150109731358,
      0.08029782463586578,
      1.0051654142225743
    ],
    "obj_class": "sign",
    "point_num_in_lidar": 28,
    "speed": 0.054996856933488436,
    "if_vehicle": false,
    "motion_state": false,
    "pose": [
      [
        0.04542006941174793,
        0.9987972195440454,
        0.018469746227703823,
        8.39194675003182
      ],
      [
        -0.9985184002767127,
        0.045946495487333414,
        -0.029153453676487768,
        55.14047567682428
      ],
      [
        -0.029967008583885502,
        -0.017118229567225415,
        0.9994042948742101,
        4.219148700565441
      ],
      [
        0.0,
        0.0,
        0.0,
        1.0
      ]
    ],
    "location": [
      8.39194675003182,
      55.14047567682428,
      4.219148700565441
    ],
    "rotation": [
      -0.01712675829245354,
      0.029971495567539082,
      -1.5253401971241776
    ]
  },
  {
    "label_id": "zhhPV79SMbAVe3KnAsS3ow",
    "size": [
      1.9835586724990455,
      4.519977447229803,
      1.6205850078196065
    ],
    "obj_class": "vehicle",
    "point_num_in_lidar": 121,
    "speed": 3.1776437161565096e-13,
    "if_vehicle": true,
    "motion_state": false,
    "pose": [
      [
        -0.022128836505299926,
        0.9995845052166453,
        0.018469746227703823,
        -28.540207690398347
      ],
      [
        -0.9993418700445751,
        -0.021584784329339912,
        -0.029153453676487768,
        -14.639723950833286
      ],
      [
        -0.02874267507962579,
        -0.01910272274441411,
        0.9994042948742101,
        0.08410623563979769
      ],
      [
        0.0,
        0.0,
        0.0,
        1.0
      ]
    ],
    "location": [
      -28.540207690398347,
      -14.639723950833286,
      0.08410623563979769
    ],
    "rotation": [
      -0.019111781852710483,
      0.028746634137134137,
      -1.5929361184087614
    ]
  },
  {
    "label_id": "zk6YTcypRhSge1DTmTYl4Q",
    "size": [
      2.0360036326114765,
      4.473933843650242,
      1.5680952088007807
    ],
    "obj_class": "vehicle",
    "point_num_in_lidar": 45,
    "speed": 8.92360165245975,
    "if_vehicle": true,
    "motion_state": true,
    "pose": [
      [
        -0.04966790271119336,
        0.9985949969404792,
        0.018469746227703823,
        -22.907316414076377
      ],
      [
        -0.9983674474172556,
        -0.04911737041298271,
        -0.029153453676487768,
        29.27825022797697
      ],
      [
        -0.02820530761797679,
        -0.01988758429669623,
        0.9994042948742101,
        1.5608094955477512
      ],
      [
        0.0,
        0.0,
        0.0,
        1.0
      ]
    ],
    "location": [
      -22.907316414076377,
      29.27825022797697,
      1.5608094955477512
    ],
    "rotation": [
      -0.01989681247412456,
      0.028209048696222663,
      -1.6205044657914698
    ]
  }
]