[
  {
    "label_id": "-VBjAVRvfydms-HFmqUzEw",
    "size": [
      2.1949993381446635,
      4.703260130007007,
      1.9711426108906878
    ],
    "obj_class": "vehicle",
    "point_num_in_lidar": 88,
    "speed": 11.754986922140406,
    "if_vehicle": true,
    "motion_state": true,
    "pose": [
      [
        -0.03658654107841466,
        0.9992127232068303,
        0.015341407807230752,
        -19.41573588575193
      ],
      [
        -0.9989790070902104,
        -0.03616223643925295,
        -0.027078331720564668,
        -51.20120818113537
      ],
      [
        -0.026502233961967235,
        -0.016316446834462754,
        0.9995155852500366,
        -1.2812651894055627
      ],
      [
        0.0,
        0.0,
        0.0,
        1.0
      ]
    ],
    "location": [
      -19.41573588575193,
      -51.20120818113537,
      -1.2812651894055627
    ],
    "rotation": [
      -0.016322904761640382,
      0.02650533733156896,
      -1.6074038991018536
    ]
  },
  {
    "label_id": "3xp7fav1XDT13tIERFz4Yw",
    "size": [
      1.79502438452988,
      3.727424411905237,
      1.6243614469938237
    ],
    "obj_class": "vehicle",
    "point_num_in_lidar": 128,
    "speed": 13.98761346680273,
    "if_vehicle": true,
    "motion_state": true,
    "pose": [
      [
        0.0424151433470194,
        -0.9989822805342166,
        0.015341407807230752,
        0.5093280645141931
      ],
      [
        0.9987510437106191,
        0.04198948247097538,
        -0.027078331720564668,
        -34.92584696940685
      ],
      [
        0.026406595801069903,
        0.016470778380987844,
        0.9995155852500366,
        -0.6127818199551243
      ],
      [
        0.0,
        0.0,
        0.0,
        1.0
      ]
    ],
    "location": [
      0.5093280645141931,
      -34.92584696940685,
      -0.6127818199551243
    ],
    "rotation": [
      0.01647726957872047,
      -0.02640966568754236,
      1.5283536460671434
    ]
  },
  {
    "label_id": "AnTYG2pOXewVFM5n9mAmow",
    "size": [
      2.5065199947139813,
      6.6471053257860095,
      2.1860206166670793
    ],
    "obj_class": "vehicle",
    "point_num_in_lidar": 549,
    "speed": 10.813836077028515,
    "if_vehicle": true,
    "motion_state": true,
    "pose": [
      [
        -0.038284117977521126,
        0.9991491217616996,
        0.015341407807230752,
        -27.281504384558502
      ],
      [
        -0.9989161268620796,
        -0.03785941687470509,
        -0.027078331720564668,
        -64.78227708178929
      ],
      [
        -0.026474474603755353,
        -0.01636144971363516,
        0.9995155852500366,
        -1.2862548946990024
      ],
      [
        0.0,
        0.0,
        0.0,
        1.0
      ]
    ],
    "location": [
      -27.281504384558502,
      -64.78227708178929,
      -1.2862548946990024
    ],
    "rotation": [
      -0.016367917423142996,
      0.026477568229788903,
      -1.6091032364856999
    ]
  },
  {
    "label_id": "Dlq_fzd0Zs7aN55n-ILhPg",
    "size": [
      2.1132725711340083,
      4.613436772170868,
      1.8401915579119965
    ],
    "obj_class": "vehicle",
    "point_num_in_lidar": 34,
    "speed": 9.639910335040307,
    "if_vehicle": true,
    "motion_state": true,
    "pose": [
      [
        -0.0448033553251562,
        0.9988780208604552,
        0.015341407807230752,
        -22.691031880694027
      ],
      [
        -0.9986478023533945,
        -0.04437714283239138,
        -0.027078331720564668,
        -47.72963628611615
      ],
      [
        -0.026367142551729072,
        -0.016533863309387106,
        0.9995155852500366,
        -0.9308123879543864
      ],
      [
        0.0,
        0.0,
        0.0,
        1.0
      ]
    ],
    "location": [
      -22.691031880694027,
      -47.72963628611615,
      -0.9308123879543864
    ],
    "rotation": [
      -0.016540367881173575,
      0.026370198696027265,
      -1.6156302829695497
    ]
  },
  {
    "label_id": "Irrp7c9HrOs1nyK9NCdnZg",
    "size": [
      2.0041518735693162,
      4.917299256640257,
      2.0500000000000043
    ],
    "obj_class": "vehicle",
    "point_num_in_lidar": 1922,
    "speed": 16.49624033650014,
    "if_vehicle": true,
    "motion_state": true,
    "pose": [
      [
        0.03780169924073146,
        -0.9991674898339145,
        0.015341407807230752,
        -4.00203847836292
      ],
      [
        0.9989342899051001,
        0.037377110683204255,
        -0.027078331720564668,
        -64.70608964896564
      ],
      [
        0.026482371236479618,
        0.016348665265702153,
        0.9995155852500366,
        -1.2609424191943788
      ],
      [
        0.0,
        0.0,
        0.0,
        1.0
      ]
    ],
    "location": [
      -4.00203847836292,
      -64.70608964896564,
      -1.2609424191943788
    ],
    "rotation": [
      0.016355130202976548,
      -0.026485467632161405,
      1.5329723469204377
    ]
  },
  {
    "label_id": "KE-n4BCpMYY4onuCOe_Cxg",
    "size": [
      2.0080467969617253,
      4.605128188340819,
      1.610000000000003
    ],
    "obj_class": "vehicle",
    "point_num_in_lidar": 411,
    "speed": 16.08920684451703,
    "if_vehicle": true,
    "motion_state": true,
    "pose": [
      [
        0.04710387714683457,
        -0.9987721792101681,
        0.015341407807230752,
        -3.447067576261361
      ],
      [
        0.9985429429769409,
        0.0466771355395851,
        -0.027078331720564668,
        -50.2581191594345
      ],
      [
        0.026328991410338034,
        0.016594548911948323,
        0.9995155852500366,
        -1.1577425725989379
      ],
      [
        0.0,
        0.0,
        0.0,
        1.0
      ]
    ],
    "location": [
      -3.447067576261361,
      -50.2581191594345,
      -1.1577425725989379
    ],
    "rotation": [
      0.016601066224835762,
      -0.026332034305080146,
      1.5236586601864515
    ]
  },
  {
    "label_id": "PTmdSbz-CCtd-8yCV-7YpA",
    "size": [
      2.1214582463802305,
      4.701555991474338,
      1.887658786559939
    ],
    "obj_class": "vehicle",
    "point_num_in_lidar": 28,
    "speed": 10.523551154634957,
    "if_vehicle": true,
    "motion_state": true,
    "pose": [
      [
        -0.031803455306488634,
        0.999376396277729,
        0.015341407807230752,
        -24.956824118113218
      ],
      [
        -0.9991406519317959,
        -0.03138027419473786,
        -0.027078331720564668,
        -18.652260645530987
      ],
      [
        -0.02658002798858664,
        -0.016189408710717328,
        0.9995155852500366,
        0.003529487314274604
      ],
      [
        0.0,
        0.0,
        0.0,
        1.0
      ]
    ],
    "location": [
      -24.956824118113218,
      -18.652260645530987,
      0.003529487314274604
    ],
    "rotation": [
      -0.016195838667125182,
      0.02658315877297939,
      -1.6026163920467307
    ]
  },
  {
    "label_id": "Q6L8E4YXt0H-p-ivoC7uhw",
    "size": [
      1.8671971686953803,
      4.568158551612744,
      1.4315060933022323
    ],
    "obj_class": "vehicle",
    "point_num_in_lidar": 427,
    "speed": 10.462892333991356,
    "if_vehicle": true,
    "motion_state": true,
    "pose": [
      [
        -0.048813689768956864,
        0.9986900744964037,
        0.015341407807230752,
        -28.57142599875533
      ],
      [
        -0.9984615691737679,
        -0.04838655633838838,
        -0.027078331720564668,
        -84.2044717833578
      ],
      [
        -0.026300543230074296,
        -0.01663959939661086,
        0.9995155852500366,
        -2.0277932931299496
      ],
      [
        0.0,
        0.0,
        0.0,
        1.0
      ]
    ],
    "location": [
      -28.57142599875533,
      -84.2044717833578,
      -2.0277932931299496
    ],
    "rotation": [
      -0.01664612608887133,
      0.026303576269984315,
      -1.6196463343287135
    ]
  },
  {
    "label_id": "RlOZ9UW7x-3KSaYjl4ndMA",
    "size": [
      2.0114113124980237,
      4.382567611808012,
      1.5699999999999967
    ],
    "obj_class": "vehicle",
    "point_num_in_lidar": 93,
    "speed": 0.02587444751649376,
    "if_vehicle": true,
    "motion_state": false,
    "pose": [
      [
        -0.08580450141245577,
        0.9961938710631842,
        0.015341407807230752,
        -29.845368143420274
      ],
      [
        -0.9959813579117532,
        -0.08536919024736703,
        -0.027078331720564668,
        -47.29349607806944
      ],
      [
        -0.025665584536884403,
        -0.017603198932487792,
        0.9995155852500366,
        -1.0237886180854474
      ],
      [
        0.0,
        0.0,
        0.0,
        1.0
      ]
    ],
    "location": [
      -29.845368143420274,
      -47.29349607806944,
      -1.0237886180854474
    ],
    "rotation": [
      -0.017609909758553716,
      0.025668403120974938,
      -1.6567348459273343
    ]
  },
  {
    "label_id": "Tb9LAGkHFTyU8qDac4H8Jw",
    "size": [
      0.8205386739829358,
      0.0943220424488163,
      0.8335460332244793
    ],
    "obj_class": "sign",
    "point_num_in_lidar": 108,
    "speed": 0.018923981321183753,
    "if_vehicle": false,
    "motion_state": false,
    "pose": [
      [
        0.07411269247832658,
        0.997131861901978,
        0.015341407807230752,
        6.0751021197329464
      ],
      [
        -0.9968526666866765,
        0.07450855568921494,
        -0.027078331720564668,
        -52.41286882681561
      ],
      [
        -0.02814373346368204,
        -0.013286275211733449,
        0.9995155852500366,
        0.8131481908332958
      ],
      [
        0.0,
        0.0,
        0.0,
        1.0
      ]
    ],
    "location": [
      6.0751021197329464,
      -52.41286882681561,
      0.8131481908332958
    ],
    "rotation": [
      -0.013291931557359462,
      0.028147450088465854,
      -1.4965861700337248
    ]
  },
  {
    "label_id": "UKN8Zb93ZEAai1XgQqdhAg",
    "size": [
      2.1763987355626093,
      4.9145531528697965,
      1.6377201400438501
    ],
    "obj_class": "vehicle",
    "point_num_in_lidar": 976,
    "speed": 10.63424900933755,
    "if_vehicle": true,
    "motion_state": true,
    "pose": [
      [
        -0.05095145336068283,
        0.998583291772362,
        0.015341407807230752,
        -20.651321937246394
      ],
      [
        -0.9983557013290981,
        -0.0505238317521117,
        -0.027078331720564668,
        -77.2290185540387
      ],
      [
        -0.026264862918332372,
        -0.016695862306509008,
        0.9995155852500366,
        -1.907630562312896
      ],
      [
        0.0,
        0.0,
        0.0,
        1.0
      ]
    ],
    "location": [
      -20.651321937246394,
      -77.2290185540387,
      -1.907630562312896
    ],
    "rotation": [
      -0.016702400617579667,
      0.026267883628220672,
      -1.6217874576008364
    ]
  },
  {
    "label_id": "WhPgWq3c5JWYJlXPM99MEg",
    "size": [
      1.7706251348594169,
      3.2738170599658973,
      1.354965001718206
    ],
    "obj_class": "vehicle",
    "point_num_in_lidar": 24,
    "speed": 13.785064183321643,
    "if_vehicle": true,
    "motion_state": true,
    "pose": [
      [
        0.0542385705413153,
        -0.9984101455174257,
        0.015341407807230752,
        5.278973979279726
      ],
      [
        0.9981839640622161,
        0.05381020200920616,
        -0.027078331720564668,
        -9.58749562160665
      ],
      [
        0.02620975686028539,
        0.016782237264483604,
        0.9995155852500366,
        0.21356053988215606
      ],
      [
        0.0,
        0.0,
        0.0,
        1.0
      ]
    ],
    "location": [
      5.278973979279726,
      -9.58749562160665,
      0.21356053988215606
    ],
    "rotation": [
      0.01678879320677366,
      -0.02621275859296143,
      1.5165124608918714
    ]
  },
  {
    "label_id": "YTD4APa4WYdUDLzrrC3PJg",
    "size": [
      1.9904194476615413,
      4.086784428130285,
      1.822422879616937
    ],
    "obj_class": "vehicle",
    "point_num_in_lidar": 742,
    "speed": 10.578400154318713,
    "if_vehicle": true,
    "motion_state": true,
    "pose": [
      [
        -0.05092371398222425,
        0.9985847067528868,
        0.015341407807230752,
        -23.433408510510162
      ],
      [
        -0.9983571044309326,
        -0.05049609869598773,
        -0.027078331720564668,
        -68.01665309086457
      ],
      [
        -0.026265326697768137,
        -0.01669513269597482,
        0.9995155852500366,
        -1.5246737217707889
      ],
      [
        0.0,
        0.0,
        0.0,
        1.0
      ]
    ],
    "location": [
      -23.433408510510162,
      -68.01665309086457,
      -1.5246737217707889
    ],
    "rotation": [
      -0.016701670857050484,
      0.02626834756770958,
      -1.6217596731768904
    ]
  },
  {
    "label_id": "Ys8JslKeLZzs7Pevj4tkiQ",
    "size": [
      0.935410136713058,
      0.07322799797720617,
      1.2100000000000044
    ],
    "obj_class": "sign",
    "point_num_in_lidar": 41,
    "speed": 0.022420716313738796,
    "if_vehicle": false,
    "motion_state": false,
    "pose": [
      [
        0.19186095691515073,
        -0.9813022034103944,
        0.015341407807230752,
        -33.09341600871994
      ],
      [
        0.9811374683065516,
        0.19140541328876137,
        -0.027078331720564668,
        -77.47806726873569
      ],
      [
        0.02363559808029325,
        0.02024730465181816,
        0.9995155852500366,
        0.7385668152198939
      ],
      [
        0.0,
        0.0,
        0.0,
        1.0
      ]
    ],
    "location": [
      -33.09341600871994,
      -77.47806726873569,
      0.7385668152198939
    ],
    "rotation": [
      0.02025434733881631,
      -0.023637799271340142,
      1.377683718072737
    ]
  },
  {
    "label_id": "c6pqigyvYSVSXKIiUs4Mrg",
    "size": [
      0.795064037778451,
      0.9425249904647439,
      1.1799999999999997
    ],
    "obj_class": "sign",
    "point_num_in_lidar": 36,
    "speed": 0.012557391576603742,
    "if_vehicle": false,
    "motion_state": false,
    "pose": [
      [
        0.08571648195957313,
        -0.9962014484666073,
        0.015341407807230752,
        -32.3169495988559
      ],
      [
        0.9959888968539092,
        0.08528118957287019,
        -0.027078331720564668,
        -72.92113932091524
      ],
      [
        0.025667139774562638,
        0.017600931170530826,
        0.9995155852500366,
        -1.9179091567921809
      ],
      [
        0.0,
        0.0,
        0.0,
        1.0
      ]
    ],
    "location": [
      -32.3169495988559,
      -72.92113932091524,
      -1.9179091567921809
    ],
    "rotation": [
      0.01760764160095772,
      -0.025669958871172262,
      1.4849461784873057
    ]
  },
  {
    "label_id": "dvdG_f-6RVms8nISrSC8VA",
    "size": [
      2.0363489354762283,
      4.458228043681338,
      1.7458161543778736
    ],
    "obj_class": "vehicle",
    "point_num_in_lidar": 36,
    "speed": 11.951189656451103,
    "if_vehicle": true,
    "motion_state": true,
    "pose": [
      [
        -0.03500471423448357,
        0.9992693886974896,
        0.015341407807230752,
        -18.85055177850063
      ],
      [
        -0.9990350011878936,
        -0.03458078010595955,
        -0.027078331720564668,
        -34.71121748562655
      ],
      [
        -0.026528030135458795,
        -0.016274472630745652,
        0.9995155852500366,
        -0.6196501143820576
      ],
      [
        0.0,
        0.0,
        0.0,
        1.0
      ]
    ],
    "location": [
      -18.85055177850063,
      -34.71121748562655,
      -0.6196501143820576
    ],
    "rotation": [
      -0.01628092137431338,
      0.026531142577874135,
      -1.6058205248053288
    ]
  },
  {
    "label_id": "i8tHWAaERgcY8DzinKS83g",
    "size": [
      2.067712110597847,
      4.8584170357722805,
      1.4300000000000033
    ],
    "obj_class": "vehicle",
    "point_num_in_lidar": 91,
    "speed": 0.6120815528221649,
    "if_vehicle": true,
    "motion_state": false,
    "pose": [
      [
        0.42278395865646196,
        0.9061006376276662,
        0.015341407807230752,
        -48.594416937655296
      ],
      [
        -0.9056992405965844,
        0.4230551376995693,
        -0.027078331720564668,
        -93.83083614476163
      ],
      [
        -0.031025955030290358,
        -0.0024464171220582275,
        0.9995155852500366,
        -3.1340132054121526
      ],
      [
        0.0,
        0.0,
        0.0,
        1.0
      ]
    ],
    "location": [
      -48.594416937655296,
      -93.83083614476163,
      -3.1340132054121526
    ],
    "rotation": [
      -0.0024475978892965896,
      0.031030934836220193,
      -1.134056462337545
    ]
  },
  {
    "label_id": "lHbE_TvXcnOnwbc9tjBmiw",
    "size": [
      1.8547855308603254,
      4.604259104690197,
      1.529544914510094
    ],
    "obj_class": "vehicle",
    "point_num_in_lidar": 65,
    "speed": 11.308335953050534,
    "if_vehicle": true,
    "motion_state": true,
    "pose": [
      [
        -0.039706291194722965,
        0.9990936150561929,
        0.015341407807230752,
        -21.568976057639702
      ],
      [
        -0.9988612249219989,
        -0.039281258871821115,
        -0.027078331720564668,
        -23.57023176479015
      ],
      [
        -0.02645115851685572,
        -0.01639911751872247,
        0.9995155852500366,
        -0.2693070226293308
      ],
      [
        0.0,
        0.0,
        0.0,
        1.0
      ]
    ],
    "location": [
      -21.568976057639702,
      -23.57023176479015,
      -0.2693070226293308
    ],
    "rotation": [
      -0.016405593365137493,
      0.026454243974696104,
      -1.6105269676121219
    ]
  },
  {
    "label_id": "pOpngrVB8lN0PzlZlu3VfQ",
    "size": [
      0.7560385069448974,
      1.1080202255438867,
      1.120000000000001
    ],
    "obj_class": "sign",
    "point_num_in_lidar": 23,
    "speed": 0.04053809415541557,
    "if_vehicle": false,
    "motion_state": false,
    "pose": [
      [
        0.03741300924681209,
        -0.999182119508546,
        0.015341407807230752,
        -34.701050908764955
      ],
      [
        0.9989487544277618,
        0.036988511438746284,
        -0.027078331720564668,
        -79.5777464113853
      ],
      [
        0.026488729043145066,
        0.01633836209525123,
        0.9995155852500366,
        -2.0483122333134496
      ],
      [
        0.0,
        0.0,
        0.0,
        1.0
      ]
    ],
    "location": [
      -34.701050908764955,
      -79.5777464113853,
      -2.0483122333134496
    ],
    "rotation": [
      0.016344824794450107,
      -0.026491827669951746,
      1.5333614424212678
    ]
  },
  {
    "label_id": "zwdjX44zD5DT6AEef_FdTg",
    "size": [
      2.0392452537793306,
      4.884100863327777,
      1.577570207428927
    ],
    "obj_class": "vehicle",
    "point_num_in_lidar": 36,
    "speed": 0.014817666011580282,
    "if_vehicle": true,
    "motion_state": false,
    "pose": [
      [
        -0.02762095314075501,
        0.9995007374454951,
        0.015341407807230752,
        -29.110612121933627
      ],
      [
        -0.9992632242214134,
        -0.027198762285372737,
        -0.027078331720564668,
        -27.696255437238506
      ],
      [
        -0.02664754521942629,
        -0.016078033961132502,
        0.9995155852500366,
        -0.4235760911247013
      ],
      [
        0.0,
        0.0,
        0.0,
        1.0
      ]
    ],
    "location": [
      -29.110612121933627,
      -27.696255437238506,
      -0.4235760911247013
    ],
    "rotation": [
      -0.016084438965054258,
      0.026650699927553933,
      -1.5984306089011089
    ]
  }
]