[
  {
    "label_id": "-VBjAVRvfydms-HFmqUzEw",
    "size": [
      2.1949993381458577,
      4.703260130007007,
      1.9711426108906878
    ],
    "obj_class": "vehicle",
    "point_num_in_lidar": 79,
    "speed": 11.797026520215372,
    "if_vehicle": true,
    "motion_state": true,
    "pose": [
      [
        -0.03843013319541304,
        0.999141649716612,
        0.015462492171384986,
        -19.329295337221993
      ],
      [
        -0.9989400771398916,
        -0.038020863095857005,
        -0.025944869496561357,
        -48.84043579470563
      ],
      [
        -0.025334702412507525,
        -0.01644316791294875,
        0.9995437834745691,
        -1.1812896688691055
      ],
      [
        0.0,
        0.0,
        0.0,
        1.0
      ]
    ],
    "location": [
      -19.329295337221993,
      -48.84043579470563,
      -1.1812896688691055
    ],
    "rotation": [
      -0.01644918923690648,
      0.025337413363328863,
      -1.6092482739010583
    ]
  },
  {
    "label_id": "3xp7fav1XDT13tIERFz4Yw",
    "size": [
      1.795024384531873,
      3.727424411905237,
      1.6243614469938237
    ],
    "obj_class": "vehicle",
    "point_num_in_lidar": 125,
    "speed": 13.802360555532571,
    "if_vehicle": true,
    "motion_state": true,
    "pose": [
      [
        0.030157447844449764,
        -0.999425554844061,
        0.015462492171384986,
        0.3756773187078579
      ],
      [
        0.9992206010426625,
        0.029749860482809868,
        -0.025944869496561357,
        -37.67154322713759
      ],
      [
        0.025469958607142344,
        0.016232871769782373,
        0.9995437834745691,
        -0.7194423814845692
      ],
      [
        0.0,
        0.0,
        0.0,
        1.0
      ]
    ],
    "location": [
      0.3756773187078579,
      -37.67154322713759,
      -0.7194423814845692
    ],
    "rotation": [
      0.016238853306571096,
      -0.025472713218148015,
      1.5406245147863813
    ]
  },
  {
    "label_id": "55V3ar31Gkfp03JU8tQCfw",
    "size": [
      2.051691203152693,
      4.366744586737906,
      1.4899999999999984
    ],
    "obj_class": "vehicle",
    "point_num_in_lidar": 27,
    "speed": 5.123796534383003e-13,
    "if_vehicle": true,
    "motion_state": false,
    "pose": [
      [
        0.4107267892265065,
        -0.9116273448879948,
        0.015462492171384986,
        -46.39314441134138
      ],
      [
        0.9115941694881939,
        0.41027178053326613,
        -0.025944869496561357,
        -86.69837180118338
      ],
      [
        0.017308228297979945,
        0.024751770654414768,
        0.9995437834745691,
        -2.941959623873313
      ],
      [
        0.0,
        0.0,
        0.0,
        1.0
      ]
    ],
    "location": [
      -46.39314441134138,
      -86.69837180118338,
      -2.941959623873313
    ],
    "rotation": [
      0.024758008186937346,
      -0.01730909259924302,
      1.1474777864163392
    ]
  },
  {
    "label_id": "AnTYG2pOXewVFM5n9mAmow",
    "size": [
      2.506519994714132,
      6.6471053257860095,
      2.1860206166670793
    ],
    "obj_class": "vehicle",
    "point_num_in_lidar": 395,
    "speed": 10.856677243804818,
    "if_vehicle": true,
    "motion_state": true,
    "pose": [
      [
        -0.03714620032613633,
        0.999190207686795,
        0.015462492171384986,
        -27.196870526560815
      ],
      [
        -0.9989881093627309,
        -0.036737189586073554,
        -0.025944869496561357,
        -62.605875649338486
      ],
      [
        -0.025355811034302584,
        -0.016410599140082645,
        0.9995437834745691,
        -1.2341761443480728
      ],
      [
        0.0,
        0.0,
        0.0,
        1.0
      ]
    ],
    "location": [
      -27.196870526560815,
      -62.605875649338486,
      -1.2341761443480728
    ],
    "rotation": [
      -0.016416614396951287,
      0.02535852876829228,
      -1.6079630300455365
    ]
  },
  {
    "label_id": "Dlq_fzd0Zs7aN55n-ILhPg",
    "size": [
      2.1132725711329945,
      4.613436772170868,
      1.8401915579119965
    ],
    "obj_class": "vehicle",
    "point_num_in_lidar": 76,
    "speed": 9.700739627762784,
    "if_vehicle": true,
    "motion_state": true,
    "pose": [
      [
        -0.046408206682926424,
        0.9988028782939729,
        0.015462492171384986,
        -22.611957631009318
      ],
      [
        -0.9986045806393852,
        -0.045997339845299794,
        -0.025944869496561357,
        -45.79288213590007
      ],
      [
        -0.025202576822864493,
        -0.016644970376403653,
        0.9995437834745691,
        -0.8740484143997378
      ],
      [
        0.0,
        0.0,
        0.0,
        1.0
      ]
    ],
    "location": [
      -22.611957631009318,
      -45.79288213590007,
      -0.8740484143997378
    ],
    "rotation": [
      -0.016651028512208812,
      0.02520524557201043,
      -1.617235969518687
    ]
  },
  {
    "label_id": "Irrp7c9HrOs1nyK9NCdnZg",
    "size": [
      2.004151873569387,
      4.917299256640257,
      2.0500000000000043
    ],
    "obj_class": "vehicle",
    "point_num_in_lidar": 2020,
    "speed": 16.468644332166615,
    "if_vehicle": true,
    "motion_state": true,
    "pose": [
      [
        0.03900841114846095,
        -0.9991192397284333,
        0.015462492171384986,
        -4.109797494974373
      ],
      [
        0.9989179040633092,
        0.03859902445103996,
        -0.025944869496561357,
        -68.01140897759615
      ],
      [
        0.025325181172860495,
        0.016457828407950244,
        0.9995437834745691,
        -1.345196918337578
      ],
      [
        0.0,
        0.0,
        0.0,
        1.0
      ]
    ],
    "location": [
      -4.109797494974373,
      -68.01140897759615,
      -1.345196918337578
    ],
    "rotation": [
      0.016463852451554524,
      -0.02532788906776919,
      1.531765491100735
    ]
  },
  {
    "label_id": "KE-n4BCpMYY4onuCOe_Cxg",
    "size": [
      2.008046796959947,
      4.605128188340819,
      1.610000000000003
    ],
    "obj_class": "vehicle",
    "point_num_in_lidar": 423,
    "speed": 16.118705512303656,
    "if_vehicle": true,
    "motion_state": true,
    "pose": [
      [
        0.04652902157022922,
        -0.9987972574489615,
        0.015462492171384986,
        -3.603614657881735
      ],
      [
        0.9985990094942899,
        0.04611813074951796,
        -0.025944869496561357,
        -53.45997627504403
      ],
      [
        0.025200563262363366,
        0.016648018759100543,
        0.9995437834745691,
        -1.2629838572692869
      ],
      [
        0.0,
        0.0,
        0.0,
        1.0
      ]
    ],
    "location": [
      -3.603614657881735,
      -53.45997627504403,
      -1.2629838572692869
    ],
    "rotation": [
      0.016654077440615915,
      -0.02520323137177916,
      1.5242357023863053
    ]
  },
  {
    "label_id": "PTmdSbz-CCtd-8yCV-7YpA",
    "size": [
      2.121458246379626,
      4.701555991474338,
      1.887658786559939
    ],
    "obj_class": "vehicle",
    "point_num_in_lidar": 26,
    "speed": 10.547756484709744,
    "if_vehicle": true,
    "motion_state": true,
    "pose": [
      [
        -0.030982714461072428,
        0.9994003115571226,
        0.015462492171384986,
        -24.88435650421161
      ],
      [
        -0.9991956943913717,
        -0.030574957997535256,
        -0.025944869496561357,
        -16.538894668035937
      ],
      [
        -0.02545654560949499,
        -0.016253898085549917,
        0.9995437834745691,
        0.07351409823094457
      ],
      [
        0.0,
        0.0,
        0.0,
        1.0
      ]
    ],
    "location": [
      -24.88435650421161,
      -16.538894668035937,
      0.07351409823094457
    ],
    "rotation": [
      -0.01625988366539375,
      0.025459295870043912,
      -1.6017940489243019
    ]
  },
  {
    "label_id": "Q6L8E4YXt0H-p-ivoC7uhw",
    "size": [
      1.8671971686951971,
      4.568158551612744,
      1.4315060933022323
    ],
    "obj_class": "vehicle",
    "point_num_in_lidar": 441,
    "speed": 10.522770993445288,
    "if_vehicle": true,
    "motion_state": true,
    "pose": [
      [
        -0.04644807241758271,
        0.9988010251819633,
        0.015462492171384986,
        -28.483905499032517
      ],
      [
        -0.998602743926689,
        -0.0460371976655194,
        -0.025944869496561357,
        -82.10374265486098
      ],
      [
        -0.025201912442882134,
        -0.01664597628753101,
        0.9995437834745691,
        -2.0052984970793872
      ],
      [
        0.0,
        0.0,
        0.0,
        1.0
      ]
    ],
    "location": [
      -28.483905499032517,
      -82.10374265486098,
      -2.0052984970793872
    ],
    "rotation": [
      -0.01665203460344489,
      0.025204580980935993,
      -1.617275890218236
    ]
  },
  {
    "label_id": "RlOZ9UW7x-3KSaYjl4ndMA",
    "size": [
      2.0114113124980273,
      4.382567611808012,
      1.5699999999999967
    ],
    "obj_class": "vehicle",
    "point_num_in_lidar": 75,
    "speed": 0.02587444773347782,
    "if_vehicle": true,
    "motion_state": false,
    "pose": [
      [
        -0.08580434135479156,
        0.9961920127869529,
        0.015462492171384986,
        -29.849898894895887
      ],
      [
        -0.996010090578784,
        -0.0853859661305595,
        -0.025944869496561357,
        -47.29599299887559
      ],
      [
        -0.02452579193243435,
        -0.017626980666883365,
        0.9995437834745691,
        -1.023788618085355
      ],
      [
        0.0,
        0.0,
        0.0,
        1.0
      ]
    ],
    "location": [
      -29.849898894895887,
      -47.29599299887559,
      -1.023788618085355
    ],
    "rotation": [
      -0.017633198268299347,
      0.024528251368005172,
      -1.656732219465733
    ]
  },
  {
    "label_id": "Tb9LAGkHFTyU8qDac4H8Jw",
    "size": [
      0.8205386739829358,
      0.0943220424488163,
      0.8335460332244793
    ],
    "obj_class": "sign",
    "point_num_in_lidar": 93,
    "speed": 0.029349390852877567,
    "if_vehicle": false,
    "motion_state": false,
    "pose": [
      [
        0.07411255423026847,
        0.997130001876042,
        0.015462492171384986,
        6.077519114371171
      ],
      [
        -0.9968837063779407,
        0.07449657512252729,
        -0.025944869496561357,
        -52.40209142221829
      ],
      [
        -0.02702231047940696,
        -0.013491465958089014,
        0.9995437834745691,
        0.8271440985017797
      ],
      [
        0.0,
        0.0,
        0.0,
        1.0
      ]
    ],
    "location": [
      6.077519114371171,
      -52.40209142221829,
      0.8271440985017797
    ],
    "rotation": [
      -0.013496804194696175,
      0.027025600199389845,
      -1.4965886101390204
    ]
  },
  {
    "label_id": "UKN8Zb93ZEAai1XgQqdhAg",
    "size": [
      2.17639873556351,
      4.9145531528697965,
      1.6377201400438501
    ],
    "obj_class": "vehicle",
    "point_num_in_lidar": 954,
    "speed": 10.675379965115223,
    "if_vehicle": true,
    "motion_state": true,
    "pose": [
      [
        -0.047393773410302195,
        0.9987565977643316,
        0.015462492171384986,
        -20.53279529957581
      ],
      [
        -0.9985587056376053,
        -0.046982711098412656,
        -0.025944869496561357,
        -75.12484122522437
      ],
      [
        -0.025186139785275556,
        -0.016669831434669685,
        0.9995437834745691,
        -1.8636779211751993
      ],
      [
        0.0,
        0.0,
        0.0,
        1.0
      ]
    ],
    "location": [
      -20.53279529957581,
      -75.12484122522437,
      -1.8636779211751993
    ],
    "rotation": [
      -0.016675894011970935,
      0.0251888033151849,
      -1.6182229165741842
    ]
  },
  {
    "label_id": "VKhIXrSDKaMEGkRfSXpi1g",
    "size": [
      1.928105120049967,
      4.818406194486315,
      1.6295224594925415
    ],
    "obj_class": "vehicle",
    "point_num_in_lidar": 658,
    "speed": 10.28441098356281,
    "if_vehicle": true,
    "motion_state": true,
    "pose": [
      [
        -0.06870610401679611,
        0.9975171089293071,
        0.015462492171384986,
        -24.51722635013175
      ],
      [
        -0.9973280379567503,
        -0.06829091046504863,
        -0.025944869496561357,
        -87.27430453158922
      ],
      [
        -0.02482450354331548,
        -0.017203747881541942,
        0.9995437834745691,
        -2.0710675097921154
      ],
      [
        0.0,
        0.0,
        0.0,
        1.0
      ]
    ],
    "location": [
      -24.51722635013175,
      -87.27430453158922,
      -2.0710675097921154
    ],
    "rotation": [
      -0.01720990081654044,
      0.024827053958758425,
      -1.6395778310641775
    ]
  },
  {
    "label_id": "YTD4APa4WYdUDLzrrC3PJg",
    "size": [
      1.9904194476606827,
      4.086784428130285,
      1.822422879616937
    ],
    "obj_class": "vehicle",
    "point_num_in_lidar": 623,
    "speed": 10.635793122790993,
    "if_vehicle": true,
    "motion_state": true,
    "pose": [
      [
        -0.04516934074528221,
        0.9988596708209251,
        0.015462492171384986,
        -23.34531819678068
      ],
      [
        -0.9986608637145443,
        -0.04475872017525581,
        -0.025944869496561357,
        -65.93581103282122
      ],
      [
        -0.02522320244451603,
        -0.016613698437936766,
        0.9995437834745691,
        -1.4616258358765606
      ],
      [
        0.0,
        0.0,
        0.0,
        1.0
      ]
    ],
    "location": [
      -23.34531819678068,
      -65.93581103282122,
      -1.4616258358765606
    ],
    "rotation": [
      -0.016619750957686114,
      0.025225877752538244,
      -1.6159954314064293
    ]
  },
  {
    "label_id": "Ys8JslKeLZzs7Pevj4tkiQ",
    "size": [
      0.9354101367130552,
      0.07322799797720617,
      1.2100000000000009
    ],
    "obj_class": "sign",
    "point_num_in_lidar": 28,
    "speed": 0.022829247262183695,
    "if_vehicle": false,
    "motion_state": false,
    "pose": [
      [
        0.1918605990223321,
        -0.9813003729127193,
        0.015462492171384986,
        -33.09733888354458
      ],
      [
        0.9811642418798351,
        0.1914251660654235,
        -0.025944869496561357,
        -77.48040065174791
      ],
      [
        0.022499799980454812,
        0.020149042612076326,
        0.9995437834745691,
        0.7375671244523403
      ],
      [
        0.0,
        0.0,
        0.0,
        1.0
      ]
    ],
    "location": [
      -33.09733888354458,
      -77.48040065174791,
      0.7375671244523403
    ],
    "rotation": [
      0.020155509334988265,
      -0.02250169879992425,
      1.3776892089417483
    ]
  },
  {
    "label_id": "ZOfQ22J7gJFgUY_ZP2qzDg",
    "size": [
      1.9223080275521818,
      4.183597472936482,
      1.750000000000007
    ],
    "obj_class": "vehicle",
    "point_num_in_lidar": 22,
    "speed": 15.157553973289838,
    "if_vehicle": true,
    "motion_state": true,
    "pose": [
      [
        0.045161238094061425,
        -0.9988600371972349,
        0.015462492171384986,
        1.9717863399682756
      ],
      [
        0.9986612267599478,
        0.04475061913675189,
        -0.025944869496561357,
        -5.376014992765704
      ],
      [
        0.02522333721234602,
        0.016613493829294976,
        0.9995437834745691,
        0.4296987754027697
      ],
      [
        0.0,
        0.0,
        0.0,
        1.0
      ]
    ],
    "location": [
      1.9717863399682756,
      -5.376014992765704,
      0.4296987754027697
    ],
    "rotation": [
      0.016619546312191976,
      -0.02522601256325925,
      1.5256053355443806
    ]
  },
  {
    "label_id": "dvdG_f-6RVms8nISrSC8VA",
    "size": [
      2.0363489354774424,
      4.458228043681338,
      1.7458161543778736
    ],
    "obj_class": "vehicle",
    "point_num_in_lidar": 30,
    "speed": 11.991495476788485,
    "if_vehicle": true,
    "motion_state": true,
    "pose": [
      [
        -0.03712404128452383,
        0.9991910312320438,
        0.015462492171384986,
        -18.754344593655333
      ],
      [
        -0.9989889238374017,
        -0.0367150350264944,
        -0.025944869496561357,
        -32.305951055692276
      ],
      [
        -0.025356174965780638,
        -0.01641003682044806,
        0.9995437834745691,
        -0.5510443382565349
      ],
      [
        0.0,
        0.0,
        0.0,
        1.0
      ]
    ],
    "location": [
      -18.754344593655333,
      -32.305951055692276,
      -0.5510443382565349
    ],
    "rotation": [
      -0.016416051972258542,
      0.025358892816817347,
      -1.6079408489109732
    ]
  },
  {
    "label_id": "lHbE_TvXcnOnwbc9tjBmiw",
    "size": [
      1.85478553086067,
      4.604259104690197,
      1.529544914510094
    ],
    "obj_class": "vehicle",
    "point_num_in_lidar": 29,
    "speed": 11.266306737321273,
    "if_vehicle": true,
    "motion_state": true,
    "pose": [
      [
        -0.038857290068844974,
        0.9991251284720827,
        0.015462492171384986,
        -21.484719983394825
      ],
      [
        -0.9989237308879466,
        -0.03844793382890175,
        -0.025944869496561357,
        -21.27838328246071
      ],
      [
        -0.02532767019310796,
        -0.01645399768849177,
        0.9995437834745691,
        -0.20355792877721157
      ],
      [
        0.0,
        0.0,
        0.0,
        1.0
      ]
    ],
    "location": [
      -21.484719983394825,
      -21.27838328246071,
      -0.20355792877721157
    ],
    "rotation": [
      -0.016460021022148073,
      0.025330378886664316,
      -1.6096758806047884
    ]
  },
  {
    "label_id": "pOpngrVB8lN0PzlZlu3VfQ",
    "size": [
      0.7560385069449034,
      1.1080202255438867,
      1.120000000000001
    ],
    "obj_class": "sign",
    "point_num_in_lidar": 25,
    "speed": 0.045400005838357724,
    "if_vehicle": false,
    "motion_state": false,
    "pose": [
      [
        0.03741293945748447,
        -0.9991802556581073,
        0.015462492171384986,
        -34.707222745610125
      ],
      [
        0.998978266529375,
        0.03700387478050754,
        -0.025944869496561357,
        -79.56829272380674
      ],
      [
        0.025351429212485895,
        0.01641736745730139,
        0.9995437834745691,
        -2.0474791957575746
      ],
      [
        0.0,
        0.0,
        0.0,
        1.0
      ]
    ],
    "location": [
      -34.707222745610125,
      -79.56829272380674,
      -2.0474791957575746
    ],
    "rotation": [
      0.01642338397787955,
      -0.025354145537465463,
      1.5333626170633243
    ]
  }
]