[
  {
    "label_id": "-k9fOiLCkk8erFTll2W4dg",
    "size": [
      2.0780549804565043,
      5.136563085055615,
      1.9265566023810976
    ],
    "obj_class": "vehicle",
    "point_num_in_lidar": 115,
    "speed": 9.099386826154683e-13,
    "if_vehicle": true,
    "motion_state": false,
    "pose": [
      [
        -0.03762941794942469,
        0.9992061093092117,
        0.013083501975200038,
        -32.602329582318816
      ],
      [
        -0.9990650121920336,
        -0.03733875382760782,
        -0.021792633533675144,
        -105.86277338860054
      ],
      [
        -0.021286810905329984,
        -0.013891313175825032,
        0.9996768993528519,
        -2.46148935370492
      ],
      [
        0.0,
        0.0,
        0.0,
        1.0
      ]
    ],
    "location": [
      -32.602329582318816,
      -105.86277338860054,
      -2.46148935370492
    ],
    "rotation": [
      -0.013894908626687442,
      0.021288418842694473,
      -1.6084431652031164
    ]
  },
  {
    "label_id": "3EYHmUD7WYDZ4T6bATYinA",
    "size": [
      1.8197726560834042,
      4.405406262666267,
      1.9014615031353053
    ],
    "obj_class": "vehicle",
    "point_num_in_lidar": 34,
    "speed": 11.774954817040742,
    "if_vehicle": true,
    "motion_state": true,
    "pose": [
      [
        -0.03761483623193462,
        0.9992066583401601,
        0.013083501975200038,
        -20.106181131392987
      ],
      [
        -0.9990655569812487,
        -0.037324174169221125,
        -0.021792633533675144,
        -64.2090007804054
      ],
      [
        -0.021287013623149543,
        -0.01389100252955025,
        0.9996768993528519,
        -1.536698379869108
      ],
      [
        0.0,
        0.0,
        0.0,
        1.0
      ]
    ],
    "location": [
      -20.106181131392987,
      -64.2090007804054,
      -1.536698379869108
    ],
    "rotation": [
      -0.013894597940000397,
      0.021288621606458676,
      -1.6084285700056926
    ]
  },
  {
    "label_id": "3xp7fav1XDT13tIERFz4Yw",
    "size": [
      1.7950243845317773,
      3.727424411905237,
      1.6243614469938237
    ],
    "obj_class": "vehicle",
    "point_num_in_lidar": 105,
    "speed": 13.489782923794893,
    "if_vehicle": true,
    "motion_state": true,
    "pose": [
      [
        0.024762304177561586,
        -0.9996077482032053,
        0.013083501975200038,
        -0.9114169237482201
      ],
      [
        0.9994629207069515,
        0.024473480659619556,
        -0.021792633533675144,
        -71.73333835759695
      ],
      [
        0.02146388650146452,
        0.013616110917599593,
        0.9996768993528519,
        -1.6961115929698671
      ],
      [
        0.0,
        0.0,
        0.0,
        1.0
      ]
    ],
    "location": [
      -0.9114169237482201,
      -71.73333835759695,
      -1.6961115929698671
    ],
    "rotation": [
      0.013619669522587231,
      -0.0214655349063384,
      1.546025783628656
    ]
  },
  {
    "label_id": "4exZ_EA5gMYpraY08_LcLQ",
    "size": [
      2.0616165044047143,
      4.63090791788313,
      1.6200000000000045
    ],
    "obj_class": "vehicle",
    "point_num_in_lidar": 48,
    "speed": 4.0194366942304643e-13,
    "if_vehicle": true,
    "motion_state": false,
    "pose": [
      [
        0.9152072270511338,
        0.4027710932147929,
        0.013083501975200038,
        -43.69746802964528
      ],
      [
        -0.40244890050909576,
        0.9151830219156641,
        -0.021792633533675144,
        -107.3636059690798
      ],
      [
        -0.020751241707290823,
        0.014679334721768543,
        0.9996768993528519,
        -2.9739210768266346
      ],
      [
        0.0,
        0.0,
        0.0,
        1.0
      ]
    ],
    "location": [
      -43.69746802964528,
      -107.3636059690798,
      -2.9739210768266346
    ],
    "rotation": [
      0.014683023889377355,
      0.020752731291933228,
      -0.4142850648498048
    ]
  },
  {
    "label_id": "55V3ar31Gkfp03JU8tQCfw",
    "size": [
      2.051691203152699,
      4.366744586737906,
      1.4899999999999984
    ],
    "obj_class": "vehicle",
    "point_num_in_lidar": 91,
    "speed": 1.1260319029309487e-28,
    "if_vehicle": true,
    "motion_state": false,
    "pose": [
      [
        0.4107407386844439,
        -0.9116583063632022,
        0.013083501975200038,
        -46.39314441134138
      ],
      [
        0.9116369132073293,
        0.41041834705758407,
        -0.021792633533675144,
        -86.69837180118338
      ],
      [
        0.014497726124117975,
        0.02087852575011447,
        0.9996768993528519,
        -2.94195962387332
      ],
      [
        0.0,
        0.0,
        0.0,
        1.0
      ]
    ],
    "location": [
      -46.39314441134138,
      -86.69837180118338,
      -2.94195962387332
    ],
    "rotation": [
      0.020882237908452096,
      -0.014498234037322259,
      1.147482627396207
    ]
  },
  {
    "label_id": "7rO2HoapjvGfji-hLh3H7g",
    "size": [
      0.758101244984803,
      0.7491686719953333,
      1.720000000000006
    ],
    "obj_class": "pedestrian",
    "point_num_in_lidar": 612,
    "speed": 1.2707042828162944,
    "if_vehicle": false,
    "motion_state": true,
    "pose": [
      [
        -0.07636266437020911,
        0.9969942655132714,
        0.013083501975200038,
        4.440244699227151
      ],
      [
        -0.9968645501502646,
        -0.0760667455421708,
        -0.021792633533675144,
        -112.38716419595039
      ],
      [
        -0.02073191124795831,
        -0.014706622871172885,
        0.9996768993528519,
        -2.4641691027694215
      ],
      [
        0.0,
        0.0,
        0.0,
        1.0
      ]
    ],
    "location": [
      4.440244699227151,
      -112.38716419595039,
      -2.4641691027694215
    ],
    "rotation": [
      -0.014710314962943392,
      0.020733396673150876,
      -1.6472498658124484
    ]
  },
  {
    "label_id": "8b89eLYLjjgUUWxMRAsRng",
    "size": [
      0.7950640377794612,
      0.9425249904647439,
      1.129999999999999
    ],
    "obj_class": "sign",
    "point_num_in_lidar": 29,
    "speed": 0.02696550415281278,
    "if_vehicle": false,
    "motion_state": false,
    "pose": [
      [
        0.13861330571679534,
        -0.9902601544313125,
        0.013083501975200038,
        -33.23093604238238
      ],
      [
        0.9901492144956819,
        0.13830984837404384,
        -0.021792633533675144,
        -91.07635587856385
      ],
      [
        0.019770799474130733,
        0.01597536817797442,
        0.9996768993528519,
        -2.429101396476323
      ],
      [
        0.0,
        0.0,
        0.0,
        1.0
      ]
    ],
    "location": [
      -33.23093604238238,
      -91.07635587856385,
      -2.429101396476323
    ],
    "rotation": [
      0.015979171350988874,
      -0.019772087717293243,
      1.4317078978426223
    ]
  },
  {
    "label_id": "9QvradQC1ASnPu8heK5ixA",
    "size": [
      2.1084490416376687,
      4.389297726515963,
      1.5900000000000034
    ],
    "obj_class": "vehicle",
    "point_num_in_lidar": 127,
    "speed": 1.034565839472708e-12,
    "if_vehicle": true,
    "motion_state": false,
    "pose": [
      [
        0.92524936923756,
        0.37913378470081294,
        0.013083501975200038,
        -44.745493665604045
      ],
      [
        -0.37881231990624725,
        0.9252168974953463,
        -0.021792633533675144,
        -134.68884503129448
      ],
      [
        -0.020367400736088923,
        0.015207428695334731,
        0.9996768993528519,
        -3.373069998203217
      ],
      [
        0.0,
        0.0,
        0.0,
        1.0
      ]
    ],
    "location": [
      -44.745493665604045,
      -134.68884503129448,
      -3.373069998203217
    ],
    "rotation": [
      0.0152111705194742,
      0.02036880917060186,
      -0.3885975640059474
    ]
  },
  {
    "label_id": "BZ-yjQUq0kNU041MoEhW2g",
    "size": [
      1.8227199395977922,
      4.295853645267724,
      1.4535850013309037
    ],
    "obj_class": "vehicle",
    "point_num_in_lidar": 34,
    "speed": 0.0,
    "if_vehicle": true,
    "motion_state": false,
    "pose": [
      [
        0.9472022087721954,
        0.3203697827091988,
        0.013083501975200038,
        -44.980516053224164
      ],
      [
        -0.32005098667217224,
        0.9471496434322488,
        -0.021792633533675144,
        -131.72833542090848
      ],
      [
        -0.019373735500500543,
        0.01645464290177003,
        0.9996768993528519,
        -3.4957568478162315
      ],
      [
        0.0,
        0.0,
        0.0,
        1.0
      ]
    ],
    "location": [
      -44.980516053224164,
      -131.72833542090848,
      -3.4957568478162315
    ],
    "rotation": [
      0.016458474866611505,
      0.01937494766681921,
      -0.3258467217865791
    ]
  },
  {
    "label_id": "CYgZTdc8n8BmocfFiCVd-g",
    "size": [
      1.9504333018535638,
      4.516909538653063,
      1.9300000000000033
    ],
    "obj_class": "vehicle",
    "point_num_in_lidar": 577,
    "speed": 8.644125458514253e-13,
    "if_vehicle": true,
    "motion_state": false,
    "pose": [
      [
        -0.05443169596795312,
        0.9984317765626839,
        0.013083501975200038,
        -33.20892621008534
      ],
      [
        -0.9982955886566278,
        -0.05413869958157335,
        -0.021792633533675144,
        -112.22676555687758
      ],
      [
        -0.021050134032096518,
        -0.014247412308868501,
        0.9996768993528519,
        -2.554642870296867
      ],
      [
        0.0,
        0.0,
        0.0,
        1.0
      ]
    ],
    "location": [
      -33.20892621008534,
      -112.22676555687758,
      -2.554642870296867
    ],
    "rotation": [
      -0.014251052305875825,
      0.021051688923125672,
      -1.6252670186080789
    ]
  },
  {
    "label_id": "CrBLFWxcfuaKi5ST0mekhA",
    "size": [
      0.9173643431724116,
      0.09628066794920347,
      0.9100000000000037
    ],
    "obj_class": "sign",
    "point_num_in_lidar": 35,
    "speed": 0.04078807684745165,
    "if_vehicle": false,
    "motion_state": false,
    "pose": [
      [
        0.10264140199381265,
        -0.9946323765959006,
        0.013083501975200038,
        -37.87207791490073
      ],
      [
        0.9945105140993291,
        0.10234216369392958,
        -0.021792633533675144,
        -129.04024946134996
      ],
      [
        0.020336664983047058,
        0.015248506734609571,
        0.9996768993528519,
        -0.9417070304074429
      ],
      [
        0.0,
        0.0,
        0.0,
        1.0
      ]
    ],
    "location": [
      -37.87207791490073,
      -129.04024946134996,
      -0.9417070304074429
    ],
    "rotation": [
      0.015252252302719179,
      -0.02033806705012564,
      1.4679524948256608
    ]
  },
  {
    "label_id": "Irrp7c9HrOs1nyK9NCdnZg",
    "size": [
      2.0041518735697186,
      4.917299256640257,
      2.0500000000000043
    ],
    "obj_class": "vehicle",
    "point_num_in_lidar": 6215,
    "speed": 15.887119092192599,
    "if_vehicle": true,
    "motion_state": true,
    "pose": [
      [
        0.04033337736658256,
        -0.9991006158772346,
        0.013083501975200038,
        -5.927096486047958
      ],
      [
        0.9989603058852613,
        0.04004233246568246,
        -0.021792633533675144,
        -109.99131679707534
      ],
      [
        0.021249139649175342,
        0.01394886964732161,
        0.9996768993528519,
        -2.3392085146812853
      ],
      [
        0.0,
        0.0,
        0.0,
        1.0
      ]
    ],
    "location": [
      -5.927096486047958,
      -109.99131679707534,
      -2.3392085146812853
    ],
    "rotation": [
      0.013952472539401895,
      -0.021250739063787334,
      1.530442889530026
    ]
  },
  {
    "label_id": "KBYyTquOIk4W6w_VAnBJvQ",
    "size": [
      2.202360006580449,
      4.8445259893152794,
      1.8200000000000038
    ],
    "obj_class": "vehicle",
    "point_num_in_lidar": 343,
    "speed": 11.380403598474633,
    "if_vehicle": true,
    "motion_state": true,
    "pose": [
      [
        -0.06684805458883994,
        0.9976773825108758,
        0.013083501975200038,
        -25.862783914832107
      ],
      [
        -0.9975448500414604,
        -0.06655338668638329,
        -0.021792633533675144,
        -104.72426487593475
      ],
      [
        -0.02087126621572821,
        -0.014508175171961773,
        0.9996768993528519,
        -2.3220093487637143
      ],
      [
        0.0,
        0.0,
        0.0,
        1.0
      ]
    ],
    "location": [
      -25.862783914832107,
      -104.72426487593475,
      -2.3220093487637143
    ],
    "rotation": [
      -0.014511845501099968,
      0.02087278180069369,
      -1.6377088659148138
    ]
  },
  {
    "label_id": "KE-n4BCpMYY4onuCOe_Cxg",
    "size": [
      2.008046796961627,
      4.605128188340819,
      1.610000000000003
    ],
    "obj_class": "vehicle",
    "point_num_in_lidar": 666,
    "speed": 15.988100924349286,
    "if_vehicle": true,
    "motion_state": true,
    "pose": [
      [
        0.041052374296743854,
        -0.9990713310573299,
        0.013083501975200038,
        -5.422557706450789
      ],
      [
        0.9989312305534976,
        0.04076122849647622,
        -0.021792633533675144,
        -95.2844944070057
      ],
      [
        0.021239095778188204,
        0.013964158076771895,
        0.9996768993528519,
        -2.289569251234706
      ],
      [
        0.0,
        0.0,
        0.0,
        1.0
      ]
    ],
    "location": [
      -5.422557706450789,
      -95.2844944070057,
      -2.289569251234706
    ],
    "rotation": [
      0.013967762929896644,
      -0.021240692925570254,
      1.5297231425374394
    ]
  },
  {
    "label_id": "Q6L8E4YXt0H-p-ivoC7uhw",
    "size": [
      1.8671971686953275,
      4.568158551612744,
      1.4315060933022323
    ],
    "obj_class": "vehicle",
    "point_num_in_lidar": 52,
    "speed": 10.8464911999514,
    "if_vehicle": true,
    "motion_state": true,
    "pose": [
      [
        -0.04902768678103118,
        0.998711724125118,
        0.013083501975200038,
        -27.38463516322281
      ],
      [
        -0.9985739526050939,
        -0.04873543169303826,
        -0.021792633533675144,
        -54.17733436888375
      ],
      [
        -0.021126928492825475,
        -0.014133286692314876,
        0.9996768993528519,
        -1.344538136231531
      ],
      [
        0.0,
        0.0,
        0.0,
        1.0
      ]
    ],
    "location": [
      -27.38463516322281,
      -54.17733436888375,
      -1.344538136231531
    ],
    "rotation": [
      -0.014136912802144463,
      0.0211285004658238,
      -1.619854634804121
    ]
  },
  {
    "label_id": "TQnTe9QWRQb44kFq48QaSw",
    "size": [
      2.500000000000766,
      5.0,
      2.1999999999999993
    ],
    "obj_class": "vehicle",
    "point_num_in_lidar": 21,
    "speed": 9.982623819745925e-28,
    "if_vehicle": true,
    "motion_state": false,
    "pose": [
      [
        -0.9587671627548116,
        -0.2838914398130974,
        0.013083501975200038,
        -73.91639794627736
      ],
      [
        0.283574888600357,
        -0.9587024375054869,
        -0.021792633533675144,
        -123.85807498876966
      ],
      [
        0.018729927345926354,
        -0.01718390880691718,
        0.9996768993528519,
        -4.562695092149873
      ],
      [
        0.0,
        0.0,
        0.0,
        1.0
      ]
    ],
    "location": [
      -73.91639794627736,
      -123.85807498876966,
      -4.562695092149873
    ],
    "rotation": [
      -0.017187769999641545,
      -0.01873102262703348,
      2.8540207852160515
    ]
  },
  {
    "label_id": "Tp_mTbnf0rXpgHOrql5mPA",
    "size": [
      0.4567756050563049,
      0.08929268673868548,
      1.2900000000000027
    ],
    "obj_class": "sign",
    "point_num_in_lidar": 53,
    "speed": 0.03394925586905209,
    "if_vehicle": false,
    "motion_state": false,
    "pose": [
      [
        0.9993507835132946,
        0.03356834025430685,
        0.013083501975200038,
        -14.245771072972275
      ],
      [
        -0.033278251950551355,
        0.9992085063042562,
        -0.021792633533675144,
        -99.38385574190761
      ],
      [
        -0.01380468900336424,
        0.021343089321570113,
        0.9996768993528519,
        -2.24993076275182
      ],
      [
        0.0,
        0.0,
        0.0,
        1.0
      ]
    ],
    "location": [
      -14.245771072972275,
      -99.38385574190761,
      -2.24993076275182
    ],
    "rotation": [
      0.021346744472156187,
      0.013805127499607698,
      -0.03328757042270208
    ]
  },
  {
    "label_id": "UKN8Zb93ZEAai1XgQqdhAg",
    "size": [
      2.176398735562853,
      4.9145531528697965,
      1.6377201400438501
    ],
    "obj_class": "vehicle",
    "point_num_in_lidar": 32,
    "speed": 11.577368817693323,
    "if_vehicle": true,
    "motion_state": true,
    "pose": [
      [
        -0.03290168200406806,
        0.9993729540553756,
        0.013083501975200038,
        -19.437025955074205
      ],
      [
        -0.9992304833647676,
        -0.03261168867568759,
        -0.021792633533675144,
        -46.01366293912179
      ],
      [
        -0.0213522934579922,
        -0.013790448301339195,
        0.9996768993528519,
        -1.125272508203011
      ],
      [
        0.0,
        0.0,
        0.0,
        1.0
      ]
    ],
    "location": [
      -19.437025955074205,
      -46.01366293912179,
      -1.125272508203011
    ],
    "rotation": [
      -0.013794030489964441,
      0.02135391628211652,
      -1.603711454723148
    ]
  },
  {
    "label_id": "V3RVJ7DlziS_ffNdkw1atQ",
    "size": [
      2.012784348428979,
      4.224902453012272,
      1.6302669350628847
    ],
    "obj_class": "vehicle",
    "point_num_in_lidar": 152,
    "speed": 11.4552894138215,
    "if_vehicle": true,
    "motion_state": true,
    "pose": [
      [
        -0.06486758987550405,
        0.9978081066817448,
        0.013083501975200038,
        -24.353213121991757
      ],
      [
        -0.9976749895743439,
        -0.06457318562297912,
        -0.021792633533675144,
        -81.46513678773226
      ],
      [
        -0.02090002300420229,
        -0.014466718311073202,
        0.9996768993528519,
        -2.02746821213902
      ],
      [
        0.0,
        0.0,
        0.0,
        1.0
      ]
    ],
    "location": [
      -24.353213121991757,
      -81.46513678773226,
      -2.02746821213902
    ],
    "rotation": [
      -0.014470383948979624,
      0.02090154486322296,
      -1.6357236967100475
    ]
  },
  {
    "label_id": "VKhIXrSDKaMEGkRfSXpi1g",
    "size": [
      1.9281051200499657,
      4.818406194486315,
      1.6295224594925415
    ],
    "obj_class": "vehicle",
    "point_num_in_lidar": 22,
    "speed": 10.732849103773988,
    "if_vehicle": true,
    "motion_state": true,
    "pose": [
      [
        -0.0627390202947281,
        0.9979442055087662,
        0.013083501975200038,
        -23.17622149375893
      ],
      [
        -0.9978104607112315,
        -0.062444900663761495,
        -0.021792633533675144,
        -59.809460594073244
      ],
      [
        -0.020930834376531645,
        -0.014422103611135474,
        0.9996768993528519,
        -1.4901594802516058
      ],
      [
        0.0,
        0.0,
        0.0,
        1.0
      ]
    ],
    "location": [
      -23.17622149375893,
      -59.809460594073244,
      -1.4901594802516058
    ],
    "rotation": [
      -0.014425764144891504,
      0.020932362977062312,
      -1.6335903535296206
    ]
  },
  {
    "label_id": "Ys8JslKeLZzs7Pevj4tkiQ",
    "size": [
      0.9354101367130544,
      0.07322799797720617,
      1.2100000000000009
    ],
    "obj_class": "sign",
    "point_num_in_lidar": 24,
    "speed": 0.028464009261896007,
    "if_vehicle": false,
    "motion_state": false,
    "pose": [
      [
        0.1918671151577426,
        -0.981333700683468,
        0.013083501975200038,
        -33.13580112964246
      ],
      [
        0.9812393036471271,
        0.19155811155304256,
        -0.021792633533675144,
        -77.4540185682763
      ],
      [
        0.01887959478237025,
        0.01701933609520723,
        0.9996768993528519,
        0.6820666429589721
      ],
      [
        0.0,
        0.0,
        0.0,
        1.0
      ]
    ],
    "location": [
      -33.13580112964246,
      -77.4540185682763,
      0.6820666429589721
    ],
    "rotation": [
      0.017023192261994884,
      -0.018880716533265125,
      1.3776972203940072
    ]
  },
  {
    "label_id": "_0_6lKuHJjMatxHJZo4XCA",
    "size": [
      2.028818857997397,
      4.825334032703438,
      1.486057306469732
    ],
    "obj_class": "vehicle",
    "point_num_in_lidar": 52,
    "speed": 1.5106345774618503e-12,
    "if_vehicle": true,
    "motion_state": false,
    "pose": [
      [
        0.891289549678406,
        0.4532458059487467,
        0.013083501975200038,
        -44.69035751656884
      ],
      [
        -0.45292276434995266,
        0.8912833728154386,
        -0.021792633533675144,
        -123.85365033299786
      ],
      [
        -0.021538527518410018,
        0.013497730646550184,
        0.9996768993528519,
        -3.435935337341281
      ],
      [
        0.0,
        0.0,
        0.0,
        1.0
      ]
    ],
    "location": [
      -44.69035751656884,
      -123.85365033299786,
      -3.435935337341281
    ],
    "rotation": [
      0.013501272764792044,
      0.02154019318262784,
      -0.47015879718374315
    ]
  },
  {
    "label_id": "a9ud6ZG8FcMmRRVYy5hBYw",
    "size": [
      2.0687265716958514,
      4.669869232318501,
      1.4668404177813876
    ],
    "obj_class": "vehicle",
    "point_num_in_lidar": 31,
    "speed": 11.396759568099695,
    "if_vehicle": true,
    "motion_state": true,
    "pose": [
      [
        -0.133429207784433,
        0.9909719816857001,
        0.013083501975200038,
        -31.84983990093133
      ],
      [
        -0.9908594552252759,
        -0.1331263351645217,
        -0.021792633533675144,
        -124.78831641964462
      ],
      [
        -0.019854130569940138,
        -0.015871685467520276,
        0.9996768993528519,
        -2.957053597154914
      ],
      [
        0.0,
        0.0,
        0.0,
        1.0
      ]
    ],
    "location": [
      -31.84983990093133,
      -124.78831641964462,
      -2.957053597154914
    ],
    "rotation": [
      -0.01587548143832734,
      0.019855435173077942,
      -1.7046511981971322
    ]
  },
  {
    "label_id": "bCbo2xKSICAefdmS0oegsw",
    "size": [
      2.205253939970304,
      5.342787782384308,
      2.5352075881934155
    ],
    "obj_class": "vehicle",
    "point_num_in_lidar": 124,
    "speed": 1.7053025658242404e-12,
    "if_vehicle": true,
    "motion_state": false,
    "pose": [
      [
        -0.9361779543858452,
        0.3512828770350175,
        0.013083501975200038,
        -55.95748007939255
      ],
      [
        -0.35149647255096084,
        -0.9359355271106544,
        -0.021792633533675144,
        -126.6322603433091
      ],
      [
        0.004589935311732931,
        -0.025000587875132714,
        0.9996768993528519,
        -3.2696554462649132
      ],
      [
        0.0,
        0.0,
        0.0,
        1.0
      ]
    ],
    "location": [
      -55.95748007939255,
      -126.6322603433091,
      -3.2696554462649132
    ],
    "rotation": [
      -0.025003456394817606,
      -0.004589951428300802,
      -2.7824196012908247
    ]
  },
  {
    "label_id": "c6pqigyvYSVSXKIiUs4Mrg",
    "size": [
      0.7950640377784538,
      0.9425249904647439,
      1.1799999999999997
    ],
    "obj_class": "sign",
    "point_num_in_lidar": 20,
    "speed": 0.012557391470919332,
    "if_vehicle": false,
    "motion_state": false,
    "pose": [
      [
        0.08571923323784902,
        -0.9962334239670841,
        0.013083501975200038,
        -32.35115772862082
      ],
      [
        0.9961064924516584,
        0.08542210966325549,
        -0.021792633533675144,
        -72.91300644594958
      ],
      [
        0.020592929582008132,
        0.014900609098240924,
        0.9996768993528519,
        -1.9404086240736618
      ],
      [
        0.0,
        0.0,
        0.0,
        1.0
      ]
    ],
    "location": [
      -32.35115772862082,
      -72.91300644594958,
      -1.9404086240736618
    ],
    "rotation": [
      0.014904321343323867,
      -0.02059438532947379,
      1.4849535221017673
    ]
  },
  {
    "label_id": "cNWmXBjxsIsirTIu5AYIng",
    "size": [
      2.1235353728579134,
      4.783454623322626,
      1.6122134841909066
    ],
    "obj_class": "vehicle",
    "point_num_in_lidar": 125,
    "speed": 12.573896138777668,
    "if_vehicle": true,
    "motion_state": true,
    "pose": [
      [
        -0.06274007034267735,
        0.9979441394935193,
        0.013083501975200038,
        -20.746707798919488
      ],
      [
        -0.9978103950054605,
        -0.06244595057098314,
        -0.021792633533675144,
        -79.26392307020069
      ],
      [
        -0.020930819201422354,
        -0.014422125634784042,
        0.9996768993528519,
        -2.089129134921958
      ],
      [
        0.0,
        0.0,
        0.0,
        1.0
      ]
    ],
    "location": [
      -20.746707798919488,
      -79.26392307020069,
      -2.089129134921958
    ],
    "rotation": [
      -0.014425786171073875,
      0.020932347798627824,
      -1.6335914058617904
    ]
  },
  {
    "label_id": "d4ajfIN3Bvzz0nrJjaFqyQ",
    "size": [
      0.6619503964107027,
      0.07957740070102917,
      0.306946122928867
    ],
    "obj_class": "sign",
    "point_num_in_lidar": 126,
    "speed": 0.04181257999219056,
    "if_vehicle": false,
    "motion_state": false,
    "pose": [
      [
        -0.10353781908974952,
        0.9945394622609015,
        0.013083501975200038,
        3.529780747847326
      ],
      [
        -0.9944178695162909,
        -0.10323847107715282,
        -0.021792633533675144,
        -114.18418805447072
      ],
      [
        -0.020322913295575607,
        -0.01526682990828947,
        0.9996768993528519,
        -1.2591972164190715
      ],
      [
        0.0,
        0.0,
        0.0,
        1.0
      ]
    ],
    "location": [
      3.529780747847326,
      -114.18418805447072,
      -1.2591972164190715
    ],
    "rotation": [
      -0.015270577129828723,
      0.020324312519984435,
      -1.6745415368228473
    ]
  },
  {
    "label_id": "dI_Cs8sdEP9J4-t35jdgfQ",
    "size": [
      0.45085864963818584,
      0.05525218425557021,
      0.5800000000000018
    ],
    "obj_class": "sign",
    "point_num_in_lidar": 20,
    "speed": 0.030590488204832254,
    "if_vehicle": false,
    "motion_state": false,
    "pose": [
      [
        -0.05780102201696292,
        0.9982423873137523,
        0.013083501975200038,
        4.489695786018274
      ],
      [
        -0.9981071890252072,
        -0.05750756767475271,
        -0.021792633533675144,
        -97.37645466869799
      ],
      [
        -0.021001930149248033,
        -0.014318373869760218,
        0.9996768993528519,
        -0.15675288364483464
      ],
      [
        0.0,
        0.0,
        0.0,
        1.0
      ]
    ],
    "location": [
      4.489695786018274,
      -97.37645466869799,
      -0.15675288364483464
    ],
    "rotation": [
      -0.014322022314558935,
      0.02100347438141391,
      -1.628642355475543
    ]
  },
  {
    "label_id": "dkBBjdWd3pD0qSre4uBr4A",
    "size": [
      0.7950640377799741,
      0.9425249904647439,
      1.0800000000000018
    ],
    "obj_class": "sign",
    "point_num_in_lidar": 25,
    "speed": 0.018565304411684556,
    "if_vehicle": false,
    "motion_state": false,
    "pose": [
      [
        0.03741421010661329,
        -0.9992141906809385,
        0.013083501975200038,
        -34.824244109880965
      ],
      [
        0.9990730309643884,
        0.03712357638074683,
        -0.021792633533675144,
        -77.2079251200721
      ],
      [
        0.0212898022942535,
        0.013886728143797013,
        0.9996768993528519,
        -1.9345342042348506
      ],
      [
        0.0,
        0.0,
        0.0,
        1.0
      ]
    ],
    "location": [
      -34.824244109880965,
      -77.2079251200721,
      -1.9345342042348506
    ],
    "rotation": [
      0.01389032299791595,
      -0.02129141090968523,
      1.5333648943764517
    ]
  },
  {
    "label_id": "mjHzioKkfd6uF_DFvquivw",
    "size": [
      1.9331349028360687,
      4.6637678797215285,
      1.5157934779913838
    ],
    "obj_class": "vehicle",
    "point_num_in_lidar": 665,
    "speed": 12.525685545454621,
    "if_vehicle": true,
    "motion_state": true,
    "pose": [
      [
        -0.0677907863807043,
        0.9976137685787775,
        0.013083501975200038,
        -22.654638747189892
      ],
      [
        -0.9974815146168572,
        -0.06749599337240193,
        -0.021792633533675144,
        -106.51546246678117
      ],
      [
        -0.020857547304179994,
        -0.014527891131269522,
        0.9996768993528519,
        -2.640016577427353
      ],
      [
        0.0,
        0.0,
        0.0,
        1.0
      ]
    ],
    "location": [
      -22.654638747189892,
      -106.51546246678117,
      -2.640016577427353
    ],
    "rotation": [
      -0.01453156367395413,
      0.020859059902087994,
      -1.6386539285572908
    ]
  },
  {
    "label_id": "pOpngrVB8lN0PzlZlu3VfQ",
    "size": [
      0.7560385069448963,
      1.1080202255438867,
      1.120000000000001
    ],
    "obj_class": "sign",
    "point_num_in_lidar": 28,
    "speed": 0.03280351809782268,
    "if_vehicle": false,
    "motion_state": false,
    "pose": [
      [
        0.03741421010803815,
        -0.9992141906808852,
        0.013083501975200038,
        -34.77589558266118
      ],
      [
        0.9990730309643354,
        0.03712357638217147,
        -0.021792633533675144,
        -79.45306794361568
      ],
      [
        0.0212898022942337,
        0.013886728143827373,
        0.9996768993528519,
        -2.0649800179775646
      ],
      [
        0.0,
        0.0,
        0.0,
        1.0
      ]
    ],
    "location": [
      -34.77589558266118,
      -79.45306794361568,
      -2.0649800179775646
    ],
    "rotation": [
      0.013890322997946312,
      -0.021291410909665427,
      1.5333648943750255
    ]
  }
]