[
  {
    "label_id": "-k9fOiLCkk8erFTll2W4dg",
    "size": [
      2.0780549804565003,
      5.136563085055615,
      1.9265566023810976
    ],
    "obj_class": "vehicle",
    "point_num_in_lidar": 254,
    "speed": 9.099386826154683e-13,
    "if_vehicle": true,
    "motion_state": false,
    "pose": [
      [
        -0.03762974690393016,
        0.9992148443194401,
        0.012397461015190826,
        -32.60232958231791
      ],
      [
        -0.9990152397693258,
        -0.037324605863693724,
        -0.023988007540354937,
        -105.86277338860054
      ],
      [
        -0.02350644287386681,
        -0.013287915141094859,
        0.9996353727507948,
        -2.46148935370503
      ],
      [
        0.0,
        0.0,
        0.0,
        1.0
      ]
    ],
    "location": [
      -32.60232958231791,
      -105.86277338860054,
      -2.46148935370503
    ],
    "rotation": [
      -0.013291979194640324,
      0.023508608171001543,
      -1.6084453678649404
    ]
  },
  {
    "label_id": "2pwMzM4J2EIYaoDSlFirBA",
    "size": [
      2.4999999999997504,
      5.0,
      1.8900000000000006
    ],
    "obj_class": "vehicle",
    "point_num_in_lidar": 21,
    "speed": 5.40562139339237e-28,
    "if_vehicle": true,
    "motion_state": false,
    "pose": [
      [
        0.2771071029671487,
        -0.960759052231896,
        0.012397461015190826,
        -68.74383266294899
      ],
      [
        0.9606387896286006,
        0.27676287929406457,
        -0.023988007540354937,
        -85.64261847385205
      ],
      [
        0.019615538382902854,
        0.018556729219562553,
        0.9996353727507948,
        -4.382991310455644
      ],
      [
        0.0,
        0.0,
        0.0,
        1.0
      ]
    ],
    "location": [
      -68.74383266294899,
      -85.64261847385205,
      -4.382991310455644
    ],
    "rotation": [
      0.01856136606901933,
      -0.019616796510401036,
      1.2899588330030782
    ]
  },
  {
    "label_id": "3EYHmUD7WYDZ4T6bATYinA",
    "size": [
      1.81977265608296,
      4.405406262666267,
      1.9014615031353053
    ],
    "obj_class": "vehicle",
    "point_num_in_lidar": 152,
    "speed": 12.109195326083395,
    "if_vehicle": true,
    "motion_state": true,
    "pose": [
      [
        -0.05519642531843259,
        0.9983985464695166,
        0.012397461015190826,
        -20.572333637879638
      ],
      [
        -0.9982043390921235,
        -0.05488782116190038,
        -0.023988007540354937,
        -74.92337671014502
      ],
      [
        -0.023269122237926747,
        -0.013699251645828126,
        0.9996353727507948,
        -1.765700634458753
      ],
      [
        0.0,
        0.0,
        0.0,
        1.0
      ]
    ],
    "location": [
      -20.572333637879638,
      -74.92337671014502,
      -1.765700634458753
    ],
    "rotation": [
      -0.013703390769622022,
      0.023271222602049745,
      -1.6260357899411746
    ]
  },
  {
    "label_id": "3xp7fav1XDT13tIERFz4Yw",
    "size": [
      1.7950243845310496,
      3.727424411905237,
      1.6243614469938237
    ],
    "obj_class": "vehicle",
    "point_num_in_lidar": 111,
    "speed": 12.899542567934786,
    "if_vehicle": true,
    "motion_state": true,
    "pose": [
      [
        0.03213447533880597,
        -0.999406663203261,
        0.012397461015190826,
        -0.5074943073514078
      ],
      [
        0.9992053836943685,
        0.031830436541671635,
        -0.023988007540354937,
        -59.94960698445175
      ],
      [
        0.023579157976678915,
        0.013158451827252355,
        0.9996353727507948,
        -1.404423110783405
      ],
      [
        0.0,
        0.0,
        0.0,
        1.0
      ]
    ],
    "location": [
      -0.5074943073514078,
      -59.94960698445175,
      -1.404423110783405
    ],
    "rotation": [
      0.013162491315718061,
      -0.02358134343387252,
      1.5386473770548783
    ]
  },
  {
    "label_id": "55V3ar31Gkfp03JU8tQCfw",
    "size": [
      2.051691203152701,
      4.366744586737906,
      1.4899999999999984
    ],
    "obj_class": "vehicle",
    "point_num_in_lidar": 93,
    "speed": 5.123796534383003e-13,
    "if_vehicle": true,
    "motion_state": false,
    "pose": [
      [
        0.4107443293596007,
        -0.9116662760348815,
        0.012397461015190826,
        -46.39314441134047
      ],
      [
        0.9115961187088412,
        0.4103865151893031,
        -0.023988007540354937,
        -86.6983718011852
      ],
      [
        0.016781306680592637,
        0.021154415413128264,
        0.9996353727507948,
        -2.941959623873405
      ],
      [
        0.0,
        0.0,
        0.0,
        1.0
      ]
    ],
    "location": [
      -46.39314441134047,
      -86.6983718011852,
      -2.941959623873405
    ],
    "rotation": [
      0.02115897349804727,
      -0.016782094417356043,
      1.1474625931153406
    ]
  },
  {
    "label_id": "8b89eLYLjjgUUWxMRAsRng",
    "size": [
      0.795064037779463,
      0.9425249904647439,
      1.1300000000000026
    ],
    "obj_class": "sign",
    "point_num_in_lidar": 32,
    "speed": 0.060418327152719296,
    "if_vehicle": false,
    "motion_state": false,
    "pose": [
      [
        0.1386145174674379,
        -0.990268811236447,
        0.012397461015190826,
        -33.24259606821579
      ],
      [
        0.9901011304816905,
        0.1382907332872389,
        -0.023988007540354937,
        -91.12946179013852
      ],
      [
        0.02204012173622752,
        0.015599826256454685,
        0.9996353727507948,
        -2.362775670233212
      ],
      [
        0.0,
        0.0,
        0.0,
        1.0
      ]
    ],
    "location": [
      -33.24259606821579,
      -91.12946179013852,
      -2.362775670233212
    ],
    "rotation": [
      0.015604249823106485,
      -0.022041906520245045,
      1.4317000294956361
    ]
  },
  {
    "label_id": "8bwXd7og_NJIRvc6PFNwCA",
    "size": [
      1.9364346053395873,
      4.526265005085073,
      1.7600000000000051
    ],
    "obj_class": "vehicle",
    "point_num_in_lidar": 501,
    "speed": 5.684341886080801e-13,
    "if_vehicle": true,
    "motion_state": false,
    "pose": [
      [
        -0.059154599174496454,
        0.9981718471069405,
        0.012397461015190826,
        -32.35756593798669
      ],
      [
        -0.9979788648584502,
        -0.05884522741975711,
        -0.023988007540354937,
        -100.70435416227701
      ],
      [
        -0.023214622382104828,
        -0.013791405042111526,
        0.9996353727507948,
        -2.358562341201317
      ],
      [
        0.0,
        0.0,
        0.0,
        1.0
      ]
    ],
    "location": [
      -32.35756593798669,
      -100.70435416227701,
      -2.358562341201317
    ],
    "rotation": [
      -0.013795560353057158,
      0.023216708020262558,
      -1.6300014542134171
    ]
  },
  {
    "label_id": "9xsS4Jlja06c-Chp4xHjOw",
    "size": [
      2.1631080168650634,
      4.811203120850331,
      1.5700000000000038
    ],
    "obj_class": "vehicle",
    "point_num_in_lidar": 55,
    "speed": 10.804755115616588,
    "if_vehicle": true,
    "motion_state": true,
    "pose": [
      [
        -0.05405917348837084,
        0.9984607697461785,
        0.012397461015190826,
        -28.235292219150324
      ],
      [
        -0.998266210982246,
        -0.053750790742031165,
        -0.023988007540354937,
        -86.4336558595678
      ],
      [
        -0.023284711140659914,
        -0.013672738294699052,
        0.9996353727507948,
        -2.114206844277888
      ],
      [
        0.0,
        0.0,
        0.0,
        1.0
      ]
    ],
    "location": [
      -28.235292219150324,
      -86.4336558595678,
      -2.114206844277888
    ],
    "rotation": [
      -0.013676872718104397,
      0.023286815729649468,
      -1.6248965476178272
    ]
  },
  {
    "label_id": "AnTYG2pOXewVFM5n9mAmow",
    "size": [
      2.506519994713851,
      6.6471053257860095,
      2.1860206166670793
    ],
    "obj_class": "vehicle",
    "point_num_in_lidar": 95,
    "speed": 11.036453478377561,
    "if_vehicle": true,
    "motion_state": true,
    "pose": [
      [
        -0.036909637032892316,
        0.9992417033203113,
        0.012397461015190826,
        -26.547742682849275
      ],
      [
        -0.9990418789172774,
        -0.03660463992009442,
        -0.023988007540354937,
        -44.06294674283345
      ],
      [
        -0.02351601291750027,
        -0.013270971397876726,
        0.9996353727507948,
        -0.7314310000737265
      ],
      [
        0.0,
        0.0,
        0.0,
        1.0
      ]
    ],
    "location": [
      -26.547742682849275,
      -44.06294674283345,
      -0.7314310000737265
    ],
    "rotation": [
      -0.013275032261682525,
      0.02351818086078615,
      -1.6077245661994863
    ]
  },
  {
    "label_id": "CYgZTdc8n8BmocfFiCVd-g",
    "size": [
      1.9504333018535616,
      4.516909538653063,
      1.9300000000000033
    ],
    "obj_class": "vehicle",
    "point_num_in_lidar": 548,
    "speed": 8.644125458514253e-13,
    "if_vehicle": true,
    "motion_state": false,
    "pose": [
      [
        -0.054432171807138455,
        0.9984405048037339,
        0.012397461015190826,
        -33.20892621008625
      ],
      [
        -0.9982460612581137,
        -0.05412371639961652,
        -0.023988007540354937,
        -112.22676555687758
      ],
      [
        -0.02327960169376627,
        -0.013681435975762792,
        0.9996353727507948,
        -2.529982681766011
      ],
      [
        0.0,
        0.0,
        0.0,
        1.0
      ]
    ],
    "location": [
      -33.20892621008625,
      -112.22676555687758,
      -2.529982681766011
    ],
    "rotation": [
      -0.01368557194324839,
      0.023281704897382235,
      -1.6252701910590486
    ]
  },
  {
    "label_id": "FL2Tm4fqTy120UmiubvY7g",
    "size": [
      2.1181949631232113,
      4.893027604492828,
      1.4700000000000024
    ],
    "obj_class": "vehicle",
    "point_num_in_lidar": 50,
    "speed": 1.7346558842822479e-12,
    "if_vehicle": true,
    "motion_state": false,
    "pose": [
      [
        0.9376907168462757,
        0.34724979841706816,
        0.012397461015190826,
        -44.13649651520609
      ],
      [
        -0.3468976386119902,
        0.9375961837697874,
        -0.023988007540354937,
        -110.02119866649082
      ],
      [
        -0.019953642919092997,
        0.01819268203527538,
        0.9996353727507948,
        -3.179160031154293
      ],
      [
        0.0,
        0.0,
        0.0,
        1.0
      ]
    ],
    "location": [
      -44.13649651520609,
      -110.02119866649082,
      -3.179160031154293
    ],
    "rotation": [
      0.01819730910497707,
      0.019954967239771013,
      -0.3543349616234571
    ]
  },
  {
    "label_id": "Irrp7c9HrOs1nyK9NCdnZg",
    "size": [
      2.0041518735689534,
      4.917299256640257,
      2.0500000000000043
    ],
    "obj_class": "vehicle",
    "point_num_in_lidar": 4750,
    "speed": 16.06700472621439,
    "if_vehicle": true,
    "motion_state": true,
    "pose": [
      [
        0.04197817446431087,
        -0.9990416086575278,
        0.012397461015190826,
        -5.3418680075583325
      ],
      [
        0.9988433340330143,
        0.04167216759488315,
        -0.023988007540354937,
        -95.6345330914719
      ],
      [
        0.02344838856842904,
        0.013390094059537748,
        0.9996353727507948,
        -2.0252718326004953
      ],
      [
        0.0,
        0.0,
        0.0,
        1.0
      ]
    ],
    "location": [
      -5.3418680075583325,
      -95.6345330914719,
      -2.0252718326004953
    ],
    "rotation": [
      0.013394177186543222,
      -0.023450537859489817,
      1.5287942584691425
    ]
  },
  {
    "label_id": "KBYyTquOIk4W6w_VAnBJvQ",
    "size": [
      2.202360006580709,
      4.8445259893152794,
      1.8200000000000038
    ],
    "obj_class": "vehicle",
    "point_num_in_lidar": 717,
    "speed": 11.33640553711947,
    "if_vehicle": true,
    "motion_state": true,
    "pose": [
      [
        -0.06085288764824509,
        0.998069751583148,
        0.012397461015190826,
        -26.51643644658361
      ],
      [
        -0.9978772960053044,
        -0.06054318798499094,
        -0.023988007540354937,
        -114.8361322216897
      ],
      [
        -0.023191122913997442,
        -0.013830884402928274,
        0.9996353727507948,
        -2.5197499590195562
      ],
      [
        0.0,
        0.0,
        0.0,
        1.0
      ]
    ],
    "location": [
      -26.51643644658361,
      -114.8361322216897,
      -2.5197499590195562
    ],
    "rotation": [
      -0.01383504657696752,
      0.023193202223856187,
      -1.631703235496254
    ]
  },
  {
    "label_id": "KE-n4BCpMYY4onuCOe_Cxg",
    "size": [
      2.0080467969619344,
      4.605128188340819,
      1.610000000000003
    ],
    "obj_class": "vehicle",
    "point_num_in_lidar": 556,
    "speed": 16.061923920625517,
    "if_vehicle": true,
    "motion_state": true,
    "pose": [
      [
        0.04064838678751628,
        -0.9990965977381513,
        0.012397461015190826,
        -4.836458517982464
      ],
      [
        0.9988979159861318,
        0.04034264409786154,
        -0.023988007540354937,
        -80.87225206900621
      ],
      [
        0.023466190362632783,
        0.013358871780355636,
        0.9996353727507948,
        -1.9713322939067162
      ],
      [
        0.0,
        0.0,
        0.0,
        1.0
      ]
    ],
    "location": [
      -4.836458517982464,
      -80.87225206900621,
      -1.9713322939067162
    ],
    "rotation": [
      0.013362949108771508,
      -0.023468344553384955,
      1.530125532195613
    ]
  },
  {
    "label_id": "Tb9LAGkHFTyU8qDac4H8Jw",
    "size": [
      0.8205386739829357,
      0.0943220424488163,
      0.8335460332244757
    ],
    "obj_class": "sign",
    "point_num_in_lidar": 27,
    "speed": 0.01744529600200753,
    "if_vehicle": false,
    "motion_state": false,
    "pose": [
      [
        0.07411571921511971,
        0.9971725844233797,
        0.012397461015190826,
        6.105931676653199
      ],
      [
        -0.9969401735777815,
        0.07439667869567015,
        -0.023988007540354937,
        -52.350431470711555
      ],
      [
        -0.024842513397972506,
        -0.010581638505017001,
        0.9996353727507948,
        0.7561634229540708
      ],
      [
        0.0,
        0.0,
        0.0,
        1.0
      ]
    ],
    "location": [
      6.105931676653199,
      -52.350431470711555,
      0.7561634229540708
    ],
    "rotation": [
      -0.010585102914564368,
      0.024845069369352584,
      -1.496589640639829
    ]
  },
  {
    "label_id": "Tp_mTbnf0rXpgHOrql5mPA",
    "size": [
      0.4567756050563024,
      0.08929268673868548,
      1.2900000000000027
    ],
    "obj_class": "sign",
    "point_num_in_lidar": 198,
    "speed": 0.027951711370989927,
    "if_vehicle": false,
    "motion_state": false,
    "pose": [
      [
        0.9993595197882593,
        0.033568633707029796,
        0.012397461015190826,
        -14.218661862519184
      ],
      [
        -0.03326430637822231,
        0.9991586767953424,
        -0.023988007540354937,
        -99.39103907289427
      ],
      [
        -0.013192275382043555,
        0.02356025075468488,
        0.9996353727507948,
        -2.2499307627519194
      ],
      [
        0.0,
        0.0,
        0.0,
        1.0
      ]
    ],
    "location": [
      -14.218661862519184,
      -99.39103907289427,
      -2.2499307627519194
    ],
    "rotation": [
      0.023564481962355242,
      0.013192658067439827,
      -0.03327334058196857
    ]
  },
  {
    "label_id": "UKN8Zb93ZEAai1XgQqdhAg",
    "size": [
      2.1763987355639434,
      4.9145531528697965,
      1.6377201400438501
    ],
    "obj_class": "vehicle",
    "point_num_in_lidar": 129,
    "speed": 11.385505671155379,
    "if_vehicle": true,
    "motion_state": true,
    "pose": [
      [
        -0.03542963658159168,
        0.9992952735863776,
        0.012397461015190826,
        -19.77426229395678
      ],
      [
        -0.999094997676452,
        -0.035124935759855994,
        -0.023988007540354937,
        -56.34853486933389
      ],
      [
        -0.023535642536087177,
        -0.013236127673637242,
        0.9996353727507948,
        -1.4321320806709892
      ],
      [
        0.0,
        0.0,
        0.0,
        1.0
      ]
    ],
    "location": [
      -19.77426229395678,
      -56.34853486933389,
      -1.4321320806709892
    ],
    "rotation": [
      -0.013240181953993384,
      0.023537815913778497,
      -1.6062432027498785
    ]
  },
  {
    "label_id": "V3RVJ7DlziS_ffNdkw1atQ",
    "size": [
      2.0127843484287586,
      4.224902453012272,
      1.6302669350628847
    ],
    "obj_class": "vehicle",
    "point_num_in_lidar": 439,
    "speed": 11.440924738272049,
    "if_vehicle": true,
    "motion_state": true,
    "pose": [
      [
        -0.07496422025921404,
        0.9971091558306467,
        0.012397461015190826,
        -25.074196781160936
      ],
      [
        -0.9969211001223981,
        -0.07465182934792176,
        -0.023988007540354937,
        -91.7707270252995
      ],
      [
        -0.02299316880456896,
        -0.014157532754823437,
        0.9996353727507948,
        -2.2152493720675146
      ],
      [
        0.0,
        0.0,
        0.0,
        1.0
      ]
    ],
    "location": [
      -25.074196781160936,
      -91.7707270252995,
      -2.2152493720675146
    ],
    "rotation": [
      -0.014161750046695908,
      0.022995195313748724,
      -1.6458508171957762
    ]
  },
  {
    "label_id": "WhPgWq3c5JWYJlXPM99MEg",
    "size": [
      1.770625134860243,
      3.2738170599658973,
      1.354965001718206
    ],
    "obj_class": "vehicle",
    "point_num_in_lidar": 22,
    "speed": 13.522133335742598,
    "if_vehicle": true,
    "motion_state": true,
    "pose": [
      [
        0.040066361374792726,
        -0.9991201077180667,
        0.012397461015190826,
        3.914848262255873
      ],
      [
        0.998921247890949,
        0.03976073447803524,
        -0.023988007540354937,
        -35.48094647344078
      ],
      [
        0.023473968522034427,
        0.013345199406746926,
        0.9996353727507948,
        -0.7882511578276237
      ],
      [
        0.0,
        0.0,
        0.0,
        1.0
      ]
    ],
    "location": [
      3.914848262255873,
      -35.48094647344078,
      -0.7882511578276237
    ],
    "rotation": [
      0.013349274187725335,
      -0.023476124855950735,
      1.530708185556157
    ]
  },
  {
    "label_id": "ZOfQ22J7gJFgUY_ZP2qzDg",
    "size": [
      1.9223080275517896,
      4.183597472936482,
      1.7500000000000036
    ],
    "obj_class": "vehicle",
    "point_num_in_lidar": 25,
    "speed": 15.288162370687036,
    "if_vehicle": true,
    "motion_state": true,
    "pose": [
      [
        0.04973201437630937,
        -0.9986856510967059,
        0.012397461015190826,
        0.8136284284073554
      ],
      [
        0.9984897578378666,
        0.04942447761102073,
        -0.023988007540354937,
        -31.48626404687093
      ],
      [
        0.02334374089457326,
        0.013571709782718232,
        0.9996353727507948,
        -0.3914032501572109
      ],
      [
        0.0,
        0.0,
        0.0,
        1.0
      ]
    ],
    "location": [
      0.8136284284073554,
      -31.48626404687093,
      -0.3914032501572109
    ],
    "rotation": [
      0.013575826119416533,
      -0.023345861533018392,
      1.5210302168463055
    ]
  },
  {
    "label_id": "ZZKaBiFcttHA3AVab7-MMQ",
    "size": [
      2.499999999999911,
      5.0,
      2.0
    ],
    "obj_class": "vehicle",
    "point_num_in_lidar": 29,
    "speed": 3.1776437161565096e-13,
    "if_vehicle": true,
    "motion_state": false,
    "pose": [
      [
        0.2727217846116751,
        -0.9620130618440687,
        0.012397461015190826,
        -55.18728664889477
      ],
      [
        0.961891230339599,
        0.2723781130891692,
        -0.023988007540354937,
        -86.44696797982397
      ],
      [
        0.019699979543021245,
        0.018467061254673036,
        0.9996353727507948,
        -3.5520666959504723
      ],
      [
        0.0,
        0.0,
        0.0,
        1.0
      ]
    ],
    "location": [
      -55.18728664889477,
      -86.44696797982397,
      -3.5520666959504723
    ],
    "rotation": [
      0.018471696148310946,
      -0.019701253990467234,
      1.2945203786651278
    ]
  },
  {
    "label_id": "bCbo2xKSICAefdmS0oegsw",
    "size": [
      2.205253939970304,
      5.342787782384308,
      2.5352075881934155
    ],
    "obj_class": "vehicle",
    "point_num_in_lidar": 35,
    "speed": 1.7053025658242404e-12,
    "if_vehicle": true,
    "motion_state": false,
    "pose": [
      [
        -0.9361861384070722,
        0.35128594793249424,
        0.012397461015190826,
        -55.957480079391644
      ],
      [
        -0.3514902952806908,
        -0.9358841529899609,
        -0.023988007540354937,
        -126.6322603433091
      ],
      [
        0.0031759373336025256,
        -0.026814827380244897,
        0.9996353727507948,
        -3.2552625066937324
      ],
      [
        0.0,
        0.0,
        0.0,
        1.0
      ]
    ],
    "location": [
      -55.957480079391644,
      -126.6322603433091,
      -3.2552625066937324
    ],
    "rotation": [
      -0.02681817717147224,
      -0.003175942672683338,
      -2.7824282611045565
    ]
  },
  {
    "label_id": "c6pqigyvYSVSXKIiUs4Mrg",
    "size": [
      0.795064037778454,
      0.9425249904647439,
      1.1799999999999997
    ],
    "obj_class": "sign",
    "point_num_in_lidar": 42,
    "speed": 0.012557391471637713,
    "if_vehicle": false,
    "motion_state": false,
    "pose": [
      [
        0.08571998259114334,
        -0.9962421329902439,
        0.012397461015190826,
        -32.340160825797284
      ],
      [
        0.9960574593434541,
        0.08540558049979495,
        -0.023988007540354937,
        -72.91562092491222
      ],
      [
        0.022839051443463307,
        0.014404835109855936,
        0.9996353727507948,
        -1.9404086240737257
      ],
      [
        0.0,
        0.0,
        0.0,
        1.0
      ]
    ],
    "location": [
      -32.340160825797284,
      -72.91562092491222,
      -1.9404086240737257
    ],
    "rotation": [
      0.014409092123764521,
      -0.022841037469324813,
      1.4849485702441776
    ]
  },
  {
    "label_id": "cNWmXBjxsIsirTIu5AYIng",
    "size": [
      2.1235353728573685,
      4.783454623322626,
      1.6122134841909066
    ],
    "obj_class": "vehicle",
    "point_num_in_lidar": 633,
    "speed": 12.79022099842916,
    "if_vehicle": true,
    "motion_state": true,
    "pose": [
      [
        -0.060319501669271344,
        0.9981021293829343,
        0.012397461015190826,
        -21.465830073352663
      ],
      [
        -0.9979095083263374,
        -0.06000990490020161,
        -0.023988007540354937,
        -90.73776757086671
      ],
      [
        -0.02319851094915659,
        -0.013818488887036948,
        0.9996353727507948,
        -2.274752161271614
      ],
      [
        0.0,
        0.0,
        0.0,
        1.0
      ]
    ],
    "location": [
      -21.465830073352663,
      -90.73776757086671,
      -2.274752161271614
    ],
    "rotation": [
      -0.01382264891088001,
      0.02320059224719735,
      -1.6311687339380432
    ]
  },
  {
    "label_id": "dkBBjdWd3pD0qSre4uBr4A",
    "size": [
      0.7950640377799688,
      0.9425249904647439,
      1.0800000000000018
    ],
    "obj_class": "sign",
    "point_num_in_lidar": 34,
    "speed": 0.04340115606741019,
    "if_vehicle": false,
    "motion_state": false,
    "pose": [
      [
        0.037414537179780716,
        -0.999222925761814,
        0.012397461015190826,
        -34.81862527395606
      ],
      [
        0.9990232554956756,
        0.0371094391370418,
        -0.023988007540354937,
        -77.24276024018945
      ],
      [
        0.023509304252672846,
        0.013282852063264135,
        0.9996353727507948,
        -1.901640944575746
      ],
      [
        0.0,
        0.0,
        0.0,
        1.0
      ]
    ],
    "location": [
      -34.81862527395606,
      -77.24276024018945,
      -1.901640944575746
    ],
    "rotation": [
      0.013286915164460747,
      -0.023511470340763167,
      1.5333627041950249
    ]
  },
  {
    "label_id": "gv2WLpRPACVMXeXHt4YmCg",
    "size": [
      2.296049917706439,
      4.854302326621074,
      1.8492944185417457
    ],
    "obj_class": "vehicle",
    "point_num_in_lidar": 33,
    "speed": 7.652779469160725e-13,
    "if_vehicle": true,
    "motion_state": false,
    "pose": [
      [
        0.9172918416544665,
        0.3980225875431367,
        0.012397461015190826,
        -44.254088725616384
      ],
      [
        -0.39766578393868357,
        0.9172167136389721,
        -0.023988007540354937,
        -112.64261776774038
      ],
      [
        -0.02091892728103695,
        0.017073957560858284,
        0.9996353727507948,
        -3.143364539310337
      ],
      [
        0.0,
        0.0,
        0.0,
        1.0
      ]
    ],
    "location": [
      -44.254088725616384,
      -112.64261776774038,
      -3.143364539310337
    ],
    "rotation": [
      0.017078524802828596,
      0.020920453273946527,
      -0.4090662819481572
    ]
  },
  {
    "label_id": "i8tHWAaERgcY8DzinKS83g",
    "size": [
      2.0677121105987766,
      4.8584170357722805,
      1.4300000000000033
    ],
    "obj_class": "vehicle",
    "point_num_in_lidar": 87,
    "speed": 0.7110767429061506,
    "if_vehicle": true,
    "motion_state": false,
    "pose": [
      [
        0.6817783616150944,
        0.7314537364685577,
        0.012397461015190826,
        -47.53179501106388
      ],
      [
        -0.7310966415624904,
        0.6818520926053473,
        -0.023988007540354937,
        -94.60562371204105
      ],
      [
        -0.02599935248202964,
        0.007290762367165802,
        0.9996353727507948,
        -3.1340132054121526
      ],
      [
        0.0,
        0.0,
        0.0,
        1.0
      ]
    ],
    "location": [
      -47.53179501106388,
      -94.60562371204105,
      -3.1340132054121526
    ],
    "rotation": [
      0.007293292429508159,
      0.02600228248785826,
      -0.8202903257036352
    ]
  },
  {
    "label_id": "svFvjQ3iu0wyl3RaQE-qnQ",
    "size": [
      2.500000000000137,
      5.0,
      1.8000000000000007
    ],
    "obj_class": "vehicle",
    "point_num_in_lidar": 39,
    "speed": 7.652779469160725e-13,
    "if_vehicle": true,
    "motion_state": false,
    "pose": [
      [
        0.28462899107154654,
        -0.958557583247856,
        0.012397461015190826,
        -52.02618549989893
      ],
      [
        0.9584400223533438,
        0.2842838353574922,
        -0.023988007540354937,
        -85.78066433336426
      ],
      [
        0.01946948876872054,
        0.018709905196552083,
        0.9996353727507948,
        -3.1361197885910066
      ],
      [
        0.0,
        0.0,
        0.0,
        1.0
      ]
    ],
    "location": [
      -52.02618549989893,
      -85.78066433336426,
      -3.1361197885910066
    ],
    "rotation": [
      0.01871454469571432,
      -0.01947071899920571,
      1.2821206477387237
    ]
  }
]