[
  {
    "label_id": "0ec9undU7bwuGtzD3r5HNw",
    "size": [
      2.143628121553034,
      4.437354281848378,
      2.0100000000000016
    ],
    "obj_class": "vehicle",
    "point_num_in_lidar": 29,
    "speed": 10.055186638752277,
    "if_vehicle": true,
    "motion_state": true,
    "pose": [
      [
        -0.038434719492863374,
        0.9992031665920889,
        0.010761236446022247,
        -25.084827679130285
      ],
      [
        -0.9986671820746045,
        -0.03803840120751357,
        -0.03488465967650013,
        -21.404664337696886
      ],
      [
        -0.034447522184823574,
        -0.012087675786457855,
        0.9993334059809107,
        0.05471420890261669
      ],
      [
        0.0,
        0.0,
        0.0,
        1.0
      ]
    ],
    "location": [
      -25.084827679130285,
      -21.404664337696886,
      0.05471420890261669
    ],
    "rotation": [
      -0.012095148888671263,
      0.03445433857942026,
      -1.6092633565207812
    ]
  },
  {
    "label_id": "3asbK-XesnwUDTdGRbvBxw",
    "size": [
      1.9388350721207024,
      4.600893695312132,
      1.5051151018444564
    ],
    "obj_class": "vehicle",
    "point_num_in_lidar": 244,
    "speed": 10.364085799945194,
    "if_vehicle": true,
    "motion_state": true,
    "pose": [
      [
        -0.046743432201463875,
        0.9988489612229569,
        0.010761236446022247,
        -21.521429194387565
      ],
      [
        -0.998316291289982,
        -0.046342670016633156,
        -0.03488465967650013,
        -23.230439674905938
      ],
      [
        -0.03434580165089955,
        -0.012373746382947142,
        0.9993334059809107,
        -0.19228559208583107
      ],
      [
        0.0,
        0.0,
        0.0,
        1.0
      ]
    ],
    "location": [
      -21.521429194387565,
      -23.230439674905938,
      -0.19228559208583107
    ],
    "rotation": [
      -0.012381367430701413,
      0.03435255781767839,
      -1.6175844224556128
    ]
  },
  {
    "label_id": "3xp7fav1XDT13tIERFz4Yw",
    "size": [
      1.7950243845327187,
      3.727424411905237,
      1.6243614469938272
    ],
    "obj_class": "vehicle",
    "point_num_in_lidar": 123,
    "speed": 15.509548901446074,
    "if_vehicle": true,
    "motion_state": true,
    "pose": [
      [
        0.0345129820504886,
        -0.9993463112755935,
        0.010761236446022247,
        2.6126952642753167
      ],
      [
        0.9988087755074765,
        0.03411877032529445,
        -0.03488465967650013,
        8.511279820619166
      ],
      [
        0.034494695813096825,
        0.011952391030850364,
        0.9993334059809107,
        0.9305576185156426
      ],
      [
        0.0,
        0.0,
        0.0,
        1.0
      ]
    ],
    "location": [
      2.6126952642753167,
      8.511279820619166,
      0.9305576185156426
    ],
    "rotation": [
      0.011959793475519133,
      -0.03450154025990571,
      1.5362559255790968
    ]
  },
  {
    "label_id": "BhZkAKeoHSnnmYxsQdPvGg",
    "size": [
      0.9971823814202073,
      0.1276709161520867,
      1.0276435530595265
    ],
    "obj_class": "sign",
    "point_num_in_lidar": 23,
    "speed": 0.014294494521908728,
    "if_vehicle": false,
    "motion_state": false,
    "pose": [
      [
        -0.2313082936837799,
        -0.9728209851063303,
        0.010761236446022247,
        -32.66096871653281
      ],
      [
        0.9721982594947538,
        -0.23154611798651695,
        -0.03488465967650013,
        18.677300996600025
      ],
      [
        0.03642825151540341,
        0.002392944237323735,
        0.9993334059809107,
        2.7405160074273027
      ],
      [
        0.0,
        0.0,
        0.0,
        1.0
      ]
    ],
    "location": [
      -32.66096871653281,
      18.677300996600025,
      2.7405160074273027
    ],
    "rotation": [
      0.002394535847040029,
      -0.036436313151662104,
      1.8043764715449326
    ]
  },
  {
    "label_id": "Irrp7c9HrOs1nyK9NCdnZg",
    "size": [
      2.0041518735689277,
      4.917299256640257,
      2.0500000000000007
    ],
    "obj_class": "vehicle",
    "point_num_in_lidar": 1145,
    "speed": 16.00017594963098,
    "if_vehicle": true,
    "motion_state": true,
    "pose": [
      [
        0.05480653814856142,
        -0.9984390012245731,
        0.010761236446022247,
        -2.0702929755025252
      ],
      [
        0.9979095843767808,
        0.05440148829044606,
        -0.03488465967650013,
        -17.63800303646167
      ],
      [
        0.034244777486954925,
        0.012650648420590015,
        0.9993334059809107,
        0.2961873667816235
      ],
      [
        0.0,
        0.0,
        0.0,
        1.0
      ]
    ],
    "location": [
      -2.0702929755025252,
      -17.63800303646167,
      0.2961873667816235
    ],
    "rotation": [
      0.012658410740517632,
      -0.03425147419059335,
      1.5159301012278468
    ]
  },
  {
    "label_id": "KE-n4BCpMYY4onuCOe_Cxg",
    "size": [
      2.008046796959623,
      4.605128188340819,
      1.6100000000000065
    ],
    "obj_class": "vehicle",
    "point_num_in_lidar": 317,
    "speed": 15.10926974840797,
    "if_vehicle": true,
    "motion_state": true,
    "pose": [
      [
        0.04351791055334094,
        -0.9989946882998048,
        0.010761236446022247,
        -1.3347239241411444
      ],
      [
        0.998460727084798,
        0.04311887044614087,
        -0.03488465967650013,
        -4.793528021991733
      ],
      [
        0.03438557735981369,
        0.012262779465712475,
        0.9993334059809107,
        0.5500800985271859
      ],
      [
        0.0,
        0.0,
        0.0,
        1.0
      ]
    ],
    "location": [
      -1.3347239241411444,
      -4.793528021991733,
      0.5500800985271859
    ],
    "rotation": [
      0.012270343363586695,
      -0.034392357034988136,
      1.5272388943979738
    ]
  },
  {
    "label_id": "P8RZnw2y2LdjAlYaVdCWug",
    "size": [
      2.172502278757772,
      4.389178354671179,
      1.7000000000000028
    ],
    "obj_class": "vehicle",
    "point_num_in_lidar": 49,
    "speed": 7.105427357601002e-13,
    "if_vehicle": true,
    "motion_state": false,
    "pose": [
      [
        -0.9985231794818958,
        0.05325087630751585,
        0.010761236446022247,
        12.820625615237986
      ],
      [
        -0.05359643395417936,
        -0.9979531465888818,
        -0.03488465967650013,
        19.31439270849114
      ],
      [
        0.008881571075031763,
        -0.035409905193767334,
        0.9993334059809107,
        1.4504739310872097
      ],
      [
        0.0,
        0.0,
        0.0,
        1.0
      ]
    ],
    "location": [
      12.820625615237986,
      19.31439270849114,
      1.4504739310872097
    ],
    "rotation": [
      -0.035418706790878704,
      -0.008881687845642871,
      -3.0879684093488033
    ]
  },
  {
    "label_id": "RlOZ9UW7x-3KSaYjl4ndMA",
    "size": [
      2.0114113124980264,
      4.382567611808012,
      1.5699999999999967
    ],
    "obj_class": "vehicle",
    "point_num_in_lidar": 243,
    "speed": 0.04641682932446953,
    "if_vehicle": true,
    "motion_state": false,
    "pose": [
      [
        -0.08580963162728832,
        0.9962534330732025,
        0.010761236446022247,
        -29.75407148346676
      ],
      [
        -0.9957368601269561,
        -0.0853883241653415,
        -0.03488465967650013,
        -47.165455408936396
      ],
      [
        -0.033835078018230734,
        -0.013708799586129753,
        0.9993334059809107,
        -1.0237886180853835
      ],
      [
        0.0,
        0.0,
        0.0,
        1.0
      ]
    ],
    "location": [
      -29.75407148346676,
      -47.165455408936396,
      -1.0237886180853835
    ],
    "rotation": [
      -0.013717083492654557,
      0.033841537149707834,
      -1.6567609580840563
    ]
  },
  {
    "label_id": "SO4vsv-jRIt_VEpSG6WCUg",
    "size": [
      1.9647134988772208,
      4.0842048187966125,
      1.5700000000000003
    ],
    "obj_class": "vehicle",
    "point_num_in_lidar": 93,
    "speed": 0.01214975903602602,
    "if_vehicle": true,
    "motion_state": false,
    "pose": [
      [
        -0.028463775747662148,
        0.9995368973981599,
        0.010761236446022247,
        -28.3601261659187
      ],
      [
        -0.9989969854974079,
        -0.02807282469482805,
        -0.03488465967650013,
        -9.75570531464109
      ],
      [
        -0.03456640619559086,
        -0.011743391899866477,
        0.9993334059809107,
        0.28411444280750686
      ],
      [
        0.0,
        0.0,
        0.0,
        1.0
      ]
    ],
    "location": [
      -28.3601261659187,
      -9.75570531464109,
      0.28411444280750686
    ],
    "rotation": [
      -0.011750684327149218,
      0.03457329343294353,
      -1.599280974373987
    ]
  },
  {
    "label_id": "TqbpmqdX5hgrGjVBAoZQkg",
    "size": [
      2.0033202372862475,
      5.335478067904516,
      1.6896244026373708
    ],
    "obj_class": "vehicle",
    "point_num_in_lidar": 84,
    "speed": 12.295043704644394,
    "if_vehicle": true,
    "motion_state": true,
    "pose": [
      [
        -0.041349170498510515,
        0.9990868039811345,
        0.010761236446022247,
        -17.012660103992857
      ],
      [
        -0.998551977780072,
        -0.04095129046515542,
        -0.03488465967650013,
        -3.6162750969288027
      ],
      [
        -0.03441211662469879,
        -0.012188105677280627,
        0.9993334059809107,
        0.4617944508168925
      ],
      [
        0.0,
        0.0,
        0.0,
        1.0
      ]
    ],
    "location": [
      -17.012660103992857,
      -3.6162750969288027,
      0.4617944508168925
    ],
    "rotation": [
      -0.01219563094641361,
      0.03441891201552204,
      -1.6121818146542266
    ]
  },
  {
    "label_id": "VJN1WZ3oeEQ6N375oERJvQ",
    "size": [
      1.9982112685186364,
      4.518824469475637,
      1.7900000000000027
    ],
    "obj_class": "vehicle",
    "point_num_in_lidar": 376,
    "speed": 1.4210854715202004e-13,
    "if_vehicle": true,
    "motion_state": false,
    "pose": [
      [
        -0.004532765515490012,
        0.9999318225893875,
        0.010761236446022247,
        -29.269169853990206
      ],
      [
        -0.9993827083513903,
        -0.004154848672898356,
        -0.03488465967650013,
        -33.245188163688
      ],
      [
        -0.03483757002176679,
        -0.010912717607036649,
        0.9993334059809107,
        -0.4874610847092882
      ],
      [
        0.0,
        0.0,
        0.0,
        1.0
      ]
    ],
    "location": [
      -29.269169853990206,
      -33.245188163688,
      -0.4874610847092882
    ],
    "rotation": [
      -0.010919562786137083,
      0.034844620679098146,
      -1.5753318609764368
    ]
  },
  {
    "label_id": "WhPgWq3c5JWYJlXPM99MEg",
    "size": [
      1.7706251348582673,
      3.2738170599658973,
      1.354965001718206
    ],
    "obj_class": "vehicle",
    "point_num_in_lidar": 25,
    "speed": 13.879943184619439,
    "if_vehicle": true,
    "motion_state": true,
    "pose": [
      [
        -0.02014902768446171,
        -0.9997390721951022,
        0.010761236446022247,
        6.233036439443822
      ],
      [
        0.999180797464948,
        -0.020513276105126984,
        -0.03488465967650013,
        30.28457225483544
      ],
      [
        0.03509630551327594,
        0.010049528840260549,
        0.9993334059809107,
        1.6760532215218689
      ],
      [
        0.0,
        0.0,
        0.0,
        1.0
      ]
    ],
    "location": [
      6.233036439443822,
      30.28457225483544,
      1.6760532215218689
    ],
    "rotation": [
      0.010055893296870129,
      -0.035103514492757816,
      1.5909591413783675
    ]
  },
  {
    "label_id": "WlBil_NbwrbDGyQ9s3IH9Q",
    "size": [
      2.149611734224991,
      5.043978009510765,
      2.0602136168196274
    ],
    "obj_class": "vehicle",
    "point_num_in_lidar": 1206,
    "speed": 11.018664249573314,
    "if_vehicle": true,
    "motion_state": true,
    "pose": [
      [
        -0.047526728926290666,
        0.9988119972385793,
        0.010761236446022247,
        -18.415571364380412
      ],
      [
        -0.9982796417526174,
        -0.04712554913760231,
        -0.03488465967650013,
        -31.160765573065873
      ],
      [
        -0.03433608742755485,
        -0.012400677028281225,
        0.9993334059809107,
        -0.28751014410265796
      ],
      [
        0.0,
        0.0,
        0.0,
        1.0
      ]
    ],
    "location": [
      -18.415571364380412,
      -31.160765573065873,
      -0.28751014410265796
    ],
    "rotation": [
      -0.01240831189985747,
      0.03434283786126831,
      -1.6183690388409884
    ]
  },
  {
    "label_id": "ZOfQ22J7gJFgUY_ZP2qzDg",
    "size": [
      1.922308027552028,
      4.183597472936482,
      1.750000000000007
    ],
    "obj_class": "vehicle",
    "point_num_in_lidar": 23,
    "speed": 14.558640411743738,
    "if_vehicle": true,
    "motion_state": true,
    "pose": [
      [
        -0.03467574851478371,
        -0.999340676773988,
        0.010761236446022247,
        2.337126590717162
      ],
      [
        0.9987771675087046,
        -0.03503184526318976,
        -0.03488465967650013,
        40.94614098727834
      ],
      [
        0.03523864538016154,
        0.009538425570483405,
        0.9993334059809107,
        2.1082462938865234
      ],
      [
        0.0,
        0.0,
        0.0,
        1.0
      ]
    ],
    "location": [
      2.337126590717162,
      40.94614098727834,
      2.1082462938865234
    ],
    "rotation": [
      0.009544498232090025,
      -0.03524594246100196,
      1.6055005906987132
    ]
  },
  {
    "label_id": "ZnSBgASG2ZsxwNwoluHWUg",
    "size": [
      2.324840932268761,
      5.863561852150793,
      2.4546654756772206
    ],
    "obj_class": "vehicle",
    "point_num_in_lidar": 166,
    "speed": 8.803191897102446,
    "if_vehicle": true,
    "motion_state": true,
    "pose": [
      [
        -0.043611481165289304,
        0.9989906078140687,
        0.010761236446022247,
        -19.763080334356346
      ],
      [
        -0.998456683977482,
        -0.04321239104638096,
        -0.03488465967650013,
        15.708477585822038
      ],
      [
        -0.03438442861616572,
        -0.012266000135832211,
        0.9993334059809107,
        1.5040315834926332
      ],
      [
        0.0,
        0.0,
        0.0,
        1.0
      ]
    ],
    "location": [
      -19.763080334356346,
      15.708477585822038,
      1.5040315834926332
    ],
    "rotation": [
      -0.012273565696683031,
      0.034391207611641245,
      -1.6144474725207119
    ]
  },
  {
    "label_id": "hOtYo2XMEyTjdpxPuhNpRQ",
    "size": [
      1.9483955948664227,
      4.5368446852261215,
      1.5705510446394655
    ],
    "obj_class": "vehicle",
    "point_num_in_lidar": 117,
    "speed": 10.913829042065892,
    "if_vehicle": true,
    "motion_state": true,
    "pose": [
      [
        -0.04900897914597212,
        0.99874036453586,
        0.010761236446022247,
        -20.82081798242234
      ],
      [
        -0.9982086050132783,
        -0.04860700974859296,
        -0.03488465967650013,
        -4.1123132601314865
      ],
      [
        -0.034317646197178434,
        -0.012451620379601847,
        0.9993334059809107,
        0.4840263251829704
      ],
      [
        0.0,
        0.0,
        0.0,
        1.0
      ]
    ],
    "location": [
      -20.82081798242234,
      -4.1123132601314865,
      0.4840263251829704
    ],
    "rotation": [
      -0.01245928135169829,
      0.03432438575631788,
      -1.6198538653694832
    ]
  },
  {
    "label_id": "j-DR1qlemvgXr_EjODOYWg",
    "size": [
      0.4968522802955573,
      0.08136127727754472,
      1.3400000000000034
    ],
    "obj_class": "sign",
    "point_num_in_lidar": 41,
    "speed": 0.046180557265900986,
    "if_vehicle": false,
    "motion_state": false,
    "pose": [
      [
        0.9990225102464337,
        0.0428744657233997,
        0.010761236446022247,
        -10.570717950482504
      ],
      [
        -0.04247576961447484,
        0.9984882921271099,
        -0.03488465967650013,
        -11.586422468830278
      ],
      [
        -0.012240629745737334,
        0.03439346847906157,
        0.9993334059809107,
        0.42509270097309226
      ],
      [
        0.0,
        0.0,
        0.0,
        1.0
      ]
    ],
    "location": [
      -10.570717950482504,
      -11.586422468830278,
      0.42509270097309226
    ],
    "rotation": [
      0.034402831278310175,
      0.012240935441429195,
      -0.04249173776459987
    ]
  },
  {
    "label_id": "jeT9AOAs1MWlqKZdZkEsww",
    "size": [
      1.0665087977282957,
      0.1333632676679024,
      1.1377813311143967
    ],
    "obj_class": "sign",
    "point_num_in_lidar": 36,
    "speed": 0.029864928118827534,
    "if_vehicle": false,
    "motion_state": false,
    "pose": [
      [
        0.02310259628288154,
        0.9996751801636085,
        0.010761236446022247,
        9.030653342441838
      ],
      [
        -0.9991158317244252,
        0.02346519373167147,
        -0.03488465967650013,
        29.857541060702715
      ],
      [
        -0.035125842945049675,
        -0.009945795493178818,
        0.9993334059809107,
        3.58376269762838
      ],
      [
        0.0,
        0.0,
        0.0,
        1.0
      ]
    ],
    "location": [
      9.030653342441838,
      29.857541060702715,
      3.58376269762838
    ],
    "rotation": [
      -0.009952101143936107,
      0.03513307014807251,
      -1.5476774056353577
    ]
  },
  {
    "label_id": "oMXGQsKNn3U3XnnHbaD9Tg",
    "size": [
      2.0485592590681936,
      4.50370485232675,
      1.5803687947707274
    ],
    "obj_class": "vehicle",
    "point_num_in_lidar": 208,
    "speed": 0.007671195692525118,
    "if_vehicle": true,
    "motion_state": false,
    "pose": [
      [
        -0.04749899173352822,
        0.9988133166785729,
        0.010761236446022247,
        -28.01602026263936
      ],
      [
        -0.9982809500519871,
        -0.04709782672859449,
        -0.03488465967650013,
        -3.1423646010971424
      ],
      [
        -0.03433643178316817,
        -0.012399723504670185,
        0.9993334059809107,
        0.4066240671089574
      ],
      [
        0.0,
        0.0,
        0.0,
        1.0
      ]
    ],
    "location": [
      -28.01602026263936,
      -3.1423646010971424,
      0.4066240671089574
    ],
    "rotation": [
      -0.01240735788709882,
      0.03434318242005527,
      -1.6183412544297113
    ]
  },
  {
    "label_id": "vWggwwBHKN4voCvb_IMRuQ",
    "size": [
      2.315827939181323,
      5.867894951015213,
      2.126784143620924
    ],
    "obj_class": "vehicle",
    "point_num_in_lidar": 33,
    "speed": 10.274369963968619,
    "if_vehicle": true,
    "motion_state": true,
    "pose": [
      [
        -0.03267565994787074,
        0.9994080733299706,
        0.010761236446022247,
        -15.67161291348475
      ],
      [
        -0.9988698137255976,
        -0.032282437129883504,
        -0.03488465967650013,
        31.044602580361243
      ],
      [
        -0.034516611577054185,
        -0.011888953521281873,
        0.9993334059809107,
        1.8033553233951665
      ],
      [
        0.0,
        0.0,
        0.0,
        1.0
      ]
    ],
    "location": [
      -15.67161291348475,
      31.044602580361243,
      1.8033553233951665
    ],
    "rotation": [
      -0.011896322682090723,
      0.0345234690824198,
      -1.6034972968233663
    ]
  },
  {
    "label_id": "zhhPV79SMbAVe3KnAsS3ow",
    "size": [
      1.983558672499047,
      4.519977447229803,
      1.6205850078196065
    ],
    "obj_class": "vehicle",
    "point_num_in_lidar": 276,
    "speed": 3.1776437161565096e-13,
    "if_vehicle": true,
    "motion_state": false,
    "pose": [
      [
        -0.022131330331215643,
        0.9996971541461561,
        0.010761236446022247,
        -28.540207690396528
      ],
      [
        -0.9991547764789499,
        -0.021743807361055807,
        -0.03488465967650013,
        -14.639723950831467
      ],
      [
        -0.03464010474970527,
        -0.01152418472265515,
        0.9993334059809107,
        0.08410623563985808
      ],
      [
        0.0,
        0.0,
        0.0,
        1.0
      ]
    ],
    "location": [
      -28.540207690396528,
      -14.639723950831467,
      0.08410623563985808
    ],
    "rotation": [
      -0.011531360655137927,
      0.03464703614952054,
      -1.5929427574820976
    ]
  },
  {
    "label_id": "zwdjX44zD5DT6AEef_FdTg",
    "size": [
      2.039245253779334,
      4.884100863327777,
      1.577570207428927
    ],
    "obj_class": "vehicle",
    "point_num_in_lidar": 38,
    "speed": 0.014817666011901856,
    "if_vehicle": true,
    "motion_state": false,
    "pose": [
      [
        -0.027622604585857233,
        0.9995604971716551,
        0.010761236446022247,
        -29.10453162885824
      ],
      [
        -0.999020256456914,
        -0.027232108034756255,
        -0.03488465967650013,
        -27.73879497028429
      ],
      [
        -0.03457627661642082,
        -0.011714298354454799,
        0.9993334059809107,
        -0.37442465518821066
      ],
      [
        0.0,
        0.0,
        0.0,
        1.0
      ]
    ],
    "location": [
      -29.10453162885824,
      -27.73879497028429,
      -0.37442465518821066
    ],
    "rotation": [
      -0.011721575384959066,
      0.03458316975751925,
      -1.598438978105173
    ]
  }
]