[
  {
    "label_id": "0ec9undU7bwuGtzD3r5HNw",
    "size": [
      2.1436281215519033,
      4.437354281848378,
      2.0100000000000016
    ],
    "obj_class": "vehicle",
    "point_num_in_lidar": 379,
    "speed": 10.194512275136727,
    "if_vehicle": true,
    "motion_state": true,
    "pose": [
      [
        -0.03900696428003957,
        0.9991554432898687,
        0.01291730939018773,
        -25.319099407205613
      ],
      [
        -0.9985941780938185,
        -0.03851422319811659,
        -0.036418705201818176,
        -27.4357093767685
      ],
      [
        -0.035890447402992874,
        -0.01431973308661069,
        0.9992531316085734,
        -0.027625665855897097
      ],
      [
        0.0,
        0.0,
        0.0,
        1.0
      ]
    ],
    "location": [
      -25.319099407205613,
      -27.4357093767685,
      -0.027625665855897097
    ],
    "rotation": [
      -0.014329455184388247,
      0.03589815709852985,
      -1.6098383560214897
    ]
  },
  {
    "label_id": "3asbK-XesnwUDTdGRbvBxw",
    "size": [
      1.938835072121309,
      4.600893695312132,
      1.5051151018444564
    ],
    "obj_class": "vehicle",
    "point_num_in_lidar": 363,
    "speed": 10.42327377646075,
    "if_vehicle": true,
    "motion_state": true,
    "pose": [
      [
        -0.04081752006795262,
        0.9990831162489038,
        0.01291730939018773,
        -21.835114851493927
      ],
      [
        -0.9985227448953193,
        -0.040323762698190935,
        -0.036418705201818176,
        -29.39841901388172
      ],
      [
        -0.03586443896423362,
        -0.014384748459376399,
        0.9992531316085734,
        -0.38516150241114033
      ],
      [
        0.0,
        0.0,
        0.0,
        1.0
      ]
    ],
    "location": [
      -21.835114851493927,
      -29.39841901388172,
      -0.38516150241114033
    ],
    "rotation": [
      -0.014394505731758454,
      0.03587213190467965,
      -1.6116514877217718
    ]
  },
  {
    "label_id": "3xp7fav1XDT13tIERFz4Yw",
    "size": [
      1.7950243845323233,
      3.727424411905237,
      1.6243614469938272
    ],
    "obj_class": "vehicle",
    "point_num_in_lidar": 94,
    "speed": 15.401479578048413,
    "if_vehicle": true,
    "motion_state": true,
    "pose": [
      [
        0.007985810170269439,
        -0.9998846783274773,
        0.01291730939018773,
        2.821021155573362
      ],
      [
        0.9993083943269946,
        0.007510721604947545,
        -0.036418705201818176,
        17.814472974616365
      ],
      [
        0.03631748702110852,
        0.013199208572122232,
        0.9992531316085734,
        1.2728412714795923
      ],
      [
        0.0,
        0.0,
        0.0,
        1.0
      ]
    ],
    "location": [
      2.821021155573362,
      17.814472974616365,
      1.2728412714795923
    ],
    "rotation": [
      0.013208305854253966,
      -0.036325475314612214,
      1.5628051598769248
    ]
  },
  {
    "label_id": "BhZkAKeoHSnnmYxsQdPvGg",
    "size": [
      0.9971823814202055,
      0.1276709161520867,
      1.0276435530595265
    ],
    "obj_class": "sign",
    "point_num_in_lidar": 23,
    "speed": 0.014294494281864209,
    "if_vehicle": false,
    "motion_state": false,
    "pose": [
      [
        -0.23130238847135717,
        -0.9727961493579032,
        0.01291730939018773,
        -32.658984935644185
      ],
      [
        0.9721229921020972,
        -0.23162591853652542,
        -0.036418705201818176,
        18.668957743329884
      ],
      [
        0.03841995983745207,
        0.004133479956083027,
        0.9992531316085734,
        2.74178804899973
      ],
      [
        0.0,
        0.0,
        0.0,
        1.0
      ]
    ],
    "location": [
      -32.658984935644185,
      18.668957743329884,
      2.74178804899973
    ],
    "rotation": [
      0.00413654583538265,
      -0.03842941802896737,
      1.8043881568575046
    ]
  },
  {
    "label_id": "Irrp7c9HrOs1nyK9NCdnZg",
    "size": [
      2.0041518735681207,
      4.917299256640257,
      2.0500000000000043
    ],
    "obj_class": "vehicle",
    "point_num_in_lidar": 1176,
    "speed": 15.434455157725953,
    "if_vehicle": true,
    "motion_state": true,
    "pose": [
      [
        0.05736337688276144,
        -0.9982697962528589,
        0.01291730939018773,
        -1.4907297273084623
      ],
      [
        0.9977176817072012,
        0.05686040379940096,
        -0.036418705201818176,
        -8.09641775070304
      ],
      [
        0.035621209993684094,
        0.014976927890746842,
        0.9992531316085734,
        0.6889804924243208
      ],
      [
        0.0,
        0.0,
        0.0,
        1.0
      ]
    ],
    "location": [
      -1.4907297273084623,
      -8.09641775070304,
      0.6889804924243208
    ],
    "rotation": [
      0.014986999867023785,
      -0.03562874741597513,
      1.513364955517355
    ]
  },
  {
    "label_id": "KE-n4BCpMYY4onuCOe_Cxg",
    "size": [
      2.0080467969602047,
      4.605128188340819,
      1.610000000000003
    ],
    "obj_class": "vehicle",
    "point_num_in_lidar": 270,
    "speed": 14.908412551069043,
    "if_vehicle": true,
    "motion_state": true,
    "pose": [
      [
        0.034665233777928385,
        -0.9993154980711746,
        0.01291730939018773,
        -0.950018885209829
      ],
      [
        0.9987520971975706,
        0.034174936062520395,
        -0.036418705201818176,
        4.17712854022102
      ],
      [
        0.03595232830535275,
        0.01416365277331035,
        0.9992531316085734,
        0.8332915059398118
      ],
      [
        0.0,
        0.0,
        0.0,
        1.0
      ]
    ],
    "location": [
      -0.950018885209829,
      4.17712854022102,
      0.8332915059398118
    ],
    "rotation": [
      0.014173289934534677,
      -0.03596007796346866,
      1.5361017076598962
    ]
  },
  {
    "label_id": "P8RZnw2y2LdjAlYaVdCWug",
    "size": [
      2.1725022787577712,
      4.389178354671179,
      1.7000000000000028
    ],
    "obj_class": "vehicle",
    "point_num_in_lidar": 32,
    "speed": 7.105427357601002e-13,
    "if_vehicle": true,
    "motion_state": false,
    "pose": [
      [
        -0.9984976875662623,
        0.053249516832971765,
        0.01291730939018773,
        12.820625615237077
      ],
      [
        -0.05368842968327639,
        -0.9978933963252623,
        -0.036418705201818176,
        19.31439270849114
      ],
      [
        0.010950819283079382,
        -0.03705750298506508,
        0.9992531316085734,
        1.4504739310871884
      ],
      [
        0.0,
        0.0,
        0.0,
        1.0
      ]
    ],
    "location": [
      12.820625615237077,
      19.31439270849114,
      1.4504739310871884
    ],
    "rotation": [
      -0.03706821352278127,
      -0.010951038166074654,
      -3.087875173937231
    ]
  },
  {
    "label_id": "SO4vsv-jRIt_VEpSG6WCUg",
    "size": [
      1.9647134988772235,
      4.0842048187966125,
      1.5700000000000003
    ],
    "obj_class": "vehicle",
    "point_num_in_lidar": 90,
    "speed": 0.01214975903778867,
    "if_vehicle": true,
    "motion_state": false,
    "pose": [
      [
        -0.0284630490783326,
        0.999511379602695,
        0.01291730939018773,
        -28.355869004286433
      ],
      [
        -0.9989449469054831,
        -0.02797625713751883,
        -0.036418705201818176,
        -9.749788548655488
      ],
      [
        -0.03603953231058835,
        -0.013940268336471457,
        0.9992531316085734,
        0.2841144428075246
      ],
      [
        0.0,
        0.0,
        0.0,
        1.0
      ]
    ],
    "location": [
      -28.355869004286433,
      -9.749788548655488,
      0.2841144428075246
    ],
    "rotation": [
      -0.013949782734342728,
      0.03604733851911249,
      -1.5992817305912126
    ]
  },
  {
    "label_id": "SU8Sxb1EooY9gTTC7120oA",
    "size": [
      2.1028812799100702,
      5.065435957019948,
      1.5401825314904904
    ],
    "obj_class": "vehicle",
    "point_num_in_lidar": 86,
    "speed": 0.007381416592234098,
    "if_vehicle": true,
    "motion_state": false,
    "pose": [
      [
        -0.0561323993353099,
        0.9983397702500785,
        0.01291730939018773,
        -27.525685121889182
      ],
      [
        -0.9977870359244435,
        -0.055630107428768706,
        -0.036418705201818176,
        9.390373851732875
      ],
      [
        -0.035639650474921715,
        -0.01493299315221778,
        0.9992531316085734,
        0.7946473523236826
      ],
      [
        0.0,
        0.0,
        0.0,
        1.0
      ]
    ],
    "location": [
      -27.525685121889182,
      9.390373851732875,
      0.7946473523236826
    ],
    "rotation": [
      -0.01494304213639388,
      0.035647199613719587,
      -1.6269939850701338
    ]
  },
  {
    "label_id": "TqbpmqdX5hgrGjVBAoZQkg",
    "size": [
      2.003320237287392,
      5.335478067904516,
      1.6896244026373708
    ],
    "obj_class": "vehicle",
    "point_num_in_lidar": 230,
    "speed": 12.24913320436657,
    "if_vehicle": true,
    "motion_state": true,
    "pose": [
      [
        -0.0407892107949761,
        0.9990842724219219,
        0.01291730939018773,
        -17.32068887636342
      ],
      [
        -0.9985238870778306,
        -0.040295469303667585,
        -0.036418705201818176,
        -10.992379725594219
      ],
      [
        -0.03586484654508869,
        -0.014383732226234265,
        0.9992531316085734,
        0.2504888322833807
      ],
      [
        0.0,
        0.0,
        0.0,
        1.0
      ]
    ],
    "location": [
      -17.32068887636342,
      -10.992379725594219,
      0.2504888322833807
    ],
    "rotation": [
      -0.014393488949749894,
      0.03587253974791791,
      -1.6116231371812284
    ]
  },
  {
    "label_id": "VJN1WZ3oeEQ6N375oERJvQ",
    "size": [
      1.9982112685186337,
      4.518824469475637,
      1.7900000000000027
    ],
    "obj_class": "vehicle",
    "point_num_in_lidar": 290,
    "speed": 1.4210854715202004e-13,
    "if_vehicle": true,
    "motion_state": false,
    "pose": [
      [
        -0.004532649795715392,
        0.9999062947116333,
        0.01291730939018773,
        -29.269169853991116
      ],
      [
        -0.9993283734241609,
        -0.004059554266674885,
        -0.036418705201818176,
        -33.245188163688
      ],
      [
        -0.0363628540580964,
        -0.013073707018606181,
        0.9992531316085734,
        -0.4874610847092953
      ],
      [
        0.0,
        0.0,
        0.0,
        1.0
      ]
    ],
    "location": [
      -29.269169853991116,
      -33.245188163688,
      -0.4874610847092953
    ],
    "rotation": [
      -0.013082732199915079,
      0.036370872337342715,
      -1.5753319917814348
    ]
  },
  {
    "label_id": "VMicCPxMAMBakoaRu8Q30Q",
    "size": [
      2.0956526812786787,
      4.578825266355873,
      1.6702277585449394
    ],
    "obj_class": "vehicle",
    "point_num_in_lidar": 113,
    "speed": 0.023082038308212018,
    "if_vehicle": true,
    "motion_state": false,
    "pose": [
      [
        -0.04790677550612603,
        0.9987682834265033,
        0.01291730939018773,
        -27.458078296144777
      ],
      [
        -0.9982114302769807,
        -0.04740905373246244,
        -0.036418705201818176,
        14.296660190706461
      ],
      [
        -0.03576145026407755,
        -0.014638908616036854,
        0.9992531316085734,
        1.0433739824295927
      ],
      [
        0.0,
        0.0,
        0.0,
        1.0
      ]
    ],
    "location": [
      -27.458078296144777,
      14.296660190706461,
      1.0433739824295927
    ],
    "rotation": [
      -0.014648802219929256,
      0.03576907709592532,
      -1.6187521442902306
    ]
  },
  {
    "label_id": "WhPgWq3c5JWYJlXPM99MEg",
    "size": [
      1.770625134859658,
      3.2738170599658973,
      1.354965001718206
    ],
    "obj_class": "vehicle",
    "point_num_in_lidar": 24,
    "speed": 14.050437730587504,
    "if_vehicle": true,
    "motion_state": true,
    "pose": [
      [
        -0.04545330364858636,
        -0.9988829462482316,
        0.01291730939018773,
        5.938394612047887
      ],
      [
        0.9982820997132216,
        -0.04589692041503959,
        -0.036418705201818176,
        38.675684310414
      ],
      [
        0.03697088827159583,
        0.011239768274655327,
        0.9992531316085734,
        1.8660508988383384
      ],
      [
        0.0,
        0.0,
        0.0,
        1.0
      ]
    ],
    "location": [
      5.938394612047887,
      38.675684310414,
      1.8660508988383384
    ],
    "rotation": [
      0.011247694834983753,
      -0.0369793157115465,
      1.61629642404222
    ]
  },
  {
    "label_id": "ZOfQ22J7gJFgUY_ZP2qzDg",
    "size": [
      1.922308027552173,
      4.183597472936482,
      1.750000000000007
    ],
    "obj_class": "vehicle",
    "point_num_in_lidar": 33,
    "speed": 14.293131767027685,
    "if_vehicle": true,
    "motion_state": true,
    "pose": [
      [
        -0.04510957306826895,
        -0.9988985281477377,
        0.01291730939018773,
        2.0231563192628528
      ],
      [
        0.9982978343022793,
        -0.04555339656712888,
        -0.036418705201818176,
        49.60908388970529
      ],
      [
        0.03696701834037405,
        0.011252489745883741,
        0.9992531316085734,
        2.3028472873620984
      ],
      [
        0.0,
        0.0,
        0.0,
        1.0
      ]
    ],
    "location": [
      2.0231563192628528,
      49.60908388970529,
      2.3028472873620984
    ],
    "rotation": [
      0.011260424202218667,
      -0.03697544313308663,
      1.6159520981695368
    ]
  },
  {
    "label_id": "ZnSBgASG2ZsxwNwoluHWUg",
    "size": [
      2.324840932268286,
      5.863561852150793,
      2.4546654756772206
    ],
    "obj_class": "vehicle",
    "point_num_in_lidar": 340,
    "speed": 8.920996442759892,
    "if_vehicle": true,
    "motion_state": true,
    "pose": [
      [
        -0.04442128365056802,
        0.9989293732176234,
        0.01291730939018773,
        -19.99595649477851
      ],
      [
        -0.9983707866591383,
        -0.043925508045287165,
        -0.036418705201818176,
        10.375997491986709
      ],
      [
        -0.035812314983107475,
        -0.014514029971357579,
        0.9992531316085734,
        1.3809569807762685
      ],
      [
        0.0,
        0.0,
        0.0,
        1.0
      ]
    ],
    "location": [
      -19.99595649477851,
      10.375997491986709,
      1.3809569807762685
    ],
    "rotation": [
      -0.014523856825068621,
      0.035819974417527156,
      -1.615260773741525
    ]
  },
  {
    "label_id": "fdi97Vgxas9xg0vntt8avQ",
    "size": [
      1.850223960248633,
      4.116561098425823,
      1.5364781616067695
    ],
    "obj_class": "vehicle",
    "point_num_in_lidar": 27,
    "speed": 8.983906855075684,
    "if_vehicle": true,
    "motion_state": true,
    "pose": [
      [
        -0.0263440928962737,
        0.9995694732671616,
        0.01291730939018773,
        -19.94796582372237
      ],
      [
        -0.9990020098788556,
        -0.02585850284587711,
        -0.036418705201818176,
        21.81291882507685
      ],
      [
        -0.036069003694026186,
        -0.01386383579602326,
        0.9992531316085734,
        1.2951711520084714
      ],
      [
        0.0,
        0.0,
        0.0,
        1.0
      ]
    ],
    "location": [
      -19.94796582372237,
      21.81291882507685,
      1.2951711520084714
    ],
    "rotation": [
      -0.01387330786839053,
      0.03607682907632313,
      -1.5971606270010432
    ]
  },
  {
    "label_id": "hOtYo2XMEyTjdpxPuhNpRQ",
    "size": [
      1.948395594865142,
      4.5368446852261215,
      1.5705510446394655
    ],
    "obj_class": "vehicle",
    "point_num_in_lidar": 198,
    "speed": 10.837213447671354,
    "if_vehicle": true,
    "motion_state": true,
    "pose": [
      [
        -0.051021650164949715,
        0.9986140066775369,
        0.01291730939018773,
        -21.155528694365785
      ],
      [
        -0.9980587086055069,
        -0.050522194015411276,
        -0.036418705201818176,
        -10.693715484469067
      ],
      [
        -0.035715618308427545,
        -0.014750375564896154,
        0.9992531316085734,
        0.30380115974741884
      ],
      [
        0.0,
        0.0,
        0.0,
        1.0
      ]
    ],
    "location": [
      -21.155528694365785,
      -10.693715484469067,
      0.30380115974741884
    ],
    "rotation": [
      -0.014760328363905457,
      0.03572321584293499,
      -1.621872755019099
    ]
  },
  {
    "label_id": "j-DR1qlemvgXr_EjODOYWg",
    "size": [
      0.49685228029556044,
      0.08136127727754472,
      1.3400000000000034
    ],
    "obj_class": "sign",
    "point_num_in_lidar": 111,
    "speed": 0.03703944473144356,
    "if_vehicle": false,
    "motion_state": false,
    "pose": [
      [
        0.9989970055830772,
        0.04287337115463815,
        0.01291730939018773,
        -10.543488127981618
      ],
      [
        -0.04237846168453383,
        0.9984376514818918,
        -0.036418705201818176,
        -11.599984851192858
      ],
      [
        -0.014458520716092925,
        0.03583476174276986,
        0.9992531316085734,
        0.4325912497387492
      ],
      [
        0.0,
        0.0,
        0.0,
        1.0
      ]
    ],
    "location": [
      -10.543488127981618,
      -11.599984851192858,
      0.4325912497387492
    ],
    "rotation": [
      0.03584618419690903,
      0.014459024519607056,
      -0.0423955910295194
    ]
  },
  {
    "label_id": "jeT9AOAs1MWlqKZdZkEsww",
    "size": [
      1.066508797728294,
      0.1333632676679024,
      1.1377813311143967
    ],
    "obj_class": "sign",
    "point_num_in_lidar": 44,
    "speed": 0.029864928118769524,
    "if_vehicle": false,
    "motion_state": false,
    "pose": [
      [
        0.02310200648239219,
        0.9996496588378379,
        0.01291730939018773,
        9.0413617017457
      ],
      [
        -0.999058884039576,
        0.02355895016803691,
        -0.036418705201818176,
        29.843175931617225
      ],
      [
        -0.03671026447854188,
        -0.012063807540502154,
        0.9992531316085734,
        3.5837626976283516
      ],
      [
        0.0,
        0.0,
        0.0,
        1.0
      ]
    ],
    "location": [
      9.0413617017457,
      29.843175931617225,
      3.5837626976283516
    ],
    "rotation": [
      -0.012072237852219076,
      0.0367185148745505,
      -1.5476766783362408
    ]
  },
  {
    "label_id": "kIsLx15e7f6KRbDGA5Z-Ug",
    "size": [
      1.9887374888989233,
      4.85835572707015,
      1.9984479307160576
    ],
    "obj_class": "vehicle",
    "point_num_in_lidar": 87,
    "speed": 8.997145315531757,
    "if_vehicle": true,
    "motion_state": true,
    "pose": [
      [
        -0.03867940770554507,
        0.9991681773043347,
        0.01291730939018773,
        -23.88541212074415
      ],
      [
        -0.9986067506024705,
        -0.03818685065042761,
        -0.036418705201818176,
        -0.8691928518674104
      ],
      [
        -0.0358951399317961,
        -0.014307966303271328,
        0.9992531316085734,
        0.7250436439885171
      ],
      [
        0.0,
        0.0,
        0.0,
        1.0
      ]
    ],
    "location": [
      -23.88541212074415,
      -0.8691928518674104,
      0.7250436439885171
    ],
    "rotation": [
      -0.014317682022008683,
      0.035902852652931944,
      -1.609510346940247
    ]
  },
  {
    "label_id": "oMXGQsKNn3U3XnnHbaD9Tg",
    "size": [
      2.048559259068197,
      4.50370485232675,
      1.580368794770731
    ],
    "obj_class": "vehicle",
    "point_num_in_lidar": 28,
    "speed": 0.007671195821114282,
    "if_vehicle": true,
    "motion_state": false,
    "pose": [
      [
        -0.0474977791023999,
        0.9987878173558475,
        0.01291730939018773,
        -28.011431624093348
      ],
      [
        -0.9982307604375545,
        -0.04700028540003384,
        -0.036418705201818176,
        -3.142718492030326
      ],
      [
        -0.035767441851510665,
        -0.014624263190245642,
        0.9992531316085734,
        0.4208878971148948
      ],
      [
        0.0,
        0.0,
        0.0,
        1.0
      ]
    ],
    "location": [
      -28.011431624093348,
      -3.142718492030326,
      0.4208878971148948
    ],
    "rotation": [
      -0.014634148989460345,
      0.03577507251894496,
      -1.6183424292833106
    ]
  },
  {
    "label_id": "vWggwwBHKN4voCvb_IMRuQ",
    "size": [
      2.3158279391817604,
      5.867894951015213,
      2.126784143620924
    ],
    "obj_class": "vehicle",
    "point_num_in_lidar": 132,
    "speed": 10.42811995320108,
    "if_vehicle": true,
    "motion_state": true,
    "pose": [
      [
        -0.03324252111485302,
        0.999363836602089,
        0.01291730939018773,
        -15.875462704835627
      ],
      [
        -0.9987997382860957,
        -0.032753025983104554,
        -0.036418705201818176,
        24.86445398666183
      ],
      [
        -0.035972455984480844,
        -0.014112454814927077,
        0.9992531316085734,
        1.6181221974015472
      ],
      [
        0.0,
        0.0,
        0.0,
        1.0
      ]
    ],
    "location": [
      -15.875462704835627,
      24.86445398666183,
      1.6181221974015472
    ],
    "rotation": [
      -0.014122063964038353,
      0.035980218670735156,
      -1.6040665144951243
    ]
  },
  {
    "label_id": "y_x957F4Sj2Y7oBdebuGsw",
    "size": [
      0.8311544738356472,
      1.0128335897740701,
      1.6394816058476493
    ],
    "obj_class": "pedestrian",
    "point_num_in_lidar": 21,
    "speed": 1.3029863182705257,
    "if_vehicle": false,
    "motion_state": true,
    "pose": [
      [
        -0.8381842646220111,
        0.5452341530555259,
        0.01291730939018773,
        17.56934657088277
      ],
      [
        -0.5453122324334421,
        -0.8374414887440667,
        -0.036418705201818176,
        18.744547108182815
      ],
      [
        -0.009039231079805686,
        -0.03756955245866851,
        0.9992531316085734,
        1.390654350168269
      ],
      [
        0.0,
        0.0,
        0.0,
        1.0
      ]
    ],
    "location": [
      17.56934657088277,
      18.744547108182815,
      1.390654350168269
    ],
    "rotation": [
      -0.037579932173682225,
      0.009039354180126595,
      -2.5648045158141866
    ]
  },
  {
    "label_id": "zhhPV79SMbAVe3KnAsS3ow",
    "size": [
      1.983558672499049,
      4.519977447229803,
      1.6205850078196065
    ],
    "obj_class": "vehicle",
    "point_num_in_lidar": 430,
    "speed": 3.1776437161565096e-13,
    "if_vehicle": true,
    "motion_state": false,
    "pose": [
      [
        -0.02213076532679914,
        0.9996716322593977,
        0.01291730939018773,
        -28.540207690398347
      ],
      [
        -0.9991021271942544,
        -0.021647571395868724,
        -0.036418705201818176,
        -14.639723950831467
      ],
      [
        -0.036127118096608776,
        -0.013711685107690193,
        0.9992531316085734,
        0.08410623563976571
      ],
      [
        0.0,
        0.0,
        0.0,
        1.0
      ]
    ],
    "location": [
      -28.540207690398347,
      -14.639723950831467,
      0.08410623563976571
    ],
    "rotation": [
      -0.01372107244246466,
      0.03613498137952564,
      -1.592943358907265
    ]
  }
]