[
  {
    "label_id": "0Eq8cAM7_neKTPz7FVCtaQ",
    "size": [
      2.0210429669651875,
      4.385455252664733,
      1.604676338982454
    ],
    "obj_class": "vehicle",
    "point_num_in_lidar": 232,
    "speed": 10.235768814715607,
    "if_vehicle": true,
    "motion_state": true,
    "pose": [
      [
        -0.023897669511376337,
        0.9996614661100164,
        0.010288564851207337,
        -27.02278114193814
      ],
      [
        -0.9991623665688744,
        -0.023541242637409653,
        -0.03347200513224475,
        -63.5218913845456
      ],
      [
        -0.03321846812258879,
        -0.011079849721863141,
        0.9993866970826305,
        -1.4104901310475348
      ],
      [
        0.0,
        0.0,
        0.0,
        1.0
      ]
    ],
    "location": [
      -27.02278114193814,
      -63.5218913845456,
      -1.4104901310475348
    ],
    "rotation": [
      -0.011086194995629859,
      0.03322458040333738,
      -1.5947094713795873
    ]
  },
  {
    "label_id": "0ec9undU7bwuGtzD3r5HNw",
    "size": [
      2.143628121553222,
      4.437354281848378,
      2.010000000000005
    ],
    "obj_class": "vehicle",
    "point_num_in_lidar": 24,
    "speed": 9.976656623195295,
    "if_vehicle": true,
    "motion_state": true,
    "pose": [
      [
        -0.037194435218906606,
        0.9992550822598046,
        0.010288564851207337,
        -24.672855363172857
      ],
      [
        -0.9987607685695694,
        -0.03683140017362874,
        -0.03347200513224475,
        -10.386584328764002
      ],
      [
        -0.03306812899257469,
        -0.011520787264807887,
        0.9993866970826305,
        0.4090010466457237
      ],
      [
        0.0,
        0.0,
        0.0,
        1.0
      ]
    ],
    "location": [
      -24.672855363172857,
      -10.386584328764002,
      0.4090010466457237
    ],
    "rotation": [
      -0.011527346722657086,
      0.03307415863295948,
      -1.6080197101882043
    ]
  },
  {
    "label_id": "3xp7fav1XDT13tIERFz4Yw",
    "size": [
      1.7950243845313307,
      3.727424411905237,
      1.6243614469938272
    ],
    "obj_class": "vehicle",
    "point_num_in_lidar": 131,
    "speed": 15.200991605791105,
    "if_vehicle": true,
    "motion_state": true,
    "pose": [
      [
        0.046836992598448125,
        -0.9988495590215952,
        0.010288564851207337,
        1.8842412029634943
      ],
      [
        0.9983587721800518,
        0.04646920360374937,
        -0.03347200513224475,
        -8.462863584298248
      ],
      [
        0.032955396151050115,
        0.011839407028980361,
        0.9993866970826305,
        0.4039049014431768
      ],
      [
        0.0,
        0.0,
        0.0,
        1.0
      ]
    ],
    "location": [
      1.8842412029634943,
      -8.462863584298248,
      0.4039049014431768
    ],
    "rotation": [
      0.011846118472758424,
      -0.03296136431432423,
      1.5239167102889946
    ]
  },
  {
    "label_id": "4grpgyYWcxgYlVUtPA48ww",
    "size": [
      0.5280064887416975,
      0.07280175780694251,
      0.5500000000000043
    ],
    "obj_class": "sign",
    "point_num_in_lidar": 43,
    "speed": 0.029674003573090173,
    "if_vehicle": false,
    "motion_state": false,
    "pose": [
      [
        0.016137868730560483,
        0.9998168405393748,
        0.010288564851207337,
        7.461970117648889
      ],
      [
        -0.9993038732913342,
        0.0164740309992514,
        -0.03347200513224475,
        -24.273296322244278
      ],
      [
        -0.033635368554135285,
        -0.009741235881447761,
        0.9993866970826305,
        1.98963407047615
      ],
      [
        0.0,
        0.0,
        0.0,
        1.0
      ]
    ],
    "location": [
      7.461970117648889,
      -24.273296322244278,
      1.98963407047615
    ],
    "rotation": [
      -0.009746905205405009,
      0.03364171394698378,
      -1.55464861988001
    ]
  },
  {
    "label_id": "Irrp7c9HrOs1nyK9NCdnZg",
    "size": [
      2.0041518735687256,
      4.917299256640257,
      2.0500000000000043
    ],
    "obj_class": "vehicle",
    "point_num_in_lidar": 1519,
    "speed": 16.10704708933919,
    "if_vehicle": true,
    "motion_state": true,
    "pose": [
      [
        0.037085707123883496,
        -0.9992591234311669,
        0.010288564851207337,
        -2.9308704043560283
      ],
      [
        0.9987647702424035,
        0.036722725866497684,
        -0.03347200513224475,
        -35.367349200632816
      ],
      [
        0.03306938236133984,
        0.011517189088923721,
        0.9993866970826305,
        -0.3622330433868015
      ],
      [
        0.0,
        0.0,
        0.0,
        1.0
      ]
    ],
    "location": [
      -2.9308704043560283,
      -35.367349200632816,
      -0.3622330433868015
    ],
    "rotation": [
      0.011523746816894364,
      -0.03307541268759328,
      1.5336818046419192
    ]
  },
  {
    "label_id": "KE-n4BCpMYY4onuCOe_Cxg",
    "size": [
      2.0080467969609987,
      4.605128188340819,
      1.610000000000003
    ],
    "obj_class": "vehicle",
    "point_num_in_lidar": 338,
    "speed": 15.600624196460247,
    "if_vehicle": true,
    "motion_state": true,
    "pose": [
      [
        0.04710732121526383,
        -0.9988368463974606,
        0.010288564851207337,
        -2.1006354072533213
      ],
      [
        0.9983461591129262,
        0.04673939940665483,
        -0.03347200513224475,
        -21.659241199282405
      ],
      [
        0.03295219070698912,
        0.011848325699470716,
        0.9993866970826305,
        -0.09327810533115155
      ],
      [
        0.0,
        0.0,
        0.0,
        1.0
      ]
    ],
    "location": [
      -2.1006354072533213,
      -21.659241199282405,
      -0.09327810533115155
    ],
    "rotation": [
      0.011855041363237524,
      -0.0329581571283644,
      1.5236459405385
    ]
  },
  {
    "label_id": "P8RZnw2y2LdjAlYaVdCWug",
    "size": [
      2.1725022787577637,
      4.389178354671179,
      1.7000000000000028
    ],
    "obj_class": "vehicle",
    "point_num_in_lidar": 57,
    "speed": 7.105427357601002e-13,
    "if_vehicle": true,
    "motion_state": false,
    "pose": [
      [
        -0.9985281475195142,
        0.053251141251147195,
        0.010288564851207337,
        12.820625615237077
      ],
      [
        -0.05356802461147019,
        -0.998003051904979,
        -0.03347200513224475,
        19.31439270849114
      ],
      [
        0.00848559664797093,
        -0.03397387737363021,
        0.9993866970826305,
        1.4504739310871528
      ],
      [
        0.0,
        0.0,
        0.0,
        1.0
      ]
    ],
    "location": [
      12.820625615237077,
      19.31439270849114,
      1.4504739310871528
    ],
    "rotation": [
      -0.03398164027303963,
      -0.008485698485997529,
      -3.087997045165512
    ]
  },
  {
    "label_id": "PTmdSbz-CCtd-8yCV-7YpA",
    "size": [
      2.121458246379083,
      4.701555991474338,
      1.8876587865599426
    ],
    "obj_class": "vehicle",
    "point_num_in_lidar": 687,
    "speed": 10.046107588337117,
    "if_vehicle": true,
    "motion_state": true,
    "pose": [
      [
        -0.03736379339479236,
        0.9992487640104708,
        0.010288564851207337,
        -25.666867159846333
      ],
      [
        -0.9987545118563163,
        -0.037000674575991384,
        -0.03347200513224475,
        -37.1259746467731
      ],
      [
        -0.0330661759174342,
        -0.011526391649940262,
        0.9993866970826305,
        -0.48980819146996524
      ],
      [
        0.0,
        0.0,
        0.0,
        1.0
      ]
    ],
    "location": [
      -25.666867159846333,
      -37.1259746467731,
      -0.48980819146996524
    ],
    "rotation": [
      -0.011532953801588907,
      0.03307220448916064,
      -1.6081892766159767
    ]
  },
  {
    "label_id": "RlOZ9UW7x-3KSaYjl4ndMA",
    "size": [
      2.0114113124980233,
      4.382567611808012,
      1.5699999999999967
    ],
    "obj_class": "vehicle",
    "point_num_in_lidar": 424,
    "speed": 0.06996990315887579,
    "if_vehicle": true,
    "motion_state": false,
    "pose": [
      [
        -0.08581005856327538,
        0.9962583898179577,
        0.010288564851207337,
        -29.79379443585185
      ],
      [
        -0.995782340922443,
        -0.08542338309530112,
        -0.03347200513224475,
        -47.23233184784476
      ],
      [
        -0.032467881920243045,
        -0.013117405912895787,
        0.9993866970826305,
        -1.0237886180854119
      ],
      [
        0.0,
        0.0,
        0.0,
        1.0
      ]
    ],
    "location": [
      -29.79379443585185,
      -47.23233184784476,
      -1.0237886180854119
    ],
    "rotation": [
      -0.013124702130497955,
      0.032473589036525856,
      -1.6567574766818856
    ]
  },
  {
    "label_id": "SO4vsv-jRIt_VEpSG6WCUg",
    "size": [
      1.9647134988772212,
      4.0842048187966125,
      1.5700000000000003
    ],
    "obj_class": "vehicle",
    "point_num_in_lidar": 30,
    "speed": 0.01214975913919208,
    "if_vehicle": true,
    "motion_state": false,
    "pose": [
      [
        -0.028463917365917326,
        0.9995418704794156,
        0.010288564851207337,
        -28.367929211506635
      ],
      [
        -0.9990444043191725,
        -0.028105214302274195,
        -0.03347200513224475,
        -9.766550285701669
      ],
      [
        -0.0331675082985745,
        -0.011231477531229389,
        0.9993866970826305,
        0.2841144428075282
      ],
      [
        0.0,
        0.0,
        0.0,
        1.0
      ]
    ],
    "location": [
      -28.367929211506635,
      -9.766550285701669,
      0.2841144428075282
    ],
    "rotation": [
      -0.011237896953241589,
      0.033173592482982094,
      -1.599279764743484
    ]
  },
  {
    "label_id": "SU8Sxb1EooY9gTTC7120oA",
    "size": [
      2.1028812799100725,
      5.065435957019948,
      1.5401825314904904
    ],
    "obj_class": "vehicle",
    "point_num_in_lidar": 24,
    "speed": 0.007381416778240705,
    "if_vehicle": true,
    "motion_state": false,
    "pose": [
      [
        -0.05613411169807325,
        0.998370225385939,
        0.010288564851207337,
        -27.513176912593735
      ],
      [
        -0.9978828838777694,
        -0.05576176948603057,
        -0.03347200513224475,
        9.389409177912967
      ],
      [
        -0.03284374472642341,
        -0.012145704039538142,
        0.9993866970826305,
        0.7360382753990109
      ],
      [
        0.0,
        0.0,
        0.0,
        1.0
      ]
    ],
    "location": [
      -27.513176912593735,
      9.389409177912967,
      0.7360382753990109
    ],
    "rotation": [
      -0.01215255932219236,
      0.03284965241581164,
      -1.6269903091507147
    ]
  },
  {
    "label_id": "Tb9LAGkHFTyU8qDac4H8Jw",
    "size": [
      0.8205386739829363,
      0.0943220424488163,
      0.8335460332244793
    ],
    "obj_class": "sign",
    "point_num_in_lidar": 37,
    "speed": 0.040860549539921014,
    "if_vehicle": false,
    "motion_state": false,
    "pose": [
      [
        0.07411749240608694,
        0.997196441405973,
        0.010288564851207337,
        6.1202026176206346
      ],
      [
        -0.9966648349433416,
        0.07442332738993018,
        -0.03347200513224475,
        -52.36646158768599
      ],
      [
        -0.03414387363489087,
        -0.007773389703026775,
        0.9993866970826305,
        0.8458249479544335
      ],
      [
        0.0,
        0.0,
        0.0,
        1.0
      ]
    ],
    "location": [
      6.1202026176206346,
      -52.36646158768599,
      0.8458249479544335
    ],
    "rotation": [
      -0.00777800321800825,
      0.03415051129569389,
      -1.4965674461668927
    ]
  },
  {
    "label_id": "VJN1WZ3oeEQ6N375oERJvQ",
    "size": [
      1.9982112685186335,
      4.518824469475637,
      1.7900000000000027
    ],
    "obj_class": "vehicle",
    "point_num_in_lidar": 140,
    "speed": 1.4210854715202004e-13,
    "if_vehicle": true,
    "motion_state": false,
    "pose": [
      [
        -0.004532788067744334,
        0.9999367976355482,
        0.010288564851207337,
        -29.269169853992025
      ],
      [
        -0.9994308888005996,
        -0.00418609408283127,
        -0.03347200513224475,
        -33.245188163688
      ],
      [
        -0.033426820721932995,
        -0.010434431019191677,
        0.9993866970826305,
        -0.48746108470931304
      ],
      [
        0.0,
        0.0,
        0.0,
        1.0
      ]
    ],
    "location": [
      -29.269169853992025,
      -33.245188163688,
      -0.48746108470931304
    ],
    "rotation": [
      -0.010440455049528794,
      0.03343304877670601,
      -1.5753316648955578
    ]
  },
  {
    "label_id": "WhPgWq3c5JWYJlXPM99MEg",
    "size": [
      1.7706251348589483,
      3.2738170599658973,
      1.3549650017182095
    ],
    "obj_class": "vehicle",
    "point_num_in_lidar": 23,
    "speed": 13.6809062295249,
    "if_vehicle": true,
    "motion_state": true,
    "pose": [
      [
        0.02303573329180296,
        -0.999681699554919,
        0.010288564851207337,
        6.339533856167691
      ],
      [
        0.9991822928811941,
        0.022679736883544632,
        -0.03347200513224475,
        15.216048875628985
      ],
      [
        0.033228009034378746,
        0.01105120400145446,
        0.9993866970826305,
        1.0900560680633191
      ],
      [
        0.0,
        0.0,
        0.0,
        1.0
      ]
    ],
    "location": [
      6.339533856167691,
      15.216048875628985,
      1.0900560680633191
    ],
    "rotation": [
      0.01105753520951914,
      -0.0332341265850413,
      1.5477458249133564
    ]
  },
  {
    "label_id": "WlBil_NbwrbDGyQ9s3IH9Q",
    "size": [
      2.1496117342245977,
      5.043978009510765,
      2.0602136168196274
    ],
    "obj_class": "vehicle",
    "point_num_in_lidar": 294,
    "speed": 11.31539140394714,
    "if_vehicle": true,
    "motion_state": true,
    "pose": [
      [
        -0.049826841061913645,
        0.9987048769997537,
        0.010288564851207337,
        -17.82583232876641
      ],
      [
        -0.9982151933343513,
        -0.04945758454363415,
        -0.03347200513224475,
        -18.822799485729774
      ],
      [
        -0.03291980720257238,
        -0.011938006031828862,
        0.9993866970826305,
        0.1385383367454196
      ],
      [
        0.0,
        0.0,
        0.0,
        1.0
      ]
    ],
    "location": [
      -17.82583232876641,
      -18.822799485729774,
      0.1385383367454196
    ],
    "rotation": [
      -0.011944764023880276,
      0.0329257560451537,
      -1.620670863161834
    ]
  },
  {
    "label_id": "dvdG_f-6RVms8nISrSC8VA",
    "size": [
      2.0363489354763535,
      4.458228043681338,
      1.7458161543778736
    ],
    "obj_class": "vehicle",
    "point_num_in_lidar": 241,
    "speed": 11.247080176068986,
    "if_vehicle": true,
    "motion_state": true,
    "pose": [
      [
        -0.0332016422878147,
        0.9993957156115362,
        0.010288564851207337,
        -19.446844415064334
      ],
      [
        -0.998899955370395,
        -0.032840585156937226,
        -0.03347200513224475,
        -55.63888268595838
      ],
      [
        -0.03311389603195401,
        -0.011388572511753113,
        0.9993866970826305,
        -1.240357750543808
      ],
      [
        0.0,
        0.0,
        0.0,
        1.0
      ]
    ],
    "location": [
      -19.446844415064334,
      -55.63888268595838,
      -1.240357750543808
    ],
    "rotation": [
      -0.011395068209871215,
      0.03311995075074043,
      -1.604022300416674
    ]
  },
  {
    "label_id": "fFGoPQbE4rNd-pAeLa899w",
    "size": [
      0.8272954504485635,
      0.8723419263057046,
      1.2199999999999989
    ],
    "obj_class": "sign",
    "point_num_in_lidar": 38,
    "speed": 0.027479361382861247,
    "if_vehicle": false,
    "motion_state": false,
    "pose": [
      [
        0.011602239383957599,
        0.9998797595084019,
        0.010288564851207337,
        -31.897271484111116
      ],
      [
        -0.9993683224692387,
        0.01194072516419907,
        -0.03347200513224475,
        -60.41192336485801
      ],
      [
        -0.033590833367115186,
        -0.00989371557976169,
        0.9993866970826305,
        -1.4030099056703769
      ],
      [
        0.0,
        0.0,
        0.0,
        1.0
      ]
    ],
    "location": [
      -31.897271484111116,
      -60.41192336485801,
      -1.4030099056703769
    ],
    "rotation": [
      -0.009899463754978547,
      0.033597153579790554,
      -1.5591872754502842
    ]
  },
  {
    "label_id": "lHbE_TvXcnOnwbc9tjBmiw",
    "size": [
      1.8547855308604086,
      4.604259104690197,
      1.529544914510094
    ],
    "obj_class": "vehicle",
    "point_num_in_lidar": 769,
    "speed": 9.960927294280166,
    "if_vehicle": true,
    "motion_state": true,
    "pose": [
      [
        -0.04187370663394817,
        0.9990699365540114,
        0.010288564851207337,
        -22.371220908630676
      ],
      [
        -0.9985773284385239,
        -0.041508360615755024,
        -0.03347200513224475,
        -42.77665811523366
      ],
      [
        -0.03301381258374482,
        -0.011675524525942747,
        0.9993866970826305,
        -0.8596032979942834
      ],
      [
        0.0,
        0.0,
        0.0,
        1.0
      ]
    ],
    "location": [
      -22.371220908630676,
      -42.77665811523366,
      -0.8596032979942834
    ],
    "rotation": [
      -0.01168215809217277,
      0.033019812551057064,
      -1.612705138091806
    ]
  },
  {
    "label_id": "zhhPV79SMbAVe3KnAsS3ow",
    "size": [
      1.9835586724990495,
      4.519977447229803,
      1.6205850078196065
    ],
    "obj_class": "vehicle",
    "point_num_in_lidar": 115,
    "speed": 3.1776437161565096e-13,
    "if_vehicle": true,
    "motion_state": false,
    "pose": [
      [
        -0.022131440443113205,
        0.9997021280247509,
        0.010288564851207337,
        -28.540207690397438
      ],
      [
        -0.999202399531194,
        -0.021775895929470702,
        -0.03347200513224475,
        -14.639723950831467
      ],
      [
        -0.033237992042496965,
        -0.01102114237515453,
        0.9993866970826305,
        0.08410623563973374
      ],
      [
        0.0,
        0.0,
        0.0,
        1.0
      ]
    ],
    "location": [
      -28.540207690397438,
      -14.639723950831467,
      0.08410623563973374
    ],
    "rotation": [
      -0.011027458802741181,
      0.03324411511050857,
      -1.5929418124504167
    ]
  },
  {
    "label_id": "zwdjX44zD5DT6AEef_FdTg",
    "size": [
      2.039245253779329,
      4.884100863327777,
      1.577570207428927
    ],
    "obj_class": "vehicle",
    "point_num_in_lidar": 285,
    "speed": 0.014817666138051779,
    "if_vehicle": true,
    "motion_state": false,
    "pose": [
      [
        -0.027622742018959055,
        0.9995654703703287,
        0.010288564851207337,
        -29.106837242836264
      ],
      [
        -0.9990677025193877,
        -0.027264457725382725,
        -0.03347200513224475,
        -27.722664741906556
      ],
      [
        -0.03317694841280969,
        -0.011203561410742713,
        0.9993866970826305,
        -0.3930619986178705
      ],
      [
        0.0,
        0.0,
        0.0,
        1.0
      ]
    ],
    "location": [
      -29.106837242836264,
      -27.722664741906556,
      -0.3930619986178705
    ],
    "rotation": [
      -0.011209967220001558,
      0.03318303779544323,
      -1.5984378034711872
    ]
  }
]