[
  {
    "label_id": "0ec9undU7bwuGtzD3r5HNw",
    "size": [
      2.1436281215512425,
      4.437354281848378,
      2.010000000000005
    ],
    "obj_class": "vehicle",
    "point_num_in_lidar": 329,
    "speed": 10.167178887957306,
    "if_vehicle": true,
    "motion_state": true,
    "pose": [
      [
        -0.03909376696441231,
        0.9991658066657809,
        0.011805429871520962,
        -25.277493763954226
      ],
      [
        -0.9986184592898539,
        -0.03865175112266276,
        -0.035597962030291676,
        -26.403047180321664
      ],
      [
        -0.03511196591036415,
        -0.013180778621572901,
        0.9992964609788421,
        0.013552565690108764
      ],
      [
        0.0,
        0.0,
        0.0,
        1.0
      ]
    ],
    "location": [
      -25.277493763954226,
      -26.403047180321664,
      0.013552565690108764
    ],
    "rotation": [
      -0.01318929349707618,
      0.03511918454792971,
      -1.6099241977435292
    ]
  },
  {
    "label_id": "3asbK-XesnwUDTdGRbvBxw",
    "size": [
      1.9388350721213066,
      4.600893695312132,
      1.5051151018444564
    ],
    "obj_class": "vehicle",
    "point_num_in_lidar": 438,
    "speed": 10.41758520568029,
    "if_vehicle": true,
    "motion_state": true,
    "pose": [
      [
        -0.040818081168154906,
        0.9990968501978666,
        0.011805429871520962,
        -21.778415068057257
      ],
      [
        -0.9985502664733383,
        -0.04037512136594653,
        -0.035597962030291676,
        -28.333121390380256
      ],
      [
        -0.03508916607408783,
        -0.013241355647612908,
        0.9992964609788421,
        -0.3571682685586559
      ],
      [
        0.0,
        0.0,
        0.0,
        1.0
      ]
    ],
    "location": [
      -21.778415068057257,
      -28.333121390380256,
      -0.3571682685586559
    ],
    "rotation": [
      -0.01324990257826183,
      0.03509637065339511,
      -1.611650923920836
    ]
  },
  {
    "label_id": "3xp7fav1XDT13tIERFz4Yw",
    "size": [
      1.7950243845319864,
      3.727424411905237,
      1.6243614469938272
    ],
    "obj_class": "vehicle",
    "point_num_in_lidar": 107,
    "speed": 15.42779949357318,
    "if_vehicle": true,
    "motion_state": true,
    "pose": [
      [
        0.012409301867734744,
        -0.9998533097673398,
        0.011805429871520962,
        2.7862893558794894
      ],
      [
        0.9992943587787396,
        0.011982053758745751,
        -0.035597962030291676,
        16.263457692093652
      ],
      [
        0.03545128686159355,
        0.012238845330278967,
        0.9992964609788421,
        1.21577622210161
      ],
      [
        0.0,
        0.0,
        0.0,
        1.0
      ]
    ],
    "location": [
      2.7862893558794894,
      16.263457692093652,
      1.21577622210161
    ],
    "rotation": [
      0.012246849578328754,
      -0.03545871689036848,
      1.558378900492851
    ]
  },
  {
    "label_id": "BhZkAKeoHSnnmYxsQdPvGg",
    "size": [
      0.9971823814202051,
      0.1276709161520867,
      1.0276435530595265
    ],
    "obj_class": "sign",
    "point_num_in_lidar": 25,
    "speed": 0.01429449452082204,
    "if_vehicle": false,
    "motion_state": false,
    "pose": [
      [
        -0.2313055680819484,
        -0.9728095219516695,
        0.011805429871520962,
        -32.65931566814925
      ],
      [
        0.9721633951402788,
        -0.23158393348549902,
        -0.035597962030291676,
        18.67034871601936
      ],
      [
        0.03736398431127576,
        0.00324279995501204,
        0.9992964609788421,
        2.741575976438419
      ],
      [
        0.0,
        0.0,
        0.0,
        1.0
      ]
    ],
    "location": [
      -32.65931566814925,
      18.67034871601936,
      2.741575976438419
    ],
    "rotation": [
      0.003245071606748638,
      -0.03737268355043973,
      1.804381893516167
    ]
  },
  {
    "label_id": "Irrp7c9HrOs1nyK9NCdnZg",
    "size": [
      2.0041518735691186,
      4.917299256640257,
      2.0500000000000043
    ],
    "obj_class": "vehicle",
    "point_num_in_lidar": 1200,
    "speed": 15.553513042180484,
    "if_vehicle": true,
    "motion_state": true,
    "pose": [
      [
        0.06261865217629792,
        -0.997967702997032,
        0.011805429871520962,
        -1.5883734994595216
      ],
      [
        0.997430919343746,
        0.06216386600252325,
        -0.035597962030291676,
        -9.652588757593549
      ],
      [
        0.03479174523811033,
        0.014004197172559168,
        0.9992964609788421,
        0.6224974912193133
      ],
      [
        0.0,
        0.0,
        0.0,
        1.0
      ]
    ],
    "location": [
      -1.5883734994595216,
      -9.652588757593549,
      0.6224974912193133
    ],
    "rotation": [
      0.014013139291789453,
      -0.03479876809896437,
      1.5080986720193994
    ]
  },
  {
    "label_id": "KE-n4BCpMYY4onuCOe_Cxg",
    "size": [
      2.0080467969606177,
      4.605128188340819,
      1.610000000000003
    ],
    "obj_class": "vehicle",
    "point_num_in_lidar": 280,
    "speed": 14.933034443097657,
    "if_vehicle": true,
    "motion_state": true,
    "pose": [
      [
        0.036645592876269346,
        -0.9992585913307402,
        0.011805429871520962,
        -1.0125343701392922
      ],
      [
        0.9987101626143953,
        0.0362049194173681,
        -0.035597962030291676,
        2.6910326071592863
      ],
      [
        0.03514415475544863,
        0.013094711210506503,
        0.9992964609788421,
        0.7894084415377591
      ],
      [
        0.0,
        0.0,
        0.0,
        1.0
      ]
    ],
    "location": [
      -1.0125343701392922,
      2.6910326071592863,
      0.7894084415377591
    ],
    "rotation": [
      0.013103180375740165,
      -0.035151393271620396,
      1.5341198601488901
    ]
  },
  {
    "label_id": "P8RZnw2y2LdjAlYaVdCWug",
    "size": [
      2.17250227875777,
      4.389178354671179,
      1.7000000000000028
    ],
    "obj_class": "vehicle",
    "point_num_in_lidar": 37,
    "speed": 7.105427357601002e-13,
    "if_vehicle": true,
    "motion_state": false,
    "pose": [
      [
        -0.998511413467599,
        0.053250248830275675,
        0.011805429871520962,
        12.820625615237986
      ],
      [
        -0.05363988456207874,
        -0.9979256224205574,
        -0.035597962030291676,
        19.31439270849114
      ],
      [
        0.00988534061651606,
        -0.036178213278946554,
        0.9992964609788421,
        1.4504739310871955
      ],
      [
        0.0,
        0.0,
        0.0,
        1.0
      ]
    ],
    "location": [
      12.820625615237986,
      19.31439270849114,
      1.4504739310871955
    ],
    "rotation": [
      -0.036187878940146696,
      -0.009885501622776377,
      -3.0879243884061296
    ]
  },
  {
    "label_id": "SO4vsv-jRIt_VEpSG6WCUg",
    "size": [
      1.9647134988772208,
      4.0842048187966125,
      1.5700000000000003
    ],
    "obj_class": "vehicle",
    "point_num_in_lidar": 149,
    "speed": 0.012149759035730604,
    "if_vehicle": true,
    "motion_state": false,
    "pose": [
      [
        -0.028463440347145662,
        0.9995251194388028,
        0.011805429871520962,
        -28.356578750877816
      ],
      [
        -0.9989731013114025,
        -0.028027271639747643,
        -0.035597962030291676,
        -9.750774981604991
      ],
      [
        -0.03525018326027214,
        -0.012806547359796732,
        0.9992964609788421,
        0.2841144428075175
      ],
      [
        0.0,
        0.0,
        0.0,
        1.0
      ]
    ],
    "location": [
      -28.356578750877816,
      -9.750774981604991,
      0.2841144428075175
    ],
    "rotation": [
      -0.01281486207429378,
      0.03525748751379259,
      -1.5992813195646824
    ]
  },
  {
    "label_id": "SU8Sxb1EooY9gTTC7120oA",
    "size": [
      2.1028812799100733,
      5.065435957019948,
      1.540182531490487
    ],
    "obj_class": "vehicle",
    "point_num_in_lidar": 81,
    "speed": 0.007381416654196848,
    "if_vehicle": true,
    "motion_state": false,
    "pose": [
      [
        -0.05613317096231235,
        0.9983534939805963,
        0.011805429871520962,
        -27.524949010248747
      ],
      [
        -0.9978137667464636,
        -0.055681882067005486,
        -0.035597962030291676,
        9.39031708040784
      ],
      [
        -0.03488200121767396,
        -0.013777846936719818,
        0.9992964609788421,
        0.7911981916362159
      ],
      [
        0.0,
        0.0,
        0.0,
        1.0
      ]
    ],
    "location": [
      -27.524949010248747,
      9.39031708040784,
      0.7911981916362159
    ],
    "rotation": [
      -0.013786673459091134,
      0.034889078896136655,
      -1.6269932536148348
    ]
  },
  {
    "label_id": "TqbpmqdX5hgrGjVBAoZQkg",
    "size": [
      2.003320237286434,
      5.335478067904516,
      1.6896244026373743
    ],
    "obj_class": "vehicle",
    "point_num_in_lidar": 196,
    "speed": 12.270251425926487,
    "if_vehicle": true,
    "motion_state": true,
    "pose": [
      [
        -0.04088295319416323,
        0.9990941977429718,
        0.011805429871520962,
        -17.26933485451991
      ],
      [
        -0.9985476427813097,
        -0.040439957902795115,
        -0.035597962030291676,
        -9.76264837515373
      ],
      [
        -0.03508830622891032,
        -0.013243633985719332,
        0.9992964609788421,
        0.2857173379400386
      ],
      [
        0.0,
        0.0,
        0.0,
        1.0
      ]
    ],
    "location": [
      -17.26933485451991,
      -9.76264837515373,
      0.2857173379400386
    ],
    "rotation": [
      -0.01325218212008462,
      0.03509551027839927,
      -1.6117158889800547
    ]
  },
  {
    "label_id": "VJN1WZ3oeEQ6N375oERJvQ",
    "size": [
      1.9982112685186335,
      4.518824469475637,
      1.7900000000000027
    ],
    "obj_class": "vehicle",
    "point_num_in_lidar": 448,
    "speed": 1.4210854715202004e-13,
    "if_vehicle": true,
    "motion_state": false,
    "pose": [
      [
        -0.004532712104026167,
        0.9999200399764626,
        0.011805429871520962,
        -29.269169853990206
      ],
      [
        -0.9993577407430891,
        -0.004109880309527062,
        -0.035597962030291676,
        -33.245188163688
      ],
      [
        -0.03554659671263538,
        -0.011959203038277534,
        0.9992964609788421,
        -0.48746108470936633
      ],
      [
        0.0,
        0.0,
        0.0,
        1.0
      ]
    ],
    "location": [
      -29.269169853990206,
      -33.245188163688,
      -0.48746108470936633
    ],
    "rotation": [
      -0.011967051426709743,
      0.03555408685180421,
      -1.5753319208444103
    ]
  },
  {
    "label_id": "VMicCPxMAMBakoaRu8Q30Q",
    "size": [
      2.095652681278676,
      4.578825266355873,
      1.6702277585449394
    ],
    "obj_class": "vehicle",
    "point_num_in_lidar": 110,
    "speed": 0.023082038308866185,
    "if_vehicle": true,
    "motion_state": false,
    "pose": [
      [
        -0.0479074340591505,
        0.9987820130476002,
        0.011805429871520962,
        -27.460380152010657
      ],
      [
        -0.9982385866802438,
        -0.04746060642174036,
        -0.035597962030291676,
        14.296837717323797
      ],
      [
        -0.03499431131623504,
        -0.013490042648706159,
        0.9992964609788421,
        1.0407008232309138
      ],
      [
        0.0,
        0.0,
        0.0,
        1.0
      ]
    ],
    "location": [
      -27.460380152010657,
      14.296837717323797,
      1.0407008232309138
    ],
    "rotation": [
      -0.013498720150402849,
      0.03500145760462772,
      -1.6187514998830408
    ]
  },
  {
    "label_id": "WhPgWq3c5JWYJlXPM99MEg",
    "size": [
      1.7706251348582416,
      3.2738170599658973,
      1.354965001718206
    ],
    "obj_class": "vehicle",
    "point_num_in_lidar": 24,
    "speed": 14.036318428146703,
    "if_vehicle": true,
    "motion_state": true,
    "pose": [
      [
        -0.042978407800935106,
        -0.999006250375064,
        0.011805429871520962,
        5.999073690485602
      ],
      [
        0.9984244974516816,
        -0.04337404739757303,
        -0.035597962030291676,
        37.265237024710586
      ],
      [
        0.036074635843671654,
        0.010256886657654308,
        0.9992964609788421,
        1.816062981244734
      ],
      [
        0.0,
        0.0,
        0.0,
        1.0
      ]
    ],
    "location": [
      5.999073690485602,
      37.265237024710586,
      1.816062981244734
    ],
    "rotation": [
      0.010263747433042909,
      -0.036082464893757805,
      1.6138159956581235
    ]
  },
  {
    "label_id": "WlBil_NbwrbDGyQ9s3IH9Q",
    "size": [
      2.1496117342243215,
      5.043978009510765,
      2.0602136168196274
    ],
    "obj_class": "vehicle",
    "point_num_in_lidar": 890,
    "speed": 10.86837488917617,
    "if_vehicle": true,
    "motion_state": true,
    "pose": [
      [
        -0.04186781066753074,
        0.9990534111124673,
        0.011805429871520962,
        -18.665102340087287
      ],
      [
        -0.9985072931079398,
        -0.04142427681378018,
        -0.035597962030291676,
        -36.558372435694764
      ],
      [
        -0.035075234000111435,
        -0.01327821655942221,
        0.9992964609788421,
        -0.4617776785563592
      ],
      [
        0.0,
        0.0,
        0.0,
        1.0
      ]
    ],
    "location": [
      -18.665102340087287,
      -36.558372435694764,
      -0.4617776785563592
    ],
    "rotation": [
      -0.013286782947903211,
      0.03508242999797154,
      -1.6127021797203092
    ]
  },
  {
    "label_id": "ZOfQ22J7gJFgUY_ZP2qzDg",
    "size": [
      1.9223080275518447,
      4.183597472936482,
      1.750000000000007
    ],
    "obj_class": "vehicle",
    "point_num_in_lidar": 32,
    "speed": 14.34652591831746,
    "if_vehicle": true,
    "motion_state": true,
    "pose": [
      [
        -0.04435657622816951,
        -0.9989460075353738,
        0.011805429871520962,
        2.0917727271280455
      ],
      [
        0.9983637093490129,
        -0.044751412873445216,
        -0.035597962030291676,
        48.18504912474236
      ],
      [
        0.036088751712884636,
        0.010207109040627193,
        0.9992964609788421,
        2.2317917189871963
      ],
      [
        0.0,
        0.0,
        0.0,
        1.0
      ]
    ],
    "location": [
      2.0917727271280455,
      48.18504912474236,
      2.2317917189871963
    ],
    "rotation": [
      0.010213939992748694,
      -0.036096589960597385,
      1.6151964029277763
    ]
  },
  {
    "label_id": "ZnSBgASG2ZsxwNwoluHWUg",
    "size": [
      2.324840932268995,
      5.863561852150793,
      2.4546654756772206
    ],
    "obj_class": "vehicle",
    "point_num_in_lidar": 294,
    "speed": 8.892276889991589,
    "if_vehicle": true,
    "motion_state": true,
    "pose": [
      [
        -0.04440629827441245,
        0.998943798468719,
        0.011805429871520962,
        -19.956359814668758
      ],
      [
        -0.9983988092592662,
        -0.04396137815138825,
        -0.035597962030291676,
        11.264869110462314
      ],
      [
        -0.03504138044146317,
        -0.013367300846398643,
        0.9992964609788421,
        1.4042466006502465
      ],
      [
        0.0,
        0.0,
        0.0,
        1.0
      ]
    ],
    "location": [
      -19.956359814668758,
      11.264869110462314,
      1.4042466006502465
    ],
    "rotation": [
      -0.013375914110517605,
      0.03504855561567519,
      -1.6152445476126673
    ]
  },
  {
    "label_id": "hOtYo2XMEyTjdpxPuhNpRQ",
    "size": [
      1.9483955948644547,
      4.5368446852261215,
      1.5705510446394655
    ],
    "obj_class": "vehicle",
    "point_num_in_lidar": 216,
    "speed": 10.858949019599216,
    "if_vehicle": true,
    "motion_state": true,
    "pose": [
      [
        -0.050550172892156985,
        0.9986517470300252,
        0.011805429871520962,
        -21.09806953905627
      ],
      [
        -0.9981095049290047,
        -0.050101908842547095,
        -0.035597962030291676,
        -9.58959920325833
      ],
      [
        -0.03495849240098926,
        -0.013582594899777556,
        0.9992964609788421,
        0.3414935591760191
      ],
      [
        0.0,
        0.0,
        0.0,
        1.0
      ]
    ],
    "location": [
      -21.09806953905627,
      -9.58959920325833,
      0.3414935591760191
    ],
    "rotation": [
      -0.013591320570117943,
      0.03496561675974581,
      -1.6213990096536888
    ]
  },
  {
    "label_id": "j-DR1qlemvgXr_EjODOYWg",
    "size": [
      0.49685228029556017,
      0.08136127727754472,
      1.3400000000000034
    ],
    "obj_class": "sign",
    "point_num_in_lidar": 103,
    "speed": 0.03870498073783261,
    "if_vehicle": false,
    "motion_state": false,
    "pose": [
      [
        0.9990107383483148,
        0.04287396051571758,
        0.011805429871520962,
        -10.548027845703473
      ],
      [
        -0.04242987687812978,
        0.9984650673145238,
        -0.035597962030291676,
        -11.597723749873694
      ],
      [
        -0.013313534949871806,
        0.03506184339563493,
        0.9992964609788421,
        0.43134110223133604
      ],
      [
        0.0,
        0.0,
        0.0,
        1.0
      ]
    ],
    "location": [
      -10.548027845703473,
      -11.597723749873694,
      0.43134110223133604
    ],
    "rotation": [
      0.035072140836918786,
      0.013313928285730072,
      -0.04244638249087227
    ]
  },
  {
    "label_id": "jeT9AOAs1MWlqKZdZkEsww",
    "size": [
      1.0665087977282948,
      0.1333632676679024,
      1.1377813311143967
    ],
    "obj_class": "sign",
    "point_num_in_lidar": 43,
    "speed": 0.029864928119792872,
    "if_vehicle": false,
    "motion_state": false,
    "pose": [
      [
        0.023102324055358836,
        0.9996634005748083,
        0.011805429871520962,
        9.03957642268415
      ],
      [
        -0.9990896309282301,
        0.023509454927385633,
        -0.035597962030291676,
        29.84557086098357
      ],
      [
        -0.035863518998197216,
        -0.010972286918752823,
        0.9992964609788421,
        3.5837626976283445
      ],
      [
        0.0,
        0.0,
        0.0,
        1.0
      ]
    ],
    "location": [
      9.03957642268415,
      29.84557086098357,
      3.5837626976283445
    ],
    "rotation": [
      -0.010979570564927694,
      0.03587121134643024,
      -1.5476770718952533
    ]
  },
  {
    "label_id": "kIsLx15e7f6KRbDGA5Z-Ug",
    "size": [
      1.9887374888994938,
      4.85835572707015,
      1.9984479307160576
    ],
    "obj_class": "vehicle",
    "point_num_in_lidar": 22,
    "speed": 8.91987577276631,
    "if_vehicle": true,
    "motion_state": true,
    "pose": [
      [
        -0.03757360594858269,
        0.9992241269913218,
        0.011805429871520962,
        -23.851681294710943
      ],
      [
        -0.9986761077726157,
        -0.037132423344414626,
        -0.035597962030291676,
        0.0021433439451357117
      ],
      [
        -0.0351319783126363,
        -0.013127344552571913,
        0.9992964609788421,
        0.7250436439885775
      ],
      [
        0.0,
        0.0,
        0.0,
        1.0
      ]
    ],
    "location": [
      -23.851681294710943,
      0.0021433439451357117,
      0.7250436439885775
    ],
    "rotation": [
      -0.013135831072266489,
      0.035139209304812104,
      -1.6084020049029815
    ]
  },
  {
    "label_id": "vWggwwBHKN4voCvb_IMRuQ",
    "size": [
      2.3158279391819194,
      5.867894951015213,
      2.126784143620924
    ],
    "obj_class": "vehicle",
    "point_num_in_lidar": 119,
    "speed": 10.410071454719422,
    "if_vehicle": true,
    "motion_state": true,
    "pose": [
      [
        -0.033150090193498453,
        0.9993806598817647,
        0.011805429871520962,
        -15.840792073488956
      ],
      [
        -0.9988306931011838,
        -0.032711337763819424,
        -0.035597962030291676,
        25.915569379692897
      ],
      [
        -0.035189743380304485,
        -0.012971701352937605,
        0.9992964609788421,
        1.6482286468475067
      ],
      [
        0.0,
        0.0,
        0.0,
        1.0
      ]
    ],
    "location": [
      -15.840792073488956,
      25.915569379692897,
      1.6482286468475067
    ],
    "rotation": [
      -0.012980104850769074,
      0.035197010112706775,
      -1.6039730471534597
    ]
  },
  {
    "label_id": "zhhPV79SMbAVe3KnAsS3ow",
    "size": [
      1.9835586724990455,
      4.519977447229803,
      1.6205850078196065
    ],
    "obj_class": "vehicle",
    "point_num_in_lidar": 412,
    "speed": 3.1776437161565096e-13,
    "if_vehicle": true,
    "motion_state": false,
    "pose": [
      [
        -0.02213106954853651,
        0.9996853742984272,
        0.011805429871520962,
        -28.540207690396528
      ],
      [
        -0.9991306042023274,
        -0.021698406521730253,
        -0.035597962030291676,
        -14.639723950831467
      ],
      [
        -0.03533060297999729,
        -0.01258298725387949,
        0.9992964609788421,
        0.08410623563974795
      ],
      [
        0.0,
        0.0,
        0.0,
        1.0
      ]
    ],
    "location": [
      -28.540207690396528,
      -14.639723950831467,
      0.08410623563974795
    ],
    "rotation": [
      -0.01259118067394328,
      0.03533795735819959,
      -1.5929430322207832
    ]
  }
]