[
  {
    "label_id": "-k9fOiLCkk8erFTll2W4dg",
    "size": [
      2.0780549804565056,
      5.136563085055615,
      1.9265566023810976
    ],
    "obj_class": "vehicle",
    "point_num_in_lidar": 165,
    "speed": 9.099386826154683e-13,
    "if_vehicle": true,
    "motion_state": false,
    "pose": [
      [
        -0.03762997605733256,
        0.9992209292256784,
        0.011896196841702875,
        -32.602329582318816
      ],
      [
        -0.9990482591547212,
        -0.03735536154420577,
        -0.022520054258880096,
        -105.86277338860054
      ],
      [
        -0.022058122808748016,
        -0.012732303847836636,
        0.9996756112143982,
        -2.4614893537049802
      ],
      [
        0.0,
        0.0,
        0.0,
        1.0
      ]
    ],
    "location": [
      -32.602329582318816,
      -105.86277338860054,
      -2.4614893537049802
    ],
    "rotation": [
      -0.012735746783797108,
      0.02205991197009677,
      -1.6084443537546778
    ]
  },
  {
    "label_id": "3EYHmUD7WYDZ4T6bATYinA",
    "size": [
      1.8197726560837182,
      4.405406262666267,
      1.9014615031353053
    ],
    "obj_class": "vehicle",
    "point_num_in_lidar": 25,
    "speed": 11.746689658605584,
    "if_vehicle": true,
    "motion_state": true,
    "pose": [
      [
        -0.03733449937288864,
        0.9992320129265672,
        0.011896196841702875,
        -20.060857335311994
      ],
      [
        -0.9990592616581607,
        -0.037059935931243154,
        -0.022520054258880096,
        -63.03466561688765
      ],
      [
        -0.022061886855537303,
        -0.012725780584817395,
        0.9996756112143982,
        -1.5089042534958743
      ],
      [
        0.0,
        0.0,
        0.0,
        1.0
      ]
    ],
    "location": [
      -20.060857335311994,
      -63.03466561688765,
      -1.5089042534958743
    ],
    "rotation": [
      -0.012729222461830246,
      0.022063676933095515,
      -1.6081486003326386
    ]
  },
  {
    "label_id": "3xp7fav1XDT13tIERFz4Yw",
    "size": [
      1.7950243845316605,
      3.727424411905237,
      1.6243614469938237
    ],
    "obj_class": "vehicle",
    "point_num_in_lidar": 98,
    "speed": 13.578040895037677,
    "if_vehicle": true,
    "motion_state": true,
    "pose": [
      [
        0.025104837430851845,
        -0.9996140393363201,
        0.011896196841702875,
        -0.9524301431492859
      ],
      [
        0.9994379413702906,
        0.024832408374794022,
        -0.022520054258880096,
        -73.0855578218343
      ],
      [
        0.022215951185712127,
        0.012454872782710421,
        0.9996756112143982,
        -1.7244441380851292
      ],
      [
        0.0,
        0.0,
        0.0,
        1.0
      ]
    ],
    "location": [
      -0.9524301431492859,
      -73.0855578218343,
      -1.7244441380851292
    ],
    "rotation": [
      0.012458269731721264,
      -0.0222177790332165,
      1.5456826520740612
    ]
  },
  {
    "label_id": "4exZ_EA5gMYpraY08_LcLQ",
    "size": [
      2.0616165044047143,
      4.63090791788313,
      1.6200000000000045
    ],
    "obj_class": "vehicle",
    "point_num_in_lidar": 32,
    "speed": 4.0194366942304643e-13,
    "if_vehicle": true,
    "motion_state": false,
    "pose": [
      [
        0.9152208011221166,
        0.4027770669912759,
        0.011896196841702875,
        -43.69746802964528
      ],
      [
        -0.40245817591041655,
        0.9151613321152929,
        -0.022520054258880096,
        -107.36360596908162
      ],
      [
        -0.01995750075163466,
        0.015823100418942776,
        0.9996756112143982,
        -2.97392107682667
      ],
      [
        0.0,
        0.0,
        0.0,
        1.0
      ]
    ],
    "location": [
      -43.69746802964528,
      -107.36360596908162,
      -2.97392107682667
    ],
    "rotation": [
      0.015826913287673192,
      0.01995882584068456,
      -0.41428809214887347
    ]
  },
  {
    "label_id": "55V3ar31Gkfp03JU8tQCfw",
    "size": [
      2.051691203152691,
      4.366744586737906,
      1.4899999999999984
    ],
    "obj_class": "vehicle",
    "point_num_in_lidar": 48,
    "speed": 2.2520611211964745e-28,
    "if_vehicle": true,
    "motion_state": false,
    "pose": [
      [
        0.410746830664248,
        -0.9116718277976891,
        0.011896196841702875,
        -46.39314441133956
      ],
      [
        0.9116151433067318,
        0.41042743286727823,
        -0.022520054258880096,
        -86.69837180118338
      ],
      [
        0.015648373497672414,
        0.020094794101875955,
        0.9996756112143982,
        -2.9419596238733625
      ],
      [
        0.0,
        0.0,
        0.0,
        1.0
      ]
    ],
    "location": [
      -46.39314441133956,
      -86.69837180118338,
      -2.9419596238733625
    ],
    "rotation": [
      0.02009860800093642,
      -0.015649012208413894,
      1.1474681286386172
    ]
  },
  {
    "label_id": "7rO2HoapjvGfji-hLh3H7g",
    "size": [
      0.758101244984678,
      0.7491686719953333,
      1.7200000000000024
    ],
    "obj_class": "pedestrian",
    "point_num_in_lidar": 531,
    "speed": 1.27247482911919,
    "if_vehicle": false,
    "motion_state": true,
    "pose": [
      [
        -0.13155952613705654,
        0.9912368897409422,
        0.011896196841702875,
        4.464128046466612
      ],
      [
        -0.9910908474820419,
        -0.13126987161380588,
        -0.022520054258880096,
        -112.26087287667542
      ],
      [
        -0.020761096308266665,
        -0.01475293947653556,
        0.9996756112143982,
        -2.46166912065382
      ],
      [
        0.0,
        0.0,
        0.0,
        1.0
      ]
    ],
    "location": [
      4.464128046466612,
      -112.26087287667542,
      -2.46166912065382
    ],
    "rotation": [
      -0.014756655493345292,
      0.020762588016367715,
      -1.702766953409774
    ]
  },
  {
    "label_id": "8b89eLYLjjgUUWxMRAsRng",
    "size": [
      0.7950640377794634,
      0.9425249904647439,
      1.129999999999999
    ],
    "obj_class": "sign",
    "point_num_in_lidar": 38,
    "speed": 0.01951266158296279,
    "if_vehicle": false,
    "motion_state": false,
    "pose": [
      [
        0.13861536158654317,
        -0.990274841664139,
        0.011896196841702875,
        -33.229640907403336
      ],
      [
        0.9901308659062069,
        0.13832467435711585,
        -0.022520054258880096,
        -91.07045715033746
      ],
      [
        0.020655505611263607,
        0.014900417143909186,
        0.9996756112143982,
        -2.436468512906149
      ],
      [
        0.0,
        0.0,
        0.0,
        1.0
      ]
    ],
    "location": [
      -33.229640907403336,
      -91.07045715033746,
      -2.436468512906149
    ],
    "rotation": [
      0.014904148571570183,
      -0.02065697467160502,
      1.4317033169936624
    ]
  },
  {
    "label_id": "9QvradQC1ASnPu8heK5ixA",
    "size": [
      2.1084490416376656,
      4.389297726515963,
      1.5900000000000034
    ],
    "obj_class": "vehicle",
    "point_num_in_lidar": 93,
    "speed": 1.034565839472708e-12,
    "if_vehicle": true,
    "motion_state": false,
    "pose": [
      [
        0.9252630922504942,
        0.37913940789603634,
        0.011896196841702875,
        -44.745493665603135
      ],
      [
        -0.37882214928814884,
        0.9251954530610732,
        -0.022520054258880096,
        -134.68884503129448
      ],
      [
        -0.01954454726416141,
        0.016330432185291534,
        0.9996756112143982,
        -3.3747362695188876
      ],
      [
        0.0,
        0.0,
        0.0,
        1.0
      ]
    ],
    "location": [
      -44.745493665603135,
      -134.68884503129448,
      -3.3747362695188876
    ],
    "rotation": [
      0.016334278449338654,
      0.019545791779511296,
      -0.3886014617418843
    ]
  },
  {
    "label_id": "BZ-yjQUq0kNU041MoEhW2g",
    "size": [
      1.822719939597794,
      4.295853645267724,
      1.4535850013309037
    ],
    "obj_class": "vehicle",
    "point_num_in_lidar": 48,
    "speed": 0.0,
    "if_vehicle": true,
    "motion_state": false,
    "pose": [
      [
        0.9472162573828685,
        0.32037453433488566,
        0.011896196841702875,
        -44.980516053223255
      ],
      [
        -0.3200621413873097,
        0.9471288575514669,
        -0.022520054258880096,
        -131.7283354209103
      ],
      [
        -0.018482083220274483,
        0.01752383927563516,
        0.9996756112143982,
        -3.4957568478162706
      ],
      [
        0.0,
        0.0,
        0.0,
        1.0
      ]
    ],
    "location": [
      -44.980516053223255,
      -131.7283354209103,
      -3.4957568478162706
    ],
    "rotation": [
      0.017527730472312587,
      0.018483135589839588,
      -0.32585279346216933
    ]
  },
  {
    "label_id": "CYgZTdc8n8BmocfFiCVd-g",
    "size": [
      1.950433301853559,
      4.516909538653063,
      1.9300000000000033
    ],
    "obj_class": "vehicle",
    "point_num_in_lidar": 569,
    "speed": 8.644125458514253e-13,
    "if_vehicle": true,
    "motion_state": false,
    "pose": [
      [
        -0.05443250328205885,
        0.9984465849944865,
        0.011896196841702875,
        -33.20892621008625
      ],
      [
        -0.9982785586319047,
        -0.054155023146370156,
        -0.022520054258880096,
        -112.2267655568794
      ],
      [
        -0.02184083245335318,
        -0.013101541163695198,
        0.9996756112143982,
        -2.557381995676721
      ],
      [
        0.0,
        0.0,
        0.0,
        1.0
      ]
    ],
    "location": [
      -33.20892621008625,
      -112.2267655568794,
      -2.557381995676721
    ],
    "rotation": [
      -0.013105042254977122,
      0.021842569252325778,
      -1.6252687523169362
    ]
  },
  {
    "label_id": "CrBLFWxcfuaKi5ST0mekhA",
    "size": [
      0.9173643431724122,
      0.09628066794920347,
      0.9100000000000037
    ],
    "obj_class": "sign",
    "point_num_in_lidar": 34,
    "speed": 0.04216693837122224,
    "if_vehicle": false,
    "motion_state": false,
    "pose": [
      [
        0.10264292433935869,
        -0.9946471286761795,
        0.011896196841702875,
        -37.87718165158276
      ],
      [
        0.9944927147602426,
        0.10235764478034808,
        -0.022520054258880096,
        -129.04126810918206
      ],
      [
        0.021181840615666733,
        0.014142205317839798,
        0.9996756112143982,
        -0.9339303302595283
      ],
      [
        0.0,
        0.0,
        0.0,
        1.0
      ]
    ],
    "location": [
      -37.87718165158276,
      -129.04126810918206,
      -0.9339303302595283
    ],
    "rotation": [
      0.014145850751496346,
      -0.02118342487960409,
      1.4679491524469068
    ]
  },
  {
    "label_id": "D6IfrA-nMWGXJ2j5fWTyXQ",
    "size": [
      1.8548375349018218,
      4.33816525218244,
      1.360480983883516
    ],
    "obj_class": "vehicle",
    "point_num_in_lidar": 23,
    "speed": 1.0247593068766006e-12,
    "if_vehicle": true,
    "motion_state": false,
    "pose": [
      [
        0.9325119051427927,
        0.36094324660209776,
        0.011896196841702875,
        -44.23225500913304
      ],
      [
        -0.36062737373063997,
        0.932438064684362,
        -0.022520054258880096,
        -115.63384484362541
      ],
      [
        -0.01922092825803723,
        0.016710124476461297,
        0.9996756112143982,
        -3.407850744487572
      ],
      [
        0.0,
        0.0,
        0.0,
        1.0
      ]
    ],
    "location": [
      -44.23225500913304,
      -115.63384484362541,
      -3.407850744487572
    ],
    "rotation": [
      0.01671399024578094,
      0.019222111964541575,
      -0.3690118840080522
    ]
  },
  {
    "label_id": "Irrp7c9HrOs1nyK9NCdnZg",
    "size": [
      2.0041518735695547,
      4.917299256640257,
      2.0500000000000043
    ],
    "obj_class": "vehicle",
    "point_num_in_lidar": 6359,
    "speed": 15.867334585708964,
    "if_vehicle": true,
    "motion_state": true,
    "pose": [
      [
        0.040265018618226185,
        -0.9991182156163391,
        0.011896196841702875,
        -5.990426800613932
      ],
      [
        0.9989462703669255,
        0.03998994968972217,
        -0.022520054258880096,
        -111.57400454493836
      ],
      [
        0.02202446811351669,
        0.012790431870587156,
        0.9996756112143982,
        -2.3740789672111973
      ],
      [
        0.0,
        0.0,
        0.0,
        1.0
      ]
    ],
    "location": [
      -5.990426800613932,
      -111.57400454493836,
      -2.3740789672111973
    ],
    "rotation": [
      0.012793884194759872,
      -0.02202624909684372,
      1.5305106428353767
    ]
  },
  {
    "label_id": "KBYyTquOIk4W6w_VAnBJvQ",
    "size": [
      2.202360006579056,
      4.8445259893152794,
      1.8200000000000038
    ],
    "obj_class": "vehicle",
    "point_num_in_lidar": 308,
    "speed": 11.412027417454679,
    "if_vehicle": true,
    "motion_state": true,
    "pose": [
      [
        -0.06521229946360242,
        0.9978004993481278,
        0.011896196841702875,
        -25.786528150363665
      ],
      [
        -0.9976354794999661,
        -0.06493302086804421,
        -0.022520054258880096,
        -103.58618162185121
      ],
      [
        -0.021698065387084835,
        -0.013336652562664893,
        0.9996756112143982,
        -2.2920094441473466
      ],
      [
        0.0,
        0.0,
        0.0,
        1.0
      ]
    ],
    "location": [
      -25.786528150363665,
      -103.58618162185121,
      -2.2920094441473466
    ],
    "rotation": [
      -0.013340188827866153,
      0.02169976834461506,
      -1.6360703250779487
    ]
  },
  {
    "label_id": "KE-n4BCpMYY4onuCOe_Cxg",
    "size": [
      2.0080467969612403,
      4.605128188340819,
      1.610000000000003
    ],
    "obj_class": "vehicle",
    "point_num_in_lidar": 670,
    "speed": 15.981847365395078,
    "if_vehicle": true,
    "motion_state": true,
    "pose": [
      [
        0.04121544927693017,
        -0.9990794599237862,
        0.011896196841702875,
        -5.487307781387244
      ],
      [
        0.9989077764218641,
        0.04094021690348551,
        -0.022520054258880096,
        -96.87925130804979
      ],
      [
        0.022012290767390412,
        0.012811377689042808,
        0.9996756112143982,
        -2.3279207707403593
      ],
      [
        0.0,
        0.0,
        0.0,
        1.0
      ]
    ],
    "location": [
      -5.487307781387244,
      -96.87925130804979,
      -2.3279207707403593
    ],
    "rotation": [
      0.012814833374981028,
      -0.02201406879779992,
      1.5295592023037305
    ]
  },
  {
    "label_id": "P3VqmcQjGG_-0RYvPv6e6g",
    "size": [
      2.250624786664527,
      4.839295668185866,
      1.4958446391827813
    ],
    "obj_class": "vehicle",
    "point_num_in_lidar": 37,
    "speed": 1.0247593068766006e-12,
    "if_vehicle": true,
    "motion_state": false,
    "pose": [
      [
        0.9567485741557789,
        0.2906727478653402,
        0.011896196841702875,
        -44.85104948839489
      ],
      [
        -0.29036323313333684,
        0.9566514725857753,
        -0.022520054258880096,
        -129.26178239226283
      ],
      [
        -0.01792648028029054,
        0.01809181162514687,
        0.9996756112143982,
        -3.4668866667422265
      ],
      [
        0.0,
        0.0,
        0.0,
        1.0
      ]
    ],
    "location": [
      -44.85104948839489,
      -129.26178239226283,
      -3.4668866667422265
    ],
    "rotation": [
      0.01809570687739047,
      0.017927440557549593,
      -0.2946551710389954
    ]
  },
  {
    "label_id": "Q6L8E4YXt0H-p-ivoC7uhw",
    "size": [
      1.8671971686949886,
      4.568158551612744,
      1.4315060933022323
    ],
    "obj_class": "vehicle",
    "point_num_in_lidar": 52,
    "speed": 10.850789317880844,
    "if_vehicle": true,
    "motion_state": true,
    "pose": [
      [
        -0.056899263200425806,
        0.9983090475138209,
        0.011896196841702875,
        -27.339532063565457
      ],
      [
        -0.9981417072520952,
        -0.05662136875818236,
        -0.022520054258880096,
        -53.08237919469502
      ],
      [
        -0.021808394968948173,
        -0.013155464719948178,
        0.9996756112143982,
        -1.3145392807973764
      ],
      [
        0.0,
        0.0,
        0.0,
        1.0
      ]
    ],
    "location": [
      -27.339532063565457,
      -53.08237919469502,
      -1.3145392807973764
    ],
    "rotation": [
      -0.013158974007509535,
      0.021810124039948392,
      -1.6277398945694572
    ]
  },
  {
    "label_id": "Tp_mTbnf0rXpgHOrql5mPA",
    "size": [
      0.45677560505629944,
      0.08929268673868548,
      1.2900000000000027
    ],
    "obj_class": "sign",
    "point_num_in_lidar": 52,
    "speed": 0.034456846537114685,
    "if_vehicle": false,
    "motion_state": false,
    "pose": [
      [
        0.9993656055755241,
        0.03356883812957415,
        0.011896196841702875,
        -14.24894092525301
      ],
      [
        -0.03329492761424329,
        0.9991918208989401,
        -0.022520054258880096,
        -99.38250639481885
      ],
      [
        -0.012642554640118887,
        0.02210968464929008,
        0.9996756112143982,
        -2.2499307627518945
      ],
      [
        0.0,
        0.0,
        0.0,
        1.0
      ]
    ],
    "location": [
      -14.24894092525301,
      -99.38250639481885,
      -2.2499307627518945
    ],
    "rotation": [
      0.022113253974274445,
      0.012642891449753441,
      -0.03330374484174708
    ]
  },
  {
    "label_id": "UKN8Zb93ZEAai1XgQqdhAg",
    "size": [
      2.176398735563015,
      4.9145531528697965,
      1.6377201400438501
    ],
    "obj_class": "vehicle",
    "point_num_in_lidar": 27,
    "speed": 11.597418995710056,
    "if_vehicle": true,
    "motion_state": true,
    "pose": [
      [
        -0.032902610743880505,
        0.9993877619357465,
        0.011896196841702875,
        -19.398778572323863
      ],
      [
        -0.9992137946972944,
        -0.03262881614172483,
        -0.022520054258880096,
        -44.85187012271308
      ],
      [
        -0.022118107804920066,
        -0.012627812567874899,
        0.9996756112143982,
        -1.0872236045125376
      ],
      [
        0.0,
        0.0,
        0.0,
        1.0
      ]
    ],
    "location": [
      -19.398778572323863,
      -44.85187012271308,
      -1.0872236045125376
    ],
    "rotation": [
      -0.012631238411300167,
      0.022119911604519447,
      -1.6037129325318717
    ]
  },
  {
    "label_id": "V3RVJ7DlziS_ffNdkw1atQ",
    "size": [
      2.012784348428425,
      4.224902453012272,
      1.6302669350628847
    ],
    "obj_class": "vehicle",
    "point_num_in_lidar": 136,
    "speed": 11.45167009067708,
    "if_vehicle": true,
    "motion_state": true,
    "pose": [
      [
        -0.06445291530290177,
        0.9978498395097634,
        0.011896196841702875,
        -24.284236969376252
      ],
      [
        -0.997684607167436,
        -0.06417376237479021,
        -0.022520054258880096,
        -80.32332669184689
      ],
      [
        -0.021708208818691496,
        -0.013320135622565175,
        0.9996756112143982,
        -2.012085645255091
      ],
      [
        0.0,
        0.0,
        0.0,
        1.0
      ]
    ],
    "location": [
      -24.284236969376252,
      -80.32332669184689,
      -2.012085645255091
    ],
    "rotation": [
      -0.013323669464623164,
      0.021709914165976844,
      -1.635309174173032
    ]
  },
  {
    "label_id": "_0_6lKuHJjMatxHJZo4XCA",
    "size": [
      2.0288188579973956,
      4.825334032703438,
      1.486057306469732
    ],
    "obj_class": "vehicle",
    "point_num_in_lidar": 26,
    "speed": 1.5106345774618503e-12,
    "if_vehicle": true,
    "motion_state": false,
    "pose": [
      [
        0.891302769009785,
        0.4532525283505801,
        0.011896196841702875,
        -44.69035751656702
      ],
      [
        -0.45293081417112,
        0.891261198936913,
        -0.022520054258880096,
        -123.85365033299786
      ],
      [
        -0.020809890191355273,
        0.01468403259813804,
        0.9996756112143982,
        -3.4359353373413164
      ],
      [
        0.0,
        0.0,
        0.0,
        1.0
      ]
    ],
    "location": [
      -44.69035751656702,
      -123.85365033299786,
      -3.4359353373413164
    ],
    "rotation": [
      0.014687741193962265,
      0.020811392443252613,
      -0.47015998510187285
    ]
  },
  {
    "label_id": "a9ud6ZG8FcMmRRVYy5hBYw",
    "size": [
      2.068726571695993,
      4.669869232318501,
      1.4668404177813876
    ],
    "obj_class": "vehicle",
    "point_num_in_lidar": 38,
    "speed": 11.301114391583885,
    "if_vehicle": true,
    "motion_state": true,
    "pose": [
      [
        -0.13316934903287844,
        0.9910218993437345,
        0.011896196841702875,
        -31.697040329030642
      ],
      [
        -0.9908763277429627,
        -0.13287945768552056,
        -0.022520054258880096,
        -123.6515024600285
      ],
      [
        -0.02073710676011363,
        -0.01478664080645414,
        0.9996756112143982,
        -2.9520536925367935
      ],
      [
        0.0,
        0.0,
        0.0,
        1.0
      ]
    ],
    "location": [
      -31.697040329030642,
      -123.6515024600285,
      -2.9520536925367935
    ],
    "rotation": [
      -0.01479036040175454,
      0.02073859330249338,
      -1.704391356323831
    ]
  },
  {
    "label_id": "bCbo2xKSICAefdmS0oegsw",
    "size": [
      2.2052539399703055,
      5.342787782384308,
      2.5352075881934155
    ],
    "obj_class": "vehicle",
    "point_num_in_lidar": 108,
    "speed": 1.7053025658242404e-12,
    "if_vehicle": true,
    "motion_state": false,
    "pose": [
      [
        -0.9361918394881803,
        0.35128808715417714,
        0.011896196841702875,
        -55.957480079391644
      ],
      [
        -0.351474682360081,
        -0.9359264900706985,
        -0.022520054258880096,
        -126.63226034331092
      ],
      [
        0.00322293897203483,
        -0.025264303028225105,
        0.9996756112143982,
        -3.271254139073857
      ],
      [
        0.0,
        0.0,
        0.0,
        1.0
      ]
    ],
    "location": [
      -55.957480079391644,
      -126.63226034331092,
      -3.271254139073857
    ],
    "rotation": [
      -0.025267122695441582,
      -0.0032229445516857073,
      -2.7824448817492393
    ]
  },
  {
    "label_id": "c6pqigyvYSVSXKIiUs4Mrg",
    "size": [
      0.7950640377784506,
      0.9425249904647439,
      1.1799999999999997
    ],
    "obj_class": "sign",
    "point_num_in_lidar": 20,
    "speed": 0.012557391470880697,
    "if_vehicle": false,
    "motion_state": false,
    "pose": [
      [
        0.08572050459905771,
        -0.9962481997935989,
        0.011896196841702875,
        -32.35237920734471
      ],
      [
        0.9960889588408219,
        0.08543789107641075,
        -0.022520054258880096,
        -72.91271604323265
      ],
      [
        0.021419177544678515,
        0.01378010074088665,
        0.9996756112143982,
        -1.9404086240736937
      ],
      [
        0.0,
        0.0,
        0.0,
        1.0
      ]
    ],
    "location": [
      -32.35237920734471,
      -72.91271604323265,
      -1.9404086240736937
    ],
    "rotation": [
      0.013783699311849343,
      -0.02142081566877152,
      1.484950751499923
    ]
  },
  {
    "label_id": "cNWmXBjxsIsirTIu5AYIng",
    "size": [
      2.1235353728580724,
      4.783454623322626,
      1.612213484190903
    ],
    "obj_class": "vehicle",
    "point_num_in_lidar": 109,
    "speed": 12.520972268639234,
    "if_vehicle": true,
    "motion_state": true,
    "pose": [
      [
        -0.062564886936899,
        0.9979699972560682,
        0.011896196841702875,
        -20.66741734282641
      ],
      [
        -0.9978042370574173,
        -0.062286047124878785,
        -0.022520054258880096,
        -78.009797461993
      ],
      [
        -0.021733371409851935,
        -0.013279040262039857,
        0.9996756112143982,
        -2.0885208242840534
      ],
      [
        0.0,
        0.0,
        0.0,
        1.0
      ]
    ],
    "location": [
      -20.66741734282641,
      -78.009797461993,
      -2.0885208242840534
    ],
    "rotation": [
      -0.013282568043602512,
      0.021735082695002815,
      -1.6334169129551142
    ]
  },
  {
    "label_id": "d4ajfIN3Bvzz0nrJjaFqyQ",
    "size": [
      0.6619503964107021,
      0.07957740070102917,
      0.306946122928867
    ],
    "obj_class": "sign",
    "point_num_in_lidar": 268,
    "speed": 0.03624574781305082,
    "if_vehicle": false,
    "motion_state": false,
    "pose": [
      [
        -0.10353935473070981,
        0.9945542129631003,
        0.011896196841702875,
        3.524234113165221
      ],
      [
        -0.9944000562313797,
        -0.10325393611483218,
        -0.022520054258880096,
        -114.18791173372665
      ],
      [
        -0.02116908569062415,
        -0.014161290694793919,
        0.9996756112143982,
        -1.2597685272451002
      ],
      [
        0.0,
        0.0,
        0.0,
        1.0
      ]
    ],
    "location": [
      3.524234113165221,
      -114.18791173372665,
      -1.2597685272451002
    ],
    "rotation": [
      -0.014164938496319505,
      0.021170667093943635,
      -1.6745449096926055
    ]
  },
  {
    "label_id": "dI_Cs8sdEP9J4-t35jdgfQ",
    "size": [
      0.4508586496381856,
      0.05525218425557021,
      0.5800000000000018
    ],
    "obj_class": "sign",
    "point_num_in_lidar": 32,
    "speed": 0.03098073351095639,
    "if_vehicle": false,
    "motion_state": false,
    "pose": [
      [
        -0.05780187930387217,
        0.998257192936592,
        0.011896196841702875,
        4.486794971859126
      ],
      [
        -0.9980901040066045,
        -0.05752383367146644,
        -0.022520054258880096,
        -97.37264572695676
      ],
      [
        -0.021796491300804247,
        -0.013175177801206701,
        0.9996756112143982,
        -0.15592312008344678
      ],
      [
        0.0,
        0.0,
        0.0,
        1.0
      ]
    ],
    "location": [
      4.486794971859126,
      -97.37264572695676,
      -0.15592312008344678
    ],
    "rotation": [
      -0.01317869006602748,
      0.021798217541611712,
      -1.6286441995160323
    ]
  },
  {
    "label_id": "dkBBjdWd3pD0qSre4uBr4A",
    "size": [
      0.7950640377799674,
      0.9425249904647439,
      1.0800000000000018
    ],
    "obj_class": "sign",
    "point_num_in_lidar": 25,
    "speed": 0.015161328696276085,
    "if_vehicle": false,
    "motion_state": false,
    "pose": [
      [
        0.03741476502262845,
        -0.9992290107172654,
        0.011896196841702875,
        -34.824244109880965
      ],
      [
        0.9990562815044004,
        0.03714018770519807,
        -0.022520054258880096,
        -77.2079251200721
      ],
      [
        0.022060864554721067,
        0.012727552719108907,
        0.9996756112143982,
        -1.94075573008233
      ],
      [
        0.0,
        0.0,
        0.0,
        1.0
      ]
    ],
    "location": [
      -34.824244109880965,
      -77.2079251200721,
      -1.94075573008233
    ],
    "rotation": [
      0.01273099488390671,
      -0.02206265438340933,
      1.5333637127516846
    ]
  },
  {
    "label_id": "gv2WLpRPACVMXeXHt4YmCg",
    "size": [
      2.2960499177064446,
      4.854302326621074,
      1.8492944185417457
    ],
    "obj_class": "vehicle",
    "point_num_in_lidar": 27,
    "speed": 7.652779469160725e-13,
    "if_vehicle": true,
    "motion_state": false,
    "pose": [
      [
        0.9172974276752099,
        0.3980250113763538,
        0.011896196841702875,
        -44.254088725616384
      ],
      [
        -0.3977064330102884,
        0.9172363055932806,
        -0.022520054258880096,
        -112.64261776774038
      ],
      [
        -0.019875168494280854,
        0.01592639383047496,
        0.9996756112143982,
        -3.143364539310312
      ],
      [
        0.0,
        0.0,
        0.0,
        1.0
      ]
    ],
    "location": [
      -44.254088725616384,
      -112.64261776774038,
      -3.143364539310312
    ],
    "rotation": [
      0.01593021416770672,
      0.019876477249475617,
      -0.409101362244954
    ]
  },
  {
    "label_id": "mjHzioKkfd6uF_DFvquivw",
    "size": [
      1.9331349028354639,
      4.6637678797215285,
      1.5157934779913838
    ],
    "obj_class": "vehicle",
    "point_num_in_lidar": 590,
    "speed": 12.509971153213074,
    "if_vehicle": true,
    "motion_state": true,
    "pose": [
      [
        -0.06806492864398725,
        0.9976099668655043,
        0.011896196841702875,
        -22.567409403272904
      ],
      [
        -0.9974457462008924,
        -0.06778517936777961,
        -0.022520054258880096,
        -105.27256858127475
      ],
      [
        -0.021659844746301487,
        -0.013398636821914419,
        0.9996756112143982,
        -2.6200178438303645
      ],
      [
        0.0,
        0.0,
        0.0,
        1.0
      ]
    ],
    "location": [
      -22.567409403272904,
      -105.27256858127475,
      -2.6200178438303645
    ],
    "rotation": [
      -0.013402182115604589,
      0.021661538719249526,
      -1.6389299299481974
    ]
  },
  {
    "label_id": "pOpngrVB8lN0PzlZlu3VfQ",
    "size": [
      0.7560385069448894,
      1.1080202255438867,
      1.120000000000001
    ],
    "obj_class": "sign",
    "point_num_in_lidar": 34,
    "speed": 0.031266131567909465,
    "if_vehicle": false,
    "motion_state": false,
    "pose": [
      [
        0.037414765024060874,
        -0.9992290107172118,
        0.011896196841702875,
        -34.776084639795044
      ],
      [
        0.9990562815043471,
        0.03714018770663024,
        -0.022520054258880096,
        -79.45026985459663
      ],
      [
        0.022060864554702825,
        0.012727552719140533,
        0.9996756112143982,
        -2.0716460223234705
      ],
      [
        0.0,
        0.0,
        0.0,
        1.0
      ]
    ],
    "location": [
      -34.776084639795044,
      -79.45026985459663,
      -2.0716460223234705
    ],
    "rotation": [
      0.012730994883938342,
      -0.02206265438339108,
      1.5333637127502509
    ]
  },
  {
    "label_id": "sFagMARgWtSpUUolDUyUSw",
    "size": [
      2.08008594685427,
      4.8820270426685575,
      1.6731084969654475
    ],
    "obj_class": "vehicle",
    "point_num_in_lidar": 444,
    "speed": 12.96761696910404,
    "if_vehicle": true,
    "motion_state": true,
    "pose": [
      [
        -0.04211230486666204,
        0.9990420583136232,
        0.011896196841702875,
        -23.940330024572177
      ],
      [
        -0.9988706219565843,
        -0.041836918484083975,
        -0.022520054258880096,
        -128.15406118653118
      ],
      [
        -0.022000781142589108,
        -0.012831132928753432,
        0.9996756112143982,
        -3.003215073371752
      ],
      [
        0.0,
        0.0,
        0.0,
        1.0
      ]
    ],
    "location": [
      -23.940330024572177,
      -128.15406118653118,
      -3.003215073371752
    ],
    "rotation": [
      -0.01283459177506402,
      0.022002556385001436,
      -1.6129312935814646
    ]
  }
]