[
  {
    "label_id": "0Eq8cAM7_neKTPz7FVCtaQ",
    "size": [
      2.0210429669653887,
      4.385455252664733,
      1.604676338982454
    ],
    "obj_class": "vehicle",
    "point_num_in_lidar": 257,
    "speed": 10.34078693024167,
    "if_vehicle": true,
    "motion_state": true,
    "pose": [
      [
        -0.02269583048375866,
        0.9996854878920975,
        0.010668860135520658,
        -26.96540105810891
      ],
      [
        -0.9991610165756756,
        -0.022317445882613203,
        -0.034339402509934516,
        -61.51212411455708
      ],
      [
        -0.034090500643363365,
        -0.01143927039698955,
        0.9993532813068006,
        -1.3461778726783535
      ],
      [
        0.0,
        0.0,
        0.0,
        1.0
      ]
    ],
    "location": [
      -26.96540105810891,
      -61.51212411455708,
      -1.3461778726783535
    ],
    "rotation": [
      -0.011446173275292593,
      0.034097107214403496,
      -1.5935073091977936
    ]
  },
  {
    "label_id": "0ec9undU7bwuGtzD3r5HNw",
    "size": [
      2.143628121551288,
      4.437354281848378,
      2.0100000000000016
    ],
    "obj_class": "vehicle",
    "point_num_in_lidar": 24,
    "speed": 9.948011564054683,
    "if_vehicle": true,
    "motion_state": true,
    "pose": [
      [
        -0.03716522179871993,
        0.999252181239581,
        0.010668860135520658,
        -24.599004414682895
      ],
      [
        -0.9987332424986967,
        -0.03677928443159569,
        -0.034339402509934516,
        -8.403302064654781
      ],
      [
        -0.03392132981903079,
        -0.011931576787630868,
        0.9993532813068006,
        0.43756518976607595
      ],
      [
        0.0,
        0.0,
        0.0,
        1.0
      ]
    ],
    "location": [
      -24.599004414682895,
      -8.403302064654781,
      0.43756518976607595
    ],
    "rotation": [
      -0.011938730900370438,
      0.0339278384901887,
      -1.6079915251610268
    ]
  },
  {
    "label_id": "3xp7fav1XDT13tIERFz4Yw",
    "size": [
      1.7950243845311145,
      3.727424411905237,
      1.6243614469938272
    ],
    "obj_class": "vehicle",
    "point_num_in_lidar": 144,
    "speed": 15.108548150744449,
    "if_vehicle": true,
    "motion_state": true,
    "pose": [
      [
        0.048800502795741135,
        -0.9987515638787713,
        0.010668860135520658,
        1.7386767250727644
      ],
      [
        0.9982371551576645,
        0.048408547778190966,
        -0.034339402509934516,
        -11.488358604645327
      ],
      [
        0.03378006793385052,
        0.012325832698647298,
        0.9993532813068006,
        0.28725218437065436
      ],
      [
        0.0,
        0.0,
        0.0,
        1.0
      ]
    ],
    "location": [
      1.7386767250727644,
      -11.488358604645327,
      0.28725218437065436
    ],
    "rotation": [
      0.012333183842628695,
      -0.03378649560140405,
      1.5219485335000849
    ]
  },
  {
    "label_id": "4grpgyYWcxgYlVUtPA48ww",
    "size": [
      0.5280064887416979,
      0.07280175780694251,
      0.5500000000000043
    ],
    "obj_class": "sign",
    "point_num_in_lidar": 33,
    "speed": 0.03290388993552587,
    "if_vehicle": false,
    "motion_state": false,
    "pose": [
      [
        0.01613780441412646,
        0.9998128558345807,
        0.010668860135520658,
        7.4543678462514436
      ],
      [
        -0.9992740878380983,
        0.01649553911205196,
        -0.034339402509934516,
        -24.26806433600541
      ],
      [
        -0.034508964690757295,
        -0.01010695291879137,
        0.9993532813068006,
        1.9827880161964515
      ],
      [
        0.0,
        0.0,
        0.0,
        1.0
      ]
    ],
    "location": [
      7.4543678462514436,
      -24.26806433600541,
      1.9827880161964515
    ],
    "rotation": [
      -0.01011314871327467,
      0.03451581763782277,
      -1.5546482029938893
    ]
  },
  {
    "label_id": "Dlq_fzd0Zs7aN55n-ILhPg",
    "size": [
      2.1132725711340052,
      4.613436772170868,
      1.8401915579119965
    ],
    "obj_class": "vehicle",
    "point_num_in_lidar": 709,
    "speed": 9.282932570464043,
    "if_vehicle": true,
    "motion_state": true,
    "pose": [
      [
        -0.03810033500992679,
        0.9992169633745916,
        0.010668860135520658,
        -23.268240899415105
      ],
      [
        -0.9986983860324468,
        -0.03771391217371302,
        -0.034339402509934516,
        -62.71673283048949
      ],
      [
        -0.03391014904592995,
        -0.01196331613781962,
        0.9993532813068006,
        -1.3324141766085198
      ],
      [
        0.0,
        0.0,
        0.0,
        1.0
      ]
    ],
    "location": [
      -23.268240899415105,
      -62.71673283048949,
      -1.3324141766085198
    ],
    "rotation": [
      -0.011970486251596689,
      0.033916651281039635,
      -1.6089278264016722
    ]
  },
  {
    "label_id": "Irrp7c9HrOs1nyK9NCdnZg",
    "size": [
      2.0041518735681336,
      4.917299256640257,
      2.0500000000000043
    ],
    "obj_class": "vehicle",
    "point_num_in_lidar": 1511,
    "speed": 16.11616784991963,
    "if_vehicle": true,
    "motion_state": true,
    "pose": [
      [
        0.03626567920015451,
        -0.9992852325215059,
        0.010668860135520658,
        -3.0527438139979495
      ],
      [
        0.9987659465697871,
        0.035880209138436446,
        -0.034339402509934516,
        -38.58005333439178
      ],
      [
        0.0339320568888583,
        0.011901035947424223,
        0.9993532813068006,
        -0.47652650820221254
      ],
      [
        0.0,
        0.0,
        0.0,
        1.0
      ]
    ],
    "location": [
      -3.0527438139979495,
      -38.58005333439178,
      -0.47652650820221254
    ],
    "rotation": [
      0.01190817464060837,
      -0.033938571738889534,
      1.5345017837734896
    ]
  },
  {
    "label_id": "KE-n4BCpMYY4onuCOe_Cxg",
    "size": [
      2.0080467969614695,
      4.605128188340819,
      1.610000000000003
    ],
    "obj_class": "vehicle",
    "point_num_in_lidar": 346,
    "speed": 15.690850894667372,
    "if_vehicle": true,
    "motion_state": true,
    "pose": [
      [
        0.047524563614454896,
        -0.9988130912621561,
        0.010668860135520658,
        -2.243770517457051
      ],
      [
        0.9982981822405314,
        0.047133266070911665,
        -0.034339402509934516,
        -24.759899148390105
      ],
      [
        0.03379578654960231,
        0.012282668798934498,
        0.9993532813068006,
        -0.21803430973475812
      ],
      [
        0.0,
        0.0,
        0.0,
        1.0
      ]
    ],
    "location": [
      -2.243770517457051,
      -24.759899148390105,
      -0.21803430973475812
    ],
    "rotation": [
      0.012289998556440291,
      -0.03380222319722034,
      1.523226661039679
    ]
  },
  {
    "label_id": "P8RZnw2y2LdjAlYaVdCWug",
    "size": [
      2.172502278757758,
      4.389178354671179,
      1.7000000000000028
    ],
    "obj_class": "vehicle",
    "point_num_in_lidar": 56,
    "speed": 7.105427357601002e-13,
    "if_vehicle": true,
    "motion_state": false,
    "pose": [
      [
        -0.9985241679507216,
        0.053250929022202194,
        0.010668860135520658,
        12.820625615237986
      ],
      [
        -0.05358841192258825,
        -0.9979724883697324,
        -0.034339402509934516,
        19.314392708489322
      ],
      [
        0.008818623811792837,
        -0.034860450590844055,
        0.9993532813068006,
        1.45047393108716
      ],
      [
        0.0,
        0.0,
        0.0,
        1.0
      ]
    ],
    "location": [
      12.820625615237986,
      19.314392708489322,
      1.45047393108716
    ],
    "rotation": [
      -0.03486887157403811,
      -0.008818738117100933,
      -3.0879764731432964
    ]
  },
  {
    "label_id": "PTmdSbz-CCtd-8yCV-7YpA",
    "size": [
      2.121458246378553,
      4.701555991474338,
      1.8876587865599426
    ],
    "obj_class": "vehicle",
    "point_num_in_lidar": 494,
    "speed": 10.069431615660081,
    "if_vehicle": true,
    "motion_state": true,
    "pose": [
      [
        -0.03716991622290698,
        0.9992520066286537,
        0.010668860135520658,
        -25.593656422039203
      ],
      [
        -0.9987330697008847,
        -0.036783976417845074,
        -0.034339402509934516,
        -35.107095150084206
      ],
      [
        -0.033921273764850816,
        -0.011931736147796891,
        0.9993532813068006,
        -0.4564747521945911
      ],
      [
        0.0,
        0.0,
        0.0,
        1.0
      ]
    ],
    "location": [
      -25.593656422039203,
      -35.107095150084206,
      -0.4564747521945911
    ],
    "rotation": [
      -0.011938890340936302,
      0.03392778240373136,
      -1.6079962254690174
    ]
  },
  {
    "label_id": "RlOZ9UW7x-3KSaYjl4ndMA",
    "size": [
      2.0114113124980255,
      4.382567611808012,
      1.5699999999999967
    ],
    "obj_class": "vehicle",
    "point_num_in_lidar": 436,
    "speed": 0.06649517804041945,
    "if_vehicle": true,
    "motion_state": false,
    "pose": [
      [
        -0.08580971657288561,
        0.9962544192951365,
        0.010668860135520658,
        -29.80102059598812
      ],
      [
        -0.9957549017627034,
        -0.08539895228168512,
        -0.034339402509934516,
        -47.24449760663083
      ],
      [
        -0.03329967202886347,
        -0.013570224172825114,
        0.9993532813068006,
        -1.023788618085426
      ],
      [
        0.0,
        0.0,
        0.0,
        1.0
      ]
    ],
    "location": [
      -29.80102059598812,
      -47.24449760663083,
      -1.023788618085426
    ],
    "rotation": [
      -0.01357817145387584,
      0.03330582925941899,
      -1.656759492870339
    ]
  },
  {
    "label_id": "SO4vsv-jRIt_VEpSG6WCUg",
    "size": [
      1.9647134988772184,
      4.0842048187966125,
      1.5700000000000003
    ],
    "obj_class": "vehicle",
    "point_num_in_lidar": 27,
    "speed": 0.012149759136387037,
    "if_vehicle": true,
    "motion_state": false,
    "pose": [
      [
        -0.028463803924829164,
        0.9995378868704966,
        0.010668860135520658,
        -28.36934869453944
      ],
      [
        -0.9990156076272177,
        -0.028082399336270603,
        -0.034339402509934516,
        -9.768523137490774
      ],
      [
        -0.03402392663038687,
        -0.011635787810915534,
        0.9993532813068006,
        0.28411444280754594
      ],
      [
        0.0,
        0.0,
        0.0,
        1.0
      ]
    ],
    "location": [
      -28.36934869453944,
      -9.768523137490774,
      0.28411444280754594
    ],
    "rotation": [
      -0.011642791655657675,
      0.034030494558402576,
      -1.5992804718757103
    ]
  },
  {
    "label_id": "WlBil_NbwrbDGyQ9s3IH9Q",
    "size": [
      2.149611734224932,
      5.043978009510765,
      2.0602136168196274
    ],
    "obj_class": "vehicle",
    "point_num_in_lidar": 166,
    "speed": 11.375483429374246,
    "if_vehicle": true,
    "motion_state": true,
    "pose": [
      [
        -0.05002815904324194,
        0.9986908223900692,
        0.010668860135520658,
        -17.71426803615759
      ],
      [
        -0.9981768958595745,
        -0.049635571996350235,
        -0.034339402509934516,
        -16.568381957195015
      ],
      [
        -0.03376489115765449,
        -0.012367346782650876,
        0.9993532813068006,
        0.22887000069825447
      ],
      [
        0.0,
        0.0,
        0.0,
        1.0
      ]
    ],
    "location": [
      -17.71426803615759,
      -16.568381957195015,
      0.22887000069825447
    ],
    "rotation": [
      -0.012374718452273071,
      0.03377131016263035,
      -1.6208739558900855
    ]
  },
  {
    "label_id": "dvdG_f-6RVms8nISrSC8VA",
    "size": [
      2.036348935477605,
      4.458228043681338,
      1.7458161543778736
    ],
    "obj_class": "vehicle",
    "point_num_in_lidar": 465,
    "speed": 11.323322027989056,
    "if_vehicle": true,
    "motion_state": true,
    "pose": [
      [
        -0.031057309315223353,
        0.9994606640391142,
        0.010668860135520658,
        -19.372351480988073
      ],
      [
        -0.9989393762228311,
        -0.03067455080032353,
        -0.034339402509934516,
        -53.36599523161385
      ],
      [
        -0.03399361954307701,
        -0.01172403393423663,
        0.9993532813068006,
        -1.1738293192962317
      ],
      [
        0.0,
        0.0,
        0.0,
        1.0
      ]
    ],
    "location": [
      -19.372351480988073,
      -53.36599523161385,
      -1.1738293192962317
    ],
    "rotation": [
      -0.011731082825967645,
      0.03400016992933575,
      -1.6018765996611066
    ]
  },
  {
    "label_id": "fFGoPQbE4rNd-pAeLa899w",
    "size": [
      0.8272954504485613,
      0.8723419263057046,
      1.2199999999999989
    ],
    "obj_class": "sign",
    "point_num_in_lidar": 31,
    "speed": 0.02747936161399403,
    "if_vehicle": false,
    "motion_state": false,
    "pose": [
      [
        0.011602193143991765,
        0.9998757745528483,
        0.010668860135520658,
        -31.902460366467494
      ],
      [
        -0.999338634889593,
        0.011962368171293038,
        -0.034339402509934516,
        -60.4101088559928
      ],
      [
        -0.03446276151521193,
        -0.010263391743289677,
        0.9993532813068006,
        -1.4069070856039225
      ],
      [
        0.0,
        0.0,
        0.0,
        1.0
      ]
    ],
    "location": [
      -31.902460366467494,
      -60.4101088559928,
      -1.4069070856039225
    ],
    "rotation": [
      -0.010269672516390375,
      0.03446958696360812,
      -1.5591869768728788
    ]
  },
  {
    "label_id": "lHbE_TvXcnOnwbc9tjBmiw",
    "size": [
      1.8547855308590682,
      4.604259104690197,
      1.529544914510094
    ],
    "obj_class": "vehicle",
    "point_num_in_lidar": 647,
    "speed": 10.072969247325078,
    "if_vehicle": true,
    "motion_state": true,
    "pose": [
      [
        -0.04167683110821475,
        0.9990741800147704,
        0.010668860135520658,
        -22.288398318675718
      ],
      [
        -0.9985569892121342,
        -0.04128855447770239,
        -0.034339402509934516,
        -40.784713111679594
      ],
      [
        -0.03386710859188955,
        -0.012084622334014418,
        0.9993532813068006,
        -0.8015795284521232
      ],
      [
        0.0,
        0.0,
        0.0,
        1.0
      ]
    ],
    "location": [
      -22.288398318675718,
      -40.784713111679594,
      -0.8015795284521232
    ],
    "rotation": [
      -0.012091853379924057,
      0.03387358609101652,
      -1.612509175158707
    ]
  },
  {
    "label_id": "zhhPV79SMbAVe3KnAsS3ow",
    "size": [
      1.9835586724990502,
      4.519977447229803,
      1.6205850078196065
    ],
    "obj_class": "vehicle",
    "point_num_in_lidar": 82,
    "speed": 3.1776437161565096e-13,
    "if_vehicle": true,
    "motion_state": false,
    "pose": [
      [
        -0.022131352239702716,
        0.9996981437771358,
        0.010668860135520658,
        -28.540207690396528
      ],
      [
        -0.9991734588886194,
        -0.021753263842768863,
        -0.034339402509934516,
        -14.639723950831467
      ],
      [
        -0.03409695441816788,
        -0.011420019296655374,
        0.9993532813068006,
        0.08410623563977637
      ],
      [
        0.0,
        0.0,
        0.0,
        1.0
      ]
    ],
    "location": [
      -28.540207690396528,
      -14.639723950831467,
      0.08410623563977637
    ],
    "rotation": [
      -0.011426912236313518,
      0.034103564743357816,
      -1.5929423654423827
    ]
  },
  {
    "label_id": "zwdjX44zD5DT6AEef_FdTg",
    "size": [
      2.0392452537793297,
      4.884100863327777,
      1.577570207428927
    ],
    "obj_class": "vehicle",
    "point_num_in_lidar": 208,
    "speed": 0.014817666137891072,
    "if_vehicle": true,
    "motion_state": false,
    "pose": [
      [
        -0.02762263193032436,
        0.9995614866673538,
        0.010668860135520658,
        -29.107256666236935
      ],
      [
        -0.9990388866376767,
        -0.027241667001341348,
        -0.034339402509934516,
        -27.719730427957984
      ],
      [
        -0.034033706689003074,
        -0.01160715082772283,
        0.9993532813068006,
        -0.3964523918303229
      ],
      [
        0.0,
        0.0,
        0.0,
        1.0
      ]
    ],
    "location": [
      -29.107256666236935,
      -27.719730427957984,
      -0.3964523918303229
    ],
    "rotation": [
      -0.011614140015068572,
      0.03404028028440136,
      -1.5984384902345552
    ]
  }
]