[
  {
    "label_id": "3xp7fav1XDT13tIERFz4Yw",
    "size": [
      1.7950243845316822,
      3.727424411905237,
      1.6243614469938237
    ],
    "obj_class": "vehicle",
    "point_num_in_lidar": 119,
    "speed": 14.989881786430034,
    "if_vehicle": true,
    "motion_state": true,
    "pose": [
      [
        0.03314163402540895,
        -0.9993911399684672,
        0.010907861690239794,
        -1.5863260543155775
      ],
      [
        0.9991440058446889,
        0.032859153852841376,
        -0.02513029233223769,
        -90.06891306742182
      ],
      [
        0.024756568396170752,
        0.01173138357581257,
        0.9996246730451599,
        -2.1994423814847863
      ],
      [
        0.0,
        0.0,
        0.0,
        1.0
      ]
    ],
    "location": [
      -1.5863260543155775,
      -90.06891306742182,
      -2.1994423814847863
    ],
    "rotation": [
      0.011735249592964092,
      -0.024759097926499,
      1.5376384565108798
    ]
  },
  {
    "label_id": "7rO2HoapjvGfji-hLh3H7g",
    "size": [
      0.758101244983854,
      0.7491686719953333,
      1.720000000000006
    ],
    "obj_class": "pedestrian",
    "point_num_in_lidar": 86,
    "speed": 1.3026971539758012,
    "if_vehicle": false,
    "motion_state": true,
    "pose": [
      [
        -0.07240412678919876,
        0.997315727830079,
        0.010907861690239794,
        4.5698331194180355
      ],
      [
        -0.9970798896191774,
        -0.07211214963031773,
        -0.02513029233223769,
        -110.70285548803622
      ],
      [
        -0.024276246433554905,
        -0.012695546402358515,
        0.9996246730451599,
        -2.4591681372066567
      ],
      [
        0.0,
        0.0,
        0.0,
        1.0
      ]
    ],
    "location": [
      4.5698331194180355,
      -110.70285548803622,
      -2.4591681372066567
    ],
    "rotation": [
      -0.012699630393458108,
      0.024278631544374926,
      -1.6432852654808119
    ]
  },
  {
    "label_id": "8b89eLYLjjgUUWxMRAsRng",
    "size": [
      0.795064037779466,
      0.9425249904647439,
      1.1300000000000026
    ],
    "obj_class": "sign",
    "point_num_in_lidar": 32,
    "speed": 0.13273207048446936,
    "if_vehicle": false,
    "motion_state": false,
    "pose": [
      [
        0.13861692385900118,
        -0.9902860026139996,
        0.010907861690239794,
        -33.265767174615576
      ],
      [
        0.9900701189189505,
        0.13830989852903408,
        -0.02513029233223769,
        -91.11802234332754
      ],
      [
        0.023377511494667106,
        0.01428303173957941,
        0.9996246730451599,
        -2.4138301179901624
      ],
      [
        0.0,
        0.0,
        0.0,
        1.0
      ]
    ],
    "location": [
      -33.265767174615576,
      -91.11802234332754,
      -2.4138301179901624
    ],
    "rotation": [
      0.014287422313895641,
      -0.023379641351513637,
      1.4316933448216096
    ]
  },
  {
    "label_id": "8bwXd7og_NJIRvc6PFNwCA",
    "size": [
      1.9364346053395871,
      4.526265005085073,
      1.7600000000000051
    ],
    "obj_class": "vehicle",
    "point_num_in_lidar": 27,
    "speed": 3.0965821963229994e-28,
    "if_vehicle": true,
    "motion_state": false,
    "pose": [
      [
        -0.059155626116915265,
        0.9981891756836788,
        0.010907861690239794,
        -32.35756593798942
      ],
      [
        -0.9979494814603146,
        -0.058866806099750084,
        -0.02513029233223769,
        -100.7043541622752
      ],
      [
        -0.024442674808723978,
        -0.012372093095030269,
        0.9996246730451599,
        -2.3585623412012957
      ],
      [
        0.0,
        0.0,
        0.0,
        1.0
      ]
    ],
    "location": [
      -32.35756593798942,
      -100.7043541622752,
      -2.3585623412012957
    ],
    "rotation": [
      -0.012376106505311985,
      0.024445109319633524,
      -1.630004218814182
    ]
  },
  {
    "label_id": "9xsS4Jlja06c-Chp4xHjOw",
    "size": [
      2.1631080168644963,
      4.811203120850331,
      1.5700000000000038
    ],
    "obj_class": "vehicle",
    "point_num_in_lidar": 20,
    "speed": 11.256079949835767,
    "if_vehicle": true,
    "motion_state": true,
    "pose": [
      [
        -0.036509309451579756,
        0.9992737807411517,
        0.010907861690239794,
        -27.09764493341936
      ],
      [
        -0.9990275999549343,
        -0.036225998061891924,
        -0.02513029233223769,
        -62.1243350996956
      ],
      [
        -0.024716894053515518,
        -0.011814744504406961,
        0.9996246730451599,
        -1.6803551876363798
      ],
      [
        0.0,
        0.0,
        0.0,
        1.0
      ]
    ],
    "location": [
      -27.09764493341936,
      -62.1243350996956,
      -1.6803551876363798
    ],
    "rotation": [
      -0.011818630255201218,
      0.024719411439785996,
      -1.6073249166193753
    ]
  },
  {
    "label_id": "CYgZTdc8n8BmocfFiCVd-g",
    "size": [
      1.950433301853561,
      4.516909538653063,
      1.9300000000000033
    ],
    "obj_class": "vehicle",
    "point_num_in_lidar": 305,
    "speed": 8.445224169042918e-29,
    "if_vehicle": true,
    "motion_state": false,
    "pose": [
      [
        -0.05443311676673599,
        0.9984578380444542,
        0.010907861690239794,
        -33.20892621008534
      ],
      [
        -0.9982167802648111,
        -0.05414543383379937,
        -0.02513029233223769,
        -112.22676555687758
      ],
      [
        -0.024500926448054055,
        -0.01225633071290795,
        0.9996246730451599,
        -2.5902559221925117
      ],
      [
        0.0,
        0.0,
        0.0,
        1.0
      ]
    ],
    "location": [
      -33.20892621008534,
      -112.22676555687758,
      -2.5902559221925117
    ],
    "rotation": [
      -0.0122603182295632,
      0.024503378409361377,
      -1.6252727296391318
    ]
  },
  {
    "label_id": "FL2Tm4fqTy120UmiubvY7g",
    "size": [
      2.118194963123214,
      4.893027604492828,
      1.4700000000000024
    ],
    "obj_class": "vehicle",
    "point_num_in_lidar": 36,
    "speed": 5.665229723741439e-28,
    "if_vehicle": true,
    "motion_state": false,
    "pose": [
      [
        0.9377069954515967,
        0.34725582678262673,
        0.010907861690239794,
        -44.136496515207
      ],
      [
        -0.34690972599710607,
        0.9375617901855371,
        -0.02513029233223769,
        -110.02119866649082
      ],
      [
        -0.018953434774517764,
        0.019780807607507486,
        0.9996246730451599,
        -3.1791600311542894
      ],
      [
        0.0,
        0.0,
        0.0,
        1.0
      ]
    ],
    "location": [
      -44.136496515207,
      -110.02119866649082,
      -3.1791600311542894
    ],
    "rotation": [
      0.019785652417765483,
      0.018954569740225573,
      -0.35434065099703704
    ]
  },
  {
    "label_id": "Irrp7c9HrOs1nyK9NCdnZg",
    "size": [
      2.0041518735688477,
      4.917299256640257,
      2.0500000000000043
    ],
    "obj_class": "vehicle",
    "point_num_in_lidar": 7306,
    "speed": 15.601466239463752,
    "if_vehicle": true,
    "motion_state": true,
    "pose": [
      [
        0.0396825310494693,
        -0.9991527987664622,
        0.010907861690239794,
        -6.742420494750149
      ],
      [
        0.9989075189370018,
        0.03939843928913579,
        -0.02513029233223769,
        -130.44469857543845
      ],
      [
        0.02467924919099745,
        0.011893178663661666,
        0.9996246730451599,
        -2.7925806913332742
      ],
      [
        0.0,
        0.0,
        0.0,
        1.0
      ]
    ],
    "location": [
      -6.742420494750149,
      -130.44469857543845,
      -2.7925806913332742
    ],
    "rotation": [
      0.011897082831769223,
      -0.02468175509042615,
      1.5310912739730105
    ]
  },
  {
    "label_id": "KBYyTquOIk4W6w_VAnBJvQ",
    "size": [
      2.202360006578808,
      4.8445259893152794,
      1.8200000000000038
    ],
    "obj_class": "vehicle",
    "point_num_in_lidar": 181,
    "speed": 11.793895066511896,
    "if_vehicle": true,
    "motion_state": true,
    "pose": [
      [
        -0.06247124246861393,
        0.9979871554372702,
        0.010907861690239794,
        -24.90417369187344
      ],
      [
        -0.9977484219845068,
        -0.06218162779087625,
        -0.02513029233223769,
        -89.62101049245757
      ],
      [
        -0.02440144036434009,
        -0.01245322237425638,
        0.9996246730451599,
        -2.032009348763669
      ],
      [
        0.0,
        0.0,
        0.0,
        1.0
      ]
    ],
    "location": [
      -24.90417369187344,
      -89.62101049245757,
      -2.032009348763669
    ],
    "rotation": [
      -0.012457253733857488,
      0.024403862572871218,
      -1.6333269181244385
    ]
  },
  {
    "label_id": "KE-n4BCpMYY4onuCOe_Cxg",
    "size": [
      2.008046796961845,
      4.605128188340819,
      1.610000000000003
    ],
    "obj_class": "vehicle",
    "point_num_in_lidar": 918,
    "speed": 15.756919658166892,
    "if_vehicle": true,
    "motion_state": true,
    "pose": [
      [
        0.0435002794145812,
        -0.998993865969256,
        0.010907861690239794,
        -6.270824696935961
      ],
      [
        0.9987496735234862,
        0.04321525244663181,
        -0.02513029233223769,
        -115.93179560814497
      ],
      [
        0.024633621893323025,
        0.011987398040188783,
        0.9996246730451599,
        -2.772972280644023
      ],
      [
        0.0,
        0.0,
        0.0,
        1.0
      ]
    ],
    "location": [
      -6.270824696935961,
      -115.93179560814497,
      -2.772972280644023
    ],
    "rotation": [
      0.01199132413845561,
      -0.024636113917095342,
      1.5272690997655982
    ]
  },
  {
    "label_id": "Tp_mTbnf0rXpgHOrql5mPA",
    "size": [
      0.4567756050562975,
      0.08929268673868548,
      1.2900000000000027
    ],
    "obj_class": "sign",
    "point_num_in_lidar": 22,
    "speed": 0.03445684682681204,
    "if_vehicle": false,
    "motion_state": false,
    "pose": [
      [
        0.9993768689833659,
        0.03356921646912591,
        0.010907861690239794,
        -14.286984269950153
      ],
      [
        -0.03328663058707242,
        0.9991298557402116,
        -0.02513029233223769,
        -99.3663120513811
      ],
      [
        -0.01174197450023677,
        0.0247515469050505,
        0.9996246730451599,
        -2.249930762751802
      ],
      [
        0.0,
        0.0,
        0.0,
        1.0
      ]
    ],
    "location": [
      -14.286984269950153,
      -99.3663120513811,
      -2.249930762751802
    ],
    "rotation": [
      0.02475578189259954,
      0.011742244335742454,
      -0.03329507677353728
    ]
  },
  {
    "label_id": "a9ud6ZG8FcMmRRVYy5hBYw",
    "size": [
      2.068726571695871,
      4.669869232318501,
      1.4668404177813876
    ],
    "obj_class": "vehicle",
    "point_num_in_lidar": 27,
    "speed": 10.090827230507116,
    "if_vehicle": true,
    "motion_state": true,
    "pose": [
      [
        -0.09420974126043478,
        0.9954926133352213,
        0.010907861690239794,
        -30.187424310846836
      ],
      [
        -0.9952632205444583,
        -0.09391267347258919,
        -0.02513029233223769,
        -110.99905429945647
      ],
      [
        -0.023992633934497715,
        -0.013223711893500778,
        0.9996246730451599,
        -2.956050109578989
      ],
      [
        0.0,
        0.0,
        0.0,
        1.0
      ]
    ],
    "location": [
      -30.187424310846836,
      -110.99905429945647,
      -2.956050109578989
    ],
    "rotation": [
      -0.013227905390020191,
      0.02399493641020719,
      -1.6651732356753
    ]
  },
  {
    "label_id": "d4ajfIN3Bvzz0nrJjaFqyQ",
    "size": [
      0.661950396410702,
      0.07957740070102917,
      0.306946122928867
    ],
    "obj_class": "sign",
    "point_num_in_lidar": 32,
    "speed": 0.011942542797301219,
    "if_vehicle": false,
    "motion_state": false,
    "pose": [
      [
        -0.10354052167701154,
        0.9945654221438622,
        0.010907861690239794,
        3.519426738672337
      ],
      [
        -0.9943388250995999,
        -0.1032413158907021,
        -0.02513029233223769,
        -114.1806142298301
      ],
      [
        -0.02386757780755651,
        -0.013448113955397667,
        0.9996246730451599,
        -1.2666251794641106
      ],
      [
        0.0,
        0.0,
        0.0,
        1.0
      ]
    ],
    "location": [
      3.519426738672337,
      -114.1806142298301,
      -1.2666251794641106
    ],
    "rotation": [
      -0.013452351759742659,
      0.023869844461104933,
      -1.6745524137547465
    ]
  },
  {
    "label_id": "d52LxbagqvzIMA7jPBkPKA",
    "size": [
      2.3208456315993673,
      5.843147245979694,
      2.0
    ],
    "obj_class": "vehicle",
    "point_num_in_lidar": 73,
    "speed": 9.919193054418995,
    "if_vehicle": true,
    "motion_state": true,
    "pose": [
      [
        -0.04623207440018802,
        0.9988711697961864,
        0.010907861690239794,
        -27.55075673300962
      ],
      [
        -0.9986277577293831,
        -0.0459463807027356,
        -0.02513029233223769,
        -130.0991391331645
      ],
      [
        -0.024600747733349852,
        -0.012054719006148892,
        0.9996246730451599,
        -2.8900623299660673
      ],
      [
        0.0,
        0.0,
        0.0,
        1.0
      ]
    ],
    "location": [
      -27.55075673300962,
      -130.0991391331645,
      -2.8900623299660673
    ],
    "rotation": [
      -0.012058660643423402,
      0.024603229791625485,
      -1.6170588975891589
    ]
  },
  {
    "label_id": "kWFqMo9WlFRTUGOYSdjuwg",
    "size": [
      0.9718465868037678,
      1.0859998498664827,
      1.6900000000000048
    ],
    "obj_class": "pedestrian",
    "point_num_in_lidar": 413,
    "speed": 0.13965455919916636,
    "if_vehicle": false,
    "motion_state": false,
    "pose": [
      [
        0.9688030615524098,
        -0.247591693075564,
        0.010907861690239794,
        -16.105818446133526
      ],
      [
        0.24779381422417418,
        0.9684868063321936,
        -0.02513029233223769,
        -133.1057418117798
      ],
      [
        -0.004342068506271028,
        0.027049204802433186,
        0.9996246730451599,
        -2.2500162859007666
      ],
      [
        0.0,
        0.0,
        0.0,
        1.0
      ]
    ],
    "location": [
      -16.105818446133526,
      -133.1057418117798,
      -2.2500162859007666
    ],
    "rotation": [
      0.027052759440600597,
      0.004342082150294183,
      0.25040479528588144
    ]
  },
  {
    "label_id": "mjHzioKkfd6uF_DFvquivw",
    "size": [
      1.9331349028350733,
      4.6637678797215285,
      1.5157934779913838
    ],
    "obj_class": "vehicle",
    "point_num_in_lidar": 38,
    "speed": 12.47235724062376,
    "if_vehicle": true,
    "motion_state": true,
    "pose": [
      [
        -0.07000990804629215,
        0.9974866572183791,
        0.010907861690239794,
        -21.521057637320155
      ],
      [
        -0.9972501188093241,
        -0.06971849784730934,
        -0.02513029233223769,
        -90.36354652964837
      ],
      [
        -0.024306651561634706,
        -0.01263723582190371,
        0.9996246730451599,
        -2.421838036182148
      ],
      [
        0.0,
        0.0,
        0.0,
        1.0
      ]
    ],
    "location": [
      -21.521057637320155,
      -90.36354652964837,
      -2.421838036182148
    ],
    "rotation": [
      -0.012641307283509744,
      0.024309045647073153,
      -1.6408842937668802
    ]
  },
  {
    "label_id": "qAVAQ7dteiJOyxx0AC8EqA",
    "size": [
      2.0987613488411405,
      4.639365258950625,
      1.7400000000000055
    ],
    "obj_class": "vehicle",
    "point_num_in_lidar": 58,
    "speed": 2.8150757303292375e-28,
    "if_vehicle": true,
    "motion_state": false,
    "pose": [
      [
        0.9252735204816085,
        0.37914368100881873,
        0.010907861690239794,
        -45.995970815823966
      ],
      [
        -0.37879281358418054,
        0.9251402449273713,
        -0.02513029233223769,
        -148.71167068431168
      ],
      [
        -0.019619293375414622,
        0.019120574437148513,
        0.9996246730451599,
        -3.7280693465695194
      ],
      [
        0.0,
        0.0,
        0.0,
        1.0
      ]
    ],
    "location": [
      -45.995970815823966,
      -148.71167068431168,
      -3.7280693465695194
    ],
    "rotation": [
      0.01912542134744389,
      0.019620552225662724,
      -0.3885703561252462
    ]
  },
  {
    "label_id": "qNKrNNgRRaM18dnbnpqzcA",
    "size": [
      0.7137083497008082,
      0.8306983362979303,
      1.350000000000005
    ],
    "obj_class": "pedestrian",
    "point_num_in_lidar": 436,
    "speed": 0.00032306811901044633,
    "if_vehicle": false,
    "motion_state": false,
    "pose": [
      [
        0.9985787572158475,
        -0.05216784632894124,
        0.010907861690239794,
        -16.422395120112014
      ],
      [
        0.05242823248210112,
        0.9983084437417621,
        -0.02513029233223769,
        -132.45500480012925
      ],
      [
        -0.00957841719994413,
        0.02566645599417535,
        0.9996246730451599,
        -2.3870088412248336
      ],
      [
        0.0,
        0.0,
        0.0,
        1.0
      ]
    ],
    "location": [
      -16.422395120112014,
      -132.45500480012925,
      -2.3870088412248336
    ],
    "rotation": [
      0.025670452732827764,
      0.009578563669690142,
      0.05245468917819211
    ]
  },
  {
    "label_id": "sFagMARgWtSpUUolDUyUSw",
    "size": [
      2.080085946853745,
      4.8820270426685575,
      1.6731084969654475
    ],
    "obj_class": "vehicle",
    "point_num_in_lidar": 551,
    "speed": 12.75474650421689,
    "if_vehicle": true,
    "motion_state": true,
    "pose": [
      [
        -0.05444465193421331,
        0.9984572091126935,
        0.010907861690239794,
        -23.19098849801776
      ],
      [
        -0.9982161546566639,
        -0.05415696621635832,
        -0.02513029233223769,
        -112.81095603526592
      ],
      [
        -0.02450078484918114,
        -0.012256613770991616,
        0.9996246730451599,
        -2.676684609227486
      ],
      [
        0.0,
        0.0,
        0.0,
        1.0
      ]
    ],
    "location": [
      -23.19098849801776,
      -112.81095603526592,
      -2.676684609227486
    ],
    "rotation": [
      -0.012260601351363266,
      0.02450323676796899,
      -1.6252842852273988
    ]
  },
  {
    "label_id": "uaKh5UP61W9EehctB-7_sw",
    "size": [
      0.6686051936166305,
      0.08186901739758704,
      0.7769461229288694
    ],
    "obj_class": "sign",
    "point_num_in_lidar": 74,
    "speed": 0.017050511608455624,
    "if_vehicle": false,
    "motion_state": false,
    "pose": [
      [
        -0.10354052167979763,
        0.9945654221435722,
        0.010907861690239794,
        3.5177119233685517
      ],
      [
        -0.9943388250993107,
        -0.10324131589348755,
        -0.02513029233223769,
        -114.18484484518376
      ],
      [
        -0.023867577807518834,
        -0.013448113955464526,
        0.9996246730451599,
        -0.7030541036422022
      ],
      [
        0.0,
        0.0,
        0.0,
        1.0
      ]
    ],
    "location": [
      3.5177119233685517,
      -114.18484484518376,
      -0.7030541036422022
    ],
    "rotation": [
      -0.013452351759809533,
      0.023869844461067248,
      -1.6745524137575483
    ]
  }
]