[
  {
    "label_id": "0ec9undU7bwuGtzD3r5HNw",
    "size": [
      2.143628121551689,
      4.437354281848378,
      2.0100000000000016
    ],
    "obj_class": "vehicle",
    "point_num_in_lidar": 21,
    "speed": 10.007023401406302,
    "if_vehicle": true,
    "motion_state": true,
    "pose": [
      [
        -0.03774187679471115,
        0.9992231031194068,
        0.01134640597000385,
        -24.897026412928426
      ],
      [
        -0.9987358914142467,
        -0.037341384685737,
        -0.03364877695758815,
        -16.406743530751555
      ],
      [
        -0.03319894481760757,
        -0.012602030875025736,
        0.9993693105558236,
        0.18217790682642487
      ],
      [
        0.0,
        0.0,
        0.0,
        1.0
      ]
    ],
    "location": [
      -24.897026412928426,
      -16.406743530751555,
      0.18217790682642487
    ],
    "rotation": [
      -0.012609315544203732,
      0.03320504632411563,
      -1.6085680006091039
    ]
  },
  {
    "label_id": "3asbK-XesnwUDTdGRbvBxw",
    "size": [
      1.938835072121444,
      4.600893695312132,
      1.5051151018444564
    ],
    "obj_class": "vehicle",
    "point_num_in_lidar": 89,
    "speed": 10.262271140346137,
    "if_vehicle": true,
    "motion_state": true,
    "pose": [
      [
        -0.05029591740870172,
        0.9986699053058428,
        0.01134640597000385,
        -21.25640821054185
      ],
      [
        -0.9981877649712552,
        -0.04988933424038408,
        -0.03364877695758815,
        -17.968213743315573
      ],
      [
        -0.03303795625802738,
        -0.01301823972241733,
        0.9993693105558236,
        -0.06339316469317424
      ],
      [
        0.0,
        0.0,
        0.0,
        1.0
      ]
    ],
    "location": [
      -21.25640821054185,
      -17.968213743315573,
      -0.06339316469317424
    ],
    "rotation": [
      -0.01302571863192699,
      0.03304396940298285,
      -1.6211409802881707
    ]
  },
  {
    "label_id": "3xp7fav1XDT13tIERFz4Yw",
    "size": [
      1.7950243845303042,
      3.727424411905237,
      1.6243614469938272
    ],
    "obj_class": "vehicle",
    "point_num_in_lidar": 111,
    "speed": 15.438404735794133,
    "if_vehicle": true,
    "motion_state": true,
    "pose": [
      [
        0.04237372943913608,
        -0.9990373997628831,
        0.01134640597000385,
        2.287250815588777
      ],
      [
        0.9985520499183969,
        0.04197098298855876,
        -0.03364877695758815,
        0.7233379658046033
      ],
      [
        0.03314016682496178,
        0.01275580111131236,
        0.9993693105558236,
        0.728598552895555
      ],
      [
        0.0,
        0.0,
        0.0,
        1.0
      ]
    ],
    "location": [
      2.287250815588777,
      0.7233379658046033,
      0.728598552895555
    ],
    "rotation": [
      0.012763158060490947,
      -0.03314623597041081,
      1.5283865974847486
    ]
  },
  {
    "label_id": "4grpgyYWcxgYlVUtPA48ww",
    "size": [
      0.5280064887416972,
      0.07280175780694251,
      0.5500000000000043
    ],
    "obj_class": "sign",
    "point_num_in_lidar": 20,
    "speed": 0.034174673274748546,
    "if_vehicle": false,
    "motion_state": false,
    "pose": [
      [
        0.016137684041395477,
        0.9998053981777373,
        0.01134640597000385,
        7.474669665933106
      ],
      [
        -0.9992973206820247,
        0.01651135024718059,
        -0.03364877695758815,
        -24.254947077162797
      ],
      [
        -0.033829573327292736,
        -0.010795419754274432,
        0.9993693105558236,
        2.000313516527214
      ],
      [
        0.0,
        0.0,
        0.0,
        1.0
      ]
    ],
    "location": [
      7.474669665933106,
      -24.254947077162797,
      2.000313516527214
    ],
    "rotation": [
      -0.010801812473303281,
      0.03383602930565582,
      -1.5546486987852446
    ]
  },
  {
    "label_id": "BhZkAKeoHSnnmYxsQdPvGg",
    "size": [
      0.9971823814202112,
      0.1276709161520867,
      1.0276435530595265
    ],
    "obj_class": "sign",
    "point_num_in_lidar": 20,
    "speed": 0.01429449452094771,
    "if_vehicle": false,
    "motion_state": false,
    "pose": [
      [
        -0.2313067973205317,
        -0.9728146918015179,
        0.01134640597000385,
        -32.66262103489498
      ],
      [
        0.9722380034245609,
        -0.23156213962192004,
        -0.03364877695758815,
        18.684250206899378
      ],
      [
        0.03536142262892716,
        0.0032482162545084425,
        0.9993693105558236,
        2.7394565065217407
      ],
      [
        0.0,
        0.0,
        0.0,
        1.0
      ]
    ],
    "location": [
      -32.66262103489498,
      18.684250206899378,
      2.7394565065217407
    ],
    "rotation": [
      0.00325025471762089,
      -0.035368796277308504,
      1.80436580994273
    ]
  },
  {
    "label_id": "CynpKhpJ_9Jr-tliCpnvFQ",
    "size": [
      2.2784597204488723,
      4.538131144076009,
      1.5
    ],
    "obj_class": "vehicle",
    "point_num_in_lidar": 30,
    "speed": 1.7053025658242404e-12,
    "if_vehicle": true,
    "motion_state": false,
    "pose": [
      [
        -0.014493564674947935,
        0.9998305834763092,
        0.01134640597000385,
        -27.840515970434353
      ],
      [
        -0.9993341896296913,
        -0.014104511562847043,
        -0.03364877695758815,
        2.9738937683687254
      ],
      [
        -0.03348304078456888,
        -0.011826542140310993,
        0.9993693105558236,
        0.5653571027954882
      ],
      [
        0.0,
        0.0,
        0.0,
        1.0
      ]
    ],
    "location": [
      -27.840515970434353,
      2.9738937683687254,
      0.5653571027954882
    ],
    "rotation": [
      -0.01183345334326763,
      0.03348930032744126,
      -1.58529853110744
    ]
  },
  {
    "label_id": "Irrp7c9HrOs1nyK9NCdnZg",
    "size": [
      2.0041518735681807,
      4.917299256640257,
      2.0500000000000007
    ],
    "obj_class": "vehicle",
    "point_num_in_lidar": 1275,
    "speed": 16.122909048602658,
    "if_vehicle": true,
    "motion_state": true,
    "pose": [
      [
        0.04541986084612428,
        -0.9989035465510584,
        0.01134640597000385,
        -2.4806175335115768
      ],
      [
        0.9984194270430727,
        0.04501563630829512,
        -0.03364877695758815,
        -25.701496086454426
      ],
      [
        0.03310111695548838,
        0.012856794914625273,
        0.9993693105558236,
        -0.006056349979658648
      ],
      [
        0.0,
        0.0,
        0.0,
        1.0
      ]
    ],
    "location": [
      -2.4806175335115768,
      -25.701496086454426,
      -0.006056349979658648
    ],
    "rotation": [
      0.012864199007875702,
      -0.03310716466489442,
      1.525335905731741
    ]
  },
  {
    "label_id": "KE-n4BCpMYY4onuCOe_Cxg",
    "size": [
      2.0080467969616884,
      4.605128188340819,
      1.610000000000003
    ],
    "obj_class": "vehicle",
    "point_num_in_lidar": 321,
    "speed": 15.323966477265609,
    "if_vehicle": true,
    "motion_state": true,
    "pose": [
      [
        0.045854819123586445,
        -0.9988836742257363,
        0.01134640597000385,
        -1.67135597613742
      ],
      [
        0.9983997307791892,
        0.04545038381906962,
        -0.03364877695758815,
        -12.359994644322796
      ],
      [
        0.0330955154542943,
        0.01287120724688334,
        0.9993693105558236,
        0.28088077418799173
      ],
      [
        0.0,
        0.0,
        0.0,
        1.0
      ]
    ],
    "location": [
      -1.67135597613742,
      -12.359994644322796,
      0.28088077418799173
    ],
    "rotation": [
      0.012878618046464218,
      -0.03310156009295893,
      1.5249002630763457
    ]
  },
  {
    "label_id": "P8RZnw2y2LdjAlYaVdCWug",
    "size": [
      2.172502278757765,
      4.389178354671179,
      1.7000000000000028
    ],
    "obj_class": "vehicle",
    "point_num_in_lidar": 46,
    "speed": 7.105427357601002e-13,
    "if_vehicle": true,
    "motion_state": false,
    "pose": [
      [
        -0.9985167199062696,
        0.053250531820709504,
        0.01134640597000385,
        12.820625615237986
      ],
      [
        -0.053605074817761486,
        -0.9979951181058154,
        -0.03364877695758815,
        19.31439270849114
      ],
      [
        0.009531842498002518,
        -0.03420709133748335,
        0.9993693105558236,
        1.4504739310872239
      ],
      [
        0.0,
        0.0,
        0.0,
        1.0
      ]
    ],
    "location": [
      12.820625615237986,
      19.31439270849114,
      1.4504739310872239
    ],
    "rotation": [
      -0.03421532092473078,
      -0.009531986841451782,
      -3.0879594342742998
    ]
  },
  {
    "label_id": "PTmdSbz-CCtd-8yCV-7YpA",
    "size": [
      2.1214582463788583,
      4.701555991474338,
      1.8876587865599426
    ],
    "obj_class": "vehicle",
    "point_num_in_lidar": 745,
    "speed": 10.023428064488995,
    "if_vehicle": true,
    "motion_state": true,
    "pose": [
      [
        -0.03765010958079155,
        0.9992265650592553,
        0.01134640597000385,
        -25.89401137326331
      ],
      [
        -0.998739316575594,
        -0.0372496622182516,
        -0.03364877695758815,
        -43.10505774565172
      ],
      [
        -0.03320010202800204,
        -0.012598981883783692,
        0.9993693105558236,
        -0.6298148345024508
      ],
      [
        0.0,
        0.0,
        0.0,
        1.0
      ]
    ],
    "location": [
      -25.89401137326331,
      -43.10505774565172,
      -0.6298148345024508
    ],
    "rotation": [
      -0.012606265113718306,
      0.033206204172781265,
      -1.6084761188539223
    ]
  },
  {
    "label_id": "RlOZ9UW7x-3KSaYjl4ndMA",
    "size": [
      2.0114113124980237,
      4.382567611808012,
      1.5699999999999967
    ],
    "obj_class": "vehicle",
    "point_num_in_lidar": 229,
    "speed": 0.06751086944634946,
    "if_vehicle": true,
    "motion_state": false,
    "pose": [
      [
        -0.08580907651368042,
        0.9962469881808592,
        0.01134640597000385,
        -29.772122328688965
      ],
      [
        -0.9957796245926216,
        -0.0853855904437972,
        -0.03364877695758815,
        -47.19584530131033
      ],
      [
        -0.03255367312680289,
        -0.014185890353831365,
        0.9993693105558236,
        -1.0237886180853764
      ],
      [
        0.0,
        0.0,
        0.0,
        1.0
      ]
    ],
    "location": [
      -29.772122328688965,
      -47.19584530131033,
      -1.0237886180853764
    ],
    "rotation": [
      -0.01419388961681771,
      0.03255942561762026,
      -1.6567567310745905
    ]
  },
  {
    "label_id": "SU8Sxb1EooY9gTTC7120oA",
    "size": [
      2.1028812799100707,
      5.065435957019948,
      1.540182531490487
    ],
    "obj_class": "vehicle",
    "point_num_in_lidar": 33,
    "speed": 0.00738141665437095,
    "if_vehicle": true,
    "motion_state": false,
    "pose": [
      [
        -0.05613346927360159,
        0.9983587995800274,
        0.01134640597000385,
        -27.517592252407667
      ],
      [
        -0.997879044446163,
        -0.055724074370694474,
        -0.03364877695758815,
        9.389749703292182
      ],
      [
        -0.032961284600601215,
        -0.013211163334688731,
        0.9993693105558236,
        0.7567270074725343
      ],
      [
        0.0,
        0.0,
        0.0,
        1.0
      ]
    ],
    "location": [
      -27.517592252407667,
      9.389749703292182,
      0.7567270074725343
    ],
    "rotation": [
      -0.013218730756162018,
      0.032967255964653865,
      -1.6269898831482317
    ]
  },
  {
    "label_id": "TqbpmqdX5hgrGjVBAoZQkg",
    "size": [
      2.0033202372869026,
      5.335478067904516,
      1.6896244026373708
    ],
    "obj_class": "vehicle",
    "point_num_in_lidar": 24,
    "speed": 12.258159027591015,
    "if_vehicle": true,
    "motion_state": true,
    "pose": [
      [
        -0.04062112179380008,
        0.9991101958922134,
        0.01134640597000385,
        -16.756313209561995
      ],
      [
        -0.9986241402841809,
        -0.04021922737869126,
        -0.03364877695758815,
        2.522247288563449
      ],
      [
        -0.033162492455990775,
        -0.012697645974116996,
        0.9993693105558236,
        0.6370071802084603
      ],
      [
        0.0,
        0.0,
        0.0,
        1.0
      ]
    ],
    "location": [
      -16.756313209561995,
      2.522247288563449,
      0.6370071802084603
    ],
    "rotation": [
      -0.012704975658006304,
      0.0331685738796148,
      -1.6114510016867076
    ]
  },
  {
    "label_id": "VJN1WZ3oeEQ6N375oERJvQ",
    "size": [
      1.9982112685186353,
      4.518824469475637,
      1.7900000000000027
    ],
    "obj_class": "vehicle",
    "point_num_in_lidar": 475,
    "speed": 1.4210854715202004e-13,
    "if_vehicle": true,
    "motion_state": false,
    "pose": [
      [
        -0.004532736192442846,
        0.9999253539010667,
        0.01134640597000385,
        -29.269169853990206
      ],
      [
        -0.9994251090173499,
        -0.00414864735986544,
        -0.03364877695758815,
        -33.245188163688
      ],
      [
        -0.03359919297048298,
        -0.011492404052673306,
        0.9993693105558236,
        -0.48746108470920646
      ],
      [
        0.0,
        0.0,
        0.0,
        1.0
      ]
    ],
    "location": [
      -29.269169853990206,
      -33.245188163688,
      -0.48746108470920646
    ],
    "rotation": [
      -0.01149914989208203,
      0.03360551790458358,
      -1.5753316392194743
    ]
  },
  {
    "label_id": "WlBil_NbwrbDGyQ9s3IH9Q",
    "size": [
      2.1496117342258083,
      5.043978009510765,
      2.060213616819631
    ],
    "obj_class": "vehicle",
    "point_num_in_lidar": 786,
    "speed": 11.17312922517393,
    "if_vehicle": true,
    "motion_state": true,
    "pose": [
      [
        -0.044911658443874965,
        0.9989265248292212,
        0.01134640597000385,
        -18.15044482598023
      ],
      [
        -0.9984421997328962,
        -0.04450768025626418,
        -0.03364877695758815,
        -25.588920564556247
      ],
      [
        -0.03310765362202642,
        -0.01283995291352644,
        0.9993693105558236,
        -0.11238259760553504
      ],
      [
        0.0,
        0.0,
        0.0,
        1.0
      ]
    ],
    "location": [
      -18.15044482598023,
      -25.588920564556247,
      -0.11238259760553504
    ],
    "rotation": [
      -0.01284734916309783,
      0.0331137049161466,
      -1.615747756548673
    ]
  },
  {
    "label_id": "ZnSBgASG2ZsxwNwoluHWUg",
    "size": [
      2.3248409322702823,
      5.863561852150793,
      2.4546654756772206
    ],
    "obj_class": "vehicle",
    "point_num_in_lidar": 105,
    "speed": 8.77956383837832,
    "if_vehicle": true,
    "motion_state": true,
    "pose": [
      [
        -0.0441489148283438,
        0.9989605259423635,
        0.01134640597000385,
        -19.59146188537943
      ],
      [
        -0.9984758925296053,
        -0.04374530656500688,
        -0.03364877695758815,
        20.02904855951965
      ],
      [
        -0.033117447919300706,
        -0.012814669815881334,
        0.9993693105558236,
        1.5994430623378477
      ],
      [
        0.0,
        0.0,
        0.0,
        1.0
      ]
    ],
    "location": [
      -19.59146188537943,
      20.02904855951965,
      1.5994430623378477
    ],
    "rotation": [
      -0.012822054276881415,
      0.03312350458727505,
      -1.6149838502835752
    ]
  },
  {
    "label_id": "hOtYo2XMEyTjdpxPuhNpRQ",
    "size": [
      1.9483955948650602,
      4.5368446852261215,
      1.5705510446394655
    ],
    "obj_class": "vehicle",
    "point_num_in_lidar": 31,
    "speed": 10.742407577439879,
    "if_vehicle": true,
    "motion_state": true,
    "pose": [
      [
        -0.04358559712876768,
        0.9989852625512013,
        0.01134640597000385,
        -20.560932593206417
      ],
      [
        -0.9985004016220721,
        -0.043182262212848675,
        -0.03364877695758815,
        1.3436012254987872
      ],
      [
        -0.033124668805732886,
        -0.01279599295436512,
        0.9993693105558236,
        0.63052366660391
      ],
      [
        0.0,
        0.0,
        0.0,
        1.0
      ]
    ],
    "location": [
      -20.560932593206417,
      1.3436012254987872,
      0.63052366660391
    ],
    "rotation": [
      -0.012803368696497383,
      0.03313072943764137,
      -1.6144196901747943
    ]
  },
  {
    "label_id": "j-DR1qlemvgXr_EjODOYWg",
    "size": [
      0.49685228029555834,
      0.08136127727754472,
      1.340000000000007
    ],
    "obj_class": "sign",
    "point_num_in_lidar": 31,
    "speed": 0.03789892293810093,
    "if_vehicle": false,
    "motion_state": false,
    "pose": [
      [
        0.9990160474405724,
        0.04287418836292878,
        0.01134640597000385,
        -10.593398034814527
      ],
      [
        -0.042471198828603084,
        0.9985308994113901,
        -0.03364877695758815,
        -11.575126178682694
      ],
      [
        -0.012772400959776524,
        0.03313377269343704,
        0.9993693105558236,
        0.4188470591460387
      ],
      [
        0.0,
        0.0,
        0.0,
        1.0
      ]
    ],
    "location": [
      -10.593398034814527,
      -11.575126178682694,
      0.4188470591460387
    ],
    "rotation": [
      0.03314254276738575,
      0.012772748254563558,
      -0.042487445287574845
    ]
  },
  {
    "label_id": "jeT9AOAs1MWlqKZdZkEsww",
    "size": [
      1.0665087977282948,
      0.1333632676679024,
      1.1377813311143967
    ],
    "obj_class": "sign",
    "point_num_in_lidar": 29,
    "speed": 0.02986492811797821,
    "if_vehicle": false,
    "motion_state": false,
    "pose": [
      [
        0.023102446829179855,
        0.9996687131355411,
        0.01134640597000385,
        9.021734202826337
      ],
      [
        -0.9991580448196613,
        0.023472564440422714,
        -0.03364877695758815,
        29.86950597411669
      ],
      [
        -0.033903958805075116,
        -0.01055948372418957,
        0.9993693105558236,
        3.583762697628437
      ],
      [
        0.0,
        0.0,
        0.0,
        1.0
      ]
    ],
    "location": [
      9.021734202826337,
      29.86950597411669,
      3.583762697628437
    ],
    "rotation": [
      -0.010565754494514636,
      0.03391045747868978,
      -1.5476785315306902
    ]
  },
  {
    "label_id": "lHbE_TvXcnOnwbc9tjBmiw",
    "size": [
      1.8547855308609154,
      4.604259104690197,
      1.529544914510094
    ],
    "obj_class": "vehicle",
    "point_num_in_lidar": 722,
    "speed": 9.710183978509875,
    "if_vehicle": true,
    "motion_state": true,
    "pose": [
      [
        -0.04361329045879113,
        0.9989840539102317,
        0.01134640597000385,
        -22.621235419554978
      ],
      [
        -0.9984992041623283,
        -0.0432099421019661,
        -0.03364877695758815,
        -48.63331484106857
      ],
      [
        -0.03312431406918334,
        -0.012796911214185906,
        0.9993693105558236,
        -1.0493135451199862
      ],
      [
        0.0,
        0.0,
        0.0,
        1.0
      ]
    ],
    "location": [
      -22.621235419554978,
      -48.63331484106857,
      -1.0493135451199862
    ],
    "rotation": [
      -0.012804287385195968,
      0.03313037450631739,
      -1.6144474245990426
    ]
  },
  {
    "label_id": "oMXGQsKNn3U3XnnHbaD9Tg",
    "size": [
      2.0485592590681936,
      4.50370485232675,
      1.580368794770731
    ],
    "obj_class": "vehicle",
    "point_num_in_lidar": 149,
    "speed": 0.00767119569177297,
    "if_vehicle": true,
    "motion_state": false,
    "pose": [
      [
        -0.04749868445640558,
        0.9988068552260114,
        0.01134640597000385,
        -28.01984220273971
      ],
      [
        -0.9983235780401793,
        -0.047093453242590844,
        -0.03364877695758815,
        -3.1420698404745053
      ],
      [
        -0.03307428765619027,
        -0.012925657244923148,
        0.9993693105558236,
        0.39474352708895566
      ],
      [
        0.0,
        0.0,
        0.0,
        1.0
      ]
    ],
    "location": [
      -28.01984220273971,
      -3.1420698404745053,
      0.39474352708895566
    ],
    "rotation": [
      -0.012933093332729918,
      0.03308032066722024,
      -1.6183389202416656
    ]
  },
  {
    "label_id": "zwdjX44zD5DT6AEef_FdTg",
    "size": [
      2.0392452537793333,
      4.884100863327777,
      1.577570207428927
    ],
    "obj_class": "vehicle",
    "point_num_in_lidar": 411,
    "speed": 0.014817666012987068,
    "if_vehicle": true,
    "motion_state": false,
    "pose": [
      [
        -0.02762242589165401,
        0.9995540308854863,
        0.01134640597000385,
        -29.10557934254939
      ],
      [
        -0.9990627890204604,
        -0.027226887517989285,
        -0.03364877695758815,
        -27.73146509578146
      ],
      [
        -0.03332484332324518,
        -0.012265232841606223,
        0.9993693105558236,
        -0.3828938092014411
      ],
      [
        0.0,
        0.0,
        0.0,
        1.0
      ]
    ],
    "location": [
      -29.10557934254939,
      -27.73146509578146,
      -0.3828938092014411
    ],
    "rotation": [
      -0.012272357122879626,
      0.0333310145318107,
      -1.598437623163567
    ]
  }
]