[
  {
    "label_id": "-k9fOiLCkk8erFTll2W4dg",
    "size": [
      2.0780549804565,
      5.136563085055615,
      1.9265566023810976
    ],
    "obj_class": "vehicle",
    "point_num_in_lidar": 160,
    "speed": 9.099386826154683e-13,
    "if_vehicle": true,
    "motion_state": false,
    "pose": [
      [
        -0.037630200086093885,
        0.9992268780529415,
        0.011384824023782863,
        -32.60232958231791
      ],
      [
        -0.9990331390645449,
        -0.037358850996210904,
        -0.023175489273901718,
        -105.86277338859873
      ],
      [
        -0.022732247850187657,
        -0.012245914780647283,
        0.9996665856568693,
        -2.4614893537050158
      ],
      [
        0.0,
        0.0,
        0.0,
        1.0
      ]
    ],
    "location": [
      -32.60232958231791,
      -105.86277338859873,
      -2.4614893537050158
    ],
    "rotation": [
      -0.012249386406143408,
      0.02273420613974151,
      -1.6084451469367593
    ]
  },
  {
    "label_id": "3EYHmUD7WYDZ4T6bATYinA",
    "size": [
      1.8197726560839154,
      4.405406262666267,
      1.9014615031353053
    ],
    "obj_class": "vehicle",
    "point_num_in_lidar": 28,
    "speed": 11.722103361370031,
    "if_vehicle": true,
    "motion_state": true,
    "pose": [
      [
        -0.03705381356334116,
        0.9992484179033563,
        0.011384824023782863,
        -20.015532134209025
      ],
      [
        -0.9990545224259213,
        -0.0367825762723292,
        -0.023175489273901718,
        -61.8602940493347
      ],
      [
        -0.022739307833080653,
        -0.012232800186777911,
        0.9996665856568693,
        -1.4811092655132363
      ],
      [
        0.0,
        0.0,
        0.0,
        1.0
      ]
    ],
    "location": [
      -20.015532134209025,
      -61.8602940493347,
      -1.4811092655132363
    ],
    "rotation": [
      -0.012236269404484492,
      0.022741267948049863,
      -1.6078682147822285
    ]
  },
  {
    "label_id": "3xp7fav1XDT13tIERFz4Yw",
    "size": [
      1.795024384532145,
      3.727424411905237,
      1.6243614469938237
    ],
    "obj_class": "vehicle",
    "point_num_in_lidar": 88,
    "speed": 13.672891590736347,
    "if_vehicle": true,
    "motion_state": true,
    "pose": [
      [
        0.025447162579636258,
        -0.9996113383203459,
        0.011384824023782863,
        -0.9934446339502756
      ],
      [
        0.999414306071402,
        0.025178195263626694,
        -0.023175489273901718,
        -74.43781920445872
      ],
      [
        0.02287983252700088,
        0.011967906444889572,
        0.9996665856568693,
        -1.7527775615005545
      ],
      [
        0.0,
        0.0,
        0.0,
        1.0
      ]
    ],
    "location": [
      -0.9934446339502756,
      -74.43781920445872,
      -1.7527775615005545
    ],
    "rotation": [
      0.011971326133806377,
      -0.022881829212203914,
      1.5453397515940566
    ]
  },
  {
    "label_id": "7rO2HoapjvGfji-hLh3H7g",
    "size": [
      0.7581012449842262,
      0.7491686719953333,
      1.7200000000000024
    ],
    "obj_class": "pedestrian",
    "point_num_in_lidar": 425,
    "speed": 1.2755787144046522,
    "if_vehicle": false,
    "motion_state": true,
    "pose": [
      [
        -0.18635293950733148,
        0.9824169011773588,
        0.011384824023782863,
        4.488012191030975
      ],
      [
        -0.9822658339215159,
        -0.18605571264377882,
        -0.023175489273901718,
        -112.13457734124131
      ],
      [
        -0.020649780808666706,
        -0.015501744214482999,
        0.9996665856568693,
        -2.45916905507778
      ],
      [
        0.0,
        0.0,
        0.0,
        1.0
      ]
    ],
    "location": [
      4.488012191030975,
      -112.13457734124131,
      -2.45916905507778
    ],
    "rotation": [
      -0.01550567166787402,
      0.020651248647712596,
      -1.7582855246355729
    ]
  },
  {
    "label_id": "8b89eLYLjjgUUWxMRAsRng",
    "size": [
      0.7950640377794633,
      0.9425249904647439,
      1.1300000000000026
    ],
    "obj_class": "sign",
    "point_num_in_lidar": 35,
    "speed": 0.01198746370806717,
    "if_vehicle": false,
    "motion_state": false,
    "pose": [
      [
        0.1386161868283101,
        -0.9902807372311786,
        0.011384824023782863,
        -33.228345732279195
      ],
      [
        0.99011547019596,
        0.1383266148488726,
        -0.023175489273901718,
        -91.06455823924807
      ],
      [
        0.021375416435992656,
        0.014484788342434688,
        0.9996665856568693,
        -2.4438358577142836
      ],
      [
        0.0,
        0.0,
        0.0,
        1.0
      ]
    ],
    "location": [
      -33.228345732279195,
      -91.06455823924807,
      -2.4438358577142836
    ],
    "rotation": [
      0.014488605489710865,
      -0.021377044538753383,
      1.4317003645100284
    ]
  },
  {
    "label_id": "8bwXd7og_NJIRvc6PFNwCA",
    "size": [
      1.9364346053395887,
      4.526265005085073,
      1.7600000000000051
    ],
    "obj_class": "vehicle",
    "point_num_in_lidar": 145,
    "speed": 5.684341886080801e-13,
    "if_vehicle": true,
    "motion_state": false,
    "pose": [
      [
        -0.05915531158453296,
        0.9981838682794288,
        0.011384824023782863,
        -32.35756593798851
      ],
      [
        -0.997996021996615,
        -0.058879850338187385,
        -0.023175489273901718,
        -100.7043541622752
      ],
      [
        -0.022463062798044695,
        -0.012732962375988451,
        0.9996665856568693,
        -2.3585623412013312
      ],
      [
        0.0,
        0.0,
        0.0,
        1.0
      ]
    ],
    "location": [
      -32.35756593798851,
      -100.7043541622752,
      -2.3585623412013312
    ],
    "rotation": [
      -0.012736520397854436,
      0.0224649523302344,
      -1.6300011501012739
    ]
  },
  {
    "label_id": "9QvradQC1ASnPu8heK5ixA",
    "size": [
      2.108449041637668,
      4.389297726515963,
      1.5900000000000034
    ],
    "obj_class": "vehicle",
    "point_num_in_lidar": 30,
    "speed": 1.034565839472708e-12,
    "if_vehicle": true,
    "motion_state": false,
    "pose": [
      [
        0.9252686007723311,
        0.37914166508939634,
        0.011384824023782863,
        -44.745493665604045
      ],
      [
        -0.3788202232351649,
        0.9251800555378262,
        -0.023175489273901718,
        -134.68884503129448
      ],
      [
        -0.01931980571518035,
        0.017130750954494713,
        0.9996665856568693,
        -3.3764025924884784
      ],
      [
        0.0,
        0.0,
        0.0,
        1.0
      ]
    ],
    "location": [
      -44.745493665604045,
      -134.68884503129448,
      -3.3764025924884784
    ],
    "rotation": [
      0.01713478737070321,
      0.01932100778576548,
      -0.3885975914245455
    ]
  },
  {
    "label_id": "CYgZTdc8n8BmocfFiCVd-g",
    "size": [
      1.9504333018535653,
      4.516909538653063,
      1.9300000000000033
    ],
    "obj_class": "vehicle",
    "point_num_in_lidar": 539,
    "speed": 8.644125458514253e-13,
    "if_vehicle": true,
    "motion_state": false,
    "pose": [
      [
        -0.054432827344085645,
        0.9984525292117179,
        0.011384824023782863,
        -33.20892621008716
      ],
      [
        -0.9982633819850352,
        -0.054158257770309796,
        -0.023175489273901718,
        -112.22676555687758
      ],
      [
        -0.02252304364709656,
        -0.012626560339546958,
        0.9996665856568693,
        -2.5601212059685707
      ],
      [
        0.0,
        0.0,
        0.0,
        1.0
      ]
    ],
    "location": [
      -33.20892621008716,
      -112.22676555687758,
      -2.5601212059685707
    ],
    "rotation": [
      -0.01263009999501492,
      0.02252494835833396,
      -1.6252699024900532
    ]
  },
  {
    "label_id": "CrBLFWxcfuaKi5ST0mekhA",
    "size": [
      0.9173643431724168,
      0.09628066794920347,
      0.9100000000000037
    ],
    "obj_class": "sign",
    "point_num_in_lidar": 33,
    "speed": 0.0441461609199251,
    "if_vehicle": false,
    "motion_state": false,
    "pose": [
      [
        0.10264353542054033,
        -0.9946530502734708,
        0.011384824023782863,
        -37.88228555865135
      ],
      [
        0.9944773994711049,
        0.10236014184292526,
        -0.023175489273901718,
        -129.04228679102198
      ],
      [
        0.02188621889593529,
        0.013700764342781826,
        0.9996665856568693,
        -0.9261533704913738
      ],
      [
        0.0,
        0.0,
        0.0,
        1.0
      ]
    ],
    "location": [
      -37.88228555865135,
      -129.04228679102198,
      -0.9261533704913738
    ],
    "rotation": [
      0.013704475875203487,
      -0.021887966546474267,
      1.467946971713551
    ]
  },
  {
    "label_id": "D6IfrA-nMWGXJ2j5fWTyXQ",
    "size": [
      1.8548375349018202,
      4.33816525218244,
      1.360480983883516
    ],
    "obj_class": "vehicle",
    "point_num_in_lidar": 25,
    "speed": 1.0247593068766006e-12,
    "if_vehicle": true,
    "motion_state": false,
    "pose": [
      [
        0.932517456820187,
        0.36094539546523924,
        0.011384824023782863,
        -44.23225500913395
      ],
      [
        -0.36062574964336885,
        0.932422632388915,
        -0.023175489273901718,
        -115.63384484362359
      ],
      [
        -0.01898055372660904,
        0.017505887620127822,
        0.9996665856568693,
        -3.407850744487533
      ],
      [
        0.0,
        0.0,
        0.0,
        1.0
      ]
    ],
    "location": [
      -44.23225500913395,
      -115.63384484362359,
      -3.407850744487533
    ],
    "rotation": [
      0.01750993655821997,
      0.018981693571613282,
      -0.36900836615700067
    ]
  },
  {
    "label_id": "F4Y0-z0pBo3LdthKdq6h4A",
    "size": [
      2.200184907649803,
      4.627981559074035,
      1.6200000000000045
    ],
    "obj_class": "vehicle",
    "point_num_in_lidar": 41,
    "speed": 5.684341886080801e-13,
    "if_vehicle": true,
    "motion_state": false,
    "pose": [
      [
        0.9151330494746559,
        0.40299117551277025,
        0.011384824023782863,
        -45.1876924249118
      ],
      [
        -0.40266754709564867,
        0.9150528636165721,
        -0.023175489273901718,
        -137.73797566717076
      ],
      [
        -0.019757233490306503,
        0.0166243570085206,
        0.9996665856568693,
        -3.4545195854859223
      ],
      [
        0.0,
        0.0,
        0.0,
        1.0
      ]
    ],
    "location": [
      -45.1876924249118,
      -137.73797566717076,
      -3.4545195854859223
    ],
    "rotation": [
      0.016628368890699886,
      0.019758519083144913,
      -0.4145151189050132
    ]
  },
  {
    "label_id": "Irrp7c9HrOs1nyK9NCdnZg",
    "size": [
      2.004151873568407,
      4.917299256640257,
      2.0500000000000043
    ],
    "obj_class": "vehicle",
    "point_num_in_lidar": 6420,
    "speed": 15.845765280029605,
    "if_vehicle": true,
    "motion_state": true,
    "pose": [
      [
        0.04019629863659165,
        -0.999126940562542,
        0.011384824023782863,
        -6.0537590784033455
      ],
      [
        0.9989338990940223,
        0.0399244528795216,
        -0.023175489273901718,
        -113.15674135563131
      ],
      [
        0.022700722823994265,
        0.012304255540479592,
        0.9996665856568693,
        -2.4089505007144076
      ],
      [
        0.0,
        0.0,
        0.0,
        1.0
      ]
    ],
    "location": [
      -6.0537590784033455,
      -113.15674135563131,
      -2.4089505007144076
    ],
    "rotation": [
      0.012307737825968392,
      -0.02270267297633047,
      1.5305788263806668
    ]
  },
  {
    "label_id": "KBYyTquOIk4W6w_VAnBJvQ",
    "size": [
      2.2023600065798443,
      4.8445259893152794,
      1.8200000000000038
    ],
    "obj_class": "vehicle",
    "point_num_in_lidar": 308,
    "speed": 11.448835039396368,
    "if_vehicle": true,
    "motion_state": true,
    "pose": [
      [
        -0.06357570122214373,
        0.9979120782894955,
        0.011384824023782863,
        -25.710269840147703
      ],
      [
        -0.9977254538706843,
        -0.0632994107038326,
        -0.023175489273901718,
        -102.44806037357739
      ],
      [
        -0.022406448015022878,
        -0.012832326698121201,
        0.9996665856568693,
        -2.2620085380032435
      ],
      [
        0.0,
        0.0,
        0.0,
        1.0
      ]
    ],
    "location": [
      -25.710269840147703,
      -102.44806037357739,
      -2.2620085380032435
    ],
    "rotation": [
      -0.012835901611118574,
      0.02240832329419767,
      -1.6344309309904594
    ]
  },
  {
    "label_id": "KE-n4BCpMYY4onuCOe_Cxg",
    "size": [
      2.008046796960117,
      4.605128188340819,
      1.610000000000003
    ],
    "obj_class": "vehicle",
    "point_num_in_lidar": 673,
    "speed": 15.97166731534353,
    "if_vehicle": true,
    "motion_state": true,
    "pose": [
      [
        0.04137816566861174,
        -0.9990786921898837,
        0.011384824023782863,
        -5.552059863559407
      ],
      [
        0.9988859724303638,
        0.04110609174759791,
        -0.023175489273901718,
        -98.47405764606629
      ],
      [
        0.022686151893778532,
        0.012331100250571552,
        0.9996665856568693,
        -2.366273479131312
      ],
      [
        0.0,
        0.0,
        0.0,
        1.0
      ]
    ],
    "location": [
      -5.552059863559407,
      -98.47405764606629,
      -2.366273479131312
    ],
    "rotation": [
      0.012334587412978798,
      -0.022688098292707844,
      1.529395683278372
    ]
  },
  {
    "label_id": "P3VqmcQjGG_-0RYvPv6e6g",
    "size": [
      2.2506247866645284,
      4.839295668185866,
      1.4958446391827813
    ],
    "obj_class": "vehicle",
    "point_num_in_lidar": 66,
    "speed": 1.0247593068766006e-12,
    "if_vehicle": true,
    "motion_state": false,
    "pose": [
      [
        0.9567542701253435,
        0.29067447837549915,
        0.011384824023782863,
        -44.8510494883958
      ],
      [
        -0.29036275994709254,
        0.9566359622828436,
        -0.023175489273901718,
        -129.261782392261
      ],
      [
        -0.017627655341200713,
        0.018867519399992008,
        0.9996665856568693,
        -3.466886666742205
      ],
      [
        0.0,
        0.0,
        0.0,
        1.0
      ]
    ],
    "location": [
      -44.8510494883958,
      -129.261782392261,
      -3.466886666742205
    ],
    "rotation": [
      0.018871571597147467,
      0.01762856838820471,
      -0.29465306375259176
    ]
  },
  {
    "label_id": "Q6L8E4YXt0H-p-ivoC7uhw",
    "size": [
      1.8671971686952957,
      4.568158551612744,
      1.4315060933022323
    ],
    "obj_class": "vehicle",
    "point_num_in_lidar": 47,
    "speed": 10.855785878616967,
    "if_vehicle": true,
    "motion_state": true,
    "pose": [
      [
        -0.058278835700860364,
        0.9982354246826244,
        0.011384824023782863,
        -27.260337956611693
      ],
      [
        -0.9980473366040999,
        -0.058003539498703016,
        -0.023175489273901718,
        -51.996514088381446
      ],
      [
        -0.02247423428761161,
        -0.01271323382632363,
        0.9996665856568693,
        -1.3145392807973906
      ],
      [
        0.0,
        0.0,
        0.0,
        1.0
      ]
    ],
    "location": [
      -27.260337956611693,
      -51.996514088381446,
      -1.3145392807973906
    ],
    "rotation": [
      -0.012716788464496608,
      0.022476126640777853,
      -1.6291229516616978
    ]
  },
  {
    "label_id": "Tb9LAGkHFTyU8qDac4H8Jw",
    "size": [
      0.8205386739829345,
      0.0943220424488163,
      0.8335460332244757
    ],
    "obj_class": "sign",
    "point_num_in_lidar": 23,
    "speed": 0.026639224952792147,
    "if_vehicle": false,
    "motion_state": false,
    "pose": [
      [
        0.07411661180476403,
        0.9971845935615578,
        0.011384824023782863,
        6.0878224877387765
      ],
      [
        -0.996961782753161,
        0.07436464500388638,
        -0.023175489273901718,
        -52.33533422823348
      ],
      [
        -0.023956869249146254,
        -0.009632545713182335,
        0.9996665856568693,
        0.739006963729171
      ],
      [
        0.0,
        0.0,
        0.0,
        1.0
      ]
    ],
    "location": [
      6.0878224877387765,
      -52.33533422823348,
      0.739006963729171
    ],
    "rotation": [
      -0.009635460210070808,
      0.023959161441851944,
      -1.4965903527850406
    ]
  },
  {
    "label_id": "Tp_mTbnf0rXpgHOrql5mPA",
    "size": [
      0.4567756050563055,
      0.08929268673868548,
      1.2900000000000027
    ],
    "obj_class": "sign",
    "point_num_in_lidar": 52,
    "speed": 0.034456846827417446,
    "if_vehicle": false,
    "motion_state": false,
    "pose": [
      [
        0.9993715552641146,
        0.03356903798043838,
        0.011384824023782863,
        -14.252110875801009
      ],
      [
        -0.03329847848532494,
        0.9991767151147377,
        -0.023175489273901718,
        -99.38115700589697
      ],
      [
        -0.012153429949893562,
        0.022781827441850817,
        0.9996665856568693,
        -2.2499307627519016
      ],
      [
        0.0,
        0.0,
        0.0,
        1.0
      ]
    ],
    "location": [
      -14.252110875801009,
      -99.38115700589697,
      -2.2499307627519016
    ],
    "rotation": [
      0.022785481702588827,
      0.012153729158584549,
      -0.033307095881014416
    ]
  },
  {
    "label_id": "UKN8Zb93ZEAai1XgQqdhAg",
    "size": [
      2.176398735564554,
      4.9145531528697965,
      1.6377201400438501
    ],
    "obj_class": "vehicle",
    "point_num_in_lidar": 28,
    "speed": 11.61746922208041,
    "if_vehicle": true,
    "motion_state": true,
    "pose": [
      [
        -0.03290324739662378,
        0.9993936972448365,
        0.011384824023782863,
        -19.36053000391712
      ],
      [
        -0.999198676891473,
        -0.03263281776441015,
        -0.023175489273901718,
        -43.69004129107816
      ],
      [
        -0.022789919023254702,
        -0.012138249958323081,
        0.9996665856568693,
        -1.049173521317769
      ],
      [
        0.0,
        0.0,
        0.0,
        1.0
      ]
    ],
    "location": [
      -19.36053000391712,
      -43.69004129107816,
      -1.049173521317769
    ],
    "rotation": [
      -0.0121417016926298,
      0.022791892257387012,
      -1.603714066671297
    ]
  },
  {
    "label_id": "V3RVJ7DlziS_ffNdkw1atQ",
    "size": [
      2.012784348428965,
      4.224902453012272,
      1.6302669350628847
    ],
    "obj_class": "vehicle",
    "point_num_in_lidar": 96,
    "speed": 11.448621205990566,
    "if_vehicle": true,
    "motion_state": true,
    "pose": [
      [
        -0.06403763580986194,
        0.9978825416760386,
        0.011384824023782863,
        -24.21525867852597
      ],
      [
        -0.9976960451742904,
        -0.06376125893123254,
        -0.023175489273901718,
        -79.18148120020123
      ],
      [
        -0.02240050542875988,
        -0.012842697445370895,
        0.9996665856568693,
        -1.9967026015162759
      ],
      [
        0.0,
        0.0,
        0.0,
        1.0
      ]
    ],
    "location": [
      -24.21525867852597,
      -79.18148120020123,
      -1.9967026015162759
    ],
    "rotation": [
      -0.012846274106731777,
      0.022402379216034152,
      -1.6348939169616408
    ]
  },
  {
    "label_id": "WhPgWq3c5JWYJlXPM99MEg",
    "size": [
      1.7706251348588526,
      3.2738170599658973,
      1.354965001718206
    ],
    "obj_class": "vehicle",
    "point_num_in_lidar": 24,
    "speed": 13.46658944950427,
    "if_vehicle": true,
    "motion_state": true,
    "pose": [
      [
        0.03744060156564993,
        -0.9992340001903206,
        0.011384824023782863,
        3.32624158868839
      ],
      [
        0.9990402097184037,
        0.037169289241566615,
        -0.023175489273901718,
        -50.22266534019218
      ],
      [
        0.02273457103642436,
        0.012241601240320301,
        0.9996665856568693,
        -1.1526768506802831
      ],
      [
        0.0,
        0.0,
        0.0,
        1.0
      ]
    ],
    "location": [
      3.32624158868839,
      -50.22266534019218,
      -1.1526768506802831
    ],
    "rotation": [
      0.012245072074331837,
      -0.022736529926531503,
      1.5333372860088046
    ]
  },
  {
    "label_id": "a9ud6ZG8FcMmRRVYy5hBYw",
    "size": [
      2.068726571695013,
      4.669869232318501,
      1.4668404177813876
    ],
    "obj_class": "vehicle",
    "point_num_in_lidar": 51,
    "speed": 11.196992106360806,
    "if_vehicle": true,
    "motion_state": true,
    "pose": [
      [
        -0.13290828514697806,
        0.9910629513412541,
        0.011384824023782863,
        -31.544236020392418
      ],
      [
        -0.9908960186514179,
        -0.13261967017635237,
        -0.023175489273901718,
        -122.51465325952631
      ],
      [
        -0.02145851719152072,
        -0.014361391335049914,
        0.9996665856568693,
        -2.9470536329231116
      ],
      [
        0.0,
        0.0,
        0.0,
        1.0
      ]
    ],
    "location": [
      -31.544236020392418,
      -122.51465325952631,
      -2.9470536329231116
    ],
    "rotation": [
      -0.01436519301650048,
      0.021460164359460354,
      -1.7041299356738326
    ]
  },
  {
    "label_id": "bCbo2xKSICAefdmS0oegsw",
    "size": [
      2.205253939970304,
      5.342787782384308,
      2.5352075881934155
    ],
    "obj_class": "vehicle",
    "point_num_in_lidar": 115,
    "speed": 1.7053025658242404e-12,
    "if_vehicle": true,
    "motion_state": false,
    "pose": [
      [
        -0.9361974130739376,
        0.3512901785356581,
        0.011384824023782863,
        -55.95748007939255
      ],
      [
        -0.35146562292019373,
        -0.935913891660037,
        -0.023175489273901718,
        -126.6322603433091
      ],
      [
        0.00251389319328314,
        -0.025698207372305205,
        0.9996665856568693,
        -3.272852881441711
      ],
      [
        0.0,
        0.0,
        0.0,
        1.0
      ]
    ],
    "location": [
      -55.95748007939255,
      -126.6322603433091,
      -3.272852881441711
    ],
    "rotation": [
      -0.025701117949241785,
      -0.0025138958411152885,
      -2.78245532218443
    ]
  },
  {
    "label_id": "c6pqigyvYSVSXKIiUs4Mrg",
    "size": [
      0.7950640377784521,
      0.9425249904647439,
      1.1799999999999997
    ],
    "obj_class": "sign",
    "point_num_in_lidar": 32,
    "speed": 0.012557391577913773,
    "if_vehicle": false,
    "motion_state": false,
    "pose": [
      [
        0.08572101493311088,
        -0.9962541309228207,
        0.011384824023782863,
        -32.353600723935415
      ],
      [
        0.9960736882110603,
        0.08544064811628364,
        -0.023175489273901718,
        -72.91242563151536
      ],
      [
        0.022115950182000264,
        0.013326750117133563,
        0.9996665856568693,
        -1.9404086240736866
      ],
      [
        0.0,
        0.0,
        0.0,
        1.0
      ]
    ],
    "location": [
      -32.353600723935415,
      -72.91242563151536,
      -1.9404086240736866
    ],
    "rotation": [
      0.01333040526957852,
      -0.022117753453691342,
      1.484948933293983
    ]
  },
  {
    "label_id": "cNWmXBjxsIsirTIu5AYIng",
    "size": [
      2.1235353728581923,
      4.783454623322626,
      1.6122134841909066
    ],
    "obj_class": "vehicle",
    "point_num_in_lidar": 86,
    "speed": 12.461637084632585,
    "if_vehicle": true,
    "motion_state": true,
    "pose": [
      [
        -0.062389137008486875,
        0.9979869645267335,
        0.011384824023782863,
        -20.58812442875478
      ],
      [
        -0.9978000117299118,
        -0.06211306858224834,
        -0.023175489273901718,
        -76.75563297627923
      ],
      [
        -0.02242168983649699,
        -0.012805676320021697,
        0.9996665856568693,
        -2.087912494788668
      ],
      [
        0.0,
        0.0,
        0.0,
        1.0
      ]
    ],
    "location": [
      -20.58812442875478,
      -76.75563297627923,
      -2.087912494788668
    ],
    "rotation": [
      -0.01280924672747273,
      0.0224235689457882,
      -1.6332417278791067
    ]
  },
  {
    "label_id": "d4ajfIN3Bvzz0nrJjaFqyQ",
    "size": [
      0.6619503964107016,
      0.07957740070102917,
      0.306946122928867
    ],
    "obj_class": "sign",
    "point_num_in_lidar": 309,
    "speed": 0.030590033391001473,
    "if_vehicle": false,
    "motion_state": false,
    "pose": [
      [
        -0.10353997114869078,
        0.9945601340072282,
        0.011384824023782863,
        3.5186873065404143
      ],
      [
        -0.9943847386978758,
        -0.103256419372709,
        -0.023175489273901718,
        -114.19163552841746
      ],
      [
        -0.021873861554050557,
        -0.013720484752787199,
        0.9996665856568693,
        -1.2603398557816199
      ],
      [
        0.0,
        0.0,
        0.0,
        1.0
      ]
    ],
    "location": [
      3.5186873065404143,
      -114.19163552841746,
      -1.2603398557816199
    ],
    "rotation": [
      -0.01372419915238933,
      0.02187560624557377,
      -1.6745471096454494
    ]
  },
  {
    "label_id": "dI_Cs8sdEP9J4-t35jdgfQ",
    "size": [
      0.4508586496381854,
      0.05525218425557021,
      0.5800000000000018
    ],
    "obj_class": "sign",
    "point_num_in_lidar": 39,
    "speed": 0.032816693663123155,
    "if_vehicle": false,
    "motion_state": false,
    "pose": [
      [
        -0.057802223425378614,
        0.9982631360262834,
        0.011384824023782863,
        4.483894067770052
      ],
      [
        -0.9980749165295412,
        -0.057527017056899714,
        -0.023175489273901718,
        -97.36883666713766
      ],
      [
        -0.022480301635702662,
        -0.012702502096243129,
        0.9996665856568693,
        -0.15509333079949528
      ],
      [
        0.0,
        0.0,
        0.0,
        1.0
      ]
    ],
    "location": [
      4.483894067770052,
      -97.36883666713766,
      -0.15509333079949528
    ],
    "rotation": [
      -0.012706054889630537,
      0.022482195522145712,
      -1.628645421444039
    ]
  },
  {
    "label_id": "dkBBjdWd3pD0qSre4uBr4A",
    "size": [
      0.7950640377799796,
      0.9425249904647439,
      1.0800000000000018
    ],
    "obj_class": "sign",
    "point_num_in_lidar": 26,
    "speed": 0.011912140648441222,
    "if_vehicle": false,
    "motion_state": false,
    "pose": [
      [
        0.03741498777012812,
        -0.9992349595926419,
        0.011384824023782863,
        -34.824244109880965
      ],
      [
        0.9990411621661263,
        0.03714368041364619,
        -0.023175489273901718,
        -77.20792512007029
      ],
      [
        0.022734884823041892,
        0.012241018471526635,
        0.9996665856568693,
        -1.946977448795181
      ],
      [
        0.0,
        0.0,
        0.0,
        1.0
      ]
    ],
    "location": [
      -34.824244109880965,
      -77.20792512007029,
      -1.946977448795181
    ],
    "rotation": [
      0.012244489198571903,
      -0.022736843794273594,
      1.5333629241321949
    ]
  },
  {
    "label_id": "gv2WLpRPACVMXeXHt4YmCg",
    "size": [
      2.296049917706442,
      4.854302326621074,
      1.8492944185417457
    ],
    "obj_class": "vehicle",
    "point_num_in_lidar": 37,
    "speed": 7.652779469160725e-13,
    "if_vehicle": true,
    "motion_state": false,
    "pose": [
      [
        0.9173028887737392,
        0.3980273810044987,
        0.011384824023782863,
        -44.254088725616384
      ],
      [
        -0.3977041917566006,
        0.9172209507834764,
        -0.023175489273901718,
        -112.64261776774038
      ],
      [
        -0.01966687841478563,
        0.016731151023025158,
        0.9996665856568693,
        -3.1433645393103653
      ],
      [
        0.0,
        0.0,
        0.0,
        1.0
      ]
    ],
    "location": [
      -44.254088725616384,
      -112.64261776774038,
      -3.1433645393103653
    ],
    "rotation": [
      0.016735168797691213,
      0.019668146448059087,
      -0.4090971327813798
    ]
  },
  {
    "label_id": "mjHzioKkfd6uF_DFvquivw",
    "size": [
      1.9331349028344802,
      4.6637678797215285,
      1.5157934779913838
    ],
    "obj_class": "vehicle",
    "point_num_in_lidar": 441,
    "speed": 12.494106101409557,
    "if_vehicle": true,
    "motion_state": true,
    "pose": [
      [
        -0.06833847566821433,
        0.997597232617098,
        0.011384824023782863,
        -22.480177355275373
      ],
      [
        -0.9974119291877349,
        -0.06806129745249112,
        -0.023175489273901718,
        -104.02963616643865
      ],
      [
        -0.022344938069864637,
        -0.012939136902867632,
        0.9996665856568693,
        -2.6000184902786927
      ],
      [
        0.0,
        0.0,
        0.0,
        1.0
      ]
    ],
    "location": [
      -22.480177355275373,
      -104.02963616643865,
      -2.6000184902786927
    ],
    "rotation": [
      -0.012942729689904297,
      0.022346797945102703,
      -1.6392052133184125
    ]
  },
  {
    "label_id": "pOpngrVB8lN0PzlZlu3VfQ",
    "size": [
      0.7560385069448908,
      1.1080202255438867,
      1.120000000000001
    ],
    "obj_class": "sign",
    "point_num_in_lidar": 30,
    "speed": 0.03000698581266435,
    "if_vehicle": false,
    "motion_state": false,
    "pose": [
      [
        0.037414987771554324,
        -0.9992349595925885,
        0.011384824023782863,
        -34.776273702789695
      ],
      [
        0.9990411621660733,
        0.03714368041507213,
        -0.023175489273901718,
        -79.44747167883543
      ],
      [
        0.022734884823024423,
        0.012241018471559085,
        0.9996665856568693,
        -2.0783122333134223
      ],
      [
        0.0,
        0.0,
        0.0,
        1.0
      ]
    ],
    "location": [
      -34.776273702789695,
      -79.44747167883543,
      -2.0783122333134223
    ],
    "rotation": [
      0.012244489198604358,
      -0.022736843794256122,
      1.5333629241307671
    ]
  },
  {
    "label_id": "sFagMARgWtSpUUolDUyUSw",
    "size": [
      2.0800859468544233,
      4.8820270426685575,
      1.6731084969654475
    ],
    "obj_class": "vehicle",
    "point_num_in_lidar": 491,
    "speed": 12.93656675932126,
    "if_vehicle": true,
    "motion_state": true,
    "pose": [
      [
        -0.04338946609988141,
        0.9989933633480829,
        0.011384824023782863,
        -23.887686971426774
      ],
      [
        -0.9988011917289785,
        -0.04311700473928867,
        -0.023175489273901718,
        -126.85151350700653
      ],
      [
        -0.022661280465583078,
        -0.012376747908777151,
        0.9996665856568693,
        -2.9755607176939733
      ],
      [
        0.0,
        0.0,
        0.0,
        1.0
      ]
    ],
    "location": [
      -23.887686971426774,
      -126.85151350700653,
      -2.9755607176939733
    ],
    "rotation": [
      -0.012380243323208332,
      0.022663220468877306,
      -1.6142105747176074
    ]
  }
]