[
  {
    "label_id": "0ec9undU7bwuGtzD3r5HNw",
    "size": [
      2.143628121553496,
      4.437354281848378,
      2.010000000000005
    ],
    "obj_class": "vehicle",
    "point_num_in_lidar": 405,
    "speed": 10.243796982048005,
    "if_vehicle": true,
    "motion_state": true,
    "pose": [
      [
        -0.03883374608839997,
        0.9991455545900658,
        0.014145702798074417,
        -25.402330528631865
      ],
      [
        -0.9984969600769815,
        -0.03825284754030746,
        -0.03924971811471878,
        -29.501526077376184
      ],
      [
        -0.03867506796074922,
        -0.01564865482933802,
        0.9991293003011491,
        -0.11000176011219054
      ],
      [
        0.0,
        0.0,
        0.0,
        1.0
      ]
    ],
    "location": [
      -25.402330528631865,
      -29.501526077376184,
      -0.11000176011219054
    ],
    "rotation": [
      -0.015661011478725274,
      0.038684715898407065,
      -1.6096689377011963
    ]
  },
  {
    "label_id": "2v7kl2rxNcVM8hq8m9DrqQ",
    "size": [
      0.7015727228135659,
      0.9108334270475305,
      1.5400000000000063
    ],
    "obj_class": "pedestrian",
    "point_num_in_lidar": 26,
    "speed": 1.3328166627977596,
    "if_vehicle": false,
    "motion_state": true,
    "pose": [
      [
        -0.8378183736280218,
        0.5457657665186092,
        0.014145702798074417,
        18.013556974432504
      ],
      [
        -0.5458649657055795,
        -0.8369533432893148,
        -0.03924971811471878,
        17.96731184679993
      ],
      [
        -0.009581859242493438,
        -0.04060577856898421,
        0.9991293003011491,
        1.319824832316307
      ],
      [
        0.0,
        0.0,
        0.0,
        1.0
      ]
    ],
    "location": [
      18.013556974432504,
      17.96731184679993,
      1.319824832316307
    ],
    "rotation": [
      -0.040618811239080954,
      0.00958200587020402,
      -2.5641416410887192
    ]
  },
  {
    "label_id": "3asbK-XesnwUDTdGRbvBxw",
    "size": [
      1.938835072121307,
      4.600893695312132,
      1.5051151018444564
    ],
    "obj_class": "vehicle",
    "point_num_in_lidar": 277,
    "speed": 10.451880175885558,
    "if_vehicle": true,
    "motion_state": true,
    "pose": [
      [
        -0.040816841479742606,
        0.9990665065669883,
        0.014145702798074417,
        -21.948541989962905
      ],
      [
        -0.9984190663383911,
        -0.04023465670153808,
        -0.03924971811471878,
        -31.529532286887843
      ],
      [
        -0.03864393126472863,
        -0.015725388902766882,
        0.9991293003011491,
        -0.4411615824838506
      ],
      [
        0.0,
        0.0,
        0.0,
        1.0
      ]
    ],
    "location": [
      -21.948541989962905,
      -31.529532286887843,
      -0.4411615824838506
    ],
    "rotation": [
      -0.015737793495006525,
      0.03865355590848932,
      -1.61165504698429
    ]
  },
  {
    "label_id": "3xp7fav1XDT13tIERFz4Yw",
    "size": [
      1.7950243845309608,
      3.727424411905237,
      1.6243614469938272
    ],
    "obj_class": "vehicle",
    "point_num_in_lidar": 110,
    "speed": 15.351637349535988,
    "if_vehicle": true,
    "motion_state": true,
    "pose": [
      [
        0.0016663742202795888,
        -0.9998985559992105,
        0.014145702798074417,
        2.799687202548739
      ],
      [
        0.9992288164164453,
        0.0011099868939891883,
        -0.03924971811471878,
        20.870818284467532
      ],
      [
        0.03923003492157125,
        0.014200198582718307,
        0.9991293003011491,
        1.362839528859027
      ],
      [
        0.0,
        0.0,
        0.0,
        1.0
      ]
    ],
    "location": [
      2.799687202548739,
      20.870818284467532,
      1.362839528859027
    ],
    "rotation": [
      0.014211616615228639,
      -0.0392401043721593,
      1.5691286680483456
    ]
  },
  {
    "label_id": "9IJK3Kq48C7X4zJAJE1TEw",
    "size": [
      1.252680805774505,
      0.07205196289776222,
      0.5
    ],
    "obj_class": "sign",
    "point_num_in_lidar": 21,
    "speed": 0.06768655783109087,
    "if_vehicle": false,
    "motion_state": false,
    "pose": [
      [
        0.9993826487710985,
        0.03215929768529851,
        0.014145702798074417,
        -9.349354593643511
      ],
      [
        -0.03158274424548761,
        0.9987301887365974,
        -0.03924971811471878,
        15.928257795952959
      ],
      [
        -0.015389983794247969,
        0.03877872713936237,
        0.9991293003011491,
        1.8671750735713388
      ],
      [
        0.0,
        0.0,
        0.0,
        1.0
      ]
    ],
    "location": [
      -9.349354593643511,
      15.928257795952959,
      1.8671750735713388
    ],
    "rotation": [
      0.03879304957289346,
      0.015390591382726252,
      -0.03159173981917264
    ]
  },
  {
    "label_id": "CynpKhpJ_9Jr-tliCpnvFQ",
    "size": [
      2.2784597204488746,
      4.538131144076009,
      1.5
    ],
    "obj_class": "vehicle",
    "point_num_in_lidar": 28,
    "speed": 1.7053025658242404e-12,
    "if_vehicle": true,
    "motion_state": false,
    "pose": [
      [
        -0.014493047468898668,
        0.9997949043015836,
        0.014145702798074417,
        -27.840515970434353
      ],
      [
        -0.9991323572261787,
        -0.013928114429989261,
        -0.03924971811471878,
        2.9738937683705444
      ],
      [
        -0.0390446451991052,
        -0.014702277409038554,
        0.9991293003011491,
        0.5870205703551541
      ],
      [
        0.0,
        0.0,
        0.0,
        1.0
      ]
    ],
    "location": [
      -27.840515970434353,
      2.9738937683705444,
      0.5870205703551541
    ],
    "rotation": [
      -0.01471402786618223,
      0.0390545725024785,
      -1.5853009427068565
    ]
  },
  {
    "label_id": "Irrp7c9HrOs1nyK9NCdnZg",
    "size": [
      2.004151873568132,
      4.917299256640257,
      2.0500000000000007
    ],
    "obj_class": "vehicle",
    "point_num_in_lidar": 1103,
    "speed": 15.190535767756801,
    "if_vehicle": true,
    "motion_state": true,
    "pose": [
      [
        0.048019630260157015,
        -0.9987462211202736,
        0.014145702798074417,
        -1.3388307653176525
      ],
      [
        0.9981029956133526,
        0.047432792196611874,
        -0.03924971811471878,
        -5.03153434802698
      ],
      [
        0.038529537465815236,
        0.016003625289498443,
        0.9991293003011491,
        0.8050321144647938
      ],
      [
        0.0,
        0.0,
        0.0,
        1.0
      ]
    ],
    "location": [
      -1.3388307653176525,
      -5.03153434802698,
      0.8050321144647938
    ],
    "rotation": [
      0.01601620215860591,
      -0.038539076851767176,
      1.5227224985823458
    ]
  },
  {
    "label_id": "KE-n4BCpMYY4onuCOe_Cxg",
    "size": [
      2.0080467969610707,
      4.605128188340819,
      1.610000000000003
    ],
    "obj_class": "vehicle",
    "point_num_in_lidar": 243,
    "speed": 14.861081327166117,
    "if_vehicle": true,
    "motion_state": true,
    "pose": [
      [
        0.03070366812925952,
        -0.9994284285809348,
        0.014145702798074417,
        -0.8249581119371214
      ],
      [
        0.998775129491511,
        0.030128065605518384,
        -0.03924971811471878,
        7.150028882440893
      ],
      [
        0.0388011014357015,
        0.015333486463056517,
        0.9991293003011491,
        0.921078555400193
      ],
      [
        0.0,
        0.0,
        0.0,
        1.0
      ]
    ],
    "location": [
      -0.8249581119371214,
      7.150028882440893,
      0.921078555400193
    ],
    "rotation": [
      0.015345644270572681,
      -0.03881084404539489,
      1.5400646828520155
    ]
  },
  {
    "label_id": "P8RZnw2y2LdjAlYaVdCWug",
    "size": [
      2.172502278757765,
      4.389178354671179,
      1.7000000000000028
    ],
    "obj_class": "vehicle",
    "point_num_in_lidar": 39,
    "speed": 7.105427357601002e-13,
    "if_vehicle": true,
    "motion_state": false,
    "pose": [
      [
        -0.9984810876170549,
        0.053248631563745555,
        0.014145702798074417,
        12.820625615237077
      ],
      [
        -0.05376739842615807,
        -0.9977818030483407,
        -0.03924971811471878,
        19.31439270849114
      ],
      [
        0.01202433106437712,
        -0.039950678870209325,
        0.9991293003011491,
        1.4504739310872168
      ],
      [
        0.0,
        0.0,
        0.0,
        1.0
      ]
    ],
    "location": [
      12.820625615237077,
      19.31439270849114,
      1.4504739310872168
    ],
    "rotation": [
      -0.03996420451505302,
      -0.012024620838622147,
      -3.087795422057393
    ]
  },
  {
    "label_id": "SU8Sxb1EooY9gTTC7120oA",
    "size": [
      2.102881279910072,
      5.065435957019948,
      1.5401825314904904
    ],
    "obj_class": "vehicle",
    "point_num_in_lidar": 148,
    "speed": 0.007381416653117614,
    "if_vehicle": true,
    "motion_state": false,
    "pose": [
      [
        -0.05613146613838097,
        0.9983231729262345,
        0.014145702798074417,
        -27.527157696100403
      ],
      [
        -0.9976847358848164,
        -0.05553942212842535,
        -0.03924971811471878,
        9.390487421449507
      ],
      [
        -0.03839825896574086,
        -0.016316095983299316,
        0.9991293003011491,
        0.8015473180391837
      ],
      [
        0.0,
        0.0,
        0.0,
        1.0
      ]
    ],
    "location": [
      -27.527157696100403,
      9.390487421449507,
      0.8015473180391837
    ],
    "rotation": [
      -0.016328863364037435,
      0.03840770113231225,
      -1.6269988028965674
    ]
  },
  {
    "label_id": "TqbpmqdX5hgrGjVBAoZQkg",
    "size": [
      2.0033202372869163,
      5.335478067904516,
      1.6896244026373743
    ],
    "obj_class": "vehicle",
    "point_num_in_lidar": 321,
    "speed": 12.18911635240342,
    "if_vehicle": true,
    "motion_state": true,
    "pose": [
      [
        -0.040602129473793,
        0.999075255511086,
        0.014145702798074417,
        -17.42342140238452
      ],
      [
        -0.9984276901791305,
        -0.04002008385150168,
        -0.03924971811471878,
        -13.452428684240658
      ],
      [
        -0.038647309942083416,
        -0.015717083507345592,
        0.9991293003011491,
        0.18001502625727284
      ],
      [
        0.0,
        0.0,
        0.0,
        1.0
      ]
    ],
    "location": [
      -17.42342140238452,
      -13.452428684240658,
      0.18001502625727284
    ],
    "rotation": [
      -0.015729482919378746,
      0.03865693711167395,
      -1.6114400012568308
    ]
  },
  {
    "label_id": "VJN1WZ3oeEQ6N375oERJvQ",
    "size": [
      1.9982112685186382,
      4.518824469475637,
      1.7900000000000027
    ],
    "obj_class": "vehicle",
    "point_num_in_lidar": 53,
    "speed": 1.4210854715202004e-13,
    "if_vehicle": true,
    "motion_state": false,
    "pose": [
      [
        -0.004532574440752815,
        0.9998896713444376,
        0.014145702798074417,
        -29.269169853991116
      ],
      [
        -0.9992215293963173,
        -0.003974269593253743,
        -0.03924971811471878,
        -33.245188163688
      ],
      [
        -0.0391891689095824,
        -0.01431259305341121,
        0.9991293003011491,
        -0.4874610847092882
      ],
      [
        0.0,
        0.0,
        0.0,
        1.0
      ]
    ],
    "location": [
      -29.269169853991116,
      -33.245188163688,
      -0.4874610847092882
    ],
    "rotation": [
      -0.014324086134211576,
      0.039199206910341906,
      -1.5753324013489278
    ]
  },
  {
    "label_id": "VMicCPxMAMBakoaRu8Q30Q",
    "size": [
      2.0956526812786778,
      4.578825266355873,
      1.6702277585449394
    ],
    "obj_class": "vehicle",
    "point_num_in_lidar": 42,
    "speed": 0.023082038886819544,
    "if_vehicle": true,
    "motion_state": false,
    "pose": [
      [
        -0.047905979059575575,
        0.9987516789786598,
        0.014145702798074417,
        -27.45347348703308
      ],
      [
        -0.9981083866975102,
        -0.04731921419475128,
        -0.03924971811471878,
        14.296305052836033
      ],
      [
        -0.03853135832587713,
        -0.015999240772586472,
        0.9991293003011491,
        1.0487215752193393
      ],
      [
        0.0,
        0.0,
        0.0,
        1.0
      ]
    ],
    "location": [
      -27.45347348703308,
      14.296305052836033,
      1.0487215752193393
    ],
    "rotation": [
      -0.01601181494605584,
      0.03854089906495614,
      -1.618756291484314
    ]
  },
  {
    "label_id": "WhPgWq3c5JWYJlXPM99MEg",
    "size": [
      1.7706251348603808,
      3.2738170599658973,
      1.354965001718206
    ],
    "obj_class": "vehicle",
    "point_num_in_lidar": 23,
    "speed": 14.055423990990178,
    "if_vehicle": true,
    "motion_state": true,
    "pose": [
      [
        -0.05040378978169309,
        -0.9986287383547459,
        0.014145702798074417,
        5.817006948544986
      ],
      [
        0.9979309345663269,
        -0.05092454676767313,
        -0.03924971811471878,
        41.497264744961285
      ],
      [
        0.03991625998538318,
        0.012138099872534908,
        0.9991293003011491,
        1.9660510418254944
      ],
      [
        0.0,
        0.0,
        0.0,
        1.0
      ]
    ],
    "location": [
      5.817006948544986,
      41.497264744961285,
      1.9660510418254944
    ],
    "rotation": [
      0.012148080099542193,
      -0.03992686740734915,
      1.6212617368004119
    ]
  },
  {
    "label_id": "ZOfQ22J7gJFgUY_ZP2qzDg",
    "size": [
      1.9223080275514748,
      4.183597472936482,
      1.750000000000007
    ],
    "obj_class": "vehicle",
    "point_num_in_lidar": 29,
    "speed": 14.188458079117277,
    "if_vehicle": true,
    "motion_state": true,
    "pose": [
      [
        -0.046616300199264174,
        -0.9988127049893191,
        0.014145702798074417,
        1.8858901371922911
      ],
      [
        0.9981168810997272,
        -0.0471396997409646,
        -0.03924971811471878,
        52.45784589000323
      ],
      [
        0.0398699413027567,
        0.012289388115405493,
        0.9991293003011491,
        2.444992976551916
      ],
      [
        0.0,
        0.0,
        0.0,
        1.0
      ]
    ],
    "location": [
      1.8858901371922911,
      52.45784589000323,
      2.444992976551916
    ],
    "rotation": [
      0.012299477559366714,
      -0.03988051182351432,
      1.6174666625675638
    ]
  },
  {
    "label_id": "ZnSBgASG2ZsxwNwoluHWUg",
    "size": [
      2.3248409322686094,
      5.863561852150793,
      2.4546654756772206
    ],
    "obj_class": "vehicle",
    "point_num_in_lidar": 443,
    "speed": 8.977258344073595,
    "if_vehicle": true,
    "motion_state": true,
    "pose": [
      [
        -0.044451743783610845,
        0.9989113782347986,
        0.014145702798074417,
        -20.07516910981394
      ],
      [
        -0.9982660606115364,
        -0.04386720710325074,
        -0.03924971811471878,
        8.597822020323292
      ],
      [
        -0.03858645754303692,
        -0.015865893420029763,
        0.9991293003011491,
        1.3343664159034248
      ],
      [
        0.0,
        0.0,
        0.0,
        1.0
      ]
    ],
    "location": [
      -20.07516910981394,
      8.597822020323292,
      1.3343664159034248
    ],
    "rotation": [
      -0.01587838531674596,
      0.03859603928831979,
      -1.6152958849684431
    ]
  },
  {
    "label_id": "fdi97Vgxas9xg0vntt8avQ",
    "size": [
      1.8502239602476582,
      4.116561098425823,
      1.5364781616067695
    ],
    "obj_class": "vehicle",
    "point_num_in_lidar": 36,
    "speed": 9.029692552607752,
    "if_vehicle": true,
    "motion_state": true,
    "pose": [
      [
        -0.026395478260849453,
        0.999551488328505,
        0.014145702798074417,
        -19.995374868505678
      ],
      [
        -0.9988957142491354,
        -0.025822697043973435,
        -0.03924971811471878,
        19.953124122081135
      ],
      [
        -0.038866833960212684,
        -0.015166096981280066,
        0.9991293003011491,
        1.245459359548562
      ],
      [
        0.0,
        0.0,
        0.0,
        1.0
      ]
    ],
    "location": [
      -19.995374868505678,
      19.953124122081135,
      1.245459359548562
    ],
    "rotation": [
      -0.015178147936427116,
      0.03887662619090499,
      -1.5972148375551014
    ]
  },
  {
    "label_id": "hOtYo2XMEyTjdpxPuhNpRQ",
    "size": [
      1.9483955948645462,
      4.5368446852261215,
      1.570551044639462
    ],
    "obj_class": "vehicle",
    "point_num_in_lidar": 116,
    "speed": 10.804963718701613,
    "if_vehicle": true,
    "motion_state": true,
    "pose": [
      [
        -0.0519653280572162,
        0.9985486987484657,
        0.014145702798074417,
        -21.270475219781474
      ],
      [
        -0.9979077968747699,
        -0.051375953173231355,
        -0.03924971811471878,
        -12.90249021312593
      ],
      [
        -0.03846600598514021,
        -0.016155731592456334,
        0.9991293003011491,
        0.22839785238119248
      ],
      [
        0.0,
        0.0,
        0.0,
        1.0
      ]
    ],
    "location": [
      -21.270475219781474,
      -12.90249021312593,
      0.22839785238119248
    ],
    "rotation": [
      -0.016168401594893644,
      0.03847549823936675,
      -1.6228236107886185
    ]
  },
  {
    "label_id": "j-DR1qlemvgXr_EjODOYWg",
    "size": [
      0.4968522802955609,
      0.08136127727754472,
      1.340000000000007
    ],
    "obj_class": "sign",
    "point_num_in_lidar": 136,
    "speed": 0.034527947708315,
    "if_vehicle": false,
    "motion_state": false,
    "pose": [
      [
        0.9989803973327457,
        0.04287265838804595,
        0.014145702798074417,
        -10.537781141592859
      ],
      [
        -0.04228914252428171,
        0.9983341565089697,
        -0.03924971811471878,
        -11.596464210200793
      ],
      [
        -0.015804878027701634,
        0.038611489355706144,
        0.9991293003011491,
        0.43509213180315953
      ],
      [
        0.0,
        0.0,
        0.0,
        1.0
      ]
    ],
    "location": [
      -10.537781141592859,
      -11.596464210200793,
      0.43509213180315953
    ],
    "rotation": [
      0.038625916735099367,
      0.015805536096072808,
      -0.04230704497348401
    ]
  },
  {
    "label_id": "jeT9AOAs1MWlqKZdZkEsww",
    "size": [
      1.0665087977282943,
      0.1333632676679024,
      1.1377813311143967
    ],
    "obj_class": "sign",
    "point_num_in_lidar": 52,
    "speed": 0.029864928867400803,
    "if_vehicle": false,
    "motion_state": false,
    "pose": [
      [
        0.023101622413264772,
        0.9996330397371945,
        0.014145702798074417,
        9.044933110975762
      ],
      [
        -0.9989497239332291,
        0.023641249578657982,
        -0.03924971811471878,
        29.83838493113217
      ],
      [
        -0.039569737118159164,
        -0.013224113737264634,
        0.9991293003011491,
        3.5837626976284156
      ],
      [
        0.0,
        0.0,
        0.0,
        1.0
      ]
    ],
    "location": [
      9.044933110975762,
      29.83838493113217,
      3.5837626976284156
    ],
    "rotation": [
      -0.013234865202169462,
      0.03958007054629468,
      -1.547674537107281
    ]
  },
  {
    "label_id": "kIsLx15e7f6KRbDGA5Z-Ug",
    "size": [
      1.9887374888994802,
      4.85835572707015,
      1.9984479307160576
    ],
    "obj_class": "vehicle",
    "point_num_in_lidar": 184,
    "speed": 9.104956034221209,
    "if_vehicle": true,
    "motion_state": true,
    "pose": [
      [
        -0.037625865208062666,
        0.9991917700620303,
        0.014145702798074417,
        -23.95997617883677
      ],
      [
        -0.9985424737830838,
        -0.03704575116089156,
        -0.03924971811471878,
        -2.7953349113322474
      ],
      [
        -0.0386939571316282,
        -0.015601889668628383,
        0.9991293003011491,
        0.7250436439886094
      ],
      [
        0.0,
        0.0,
        0.0,
        1.0
      ]
    ],
    "location": [
      -23.95997617883677,
      -2.7953349113322474,
      0.7250436439886094
    ],
    "rotation": [
      -0.01561421700887886,
      0.03870361921891135,
      -1.608459294330637
    ]
  },
  {
    "label_id": "oMXGQsKNn3U3XnnHbaD9Tg",
    "size": [
      2.0485592590681923,
      4.50370485232675,
      1.580368794770731
    ],
    "obj_class": "vehicle",
    "point_num_in_lidar": 163,
    "speed": 0.007671195627925306,
    "if_vehicle": true,
    "motion_state": false,
    "pose": [
      [
        -0.04749698945538375,
        0.9987712125832541,
        0.014145702798074417,
        -28.009901239690407
      ],
      [
        -0.998127680077723,
        -0.04691048806586799,
        -0.03924971811471878,
        -3.142836520320998
      ],
      [
        -0.03853790673269621,
        -0.015983460964332553,
        0.9991293003011491,
        0.4256451127345997
      ],
      [
        0.0,
        0.0,
        0.0,
        1.0
      ]
    ],
    "location": [
      -28.009901239690407,
      -3.142836520320998,
      0.4256451127345997
    ],
    "rotation": [
      -0.015996025431141998,
      0.03854745233911988,
      -1.61834654280743
    ]
  },
  {
    "label_id": "vWggwwBHKN4voCvb_IMRuQ",
    "size": [
      2.3158279391818293,
      5.867894951015213,
      2.126784143620924
    ],
    "obj_class": "vehicle",
    "point_num_in_lidar": 181,
    "speed": 10.465449466754075,
    "if_vehicle": true,
    "motion_state": true,
    "pose": [
      [
        -0.033427782020090314,
        0.9993410241161751,
        0.014145702798074417,
        -15.944820496281864
      ],
      [
        -0.9986892964229958,
        -0.03285040088122095,
        -0.03924971811471878,
        22.761722095570804
      ],
      [
        -0.038759161489370905,
        -0.01543919299630655,
        0.9991293003011491,
        1.5578949456677478
      ],
      [
        0.0,
        0.0,
        0.0,
        1.0
      ]
    ],
    "location": [
      -15.944820496281864,
      22.761722095570804,
      1.5578949456677478
    ],
    "rotation": [
      -0.015451417838139421,
      0.03876887252673235,
      -1.604255488620151
    ]
  },
  {
    "label_id": "zhhPV79SMbAVe3KnAsS3ow",
    "size": [
      1.9835586724990444,
      4.519977447229803,
      1.6205850078196065
    ],
    "obj_class": "vehicle",
    "point_num_in_lidar": 402,
    "speed": 3.1776437161565096e-13,
    "if_vehicle": true,
    "motion_state": false,
    "pose": [
      [
        -0.022130397404485032,
        0.9996550127934476,
        0.014145702798074417,
        -28.540207690396528
      ],
      [
        -0.9989968007666448,
        -0.021560419428286653,
        -0.03924971811471878,
        -14.639723950831467
      ],
      [
        -0.03893119017867405,
        -0.01500012369976486,
        0.9991293003011491,
        0.08410623563982966
      ],
      [
        0.0,
        0.0,
        0.0,
        1.0
      ]
    ],
    "location": [
      -28.540207690396528,
      -14.639723950831467,
      0.08410623563982966
    ],
    "rotation": [
      -0.015012067865604273,
      0.038941031154466337,
      -1.5929453250428052
    ]
  },
  {
    "label_id": "zwdjX44zD5DT6AEef_FdTg",
    "size": [
      2.039245253779334,
      4.884100863327777,
      1.577570207428927
    ],
    "obj_class": "vehicle",
    "point_num_in_lidar": 285,
    "speed": 0.014817666384865237,
    "if_vehicle": true,
    "motion_state": false,
    "pose": [
      [
        -0.027621440179299173,
        0.999518361579601,
        0.014145702798074417,
        -29.102854212691454
      ],
      [
        -0.9988632905279249,
        -0.02704785506544491,
        -0.03924971811471878,
        -27.750530285102286
      ],
      [
        -0.038848203023403735,
        -0.015213756984674746,
        0.9991293003011491,
        -0.36086532500417334
      ],
      [
        0.0,
        0.0,
        0.0,
        1.0
      ]
    ],
    "location": [
      -29.102854212691454,
      -27.750530285102286,
      -0.36086532500417334
    ],
    "rotation": [
      -0.01522583845052222,
      0.038857981172658956,
      -1.598442154943464
    ]
  }
]