[
  {
    "label_id": "3xp7fav1XDT13tIERFz4Yw",
    "size": [
      1.7950243845307206,
      3.727424411905237,
      1.6243614469938237
    ],
    "obj_class": "vehicle",
    "point_num_in_lidar": 139,
    "speed": 11.031237065448742,
    "if_vehicle": true,
    "motion_state": true,
    "pose": [
      [
        -0.07506588006621805,
        -0.996947287979135,
        0.021476001511734906,
        -1.5364146771389642
      ],
      [
        0.9966329406524806,
        -0.07571976661655165,
        -0.03145311669650328,
        106.65331516961487
      ],
      [
        0.032983257211395466,
        0.019042634654449005,
        0.9992744782136409,
        4.278236392044342
      ],
      [
        0.0,
        0.0,
        0.0,
        1.0
      ]
    ],
    "location": [
      -1.5364146771389642,
      106.65331516961487,
      4.278236392044342
    ],
    "rotation": [
      0.01905415425801366,
      -0.03298924052918502,
      1.6459738651159785
    ]
  },
  {
    "label_id": "57e-MJPQLDAfBYBJZHHzUQ",
    "size": [
      2.1471671139103794,
      4.112893788811498,
      1.740000000000002
    ],
    "obj_class": "vehicle",
    "point_num_in_lidar": 23,
    "speed": 3.1776437161565096e-13,
    "if_vehicle": true,
    "motion_state": false,
    "pose": [
      [
        0.137404633264851,
        -0.9902821558103628,
        0.021476001511734906,
        2.7948179095892556
      ],
      [
        0.9901131582453743,
        0.13669906846590638,
        -0.03145311669650328,
        145.624884501216
      ],
      [
        0.028211710808141624,
        0.025585475647985873,
        0.9992744782136409,
        5.671723200732245
      ],
      [
        0.0,
        0.0,
        0.0,
        1.0
      ]
    ],
    "location": [
      2.7948179095892556,
      145.624884501216,
      5.671723200732245
    ],
    "rotation": [
      0.02559845908398883,
      -0.0282154544354821,
      1.432900373958832
    ]
  },
  {
    "label_id": "7eRY9H_Cp8hWMRSnKolmdw",
    "size": [
      2.051886161834899,
      4.715448113560958,
      1.8819349611429175
    ],
    "obj_class": "vehicle",
    "point_num_in_lidar": 531,
    "speed": 2.8421709430404007e-13,
    "if_vehicle": true,
    "motion_state": false,
    "pose": [
      [
        -0.04061426797885667,
        0.9989440738077431,
        0.021476001511734906,
        -24.524754528677477
      ],
      [
        -0.9987073749944396,
        -0.03992844326782434,
        -0.03145311669650328,
        77.82549308766829
      ],
      [
        -0.030562401218774307,
        -0.022725686405443417,
        0.9992744782136409,
        3.221877124821482
      ],
      [
        0.0,
        0.0,
        0.0,
        1.0
      ]
    ],
    "location": [
      -24.524754528677477,
      77.82549308766829,
      3.221877124821482
    ],
    "rotation": [
      -0.022738266767088212,
      0.03056716107436533,
      -1.6114407658053884
    ]
  },
  {
    "label_id": "8UWfrpgQXr4RJlawE1Vwtg",
    "size": [
      1.923466532712201,
      4.563072837084948,
      1.6766191390117058
    ],
    "obj_class": "vehicle",
    "point_num_in_lidar": 27,
    "speed": 6.355287432313019e-13,
    "if_vehicle": true,
    "motion_state": false,
    "pose": [
      [
        -0.0404908754677823,
        0.9989490829681564,
        0.021476001511734906,
        -23.43822716415525
      ],
      [
        -0.9987122994417853,
        -0.03980507999964247,
        -0.03145311669650328,
        102.52065610058526
      ],
      [
        -0.030565208122215307,
        -0.022721911083831762,
        0.9992744782136409,
        4.009405755755068
      ],
      [
        0.0,
        0.0,
        0.0,
        1.0
      ]
    ],
    "location": [
      -23.43822716415525,
      102.52065610058526,
      4.009405755755068
    ],
    "rotation": [
      -0.022734490657116007,
      0.030569969289754598,
      -1.6113172173791335
    ]
  },
  {
    "label_id": "9-FP9e70s_cDDW-cseJwsg",
    "size": [
      1.9336611000063935,
      4.305745165199813,
      1.7453301234225194
    ],
    "obj_class": "vehicle",
    "point_num_in_lidar": 279,
    "speed": 1.1718571004216928e-12,
    "if_vehicle": true,
    "motion_state": false,
    "pose": [
      [
        -0.05821839224638954,
        0.9980728431148268,
        0.021476001511734906,
        -23.743383234416797
      ],
      [
        -0.9978482715241251,
        -0.05752850133970096,
        -0.03145311669650328,
        97.00515852177341
      ],
      [
        -0.030157019424362188,
        -0.023260940872942663,
        0.9992744782136409,
        3.888990339742591
      ],
      [
        0.0,
        0.0,
        0.0,
        1.0
      ]
    ],
    "location": [
      -23.743383234416797,
      97.00515852177341,
      3.888990339742591
    ],
    "rotation": [
      -0.023273626390790052,
      0.030161592325284706,
      -1.6290741930275745
    ]
  },
  {
    "label_id": "CCm0YSiNDOA3aS7sj0dkoA",
    "size": [
      2.0596908166535544,
      4.712219508861555,
      1.585073535892576
    ],
    "obj_class": "vehicle",
    "point_num_in_lidar": 668,
    "speed": 6.977630681470956,
    "if_vehicle": true,
    "motion_state": true,
    "pose": [
      [
        -0.03442792118617659,
        0.9991764106512255,
        0.021476001511734906,
        -21.17018956735683
      ],
      [
        -0.9989354696760392,
        -0.03374357528755649,
        -0.03145311669650328,
        80.02476529759406
      ],
      [
        -0.030702535170719372,
        -0.022536005079575063,
        0.9992744782136409,
        3.214506405144256
      ],
      [
        0.0,
        0.0,
        0.0,
        1.0
      ]
    ],
    "location": [
      -21.17018956735683,
      80.02476529759406,
      3.214506405144256
    ],
    "rotation": [
      -0.022548545032052933,
      0.0307073608199464,
      -1.605247300525216
    ]
  },
  {
    "label_id": "CNWD_Ux-k4mGOsCdxVMYBQ",
    "size": [
      1.9547798170367419,
      4.61770459822079,
      1.5055373799438314
    ],
    "obj_class": "vehicle",
    "point_num_in_lidar": 667,
    "speed": 7.108526101705103,
    "if_vehicle": true,
    "motion_state": true,
    "pose": [
      [
        -0.03686544623739526,
        0.9990894455617003,
        0.021476001511734906,
        -16.945739571096055
      ],
      [
        -0.9988501748589488,
        -0.03618051456687137,
        -0.03145311669650328,
        82.80293331538087
      ],
      [
        -0.030647464135963438,
        -0.02261084104784092,
        0.9992744782136409,
        3.3235294135123254
      ],
      [
        0.0,
        0.0,
        0.0,
        1.0
      ]
    ],
    "location": [
      -16.945739571096055,
      82.80293331538087,
      3.3235294135123254
    ],
    "rotation": [
      -0.02262339713782848,
      0.03065226385718484,
      -1.6076874657887184
    ]
  },
  {
    "label_id": "FsFnw3fmuCKl8WXW6Zxtpg",
    "size": [
      2.045083379368453,
      4.448477058943646,
      1.8706075318793083
    ],
    "obj_class": "vehicle",
    "point_num_in_lidar": 1596,
    "speed": 6.894320825402694,
    "if_vehicle": true,
    "motion_state": true,
    "pose": [
      [
        -0.03781081218608757,
        0.9990541145708256,
        0.021476001511734906,
        -13.843270563518672
      ],
      [
        -0.9988154920877175,
        -0.03712565441371894,
        -0.03145311669650328,
        70.67657603115549
      ],
      [
        -0.030626055041404757,
        -0.022639830906098644,
        0.9992744782136409,
        3.108252318305567
      ],
      [
        0.0,
        0.0,
        0.0,
        1.0
      ]
    ],
    "location": [
      -13.843270563518672,
      70.67657603115549,
      3.108252318305567
    ],
    "rotation": [
      -0.022652393179324454,
      0.030630844708141026,
      -1.6086339118136737
    ]
  },
  {
    "label_id": "GPXKR9QlRNM_GUSGojXmaA",
    "size": [
      1.86374244684183,
      4.6063503038365585,
      1.5221419981450097
    ],
    "obj_class": "vehicle",
    "point_num_in_lidar": 31,
    "speed": 0.014492983282040666,
    "if_vehicle": true,
    "motion_state": false,
    "pose": [
      [
        -0.07215326643480809,
        0.9971623175300276,
        0.021476001511734906,
        -22.415677523887098
      ],
      [
        -0.9969474038774163,
        -0.07146030612973776,
        -0.03145311669650328,
        128.69359546769192
      ],
      [
        -0.029829181096156322,
        -0.02367988906199949,
        0.9992744782136409,
        4.934767402153902
      ],
      [
        0.0,
        0.0,
        0.0,
        1.0
      ]
    ],
    "location": [
      -22.415677523887098,
      128.69359546769192,
      4.934767402153902
    ],
    "rotation": [
      -0.023692647592972044,
      0.029833606436645267,
      -1.6430445521542607
    ]
  },
  {
    "label_id": "HafOzsPnoMzyYVyEWCmo1g",
    "size": [
      2.051325966718688,
      4.917360815117835,
      1.5200000000000031
    ],
    "obj_class": "vehicle",
    "point_num_in_lidar": 27,
    "speed": 4.263256414560601e-13,
    "if_vehicle": true,
    "motion_state": false,
    "pose": [
      [
        -0.06724143822920885,
        0.9975055740916617,
        0.021476001511734906,
        -24.047397149943208
      ],
      [
        -0.9972872502654342,
        -0.06654954476242136,
        -0.03145311669650328,
        89.08216681909289
      ],
      [
        -0.029945441103394498,
        -0.02353269529779843,
        0.9992744782136409,
        3.5120747125849334
      ],
      [
        0.0,
        0.0,
        0.0,
        1.0
      ]
    ],
    "location": [
      -24.047397149943208,
      89.08216681909289,
      3.5120747125849334
    ],
    "rotation": [
      -0.023545429116919408,
      0.029949918403466523,
      -1.6381187768758383
    ]
  },
  {
    "label_id": "Irrp7c9HrOs1nyK9NCdnZg",
    "size": [
      2.0041518735677113,
      4.917299256640257,
      2.0500000000000043
    ],
    "obj_class": "vehicle",
    "point_num_in_lidar": 1390,
    "speed": 13.65452511509506,
    "if_vehicle": true,
    "motion_state": true,
    "pose": [
      [
        -0.052677106591120154,
        -0.9983806407379181,
        0.021476001511734906,
        -3.2299895811893293
      ],
      [
        0.9980810447046896,
        -0.053337881953369394,
        -0.03145311669650328,
        85.87070311395837
      ],
      [
        0.032547667234122744,
        0.01977793084406722,
        0.9992744782136409,
        3.728126199915927
      ],
      [
        0.0,
        0.0,
        0.0,
        1.0
      ]
    ],
    "location": [
      -3.2299895811893293,
      85.87070311395837,
      3.728126199915927
    ],
    "rotation": [
      0.019789706746589746,
      -0.03255341654064928,
      1.6235257887394667
    ]
  },
  {
    "label_id": "JYF3oOzMHTcGWHY5qQjxqg",
    "size": [
      2.000334998990782,
      4.037539699690776,
      1.73635929129086
    ],
    "obj_class": "vehicle",
    "point_num_in_lidar": 370,
    "speed": 6.812571860629963,
    "if_vehicle": true,
    "motion_state": true,
    "pose": [
      [
        -0.030908636446401978,
        0.9992914677670836,
        0.021476001511734906,
        -21.572861575329625
      ],
      [
        -0.9990481180392475,
        -0.030225143379543237,
        -0.03145311669650328,
        63.953933068529295
      ],
      [
        -0.030781715924586648,
        -0.022427731842385265,
        0.9992744782136409,
        2.6749406983311843
      ],
      [
        0.0,
        0.0,
        0.0,
        1.0
      ]
    ],
    "location": [
      -21.572861575329625,
      63.953933068529295,
      2.6749406983311843
    ],
    "rotation": [
      -0.022440247999900822,
      0.030786579016381606,
      -1.6017245473595354
    ]
  },
  {
    "label_id": "KE-n4BCpMYY4onuCOe_Cxg",
    "size": [
      2.00804679696222,
      4.605128188340819,
      1.6100000000000065
    ],
    "obj_class": "vehicle",
    "point_num_in_lidar": 312,
    "speed": 13.148731336324904,
    "if_vehicle": true,
    "motion_state": true,
    "pose": [
      [
        -0.067802421354991,
        -0.9974675999838132,
        0.021476001511734906,
        -4.127874664493902
      ],
      [
        0.9971580237108129,
        -0.06845858017241026,
        -0.03145311669650328,
        99.68332807765546
      ],
      [
        0.032843681394545826,
        0.019282369753467987,
        0.9992744782136409,
        3.9734046500854276
      ],
      [
        0.0,
        0.0,
        0.0,
        1.0
      ]
    ],
    "location": [
      -4.127874664493902,
      99.68332807765546,
      3.9734046500854276
    ],
    "rotation": [
      0.019293975224666835,
      -0.03284958904974805,
      1.6386874893349426
    ]
  },
  {
    "label_id": "KmzlNn9Mzd2YSIACl-NpAg",
    "size": [
      1.9427398147871253,
      4.594445199358255,
      1.58843303291291
    ],
    "obj_class": "vehicle",
    "point_num_in_lidar": 95,
    "speed": 6.22798301387588,
    "if_vehicle": true,
    "motion_state": true,
    "pose": [
      [
        -0.040139264268791795,
        0.9989632730100882,
        0.021476001511734906,
        -19.585099689987146
      ],
      [
        -0.9987262481130619,
        -0.03945355218586521,
        -0.03145311669650328,
        99.36317003275508
      ],
      [
        -0.03057320385512021,
        -0.022711151377443537,
        0.9992744782136409,
        3.9067044504761412
      ],
      [
        0.0,
        0.0,
        0.0,
        1.0
      ]
    ],
    "location": [
      -19.585099689987146,
      99.36317003275508,
      3.9067044504761412
    ],
    "rotation": [
      -0.022723728700334657,
      0.030577968761191572,
      -1.6109651651644272
    ]
  },
  {
    "label_id": "Q4PGMcUS4arz4shNTFS2UQ",
    "size": [
      2.235606959181114,
      4.980882329461354,
      1.6082229162212798
    ],
    "obj_class": "vehicle",
    "point_num_in_lidar": 23,
    "speed": 9.532931148469528e-13,
    "if_vehicle": true,
    "motion_state": false,
    "pose": [
      [
        -0.05604886851262914,
        0.9981970274938321,
        0.021476001511734906,
        -25.018560998126304
      ],
      [
        -0.9979709569039695,
        -0.05535946735881444,
        -0.03145311669650328,
        64.96199068848182
      ],
      [
        -0.030207507587179452,
        -0.02319533738117187,
        0.9992744782136409,
        2.5758681721688816
      ],
      [
        0.0,
        0.0,
        0.0,
        1.0
      ]
    ],
    "location": [
      -25.018560998126304,
      64.96199068848182,
      2.5758681721688816
    ],
    "rotation": [
      -0.02320801072185056,
      0.03021210350040753,
      -1.6269002128333467
    ]
  },
  {
    "label_id": "TOY4SgX2atjFsYkn9lXwAQ",
    "size": [
      2.151128962170421,
      5.074530997522539,
      1.93141501434566
    ],
    "obj_class": "vehicle",
    "point_num_in_lidar": 683,
    "speed": 6.431298686097581,
    "if_vehicle": true,
    "motion_state": true,
    "pose": [
      [
        -0.036947726675457176,
        0.9990864060993843,
        0.021476001511734906,
        -18.001044661920787
      ],
      [
        -0.9988471918053702,
        -0.03626277530198518,
        -0.03145311669650328,
        68.29378891206215
      ],
      [
        -0.030645601903728857,
        -0.022613364959997953,
        0.9992744782136409,
        3.0144119950022343
      ],
      [
        0.0,
        0.0,
        0.0,
        1.0
      ]
    ],
    "location": [
      -18.001044661920787,
      68.29378891206215,
      3.0144119950022343
    ],
    "rotation": [
      -0.022625921589822785,
      0.03065040074982021,
      -1.6077698389560597
    ]
  },
  {
    "label_id": "WhPgWq3c5JWYJlXPM99MEg",
    "size": [
      1.7706251348592974,
      3.2738170599658973,
      1.354965001718206
    ],
    "obj_class": "vehicle",
    "point_num_in_lidar": 42,
    "speed": 9.05334866150883,
    "if_vehicle": true,
    "motion_state": true,
    "pose": [
      [
        -0.06310534257472049,
        -0.9977757749602839,
        0.021476001511734906,
        1.4219875605567722
      ],
      [
        0.9974692914786286,
        -0.06376295168198273,
        -0.03145311669650328,
        119.24799876828001
      ],
      [
        0.03275253113348474,
        0.01943679230752867,
        0.9992744782136409,
        4.817479754243891
      ],
      [
        0.0,
        0.0,
        0.0,
        1.0
      ]
    ],
    "location": [
      1.4219875605567722,
      119.24799876828001,
      4.817479754243891
    ],
    "rotation": [
      0.019448451915748906,
      -0.03275838972317949,
      1.6339775708946171
    ]
  },
  {
    "label_id": "XI3OYRTBPymAN6wjcXJFqg",
    "size": [
      2.0212720833951336,
      4.314208268686266,
      1.9326950383754067
    ],
    "obj_class": "vehicle",
    "point_num_in_lidar": 50,
    "speed": 6.7046427117174305,
    "if_vehicle": true,
    "motion_state": true,
    "pose": [
      [
        -0.029800741101948323,
        0.9993251208634968,
        0.021476001511734906,
        -15.47067312541185
      ],
      [
        -0.9990810135225123,
        -0.029117518247705768,
        -0.03145311669650328,
        122.88885903796836
      ],
      [
        -0.030806561778361108,
        -0.02239359154427698,
        0.9992744782136409,
        4.993495690421625
      ],
      [
        0.0,
        0.0,
        0.0,
        1.0
      ]
    ],
    "location": [
      -15.47067312541185,
      122.88885903796836,
      4.993495690421625
    ],
    "rotation": [
      -0.02240610008956485,
      0.030811436658942197,
      -1.600615638063534
    ]
  },
  {
    "label_id": "XcsySrm38AjcSMsSkQLqWw",
    "size": [
      2.0061763351163506,
      4.642285728296807,
      1.6901769423508668
    ],
    "obj_class": "vehicle",
    "point_num_in_lidar": 120,
    "speed": 6.355287432313019e-13,
    "if_vehicle": true,
    "motion_state": false,
    "pose": [
      [
        0.018417254206068046,
        0.9995997129384226,
        0.021476001511734906,
        -24.384167994123345
      ],
      [
        -0.9993229473215245,
        0.019087912580939212,
        -0.03145311669650328,
        83.24361783702079
      ],
      [
        -0.0318504584602875,
        -0.020882181081615818,
        0.9992744782136409,
        3.3002356442195264
      ],
      [
        0.0,
        0.0,
        0.0,
        1.0
      ]
    ],
    "location": [
      -24.384167994123345,
      83.24361783702079,
      3.3002356442195264
    ],
    "rotation": [
      -0.02089430140670289,
      0.031855846045410655,
      -1.5523686808479242
    ]
  },
  {
    "label_id": "YgdCVe3dOGL4Z5GTzKu1ww",
    "size": [
      1.9949467985646707,
      4.679545252489906,
      1.5632277465266071
    ],
    "obj_class": "vehicle",
    "point_num_in_lidar": 130,
    "speed": 7.696740038162882,
    "if_vehicle": true,
    "motion_state": true,
    "pose": [
      [
        -0.036902033924570296,
        0.9990880948401386,
        0.021476001511734906,
        -13.019306057198264
      ],
      [
        -0.9988488492204695,
        -0.03621709349215956,
        -0.03145311669650328,
        100.89694794862407
      ],
      [
        -0.030646636082505747,
        -0.022611963375221304,
        0.9992744782136409,
        4.021847498492079
      ],
      [
        0.0,
        0.0,
        0.0,
        1.0
      ]
    ],
    "location": [
      -13.019306057198264,
      100.89694794862407,
      4.021847498492079
    ],
    "rotation": [
      -0.02262451970529806,
      0.030651435414581842,
      -1.6077240946800946
    ]
  },
  {
    "label_id": "bFrA1Ozisvy9ERMCyRJyAw",
    "size": [
      1.7815215703019747,
      4.362143754030355,
      1.8477154114121177
    ],
    "obj_class": "vehicle",
    "point_num_in_lidar": 31,
    "speed": 10.609235105251694,
    "if_vehicle": true,
    "motion_state": true,
    "pose": [
      [
        -0.06929356020440613,
        -0.9973651206420177,
        0.021476001511734906,
        -7.472124064759555
      ],
      [
        0.9970545637571742,
        -0.06994925547185757,
        -0.03145311669650328,
        147.4846629511594
      ],
      [
        0.032872471844833794,
        0.019233246883105896,
        0.9992744782136409,
        5.843139241865522
      ],
      [
        0.0,
        0.0,
        0.0,
        1.0
      ]
    ],
    "location": [
      -7.472124064759555,
      147.4846629511594,
      5.843139241865522
    ],
    "rotation": [
      0.019244834939521376,
      -0.03287839505448409,
      1.6401830204506234
    ]
  },
  {
    "label_id": "mxIQElm3nOZCG-pu8kA7DQ",
    "size": [
      0.7269244372858967,
      1.0625333582279428,
      1.75
    ],
    "obj_class": "pedestrian",
    "point_num_in_lidar": 59,
    "speed": 1.1857439379779118,
    "if_vehicle": false,
    "motion_state": true,
    "pose": [
      [
        0.06414752546346365,
        0.9977093145480713,
        0.021476001511734906,
        7.057743766497879
      ],
      [
        -0.9974021443341958,
        0.06480481407753633,
        -0.03145311669650328,
        91.94325252624549
      ],
      [
        -0.032772815784765645,
        -0.01940257035533459,
        0.9992744782136409,
        3.9736072059610734
      ],
      [
        0.0,
        0.0,
        0.0,
        1.0
      ]
    ],
    "location": [
      7.057743766497879,
      91.94325252624549,
      3.9736072059610734
    ],
    "rotation": [
      -0.019414218045928074,
      0.032778685269931905,
      -1.506570178140956
    ]
  },
  {
    "label_id": "nsfV68k9seq3oQV1r-NSBQ",
    "size": [
      2.035205602526446,
      4.492268532478676,
      1.9018504961628153
    ],
    "obj_class": "vehicle",
    "point_num_in_lidar": 28,
    "speed": 7.3067520037852125,
    "if_vehicle": true,
    "motion_state": true,
    "pose": [
      [
        -0.07203296639975172,
        0.9971710149772306,
        0.021476001511734906,
        -14.840916419268979
      ],
      [
        -0.9969560177261679,
        -0.07134003202730557,
        -0.03145311669650328,
        138.09776028663873
      ],
      [
        -0.029832037664783817,
        -0.02367629024198708,
        0.9992744782136409,
        5.552012781780171
      ],
      [
        0.0,
        0.0,
        0.0,
        1.0
      ]
    ],
    "location": [
      -14.840916419268979,
      138.09776028663873,
      5.552012781780171
    ],
    "rotation": [
      -0.023689048180990276,
      0.02983646427710223,
      -1.6429238904563555
    ]
  },
  {
    "label_id": "rpFkQ_tvJyERzL61bjFlgA",
    "size": [
      1.9223080275527809,
      4.183597472936482,
      1.6891106017123363
    ],
    "obj_class": "vehicle",
    "point_num_in_lidar": 21,
    "speed": 8.758733259813713,
    "if_vehicle": true,
    "motion_state": true,
    "pose": [
      [
        -0.06144522358932976,
        -0.9978793844233507,
        0.021476001511734906,
        0.08411016638638102
      ],
      [
        0.9975739954512913,
        -0.06210334169288441,
        -0.03145311669650328,
        135.46518726709473
      ],
      [
        0.032720148187382676,
        0.019491256846381436,
        0.9992744782136409,
        5.2530685881132015
      ],
      [
        0.0,
        0.0,
        0.0,
        1.0
      ]
    ],
    "location": [
      0.08411016638638102,
      135.46518726709473,
      5.2530685881132015
    ],
    "rotation": [
      0.01950293532755878,
      -0.03272598941123447,
      1.6323132614514129
    ]
  },
  {
    "label_id": "vSvEkAOO1HJ1FgfOWAJoAQ",
    "size": [
      0.8671624690125188,
      0.8165992438954814,
      1.6000000000000014
    ],
    "obj_class": "pedestrian",
    "point_num_in_lidar": 68,
    "speed": 1.2016020409589876,
    "if_vehicle": false,
    "motion_state": true,
    "pose": [
      [
        0.0006540129426522939,
        0.9997691501672468,
        0.021476001511734906,
        7.089026966771598
      ],
      [
        -0.9995043441253144,
        0.0013294828699162028,
        -0.03145311669650328,
        101.77166539001155
      ],
      [
        -0.03147440772589847,
        -0.021444786060014587,
        0.9992744782136409,
        4.273359318048904
      ],
      [
        0.0,
        0.0,
        0.0,
        1.0
      ]
    ],
    "location": [
      7.089026966771598,
      101.77166539001155,
      4.273359318048904
    ],
    "rotation": [
      -0.021457062425906157,
      0.03147960666970088,
      -1.5701419896195195
    ]
  },
  {
    "label_id": "zO1ZwzFeUWbjdrHV-201Xw",
    "size": [
      1.8790449914496214,
      4.7398054430452214,
      1.648029127053924
    ],
    "obj_class": "vehicle",
    "point_num_in_lidar": 67,
    "speed": 6.918661745104068,
    "if_vehicle": true,
    "motion_state": true,
    "pose": [
      [
        -0.03801771904768917,
        0.9990462623910261,
        0.021476001511734906,
        -16.19764130747535
      ],
      [
        -0.9988077818116553,
        -0.037332511870446554,
        -0.03145311669650328,
        103.98043537635021
      ],
      [
        -0.030621365594823802,
        -0.022646173185861537,
        0.9992744782136409,
        4.138812891959887
      ],
      [
        0.0,
        0.0,
        0.0,
        1.0
      ]
    ],
    "location": [
      -16.19764130747535,
      103.98043537635021,
      4.138812891959887
    ],
    "rotation": [
      -0.022658736806752882,
      0.030626153061103455,
      -1.6088410593911497
    ]
  }
]