[
  {
    "label_id": "3xp7fav1XDT13tIERFz4Yw",
    "size": [
      1.7950243845323306,
      3.727424411905237,
      1.6243614469938237
    ],
    "obj_class": "vehicle",
    "point_num_in_lidar": 179,
    "speed": 11.478102934814157,
    "if_vehicle": true,
    "motion_state": true,
    "pose": [
      [
        -0.06210954778501429,
        -0.9980613097560416,
        -0.004003253926002657,
        -3.6646879967138375
      ],
      [
        0.997523454919036,
        -0.06194243734133471,
        -0.033318033294369574,
        136.11232042254778
      ],
      [
        0.033005468642801024,
        -0.00606270766818371,
        0.9994367827008367,
        5.332177706161865
      ],
      [
        0.0,
        0.0,
        0.0,
        1.0
      ]
    ],
    "location": [
      -3.6646879967138375,
      136.11232042254778,
      5.332177706161865
    ],
    "rotation": [
      -0.006066049809120271,
      -0.033011464060464034,
      1.6329797993678494
    ]
  },
  {
    "label_id": "57e-MJPQLDAfBYBJZHHzUQ",
    "size": [
      2.1471671139103754,
      4.112893788811498,
      1.740000000000002
    ],
    "obj_class": "vehicle",
    "point_num_in_lidar": 135,
    "speed": 3.1776437161565096e-13,
    "if_vehicle": true,
    "motion_state": false,
    "pose": [
      [
        0.13743522973444933,
        -0.9905026661174837,
        -0.004003253926002657,
        2.7948179095892556
      ],
      [
        0.9899423315522373,
        0.13749214107837385,
        -0.033318033294369574,
        145.62488450121782
      ],
      [
        0.03355201676143066,
        0.0006160810348089937,
        0.9994367827008367,
        5.6717232007323375
      ],
      [
        0.0,
        0.0,
        0.0,
        1.0
      ]
    ],
    "location": [
      2.7948179095892556,
      145.62488450121782,
      5.6717232007323375
    ],
    "rotation": [
      0.0006164281397674261,
      -0.03355831508165166,
      1.4328465559023826
    ]
  },
  {
    "label_id": "7WHYlrlrIcpHndiOMhqKJA",
    "size": [
      1.9237995339160618,
      4.326123888927041,
      1.531235654199186
    ],
    "obj_class": "vehicle",
    "point_num_in_lidar": 24,
    "speed": 3.7702131497563314,
    "if_vehicle": true,
    "motion_state": true,
    "pose": [
      [
        0.046044823296277,
        0.9989313530997106,
        -0.004003253926002657,
        -18.490930055453646
      ],
      [
        -0.998390879418875,
        0.04588638742154787,
        -0.033318033294369574,
        153.62105501884253
      ],
      [
        -0.033098733220770414,
        0.0055309351633375786,
        0.9994367827008367,
        5.8717203864786995
      ],
      [
        0.0,
        0.0,
        0.0,
        1.0
      ]
    ],
    "location": [
      -18.490930055453646,
      153.62105501884253,
      5.8717203864786995
    ],
    "rotation": [
      0.005533995543419386,
      0.03310477962328658,
      -1.5247099486086046
    ]
  },
  {
    "label_id": "7vyLlma7_82PApPIXhhN7w",
    "size": [
      2.1076348145476196,
      4.5661667673844955,
      2.0281701066596014
    ],
    "obj_class": "vehicle",
    "point_num_in_lidar": 121,
    "speed": 4.952186499945715,
    "if_vehicle": true,
    "motion_state": true,
    "pose": [
      [
        -0.041746264324742766,
        0.9991202246841632,
        -0.004003253926002657,
        -18.423806249163135
      ],
      [
        -0.9985679378417891,
        -0.04185668610618794,
        -0.033318033294369574,
        137.5876997464893
      ],
      [
        -0.03345628385408901,
        0.002606617592858188,
        0.9994367827008367,
        5.628589395357558
      ],
      [
        0.0,
        0.0,
        0.0,
        1.0
      ]
    ],
    "location": [
      -18.423806249163135,
      137.5876997464893,
      5.628589395357558
    ],
    "rotation": [
      0.00260808059882208,
      0.03346252839755592,
      -1.6125781300145587
    ]
  },
  {
    "label_id": "8UWfrpgQXr4RJlawE1Vwtg",
    "size": [
      1.923466532712196,
      4.563072837084948,
      1.6766191390117058
    ],
    "obj_class": "vehicle",
    "point_num_in_lidar": 37,
    "speed": 6.355287432313019e-13,
    "if_vehicle": true,
    "motion_state": false,
    "pose": [
      [
        -0.04049989174191361,
        0.9991715231765251,
        -0.004003253926002657,
        -23.43822716415616
      ],
      [
        -0.9986193745081364,
        -0.04061100238079995,
        -0.033318033294369574,
        102.52065610058708
      ],
      [
        -0.033453006230701264,
        0.0026483501901065753,
        0.9994367827008367,
        4.009405755755111
      ],
      [
        0.0,
        0.0,
        0.0,
        1.0
      ]
    ],
    "location": [
      -23.43822716415616,
      102.52065610058708,
      4.009405755755111
    ],
    "rotation": [
      0.002649836425237219,
      0.033459248938447296,
      -1.6113299977761968
    ]
  },
  {
    "label_id": "9-FP9e70s_cDDW-cseJwsg",
    "size": [
      1.9336611000063992,
      4.305745165199813,
      1.7453301234225194
    ],
    "obj_class": "vehicle",
    "point_num_in_lidar": 543,
    "speed": 1.1718571004216928e-12,
    "if_vehicle": true,
    "motion_state": false,
    "pose": [
      [
        -0.05823135598150271,
        0.9982950882071692,
        -0.004003253926002657,
        -23.743383234415887
      ],
      [
        -0.9977410540537065,
        -0.05833264706143555,
        -0.033318033294369574,
        97.00515852177341
      ],
      [
        -0.033494749384854895,
        0.0020540565344065367,
        0.9994367827008367,
        3.8889903397426693
      ],
      [
        0.0,
        0.0,
        0.0,
        1.0
      ]
    ],
    "location": [
      -23.743383234415887,
      97.00515852177341,
      3.8889903397426693
    ],
    "rotation": [
      0.0020552111728533917,
      0.033501015498888335,
      -1.6290933903953373
    ]
  },
  {
    "label_id": "HafOzsPnoMzyYVyEWCmo1g",
    "size": [
      2.0513259667186876,
      4.917360815117835,
      1.5200000000000031
    ],
    "obj_class": "vehicle",
    "point_num_in_lidar": 387,
    "speed": 4.263256414560601e-13,
    "if_vehicle": true,
    "motion_state": false,
    "pose": [
      [
        -0.06725641116405276,
        0.9977276928678165,
        -0.004003253926002657,
        -24.047397149944118
      ],
      [
        -0.9971727654070043,
        -0.06735268805283558,
        -0.033318033294369574,
        89.08216681909471
      ],
      [
        -0.03351195440255879,
        0.0017510844415947987,
        0.9994367827008367,
        3.5120747125850826
      ],
      [
        0.0,
        0.0,
        0.0,
        1.0
      ]
    ],
    "location": [
      -24.047397149944118,
      89.08216681909471,
      3.5120747125850826
    ],
    "rotation": [
      0.001752069445619937,
      0.033518230180826676,
      -1.638141430196909
    ]
  },
  {
    "label_id": "Irrp7c9HrOs1nyK9NCdnZg",
    "size": [
      2.004151873568344,
      4.917299256640257,
      2.0500000000000043
    ],
    "obj_class": "vehicle",
    "point_num_in_lidar": 1267,
    "speed": 12.215903481236312,
    "if_vehicle": true,
    "motion_state": true,
    "pose": [
      [
        -0.06654788927650473,
        -0.9977752013308641,
        -0.004003253926002657,
        -5.231501234300595
      ],
      [
        0.9972380950503024,
        -0.06637838833415288,
        -0.033318033294369574,
        119.64523535817716
      ],
      [
        0.0329781778345376,
        -0.006209442109754139,
        0.9994367827008367,
        4.908996715822134
      ],
      [
        0.0,
        0.0,
        0.0,
        1.0
      ]
    ],
    "location": [
      -5.231501234300595,
      119.64523535817716,
      4.908996715822134
    ],
    "rotation": [
      -0.006212861406479109,
      -0.03298415838758195,
      1.637429730924246
    ]
  },
  {
    "label_id": "KE-n4BCpMYY4onuCOe_Cxg",
    "size": [
      2.0080467969610107,
      4.605128188340819,
      1.6100000000000065
    ],
    "obj_class": "vehicle",
    "point_num_in_lidar": 202,
    "speed": 12.205847698854985,
    "if_vehicle": true,
    "motion_state": true,
    "pose": [
      [
        -0.07296671822674176,
        -0.9973263417704475,
        -0.004003253926002657,
        -6.506099779074248
      ],
      [
        0.9967903372664902,
        -0.07279376477111092,
        -0.033318033294369574,
        131.98322558192558
      ],
      [
        0.03293754033585111,
        -0.006421512378323056,
        0.9994367827008367,
        5.175520005850061
      ],
      [
        0.0,
        0.0,
        0.0,
        1.0
      ]
    ],
    "location": [
      -6.506099779074248,
      131.98322558192558,
      5.175520005850061
    ],
    "rotation": [
      -0.006425042710759513,
      -0.0329434988002546,
      1.6438676664583165
    ]
  },
  {
    "label_id": "Ku08VWueZyDrZkpLScobNA",
    "size": [
      2.027932638219352,
      4.84085327934026,
      1.5091613349015418
    ],
    "obj_class": "vehicle",
    "point_num_in_lidar": 152,
    "speed": 7.652779469160725e-13,
    "if_vehicle": true,
    "motion_state": false,
    "pose": [
      [
        -0.027188306054264273,
        0.9996223136624671,
        -0.004003253926002657,
        -22.27188214357193
      ],
      [
        -0.9990716938565557,
        -0.027306760920838686,
        -0.033318033294369574,
        134.1830662671946
      ],
      [
        -0.033414765426263586,
        0.0030936767944558952,
        0.9994367827008367,
        5.112400695176447
      ],
      [
        0.0,
        0.0,
        0.0,
        1.0
      ]
    ],
    "location": [
      -22.27188214357193,
      134.1830662671946,
      5.112400695176447
    ],
    "rotation": [
      0.003095410302324825,
      0.033420986742813616,
      -1.5980031804293169
    ]
  },
  {
    "label_id": "TgM5BFGmjRazpWsKkqcuYA",
    "size": [
      2.1446536217902032,
      4.799152478878298,
      1.9413638776694953
    ],
    "obj_class": "vehicle",
    "point_num_in_lidar": 2672,
    "speed": 6.900263439325838,
    "if_vehicle": true,
    "motion_state": true,
    "pose": [
      [
        -0.03887730136075368,
        0.9992359728296961,
        -0.004003253926002657,
        -12.620552976236468
      ],
      [
        -0.9986840053199176,
        -0.03898930847760757,
        -0.033318033294369574,
        101.61948480220599
      ],
      [
        -0.03344866151390669,
        0.002702670444000189,
        0.9994367827008367,
        4.274425460780719
      ],
      [
        0.0,
        0.0,
        0.0,
        1.0
      ]
    ],
    "location": [
      -12.620552976236468,
      101.61948480220599,
      4.274425460780719
    ],
    "rotation": [
      0.0027041869009663366,
      0.03345490178883244,
      -1.6097052112613695
    ]
  },
  {
    "label_id": "VhCiQswTWqH5HBVl-Mq49A",
    "size": [
      1.8499381482382695,
      4.79973726511791,
      1.611069259308671
    ],
    "obj_class": "vehicle",
    "point_num_in_lidar": 281,
    "speed": 8.987733679556354e-13,
    "if_vehicle": true,
    "motion_state": false,
    "pose": [
      [
        -0.0623804831170455,
        0.9980444124807714,
        -0.004003253926002657,
        -22.684862982725463
      ],
      [
        -0.9974899620753543,
        -0.06247947035869783,
        -0.033318033294369574,
        121.55656499544784
      ],
      [
        -0.033502998149301876,
        0.0019148105934138234,
        0.9994367827008367,
        4.7009366653762825
      ],
      [
        0.0,
        0.0,
        0.0,
        1.0
      ]
    ],
    "location": [
      -22.684862982725463,
      121.55656499544784,
      4.7009366653762825
    ],
    "rotation": [
      0.001915887311440273,
      0.03350926889551103,
      -1.6332524454660382
    ]
  },
  {
    "label_id": "Vzi6-XPjp6pHMp1VV05YdA",
    "size": [
      1.8689552424147837,
      4.340259604639598,
      1.5372199910297724
    ],
    "obj_class": "vehicle",
    "point_num_in_lidar": 564,
    "speed": 7.2156614518419735,
    "if_vehicle": true,
    "motion_state": true,
    "pose": [
      [
        -0.018186428253859206,
        0.9998265988587077,
        -0.004003253926002657,
        -11.872124180826177
      ],
      [
        -0.9992770679625643,
        -0.018309836196313645,
        -0.033318033294369574,
        121.23963728365561
      ],
      [
        -0.03338555483300808,
        0.0033944238234178154,
        0.9994367827008367,
        4.753038891848078
      ],
      [
        0.0,
        0.0,
        0.0,
        1.0
      ]
    ],
    "location": [
      -11.872124180826177,
      121.23963728365561,
      4.753038891848078
    ],
    "rotation": [
      0.0033963236400596725,
      0.03339175984267125,
      -1.58899390312598
    ]
  },
  {
    "label_id": "Wa0hsb4MqRWHVmT2a-UF7w",
    "size": [
      1.8840696058970985,
      4.075141294510927,
      1.7040363791192874
    ],
    "obj_class": "vehicle",
    "point_num_in_lidar": 629,
    "speed": 8.987733679556354e-13,
    "if_vehicle": true,
    "motion_state": false,
    "pose": [
      [
        -0.06238048311724672,
        0.9980444124807588,
        -0.004003253926002657,
        -23.017311835528744
      ],
      [
        -0.9974899620753417,
        -0.062479470358898934,
        -0.033318033294369574,
        116.19515144869001
      ],
      [
        -0.03350299814930227,
        0.0019148105934070697,
        0.9994367827008367,
        4.560683391198978
      ],
      [
        0.0,
        0.0,
        0.0,
        1.0
      ]
    ],
    "location": [
      -23.017311835528744,
      116.19515144869001,
      4.560683391198978
    ],
    "rotation": [
      0.0019158873114335153,
      0.033509268895511424,
      -1.63325244546624
    ]
  },
  {
    "label_id": "WhPgWq3c5JWYJlXPM99MEg",
    "size": [
      1.7706251348597024,
      3.2738170599658973,
      1.354965001718206
    ],
    "obj_class": "vehicle",
    "point_num_in_lidar": 57,
    "speed": 8.918187315255178,
    "if_vehicle": true,
    "motion_state": true,
    "pose": [
      [
        -0.07058665574701836,
        -0.9974976180364824,
        -0.004003253926002657,
        -0.16264919385139365
      ],
      [
        0.9969612023510234,
        -0.0704149818163515,
        -0.033318033294369574,
        141.67071676436353
      ],
      [
        0.03295276979638815,
        -0.006342897393701426,
        0.9994367827008367,
        5.396042641036502
      ],
      [
        0.0,
        0.0,
        0.0,
        1.0
      ]
    ],
    "location": [
      -0.16264919385139365,
      141.67071676436353,
      5.396042641036502
    ],
    "rotation": [
      -0.0063463866313811425,
      -0.03295873653242644,
      1.6414801821106386
    ]
  },
  {
    "label_id": "XI3OYRTBPymAN6wjcXJFqg",
    "size": [
      2.021272083395308,
      4.314208268686266,
      1.9326950383754067
    ],
    "obj_class": "vehicle",
    "point_num_in_lidar": 1442,
    "speed": 6.989409001381819,
    "if_vehicle": true,
    "motion_state": true,
    "pose": [
      [
        -0.04130104768439134,
        0.9991387278141989,
        -0.004003253926002657,
        -16.182541805845176
      ],
      [
        -0.9985864902311026,
        -0.041411715556391136,
        -0.033318033294369574,
        104.97564832241915
      ],
      [
        -0.03345511901189117,
        0.0026215256056299797,
        0.9994367827008367,
        4.340680023834345
      ],
      [
        0.0,
        0.0,
        0.0,
        1.0
      ]
    ],
    "location": [
      -16.182541805845176,
      104.97564832241915,
      4.340680023834345
    ],
    "rotation": [
      0.002622996910732379,
      0.03346136290291573,
      -1.6121322774087374
    ]
  },
  {
    "label_id": "YqekC1kPgvNYiRYvHYZexg",
    "size": [
      2.0710347124183985,
      4.723619685929166,
      1.7969936721762494
    ],
    "obj_class": "vehicle",
    "point_num_in_lidar": 30,
    "speed": 2.8421709430404007e-13,
    "if_vehicle": true,
    "motion_state": false,
    "pose": [
      [
        0.02251824412366832,
        0.9997384171069906,
        -0.004003253926002657,
        -21.830338971241872
      ],
      [
        -0.9991943637624053,
        0.02237257434532425,
        -0.033318033294369574,
        159.22757294809526
      ],
      [
        -0.03321975477074834,
        0.0047502923670147005,
        0.9994367827008367,
        6.239468746805095
      ],
      [
        0.0,
        0.0,
        0.0,
        1.0
      ]
    ],
    "location": [
      -21.830338971241872,
      159.22757294809526,
      6.239468746805095
    ],
    "rotation": [
      0.004752933531048574,
      0.03322586776199916,
      -1.548263740700734
    ]
  },
  {
    "label_id": "ZOfQ22J7gJFgUY_ZP2qzDg",
    "size": [
      1.9223080275521245,
      4.183597472936482,
      1.750000000000007
    ],
    "obj_class": "vehicle",
    "point_num_in_lidar": 35,
    "speed": 10.74269475899354,
    "if_vehicle": true,
    "motion_state": true,
    "pose": [
      [
        -0.05181699994763956,
        -0.9986485730598279,
        -0.004003253926002657,
        -4.930853074120023
      ],
      [
        0.9981090240246588,
        -0.05165544325565418,
        -0.033318033294369574,
        162.30242379476294
      ],
      [
        0.033066216550569405,
        -0.0057221243984751985,
        0.9994367827008367,
        6.414889186121002
      ],
      [
        0.0,
        0.0,
        0.0,
        1.0
      ]
    ],
    "location": [
      -4.930853074120023,
      162.30242379476294,
      6.414889186121002
    ],
    "rotation": [
      -0.00572528645705647,
      -0.03307224514452767,
      1.622664932032212
    ]
  },
  {
    "label_id": "bFrA1Ozisvy9ERMCyRJyAw",
    "size": [
      1.7815215703024343,
      4.362143754030355,
      1.8477154114121177
    ],
    "obj_class": "vehicle",
    "point_num_in_lidar": 39,
    "speed": 11.191617041491611,
    "if_vehicle": true,
    "motion_state": true,
    "pose": [
      [
        -0.05598035689991224,
        -0.9984238446668643,
        -0.004003253926002657,
        -9.022949638555474
      ],
      [
        0.9978849739228075,
        -0.055816551993768254,
        -0.033318033294369574,
        176.28865369738196
      ],
      [
        0.03304207106759807,
        -0.005859942334577506,
        0.9994367827008367,
        7.002490368167457
      ],
      [
        0.0,
        0.0,
        0.0,
        1.0
      ]
    ],
    "location": [
      -9.022949638555474,
      176.28865369738196,
      7.002490368167457
    ],
    "rotation": [
      -0.005863177428594109,
      -0.03304808646034455,
      1.626836595729162
    ]
  },
  {
    "label_id": "nsfV68k9seq3oQV1r-NSBQ",
    "size": [
      2.0352056025264935,
      4.492268532478676,
      1.9018504961628153
    ],
    "obj_class": "vehicle",
    "point_num_in_lidar": 1130,
    "speed": 6.99122093069,
    "if_vehicle": true,
    "motion_state": true,
    "pose": [
      [
        -0.04265522429644442,
        0.9990818313823069,
        -0.004003253926002657,
        -15.593888204389259
      ],
      [
        -0.9985294443092267,
        -0.042765143573967185,
        -0.033318033294369574,
        119.81541028116226
      ],
      [
        -0.03345864145070398,
        0.0025761787348724274,
        0.9994367827008367,
        4.873111924979405
      ],
      [
        0.0,
        0.0,
        0.0,
        1.0
      ]
    ],
    "location": [
      -15.593888204389259,
      119.81541028116226,
      4.873111924979405
    ],
    "rotation": [
      0.00257762479223803,
      0.033464887314828703,
      -1.6134884143597814
    ]
  },
  {
    "label_id": "rpFkQ_tvJyERzL61bjFlgA",
    "size": [
      1.92230802755236,
      4.183597472936482,
      1.6891106017123363
    ],
    "obj_class": "vehicle",
    "point_num_in_lidar": 49,
    "speed": 9.192323831532613,
    "if_vehicle": true,
    "motion_state": true,
    "pose": [
      [
        -0.05525101200196706,
        -0.9984644708905585,
        -0.004003253926002657,
        -1.2563457247388214
      ],
      [
        0.9979254806338501,
        -0.05508760077453584,
        -0.033318033294369574,
        159.02172241860535
      ],
      [
        0.03304634283030199,
        -0.005835804155634701,
        0.9994367827008367,
        6.074929233525488
      ],
      [
        0.0,
        0.0,
        0.0,
        1.0
      ]
    ],
    "location": [
      -1.2563457247388214,
      159.02172241860535,
      6.074929233525488
    ],
    "rotation": [
      -0.005839026473787577,
      -0.033052360557170896,
      1.626105727720441
    ]
  },
  {
    "label_id": "tx89Tt1O-W7mlYAdXilqQA",
    "size": [
      2.334886671747474,
      5.014700311560876,
      1.9413585058952592
    ],
    "obj_class": "vehicle",
    "point_num_in_lidar": 58,
    "speed": 1.1457157353758233e-12,
    "if_vehicle": true,
    "motion_state": false,
    "pose": [
      [
        0.007718675718635,
        0.9999621972870548,
        -0.004003253926002657,
        -21.711484383265088
      ],
      [
        -0.9994160474837757,
        0.007581074416114801,
        -0.033318033294369574,
        152.0704969862545
      ],
      [
        -0.03328642481640142,
        0.004258087310381407,
        0.9994367827008367,
        6.030148547702922
      ],
      [
        0.0,
        0.0,
        0.0,
        1.0
      ]
    ],
    "location": [
      -21.711484383265088,
      152.0704969862545,
      6.030148547702922
    ],
    "rotation": [
      0.004260461112152733,
      0.033292574699063354,
      -1.5630732946535377
    ]
  },
  {
    "label_id": "ufgLBZkfDdpDtfCZ1TBc3A",
    "size": [
      2.194600274402823,
      4.961569255371153,
      1.9429296663571307
    ],
    "obj_class": "vehicle",
    "point_num_in_lidar": 240,
    "speed": 5.327987490392543,
    "if_vehicle": true,
    "motion_state": true,
    "pose": [
      [
        -0.03996579608836806,
        0.9991930289493753,
        -0.004003253926002657,
        -18.93075300824512
      ],
      [
        -0.9986409397521396,
        -0.04007720185290796,
        -0.033318033294369574,
        122.12958347059794
      ],
      [
        -0.03345158582169812,
        0.0026662315380215043,
        0.9994367827008367,
        4.905560287423334
      ],
      [
        0.0,
        0.0,
        0.0,
        1.0
      ]
    ],
    "location": [
      -18.93075300824512,
      122.12958347059794,
      4.905560287423334
    ],
    "rotation": [
      0.0026677277234351867,
      0.03345782773401781,
      -1.6107951675882195
    ]
  },
  {
    "label_id": "yeEan0Lp_duAbRr1fVdkBA",
    "size": [
      2.02627788872535,
      4.703985658478942,
      1.5689551766383119
    ],
    "obj_class": "vehicle",
    "point_num_in_lidar": 30,
    "speed": 5.802590515856391,
    "if_vehicle": true,
    "motion_state": true,
    "pose": [
      [
        -0.04378596039382878,
        0.9990329141877129,
        -0.004003253926002657,
        -19.92774883768834
      ],
      [
        -0.9984804030615062,
        -0.043895254407822194,
        -0.033318033294369574,
        100.4802997023744
      ],
      [
        -0.03346153574661828,
        0.0025383085073651564,
        0.9994367827008367,
        3.9290493903591326
      ],
      [
        0.0,
        0.0,
        0.0,
        1.0
      ]
    ],
    "location": [
      -19.92774883768834,
      100.4802997023744,
      3.9290493903591326
    ],
    "rotation": [
      0.0025397334716177663,
      0.03346778323229906,
      -1.614620847600765
    ]
  }
]