[
  {
    "label_id": "2SEk84z5QMFdeTOtd2gzyw",
    "size": [
      2.028475654960251,
      4.416968247714944,
      1.6344101266080742
    ],
    "obj_class": "vehicle",
    "point_num_in_lidar": 22,
    "speed": 4.2226095676476253e-29,
    "if_vehicle": true,
    "motion_state": false,
    "pose": [
      [
        0.04844398539673141,
        0.9988090127836712,
        0.005808292433176911,
        -22.316710782639348
      ],
      [
        -0.9979975775368125,
        0.04863976907516188,
        -0.04043523333639337,
        170.64913301550405
      ],
      [
        -0.040669589493071194,
        -0.0038378179246742884,
        0.9991652794428167,
        6.561299032091142
      ],
      [
        0.0,
        0.0,
        0.0,
        1.0
      ]
    ],
    "location": [
      -22.316710782639348,
      170.64913301550405,
      6.561299032091142
    ],
    "rotation": [
      -0.0038410052171507017,
      0.040680809201284064,
      -1.522293212631832
    ]
  },
  {
    "label_id": "3x-Ka2CIyg8t_l193taoXg",
    "size": [
      2.084997592578152,
      4.137832244423632,
      1.8246231120447973
    ],
    "obj_class": "vehicle",
    "point_num_in_lidar": 80,
    "speed": 4.0194366942304643e-13,
    "if_vehicle": true,
    "motion_state": false,
    "pose": [
      [
        0.15509027306975226,
        -0.9878832273797143,
        0.005808292433176911,
        5.138855804070772
      ],
      [
        0.9871283474100568,
        0.15473402225923485,
        -0.04043523333639337,
        162.72181172362434
      ],
      [
        0.03904654835756476,
        0.01200464149061666,
        0.9991652794428167,
        6.293439905954315
      ],
      [
        0.0,
        0.0,
        0.0,
        1.0
      ]
    ],
    "location": [
      5.138855804070772,
      162.72181172362434,
      6.293439905954315
    ],
    "rotation": [
      0.012014092317920454,
      -0.039056477113337304,
      1.4149576813219693
    ]
  },
  {
    "label_id": "3xp7fav1XDT13tIERFz4Yw",
    "size": [
      1.7950243845326375,
      3.727424411905237,
      1.6243614469938237
    ],
    "obj_class": "vehicle",
    "point_num_in_lidar": 202,
    "speed": 11.198073674872687,
    "if_vehicle": true,
    "motion_state": true,
    "pose": [
      [
        -0.05324615933253785,
        -0.998564524833195,
        0.005808292433176911,
        -4.6074578365260095
      ],
      [
        0.9977521575489648,
        -0.05343803899299431,
        -0.04043523333639337,
        153.19053248073942
      ],
      [
        0.04068757332060184,
        0.0036422154299996425,
        0.9991652794428167,
        5.999716095328502
      ],
      [
        0.0,
        0.0,
        0.0,
        1.0
      ]
    ],
    "location": [
      -4.6074578365260095,
      153.19053248073942,
      5.999716095328502
    ],
    "rotation": [
      0.0036452420561346875,
      -0.04069880792664881,
      1.6241118699326353
    ]
  },
  {
    "label_id": "57e-MJPQLDAfBYBJZHHzUQ",
    "size": [
      2.1471671139103767,
      4.112893788811498,
      1.740000000000002
    ],
    "obj_class": "vehicle",
    "point_num_in_lidar": 447,
    "speed": 3.1776437161565096e-13,
    "if_vehicle": true,
    "motion_state": false,
    "pose": [
      [
        0.13743401270555078,
        -0.9904938949285155,
        0.005808292433176911,
        2.794817909588346
      ],
      [
        0.9897327769013973,
        0.1370912915982638,
        -0.04043523333639337,
        145.62488450121782
      ],
      [
        0.039254585448062984,
        0.011305833771049356,
        0.9991652794428167,
        5.671723200732401
      ],
      [
        0.0,
        0.0,
        0.0,
        1.0
      ]
    ],
    "location": [
      2.794817909588346,
      145.62488450121782,
      5.671723200732401
    ],
    "rotation": [
      0.01131479598476066,
      -0.039264673823913555,
      1.4328189236557205
    ]
  },
  {
    "label_id": "6BUQ0qQA1KLJTEa7yiZE4Q",
    "size": [
      0.5150329094802921,
      0.07788669200729971,
      0.54456752354929
    ],
    "obj_class": "sign",
    "point_num_in_lidar": 20,
    "speed": 0.005010609412941243,
    "if_vehicle": false,
    "motion_state": false,
    "pose": [
      [
        -0.1866600461051873,
        0.9824073955986997,
        0.005808292433176911,
        7.431268984124472
      ],
      [
        -0.981664316548582,
        -0.18627979364449748,
        -0.04043523333639337,
        165.327526614632
      ],
      [
        -0.038641904756552846,
        -0.013249435940574107,
        0.9991652794428167,
        8.303482143127098
      ],
      [
        0.0,
        0.0,
        0.0,
        1.0
      ]
    ],
    "location": [
      7.431268984124472,
      165.327526614632,
      8.303482143127098
    ],
    "rotation": [
      -0.013259727591740279,
      0.03865152788554974,
      -1.7586996770610492
    ]
  },
  {
    "label_id": "7WHYlrlrIcpHndiOMhqKJA",
    "size": [
      1.9237995339156893,
      4.326123888927041,
      1.531235654199186
    ],
    "obj_class": "vehicle",
    "point_num_in_lidar": 28,
    "speed": 4.00780667723427,
    "if_vehicle": true,
    "motion_state": true,
    "pose": [
      [
        0.023187069632271986,
        0.9997142709498943,
        0.005808292433176911,
        -18.29833489961038
      ],
      [
        -0.9989080426117667,
        0.023403297001918767,
        -0.04043523333639337,
        147.9863652177155
      ],
      [
        -0.040559613008469005,
        -0.004864375454373365,
        0.9991652794428167,
        5.661715173792935
      ],
      [
        0.0,
        0.0,
        0.0,
        1.0
      ]
    ],
    "location": [
      -18.29833489961038,
      147.9863652177155,
      5.661715173792935
    ],
    "rotation": [
      -0.004868400777806123,
      0.0405707418986282,
      -1.5475880779215387
    ]
  },
  {
    "label_id": "7vyLlma7_82PApPIXhhN7w",
    "size": [
      2.107634814548951,
      4.5661667673844955,
      2.0281701066596014
    ],
    "obj_class": "vehicle",
    "point_num_in_lidar": 1126,
    "speed": 5.7733282370712296,
    "if_vehicle": true,
    "motion_state": true,
    "pose": [
      [
        -0.031965517934986205,
        0.9994720953594246,
        0.005808292433176911,
        -18.70262281028954
      ],
      [
        -0.998679014561645,
        -0.03170516959760389,
        -0.04043523333639337,
        129.42771979405916
      ],
      [
        -0.04022973449240599,
        -0.0070931529398708115,
        0.9991652794428167,
        5.294229807426319
      ],
      [
        0.0,
        0.0,
        0.0,
        1.0
      ]
    ],
    "location": [
      -18.70262281028954,
      129.42771979405916,
      5.294229807426319
    ],
    "rotation": [
      -0.007098959433164429,
      0.040240593914961036,
      -1.6027932026258715
    ]
  },
  {
    "label_id": "GPXKR9QlRNM_GUSGojXmaA",
    "size": [
      1.8637424468418315,
      4.6063503038365585,
      1.5221419981450097
    ],
    "obj_class": "vehicle",
    "point_num_in_lidar": 430,
    "speed": 0.014492983161136837,
    "if_vehicle": true,
    "motion_state": false,
    "pose": [
      [
        -0.07216869402674901,
        0.9973755277434293,
        0.005808292433176911,
        -22.356830835476103
      ],
      [
        -0.9965935687428545,
        -0.07187663490601391,
        -0.04043523333639337,
        128.68532131927532
      ],
      [
        -0.03991163167366722,
        -0.00870666486683627,
        0.9991652794428167,
        4.959764532069578
      ],
      [
        0.0,
        0.0,
        0.0,
        1.0
      ]
    ],
    "location": [
      -22.356830835476103,
      128.68532131927532,
      4.959764532069578
    ],
    "rotation": [
      -0.008713718022841507,
      0.03992223540448718,
      -1.643085513863473
    ]
  },
  {
    "label_id": "Irrp7c9HrOs1nyK9NCdnZg",
    "size": [
      2.004151873569189,
      4.917299256640257,
      2.0500000000000043
    ],
    "obj_class": "vehicle",
    "point_num_in_lidar": 1092,
    "speed": 11.474931884018858,
    "if_vehicle": true,
    "motion_state": true,
    "pose": [
      [
        -0.07448546955482252,
        -0.9972051837832615,
        0.005808292433176911,
        -6.613249582054777
      ],
      [
        0.9963889169211346,
        -0.07466001702222898,
        -0.04043523333639337,
        137.21169451265814
      ],
      [
        0.04075587150246829,
        0.002775480865034291,
        0.9991652794428167,
        5.663933671417283
      ],
      [
        0.0,
        0.0,
        0.0,
        1.0
      ]
    ],
    "location": [
      -6.613249582054777,
      137.21169451265814,
      5.663933671417283
    ],
    "rotation": [
      0.0027777924067984992,
      -0.04076716280708036,
      1.6454129557328487
    ]
  },
  {
    "label_id": "KE-n4BCpMYY4onuCOe_Cxg",
    "size": [
      2.008046796960299,
      4.605128188340819,
      1.6100000000000065
    ],
    "obj_class": "vehicle",
    "point_num_in_lidar": 265,
    "speed": 12.02645240216966,
    "if_vehicle": true,
    "motion_state": true,
    "pose": [
      [
        -0.05178865332577448,
        -0.9986411763620171,
        0.005808292433176911,
        -7.727661583194276
      ],
      [
        0.9978290899999582,
        -0.05198171846799968,
        -0.04043523333639337,
        150.26334245032922
      ],
      [
        0.04068221400756974,
        0.0037015968716452847,
        0.9991652794428167,
        5.911045455536268
      ],
      [
        0.0,
        0.0,
        0.0,
        1.0
      ]
    ],
    "location": [
      -7.727661583194276,
      150.26334245032922,
      5.911045455536268
    ],
    "rotation": [
      0.0037046723034508213,
      -0.04069344417257285,
      1.622651125380706
    ]
  },
  {
    "label_id": "KoD-0zzFO4ORjOc7e1LAow",
    "size": [
      1.9757325372907564,
      4.444109568142756,
      1.604410126608073
    ],
    "obj_class": "vehicle",
    "point_num_in_lidar": 365,
    "speed": 7.652779469160725e-13,
    "if_vehicle": true,
    "motion_state": false,
    "pose": [
      [
        0.02206087973245168,
        0.9997397567989587,
        0.005808292433176911,
        -21.900970272015
      ],
      [
        -0.9989337725518777,
        0.022278015178755706,
        -0.04043523333639337,
        145.83658557876697
      ],
      [
        -0.04055410756882402,
        -0.004910062652770141,
        0.9991652794428167,
        5.636007705464529
      ],
      [
        0.0,
        0.0,
        0.0,
        1.0
      ]
    ],
    "location": [
      -21.900970272015,
      145.83658557876697,
      5.636007705464529
    ],
    "rotation": [
      -0.004914125050152519,
      0.04056523192555406,
      -1.5487154893430692
    ]
  },
  {
    "label_id": "Ku08VWueZyDrZkpLScobNA",
    "size": [
      2.0279326382193514,
      4.84085327934026,
      1.5091613349015418
    ],
    "obj_class": "vehicle",
    "point_num_in_lidar": 337,
    "speed": 7.652779469160725e-13,
    "if_vehicle": true,
    "motion_state": false,
    "pose": [
      [
        -0.027188065293913957,
        0.9996134617163699,
        0.005808292433176911,
        -22.27188214357284
      ],
      [
        -0.9988191456137817,
        -0.02693151054780005,
        -0.04043523333639337,
        134.1830662671964
      ],
      [
        -0.040263177481772536,
        -0.006900789449705265,
        0.9991652794428167,
        5.156252107172769
      ],
      [
        0.0,
        0.0,
        0.0,
        1.0
      ]
    ],
    "location": [
      -22.27188214357284,
      134.1830662671964,
      5.156252107172769
    ],
    "rotation": [
      -0.00690644468050656,
      0.04027406402237367,
      -1.5980098153336848
    ]
  },
  {
    "label_id": "PwSln7eGbG3sMRlmoH0BGA",
    "size": [
      2.191998224333724,
      4.4540193287417065,
      1.6849073137573924
    ],
    "obj_class": "vehicle",
    "point_num_in_lidar": 415,
    "speed": 6.04076123268122,
    "if_vehicle": true,
    "motion_state": true,
    "pose": [
      [
        0.0021692649796477355,
        0.9999807788295028,
        0.005808292433176911,
        -11.937485011239005
      ],
      [
        -0.9991792734165335,
        0.0024023904427901725,
        -0.04043523333639337,
        139.29074544529067
      ],
      [
        -0.040448409910109714,
        -0.005715810677551933,
        0.9991652794428167,
        5.580045729926866
      ],
      [
        0.0,
        0.0,
        0.0,
        1.0
      ]
    ],
    "location": [
      -11.937485011239005,
      139.29074544529067,
      5.580045729926866
    ],
    "rotation": [
      -0.005720523367066908,
      0.04045944746931097,
      -1.56862528339044
    ]
  },
  {
    "label_id": "UkZBONhvzwNJc_orIetLMg",
    "size": [
      1.9916560977071962,
      4.13957519203521,
      1.46741008217613
    ],
    "obj_class": "vehicle",
    "point_num_in_lidar": 26,
    "speed": 8.055020527690854,
    "if_vehicle": true,
    "motion_state": true,
    "pose": [
      [
        -0.04818517637245232,
        -0.9988215318649104,
        0.005808292433176911,
        -3.0985840351122533
      ],
      [
        0.998010147375976,
        -0.048381170300167156,
        -0.04043523333639337,
        183.09875935269156
      ],
      [
        0.04066859368773423,
        0.003848355937262277,
        0.9991652794428167,
        6.88587238464153
      ],
      [
        0.0,
        0.0,
        0.0,
        1.0
      ]
    ],
    "location": [
      -3.0985840351122533,
      183.09875935269156,
      6.88587238464153
    ],
    "rotation": [
      0.003851551877355575,
      -0.04067981257140556,
      1.6190401123195917
    ]
  },
  {
    "label_id": "Vaa7pvj0MNC8p5CEuR3r1A",
    "size": [
      2.098123636023408,
      5.57267356419703,
      1.8890618180108945
    ],
    "obj_class": "vehicle",
    "point_num_in_lidar": 87,
    "speed": 5.198051555111505,
    "if_vehicle": true,
    "motion_state": true,
    "pose": [
      [
        0.05319333319617263,
        0.9985673402642866,
        0.005808292433176911,
        -12.524361961488466
      ],
      [
        -0.9977549831320112,
        0.053385255832215775,
        -0.04043523333639337,
        151.50338360298338
      ],
      [
        -0.04068738058318162,
        -0.0036443678789624574,
        0.9991652794428167,
        6.0794718085905615
      ],
      [
        0.0,
        0.0,
        0.0,
        1.0
      ]
    ],
    "location": [
      -12.524361961488466,
      151.50338360298338,
      6.0794718085905615
    ],
    "rotation": [
      -0.0036473962746499137,
      0.04069861502949466,
      -1.5175337291498772
    ]
  },
  {
    "label_id": "VhCiQswTWqH5HBVl-Mq49A",
    "size": [
      1.8499381482382704,
      4.79973726511791,
      1.611069259308671
    ],
    "obj_class": "vehicle",
    "point_num_in_lidar": 910,
    "speed": 8.987733679556354e-13,
    "if_vehicle": true,
    "motion_state": false,
    "pose": [
      [
        -0.062379930719737985,
        0.9980355745074478,
        0.005808292433176911,
        -22.684862982726372
      ],
      [
        -0.9972507877387616,
        -0.06209555748562554,
        -0.04043523333639337,
        121.55656499544966
      ],
      [
        -0.0399951321765524,
        -0.008314671258563422,
        0.9991652794428167,
        4.700936665376332
      ],
      [
        0.0,
        0.0,
        0.0,
        1.0
      ]
    ],
    "location": [
      -22.684862982726372,
      121.55656499544966,
      4.700936665376332
    ],
    "rotation": [
      -0.008321425402949726,
      0.04000580263207826,
      -1.6332668338493774
    ]
  },
  {
    "label_id": "Wa0hsb4MqRWHVmT2a-UF7w",
    "size": [
      1.8840696058970927,
      4.075141294510927,
      1.7040363791192874
    ],
    "obj_class": "vehicle",
    "point_num_in_lidar": 568,
    "speed": 8.987733679556354e-13,
    "if_vehicle": true,
    "motion_state": false,
    "pose": [
      [
        -0.0623799307199392,
        0.9980355745074353,
        0.005808292433176911,
        -23.017311835530563
      ],
      [
        -0.9972507877387492,
        -0.062095557485826625,
        -0.04043523333639337,
        116.19515144869183
      ],
      [
        -0.03999513217655073,
        -0.008314671258571486,
        0.9991652794428167,
        4.560683391199106
      ],
      [
        0.0,
        0.0,
        0.0,
        1.0
      ]
    ],
    "location": [
      -23.017311835530563,
      116.19515144869183,
      4.560683391199106
    ],
    "rotation": [
      -0.008321425402957798,
      0.04000580263207658,
      -1.633266833849579
    ]
  },
  {
    "label_id": "WhPgWq3c5JWYJlXPM99MEg",
    "size": [
      1.770625134859251,
      3.2738170599658973,
      1.354965001718206
    ],
    "obj_class": "vehicle",
    "point_num_in_lidar": 55,
    "speed": 9.48846580248839,
    "if_vehicle": true,
    "motion_state": true,
    "pose": [
      [
        -0.06480132915706246,
        -0.9978812812546834,
        0.005808292433176911,
        -1.093869626029118
      ],
      [
        0.9970667473214813,
        -0.06498379252392467,
        -0.04043523333639337,
        155.59098812153752
      ],
      [
        0.040727007319948154,
        0.0031709983788654234,
        0.9991652794428167,
        6.0132643913631725
      ],
      [
        0.0,
        0.0,
        0.0,
        1.0
      ]
    ],
    "location": [
      -1.093869626029118,
      155.59098812153752,
      6.0132643913631725
    ],
    "rotation": [
      0.0031736368326959244,
      -0.040738274639374454,
      1.6356970172991292
    ]
  },
  {
    "label_id": "ZOfQ22J7gJFgUY_ZP2qzDg",
    "size": [
      1.9223080275525655,
      4.183597472936482,
      1.750000000000007
    ],
    "obj_class": "vehicle",
    "point_num_in_lidar": 32,
    "speed": 10.943356136240936,
    "if_vehicle": true,
    "motion_state": true,
    "pose": [
      [
        -0.058492265688907745,
        -0.9982709645149401,
        0.005808292433176911,
        -5.742347741594131
      ],
      [
        0.9974576002355258,
        -0.058679874210987866,
        -0.04043523333639337,
        178.35144771601153
      ],
      [
        0.04070614925246753,
        0.003428377020357504,
        0.9991652794428167,
        7.103887022143738
      ],
      [
        0.0,
        0.0,
        0.0,
        1.0
      ]
    ],
    "location": [
      -5.742347741594131,
      178.35144771601153,
      7.103887022143738
    ],
    "rotation": [
      0.0034312276821658167,
      -0.04071739926069942,
      1.6293706018053324
    ]
  },
  {
    "label_id": "aaagVAHiOGsvE-4jzHSW3g",
    "size": [
      1.4457462753179677,
      0.16376496196969,
      0.5680126549571156
    ],
    "obj_class": "sign",
    "point_num_in_lidar": 27,
    "speed": 0.010735657414915662,
    "if_vehicle": false,
    "motion_state": false,
    "pose": [
      [
        0.06755787939490387,
        0.9976984497686032,
        0.005808292433176911,
        10.429640070191454
      ],
      [
        -0.9968834148611982,
        0.06773809179263397,
        -0.04043523333639337,
        185.25163859730674
      ],
      [
        -0.04073561226174842,
        -0.0030584717782529973,
        0.9991652794428167,
        9.767517506975466
      ],
      [
        0.0,
        0.0,
        0.0,
        1.0
      ]
    ],
    "location": [
      10.429640070191454,
      185.25163859730674,
      9.767517506975466
    ],
    "rotation": [
      -0.003061017319879312,
      0.04074688672803826,
      -1.5031307008696067
    ]
  },
  {
    "label_id": "bFrA1Ozisvy9ERMCyRJyAw",
    "size": [
      1.781521570302835,
      4.362143754030355,
      1.8477154114121177
    ],
    "obj_class": "vehicle",
    "point_num_in_lidar": 43,
    "speed": 10.32397887541128,
    "if_vehicle": true,
    "motion_state": true,
    "pose": [
      [
        -0.04711866299783811,
        -0.9988724119407377,
        0.005808292433176911,
        -9.85544406678855
      ],
      [
        0.9980612371857056,
        -0.047315523164918674,
        -0.04043523333639337,
        192.5275708351237
      ],
      [
        0.040664461445280374,
        0.0038917773989764516,
        0.9991652794428167,
        7.513840830166039
      ],
      [
        0.0,
        0.0,
        0.0,
        1.0
      ]
    ],
    "location": [
      -9.85544406678855,
      192.5275708351237,
      7.513840830166039
    ],
    "rotation": [
      0.0038950089621663728,
      -0.040675676907825815,
      1.617971491926299
    ]
  },
  {
    "label_id": "j9rhhBtZCGw4Ldkys4ePvw",
    "size": [
      2.1229599623789865,
      4.438337993711105,
      1.6844101266080713
    ],
    "obj_class": "vehicle",
    "point_num_in_lidar": 119,
    "speed": 3.921064416169865,
    "if_vehicle": true,
    "motion_state": true,
    "pose": [
      [
        0.06585369139437547,
        0.9978123847040309,
        0.005808292433176911,
        -19.11997913014966
      ],
      [
        -0.9969976587919702,
        0.06603529562560718,
        -0.04043523333639337,
        158.33747845862672
      ],
      [
        -0.04073032890935542,
        -0.0031280445798620845,
        0.9991652794428167,
        6.145265424447068
      ],
      [
        0.0,
        0.0,
        0.0,
        1.0
      ]
    ],
    "location": [
      -19.11997913014966,
      158.33747845862672,
      6.145265424447068
    ],
    "rotation": [
      -0.0031306475764708457,
      0.04074159898718076,
      -1.5048401327785084
    ]
  },
  {
    "label_id": "ltAHe0JkO7bzlQ283Swx5Q",
    "size": [
      0.48146155858684464,
      0.08047740343216264,
      0.49111111111112393
    ],
    "obj_class": "sign",
    "point_num_in_lidar": 45,
    "speed": 0.006848715906518908,
    "if_vehicle": false,
    "motion_state": false,
    "pose": [
      [
        -0.784358506596133,
        0.6202805791488999,
        0.005808292433176911,
        4.371778497861669
      ],
      [
        -0.619967947770791,
        -0.7835845427533044,
        -0.04043523333639337,
        145.31028386874823
      ],
      [
        -0.020529901781490577,
        -0.035316674373448986,
        0.9991652794428167,
        7.363459837026639
      ],
      [
        0.0,
        0.0,
        0.0,
        1.0
      ]
    ],
    "location": [
      4.371778497861669,
      145.31028386874823,
      7.363459837026639
    ],
    "rotation": [
      -0.035331469636095944,
      0.020531344201530986,
      -2.4727242241164507
    ]
  },
  {
    "label_id": "rEX7tzgus_e-VbncAYM0sA",
    "size": [
      1.9965939337717655,
      4.614040819473344,
      1.673474595505219
    ],
    "obj_class": "vehicle",
    "point_num_in_lidar": 22,
    "speed": 3.7904341282625373,
    "if_vehicle": true,
    "motion_state": true,
    "pose": [
      [
        0.08093156124619866,
        0.9967027370953003,
        0.005808292433176911,
        -14.624835807127056
      ],
      [
        -0.9958853587206802,
        0.08110082731275556,
        -0.04043523333639337,
        189.24905061450772
      ],
      [
        -0.04077296506307548,
        -0.0025119068301003465,
        0.9991652794428167,
        7.552275795259405
      ],
      [
        0.0,
        0.0,
        0.0,
        1.0
      ]
    ],
    "location": [
      -14.624835807127056,
      189.24905061450772,
      7.552275795259405
    ],
    "rotation": [
      -0.0025140000256857076,
      0.04078427058792082,
      -1.4897085773749008
    ]
  },
  {
    "label_id": "rpFkQ_tvJyERzL61bjFlgA",
    "size": [
      1.922308027551295,
      4.183597472936482,
      1.6891106017123363
    ],
    "obj_class": "vehicle",
    "point_num_in_lidar": 52,
    "speed": 8.616367043072202,
    "if_vehicle": true,
    "motion_state": true,
    "pose": [
      [
        -0.0873508254360122,
        -0.9961606783218548,
        0.005808292433176911,
        -2.0638462791230268
      ],
      [
        0.9953422264653807,
        -0.0875148222872572,
        -0.04043523333639337,
        172.44461471602335
      ],
      [
        0.040788301148566006,
        0.0022491877137686108,
        0.9991652794428167,
        6.53098864984613
      ],
      [
        0.0,
        0.0,
        0.0,
        1.0
      ]
    ],
    "location": [
      -2.0638462791230268,
      172.44461471602335,
      6.53098864984613
    ],
    "rotation": [
      0.002251062923173629,
      -0.040799619441755045,
      1.658331651279354
    ]
  },
  {
    "label_id": "rveC9ubKHgiMGRnGs_DZNA",
    "size": [
      2.217986090309927,
      4.818420876917067,
      1.7700000000000031
    ],
    "obj_class": "vehicle",
    "point_num_in_lidar": 24,
    "speed": 4.0194366942304643e-13,
    "if_vehicle": true,
    "motion_state": false,
    "pose": [
      [
        -0.9937589598650253,
        -0.11139745700415983,
        0.005808292433176911,
        10.205322646165769
      ],
      [
        0.11107482461479458,
        -0.9929891113410175,
        -0.04043523333639337,
        156.8436546306475
      ],
      [
        0.010271953308673148,
        -0.039537720358947315,
        0.9991652794428167,
        6.529859221486028
      ],
      [
        0.0,
        0.0,
        0.0,
        1.0
      ]
    ],
    "location": [
      10.205322646165769,
      156.8436546306475,
      6.529859221486028
    ],
    "rotation": [
      -0.0395501163823799,
      -0.010272133954727834,
      3.0302822548812545
    ]
  },
  {
    "label_id": "sLF6BsIx3tf2XhCZ2Wm3IQ",
    "size": [
      1.8372127284928055,
      4.24136517322065,
      1.7044101266080744
    ],
    "obj_class": "vehicle",
    "point_num_in_lidar": 404,
    "speed": 2.8421709430404007e-13,
    "if_vehicle": true,
    "motion_state": false,
    "pose": [
      [
        -0.015844632517130156,
        0.9998575955401888,
        0.005808292433176911,
        -21.844492719651498
      ],
      [
        -0.9990604196790009,
        -0.015597106649949172,
        -0.04043523333639337,
        140.46333173947642
      ],
      [
        -0.040338882622298414,
        -0.006443516488867654,
        0.9991652794428167,
        5.53363333792241
      ],
      [
        0.0,
        0.0,
        0.0,
        1.0
      ]
    ],
    "location": [
      -21.844492719651498,
      140.46333173947642,
      5.53363333792241
    ],
    "rotation": [
      -0.006448810120497144,
      0.04034983071703229,
      -1.5866545311297808
    ]
  },
  {
    "label_id": "tx89Tt1O-W7mlYAdXilqQA",
    "size": [
      2.3348866717474754,
      5.014700311560876,
      1.9413585058952592
    ],
    "obj_class": "vehicle",
    "point_num_in_lidar": 99,
    "speed": 1.1457157353758233e-12,
    "if_vehicle": true,
    "motion_state": false,
    "pose": [
      [
        0.007718607367513511,
        0.9999533423311894,
        0.005808292433176911,
        -21.711484383265997
      ],
      [
        -0.9991505555345299,
        0.00794728130064444,
        -0.04043523333639337,
        152.07049698625633
      ],
      [
        -0.04047950685651095,
        -0.005491254921378303,
        0.9991652794428167,
        6.0301485477029715
      ],
      [
        0.0,
        0.0,
        0.0,
        1.0
      ]
    ],
    "location": [
      -21.711484383265997,
      152.07049698625633,
      6.0301485477029715
    ],
    "rotation": [
      -0.00549578708236167,
      0.0404905699050302,
      -1.5630713109942775
    ]
  },
  {
    "label_id": "ufgLBZkfDdpDtfCZ1TBc3A",
    "size": [
      2.194600274402607,
      4.961569255371153,
      1.9429296663571307
    ],
    "obj_class": "vehicle",
    "point_num_in_lidar": 1578,
    "speed": 4.98501419175897,
    "if_vehicle": true,
    "motion_state": true,
    "pose": [
      [
        -0.04531688622406651,
        0.998955776579707,
        0.005808292433176911,
        -19.27764825702252
      ],
      [
        -0.9981662451627192,
        -0.04504596455610027,
        -0.04043523333639337,
        114.41765906654473
      ],
      [
        -0.04013136978366215,
        -0.007630040317380152,
        0.9991652794428167,
        4.676119378131695
      ],
      [
        0.0,
        0.0,
        0.0,
        1.0
      ]
    ],
    "location": [
      -19.27764825702252,
      114.41765906654473,
      4.676119378131695
    ],
    "rotation": [
      -0.007636266156080879,
      0.04014214970613243,
      -1.6161653117548265
    ]
  },
  {
    "label_id": "yTXlOEHSLSIVkBr-sZwHNQ",
    "size": [
      1.0213894380608013,
      0.10899814190361484,
      1.019999999999996
    ],
    "obj_class": "sign",
    "point_num_in_lidar": 28,
    "speed": 0.015165312391879512,
    "if_vehicle": false,
    "motion_state": false,
    "pose": [
      [
        0.030797147140388684,
        0.9995087790845181,
        0.005808292433176911,
        3.9824019566895004
      ],
      [
        -0.9987009279871869,
        0.031007230488432732,
        -0.04043523333639337,
        187.53982841523248
      ],
      [
        -0.04059546976627588,
        -0.004555457212317881,
        0.9991652794428167,
        10.42773909878948
      ],
      [
        0.0,
        0.0,
        0.0,
        1.0
      ]
    ],
    "location": [
      3.9824019566895004,
      187.53982841523248,
      10.42773909878948
    ],
    "rotation": [
      -0.004559231332251161,
      0.04060662821267789,
      -1.539968889038076
    ]
  }
]