[
  {
    "label_id": "3xp7fav1XDT13tIERFz4Yw",
    "size": [
      1.7950243845322225,
      3.727424411905237,
      1.6243614469938237
    ],
    "obj_class": "vehicle",
    "point_num_in_lidar": 203,
    "speed": 11.411807837313846,
    "if_vehicle": true,
    "motion_state": true,
    "pose": [
      [
        -0.05793315826310509,
        -0.9983148867241086,
        -0.0033370823621992497,
        -4.107107311565414
      ],
      [
        0.9976644969208562,
        -0.057773612134177144,
        -0.03643845941617871,
        144.09667135377458
      ],
      [
        0.03618426118240998,
        -0.00544028363228819,
        0.9993303270474099,
        5.644416217614882
      ],
      [
        0.0,
        0.0,
        0.0,
        1.0
      ]
    ],
    "location": [
      -4.107107311565414,
      144.09667135377458,
      5.644416217614882
    ],
    "rotation": [
      -0.005443875506015083,
      -0.03619216185168244,
      1.6287999676250557
    ]
  },
  {
    "label_id": "57e-MJPQLDAfBYBJZHHzUQ",
    "size": [
      2.1471671139103767,
      4.112893788811498,
      1.740000000000002
    ],
    "obj_class": "vehicle",
    "point_num_in_lidar": 220,
    "speed": 3.1776437161565096e-13,
    "if_vehicle": true,
    "motion_state": false,
    "pose": [
      [
        0.13743556576329263,
        -0.9905050878943689,
        -0.0033370823621992497,
        2.7948179095892556
      ],
      [
        0.9898360844505281,
        0.13746550329090756,
        -0.03643845941617871,
        145.624884501216
      ],
      [
        0.03655121315320042,
        0.0017047757465170742,
        0.9993303270474099,
        5.671723200732266
      ],
      [
        0.0,
        0.0,
        0.0,
        1.0
      ]
    ],
    "location": [
      2.7948179095892556,
      145.624884501216,
      5.671723200732266
    ],
    "rotation": [
      0.0017059164989371301,
      -0.03655935673312223,
      1.43283160275299
    ]
  },
  {
    "label_id": "7WHYlrlrIcpHndiOMhqKJA",
    "size": [
      1.923799533917423,
      4.326123888927041,
      1.531235654199186
    ],
    "obj_class": "vehicle",
    "point_num_in_lidar": 47,
    "speed": 3.741293495341076,
    "if_vehicle": true,
    "motion_state": true,
    "pose": [
      [
        0.035377281009252866,
        0.999368456511261,
        -0.0033370823621992497,
        -18.37637566316789
      ],
      [
        -0.998714630102501,
        0.03523246080818044,
        -0.03643845941617871,
        151.10195105687308
      ],
      [
        -0.03629787332085489,
        0.004621886595295815,
        0.9993303270474099,
        5.661715173792956
      ],
      [
        0.0,
        0.0,
        0.0,
        1.0
      ]
    ],
    "location": [
      -18.37637566316789,
      151.10195105687308,
      5.661715173792956
    ],
    "rotation": [
      0.0046249508454232315,
      0.0363058486737056,
      -1.5353883191185265
    ]
  },
  {
    "label_id": "7vyLlma7_82PApPIXhhN7w",
    "size": [
      2.1076348145490225,
      4.5661667673844955,
      2.0281701066596085
    ],
    "obj_class": "vehicle",
    "point_num_in_lidar": 479,
    "speed": 5.4134676707256,
    "if_vehicle": true,
    "motion_state": true,
    "pose": [
      [
        -0.039887447627190924,
        0.9991986065858459,
        -0.0033370823621992497,
        -18.571858566004266
      ],
      [
        -0.9985357398778176,
        -0.03998268202653452,
        -0.03643845941617871,
        133.9600985602574
      ],
      [
        -0.03654268337776483,
        0.0018787588639934923,
        0.9993303270474099,
        5.4199116463112915
      ],
      [
        0.0,
        0.0,
        0.0,
        1.0
      ]
    ],
    "location": [
      -18.571858566004266,
      133.9600985602574,
      5.4199116463112915
    ],
    "rotation": [
      0.0018800156461563626,
      0.03655082125545093,
      -1.6107210390338615
    ]
  },
  {
    "label_id": "8UWfrpgQXr4RJlawE1Vwtg",
    "size": [
      1.9234665327121987,
      4.563072837084948,
      1.6766191390117058
    ],
    "obj_class": "vehicle",
    "point_num_in_lidar": 640,
    "speed": 6.355287432313019e-13,
    "if_vehicle": true,
    "motion_state": false,
    "pose": [
      [
        -0.04049999076406205,
        0.9991739661487478,
        -0.0033370823621992497,
        -23.43822716415616
      ],
      [
        -0.9985110411825999,
        -0.04059481878043081,
        -0.03643845941617871,
        102.52065610058708
      ],
      [
        -0.03654382826896232,
        0.0018563563141797748,
        0.9993303270474099,
        4.009405755755147
      ],
      [
        0.0,
        0.0,
        0.0,
        1.0
      ]
    ],
    "location": [
      -23.43822716415616,
      102.52065610058708,
      4.009405755755147
    ],
    "rotation": [
      0.001857598162200366,
      0.03655196691186422,
      -1.6113344896624062
    ]
  },
  {
    "label_id": "9-FP9e70s_cDDW-cseJwsg",
    "size": [
      1.9336611000063975,
      4.305745165199813,
      1.7453301234225194
    ],
    "obj_class": "vehicle",
    "point_num_in_lidar": 283,
    "speed": 1.1718571004216928e-12,
    "if_vehicle": true,
    "motion_state": false,
    "pose": [
      [
        -0.05823149835704213,
        0.99829752903651,
        -0.0033370823621992497,
        -23.743383234415887
      ],
      [
        -0.9976330251005529,
        -0.058314542818194426,
        -0.03643845941617871,
        97.00515852177341
      ],
      [
        -0.03657102442936667,
        0.0012073174823841795,
        0.9993303270474099,
        3.8889903397426764
      ],
      [
        0.0,
        0.0,
        0.0,
        1.0
      ]
    ],
    "location": [
      -23.743383234415887,
      97.00515852177341,
      3.8889903397426764
    ],
    "rotation": [
      0.0012081259442648783,
      0.03657918126359726,
      -1.629099831041586
    ]
  },
  {
    "label_id": "GPXKR9QlRNM_GUSGojXmaA",
    "size": [
      1.8637424468418315,
      4.6063503038365585,
      1.5221419981450097
    ],
    "obj_class": "vehicle",
    "point_num_in_lidar": 600,
    "speed": 0.014492983282286978,
    "if_vehicle": true,
    "motion_state": false,
    "pose": [
      [
        -0.07216950956103153,
        0.9973867984744074,
        -0.0033370823621992497,
        -22.368312643106947
      ],
      [
        -0.9967211994396352,
        -0.0722432644818227,
        -0.03643845941617871,
        128.686935720747
      ],
      [
        -0.0365843201021321,
        0.0006963949894549185,
        0.9993303270474099,
        4.934767402154016
      ],
      [
        0.0,
        0.0,
        0.0,
        1.0
      ]
    ],
    "location": [
      -22.368312643106947,
      128.686935720747,
      4.934767402154016
    ],
    "rotation": [
      0.0006968615460571564,
      0.03659248583961156,
      -1.6430771033518412
    ]
  },
  {
    "label_id": "Irrp7c9HrOs1nyK9NCdnZg",
    "size": [
      2.0041518735690937,
      4.917299256640257,
      2.0500000000000043
    ],
    "obj_class": "vehicle",
    "point_num_in_lidar": 1186,
    "speed": 11.775351227933484,
    "if_vehicle": true,
    "motion_state": true,
    "pose": [
      [
        -0.07846214200063768,
        -0.9969115086876967,
        -0.0033370823621992497,
        -5.885670520243366
      ],
      [
        0.9962645393849074,
        -0.07828924727926383,
        -0.03643845941617871,
        127.99094000295736
      ],
      [
        0.03606466188459265,
        -0.006183656399462621,
        0.9993303270474099,
        5.285854264086801
      ],
      [
        0.0,
        0.0,
        0.0,
        1.0
      ]
    ],
    "location": [
      -5.885670520243366,
      127.99094000295736,
      5.285854264086801
    ],
    "rotation": [
      -0.006187721229079521,
      -0.036072484440183,
      1.6493904329888804
    ]
  },
  {
    "label_id": "KE-n4BCpMYY4onuCOe_Cxg",
    "size": [
      2.008046796959732,
      4.605128188340819,
      1.6100000000000065
    ],
    "obj_class": "vehicle",
    "point_num_in_lidar": 216,
    "speed": 12.24128821028214,
    "if_vehicle": true,
    "motion_state": true,
    "pose": [
      [
        -0.07088539534957324,
        -0.9974788842915134,
        -0.0033370823621992497,
        -7.122818867074784
      ],
      [
        0.9968306200182677,
        -0.0707174212579287,
        -0.03643845941617871,
        140.55399591966489
      ],
      [
        0.036110603984571485,
        -0.005909460481808311,
        0.9993303270474099,
        5.516276843481592
      ],
      [
        0.0,
        0.0,
        0.0,
        1.0
      ]
    ],
    "location": [
      -7.122818867074784,
      140.55399591966489,
      5.516276843481592
    ],
    "rotation": [
      -0.005913351613148011,
      -0.03611845648501202,
      1.6417875986221553
    ]
  },
  {
    "label_id": "KoD-0zzFO4ORjOc7e1LAow",
    "size": [
      1.9757325372907604,
      4.444109568142756,
      1.604410126608073
    ],
    "obj_class": "vehicle",
    "point_num_in_lidar": 221,
    "speed": 7.652779469160725e-13,
    "if_vehicle": true,
    "motion_state": false,
    "pose": [
      [
        0.02206112902896143,
        0.9997510542466437,
        -0.0033370823621992497,
        -21.900970272013183
      ],
      [
        -0.9990953566430288,
        0.021925031578418304,
        -0.03643845941617871,
        145.83658557876515
      ],
      [
        -0.0363562225802772,
        0.004137937047605514,
        0.9993303270474099,
        5.636007705464479
      ],
      [
        0.0,
        0.0,
        0.0,
        1.0
      ]
    ],
    "location": [
      -21.900970272013183,
      145.83658557876515,
      5.636007705464479
    ],
    "rotation": [
      0.0041406863045010955,
      0.036364236471712476,
      -1.5487188099247156
    ]
  },
  {
    "label_id": "Ku08VWueZyDrZkpLScobNA",
    "size": [
      2.0279326382193554,
      4.84085327934026,
      1.5091613349015347
    ],
    "obj_class": "vehicle",
    "point_num_in_lidar": 323,
    "speed": 7.652779469160725e-13,
    "if_vehicle": true,
    "motion_state": false,
    "pose": [
      [
        -0.02718837252961614,
        0.9996247577368714,
        -0.0033370823621992497,
        -22.27188214357102
      ],
      [
        -0.9989631545905989,
        -0.027292021650562666,
        -0.03643845941617871,
        134.1830662671964
      ],
      [
        -0.03651586189028132,
        0.002342919914658844,
        0.9993303270474099,
        5.123530554130646
      ],
      [
        0.0,
        0.0,
        0.0,
        1.0
      ]
    ],
    "location": [
      -22.27188214357102,
      134.1830662671964,
      5.123530554130646
    ],
    "rotation": [
      0.002344485660583869,
      0.036523981854905095,
      -1.5980062015425542
    ]
  },
  {
    "label_id": "PwSln7eGbG3sMRlmoH0BGA",
    "size": [
      2.1919982243346023,
      4.4540193287417065,
      1.6849073137573924
    ],
    "obj_class": "vehicle",
    "point_num_in_lidar": 62,
    "speed": 4.965230769806294,
    "if_vehicle": true,
    "motion_state": true,
    "pose": [
      [
        0.01253527709997096,
        0.9999158618150503,
        -0.0033370823621992497,
        -11.976264406329392
      ],
      [
        -0.9992588973395946,
        0.01240543280313938,
        -0.03643845941617871,
        143.72388388891522
      ],
      [
        -0.036393995599338265,
        0.0037913754274604776,
        0.9993303270474099,
        5.733130365870885
      ],
      [
        0.0,
        0.0,
        0.0,
        1.0
      ]
    ],
    "location": [
      -11.976264406329392,
      143.72388388891522,
      5.733130365870885
    ],
    "rotation": [
      0.003793897907665377,
      0.036402034505259855,
      -1.558252410846904
    ]
  },
  {
    "label_id": "QYgsRjnB64J-YUDjGxdaTw",
    "size": [
      2.167819150464323,
      4.8187010117030935,
      1.718724106700975
    ],
    "obj_class": "vehicle",
    "point_num_in_lidar": 63,
    "speed": 4.834786812164414,
    "if_vehicle": true,
    "motion_state": true,
    "pose": [
      [
        0.03781847362190366,
        0.9992790535852422,
        -0.0033370823621992497,
        -15.654164933122956
      ],
      [
        -0.9986255829000451,
        0.037672056659024955,
        -0.03643845941617871,
        148.89488697579873
      ],
      [
        -0.036286474483678714,
        0.004710542735390246,
        0.9993303270474099,
        5.77725578965854
      ],
      [
        0.0,
        0.0,
        0.0,
        1.0
      ]
    ],
    "location": [
      -15.654164933122956,
      148.89488697579873,
      5.77725578965854
    ],
    "rotation": [
      0.004713664461663246,
      0.03629444232227669,
      -1.5329438920538772
    ]
  },
  {
    "label_id": "UkZBONhvzwNJc_orIetLMg",
    "size": [
      1.9916560977084643,
      4.13957519203521,
      1.46741008217613
    ],
    "obj_class": "vehicle",
    "point_num_in_lidar": 20,
    "speed": 8.226119770261286,
    "if_vehicle": true,
    "motion_state": true,
    "pose": [
      [
        -0.04806800831978352,
        -0.9988384906767845,
        -0.0033370823621992497,
        -2.790247678378364
      ],
      [
        0.998186556459958,
        -0.0479148951578366,
        -0.03643845941617871,
        176.5900684627686
      ],
      [
        0.03623623985432537,
        -0.005082554922123904,
        0.9993303270474099,
        6.645136604921873
      ],
      [
        0.0,
        0.0,
        0.0,
        1.0
      ]
    ],
    "location": [
      -2.790247678378364,
      176.5900684627686,
      6.645136604921873
    ],
    "rotation": [
      -0.005085917000379327,
      -0.03624417463390681,
      1.6189144907495239
    ]
  },
  {
    "label_id": "VhCiQswTWqH5HBVl-Mq49A",
    "size": [
      1.8499381482382657,
      4.79973726511791,
      1.611069259308671
    ],
    "obj_class": "vehicle",
    "point_num_in_lidar": 54,
    "speed": 8.987733679556354e-13,
    "if_vehicle": true,
    "motion_state": false,
    "pose": [
      [
        -0.06238063563719097,
        0.9980468526972107,
        -0.0033370823621992497,
        -22.684862982725463
      ],
      [
        -0.9973820093096994,
        -0.06246091722607107,
        -0.03643845941617871,
        121.55656499544966
      ],
      [
        -0.03657572696265412,
        0.0010552916516210315,
        0.9993303270474099,
        4.7009366653763465
      ],
      [
        0.0,
        0.0,
        0.0,
        1.0
      ]
    ],
    "location": [
      -22.684862982725463,
      121.55656499544966,
      4.7009366653763465
    ],
    "rotation": [
      0.0010559984329461178,
      0.03658388694512544,
      -1.633259340230437
    ]
  },
  {
    "label_id": "Vzi6-XPjp6pHMp1VV05YdA",
    "size": [
      1.8689552424149587,
      4.340259604639598,
      1.5372199910297724
    ],
    "obj_class": "vehicle",
    "point_num_in_lidar": 1897,
    "speed": 6.938857082571902,
    "if_vehicle": true,
    "motion_state": true,
    "pose": [
      [
        -0.030663204693040194,
        0.9995242026880893,
        -0.0033370823621992497,
        -11.970213474599404
      ],
      [
        -0.9988622432239236,
        -0.0307645532560893,
        -0.03643845941617871,
        116.24101270060237
      ],
      [
        -0.03652378594319016,
        0.0022159656343520065,
        0.9993303270474099,
        4.585102797286105
      ],
      [
        0.0,
        0.0,
        0.0,
        1.0
      ]
    ],
    "location": [
      -11.970213474599404,
      116.24101270060237,
      4.585102797286105
    ],
    "rotation": [
      0.0022174469665879873,
      0.036531911197250355,
      -1.6014848208904628
    ]
  },
  {
    "label_id": "WhPgWq3c5JWYJlXPM99MEg",
    "size": [
      1.7706251348587934,
      3.2738170599658973,
      1.354965001718206
    ],
    "obj_class": "vehicle",
    "point_num_in_lidar": 78,
    "speed": 9.292089648228968,
    "if_vehicle": true,
    "motion_state": true,
    "pose": [
      [
        -0.06708671042862743,
        -0.9977415683257732,
        -0.0033370823621992497,
        -0.5951844354049172
      ],
      [
        0.9970926691453231,
        -0.0669212059965361,
        -0.03643845941617871,
        148.0136535278325
      ],
      [
        0.03613284406908504,
        -0.0057719167350015034,
        0.9993303270474099,
        5.601059376169481
      ],
      [
        0.0,
        0.0,
        0.0,
        1.0
      ]
    ],
    "location": [
      -0.5951844354049172,
      148.0136535278325,
      5.601059376169481
    ],
    "rotation": [
      -0.005775720396903872,
      -0.03614071109293699,
      1.6379773970427558
    ]
  },
  {
    "label_id": "ZOfQ22J7gJFgUY_ZP2qzDg",
    "size": [
      1.9223080275533717,
      4.183597472936482,
      1.750000000000007
    ],
    "obj_class": "vehicle",
    "point_num_in_lidar": 25,
    "speed": 10.711709768619672,
    "if_vehicle": true,
    "motion_state": true,
    "pose": [
      [
        -0.05738992463047359,
        -0.9983462627927329,
        -0.0033370823621992497,
        -5.356862906562128
      ],
      [
        0.9976957862700183,
        -0.05723073242957193,
        -0.03643845941617871,
        169.71322502640032
      ],
      [
        0.03618721611230022,
        -0.005420593450747258,
        0.9993303270474099,
        6.7073967140404775
      ],
      [
        0.0,
        0.0,
        0.0,
        1.0
      ]
    ],
    "location": [
      -5.356862906562128,
      169.71322502640032,
      6.7073967140404775
    ],
    "rotation": [
      -0.0054241727114643125,
      -0.036195118718078595,
      1.6282554770384021
    ]
  },
  {
    "label_id": "bFrA1Ozisvy9ERMCyRJyAw",
    "size": [
      1.781521570303611,
      4.362143754030355,
      1.8477154114121177
    ],
    "obj_class": "vehicle",
    "point_num_in_lidar": 43,
    "speed": 10.859102243214808,
    "if_vehicle": true,
    "motion_state": true,
    "pose": [
      [
        -0.05333221013812903,
        -0.9985712489567734,
        -0.0033370823621992497,
        -9.442608228460813
      ],
      [
        0.9979201308547022,
        -0.053175662763235994,
        -0.03643845941617871,
        184.00452416222652
      ],
      [
        0.03620894636296883,
        -0.005273485242252123,
        0.9993303270474099,
        7.2785110301869125
      ],
      [
        0.0,
        0.0,
        0.0,
        1.0
      ]
    ],
    "location": [
      -9.442608228460813,
      184.00452416222652,
      7.2785110301869125
    ],
    "rotation": [
      -0.005276970137116248,
      -0.03621686321933911,
      1.6241888976312837
    ]
  },
  {
    "label_id": "ltAHe0JkO7bzlQ283Swx5Q",
    "size": [
      0.48146155858684647,
      0.08047740343216264,
      0.49111111111112393
    ],
    "obj_class": "sign",
    "point_num_in_lidar": 24,
    "speed": 0.005180950140373207,
    "if_vehicle": false,
    "motion_state": false,
    "pose": [
      [
        -0.7843673701520258,
        0.6202875885604214,
        -0.0033370823621992497,
        4.371778497861669
      ],
      [
        -0.6197837231111768,
        -0.783926256252349,
        -0.03643845941617871,
        145.3102838687446
      ],
      [
        -0.025218350605122883,
        -0.026512869253886927,
        0.9993303270474099,
        7.338906322872774
      ],
      [
        0.0,
        0.0,
        0.0,
        1.0
      ]
    ],
    "location": [
      4.371778497861669,
      145.3102838687446,
      7.338906322872774
    ],
    "rotation": [
      -0.0265244139834259,
      0.025221024369311187,
      -2.472874296763893
    ]
  },
  {
    "label_id": "nsfV68k9seq3oQV1r-NSBQ",
    "size": [
      2.0352056025265957,
      4.492268532478676,
      1.9018504961628153
    ],
    "obj_class": "vehicle",
    "point_num_in_lidar": 1916,
    "speed": 6.925936431466548,
    "if_vehicle": true,
    "motion_state": true,
    "pose": [
      [
        -0.0468533288051601,
        0.9988962055494972,
        -0.0033370823621992497,
        -15.806204845559478
      ],
      [
        -0.9982326909382787,
        -0.04694393909226916,
        -0.03643845941617871,
        114.9510794648213
      ],
      [
        -0.03655489463804723,
        0.0016239215861211203,
        0.9993303270474099,
        4.686442388859618
      ],
      [
        0.0,
        0.0,
        0.0,
        1.0
      ]
    ],
    "location": [
      -15.806204845559478,
      114.9510794648213,
      4.686442388859618
    ],
    "rotation": [
      0.0016250083808772176,
      0.03656304067989976,
      -1.6176981849005563
    ]
  },
  {
    "label_id": "rpFkQ_tvJyERzL61bjFlgA",
    "size": [
      1.9223080275517148,
      4.183597472936482,
      1.6891106017123363
    ],
    "obj_class": "vehicle",
    "point_num_in_lidar": 49,
    "speed": 8.97713850942802,
    "if_vehicle": true,
    "motion_state": true,
    "pose": [
      [
        -0.060049564128856876,
        -0.9981898184860644,
        -0.0033370823621992497,
        -1.6449421313009225
      ],
      [
        0.9975397683996539,
        -0.05988863946142443,
        -0.03643845941617871,
        165.4812693305339
      ],
      [
        0.036172645868104425,
        -0.005516985972187381,
        0.9993303270474099,
        6.3026819511233185
      ],
      [
        0.0,
        0.0,
        0.0,
        1.0
      ]
    ],
    "location": [
      -1.6449421313009225,
      165.4812693305339,
      6.3026819511233185
    ],
    "rotation": [
      -0.005520626938963588,
      -0.03618053892837736,
      1.6309214348719692
    ]
  },
  {
    "label_id": "sLF6BsIx3tf2XhCZ2Wm3IQ",
    "size": [
      1.8372127284928086,
      4.24136517322065,
      1.7044101266080744
    ],
    "obj_class": "vehicle",
    "point_num_in_lidar": 26,
    "speed": 2.8421709430404007e-13,
    "if_vehicle": true,
    "motion_state": false,
    "pose": [
      [
        -0.015844811567632882,
        0.9998688943194973,
        -0.0033370823621992497,
        -21.84449271965059
      ],
      [
        -0.9992085097697797,
        -0.01595596061137489,
        -0.03643845941617871,
        140.46333173947642
      ],
      [
        -0.036486928481888656,
        0.0027570805708479387,
        0.9993303270474099,
        5.533633337922446
      ],
      [
        0.0,
        0.0,
        0.0,
        1.0
      ]
    ],
    "location": [
      -21.84449271965059,
      140.46333173947642,
      5.533633337922446
    ],
    "rotation": [
      0.0027589211504101267,
      0.036495029152489346,
      -1.5866523603678366
    ]
  },
  {
    "label_id": "tx89Tt1O-W7mlYAdXilqQA",
    "size": [
      2.334886671747471,
      5.014700311560876,
      1.9413585058952592
    ],
    "obj_class": "vehicle",
    "point_num_in_lidar": 98,
    "speed": 1.1457157353758233e-12,
    "if_vehicle": true,
    "motion_state": false,
    "pose": [
      [
        0.007718694590781061,
        0.9999646421924738,
        -0.0033370823621992497,
        -21.711484383265088
      ],
      [
        -0.9993070598989873,
        0.007592016294599075,
        -0.03643845941617871,
        152.0704969862527
      ],
      [
        -0.03641183584847389,
        0.003616027303602153,
        0.9993303270474099,
        6.030148547702829
      ],
      [
        0.0,
        0.0,
        0.0,
        1.0
      ]
    ],
    "location": [
      -21.711484383265088,
      152.0704969862527,
      6.030148547702829
    ],
    "rotation": [
      0.003618434689798457,
      0.03641988658685881,
      -1.5630724335046473
    ]
  },
  {
    "label_id": "ufgLBZkfDdpDtfCZ1TBc3A",
    "size": [
      2.1946002744017554,
      4.961569255371153,
      1.9429296663571307
    ],
    "obj_class": "vehicle",
    "point_num_in_lidar": 489,
    "speed": 5.171971567561585,
    "if_vehicle": true,
    "motion_state": true,
    "pose": [
      [
        -0.042639162346581626,
        0.9990849642125987,
        -0.0033370823621992497,
        -19.093811087851464
      ],
      [
        -0.998421837735974,
        -0.04273257080139095,
        -0.03643845941617871,
        118.50413415693401
      ],
      [
        -0.0365477190300879,
        0.0017781105180375097,
        0.9993303270474099,
        4.801318784387419
      ],
      [
        0.0,
        0.0,
        0.0,
        1.0
      ]
    ],
    "location": [
      -19.093811087851464,
      118.50413415693401,
      4.801318784387419
    ],
    "rotation": [
      0.0017793001908039693,
      0.03655586027383312,
      -1.6134769519410013
    ]
  }
]