[
  {
    "label_id": "2v7kl2rxNcVM8hq8m9DrqQ",
    "size": [
      0.7015727228143775,
      0.9108334270475305,
      1.5400000000000063
    ],
    "obj_class": "pedestrian",
    "point_num_in_lidar": 273,
    "speed": 1.3544998514157438,
    "if_vehicle": false,
    "motion_state": true,
    "pose": [
      [
        -0.8429683123026197,
        0.5376876459459383,
        0.01721684787608094,
        15.313192799063472
      ],
      [
        -0.5379631787613772,
        -0.8425241377459273,
        -0.027362302761942712,
        16.212869029306603
      ],
      [
        -0.0002067622482311299,
        -0.03232758439161573,
        0.9994773056637033,
        1.3109679179917464
      ],
      [
        0.0,
        0.0,
        0.0,
        1.0
      ]
    ],
    "location": [
      15.313192799063472,
      16.212869029306603,
      1.3109679179917464
    ],
    "rotation": [
      -0.032333218512081374,
      0.00020676224970433255,
      -2.5735736475129003
    ]
  },
  {
    "label_id": "3xp7fav1XDT13tIERFz4Yw",
    "size": [
      1.7950243845330316,
      3.727424411905237,
      1.6243614469938237
    ],
    "obj_class": "vehicle",
    "point_num_in_lidar": 124,
    "speed": 14.485137836828558,
    "if_vehicle": true,
    "motion_state": true,
    "pose": [
      [
        -0.04662539463409723,
        -0.9987640625915745,
        0.01721684787608094,
        1.7394378271510504
      ],
      [
        0.9985160293666159,
        -0.047085491241901874,
        -0.027362302761942712,
        55.56260594567539
      ],
      [
        0.02813914840826093,
        0.01591552041506017,
        0.9994773056637033,
        2.539523954366288
      ],
      [
        0.0,
        0.0,
        0.0,
        1.0
      ]
    ],
    "location": [
      1.7394378271510504,
      55.56260594567539,
      2.539523954366288
    ],
    "rotation": [
      0.015922497992743683,
      -0.028142863216419674,
      1.6174571216998763
    ]
  },
  {
    "label_id": "7eRY9H_Cp8hWMRSnKolmdw",
    "size": [
      2.0518861618349016,
      4.715448113560958,
      1.8819349611429175
    ],
    "obj_class": "vehicle",
    "point_num_in_lidar": 30,
    "speed": 2.8421709430404007e-13,
    "if_vehicle": true,
    "motion_state": false,
    "pose": [
      [
        -0.040617615976197764,
        0.9990264207825647,
        0.01721684787608094,
        -24.524754528678386
      ],
      [
        -0.9988194398984361,
        -0.04013764901608275,
        -0.027362302761942712,
        77.82549308767193
      ],
      [
        -0.026644619595419087,
        -0.018307913858212788,
        0.9994773056637033,
        3.221877124821603
      ],
      [
        0.0,
        0.0,
        0.0,
        1.0
      ]
    ],
    "location": [
      -24.524754528678386,
      77.82549308767193,
      3.221877124821603
    ],
    "rotation": [
      -0.018315440026688043,
      0.026647773264376746,
      -1.611439557047378
    ]
  },
  {
    "label_id": "9IJK3Kq48C7X4zJAJE1TEw",
    "size": [
      1.2526808057745074,
      0.07205196289776222,
      0.5
    ],
    "obj_class": "sign",
    "point_num_in_lidar": 130,
    "speed": 0.03960131743792699,
    "if_vehicle": false,
    "motion_state": false,
    "pose": [
      [
        0.9993345082386386,
        0.032157748563139354,
        0.01721684787608094,
        -9.276512677394749
      ],
      [
        -0.031679551242004826,
        0.999123471058842,
        -0.027362302761942712,
        15.869997986617818
      ],
      [
        -0.01808166686296909,
        0.026798671360366656,
        0.9994773056637033,
        1.8987396971924895
      ],
      [
        0.0,
        0.0,
        0.0,
        1.0
      ]
    ],
    "location": [
      -9.276512677394749,
      15.869997986617818,
      1.8987396971924895
    ],
    "rotation": [
      0.02680626357638526,
      0.01808265229810698,
      -0.0316900351715293
    ]
  },
  {
    "label_id": "CynpKhpJ_9Jr-tliCpnvFQ",
    "size": [
      2.2784597204488715,
      4.538131144076009,
      1.5
    ],
    "obj_class": "vehicle",
    "point_num_in_lidar": 178,
    "speed": 1.7053025658242404e-12,
    "if_vehicle": true,
    "motion_state": false,
    "pose": [
      [
        -0.014492349334884832,
        0.9997467439106603,
        0.01721684787608094,
        -27.840515970435263
      ],
      [
        -0.9995272889183159,
        -0.014017956169322934,
        -0.027362302761942712,
        2.9738937683705444
      ],
      [
        -0.02711402807324909,
        -0.017605253331531207,
        0.9994773056637033,
        0.623682873170111
      ],
      [
        0.0,
        0.0,
        0.0,
        1.0
      ]
    ],
    "location": [
      -27.840515970435263,
      2.9738937683705444,
      0.623682873170111
    ],
    "rotation": [
      -0.017612638907661786,
      0.027117351411827993,
      -1.5852945141511527
    ]
  },
  {
    "label_id": "E3zkWM8dSkQexh837Y6aQA",
    "size": [
      2.103949737006647,
      4.837854585813398,
      1.644604311013822
    ],
    "obj_class": "vehicle",
    "point_num_in_lidar": 21,
    "speed": 8.987733679556354e-13,
    "if_vehicle": true,
    "motion_state": false,
    "pose": [
      [
        0.006864235425992189,
        0.9998282164558212,
        0.01721684787608094,
        -26.182964576787526
      ],
      [
        -0.9995986791105773,
        0.007333833100959961,
        -0.027362302761942712,
        39.078386362649326
      ],
      [
        -0.027483867857445166,
        -0.017022117107423008,
        0.9994773056637033,
        1.7307978514497009
      ],
      [
        0.0,
        0.0,
        0.0,
        1.0
      ]
    ],
    "location": [
      -26.182964576787526,
      39.078386362649326,
      1.7307978514497009
    ],
    "rotation": [
      -0.017029372763612282,
      0.027487329083535843,
      -1.5639294434377586
    ]
  },
  {
    "label_id": "Hy-G9uME6Y3bqIq_4y3SdQ",
    "size": [
      0.37839213601427185,
      0.060384595174227174,
      0.5010192171370278
    ],
    "obj_class": "sign",
    "point_num_in_lidar": 47,
    "speed": 0.009405677597705936,
    "if_vehicle": false,
    "motion_state": false,
    "pose": [
      [
        -0.06801369243865267,
        0.9975358228104253,
        0.01721684787608094,
        17.679322276348103
      ],
      [
        -0.9973420892263539,
        -0.06752822702526096,
        -0.027362302761942712,
        25.08024103779644
      ],
      [
        -0.02613225398758712,
        -0.019032098275086947,
        0.9994773056637033,
        2.658329202941424
      ],
      [
        0.0,
        0.0,
        0.0,
        1.0
      ]
    ],
    "location": [
      17.679322276348103,
      25.08024103779644,
      2.658329202941424
    ],
    "rotation": [
      -0.01903975040059585,
      0.026135229164908805,
      -1.6388858546291
    ]
  },
  {
    "label_id": "Irrp7c9HrOs1nyK9NCdnZg",
    "size": [
      2.0041518735680794,
      4.917299256640257,
      2.0500000000000007
    ],
    "obj_class": "vehicle",
    "point_num_in_lidar": 1460,
    "speed": 14.160958667540564,
    "if_vehicle": true,
    "motion_state": true,
    "pose": [
      [
        0.005511253019952557,
        -0.999836589768229,
        0.01721684787608094,
        -0.5719812627457941
      ],
      [
        0.999612882257477,
        0.005038850311630645,
        -0.027362302761942712,
        27.871485855484934
      ],
      [
        0.027271078362420906,
        0.017360983502527405,
        0.9994773056637033,
        1.829387428659011
      ],
      [
        0.0,
        0.0,
        0.0,
        1.0
      ]
    ],
    "location": [
      -0.5719812627457941,
      27.871485855484934,
      1.829387428659011
    ],
    "rotation": [
      0.017368316092347555,
      -0.027274459797619048,
      1.5652829953081477
    ]
  },
  {
    "label_id": "KE-n4BCpMYY4onuCOe_Cxg",
    "size": [
      2.0080467969613482,
      4.605128188340819,
      1.6100000000000065
    ],
    "obj_class": "vehicle",
    "point_num_in_lidar": 300,
    "speed": 14.794329724738134,
    "if_vehicle": true,
    "motion_state": true,
    "pose": [
      [
        -0.029029454836549864,
        -0.999430273156214,
        0.01721684787608094,
        -0.953115557316778
      ],
      [
        0.9991903809150543,
        -0.029493848077056305,
        -0.027362302761942712,
        41.045894828188466
      ],
      [
        0.027854504819174356,
        0.01640859605520604,
        0.9994773056637033,
        2.053253196478245
      ],
      [
        0.0,
        0.0,
        0.0,
        1.0
      ]
    ],
    "location": [
      -0.953115557316778,
      41.045894828188466,
      2.053253196478245
    ],
    "rotation": [
      0.01641570251973751,
      -0.027858108005750032,
      1.5998411333116898
    ]
  },
  {
    "label_id": "MC21QQmx9zjBUMYEYDJ_MQ",
    "size": [
      2.2364731929531887,
      5.064135743297141,
      1.9708326769564621
    ],
    "obj_class": "vehicle",
    "point_num_in_lidar": 22,
    "speed": 6.886802506939889,
    "if_vehicle": true,
    "motion_state": true,
    "pose": [
      [
        -0.03799397537822578,
        0.9991296402290197,
        0.01721684787608094,
        -14.233347919680455
      ],
      [
        -0.9989213996378801,
        -0.03751455361672709,
        -0.027362302761942712,
        70.90942963564885
      ],
      [
        -0.026692605351619065,
        -0.018237880435156048,
        0.9994773056637033,
        3.2132082747124784
      ],
      [
        0.0,
        0.0,
        0.0,
        1.0
      ]
    ],
    "location": [
      -14.233347919680455,
      70.90942963564885,
      3.2132082747124784
    ],
    "rotation": [
      -0.018245393391397167,
      0.02669577609378111,
      -1.6088130013884012
    ]
  },
  {
    "label_id": "NUde-sGysbBTLnbvmbwNVA",
    "size": [
      2.029422956120399,
      4.506119344955,
      1.600000000000005
    ],
    "obj_class": "vehicle",
    "point_num_in_lidar": 531,
    "speed": 8.76857638035303,
    "if_vehicle": true,
    "motion_state": true,
    "pose": [
      [
        -0.06372040252703766,
        0.9978192674282272,
        0.01721684787608094,
        -23.774685738938388
      ],
      [
        -0.997623446552031,
        -0.0632357752954024,
        -0.027362302761942712,
        10.542057978587764
      ],
      [
        -0.026213912173484052,
        -0.01891946806295555,
        0.9994773056637033,
        0.986904367525959
      ],
      [
        0.0,
        0.0,
        0.0,
        1.0
      ]
    ],
    "location": [
      -23.774685738938388,
      10.542057978587764,
      0.986904367525959
    ],
    "rotation": [
      -0.018927101891572855,
      0.026216915334371385,
      -1.634581878108116
    ]
  },
  {
    "label_id": "P8RZnw2y2LdjAlYaVdCWug",
    "size": [
      2.1725022787577704,
      4.389178354671179,
      1.7000000000000028
    ],
    "obj_class": "vehicle",
    "point_num_in_lidar": 2812,
    "speed": 0.008792930274249915,
    "if_vehicle": true,
    "motion_state": false,
    "pose": [
      [
        -0.9984329905130367,
        0.05324606656276176,
        0.01721684787608094,
        12.820625615237077
      ],
      [
        -0.053704508625384346,
        -0.9981819123490816,
        -0.027362302761942712,
        19.31439270849296
      ],
      [
        0.015728611143396857,
        -0.028244048129192505,
        0.9994773056637033,
        1.4504739310872026
      ],
      [
        0.0,
        0.0,
        0.0,
        1.0
      ]
    ],
    "location": [
      12.820625615237077,
      19.31439270849296,
      1.4504739310872026
    ],
    "rotation": [
      -0.02825130032709432,
      -0.015729259730380418,
      -3.0878556420803642
    ]
  },
  {
    "label_id": "SU8Sxb1EooY9gTTC7120oA",
    "size": [
      2.1028812799100747,
      5.065435957019948,
      1.5401825314904904
    ],
    "obj_class": "vehicle",
    "point_num_in_lidar": 103,
    "speed": 0.002100599121960193,
    "if_vehicle": true,
    "motion_state": false,
    "pose": [
      [
        -0.05612876227047697,
        0.9982750834290095,
        0.01721684787608094,
        -27.539346990123704
      ],
      [
        -0.998075581956702,
        -0.055645638547457896,
        -0.027362302761942712,
        9.39142749948769
      ],
      [
        -0.026357062578649212,
        -0.01871952765027739,
        0.9994773056637033,
        0.8581694492917968
      ],
      [
        0.0,
        0.0,
        0.0,
        1.0
      ]
    ],
    "location": [
      -27.539346990123704,
      9.39142749948769,
      0.8581694492917968
    ],
    "rotation": [
      -0.018727127816801338,
      0.026360115218529354,
      -1.6269741397752557
    ]
  },
  {
    "label_id": "VMicCPxMAMBakoaRu8Q30Q",
    "size": [
      2.0956526812786764,
      4.578825266355873,
      1.6702277585449394
    ],
    "obj_class": "vehicle",
    "point_num_in_lidar": 448,
    "speed": 0.02308203830832129,
    "if_vehicle": true,
    "motion_state": false,
    "pose": [
      [
        -0.047903671415607765,
        0.9987035688401825,
        0.01721684787608094,
        -27.400552019919814
      ],
      [
        -0.9985000944554383,
        -0.04742220745646889,
        -0.027362302761942712,
        14.292223577016557
      ],
      [
        -0.026510368488311793,
        -0.018501778991174216,
        0.9994773056637033,
        1.0984459546280263
      ],
      [
        0.0,
        0.0,
        0.0,
        1.0
      ]
    ],
    "location": [
      -27.400552019919814,
      14.292223577016557,
      1.0984459546280263
    ],
    "rotation": [
      -0.01850934079389594,
      0.026513474717014242,
      -1.6187351999917994
    ]
  },
  {
    "label_id": "Wh04EPqM-TOaxhy4VHXE9w",
    "size": [
      2.1030384020815447,
      4.644858193398564,
      1.5
    ],
    "obj_class": "vehicle",
    "point_num_in_lidar": 35,
    "speed": 4.0194366942304643e-13,
    "if_vehicle": true,
    "motion_state": false,
    "pose": [
      [
        -0.022858428043885798,
        0.9995904523436457,
        0.01721684787608094,
        -26.09349254384324
      ],
      [
        -0.9993749750929827,
        -0.02238221493650273,
        -0.027362302761942712,
        44.341646596512874
      ],
      [
        -0.026965745405282588,
        -0.01783154614613695,
        0.9994773056637033,
        1.9300800176595914
      ],
      [
        0.0,
        0.0,
        0.0,
        1.0
      ]
    ],
    "location": [
      -26.09349254384324,
      44.341646596512874,
      1.9300800176595914
    ],
    "rotation": [
      -0.017838978933221002,
      0.026969014505138496,
      -1.5936650634029998
    ]
  },
  {
    "label_id": "WhPgWq3c5JWYJlXPM99MEg",
    "size": [
      1.7706251348592308,
      3.2738170599658973,
      1.354965001718206
    ],
    "obj_class": "vehicle",
    "point_num_in_lidar": 28,
    "speed": 13.290130848909964,
    "if_vehicle": true,
    "motion_state": true,
    "pose": [
      [
        -0.05473819093674209,
        -0.9983522978398881,
        0.01721684787608094,
        3.949798828035455
      ],
      [
        0.998100534802859,
        -0.05519625724458693,
        -0.027362302761942712,
        73.18521632963893
      ],
      [
        0.028267523400885307,
        0.01568638211968369,
        0.9994773056637033,
        3.0360684575834753
      ],
      [
        0.0,
        0.0,
        0.0,
        1.0
      ]
    ],
    "location": [
      3.949798828035455,
      73.18521632963893,
      3.0360684575834753
    ],
    "rotation": [
      0.01569329715090242,
      -0.02827128929615342,
      1.625583805055636
    ]
  },
  {
    "label_id": "YvFhZDTE3KuHZt69-u7dRw",
    "size": [
      2.307474170643181,
      5.163648807703874,
      1.8937874619420043
    ],
    "obj_class": "vehicle",
    "point_num_in_lidar": 118,
    "speed": 7.534394713306254,
    "if_vehicle": true,
    "motion_state": true,
    "pose": [
      [
        -0.044922830213080106,
        0.9988420893589028,
        0.01721684787608094,
        -21.067815944560607
      ],
      [
        -0.9986371789525894,
        -0.04444197566690092,
        -0.027362302761942712,
        61.28146413466675
      ],
      [
        -0.026565468926040215,
        -0.018422576474638998,
        0.9994773056637033,
        2.7519161543926387
      ],
      [
        0.0,
        0.0,
        0.0,
        1.0
      ]
    ],
    "location": [
      -21.067815944560607,
      61.28146413466675,
      2.7519161543926387
    ],
    "rotation": [
      -0.018430123886535893,
      0.02656859456755227,
      -1.615750156236348
    ]
  },
  {
    "label_id": "_gh7Md1A2bBhUnnXitrFhg",
    "size": [
      2.351872815046012,
      4.605348809951782,
      1.880404506760101
    ],
    "obj_class": "vehicle",
    "point_num_in_lidar": 42,
    "speed": 7.778885133520353,
    "if_vehicle": true,
    "motion_state": true,
    "pose": [
      [
        -0.02562496586019581,
        0.9995233570426834,
        0.01721684787608094,
        -14.501992633358896
      ],
      [
        -0.9993091986604185,
        -0.025148158187750888,
        -0.027362302761942712,
        58.91147831946546
      ],
      [
        -0.026916288699153145,
        -0.017906112528635897,
        0.9994773056637033,
        2.7535894789302873
      ],
      [
        0.0,
        0.0,
        0.0,
        1.0
      ]
    ],
    "location": [
      -14.501992633358896,
      58.91147831946546,
      2.7535894789302873
    ],
    "rotation": [
      -0.017913560473062806,
      0.02691953984093403,
      -1.5964333884464
    ]
  },
  {
    "label_id": "eV23MXYHhjaWIFKvb3Gf_Q",
    "size": [
      2.2558059501720154,
      4.874156877137269,
      1.930352215572853
    ],
    "obj_class": "vehicle",
    "point_num_in_lidar": 195,
    "speed": 8.906032128458953,
    "if_vehicle": true,
    "motion_state": true,
    "pose": [
      [
        -0.03268164481872431,
        0.9993175122257962,
        0.01721684787608094,
        -19.912524109052356
      ],
      [
        -0.9991067257697347,
        -0.032203336927154776,
        -0.027362302761942712,
        18.655709487355125
      ],
      [
        -0.026789188371856624,
        -0.01809571356983505,
        0.9994773056637033,
        1.426211194379917
      ],
      [
        0.0,
        0.0,
        0.0,
        1.0
      ]
    ],
    "location": [
      -19.912524109052356,
      18.655709487355125,
      1.426211194379917
    ],
    "rotation": [
      -0.018103199155456964,
      0.026792393664666035,
      -1.603495531988174
    ]
  },
  {
    "label_id": "hkXyTKmj1eyZQHuKe7S-pw",
    "size": [
      1.919911213211802,
      4.810574003597793,
      1.6962342671095918
    ],
    "obj_class": "vehicle",
    "point_num_in_lidar": 566,
    "speed": 11.10374897645389,
    "if_vehicle": true,
    "motion_state": true,
    "pose": [
      [
        -0.03712389618621083,
        0.9991623474096525,
        0.01721684787608094,
        -16.421563093384066
      ],
      [
        -0.9989536894061106,
        -0.036644655947129616,
        -0.027362302761942712,
        19.038770761868363
      ],
      [
        -0.026708477191243245,
        -0.01821462899290485,
        0.9994773056637033,
        1.2721728081511756
      ],
      [
        0.0,
        0.0,
        0.0,
        1.0
      ]
    ],
    "location": [
      -16.421563093384066,
      19.038770761868363,
      1.2721728081511756
    ],
    "rotation": [
      -0.01822213752299136,
      0.026711653594099605,
      -1.6079420127931223
    ]
  },
  {
    "label_id": "jeT9AOAs1MWlqKZdZkEsww",
    "size": [
      1.0665087977282948,
      0.1333632676679024,
      1.1377813311143967
    ],
    "obj_class": "sign",
    "point_num_in_lidar": 137,
    "speed": 0.03200748790862017,
    "if_vehicle": false,
    "motion_state": false,
    "pose": [
      [
        0.023100509601876207,
        0.9995848871433308,
        0.01721684787608094,
        9.100108684163388
      ],
      [
        -0.9993477538170185,
        0.023566317668303558,
        -0.027362302761942712,
        29.808401148740813
      ],
      [
        -0.027756682024572737,
        -0.016573535115089095,
        0.9994773056637033,
        3.5837626976284014
      ],
      [
        0.0,
        0.0,
        0.0,
        1.0
      ]
    ],
    "location": [
      9.100108684163388,
      29.808401148740813,
      3.5837626976284014
    ],
    "rotation": [
      -0.01658068292281911,
      0.027760247373270108,
      -1.5476848559402279
    ]
  },
  {
    "label_id": "oMXGQsKNn3U3XnnHbaD9Tg",
    "size": [
      2.048559259068193,
      4.50370485232675,
      1.5803687947707274
    ],
    "obj_class": "vehicle",
    "point_num_in_lidar": 98,
    "speed": 0.0076711958216049096,
    "if_vehicle": true,
    "motion_state": false,
    "pose": [
      [
        -0.04749470151255868,
        0.9987231015038376,
        0.01721684787608094,
        -27.99231306483307
      ],
      [
        -0.9985194299782169,
        -0.04701332091589112,
        -0.027362302761942712,
        -3.1441929783577507
      ],
      [
        -0.026517942684336177,
        -0.018490921529620744,
        0.9994773056637033,
        0.4803181347589991
      ],
      [
        0.0,
        0.0,
        0.0,
        1.0
      ]
    ],
    "location": [
      -27.99231306483307,
      -3.1441929783577507,
      0.4803181347589991
    ],
    "rotation": [
      -0.018498481373298233,
      0.026521051576774774,
      -1.6183256293226336
    ]
  },
  {
    "label_id": "oj9AHkGu3yr8l-vvDS_4kQ",
    "size": [
      0.8162679413650002,
      0.10918232354307272,
      0.8300000000000054
    ],
    "obj_class": "sign",
    "point_num_in_lidar": 27,
    "speed": 0.03892525081698422,
    "if_vehicle": false,
    "motion_state": false,
    "pose": [
      [
        -0.22707365991194764,
        -0.973725388969295,
        0.01721684787608094,
        -36.09260611490208
      ],
      [
        0.973397989988531,
        -0.22748111454327657,
        -0.027362302761942712,
        23.045402062052744
      ],
      [
        0.03055987664374122,
        0.010545586884742372,
        0.9994773056637033,
        2.8108627547598104
      ],
      [
        0.0,
        0.0,
        0.0,
        1.0
      ]
    ],
    "location": [
      -36.09260611490208,
      23.045402062052744,
      2.8108627547598104
    ],
    "rotation": [
      0.01055071037564348,
      -0.030564635319550403,
      1.7999770727361983
    ]
  },
  {
    "label_id": "vHUGII2tkdJzf6ynEYAT5g",
    "size": [
      0.6363732731586657,
      0.04229254459855247,
      0.48925892798047244
    ],
    "obj_class": "sign",
    "point_num_in_lidar": 44,
    "speed": 0.03891754612988725,
    "if_vehicle": false,
    "motion_state": false,
    "pose": [
      [
        -0.9912909566614694,
        0.13055963920906205,
        0.01721684787608094,
        30.295621721016687
      ],
      [
        -0.13099721643873422,
        -0.9910050623850853,
        -0.027362302761942712,
        21.62967299551019
      ],
      [
        0.013489571026981756,
        -0.029379362428962694,
        0.9994773056637033,
        2.5732108156312137
      ],
      [
        0.0,
        0.0,
        0.0,
        1.0
      ]
    ],
    "location": [
      30.295621721016687,
      21.62967299551019,
      2.5732108156312137
    ],
    "rotation": [
      -0.029386265101684093,
      -0.013489980173379733,
      -3.0102058322107417
    ]
  },
  {
    "label_id": "wvJjNCZxNjmgpMyruR4ATg",
    "size": [
      2.0947354515168946,
      4.9458554096432605,
      2.107276392445769
    ],
    "obj_class": "vehicle",
    "point_num_in_lidar": 35,
    "speed": 9.488266882319135,
    "if_vehicle": true,
    "motion_state": true,
    "pose": [
      [
        -0.04701486371610957,
        0.9987458048667676,
        0.01721684787608094,
        -19.223893246912667
      ],
      [
        -0.9985419020873697,
        -0.04653358102812823,
        -0.027362302761942712,
        40.32267347971356
      ],
      [
        -0.02652682350929408,
        -0.01847817896144242,
        0.9994773056637033,
        2.217411047243239
      ],
      [
        0.0,
        0.0,
        0.0,
        1.0
      ]
    ],
    "location": [
      -19.223893246912667,
      40.32267347971356,
      2.217411047243239
    ],
    "rotation": [
      -0.018485736500374838,
      0.02652993552693116,
      -1.617845096610639
    ]
  },
  {
    "label_id": "y_x957F4Sj2Y7oBdebuGsw",
    "size": [
      0.8311544738359603,
      1.0128335897740701,
      1.6394816058476493
    ],
    "obj_class": "pedestrian",
    "point_num_in_lidar": 389,
    "speed": 1.4872714302196264,
    "if_vehicle": false,
    "motion_state": true,
    "pose": [
      [
        -0.8430610942147465,
        0.5375421579473056,
        0.01721684787608094,
        14.597765157263893
      ],
      [
        -0.5378177674145604,
        -0.842616967216292,
        -0.027362302761942712,
        16.73989704554515
      ],
      [
        -0.00020118313069462907,
        -0.03232761959334857,
        0.9994773056637033,
        1.4530754404034454
      ],
      [
        0.0,
        0.0,
        0.0,
        1.0
      ]
    ],
    "location": [
      14.597765157263893,
      16.73989704554515,
      1.4530754404034454
    ],
    "rotation": [
      -0.032333253695415926,
      0.0002011831320517653,
      -2.5737461379309283
    ]
  },
  {
    "label_id": "zGSL7-WtQCAIg8O9FG7c0g",
    "size": [
      0.6832150109731363,
      0.08029782463586578,
      1.0051654142225743
    ],
    "obj_class": "sign",
    "point_num_in_lidar": 49,
    "speed": 0.050483425631776664,
    "if_vehicle": false,
    "motion_state": false,
    "pose": [
      [
        0.04542108515057905,
        0.9988195558622966,
        0.01721684787608094,
        8.447768695880768
      ],
      [
        -0.9985720775864155,
        0.045881480493913045,
        -0.027362302761942712,
        55.11121823737449
      ],
      [
        -0.02811993756204639,
        -0.015949438069441286,
        0.9994773056637033,
        4.218635166360855
      ],
      [
        0.0,
        0.0,
        0.0,
        1.0
      ]
    ],
    "location": [
      8.447768695880768,
      55.11121823737449,
      4.218635166360855
    ],
    "rotation": [
      -0.015956424763845088,
      0.02812364476519676,
      -1.5253416221206324
    ]
  }
]