[
  {
    "label_id": "2v7kl2rxNcVM8hq8m9DrqQ",
    "size": [
      0.7015727228123729,
      0.9108334270475305,
      1.5400000000000063
    ],
    "obj_class": "pedestrian",
    "point_num_in_lidar": 209,
    "speed": 1.392415530976252,
    "if_vehicle": false,
    "motion_state": true,
    "pose": [
      [
        -0.8423537120118871,
        0.5384912837927112,
        0.021618536931823053,
        15.779217686849734
      ],
      [
        -0.5389250567350119,
        -0.8416819575936417,
        -0.03363429030765746,
        16.5132959201037
      ],
      [
        8.416031786005807e-05,
        -0.03998274053405138,
        0.9992003669817319,
        1.313067204520408
      ],
      [
        0.0,
        0.0,
        0.0,
        1.0
      ]
    ],
    "location": [
      15.779217686849734,
      16.5132959201037,
      1.313067204520408
    ],
    "rotation": [
      -0.03999340121155896,
      -8.416031795940874e-05,
      -2.572432182258435
    ]
  },
  {
    "label_id": "3xp7fav1XDT13tIERFz4Yw",
    "size": [
      1.79502438453128,
      3.727424411905237,
      1.6243614469938237
    ],
    "obj_class": "vehicle",
    "point_num_in_lidar": 94,
    "speed": 14.798856534468467,
    "if_vehicle": true,
    "motion_state": true,
    "pose": [
      [
        -0.04577076583701573,
        -0.9987180161865613,
        0.021618536931823053,
        2.017997113709498
      ],
      [
        0.9983527185195272,
        -0.0464820819259411,
        -0.03363429030765746,
        49.69448664029005
      ],
      [
        0.034596046296690525,
        0.020043457890534345,
        0.9992003669817319,
        2.309522582841744
      ],
      [
        0.0,
        0.0,
        0.0,
        1.0
      ]
    ],
    "location": [
      2.017997113709498,
      49.69448664029005,
      2.309522582841744
    ],
    "rotation": [
      0.020056808240168457,
      -0.03460295127267915,
      1.6166105336571053
    ]
  },
  {
    "label_id": "9IJK3Kq48C7X4zJAJE1TEw",
    "size": [
      1.252680805774508,
      0.07205196289776222,
      0.5
    ],
    "obj_class": "sign",
    "point_num_in_lidar": 114,
    "speed": 0.03581193859787641,
    "if_vehicle": false,
    "motion_state": false,
    "pose": [
      [
        0.9992490654960009,
        0.03215499908717681,
        0.021618536931823053,
        -9.28959767620836
      ],
      [
        -0.031417392031750035,
        0.9989402794929354,
        -0.03363429030765746,
        15.86108153785608
      ],
      [
        -0.022677137899044228,
        0.03292983510860797,
        0.9992003669817319,
        1.9005581333303567
      ],
      [
        0.0,
        0.0,
        0.0,
        1.0
      ]
    ],
    "location": [
      -9.28959767620836,
      15.86108153785608,
      1.9005581333303567
    ],
    "rotation": [
      0.032944264381883824,
      0.02267908197842208,
      -0.03143064811166592
    ]
  },
  {
    "label_id": "BCWK7xbNu1NXnhLVRTU9ig",
    "size": [
      0.8919263245888737,
      0.11206330973182665,
      0.8979125246241182
    ],
    "obj_class": "sign",
    "point_num_in_lidar": 26,
    "speed": 0.05890846155675919,
    "if_vehicle": false,
    "motion_state": false,
    "pose": [
      [
        0.7671240522446839,
        -0.641134406601785,
        0.021618536931823053,
        -36.00646042308017
      ],
      [
        0.6414793312943624,
        0.7664026370241938,
        -0.03363429030765746,
        22.98712917017292
      ],
      [
        0.004995597044718024,
        0.03966951768977261,
        0.9992003669817319,
        1.9248235139901269
      ],
      [
        0.0,
        0.0,
        0.0,
        1.0
      ]
    ],
    "location": [
      -36.00646042308017,
      22.98712917017292,
      1.9248235139901269
    ],
    "rotation": [
      0.03968042491904972,
      -0.004995617823296215,
      0.6964355200576605
    ]
  },
  {
    "label_id": "BhZkAKeoHSnnmYxsQdPvGg",
    "size": [
      0.9971823814202055,
      0.1276709161520867,
      1.0276435530595265
    ],
    "obj_class": "sign",
    "point_num_in_lidar": 28,
    "speed": 0.014294494162348566,
    "if_vehicle": false,
    "motion_state": false,
    "pose": [
      [
        -0.23126762638316134,
        -0.9726499492870114,
        0.021618536931823053,
        -32.652041631978136
      ],
      [
        0.9721583750422566,
        -0.23189831467843744,
        -0.03363429030765746,
        18.63975606013446
      ],
      [
        0.03772769304235097,
        0.013238119249898,
        0.9992003669817319,
        2.7462402397466406
      ],
      [
        0.0,
        0.0,
        0.0,
        1.0
      ]
    ],
    "location": [
      -32.652041631978136,
      18.63975606013446,
      2.7462402397466406
    ],
    "rotation": [
      0.013247938265000378,
      -0.03773664891317138,
      1.8043461187295287
    ]
  },
  {
    "label_id": "Hy-G9uME6Y3bqIq_4y3SdQ",
    "size": [
      0.3783921360142735,
      0.060384595174227174,
      0.5010192171370278
    ],
    "obj_class": "sign",
    "point_num_in_lidar": 39,
    "speed": 0.016337765471143215,
    "if_vehicle": false,
    "motion_state": false,
    "pose": [
      [
        -0.06800787729230368,
        0.9974505338547484,
        0.021618536931823053,
        17.677575004659047
      ],
      [
        -0.9971684274156516,
        -0.06725966013069566,
        -0.03363429030765746,
        25.091572366793116
      ],
      [
        -0.0320944853766412,
        -0.023844719163390066,
        0.9992003669817319,
        2.6361045099041007
      ],
      [
        0.0,
        0.0,
        0.0,
        1.0
      ]
    ],
    "location": [
      17.677575004659047,
      25.091572366793116,
      2.6361045099041007
    ],
    "rotation": [
      -0.02385927300019408,
      0.032099997784990356,
      -1.6388918714732421
    ]
  },
  {
    "label_id": "Irrp7c9HrOs1nyK9NCdnZg",
    "size": [
      2.0041518735703336,
      4.917299256640257,
      2.0500000000000007
    ],
    "obj_class": "vehicle",
    "point_num_in_lidar": 1223,
    "speed": 14.136444952032205,
    "if_vehicle": true,
    "motion_state": true,
    "pose": [
      [
        0.01823149619481044,
        -0.9996000457220008,
        0.021618536931823053,
        -0.5164292495346672
      ],
      [
        0.9992810141945494,
        0.01749826236553314,
        -0.03363429030765746,
        22.215865753345497
      ],
      [
        0.033242551298169436,
        0.02221619694639367,
        0.9992003669817319,
        1.668021828819505
      ],
      [
        0.0,
        0.0,
        0.0,
        1.0
      ]
    ],
    "location": [
      -0.5164292495346672,
      22.215865753345497,
      1.668021828819505
    ],
    "rotation": [
      0.0222303132676803,
      -0.03324867688706676,
      1.5525537369143259
    ]
  },
  {
    "label_id": "KE-n4BCpMYY4onuCOe_Cxg",
    "size": [
      2.008046796961216,
      4.605128188340819,
      1.6100000000000065
    ],
    "obj_class": "vehicle",
    "point_num_in_lidar": 260,
    "speed": 14.762190271363535,
    "if_vehicle": true,
    "motion_state": true,
    "pose": [
      [
        -0.019776505051903898,
        -0.9995706721932469,
        0.021618536931823053,
        -0.813271737039031
      ],
      [
        0.9992240009725817,
        -0.020497082617934835,
        -0.03363429030765746,
        35.14005871078007
      ],
      [
        0.03406296710913843,
        0.02093659225600316,
        0.9992003669817319,
        1.8660659875785441
      ],
      [
        0.0,
        0.0,
        0.0,
        1.0
      ]
    ],
    "location": [
      -0.813271737039031,
      35.14005871078007,
      1.8660659875785441
    ],
    "rotation": [
      0.02095028158003009,
      -0.034069557679943935,
      1.5905856066453716
    ]
  },
  {
    "label_id": "NUde-sGysbBTLnbvmbwNVA",
    "size": [
      2.0294229561194457,
      4.506119344955,
      1.600000000000005
    ],
    "obj_class": "vehicle",
    "point_num_in_lidar": 466,
    "speed": 8.618743592222376,
    "if_vehicle": true,
    "motion_state": true,
    "pose": [
      [
        -0.051082295152418106,
        0.9984604338594939,
        0.021618536931823053,
        -23.5776019581499
      ],
      [
        -0.9981656789481412,
        -0.05033896984937907,
        -0.03363429030765746,
        14.007205081576103
      ],
      [
        -0.0324942532143411,
        -0.023296998339156494,
        0.9992003669817319,
        1.0669044718883924
      ],
      [
        0.0,
        0.0,
        0.0,
        1.0
      ]
    ],
    "location": [
      -23.5776019581499,
      14.007205081576103,
      1.0669044718883924
    ],
    "rotation": [
      -0.02331141873068484,
      0.0324999742527598,
      -1.6219278887455786
    ]
  },
  {
    "label_id": "P8RZnw2y2LdjAlYaVdCWug",
    "size": [
      2.17250227875777,
      4.389178354671179,
      1.7000000000000028
    ],
    "obj_class": "vehicle",
    "point_num_in_lidar": 1837,
    "speed": 4.162057482372955e-06,
    "if_vehicle": true,
    "motion_state": false,
    "pose": [
      [
        -0.9983476248498426,
        0.05324151404313566,
        0.021618536931823053,
        12.820625615236168
      ],
      [
        -0.05395007720541982,
        -0.997977015609593,
        -0.03363429030765746,
        19.314392708489322
      ],
      [
        0.019784062429320487,
        -0.03474503557869998,
        0.9992003669817319,
        1.4504739310871528
      ],
      [
        0.0,
        0.0,
        0.0,
        1.0
      ]
    ],
    "location": [
      12.820625615236168,
      19.314392708489322,
      1.4504739310871528
    ],
    "rotation": [
      -0.034758836050555936,
      -0.01978535326712536,
      -3.087605793983107
    ]
  },
  {
    "label_id": "SU8Sxb1EooY9gTTC7120oA",
    "size": [
      2.1028812799100716,
      5.065435957019948,
      1.5401825314904904
    ],
    "obj_class": "vehicle",
    "point_num_in_lidar": 463,
    "speed": 0.0014408673027661246,
    "if_vehicle": true,
    "motion_state": false,
    "pose": [
      [
        -0.05612396328139834,
        0.9981897312668148,
        0.021618536931823053,
        -27.541138842821056
      ],
      [
        -0.9978987339771264,
        -0.05537915891695183,
        -0.03363429030765746,
        9.391565692996664
      ],
      [
        -0.032376186811251206,
        -0.02346080030892683,
        0.9992003669817319,
        0.8670580625719246
      ],
      [
        0.0,
        0.0,
        0.0,
        1.0
      ]
    ],
    "location": [
      -27.541138842821056,
      9.391565692996664,
      0.8670580625719246
    ],
    "rotation": [
      -0.023475262090637564,
      0.032381845695058926,
      -1.6269792807598649
    ]
  },
  {
    "label_id": "VMicCPxMAMBakoaRu8Q30Q",
    "size": [
      2.095652681278674,
      4.578825266355873,
      1.6702277585449394
    ],
    "obj_class": "vehicle",
    "point_num_in_lidar": 129,
    "speed": 0.023082038500103947,
    "if_vehicle": true,
    "motion_state": false,
    "pose": [
      [
        -0.04789957566885308,
        0.9986181800426385,
        0.021618536931823053,
        -27.409753791885123
      ],
      [
        -0.9983210573778789,
        -0.0471571936337857,
        -0.03363429030765746,
        14.292933247623296
      ],
      [
        -0.03256834424188552,
        -0.023193308882400124,
        0.9992003669817319,
        1.0758058824923538
      ],
      [
        0.0,
        0.0,
        0.0,
        1.0
      ]
    ],
    "location": [
      -27.409753791885123,
      14.292933247623296,
      1.0758058824923538
    ],
    "rotation": [
      -0.02320770242566232,
      0.0325741045161923,
      -1.618739690881519
    ]
  },
  {
    "label_id": "Wh04EPqM-TOaxhy4VHXE9w",
    "size": [
      2.1030384020815474,
      4.644858193398564,
      1.5
    ],
    "obj_class": "vehicle",
    "point_num_in_lidar": 44,
    "speed": 4.0194366942304643e-13,
    "if_vehicle": true,
    "motion_state": false,
    "pose": [
      [
        -0.022856473656475095,
        0.9995049877178794,
        0.021618536931823053,
        -26.09349254384233
      ],
      [
        -0.9991893522955299,
        -0.022121771509981143,
        -0.03363429030765746,
        44.341646596512874
      ],
      [
        -0.03313940058646888,
        -0.022369773184856473,
        0.9992003669817319,
        1.9300800176594706
      ],
      [
        0.0,
        0.0,
        0.0,
        1.0
      ]
    ],
    "location": [
      -26.09349254384233,
      44.341646596512874,
      1.9300800176594706
    ],
    "rotation": [
      -0.02238393593954116,
      0.033145469310812116,
      -1.5936673553743776
    ]
  },
  {
    "label_id": "WhPgWq3c5JWYJlXPM99MEg",
    "size": [
      1.7706251348593705,
      3.2738170599658973,
      1.354965001718206
    ],
    "obj_class": "vehicle",
    "point_num_in_lidar": 29,
    "speed": 13.490010386946052,
    "if_vehicle": true,
    "motion_state": true,
    "pose": [
      [
        -0.05840397403546659,
        -0.9980589234498092,
        0.021618536931823053,
        4.246089440365722
      ],
      [
        0.9976846546772737,
        -0.05911061103549515,
        -0.03363429030765746,
        67.84946267896521
      ],
      [
        0.03484688850319243,
        0.019604106335623997,
        0.9992003669817319,
        2.903562202208363
      ],
      [
        0.0,
        0.0,
        0.0,
        1.0
      ]
    ],
    "location": [
      4.246089440365722,
      67.84946267896521,
      2.903562202208363
    ],
    "rotation": [
      0.01961727809531932,
      -0.03485394482190838,
      1.6292691079837605
    ]
  },
  {
    "label_id": "YvFhZDTE3KuHZt69-u7dRw",
    "size": [
      2.307474170642037,
      5.163648807703874,
      1.8937874619420043
    ],
    "obj_class": "vehicle",
    "point_num_in_lidar": 33,
    "speed": 7.382178498727489,
    "if_vehicle": true,
    "motion_state": true,
    "pose": [
      [
        -0.04557104455901947,
        0.9987271493049177,
        0.021618536931823053,
        -20.935840265389743
      ],
      [
        -0.9984282964929355,
        -0.04482935731989844,
        -0.03363429030765746,
        64.29013501548616
      ],
      [
        -0.03262233376101064,
        -0.023117308743830958,
        0.9992003669817319,
        2.8352777388057007
      ],
      [
        0.0,
        0.0,
        0.0,
        1.0
      ]
    ],
    "location": [
      -20.935840265389743,
      64.29013501548616,
      2.8352777388057007
    ],
    "rotation": [
      -0.023131682291127158,
      0.03262812273894592,
      -1.6164074525190133
    ]
  },
  {
    "label_id": "ZOfQ22J7gJFgUY_ZP2qzDg",
    "size": [
      1.9223080275523328,
      4.183597472936482,
      1.750000000000007
    ],
    "obj_class": "vehicle",
    "point_num_in_lidar": 24,
    "speed": 12.09723964064128,
    "if_vehicle": true,
    "motion_state": true,
    "pose": [
      [
        -0.06348280182147534,
        -0.9977487523088279,
        0.021618536931823053,
        0.44088130018553784
      ],
      [
        0.9973708919805641,
        -0.0641875248424055,
        -0.03363429030765746,
        78.57606232848411
      ],
      [
        0.03494621156562598,
        0.019426500477000137,
        0.9992003669817319,
        3.347295870636536
      ],
      [
        0.0,
        0.0,
        0.0,
        1.0
      ]
    ],
    "location": [
      0.44088130018553784,
      78.57606232848411,
      3.347295870636536
    ],
    "rotation": [
      0.019439597881338415,
      -0.03495332841595706,
      1.6343607239164981
    ]
  },
  {
    "label_id": "_gh7Md1A2bBhUnnXitrFhg",
    "size": [
      2.3518728150460353,
      4.605348809951782,
      1.880404506760101
    ],
    "obj_class": "vehicle",
    "point_num_in_lidar": 31,
    "speed": 7.518471715322682,
    "if_vehicle": true,
    "motion_state": true,
    "pose": [
      [
        -0.029876390994179387,
        0.9993197887173507,
        0.021618536931823053,
        -14.409651063669116
      ],
      [
        -0.9990093215982928,
        -0.029139489961551236,
        -0.03363429030765746,
        61.96144168656065
      ],
      [
        -0.032981458743998,
        -0.022601991122251495,
        0.9992003669817319,
        2.849201159827423
      ],
      [
        0.0,
        0.0,
        0.0,
        1.0
      ]
    ],
    "location": [
      -14.409651063669116,
      61.96144168656065,
      2.849201159827423
    ],
    "rotation": [
      -0.02261622207823798,
      0.03298744108276999,
      -1.600693434135607
    ]
  },
  {
    "label_id": "eV23MXYHhjaWIFKvb3Gf_Q",
    "size": [
      2.2558059501716814,
      4.874156877137269,
      1.930352215572853
    ],
    "obj_class": "vehicle",
    "point_num_in_lidar": 160,
    "speed": 8.953144659969382,
    "if_vehicle": true,
    "motion_state": true,
    "pose": [
      [
        -0.031259006019453875,
        0.9992774956955666,
        0.021618536931823053,
        -19.799669069008814
      ],
      [
        -0.9989680484387056,
        -0.03052167613458159,
        -0.03363429030765746,
        22.255931110348683
      ],
      [
        -0.032950155405397016,
        -0.02264760213207048,
        0.9992003669817319,
        1.5313634869386021
      ],
      [
        0.0,
        0.0,
        0.0,
        1.0
      ]
    ],
    "location": [
      -19.799669069008814,
      22.255931110348683,
      1.5313634869386021
    ],
    "rotation": [
      -0.022661846197772582,
      0.032956120720927,
      -1.602077417004449
    ]
  },
  {
    "label_id": "fdi97Vgxas9xg0vntt8avQ",
    "size": [
      1.850223960247113,
      4.116561098425823,
      1.536478161606773
    ],
    "obj_class": "vehicle",
    "point_num_in_lidar": 29,
    "speed": 8.729571098638777,
    "if_vehicle": true,
    "motion_state": true,
    "pose": [
      [
        -0.03264972047937087,
        0.999233023180052,
        0.021618536931823053,
        -20.66091520530972
      ],
      [
        -0.9989246024019592,
        -0.03191196063528526,
        -0.03363429030765746,
        2.9107336712004326
      ],
      [
        -0.03291860368707528,
        -0.022693438586200442,
        0.9992003669817319,
        0.8058564448742018
      ],
      [
        0.0,
        0.0,
        0.0,
        1.0
      ]
    ],
    "location": [
      -20.66091520530972,
      2.9107336712004326,
      0.8058564448742018
    ],
    "rotation": [
      -0.02270769573135533,
      0.032924551877016844,
      -1.6034695648695696
    ]
  },
  {
    "label_id": "hkXyTKmj1eyZQHuKe7S-pw",
    "size": [
      1.9199112132120566,
      4.810574003597793,
      1.6962342671095918
    ],
    "obj_class": "vehicle",
    "point_num_in_lidar": 108,
    "speed": 11.026555497512424,
    "if_vehicle": true,
    "motion_state": true,
    "pose": [
      [
        -0.03038081619578544,
        0.9993045806300527,
        0.021618536931823053,
        -16.290017919102866
      ],
      [
        -0.9989944855178206,
        -0.029643758541816414,
        -0.03363429030765746,
        23.518369414292465
      ],
      [
        -0.032970045681848775,
        -0.022618636371567198,
        0.9992003669817319,
        1.4003636844524152
      ],
      [
        0.0,
        0.0,
        0.0,
        1.0
      ]
    ],
    "location": [
      -16.290017919102866,
      23.518369414292465,
      1.4003636844524152
    ],
    "rotation": [
      -0.022632872122726317,
      0.03297602181027216,
      -1.6011983519317785
    ]
  },
  {
    "label_id": "j5VWfzqmUOE09bXaZYLWMA",
    "size": [
      2.1608582254045294,
      4.43773182420102,
      1.5999999999999979
    ],
    "obj_class": "vehicle",
    "point_num_in_lidar": 94,
    "speed": 0.2818631905814695,
    "if_vehicle": true,
    "motion_state": false,
    "pose": [
      [
        0.6954674326172665,
        0.7182323363854313,
        0.021618536931823053,
        -29.170515878591686
      ],
      [
        -0.7174876487754304,
        0.6957587285619958,
        -0.03363429030765746,
        23.448183228503694
      ],
      [
        -0.03919852067939044,
        0.007880520294991812,
        0.9992003669817319,
        1.2589590608385492
      ],
      [
        0.0,
        0.0,
        0.0,
        1.0
      ]
    ],
    "location": [
      -29.170515878591686,
      23.448183228503694,
      1.2589590608385492
    ],
    "rotation": [
      0.007886663342694925,
      0.03920856587133166,
      -0.800981414395989
    ]
  },
  {
    "label_id": "jeT9AOAs1MWlqKZdZkEsww",
    "size": [
      1.0665087977282959,
      0.1333632676679024,
      1.1377813311143967
    ],
    "obj_class": "sign",
    "point_num_in_lidar": 126,
    "speed": 0.030763349982996104,
    "if_vehicle": false,
    "motion_state": false,
    "pose": [
      [
        0.023098534516568486,
        0.9994994229933875,
        0.021618536931823053,
        9.087319054169711
      ],
      [
        -0.9991503588006041,
        0.023817955918266485,
        -0.03363429030765746,
        29.807942821147662
      ],
      [
        -0.03413236311495529,
        -0.0208232661165634,
        0.9992003669817319,
        3.5837626976283516
      ],
      [
        0.0,
        0.0,
        0.0,
        1.0
      ]
    ],
    "location": [
      9.087319054169711,
      29.807942821147662,
      3.5837626976283516
    ],
    "rotation": [
      -0.02083691425292419,
      0.03413899406264602,
      -1.547682267306684
    ]
  },
  {
    "label_id": "oMXGQsKNn3U3XnnHbaD9Tg",
    "size": [
      2.048559259068193,
      4.50370485232675,
      1.580368794770731
    ],
    "obj_class": "vehicle",
    "point_num_in_lidar": 161,
    "speed": 0.0076711956916636955,
    "if_vehicle": true,
    "motion_state": false,
    "pose": [
      [
        -0.04749064073258161,
        0.9986377110362578,
        0.021618536931823053,
        -27.99537122597667
      ],
      [
        -0.998340284393364,
        -0.04674838043053018,
        -0.03363429030765746,
        -3.143957122887514
      ],
      [
        -0.0325778390963277,
        -0.023179970305980978,
        0.9992003669817319,
        0.4708118094658609
      ],
      [
        0.0,
        0.0,
        0.0,
        1.0
      ]
    ],
    "location": [
      -27.99537122597667,
      -3.143957122887514,
      0.4708118094658609
    ],
    "rotation": [
      -0.023194360359192007,
      0.03258360441169651,
      -1.61833008695386
    ]
  },
  {
    "label_id": "oj9AHkGu3yr8l-vvDS_4kQ",
    "size": [
      0.816267941365003,
      0.10918232354307272,
      0.8300000000000054
    ],
    "obj_class": "sign",
    "point_num_in_lidar": 33,
    "speed": 0.02870111255110211,
    "if_vehicle": false,
    "motion_state": false,
    "pose": [
      [
        -0.22705424519534662,
        -0.9736421357971824,
        0.021618536931823053,
        -36.104537437619
      ],
      [
        0.9731532968063056,
        -0.22768705591341573,
        -0.03363429030765746,
        23.05561700501312
      ],
      [
        0.03767002327833231,
        0.013401342088846151,
        0.9992003669817319,
        2.8218926923284684
      ],
      [
        0.0,
        0.0,
        0.0,
        1.0
      ]
    ],
    "location": [
      -36.104537437619,
      23.05561700501312,
      2.8218926923284684
    ],
    "rotation": [
      0.013411262703768852,
      -0.037678938125164964,
      1.8000137810537895
    ]
  },
  {
    "label_id": "vWggwwBHKN4voCvb_IMRuQ",
    "size": [
      2.3158279391817063,
      5.867894951015213,
      2.126784143620924
    ],
    "obj_class": "vehicle",
    "point_num_in_lidar": 1507,
    "speed": 10.53414731488006,
    "if_vehicle": true,
    "motion_state": true,
    "pose": [
      [
        -0.0455884569542176,
        0.9987263546404797,
        0.021618536931823053,
        -16.70456617324089
      ],
      [
        -0.9984275147595587,
        -0.04484676450483193,
        -0.03363429030765746,
        2.7711152695774217
      ],
      [
        -0.032621930715165864,
        -0.02311787749745412,
        0.9992003669817319,
        0.9805905239610908
      ],
      [
        0.0,
        0.0,
        0.0,
        1.0
      ]
    ],
    "location": [
      -16.70456617324089,
      2.7711152695774217,
      0.9805905239610908
    ],
    "rotation": [
      -0.023132251195386054,
      0.03262771947846842,
      -1.6164248917303663
    ]
  },
  {
    "label_id": "wvJjNCZxNjmgpMyruR4ATg",
    "size": [
      2.094735451517239,
      4.9458554096432605,
      2.107276392445769
    ],
    "obj_class": "vehicle",
    "point_num_in_lidar": 20,
    "speed": 9.403810005692474,
    "if_vehicle": true,
    "motion_state": true,
    "pose": [
      [
        -0.044273351596175965,
        0.9987855171153459,
        0.021618536931823053,
        -19.058070850343938
      ],
      [
        -0.998485700875224,
        -0.04353205328505978,
        -0.03363429030765746,
        44.06354670756082
      ],
      [
        -0.03265234273608016,
        -0.023074902760747022,
        0.9992003669817319,
        2.320776412571881
      ],
      [
        0.0,
        0.0,
        0.0,
        1.0
      ]
    ],
    "location": [
      -19.058070850343938,
      44.06354670756082,
      2.320776412571881
    ],
    "rotation": [
      -0.023089265034559613,
      0.03265814770951428,
      -1.6151077984151543
    ]
  },
  {
    "label_id": "y_x957F4Sj2Y7oBdebuGsw",
    "size": [
      0.8311544738359784,
      1.0128335897740701,
      1.6394816058476493
    ],
    "obj_class": "pedestrian",
    "point_num_in_lidar": 263,
    "speed": 1.4698731911836378,
    "if_vehicle": false,
    "motion_state": true,
    "pose": [
      [
        -0.8368388906885037,
        0.5470222206566768,
        0.021618536931823053,
        15.077034220430505
      ],
      [
        -0.5474491458484302,
        -0.836162763596493,
        -0.03363429030765746,
        17.10654448144487
      ],
      [
        -0.0003220885884801119,
        -0.03998153176797443,
        0.9992003669817319,
        1.3981764730577737
      ],
      [
        0.0,
        0.0,
        0.0,
        1.0
      ]
    ],
    "location": [
      15.077034220430505,
      17.10654448144487,
      1.3981764730577737
    ],
    "rotation": [
      -0.039992193411984345,
      0.0003220885940490807,
      -2.5622796337849376
    ]
  },
  {
    "label_id": "zGSL7-WtQCAIg8O9FG7c0g",
    "size": [
      0.6832150109731358,
      0.08029782463586578,
      1.0051654142225743
    ],
    "obj_class": "sign",
    "point_num_in_lidar": 39,
    "speed": 0.06043700590159689,
    "if_vehicle": false,
    "motion_state": false,
    "pose": [
      [
        0.04541720166405216,
        0.998734157147904,
        0.021618536931823053,
        8.419868129662973
      ],
      [
        -0.9983691113204302,
        0.04612864702931119,
        -0.03363429030765746,
        55.119957859318674
      ],
      [
        -0.034588948441104383,
        -0.020055704158941926,
        0.9992003669817319,
        4.198441325437386
      ],
      [
        0.0,
        0.0,
        0.0,
        1.0
      ]
    ],
    "location": [
      8.419868129662973,
      55.119957859318674,
      4.198441325437386
    ],
    "rotation": [
      -0.02006905937626614,
      0.03459584916648571,
      -1.5253362758017766
    ]
  }
]