[
  {
    "label_id": "3xp7fav1XDT13tIERFz4Yw",
    "size": [
      1.795024384530837,
      3.727424411905237,
      1.6243614469938237
    ],
    "obj_class": "vehicle",
    "point_num_in_lidar": 179,
    "speed": 11.464976737355697,
    "if_vehicle": true,
    "motion_state": true,
    "pose": [
      [
        -0.06151250528566619,
        -0.9980870952944495,
        -0.006193698424143572,
        -3.7278667145865256
      ],
      [
        0.9975567173240978,
        -0.0612715479301567,
        -0.033561780879635204,
        137.25250810859143
      ],
      [
        0.03311808290120404,
        -0.008243034691839029,
        0.9994174528013897,
        5.376766240525292
      ],
      [
        0.0,
        0.0,
        0.0,
        1.0
      ]
    ],
    "location": [
      -3.7278667145865256,
      137.25250810859143,
      5.376766240525292
    ],
    "rotation": [
      -0.008247652430376165,
      -0.03312413991768485,
      1.6323815155479893
    ]
  },
  {
    "label_id": "57e-MJPQLDAfBYBJZHHzUQ",
    "size": [
      2.1471671139103767,
      4.112893788811498,
      1.740000000000002
    ],
    "obj_class": "vehicle",
    "point_num_in_lidar": 153,
    "speed": 3.1776437161565096e-13,
    "if_vehicle": true,
    "motion_state": false,
    "pose": [
      [
        0.13743369483438475,
        -0.9904916040148952,
        -0.006193698424143572,
        2.794817909588346
      ],
      [
        0.9899240027164191,
        0.13756480549213984,
        -0.033561780879635204,
        145.624884501216
      ],
      [
        0.0340946970960606,
        -0.0015187711841363086,
        0.9994174528013897,
        5.671723200732288
      ],
      [
        0.0,
        0.0,
        0.0,
        1.0
      ]
    ],
    "location": [
      2.794817909588346,
      145.624884501216,
      5.671723200732288
    ],
    "rotation": [
      -0.0015196552859399538,
      -0.03410130610800834,
      1.432845555192264
    ]
  },
  {
    "label_id": "7WHYlrlrIcpHndiOMhqKJA",
    "size": [
      1.9237995339174487,
      4.326123888927041,
      1.531235654199186
    ],
    "obj_class": "vehicle",
    "point_num_in_lidar": 28,
    "speed": 3.7467606747777054,
    "if_vehicle": true,
    "motion_state": true,
    "pose": [
      [
        0.044521245455954914,
        0.998989237581107,
        -0.006193698424143572,
        -18.474571300362186
      ],
      [
        -0.9984548365243463,
        0.04428934731206045,
        -0.033561780879635204,
        153.26131844354677
      ],
      [
        -0.03325354303215789,
        0.0076783404320405835,
        0.9994174528013897,
        5.84173093104279
      ],
      [
        0.0,
        0.0,
        0.0,
        1.0
      ]
    ],
    "location": [
      -18.474571300362186,
      153.26131844354677,
      5.84173093104279
    ],
    "rotation": [
      0.007682664879251002,
      0.03325967470140757,
      -1.5262356996498203
    ]
  },
  {
    "label_id": "7vyLlma7_82PApPIXhhN7w",
    "size": [
      2.107634814547156,
      4.5661667673844955,
      2.0281701066596014
    ],
    "obj_class": "vehicle",
    "point_num_in_lidar": 202,
    "speed": 5.018538034571677,
    "if_vehicle": true,
    "motion_state": true,
    "pose": [
      [
        -0.04161234281839077,
        0.9991146335756451,
        -0.006193698424143572,
        -18.444706957572635
      ],
      [
        -0.998562258868279,
        -0.04179739259891179,
        -0.033561780879635204,
        137.10470559600253
      ],
      [
        -0.033790946850376,
        0.004788209157602612,
        0.9994174528013897,
        5.6042565845693275
      ],
      [
        0.0,
        0.0,
        0.0,
        1.0
      ]
    ],
    "location": [
      -18.444706957572635,
      137.10470559600253,
      5.6042565845693275
    ],
    "rotation": [
      0.004790963484786515,
      0.033797380732176883,
      -1.6124444862733107
    ]
  },
  {
    "label_id": "8UWfrpgQXr4RJlawE1Vwtg",
    "size": [
      1.923466532712197,
      4.563072837084948,
      1.6766191390117058
    ],
    "obj_class": "vehicle",
    "point_num_in_lidar": 124,
    "speed": 6.355287432313019e-13,
    "if_vehicle": true,
    "motion_state": false,
    "pose": [
      [
        -0.04049943943222103,
        0.9991603642586643,
        -0.006193698424143572,
        -23.43822716415616
      ],
      [
        -0.9986081960142043,
        -0.04068510436810984,
        -0.033561780879635204,
        102.52065610058708
      ],
      [
        -0.03378559247567666,
        0.004825844698017772,
        0.9994174528013897,
        4.0094057557550755
      ],
      [
        0.0,
        0.0,
        0.0,
        1.0
      ]
    ],
    "location": [
      -23.43822716415616,
      102.52065610058708,
      4.0094057557550755
    ],
    "rotation": [
      0.004828620091290326,
      0.03379202329845469,
      -1.6113299988199483
    ]
  },
  {
    "label_id": "9-FP9e70s_cDDW-cseJwsg",
    "size": [
      1.933661100006396,
      4.305745165199813,
      1.7453301234225194
    ],
    "obj_class": "vehicle",
    "point_num_in_lidar": 120,
    "speed": 1.1718571004216928e-12,
    "if_vehicle": true,
    "motion_state": false,
    "pose": [
      [
        -0.058230705643793686,
        0.9982839390774835,
        -0.006193698424143572,
        -23.743383234417706
      ],
      [
        -0.9977285618218391,
        -0.05840653892426615,
        -0.033561780879635204,
        97.00515852177523
      ],
      [
        -0.033865939307072504,
        0.004225303637795417,
        0.9994174528013897,
        3.8889903397426977
      ],
      [
        0.0,
        0.0,
        0.0,
        1.0
      ]
    ],
    "location": [
      -23.743383234417706,
      97.00515852177523,
      3.8889903397426977
    ],
    "rotation": [
      0.004227741322556598,
      0.0338724161350715,
      -1.629093469055539
    ]
  },
  {
    "label_id": "GPXKR9QlRNM_GUSGojXmaA",
    "size": [
      1.863742446841835,
      4.6063503038365585,
      1.5221419981450097
    ],
    "obj_class": "vehicle",
    "point_num_in_lidar": 100,
    "speed": 0.014492983159272284,
    "if_vehicle": true,
    "motion_state": false,
    "pose": [
      [
        -0.07216852710775414,
        0.9973732209132788,
        -0.006193698424143572,
        -22.37692569601313
      ],
      [
        -0.9968154418883919,
        -0.07233658602005827,
        -0.033561780879635204,
        128.6881467604835
      ],
      [
        -0.03392165249434782,
        0.003751869938389653,
        0.9994174528013897,
        4.934767402153902
      ],
      [
        0.0,
        0.0,
        0.0,
        1.0
      ]
    ],
    "location": [
      -22.37692569601313,
      128.6881467604835,
      4.934767402153902
    ],
    "rotation": [
      0.0037540392186060684,
      0.0339281613513121,
      -1.6430693129930352
    ]
  },
  {
    "label_id": "HafOzsPnoMzyYVyEWCmo1g",
    "size": [
      2.051325966718686,
      4.917360815117835,
      1.5200000000000031
    ],
    "obj_class": "vehicle",
    "point_num_in_lidar": 318,
    "speed": 4.263256414560601e-13,
    "if_vehicle": true,
    "motion_state": false,
    "pose": [
      [
        -0.06725566003298933,
        0.9977165500748987,
        -0.006193698424143572,
        -24.047397149944118
      ],
      [
        -0.9971596054926308,
        -0.0674264639289963,
        -0.033561780879635204,
        89.08216681909471
      ],
      [
        -0.03390276341698193,
        0.0039188861522169065,
        0.9994174528013897,
        3.5120747125849974
      ],
      [
        0.0,
        0.0,
        0.0,
        1.0
      ]
    ],
    "location": [
      -24.047397149944118,
      89.08216681909471,
      3.5120747125849974
    ],
    "rotation": [
      0.0039211503224920365,
      0.03390926140299158,
      -1.638141566432876
    ]
  },
  {
    "label_id": "Irrp7c9HrOs1nyK9NCdnZg",
    "size": [
      2.004151873569537,
      4.917299256640257,
      2.0500000000000043
    ],
    "obj_class": "vehicle",
    "point_num_in_lidar": 1271,
    "speed": 12.154628783824979,
    "if_vehicle": true,
    "motion_state": true,
    "pose": [
      [
        -0.06954265931580597,
        -0.997559750909747,
        -0.006193698424143572,
        -5.301414792162177
      ],
      [
        0.9970313292280633,
        -0.06929744152498495,
        -0.033561780879635204,
        120.85574531862949
      ],
      [
        0.03305067432000592,
        -0.008509286866405827,
        0.9994174528013897,
        4.979996261559187
      ],
      [
        0.0,
        0.0,
        0.0,
        1.0
      ]
    ],
    "location": [
      -5.301414792162177,
      120.85574531862949,
      4.979996261559187
    ],
    "rotation": [
      -0.008514041086593541,
      -0.033056694414249264,
      1.6404332677493207
    ]
  },
  {
    "label_id": "KE-n4BCpMYY4onuCOe_Cxg",
    "size": [
      2.008046796960315,
      4.605128188340819,
      1.6100000000000065
    ],
    "obj_class": "vehicle",
    "point_num_in_lidar": 206,
    "speed": 12.2234048255966,
    "if_vehicle": true,
    "motion_state": true,
    "pose": [
      [
        -0.07266700616150472,
        -0.9973370264435962,
        -0.006193698424143572,
        -6.59283799901732
      ],
      [
        0.9968093754576774,
        -0.07242013438169273,
        -0.033561780879635204,
        133.18865829365677
      ],
      [
        0.03302385827245076,
        -0.008612770795915277,
        0.9994174528013897,
        5.226895037555714
      ],
      [
        0.0,
        0.0,
        0.0,
        1.0
      ]
    ],
    "location": [
      -6.59283799901732,
      133.18865829365677,
      5.226895037555714
    ],
    "rotation": [
      -0.008617577738246847,
      -0.03302986372036822,
      1.6435672003833972
    ]
  },
  {
    "label_id": "KoD-0zzFO4ORjOc7e1LAow",
    "size": [
      1.9757325372907617,
      4.444109568142756,
      1.604410126608073
    ],
    "obj_class": "vehicle",
    "point_num_in_lidar": 39,
    "speed": 7.652779469160725e-13,
    "if_vehicle": true,
    "motion_state": false,
    "pose": [
      [
        0.02206082870783602,
        0.999737444500582,
        -0.006193698424143572,
        -21.900970272015
      ],
      [
        -0.9991979672042529,
        0.02184099812453571,
        -0.033561780879635204,
        145.83658557876515
      ],
      [
        -0.03341769249382933,
        0.006929131573995999,
        0.9994174528013897,
        5.636007705464429
      ],
      [
        0.0,
        0.0,
        0.0,
        1.0
      ]
    ],
    "location": [
      -21.900970272015,
      145.83658557876515,
      5.636007705464429
    ],
    "rotation": [
      0.006933059386386098,
      0.03342391544599604,
      -1.548721376808697
    ]
  },
  {
    "label_id": "Ku08VWueZyDrZkpLScobNA",
    "size": [
      2.0279326382193523,
      4.84085327934026,
      1.5091613349015347
    ],
    "obj_class": "vehicle",
    "point_num_in_lidar": 104,
    "speed": 7.652779469160725e-13,
    "if_vehicle": true,
    "motion_state": false,
    "pose": [
      [
        -0.02718800241063201,
        0.9996111497101011,
        -0.006193698424143572,
        -22.27188214357193
      ],
      [
        -0.9990615033206065,
        -0.02738100522181416,
        -0.033561780879635204,
        134.1830662671964
      ],
      [
        -0.03371832006030445,
        0.005275407879278723,
        0.9994174528013897,
        5.112115052063253
      ],
      [
        0.0,
        0.0,
        0.0,
        1.0
      ]
    ],
    "location": [
      -22.27188214357193,
      134.1830662671964,
      5.112115052063253
    ],
    "rotation": [
      0.005278433821792044,
      0.033724712532115175,
      -1.5980031541013044
    ]
  },
  {
    "label_id": "TgM5BFGmjRazpWsKkqcuYA",
    "size": [
      2.1446536217896734,
      4.799152478878298,
      1.9413638776694953
    ],
    "obj_class": "vehicle",
    "point_num_in_lidar": 2630,
    "speed": 6.939776590765208,
    "if_vehicle": true,
    "motion_state": true,
    "pose": [
      [
        -0.04102371888056337,
        0.9991389756130221,
        -0.006193698424143572,
        -12.648447494067113
      ],
      [
        -0.9985867100214331,
        -0.04120909405407739,
        -0.033561780879635204,
        100.94010953517136
      ],
      [
        -0.033788120068730554,
        0.004808115868293242,
        0.9994174528013897,
        4.256822164378782
      ],
      [
        0.0,
        0.0,
        0.0,
        1.0
      ]
    ],
    "location": [
      -12.648447494067113,
      100.94010953517136,
      4.256822164378782
    ],
    "rotation": [
      0.004810881339743711,
      0.03379455233543396,
      -1.611855018105456
    ]
  },
  {
    "label_id": "UkZBONhvzwNJc_orIetLMg",
    "size": [
      1.9916560977075324,
      4.13957519203521,
      1.46741008217613
    ],
    "obj_class": "vehicle",
    "point_num_in_lidar": 20,
    "speed": 8.390968589253504,
    "if_vehicle": true,
    "motion_state": true,
    "pose": [
      [
        -0.0476270934604888,
        -0.9988459831567311,
        -0.006193698424143572,
        -2.5543525459497687
      ],
      [
        0.9983123057021175,
        -0.047393534874592504,
        -0.033561780879635204,
        171.61054377848996
      ],
      [
        0.033229508756942645,
        -0.0077816954292851724,
        0.9994174528013897,
        6.393185702289109
      ],
      [
        0.0,
        0.0,
        0.0,
        1.0
      ]
    ],
    "location": [
      -2.5543525459497687,
      171.61054377848996,
      6.393185702289109
    ],
    "rotation": [
      -0.007786073934437648,
      -0.03323562713625113,
      1.6184677910356717
    ]
  },
  {
    "label_id": "VhCiQswTWqH5HBVl-Mq49A",
    "size": [
      1.8499381482382684,
      4.79973726511791,
      1.611069259308671
    ],
    "obj_class": "vehicle",
    "point_num_in_lidar": 285,
    "speed": 8.987733679556354e-13,
    "if_vehicle": true,
    "motion_state": false,
    "pose": [
      [
        -0.06237978644117662,
        0.9980332661506749,
        -0.006193698424143572,
        -22.684862982725463
      ],
      [
        -0.9974771628038442,
        -0.06255330965648895,
        -0.033561780879635204,
        121.55656499544784
      ],
      [
        -0.033883210124579954,
        0.004084496007520161,
        0.9994174528013897,
        4.700936665376226
      ],
      [
        0.0,
        0.0,
        0.0,
        1.0
      ]
    ],
    "location": [
      -22.684862982725463,
      121.55656499544784,
      4.700936665376226
    ],
    "rotation": [
      0.004086854052611557,
      0.03388969687013284,
      -1.6332525490812229
    ]
  },
  {
    "label_id": "Vzi6-XPjp6pHMp1VV05YdA",
    "size": [
      1.8689552424149893,
      4.340259604639598,
      1.5372199910297724
    ],
    "obj_class": "vehicle",
    "point_num_in_lidar": 728,
    "speed": 7.191138444096496,
    "if_vehicle": true,
    "motion_state": true,
    "pose": [
      [
        -0.018602532997230144,
        0.9998077734574371,
        -0.006193698424143572,
        -11.885475314797986
      ],
      [
        -0.9992598048073799,
        -0.018800248947935264,
        -0.033561780879635204,
        120.50563835415778
      ],
      [
        -0.03367177248681679,
        0.00556477974208626,
        0.9994174528013897,
        4.72685050444322
      ],
      [
        0.0,
        0.0,
        0.0,
        1.0
      ]
    ],
    "location": [
      -11.885475314797986,
      120.50563835415778,
      4.72685050444322
    ],
    "rotation": [
      0.005567965837982613,
      0.0336781385120647,
      -1.5894104893438856
    ]
  },
  {
    "label_id": "Wa0hsb4MqRWHVmT2a-UF7w",
    "size": [
      1.8840696058970963,
      4.075141294510927,
      1.7040363791192874
    ],
    "obj_class": "vehicle",
    "point_num_in_lidar": 666,
    "speed": 8.987733679556354e-13,
    "if_vehicle": true,
    "motion_state": false,
    "pose": [
      [
        -0.06237978644137874,
        0.9980332661506622,
        -0.006193698424143572,
        -23.017311835529654
      ],
      [
        -0.9974771628038315,
        -0.06255330965669095,
        -0.033561780879635204,
        116.19515144869183
      ],
      [
        -0.03388321012458078,
        0.0040844960075133,
        0.9994174528013897,
        4.560683391198985
      ],
      [
        0.0,
        0.0,
        0.0,
        1.0
      ]
    ],
    "location": [
      -23.017311835529654,
      116.19515144869183,
      4.560683391198985
    ],
    "rotation": [
      0.004086854052604692,
      0.03388969687013367,
      -1.6332525490814256
    ]
  },
  {
    "label_id": "WhPgWq3c5JWYJlXPM99MEg",
    "size": [
      1.770625134859327,
      3.2738170599658973,
      1.354965001718206
    ],
    "obj_class": "vehicle",
    "point_num_in_lidar": 59,
    "speed": 8.97510825469304,
    "if_vehicle": true,
    "motion_state": true,
    "pose": [
      [
        -0.0699477439929394,
        -0.9975314286828907,
        -0.006193698424143572,
        -0.22265208024236927
      ],
      [
        0.9970031066231476,
        -0.06970231164014663,
        -0.033561780879635204,
        142.55063238150433
      ],
      [
        0.03304721613223989,
        -0.008522707427273886,
        0.9994174528013897,
        5.43353496316702
      ],
      [
        0.0,
        0.0,
        0.0,
        1.0
      ]
    ],
    "location": [
      -0.22265208024236927,
      142.55063238150433,
      5.43353496316702
    ],
    "rotation": [
      -0.008527468495207753,
      -0.03305323433636173,
      1.640839556311264
    ]
  },
  {
    "label_id": "XI3OYRTBPymAN6wjcXJFqg",
    "size": [
      2.021272083394426,
      4.314208268686266,
      1.9326950383754067
    ],
    "obj_class": "vehicle",
    "point_num_in_lidar": 1670,
    "speed": 7.0021000869628764,
    "if_vehicle": true,
    "motion_state": true,
    "pose": [
      [
        -0.04134506343734893,
        0.9991257297403527,
        -0.006193698424143572,
        -16.211887101520915
      ],
      [
        -0.9985734045562957,
        -0.04153026097962506,
        -0.033561780879635204,
        104.28121817578358
      ],
      [
        -0.033789664724735116,
        0.004797248562653088,
        0.9994174528013897,
        4.31585233384623
      ],
      [
        0.0,
        0.0,
        0.0,
        1.0
      ]
    ],
    "location": [
      -16.211887101520915,
      104.28121817578358,
      4.31585233384623
    ],
    "rotation": [
      0.004800007950790521,
      0.03379609787395283,
      -1.6121768217541754
    ]
  },
  {
    "label_id": "YqekC1kPgvNYiRYvHYZexg",
    "size": [
      2.0710347124183994,
      4.723619685929166,
      1.7969936721762494
    ],
    "obj_class": "vehicle",
    "point_num_in_lidar": 24,
    "speed": 2.8421709430404007e-13,
    "if_vehicle": true,
    "motion_state": false,
    "pose": [
      [
        0.02251799263608641,
        0.9997272518579615,
        -0.006193698424143572,
        -21.83033897124278
      ],
      [
        -0.9991878751435513,
        0.022297915380194964,
        -0.033561780879635204,
        159.2275729480989
      ],
      [
        -0.03341452040290478,
        0.006944412302401549,
        0.9994174528013897,
        6.23946874680518
      ],
      [
        0.0,
        0.0,
        0.0,
        1.0
      ]
    ],
    "location": [
      -21.83033897124278,
      159.2275729480989,
      6.23946874680518
    ],
    "rotation": [
      0.006948348285184156,
      0.03342074158255118,
      -1.5482638459902807
    ]
  },
  {
    "label_id": "ZOfQ22J7gJFgUY_ZP2qzDg",
    "size": [
      1.9223080275516764,
      4.183597472936482,
      1.750000000000007
    ],
    "obj_class": "vehicle",
    "point_num_in_lidar": 30,
    "speed": 10.730932056370296,
    "if_vehicle": true,
    "motion_state": true,
    "pose": [
      [
        -0.0526123244173744,
        -0.9985958048275747,
        -0.006193698424143572,
        -4.991688471921407
      ],
      [
        0.9980632998489911,
        -0.05237610484495843,
        -0.033561780879635204,
        163.36070697655305
      ],
      [
        0.033190251790905026,
        -0.007947466391134429,
        0.9994174528013897,
        6.456660080747362
      ],
      [
        0.0,
        0.0,
        0.0,
        1.0
      ]
    ],
    "location": [
      -4.991688471921407,
      163.36070697655305,
      6.456660080747362
    ],
    "rotation": [
      -0.007951931251096719,
      -0.03319634850410943,
      1.6234619967019208
    ]
  },
  {
    "label_id": "bFrA1Ozisvy9ERMCyRJyAw",
    "size": [
      1.7815215703032756,
      4.362143754030355,
      1.8477154114121177
    ],
    "obj_class": "vehicle",
    "point_num_in_lidar": 37,
    "speed": 11.154071345037547,
    "if_vehicle": true,
    "motion_state": true,
    "pose": [
      [
        -0.05563538891720827,
        -0.9984319413960382,
        -0.006193698424143572,
        -9.084594040837146
      ],
      [
        0.9979001540261552,
        -0.05539755823827554,
        -0.033561780879635204,
        177.3886513748639
      ],
      [
        0.0331660382712008,
        -0.008047915343437052,
        0.9994174528013897,
        7.049459388573133
      ],
      [
        0.0,
        0.0,
        0.0,
        1.0
      ]
    ],
    "location": [
      -9.084594040837146,
      177.3886513748639,
      7.049459388573133
    ],
    "rotation": [
      -0.008052432317827006,
      -0.03317212164640005,
      1.626491128977376
    ]
  },
  {
    "label_id": "nsfV68k9seq3oQV1r-NSBQ",
    "size": [
      2.035205602526284,
      4.492268532478676,
      1.9018504961628153
    ],
    "obj_class": "vehicle",
    "point_num_in_lidar": 1342,
    "speed": 6.971554585318218,
    "if_vehicle": true,
    "motion_state": true,
    "pose": [
      [
        -0.044467186002500395,
        0.9989916453448696,
        -0.006193698424143572,
        -15.619079607786261
      ],
      [
        -0.998438744105016,
        -0.044650656592996454,
        -0.033561780879635204,
        119.11536385394356
      ],
      [
        -0.03380449140302778,
        0.004691630523017224,
        0.9994174528013897,
        4.84858913373828
      ],
      [
        0.0,
        0.0,
        0.0,
        1.0
      ]
    ],
    "location": [
      -15.619079607786261,
      119.11536385394356,
      4.84858913373828
    ],
    "rotation": [
      0.004694330729433479,
      0.03381093302733772,
      -1.6153036345262637
    ]
  },
  {
    "label_id": "rpFkQ_tvJyERzL61bjFlgA",
    "size": [
      1.9223080275523061,
      4.183597472936482,
      1.6891106017123363
    ],
    "obj_class": "vehicle",
    "point_num_in_lidar": 49,
    "speed": 9.175036706294142,
    "if_vehicle": true,
    "motion_state": true,
    "pose": [
      [
        -0.055935696528063863,
        -0.9984151621213248,
        -0.006193698424143572,
        -1.3118386073583679
      ],
      [
        0.9978834463106299,
        -0.05569770590794248,
        -0.033561780879635204,
        159.94416758925036
      ],
      [
        0.03316361610471092,
        -0.008057890719117755,
        0.9994174528013897,
        6.107453092754845
      ],
      [
        0.0,
        0.0,
        0.0,
        1.0
      ]
    ],
    "location": [
      -1.3118386073583679,
      159.94416758925036,
      6.107453092754845
    ],
    "rotation": [
      -0.00806241286003662,
      -0.03316969814673285,
      1.6267920665362483
    ]
  },
  {
    "label_id": "tx89Tt1O-W7mlYAdXilqQA",
    "size": [
      2.334886671747475,
      5.014700311560876,
      1.9413585058952592
    ],
    "obj_class": "vehicle",
    "point_num_in_lidar": 67,
    "speed": 1.1457157353758233e-12,
    "if_vehicle": true,
    "motion_state": false,
    "pose": [
      [
        0.007718589515144699,
        0.9999510295388108,
        -0.006193698424143572,
        -21.711484383265088
      ],
      [
        -0.9994084545503285,
        0.007506519667023509,
        -0.033561780879635204,
        152.07049698625633
      ],
      [
        -0.03351364422471475,
        0.006449084180031267,
        0.9994174528013897,
        6.030148547702943
      ],
      [
        0.0,
        0.0,
        0.0,
        1.0
      ]
    ],
    "location": [
      -21.711484383265088,
      152.07049698625633,
      6.030148547702943
    ],
    "rotation": [
      0.006452753704322262,
      0.03351992095270886,
      -1.5630733222300621
    ]
  },
  {
    "label_id": "ufgLBZkfDdpDtfCZ1TBc3A",
    "size": [
      2.194600274401784,
      4.961569255371153,
      1.9429296663571307
    ],
    "obj_class": "vehicle",
    "point_num_in_lidar": 163,
    "speed": 5.305301784577402,
    "if_vehicle": true,
    "motion_state": true,
    "pose": [
      [
        -0.0403471127410079,
        0.9991665269579917,
        -0.006193698424143572,
        -18.95403815892132
      ],
      [
        -0.9986143870253527,
        -0.04053286185512173,
        -0.033561780879635204,
        121.61185914968519
      ],
      [
        -0.03378485636262833,
        0.00483099539830638,
        0.9994174528013897,
        4.890674308693136
      ],
      [
        0.0,
        0.0,
        0.0,
        1.0
      ]
    ],
    "location": [
      -18.95403815892132,
      121.61185914968519,
      4.890674308693136
    ],
    "rotation": [
      0.0048337736735650436,
      0.033791286764931414,
      -1.6111774592896257
    ]
  }
]