[
  {
    "label_id": "3xp7fav1XDT13tIERFz4Yw",
    "size": [
      1.7950243845320928,
      3.727424411905237,
      1.6243614469938237
    ],
    "obj_class": "vehicle",
    "point_num_in_lidar": 152,
    "speed": 11.367218194344794,
    "if_vehicle": true,
    "motion_state": true,
    "pose": [
      [
        -0.07520909980499993,
        -0.9971147601303574,
        0.010283308645632275,
        -2.457351122186992
      ],
      [
        0.9965258085350892,
        -0.07552666936585259,
        -0.0351003580891692,
        118.89455996099059
      ],
      [
        0.035775749188637275,
        0.007607716127785012,
        0.9993308853554516,
        4.74368966224533
      ],
      [
        0.0,
        0.0,
        0.0,
        1.0
      ]
    ],
    "location": [
      -2.457351122186992,
      118.89455996099059,
      4.74368966224533
    ],
    "rotation": [
      0.007612662909051056,
      -0.035783385176241495,
      1.646124823312715
    ]
  },
  {
    "label_id": "57e-MJPQLDAfBYBJZHHzUQ",
    "size": [
      2.1471671139103763,
      4.112893788811498,
      1.740000000000002
    ],
    "obj_class": "vehicle",
    "point_num_in_lidar": 48,
    "speed": 3.1776437161565096e-13,
    "if_vehicle": true,
    "motion_state": false,
    "pose": [
      [
        0.13742906412581454,
        -0.990458230263549,
        0.010283308645632275,
        2.7948179095892556
      ],
      [
        0.9899497885400416,
        0.13699409122856007,
        -0.0351003580891692,
        145.62488450121782
      ],
      [
        0.03335668603188417,
        0.015003768581911138,
        0.9993308853554516,
        5.671723200732266
      ],
      [
        0.0,
        0.0,
        0.0,
        1.0
      ]
    ],
    "location": [
      2.7948179095892556,
      145.62488450121782,
      5.671723200732266
    ],
    "rotation": [
      0.015012686586508733,
      -0.03336287495350224,
      1.432853692339325
    ]
  },
  {
    "label_id": "7eRY9H_Cp8hWMRSnKolmdw",
    "size": [
      2.0518861618349007,
      4.715448113560958,
      1.8819349611429175
    ],
    "obj_class": "vehicle",
    "point_num_in_lidar": 715,
    "speed": 2.8421709430404007e-13,
    "if_vehicle": true,
    "motion_state": false,
    "pose": [
      [
        -0.04062148928945329,
        0.999121688369943,
        0.010283308645632275,
        -24.524754528677477
      ],
      [
        -0.9985734192352712,
        -0.04023793308299144,
        -0.0351003580891692,
        77.82549308767011
      ],
      [
        -0.03465574995128561,
        -0.011694467495495808,
        0.9993308853554516,
        3.2218771248215674
      ],
      [
        0.0,
        0.0,
        0.0,
        1.0
      ]
    ],
    "location": [
      -24.524754528677477,
      77.82549308767011,
      3.2218771248215674
    ],
    "rotation": [
      -0.011701763532541851,
      0.03466269075043162,
      -1.6114534318182359
    ]
  },
  {
    "label_id": "8UWfrpgQXr4RJlawE1Vwtg",
    "size": [
      1.9234665327121974,
      4.563072837084948,
      1.6766191390117058
    ],
    "obj_class": "vehicle",
    "point_num_in_lidar": 35,
    "speed": 6.355287432313019e-13,
    "if_vehicle": true,
    "motion_state": false,
    "pose": [
      [
        -0.040498074838906516,
        0.9991266984209964,
        0.010283308645632275,
        -23.43822716415616
      ],
      [
        -0.9985783819126353,
        -0.04011458635901734,
        -0.0351003580891692,
        102.52065610058708
      ],
      [
        -0.03465719421830469,
        -0.01169018663683128,
        0.9993308853554516,
        4.009405755755154
      ],
      [
        0.0,
        0.0,
        0.0,
        1.0
      ]
    ],
    "location": [
      -23.43822716415616,
      102.52065610058708,
      4.009405755755154
    ],
    "rotation": [
      -0.011697480393908685,
      0.03466413588556644,
      -1.6113298433982364
    ]
  },
  {
    "label_id": "9-FP9e70s_cDDW-cseJwsg",
    "size": [
      1.9336611000063992,
      4.305745165199813,
      1.7453301234225194
    ],
    "obj_class": "vehicle",
    "point_num_in_lidar": 151,
    "speed": 1.1718571004216928e-12,
    "if_vehicle": true,
    "motion_state": false,
    "pose": [
      [
        -0.05822874361091766,
        0.9982503027701983,
        0.010283308645632275,
        -23.743383234415887
      ],
      [
        -0.9977088805704988,
        -0.05783558154608728,
        -0.0351003580891692,
        97.00515852177159
      ],
      [
        -0.03444420195411748,
        -0.012303598109220342,
        0.9993308853554516,
        3.88899033974257
      ],
      [
        0.0,
        0.0,
        0.0,
        1.0
      ]
    ],
    "location": [
      -23.743383234415887,
      97.00515852177159,
      3.88899033974257
    ],
    "rotation": [
      -0.012311214114240514,
      0.0344510163772038,
      -1.6290926565845814
    ]
  },
  {
    "label_id": "9_9-ooINuRGVRMuJGnjAFQ",
    "size": [
      2.182342627703356,
      4.646991924290619,
      1.5643328551416218
    ],
    "obj_class": "vehicle",
    "point_num_in_lidar": 23,
    "speed": 0.00980522424363525,
    "if_vehicle": true,
    "motion_state": false,
    "pose": [
      [
        -0.01433983630535228,
        0.9998442992076488,
        0.010283308645632275,
        -25.038648491079584
      ],
      [
        -0.9992861356254615,
        -0.013970827060117093,
        -0.0351003580891692,
        71.29342269990957
      ],
      [
        -0.03495122660890897,
        -0.010779301147195709,
        0.9993308853554516,
        2.855777065191475
      ],
      [
        0.0,
        0.0,
        0.0,
        1.0
      ]
    ],
    "location": [
      -25.038648491079584,
      71.29342269990957,
      2.855777065191475
    ],
    "rotation": [
      -0.010786100260444778,
      0.034958346524767994,
      -1.5851454222205463
    ]
  },
  {
    "label_id": "CCm0YSiNDOA3aS7sj0dkoA",
    "size": [
      2.059690816652867,
      4.712219508861555,
      1.585073535892576
    ],
    "obj_class": "vehicle",
    "point_num_in_lidar": 105,
    "speed": 7.085235891678492,
    "if_vehicle": true,
    "motion_state": true,
    "pose": [
      [
        -0.03126505181487593,
        0.9994582282908635,
        0.010283308645632275,
        -21.44125553192316
      ],
      [
        -0.9989063919974153,
        -0.030886645799090885,
        -0.0351003580891692,
        72.44663197708724
      ],
      [
        -0.034763724796395556,
        -0.011369477251382935,
        0.9993308853554516,
        2.9329495871749103
      ],
      [
        0.0,
        0.0,
        0.0,
        1.0
      ]
    ],
    "location": [
      -21.44125553192316,
      72.44663197708724,
      2.9329495871749103
    ],
    "rotation": [
      -0.011376598990345375,
      0.03477073069662786,
      -1.6020853930294026
    ]
  },
  {
    "label_id": "CNWD_Ux-k4mGOsCdxVMYBQ",
    "size": [
      1.954779817035136,
      4.61770459822079,
      1.5055373799438314
    ],
    "obj_class": "vehicle",
    "point_num_in_lidar": 790,
    "speed": 6.9385838761231335,
    "if_vehicle": true,
    "motion_state": true,
    "pose": [
      [
        -0.04719841006492687,
        0.9988326004144246,
        0.010283308645632275,
        -17.24424278861352
      ],
      [
        -0.9982868683361896,
        -0.046811252595239945,
        -0.0351003580891692,
        75.11177566574952
      ],
      [
        -0.03457800738715685,
        -0.011922373078501086,
        0.9993308853554516,
        3.043869068031782
      ],
      [
        0.0,
        0.0,
        0.0,
        1.0
      ]
    ],
    "location": [
      -17.24424278861352,
      75.11177566574952,
      3.043869068031782
    ],
    "rotation": [
      -0.011929789873317788,
      0.034584901563820304,
      -1.6180405513297704
    ]
  },
  {
    "label_id": "HafOzsPnoMzyYVyEWCmo1g",
    "size": [
      2.05132596671869,
      4.917360815117835,
      1.5200000000000031
    ],
    "obj_class": "vehicle",
    "point_num_in_lidar": 534,
    "speed": 4.263256414560601e-13,
    "if_vehicle": true,
    "motion_state": false,
    "pose": [
      [
        -0.06725339391214163,
        0.9976829328852914,
        0.010283308645632275,
        -24.047397149944118
      ],
      [
        -0.9971450881298638,
        -0.0668553519211305,
        -0.0351003580891692,
        89.08216681909471
      ],
      [
        -0.034331533985308936,
        -0.012614568914743706,
        0.9993308853554516,
        3.5120747125849974
      ],
      [
        0.0,
        0.0,
        0.0,
        1.0
      ]
    ],
    "location": [
      -24.047397149944118,
      89.08216681909471,
      3.5120747125849974
    ],
    "rotation": [
      -0.012622344770570936,
      0.034338281732824376,
      -1.6381402816279742
    ]
  },
  {
    "label_id": "Irrp7c9HrOs1nyK9NCdnZg",
    "size": [
      2.004151873569285,
      4.917299256640257,
      2.0500000000000043
    ],
    "obj_class": "vehicle",
    "point_num_in_lidar": 1290,
    "speed": 13.134063838622264,
    "if_vehicle": true,
    "motion_state": true,
    "pose": [
      [
        -0.05875615351709309,
        -0.9982193987231336,
        0.010283308645632275,
        -4.046721020703444
      ],
      [
        0.9976357640268703,
        -0.05908339188413888,
        -0.0351003580891692,
        100.61412076699162
      ],
      [
        0.035645431101312595,
        0.008196634449017309,
        0.9993308853554516,
        4.216644865258381
      ],
      [
        0.0,
        0.0,
        0.0,
        1.0
      ]
    ],
    "location": [
      -4.046721020703444,
      100.61412076699162,
      4.216644865258381
    ],
    "rotation": [
      0.008201938684701128,
      -0.035652983915439716,
      1.629623768112016
    ]
  },
  {
    "label_id": "KE-n4BCpMYY4onuCOe_Cxg",
    "size": [
      2.008046796959962,
      4.605128188340819,
      1.6100000000000065
    ],
    "obj_class": "vehicle",
    "point_num_in_lidar": 260,
    "speed": 12.493095832417362,
    "if_vehicle": true,
    "motion_state": true,
    "pose": [
      [
        -0.07289028250107539,
        -0.997286949819465,
        0.010283308645632275,
        -5.1353600737111265
      ],
      [
        0.9966987382682982,
        -0.07320922070609832,
        -0.0351003580891692,
        113.64542611034449
      ],
      [
        0.035757962068545555,
        0.007690885735316721,
        0.9993308853554516,
        4.452875633949425
      ],
      [
        0.0,
        0.0,
        0.0,
        1.0
      ]
    ],
    "location": [
      -5.1353600737111265,
      113.64542611034449,
      4.452875633949425
    ],
    "rotation": [
      0.007695883327898499,
      -0.035765586667975545,
      1.6437980775062475
    ]
  },
  {
    "label_id": "KmzlNn9Mzd2YSIACl-NpAg",
    "size": [
      1.942739814786058,
      4.594445199358255,
      1.58843303291291
    ],
    "obj_class": "vehicle",
    "point_num_in_lidar": 337,
    "speed": 6.360801034272805,
    "if_vehicle": true,
    "motion_state": true,
    "pose": [
      [
        -0.04938239023820703,
        0.9987270062923401,
        0.010283308645632275,
        -19.919818943241808
      ],
      [
        -0.9981821220950101,
        -0.0489940403713999,
        -0.0351003580891692,
        92.37641756070843
      ],
      [
        -0.034551854715249394,
        -0.011997954426715347,
        0.9993308853554516,
        3.647699574313556
      ],
      [
        0.0,
        0.0,
        0.0,
        1.0
      ]
    ],
    "location": [
      -19.919818943241808,
      92.37641756070843,
      3.647699574313556
    ],
    "rotation": [
      -0.012005410996191346,
      0.034558733255150215,
      -1.620228349494954
    ]
  },
  {
    "label_id": "TgM5BFGmjRazpWsKkqcuYA",
    "size": [
      2.144653621788477,
      4.799152478878298,
      1.9413638776694953
    ],
    "obj_class": "vehicle",
    "point_num_in_lidar": 313,
    "speed": 6.764057724272372,
    "if_vehicle": true,
    "motion_state": true,
    "pose": [
      [
        -0.018069965673081913,
        0.999783841589707,
        0.010283308645632275,
        -12.369256312847028
      ],
      [
        -0.9992270585954598,
        -0.017698876593659898,
        -0.0351003580891692,
        111.79391482577194
      ],
      [
        -0.03491076784087036,
        -0.01090962251638857,
        0.9993308853554516,
        4.608647806483404
      ],
      [
        0.0,
        0.0,
        0.0,
        1.0
      ]
    ],
    "location": [
      -12.369256312847028,
      111.79391482577194,
      4.608647806483404
    ],
    "rotation": [
      -0.010916493532678059,
      0.03491786305073521,
      -1.5888782993586574
    ]
  },
  {
    "label_id": "VhCiQswTWqH5HBVl-Mq49A",
    "size": [
      1.8499381482382702,
      4.79973726511791,
      1.611069259308671
    ],
    "obj_class": "vehicle",
    "point_num_in_lidar": 63,
    "speed": 8.987733679556354e-13,
    "if_vehicle": true,
    "motion_state": false,
    "pose": [
      [
        -0.06237768460864276,
        0.9979996382895954,
        0.010283308645632275,
        -22.684862982724553
      ],
      [
        -0.9974598550307984,
        -0.061982275401527495,
        -0.0351003580891692,
        121.5565649954442
      ],
      [
        -0.034392761808313646,
        -0.012446666617445942,
        0.9993308853554516,
        4.700936665376112
      ],
      [
        0.0,
        0.0,
        0.0,
        1.0
      ]
    ],
    "location": [
      -22.684862982724553,
      121.5565649954442,
      4.700936665376112
    ],
    "rotation": [
      -0.012454356464809259,
      0.03439954573547806,
      -1.6332515310199396
    ]
  },
  {
    "label_id": "Wa0hsb4MqRWHVmT2a-UF7w",
    "size": [
      1.8840696058970958,
      4.075141294510927,
      1.7040363791192874
    ],
    "obj_class": "vehicle",
    "point_num_in_lidar": 41,
    "speed": 8.987733679556354e-13,
    "if_vehicle": true,
    "motion_state": false,
    "pose": [
      [
        -0.062377684608844845,
        0.9979996382895828,
        0.010283308645632275,
        -23.017311835527835
      ],
      [
        -0.9974598550307858,
        -0.06198227540172947,
        -0.0351003580891692,
        116.19515144869001
      ],
      [
        -0.03439276180831113,
        -0.012446666617452907,
        0.9993308853554516,
        4.560683391198914
      ],
      [
        0.0,
        0.0,
        0.0,
        1.0
      ]
    ],
    "location": [
      -23.017311835527835,
      116.19515144869001,
      4.560683391198914
    ],
    "rotation": [
      -0.012454356464816227,
      0.03439954573547554,
      -1.6332515310201423
    ]
  },
  {
    "label_id": "WhPgWq3c5JWYJlXPM99MEg",
    "size": [
      1.7706251348589062,
      3.2738170599658973,
      1.354965001718206
    ],
    "obj_class": "vehicle",
    "point_num_in_lidar": 42,
    "speed": 8.530274696671684,
    "if_vehicle": true,
    "motion_state": true,
    "pose": [
      [
        -0.07169674216874769,
        -0.9973734660224758,
        0.010283308645632275,
        0.7980071561387376
      ],
      [
        0.9967856365770132,
        -0.07201638407869744,
        -0.0351003580891692,
        128.85098828248738
      ],
      [
        0.03574873251104837,
        0.007733673030504588,
        0.9993308853554516,
        5.030064209310652
      ],
      [
        0.0,
        0.0,
        0.0,
        1.0
      ]
    ],
    "location": [
      0.7980071561387376,
      128.85098828248738,
      5.030064209310652
    ],
    "rotation": [
      0.007738696721935009,
      -0.03575635120573652,
      1.6426006123128716
    ]
  },
  {
    "label_id": "XI3OYRTBPymAN6wjcXJFqg",
    "size": [
      2.021272083395888,
      4.314208268686266,
      1.9326950383754067
    ],
    "obj_class": "vehicle",
    "point_num_in_lidar": 116,
    "speed": 6.903788701341272,
    "if_vehicle": true,
    "motion_state": true,
    "pose": [
      [
        -0.040632058122138465,
        0.9991212586148179,
        0.010283308645632275,
        -15.742366149566806
      ],
      [
        -0.9985729935374827,
        -0.04024849611603815,
        -0.0351003580891692,
        115.3920110979434
      ],
      [
        -0.034655626243797776,
        -0.011694834087725892,
        0.9993308853554516,
        4.713092176514394
      ],
      [
        0.0,
        0.0,
        0.0,
        1.0
      ]
    ],
    "location": [
      -15.742366149566806,
      115.3920110979434,
      4.713092176514394
    ],
    "rotation": [
      -0.011702130319997572,
      0.03466256696858942,
      -1.6114640155773776
    ]
  },
  {
    "label_id": "XcsySrm38AjcSMsSkQLqWw",
    "size": [
      2.006176335116354,
      4.642285728296807,
      1.6901769423508668
    ],
    "obj_class": "vehicle",
    "point_num_in_lidar": 658,
    "speed": 6.355287432313019e-13,
    "if_vehicle": true,
    "motion_state": false,
    "pose": [
      [
        0.0184205288363801,
        0.9997774440747734,
        0.010283308645632275,
        -24.384167994123345
      ],
      [
        -0.9992074921278222,
        0.01877105584777241,
        -0.0351003580891692,
        83.24361783701897
      ],
      [
        -0.035285574857385926,
        -0.009628591884229768,
        0.9993308853554516,
        3.3044894376324834
      ],
      [
        0.0,
        0.0,
        0.0,
        1.0
      ]
    ],
    "location": [
      -24.384167994123345,
      83.24361783701897,
      3.3044894376324834
    ],
    "rotation": [
      -0.009634740693438719,
      0.035292901141908806,
      -1.5523632759607868
    ]
  },
  {
    "label_id": "YgdCVe3dOGL4Z5GTzKu1ww",
    "size": [
      1.994946798567227,
      4.679545252489906,
      1.5632277465266071
    ],
    "obj_class": "vehicle",
    "point_num_in_lidar": 579,
    "speed": 7.628315044228996,
    "if_vehicle": true,
    "motion_state": true,
    "pose": [
      [
        -0.042548327920449484,
        0.999041487303942,
        0.010283308645632275,
        -13.35635213664682
      ],
      [
        -0.998493958918528,
        -0.04216371503102041,
        -0.0351003580891692,
        92.52677168668924
      ],
      [
        -0.03463313145499408,
        -0.011761283106461667,
        0.9993308853554516,
        3.7281406557483834
      ],
      [
        0.0,
        0.0,
        0.0,
        1.0
      ]
    ],
    "location": [
      -13.35635213664682,
      92.52677168668924,
      3.7281406557483834
    ],
    "rotation": [
      -0.011768614673493254,
      0.034640058668127416,
      -1.6133830666706865
    ]
  },
  {
    "label_id": "bFrA1Ozisvy9ERMCyRJyAw",
    "size": [
      1.781521570303266,
      4.362143754030355,
      1.8477154114121177
    ],
    "obj_class": "vehicle",
    "point_num_in_lidar": 36,
    "speed": 11.0510813391461,
    "if_vehicle": true,
    "motion_state": true,
    "pose": [
      [
        -0.06050004706594948,
        -0.9981152227415012,
        0.010283308645632275,
        -8.08654466000462
      ],
      [
        0.9975310172197439,
        -0.06082626526884023,
        -0.0351003580891692,
        159.39646276857457
      ],
      [
        0.035659696991998155,
        0.00813434601723573,
        0.9993308853554516,
        6.347215217657592
      ],
      [
        0.0,
        0.0,
        0.0,
        1.0
      ]
    ],
    "location": [
      -8.08654466000462,
      159.39646276857457,
      6.347215217657592
    ],
    "rotation": [
      0.008139612708097333,
      -0.035667258881502927,
      1.6313719161741518
    ]
  },
  {
    "label_id": "mxIQElm3nOZCG-pu8kA7DQ",
    "size": [
      0.726924437287495,
      1.0625333582279428,
      1.75
    ],
    "obj_class": "pedestrian",
    "point_num_in_lidar": 431,
    "speed": 1.2902108027880939,
    "if_vehicle": false,
    "motion_state": true,
    "pose": [
      [
        0.17066571597627947,
        0.9852753254565967,
        0.010283308645632275,
        7.189803412314177
      ],
      [
        -0.9846585860268471,
        0.1709252287569691,
        -0.0351003580891692,
        90.62381742997059
      ],
      [
        -0.03634119362258248,
        -0.004135120406374073,
        0.9993308853554516,
        3.9437206915119773
      ],
      [
        0.0,
        0.0,
        0.0,
        1.0
      ]
    ],
    "location": [
      7.189803412314177,
      90.62381742997059,
      3.9437206915119773
    ],
    "rotation": [
      -0.004137865512343192,
      0.03634919757582433,
      -1.3991765788605446
    ]
  },
  {
    "label_id": "nsfV68k9seq3oQV1r-NSBQ",
    "size": [
      2.0352056025273852,
      4.492268532478676,
      1.9018504961628153
    ],
    "obj_class": "vehicle",
    "point_num_in_lidar": 131,
    "speed": 7.120544132921719,
    "if_vehicle": true,
    "motion_state": true,
    "pose": [
      [
        -0.028129703982797856,
        0.9995513860313229,
        0.010283308645632275,
        -15.27570464652581
      ],
      [
        -0.9989983654335776,
        -0.02775303088046842,
        -0.0351003580891692,
        130.57621903823747
      ],
      [
        -0.034799218595829205,
        -0.011260371210974151,
        0.9993308853554516,
        5.2792912025765375
      ],
      [
        0.0,
        0.0,
        0.0,
        1.0
      ]
    ],
    "location": [
      -15.27570464652581,
      130.57621903823747,
      5.2792912025765375
    ],
    "rotation": [
      -0.011267433891572351,
      0.0348062459848881,
      -1.598946796417182
    ]
  },
  {
    "label_id": "rpFkQ_tvJyERzL61bjFlgA",
    "size": [
      1.9223080275528552,
      4.183597472936482,
      1.6891106017123363
    ],
    "obj_class": "vehicle",
    "point_num_in_lidar": 35,
    "speed": 9.078590390873199,
    "if_vehicle": true,
    "motion_state": true,
    "pose": [
      [
        -0.05561885317914432,
        -0.9983991169539042,
        0.010283308645632275,
        -0.5018294150449947
      ],
      [
        0.9978165135208601,
        -0.05594792406414408,
        -0.0351003580891692,
        145.2689883840976
      ],
      [
        0.03561949629222634,
        0.008308613517146821,
        0.9993308853554516,
        5.593363679022858
      ],
      [
        0.0,
        0.0,
        0.0,
        1.0
      ]
    ],
    "location": [
      -0.5018294150449947,
      145.2689883840976,
      5.593363679022858
    ],
    "rotation": [
      0.008313985088483453,
      -0.03562703262630132,
      1.6264792672852135
    ]
  },
  {
    "label_id": "ufgLBZkfDdpDtfCZ1TBc3A",
    "size": [
      2.1946002744023434,
      4.961569255371153,
      1.9429296663571307
    ],
    "obj_class": "vehicle",
    "point_num_in_lidar": 82,
    "speed": 4.7734382499870005,
    "if_vehicle": true,
    "motion_state": true,
    "pose": [
      [
        -0.03628039310265921,
        0.9992887403746803,
        0.010283308645632275,
        -18.625155306072884
      ],
      [
        -0.9987388100433675,
        -0.035899222486987674,
        -0.0351003580891692,
        130.16568449669467
      ],
      [
        -0.03470622983665419,
        -0.011543794229566614,
        0.9993308853554516,
        5.21706931805177
      ],
      [
        0.0,
        0.0,
        0.0,
        1.0
      ]
    ],
    "location": [
      -18.625155306072884,
      130.16568449669467,
      5.21706931805177
    ],
    "rotation": [
      -0.011551009761361662,
      0.03471320102109086,
      -1.6071065681775731
    ]
  },
  {
    "label_id": "vSvEkAOO1HJ1FgfOWAJoAQ",
    "size": [
      0.8671624690130318,
      0.8165992438954814,
      1.6000000000000014
    ],
    "obj_class": "pedestrian",
    "point_num_in_lidar": 167,
    "speed": 1.1720327837760056,
    "if_vehicle": false,
    "motion_state": true,
    "pose": [
      [
        -0.05618673887211236,
        0.9983673191457219,
        0.010283308645632275,
        7.006766430538846
      ],
      [
        -0.997825093880645,
        -0.05579468508822369,
        -0.0351003580891692,
        100.4430160887714
      ],
      [
        -0.034469296438990646,
        -0.012233118069005459,
        0.9993308853554516,
        4.202938667795323
      ],
      [
        0.0,
        0.0,
        0.0,
        1.0
      ]
    ],
    "location": [
      7.006766430538846,
      100.4430160887714,
      4.202938667795323
    ],
    "rotation": [
      -0.01224069751110748,
      0.03447612577228973,
      -1.6270461321682166
    ]
  },
  {
    "label_id": "yeEan0Lp_duAbRr1fVdkBA",
    "size": [
      2.026277888725064,
      4.703985658478942,
      1.5689551766383119
    ],
    "obj_class": "vehicle",
    "point_num_in_lidar": 389,
    "speed": 5.885190512352131,
    "if_vehicle": true,
    "motion_state": true,
    "pose": [
      [
        -0.03419796943130043,
        0.9993621728132772,
        0.010283308645632275,
        -19.59637588968326
      ],
      [
        -0.9988114493823199,
        -0.033817945602910966,
        -0.0351003580891692,
        109.04427306209436
      ],
      [
        -0.03473020975412028,
        -0.01147144738575082,
        0.9993308853554516,
        4.244724059713548
      ],
      [
        0.0,
        0.0,
        0.0,
        1.0
      ]
    ],
    "location": [
      -19.59637588968326,
      109.04427306209436,
      4.244724059713548
    ],
    "rotation": [
      -0.011478624075371955,
      0.03473719540378978,
      -1.60502162084399
    ]
  },
  {
    "label_id": "zO1ZwzFeUWbjdrHV-201Xw",
    "size": [
      1.8790449914503748,
      4.7398054430452214,
      1.648029127053924
    ],
    "obj_class": "vehicle",
    "point_num_in_lidar": 418,
    "speed": 6.884710029701422,
    "if_vehicle": true,
    "motion_state": true,
    "pose": [
      [
        -0.03757739076130772,
        0.9992408084475286,
        0.010283308645632275,
        -16.439397394157822
      ],
      [
        -0.9986913733203778,
        -0.037195506683868035,
        -0.0351003580891692,
        96.34618869292171
      ],
      [
        -0.03469121731835828,
        -0.01158883150536235,
        0.9993308853554516,
        3.8875122075649955
      ],
      [
        0.0,
        0.0,
        0.0,
        1.0
      ]
    ],
    "location": [
      -16.439397394157822,
      96.34618869292171,
      3.8875122075649955
    ],
    "rotation": [
      -0.011596071156057496,
      0.034698179457079044,
      -1.6084052150360757
    ]
  }
]