[
  {
    "label_id": "2v7kl2rxNcVM8hq8m9DrqQ",
    "size": [
      0.7015727228143793,
      0.9108334270475305,
      1.5400000000000063
    ],
    "obj_class": "pedestrian",
    "point_num_in_lidar": 245,
    "speed": 1.3130234568206667,
    "if_vehicle": false,
    "motion_state": true,
    "pose": [
      [
        -0.8429672055051819,
        0.537686939974791,
        0.017292918299980635,
        14.969967846466716
      ],
      [
        -0.5379646021962137,
        -0.8424943230300374,
        -0.028238315212290175,
        15.993732258057207
      ],
      [
        -0.0006141878001839692,
        -0.03310695157673942,
        0.9994516259082484,
        1.3095509775197414
      ],
      [
        0.0,
        0.0,
        0.0,
        1.0
      ]
    ],
    "location": [
      14.969967846466716,
      15.993732258057207,
      1.3095509775197414
    ],
    "rotation": [
      -0.03311300873362841,
      0.0006141878387986439,
      -2.5735718521857938
    ]
  },
  {
    "label_id": "3xp7fav1XDT13tIERFz4Yw",
    "size": [
      1.795024384530575,
      3.727424411905237,
      1.6243614469938237
    ],
    "obj_class": "vehicle",
    "point_num_in_lidar": 134,
    "speed": 14.214719667706637,
    "if_vehicle": true,
    "motion_state": true,
    "pose": [
      [
        -0.05431077980762926,
        -0.9983743256781783,
        0.017292918299980635,
        1.485589002013512
      ],
      [
        0.9980987983462472,
        -0.05478490936150996,
        -0.028238315212290175,
        59.83472886321215
      ],
      [
        0.02913979987001849,
        0.01572639605547738,
        0.9994516259082484,
        2.68365263780219
      ],
      [
        0.0,
        0.0,
        0.0,
        1.0
      ]
    ],
    "location": [
      1.485589002013512,
      59.83472886321215,
      2.68365263780219
    ],
    "rotation": [
      0.01573372631140236,
      -0.029143925349612073,
      1.6251569490485545
    ]
  },
  {
    "label_id": "9IJK3Kq48C7X4zJAJE1TEw",
    "size": [
      1.252680805774507,
      0.07205196289776222,
      0.5
    ],
    "obj_class": "sign",
    "point_num_in_lidar": 69,
    "speed": 0.03959483932672244,
    "if_vehicle": false,
    "motion_state": false,
    "pose": [
      [
        0.9993331961360887,
        0.03215770634077518,
        0.017292918299980635,
        -9.266699681216778
      ],
      [
        -0.031661542852275244,
        0.9990996668291832,
        -0.028238315212290175,
        15.876684810124061
      ],
      [
        -0.01818542836017001,
        0.02767196532080055,
        0.9994516259082484,
        1.8973759747248664
      ],
      [
        0.0,
        0.0,
        0.0,
        1.0
      ]
    ],
    "location": [
      -9.266699681216778,
      15.876684810124061,
      1.8973759747248664
    ],
    "rotation": [
      0.027680076699936076,
      0.01818643085927856,
      -0.03167207442705368
    ]
  },
  {
    "label_id": "BCWK7xbNu1NXnhLVRTU9ig",
    "size": [
      0.8919263245888785,
      0.11206330973182665,
      0.8979125246241182
    ],
    "obj_class": "sign",
    "point_num_in_lidar": 38,
    "speed": 0.03538876197444203,
    "if_vehicle": false,
    "motion_state": false,
    "pose": [
      [
        0.7671886393829775,
        -0.6411883861848761,
        0.017292918299980635,
        -35.971608036028556
      ],
      [
        0.6414032192909089,
        0.7666840991159458,
        -0.028238315212290175,
        22.964408519737844
      ],
      [
        0.00484787427164187,
        0.03275584809472679,
        0.9994516259082484,
        1.9046173002406022
      ],
      [
        0.0,
        0.0,
        0.0,
        1.0
      ]
    ],
    "location": [
      -35.971608036028556,
      22.964408519737844,
      1.9046173002406022
    ],
    "rotation": [
      0.0327620935906725,
      -0.0048478932608732655,
      0.6963356989761394
    ]
  },
  {
    "label_id": "CynpKhpJ_9Jr-tliCpnvFQ",
    "size": [
      2.278459720448874,
      4.538131144076009,
      1.5
    ],
    "obj_class": "vehicle",
    "point_num_in_lidar": 83,
    "speed": 1.7053025658242404e-12,
    "if_vehicle": true,
    "motion_state": false,
    "pose": [
      [
        -0.01449233030677163,
        0.9997454312668548,
        0.017292918299980635,
        -27.840515970435263
      ],
      [
        -0.9995031701592826,
        -0.014000371263494567,
        -0.028238315212290175,
        2.9738937683705444
      ],
      [
        -0.027989019343731422,
        -0.017693565653499357,
        0.9994516259082484,
        0.6236828731701429
      ],
      [
        0.0,
        0.0,
        0.0,
        1.0
      ]
    ],
    "location": [
      -27.840515970435263,
      2.9738937683705444,
      0.6236828731701429
    ],
    "rotation": [
      -0.01770142458101823,
      0.02799267499651828,
      -1.5852948449206619
    ]
  },
  {
    "label_id": "Hy-G9uME6Y3bqIq_4y3SdQ",
    "size": [
      0.37839213601427496,
      0.060384595174227174,
      0.5010192171370278
    ],
    "obj_class": "sign",
    "point_num_in_lidar": 46,
    "speed": 0.0015470965703732642,
    "if_vehicle": false,
    "motion_state": false,
    "pose": [
      [
        -0.06801360313827533,
        0.9975345130695074,
        0.017292918299980635,
        17.67983845458639
      ],
      [
        -0.9973189468530617,
        -0.06750937565902465,
        -0.028238315212290175,
        25.076893541541722
      ],
      [
        -0.02700125989744093,
        -0.01916714463109495,
        0.9994516259082484,
        2.674996443873887
      ],
      [
        0.0,
        0.0,
        0.0,
        1.0
      ]
    ],
    "location": [
      17.67983845458639,
      25.076893541541722,
      2.674996443873887
    ],
    "rotation": [
      -0.01917531061170216,
      0.027004541933581476,
      -1.6388873406134123
    ]
  },
  {
    "label_id": "Irrp7c9HrOs1nyK9NCdnZg",
    "size": [
      2.0041518735688215,
      4.917299256640257,
      2.0500000000000043
    ],
    "obj_class": "vehicle",
    "point_num_in_lidar": 1498,
    "speed": 14.19208770054633,
    "if_vehicle": true,
    "motion_state": true,
    "pose": [
      [
        -0.004030059438411746,
        -0.9998423443711478,
        0.017292918299980635,
        -0.6136420760985857
      ],
      [
        0.9995910114807841,
        -0.0045174462690972745,
        -0.028238315212290175,
        32.112875498360154
      ],
      [
        0.02831198311220371,
        0.017172043606186068,
        0.9994516259082484,
        1.9504023432952238
      ],
      [
        0.0,
        0.0,
        0.0,
        1.0
      ]
    ],
    "location": [
      -0.6136420760985857,
      32.112875498360154,
      1.9504023432952238
    ],
    "rotation": [
      0.01717977510411678,
      -0.028315766808940115,
      1.5748280133112544
    ]
  },
  {
    "label_id": "KE-n4BCpMYY4onuCOe_Cxg",
    "size": [
      2.008046796959536,
      4.605128188340819,
      1.6100000000000065
    ],
    "obj_class": "vehicle",
    "point_num_in_lidar": 313,
    "speed": 14.78271156019353,
    "if_vehicle": true,
    "motion_state": true,
    "pose": [
      [
        -0.03706644252191679,
        -0.9991631667627863,
        0.017292918299980635,
        -1.0983778766449177
      ],
      [
        0.998895866014372,
        -0.0375452582008595,
        -0.028238315212290175,
        45.46127805278229
      ],
      [
        0.028863951534176757,
        0.016227130713442815,
        0.9994516259082484,
        2.189346943468486
      ],
      [
        0.0,
        0.0,
        0.0,
        1.0
      ]
    ],
    "location": [
      -1.0983778766449177,
      45.46127805278229,
      2.189346943468486
    ],
    "rotation": [
      0.016234607705670544,
      -0.028867960930428246,
      1.6078867231207483
    ]
  },
  {
    "label_id": "MC21QQmx9zjBUMYEYDJ_MQ",
    "size": [
      2.236473192953795,
      5.064135743297141,
      1.9708326769564621
    ],
    "obj_class": "vehicle",
    "point_num_in_lidar": 33,
    "speed": 7.016067333751616,
    "if_vehicle": true,
    "motion_state": true,
    "pose": [
      [
        -0.03847608386486369,
        0.9991098768139038,
        0.017292918299980635,
        -14.311185643535282
      ],
      [
        -0.9988794895349008,
        -0.03797845363449398,
        -0.028238315212290175,
        68.89663402851693
      ],
      [
        -0.02755642133732252,
        -0.018360041188363933,
        0.9994516259082484,
        3.1445137820083673
      ],
      [
        0.0,
        0.0,
        0.0,
        1.0
      ]
    ],
    "location": [
      -14.311185643535282,
      68.89663402851693,
      3.1445137820083673
    ],
    "rotation": [
      -0.018368048901872665,
      0.02755991005353727,
      -1.6092965380701372
    ]
  },
  {
    "label_id": "NUde-sGysbBTLnbvmbwNVA",
    "size": [
      2.029422956119893,
      4.506119344955,
      1.600000000000005
    ],
    "obj_class": "vehicle",
    "point_num_in_lidar": 440,
    "speed": 8.813046330731497,
    "if_vehicle": true,
    "motion_state": true,
    "pose": [
      [
        -0.05373356124859849,
        0.9984055585643608,
        0.017292918299980635,
        -23.916546347449184
      ],
      [
        -0.9981827997488902,
        -0.0532324697852563,
        -0.028238315212290175,
        7.906192854692563
      ],
      [
        -0.027272746121540438,
        -0.018778838844520314,
        0.9994516259082484,
        0.8556488212300231
      ],
      [
        0.0,
        0.0,
        0.0,
        1.0
      ]
    ],
    "location": [
      -23.916546347449184,
      7.906192854692563,
      0.8556488212300231
    ],
    "rotation": [
      -0.01878693173625709,
      0.027276128177288684,
      -1.624575802820418
    ]
  },
  {
    "label_id": "P8RZnw2y2LdjAlYaVdCWug",
    "size": [
      2.1725022787577704,
      4.389178354671179,
      1.7000000000000028
    ],
    "obj_class": "vehicle",
    "point_num_in_lidar": 2711,
    "speed": 0.021523366314419517,
    "if_vehicle": true,
    "motion_state": false,
    "pose": [
      [
        -0.9984316795941582,
        0.05324599665193663,
        0.017292918299980635,
        12.820625615237077
      ],
      [
        -0.053720419782231486,
        -0.9981566580714633,
        -0.028238315212290175,
        19.31439270849478
      ],
      [
        0.015757464301361587,
        -0.02912301131665095,
        0.9994516259082484,
        1.4504739310873163
      ],
      [
        0.0,
        0.0,
        0.0,
        1.0
      ]
    ],
    "location": [
      12.820625615237077,
      19.31439270849478,
      1.4504739310873163
    ],
    "rotation": [
      -0.029130747464266648,
      -0.01575811646454095,
      -3.0878396814984703
    ]
  },
  {
    "label_id": "SU8Sxb1EooY9gTTC7120oA",
    "size": [
      2.1028812799100716,
      5.065435957019948,
      1.5401825314904904
    ],
    "obj_class": "vehicle",
    "point_num_in_lidar": 253,
    "speed": 0.003953961490069299,
    "if_vehicle": true,
    "motion_state": false,
    "pose": [
      [
        -0.05612868857473954,
        0.9982737727174594,
        0.017292918299980635,
        -27.538003202104846
      ],
      [
        -0.9980522167151956,
        -0.055627064131191326,
        -0.028238315212290175,
        9.391323862178979
      ],
      [
        -0.02722761518686927,
        -0.01884421504319641,
        0.9994516259082484,
        0.8515034928474954
      ],
      [
        0.0,
        0.0,
        0.0,
        1.0
      ]
    ],
    "location": [
      -27.538003202104846,
      9.391323862178979,
      0.8515034928474954
    ],
    "rotation": [
      -0.018852320640391447,
      0.027230980476783705,
      -1.6269753785729062
    ]
  },
  {
    "label_id": "VMicCPxMAMBakoaRu8Q30Q",
    "size": [
      2.095652681278678,
      4.578825266355873,
      1.6702277585449394
    ],
    "obj_class": "vehicle",
    "point_num_in_lidar": 31,
    "speed": 0.023082038500594575,
    "if_vehicle": true,
    "motion_state": false,
    "pose": [
      [
        -0.047903608519221666,
        0.9987022575660411,
        0.017292918299980635,
        -27.39365122043
      ],
      [
        -0.9984765770018557,
        -0.0474038261391269,
        -0.028238315212290175,
        14.291691364895087
      ],
      [
        -0.027381918659845277,
        -0.018619291067709345,
        0.9994516259082484,
        1.0972270450493227
      ],
      [
        0.0,
        0.0,
        0.0,
        1.0
      ]
    ],
    "location": [
      -27.39365122043,
      14.291691364895087,
      1.0972270450493227
    ],
    "rotation": [
      -0.018627352278919183,
      0.027385341502596652,
      -1.6187362645352825
    ]
  },
  {
    "label_id": "WhPgWq3c5JWYJlXPM99MEg",
    "size": [
      1.770625134857924,
      3.2738170599658973,
      1.354965001718206
    ],
    "obj_class": "vehicle",
    "point_num_in_lidar": 31,
    "speed": 13.125897728716298,
    "if_vehicle": true,
    "motion_state": true,
    "pose": [
      [
        -0.052549076187214966,
        -0.9984686021946511,
        0.017292918299980635,
        3.7411625114627896
      ],
      [
        0.9981939118873338,
        -0.053023691167562385,
        -0.028238315212290175,
        77.1329441844664
      ],
      [
        0.02911200547767139,
        0.0157777883883165,
        0.9994516259082484,
        3.1823167148709004
      ],
      [
        0.0,
        0.0,
        0.0,
        1.0
      ]
    ],
    "location": [
      3.7411625114627896,
      77.1329441844664,
      3.1823167148709004
    ],
    "rotation": [
      0.01578513407218964,
      -0.02911611916051346,
      1.6233919308783538
    ]
  },
  {
    "label_id": "YvFhZDTE3KuHZt69-u7dRw",
    "size": [
      2.307474170643422,
      5.163648807703874,
      1.8937874619420043
    ],
    "obj_class": "vehicle",
    "point_num_in_lidar": 199,
    "speed": 7.642105424823041,
    "if_vehicle": true,
    "motion_state": true,
    "pose": [
      [
        -0.04444835442090584,
        0.9988620018630919,
        0.017292918299980635,
        -21.161253654200664
      ],
      [
        -0.9986345936737469,
        -0.04394935576367013,
        -0.028238315212290175,
        59.050720981149425
      ],
      [
        -0.027446167443631243,
        -0.018524453082739593,
        0.9994516259082484,
        2.678524187103072
      ],
      [
        0.0,
        0.0,
        0.0,
        1.0
      ]
    ],
    "location": [
      -21.161253654200664,
      59.050720981149425,
      2.678524187103072
    ],
    "rotation": [
      -0.01853249501234467,
      0.02744961444244647,
      -1.615276097360134
    ]
  },
  {
    "label_id": "_gh7Md1A2bBhUnnXitrFhg",
    "size": [
      2.3518728150455366,
      4.605348809951782,
      1.880404506760101
    ],
    "obj_class": "vehicle",
    "point_num_in_lidar": 71,
    "speed": 7.942179484950132,
    "if_vehicle": true,
    "motion_state": true,
    "pose": [
      [
        -0.017154203658467135,
        0.9997033001213479,
        0.017292918299980635,
        -14.568230815294555
      ],
      [
        -0.999462349763924,
        -0.016661601314013244,
        -0.028238315212290175,
        56.53117509498588
      ],
      [
        -0.027941809197323274,
        -0.01776802656849782,
        0.9994516259082484,
        2.6773950755648173
      ],
      [
        0.0,
        0.0,
        0.0,
        1.0
      ]
    ],
    "location": [
      -14.568230815294555,
      56.53117509498588,
      2.6773950755648173
    ],
    "rotation": [
      -0.01777590291054017,
      0.027945446378583285,
      -1.5879580733203122
    ]
  },
  {
    "label_id": "eV23MXYHhjaWIFKvb3Gf_Q",
    "size": [
      2.255805950172927,
      4.874156877137269,
      1.930352215572853
    ],
    "obj_class": "vehicle",
    "point_num_in_lidar": 226,
    "speed": 8.941847931300124,
    "if_vehicle": true,
    "motion_state": true,
    "pose": [
      [
        -0.04278297385221158,
        0.9989347186503386,
        0.017292918299980635,
        -20.004749171986077
      ],
      [
        -0.9987064788384601,
        -0.04228435502707771,
        -0.028238315212290175,
        16.147763598821257
      ],
      [
        -0.02747701356489804,
        -0.018478668645572748,
        0.9994516259082484,
        1.3470777055962486
      ],
      [
        0.0,
        0.0,
        0.0,
        1.0
      ]
    ],
    "location": [
      -20.004749171986077,
      16.147763598821257,
      1.3470777055962486
    ],
    "rotation": [
      -0.018486701147212566,
      0.027480472201428047,
      -1.6136085371905837
    ]
  },
  {
    "label_id": "hkXyTKmj1eyZQHuKe7S-pw",
    "size": [
      1.9199112132113585,
      4.810574003597793,
      1.6962342671095918
    ],
    "obj_class": "vehicle",
    "point_num_in_lidar": 641,
    "speed": 11.160819483217486,
    "if_vehicle": true,
    "motion_state": true,
    "pose": [
      [
        -0.04031101311675114,
        0.9990375254204273,
        0.017292918299980635,
        -16.570787847529573
      ],
      [
        -0.9988080524920949,
        -0.039812960589735415,
        -0.028238315212290175,
        15.726846593079244
      ],
      [
        -0.027522654276969746,
        -0.018410621144026147,
        0.9994516259082484,
        1.1529498626011119
      ],
      [
        0.0,
        0.0,
        0.0,
        1.0
      ]
    ],
    "location": [
      -16.570787847529573,
      15.726846593079244,
      1.1529498626011119
    ],
    "rotation": [
      -0.01841863949005829,
      0.02752613018098393,
      -1.6111335541562177
    ]
  },
  {
    "label_id": "j5VWfzqmUOE09bXaZYLWMA",
    "size": [
      2.160858225404786,
      4.43773182420102,
      1.5999999999999979
    ],
    "obj_class": "vehicle",
    "point_num_in_lidar": 76,
    "speed": 0.22064365754945628,
    "if_vehicle": true,
    "motion_state": false,
    "pose": [
      [
        0.7109966675086641,
        0.7029827122826309,
        0.017292918299980635,
        -28.996081536659403
      ],
      [
        -0.7024600860302294,
        0.7111627275725114,
        -0.028238315212290175,
        23.289959775280295
      ],
      [
        -0.03214912636413045,
        0.007929763135279409,
        0.9994516259082484,
        1.2589590608386843
      ],
      [
        0.0,
        0.0,
        0.0,
        1.0
      ]
    ],
    "location": [
      -28.996081536659403,
      23.289959775280295,
      1.2589590608386843
    ],
    "rotation": [
      0.007933947519529768,
      0.03215466698388984,
      -0.7793587301661825
    ]
  },
  {
    "label_id": "jeT9AOAs1MWlqKZdZkEsww",
    "size": [
      1.066508797728296,
      0.1333632676679024,
      1.1377813311143967
    ],
    "obj_class": "sign",
    "point_num_in_lidar": 135,
    "speed": 0.03200748817628368,
    "if_vehicle": false,
    "motion_state": false,
    "pose": [
      [
        0.02310047927145234,
        0.9995835747120394,
        0.017292918299980635,
        9.109700170723954
      ],
      [
        -0.9993229910517815,
        0.023582983468854655,
        -0.028238315212290175,
        29.808744868063513
      ],
      [
        -0.028634374670143077,
        -0.01662889222432849,
        0.9994516259082484,
        3.583762697628451
      ],
      [
        0.0,
        0.0,
        0.0,
        1.0
      ]
    ],
    "location": [
      9.109700170723954,
      29.808744868063513,
      3.583762697628451
    ],
    "rotation": [
      -0.016636481071180043,
      0.02863828913274715,
      -1.5476843137872631
    ]
  },
  {
    "label_id": "oj9AHkGu3yr8l-vvDS_4kQ",
    "size": [
      0.8162679413650096,
      0.10918232354307272,
      0.8300000000000054
    ],
    "obj_class": "sign",
    "point_num_in_lidar": 24,
    "speed": 0.042234609109729475,
    "if_vehicle": false,
    "motion_state": false,
    "pose": [
      [
        -0.2270733617695832,
        -0.9737241104909182,
        0.017292918299980635,
        -36.070496666850886
      ],
      [
        0.9733703418552874,
        -0.2274923628399256,
        -0.028238315212290175,
        23.035335304206455
      ],
      [
        0.031430335206309806,
        0.01042024463136381,
        0.9994516259082484,
        2.801520949817281
      ],
      [
        0.0,
        0.0,
        0.0,
        1.0
      ]
    ],
    "location": [
      -36.070496666850886,
      23.035335304206455,
      2.801520949817281
    ],
    "rotation": [
      0.010425584213692175,
      -0.031435512334514644,
      1.7999830664471006
    ]
  },
  {
    "label_id": "vHUGII2tkdJzf6ynEYAT5g",
    "size": [
      0.6363732731586652,
      0.04229254459855247,
      0.48925892798047244
    ],
    "obj_class": "sign",
    "point_num_in_lidar": 34,
    "speed": 0.043138675970271545,
    "if_vehicle": false,
    "motion_state": false,
    "pose": [
      [
        -0.9912896551199141,
        0.13055946778733327,
        0.017292918299980635,
        30.318343738358635
      ],
      [
        -0.13101111999841816,
        -0.9909786496139719,
        -0.028238315212290175,
        21.639337894104756
      ],
      [
        0.01345013341947199,
        -0.03025791434248016,
        0.9994516259082484,
        2.573210815631228
      ],
      [
        0.0,
        0.0,
        0.0,
        1.0
      ]
    ],
    "location": [
      30.318343738358635,
      21.639337894104756,
      2.573210815631228
    ],
    "rotation": [
      -0.030265271853727495,
      -0.013450538987661492,
      -3.0101918767073914
    ]
  },
  {
    "label_id": "wvJjNCZxNjmgpMyruR4ATg",
    "size": [
      2.094735451517048,
      4.9458554096432605,
      2.107276392445769
    ],
    "obj_class": "vehicle",
    "point_num_in_lidar": 87,
    "speed": 9.50714633999727,
    "if_vehicle": true,
    "motion_state": true,
    "pose": [
      [
        -0.04330908565045463,
        0.9989120472177676,
        0.017292918299980635,
        -19.36740283635936
      ],
      [
        -0.998684070049506,
        -0.042810346685408174,
        -0.028238315212290175,
        37.43777510954533
      ],
      [
        -0.027467277431064804,
        -0.018493137643011855,
        0.9994516259082484,
        2.11887221372735
      ],
      [
        0.0,
        0.0,
        0.0,
        1.0
      ]
    ],
    "location": [
      -19.36740283635936,
      37.43777510954533,
      2.11887221372735
    ],
    "rotation": [
      -0.018501173132508254,
      0.027470732391492305,
      -1.6141353247675494
    ]
  },
  {
    "label_id": "y_x957F4Sj2Y7oBdebuGsw",
    "size": [
      0.8311544738383763,
      1.0128335897740701,
      1.6394816058476493
    ],
    "obj_class": "pedestrian",
    "point_num_in_lidar": 383,
    "speed": 1.460210829611964,
    "if_vehicle": false,
    "motion_state": true,
    "pose": [
      [
        -0.8437934956557112,
        0.5363893097981964,
        0.017292918299980635,
        14.301865299844394
      ],
      [
        -0.5366676992704073,
        -0.8433210409528386,
        -0.028238315212290175,
        16.54599873132247
      ],
      [
        -0.0005632485447321828,
        -0.0331078573821279,
        0.9994516259082484,
        1.4427214752082946
      ],
      [
        0.0,
        0.0,
        0.0,
        1.0
      ]
    ],
    "location": [
      14.301865299844394,
      16.54599873132247,
      1.4427214752082946
    ],
    "rotation": [
      -0.03311391404261104,
      0.0005632485745138527,
      -2.575109614813131
    ]
  },
  {
    "label_id": "zGSL7-WtQCAIg8O9FG7c0g",
    "size": [
      0.6832150109731359,
      0.08029782463586578,
      1.0051654142225743
    ],
    "obj_class": "sign",
    "point_num_in_lidar": 63,
    "speed": 0.03434529233691248,
    "if_vehicle": false,
    "motion_state": false,
    "pose": [
      [
        0.04542102551376925,
        0.9988182444358671,
        0.017292918299980635,
        8.46869253173827
      ],
      [
        -0.9985469487579413,
        0.04589758904536076,
        -0.028238315212290175,
        55.10466401859594
      ],
      [
        -0.028998647683693826,
        -0.015985177567842734,
        0.9994516259082484,
        4.233779397107753
      ],
      [
        0.0,
        0.0,
        0.0,
        1.0
      ]
    ],
    "location": [
      8.46869253173827,
      55.10466401859594,
      4.233779397107753
    ],
    "rotation": [
      -0.01599258465929278,
      0.029002713487152477,
      -1.5253405394103239
    ]
  },
  {
    "label_id": "zk6YTcypRhSge1DTmTYl4Q",
    "size": [
      2.0360036326112447,
      4.473933843650242,
      1.5680952088007807
    ],
    "obj_class": "vehicle",
    "point_num_in_lidar": 212,
    "speed": 8.659965729189178,
    "if_vehicle": true,
    "motion_state": true,
    "pose": [
      [
        -0.05673158972344771,
        0.9982396915090685,
        0.017292918299980635,
        -23.49187039818935
      ],
      [
        -0.9980184385052747,
        -0.05622983156176376,
        -0.028238315212290175,
        18.385633029782184
      ],
      [
        -0.027216229183033132,
        -0.018860655832051,
        0.9994516259082484,
        1.2021806655752982
      ],
      [
        0.0,
        0.0,
        0.0,
        1.0
      ]
    ],
    "location": [
      -23.49187039818935,
      18.385633029782184,
      1.2021806655752982
    ],
    "rotation": [
      -0.018868764599061463,
      0.027219590251898847,
      -1.6275794490003395
    ]
  }
]