[
  {
    "label_id": "3xp7fav1XDT13tIERFz4Yw",
    "size": [
      1.7950243845303628,
      3.727424411905237,
      1.6243614469938237
    ],
    "obj_class": "vehicle",
    "point_num_in_lidar": 143,
    "speed": 13.051770239212116,
    "if_vehicle": true,
    "motion_state": true,
    "pose": [
      [
        -0.06256582079501263,
        -0.9978683948115363,
        0.01855221562225374,
        0.48608701618013583
      ],
      [
        0.9975855157590092,
        -0.06308790623819249,
        -0.02903540656358409,
        76.20279958747597
      ],
      [
        0.03014393497999147,
        0.016690797546230807,
        0.9994062039337122,
        3.242358383390794
      ],
      [
        0.0,
        0.0,
        0.0,
        1.0
      ]
    ],
    "location": [
      0.48608701618013583,
      76.20279958747597,
      3.242358383390794
    ],
    "rotation": [
      0.016699161937608193,
      -0.030148501929640657,
      1.6334315391357013
    ]
  },
  {
    "label_id": "7gf2yqip20V9--hF0_jkhA",
    "size": [
      1.9511554309380912,
      4.681390991234428,
      1.6050989728054645
    ],
    "obj_class": "vehicle",
    "point_num_in_lidar": 161,
    "speed": 8.504437364444756,
    "if_vehicle": true,
    "motion_state": true,
    "pose": [
      [
        -0.033613823751999186,
        0.99926269126205,
        0.01855221562225374,
        -17.484704227773364
      ],
      [
        -0.9990312910926932,
        -0.03306697118506685,
        -0.02903540656358409,
        70.64582065526156
      ],
      [
        -0.028400532925214612,
        -0.019510234964526137,
        0.9994062039337122,
        2.991739243574962
      ],
      [
        0.0,
        0.0,
        0.0,
        1.0
      ]
    ],
    "location": [
      -17.484704227773364,
      70.64582065526156,
      2.991739243574962
    ],
    "rotation": [
      -0.019519347581494144,
      0.02840435224391391,
      -1.6044300559206635
    ]
  },
  {
    "label_id": "7qnkRkOCwlcWL7cUTN8T4w",
    "size": [
      1.9928835678157337,
      4.768131306482232,
      1.5762745892744547
    ],
    "obj_class": "vehicle",
    "point_num_in_lidar": 303,
    "speed": 7.653591825648785,
    "if_vehicle": true,
    "motion_state": true,
    "pose": [
      [
        -0.038375271891016846,
        0.9990911639098786,
        0.01855221562225374,
        -22.66704407229372
      ],
      [
        -0.9988623723081441,
        -0.03782732283196606,
        -0.02903540656358409,
        39.85120770636058
      ],
      [
        -0.028307237488616514,
        -0.019645351729360334,
        0.9994062039337122,
        1.8719388733210778
      ],
      [
        0.0,
        0.0,
        0.0,
        1.0
      ]
    ],
    "location": [
      -22.66704407229372,
      39.85120770636058,
      1.8719388733210778
    ],
    "rotation": [
      -0.019654492764227968,
      0.02831101928255698,
      -1.6091964195355266
    ]
  },
  {
    "label_id": "BCWK7xbNu1NXnhLVRTU9ig",
    "size": [
      0.8919263245888726,
      0.11206330973182665,
      0.8979125246241182
    ],
    "obj_class": "sign",
    "point_num_in_lidar": 30,
    "speed": 0.0548905455687267,
    "if_vehicle": false,
    "motion_state": false,
    "pose": [
      [
        0.7671713186825077,
        -0.6411739101729326,
        0.01855221562225374,
        -35.977289006476894
      ],
      [
        0.6414272060966086,
        0.7666342572862148,
        -0.02903540656358409,
        23.02121741157498
      ],
      [
        0.004393981115253834,
        0.03417502697535161,
        0.9994062039337122,
        1.8788319634450943
      ],
      [
        0.0,
        0.0,
        0.0,
        1.0
      ]
    ],
    "location": [
      -35.977289006476894,
      23.02121741157498,
      1.8788319634450943
    ],
    "rotation": [
      0.03418201293542358,
      -0.004393995254526871,
      0.6963652115657151
    ]
  },
  {
    "label_id": "E3zkWM8dSkQexh837Y6aQA",
    "size": [
      2.1039497370066433,
      4.837854585813398,
      1.644604311013822
    ],
    "obj_class": "vehicle",
    "point_num_in_lidar": 73,
    "speed": 8.987733679556354e-13,
    "if_vehicle": true,
    "motion_state": false,
    "pose": [
      [
        0.006864071440826015,
        0.9998043307661558,
        0.01855221562225374,
        -26.182964576787526
      ],
      [
        -0.9995509835703237,
        0.007401108652481659,
        -0.02903540656358409,
        39.07838636264751
      ],
      [
        -0.029167032191392005,
        -0.018344584267666577,
        0.9994062039337122,
        1.730797851449715
      ],
      [
        0.0,
        0.0,
        0.0,
        1.0
      ]
    ],
    "location": [
      -26.182964576787526,
      39.07838636264751,
      1.730797851449715
    ],
    "rotation": [
      -0.018353422631982995,
      0.02917116925103854,
      -1.5639292798323154
    ]
  },
  {
    "label_id": "FsFnw3fmuCKl8WXW6Zxtpg",
    "size": [
      2.0450833793675427,
      4.448477058943646,
      1.8706075318793083
    ],
    "obj_class": "vehicle",
    "point_num_in_lidar": 28,
    "speed": 7.228278357991148,
    "if_vehicle": true,
    "motion_state": true,
    "pose": [
      [
        -0.03309592248505057,
        0.9992799783896248,
        0.01855221562225374,
        -13.251471611353736
      ],
      [
        -0.9990482948292083,
        -0.03254918992138561,
        -0.02903540656358409,
        88.93789988698154
      ],
      [
        -0.028410640853641037,
        -0.019495512947666705,
        0.9994062039337122,
        3.8266305686352737
      ],
      [
        0.0,
        0.0,
        0.0,
        1.0
      ]
    ],
    "location": [
      -13.251471611353736,
      88.93789988698154,
      3.8266305686352737
    ],
    "rotation": [
      -0.0195046224251141,
      0.028414464252739167,
      -1.6039116664887711
    ]
  },
  {
    "label_id": "Irrp7c9HrOs1nyK9NCdnZg",
    "size": [
      2.004151873568447,
      4.917299256640257,
      2.0500000000000043
    ],
    "obj_class": "vehicle",
    "point_num_in_lidar": 1567,
    "speed": 14.392196681232106,
    "if_vehicle": true,
    "motion_state": true,
    "pose": [
      [
        -0.04601350810155299,
        -0.9987685279221076,
        0.01855221562225374,
        -1.2360743560157061
      ],
      [
        0.9984943434315353,
        -0.046540211655241824,
        -0.02903540656358409,
        49.250959946144576
      ],
      [
        0.02986307431286415,
        0.017188261441797154,
        0.9994062039337122,
        2.494392140060711
      ],
      [
        0.0,
        0.0,
        0.0,
        1.0
      ]
    ],
    "location": [
      -1.2360743560157061,
      49.250959946144576,
      2.494392140060711
    ],
    "rotation": [
      0.01719677843090785,
      -0.029867514759339634,
      1.6168466403578712
    ]
  },
  {
    "label_id": "KE-n4BCpMYY4onuCOe_Cxg",
    "size": [
      2.008046796959808,
      4.605128188340819,
      1.6100000000000065
    ],
    "obj_class": "vehicle",
    "point_num_in_lidar": 371,
    "speed": 14.605876231593953,
    "if_vehicle": true,
    "motion_state": true,
    "pose": [
      [
        -0.048698956178080045,
        -0.9986411902994343,
        0.01855221562225374,
        -1.9169218246061064
      ],
      [
        0.9983655905333313,
        -0.04922492056590766,
        -0.02903540656358409,
        63.12583501554036
      ],
      [
        0.02990918431181265,
        0.017107899713560328,
        0.9994062039337122,
        2.811986940950959
      ],
      [
        0.0,
        0.0,
        0.0,
        1.0
      ]
    ],
    "location": [
      -1.9169218246061064,
      63.12583501554036,
      2.811986940950959
    ],
    "rotation": [
      0.0171163926219647,
      -0.029913645364378138,
      1.619536375105379
    ]
  },
  {
    "label_id": "MC21QQmx9zjBUMYEYDJ_MQ",
    "size": [
      2.236473192952828,
      5.064135743297141,
      1.9708326769564621
    ],
    "obj_class": "vehicle",
    "point_num_in_lidar": 292,
    "speed": 7.798793167142721,
    "if_vehicle": true,
    "motion_state": true,
    "pose": [
      [
        -0.04222518631505196,
        0.9989358582692708,
        0.01855221562225374,
        -14.670938599276269
      ],
      [
        -0.9987091799986921,
        -0.04167635963021751,
        -0.02903540656358409,
        60.04523877714564
      ],
      [
        -0.0282313199655807,
        -0.019754293503140577,
        0.9994062039337122,
        2.823745115497381
      ],
      [
        0.0,
        0.0,
        0.0,
        1.0
      ]
    ],
    "location": [
      -14.670938599276269,
      60.04523877714564,
      2.823745115497381
    ],
    "rotation": [
      -0.019763456928126748,
      0.02823507140648442,
      -1.6130509228637804
    ]
  },
  {
    "label_id": "PLteM9_FR8jNUeu-GWJxnA",
    "size": [
      2.2073489760601137,
      5.064496592028604,
      2.028782722337752
    ],
    "obj_class": "vehicle",
    "point_num_in_lidar": 52,
    "speed": 7.090585967406,
    "if_vehicle": true,
    "motion_state": true,
    "pose": [
      [
        -0.055831927295306144,
        0.9982678053458387,
        0.01855221562225374,
        -21.301471792857228
      ],
      [
        -0.9980486259683119,
        -0.0552800630286555,
        -0.02903540656358409,
        67.82144313248136
      ],
      [
        -0.027959543938633848,
        -0.020137116018705874,
        0.9994062039337122,
        3.027645465914297
      ],
      [
        0.0,
        0.0,
        0.0,
        1.0
      ]
    ],
    "location": [
      -21.301471792857228,
      67.82144313248136,
      3.027645465914297
    ],
    "rotation": [
      -0.02014635438298679,
      0.027963188051503288,
      -1.6266791712860895
    ]
  },
  {
    "label_id": "R82mg4bZtgFrGpbuac_dJw",
    "size": [
      0.5946430773815106,
      0.08124567195900989,
      0.6152117557799812
    ],
    "obj_class": "sign",
    "point_num_in_lidar": 35,
    "speed": 0.03814995295394583,
    "if_vehicle": false,
    "motion_state": false,
    "pose": [
      [
        0.825385860400889,
        -0.564264119668963,
        0.01855221562225374,
        -27.961108979470737
      ],
      [
        0.5645679890493689,
        0.8248757063378938,
        -0.02903540656358409,
        41.64967828162298
      ],
      [
        0.0010803661582917453,
        0.03443940109483955,
        0.9994062039337122,
        3.6588423119760165
      ],
      [
        0.0,
        0.0,
        0.0,
        1.0
      ]
    ],
    "location": [
      -27.961108979470737,
      41.64967828162298,
      3.6588423119760165
    ],
    "rotation": [
      0.034446232778537485,
      -0.0010803663684574717,
      0.5999101546257798
    ]
  },
  {
    "label_id": "VBvOSXgR2cprza3ttOFT5A",
    "size": [
      2.3653420767471,
      5.510889402979546,
      2.156534259451341
    ],
    "obj_class": "vehicle",
    "point_num_in_lidar": 85,
    "speed": 7.050491733441257,
    "if_vehicle": true,
    "motion_state": true,
    "pose": [
      [
        -0.02466121274487047,
        0.9995237065129859,
        0.01855221562225374,
        -13.773393363331706
      ],
      [
        -0.9992874169953907,
        -0.02411645497098055,
        -0.02903540656358409,
        75.7364802862594
      ],
      [
        -0.02857416351587904,
        -0.01925504396710183,
        0.9994062039337122,
        3.4661083426330848
      ],
      [
        0.0,
        0.0,
        0.0,
        1.0
      ]
    ],
    "location": [
      -13.773393363331706,
      75.7364802862594,
      3.4661083426330848
    ],
    "rotation": [
      -0.019264100970755055,
      0.028578053330837887,
      -1.5954701169115786
    ]
  },
  {
    "label_id": "Wh04EPqM-TOaxhy4VHXE9w",
    "size": [
      2.1030384020815456,
      4.644858193398564,
      1.5
    ],
    "obj_class": "vehicle",
    "point_num_in_lidar": 353,
    "speed": 4.0194366942304643e-13,
    "if_vehicle": true,
    "motion_state": false,
    "pose": [
      [
        -0.022857881960758903,
        0.999566572334116,
        0.01855221562225374,
        -26.09349254384233
      ],
      [
        -0.9993293003763649,
        -0.022313551375173435,
        -0.02903540656358409,
        44.341646596512874
      ],
      [
        -0.028608855998678785,
        -0.019203460554131344,
        0.9994062039337122,
        1.9300800176595203
      ],
      [
        0.0,
        0.0,
        0.0,
        1.0
      ]
    ],
    "location": [
      -26.09349254384233,
      44.341646596512874,
      1.9300800176595203
    ],
    "rotation": [
      -0.019212506010212887,
      0.028612760002448015,
      -1.593665562098809
    ]
  },
  {
    "label_id": "WhPgWq3c5JWYJlXPM99MEg",
    "size": [
      1.7706251348602047,
      3.2738170599658973,
      1.354965001718206
    ],
    "obj_class": "vehicle",
    "point_num_in_lidar": 28,
    "speed": 11.934067706672415,
    "if_vehicle": true,
    "motion_state": true,
    "pose": [
      [
        -0.04940426229169724,
        -0.9986065462247474,
        0.01855221562225374,
        2.9584593702920756
      ],
      [
        0.9983305750503296,
        -0.049930031898302,
        -0.02903540656358409,
        92.36345404886015
      ],
      [
        0.02992125978449537,
        0.017086771249008908,
        0.9994062039337122,
        3.8103319214037086
      ],
      [
        0.0,
        0.0,
        0.0,
        1.0
      ]
    ],
    "location": [
      2.9584593702920756,
      92.36345404886015,
      3.8103319214037086
    ],
    "rotation": [
      0.017095257789414942,
      -0.029925726243984364,
      1.6202428659894068
    ]
  },
  {
    "label_id": "YvFhZDTE3KuHZt69-u7dRw",
    "size": [
      2.307474170642604,
      5.163648807703874,
      1.8937874619420043
    ],
    "obj_class": "vehicle",
    "point_num_in_lidar": 207,
    "speed": 8.009246026142034,
    "if_vehicle": true,
    "motion_state": true,
    "pose": [
      [
        -0.047408029494097434,
        0.9987033063102336,
        0.01855221562225374,
        -21.569166868363027
      ],
      [
        -0.9984794789164512,
        -0.04685803397945076,
        -0.02903540656358409,
        49.61139464943335
      ],
      [
        -0.02812843618509162,
        -0.019900517997993063,
        0.9994062039337122,
        2.322493230905458
      ],
      [
        0.0,
        0.0,
        0.0,
        1.0
      ]
    ],
    "location": [
      -21.569166868363027,
      49.61139464943335,
      2.322493230905458
    ],
    "rotation": [
      -0.01990971073731644,
      0.028132146751314674,
      -1.6182409197963448
    ]
  },
  {
    "label_id": "_gh7Md1A2bBhUnnXitrFhg",
    "size": [
      2.3518728150443384,
      4.605348809951782,
      1.880404506760101
    ],
    "obj_class": "vehicle",
    "point_num_in_lidar": 695,
    "speed": 8.190858398484242,
    "if_vehicle": true,
    "motion_state": true,
    "pose": [
      [
        -0.03570627091487835,
        0.9991901107961683,
        0.01855221562225374,
        -14.752142292230928
      ],
      [
        -0.9989598562788998,
        -0.035158934979993436,
        -0.02903540656358409,
        46.72605511898473
      ],
      [
        -0.028359614958481733,
        -0.01956966474454472,
        0.9994062039337122,
        2.283500063921565
      ],
      [
        0.0,
        0.0,
        0.0,
        1.0
      ]
    ],
    "location": [
      -14.752142292230928,
      46.72605511898473,
      2.283500063921565
    ],
    "rotation": [
      -0.019578789948985677,
      0.02836341778896717,
      -1.6065245658178164
    ]
  },
  {
    "label_id": "pC4vXUsr5ItrWoxEPNQwmw",
    "size": [
      2.0896992103480443,
      4.178589899111737,
      1.8999999999999986
    ],
    "obj_class": "vehicle",
    "point_num_in_lidar": 54,
    "speed": 7.105427357601002e-13,
    "if_vehicle": true,
    "motion_state": false,
    "pose": [
      [
        0.9998278928373151,
        -7.812833975547771e-16,
        0.01855221562225374,
        32.320580393718956
      ],
      [
        0.0005387638483654984,
        0.9995782385082236,
        -0.02903540656358409,
        60.209940447597546
      ],
      [
        -0.018544391012117113,
        0.029040404625227372,
        0.9994062039337122,
        0.08941512426127574
      ],
      [
        0.0,
        0.0,
        0.0,
        1.0
      ]
    ],
    "location": [
      32.320580393718956,
      60.209940447597546,
      0.08941512426127574
    ],
    "rotation": [
      0.029049484835164358,
      0.018545454062122536,
      0.0005388565372889238
    ]
  },
  {
    "label_id": "w8K1yDSEUEF7IPMaOUiaFg",
    "size": [
      1.9948180562405635,
      4.4615623010349745,
      1.6359985482623287
    ],
    "obj_class": "vehicle",
    "point_num_in_lidar": 263,
    "speed": 8.243469198553592,
    "if_vehicle": true,
    "motion_state": true,
    "pose": [
      [
        -0.033944718801666406,
        0.9992515055585262,
        0.01855221562225374,
        -18.146226540594398
      ],
      [
        -0.9990202864871872,
        -0.03339778963862238,
        -0.02903540656358409,
        54.98082549619539
      ],
      [
        -0.028394070728482913,
        -0.01951963847700892,
        0.9994062039337122,
        2.461738905714512
      ],
      [
        0.0,
        0.0,
        0.0,
        1.0
      ]
    ],
    "location": [
      -18.146226540594398,
      54.98082549619539,
      2.461738905714512
    ],
    "rotation": [
      -0.01952875309487793,
      0.028397887440025738,
      -1.6047612674334728
    ]
  },
  {
    "label_id": "wvJjNCZxNjmgpMyruR4ATg",
    "size": [
      2.094735451518286,
      4.9458554096432605,
      2.107276392445769
    ],
    "obj_class": "vehicle",
    "point_num_in_lidar": 344,
    "speed": 9.79450561164851,
    "if_vehicle": true,
    "motion_state": true,
    "pose": [
      [
        -0.049451920163999206,
        0.998604187297249,
        0.01855221562225374,
        -19.836065202998725
      ],
      [
        -0.9983814860171725,
        -0.0489014677062963,
        -0.02903540656358409,
        25.981185415683285
      ],
      [
        -0.028087648001141205,
        -0.019958045209168305,
        0.9994062039337122,
        1.7119506108833349
      ],
      [
        0.0,
        0.0,
        0.0,
        1.0
      ]
    ],
    "location": [
      -19.836065202998725,
      25.981185415683285,
      1.7119506108833349
    ],
    "rotation": [
      -0.019967249248108335,
      0.02809134244520996,
      -1.6202879670613495
    ]
  },
  {
    "label_id": "zGSL7-WtQCAIg8O9FG7c0g",
    "size": [
      0.6832150109731352,
      0.08029782463586578,
      1.0051654142225743
    ],
    "obj_class": "sign",
    "point_num_in_lidar": 160,
    "speed": 0.005572683786237054,
    "if_vehicle": false,
    "motion_state": false,
    "pose": [
      [
        0.04542000005023369,
        0.9987956942693248,
        0.01855221562225374,
        8.464266642872644
      ],
      [
        -0.9985218228111131,
        0.04594686644004793,
        -0.02903540656358409,
        55.10816866073765
      ],
      [
        -0.02985285523042974,
        -0.017206003992741064,
        0.9994062039337122,
        4.2223554996052
      ],
      [
        0.0,
        0.0,
        0.0,
        1.0
      ]
    ],
    "location": [
      8.464266642872644,
      55.10816866073765,
      4.2223554996052
    ],
    "rotation": [
      -0.01721452626855904,
      0.029857291118711153,
      -1.5253404220358835
    ]
  }
]