[
  {
    "label_id": "3xp7fav1XDT13tIERFz4Yw",
    "size": [
      1.795024384530074,
      3.727424411905237,
      1.6243614469938237
    ],
    "obj_class": "vehicle",
    "point_num_in_lidar": 193,
    "speed": 11.424476670580212,
    "if_vehicle": true,
    "motion_state": true,
    "pose": [
      [
        -0.058529562042470944,
        -0.9982737317364936,
        -0.004883327964798313,
        -4.043897858591663
      ],
      [
        0.9976904396214127,
        -0.058325063886501195,
        -0.03481341136211628,
        142.95592899065014
      ],
      [
        0.03446849365941186,
        -0.0069096633442442155,
        0.9993818987240666,
        5.599805991876842
      ],
      [
        0.0,
        0.0,
        0.0,
        1.0
      ]
    ],
    "location": [
      -4.043897858591663,
      142.95592899065014,
      5.599805991876842
    ],
    "rotation": [
      -0.006913826692722281,
      -0.03447532251539246,
      1.6293942176283922
    ]
  },
  {
    "label_id": "57e-MJPQLDAfBYBJZHHzUQ",
    "size": [
      2.1471671139103763,
      4.112893788811498,
      1.740000000000002
    ],
    "obj_class": "vehicle",
    "point_num_in_lidar": 202,
    "speed": 3.1776437161565096e-13,
    "if_vehicle": true,
    "motion_state": false,
    "pose": [
      [
        0.1374346922946276,
        -0.9904987927614396,
        -0.004883327964798313,
        2.794817909590165
      ],
      [
        0.9898868052907568,
        0.13752141324387146,
        -0.03481341136211628,
        145.62488450121964
      ],
      [
        0.03515420408913594,
        -4.937143998247312e-05,
        0.9993818987240666,
        5.67172320073233
      ],
      [
        0.0,
        0.0,
        0.0,
        1.0
      ]
    ],
    "location": [
      2.794817909590165,
      145.62488450121964,
      5.67172320073233
    ],
    "rotation": [
      -4.94019753663161e-05,
      -0.035161448818864904,
      1.432839448279775
    ]
  },
  {
    "label_id": "7WHYlrlrIcpHndiOMhqKJA",
    "size": [
      1.9237995339179657,
      4.326123888927041,
      1.531235654199186
    ],
    "obj_class": "vehicle",
    "point_num_in_lidar": 36,
    "speed": 3.7195326589879776,
    "if_vehicle": true,
    "motion_state": true,
    "pose": [
      [
        0.036901432826061335,
        0.9993069785423155,
        -0.004883327964798313,
        -18.39274229838884
      ],
      [
        -0.9987193954167538,
        0.03670961192556898,
        -0.03481341136211628,
        151.4618609198169
      ],
      [
        -0.03461001984653411,
        0.006161739113450273,
        0.9993818987240666,
        5.691719075361206
      ],
      [
        0.0,
        0.0,
        0.0,
        1.0
      ]
    ],
    "location": [
      -18.39274229838884,
      151.4618609198169,
      5.691719075361206
    ],
    "rotation": [
      0.006165471923828495,
      0.034616933195797,
      -1.5338643777398353
    ]
  },
  {
    "label_id": "7vyLlma7_82PApPIXhhN7w",
    "size": [
      2.1076348145479895,
      4.5661667673844955,
      2.0281701066596014
    ],
    "obj_class": "vehicle",
    "point_num_in_lidar": 449,
    "speed": 5.3492833079977755,
    "if_vehicle": true,
    "motion_state": true,
    "pose": [
      [
        -0.04020560509827851,
        0.9991794945987781,
        -0.004883327964798313,
        -18.55060931459684
      ],
      [
        -0.9985788783147886,
        -0.04035158203727037,
        -0.03481341136211628,
        134.49240192034267
      ],
      [
        -0.03498189677904515,
        0.003476693892182371,
        0.9993818987240666,
        5.451913385436853
      ],
      [
        0.0,
        0.0,
        0.0,
        1.0
      ]
    ],
    "location": [
      -18.55060931459684,
      134.49240192034267,
      5.451913385436853
    ],
    "rotation": [
      0.0034788301362335657,
      0.03498903546171802,
      -1.6110374147819875
    ]
  },
  {
    "label_id": "8UWfrpgQXr4RJlawE1Vwtg",
    "size": [
      1.9234665327121971,
      4.563072837084948,
      1.6766191390117058
    ],
    "obj_class": "vehicle",
    "point_num_in_lidar": 670,
    "speed": 6.355287432313019e-13,
    "if_vehicle": true,
    "motion_state": false,
    "pose": [
      [
        -0.04049973336727693,
        0.9991676159209564,
        -0.004883327964798313,
        -23.43822716415616
      ],
      [
        -0.9985669566915331,
        -0.04064553349560086,
        -0.03481341136211628,
        102.5206561005889
      ],
      [
        -0.03498291870312447,
        0.003466396066564272,
        0.9993818987240666,
        4.009405755755189
      ],
      [
        0.0,
        0.0,
        0.0,
        1.0
      ]
    ],
    "location": [
      -23.43822716415616,
      102.5206561005889,
      4.009405755755189
    ],
    "rotation": [
      0.0034685260659141365,
      0.03499005801167127,
      -1.611331964840442
    ]
  },
  {
    "label_id": "9-FP9e70s_cDDW-cseJwsg",
    "size": [
      1.933661100006396,
      4.305745165199813,
      1.7453301234225194
    ],
    "obj_class": "vehicle",
    "point_num_in_lidar": 47,
    "speed": 1.1718571004216928e-12,
    "if_vehicle": true,
    "motion_state": false,
    "pose": [
      [
        -0.05823112826805625,
        0.9982911843788953,
        -0.004883327964798313,
        -23.743383234415887
      ],
      [
        -0.9976880314820892,
        -0.05836624218438256,
        -0.03481341136211628,
        97.00515852177523
      ],
      [
        -0.035038943163615936,
        0.0028448136418050677,
        0.9993818987240666,
        3.888990339742662
      ],
      [
        0.0,
        0.0,
        0.0,
        1.0
      ]
    ],
    "location": [
      -23.743383234415887,
      97.00515852177523,
      3.888990339742662
    ],
    "rotation": [
      0.0028465654237416244,
      0.03504611684018806,
      -1.6290962541368905
    ]
  },
  {
    "label_id": "GPXKR9QlRNM_GUSGojXmaA",
    "size": [
      1.8637424468418333,
      4.6063503038365585,
      1.5221419981450097
    ],
    "obj_class": "vehicle",
    "point_num_in_lidar": 522,
    "speed": 0.01449298316155901,
    "if_vehicle": true,
    "motion_state": false,
    "pose": [
      [
        -0.0721690508893263,
        0.9973804596049203,
        -0.004883327964798313,
        -22.369748212944614
      ],
      [
        -0.9967754783459131,
        -0.07229572710477603,
        -0.03481341136211628,
        128.68713756928446
      ],
      [
        -0.03507525997066886,
        0.002355130711808193,
        0.9993818987240666,
        4.934767402154009
      ],
      [
        0.0,
        0.0,
        0.0,
        1.0
      ]
    ],
    "location": [
      -22.369748212944614,
      128.68713756928446,
      4.934767402154009
    ],
    "rotation": [
      0.0023565829590140746,
      0.03508245598451915,
      -1.643072723276457
    ]
  },
  {
    "label_id": "Irrp7c9HrOs1nyK9NCdnZg",
    "size": [
      2.0041518735692256,
      4.917299256640257,
      2.0500000000000043
    ],
    "obj_class": "vehicle",
    "point_num_in_lidar": 1190,
    "speed": 11.83081140896805,
    "if_vehicle": true,
    "motion_state": true,
    "pose": [
      [
        -0.07697558229543897,
        -0.9970210192559966,
        -0.004883327964798313,
        -5.788290348905321
      ],
      [
        0.9964416075846393,
        -0.07676033522250736,
        -0.03481341136211628,
        126.80168939318719
      ],
      [
        0.0343348569884561,
        -0.007545733778896208,
        0.9993818987240666,
        5.234875722911468
      ],
      [
        0.0,
        0.0,
        0.0,
        1.0
      ]
    ],
    "location": [
      -5.788290348905321,
      126.80168939318719,
      5.234875722911468
    ],
    "rotation": [
      -0.007550257216971489,
      -0.03434160669623013,
      1.6478936769227923
    ]
  },
  {
    "label_id": "KE-n4BCpMYY4onuCOe_Cxg",
    "size": [
      2.008046796962247,
      4.605128188340819,
      1.6100000000000065
    ],
    "obj_class": "vehicle",
    "point_num_in_lidar": 216,
    "speed": 12.248402668438894,
    "if_vehicle": true,
    "motion_state": true,
    "pose": [
      [
        -0.07118109381962458,
        -0.9974514549543902,
        -0.004883327964798313,
        -7.03370799316599
      ],
      [
        0.9968708023713582,
        -0.07096921705089129,
        -0.03481341136211628,
        139.31558956947447
      ],
      [
        0.034378121852804124,
        -0.007346103766858969,
        0.9993818987240666,
        5.469628259281045
      ],
      [
        0.0,
        0.0,
        0.0,
        1.0
      ]
    ],
    "location": [
      -7.03370799316599,
      139.31558956947447,
      5.469628259281045
    ],
    "rotation": [
      -0.007350514825478964,
      -0.034384897117447265,
      1.6420798748487615
    ]
  },
  {
    "label_id": "KoD-0zzFO4ORjOc7e1LAow",
    "size": [
      1.9757325372907575,
      4.444109568142756,
      1.604410126608073
    ],
    "obj_class": "vehicle",
    "point_num_in_lidar": 213,
    "speed": 7.652779469160725e-13,
    "if_vehicle": true,
    "motion_state": false,
    "pose": [
      [
        0.02206098881995181,
        0.9997447003511818,
        -0.004883327964798313,
        -21.900970272013183
      ],
      [
        -0.9991543340869335,
        0.02187791271187582,
        -0.03481341136211628,
        145.83658557876697
      ],
      [
        -0.03469768648746405,
        0.00564721657964019,
        0.9993818987240666,
        5.6360077054645
      ],
      [
        0.0,
        0.0,
        0.0,
        1.0
      ]
    ],
    "location": [
      -21.900970272013183,
      145.83658557876697,
      5.6360077054645
    ],
    "rotation": [
      0.005650649148061154,
      0.03470465252318888,
      -1.548720252938201
    ]
  },
  {
    "label_id": "Ku08VWueZyDrZkpLScobNA",
    "size": [
      2.0279326382193488,
      4.84085327934026,
      1.5091613349015347
    ],
    "obj_class": "vehicle",
    "point_num_in_lidar": 371,
    "speed": 7.652779469160725e-13,
    "if_vehicle": true,
    "motion_state": false,
    "pose": [
      [
        -0.02718819973452204,
        0.9996184046440842,
        -0.004883327964798313,
        -22.27188214357102
      ],
      [
        -0.9990197406104038,
        -0.027341987127009863,
        -0.03481341136211628,
        134.1830662671946
      ],
      [
        -0.03493364661636739,
        0.003932027055155047,
        0.9993818987240666,
        5.119439379976811
      ],
      [
        0.0,
        0.0,
        0.0,
        1.0
      ]
    ],
    "location": [
      -22.27188214357102,
      134.1830662671946,
      5.119439379976811
    ],
    "rotation": [
      0.003934438647675055,
      0.03494075579003241,
      -1.5980044882571662
    ]
  },
  {
    "label_id": "QYgsRjnB64J-YUDjGxdaTw",
    "size": [
      2.1678191504653475,
      4.8187010117030935,
      1.718724106700975
    ],
    "obj_class": "vehicle",
    "point_num_in_lidar": 60,
    "speed": 4.807645424052649,
    "if_vehicle": true,
    "motion_state": true,
    "pose": [
      [
        0.03894117711395824,
        0.9992295721369377,
        -0.004883327964798313,
        -15.670672600897888
      ],
      [
        -0.9986423817871884,
        0.03874815721738797,
        -0.03481341136211628,
        149.3737901151817
      ],
      [
        -0.03459737018027058,
        0.006232373487607428,
        0.9993818987240666,
        5.777255789658639
      ],
      [
        0.0,
        0.0,
        0.0,
        1.0
      ]
    ],
    "location": [
      -15.670672600897888,
      149.3737901151817,
      5.777255789658639
    ],
    "rotation": [
      0.0062361472666161225,
      0.03460427594927062,
      -1.5318219565990174
    ]
  },
  {
    "label_id": "UkZBONhvzwNJc_orIetLMg",
    "size": [
      1.991656097707302,
      4.13957519203521,
      1.46741008217613
    ],
    "obj_class": "vehicle",
    "point_num_in_lidar": 20,
    "speed": 8.249879785410474,
    "if_vehicle": true,
    "motion_state": true,
    "pose": [
      [
        -0.04805298524407005,
        -0.998832850739863,
        -0.004883327964798313,
        -2.7516963185889836
      ],
      [
        0.9982474452418288,
        -0.04785461793279599,
        -0.03481341136211628,
        175.77628546648157
      ],
      [
        0.03453908912080618,
        -0.006547658007617411,
        0.9993818987240666,
        6.615037359551799
      ],
      [
        0.0,
        0.0,
        0.0,
        1.0
      ]
    ],
    "location": [
      -2.7516963185889836,
      175.77628546648157,
      6.615037359551799
    ],
    "rotation": [
      -0.006551613885136279,
      -0.03454596003671842,
      1.6188965456294442
    ]
  },
  {
    "label_id": "Vzi6-XPjp6pHMp1VV05YdA",
    "size": [
      1.8689552424152143,
      4.340259604639598,
      1.5372199910297724
    ],
    "obj_class": "vehicle",
    "point_num_in_lidar": 1582,
    "speed": 6.967898526806948,
    "if_vehicle": true,
    "motion_state": true,
    "pose": [
      [
        -0.027856331161992147,
        0.9996000089646767,
        -0.004883327964798313,
        -11.9557068358572
      ],
      [
        -0.9990012422743741,
        -0.028009718377544093,
        -0.03481341136211628,
        116.94003603924102
      ],
      [
        -0.034936266950701594,
        0.003908676787484936,
        0.9993818987240666,
        4.607440623714474
      ],
      [
        0.0,
        0.0,
        0.0,
        1.0
      ]
    ],
    "location": [
      -11.9557068358572,
      116.94003603924102,
      4.607440623714474
    ],
    "rotation": [
      0.0039110742977840314,
      0.03494337772482682,
      -1.5986732839613067
    ]
  },
  {
    "label_id": "Wa0hsb4MqRWHVmT2a-UF7w",
    "size": [
      1.8840696058970965,
      4.075141294510927,
      1.7040363791192874
    ],
    "obj_class": "vehicle",
    "point_num_in_lidar": 282,
    "speed": 8.987733679556354e-13,
    "if_vehicle": true,
    "motion_state": false,
    "pose": [
      [
        -0.06238023917865887,
        0.9980405096327511,
        -0.004883327964798313,
        -23.017311835527835
      ],
      [
        -0.997436800316376,
        -0.06251284479178522,
        -0.03481341136211628,
        116.19515144869365
      ],
      [
        -0.03505046554103196,
        0.002699142092710057,
        0.9993818987240666,
        4.560683391199049
      ],
      [
        0.0,
        0.0,
        0.0,
        1.0
      ]
    ],
    "location": [
      -23.017311835527835,
      116.19515144869365,
      4.560683391199049
    ],
    "rotation": [
      0.002700804900835676,
      0.03505764629962425,
      -1.633255522012618
    ]
  },
  {
    "label_id": "WhPgWq3c5JWYJlXPM99MEg",
    "size": [
      1.7706251348585753,
      3.2738170599658973,
      1.354965001718206
    ],
    "obj_class": "vehicle",
    "point_num_in_lidar": 53,
    "speed": 9.240400672680078,
    "if_vehicle": true,
    "motion_state": true,
    "pose": [
      [
        -0.06740182341221237,
        -0.9977139606664313,
        -0.004883327964798313,
        -0.5310334347714161
      ],
      [
        0.9971325095731678,
        -0.06719214791661654,
        -0.03481341136211628,
        147.0729076619682
      ],
      [
        0.03440570523947069,
        -0.007215812473614242,
        0.9993818987240666,
        5.582726195778697
      ],
      [
        0.0,
        0.0,
        0.0,
        1.0
      ]
    ],
    "location": [
      -0.5310334347714161,
      147.0729076619682,
      5.582726195778697
    ],
    "rotation": [
      -0.0072201498688999,
      -0.03441249683146631,
      1.638289309358143
    ]
  },
  {
    "label_id": "XI3OYRTBPymAN6wjcXJFqg",
    "size": [
      2.021272083394654,
      4.314208268686266,
      1.9326950383754067
    ],
    "obj_class": "vehicle",
    "point_num_in_lidar": 1386,
    "speed": 7.0444563866471155,
    "if_vehicle": true,
    "motion_state": true,
    "pose": [
      [
        -0.04123825354602028,
        0.9991374077435308,
        -0.004883327964798313,
        -16.358154479285076
      ],
      [
        -0.998536640910535,
        -0.04138360965935158,
        -0.03481341136211628,
        100.77041684150936
      ],
      [
        -0.034985471321387844,
        0.0034405376178813325,
        0.9993818987240666,
        4.1937862815177525
      ],
      [
        0.0,
        0.0,
        0.0,
        1.0
      ]
    ],
    "location": [
      -16.358154479285076,
      100.77041684150936,
      4.1937862815177525
    ],
    "rotation": [
      0.003442651933175152,
      0.03499261219343692,
      -1.6120715597218418
    ]
  },
  {
    "label_id": "ZOfQ22J7gJFgUY_ZP2qzDg",
    "size": [
      1.9223080275523792,
      4.183597472936482,
      1.750000000000007
    ],
    "obj_class": "vehicle",
    "point_num_in_lidar": 30,
    "speed": 10.702609586449496,
    "if_vehicle": true,
    "motion_state": true,
    "pose": [
      [
        -0.05659347204452186,
        -0.9983853624878192,
        -0.004883327964798313,
        -5.295997913633073
      ],
      [
        0.9978016748806725,
        -0.05639010546768575,
        -0.03481341136211628,
        168.65442701233042
      ],
      [
        0.034481828943235746,
        -0.00684280464496375,
        0.9993818987240666,
        6.665605498761408
      ],
      [
        0.0,
        0.0,
        0.0,
        1.0
      ]
    ],
    "location": [
      -5.295997913633073,
      168.65442701233042,
      6.665605498761408
    ],
    "rotation": [
      -0.006846929809432297,
      -0.034488665731025006,
      1.6274537810997065
    ]
  },
  {
    "label_id": "bFrA1Ozisvy9ERMCyRJyAw",
    "size": [
      1.781521570303488,
      4.362143754030355,
      1.8477154114121177
    ],
    "obj_class": "vehicle",
    "point_num_in_lidar": 42,
    "speed": 10.909470428209884,
    "if_vehicle": true,
    "motion_state": true,
    "pose": [
      [
        -0.05269275009826919,
        -0.9985988319615988,
        -0.004883327964798313,
        -9.387170722355222
      ],
      [
        0.9980143543370169,
        -0.05249166530602052,
        -0.03481341136211628,
        182.90159091169335
      ],
      [
        0.034508297905700244,
        -0.0067080457907763265,
        0.9993818987240666,
        7.23623003982383
      ],
      [
        0.0,
        0.0,
        0.0,
        1.0
      ]
    ],
    "location": [
      -9.387170722355222,
      182.90159091169335,
      7.23623003982383
    ],
    "rotation": [
      -0.006712093806805761,
      -0.03451515045539173,
      1.6235449368263304
    ]
  },
  {
    "label_id": "nsfV68k9seq3oQV1r-NSBQ",
    "size": [
      2.035205602524462,
      4.492268532478676,
      1.9018504961628153
    ],
    "obj_class": "vehicle",
    "point_num_in_lidar": 1974,
    "speed": 6.919191684940288,
    "if_vehicle": true,
    "motion_state": true,
    "pose": [
      [
        -0.047277156807325596,
        0.9988698731827904,
        -0.004883327964798313,
        -15.776020364108263
      ],
      [
        -0.9982682386670962,
        -0.047418878706960425,
        -0.03481341136211628,
        115.63163874814381
      ],
      [
        -0.03500562972878648,
        0.0032289920982882863,
        0.9993818987240666,
        4.7111386856064925
      ],
      [
        0.0,
        0.0,
        0.0,
        1.0
      ]
    ],
    "location": [
      -15.776020364108263,
      115.63163874814381,
      4.7111386856064925
    ],
    "rotation": [
      0.0032309779338126174,
      0.03501278295607097,
      -1.6181201388014212
    ]
  },
  {
    "label_id": "rpFkQ_tvJyERzL61bjFlgA",
    "size": [
      1.9223080275531754,
      4.183597472936482,
      1.6891106017123363
    ],
    "obj_class": "vehicle",
    "point_num_in_lidar": 52,
    "speed": 9.018997151882463,
    "if_vehicle": true,
    "motion_state": true,
    "pose": [
      [
        -0.05936370891715856,
        -0.9982244753418879,
        -0.004883327964798313,
        -1.5894225173669838
      ],
      [
        0.9976413543111091,
        -0.059158723427978704,
        -0.03481341136211628,
        164.55837981154946
      ],
      [
        0.034462707843332226,
        -0.0069384631428606736,
        0.9993818987240666,
        6.270142424921723
      ],
      [
        0.0,
        0.0,
        0.0,
        1.0
      ]
    ],
    "location": [
      -1.5894225173669838,
      164.55837981154946,
      6.270142424921723
    ],
    "rotation": [
      -0.0069426429203029655,
      -0.03446953325982749,
      1.630230304198061
    ]
  },
  {
    "label_id": "tx89Tt1O-W7mlYAdXilqQA",
    "size": [
      2.334886671747472,
      5.014700311560876,
      1.9413585058952592
    ],
    "obj_class": "vehicle",
    "point_num_in_lidar": 103,
    "speed": 1.1457157353758233e-12,
    "if_vehicle": true,
    "motion_state": false,
    "pose": [
      [
        0.007718645534785578,
        0.9999582869395587,
        -0.004883327964798313,
        -21.711484383265088
      ],
      [
        -0.9993653554149221,
        0.007544056318615345,
        -0.03481341136211628,
        152.07049698625633
      ],
      [
        -0.03477511908699525,
        0.005148941169309148,
        0.9993818987240666,
        6.030148547702936
      ],
      [
        0.0,
        0.0,
        0.0,
        1.0
      ]
    ],
    "location": [
      -21.711484383265088,
      152.07049698625633,
      6.030148547702936
    ],
    "rotation": [
      0.005152080118813126,
      0.03478213188082989,
      -1.563072933125236
    ]
  },
  {
    "label_id": "ufgLBZkfDdpDtfCZ1TBc3A",
    "size": [
      2.194600274402058,
      4.961569255371153,
      1.9429296663571307
    ],
    "obj_class": "vehicle",
    "point_num_in_lidar": 380,
    "speed": 5.1960921395249295,
    "if_vehicle": true,
    "motion_state": true,
    "pose": [
      [
        -0.04225697607209539,
        0.9990948408841028,
        -0.004883327964798313,
        -19.070514609443308
      ],
      [
        -0.998493926154889,
        -0.04240171955389828,
        -0.03481341136211628,
        119.02211033973254
      ],
      [
        -0.03498896118831946,
        0.0034048638213564704,
        0.9993818987240666,
        4.816212004829978
      ],
      [
        0.0,
        0.0,
        0.0,
        1.0
      ]
    ],
    "location": [
      -19.070514609443308,
      119.02211033973254,
      4.816212004829978
    ],
    "rotation": [
      0.0034069564916825975,
      0.03499610419831385,
      -1.6130918020337754
    ]
  }
]