[
  {
    "label_id": "3xp7fav1XDT13tIERFz4Yw",
    "size": [
      1.795024384531633,
      3.727424411905237,
      1.6243614469938237
    ],
    "obj_class": "vehicle",
    "point_num_in_lidar": 156,
    "speed": 11.423145863626187,
    "if_vehicle": true,
    "motion_state": true,
    "pose": [
      [
        -0.07409022391480927,
        -0.9972267438321037,
        0.007032787944542845,
        -2.623064346724277
      ],
      [
        0.9966817194508438,
        -0.07428441338722234,
        -0.03327726010694702,
        121.15264762694096
      ],
      [
        0.03370740026704184,
        0.004543931528505075,
        0.9994214145461872,
        4.850032758839227
      ],
      [
        0.0,
        0.0,
        0.0,
        1.0
      ]
    ],
    "location": [
      -2.623064346724277,
      121.15264762694096,
      4.850032758839227
    ],
    "rotation": [
      0.0045465307759190166,
      -0.03371378652807441,
      1.6449967456798127
    ]
  },
  {
    "label_id": "57e-MJPQLDAfBYBJZHHzUQ",
    "size": [
      2.1471671139103754,
      4.112893788811498,
      1.740000000000002
    ],
    "obj_class": "vehicle",
    "point_num_in_lidar": 65,
    "speed": 3.1776437161565096e-13,
    "if_vehicle": true,
    "motion_state": false,
    "pose": [
      [
        0.13743293216926994,
        -0.990486107448804,
        0.007032787944542845,
        2.7948179095892556
      ],
      [
        0.9899941555030933,
        0.13712839249948103,
        -0.03327726010694702,
        145.62488450121964
      ],
      [
        0.03199626892426644,
        0.01153581039304723,
        0.9994214145461872,
        5.671723200732359
      ],
      [
        0.0,
        0.0,
        0.0,
        1.0
      ]
    ],
    "location": [
      2.7948179095892556,
      145.62488450121964,
      5.671723200732359
    ],
    "rotation": [
      0.01154197615183549,
      -0.03200173086416108,
      1.43285596290619
    ]
  },
  {
    "label_id": "7eRY9H_Cp8hWMRSnKolmdw",
    "size": [
      2.051886161834897,
      4.715448113560958,
      1.8819349611429175
    ],
    "obj_class": "vehicle",
    "point_num_in_lidar": 685,
    "speed": 2.8421709430404007e-13,
    "if_vehicle": true,
    "motion_state": false,
    "pose": [
      [
        -0.040622632611551954,
        0.9991498093946843,
        0.007032787944542845,
        -24.524754528677477
      ],
      [
        -0.9986306152175947,
        -0.0403672925758349,
        -0.03327726010694702,
        77.82549308767011
      ],
      [
        -0.03296507348445228,
        -0.008374967263397266,
        0.9994214145461872,
        3.2218771248215035
      ],
      [
        0.0,
        0.0,
        0.0,
        1.0
      ]
    ],
    "location": [
      -24.524754528677477,
      77.82549308767011,
      3.2218771248215035
    ],
    "rotation": [
      -0.00837961956391693,
      0.03297104690862992,
      -1.6114522487700682
    ]
  },
  {
    "label_id": "8UWfrpgQXr4RJlawE1Vwtg",
    "size": [
      1.9234665327122007,
      4.563072837084948,
      1.6766191390117058
    ],
    "obj_class": "vehicle",
    "point_num_in_lidar": 192,
    "speed": 6.355287432313019e-13,
    "if_vehicle": true,
    "motion_state": false,
    "pose": [
      [
        -0.04049921468741257,
        0.9991548195867495,
        0.007032787944542845,
        -23.43822716415616
      ],
      [
        -0.9986355938733474,
        -0.04024393878587478,
        -0.03327726010694702,
        102.5206561005889
      ],
      [
        -0.03296610773096376,
        -0.00837089526686398,
        0.9994214145461872,
        4.009405755755132
      ],
      [
        0.0,
        0.0,
        0.0,
        1.0
      ]
    ],
    "location": [
      -23.43822716415616,
      102.5206561005889,
      4.009405755755132
    ],
    "rotation": [
      -0.008375545495969064,
      0.03297208171757329,
      -1.6113286633020822
    ]
  },
  {
    "label_id": "9-FP9e70s_cDDW-cseJwsg",
    "size": [
      1.9336611000063977,
      4.305745165199813,
      1.7453301234225194
    ],
    "obj_class": "vehicle",
    "point_num_in_lidar": 155,
    "speed": 1.1718571004216928e-12,
    "if_vehicle": true,
    "motion_state": false,
    "pose": [
      [
        -0.05823038250231413,
        0.9982783992691423,
        0.007032787944542845,
        -23.743383234414978
      ],
      [
        -0.9977637871792717,
        -0.05796592924685522,
        -0.03327726010694702,
        97.00515852177523
      ],
      [
        -0.03281230786322445,
        -0.008954808718632318,
        0.9994214145461872,
        3.888990339742662
      ],
      [
        0.0,
        0.0,
        0.0,
        1.0
      ]
    ],
    "location": [
      -23.743383234414978,
      97.00515852177523,
      3.888990339742662
    ],
    "rotation": [
      -0.008959753077901011,
      0.03281819859947909,
      -1.629091092808783
    ]
  },
  {
    "label_id": "9_9-ooINuRGVRMuJGnjAFQ",
    "size": [
      2.182342627703358,
      4.646991924290619,
      1.5643328551416218
    ],
    "obj_class": "vehicle",
    "point_num_in_lidar": 216,
    "speed": 0.009805224161762705,
    "if_vehicle": true,
    "motion_state": false,
    "pose": [
      [
        -0.014340239910734449,
        0.9998724405708108,
        0.007032787944542845,
        -25.03669758077467
      ],
      [
        -0.9993467127894357,
        -0.0140986381159272,
        -0.03327726010694702,
        71.29322739458439
      ],
      [
        -0.033173862546466634,
        -0.007505397407629597,
        0.9994214145461872,
        2.855777065191589
      ],
      [
        0.0,
        0.0,
        0.0,
        1.0
      ]
    ],
    "location": [
      -25.03669758077467,
      71.29322739458439,
      2.855777065191589
    ],
    "rotation": [
      -0.007509601266417227,
      0.03317995022953327,
      -1.5851449563302726
    ]
  },
  {
    "label_id": "HafOzsPnoMzyYVyEWCmo1g",
    "size": [
      2.051325966718689,
      4.917360815117835,
      1.5200000000000031
    ],
    "obj_class": "vehicle",
    "point_num_in_lidar": 391,
    "speed": 4.263256414560601e-13,
    "if_vehicle": true,
    "motion_state": false,
    "pose": [
      [
        -0.06725528680904849,
        0.9977110134151871,
        0.007032787944542845,
        -24.047397149943208
      ],
      [
        -0.9971988137784998,
        -0.06698619080472813,
        -0.03327726010694702,
        89.08216681909471
      ],
      [
        -0.03272998922984055,
        -0.009251159468565888,
        0.9994214145461872,
        3.512074712584969
      ],
      [
        0.0,
        0.0,
        0.0,
        1.0
      ]
    ],
    "location": [
      -24.047397149943208,
      89.08216681909471,
      3.512074712584969
    ],
    "rotation": [
      -0.009256250791623535,
      0.03273583572746304,
      -1.6381385539450513
    ]
  },
  {
    "label_id": "Irrp7c9HrOs1nyK9NCdnZg",
    "size": [
      2.004151873569166,
      4.917299256640257,
      2.0500000000000043
    ],
    "obj_class": "vehicle",
    "point_num_in_lidar": 1267,
    "speed": 13.007384384714372,
    "if_vehicle": true,
    "motion_state": true,
    "pose": [
      [
        -0.05987729405351963,
        -0.9981809703408272,
        0.007032787944542845,
        -4.200342172540331
      ],
      [
        0.9976387674728615,
        -0.06007922764986627,
        -0.03327726010694702,
        103.23305871167213
      ],
      [
        0.0336392522517699,
        0.005023629608172597,
        0.9994214145461872,
        4.305409952737229
      ],
      [
        0.0,
        0.0,
        0.0,
        1.0
      ]
    ],
    "location": [
      -4.200342172540331,
      103.23305871167213,
      4.305409952737229
    ],
    "rotation": [
      0.0050264955568790305,
      -0.03364559984362571,
      1.6307434265926786
    ]
  },
  {
    "label_id": "KE-n4BCpMYY4onuCOe_Cxg",
    "size": [
      2.0080467969622426,
      4.605128188340819,
      1.6100000000000065
    ],
    "obj_class": "vehicle",
    "point_num_in_lidar": 245,
    "speed": 12.42125894833235,
    "if_vehicle": true,
    "motion_state": true,
    "pose": [
      [
        -0.07312023576623376,
        -0.9972983360134605,
        0.007032787944542845,
        -5.317444960233843
      ],
      [
        0.9967535007685003,
        -0.07331495526503345,
        -0.03327726010694702,
        116.08741506430306
      ],
      [
        0.033702964665288,
        0.004576714899211335,
        0.9994214145461872,
        4.541128041467374
      ],
      [
        0.0,
        0.0,
        0.0,
        1.0
      ]
    ],
    "location": [
      -5.317444960233843,
      116.08741506430306,
      4.541128041467374
    ],
    "rotation": [
      0.004579332442633211,
      -0.03370934840466283,
      1.644023552190621
    ]
  },
  {
    "label_id": "KmzlNn9Mzd2YSIACl-NpAg",
    "size": [
      1.9427398147867336,
      4.594445199358255,
      1.58843303291291
    ],
    "obj_class": "vehicle",
    "point_num_in_lidar": 232,
    "speed": 6.342608910036411,
    "if_vehicle": true,
    "motion_state": true,
    "pose": [
      [
        -0.047183349324727855,
        0.9988614876148884,
        0.007032787944542845,
        -19.982145748643234
      ],
      [
        -0.9983439814967399,
        -0.046924605155628935,
        -0.03327726010694702,
        91.11589810285477
      ],
      [
        -0.032909362736731736,
        -0.00859127410577309,
        0.9994214145461872,
        3.6058648290402076
      ],
      [
        0.0,
        0.0,
        0.0,
        1.0
      ]
    ],
    "location": [
      -19.982145748643234,
      91.11589810285477,
      3.6058648290402076
    ],
    "rotation": [
      -0.008596036037804764,
      0.032915305917101914,
      -1.6180228005161248
    ]
  },
  {
    "label_id": "TgM5BFGmjRazpWsKkqcuYA",
    "size": [
      2.144653621790574,
      4.799152478878298,
      1.9413638776694953
    ],
    "obj_class": "vehicle",
    "point_num_in_lidar": 503,
    "speed": 6.787504303292419,
    "if_vehicle": true,
    "motion_state": true,
    "pose": [
      [
        -0.016557623820251534,
        0.9998381794006238,
        0.007032787944542845,
        -12.394600727860052
      ],
      [
        -0.9993129887128667,
        -0.01631485671198323,
        -0.03327726010694702,
        110.4480109803444
      ],
      [
        -0.03315713623316993,
        -0.007578948694464421,
        0.9994214145461872,
        4.558551608288404
      ],
      [
        0.0,
        0.0,
        0.0,
        1.0
      ]
    ],
    "location": [
      -12.394600727860052,
      110.4480109803444,
      4.558551608288404
    ],
    "rotation": [
      -0.007583190942608952,
      0.033163214709583444,
      -1.5873638177188059
    ]
  },
  {
    "label_id": "VhCiQswTWqH5HBVl-Mq49A",
    "size": [
      1.8499381482382689,
      4.79973726511791,
      1.611069259308671
    ],
    "obj_class": "vehicle",
    "point_num_in_lidar": 55,
    "speed": 8.987733679556354e-13,
    "if_vehicle": true,
    "motion_state": false,
    "pose": [
      [
        -0.06237944027507652,
        0.9980277277334009,
        0.007032787944542845,
        -22.684862982725463
      ],
      [
        -0.9975142193467136,
        -0.0621128502074339,
        -0.03327726010694702,
        121.55656499544966
      ],
      [
        -0.03277480178558964,
        -0.009091122835691122,
        0.9994214145461872,
        4.700936665376304
      ],
      [
        0.0,
        0.0,
        0.0,
        1.0
      ]
    ],
    "location": [
      -22.684862982725463,
      121.55656499544966,
      4.700936665376304
    ],
    "rotation": [
      -0.00909613499352795,
      0.032780672338220046,
      -1.6332498892537977
    ]
  },
  {
    "label_id": "Wa0hsb4MqRWHVmT2a-UF7w",
    "size": [
      1.8840696058970954,
      4.075141294510927,
      1.7040363791192874
    ],
    "obj_class": "vehicle",
    "point_num_in_lidar": 122,
    "speed": 8.987733679556354e-13,
    "if_vehicle": true,
    "motion_state": false,
    "pose": [
      [
        -0.06237944027527685,
        0.9980277277333883,
        0.007032787944542845,
        -23.017311835527835
      ],
      [
        -0.9975142193467011,
        -0.062112850207634136,
        -0.03327726010694702,
        116.19515144869001
      ],
      [
        -0.032774801785587816,
        -0.009091122835697702,
        0.9994214145461872,
        4.560683391198978
      ],
      [
        0.0,
        0.0,
        0.0,
        1.0
      ]
    ],
    "location": [
      -23.017311835527835,
      116.19515144869001,
      4.560683391198978
    ],
    "rotation": [
      -0.009096134993534533,
      0.03278067233821822,
      -1.6332498892539986
    ]
  },
  {
    "label_id": "WhPgWq3c5JWYJlXPM99MEg",
    "size": [
      1.7706251348581785,
      3.2738170599658973,
      1.354965001718206
    ],
    "obj_class": "vehicle",
    "point_num_in_lidar": 58,
    "speed": 8.503906434455702,
    "if_vehicle": true,
    "motion_state": true,
    "pose": [
      [
        -0.07425090356269594,
        -0.9972147929176794,
        0.007032787944542845,
        0.6746818839983462
      ],
      [
        0.9966697372542386,
        -0.0744450052141955,
        -0.03327726010694702,
        130.5414466856746
      ],
      [
        0.033708131981618754,
        0.0045385002818206215,
        0.9994214145461872,
        5.066058101802767
      ],
      [
        0.0,
        0.0,
        0.0,
        1.0
      ]
    ],
    "location": [
      0.6746818839983462,
      130.5414466856746,
      5.066058101802767
    ],
    "rotation": [
      0.004541096497174006,
      -0.03371451865869789,
      1.6451579630892728
    ]
  },
  {
    "label_id": "XI3OYRTBPymAN6wjcXJFqg",
    "size": [
      2.0212720833952345,
      4.314208268686266,
      1.9326950383754067
    ],
    "obj_class": "vehicle",
    "point_num_in_lidar": 111,
    "speed": 6.924504352011668,
    "if_vehicle": true,
    "motion_state": true,
    "pose": [
      [
        -0.040722159002833665,
        0.9991457579652104,
        0.007032787944542845,
        -15.801057650654911
      ],
      [
        -0.9986265892254448,
        -0.04046676725078614,
        -0.03327726010694702,
        114.00312927668529
      ],
      [
        -0.03296423907968509,
        -0.008378250915058397,
        0.9994214145461872,
        4.663436026856431
      ],
      [
        0.0,
        0.0,
        0.0,
        1.0
      ]
    ],
    "location": [
      -15.801057650654911,
      114.00312927668529,
      4.663436026856431
    ],
    "rotation": [
      -0.00838290488576095,
      0.032970212050132196,
      -1.6115519107174943
    ]
  },
  {
    "label_id": "XcsySrm38AjcSMsSkQLqWw",
    "size": [
      2.0061763351163484,
      4.642285728296807,
      1.6901769423508668
    ],
    "obj_class": "vehicle",
    "point_num_in_lidar": 617,
    "speed": 6.355287432313019e-13,
    "if_vehicle": true,
    "motion_state": false,
    "pose": [
      [
        0.018421047295896054,
        0.9998055835562479,
        0.007032787944542845,
        -24.384167994122436
      ],
      [
        -0.9992722235863843,
        0.01864529775835043,
        -0.03327726010694702,
        83.24361783702079
      ],
      [
        -0.033401918885676556,
        -0.006414667665046941,
        0.9994214145461872,
        3.3029897323174495
      ],
      [
        0.0,
        0.0,
        0.0,
        1.0
      ]
    ],
    "location": [
      -24.384167994122436,
      83.24361783702079,
      3.3029897323174495
    ],
    "rotation": [
      -0.006418293112858305,
      0.033408133027096464,
      -1.5523639510967715
    ]
  },
  {
    "label_id": "YgdCVe3dOGL4Z5GTzKu1ww",
    "size": [
      1.9949467985655,
      4.679545252489906,
      1.5632277465266071
    ],
    "obj_class": "vehicle",
    "point_num_in_lidar": 745,
    "speed": 7.667008065688822,
    "if_vehicle": true,
    "motion_state": true,
    "pose": [
      [
        -0.0448090272726261,
        0.9989708158743217,
        0.007032787944542845,
        -13.425150563708485
      ],
      [
        -0.9984526962103403,
        -0.04455151389208131,
        -0.03327726010694702,
        90.99298206892126
      ],
      [
        -0.03292969032928752,
        -0.008513027740794843,
        0.9994214145461872,
        3.6736990679473607
      ],
      [
        0.0,
        0.0,
        0.0,
        1.0
      ]
    ],
    "location": [
      -13.425150563708485,
      90.99298206892126,
      3.6736990679473607
    ],
    "rotation": [
      -0.008517750106857404,
      0.032935644533075896,
      -1.6156447014870825
    ]
  },
  {
    "label_id": "ZOfQ22J7gJFgUY_ZP2qzDg",
    "size": [
      1.922308027551452,
      4.183597472936482,
      1.750000000000007
    ],
    "obj_class": "vehicle",
    "point_num_in_lidar": 24,
    "speed": 11.066374030922718,
    "if_vehicle": true,
    "motion_state": true,
    "pose": [
      [
        -0.04899429746692219,
        -0.9987742981822518,
        0.007032787944542845,
        -4.188422955360693
      ],
      [
        0.9982343284484548,
        -0.04920212868196702,
        -0.03327726010694702,
        148.10397033429945
      ],
      [
        0.033582500246184636,
        0.005389974370377211,
        0.9994214145461872,
        5.801903397484551
      ],
      [
        0.0,
        0.0,
        0.0,
        1.0
      ]
    ],
    "location": [
      -4.188422955360693,
      148.10397033429945,
      5.801903397484551
    ],
    "rotation": [
      0.00539304245055537,
      -0.03358881575473204,
      1.6198379309435242
    ]
  },
  {
    "label_id": "bFrA1Ozisvy9ERMCyRJyAw",
    "size": [
      1.7815215703023035,
      4.362143754030355,
      1.8477154114121177
    ],
    "obj_class": "vehicle",
    "point_num_in_lidar": 34,
    "speed": 11.133616316610691,
    "if_vehicle": true,
    "motion_state": true,
    "pose": [
      [
        -0.06171421290543598,
        -0.998069083690698,
        0.007032787944542845,
        -8.205160772303316
      ],
      [
        0.9975265101088251,
        -0.06191514830703903,
        -0.03327726010694702,
        161.6085160666844
      ],
      [
        0.03364844061127596,
        0.004961712499505542,
        0.9994214145461872,
        6.4329028573139695
      ],
      [
        0.0,
        0.0,
        0.0,
        1.0
      ]
    ],
    "location": [
      -8.205160772303316,
      161.6085160666844,
      6.4329028573139695
    ],
    "rotation": [
      0.004964544149190576,
      -0.033654793407741246,
      1.6325848150417699
    ]
  },
  {
    "label_id": "mxIQElm3nOZCG-pu8kA7DQ",
    "size": [
      0.7269244372853374,
      1.0625333582279428,
      1.75
    ],
    "obj_class": "pedestrian",
    "point_num_in_lidar": 596,
    "speed": 1.3188542294332677,
    "if_vehicle": false,
    "motion_state": true,
    "pose": [
      [
        0.16834088349763662,
        0.9857037520659856,
        0.007032787944542845,
        7.236200349269893
      ],
      [
        -0.9851427663400686,
        0.16848250320912145,
        -0.03327726010694702,
        90.35358397463824
      ],
      [
        -0.03398642186332893,
        -0.0013263768039859043,
        0.9994214145461872,
        3.935826740982783
      ],
      [
        0.0,
        0.0,
        0.0,
        1.0
      ]
    ],
    "location": [
      7.236200349269893,
      90.35358397463824,
      3.935826740982783
    ],
    "rotation": [
      -0.001327143891415858,
      0.03399296808816436,
      -1.4015513199825567
    ]
  },
  {
    "label_id": "nsfV68k9seq3oQV1r-NSBQ",
    "size": [
      2.0352056025259357,
      4.492268532478676,
      1.9018504961628153
    ],
    "obj_class": "vehicle",
    "point_num_in_lidar": 204,
    "speed": 7.182526005498728,
    "if_vehicle": true,
    "motion_state": true,
    "pose": [
      [
        -0.024195618759464254,
        0.9996825055619277,
        0.007032787944542845,
        -15.311796315301763
      ],
      [
        -0.9991591848722075,
        -0.023948846429016908,
        -0.03327726010694702,
        129.08503130582176
      ],
      [
        -0.03309826760349708,
        -0.007832038568955734,
        0.9994214145461872,
        5.226537875727203
      ],
      [
        0.0,
        0.0,
        0.0,
        1.0
      ]
    ],
    "location": [
      -15.311796315301763,
      129.08503130582176,
      5.226537875727203
    ],
    "rotation": [
      -0.007836412282303973,
      0.03310431375075915,
      -1.5950075748540702
    ]
  },
  {
    "label_id": "rpFkQ_tvJyERzL61bjFlgA",
    "size": [
      1.9223080275528195,
      4.183597472936482,
      1.6891106017123363
    ],
    "obj_class": "vehicle",
    "point_num_in_lidar": 34,
    "speed": 9.112646185672302,
    "if_vehicle": true,
    "motion_state": true,
    "pose": [
      [
        -0.05546956071478119,
        -0.9984356102062046,
        0.007032787944542845,
        -0.6016917974229727
      ],
      [
        0.9978943041964586,
        -0.055673886266723926,
        -0.03327726010694702,
        147.10192791932968
      ],
      [
        0.0336167441370327,
        0.005172104032556962,
        0.9994214145461872,
        5.657513916070258
      ],
      [
        0.0,
        0.0,
        0.0,
        1.0
      ]
    ],
    "location": [
      -0.6016917974229727,
      147.10192791932968,
      5.657513916070258
    ],
    "rotation": [
      0.005175052070670013,
      -0.03362307899152036,
      1.6263257900866306
    ]
  },
  {
    "label_id": "ufgLBZkfDdpDtfCZ1TBc3A",
    "size": [
      2.1946002744021893,
      4.961569255371153,
      1.9429296663571307
    ],
    "obj_class": "vehicle",
    "point_num_in_lidar": 172,
    "speed": 4.954772810899787,
    "if_vehicle": true,
    "motion_state": true,
    "pose": [
      [
        -0.03624527142410285,
        0.9993181776557055,
        0.007032787944542845,
        -18.656842865701947
      ],
      [
        -0.9987978698934075,
        -0.035992208270213905,
        -0.03327726010694702,
        129.29773357110025
      ],
      [
        -0.03300144535902897,
        -0.008230476943248194,
        0.9994214145461872,
        5.1809753570357415
      ],
      [
        0.0,
        0.0,
        0.0,
        1.0
      ]
    ],
    "location": [
      -18.656842865701947,
      129.29773357110025,
      5.1809753570357415
    ],
    "rotation": [
      -0.008235055572713073,
      0.03300743858376334,
      -1.6070693053461318
    ]
  },
  {
    "label_id": "vSvEkAOO1HJ1FgfOWAJoAQ",
    "size": [
      0.867162469014247,
      0.8165992438954814,
      1.6000000000000014
    ],
    "obj_class": "pedestrian",
    "point_num_in_lidar": 258,
    "speed": 1.1408788631454791,
    "if_vehicle": false,
    "motion_state": true,
    "pose": [
      [
        -0.06432607816172005,
        0.9979041514905423,
        0.007032787944542845,
        6.980698526062952
      ],
      [
        -0.9973911640923357,
        -0.06405848694989703,
        -0.03327726010694702,
        100.2008951761618
      ],
      [
        -0.03275700625618615,
        -0.009155036189469496,
        0.9994214145461872,
        4.190445265382138
      ],
      [
        0.0,
        0.0,
        0.0,
        1.0
      ]
    ],
    "location": [
      6.980698526062952,
      100.2008951761618,
      4.190445265382138
    ],
    "rotation": [
      -0.009160080019683806,
      0.03276286724843765,
      -1.6352014607970873
    ]
  },
  {
    "label_id": "yeEan0Lp_duAbRr1fVdkBA",
    "size": [
      2.026277888725147,
      4.703985658478942,
      1.5689551766383119
    ],
    "obj_class": "vehicle",
    "point_num_in_lidar": 498,
    "speed": 5.723005409914092,
    "if_vehicle": true,
    "motion_state": true,
    "pose": [
      [
        -0.03440292312888011,
        0.999383299227036,
        0.007032787944542845,
        -19.63456252024571
      ],
      [
        -0.9988625258159356,
        -0.034150819615111114,
        -0.03327726010694702,
        107.91826116624907
      ],
      [
        -0.03301656252243153,
        -0.008169623351212976,
        0.9994214145461872,
        4.2042930207960225
      ],
      [
        0.0,
        0.0,
        0.0,
        1.0
      ]
    ],
    "location": [
      -19.63456252024571,
      107.91826116624907,
      4.2042930207960225
    ],
    "rotation": [
      -0.008174170849990618,
      0.033022563989690265,
      -1.6052248175334853
    ]
  },
  {
    "label_id": "zO1ZwzFeUWbjdrHV-201Xw",
    "size": [
      1.8790449914499394,
      4.7398054430452214,
      1.648029127053924
    ],
    "obj_class": "vehicle",
    "point_num_in_lidar": 817,
    "speed": 6.85877294256772,
    "if_vehicle": true,
    "motion_state": true,
    "pose": [
      [
        -0.03884660287088946,
        0.9992204368101758,
        0.007032787944542845,
        -16.477560247992187
      ],
      [
        -0.9987007895922839,
        -0.03859218609412147,
        -0.03327726010694702,
        94.96921514828864
      ],
      [
        -0.032979907718793146,
        -0.008316359381255899,
        0.9994214145461872,
        3.8371504318255987
      ],
      [
        0.0,
        0.0,
        0.0,
        1.0
      ]
    ],
    "location": [
      -16.477560247992187,
      94.96921514828864,
      3.8371504318255987
    ],
    "rotation": [
      -0.008320981841346433,
      0.032985889213331544,
      -1.609673866061939
    ]
  }
]