{
  "5oKLeS12L_2dB-lud2mbjw": {
    "label_id": "5oKLeS12L_2dB-lud2mbjw",
    "size": [
      0.5333168196882156,
      0.13607854132621355,
      0.5600000000000023
    ],
    "obj_class": "sign",
    "point_num_in_lidar": 34,
    "speed": 0.014479320688147293,
    "if_vehicle": false,
    "motion_state": false,
    "pose": [
      [
        -0.9936128688420933,
        -0.11261072088349579,
        -0.007231349354330914,
        7.2022933354382985
      ],
      [
        0.11260314864846944,
        -0.9936389870501264,
        0.0014471794806298582,
        9.062750271208643
      ],
      [
        -0.007348318572004487,
        0.0006236634492033066,
        0.9999728062592834,
        3.149089888185415
      ],
      [
        0.0,
        0.0,
        0.0,
        1.0
      ]
    ],
    "location": [
      7.2022933354382985,
      9.062750271208643,
      3.149089888185415
    ],
    "rotation": [
      0.000623680328540838,
      0.007348384705766901,
      3.0287471191056654
    ]
  },
  "5v-HhV-BedTvNkAgrUmSsA": {
    "label_id": "5v-HhV-BedTvNkAgrUmSsA",
    "size": [
      2.122837831403961,
      5.033050925192189,
      1.480000000000004
    ],
    "obj_class": "vehicle",
    "point_num_in_lidar": 36,
    "speed": 0.0030626815363473487,
    "if_vehicle": true,
    "motion_state": false,
    "pose": [
      [
        -0.9947364539116887,
        0.10221103093949423,
        -0.007231349354330914,
        12.421580362017266
      ],
      [
        -0.10222400695633539,
        -0.9947603520815161,
        0.0014471794806298582,
        7.392713780311169
      ],
      [
        -0.007045541923069005,
        0.0021787796914363193,
        0.9999728062592834,
        0.6303633477266146
      ],
      [
        0.0,
        0.0,
        0.0,
        1.0
      ]
    ],
    "location": [
      12.421580362017266,
      7.392713780311169,
      0.6303633477266146
    ],
    "rotation": [
      0.0021788354943316044,
      0.007045600214089869,
      -3.0391872177110995
    ]
  },
  "Djbr-wq3c_Wu_emcmW1Dog": {
    "label_id": "Djbr-wq3c_Wu_emcmW1Dog",
    "size": [
      2.4599560878352587,
      5.612823795445765,
      2.270518501504405
    ],
    "obj_class": "vehicle",
    "point_num_in_lidar": 423,
    "speed": 4.4588527739068475e-27,
    "if_vehicle": true,
    "motion_state": false,
    "pose": [
      [
        0.6979002258748545,
        0.7161584896587785,
        -0.007231349354330914,
        6.414921689996845
      ],
      [
        -0.716169161276386,
        0.6979252381940552,
        0.0014471794806298582,
        -4.570807764153869
      ],
      [
        0.006083351091698885,
        0.004168882515574674,
        0.9999728062592834,
        0.9937300915013907
      ],
      [
        0.0,
        0.0,
        0.0,
        1.0
      ]
    ],
    "location": [
      6.414921689996845,
      -4.570807764153869,
      0.9937300915013907
    ],
    "rotation": [
      0.004168971733304955,
      -0.0060833886135821255,
      -0.7983168498780082
    ]
  },
  "E75oOBNsjxdruqTnCSuXbg": {
    "label_id": "E75oOBNsjxdruqTnCSuXbg",
    "size": [
      2.5041251710296764,
      5.499129799143252,
      2.1400000000000006
    ],
    "obj_class": "vehicle",
    "point_num_in_lidar": 10707,
    "speed": 0.0001629795731845742,
    "if_vehicle": true,
    "motion_state": false,
    "pose": [
      [
        0.6916794807382517,
        0.7221684038450992,
        -0.007231349354330914,
        -24.14084424146131
      ],
      [
        -0.7221792914153424,
        0.6917043998142448,
        0.0014471794806298582,
        -5.867260766754043
      ],
      [
        0.006047063460588436,
        0.004221346400990381,
        0.9999728062592834,
        0.9810955868154139
      ],
      [
        0.0,
        0.0,
        0.0,
        1.0
      ]
    ],
    "location": [
      -24.14084424146131,
      -5.867260766754043,
      0.9810955868154139
    ],
    "rotation": [
      0.004221436122066496,
      -0.006047100314999457,
      -0.806966852959622
    ]
  },
  "FLWvnW-tWYdIJ09iJ2iXPw": {
    "label_id": "FLWvnW-tWYdIJ09iJ2iXPw",
    "size": [
      2.1435329259811713,
      4.441836607453283,
      1.8700000000000045
    ],
    "obj_class": "vehicle",
    "point_num_in_lidar": 508,
    "speed": 7.050065258452717e-27,
    "if_vehicle": true,
    "motion_state": false,
    "pose": [
      [
        0.6632334284203523,
        0.7483776633574128,
        -0.007231349354330914,
        -6.64634192752419
      ],
      [
        -0.7483895064849083,
        0.6632579077966777,
        0.0014471794806298582,
        -5.929621241055429
      ],
      [
        0.005879286441472946,
        0.004452048166029947,
        0.9999728062592834,
        0.8572257843826279
      ],
      [
        0.0,
        0.0,
        0.0,
        1.0
      ]
    ],
    "location": [
      -6.64634192752419,
      -5.929621241055429,
      0.8572257843826279
    ],
    "rotation": [
      0.0044521398208300636,
      -0.005879320312577872,
      -0.8456500931332004
    ]
  },
  "G96MfK6U70_2CEKJH1g1gA": {
    "label_id": "G96MfK6U70_2CEKJH1g1gA",
    "size": [
      2.0507676477421524,
      4.751621205894719,
      1.783059185505671
    ],
    "obj_class": "vehicle",
    "point_num_in_lidar": 81,
    "speed": 3.15288503274198e-27,
    "if_vehicle": true,
    "motion_state": false,
    "pose": [
      [
        -0.999130354664947,
        0.04106387674846081,
        -0.007231349354330914,
        6.1541660873554065
      ],
      [
        -0.041075363957471696,
        -0.9991550030637448,
        0.0014471794806298582,
        6.997459129321214
      ],
      [
        -0.007165812086456028,
        0.0017429512543783142,
        0.9999728062592834,
        0.7201392024902304
      ],
      [
        0.0,
        0.0,
        0.0,
        1.0
      ]
    ],
    "location": [
      6.1541660873554065,
      6.997459129321214,
      0.7201392024902304
    ],
    "rotation": [
      0.0017429968879325948,
      0.007165873413923481,
      -3.1005046750428327
    ]
  },
  "LFIPG3l72B26CH5x5oOo8g": {
    "label_id": "LFIPG3l72B26CH5x5oOo8g",
    "size": [
      2.156524912645743,
      4.707937795627931,
      1.960000000000008
    ],
    "obj_class": "vehicle",
    "point_num_in_lidar": 259,
    "speed": 8.917705547813695e-27,
    "if_vehicle": true,
    "motion_state": false,
    "pose": [
      [
        0.661240602810249,
        0.7501390356338311,
        -0.007231349354330914,
        0.03760671313648345
      ],
      [
        -0.7501509438278757,
        0.6612650506005122,
        0.0014471794806298582,
        -5.388475816369464
      ],
      [
        0.005867424416690363,
        0.004467669711154125,
        0.9999728062592834,
        0.8066854104061676
      ],
      [
        0.0,
        0.0,
        0.0,
        1.0
      ]
    ],
    "location": [
      0.03760671313648345,
      -5.388475816369464,
      0.8066854104061676
    ],
    "rotation": [
      0.004467761480036684,
      -0.005867458083191919,
      -0.8483098419234278
    ]
  },
  "LVurOGR3dPZTYlctUjwF1w": {
    "label_id": "LVurOGR3dPZTYlctUjwF1w",
    "size": [
      0.8553806404059285,
      0.9205835426103812,
      1.5600000000000023
    ],
    "obj_class": "pedestrian",
    "point_num_in_lidar": 35,
    "speed": 0.9617416031083103,
    "if_vehicle": false,
    "motion_state": false,
    "pose": [
      [
        0.9951729579816986,
        -0.09786976697873634,
        -0.007231349354330914,
        14.002231168975413
      ],
      [
        0.09788263859819622,
        0.995196912541737,
        0.0014471794806298582,
        12.195445844896312
      ],
      [
        0.007054981432395156,
        -0.0021480174398961064,
        0.9999728062592834,
        0.826964706009278
      ],
      [
        0.0,
        0.0,
        0.0,
        1.0
      ]
    ],
    "location": [
      14.002231168975413,
      12.195445844896312,
      0.826964706009278
    ],
    "rotation": [
      -0.0021480725502178097,
      -0.007055039958025822,
      0.09804206658635538
    ]
  },
  "LgVqvdOHkGs02B5usLWuOw": {
    "label_id": "LgVqvdOHkGs02B5usLWuOw",
    "size": [
      0.7769660188357157,
      0.8107556188977809,
      1.8200000000000074
    ],
    "obj_class": "pedestrian",
    "point_num_in_lidar": 101,
    "speed": 0.0598237399519822,
    "if_vehicle": false,
    "motion_state": false,
    "pose": [
      [
        0.4650696309178258,
        -0.8852445684580466,
        -0.007231349354330914,
        -25.599876058433438
      ],
      [
        0.8852716553200062,
        0.4650720395363787,
        0.0014471794806298582,
        -10.87519272595091
      ],
      [
        0.002081990618007235,
        -0.007074747840034165,
        0.9999728062592834,
        0.8291985040952596
      ],
      [
        0.0,
        0.0,
        0.0,
        1.0
      ]
    ],
    "location": [
      -25.599876058433438,
      -10.87519272595091,
      0.8291985040952596
    ],
    "rotation": [
      -0.00707482219281221,
      -0.002081992122139063,
      1.08708192396436
    ]
  },
  "MgUHjjRH5WfE7KTO3UAfsQ": {
    "label_id": "MgUHjjRH5WfE7KTO3UAfsQ",
    "size": [
      2.1220822046833634,
      4.89751997057426,
      1.4830591855056667
    ],
    "obj_class": "vehicle",
    "point_num_in_lidar": 121,
    "speed": 3.15288503274198e-27,
    "if_vehicle": true,
    "motion_state": false,
    "pose": [
      [
        -0.9924247033581283,
        0.12264141124044023,
        -0.007231349354330914,
        0.6649122067319695
      ],
      [
        -0.12265487586565242,
        -0.9924483296867057,
        0.0014471794806298582,
        6.701107151937322
      ],
      [
        -0.006999256454264101,
        0.0023231769241666813,
        0.9999728062592834,
        0.5989343126300781
      ],
      [
        0.0,
        0.0,
        0.0,
        1.0
      ]
    ],
    "location": [
      0.6649122067319695,
      6.701107151937322,
      0.5989343126300781
    ],
    "rotation": [
      0.0023232359219159428,
      0.0069993136039757245,
      -3.0186251083621194
    ]
  },
  "V7YN8qOnLzj6EqMtbCjrbw": {
    "label_id": "V7YN8qOnLzj6EqMtbCjrbw",
    "size": [
      2.3616038729626845,
      4.897855298287807,
      1.8405185015044054
    ],
    "obj_class": "vehicle",
    "point_num_in_lidar": 269,
    "speed": 6.30577006548396e-27,
    "if_vehicle": true,
    "motion_state": false,
    "pose": [
      [
        0.6909974351729798,
        0.7228210374434872,
        -0.007231349354330914,
        2.9910673179329024
      ],
      [
        -0.7228319485328456,
        0.6910223439598465,
        0.0014471794806298582,
        -4.770993855840061
      ],
      [
        0.006043075754378072,
        0.0042270530349625525,
        0.9999728062592834,
        0.8861639402459431
      ],
      [
        0.0,
        0.0,
        0.0,
        1.0
      ]
    ],
    "location": [
      2.9910673179329024,
      -4.770993855840061,
      0.8861639402459431
    ],
    "rotation": [
      0.0042271428093927105,
      -0.006043112535925985,
      -0.8079108763163317
    ]
  },
  "X1k3ar-6VxCGzHvtOE0rKw": {
    "label_id": "X1k3ar-6VxCGzHvtOE0rKw",
    "size": [
      2.321696450277748,
      6.372934033764432,
      2.273059185505666
    ],
    "obj_class": "vehicle",
    "point_num_in_lidar": 3409,
    "speed": 3.15288503274198e-27,
    "if_vehicle": true,
    "motion_state": false,
    "pose": [
      [
        -0.9989833677890622,
        0.04449649949534159,
        -0.007231349354330914,
        -11.612414450537472
      ],
      [
        -0.044508071324825996,
        -0.9990079765740086,
        0.0014471794806298582,
        6.003289864413091
      ],
      [
        -0.007159781265340375,
        0.0017675616441921362,
        0.9999728062592834,
        0.9442359855992777
      ],
      [
        0.0,
        0.0,
        0.0,
        1.0
      ]
    ],
    "location": [
      -11.612414450537472,
      6.003289864413091,
      0.9442359855992777
    ],
    "rotation": [
      0.0017676078711832113,
      0.007159842438094248,
      -3.0970687323304076
    ]
  },
  "YoCJlxDeJXwOZIj1uoslgg": {
    "label_id": "YoCJlxDeJXwOZIj1uoslgg",
    "size": [
      1.9479609049787194,
      4.487277266717799,
      1.8100000000000023
    ],
    "obj_class": "vehicle",
    "point_num_in_lidar": 27,
    "speed": 1.0134268320848947e-26,
    "if_vehicle": true,
    "motion_state": false,
    "pose": [
      [
        0.6813357147276637,
        0.7319353464774462,
        -0.007231349354330914,
        -9.929016223912186
      ],
      [
        -0.731946587451603,
        0.6813604763922718,
        0.0014471794806298582,
        -6.117408150959818
      ],
      [
        0.005986397455595724,
        0.004306946416798712,
        0.9999728062592834,
        0.8190390872441569
      ],
      [
        0.0,
        0.0,
        0.0,
        1.0
      ]
    ],
    "location": [
      -9.929016223912186,
      -6.117408150959818,
      0.8190390872441569
    ],
    "rotation": [
      0.004307036909111473,
      -0.005986433211881225,
      -0.8211937397678576
    ]
  },
  "gLdCcd_k3Lp-3dE0ol5ezA": {
    "label_id": "gLdCcd_k3Lp-3dE0ol5ezA",
    "size": [
      2.135069974136134,
      4.396070169772625,
      1.8305185015044074
    ],
    "obj_class": "vehicle",
    "point_num_in_lidar": 32,
    "speed": 4.4588527739068475e-27,
    "if_vehicle": true,
    "motion_state": false,
    "pose": [
      [
        0.6805881540606548,
        0.732630515429726,
        -0.007231349354330914,
        19.920081230251526
      ],
      [
        -0.73264178167629,
        0.6806129042368666,
        0.0014471794806298582,
        -3.9800986740228836
      ],
      [
        0.00598199753441573,
        0.004313055463564358,
        0.9999728062592834,
        0.8926192044561816
      ],
      [
        0.0,
        0.0,
        0.0,
        1.0
      ]
    ],
    "location": [
      19.920081230251526,
      -3.9800986740228836,
      0.8926192044561816
    ],
    "rotation": [
      0.004313146008519988,
      -0.005982033211917159,
      -0.8222146116363143
    ]
  },
  "h1TzLRBOnGUWaFDlLPUWwg": {
    "label_id": "h1TzLRBOnGUWaFDlLPUWwg",
    "size": [
      2.2168424374813975,
      4.65169111394828,
      1.5400000000000063
    ],
    "obj_class": "vehicle",
    "point_num_in_lidar": 3613,
    "speed": 4.4588527739068475e-27,
    "if_vehicle": true,
    "motion_state": false,
    "pose": [
      [
        0.6180881620489455,
        0.7860755253291327,
        -0.007231349354330914,
        -16.93896119434794
      ],
      [
        -0.786088787145056,
        0.6181119028107819,
        0.0014471794806298582,
        -5.680538477223308
      ],
      [
        0.005607375479776657,
        0.0047899981380307155,
        0.9999728062592834,
        0.6143415645749002
      ],
      [
        0.0,
        0.0,
        0.0,
        1.0
      ]
    ],
    "location": [
      -16.93896119434794,
      -5.680538477223308,
      0.6143415645749002
    ],
    "rotation": [
      0.004790091763019035,
      -0.005607404865325678,
      -0.9044756214850591
    ]
  },
  "knugsf_-ZcL72Hv_f2P2Rw": {
    "label_id": "knugsf_-ZcL72Hv_f2P2Rw",
    "size": [
      0.760224233307685,
      0.9862085662898608,
      1.7675343397518546
    ],
    "obj_class": "pedestrian",
    "point_num_in_lidar": 182,
    "speed": 0.5864337954164679,
    "if_vehicle": false,
    "motion_state": false,
    "pose": [
      [
        -0.777493297941933,
        0.6288496475644175,
        -0.007231349354330914,
        -10.0996462230396
      ],
      [
        -0.6288735686211575,
        -0.7775062317185896,
        0.0014471794806298582,
        11.833212732337415
      ],
      [
        -0.0047123608803699415,
        0.005672776821513187,
        0.9999728062592834,
        0.8574679038780175
      ],
      [
        0.0,
        0.0,
        0.0,
        1.0
      ]
    ],
    "location": [
      -10.0996462230396,
      11.833212732337415,
      0.8574679038780175
    ],
    "rotation": [
      0.005672870235204366,
      0.004712378321262858,
      -2.4614800838033153
    ]
  },
  "oA3p3mCZ9TFc3cKKKJR0Eg": {
    "label_id": "oA3p3mCZ9TFc3cKKKJR0Eg",
    "size": [
      2.4832522447961236,
      6.364256730082237,
      2.1899999999999977
    ],
    "obj_class": "vehicle",
    "point_num_in_lidar": 7945,
    "speed": 4.4588527739068475e-27,
    "if_vehicle": true,
    "motion_state": false,
    "pose": [
      [
        -0.6871258965386542,
        -0.7265023812021996,
        -0.007231349354330914,
        -20.533097386774898
      ],
      [
        0.7265134252112366,
        -0.6871507466774576,
        0.0014471794806298582,
        -6.012599790170498
      ],
      [
        -0.006020406447018593,
        -0.004259277890233882,
        0.9999728062592834,
        0.9932023412954507
      ],
      [
        0.0,
        0.0,
        0.0,
        1.0
      ]
    ],
    "location": [
      -20.533097386774898,
      -6.012599790170498,
      0.9932023412954507
    ],
    "rotation": [
      -0.004259367960771657,
      0.006020442816178523,
      2.328339194727418
    ]
  },
  "sqvXmr-ydIRBcFMzCwocWw": {
    "label_id": "sqvXmr-ydIRBcFMzCwocWw",
    "size": [
      2.393271040025216,
      5.524074241577592,
      2.1600000000000037
    ],
    "obj_class": "vehicle",
    "point_num_in_lidar": 4196,
    "speed": 3.15288503274198e-27,
    "if_vehicle": true,
    "motion_state": false,
    "pose": [
      [
        0.686598057434888,
        0.7270012483573558,
        -0.007231349354330914,
        -13.826936195604503
      ],
      [
        -0.7270123104121081,
        0.6866228995458855,
        0.0014471794806298582,
        -5.227701568699558
      ],
      [
        0.006017311350315017,
        0.004263649381329133,
        0.9999728062592834,
        0.9613972597843983
      ],
      [
        0.0,
        0.0,
        0.0,
        1.0
      ]
    ],
    "location": [
      -13.826936195604503,
      -5.227701568699558,
      0.9613972597843983
    ],
    "rotation": [
      0.004263739491355699,
      -0.0060173476634109106,
      -0.8139797643740123
    ]
  },
  "tLLaYUgBVODgrVjxYBagwA": {
    "label_id": "tLLaYUgBVODgrVjxYBagwA",
    "size": [
      0.7770444605792441,
      0.11190182437167095,
      0.7800000000000011
    ],
    "obj_class": "sign",
    "point_num_in_lidar": 24,
    "speed": 0.010166060715529219,
    "if_vehicle": false,
    "motion_state": false,
    "pose": [
      [
        -0.9948014562849924,
        0.10157642521655312,
        -0.007231349354330914,
        31.686292770158616
      ],
      [
        -0.1015893859850893,
        -0.9948253627279128,
        0.0014471794806298582,
        -1.9739208347164094
      ],
      [
        -0.00704693042614538,
        0.0021742845955864914,
        0.9999728062592834,
        3.099564982543555
      ],
      [
        0.0,
        0.0,
        0.0,
        1.0
      ]
    ],
    "location": [
      31.686292770158616,
      -1.9739208347164094,
      3.099564982543555
    ],
    "rotation": [
      0.0021743402975362073,
      0.007046988751636731,
      -3.0398251748461647
    ]
  },
  "tX6UTCnyT-2fkHW2Wo8DoA": {
    "label_id": "tX6UTCnyT-2fkHW2Wo8DoA",
    "size": [
      2.123208825961002,
      4.640056433527341,
      1.5805185015044074
    ],
    "obj_class": "vehicle",
    "point_num_in_lidar": 343,
    "speed": 3.15288503274198e-27,
    "if_vehicle": true,
    "motion_state": false,
    "pose": [
      [
        0.5357757390415422,
        0.8443293581541537,
        -0.007231349354330914,
        -3.2876691988276434
      ],
      [
        -0.8443449435899507,
        0.5357980234245304,
        0.0014471794806298582,
        -5.612594531841751
      ],
      [
        0.005096438812756828,
        0.005330389606901545,
        0.9999728062592834,
        0.7084492028162828
      ],
      [
        0.0,
        0.0,
        0.0,
        1.0
      ]
    ],
    "location": [
      -3.2876691988276434,
      -5.612594531841751,
      0.7084492028162828
    ],
    "rotation": [
      0.00533048407660354,
      -0.0050964608752337905,
      -1.0053618765283014
    ]
  },
  "vyfYxP7tRhBk2mf_1uLF-g": {
    "label_id": "vyfYxP7tRhBk2mf_1uLF-g",
    "size": [
      3.013943286582367,
      7.3350699148041585,
      3.2099999999999795
    ],
    "obj_class": "vehicle",
    "point_num_in_lidar": 26554,
    "speed": 0.006774835628797676,
    "if_vehicle": true,
    "motion_state": false,
    "pose": [
      [
        -0.999305869640778,
        0.03654430855829503,
        -0.007231349354330914,
        -22.69035800036363
      ],
      [
        -0.036555684163081616,
        -0.9993305697450268,
        0.0014471794806298582,
        5.201522432791535
      ],
      [
        -0.007173622296809473,
        0.001710521872486935,
        0.9999728062592834,
        1.3437145936788326
      ],
      [
        0.0,
        0.0,
        0.0,
        1.0
      ]
    ],
    "location": [
      -22.69035800036363,
      5.201522432791535,
      1.3437145936788326
    ],
    "rotation": [
      0.0017105667208435395,
      0.00717368382502601,
      -3.1050278815979566
    ]
  },
  "xZ3xAFKzkG5ksRUdYiaIQw": {
    "label_id": "xZ3xAFKzkG5ksRUdYiaIQw",
    "size": [
      2.16151229963882,
      5.133410977253657,
      1.5200000000000031
    ],
    "obj_class": "vehicle",
    "point_num_in_lidar": 355,
    "speed": 0.004699638386851122,
    "if_vehicle": true,
    "motion_state": false,
    "pose": [
      [
        -0.9970466908066365,
        0.07645654934700467,
        -0.007231349354330914,
        -5.008060394844506
      ],
      [
        -0.07646890310476927,
        -0.9970709164996762,
        0.0014471794806298582,
        6.186946226247528
      ],
      [
        -0.007099521778877317,
        0.0019958788652583333,
        0.9999728062592834,
        0.5719194855111098
      ],
      [
        0.0,
        0.0,
        0.0,
        1.0
      ]
    ],
    "location": [
      -5.008060394844506,
      6.186946226247528,
      0.5719194855111098
    ],
    "rotation": [
      0.001995930491720732,
      0.007099581420010655,
      -3.065047095593467
    ]
  },
  "yFEZzq_JFJMXKRuz8eAFkw": {
    "label_id": "yFEZzq_JFJMXKRuz8eAFkw",
    "size": [
      0.8278727131188282,
      0.8713122677734411,
      1.6332963406572247
    ],
    "obj_class": "pedestrian",
    "point_num_in_lidar": 174,
    "speed": 0.8443463062336893,
    "if_vehicle": false,
    "motion_state": false,
    "pose": [
      [
        -0.9378329077853368,
        0.3470117356249145,
        -0.007231349354330914,
        -10.197604917630088
      ],
      [
        -0.3470302606056572,
        -0.9378528156888587,
        0.0014471794806298582,
        11.172875417367322
      ],
      [
        -0.006279753089854928,
        0.0038667095913703818,
        0.9999728062592834,
        0.7742421118218701
      ],
      [
        0.0,
        0.0,
        0.0,
        1.0
      ]
    ],
    "location": [
      -10.197604917630088,
      11.172875417367322,
      0.7742421118218701
    ],
    "rotation": [
      0.0038667954721658413,
      0.006279794364577376,
      -2.787182642833621
    ]
  },
  "yYqdzUdhWn2-FkOmqxCX9w": {
    "label_id": "yYqdzUdhWn2-FkOmqxCX9w",
    "size": [
      0.538679149236478,
      0.09662513448970497,
      0.46999999999999886
    ],
    "obj_class": "sign",
    "point_num_in_lidar": 77,
    "speed": 0.045326688402826956,
    "if_vehicle": false,
    "motion_state": false,
    "pose": [
      [
        0.9914923237800198,
        0.12996414687063426,
        -0.007231349354330914,
        -18.416393653664272
      ],
      [
        -0.1299570323991379,
        0.9915185703765513,
        0.0014471794806298582,
        -9.911979216500185
      ],
      [
        0.007358098620268333,
        -0.0004951026438461927,
        0.9999728062592834,
        2.6315727055337774
      ],
      [
        0.0,
        0.0,
        0.0,
        1.0
      ]
    ],
    "location": [
      -18.416393653664272,
      -9.911979216500185,
      2.6315727055337774
    ],
    "rotation": [
      -0.0004951160674476807,
      -0.007358165018443533,
      -0.13032919275759142
    ]
  },
  "-K1mhaiPD_bfqqGo9XGMqQ": {
    "label_id": "-K1mhaiPD_bfqqGo9XGMqQ",
    "size": [
      0.7507335149734423,
      0.7899949617853979,
      1.7000000000000028
    ],
    "obj_class": "pedestrian",
    "point_num_in_lidar": 246,
    "speed": 0.16586809973380248,
    "if_vehicle": false,
    "motion_state": false,
    "pose": [
      [
        0.20710559517461766,
        0.9783148994484329,
        -0.0026888593436340223,
        14.980833678535419
      ],
      [
        -0.9783151225210917,
        0.20709675551702764,
        -0.003233403912583408,
        -0.8613256166354404
      ],
      [
        -0.002606433177506956,
        0.0033002077999648247,
        0.9999911575281895,
        0.8532416911200329
      ],
      [
        0.0,
        0.0,
        0.0,
        1.0
      ]
    ],
    "location": [
      14.980833678535419,
      -0.8613256166354404,
      0.8532416911200329
    ],
    "rotation": [
      0.0033002250007146848,
      0.002606436128647297,
      -1.3621801297025253
    ]
  }
}