[
  {
    "label_id": "-63IzPn79Isi9S29BXuq1g",
    "size": [
      0.8937512568319496,
      0.9993915433078087,
      1.7256935869875178
    ],
    "obj_class": "pedestrian",
    "point_num_in_lidar": 24,
    "speed": 1.3049937605464603,
    "if_vehicle": false,
    "motion_state": true,
    "pose": [
      [
        0.9990744221649319,
        -0.04301235458992811,
        0.0004861362335069182,
        69.12748646856198
      ],
      [
        0.04301373942137643,
        0.9990689225114067,
        -0.003332610521305,
        14.043890842869587
      ],
      [
        -0.00034234017755101453,
        0.0033504364681449217,
        0.999994328673256,
        0.9726180000731333
      ],
      [
        0.0,
        0.0,
        0.0,
        1.0
      ]
    ],
    "location": [
      69.12748646856198,
      14.043890842869587,
      0.9726180000731333
    ],
    "rotation": [
      0.003350442932853201,
      0.0003423401842378769,
      0.043027016872505
    ]
  },
  {
    "label_id": "5v-HhV-BedTvNkAgrUmSsA",
    "size": [
      2.122837831403961,
      5.033050925192189,
      1.480000000000004
    ],
    "obj_class": "vehicle",
    "point_num_in_lidar": 2677,
    "speed": 0.003062681532820522,
    "if_vehicle": true,
    "motion_state": false,
    "pose": [
      [
        -0.9947623459714136,
        0.10221369139705469,
        0.0004861362335069182,
        12.44256113460142
      ],
      [
        -0.10221474748325363,
        -0.9947567738417507,
        -0.003332610521305,
        7.395243312275852
      ],
      [
        0.00014294888791967515,
        -0.003364845752732747,
        0.999994328673256,
        0.6164940137586754
      ],
      [
        0.0,
        0.0,
        0.0,
        1.0
      ]
    ],
    "location": [
      12.44256113460142,
      7.395243312275852,
      0.6164940137586754
    ],
    "rotation": [
      -0.003364852136713342,
      -0.00014294888840652055,
      -3.0391990755310454
    ]
  },
  {
    "label_id": "Abp2wF28Amdp-8SvcS3E1g",
    "size": [
      2.196294568927894,
      4.401772619467235,
      1.7100000000000009
    ],
    "obj_class": "vehicle",
    "point_num_in_lidar": 2421,
    "speed": 0.009858921778766603,
    "if_vehicle": true,
    "motion_state": false,
    "pose": [
      [
        0.9995927735281622,
        0.028531575172754613,
        0.0004861362335069182,
        14.714482925839548
      ],
      [
        -0.028529800660294632,
        0.9995873869659405,
        -0.003332610521305,
        -0.00024195664445869625
      ],
      [
        -0.0005810202749707713,
        0.003317384024244701,
        0.999994328673256,
        0.913219018104229
      ],
      [
        0.0,
        0.0,
        0.0,
        1.0
      ]
    ],
    "location": [
      14.714482925839548,
      -0.00024195664445869625,
      0.913219018104229
    ],
    "rotation": [
      0.0033173906688823943,
      0.0005810203076613552,
      -0.02853367719911095
    ]
  },
  {
    "label_id": "BWvewDT0hJdWZfzsS5N52A",
    "size": [
      0.8672735484409384,
      0.9365148916588351,
      1.7102353335570868
    ],
    "obj_class": "pedestrian",
    "point_num_in_lidar": 31,
    "speed": 1.9065086836422482,
    "if_vehicle": false,
    "motion_state": true,
    "pose": [
      [
        0.9989714501511495,
        -0.045340990885421206,
        0.0004861362335069182,
        61.852191676829534
      ],
      [
        0.04534236289390693,
        0.9989659472846462,
        -0.003332610521305,
        14.486883068275347
      ],
      [
        -0.00033452967974347973,
        0.0033512253307725823,
        0.999994328673256,
        0.9386007205869618
      ],
      [
        0.0,
        0.0,
        0.0,
        1.0
      ]
    ],
    "location": [
      61.852191676829534,
      14.486883068275347,
      0.9386007205869618
    ],
    "rotation": [
      0.00335123179109733,
      0.00033452968598302204,
      0.045357916611809504
    ]
  },
  {
    "label_id": "C4NxoX3efnXfwLAduEGZxw",
    "size": [
      2.0028314749616625,
      4.45394267847577,
      1.5900000000000034
    ],
    "obj_class": "vehicle",
    "point_num_in_lidar": 1014,
    "speed": 6.431098710768743e-12,
    "if_vehicle": true,
    "motion_state": false,
    "pose": [
      [
        0.5637958104490679,
        0.825914068043184,
        0.0004861362335069182,
        16.627299012514413
      ],
      [
        -0.8259086657932163,
        0.5637940842850185,
        -0.003332610521305,
        -4.547454089857638
      ],
      [
        -0.00302653064546233,
        0.0014774077217608052,
        0.999994328673256,
        0.6528784552082953
      ],
      [
        0.0,
        0.0,
        0.0,
        1.0
      ]
    ],
    "location": [
      16.627299012514413,
      -4.547454089857638,
      0.6528784552082953
    ],
    "rotation": [
      0.001477415025724221,
      0.0030265352659282047,
      -0.9718186816067234
    ]
  },
  {
    "label_id": "D-j8uA5tzbpXhUFsbPfY1w",
    "size": [
      0.9873273858201428,
      0.7573816566762264,
      1.5740498284474072
    ],
    "obj_class": "pedestrian",
    "point_num_in_lidar": 64,
    "speed": 0.9928560551682132,
    "if_vehicle": false,
    "motion_state": false,
    "pose": [
      [
        0.9999840408424697,
        0.0056286527631648235,
        0.0004861362335069182,
        31.481485975702526
      ],
      [
        -0.00562700209418539,
        0.9999786150486145,
        -0.003332610521305,
        -8.718057097859855
      ],
      [
        -0.0005048839449264935,
        0.003329821846044701,
        0.999994328673256,
        0.9454910230827593
      ],
      [
        0.0,
        0.0,
        0.0,
        1.0
      ]
    ],
    "location": [
      31.481485975702526,
      -8.718057097859855,
      0.9454910230827593
    ],
    "rotation": [
      0.003329828423828401,
      0.0005048839663763051,
      -0.005627032506574318
    ]
  },
  {
    "label_id": "DV-QVxiC5bGWoAdie1BT7w",
    "size": [
      2.123208825959271,
      4.640056433527341,
      1.5305185015044103
    ],
    "obj_class": "vehicle",
    "point_num_in_lidar": 328,
    "speed": 0.789159516938593,
    "if_vehicle": true,
    "motion_state": false,
    "pose": [
      [
        0.9990617734572627,
        -0.04330515544356642,
        0.0004861362335069182,
        23.613395901265903
      ],
      [
        0.043306538663150006,
        0.9990562733981155,
        -0.003332610521305,
        1.0456811915282742
      ],
      [
        -0.00034135823715323996,
        0.003350536655249232,
        0.999994328673256,
        0.8826192044560557
      ],
      [
        0.0,
        0.0,
        0.0,
        1.0
      ]
    ],
    "location": [
      23.613395901265903,
      1.0456811915282742,
      0.8826192044560557
    ],
    "rotation": [
      0.003350543119401025,
      0.00034135824378272707,
      0.043320089212450126
    ]
  },
  {
    "label_id": "Djbr-wq3c_Wu_emcmW1Dog",
    "size": [
      2.459956087835262,
      5.612823795445765,
      2.270518501504405
    ],
    "obj_class": "vehicle",
    "point_num_in_lidar": 13352,
    "speed": 3.5950934718225418e-12,
    "if_vehicle": true,
    "motion_state": false,
    "pose": [
      [
        0.6979183915651327,
        0.7161771305945902,
        0.0004861362335069182,
        6.414921690004121
      ],
      [
        -0.716172107472422,
        0.6979157586597561,
        -0.003332610521305,
        -4.570807764139317
      ],
      [
        -0.0027260215787575336,
        0.001977732963872869,
        0.999994328673256,
        0.9848373338035614
      ],
      [
        0.0,
        0.0,
        0.0,
        1.0
      ]
    ],
    "location": [
      6.414921690004121,
      -4.570807764139317,
      0.9848373338035614
    ],
    "rotation": [
      0.001977741601682027,
      0.0027260249550345303,
      -0.7983058960783308
    ]
  },
  {
    "label_id": "EB8EchWMY1Oagsjrk4KwsA",
    "size": [
      2.203939785643828,
      4.8606414627357974,
      1.6200000000000045
    ],
    "obj_class": "vehicle",
    "point_num_in_lidar": 24,
    "speed": 4.099037227506402e-12,
    "if_vehicle": true,
    "motion_state": false,
    "pose": [
      [
        0.6763909615835438,
        0.7365426197849324,
        0.0004861362335069182,
        68.75947913958225
      ],
      [
        -0.736537520852995,
        0.6763884786739328,
        -0.003332610521305,
        -2.6366225702295196
      ],
      [
        -0.002783426631494834,
        0.0018960900588649262,
        0.999994328673256,
        0.8066471474137131
      ],
      [
        0.0,
        0.0,
        0.0,
        1.0
      ]
    ],
    "location": [
      68.75947913958225,
      -2.6366225702295196,
      0.8066471474137131
    ],
    "rotation": [
      0.001896098539990941,
      0.002783430225590215,
      -0.8279412000892682
    ]
  },
  {
    "label_id": "G96MfK6U70_2CEKJH1g1gA",
    "size": [
      2.050767647742153,
      4.751621205894719,
      1.783059185505671
    ],
    "obj_class": "vehicle",
    "point_num_in_lidar": 4627,
    "speed": 1.1368683772161603e-12,
    "if_vehicle": true,
    "motion_state": false,
    "pose": [
      [
        -0.9991563610937998,
        0.04106494560277459,
        0.0004861362335069182,
        6.154166087369958
      ],
      [
        -0.041066341151139475,
        -0.9991508641499397,
        -0.003332610521305,
        6.997459129313938
      ],
      [
        0.0003488699680304102,
        -0.00334976283782114,
        0.999994328673256,
        0.7404570083775113
      ],
      [
        0.0,
        0.0,
        0.0,
        1.0
      ]
    ],
    "location": [
      6.154166087369958,
      6.997459129313938,
      0.7404570083775113
    ],
    "rotation": [
      -0.00334976930626933,
      -0.00034886997510725267,
      -3.1005147584855575
    ]
  },
  {
    "label_id": "GvNSnjQZk7nOuKBrSduqOA",
    "size": [
      2.1579955411861818,
      4.7553734910656065,
      1.5499999999999972
    ],
    "obj_class": "vehicle",
    "point_num_in_lidar": 46,
    "speed": 1.2857031759836406,
    "if_vehicle": true,
    "motion_state": true,
    "pose": [
      [
        -0.9991181007058467,
        0.0419855274291512,
        0.0004861362335069182,
        59.3062908532811
      ],
      [
        -0.04198691791216846,
        -0.9991126024784944,
        -0.003332610521305,
        6.890465284101083
      ],
      [
        0.0003457834269652612,
        -0.0033500828565689593,
        0.999994328673256,
        0.7790232042556937
      ],
      [
        0.0,
        0.0,
        0.0,
        1.0
      ]
    ],
    "location": [
      59.3062908532811,
      6.890465284101083,
      0.7790232042556937
    ],
    "rotation": [
      -0.0033500893232408244,
      -0.00034578343385592873,
      -3.099593386903241
    ]
  },
  {
    "label_id": "H1UceUMUw7amJjkZPWl6qg",
    "size": [
      0.6970462820170269,
      0.7653631564612301,
      1.6941567563163105
    ],
    "obj_class": "pedestrian",
    "point_num_in_lidar": 29,
    "speed": 1.3567422320751916,
    "if_vehicle": false,
    "motion_state": true,
    "pose": [
      [
        -0.9985194585831388,
        0.05439351526053318,
        0.0004861362335069182,
        52.725674623470695
      ],
      [
        -0.054394837336279686,
        -0.9985139435071865,
        -0.003332610521305,
        -5.899114910578646
      ],
      [
        0.0003041414063527064,
        -0.003354119754746821,
        0.999994328673256,
        0.9502767936347851
      ],
      [
        0.0,
        0.0,
        0.0,
        1.0
      ]
    ],
    "location": [
      52.725674623470695,
      -5.899114910578646,
      0.9502767936347851
    ],
    "rotation": [
      -0.003354126198952175,
      -0.00030414141104165434,
      -3.087170954063719
    ]
  },
  {
    "label_id": "ImNXxSqrOhGjnDuh8WZ_rw",
    "size": [
      0.7006499849979784,
      0.8057173953675747,
      1.5600000000000023
    ],
    "obj_class": "pedestrian",
    "point_num_in_lidar": 32,
    "speed": 1.0283259128071773,
    "if_vehicle": false,
    "motion_state": true,
    "pose": [
      [
        -0.9984808608322859,
        -0.05509749743118867,
        0.0004861362335069182,
        61.958822134227375
      ],
      [
        0.05509558033436529,
        -0.9984755233528425,
        -0.003332610521305,
        -5.748903472260281
      ],
      [
        0.0006690136298083544,
        -0.0033007638642247234,
        0.999994328673256,
        0.8556711139386763
      ],
      [
        0.0,
        0.0,
        0.0,
        1.0
      ]
    ],
    "location": [
      61.958822134227375,
      -5.748903472260281,
      0.8556711139386763
    ],
    "rotation": [
      -0.00330077059659527,
      -0.000669013679714466,
      3.08646914877916
    ]
  },
  {
    "label_id": "J8-j5tMTE7dijlXHKvNmRw",
    "size": [
      1.86863826312552,
      4.258107369427481,
      1.7700000000000031
    ],
    "obj_class": "vehicle",
    "point_num_in_lidar": 58,
    "speed": 2.5421149729252077e-12,
    "if_vehicle": true,
    "motion_state": false,
    "pose": [
      [
        0.08394591761753899,
        0.9964701935265861,
        0.0004861362335069182,
        38.593940286067664
      ],
      [
        -0.9964646417104496,
        0.08394707575597007,
        -0.003332610521305,
        -13.496263904504303
      ],
      [
        -0.0033616567663354575,
        -0.00020465851947112554,
        0.999994328673256,
        1.0303133105763678
      ],
      [
        0.0,
        0.0,
        0.0,
        1.0
      ]
    ],
    "location": [
      38.593940286067664,
      -13.496263904504303,
      1.0303133105763678
    ],
    "rotation": [
      -0.000204659677305613,
      0.0033616630979003822,
      -1.4867510258793601
    ]
  },
  {
    "label_id": "LFIPG3l72B26CH5x5oOo8g",
    "size": [
      2.1565249126457426,
      4.707937795627931,
      1.9600000000000009
    ],
    "obj_class": "vehicle",
    "point_num_in_lidar": 3166,
    "speed": 4.099037227506402e-12,
    "if_vehicle": true,
    "motion_state": false,
    "pose": [
      [
        0.6612578142848187,
        0.7501585610514798,
        0.0004861362335069182,
        0.03760671313648345
      ],
      [
        -0.7501534126341662,
        0.6612554356830858,
        -0.003332610521305,
        -5.38847581637674
      ],
      [
        -0.0028214465400961328,
        0.0018390379946103996,
        0.999994328673256,
        0.7901046220838879
      ],
      [
        0.0,
        0.0,
        0.0,
        1.0
      ]
    ],
    "location": [
      0.03760671313648345,
      -5.38847581637674,
      0.7901046220838879
    ],
    "rotation": [
      0.001839046351177775,
      0.002821450283492226,
      -0.8482985629554511
    ]
  },
  {
    "label_id": "LVurOGR3dPZTYlctUjwF1w",
    "size": [
      0.8553806403914772,
      0.9205835426103812,
      1.5600000000000023
    ],
    "obj_class": "pedestrian",
    "point_num_in_lidar": 102,
    "speed": 0.905221534153247,
    "if_vehicle": false,
    "motion_state": false,
    "pose": [
      [
        0.9999247878767603,
        -0.01225488723645589,
        0.0004861362335069182,
        20.44998439039773
      ],
      [
        0.01225644061240683,
        0.9999193334317662,
        -0.003332610521305,
        12.430019925574015
      ],
      [
        -0.0004452562524236479,
        0.0033383181684672786,
        0.999994328673256,
        0.7686323659527972
      ],
      [
        0.0,
        0.0,
        0.0,
        1.0
      ]
    ],
    "location": [
      20.44998439039773,
      12.430019925574015,
      0.7686323659527972
    ],
    "rotation": [
      0.0033383246999907504,
      0.0004452562671358901,
      0.012256748709288025
    ]
  },
  {
    "label_id": "MgUHjjRH5WfE7KTO3UAfsQ",
    "size": [
      2.1220822046833625,
      4.89751997057426,
      1.4830591855056667
    ],
    "obj_class": "vehicle",
    "point_num_in_lidar": 4386,
    "speed": 2.2737367544323206e-12,
    "if_vehicle": true,
    "motion_state": false,
    "pose": [
      [
        -0.9924505352451478,
        0.12264460348169386,
        0.0004861362335069182,
        0.6649122067465214
      ],
      [
        -0.12264554478052223,
        -0.9924449425799913,
        -0.003332610521305,
        6.701107151937322
      ],
      [
        7.373675040445387e-05,
        -0.003367073538828766,
        0.999994328673256,
        0.5885323121541006
      ],
      [
        0.0,
        0.0,
        0.0,
        1.0
      ]
    ],
    "location": [
      0.6649122067465214,
      6.701107151937322,
      0.5885323121541006
    ],
    "rotation": [
      -0.0033670799102036774,
      -7.373675047127298e-05,
      -3.0186375374728938
    ]
  },
  {
    "label_id": "No68zCO6os9hco-_ap9yaQ",
    "size": [
      0.7484054906059363,
      0.7235802196100946,
      1.7700000000000031
    ],
    "obj_class": "pedestrian",
    "point_num_in_lidar": 42,
    "speed": 2.5421149729252077e-12,
    "if_vehicle": false,
    "motion_state": false,
    "pose": [
      [
        -0.9622687547713897,
        0.27210036248098163,
        0.0004861362335069182,
        48.352709824182966
      ],
      [
        -0.27210044259022453,
        -0.9622630840104577,
        -0.003332610521305,
        19.904892758910137
      ],
      [
        -0.0004390135795514286,
        -0.0033391448607705716,
        0.999994328673256,
        0.6453836239280548
      ],
      [
        0.0,
        0.0,
        0.0,
        1.0
      ]
    ],
    "location": [
      48.352709824182966,
      19.904892758910137,
      0.6453836239280548
    ],
    "rotation": [
      -0.003339151387767213,
      0.00043901359365349147,
      -2.8660174641547638
    ]
  },
  {
    "label_id": "OpmBDWgrhvbDWXPsj-xPxA",
    "size": [
      0.7026515170164885,
      0.7358840794624211,
      1.68310318244977
    ],
    "obj_class": "pedestrian",
    "point_num_in_lidar": 40,
    "speed": 1.6077746776921857e-12,
    "if_vehicle": false,
    "motion_state": false,
    "pose": [
      [
        -0.991829247461123,
        0.12757157815228545,
        0.0004861362335069182,
        49.32563542090793
      ],
      [
        -0.1275724916664582,
        -0.9918236501904583,
        -0.003332610521305,
        18.733378725075454
      ],
      [
        5.701503003688308e-05,
        -0.0033673981960247843,
        0.999994328673256,
        0.6584788027165729
      ],
      [
        0.0,
        0.0,
        0.0,
        1.0
      ]
    ],
    "location": [
      49.32563542090793,
      18.733378725075454,
      0.6584788027165729
    ],
    "rotation": [
      -0.003367404565559869,
      -5.7015030067772994e-05,
      -3.0136715677876955
    ]
  },
  {
    "label_id": "SV4MhXW_fLKMUyYTomC7iA",
    "size": [
      1.8745005814532065,
      4.026761972188614,
      1.730518501504406
    ],
    "obj_class": "vehicle",
    "point_num_in_lidar": 394,
    "speed": 3.2155493553843714e-12,
    "if_vehicle": true,
    "motion_state": false,
    "pose": [
      [
        0.5357896847832371,
        0.8443513352576888,
        0.0004861362335069182,
        23.067769648012472
      ],
      [
        -0.8443458781739926,
        0.535788140702743,
        -0.003332610521305,
        -3.943883484309481
      ],
      [
        -0.0030743601722366056,
        0.0013751112157227093,
        0.999994328673256,
        0.8526192044560759
      ],
      [
        0.0,
        0.0,
        0.0,
        1.0
      ]
    ],
    "location": [
      23.067769648012472,
      -3.943883484309481,
      0.8526192044560759
    ],
    "rotation": [
      0.001375118147711446,
      0.00307436501524066,
      -1.0053506020395704
    ]
  },
  {
    "label_id": "SkVKxXh2jIQZVXZoNdO_aw",
    "size": [
      0.8929253569016541,
      0.9206928310170497,
      1.7000000000000028
    ],
    "obj_class": "pedestrian",
    "point_num_in_lidar": 35,
    "speed": 0.0032604182046186776,
    "if_vehicle": false,
    "motion_state": false,
    "pose": [
      [
        0.999898893534288,
        -0.0142114876233604,
        0.0004861362335069182,
        50.59682775376859
      ],
      [
        0.014213030323237534,
        0.9998934360601353,
        -0.003332610521305,
        20.39341007002804
      ],
      [
        -0.0004387230757375581,
        0.0033391830418616547,
        0.999994328673256,
        0.7048996319850502
      ],
      [
        0.0,
        0.0,
        0.0,
        1.0
      ]
    ],
    "location": [
      50.59682775376859,
      20.39341007002804,
      0.7048996319850502
    ],
    "rotation": [
      0.0033391895686491124,
      0.00043872308981164474,
      0.014213510264318795
    ]
  },
  {
    "label_id": "TBaMlPrcbb0tVmgFVZHKcA",
    "size": [
      0.8401860487472413,
      0.11186696262676982,
      0.8605185015044086
    ],
    "obj_class": "sign",
    "point_num_in_lidar": 33,
    "speed": 0.0030017805779322063,
    "if_vehicle": false,
    "motion_state": false,
    "pose": [
      [
        0.9990176350607234,
        0.04431171977301044,
        0.0004861362335069182,
        53.88838993954414
      ],
      [
        -0.044309860427254634,
        0.9990122771898403,
        -0.003332610521305,
        10.266892198989808
      ],
      [
        -0.0006333297691928917,
        0.003307796052917283,
        0.999994328673256,
        2.8876192044561293
      ],
      [
        0.0,
        0.0,
        0.0,
        1.0
      ]
    ],
    "location": [
      53.88838993954414,
      10.266892198989808,
      2.8876192044561293
    ],
    "rotation": [
      0.0033078027483900915,
      0.0006333298115316907,
      -0.044324381543369984
    ]
  },
  {
    "label_id": "V7YN8qOnLzj6EqMtbCjrbw",
    "size": [
      2.3616038729626836,
      4.897855298287807,
      1.8405185015044054
    ],
    "obj_class": "vehicle",
    "point_num_in_lidar": 6388,
    "speed": 0.0,
    "if_vehicle": true,
    "motion_state": false,
    "pose": [
      [
        0.6910154211900712,
        0.7228398517991873,
        0.0004861362335069182,
        2.9910673179401783
      ],
      [
        -0.7228348036486558,
        0.691012836596631,
        -0.003332610521305,
        -4.770993855840061
      ],
      [
        -0.0027448700730125365,
        0.0019514890741485667,
        0.999994328673256,
        0.8476192044561586
      ],
      [
        0.0,
        0.0,
        0.0,
        1.0
      ]
    ],
    "location": [
      2.9910673179401783,
      -4.770993855840061,
      0.8476192044561586
    ],
    "rotation": [
      0.0019514976644154937,
      0.0027448735198086814,
      -0.807899848083338
    ]
  },
  {
    "label_id": "VA6JXxlf-ko9AI21ezS-gA",
    "size": [
      0.7480685522338942,
      0.7246482329219848,
      1.759999999999998
    ],
    "obj_class": "pedestrian",
    "point_num_in_lidar": 170,
    "speed": 0.7551425261107537,
    "if_vehicle": false,
    "motion_state": false,
    "pose": [
      [
        0.9984673050548116,
        -0.05534260933624587,
        0.0004861362335069182,
        1.468756291003956
      ],
      [
        0.055343926169172365,
        0.9984617887246834,
        -0.003332610521305,
        -10.716775694796524
      ],
      [
        -0.00030095309112075267,
        0.0033544073338200807,
        0.999994328673256,
        0.8270848567008429
      ],
      [
        0.0,
        0.0,
        0.0,
        1.0
      ]
    ],
    "location": [
      1.468756291003956,
      -10.716775694796524,
      0.8270848567008429
    ],
    "rotation": [
      0.003354413776420804,
      0.0003009530956637783,
      0.05537222030647032
    ]
  },
  {
    "label_id": "Xhv1ib3Sd4Npw2uCm8OIgA",
    "size": [
      0.7032178819254744,
      0.8587069967628569,
      1.7415277018557802
    ],
    "obj_class": "pedestrian",
    "point_num_in_lidar": 42,
    "speed": 1.1691575094369513,
    "if_vehicle": false,
    "motion_state": true,
    "pose": [
      [
        -0.9641835780794997,
        -0.2652353510250388,
        0.0004861362335069182,
        57.0058615284579
      ],
      [
        0.26523234739420154,
        -0.9641787674507641,
        -0.003332610521305,
        -4.561825451848563
      ],
      [
        0.0013526483558839268,
        -0.0030843092824108264,
        0.999994328673256,
        0.9604554679585036
      ],
      [
        0.0,
        0.0,
        0.0,
        1.0
      ]
    ],
    "location": [
      57.0058615284579,
      -4.561825451848563,
      0.9604554679585036
    ],
    "rotation": [
      -0.0030843169942177066,
      -0.001352648768364818,
      2.873147509458301
    ]
  },
  {
    "label_id": "XsywigB-Q40d0u9u21SmQg",
    "size": [
      0.7289434170532213,
      0.9162428550820471,
      1.9424134016137273
    ],
    "obj_class": "pedestrian",
    "point_num_in_lidar": 57,
    "speed": 1.5163833203428048,
    "if_vehicle": false,
    "motion_state": true,
    "pose": [
      [
        0.9921871671395399,
        -0.12475732056748078,
        0.0004861362335069182,
        31.72661669273657
      ],
      [
        0.12475824995700914,
        0.9921815724829692,
        -0.003332610521305,
        -6.891270145737508
      ],
      [
        -6.656785346883501e-05,
        0.0033672228980460486,
        0.999994328673256,
        1.0313776320179926
      ],
      [
        0.0,
        0.0,
        0.0,
        1.0
      ]
    ],
    "location": [
      31.72661669273657,
      -6.891270145737508,
      1.0313776320179926
    ],
    "rotation": [
      0.0033672292685746324,
      6.656785351799845e-05,
      0.12508417404387742
    ]
  },
  {
    "label_id": "YmfytkE-ukfBRofAX1HVww",
    "size": [
      0.6442834931313642,
      0.7097897537460085,
      1.5500000000000043
    ],
    "obj_class": "pedestrian",
    "point_num_in_lidar": 52,
    "speed": 1.3708751846193237,
    "if_vehicle": false,
    "motion_state": true,
    "pose": [
      [
        0.995555951622073,
        -0.09417064755767157,
        0.0004861362335069182,
        20.48661246449774
      ],
      [
        0.09417174864353346,
        0.9955503882097241,
        -0.003332610521305,
        -9.225969109837024
      ],
      [
        -0.00017013902514182426,
        0.0033635805381118595,
        0.999994328673256,
        0.8455141578771261
      ],
      [
        0.0,
        0.0,
        0.0,
        1.0
      ]
    ],
    "location": [
      20.48661246449774,
      -9.225969109837024,
      0.8455141578771261
    ],
    "rotation": [
      0.0033635869292366603,
      0.00017013902596266814,
      0.09431149927696106
    ]
  },
  {
    "label_id": "aOalNxxJ9uA_4VqI2Wr-pw",
    "size": [
      1.0000000000052802,
      1.0,
      1.7608367811754064
    ],
    "obj_class": "pedestrian",
    "point_num_in_lidar": 39,
    "speed": 1.2620929171056803,
    "if_vehicle": false,
    "motion_state": true,
    "pose": [
      [
        0.4335526728437253,
        -0.9011280949685367,
        0.0004861362335069182,
        51.49821427123243
      ],
      [
        0.9011238997377425,
        0.433548856564697,
        -0.003332610521305,
        -5.342128105148731
      ],
      [
        0.002792345162164084,
        0.0018829311776004756,
        0.999994328673256,
        1.138967691046517
      ],
      [
        0.0,
        0.0,
        0.0,
        1.0
      ]
    ],
    "location": [
      51.49821427123243,
      -5.342128105148731,
      1.138967691046517
    ],
    "rotation": [
      0.0018829396310790741,
      -0.002792348790918479,
      1.1223629239136634
    ]
  },
  {
    "label_id": "bof1aeoD2plQ-sVhmz6tng",
    "size": [
      2.0777450502052126,
      4.382102305572195,
      1.6253959798867612
    ],
    "obj_class": "vehicle",
    "point_num_in_lidar": 92,
    "speed": 2.7220424925567266,
    "if_vehicle": true,
    "motion_state": true,
    "pose": [
      [
        -0.9968736091491801,
        0.07901120840393673,
        0.0004861362335069182,
        49.003872854445945
      ],
      [
        -0.07901239401608527,
        -0.9968680631352175,
        -0.003332610521305,
        6.640912328446575
      ],
      [
        0.0002213001010879099,
        -0.0033606022658891903,
        0.999994328673256,
        0.6956947870538457
      ],
      [
        0.0,
        0.0,
        0.0,
        1.0
      ]
    ],
    "location": [
      49.003872854445945,
      6.640912328446575,
      0.6956947870538457
    ],
    "rotation": [
      -0.0033606086737887073,
      -0.00022130010289422532,
      -3.0624978139623726
    ]
  },
  {
    "label_id": "c3SCJxumyZ0SBk4CZmOJ6g",
    "size": [
      0.9673409614793955,
      1.0650027170117071,
      1.9586854736991413
    ],
    "obj_class": "pedestrian",
    "point_num_in_lidar": 180,
    "speed": 1.2112527262816504,
    "if_vehicle": false,
    "motion_state": true,
    "pose": [
      [
        0.9933144104771588,
        -0.11543935901579083,
        0.0004861362335069182,
        26.8194320961411
      ],
      [
        0.11544034087468687,
        0.9933088247900796,
        -0.003332610521305,
        11.645060979652044
      ],
      [
        -9.816898836390295e-05,
        0.0033664497878276287,
        0.999994328673256,
        1.0083531679584965
      ],
      [
        0.0,
        0.0,
        0.0,
        1.0
      ]
    ],
    "location": [
      26.8194320961411,
      11.645060979652044,
      1.0083531679584965
    ],
    "rotation": [
      0.0033664561627353346,
      9.816898852158116e-05,
      0.11569829344852506
    ]
  },
  {
    "label_id": "cEBTjT2GdLcTLHmXu-PHfw",
    "size": [
      0.862587260378985,
      0.8538088650045665,
      1.7592707532064438
    ],
    "obj_class": "pedestrian",
    "point_num_in_lidar": 67,
    "speed": 1.4514528838243888,
    "if_vehicle": false,
    "motion_state": true,
    "pose": [
      [
        -0.984524584375012,
        0.17524584569333504,
        0.0004861362335069182,
        19.23571875741618
      ],
      [
        -0.17524648826357583,
        -0.984518949567959,
        -0.003332610521305,
        -7.9388390787062235
      ],
      [
        -0.00010541581521344566,
        -0.0033662306561113666,
        0.999994328673256,
        0.9010396281055932
      ],
      [
        0.0,
        0.0,
        0.0,
        1.0
      ]
    ],
    "location": [
      19.23571875741618,
      -7.9388390787062235,
      0.9010396281055932
    ],
    "rotation": [
      -0.0033662370322595668,
      0.00010541581540868443,
      -2.9654365272834253
    ]
  },
  {
    "label_id": "fNy8PC-BmuP16FOJ9FFzIw",
    "size": [
      2.1476594433774285,
      5.107156534927326,
      1.980000000000004
    ],
    "obj_class": "vehicle",
    "point_num_in_lidar": 4438,
    "speed": 1.3830600733622805e-11,
    "if_vehicle": true,
    "motion_state": false,
    "pose": [
      [
        0.7588008603807526,
        0.6513225145478944,
        0.0004861362335069182,
        9.769325689434481
      ],
      [
        -0.6513177452746608,
        0.7587977915080177,
        -0.003332610521305,
        -4.6730783365201205
      ],
      [
        -0.0025394833651022175,
        0.0022121585753761405,
        0.999994328673256,
        0.8495289039752123
      ],
      [
        0.0,
        0.0,
        0.0,
        1.0
      ]
    ],
    "location": [
      9.769325689434481,
      -4.6730783365201205,
      0.8495289039752123
    ],
    "rotation": [
      0.0022121675127639174,
      0.00253948609462125,
      -0.7093225186596683
    ]
  },
  {
    "label_id": "gLdCcd_k3Lp-3dE0ol5ezA",
    "size": [
      2.1350699741361328,
      4.396070169772625,
      1.8305185015044074
    ],
    "obj_class": "vehicle",
    "point_num_in_lidar": 1043,
    "speed": 3.5950934718225418e-12,
    "if_vehicle": true,
    "motion_state": false,
    "pose": [
      [
        0.6806058691338916,
        0.732649585116966,
        0.0004861362335069182,
        19.920081230258802
      ],
      [
        -0.7326445005150856,
        0.6806033570091422,
        -0.003332610521305,
        -3.9800986740228836
      ],
      [
        -0.002772501668279133,
        0.0019120292423575802,
        0.999994328673256,
        0.8926192044561319
      ],
      [
        0.0,
        0.0,
        0.0,
        1.0
      ]
    ],
    "location": [
      19.920081230258802,
      -3.9800986740228836,
      0.8926192044561319
    ],
    "rotation": [
      0.0019120377560927105,
      0.0027725052202197814,
      -0.8222034830010844
    ]
  },
  {
    "label_id": "kzp-3xNjfdJH_Q6nCsLIaw",
    "size": [
      0.8194303083075217,
      0.8507232528003885,
      1.8588466720492889
    ],
    "obj_class": "pedestrian",
    "point_num_in_lidar": 21,
    "speed": 1.0702572396349015,
    "if_vehicle": false,
    "motion_state": true,
    "pose": [
      [
        0.9997022743078805,
        0.024395212956920213,
        0.0004861362335069182,
        72.6621236110077
      ],
      [
        -0.02439346074818463,
        0.9996968804491889,
        -0.003332610521305,
        -7.175742031460686
      ],
      [
        -0.000567288619479893,
        0.003319759772400659,
        0.999994328673256,
        1.0818194181377123
      ],
      [
        0.0,
        0.0,
        0.0,
        1.0
      ]
    ],
    "location": [
      72.6621236110077,
      -7.175742031460686,
      1.0818194181377123
    ],
    "rotation": [
      0.0033197664043479913,
      0.0005672886499070255,
      -0.024395884507056084
    ]
  },
  {
    "label_id": "l-XnejT-kWgZdox4WXTk1Q",
    "size": [
      2.0028314749616625,
      4.45394267847577,
      1.5900000000000034
    ],
    "obj_class": "vehicle",
    "point_num_in_lidar": 3424,
    "speed": 2.2737367544323206e-12,
    "if_vehicle": true,
    "motion_state": false,
    "pose": [
      [
        0.5637958104490679,
        0.825914068043184,
        0.0004861362335069182,
        13.066347590152873
      ],
      [
        -0.8259086657932163,
        0.5637940842850185,
        -0.003332610521305,
        -4.414321990865574
      ],
      [
        -0.00302653064546233,
        0.0014774077217608052,
        0.999994328673256,
        0.6428784552083329
      ],
      [
        0.0,
        0.0,
        0.0,
        1.0
      ]
    ],
    "location": [
      13.066347590152873,
      -4.414321990865574,
      0.6428784552083329
    ],
    "rotation": [
      0.001477415025724221,
      0.0030265352659282047,
      -0.9718186816067234
    ]
  },
  {
    "label_id": "lKDSzFUMV-iZb8osI_vVhg",
    "size": [
      2.0750237041035886,
      4.716712819747884,
      1.5364505435900142
    ],
    "obj_class": "vehicle",
    "point_num_in_lidar": 138,
    "speed": 4.45334336374619,
    "if_vehicle": true,
    "motion_state": true,
    "pose": [
      [
        0.7046657684956008,
        -0.7095392296286842,
        0.0004861362335069182,
        48.859805113912444
      ],
      [
        0.709536514914464,
        0.704660789110725,
        -0.003332610521305,
        0.5679874960478628
      ],
      [
        0.002022056760020897,
        0.002693307962988056,
        0.999994328673256,
        0.7864068449383552
      ],
      [
        0.0,
        0.0,
        0.0,
        1.0
      ]
    ],
    "location": [
      48.859805113912444,
      0.5679874960478628,
      0.7864068449383552
    ],
    "rotation": [
      0.0026933167252858412,
      -0.0020220581379585744,
      0.7888423150699222
    ]
  },
  {
    "label_id": "lZyBbVEUGKHI86ep9kmLgw",
    "size": [
      0.8723086256036783,
      0.6996606541566454,
      1.9082143842119805
    ],
    "obj_class": "pedestrian",
    "point_num_in_lidar": 54,
    "speed": 0.019792482783139782,
    "if_vehicle": false,
    "motion_state": false,
    "pose": [
      [
        -0.9463579226991438,
        0.32311986292415384,
        0.0004861362335069182,
        48.49362785247649
      ],
      [
        -0.32311963996524423,
        -0.9463522557567262,
        -0.003332610521305,
        21.680900179700984
      ],
      [
        -0.0006167765336393139,
        -0.003310922534852326,
        0.999994328673256,
        0.6642721733535737
      ],
      [
        0.0,
        0.0,
        0.0,
        1.0
      ]
    ],
    "location": [
      48.49362785247649,
      21.680900179700984,
      0.6642721733535737
    ],
    "rotation": [
      -0.0033109292138155367,
      0.0006167765727443192,
      -2.81256847971441
    ]
  },
  {
    "label_id": "oBgkabLveCc0Yw1MvBSHOA",
    "size": [
      0.8283111702705549,
      0.7942693187629959,
      1.8171851638005094
    ],
    "obj_class": "pedestrian",
    "point_num_in_lidar": 181,
    "speed": 1.1659825904741463,
    "if_vehicle": false,
    "motion_state": true,
    "pose": [
      [
        0.9989183269066744,
        -0.04649666484311383,
        0.0004861362335069182,
        16.620068445226934
      ],
      [
        0.04649803048444694,
        0.9989128224565849,
        -0.003332610521305,
        -9.673937327919703
      ],
      [
        -0.0003306524426490556,
        0.0033516101035787694,
        0.999994328673256,
        0.9649633521363299
      ],
      [
        0.0,
        0.0,
        0.0,
        1.0
      ]
    ],
    "location": [
      16.620068445226934,
      -9.673937327919703,
      0.9649633521363299
    ],
    "rotation": [
      0.003351616561763909,
      0.00033065244867415167,
      0.04651480466008983
    ]
  },
  {
    "label_id": "skG246l1N6X1i6YSA_Q0Og",
    "size": [
      2.5894402093501703,
      7.428925470678697,
      2.7960974461957804
    ],
    "obj_class": "vehicle",
    "point_num_in_lidar": 192,
    "speed": 3.5950934718225418e-12,
    "if_vehicle": true,
    "motion_state": false,
    "pose": [
      [
        -0.9976056706453487,
        0.06915699218305056,
        0.0004861362335069182,
        70.65619053889532
      ],
      [
        -0.06915823253887535,
        -0.9976001366174786,
        -0.003332610521305,
        11.2790472761626
      ],
      [
        0.0002544962531901662,
        -0.003358251476788664,
        0.999994328673256,
        1.3658018184191008
      ],
      [
        0.0,
        0.0,
        0.0,
        1.0
      ]
    ],
    "location": [
      70.65619053889532,
      11.2790472761626,
      1.3658018184191008
    ],
    "rotation": [
      -0.003358257897886581,
      -0.00025449625593738305,
      -3.072379170776456
    ]
  },
  {
    "label_id": "t1ePe__aXYB9-IF7fpKV7w",
    "size": [
      0.7204831567442129,
      0.8499257723597111,
      1.6992111162184642
    ],
    "obj_class": "pedestrian",
    "point_num_in_lidar": 70,
    "speed": 0.7257446213204766,
    "if_vehicle": false,
    "motion_state": false,
    "pose": [
      [
        -0.2746491179325016,
        -0.9615443961099568,
        0.0004861362335069182,
        33.13759375499649
      ],
      [
        0.961538725156667,
        -0.2746491830157239,
        -0.003332610521305,
        6.9343127081301645
      ],
      [
        0.003337969890544921,
        -0.00044785972587028645,
        0.999994328673256,
        0.7943180519899329
      ],
      [
        0.0,
        0.0,
        0.0,
        1.0
      ]
    ],
    "location": [
      33.13759375499649,
      6.9343127081301645,
      0.7943180519899329
    ],
    "rotation": [
      -0.0004478622358993739,
      -0.003337976089210004,
      1.849022686390071
    ]
  },
  {
    "label_id": "tLLaYUgBVODgrVjxYBagwA",
    "size": [
      0.7770444605792447,
      0.11190182437167095,
      0.7800000000000011
    ],
    "obj_class": "sign",
    "point_num_in_lidar": 54,
    "speed": 0.010166060721533587,
    "if_vehicle": false,
    "motion_state": false,
    "pose": [
      [
        -0.9948273500366689,
        0.10157906915591208,
        0.0004861362335069182,
        31.75643525855412
      ],
      [
        -0.10158012879659593,
        -0.9948217785818625,
        -0.003332610521305,
        -1.9746711191837676
      ],
      [
