[
  {
    "label_id": "-lw-pbHiNJGWsl32vhmuQQ",
    "size": [
      0.6444965489754446,
      0.11856601403023674,
      0.71051850150441
    ],
    "obj_class": "sign",
    "point_num_in_lidar": 22,
    "speed": 0.00418100699676969,
    "if_vehicle": false,
    "motion_state": false,
    "pose": [
      [
        -0.999947076017105,
        -0.009957503100727025,
        -0.0025871406689304413,
        54.23251352733496
      ],
      [
        0.009966079805201507,
        -0.9999448137444673,
        -0.0033236604608264243,
        -1.7276133317645872
      ],
      [
        -0.002553902534979944,
        -0.0033492682098508904,
        0.9999911299528113,
        3.1526192044562507
      ],
      [
        0.0,
        0.0,
        0.0,
        1.0
      ]
    ],
    "location": [
      54.23251352733496,
      -1.7276133317645872,
      3.1526192044562507
    ],
    "rotation": [
      -0.0033492853944515626,
      0.0025539053112581373,
      3.131626376297571
    ]
  },
  {
    "label_id": "5v-HhV-BedTvNkAgrUmSsA",
    "size": [
      2.1228378314039618,
      5.033050925192189,
      1.480000000000004
    ],
    "obj_class": "vehicle",
    "point_num_in_lidar": 3051,
    "speed": 0.0030626815883987263,
    "if_vehicle": true,
    "motion_state": false,
    "pose": [
      [
        -0.9947591343909518,
        0.10221336140115665,
        -0.0025871406689304413,
        12.446818243799498
      ],
      [
        -0.10220458513733204,
        -0.9947578479499657,
        -0.0033236604608264243,
        7.395756567631906
      ],
      [
        -0.002913300992026267,
        -0.0030418239642611704,
        0.9999911299528113,
        0.6136798528810061
      ],
      [
        0.0,
        0.0,
        0.0,
        1.0
      ]
    ],
    "location": [
      12.446818243799498,
      7.395756567631906,
      0.6136798528810061
    ],
    "rotation": [
      -0.0030418415637372353,
      0.002913305113062932,
      -3.039208856420836
    ]
  },
  {
    "label_id": "6ufHihRk7ljuRm35o3Ve6g",
    "size": [
      0.8855818262549385,
      0.8864430025332695,
      1.8700000000000045
    ],
    "obj_class": "pedestrian",
    "point_num_in_lidar": 21,
    "speed": 1.1368683772161603e-12,
    "if_vehicle": false,
    "motion_state": false,
    "pose": [
      [
        0.8691103911836489,
        0.4946113976039814,
        -0.0025871406689304413,
        47.294012877959176
      ],
      [
        -0.4946177942878353,
        0.8691042462529899,
        -0.0033236604608264243,
        22.216328529109887
      ],
      [
        0.0006045745953307967,
        0.00416827365444921,
        0.9999911299528113,
        0.5865670572653983
      ],
      [
        0.0,
        0.0,
        0.0,
        1.0
      ]
    ],
    "location": [
      47.294012877959176,
      22.216328529109887,
      0.5865670572653983
    ],
    "rotation": [
      0.004168286486606269,
      -0.000604574632160524,
      -0.5173951140981488
    ]
  },
  {
    "label_id": "Abp2wF28Amdp-8SvcS3E1g",
    "size": [
      2.196294568927894,
      4.401772619467235,
      1.7100000000000009
    ],
    "obj_class": "vehicle",
    "point_num_in_lidar": 2849,
    "speed": 2.5421149729252077e-12,
    "if_vehicle": true,
    "motion_state": false,
    "pose": [
      [
        0.9995895463527126,
        0.02853148305884349,
        -0.0025871406689304413,
        14.714482925832272
      ],
      [
        -0.028540016257791533,
        0.9995871251437496,
        -0.0033236604608264243,
        -0.00024195665173465386
      ],
      [
        0.00249124354146724,
        0.003396133289020402,
        0.9999911299528113,
        0.9091012745661473
      ],
      [
        0.0,
        0.0,
        0.0,
        1.0
      ]
    ],
    "location": [
      14.714482925832272,
      -0.00024195665173465386,
      0.9091012745661473
    ],
    "rotation": [
      0.0033961503562080796,
      -0.0024912461183729034,
      -0.02854398074093119
    ]
  },
  {
    "label_id": "BWvewDT0hJdWZfzsS5N52A",
    "size": [
      0.8672735484555983,
      0.9365148916588351,
      1.7102353335570868
    ],
    "obj_class": "pedestrian",
    "point_num_in_lidar": 33,
    "speed": 1.6596898748573266,
    "if_vehicle": false,
    "motion_state": true,
    "pose": [
      [
        0.9981703569229277,
        -0.06040898330144527,
        -0.0025871406689304413,
        64.39717486598965
      ],
      [
        0.06040026870338562,
        0.9981687035875749,
        -0.0033236604608264243,
        14.606255314887676
      ],
      [
        0.0027831817967827275,
        0.0031613153568968793,
        0.9999911299528113,
        0.9386007205869689
      ],
      [
        0.0,
        0.0,
        0.0,
        1.0
      ]
    ],
    "location": [
      64.39717486598965,
      14.606255314887676,
      0.9386007205869689
    ],
    "rotation": [
      0.0031613328666394787,
      -0.0027831853899297626,
      0.06043728878941625
    ]
  },
  {
    "label_id": "C4NxoX3efnXfwLAduEGZxw",
    "size": [
      2.0028314749616642,
      4.45394267847577,
      1.5900000000000034
    ],
    "obj_class": "vehicle",
    "point_num_in_lidar": 1250,
    "speed": 6.431098710768743e-12,
    "if_vehicle": true,
    "motion_state": false,
    "pose": [
      [
        0.5637939902398321,
        0.825911401587729,
        -0.0025871406689304413,
        16.627299012507137
      ],
      [
        -0.8259144517440934,
        0.5637856611172324,
        -0.0033236604608264243,
        -4.547454089857638
      ],
      [
        -0.0012864562571666422,
        0.004010616660576222,
        0.9999911299528113,
        0.6528784552083238
      ],
      [
        0.0,
        0.0,
        0.0,
        1.0
      ]
    ],
    "location": [
      16.627299012507137,
      -4.547454089857638,
      0.6528784552083238
    ],
    "rotation": [
      0.004010630731234965,
      0.001286456612007928,
      -0.9718234470539376
    ]
  },
  {
    "label_id": "D-j8uA5tzbpXhUFsbPfY1w",
    "size": [
      0.9873273858119529,
      0.7573816566762264,
      1.5740498284474143
    ],
    "obj_class": "pedestrian",
    "point_num_in_lidar": 57,
    "speed": 0.9597742881915701,
    "if_vehicle": false,
    "motion_state": false,
    "pose": [
      [
        0.9999966406689744,
        -0.00015922915800437888,
        -0.0025871406689304413,
        32.84891327009973
      ],
      [
        0.00015063000558378667,
        0.9999944652805547,
        -0.0033236604608264243,
        -8.67418557140627
      ],
      [
        0.002587655573489343,
        0.0033232595945373133,
        0.9999911299528113,
        0.9980797863691961
      ],
      [
        0.0,
        0.0,
        0.0,
        1.0
      ]
    ],
    "location": [
      32.84891327009973,
      -8.67418557140627,
      0.9980797863691961
    ],
    "rotation": [
      0.003323276837937213,
      -0.002587658461305003,
      0.00015063051046229148
    ]
  },
  {
    "label_id": "DV-QVxiC5bGWoAdie1BT7w",
    "size": [
      2.1232088259593533,
      4.640056433527341,
      1.5305185015044103
    ],
    "obj_class": "vehicle",
    "point_num_in_lidar": 340,
    "speed": 1.7754043589028197,
    "if_vehicle": true,
    "motion_state": true,
    "pose": [
      [
        0.9984930248289157,
        -0.05481775324802572,
        -0.0025871406689304413,
        25.784983101970283
      ],
      [
        0.05480904804619151,
        0.9984913227131278,
        -0.0033236604608264243,
        1.1432371031696675
      ],
      [
        0.002765433107587085,
        0.00317685306980918,
        0.9999911299528113,
        0.8386192559492756
      ],
      [
        0.0,
        0.0,
        0.0,
        1.0
      ]
    ],
    "location": [
      25.784983101970283,
      1.1432371031696675,
      0.8386192559492756
    ],
    "rotation": [
      0.003176870561323628,
      -0.0027654366324295983,
      0.05483673645777229
    ]
  },
  {
    "label_id": "Djbr-wq3c_Wu_emcmW1Dog",
    "size": [
      2.4599560878352618,
      5.612823795445765,
      2.270518501504405
    ],
    "obj_class": "vehicle",
    "point_num_in_lidar": 13862,
    "speed": 3.5950934718225418e-12,
    "if_vehicle": true,
    "motion_state": false,
    "pose": [
      [
        0.6979161383424614,
        0.7161748184237597,
        -0.0025871406689304413,
        6.414921689989569
      ],
      [
        -0.7161792607450501,
        0.6979084608742143,
        -0.0033236604608264243,
        -4.570807764146593
      ],
      [
        -0.0005747345647162649,
        0.004172492765699562,
        0.9999911299528113,
        0.9830329464504359
      ],
      [
        0.0,
        0.0,
        0.0,
        1.0
      ]
    ],
    "location": [
      6.414921689989569,
      -4.570807764146593,
      0.9830329464504359
    ],
    "rotation": [
      0.0041725055619007976,
      0.0005747345963573059,
      -0.7983125021997238
    ]
  },
  {
    "label_id": "EB8EchWMY1Oagsjrk4KwsA",
    "size": [
      2.203939785643842,
      4.8606414627357974,
      1.6200000000000045
    ],
    "obj_class": "vehicle",
    "point_num_in_lidar": 38,
    "speed": 4.099037227506402e-12,
    "if_vehicle": true,
    "motion_state": false,
    "pose": [
      [
        0.676388777861965,
        0.7365402418643235,
        -0.0025871406689304413,
        68.75947913958225
      ],
      [
        -0.7365444547446601,
        0.6763809721348113,
        -0.0033236604608264243,
        -2.6366225702367956
      ],
      [
        -0.0006981169589913059,
        0.004153630750471629,
        0.9999911299528113,
        0.806647147413706
      ],
      [
        0.0,
        0.0,
        0.0,
        1.0
      ]
    ],
    "location": [
      68.75947913958225,
      -2.6366225702367956,
      0.806647147413706
    ],
    "rotation": [
      0.004153643706267163,
      0.0006981170156978799,
      -0.8279474985297304
    ]
  },
  {
    "label_id": "Fyvr9wj_mD3-PKw_3XcdnA",
    "size": [
      0.7829285216624738,
      0.8748261895378542,
      1.7744533473011828
    ],
    "obj_class": "pedestrian",
    "point_num_in_lidar": 23,
    "speed": 1.0395313400472819,
    "if_vehicle": false,
    "motion_state": true,
    "pose": [
      [
        0.9999554679464295,
        0.009075727364580517,
        -0.0025871406689304413,
        72.07408386252791
      ],
      [
        -0.009084306060634293,
        0.9999532132377684,
        -0.0033236604608264243,
        15.685969863538048
      ],
      [
        0.002556854988800208,
        0.003347014829059211,
        0.9999911299528113,
        0.995708586120692
      ],
      [
        0.0,
        0.0,
        0.0,
        1.0
      ]
    ],
    "location": [
      72.07408386252791,
      15.685969863538048,
      0.995708586120692
    ],
    "rotation": [
      0.0033470320189330173,
      -0.0025568577747181534,
      -0.009084460707483812
    ]
  },
  {
    "label_id": "G96MfK6U70_2CEKJH1g1gA",
    "size": [
      2.0507676477421533,
      4.751621205894719,
      1.783059185505671
    ],
    "obj_class": "vehicle",
    "point_num_in_lidar": 4666,
    "speed": 1.1368683772161603e-12,
    "if_vehicle": true,
    "motion_state": false,
    "pose": [
      [
        -0.9991531353273034,
        0.041064813025001645,
        -0.0025871406689304413,
        6.1541660873554065
      ],
      [
        -0.04105613208390417,
        -0.9991513135153505,
        -0.0033236604608264243,
        6.997459129313938
      ],
      [
        -0.002721430492993261,
        -0.0032146277811748642,
        0.9999911299528113,
        0.7359482775585633
      ],
      [
        0.0,
        0.0,
        0.0,
        1.0
      ]
    ],
    "location": [
      6.1541660873554065,
      6.997459129313938,
      0.7359482775585633
    ],
    "rotation": [
      -0.003214645221960996,
      0.0027214338522402533,
      -3.100524826507495
    ]
  },
  {
    "label_id": "GvNSnjQZk7nOuKBrSduqOA",
    "size": [
      2.1579955411863203,
      4.7553734910656065,
      1.5499999999999972
    ],
    "obj_class": "vehicle",
    "point_num_in_lidar": 61,
    "speed": 1.286004075601669,
    "if_vehicle": true,
    "motion_state": true,
    "pose": [
      [
        -0.9991968952298204,
        0.039985888338843346,
        -0.0025871406689304413,
        57.454967252589995
      ],
      [
        -0.0399772093700271,
        -0.9991950640451174,
        -0.0033236604608264243,
        6.835153176012682
      ],
      [
        -0.0027179577024485143,
        -0.0032175645490643335,
        0.9999911299528113,
        0.7434882534463156
      ],
      [
        0.0,
        0.0,
        0.0,
        1.0
      ]
    ],
    "location": [
      57.454967252589995,
      6.835153176012682,
      0.7434882534463156
    ],
    "rotation": [
      -0.0032175819855236733,
      0.002717961048851776,
      -3.1016046403291218
    ]
  },
  {
    "label_id": "H1UceUMUw7amJjkZPWl6qg",
    "size": [
      0.6970462820133221,
      0.7653631564612301,
      1.6941567563163105
    ],
    "obj_class": "pedestrian",
    "point_num_in_lidar": 44,
    "speed": 1.3817721602184982,
    "if_vehicle": false,
    "motion_state": true,
    "pose": [
      [
        -0.9997863849088942,
        0.02050588339876056,
        -0.0025871406689304413,
        50.80838804011728
      ],
      [
        -0.020497241764411357,
        -0.9997843849356682,
        -0.0033236604608264243,
        -5.9286632053990616
      ],
      [
        -0.0026547374362954524,
        -0.0032699212290246723,
        0.9999911299528113,
        0.9309322447435378
      ],
      [
        0.0,
        0.0,
        0.0,
        1.0
      ]
    ],
    "location": [
      50.80838804011728,
      -5.9286632053990616,
      0.9309322447435378
    ],
    "rotation": [
      -0.0032699385789834593,
      0.0026547405545735868,
      -3.1210939040352317
    ]
  },
  {
    "label_id": "ImNXxSqrOhGjnDuh8WZ_rw",
    "size": [
      0.7006499849840612,
      0.8057173953675747,
      1.5600000000000023
    ],
    "obj_class": "pedestrian",
    "point_num_in_lidar": 32,
    "speed": 0.9703088008076428,
    "if_vehicle": false,
    "motion_state": false,
    "pose": [
      [
        -0.9953226424165329,
        -0.09657196382040502,
        -0.0025871406689304413,
        60.59094693728548
      ],
      [
        0.09658031222081993,
        -0.9953196454267695,
        -0.0033236604608264243,
        -5.623433688124351
      ],
      [
        -0.002254059515494782,
        -0.0035579813659295917,
        0.9999911299528113,
        0.8556711139386906
      ],
      [
        0.0,
        0.0,
        0.0,
        1.0
      ]
    ],
    "location": [
      60.59094693728548,
      -5.623433688124351,
      0.8556711139386906
    ],
    "rotation": [
      -0.003557997911616847,
      0.0022540614242308452,
      3.0448613148287667
    ]
  },
  {
    "label_id": "J8-j5tMTE7dijlXHKvNmRw",
    "size": [
      1.868638263125529,
      4.258107369427481,
      1.7700000000000031
    ],
    "obj_class": "vehicle",
    "point_num_in_lidar": 77,
    "speed": 2.5421149729252077e-12,
    "if_vehicle": true,
    "motion_state": false,
    "pose": [
      [
        0.0839456465989687,
        0.9964669764323554,
        -0.0025871406689304413,
        38.59394028606039
      ],
      [
        -0.9964655291927387,
        0.08393689541421338,
        -0.0033236604608264243,
        -13.49626390451158
      ],
      [
        -0.0030947613343376037,
        0.0028570033222213285,
        0.9999911299528113,
        1.0303133105763322
      ],
      [
        0.0,
        0.0,
        0.0,
        1.0
      ]
    ],
    "location": [
      38.59394028606039,
      -13.49626390451158,
      1.0303133105763322
    ],
    "rotation": [
      0.0028570208906322342,
      0.0030947662743962866,
      -1.4867513704438948
    ]
  },
  {
    "label_id": "JYZGrjHhOWIfmt9jVFankA",
    "size": [
      0.8855818262456988,
      0.8864430025332695,
      1.9033832664799561
    ],
    "obj_class": "pedestrian",
    "point_num_in_lidar": 24,
    "speed": 0.00814400859376964,
    "if_vehicle": false,
    "motion_state": false,
    "pose": [
      [
        0.5832445181480866,
        0.8122925204342122,
        -0.0025871406689304413,
        47.96352068959823
      ],
      [
        -0.8122957674875537,
        0.5832362637927679,
        -0.0033236604608264243,
        22.77121015349985
      ],
      [
        -0.0011908702751389187,
        0.004040030159229672,
        0.9999911299528113,
        0.5285228086540883
      ],
      [
        0.0,
        0.0,
        0.0,
        1.0
      ]
    ],
    "location": [
      47.96352068959823,
      22.77121015349985,
      0.5285228086540883
    ],
    "rotation": [
      0.004040044014189129,
      0.0011908705566155808,
      -0.9480785749008039
    ]
  },
  {
    "label_id": "LVurOGR3dPZTYlctUjwF1w",
    "size": [
      0.8553806403932342,
      0.9205835426103812,
      1.5600000000000023
    ],
    "obj_class": "pedestrian",
    "point_num_in_lidar": 150,
    "speed": 0.8472092194664841,
    "if_vehicle": false,
    "motion_state": false,
    "pose": [
      [
        0.9998879883715365,
        -0.014741689641324034,
        -0.0025871406689304413,
        21.664710981902317
      ],
      [
        0.014733059680598196,
        0.9998859386117943,
        -0.0033236604608264243,
        12.395966342846805
      ],
      [
        0.0026358419470609035,
        0.0032851716743282928,
        0.9999911299528113,
        0.7712503693696604
      ],
      [
        0.0,
        0.0,
        0.0,
        1.0
      ]
    ],
    "location": [
      21.664710981902317,
      12.395966342846805,
      0.7712503693696604
    ],
    "rotation": [
      0.0032851889957325312,
      -0.002635844999227273,
      0.0147336439191273
    ]
  },
  {
    "label_id": "MgUHjjRH5WfE7KTO3UAfsQ",
    "size": [
      2.122082204683363,
      4.89751997057426,
      1.4830591855056738
    ],
    "obj_class": "vehicle",
    "point_num_in_lidar": 3996,
    "speed": 2.2737367544323206e-12,
    "if_vehicle": true,
    "motion_state": false,
    "pose": [
      [
        -0.9924473311283444,
        0.12264420752479685,
        -0.0025871406689304413,
        0.6649122067319695
      ],
      [
        -0.12263540666663729,
        -0.9924462254010792,
        -0.0033236604608264243,
        6.701107151937322
      ],
      [
        -0.0029752256947611975,
        -0.0029812829058859075,
        0.9999911299528113,
        0.5864216914958646
      ],
      [
        0.0,
        0.0,
        0.0,
        1.0
      ]
    ],
    "location": [
      0.6649122067319695,
      6.701107151937322,
      0.5864216914958646
    ],
    "rotation": [
      -0.002981300517457636,
      0.002975230084212424,
      -3.018647206121614
    ]
  },
  {
    "label_id": "No68zCO6os9hco-_ap9yaQ",
    "size": [
      0.748405490605937,
      0.7235802196100946,
      1.7700000000000031
    ],
    "obj_class": "pedestrian",
    "point_num_in_lidar": 45,
    "speed": 2.5421149729252077e-12,
    "if_vehicle": false,
    "motion_state": false,
    "pose": [
      [
        -0.9622656480961678,
        0.2720994840076349,
        -0.0025871406689304413,
        48.35270982417569
      ],
      [
        -0.27209061734777623,
        -0.9622658932085493,
        -0.0033236604608264243,
        19.904892758910137
      ],
      [
        -0.0033938835230519636,
        -0.002494307585613925,
        0.9999911299528113,
        0.6398331279973419
      ],
      [
        0.0,
        0.0,
        0.0,
        1.0
      ]
    ],
    "location": [
      48.35270982417569,
      19.904892758910137,
      0.6398331279973419
    ],
    "rotation": [
      -0.002494324537481128,
      0.003393890038462726,
      -2.8660260734012897
    ]
  },
  {
    "label_id": "OpmBDWgrhvbDWXPsj-xPxA",
    "size": [
      0.7026515170164904,
      0.7358840794624211,
      1.68310318244977
    ],
    "obj_class": "pedestrian",
    "point_num_in_lidar": 41,
    "speed": 1.6077746776921857e-12,
    "if_vehicle": false,
    "motion_state": false,
    "pose": [
      [
        -0.9918260453501426,
        0.12757116628868637,
        -0.0025871406689304413,
        49.32563542090065
      ],
      [
        -0.1275623600480295,
        -0.9918249833413746,
        -0.0033236604608264243,
        18.73337872508273
      ],
      [
        -0.002989993992198948,
        -0.002966471241443101,
        0.9999911299528113,
        0.651566484265885
      ],
      [
        0.0,
        0.0,
        0.0,
        1.0
      ]
    ],
    "location": [
      49.32563542090065,
      18.73337872508273,
      0.651566484265885
    ],
    "rotation": [
      -0.002966488852629643,
      0.0029899984473398494,
      -3.0136812081650097
    ]
  },
  {
    "label_id": "SV4MhXW_fLKMUyYTomC7iA",
    "size": [
      1.87450058145321,
      4.026761972188614,
      1.730518501504406
    ],
    "obj_class": "vehicle",
    "point_num_in_lidar": 322,
    "speed": 3.2155493553843714e-12,
    "if_vehicle": true,
    "motion_state": false,
    "pose": [
      [
        0.5357879549915024,
        0.8443486092776981,
        -0.0025871406689304413,
        23.067769648005196
      ],
      [
        -0.8443513784813278,
        0.5357795282929564,
        -0.0033236604608264243,
        -3.943883484309481
      ],
      [
        -0.0014201910805829892,
        0.003965233031528828,
        0.9999911299528113,
        0.8526192044560972
      ],
      [
        0.0,
        0.0,
        0.0,
        1.0
      ]
    ],
    "location": [
      23.067769648005196,
      -3.943883484309481,
      0.8526192044560972
    ],
    "rotation": [
      0.003965247421405153,
      0.0014201915579907627,
      -1.0053550096152994
    ]
  },
  {
    "label_id": "SkVKxXh2jIQZVXZoNdO_aw",
    "size": [
      0.892925356886732,
      0.9206928310170497,
      1.7000000000000028
    ],
    "obj_class": "pedestrian",
    "point_num_in_lidar": 32,
    "speed": 0.018517924457883212,
    "if_vehicle": false,
    "motion_state": false,
    "pose": [
      [
        0.997185493618972,
        -0.07492928679125506,
        -0.0025871406689304413,
        50.59467592875444
      ],
      [
        0.07492054905458494,
        0.9971839672851248,
        -0.0033236604608264243,
        20.40826450273744
      ],
      [
        0.0028288947040347673,
        0.0031204759978533435,
        0.9999911299528113,
        0.7160108158949043
      ],
      [
        0.0,
        0.0,
        0.0,
        1.0
      ]
    ],
    "location": [
      50.59467592875444,
      20.40826450273744,
      0.7160108158949043
    ],
    "rotation": [
      0.003120493548247603,
      -0.0028288984771551477,
      0.074991116595019
    ]
  },
  {
    "label_id": "TBaMlPrcbb0tVmgFVZHKcA",
    "size": [
      0.8401860487472408,
      0.11186696262676982,
      0.8605185015044086
    ],
    "obj_class": "sign",
    "point_num_in_lidar": 36,
    "speed": 0.0030017806305361714,
    "if_vehicle": false,
    "motion_state": false,
    "pose": [
      [
        0.9990144097421029,
        0.044311576713053955,
        -0.0025871406689304413,
        53.88421167944762
      ],
      [
        -0.0443200706169431,
        0.9990118540946601,
        -0.0033236604608264243,
        10.26734452713572
      ],
      [
        0.0024373075609938452,
        0.003435046950598639,
        0.9999911299528113,
        2.8876192044561506
      ],
      [
        0.0,
        0.0,
        0.0,
        1.0
      ]
    ],
    "location": [
      53.88421167944762,
      10.26734452713572,
      2.8876192044561506
    ],
    "rotation": [
      0.0034350639089669654,
      -0.002437309974124951,
      -0.04433472464914
    ]
  },
  {
    "label_id": "V7YN8qOnLzj6EqMtbCjrbw",
    "size": [
      2.3616038729626836,
      4.897855298287807,
      1.8405185015044054
    ],
    "obj_class": "vehicle",
    "point_num_in_lidar": 5686,
    "speed": 0.0,
    "if_vehicle": true,
    "motion_state": false,
    "pose": [
      [
        0.6910131902535718,
        0.722837518117827,
        -0.0025871406689304413,
        2.9910673179329024
      ],
      [
        -0.7228418865786768,
        0.6910054705199667,
        -0.0033236604608264243,
        -4.770993855847337
      ],
      [
        -0.0006147381233345052,
        0.0041667868603294245,
        0.9999911299528113,
        0.8476192044561657
      ],
      [
        0.0,
        0.0,
        0.0,
        1.0
      ]
    ],
    "location": [
      2.9910673179329024,
      -4.770993855847337,
      0.8476192044561657
    ],
    "rotation": [
      0.0041667997051217705,
      0.0006147381620530712,
      -0.8079063551214989
    ]
  },
  {
    "label_id": "Xmv-UU_weYGwpZN2xjalPw",
    "size": [
      0.5973074501526556,
      0.6815001739829419,
      1.49198152712421
    ],
    "obj_class": "pedestrian",
    "point_num_in_lidar": 20,
    "speed": 1.2378139224022806,
    "if_vehicle": false,
    "motion_state": true,
    "pose": [
      [
        0.998029393945001,
        -0.06269478068334772,
        -0.0025871406689304413,
        73.82582451525377
      ],
      [
        0.06268606232176187,
        0.9980277605716854,
        -0.0033236604608264243,
        -6.470648117574456
      ],
      [
        0.002790414371754008,
        0.0031549331741898214,
        0.9999911299528113,
        0.9821833656575194
      ],
      [
        0.0,
        0.0,
        0.0,
        1.0
      ]
    ],
    "location": [
      73.82582451525377,
      -6.470648117574456,
      0.9821833656575194
    ],
    "rotation": [
      0.0031549506909770253,
      -0.002790417992986192,
      0.06272743421078752
    ]
  },
  {
    "label_id": "XsywigB-Q40d0u9u21SmQg",
    "size": [
      0.7289434170459789,
      0.9162428550820471,
      1.9424134016137273
    ],
    "obj_class": "pedestrian",
    "point_num_in_lidar": 45,
    "speed": 1.4785932713138263,
    "if_vehicle": false,
    "motion_state": true,
    "pose": [
      [
        0.9883991568866842,
        -0.15185655523832675,
        -0.0025871406689304413,
        33.81129177574621
      ],
      [
        0.15184772560133467,
        0.988398311163492,
        -0.0033236604608264243,
        -6.641152488249645
      ],
      [
        0.0030618450962761655,
        0.002892251770870643,
        0.9999911299528113,
        1.0313776320180637
      ],
      [
        0.0,
        0.0,
        0.0,
        1.0
      ]
    ],
    "location": [
      33.81129177574621,
      -6.641152488249645,
      1.0313776320180637
    ],
    "rotation": [
      0.002892269360655757,
      -0.00306184988037593,
      0.1524381290255244
    ]
  },
  {
    "label_id": "YmfytkE-ukfBRofAX1HVww",
    "size": [
      0.6442834931365848,
      0.7097897537460085,
      1.5500000000000043
    ],
    "obj_class": "pedestrian",
    "point_num_in_lidar": 117,
    "speed": 1.3701120883814686,
    "if_vehicle": false,
    "motion_state": true,
    "pose": [
      [
        0.9946939420461448,
        -0.10284584755769073,
        -0.0025871406689304413,
        22.396493233725778
      ],
      [
        0.10283707047767064,
        0.9946926611857111,
        -0.0033236604608264243,
        -9.035978465260996
      ],
      [
        0.0029152345139278803,
        0.003039970958495895,
        0.9999911299528113,
        0.8469548134247447
      ],
      [
        0.0,
        0.0,
        0.0,
        1.0
      ]
    ],
    "location": [
      22.396493233725778,
      -9.035978465260996,
      0.8469548134247447
    ],
    "rotation": [
      0.003039988558670714,
      -0.002915238643175257,
      0.10301963613817956
    ]
  },
  {
    "label_id": "bof1aeoD2plQ-sVhmz6tng",
    "size": [
      2.077745050214488,
      4.382102305572195,
      1.6253959798867612
    ],
    "obj_class": "vehicle",
    "point_num_in_lidar": 132,
    "speed": 3.895617713883341,
    "if_vehicle": true,
    "motion_state": true,
    "pose": [
      [
        -0.9960519630957712,
        0.0887343987201094,
        -0.0025871406689304413,
        44.327975218700885
      ],
      [
        -0.08872564067999754,
        -0.996050557937229,
        -0.0033236604608264243,
        6.225541393636377
      ],
      [
        -0.0028718459192914963,
        -0.003080992813289825,
        0.9999911299528113,
        0.7680075254307113
      ],
      [
        0.0,
        0.0,
        0.0,
        1.0
      ]
    ],
    "location": [
      44.327975218700885,
      6.225541393636377,
      0.7680075254307113
    ],
    "rotation": [
      -0.003081010393088053,
      0.002871849866897198,
      -3.0527498196653076
    ]
  },
  {
    "label_id": "c3SCJxumyZ0SBk4CZmOJ6g",
    "size": [
      0.96734096147003,
      1.0650027170117071,
      1.9586854736991413
    ],
    "obj_class": "pedestrian",
    "point_num_in_lidar": 162,
    "speed": 1.3203048168055431,
    "if_vehicle": false,
    "motion_state": true,
    "pose": [
      [
        0.9978443079950796,
        -0.06557471848951876,
        -0.0025871406689304413,
        28.493763855061843
      ],
      [
        0.06556599545050881,
        0.9978426997887618,
        -0.0033236604608264243,
        11.781789072563697
      ],
      [
        0.002799507528892292,
        0.003146867219215032,
        0.9999911299528113,
        1.0083531679585604
      ],
      [
        0.0,
        0.0,
        0.0,
        1.0
      ]
    ],
    "location": [
      28.493763855061843,
      11.781789072563697,
      1.0083531679585604
    ],
    "rotation": [
      0.003146884744537768,
      -0.0027995111856417084,
      0.06561332098505657
    ]
  },
  {
    "label_id": "cEBTjT2GdLcTLHmXu-PHfw",
    "size": [
      0.862587260374481,
      0.8538088650045665,
      1.7592707532064438
    ],
    "obj_class": "pedestrian",
    "point_num_in_lidar": 83,
    "speed": 1.3210769728014533,
    "if_vehicle": false,
    "motion_state": true,
    "pose": [
      [
        -0.9274703632776344,
        0.3738877263896369,
        -0.0025871406689304413,
        17.38219158192078
      ],
      [
        -0.3738789373596057,
        -0.9274715593914421,
        -0.0033236604608264243,
        -8.484999730622803
      ],
      [
        -0.0036421752435674597,
        -0.002115319170914661,
        0.9999911299528113,
        0.9010396281056217
      ],
      [
        0.0,
        0.0,
        0.0,
        1.0
      ]
    ],
    "location": [
      17.38219158192078,
      -8.484999730622803,
      0.9010396281056217
    ],
    "rotation": [
      -0.0021153347789349053,
      0.0036421832961253627,
      -2.7584022224168154
    ]
  },
  {
    "label_id": "fNy8PC-BmuP16FOJ9FFzIw",
    "size": [
      2.147659443377429,
      5.107156534927326,
      1.980000000000004
    ],
    "obj_class": "vehicle",
    "point_num_in_lidar": 4849,
    "speed": 1.3830600733622805e-11,
    "if_vehicle": true,
    "motion_state": false,
    "pose": [
      [
        0.758798410599629,
        0.6513204117595546,
        -0.0025871406689304413,
        9.769325689427205
      ],
      [
        -0.6513255187702374,
        0.7587911582773104,
        -0.0033236604608264243,
        -4.6730783365128445
      ],
      [
        -0.0002016684350903525,
        0.0042070590133706206,
        0.9999911299528113,
        0.8495289039752194
      ],
      [
        0.0,
        0.0,
        0.0,
        1.0
      ]
    ],
    "location": [
      9.769325689427205,
      -4.6730783365128445,
      0.8495289039752194
    ],
    "rotation": [
      0.004207071509386302,
      0.00020166843645733372,
      -0.709330012805035
    ]
  },
  {
    "label_id": "gLdCcd_k3Lp-3dE0ol5ezA",
    "size": [
      2.1350699741361363,
      4.396070169772625,
      1.8305185015044074
    ],
    "obj_class": "vehicle",
    "point_num_in_lidar": 1108,
    "speed": 3.5950934718225418e-12,
    "if_vehicle": true,
    "motion_state": false,
    "pose": [
      [
        0.6806036718045289,
        0.732647219764978,
        -0.0025871406689304413,
        19.920081230251526
      ],
      [
        -0.7326514773626849,
        0.6805958903779954,
        -0.0033236604608264243,
        -3.9800986740156077
      ],
      [
        -0.0006742732889634294,
        0.00415756794670697,
        0.9999911299528113,
        0.8926192044561745
      ],
      [
        0.0,
        0.0,
        0.0,
        1.0
      ]
    ],
    "location": [
      19.920081230251526,
      -3.9800986740156077,
      0.8926192044561745
    ],
    "rotation": [
      0.0041575808694338245,
      0.0006742733400558768,
      -0.8222098413716651
    ]
  },
  {
    "label_id": "l-XnejT-kWgZdox4WXTk1Q",
    "size": [
      2.0028314749616634,
      4.45394267847577,
      1.5900000000000034
    ],
    "obj_class": "vehicle",
    "point_num_in_lidar": 3686,
    "speed": 2.2737367544323206e-12,
    "if_vehicle": true,
    "motion_state": false,
    "pose": [
      [
        0.5637939902398325,
        0.8259114015877288,
        -0.0025871406689304413,
        13.066347590145597
      ],
      [
        -0.8259144517440932,
        0.5637856611172327,
        -0.0033236604608264243,
        -4.414321990865574
      ],
      [
        -0.0012864562571666407,
        0.004010616660576223,
        0.9999911299528113,
        0.6428784552083613
      ],
      [
        0.0,
        0.0,
        0.0,
        1.0
      ]
    ],
    "location": [
      13.066347590145597,
      -4.414321990865574,
      0.6428784552083613
    ],
    "rotation": [
      0.004010630731234966,
      0.0012864566120079264,
      -0.9718234470539372
    ]
  },
  {
    "label_id": "lKDSzFUMV-iZb8osI_vVhg",
    "size": [
      2.0750237041092197,
      4.716712819747884,
      1.5364505435900142
    ],
    "obj_class": "vehicle",
    "point_num_in_lidar": 49,
    "speed": 6.2540186631712675,
    "if_vehicle": true,
    "motion_state": true,
    "pose": [
      [
        0.9811800351353218,
        -0.19307782201746415,
        -0.0025871406689304413,
        56.08353224822349
      ],
      [
        0.19306896472749935,
        0.9811795595813199,
        -0.0033236604608264243,
        2.692116187463398
      ],
      [
        0.0031801746650180194,
        0.002761612717176741,
        0.9999911299528113,
        0.8035909726367478
      ],
      [
        0.0,
        0.0,
        0.0,
        1.0
      ]
    ],
    "location": [
      56.08353224822349,
      2.692116187463398,
      0.8035909726367478
    ],
    "rotation": [
      0.0027616301923902315,
      -0.0031801800254976052,
      0.19428999867582006
    ]
  },
  {
    "label_id": "miUCgrw0d28mF4d4GaaTfg",
    "size": [
      0.7603092283506944,
      0.8180348372529171,
      1.7374134793072642
    ],
    "obj_class": "pedestrian",
    "point_num_in_lidar": 209,
    "speed": 1.4402552162167541,
    "if_vehicle": false,
    "motion_state": true,
    "pose": [
      [
        0.99964808370463,
        -0.026401050146158657,
        -0.0025871406689304413,
        10.626408472300682
      ],
      [
        0.026392396868646483,
        0.9996461347240176,
        -0.0033236604608264243,
        -8.80999225168489
      ],
      [
        0.002673973296178709,
        0.003254209967260555,
        0.9999911299528113,
        0.9307154920953593
      ],
      [
        0.0,
        0.0,
        0.0,
        1.0
      ]
    ],
    "location": [
      10.626408472300682,
      -8.80999225168489,
      0.9307154920953593
    ],
    "rotation": [
      0.0032542273450461325,
      -0.0026739764827331636,
      0.026395556192637497
    ]
  },
  {
    "label_id": "oBgkabLveCc0Yw1MvBSHOA",
    "size": [
      0.8283111702867573,
      0.7942693187629959,
      1.8171851638005094
    ],
    "obj_class": "pedestrian",
    "point_num_in_lidar": 105,
    "speed": 1.2374928022020009,
    "if_vehicle": false,
    "motion_state": true,
    "pose": [
      [
        0.9978175030774413,
        -0.06598134020660226,
        -0.0025871406689304413,
        18.257540802063886
      ],
      [
        0.06597261651296348,
        0.9978158984259444,
        -0.0033236604608264243,
        -9.589334609932848
      ],
      [
        0.002800789662520148,
        0.0031457261428826013,
        0.9999911299528113,
        0.9306267375314121
      ],
      [
        0.0,
        0.0,
        0.0,
        1.0
      ]
    ],
    "location": [
      18.257540802063886,
      -9.589334609932848,
      0.9306267375314121
    ],
    "rotation": [
      0.003145743669379759,
      -0.0028007933242960906,
      0.06602082619530424
    ]
  },
  {
    "label_id": "skG246l1N6X1i6YSA_Q0Og",
    "size": [
      2.5894402093501707,
      7.428925470678697,
      2.7960974461957804
    ],
    "obj_class": "vehicle",
    "point_num_in_lidar": 170,
    "speed": 3.5950934718225418e-12,
    "if_vehicle": true,
    "motion_state": false,
    "pose": [
      [
        -0.997602449885241,
        0.06915676891038385,
        -0.0025871406689304413,
        70.65619053889532
      ],
      [
        -0.06914804015379013,
        -0.9976008730068509,
        -0.0033236604608264243,
        11.2790472761626
      ],
      [
        -0.0028107874083424895,
        -0.003136796111448445,
        0.9999911299528113,
        1.3658018184191008
      ],
      [
        0.0,
        0.0,
        0.0,
        1.0
      ]
    ],
    "location": [
      70.65619053889532,
      11.2790472761626,
      1.3658018184191008
    ],
    "rotation": [
      -0.0031368136468539116,
      0.0028107911094720803,
      -3.072389116055146
    ]
  },
  {
    "label_id": "t1ePe__aXYB9-IF7fpKV7w",
    "size": [
      0.7204831567487153,
      0.8499257723597111,
      1.6992111162184642
    ],
    "obj_class": "pedestrian",
    "point_num_in_lidar": 75,
    "speed": 0.7318694856540744,
    "if_vehicle": false,
    "motion_state": false,
    "pose": [
      [
        -0.14940119870960622,
        -0.9887732745818385,
        -0.0025871406689304413,
        32.93388969740772
      ],
      [
        0.988772406931075,
        -0.14939237120037185,
        -0.0033236604608264243,
        7.956889119879634
      ],
      [
        0.0028998475582890913,
        -0.003054652163238814,
        0.9999911299528113,
        0.795985119638388
      ],
      [
        0.0,
        0.0,
        0.0,
        1.0
      ]
    ],
    "location": [
      32.93388969740772,
      7.956889119879634,
      0.795985119638388
    ],
    "rotation": [
      -0.0030546697573038926,
      -0.0028998516224968203,
      1.7207596090003345
    ]
  },
  {
    "label_id": "tLLaYUgBVODgrVjxYBagwA",
    "size": [
      0.777044460579245,
      0.11190182437167095,
      0.7800000000000011
    ],
    "obj_class": "sign",
    "point_num_in_lidar": 65,
    "speed": 0.005424185653188738,
    "if_vehicle": false,
    "motion_state": false,
    "pose": [
      [
        -0.9948241382463423,
        0.10157874120888351,
        -0.0025871406689304413,
        31.77066753870895
      ],
      [
        -0.10156996576752046,
        -0.994822846206864,
        -0.0033236604608264243,
        -1.9748233558639186
      ],
      [
        -0.0029113598896193978,
        -0.003043681864586064,
        0.9999911299528113,
        3.080484773085331
      ],
      [
        0.0,
        0.0,
        0.0,
        1.0
      ]
    ],
    "location": [
      31.77066753870895,
      -1.9748233558639186,
      3.080484773085331
    ],
    "rotation": [
      -0.003043699463340557,
      0.0029113640024241165,
      -3.039846798981978
    ]
  },
  {
    "label_id": "wOGx5X0K6-hTBLG0YuoOrg",
    "size": [
      0.697046282017431,
      0.7653631564612301,
      1.6095046227288208
    ],
    "obj_class": "pedestrian",
    "point_num_in_lidar": 42,
    "speed": 1.3464195047880905,
    "if_vehicle": false,
    "motion_state": true,
    "pose": [
      [
        -0.9981437929920937,
        0.060846324576883465,
