[
  {
    "label_id": "-63IzPn79Isi9S29BXuq1g",
    "size": [
      0.8937512568295927,
      0.9993915433078087,
      1.7256935869875178
    ],
    "obj_class": "pedestrian",
    "point_num_in_lidar": 22,
    "speed": 1.3185774205285652,
    "if_vehicle": false,
    "motion_state": true,
    "pose": [
      [
        0.9992006549022933,
        -0.03997556193388047,
        7.543804641917266e-05,
        69.52408665372786
      ],
      [
        0.039975613474809615,
        0.9991965143266006,
        -0.0028768185351174752,
        14.056856431569031
      ],
      [
        3.9625004493478304e-05,
        0.002877534646509385,
        0.9999958591035351,
        0.9712623323330689
      ],
      [
        0.0,
        0.0,
        0.0,
        1.0
      ]
    ],
    "location": [
      69.52408665372786,
      14.056856431569031,
      0.9712623323330689
    ],
    "rotation": [
      0.0028775386198796942,
      -3.962500450384778e-05,
      0.039986268339465066
    ]
  },
  {
    "label_id": "-lw-pbHiNJGWsl32vhmuQQ",
    "size": [
      0.6444965489754454,
      0.11856601403023674,
      0.71051850150441
    ],
    "obj_class": "sign",
    "point_num_in_lidar": 23,
    "speed": 0.004181006919901312,
    "if_vehicle": false,
    "motion_state": false,
    "pose": [
      [
        -0.9999504196598985,
        -0.009957536396820113,
        7.543804641917266e-05,
        54.23698074169806
      ],
      [
        0.009957278209548504,
        -0.9999462868203339,
        -0.0028768185351174752,
        -1.7265193394341622
      ],
      [
        0.00010408001967231065,
        -0.0028759247438603134,
        0.9999958591035351,
        3.1526192044562578
      ],
      [
        0.0,
        0.0,
        0.0,
        1.0
      ]
    ],
    "location": [
      54.23698074169806,
      -1.7265193394341622,
      3.1526192044562578
    ],
    "rotation": [
      -0.0028759287238870786,
      -0.00010408001986022106,
      3.1316352107792786
    ]
  },
  {
    "label_id": "5v-HhV-BedTvNkAgrUmSsA",
    "size": [
      2.122837831403962,
      5.033050925192189,
      1.480000000000004
    ],
    "obj_class": "vehicle",
    "point_num_in_lidar": 2808,
    "speed": 0.0030626815417540525,
    "if_vehicle": true,
    "motion_state": false,
    "pose": [
      [
        -0.9947624606862033,
        0.1022137031842152,
        7.543804641917266e-05,
        12.443473433850158
      ],
      [
        -0.10221349639445086,
        -0.9947583249563371,
        -0.0028768185351174752,
        7.395353302992589
      ],
      [
        -0.00021900765116943178,
        -0.0028694618714268094,
        0.9999958591035351,
        0.6158909385847551
      ],
      [
        0.0,
        0.0,
        0.0,
        1.0
      ]
    ],
    "location": [
      12.443473433850158,
      7.395353302992589,
      0.6158909385847551
    ],
    "rotation": [
      -0.0028694658780256174,
      0.0002190076529201918,
      -3.039200331792664
    ]
  },
  {
    "label_id": "Abp2wF28Amdp-8SvcS3E1g",
    "size": [
      2.196294568927894,
      4.401772619467235,
      1.7100000000000009
    ],
    "obj_class": "vehicle",
    "point_num_in_lidar": 2602,
    "speed": 0.0032032625572147957,
    "if_vehicle": true,
    "motion_state": false,
    "pose": [
      [
        0.9995928887999914,
        0.028531578462980912,
        7.543804641917266e-05,
        14.714482925832272
      ],
      [
        -0.02853124354581865,
        0.9995887614698582,
        -0.0028768185351174752,
        -0.00024195664445869625
      ],
      [
        -0.00015748719714630855,
        0.0028734950087964304,
        0.9999958591035351,
        0.9123365849355594
      ],
      [
        0.0,
        0.0,
        0.0,
        1.0
      ]
    ],
    "location": [
      14.714482925832272,
      -0.00024195664445869625,
      0.9123365849355594
    ],
    "rotation": [
      0.0028734989988411833,
      0.00015748719779731384,
      -0.02853511620863222
    ]
  },
  {
    "label_id": "BWvewDT0hJdWZfzsS5N52A",
    "size": [
      0.8672735484544815,
      0.9365148916588351,
      1.7102353335570868
    ],
    "obj_class": "pedestrian",
    "point_num_in_lidar": 29,
    "speed": 1.8947351068741314,
    "if_vehicle": false,
    "motion_state": true,
    "pose": [
      [
        0.9989716255720603,
        -0.04533966928657919,
        7.543804641917266e-05,
        62.43998483441828
      ],
      [
        0.04533969859611732,
        0.9989674847793241,
        -0.0028768185351174752,
        14.514736532597453
      ],
      [
        5.507384549170071e-05,
        0.002877280426789463,
        0.9999958591035351,
        0.9386007205870186
      ],
      [
        0.0,
        0.0,
        0.0,
        1.0
      ]
    ],
    "location": [
      62.43998483441828,
      14.514736532597453,
      0.9386007205870186
    ],
    "rotation": [
      0.002877284401211885,
      -5.5073845519541716e-05,
      0.045355247100230964
    ]
  },
  {
    "label_id": "C4NxoX3efnXfwLAduEGZxw",
    "size": [
      2.002831474961663,
      4.45394267847577,
      1.5900000000000034
    ],
    "obj_class": "vehicle",
    "point_num_in_lidar": 1112,
    "speed": 6.431098710768743e-12,
    "if_vehicle": true,
    "motion_state": false,
    "pose": [
      [
        0.5637958754653188,
        0.8259141632865946,
        7.543804641917266e-05,
        16.627299012507137
      ],
      [
        -0.8259106256058631,
        0.5637937232946528,
        -0.0028768185351174752,
        -4.547454089850362
      ],
      [
        -0.0024185366704276567,
        0.0015596333404488702,
        0.9999958591035351,
        0.6528784552083593
      ],
      [
        0.0,
        0.0,
        0.0,
        1.0
      ]
    ],
    "location": [
      16.627299012507137,
      -4.547454089850362,
      0.6528784552083593
    ],
    "rotation": [
      0.0015596385341620285,
      0.002418539028232865,
      -0.9718197328512871
    ]
  },
  {
    "label_id": "D-j8uA5tzbpXhUFsbPfY1w",
    "size": [
      0.987327385826589,
      0.7573816566762264,
      1.5740498284474072
    ],
    "obj_class": "pedestrian",
    "point_num_in_lidar": 59,
    "speed": 0.9878754528384959,
    "if_vehicle": false,
    "motion_state": false,
    "pose": [
      [
        0.99998791591977,
        0.004915518643662861,
        7.543804641917266e-05,
        31.77663728697371
      ],
      [
        -0.004915281298033763,
        0.9999837818309241,
        -0.0028768185351174752,
        -8.704097823654593
      ],
      [
        -8.957787809598591e-05,
        0.0028764129721927656,
        0.9999958591035351,
        0.9606567677972606
      ],
      [
        0.0,
        0.0,
        0.0,
        1.0
      ]
    ],
    "location": [
      31.77663728697371,
      -8.704097823654593,
      0.9606567677972606
    ],
    "rotation": [
      0.002876416950202431,
      8.957787821578431e-05,
      -0.004915301110161139
    ]
  },
  {
    "label_id": "DV-QVxiC5bGWoAdie1BT7w",
    "size": [
      2.123208825964597,
      4.640056433527341,
      1.5305185015044103
    ],
    "obj_class": "vehicle",
    "point_num_in_lidar": 336,
    "speed": 1.1327033247697484,
    "if_vehicle": true,
    "motion_state": true,
    "pose": [
      [
        0.9989123468718829,
        -0.04662743372745381,
        7.543804641917266e-05,
        23.956354701324017
      ],
      [
        0.046627457698956466,
        0.9989082060448036,
        -0.0028768185351174752,
        1.05899705052434
      ],
      [
        5.878298197600043e-05,
        0.0028772070387570316,
        0.9999958591035351,
        0.8886197823755424
      ],
      [
        0.0,
        0.0,
        0.0,
        1.0
      ]
    ],
    "location": [
      23.956354701324017,
      1.05899705052434,
      0.8886197823755424
    ],
    "rotation": [
      0.0028772110134831076,
      -5.8782982009853934e-05,
      0.04664436994417302
    ]
  },
  {
    "label_id": "Djbr-wq3c_Wu_emcmW1Dog",
    "size": [
      2.459956087835262,
      5.612823795445765,
      2.270518501504405
    ],
    "obj_class": "vehicle",
    "point_num_in_lidar": 13526,
    "speed": 3.5950934718225418e-12,
    "if_vehicle": true,
    "motion_state": false,
    "pose": [
      [
        0.697918472048237,
        0.7161772131832702,
        7.543804641917266e-05,
        6.414921689996845
      ],
      [
        -0.7161741001798916,
        0.6979157414377745,
        -0.0028768185351174752,
        -4.570807764146593
      ],
      [
        -0.0021129612814136654,
        0.001953758021375656,
        0.9999958591035351,
        0.984450653274564
      ],
      [
        0.0,
        0.0,
        0.0,
        1.0
      ]
    ],
    "location": [
      6.414921689996845,
      -4.570807764146593,
      0.984450653274564
    ],
    "rotation": [
      0.0019537636257512194,
      0.002112962853673207,
      -0.7983072291936977
    ]
  },
  {
    "label_id": "EB8EchWMY1Oagsjrk4KwsA",
    "size": [
      2.2039397856438327,
      4.8606414627357974,
      1.6200000000000045
    ],
    "obj_class": "vehicle",
    "point_num_in_lidar": 38,
    "speed": 4.099037227506402e-12,
    "if_vehicle": true,
    "motion_state": false,
    "pose": [
      [
        0.6763910395841297,
        0.7365427047221373,
        7.543804641917266e-05,
        68.75947913958225
      ],
      [
        -0.7365395121751813,
        0.6763884024137772,
        -0.0028768185351174752,
        -2.6366225702222437
      ],
      [
        -0.0021699251245488826,
        0.0018902911777539761,
        0.9999958591035351,
        0.8066471474137487
      ],
      [
        0.0,
        0.0,
        0.0,
        1.0
      ]
    ],
    "location": [
      68.75947913958225,
      -2.6366225702222437,
      0.8066471474137487
    ],
    "rotation": [
      0.0018902967538000262,
      0.0021699268274283728,
      -0.8279424895592694
    ]
  },
  {
    "label_id": "Fyvr9wj_mD3-PKw_3XcdnA",
    "size": [
      0.7829285216663235,
      0.8748261895378542,
      1.7744533473011828
    ],
    "obj_class": "pedestrian",
    "point_num_in_lidar": 20,
    "speed": 0.8715238213555748,
    "if_vehicle": false,
    "motion_state": false,
    "pose": [
      [
        0.8673648869863941,
        0.4976727309509542,
        7.543804641917266e-05,
        71.02197124358645
      ],
      [
        -0.4976704847350045,
        0.8673614082599833,
        -0.0028768185351174752,
        15.90648268195946
      ],
      [
        -0.001497146187000753,
        0.0024577080944636416,
        0.9999958591035351,
        0.9758746161368634
      ],
      [
        0.0,
        0.0,
        0.0,
        1.0
      ]
    ],
    "location": [
      71.02197124358645,
      15.90648268195946,
      0.9758746161368634
    ],
    "rotation": [
      0.0024577133231217826,
      0.0014971467462968817,
      -0.5209116083538169
    ]
  },
  {
    "label_id": "G96MfK6U70_2CEKJH1g1gA",
    "size": [
      2.0507676477421537,
      4.751621205894719,
      1.783059185505671
    ],
    "obj_class": "vehicle",
    "point_num_in_lidar": 4674,
    "speed": 1.1368683772161603e-12,
    "if_vehicle": true,
    "motion_state": false,
    "pose": [
      [
        -0.9991564763153024,
        0.04106495033833397,
        7.543804641917266e-05,
        6.1541660873554065
      ],
      [
        -0.04106499736483039,
        -0.9991523356858765,
        -0.0028768185351174752,
        6.997459129321214
      ],
      [
        -4.276230999770185e-05,
        -0.002877489733723938,
        0.9999958591035351,
        0.7394907865653764
      ],
      [
        0.0,
        0.0,
        0.0,
        1.0
      ]
    ],
    "location": [
      6.1541660873554065,
      6.997459129321214,
      0.7394907865653764
    ],
    "rotation": [
      -0.0028774937072801503,
      4.2762310010734485e-05,
      -3.100516105870005
    ]
  },
  {
    "label_id": "GvNSnjQZk7nOuKBrSduqOA",
    "size": [
      2.157995541190569,
      4.7553734910656065,
      1.5499999999999972
    ],
    "obj_class": "vehicle",
    "point_num_in_lidar": 53,
    "speed": 1.3184924339958919,
    "if_vehicle": true,
    "motion_state": true,
    "pose": [
      [
        -0.9993230015893212,
        0.03679039009864521,
        7.543804641917266e-05,
        58.88432339067367
      ],
      [
        -0.036790454837466596,
        -0.9993188611989509,
        -0.0028768185351174752,
        6.884473178281041
      ],
      [
        -3.0452613511303754e-05,
        -0.002877646333581201,
        0.9999958591035351,
        0.7748658257467866
      ],
      [
        0.0,
        0.0,
        0.0,
        1.0
      ]
    ],
    "location": [
      58.88432339067367,
      6.884473178281041,
      0.7748658257467866
    ],
    "rotation": [
      -0.0028776503064891655,
      3.045261351601052e-05,
      -3.1047938941322055
    ]
  },
  {
    "label_id": "H1UceUMUw7amJjkZPWl6qg",
    "size": [
      0.6970462820197104,
      0.7653631564612301,
      1.6941567563163105
    ],
    "obj_class": "pedestrian",
    "point_num_in_lidar": 41,
    "speed": 1.3657243642820915,
    "if_vehicle": false,
    "motion_state": true,
    "pose": [
      [
        -0.9993018091956976,
        0.03736159053502568,
        7.543804641917266e-05,
        52.31598867511639
      ],
      [
        -0.03736165290721663,
        -0.9992976687689992,
        -0.0028768185351174752,
        -5.917179567077255
      ],
      [
        -3.2097452229464706e-05,
        -0.002877628456976921,
        0.9999958591035351,
        0.945494889998642
      ],
      [
        0.0,
        0.0,
        0.0,
        1.0
      ]
    ],
    "location": [
      52.31598867511639,
      -5.917179567077255,
      0.945494889998642
    ],
    "rotation": [
      -0.002877632429958893,
      3.209745223497609e-05,
      -3.104222303053156
    ]
  },
  {
    "label_id": "ImNXxSqrOhGjnDuh8WZ_rw",
    "size": [
      0.7006499849953923,
      0.8057173953675747,
      1.5600000000000023
    ],
    "obj_class": "pedestrian",
    "point_num_in_lidar": 33,
    "speed": 1.0019955951599262,
    "if_vehicle": false,
    "motion_state": true,
    "pose": [
      [
        -0.9969897343930054,
        -0.07753363027787168,
        7.543804641917266e-05,
        61.65092466468923
      ],
      [
        0.0775330932920915,
        -0.9969856284619532,
        -0.0028768185351174752,
        -5.727837094171264
      ],
      [
        0.0002982608327974876,
        -0.0028623096021328557,
        0.9999958591035351,
        0.8556711139387119
      ],
      [
        0.0,
        0.0,
        0.0,
        1.0
      ]
    ],
    "location": [
      61.65092466468923,
      -5.727837094171264,
      0.8556711139387119
    ],
    "rotation": [
      -0.0028623136378587532,
      -0.0002982608372196781,
      3.063981665794502
    ]
  },
  {
    "label_id": "J8-j5tMTE7dijlXHKvNmRw",
    "size": [
      1.868638263125533,
      4.258107369427481,
      1.7700000000000031
    ],
    "obj_class": "vehicle",
    "point_num_in_lidar": 70,
    "speed": 2.5421149729252077e-12,
    "if_vehicle": true,
    "motion_state": false,
    "pose": [
      [
        0.0839459272980795,
        0.996470308438323,
        7.543804641917266e-05,
        38.59394028606039
      ],
      [
        -0.9964661696106565,
        0.08394579641996393,
        -0.0028768185351174752,
        -13.496263904504303
      ],
      [
        -0.002872996959896619,
        0.00016632573844051524,
        0.9999958591035351,
        1.0303133105763607
      ],
      [
        0.0,
        0.0,
        0.0,
        1.0
      ]
    ],
    "location": [
      38.59394028606039,
      -13.496263904504303,
      1.0303133105763607
    ],
    "rotation": [
      0.00016632642564725156,
      0.0028730009122508553,
      -1.4867511444951886
    ]
  },
  {
    "label_id": "LVurOGR3dPZTYlctUjwF1w",
    "size": [
      0.8553806403958235,
      0.9205835426103812,
      1.5600000000000023
    ],
    "obj_class": "pedestrian",
    "point_num_in_lidar": 122,
    "speed": 0.8892847085463236,
    "if_vehicle": false,
    "motion_state": false,
    "pose": [
      [
        0.9999505050269274,
        -0.009948960020727392,
        7.543804641917266e-05,
        20.725911353169067
      ],
      [
        0.009949135890562268,
        0.9999463678668706,
        -0.0028768185351174752,
        12.423929043543467
      ],
      [
        -4.6812647923052774e-05,
        0.0028774266904366876,
        0.9999958591035351,
        0.7598811220387418
      ],
      [
        0.0,
        0.0,
        0.0,
        1.0
      ]
    ],
    "location": [
      20.725911353169067,
      12.423929043543467,
      0.7598811220387418
    ],
    "rotation": [
      0.002877430664253829,
      4.6812647940150506e-05,
      0.009949300045150867
    ]
  },
  {
    "label_id": "MgUHjjRH5WfE7KTO3UAfsQ",
    "size": [
      2.1220822046833634,
      4.89751997057426,
      1.4830591855056738
    ],
    "obj_class": "vehicle",
    "point_num_in_lidar": 4205,
    "speed": 2.2737367544323206e-12,
    "if_vehicle": true,
    "motion_state": false,
    "pose": [
      [
        -0.9924506496933427,
        0.12264461762492111,
        7.543804641917266e-05,
        0.6649122067319695
      ],
      [
        -0.12264432584741233,
        -0.992446519089341,
        -0.0028768185351174752,
        6.701107151944598
      ],
      [
        -0.0002779580826401604,
        -0.002864352472573514,
        0.9999958591035351,
        0.5880800057737048
      ],
      [
        0.0,
        0.0,
        0.0,
        1.0
      ]
    ],
    "location": [
      0.6649122067319695,
      6.701107151944598,
      0.5880800057737048
    ],
    "rotation": [
      -0.00286435650000988,
      0.00027795808621936636,
      -3.018638761240323
    ]
  },
  {
    "label_id": "No68zCO6os9hco-_ap9yaQ",
    "size": [
      0.7484054906059351,
      0.7235802196100946,
      1.7700000000000031
    ],
    "obj_class": "pedestrian",
    "point_num_in_lidar": 46,
    "speed": 2.5421149729252077e-12,
    "if_vehicle": false,
    "motion_state": false,
    "pose": [
      [
        -0.9622688657390583,
        0.2721003938592653,
        7.543804641917266e-05,
        48.35270982417569
      ],
      [
        -0.27209947750129704,
        -0.9622648275078108,
        -0.0028768185351174752,
        19.904892758910137
      ],
      [
        -0.0007101920777420283,
        -0.0027887995617389676,
        0.9999958591035351,
        0.6451397800497176
      ],
      [
        0.0,
        0.0,
        0.0,
        1.0
      ]
    ],
    "location": [
      48.35270982417569,
      19.904892758910137,
      0.6451397800497176
    ],
    "rotation": [
      -0.0027888038799882687,
      0.0007101921374423015,
      -2.8660184230243706
    ]
  },
  {
    "label_id": "OpmBDWgrhvbDWXPsj-xPxA",
    "size": [
      0.702651517016489,
      0.7358840794624211,
      1.68310318244977
    ],
    "obj_class": "pedestrian",
    "point_num_in_lidar": 40,
    "speed": 1.6077746776921857e-12,
    "if_vehicle": false,
    "motion_state": false,
    "pose": [
      [
        -0.9918293618376728,
        0.12757159286367753,
        7.543804641917266e-05,
        49.32563542090065
      ],
      [
        -0.12757128057728034,
        -0.9918252327335642,
        -0.0028768185351174752,
        18.73337872508273
      ],
      [
        -0.00029217896495802644,
        -0.0028629368199942964,
        0.9999958591035351,
        0.6569974916497188
      ],
      [
        0.0,
        0.0,
        0.0,
        1.0
      ]
    ],
    "location": [
      49.32563542090065,
      18.73337872508273,
      0.6569974916497188
    ],
    "rotation": [
      -0.00286294085317762,
      0.00029217896911517557,
      -3.013672783572719
    ]
  },
  {
    "label_id": "SV4MhXW_fLKMUyYTomC7iA",
    "size": [
      1.8745005814532079,
      4.026761972188614,
      1.730518501504406
    ],
    "obj_class": "vehicle",
    "point_num_in_lidar": 408,
    "speed": 3.2155493553843714e-12,
    "if_vehicle": true,
    "motion_state": false,
    "pose": [
      [
        0.535789746569854,
        0.8443514326272638,
        7.543804641917266e-05,
        23.067769648012472
      ],
      [
        -0.8443478247825671,
        0.5357877142115738,
        -0.0028768185351174752,
        -3.943883484302205
      ],
      [
        -0.0024694646299906215,
        0.001477673923458176,
        0.9999958591035351,
        0.8526192044561114
      ],
      [
        0.0,
        0.0,
        0.0,
        1.0
      ]
    ],
    "location": [
      23.067769648012472,
      -3.943883484302205,
      0.8526192044561114
    ],
    "rotation": [
      0.0014776789668559892,
      0.0024694671399019103,
      -1.0053515928507932
    ]
  },
  {
    "label_id": "SkVKxXh2jIQZVXZoNdO_aw",
    "size": [
      0.8929253568990347,
      0.9206928310170497,
      1.7000000000000028
    ],
    "obj_class": "pedestrian",
    "point_num_in_lidar": 34,
    "speed": 0.0027252413365993593,
    "if_vehicle": false,
    "motion_state": false,
    "pose": [
      [
        0.9999936874445665,
        -0.003552376686090016,
        7.543804641917266e-05,
        50.59720509158069
      ],
      [
        0.003552579016483567,
        0.9999895514941382,
        -0.0028768185351174752,
        20.39080523971643
      ],
      [
        -6.52177151100395e-05,
        0.0028770683746617534,
        0.9999958591035351,
        0.7048996319850858
      ],
      [
        0.0,
        0.0,
        0.0,
        1.0
      ]
    ],
    "location": [
      50.59720509158069,
      20.39080523971643,
      0.7048996319850858
    ],
    "rotation": [
      0.0028770723499614887,
      6.521771515627179e-05,
      0.00355258649682324
    ]
  },
  {
    "label_id": "TBaMlPrcbb0tVmgFVZHKcA",
    "size": [
      0.8401860487472423,
      0.11186696262676982,
      0.8605185015044086
    ],
    "obj_class": "sign",
    "point_num_in_lidar": 35,
    "speed": 0.0030017805725546308,
    "if_vehicle": false,
    "motion_state": false,
    "pose": [
      [
        0.9990177502662285,
        0.04431172488297639,
        7.543804641917266e-05,
        53.88749453765922
      ],
      [
        -0.044311324836481904,
        0.9990136287390436,
        -0.0028768185351174752,
        10.26698913299333
      ],
      [
        -0.0002028404279645748,
        0.0028706500210973376,
        0.9999958591035351,
        2.8876192044562146
      ],
      [
        0.0,
        0.0,
        0.0,
        1.0
      ]
    ],
    "location": [
      53.88749453765922,
      10.26698913299333,
      2.8876192044562146
    ],
    "rotation": [
      0.002870654022829078,
      0.00020284042935552734,
      -0.04432583940959549
    ]
  },
  {
    "label_id": "V7YN8qOnLzj6EqMtbCjrbw",
    "size": [
      2.3616038729626827,
      4.897855298287807,
      1.8405185015044054
    ],
    "obj_class": "vehicle",
    "point_num_in_lidar": 6084,
    "speed": 0.0,
    "if_vehicle": true,
    "motion_state": false,
    "pose": [
      [
        0.691015500877133,
        0.7228399351562047,
        7.543804641917266e-05,
        2.9910673179329024
      ],
      [
        -0.7228367960991945,
        0.6910128002578299,
        -0.0028768185351174752,
        -4.770993855832785
      ],
      [
        -0.002131607979082576,
        0.001933396805199205,
        0.9999958591035351,
        0.8476192044562083
      ],
      [
        0.0,
        0.0,
        0.0,
        1.0
      ]
    ],
    "location": [
      2.9910673179329024,
      -4.770993855832785,
      0.8476192044562083
    ],
    "rotation": [
      0.0019334024021764543,
      0.002131609593335751,
      -0.8079011673047714
    ]
  },
  {
    "label_id": "VA6JXxlf-ko9AI21ezS-gA",
    "size": [
      0.7480685522286837,
      0.7246482329219848,
      1.759999999999998
    ],
    "obj_class": "pedestrian",
    "point_num_in_lidar": 180,
    "speed": 0.7265805466533726,
    "if_vehicle": false,
    "motion_state": false,
    "pose": [
      [
        0.999649735050606,
        -0.02646510008207574,
        7.543804641917266e-05,
        1.6757162119392888
      ],
      [
        0.026465207589002337,
        0.9996455955499363,
        -0.0028768185351174752,
        -10.717929341823037
      ],
      [
        7.23979610036919e-07,
        0.002877807369977449,
        0.9999958591035351,
        0.8485155884766442
      ],
      [
        0.0,
        0.0,
        0.0,
        1.0
      ]
    ],
    "location": [
      1.6757162119392888,
      -10.717929341823037,
      0.8485155884766442
    ],
    "rotation": [
      0.002877811342218653,
      -7.239796100369823e-07,
      0.026468297966857336
    ]
  },
  {
    "label_id": "Xhv1ib3Sd4Npw2uCm8OIgA",
    "size": [
      0.7032178819142613,
      0.8587069967628569,
      1.7415277018557802
    ],
    "obj_class": "pedestrian",
    "point_num_in_lidar": 30,
    "speed": 1.1146188418304506,
    "if_vehicle": false,
    "motion_state": true,
    "pose": [
      [
        -0.9621097689451875,
        -0.2726624044662906,
        7.543804641917266e-05,
        56.695070725429105
      ],
      [
        0.27266106815261754,
        -0.9621058495971165,
        -0.0028768185351174752,
        -4.492453605256742
      ],
      [
        0.0008569796447403874,
        -0.0027472461978031086,
        0.9999958591035351,
        0.9643727836065565
      ],
      [
        0.0,
        0.0,
        0.0,
        1.0
      ]
    ],
    "location": [
      56.695070725429105,
      -4.492453605256742,
      0.9643727836065565
    ],
    "rotation": [
      -0.0027472506623708384,
      -0.0008569797496367461,
      2.8654347312761517
    ]
  },
  {
    "label_id": "XsywigB-Q40d0u9u21SmQg",
    "size": [
      0.728943417050328,
      0.9162428550820471,
      1.9424134016137273
    ],
    "obj_class": "pedestrian",
    "point_num_in_lidar": 53,
    "speed": 1.508729722379846,
    "if_vehicle": false,
    "motion_state": true,
    "pose": [
      [
        0.9924169851428004,
        -0.12291672754013548,
        7.543804641917266e-05,
        32.178349829766375
      ],
      [
        0.12291643463009032,
        0.9924128546189548,
        -0.0028768185351174752,
        -6.8362922374217305
      ],
      [
        0.00027874343306971797,
        0.0028642761531255164,
        0.9999958591035351,
        1.0313776320180494
      ],
      [
        0.0,
        0.0,
        0.0,
        1.0
      ]
    ],
    "location": [
      32.178349829766375,
      -6.8362922374217305,
      1.0313776320180494
    ],
    "rotation": [
      0.0028642801808720004,
      -0.0002787434366793481,
      0.12322807567841147
    ]
  },
  {
    "label_id": "YmfytkE-ukfBRofAX1HVww",
    "size": [
      0.6442834931416298,
      0.7097897537460085,
      1.5500000000000043
    ],
    "obj_class": "pedestrian",
    "point_num_in_lidar": 29,
    "speed": 1.3708751731546822,
    "if_vehicle": false,
    "motion_state": true,
    "pose": [
      [
        0.9953783937043064,
        -0.09603045171057042,
        7.543804641917266e-05,
        20.89590025122743
      ],
      [
        0.09603027062349291,
        0.9953742567693292,
        -0.0028768185351174752,
        -9.185254081086896
      ],
      [
        0.0002011730940300585,
        0.002870767348476949,
        0.9999958591035351,
        0.8458228906158993
      ],
      [
        0.0,
        0.0,
        0.0,
        1.0
      ]
    ],
    "location": [
      20.89590025122743,
      -9.185254081086896,
      0.8458228906158993
    ],
    "rotation": [
      0.0028707713497276364,
      -0.00020117309538699162,
      0.09617848398433614
    ]
  },
  {
    "label_id": "aOalNxxJ9uA_4VqI2Wr-pw",
    "size": [
      0.9999999999919545,
      1.0,
      1.7608367811754064
    ],
    "obj_class": "pedestrian",
    "point_num_in_lidar": 46,
    "speed": 1.2334393811455768,
    "if_vehicle": false,
    "motion_state": true,
    "pose": [
      [
        0.5005066520885006,
        -0.8657326871062809,
        7.543804641917266e-05,
        51.67913645745284
      ],
      [
        0.8657292157443742,
        0.500504394507927,
        -0.0028768185351174752,
        -5.016716612364689
      ],
      [
        0.002452798766978518,
        0.0015051757344415502,
        0.9999958591035351,
        0.967354446277298
      ],
      [
        0.0,
        0.0,
        0.0,
        1.0
      ]
    ],
    "location": [
      51.67913645745284,
      -5.016716612364689,
      0.967354446277298
    ],
    "rotation": [
      0.0015051808305460307,
      -0.0024528012264154082,
      1.046610681797985
    ]
  },
  {
    "label_id": "bof1aeoD2plQ-sVhmz6tng",
    "size": [
      2.0777450502114148,
      4.382102305572195,
      1.6253959798867612
    ],
    "obj_class": "vehicle",
    "point_num_in_lidar": 108,
    "speed": 2.973864525408438,
    "if_vehicle": true,
    "motion_state": true,
    "pose": [
      [
        -0.9962774297710371,
        0.0862048562316382,
        7.543804641917266e-05,
        48.16926939462428
      ],
      [
        -0.08620471597052824,
        -0.9962732912507273,
        -0.0028768185351174752,
        6.574408277447219
      ],
      [
        -0.00017283881743275967,
        -0.0028726124914494546,
        0.9999958591035351,
        0.6993701774391639
      ],
      [
        0.0,
        0.0,
        0.0,
        1.0
      ]
    ],
    "location": [
      48.16926939462428,
      6.574408277447219,
      0.6993701774391639
    ],
    "rotation": [
      -0.002872616485124494,
      0.00017283881829330275,
      -3.055280809523403
    ]
  },
  {
    "label_id": "c3SCJxumyZ0SBk4CZmOJ6g",
    "size": [
      0.9673409614681168,
      1.0650027170117071,
      1.9586854736991413
    ],
    "obj_class": "pedestrian",
    "point_num_in_lidar": 178,
    "speed": 1.1814027011309562,
    "if_vehicle": false,
    "motion_state": true,
    "pose": [
      [
        0.9942399944521637,
        -0.107176619375976,
        7.543804641917266e-05,
        27.168105993099744
      ],
      [
        0.10717639195014646,
        0.9942358598057427,
        -0.0028768185351174752,
        11.688178592732584
      ],
      [
        0.00023332447420840684,
        0.002868333222026055,
        0.9999958591035351,
        1.0083531679585604
      ],
      [
        0.0,
        0.0,
        0.0,
        1.0
      ]
    ],
    "location": [
      27.168105993099744,
      11.688178592732584,
      1.0083531679585604
    ],
    "rotation": [
      0.0028683372332406936,
      -0.00023332447632544968,
      0.10738264806090567
    ]
  },
  {
    "label_id": "cEBTjT2GdLcTLHmXu-PHfw",
    "size": [
      0.8625872603844754,
      0.8538088650045665,
      1.7592707532064438
    ],
    "obj_class": "pedestrian",
    "point_num_in_lidar": 65,
    "speed": 1.4435474384747609,
    "if_vehicle": false,
    "motion_state": true,
    "pose": [
      [
        -0.9665545339896217,
        0.25646116106187783,
        7.543804641917266e-05,
        18.787249250890454
      ],
      [
        -0.2564603103054349,
        -0.9665504814303058,
        -0.0028768185351174752,
        -7.997890403632482
      ],
      [
        -0.0006648775415959452,
        -0.002799948863376674,
        0.9999958591035351,
        0.901039628105643
      ],
      [
        0.0,
        0.0,
        0.0,
        1.0
      ]
    ],
    "location": [
      18.787249250890454,
      -7.997890403632482,
      0.901039628105643
    ],
    "rotation": [
      -0.002799953140734127,
      0.0006648775905821537,
      -2.8822343531391454
    ]
  },
  {
    "label_id": "fNy8PC-BmuP16FOJ9FFzIw",
    "size": [
      2.147659443377429,
      5.107156534927326,
      1.980000000000004
    ],
    "obj_class": "vehicle",
    "point_num_in_lidar": 4577,
    "speed": 1.3830600733622805e-11,
    "if_vehicle": true,
    "motion_state": false,
    "pose": [
      [
        0.7588009478847496,
        0.6513225896576186,
        7.543804641917266e-05,
        9.769325689427205
      ],
      [
        -0.6513197316286311,
        0.7587979514378804,
        -0.0028768185351174752,
        -4.6730783365128445
      ],
      [
        -0.001930979133351095,
        0.0021337983431912334,
        0.9999958591035351,
        0.8495289039752265
      ],
      [
        0.0,
        0.0,
        0.0,
        1.0
      ]
    ],
    "location": [
      9.769325689427205,
      -4.6730783365128445,
      0.8495289039752265
    ],
    "rotation": [
      0.0021338039405720028,
      0.0019309803333537872,
      -0.709323968921244
    ]
  },
  {
    "label_id": "gLdCcd_k3Lp-3dE0ol5ezA",
    "size": [
      2.135069974136133,
      4.396070169772625,
      1.8305185015044074
    ],
    "obj_class": "vehicle",
    "point_num_in_lidar": 1083,
    "speed": 3.5950934718225418e-12,
    "if_vehicle": true,
    "motion_state": false,
    "pose": [
      [
        0.6806059476205375,
        0.732649669605229,
        7.543804641917266e-05,
        19.920081230251526
      ],
      [
        -0.7326464922420477,
        0.6806032921758012,
        -0.0028768185351174752,
        -3.9800986740228836
      ],
      [
        -0.002159043532016217,
        0.0019027103851353563,
        0.9999958591035351,
        0.8926192044561461
      ],
      [
        0.0,
        0.0,
        0.0,
        1.0
      ]
    ],
    "location": [
      19.920081230251526,
      -3.9800986740228836,
      0.8926192044561461
    ],
    "rotation": [
      0.001902715967939365,
      0.002159045209405475,
      -0.8222047810873496
    ]
  },
  {
    "label_id": "l-XnejT-kWgZdox4WXTk1Q",
    "size": [
      2.002831474961663,
      4.45394267847577,
      1.5900000000000034
    ],
    "obj_class": "vehicle",
    "point_num_in_lidar": 3594,
    "speed": 2.2737367544323206e-12,
    "if_vehicle": true,
    "motion_state": false,
    "pose": [
      [
        0.5637958754653188,
        0.8259141632865946,
        7.543804641917266e-05,
        13.066347590152873
      ],
      [
        -0.8259106256058631,
        0.5637937232946528,
        -0.0028768185351174752,
        -4.414321990865574
      ],
      [
        -0.0024185366704276567,
        0.0015596333404488702,
        0.9999958591035351,
        0.6428784552083329
      ],
      [
        0.0,
        0.0,
        0.0,
        1.0
      ]
    ],
    "location": [
      13.066347590152873,
      -4.414321990865574,
      0.6428784552083329
    ],
    "rotation": [
      0.0015596385341620285,
      0.002418539028232865,
      -0.9718197328512871
    ]
  },
  {
    "label_id": "lKDSzFUMV-iZb8osI_vVhg",
    "size": [
      2.075023704100429,
      4.716712819747884,
      1.5364505435900142
    ],
    "obj_class": "vehicle",
    "point_num_in_lidar": 109,
    "speed": 4.816107929882213,
    "if_vehicle": true,
    "motion_state": true,
    "pose": [
      [
        0.8017327901598579,
        -0.5976826310773892,
        7.543804641917266e-05,
        50.16422846167552
      ],
      [
        0.5976803335301423,
        0.8017293451199188,
        -0.0028768185351174752,
        1.3448120409375406
      ],
      [
        0.001658943575648444,
        0.002351527587688002,
        0.9999958591035351,
        0.7848509871398477
      ],
      [
        0.0,
        0.0,
        0.0,
        1.0
      ]
    ],
    "location": [
      50.16422846167552,
      1.3448120409375406,
      0.7848509871398477
    ],
    "rotation": [
      0.0023515329907212133,
      -0.0016589443365774377,
      0.6406056934916756
    ]
  },
  {
    "label_id": "lZyBbVEUGKHI86ep9kmLgw",
    "size": [
      0.8723086256036776,
      0.6996606541566454,
      1.9082143842119805
    ],
    "obj_class": "pedestrian",
    "point_num_in_lidar": 51,
    "speed": 0.028888876072285144,
    "if_vehicle": false,
    "motion_state": false,
    "pose": [
      [
        -0.9463580318319955,
        0.32311990018594167,
        7.543804641917266e-05,
        48.49216280982364
      ],
      [
        -0.3231187693988315,
        -0.9463540483229839,
        -0.0028768185351174752,
        21.669115331758803
      ],
      [
        -0.0008581662172938644,
        -0.002746875775556393,
        0.9999958591035351,
        0.6642721733536447
      ],
      [
        0.0,
        0.0,
        0.0,
        1.0
      ]
    ],
    "location": [
      48.49216280982364,
      21.669115331758803,
      0.6642721733536447
    ],
    "rotation": [
      -0.0027468802413855836,
      0.0008581663226265448,
      -2.8125693388452797
    ]
  },
  {
    "label_id": "oBgkabLveCc0Yw1MvBSHOA",
    "size": [
      0.8283111702760739,
      0.7942693187629959,
      1.8171851638005094
    ],
    "obj_class": "pedestrian",
    "point_num_in_lidar": 238,
    "speed": 1.1408648164395934,
    "if_vehicle": false,
    "motion_state": true,
    "pose": [
      [
        0.9984001603912998,
        -0.05654302821505209,
        7.543804641917266e-05,
        16.973846317523567
      ],
      [
        0.05654301107237748,
        0.9983960195303189,
        -0.0028768185351174752,
        -9.664327830760158
      ],
      [
        8.73469863346868e-05,
        0.002876481581171909,
        0.9999958591035351,
        0.95858091706517
      ],
      [
        0.0,
        0.0,
        0.0,
        1.0
      ]
    ],
    "location": [
      16.973846317523567,
      -9.664327830760158,
      0.95858091706517
    ],
    "rotation": [
      0.002876485558898009,
      -8.734698644575573e-05,
      0.05657318377526838
    ]
  },
  {
    "label_id": "skG246l1N6X1i6YSA_Q0Og",
    "size": [
      2.58944020935017,
      7.428925470678697,
      2.7960974461957804
    ],
    "obj_class": "vehicle",
    "point_num_in_lidar": 189,
    "speed": 3.5950934718225418e-12,
    "if_vehicle": true,
    "motion_state": false,
    "pose": [
      [
        -0.9976057856880276,
        0.06915700015814809,
        7.543804641917266e-05,
        70.65619053889532
      ],
      [
        -0.06915693068170975,
        -0.9976016453744455,
        -0.0028768185351174752,
        11.279047276169877
      ],
      [
        -0.00012369502065648214,
        -0.002875147878754724,
        0.9999958591035351,
        1.3658018184191576
      ],
      [
        0.0,
        0.0,
        0.0,
        1.0
      ]
    ],
    "location": [
      70.65619053889532,
      11.279047276169877,
      1.3658018184191576
    ],
    "rotation": [
      -0.0028751518619882566,
      0.0001236950209719139,
      -3.072380477472747
    ]
  },
  {
    "label_id": "t1ePe__aXYB9-IF7fpKV7w",
    "size": [
      0.7204831567473333,
      0.8499257723597111,
      1.6992111162184642
    ],
    "obj_class": "pedestrian",
    "point_num_in_lidar": 77,
    "speed": 0.7344026995018234,
    "if_vehicle": false,
    "motion_state": false,
    "pose": [
      [
        -0.2348141522403137,
        -0.9720402811698514,
        7.543804641917266e-05,
        33.07932241778326
      ],
      [
        0.972036210623711,
        -0.23481339218922817,
        -0.0028768185351174752,
        7.106640836012957
      ],
      [
        0.002814097361330045,
        -0.000602189192694683,
        0.9999958591035351,
        0.7943180519899826
      ],
      [
        0.0,
        0.0,
        0.0,
        1.0
      ]
    ],
    "location": [
      33.07932241778326,
      7.106640836012957,
      0.7943180519899826
    ],
    "rotation": [
      -0.0006021916135162312,
      -0.002814101075550301,
      1.8078246535107756
    ]
  },
  {
    "label_id": "tLLaYUgBVODgrVjxYBagwA",
    "size": [
      0.7770444605792444,
      0.11190182437167095,
      0.7800000000000011
    ],
    "obj_class": "sign",
    "point_num_in_lidar": 58,
    "speed": 0.01016606071925998,
    "if_vehicle": false,
    "motion_state": false,
    "pose": [
      [
        -0.9948274647589551,
        0.10157908086988696,
