[
  {
    "label_id": "-63IzPn79Isi9S29BXuq1g",
    "size": [
      0.8937512568310522,
      0.9993915433078087,
      1.7256935869875178
    ],
    "obj_class": "pedestrian",
    "point_num_in_lidar": 23,
    "speed": 1.3066077853049305,
    "if_vehicle": false,
    "motion_state": true,
    "pose": [
      [
        0.9982002977033576,
        -0.059741113286044284,
        -0.005212010003079107,
        65.47587481350638
      ],
      [
        0.059708229382856234,
        0.998196293236046,
        -0.006252000782307258,
        13.794435242045438
      ],
      [
        0.005576110552383013,
        0.005929549153331141,
        0.9999668731702794,
        0.9531720234014003
      ],
      [
        0.0,
        0.0,
        0.0,
        1.0
      ]
    ],
    "location": [
      65.47587481350638,
      13.794435242045438,
      0.9531720234014003
    ],
    "rotation": [
      0.005929676088130066,
      -0.005576139449129832,
      0.05974469371734985
    ]
  },
  {
    "label_id": "5v-HhV-BedTvNkAgrUmSsA",
    "size": [
      2.1228378314039613,
      5.033050925192189,
      1.480000000000004
    ],
    "obj_class": "vehicle",
    "point_num_in_lidar": 717,
    "speed": 0.0030626815060841137,
    "if_vehicle": true,
    "motion_state": false,
    "pose": [
      [
        -0.9947489520398186,
        0.1022123151455362,
        -0.005212010003079107,
        12.433743673798745
      ],
      [
        -0.10217929049829323,
        -0.9947463521317801,
        -0.006252000782307258,
        7.3941802413755795
      ],
      [
        -0.0058236594120886186,
        -0.005686611742167641,
        0.9999668731702794,
        0.6223227938049334
      ],
      [
        0.0,
        0.0,
        0.0,
        1.0
      ]
    ],
    "location": [
      12.433743673798745,
      7.3941802413755795,
      0.6223227938049334
    ],
    "rotation": [
      -0.005686738825888082,
      0.005823692330834531,
      -3.0392329783225143
    ]
  },
  {
    "label_id": "7igbE48KGSRL1PidJzMz3A",
    "size": [
      0.8269040431432788,
      0.8391242999262727,
      1.759999999999998
    ],
    "obj_class": "pedestrian",
    "point_num_in_lidar": 181,
    "speed": 5.796914039811764e-12,
    "if_vehicle": false,
    "motion_state": false,
    "pose": [
      [
        0.9997107132624373,
        -0.023480305365060784,
        -0.005212010003079107,
        4.197106989915483
      ],
      [
        0.0234475884277883,
        0.999705518181799,
        -0.006252000782307258,
        -10.807025560752663
      ],
      [
        0.005357274048408091,
        0.006127983095963991,
        0.9999668731702794,
        0.9192914644046084
      ],
      [
        0.0,
        0.0,
        0.0,
        1.0
      ]
    ],
    "location": [
      4.197106989915483,
      -10.807025560752663,
      0.9192914644046084
    ],
    "rotation": [
      0.00612810939107818,
      -0.005357299674710556,
      0.02345007407598698
    ]
  },
  {
    "label_id": "Abp2wF28Amdp-8SvcS3E1g",
    "size": [
      2.196294568927894,
      4.401772619467235,
      1.7100000000000009
    ],
    "obj_class": "vehicle",
    "point_num_in_lidar": 767,
    "speed": 0.6090868068314078,
    "if_vehicle": true,
    "motion_state": false,
    "pose": [
      [
        0.9995793145574992,
        0.028531191010680728,
        -0.005212010003079107,
        14.553730085812276
      ],
      [
        -0.028563593576547835,
        0.9995724253940842,
        -0.006252000782307258,
        0.005669317666615825
      ],
      [
        0.0050314044514370776,
        0.006398244392036491,
        0.9999668731702794,
        0.9501019707192313
      ],
      [
        0.0,
        0.0,
        0.0,
        1.0
      ]
    ],
    "location": [
      14.553730085812276,
      0.005669317666615825,
      0.9501019707192313
    ],
    "rotation": [
      0.006398369036634605,
      -0.005031425680038648,
      -0.028567840773946036
    ]
  },
  {
    "label_id": "BWvewDT0hJdWZfzsS5N52A",
    "size": [
      0.8672735484519192,
      0.9365148916588351,
      1.7102353335570868
    ],
    "obj_class": "pedestrian",
    "point_num_in_lidar": 34,
    "speed": 1.7861026208305233,
    "if_vehicle": false,
    "motion_state": true,
    "pose": [
      [
        0.9990707370558373,
        -0.04278431149888685,
        -0.005212010003079107,
        56.57334868841281
      ],
      [
        0.042751500326727504,
        0.9990661748382996,
        -0.006252000782307258,
        14.172455389314564
      ],
      [
        0.005474630445956716,
        0.00602336978230384,
        0.9999668731702794,
        0.8686007205870112
      ],
      [
        0.0,
        0.0,
        0.0,
        1.0
      ]
    ],
    "location": [
      56.57334868841281,
      14.172455389314564,
      0.8686007205870112
    ],
    "rotation": [
      0.006023496473811986,
      -0.005474657793544941,
      0.04276517506860115
    ]
  },
  {
    "label_id": "BwHI89zywx_VtSBIHs_eSQ",
    "size": [
      0.6504492240976036,
      0.6017498360048931,
      1.4099999999999966
    ],
    "obj_class": "pedestrian",
    "point_num_in_lidar": 61,
    "speed": 1.6077746776921857e-12,
    "if_vehicle": false,
    "motion_state": false,
    "pose": [
      [
        -0.997604247785093,
        0.06898260471210416,
        -0.005212010003079107,
        7.4717616247799015
      ],
      [
        -0.0689496851347739,
        -0.9976005480181102,
        -0.006252000782307258,
        -11.70786751848209
      ],
      [
        -0.0056307833339732565,
        -0.005877656088953849,
        0.9999668731702794,
        0.9105513294711542
      ],
      [
        0.0,
        0.0,
        0.0,
        1.0
      ]
    ],
    "location": [
      7.4717616247799015,
      -11.70786751848209,
      0.9105513294711542
    ],
    "rotation": [
      -0.005877783113375738,
      0.005630813089071982,
      -3.072587123751794
    ]
  },
  {
    "label_id": "C4NxoX3efnXfwLAduEGZxw",
    "size": [
      2.0028314749616647,
      4.45394267847577,
      1.5900000000000034
    ],
    "obj_class": "vehicle",
    "point_num_in_lidar": 148,
    "speed": 6.431098710768743e-12,
    "if_vehicle": true,
    "motion_state": false,
    "pose": [
      [
        0.5637882192464558,
        0.8259029475614177,
        -0.005212010003079107,
        16.627299012507137
      ],
      [
        -0.8259163953895858,
        0.5637579447891544,
        -0.006252000782307258,
        -4.547454089850362
      ],
      [
        -0.0022252338267074625,
        0.007829488902262018,
        0.9999668731702794,
        0.6528784552083664
      ],
      [
        0.0,
        0.0,
        0.0,
        1.0
      ]
    ],
    "location": [
      16.627299012507137,
      -4.547454089850362,
      0.6528784552083664
    ],
    "rotation": [
      0.007829588282088356,
      0.0022252356631471803,
      -0.9718293092357805
    ]
  },
  {
    "label_id": "DV-QVxiC5bGWoAdie1BT7w",
    "size": [
      2.123208825964234,
      4.640056433527341,
      1.5305185015044103
    ],
    "obj_class": "vehicle",
    "point_num_in_lidar": 107,
    "speed": 0.010348597717175173,
    "if_vehicle": true,
    "motion_state": false,
    "pose": [
      [
        0.9991451058894744,
        -0.041010880615256665,
        -0.005212010003079107,
        23.410057253786363
      ],
      [
        0.04097807759278112,
        0.9991404854388687,
        -0.006252000782307258,
        1.0414950217455043
      ],
      [
        0.005463930262278392,
        0.006033077833338935,
        0.9999668731702794,
        0.8368124441955729
      ],
      [
        0.0,
        0.0,
        0.0,
        1.0
      ]
    ],
    "location": [
      23.410057253786363,
      1.0414950217455043,
      0.8368124441955729
    ],
    "rotation": [
      0.006033204493646822,
      -0.0054639574498255294,
      0.04099016690350646
    ]
  },
  {
    "label_id": "Djbr-wq3c_Wu_emcmW1Dog",
    "size": [
      2.4599560878352613,
      5.612823795445765,
      2.270518501504405
    ],
    "obj_class": "vehicle",
    "point_num_in_lidar": 4210,
    "speed": 3.5950934718225418e-12,
    "if_vehicle": true,
    "motion_state": false,
    "pose": [
      [
        0.6979089944752312,
        0.7161674876607422,
        -0.005212010003079107,
        6.414921689996845
      ],
      [
        -0.7161859602354996,
        0.6978814962783965,
        -0.006252000782307258,
        -4.570807764146593
      ],
      [
        -0.0008401143535511673,
        0.008096095968250658,
        0.9999668731702794,
        0.9885746386189425
      ],
      [
        0.0,
        0.0,
        0.0,
        1.0
      ]
    ],
    "location": [
      6.414921689996845,
      -4.570807764146593,
      0.9885746386189425
    ],
    "rotation": [
      0.00809618727352506,
      0.0008401144523755481,
      -0.798322294176852
    ]
  },
  {
    "label_id": "FLWvnW-tWYdIJ09iJ2iXPw",
    "size": [
      2.1435329259811677,
      4.441836607453283,
      1.8700000000000045
    ],
    "obj_class": "vehicle",
    "point_num_in_lidar": 6145,
    "speed": 4.687428401686771e-12,
    "if_vehicle": true,
    "motion_state": false,
    "pose": [
      [
        0.6632417614580493,
        0.7483870661694734,
        -0.005212010003079107,
        -6.646341927516914
      ],
      [
        -0.7484042169734432,
        0.6632134200260015,
        -0.006252000782307258,
        -5.929621241048153
      ],
      [
        -0.0012222415438083564,
        0.008047278276706739,
        0.9999668731702794,
        0.8572257843826705
      ],
      [
        0.0,
        0.0,
        0.0,
        1.0
      ]
    ],
    "location": [
      -6.646341927516914,
      -5.929621241048153,
      0.8572257843826705
    ],
    "rotation": [
      0.008047371145447502,
      0.0012222418481211183,
      -0.845653613326445
    ]
  },
  {
    "label_id": "G96MfK6U70_2CEKJH1g1gA",
    "size": [
      2.0507676477421524,
      4.751621205894719,
      1.783059185505671
    ],
    "obj_class": "vehicle",
    "point_num_in_lidar": 1787,
    "speed": 1.1368683772161603e-12,
    "if_vehicle": true,
    "motion_state": false,
    "pose": [
      [
        -0.9991429079991917,
        0.04106439268571323,
        -0.005212010003079107,
        6.1541660873554065
      ],
      [
        -0.04103158941582302,
        -0.9991382893054542,
        -0.006252000782307258,
        6.997459129321214
      ],
      [
        -0.005464253373515425,
        -0.006032785187970191,
        0.9999668731702794,
        0.7381944266820071
      ],
      [
        0.0,
        0.0,
        0.0,
        1.0
      ]
    ],
    "location": [
      6.1541660873554065,
      6.997459129321214,
      0.7381944266820071
    ],
    "rotation": [
      -0.006032911849235213,
      0.005464280565886124,
      -3.1005489289458072
    ]
  },
  {
    "label_id": "GvNSnjQZk7nOuKBrSduqOA",
    "size": [
      2.1579955411813208,
      4.7553734910656065,
      1.5499999999999972
    ],
    "obj_class": "vehicle",
    "point_num_in_lidar": 26,
    "speed": 0.16624192703391028,
    "if_vehicle": true,
    "motion_state": false,
    "pose": [
      [
        -0.9991489249294432,
        0.04091773165836258,
        -0.005212010003079107,
        61.29915247518511
      ],
      [
        -0.04088492906678717,
        -0.9991443014206817,
        -0.006252000782307258,
        7.022139108841657
      ],
      [
        -0.0054633677838624,
        -0.0060335872010290606,
        0.9999668731702794,
        0.8128281973578453
      ],
      [
        0.0,
        0.0,
        0.0,
        1.0
      ]
    ],
    "location": [
      61.29915247518511,
      7.022139108841657,
      0.8128281973578453
    ],
    "rotation": [
      -0.00603371385966853,
      0.005463394963013949,
      -3.100695714860203
    ]
  },
  {
    "label_id": "LFIPG3l72B26CH5x5oOo8g",
    "size": [
      2.156524912645744,
      4.707937795627931,
      1.960000000000008
    ],
    "obj_class": "vehicle",
    "point_num_in_lidar": 4889,
    "speed": 4.099037227506402e-12,
    "if_vehicle": true,
    "motion_state": false,
    "pose": [
      [
        0.6612489108095646,
        0.750148460576233,
        -0.005212010003079107,
        0.03760671314375941
      ],
      [
        -0.7501655359390889,
        0.6612205238613195,
        -0.006252000782307258,
        -5.388475816369464
      ],
      [
        -0.0012436407777627898,
        0.00804399898496095,
        0.9999668731702794,
        0.7883471055253608
      ],
      [
        0.0,
        0.0,
        0.0,
        1.0
      ]
    ],
    "location": [
      0.03760671314375941,
      -5.388475816369464,
      0.7883471055253608
    ],
    "rotation": [
      0.008044091957349033,
      0.0012436410983409358,
      -0.8483132586277703
    ]
  },
  {
    "label_id": "LVurOGR3dPZTYlctUjwF1w",
    "size": [
      0.8553806403981091,
      0.9205835426103812,
      1.5600000000000023
    ],
    "obj_class": "pedestrian",
    "point_num_in_lidar": 92,
    "speed": 0.9552260307047147,
    "if_vehicle": false,
    "motion_state": false,
    "pose": [
      [
        0.9994975422985215,
        -0.031264962672982816,
        -0.005212010003079107,
        17.716733081681014
      ],
      [
        0.031232206270493182,
        0.9994926021625651,
        -0.006252000782307258,
        12.432633818454633
      ],
      [
        0.0054048340115651515,
        0.006086076844864498,
        0.9999668731702794,
        0.8349651888572112
      ],
      [
        0.0,
        0.0,
        0.0,
        1.0
      ]
    ],
    "location": [
      17.716733081681014,
      12.432633818454633,
      0.8349651888572112
    ],
    "rotation": [
      0.006086203314742413,
      -0.005404860326454076,
      0.031237742494092866
    ]
  },
  {
    "label_id": "MgUHjjRH5WfE7KTO3UAfsQ",
    "size": [
      2.122082204683364,
      4.89751997057426,
      1.4830591855056738
    ],
    "obj_class": "vehicle",
    "point_num_in_lidar": 3931,
    "speed": 2.2737367544323206e-12,
    "if_vehicle": true,
    "motion_state": false,
    "pose": [
      [
        -0.9924371724408217,
        0.12264295213910333,
        -0.005212010003079107,
        0.6649122067319695
      ],
      [
        -0.12260988101807772,
        -0.9924352520758979,
        -0.006252000782307258,
        6.701107151937322
      ],
      [
        -0.005939346293946061,
        -0.005565674052148261,
        0.9999668731702794,
        0.5929038971887834
      ],
      [
        0.0,
        0.0,
        0.0,
        1.0
      ]
    ],
    "location": [
      0.6649122067319695,
      6.701107151937322,
      0.5929038971887834
    ],
    "rotation": [
      -0.005565800957959606,
      0.005939381213733103,
      -3.0186712937000975
    ]
  },
  {
    "label_id": "NeWx86gkt3mp026gu2eoxA",
    "size": [
      0.5823260342821731,
      0.5392474862904848,
      1.6000000000000014
    ],
    "obj_class": "pedestrian",
    "point_num_in_lidar": 65,
    "speed": 0.0,
    "if_vehicle": false,
    "motion_state": false,
    "pose": [
      [
        -0.13081970287716618,
        0.9913924754056073,
        -0.005212010003079107,
        8.587480792368297
      ],
      [
        -0.9913823018397735,
        -0.13085122882529712,
        -0.006252000782307258,
        -9.51950745506474
      ],
      [
        -0.006880184445362028,
        0.0043492095893352435,
        0.9999668731702794,
        0.8090177420489084
      ],
      [
        0.0,
        0.0,
        0.0,
        1.0
      ]
    ],
    "location": [
      8.587480792368297,
      -9.51950745506474,
      0.8090177420489084
    ],
    "rotation": [
      0.004349326244548299,
      0.006880238727662426,
      -1.7019951930704895
    ]
  },
  {
    "label_id": "No68zCO6os9hco-_ap9yaQ",
    "size": [
      0.7484054906059368,
      0.7235802196100946,
      1.7700000000000031
    ],
    "obj_class": "pedestrian",
    "point_num_in_lidar": 31,
    "speed": 2.5421149729252077e-12,
    "if_vehicle": false,
    "motion_state": false,
    "pose": [
      [
        -0.9622557983482475,
        0.2720966987982482,
        -0.005212010003079107,
        48.35270982417569
      ],
      [
        -0.27206372014404256,
        -0.9622589280789252,
        -0.006252000782307258,
        19.904892758910137
      ],
      [
        -0.006716451932449408,
        -0.004598025173187274,
        0.9999668731702794,
        0.6993640454705172
      ],
      [
        0.0,
        0.0,
        0.0,
        1.0
      ]
    ],
    "location": [
      48.35270982417569,
      19.904892758910137,
      0.6993640454705172
    ],
    "rotation": [
      -0.004598145089856891,
      0.006716502430812286,
      -2.8660492762894654
    ]
  },
  {
    "label_id": "OpmBDWgrhvbDWXPsj-xPxA",
    "size": [
      0.7026515170164879,
      0.7358840794624211,
      1.68310318244977
    ],
    "obj_class": "pedestrian",
    "point_num_in_lidar": 24,
    "speed": 1.6077746776921857e-12,
    "if_vehicle": false,
    "motion_state": false,
    "pose": [
      [
        -0.9918158930220994,
        0.12756986047065827,
        -0.005212010003079107,
        49.32563542090793
      ],
      [
        -0.12753678022092868,
        -0.9918141369112948,
        -0.006252000782307258,
        18.733378725075454
      ],
      [
        -0.0059669120702383225,
        -0.005536110764806956,
        0.9999668731702794,
        0.6727958178444737
      ],
      [
        0.0,
        0.0,
        0.0,
        1.0
      ]
    ],
    "location": [
      49.32563542090793,
      18.733378725075454,
      0.6727958178444737
    ],
    "rotation": [
      -0.005536237602228515,
      0.005966947478501291,
      -3.01370528438507
    ]
  },
  {
    "label_id": "SV4MhXW_fLKMUyYTomC7iA",
    "size": [
      1.8745005814532067,
      4.026761972188614,
      1.730518501504406
    ],
    "obj_class": "vehicle",
    "point_num_in_lidar": 93,
    "speed": 3.2155493553843714e-12,
    "if_vehicle": true,
    "motion_state": false,
    "pose": [
      [
        0.5357824706678082,
        0.8443399665281912,
        -0.005212010003079107,
        23.067769648012472
      ],
      [
        -0.8443523918300472,
        0.5357517623835657,
        -0.006252000782307258,
        -3.943883484294929
      ],
      [
        -0.002486470586557131,
        0.007750485538103627,
        0.9999668731702794,
        0.852619204456154
      ],
      [
        0.0,
        0.0,
        0.0,
        1.0
      ]
    ],
    "location": [
      23.067769648012472,
      -3.943883484294929,
      0.852619204456154
    ],
    "rotation": [
      0.007750587095171197,
      0.002486473148679903,
      -1.0053601832728196
    ]
  },
  {
    "label_id": "SkVKxXh2jIQZVXZoNdO_aw",
    "size": [
      0.8929253568944412,
      0.9206928310170497,
      1.7000000000000028
    ],
    "obj_class": "pedestrian",
    "point_num_in_lidar": 23,
    "speed": 0.008772429507196295,
    "if_vehicle": false,
    "motion_state": false,
    "pose": [
      [
        0.9931220187244053,
        -0.11696790532658817,
        -0.005212010003079107,
        50.593180747295264
      ],
      [
        0.1169348457232121,
        0.9931199093472584,
        -0.006252000782307258,
        20.41858600773412
      ],
      [
        0.005907434337381597,
        0.005599534052373652,
        0.9999668731702794,
        0.7048996319850573
      ],
      [
        0.0,
        0.0,
        0.0,
        1.0
      ]
    ],
    "location": [
      50.593180747295264,
      20.41858600773412,
      0.7048996319850573
    ],
    "rotation": [
      0.005599661024558641,
      -0.005907468697312277,
      0.11720504328933248
    ]
  },
  {
    "label_id": "TBaMlPrcbb0tVmgFVZHKcA",
    "size": [
      0.8401860487472422,
      0.11186696262676982,
      0.8605185015044086
    ],
    "obj_class": "sign",
    "point_num_in_lidar": 28,
    "speed": 0.012278736573115233,
    "if_vehicle": false,
    "motion_state": false,
    "pose": [
      [
        0.9990041838339863,
        0.044311123139894416,
        -0.005212010003079107,
        53.90633496770897
      ],
      [
        -0.04434341288527334,
        0.9989967838886692,
        -0.006252000782307258,
        10.265996513793652
      ],
      [
        0.0049297480541360674,
        0.006476893250387018,
        0.9999668731702794,
        2.8876192044562075
      ],
      [
        0.0,
        0.0,
        0.0,
        1.0
      ]
    ],
    "location": [
      53.90633496770897,
      10.265996513793652,
      2.8876192044562075
    ],
    "rotation": [
      0.0064770172408404195,
      -0.004929768021819,
      -0.04435849748401061
    ]
  },
  {
    "label_id": "V7YN8qOnLzj6EqMtbCjrbw",
    "size": [
      2.361603872962683,
      4.897855298287807,
      1.8405185015044054
    ],
    "obj_class": "vehicle",
    "point_num_in_lidar": 4803,
    "speed": 0.0,
    "if_vehicle": true,
    "motion_state": false,
    "pose": [
      [
        0.6910061170448947,
        0.7228301191554382,
        -0.005212010003079107,
        2.9910673179329024
      ],
      [
        -0.7228483270682053,
        0.6909784428916107,
        -0.006252000782307258,
        -4.770993855832785
      ],
      [
        -0.0009177479141719479,
        0.008087663495732268,
        0.9999668731702794,
        0.8570733399363561
      ],
      [
        0.0,
        0.0,
        0.0,
        1.0
      ]
    ],
    "location": [
      2.9910673179329024,
      -4.770993855832785,
      0.8570733399363561
    ],
    "rotation": [
      0.008087755073820903,
      0.0009177480430025786,
      -0.8079159184020537
    ]
  },
  {
    "label_id": "VA6JXxlf-ko9AI21ezS-gA",
    "size": [
      0.7480685522441497,
      0.7246482329219848,
      1.759999999999998
    ],
    "obj_class": "pedestrian",
    "point_num_in_lidar": 176,
    "speed": 0.78484109267626,
    "if_vehicle": false,
    "motion_state": false,
    "pose": [
      [
        0.9959992665790778,
        0.08920928161165188,
        -0.005212010003079107,
        -0.852969826773915
      ],
      [
        -0.089241205757388,
        0.9959904214806414,
        -0.006252000782307258,
        -10.777885412506294
      ],
      [
        0.004633375541302963,
        0.006692114250924197,
        0.9999668731702794,
        0.887084856700902
      ],
      [
        0.0,
        0.0,
        0.0,
        1.0
      ]
    ],
    "location": [
      -0.852969826773915,
      -10.777885412506294,
      0.887084856700902
    ],
    "rotation": [
      0.006692236038794918,
      -0.004633392119811244,
      -0.089361046786855
    ]
  },
  {
    "label_id": "Xhv1ib3Sd4Npw2uCm8OIgA",
    "size": [
      0.7032178819328654,
      0.8587069967628569,
      1.7415277018557802
    ],
    "obj_class": "pedestrian",
    "point_num_in_lidar": 20,
    "speed": 1.3426728319842736,
    "if_vehicle": false,
    "motion_state": true,
    "pose": [
      [
        -0.9916679792135124,
        -0.12871462214650173,
        -0.005212010003079107,
        60.591891377618595
      ],
      [
        0.12874616962267552,
        -0.9916578726020923,
        -0.006252000782307258,
        -5.495769191933505
      ],
      [
        -0.004363806833279939,
        -0.006870935305763441,
        0.9999668731702794,
        0.9591954751824332
      ],
      [
        0.0,
        0.0,
        0.0,
        1.0
      ]
    ],
    "location": [
      60.591891377618595,
      -5.495769191933505,
      0.9591954751824332
    ],
    "rotation": [
      -0.006871054792874023,
      0.004363820683256081,
      3.0124868947126107
    ]
  },
  {
    "label_id": "XsywigB-Q40d0u9u21SmQg",
    "size": [
      0.7289434170490317,
      0.9162428550820471,
      1.9424134016137273
    ],
    "obj_class": "pedestrian",
    "point_num_in_lidar": 57,
    "speed": 1.4855611867564413,
    "if_vehicle": false,
    "motion_state": true,
    "pose": [
      [
        0.978955684636751,
        -0.20400637850106065,
        -0.005212010003079107,
        27.318802844005404
      ],
      [
        0.20397326160872015,
        0.9789564959868843,
        -0.006252000782307258,
        -7.376885646073788
      ],
      [
        0.006377779087647214,
        0.005057321026327783,
        0.9999668731702794,
        1.031377632018085
      ],
      [
        0.0,
        0.0,
        0.0,
        1.0
      ]
    ],
    "location": [
      27.318802844005404,
      -7.376885646073788,
      1.031377632018085
    ],
    "rotation": [
      0.0050574454450832435,
      -0.006377822325599271,
      0.2054190424669969
    ]
  },
  {
    "label_id": "aKdb2hW6WTmxEyp8LsOQ6w",
    "size": [
      0.8134728679820509,
      0.7413293880754128,
      1.7800000000000011
    ],
    "obj_class": "pedestrian",
    "point_num_in_lidar": 401,
    "speed": 0.626289904055576,
    "if_vehicle": false,
    "motion_state": false,
    "pose": [
      [
        -0.7051179133630604,
        0.7090709154987612,
        -0.005212010003079107,
        -1.5187914604321122
      ],
      [
        -0.7090437108207658,
        -0.7051368155413079,
        -0.006252000782307258,
        -8.260103010099556
      ],
      [
        -0.008108292054550223,
        -0.000712854832546555,
        0.9999668731702794,
        0.7703703070905945
      ],
      [
        0.0,
        0.0,
        0.0,
        1.0
      ]
    ],
    "location": [
      -1.5187914604321122,
      -8.260103010099556,
      0.7703703070905945
    ],
    "rotation": [
      -0.0007128783271889656,
      0.008108380902978243,
      -2.3534184373664973
    ]
  },
  {
    "label_id": "bof1aeoD2plQ-sVhmz6tng",
    "size": [
      2.077745050210523,
      4.382102305572195,
      1.6253959798867612
    ],
    "obj_class": "vehicle",
    "point_num_in_lidar": 38,
    "speed": 0.4955312428775052,
    "if_vehicle": true,
    "motion_state": false,
    "pose": [
      [
        -0.9976460032673522,
        0.06837607122675272,
        -0.005212010003079107,
        53.51126174867386
      ],
      [
        -0.06834315390488094,
        -0.9976422834866974,
        -0.006252000782307258,
        6.953087733651046
      ],
      [
        -0.005627208811828104,
        -0.005881078391098982,
        0.9999668731702794,
        0.70168161647414
      ],
      [
        0.0,
        0.0,
        0.0,
        1.0
      ]
    ],
    "location": [
      53.51126174867386,
      6.953087733651046,
      0.70168161647414
    ],
    "rotation": [
      -0.005881205410588398,
      0.005627238510295048,
      -3.0731951002120566
    ]
  },
  {
    "label_id": "c3SCJxumyZ0SBk4CZmOJ6g",
    "size": [
      0.9673409614788135,
      1.0650027170117071,
      1.9586854736991413
    ],
    "obj_class": "pedestrian",
    "point_num_in_lidar": 97,
    "speed": 1.3567271727135475,
    "if_vehicle": false,
    "motion_state": true,
    "pose": [
      [
        0.9960802750314709,
        -0.08830017352733334,
        -0.005212010003079107,
        23.124501127640542
      ],
      [
        0.0882671884405,
        0.9960772138398847,
        -0.006252000782307258,
        11.291467048715276
      ],
      [
        0.0057436171563434,
        0.005767445189642031,
        0.9999668731702794,
        1.0083531679585533
      ],
      [
        0.0,
        0.0,
        0.0,
        1.0
      ]
    ],
    "location": [
      23.124501127640542,
      11.291467048715276,
      1.0083531679585533
    ],
    "rotation": [
      0.005767572299741964,
      -0.005743648736308746,
      0.08838367019336163
    ]
  },
  {
    "label_id": "fNy8PC-BmuP16FOJ9FFzIw",
    "size": [
      2.1476594433774285,
      5.107156534927326,
      1.980000000000004
    ],
    "obj_class": "vehicle",
    "point_num_in_lidar": 223,
    "speed": 1.3830600733622805e-11,
    "if_vehicle": true,
    "motion_state": false,
    "pose": [
      [
        0.7587906435416668,
        0.6513137448460233,
        -0.005212010003079107,
        9.769325689434481
      ],
      [
        -0.6513345879874224,
        0.7587648957203231,
        -0.006252000782307258,
        -4.6730783365201205
      ],
      [
        -0.00011732381582520804,
        0.008138722084971784,
        0.9999668731702794,
        0.8495289039751981
      ],
      [
        0.0,
        0.0,
        0.0,
        1.0
      ]
    ],
    "location": [
      9.769325689434481,
      -4.6730783365201205,
      0.8495289039751981
    ],
    "rotation": [
      0.008138811993526443,
      0.00011732381609436604,
      -0.7093419533960023
    ]
  },
  {
    "label_id": "gLdCcd_k3Lp-3dE0ol5ezA",
    "size": [
      2.135069974136135,
      4.396070169772625,
      1.8305185015044074
    ],
    "obj_class": "vehicle",
    "point_num_in_lidar": 365,
    "speed": 3.5950934718225418e-12,
    "if_vehicle": true,
    "motion_state": false,
    "pose": [
      [
        0.6805967051476478,
        0.732639720390516,
        -0.005212010003079107,
        19.920081230258802
      ],
      [
        -0.7326575306139876,
        0.6805687733953357,
        -0.006252000782307258,
        -3.9800986740228836
      ],
      [
        -0.0010333328503111092,
        0.008073709511410176,
        0.9999668731702794,
        0.8926192044561603
      ],
      [
        0.0,
        0.0,
        0.0,
        1.0
      ]
    ],
    "location": [
      19.920081230258802,
      -3.9800986740228836,
      0.8926192044561603
    ],
    "rotation": [
      0.00807380153842373,
      0.0010333330342060015,
      -0.8222190653752058
    ]
  },
  {
    "label_id": "l-XnejT-kWgZdox4WXTk1Q",
    "size": [
      2.0028314749616647,
      4.45394267847577,
      1.5900000000000034
    ],
    "obj_class": "vehicle",
    "point_num_in_lidar": 399,
    "speed": 2.2737367544323206e-12,
    "if_vehicle": true,
    "motion_state": false,
    "pose": [
      [
        0.5637882192464558,
        0.8259029475614177,
        -0.005212010003079107,
        13.066347590145597
      ],
      [
        -0.8259163953895858,
        0.5637579447891544,
        -0.006252000782307258,
        -4.414321990865574
      ],
      [
        -0.0022252338267074625,
        0.007829488902262018,
        0.9999668731702794,
        0.6428784552083897
      ],
      [
        0.0,
        0.0,
        0.0,
        1.0
      ]
    ],
    "location": [
      13.066347590145597,
      -4.414321990865574,
      0.6428784552083897
    ],
    "rotation": [
      0.007829588282088356,
      0.0022252356631471803,
      -0.9718293092357805
    ]
  },
  {
    "label_id": "lKDSzFUMV-iZb8osI_vVhg",
    "size": [
      2.0750237041097708,
      4.716712819747884,
      1.5364505435900142
    ],
    "obj_class": "vehicle",
    "point_num_in_lidar": 80,
    "speed": 3.571921478593132,
    "if_vehicle": true,
    "motion_state": true,
    "pose": [
      [
        -0.022534163487932257,
        -0.9997324874323265,
        -0.005212010003079107,
        44.91401448013494
      ],
      [
        0.999727261390537,
        -0.022501451481962823,
        -0.006252000782307258,
        -8.735323358923779
      ],
      [
        0.006133050503317097,
        -0.005351472094473552,
        0.9999668731702794,
        0.8580325211248123
      ],
      [
        0.0,
        0.0,
        0.0,
        1.0
      ]
    ],
    "location": [
      44.91401448013494,
      -8.735323358923779,
      0.8580325211248123
    ],
    "rotation": [
      -0.005351598287846937,
      -0.006133088952376829,
      1.5933328217401035
    ]
  },
  {
    "label_id": "mDfmRjIUQaWVZdGTGhcD6w",
    "size": [
      0.5983009868812859,
      0.49394130030032374,
      1.259999999999998
    ],
    "obj_class": "pedestrian",
    "point_num_in_lidar": 112,
    "speed": 0.37628746326995555,
    "if_vehicle": false,
    "motion_state": false,
    "pose": [
      [
        -0.0040937742747154445,
        0.9999780377407872,
        -0.005212010003079107,
        8.04194464970351
      ],
      [
        -0.9999719425270532,
        -0.0041263355280215935,
        -0.006252000782307258,
        -11.603170253503777
      ],
      [
        -0.0062733699762935885,
        0.005186269487281337,
        0.9999668731702794,
        1.026468008473202
      ],
      [
        0.0,
        0.0,
        0.0,
        1.0
      ]
    ],
    "location": [
      8.04194464970351,
      -11.603170253503777,
      1.026468008473202
    ],
    "rotation": [
      0.005186394794728441,
      0.0062734111252802155,
      -1.5748901930629298
    ]
  },
  {
    "label_id": "miUCgrw0d28mF4d4GaaTfg",
    "size": [
      0.7603092283510875,
      0.8180348372529171,
      1.7374134793072642
    ],
    "obj_class": "pedestrian",
    "point_num_in_lidar": 108,
    "speed": 1.3860231810533823,
    "if_vehicle": false,
    "motion_state": true,
    "pose": [
      [
        0.9752407339984033,
        -0.2210844763930375,
        -0.005212010003079107,
        4.3918144649942406
      ],
      [
        0.22105137873882158,
        0.9752421240101784,
        -0.006252000782307258,
        -9.845040258551307
      ],
      [
        0.006465192025130426,
        0.004945083834714755,
        0.9999668731702794,
        0.9737148576594592
      ],
      [
        0.0,
        0.0,
        0.0,
        1.0
      ]
    ],
    "location": [
      4.3918144649942406,
      -9.845040258551307,
      0.9737148576594592
    ],
    "rotation": [
      0.004945207342890834,
      -0.006465237065423133,
      0.22289712348995294
    ]
  },
  {
    "label_id": "skG246l1N6X1i6YSA_Q0Og",
    "size": [
      2.589440209350171,
      7.428925470678697,
      2.7960974461957804
    ],
    "obj_class": "vehicle",
    "point_num_in_lidar": 125,
    "speed": 3.5950934718225418e-12,
    "if_vehicle": true,
    "motion_state": false,
    "pose": [
      [
        -0.9975922384299403,
        0.0691560610219305,
        -0.005212010003079107,
        70.65619053889532
      ],
      [
        -0.0691231408018049,
        -0.997588544386869,
        -0.006252000782307258,
        11.279047276177153
      ],
      [
        -0.005631805219911885,
        -0.005876676953784383,
        0.9999668731702794,
        1.365801818419179
      ],
      [
        0.0,
        0.0,
        0.0,
        1.0
      ]
    ],
    "location": [
      70.65619053889532,
      11.279047276177153,
      1.365801818419179
    ],
    "rotation": [
      -0.005876803979592139,
      0.0056318349912137505,
      -3.0724132500856385
    ]
  },
  {
    "label_id": "t1ePe__aXYB9-IF7fpKV7w",
    "size": [
      0.7204831567479961,
      0.8499257723597111,
      1.6992111162184642
    ],
    "obj_class": "pedestrian",
    "point_num_in_lidar": 45,
    "speed": 0.7966837795705405,
    "if_vehicle": false,
    "motion_state": false,
    "pose": [
      [
        -0.20783249930707515,
        -0.9781505442330963,
        -0.005212010003079107,
        33.7229535257502
      ],
      [
        0.9781514850628418,
        -0.20779938584022675,
        -0.006252000782307258,
        4.833797382838384
      ],
      [
        0.005032345490126632,
        -0.006397504272930922,
        0.9999668731702794,
        0.9080967195748713
      ],
      [
        0.0,
        0.0,
        0.0,
        1.0
      ]
    ],
    "location": [
      33.7229535257502,
      4.833797382838384,
      0.9080967195748713
    ],
    "rotation": [
      -0.006397628923307339,
      -0.005032366730641867,
      1.7801575674594692
    ]
  },
  {
    "label_id": "tLLaYUgBVODgrVjxYBagwA",
    "size": [
      0.7770444605792449,
      0.11190182437167095,
      0.7800000000000011
    ],
    "obj_class": "sign",
    "point_num_in_lidar": 39,
    "speed": 0.01016606063403621,
    "if_vehicle": false,
    "motion_state": false,
    "pose": [
      [
        -0.9948139552298305,
        0.10157770144922791,
        -0.005212010003079107,
        31.726956904531107
      ],
      [
        -0.1015446784672975,
        -0.9948113342544863,
        -0.006252000782307258,
        -1.9743558017362375
      ],
      [
        -0.005820030494236401,
        -0.005690325746416073,
        0.9999668731702794,
        3.0903693401193735
      ],
      [
        0.0,
        0.0,
        0.0,
        1.0
      ]
    ],
    "location": [
      31.726956904531107,
      -1.9743558017362375,
      3.0903693401193735
    ],
    "rotation": [
      -0.005690452832985454,
      0.005820063351481697,
      -3.039870921620779
    ]
  },
  {
    "label_id": "tX6UTCnyT-2fkHW2Wo8DoA",
    "size": [
      2.1232088259610036,
      4.640056433527341,
      1.5805185015044074
    ],
    "obj_class": "vehicle",
    "point_num_in_lidar": 4156,
    "speed": 3.410605131648481e-12,
    "if_vehicle": true,
    "motion_state": false,
    "pose": [
      [
        0.5357824706676008,
        0.8443399665283228,
        -0.005212010003079107,
        -3.2876691988276434
      ],
      [
        -0.8443523918301787,
        0.5357517623833583,
        -0.006252000782307258,
        -5.612594531834475
      ],
      [
        -0.002486470586559034,
        0.007750485538103017,
        0.9999668731702794,
        0.6179042753875592
      ],
      [
        0.0,
        0.0,
        0.0,
        1.0
      ]
    ],
    "location": [
      -3.2876691988276434,
      -5.612594531834475,
      0.6179042753875592
    ],
    "rotation": [
      0.0077505870951705864,
      0.002486473148681806,
      -1.0053601832730652
    ]
  },
  {
    "label_id": "vdViRC-mmyy12_V_Du9kMw",
    "size": [
      0.7421812007181614,
      0.7193648187394143,
      1.6400000000000006
    ],
    "obj_class": "pedestrian",
    "point_num_in_lidar": 75,
    "speed": 1.090175451214582,
    "if_vehicle": false,
    "motion_state": true,
    "pose": [
      [
        -0.9852876126086959,
        0.17082492614248138,
        -0.005212010003079107,
        9.878277132338553
      ],
      [
        -0.17079180074149733,
        -0.9852873049449561,
        -0.006252000782307258,
        -8.678138715054956
      ],
      [
        -0.006203324861160338,
        -0.00526985035091864,
        0.9999668731702794,
        0.8440166847781541
      ],
      [
        0.0,
        0.0,
        0.0,
        1.0
      ]
    ],
    "location": [
      9.878277132338553,
      -8.678138715054956,
      0.8440166847781541
    ],
    "rotation": [
      -0.005269976142530061,
      0.006203364647120738,
      -2.969956097054485
    ]
  },
  {
    "label_id": "wTQzq1o08FxvUHUSEzkiqA",
    "size": [
      0.43332059859141586,
      0.4330533622057063,
      1.6430004366206958
    ],
    "obj_class": "pedestrian",
    "point_num_in_lidar": 176,
    "speed": 0.25804486392747394,
    "if_vehicle": false,
    "motion_state": false,
    "pose": [
      [
        0.3258916766717623,
        0.9453927490878039,
        -0.005212010003079107,
        7.245660053675238
      ],
      [
        -0.9453977323383935,
        0.32585892680060385,
        -0.006252000782307258,
        -10.187826523149852
      ],
      [
        -0.00421221622080719,
        0.006964897455335293,
        0.9999668731702794,
        0.8653832904271681
      ],
      [
        0.0,
        0.0,
        0.0,
        1.0
      ]
    ],
    "location": [
      7.245660053675238,
      -10.187826523149852,
      0.8653832904271681
    ],
    "rotation": [
      0.006965015558116436,
      0.00421222867696741,
      -1.2388385268653617
    ]
  },
  {
    "label_id": "xZ3xAFKzkG5ksRUdYiaIQw",
    "size": [
      2.16151229963882,
      5.133410977253657,
      1.5200000000000031
    ],
    "obj_class": "vehicle",
    "point_num_in_lidar": 4907,
    "speed": 0.004699638336856041,
    "if_vehicle": true,
    "motion_state": false,
    "pose": [
      [
        -0.9970592179611852,
        0.07645750996702301,
        -0.005212010003079107,
        -4.9892828990123235
      ],
      [
        -0.07642456358527734,
        -0.9970557650237113,
