[
  {
    "label_id": "5oKLeS12L_2dB-lud2mbjw",
    "size": [
      0.5333168196882188,
      0.13607854132621355,
      0.5600000000000023
    ],
    "obj_class": "sign",
    "point_num_in_lidar": 38,
    "speed": 0.014479320688221123,
    "if_vehicle": false,
    "motion_state": false,
    "pose": [
      [
        -0.9936285619399582,
        -0.11261249945452209,
        -0.004550369626286978,
        7.2080544176424155
      ],
      [
        0.11261795555069287,
        -0.993637898753495,
        -0.0009603376080561766,
        9.062125400872901
      ],
      [
        -0.004413273695652136,
        -0.001466672200782128,
        0.9999891858854989,
        3.145888316611078
      ],
      [
        0.0,
        0.0,
        0.0,
        1.0
      ]
    ],
    "location": [
      7.2080544176424155,
      9.062125400872901,
      3.145888316611078
    ],
    "rotation": [
      -0.0014666870100157774,
      0.0044132880219884185,
      3.028734173393706
    ]
  },
  {
    "label_id": "5v-HhV-BedTvNkAgrUmSsA",
    "size": [
      2.1228378314039618,
      5.033050925192189,
      1.480000000000004
    ],
    "obj_class": "vehicle",
    "point_num_in_lidar": 92,
    "speed": 0.003062681534019229,
    "if_vehicle": true,
    "motion_state": false,
    "pose": [
      [
        -0.9947521647554285,
        0.10221264525807494,
        -0.004550369626286978,
        12.422797286861169
      ],
      [
        -0.10220930929224215,
        -0.9947624514655151,
        -0.0009603376080561766,
        7.392860497988295
      ],
      [
        -0.004624695491779689,
        -0.0004902077779827417,
        0.9999891858854989,
        0.6295588998944481
      ],
      [
        0.0,
        0.0,
        0.0,
        1.0
      ]
    ],
    "location": [
      12.422797286861169,
      7.392860497988295,
      0.6295588998944481
    ],
    "rotation": [
      -0.0004902130399355999,
      0.004624711977288528,
      -3.0392034446150404
    ]
  },
  {
    "label_id": "7igbE48KGSRL1PidJzMz3A",
    "size": [
      0.8269040431432765,
      0.8391242999262727,
      1.759999999999998
    ],
    "obj_class": "pedestrian",
    "point_num_in_lidar": 23,
    "speed": 1.3512372096509692e-27,
    "if_vehicle": false,
    "motion_state": false,
    "pose": [
      [
        0.9997139420029225,
        -0.023480381198808586,
        -0.004550369626286978,
        4.197106989900931
      ],
      [
        0.02347624473416188,
        0.9997239337361391,
        -0.0009603376080561766,
        -10.80702556075994
      ],
      [
        0.004571662515861774,
        0.000853237304825888,
        0.9999891858854989,
        0.9192914644045587
      ],
      [
        0.0,
        0.0,
        0.0,
        1.0
      ]
    ],
    "location": [
      4.197106989900931,
      -10.80702556075994,
      0.9192914644045587
    ],
    "rotation": [
      0.0008532463248687494,
      -0.00457167844071077,
      0.023478647094915022
    ]
  },
  {
    "label_id": "86fthlPGwTMBqnk5iTgbRQ",
    "size": [
      0.733799594596827,
      0.8631336802852894,
      1.8800000000000026
    ],
    "obj_class": "pedestrian",
    "point_num_in_lidar": 185,
    "speed": 1.2803950580403485,
    "if_vehicle": false,
    "motion_state": true,
    "pose": [
      [
        -0.9964421286958682,
        0.08415686719638953,
        -0.004550369626286978,
        -8.650736772506207
      ],
      [
        -0.08415334523851843,
        -0.9964523532195833,
        -0.0009603376080561766,
        -10.378406302530493
      ],
      [
        -0.004615045526677458,
        -0.0005739920243143988,
        0.9999891858854989,
        0.9019189071246103
      ],
      [
        0.0,
        0.0,
        0.0,
        1.0
      ]
    ],
    "location": [
      -8.650736772506207,
      -10.378406302530493,
      0.9019189071246103
    ],
    "rotation": [
      -0.0005739981685578524,
      0.0046150619092040265,
      -3.0573387651071413
    ]
  },
  {
    "label_id": "Abp2wF28Amdp-8SvcS3E1g",
    "size": [
      2.19629456892859,
      4.401772619467235,
      1.7100000000000009
    ],
    "obj_class": "vehicle",
    "point_num_in_lidar": 316,
    "speed": 2.897966273212556,
    "if_vehicle": true,
    "motion_state": true,
    "pose": [
      [
        0.9999497500104719,
        -0.008932613853671549,
        -0.004550369626286978,
        7.19312576782977
      ],
      [
        0.008928332452701996,
        0.9999596805028154,
        -0.0009603376080561766,
        0.1590832141591818
      ],
      [
        0.004558764482693567,
        0.0009196621382952609,
        0.9999891858854989,
        0.9441035062119667
      ],
      [
        0.0,
        0.0,
        0.0,
        1.0
      ]
    ],
    "location": [
      7.19312576782977,
      0.1590832141591818,
      0.9441035062119667
    ],
    "rotation": [
      0.0009196718244493922,
      -0.004558780273135294,
      0.008928543858409415
    ]
  },
  {
    "label_id": "BWvewDT0hJdWZfzsS5N52A",
    "size": [
      0.8672735484510554,
      0.9365148916588351,
      1.7102353335570868
    ],
    "obj_class": "pedestrian",
    "point_num_in_lidar": 20,
    "speed": 1.795954541760211,
    "if_vehicle": false,
    "motion_state": true,
    "pose": [
      [
        0.9552320016282436,
        0.29582278005854,
        -0.004550369626286978,
        50.411272596538765
      ],
      [
        -0.29582988067012833,
        0.9552401579992207,
        -0.0009603376080561766,
        15.118659691834182
      ],
      [
        0.004062606059759281,
        0.0022634805191318347,
        0.9999891858854989,
        0.7382803690060058
      ],
      [
        0.0,
        0.0,
        0.0,
        1.0
      ]
    ],
    "location": [
      50.411272596538765,
      15.118659691834182,
      0.7382803690060058
    ],
    "rotation": [
      0.0022635011312906947,
      -0.004062617235237362,
      -0.30032672374921754
    ]
  },
  {
    "label_id": "CrXtAugdGUzqAxQbcnVoJQ",
    "size": [
      0.7861819853720586,
      0.8404087789842696,
      1.06631187150235
    ],
    "obj_class": "sign",
    "point_num_in_lidar": 151,
    "speed": 1.9109379878715777e-27,
    "if_vehicle": false,
    "motion_state": false,
    "pose": [
      [
        0.9230742193070924,
        -0.38459495548806394,
        -0.004550369626286978,
        -15.644044302229304
      ],
      [
        0.3845947260663706,
        0.9230850309877264,
        -0.0009603376080561766,
        -11.45169933966099
      ],
      [
        0.004569719087110603,
        -0.0008635852720948779,
        0.9999891858854989,
        0.5004363529186406
      ],
      [
        0.0,
        0.0,
        0.0,
        1.0
      ]
    ],
    "location": [
      -15.644044302229304,
      -11.45169933966099,
      0.5004363529186406
    ],
    "rotation": [
      -0.0008635943964176122,
      -0.004569734991658987,
      0.3947730899931226
    ]
  },
  {
    "label_id": "Djbr-wq3c_Wu_emcmW1Dog",
    "size": [
      2.459956087835263,
      5.612823795445765,
      2.270518501504405
    ],
    "obj_class": "vehicle",
    "point_num_in_lidar": 486,
    "speed": 1.9109379878715777e-27,
    "if_vehicle": true,
    "motion_state": false,
    "pose": [
      [
        0.6979112484943147,
        0.7161698006488204,
        -0.004550369626286978,
        6.414921689996845
      ],
      [
        -0.716179934826876,
        0.6979150225514924,
        -0.0009603376080561766,
        -4.570807764139317
      ],
      [
        0.0024880065270305456,
        0.003929113841406934,
        0.9999891858854989,
        0.9932142945879079
      ],
      [
        0.0,
        0.0,
        0.0,
        1.0
      ]
    ],
    "location": [
      6.414921689996845,
      -4.570807764139317,
      0.9932142945879079
    ],
    "rotation": [
      0.003929136112149266,
      -0.002488009093904276,
      -0.7983164746730909
    ]
  },
  {
    "label_id": "E75oOBNsjxdruqTnCSuXbg",
    "size": [
      2.504125171029677,
      5.499129799143252,
      2.1400000000000006
    ],
    "obj_class": "vehicle",
    "point_num_in_lidar": 8848,
    "speed": 0.00016297957343393293,
    "if_vehicle": true,
    "motion_state": false,
    "pose": [
      [
        0.6916904051074126,
        0.7221798097555812,
        -0.004550369626286978,
        -24.140816095597984
      ],
      [
        -0.7221899761993998,
        0.6916940913646644,
        -0.0009603376080561766,
        -5.8673196089075645
      ],
      [
        0.0024539273529407997,
        0.0039504876412629255,
        0.9999891858854989,
        0.9804922509412606
      ],
      [
        0.0,
        0.0,
        0.0,
        1.0
      ]
    ],
    "location": [
      -24.140816095597984,
      -5.8673196089075645,
      0.9804922509412606
    ],
    "rotation": [
      0.003950509811375289,
      -0.002453929815774179,
      -0.8069663540417066
    ]
  },
  {
    "label_id": "FLWvnW-tWYdIJ09iJ2iXPw",
    "size": [
      2.1435329259811686,
      4.441836607453283,
      1.8700000000000045
    ],
    "obj_class": "vehicle",
    "point_num_in_lidar": 874,
    "speed": 3.021458254506702e-27,
    "if_vehicle": true,
    "motion_state": false,
    "pose": [
      [
        0.6632439035132444,
        0.7483894832163119,
        -0.004550369626286978,
        -6.64634192752419
      ],
      [
        -0.7483997846143288,
        0.6632471938432193,
        -0.0009603376080561766,
        -5.929621241055429
      ],
      [
        0.002299313319377906,
        0.0040424337120865085,
        0.9999891858854989,
        0.8572257843826137
      ],
      [
        0.0,
        0.0,
        0.0,
        1.0
      ]
    ],
    "location": [
      -6.64634192752419,
      -5.929621241055429,
      0.8572257843826137
    ],
    "rotation": [
      0.004042455407901132,
      -0.002299315345400331,
      -0.8456490704622355
    ]
  },
  {
    "label_id": "G96MfK6U70_2CEKJH1g1gA",
    "size": [
      2.0507676477421524,
      4.751621205894719,
      1.783059185505671
    ],
    "obj_class": "vehicle",
    "point_num_in_lidar": 185,
    "speed": 1.3512372096509692e-27,
    "if_vehicle": true,
    "motion_state": false,
    "pose": [
      [
        -0.9991461349058504,
        0.041064525310348945,
        -0.004550369626286978,
        6.1541660873554065
      ],
      [
        -0.04106056526855446,
        -0.9991561978647309,
        -0.0009603376080561766,
        6.997459129313938
      ],
      [
        -0.0045859658226925564,
        -0.000772676860257854,
        0.9999891858854989,
        0.7219456061412544
      ],
      [
        0.0,
        0.0,
        0.0,
        1.0
      ]
    ],
    "location": [
      6.1541660873554065,
      6.997459129313938,
      0.7219456061412544
    ],
    "rotation": [
      -0.0007726850623890202,
      0.004585981897482302,
      -3.1005201095998562
    ]
  },
  {
    "label_id": "LFIPG3l72B26CH5x5oOo8g",
    "size": [
      2.1565249126457426,
      4.707937795627931,
      1.9600000000000009
    ],
    "obj_class": "vehicle",
    "point_num_in_lidar": 360,
    "speed": 3.821875975743155e-27,
    "if_vehicle": true,
    "motion_state": false,
    "pose": [
      [
        0.6612510464285001,
        0.7501508833118027,
        -0.004550369626286978,
        0.03760671313648345
      ],
      [
        -0.7501611934247595,
        0.6612543093479385,
        -0.0009603376080561766,
        -5.38847581637674
      ],
      [
        0.0022885534195473483,
        0.004048534957631006,
        0.9999891858854989,
        0.804331549353904
      ],
      [
        0.0,
        0.0,
        0.0,
        1.0
      ]
    ],
    "location": [
      0.03760671313648345,
      -5.38847581637674,
      0.804331549353904
    ],
    "rotation": [
      0.004048556619571647,
      -0.002288555417259612,
      -0.8483087850620019
    ]
  },
  {
    "label_id": "LVurOGR3dPZTYlctUjwF1w",
    "size": [
      0.8553806403908346,
      0.9205835426103812,
      1.5600000000000023
    ],
    "obj_class": "pedestrian",
    "point_num_in_lidar": 38,
    "speed": 0.9529960944274453,
    "if_vehicle": false,
    "motion_state": false,
    "pose": [
      [
        0.9953970582856214,
        -0.09572873389215741,
        -0.004550369626286978,
        14.377888149247156
      ],
      [
        0.09572533096959844,
        0.995407323040392,
        -0.0009603376080561766,
        12.261446193362644
      ],
      [
        0.004621403151874871,
        0.0005203315915098392,
        0.9999891858854989,
        0.8269647060092993
      ],
      [
        0.0,
        0.0,
        0.0,
        1.0
      ]
    ],
    "location": [
      14.377888149247156,
      12.261446193362644,
      0.8269647060092993
    ],
    "rotation": [
      0.0005203371715355305,
      -0.0046214196022002375,
      0.09587315800525203
    ]
  },
  {
    "label_id": "MgUHjjRH5WfE7KTO3UAfsQ",
    "size": [
      2.122082204683363,
      4.89751997057426,
      1.4830591855056667
    ],
    "obj_class": "vehicle",
    "point_num_in_lidar": 126,
    "speed": 1.3512372096509692e-27,
    "if_vehicle": true,
    "motion_state": false,
    "pose": [
      [
        -0.9924403776901354,
        0.1226433482359548,
        -0.004550369626286978,
        0.6649122067319695
      ],
      [
        -0.12264022447216405,
        -0.992450730813926,
        -0.0009603376080561766,
        6.701107151930046
      ],
      [
        -0.004633796680770921,
        -0.0003950194660501607,
        0.9999891858854989,
        0.5983309767559462
      ],
      [
        0.0,
        0.0,
        0.0,
        1.0
      ]
    ],
    "location": [
      0.6649122067319695,
      6.701107151930046,
      0.5983309767559462
    ],
    "rotation": [
      -0.00039502371733509913,
      0.004633813263800233,
      -3.018641571880228
    ]
  },
  {
    "label_id": "NeWx86gkt3mp026gu2eoxA",
    "size": [
      0.5823260342821776,
      0.5392474862904848,
      1.6000000000000014
    ],
    "obj_class": "pedestrian",
    "point_num_in_lidar": 28,
    "speed": 3.821874457067055e-27,
    "if_vehicle": false,
    "motion_state": false,
    "pose": [
      [
        -0.13082012538226198,
        0.9913956772808894,
        -0.004550369626286978,
        8.58748079236102
      ],
      [
        -0.991404912439844,
        -0.1308257518297671,
        -0.0009603376080561766,
        -9.519507455072016
      ],
      [
        -0.0015473800808194927,
        0.004385627314622757,
        0.9999891858854989,
        0.8090177420488729
      ],
      [
        0.0,
        0.0,
        0.0,
        1.0
      ]
    ],
    "location": [
      8.58748079236102,
      -9.519507455072016,
      0.8090177420488729
    ],
    "rotation": [
      0.004385646623904448,
      0.0015473806983241298,
      -1.7019926539594437
    ]
  },
  {
    "label_id": "QF5YvxVvE6aYjLIxReCx5Q",
    "size": [
      0.8942793650102029,
      0.8744789879199989,
      1.7367840721700532
    ],
    "obj_class": "pedestrian",
    "point_num_in_lidar": 111,
    "speed": 1.5503836118628227,
    "if_vehicle": false,
    "motion_state": true,
    "pose": [
      [
        -0.9162728727023451,
        0.4005287965752979,
        -0.004550369626286978,
        -22.51864047034178
      ],
      [
        -0.4005287544921878,
        -0.9162836867349627,
        -0.0009603376080561766,
        -10.733379488861829
      ],
      [
        -0.004554072323641768,
        0.0009426225799980738,
        0.9999891858854989,
        0.7814416144885215
      ],
      [
        0.0,
        0.0,
        0.0,
        1.0
      ]
    ],
    "location": [
      -22.51864047034178,
      -10.733379488861829,
      0.7814416144885215
    ],
    "rotation": [
      0.0009426324945427965,
      0.004554088065375896,
      -2.7294942834467886
    ]
  },
  {
    "label_id": "QW1tucFe0_KIKeMl_mj7oA",
    "size": [
      0.8567916109083968,
      0.8546136710356222,
      1.5100000000000051
    ],
    "obj_class": "pedestrian",
    "point_num_in_lidar": 23,
    "speed": 1.3532716398139262,
    "if_vehicle": false,
    "motion_state": true,
    "pose": [
      [
        0.9649042176337628,
        -0.2625626495311936,
        -0.004550369626286978,
        -20.169322390538582
      ],
      [
        0.2625610301752147,
        0.9649149098158908,
        -0.0009603376080561766,
        -11.035077610562439
      ],
      [
        0.004642868284393347,
        -0.00026811592839019174,
        0.9999891858854989,
        0.6745375173169492
      ],
      [
        0.0,
        0.0,
        0.0,
        1.0
      ]
    ],
    "location": [
      -20.169322390538582,
      -11.035077610562439,
      0.6745375173169492
    ],
    "rotation": [
      -0.00026811882143308054,
      -0.004642884965008086,
      0.265678331134117
    ]
  },
  {
    "label_id": "V7YN8qOnLzj6EqMtbCjrbw",
    "size": [
      2.361603872962684,
      4.897855298287807,
      1.8405185015044054
    ],
    "obj_class": "vehicle",
    "point_num_in_lidar": 337,
    "speed": 2.7024744193019384e-27,
    "if_vehicle": true,
    "motion_state": false,
    "pose": [
      [
        0.691008348769929,
        0.7228324536616493,
        -0.004550369626286978,
        2.9910673179329024
      ],
      [
        -0.7228426235808179,
        0.6910120254282689,
        -0.0009603376080561766,
        -4.770993855847337
      ],
      [
        0.002450196942333035,
        0.003952802423732307,
        0.9999891858854989,
        0.8832534603731759
      ],
      [
        0.0,
        0.0,
        0.0,
        1.0
      ]
    ],
    "location": [
      2.9910673179329024,
      -4.770993855847337,
      0.8832534603731759
    ],
    "rotation": [
      0.003952824582730172,
      -0.002450199393951612,
      -0.807910364039661
    ]
  },
  {
    "label_id": "VA6JXxlf-ko9AI21ezS-gA",
    "size": [
      0.7480685522285249,
      0.7246482329219848,
      1.759999999999998
    ],
    "obj_class": "pedestrian",
    "point_num_in_lidar": 26,
    "speed": 0.9169477781390271,
    "if_vehicle": false,
    "motion_state": false,
    "pose": [
      [
        0.998961046331081,
        -0.0453444820168464,
        -0.004550369626286978,
        -3.540958121782751
      ],
      [
        0.04534056512102067,
        0.9989711261624057,
        -0.0009603376080561766,
        -10.728674897669407
      ],
      [
        0.004589233881425712,
        0.0007530235314095064,
        0.9999891858854989,
        0.8537515992675111
      ],
      [
        0.0,
        0.0,
        0.0,
        1.0
      ]
    ],
    "location": [
      -3.540958121782751,
      -10.728674897669407,
      0.8537515992675111
    ],
    "rotation": [
      0.0007530315324430892,
      -0.004589249990605902,
      0.04535659240778857
    ]
  },
  {
    "label_id": "X1k3ar-6VxCGzHvtOE0rKw",
    "size": [
      2.321696450277747,
      6.372934033764432,
      2.273059185505666
    ],
    "obj_class": "vehicle",
    "point_num_in_lidar": 4626,
    "speed": 1.3512372096509692e-27,
    "if_vehicle": true,
    "motion_state": false,
    "pose": [
      [
        -0.9989991457084585,
        0.04449720227198855,
        -0.004550369626286978,
        -11.612414450537472
      ],
      [
        -0.044493276828416924,
        -0.9990092222140636,
        -0.0009603376080561766,
        6.003289864413091
      ],
      [
        -0.004588593557938527,
        -0.0007569155945858181,
        0.9999891858854989,
        0.944235985599235
      ],
      [
        0.0,
        0.0,
        0.0,
        1.0
      ]
    ],
    "location": [
      -11.612414450537472,
      6.003289864413091,
      0.944235985599235
    ],
    "rotation": [
      -0.0007569236354906029,
      0.004588609660376603,
      -3.09708421459084
    ]
  },
  {
    "label_id": "YoCJlxDeJXwOZIj1uoslgg",
    "size": [
      1.9479609049787179,
      4.487277266717799,
      1.8100000000000023
    ],
    "obj_class": "vehicle",
    "point_num_in_lidar": 322,
    "speed": 5.630146084176727e-27,
    "if_vehicle": true,
    "motion_state": false,
    "pose": [
      [
        0.681346475727632,
        0.7319469066467864,
        -0.004550369626286978,
        -9.929016223912186
      ],
      [
        -0.731957124503498,
        0.6813500169811763,
        -0.0009603376080561766,
        -6.11740815097437
      ],
      [
        0.002397478280587969,
        0.003984998111842854,
        0.9999891858854989,
        0.8217064934485094
      ],
      [
        0.0,
        0.0,
        0.0,
        1.0
      ]
    ],
    "location": [
      -9.929016223912186,
      -6.11740815097437,
      0.8217064934485094
    ],
    "rotation": [
      0.003985020111849165,
      -0.0023974805773389857,
      -0.8211930425459403
    ]
  },
  {
    "label_id": "YouvLLdH3acJBBBG3rStCg",
    "size": [
      0.8365938555546062,
      0.8002795032732734,
      1.8200000000000074
    ],
    "obj_class": "pedestrian",
    "point_num_in_lidar": 90,
    "speed": 1.263876192795603,
    "if_vehicle": false,
    "motion_state": true,
    "pose": [
      [
        -0.9907262951820275,
        0.13579654697803725,
        -0.004550369626286978,
        -8.647341300777043
      ],
      [
        -0.13579356081559313,
        -0.9907366888294288,
        -0.0009603376080561766,
        -9.500923072664591
      ],
      [
        -0.004638628667604743,
        -0.00033352082597283724,
        0.9999891858854989,
        0.8647945673029582
      ],
      [
        0.0,
        0.0,
        0.0,
        1.0
      ]
    ],
    "location": [
      -8.647341300777043,
      -9.500923072664591,
      0.8647945673029582
    ],
    "rotation": [
      -0.0003335244203773182,
      0.004638645302565389,
      -3.0053767802197773
    ]
  },
  {
    "label_id": "aKdb2hW6WTmxEyp8LsOQ6w",
    "size": [
      0.8134728679701863,
      0.7413293880754128,
      1.7800000000000011
    ],
    "obj_class": "pedestrian",
    "point_num_in_lidar": 26,
    "speed": 0.7133777158567989,
    "if_vehicle": false,
    "motion_state": false,
    "pose": [
      [
        0.3200986006945311,
        0.9473733054977153,
        -0.004550369626286978,
        -1.3714215636719018
      ],
      [
        -0.9473840756959119,
        0.3200976270913006,
        -0.0009603376080561766,
        -6.0718198908434715
      ],
      [
        0.0005467643056248406,
        0.0046183504470077566,
        0.9999891858854989,
        0.700557031931524
      ],
      [
        0.0,
        0.0,
        0.0,
        1.0
      ]
    ],
    "location": [
      -1.3714215636719018,
      -6.0718198908434715,
      0.700557031931524
    ],
    "rotation": [
      0.004618367555093496,
      -0.0005467643328674856,
      -1.2449627140519244
    ]
  },
  {
    "label_id": "bof1aeoD2plQ-sVhmz6tng",
    "size": [
      2.077745050211179,
      4.382102305572195,
      1.6253959798867612
    ],
    "obj_class": "vehicle",
    "point_num_in_lidar": 25,
    "speed": 1.3512372096509692e-27,
    "if_vehicle": true,
    "motion_state": false,
    "pose": [
      [
        -0.9976897228266247,
        0.06778282306305013,
        -0.004550369626286978,
        53.8632550024995
      ],
      [
        -0.0677791336819234,
        -0.9976998881372127,
        -0.0009603376080561766,
        6.976519427073072
      ],
      [
        -0.004604997661297153,
        -0.0006496988507992817,
        0.9999891858854989,
        0.7469904129052125
      ],
      [
        0.0,
        0.0,
        0.0,
        1.0
      ]
    ],
    "location": [
      53.8632550024995,
      6.976519427073072,
      0.7469904129052125
    ],
    "rotation": [
      -0.0006497057853755927,
      0.004605013937051858,
      -3.0737607956505766
    ]
  },
  {
    "label_id": "c3SCJxumyZ0SBk4CZmOJ6g",
    "size": [
      0.967340961472402,
      1.0650027170117071,
      1.9586854736991413
    ],
    "obj_class": "pedestrian",
    "point_num_in_lidar": 47,
    "speed": 1.1429162155306198,
    "if_vehicle": false,
    "motion_state": true,
    "pose": [
      [
        0.9997858223761618,
        -0.020189192947865062,
        -0.004550369626286978,
        18.622722150961636
      ],
      [
        0.020185023612819472,
        0.9997958004379837,
        -0.0009603376080561766,
        11.029842885007383
      ],
      [
        0.004568828884066416,
        0.0008682826068755413,
        0.9999891858854989,
        1.0083531679585533
      ],
      [
        0.0,
        0.0,
        0.0,
        1.0
      ]
    ],
    "location": [
      18.622722150961636,
      11.029842885007383,
      1.0083531679585533
    ],
    "rotation": [
      0.0008682917784739639,
      -0.004568844779321707,
      0.02018660526495187
    ]
  },
  {
    "label_id": "ekvD_FAbJ7D8_7ORMyIEHA",
    "size": [
      2.0245351076203946,
      4.39139231476018,
      1.4000000000000057
    ],
    "obj_class": "vehicle",
    "point_num_in_lidar": 1413,
    "speed": 5.943484302519659,
    "if_vehicle": true,
    "motion_state": true,
    "pose": [
      [
        -0.9983850210886605,
        0.05662723551489342,
        -0.004550369626286978,
        -9.740089733692002
      ],
      [
        -0.05662343274476661,
        -0.9983951445273948,
        -0.0009603376080561766,
        2.831343169338652
      ],
      [
        -0.004597448204595062,
        -0.0007011291345735101,
        0.9999891858854989,
        0.6633395994151954
      ],
      [
        0.0,
        0.0,
        0.0,
        1.0
      ]
    ],
    "location": [
      -9.740089733692002,
      2.831343169338652,
      0.6633395994151954
    ],
    "rotation": [
      -0.0007011366018550503,
      0.004597464400432753,
      -3.0849383199241394
    ]
  },
  {
    "label_id": "gLdCcd_k3Lp-3dE0ol5ezA",
    "size": [
      2.1350699741361363,
      4.396070169772625,
      1.8305185015044074
    ],
    "obj_class": "vehicle",
    "point_num_in_lidar": 38,
    "speed": 1.9109379878715777e-27,
    "if_vehicle": true,
    "motion_state": false,
    "pose": [
      [
        0.6805989032536666,
        0.7326420865785492,
        -0.004550369626286978,
        19.920081230251526
      ],
      [
        -0.732652308045071,
        0.6806024340743347,
        -0.0009603376080561766,
        -3.9800986740228836
      ],
      [
        0.002393408894602708,
        0.003987443531953625,
        0.9999891858854989,
        0.8926192044561532
      ],
      [
        0.0,
        0.0,
        0.0,
        1.0
      ]
    ],
    "location": [
      19.920081230251526,
      -3.9800986740228836,
      0.8926192044561532
    ],
    "rotation": [
      0.003987465519547012,
      -0.002393411179678298,
      -0.8222139004355301
    ]
  },
  {
    "label_id": "h1TzLRBOnGUWaFDlLPUWwg",
    "size": [
      2.216842437481397,
      4.65169111394828,
      1.5400000000000063
    ],
    "obj_class": "vehicle",
    "point_num_in_lidar": 3392,
    "speed": 1.9109379878715777e-27,
    "if_vehicle": true,
    "motion_state": false,
    "pose": [
      [
        0.6180979241185806,
        0.786087940587162,
        -0.004550369626286978,
        -16.93896119434794
      ],
      [
        -0.7860984176094894,
        0.6181006031250378,
        -0.0009603376080561766,
        -5.680538477216032
      ],
      [
        0.002057676397864553,
        0.004170621044755003,
        0.9999891858854989,
        0.6143415645749215
      ],
      [
        0.0,
        0.0,
        0.0,
        1.0
      ]
    ],
    "location": [
      -16.93896119434794,
      -5.680538477216032,
      0.6143415645749215
    ],
    "rotation": [
      0.0041706419649122275,
      -0.0020576778499119927,
      -0.9044739000769337
    ]
  },
  {
    "label_id": "knugsf_-ZcL72Hv_f2P2Rw",
    "size": [
      0.760224233301496,
      0.9862085662898608,
      1.7675343397518546
    ],
    "obj_class": "pedestrian",
    "point_num_in_lidar": 171,
    "speed": 0.6794741889168123,
    "if_vehicle": false,
    "motion_state": false,
    "pose": [
      [
        -0.8362405496508308,
        0.5483439041841721,
        -0.004550369626286978,
        -10.317739758269454
      ],
      [
        -0.5483456740210918,
        -0.8362512179566814,
        -0.0009603376080561766,
        11.740158675478597
      ],
      [
        -0.004331847415471988,
        0.0016921022505601757,
        0.9999891858854989,
        0.8574679038779607
      ],
      [
        0.0,
        0.0,
        0.0,
        1.0
      ]
    ],
    "location": [
      -10.317739758269454,
      11.740158675478597,
      0.8574679038779607
    ],
    "rotation": [
      0.0016921189343478836,
      0.00433186096336845,
      -2.561201812476215
    ]
  },
  {
    "label_id": "m0tgylL49ebYatJ_PJXt6Q",
    "size": [
      0.8365244236514492,
      0.9456056770708878,
      1.8064762292254386
    ],
    "obj_class": "pedestrian",
    "point_num_in_lidar": 316,
    "speed": 1.146944463357811,
    "if_vehicle": false,
    "motion_state": true,
    "pose": [
      [
        -0.9989011184139291,
        0.04664600484141743,
        -0.004550369626286978,
        -16.645325982754002
      ],
      [
        -0.04664210108207957,
        -0.9989112033400804,
        -0.0009603376080561766,
        10.008632670804218
      ],
      [
        -0.004590211111751261,
        -0.0007470435106721703,
        0.9999891858854989,
        0.8274636446881374
      ],
      [
        0.0,
        0.0,
        0.0,
        1.0
      ]
    ],
    "location": [
      -16.645325982754002,
      10.008632670804218,
      0.8274636446881374
    ],
    "rotation": [
      -0.0007470514504006122,
      0.004590227231224563,
      -3.0949331324753246
    ]
  },
  {
    "label_id": "oA3p3mCZ9TFc3cKKKJR0Eg",
    "size": [
      2.4832522447961236,
      6.364256730082237,
      2.1899999999999977
    ],
    "obj_class": "vehicle",
    "point_num_in_lidar": 10618,
    "speed": 1.9109379878715777e-27,
    "if_vehicle": true,
    "motion_state": false,
    "pose": [
      [
        -0.6871367489886152,
        -0.7265138555634166,
        -0.004550369626286978,
        -20.533097386774898
      ],
      [
        0.726524044980024,
        -0.6871403712616095,
        -0.0009603376080561766,
        -6.012599790177774
      ],
      [
        -0.0024290440961129436,
        -0.00396583620897548,
        0.9999891858854989,
        0.9932023412954507
      ],
      [
        0.0,
        0.0,
        0.0,
        1.0
      ]
    ],
    "location": [
      -20.533097386774898,
      -6.012599790177774,
      0.9932023412954507
    ],
    "rotation": [
      -0.003965858304599758,
      0.002429046484782637,
      2.328339782072239
    ]
  },
  {
    "label_id": "oBgkabLveCc0Yw1MvBSHOA",
    "size": [
      0.8283111702721292,
      0.7942693187629959,
      1.8171851638005094
    ],
    "obj_class": "pedestrian",
    "point_num_in_lidar": 43,
    "speed": 1.0840155132135858,
    "if_vehicle": false,
    "motion_state": true,
    "pose": [
      [
        0.989111609990578,
        0.14709696502005337,
        -0.004550369626286978,
        8.743256670313713
      ],
      [
        -0.14710274249597644,
        0.9891207514261547,
        -0.0009603376080561766,
        -8.830195988448395
      ],
      [
        0.004359602276480046,
        0.0016192529290361512,
        0.9999891858854989,
        0.9593401109491282
      ],
      [
        0.0,
        0.0,
        0.0,
        1.0
      ]
    ],
    "location": [
      8.743256670313713,
      -8.830195988448395,
      0.9593401109491282
    ],
    "rotation": [
      0.0016192690247521194,
      -0.004359616086460888,
      -0.14763992084114472
    ]
  },
  {
    "label_id": "sqvXmr-ydIRBcFMzCwocWw",
    "size": [
      2.393271040025216,
      5.524074241577592,
      2.1600000000000037
    ],
    "obj_class": "vehicle",
    "point_num_in_lidar": 6050,
    "speed": 1.3512372096509692e-27,
    "if_vehicle": true,
    "motion_state": false,
    "pose": [
      [
        0.6866089015481714,
        0.7270127305976681,
        -0.004550369626286978,
        -13.826936195604503
      ],
      [
        -0.7270229226424408,
        0.6866125164196485,
        -0.0009603376080561766,
        -5.227701568699558
      ],
      [
        0.002426163073015884,
        0.0039675993749894,
        0.9999891858854989,
        0.9613972597843343
      ],
      [
        0.0,
        0.0,
        0.0,
        1.0
      ]
    ],
    "location": [
      -13.826936195604503,
      -5.227701568699558,
      0.9613972597843343
    ],
    "rotation": [
      0.003967621461937347,
      -0.002426165453196231,
      -0.8139791668943159
    ]
  },
  {
    "label_id": "tLLaYUgBVODgrVjxYBagwA",
    "size": [
      0.7770444605792448,
      0.11190182437167095,
      0.7800000000000011
    ],
    "obj_class": "sign",
    "point_num_in_lidar": 25,
    "speed": 0.01016606071710833,
    "if_vehicle": false,
    "motion_state": false,
    "pose": [
      [
        -0.9948171681553788,
        0.10157802951217741,
        -0.004550369626286978,
        31.690361168315576
      ],
      [
        -0.10157468698469115,
        -0.994827452735217,
        -0.0009603376080561766,
        -1.9739643526481814
      ],
      [
        -0.004624381826215561,
        -0.0004931579692648097,
        0.9999891858854989,
        3.0986449694840914
      ],
      [
        0.0,
        0.0,
        0.0,
        1.0
      ]
    ],
    "location": [
      31.690361168315576,
      -1.9739643526481814,
      3.0986449694840914
    ],
    "rotation": [
      -0.0004931632624084794,
      0.004624398308370264,
      -3.039841394168578
    ]
  },
  {
    "label_id": "tX6UTCnyT-2fkHW2Wo8DoA",
    "size": [
      2.123208825961002,
      4.640056433527341,
      1.5805185015044074
    ],
    "obj_class": "vehicle",
    "point_num_in_lidar": 485,
    "speed": 1.3512372096509692e-27,
    "if_vehicle": true,
    "motion_state": false,
    "pose": [
      [
        0.5357842010707375,
        0.8443426934718247,
        -0.004550369626286978,
        -3.2876691988276434
      ],
      [
        -0.8443533870380386,
        0.5357858112614319,
        -0.0009603376080561766,
        -5.612594531834475
      ],
      [
        0.001627169439131106,
        0.004356653724320986,
        0.9999891858854989,
        0.6901095054474098
      ],
      [
        0.0,
        0.0,
        0.0,
        1.0
      ]
    ],
    "location": [
      -3.2876691988276434,
      -5.612594531834475,
      0.6901095054474098
    ],
    "rotation": [
      0.0043566732738795815,
      -0.0016271701571693954,
      -1.005359255413867
    ]
  },
  {
    "label_id": "vyfYxP7tRhBk2mf_1uLF-g",
    "size": [
      3.013943286582366,
      7.3350699148041585,
      3.2099999999999795
    ],
    "obj_class": "vehicle",
    "point_num_in_lidar": 27184,
    "speed": 0.006774835630660949,
    "if_vehicle": true,
    "motion_state": false,
    "pose": [
      [
        -0.9993216526537609,
        0.03654488573822959,
        -0.004550369626286978,
        -22.69306896915805
      ],
      [
        -0.03654088022135877,
        -0.9993316975981132,
        -0.0009603376080561766,
        5.201473811313917
      ],
      [
        -0.004582424031492796,
        -0.0007934116541111965,
        0.9999891858854989,
        1.3437145936788681
      ],
      [
        0.0,
        0.0,
        0.0,
        1.0
      ]
    ],
    "location": [
      -22.69306896915805,
      5.201473811313917,
      1.3437145936788681
    ],
    "rotation": [
      -0.0007934200677583637,
      0.004582440069066859,
      -3.1050432527795477
    ]
  },
  {
    "label_id": "wTQzq1o08FxvUHUSEzkiqA",
    "size": [
      0.43332059858286354,
      0.4330533622057063,
      1.6430004366206958
    ],
    "obj_class": "pedestrian",
    "point_num_in_lidar": 29,
    "speed": 0.20462848584175472,
    "if_vehicle": false,
    "motion_state": false,
    "pose": [
      [
        -0.722040714619169,
        0.6918356022701521,
        -0.004550369626286978,
        7.456893768401642
      ],
      [
        -0.6918392905715307,
        -0.7220508803215738,
        -0.0009603376080561766,
        -9.903681081123068
      ],
      [
        -0.003949994141901286,
        0.002454721641292079,
        0.9999891858854989,
        0.8453832904271295
      ],
      [
        0.0,
        0.0,
        0.0,
        1.0
      ]
    ],
    "location": [
      7.456893768401642,
      -9.903681081123068,
      0.8453832904271295
    ],
    "rotation": [
      0.002454743256639941,
      0.003950004413573537,
      -2.377551912163502
    ]
  },
  {
    "label_id": "xZ3xAFKzkG5ksRUdYiaIQw",
    "size": [
      2.16151229963882,
      5.133410977253657,
      1.5200000000000031
    ],
    "obj_class": "vehicle",
    "point_num_in_lidar": 399,
    "speed": 0.004699638385770983,
    "if_vehicle": true,
    "motion_state": false,
    "pose": [
      [
        -0.9970624381382028,
        0.07645775689991503,
        -0.004550369626286978,
        -5.006181728778756
      ],
      [
        -0.07645415607205779,
        -0.9970726351530202,
        -0.0009603376080561766,
        6.18703736475436
      ],
      [
        -0.004610474293580827,
        -0.0006096218873306053,
        0.9999891858854989,
        0.5717183735530824
      ],
      [
        0.0,
        0.0,
        0.0,
        1.0
      ]
    ],
    "location": [
      -5.006181728778756,
      6.18703736475436,
      0.5717183735530824
    ],
    "rotation": [
      -0.0006096284044006323,
      0.004610490627474286,
      -3.0650630038247946
    ]
  },
  {
    "label_id": "yFEZzq_JFJMXKRuz8eAFkw",
    "size": [
      0.8278727131127188,
      0.8713122677734411,
      1.6332963406572247
    ],
    "obj_class": "pedestrian",
    "point_num_in_lidar": 205,
    "speed": 0.8129840848386772,
    "if_vehicle": false,
    "motion_state": false,
    "pose": [
      [
        -0.9439085081390775,
        0.3301757447162426,
        -0.004550369626286978,
        -10.500024243912776
      ],
      [
        -0.33017488593675837,
        -0.9439192881005913,
        -0.0009603376080561766,
        11.055230377300177
      ],
      [
        -0.004612261843158322,
        0.0005959469333992373,
        0.9999891858854989,
        0.7689565492536516
      ],
      [
        0.0,
        0.0,
        0.0,
        1.0
      ]
    ],
    "location": [
      -10.500024243912776,
      11.055230377300177,
      0.7689565492536516
    ],
    "rotation": [
      0.0005959533075543014,
      0.004612278196057952,
      -2.8051000875572307
    ]
  },
  {
    "label_id": "yYqdzUdhWn2-FkOmqxCX9w",
    "size": [
      0.538679149236478,
      0.09662513448970497,
      0.46999999999999886
    ],
    "obj_class": "sign",
    "point_num_in_lidar": 44,
    "speed": 0.04532668840254379,
    "if_vehicle": false,
    "motion_state": false,
    "pose": [
      [
        0.9915079833860468,
        0.12996619952125604,
        -0.004550369626286978,
        -18.400023965856235
      ],
      [
        -0.12997181801254143,
        0.9915172233875685,
        -0.0009603376080561766,
        -9.919796604954172
      ],
      [
        0.004386958428066797,
        0.0015436022180911266,
        0.9999891858854989,
        2.625632377572117
      ],
      [
        0.0,
        0.0,
        0.0,
        1.0
      ]
    ],
    "location": [
      -18.400023965856235,
      -9.919796604954172,
      2.625632377572117
    ],
    "rotation": [
      0.0015436176849404017,
      -0.004386972499653392,
      -0.13034181796712108
    ]
  },
  {
    "label_id": "y_AYZqAudv3jy1UANNLofA",
    "size": [
      0.3702763234614395,
      0.09389329663093805,
      0.6300000000000026
    ],
    "obj_class": "sign",
    "point_num_in_lidar": 20,
    "speed": 0.006345947789584504,
    "if_vehicle": false,
    "motion_state": false,
    "pose": [
      [
        0.9999896470145399,
        -7.744862415057104e-15,
