[
  {
    "label_id": "-63IzPn79Isi9S29BXuq1g",
    "size": [
      0.8937512568235702,
      0.9993915433078087,
      1.7256935869875178
    ],
    "obj_class": "pedestrian",
    "point_num_in_lidar": 26,
    "speed": 1.3134616904828031,
    "if_vehicle": false,
    "motion_state": true,
    "pose": [
      [
        0.9990928657800542,
        -0.04234413338587414,
        0.004518840027915143,
        64.42517812629376
      ],
      [
        0.042361839560364135,
        0.999094733253208,
        -0.003897247074935381,
        13.708334811854002
      ],
      [
        -0.004349723722325027,
        0.004085138125011617,
        0.9999821956165215,
        0.9424088972388986
      ],
      [
        0.0,
        0.0,
        0.0,
        1.0
      ]
    ],
    "location": [
      64.42517812629376,
      13.708334811854002,
      0.9424088972388986
    ],
    "rotation": [
      0.004085188133943028,
      0.0043497374386405425,
      0.042374920813384495
    ]
  },
  {
    "label_id": "5v-HhV-BedTvNkAgrUmSsA",
    "size": [
      2.122837831403961,
      5.033050925192189,
      1.480000000000004
    ],
    "obj_class": "vehicle",
    "point_num_in_lidar": 494,
    "speed": 0.003062681529434438,
    "if_vehicle": true,
    "motion_state": false,
    "pose": [
      [
        -0.9947523069823272,
        0.10221265987215129,
        0.004518840027915143,
        12.431311706081033
      ],
      [
        -0.10223044619457032,
        -0.9947531087340697,
        -0.003897247074935381,
        7.39388703291479
      ],
      [
        0.004096782175932433,
        -0.004338758551007747,
        0.9999821956165215,
        0.6239304453928227
      ],
      [
        0.0,
        0.0,
        0.0,
        1.0
      ]
    ],
    "location": [
      12.431311706081033,
      7.39388703291479,
      0.6239304453928227
    ],
    "rotation": [
      -0.004338808574699569,
      -0.004096793635827729,
      -3.0391824327715784
    ]
  },
  {
    "label_id": "7igbE48KGSRL1PidJzMz3A",
    "size": [
      0.8269040431432777,
      0.8391242999262727,
      1.759999999999998
    ],
    "obj_class": "pedestrian",
    "point_num_in_lidar": 68,
    "speed": 5.796914039811764e-12,
    "if_vehicle": false,
    "motion_state": false,
    "pose": [
      [
        0.999714084939242,
        -0.023480384555966963,
        0.004518840027915143,
        4.197106989908207
      ],
      [
        0.02349805233125247,
        0.9997162862541925,
        -0.003897247074935381,
        -10.807025560752663
      ],
      [
        -0.004426049110855018,
        0.004002316732753672,
        0.9999821956165215,
        0.9192914644045871
      ],
      [
        0.0,
        0.0,
        0.0,
        1.0
      ]
    ],
    "location": [
      4.197106989908207,
      -10.807025560752663,
      0.9192914644045871
    ],
    "rotation": [
      0.0040023666214457024,
      0.004426063561966908,
      0.023500445539471386
    ]
  },
  {
    "label_id": "9KGiqkmEBgSGNEolhIVz1A",
    "size": [
      0.6676860044014086,
      0.8747499668482639,
      1.6388978100247868
    ],
    "obj_class": "pedestrian",
    "point_num_in_lidar": 22,
    "speed": 0.8351366328019246,
    "if_vehicle": false,
    "motion_state": false,
    "pose": [
      [
        -0.14693665250959614,
        -0.9891355823313992,
        0.004518840027915143,
        34.358304408960976
      ],
      [
        0.9891355817401885,
        -0.14695445689306483,
        -0.003897247074935381,
        4.372782812228252
      ],
      [
        0.0045189694370444625,
        0.003897097020608875,
        0.9999821956165215,
        0.7989662730929012
      ],
      [
        0.0,
        0.0,
        0.0,
        1.0
      ]
    ],
    "location": [
      34.358304408960976,
      4.372782812228252,
      0.7989662730929012
    ],
    "rotation": [
      0.0038971466775015004,
      -0.0045189848175621284,
      1.7182684364831484
    ]
  },
  {
    "label_id": "Abp2wF28Amdp-8SvcS3E1g",
    "size": [
      2.1962945689267332,
      4.401772619467235,
      1.7100000000000009
    ],
    "obj_class": "vehicle",
    "point_num_in_lidar": 642,
    "speed": 1.4203101450076896,
    "if_vehicle": true,
    "motion_state": true,
    "pose": [
      [
        0.9993727554164508,
        0.03512372155869866,
        0.004518840027915143,
        13.732792186558072
      ],
      [
        -0.03510621307873093,
        0.9993759879387275,
        -0.003897247074935381,
        0.08005105896882014
      ],
      [
        -0.004652906038340247,
        0.003736163186928188,
        0.9999821956165215,
        0.9441012303894567
      ],
      [
        0.0,
        0.0,
        0.0,
        1.0
      ]
    ],
    "location": [
      13.732792186558072,
      0.08005105896882014,
      0.9441012303894567
    ],
    "rotation": [
      0.0037362123231498077,
      0.004652922827378857,
      -0.03511380842456248
    ]
  },
  {
    "label_id": "BWvewDT0hJdWZfzsS5N52A",
    "size": [
      0.8672735484512654,
      0.9365148916588351,
      1.7102353335570868
    ],
    "obj_class": "pedestrian",
    "point_num_in_lidar": 31,
    "speed": 1.7192482335880264,
    "if_vehicle": false,
    "motion_state": true,
    "pose": [
      [
        0.9966689771274607,
        0.08142806712984893,
        0.004518840027915143,
        55.184411698486656
      ],
      [
        -0.08141072738014825,
        0.9966730180619279,
        -0.003897247074935381,
        14.161199495298206
      ],
      [
        -0.0048211512252006785,
        0.003516383202201734,
        0.9999821956165215,
        0.8286007205869694
      ],
      [
        0.0,
        0.0,
        0.0,
        1.0
      ]
    ],
    "location": [
      55.184411698486656,
      14.161199495298206,
      0.8286007205869694
    ],
    "rotation": [
      0.003516431316383005,
      0.004821169902133422,
      -0.08150187368726496
    ]
  },
  {
    "label_id": "BwHI89zywx_VtSBIHs_eSQ",
    "size": [
      0.6504492240976059,
      0.6017498360048931,
      1.4099999999999966
    ],
    "obj_class": "pedestrian",
    "point_num_in_lidar": 48,
    "speed": 1.6077746776921857e-12,
    "if_vehicle": false,
    "motion_state": false,
    "pose": [
      [
        -0.9976076123575216,
        0.06898283736645652,
        0.004518840027915143,
        7.4717616247799015
      ],
      [
        -0.06900058705935878,
        -0.9976090068011118,
        -0.003897247074935381,
        -11.707867518489365
      ],
      [
        0.004239192350994368,
        -0.004199725963947095,
        0.9999821956165215,
        0.9411717683845495
      ],
      [
        0.0,
        0.0,
        0.0,
        1.0
      ]
    ],
    "location": [
      7.4717616247799015,
      -11.707867518489365,
      0.9411717683845495
    ],
    "rotation": [
      -0.0041997760465861,
      -0.004239205048009302,
      -3.0725365745062403
    ]
  },
  {
    "label_id": "C4NxoX3efnXfwLAduEGZxw",
    "size": [
      2.0028314749616616,
      4.45394267847577,
      1.5900000000000034
    ],
    "obj_class": "vehicle",
    "point_num_in_lidar": 77,
    "speed": 6.431098710768743e-12,
    "if_vehicle": true,
    "motion_state": false,
    "pose": [
      [
        0.5637901207081867,
        0.8259057330450311,
        0.004518840027915143,
        16.627299012507137
      ],
      [
        -0.8258979641408749,
        0.5638061407019215,
        -0.003897247074935381,
        -4.547454089850362
      ],
      [
        -0.00576650845887031,
        -0.0015348713805259648,
        0.9999821956165215,
        0.6528784552083735
      ],
      [
        0.0,
        0.0,
        0.0,
        1.0
      ]
    ],
    "location": [
      16.627299012507137,
      -4.547454089850362,
      0.6528784552083735
    ],
    "rotation": [
      -0.001534897503089733,
      0.005766540417934103,
      -0.9718173472379713
    ]
  },
  {
    "label_id": "DV-QVxiC5bGWoAdie1BT7w",
    "size": [
      2.1232088259628537,
      4.640056433527341,
      1.5305185015044103
    ],
    "obj_class": "vehicle",
    "point_num_in_lidar": 62,
    "speed": 0.024292106036461314,
    "if_vehicle": true,
    "motion_state": false,
    "pose": [
      [
        0.9991742435700349,
        -0.04037834903820115,
        0.004518840027915143,
        23.41833246590977
      ],
      [
        0.040396051504191295,
        0.9991761458762451,
        -0.003897247074935381,
        1.0416653850406874
      ],
      [
        -0.004357752760243708,
        0.004076572192610953,
        0.9999821956165215,
        0.8342322419585315
      ],
      [
        0.0,
        0.0,
        0.0,
        1.0
      ]
    ],
    "location": [
      23.41833246590977,
      1.0416653850406874,
      0.8342322419585315
    ],
    "rotation": [
      0.004076622191685517,
      0.004357766552655681,
      0.04040743011471202
    ]
  },
  {
    "label_id": "Djbr-wq3c_Wu_emcmW1Dog",
    "size": [
      2.4599560878352604,
      5.612823795445765,
      2.270518501504405
    ],
    "obj_class": "vehicle",
    "point_num_in_lidar": 2330,
    "speed": 3.5950934718225418e-12,
    "if_vehicle": true,
    "motion_state": false,
    "pose": [
      [
        0.6979113482797243,
        0.7161699030447869,
        0.004518840027915143,
        6.414921689989569
      ],
      [
        -0.7161594850552144,
        0.6979257864778223,
        -0.003897247074935381,
        -4.570807764153869
      ],
      [
        -0.005944906040248193,
        -0.0005162771867912358,
        0.9999821956165215,
        0.9896054347672134
      ],
      [
        0.0,
        0.0,
        0.0,
        1.0
      ]
    ],
    "location": [
      6.414921689989569,
      -4.570807764153869,
      0.9896054347672134
    ],
    "rotation": [
      -0.0005162863330795943,
      0.005944941058192002,
      -0.7983021307852431
    ]
  },
  {
    "label_id": "FLWvnW-tWYdIJ09iJ2iXPw",
    "size": [
      2.143532925981169,
      4.441836607453283,
      1.8700000000000045
    ],
    "obj_class": "vehicle",
    "point_num_in_lidar": 5899,
    "speed": 4.687428401686771e-12,
    "if_vehicle": true,
    "motion_state": false,
    "pose": [
      [
        0.6632439983420134,
        0.748389590218959,
        0.004518840027915143,
        -6.646341927531466
      ],
      [
        -0.7483798670431391,
        0.6632589132983667,
        -0.003897247074935381,
        -5.929621241055429
      ],
      [
        -0.005913820067677086,
        -0.0007969831667734908,
        0.9999821956165215,
        0.8572257843826492
      ],
      [
        0.0,
        0.0,
        0.0,
        1.0
      ]
    ],
    "location": [
      -6.646341927531466,
      -5.929621241055429,
      0.8572257843826492
    ],
    "rotation": [
      -0.0007969971880679486,
      0.005913854539155084,
      -0.8456357890173828
    ]
  },
  {
    "label_id": "G96MfK6U70_2CEKJH1g1gA",
    "size": [
      2.0507676477421533,
      4.751621205894719,
      1.783059185505671
    ],
    "obj_class": "vehicle",
    "point_num_in_lidar": 1069,
    "speed": 1.1368683772161603e-12,
    "if_vehicle": true,
    "motion_state": false,
    "pose": [
      [
        -0.9991462777609864,
        0.04106453118163891,
        0.004518840027915143,
        6.1541660873481305
      ],
      [
        -0.04108223494987994,
        -0.9991481679094245,
        -0.003897247074935381,
        6.99745912932849
      ],
      [
        0.004354952110935953,
        -0.0040795639561643105,
        0.9999821956165215,
        0.7345844129785846
      ],
      [
        0.0,
        0.0,
        0.0,
        1.0
      ]
    ],
    "location": [
      6.1541660873481305,
      6.99745912932849,
      0.7345844129785846
    ],
    "rotation": [
      -0.004079613958749556,
      -0.004354965876772456,
      -3.100498463854347
    ]
  },
  {
    "label_id": "LFIPG3l72B26CH5x5oOo8g",
    "size": [
      2.156524912645743,
      4.707937795627931,
      1.960000000000008
    ],
    "obj_class": "vehicle",
    "point_num_in_lidar": 4405,
    "speed": 4.099037227506402e-12,
    "if_vehicle": true,
    "motion_state": false,
    "pose": [
      [
        0.6612511409723354,
        0.7501509905662904,
        0.004518840027915143,
        0.03760671313648345
      ],
      [
        -0.7501413070945627,
        0.6612660817369191,
        -0.003897247074935381,
        -5.388475816369464
      ],
      [
        -0.005911679392999752,
        -0.000812709490139378,
        0.9999821956165215,
        0.7878623605637216
      ],
      [
        0.0,
        0.0,
        0.0,
        1.0
      ]
    ],
    "location": [
      0.03760671313648345,
      -5.388475816369464,
      0.7878623605637216
    ],
    "rotation": [
      -0.0008127237812482911,
      0.005911713827057123,
      -0.8482955640165848
    ]
  },
  {
    "label_id": "MgUHjjRH5WfE7KTO3UAfsQ",
    "size": [
      2.1220822046833634,
      4.89751997057426,
      1.4830591855056667
    ],
    "obj_class": "vehicle",
    "point_num_in_lidar": 2425,
    "speed": 2.2737367544323206e-12,
    "if_vehicle": true,
    "motion_state": false,
    "pose": [
      [
        -0.992440519586501,
        0.12264336577115802,
        0.004518840027915143,
        0.6649122067246935
      ],
      [
        -0.12266116481802496,
        -0.9924409554783207,
        -0.003897247074935381,
        6.701107151937322
      ],
      [
        0.004006710416445911,
        -0.00442207209345623,
        0.9999821956165215,
        0.5941096358797395
      ],
      [
        0.0,
        0.0,
        0.0,
        1.0
      ]
    ],
    "location": [
      0.6649122067246935,
      6.701107151937322,
      0.5941096358797395
    ],
    "rotation": [
      -0.004422122001794367,
      -0.004006721136963466,
      -3.018620806848061
    ]
  },
  {
    "label_id": "NeWx86gkt3mp026gu2eoxA",
    "size": [
      0.5823260342821758,
      0.5392474862904848,
      1.6000000000000014
    ],
    "obj_class": "pedestrian",
    "point_num_in_lidar": 49,
    "speed": 0.0,
    "if_vehicle": false,
    "motion_state": false,
    "pose": [
      [
        -0.13082014408656137,
        0.9913958190278862,
        0.004518840027915143,
        8.587480792353745
      ],
      [
        -0.9914007160333714,
        -0.13080302639371658,
        -0.003897247074935381,
        -9.519507455072016
      ],
      [
        -0.0032726365043692293,
        -0.00498981966319931,
        0.9999821956165215,
        0.8090177420488516
      ],
      [
        0.0,
        0.0,
        0.0,
        1.0
      ]
    ],
    "location": [
      8.587480792353745,
      -9.519507455072016,
      0.8090177420488516
    ],
    "rotation": [
      -0.00498986709117442,
      0.003272642346135191,
      -1.7019932214811173
    ]
  },
  {
    "label_id": "OpmBDWgrhvbDWXPsj-xPxA",
    "size": [
      0.7026515170164888,
      0.7358840794624211,
      1.68310318244977
    ],
    "obj_class": "pedestrian",
    "point_num_in_lidar": 25,
    "speed": 1.6077746776921857e-12,
    "if_vehicle": false,
    "motion_state": false,
    "pose": [
      [
        -0.9918192380724171,
        0.12757029071947704,
        0.004518840027915143,
        49.32563542089338
      ],
      [
        -0.127588091711501,
        -0.9918195855691974,
        -0.003897247074935381,
        18.73337872508273
      ],
      [
        0.003984701101385159,
        -0.004441914800353606,
        0.9999821956165215,
        0.6767446325057662
      ],
      [
        0.0,
        0.0,
        0.0,
        1.0
      ]
    ],
    "location": [
      49.32563542089338,
      18.73337872508273,
      0.6767446325057662
    ],
    "rotation": [
      -0.004441964672209705,
      -0.003984711646203495,
      -3.0136548181511005
    ]
  },
  {
    "label_id": "SV4MhXW_fLKMUyYTomC7iA",
    "size": [
      1.8745005814532083,
      4.026761972188614,
      1.730518501504406
    ],
    "obj_class": "vehicle",
    "point_num_in_lidar": 70,
    "speed": 3.2155493553843714e-12,
    "if_vehicle": true,
    "motion_state": false,
    "pose": [
      [
        0.5357842776758809,
        0.8443428141934629,
        0.004518840027915143,
        23.06776964799792
      ],
      [
        -0.8443355867350456,
        0.5358005491206809,
        -0.003897247074935381,
        -3.943883484302205
      ],
      [
        -0.005711809531203629,
        -0.0017273337373628491,
        0.9999821956165215,
        0.8526192044561753
      ],
      [
        0.0,
        0.0,
        0.0,
        1.0
      ]
    ],
    "location": [
      23.06776964799792,
      -3.943883484302205,
      0.8526192044561753
    ],
    "rotation": [
      -0.0017273627739958829,
      0.005711840589403185,
      -1.005349653441593
    ]
  },
  {
    "label_id": "TBaMlPrcbb0tVmgFVZHKcA",
    "size": [
      0.840186048747241,
      0.11186696262676982,
      0.8605185015044086
    ],
    "obj_class": "sign",
    "point_num_in_lidar": 22,
    "speed": 0.012278736681141465,
    "if_vehicle": false,
    "motion_state": false,
    "pose": [
      [
        0.9990075531279123,
        0.044311272585917785,
        0.004518840027915143,
        53.916153099402436
      ],
      [
        -0.04429379456849391,
        0.9990109465005681,
        -0.003897247074935381,
        10.26577105778415
      ],
      [
        -0.004687062630844293,
        0.003693222692381749,
        0.9999821956165215,
        2.8876192044561932
      ],
      [
        0.0,
        0.0,
        0.0,
        1.0
      ]
    ],
    "location": [
      53.916153099402436,
      10.26577105778415,
      2.8876192044561932
    ],
    "rotation": [
      0.00369327165662426,
      0.004687079792347012,
      -0.04430877802165702
    ]
  },
  {
    "label_id": "V7YN8qOnLzj6EqMtbCjrbw",
    "size": [
      2.361603872962683,
      4.897855298287807,
      1.8405185015044054
    ],
    "obj_class": "vehicle",
    "point_num_in_lidar": 2561,
    "speed": 0.0,
    "if_vehicle": true,
    "motion_state": false,
    "pose": [
      [
        0.6910084475683818,
        0.7228325570102228,
        0.004518840027915143,
        2.9910673179256264
      ],
      [
        -0.722822278017105,
        0.6910229850499908,
        -0.003897247074935381,
        -4.770993855840061
      ],
      [
        -0.00593967939352946,
        -0.0005732875919309872,
        0.9999821956165215,
        0.8628897986324517
      ],
      [
        0.0,
        0.0,
        0.0,
        1.0
      ]
    ],
    "location": [
      2.9910673179256264,
      -4.770993855840061,
      0.8628897986324517
    ],
    "rotation": [
      -0.000573297736336197,
      0.005939714319192169,
      -0.8078962333778603
    ]
  },
  {
    "label_id": "VA6JXxlf-ko9AI21ezS-gA",
    "size": [
      0.7480685522366142,
      0.7246482329219848,
      1.759999999999998
    ],
    "obj_class": "pedestrian",
    "point_num_in_lidar": 234,
    "speed": 0.8198988040710065,
    "if_vehicle": false,
    "motion_state": false,
    "pose": [
      [
        0.9979220870257562,
        0.0642735428536589,
        0.004518840027915143,
        -1.5054817642303533
      ],
      [
        -0.06425613616582533,
        0.9979258291227238,
        -0.003897247074935381,
        -10.730413688877888
      ],
      [
        -0.004759957058412328,
        0.0035987857345292427,
        0.9999821956165215,
        0.8870848567009162
      ],
      [
        0.0,
        0.0,
        0.0,
        1.0
      ]
    ],
    "location": [
      -1.5054817642303533,
      -10.730413688877888,
      0.8870848567009162
    ],
    "rotation": [
      0.0035988342728537795,
      0.004759975033138455,
      -0.0643011653107023
    ]
  },
  {
    "label_id": "X1k3ar-6VxCGzHvtOE0rKw",
    "size": [
      2.3216964502777477,
      6.372934033764432,
      2.273059185505666
    ],
    "obj_class": "vehicle",
    "point_num_in_lidar": 10027,
    "speed": 3.410605131648481e-12,
    "if_vehicle": true,
    "motion_state": false,
    "pose": [
      [
        -0.9989992885425784,
        0.04449720863407489,
        0.004518840027915143,
        -11.612414450537472
      ],
      [
        -0.044514918792090734,
        -0.9990011178523127,
        -0.003897247074935381,
        6.003289864413091
      ],
      [
        0.004340909623091066,
        -0.004094502852012183,
        0.9999821956165215,
        0.944235985599228
      ],
      [
        0.0,
        0.0,
        0.0,
        1.0
      ]
    ],
    "location": [
      -11.612414450537472,
      6.003289864413091,
      0.944235985599228
    ],
    "rotation": [
      -0.004094552871033599,
      -0.004340923256192447,
      -3.097062600211582
    ]
  },
  {
    "label_id": "YmfytkE-ukfBRofAX1HVww",
    "size": [
      0.6442834931355566,
      0.7097897537460085,
      1.5500000000000043
    ],
    "obj_class": "pedestrian",
    "point_num_in_lidar": 24,
    "speed": 1.278653400741533,
    "if_vehicle": false,
    "motion_state": true,
    "pose": [
      [
        0.9974509600917766,
        -0.0712120937537665,
        0.004518840027915143,
        15.439744717135909
      ],
      [
        0.07122984651861357,
        0.997452314865313,
        -0.003897247074935381,
        -9.728020165493945
      ],
      [
        -0.004229796322268105,
        0.004209189118239728,
        0.9999821956165215,
        0.8417072196981294
      ],
      [
        0.0,
        0.0,
        0.0,
        1.0
      ]
    ],
    "location": [
      15.439744717135909,
      -9.728020165493945,
      0.8417072196981294
    ],
    "rotation": [
      0.00420923920207675,
      0.004229808935042046,
      0.07129085632016822
    ]
  },
  {
    "label_id": "YoCJlxDeJXwOZIj1uoslgg",
    "size": [
      1.9479609049787174,
      4.487277266717799,
      1.8100000000000023
    ],
    "obj_class": "vehicle",
    "point_num_in_lidar": 4280,
    "speed": 1.1368683772161603e-12,
    "if_vehicle": true,
    "motion_state": false,
    "pose": [
      [
        0.6813465731446559,
        0.7319470112985202,
        0.004518840027915143,
        -9.929016223919461
      ],
      [
        -0.7319369263041272,
        0.681361245873071,
        -0.003897247074935381,
        -6.117408150967094
      ],
      [
        -0.005931540820112218,
        -0.00065212994128701,
        0.9999821956165215,
        0.8281050028835892
      ],
      [
        0.0,
        0.0,
        0.0,
        1.0
      ]
    ],
    "location": [
      -9.929016223919461,
      -6.117408150967094,
      0.8281050028835892
    ],
    "rotation": [
      -0.0006521414598158556,
      0.005931575602404174,
      -0.821179208985785
    ]
  },
  {
    "label_id": "aKdb2hW6WTmxEyp8LsOQ6w",
    "size": [
      0.8134728679705691,
      0.7413293880754128,
      1.7800000000000011
    ],
    "obj_class": "pedestrian",
    "point_num_in_lidar": 229,
    "speed": 0.5465606803867646,
    "if_vehicle": false,
    "motion_state": false,
    "pose": [
      [
        -0.6218486498103123,
        0.7831244069839054,
        0.004518840027915143,
        -1.149636666290462
      ],
      [
        -0.7831374069350987,
        -0.6218364843945765,
        -0.003897247074935381,
        -7.855288642254891
      ],
      [
        -0.00024204970792828797,
        -0.00596237049334175,
        0.9999821956165215,
        0.6992656457284028
      ],
      [
        0.0,
        0.0,
        0.0,
        1.0
      ]
    ],
    "location": [
      -1.149636666290462,
      -7.855288642254891,
      0.6992656457284028
    ],
    "rotation": [
      -0.005962405995479817,
      0.0002420497102918252,
      -2.2418974160388765
    ]
  },
  {
    "label_id": "bof1aeoD2plQ-sVhmz6tng",
    "size": [
      2.077745050216647,
      4.382102305572195,
      1.6253959798867612
    ],
    "obj_class": "vehicle",
    "point_num_in_lidar": 30,
    "speed": 0.21092496018878784,
    "if_vehicle": true,
    "motion_state": false,
    "pose": [
      [
        -0.9976680169471168,
        0.0681036566243667,
        0.004518840027915143,
        53.75796341334353
      ],
      [
        -0.068121405081506,
        -0.9976694270323002,
        -0.003897247074935381,
        6.968511428734928
      ],
      [
        0.004242891764929008,
        -0.004195988492843865,
        0.9999821956165215,
        0.7105896917004983
      ],
      [
        0.0,
        0.0,
        0.0,
        1.0
      ]
    ],
    "location": [
      53.75796341334353,
      6.968511428734928,
      0.7105896917004983
    ],
    "rotation": [
      -0.004196038574802414,
      -0.004242904495214031,
      -3.0734178370569802
    ]
  },
  {
    "label_id": "c3SCJxumyZ0SBk4CZmOJ6g",
    "size": [
      0.9673409614698122,
      1.0650027170117071,
      1.9586854736991413
    ],
    "obj_class": "pedestrian",
    "point_num_in_lidar": 88,
    "speed": 1.2577076469229793,
    "if_vehicle": false,
    "motion_state": true,
    "pose": [
      [
        0.9961794019833505,
        -0.08721341151965098,
        0.004518840027915143,
        22.03089852384437
      ],
      [
        0.08723118374339384,
        0.9961804716254796,
        -0.003897247074935381,
        11.23449104023166
      ],
      [
        -0.004161687977268508,
        0.00427654102527256,
        0.9999821956165215,
        1.0083531679585818
      ],
      [
        0.0,
        0.0,
        0.0,
        1.0
      ]
    ],
    "location": [
      22.03089852384437,
      11.23449104023166,
      1.0083531679585818
    ],
    "rotation": [
      0.004276591095759153,
      0.004161699990523128,
      0.08734295032582307
    ]
  },
  {
    "label_id": "fNy8PC-BmuP16FOJ9FFzIw",
    "size": [
      2.147659443377432,
      5.107156534927326,
      1.980000000000004
    ],
    "obj_class": "vehicle",
    "point_num_in_lidar": 66,
    "speed": 1.3830600733622805e-11,
    "if_vehicle": true,
    "motion_state": false,
    "pose": [
      [
        0.758793202678803,
        0.6513159415009332,
        0.004518840027915143,
        9.76932568941993
      ],
      [
        -0.6513042816658743,
        0.7588066579497943,
        -0.003897247074935381,
        -4.6730783365128445
      ],
      [
        -0.005967265047265341,
        1.4064731276543297e-05,
        0.9999821956165215,
        0.8495289039752549
      ],
      [
        0.0,
        0.0,
        0.0,
        1.0
      ]
    ],
    "location": [
      9.76932568941993,
      -4.6730783365128445,
      0.8495289039752549
    ],
    "rotation": [
      1.406498169394355e-05,
      0.005967300461812553,
      -0.7093172899489519
    ]
  },
  {
    "label_id": "gLdCcd_k3Lp-3dE0ol5ezA",
    "size": [
      2.1350699741361328,
      4.396070169772625,
      1.8305185015044074
    ],
    "obj_class": "vehicle",
    "point_num_in_lidar": 261,
    "speed": 3.5950934718225418e-12,
    "if_vehicle": true,
    "motion_state": false,
    "pose": [
      [
        0.6805990005638057,
        0.7326421913296768,
        0.004518840027915143,
        19.920081230251526
      ],
      [
        -0.7326321213193828,
        0.6806136835799718,
        -0.003897247074935381,
        -3.9800986740301596
      ],
      [
        -0.005930871994041779,
        -0.0006581848914031737,
        0.9999821956165215,
        0.8926192044561532
      ],
      [
        0.0,
        0.0,
        0.0,
        1.0
      ]
    ],
    "location": [
      19.920081230251526,
      -3.9800986740301596,
      0.8926192044561532
    ],
    "rotation": [
      -0.0006581965151394626,
      0.005930906764569039,
      -0.8222000897952136
    ]
  },
  {
    "label_id": "l-XnejT-kWgZdox4WXTk1Q",
    "size": [
      2.0028314749616616,
      4.45394267847577,
      1.5900000000000034
    ],
    "obj_class": "vehicle",
    "point_num_in_lidar": 193,
    "speed": 2.2737367544323206e-12,
    "if_vehicle": true,
    "motion_state": false,
    "pose": [
      [
        0.5637901207081867,
        0.8259057330450311,
        0.004518840027915143,
        13.06634759013832
      ],
      [
        -0.8258979641408749,
        0.5638061407019215,
        -0.003897247074935381,
        -4.41432199087285
      ],
      [
        -0.00576650845887031,
        -0.0015348713805259648,
        0.9999821956165215,
        0.6428784552084323
      ],
      [
        0.0,
        0.0,
        0.0,
        1.0
      ]
    ],
    "location": [
      13.06634759013832,
      -4.41432199087285,
      0.6428784552084323
    ],
    "rotation": [
      -0.001534897503089733,
      0.005766540417934103,
      -0.9718173472379713
    ]
  },
  {
    "label_id": "mDfmRjIUQaWVZdGTGhcD6w",
    "size": [
      0.5983009868603124,
      0.49394130030032374,
      1.259999999999998
    ],
    "obj_class": "pedestrian",
    "point_num_in_lidar": 68,
    "speed": 0.3521359846987055,
    "if_vehicle": false,
    "motion_state": false,
    "pose": [
      [
        0.4876324804659426,
        0.8730373096720633,
        0.004518840027915143,
        7.983704463673348
      ],
      [
        -0.8730310052868961,
        0.48764913131573223,
        -0.003897247074935381,
        -11.335530056639982
      ],
      [
        -0.005606050515596483,
        -0.0020446631941620436,
        0.9999821956165215,
        1.0098007958758402
      ],
      [
        0.0,
        0.0,
        0.0,
        1.0
      ]
    ],
    "location": [
      7.983704463673348,
      -11.335530056639982,
      1.0098007958758402
    ],
    "rotation": [
      -0.0020446967492940057,
      0.005606079880319735,
      -1.0614116400308191
    ]
  },
  {
    "label_id": "miUCgrw0d28mF4d4GaaTfg",
    "size": [
      0.7603092283507944,
      0.8180348372529171,
      1.7374134793072642
    ],
    "obj_class": "pedestrian",
    "point_num_in_lidar": 212,
    "speed": 1.422020865463454,
    "if_vehicle": false,
    "motion_state": true,
    "pose": [
      [
        0.9673388757870145,
        -0.2534464035568803,
        0.004518840027915143,
        3.297491776145762
      ],
      [
        0.253464102655246,
        0.9673369423992902,
        -0.003897247074935381,
        -10.110410711313307
      ],
      [
        -0.0033834976408800136,
        0.004915322336850342,
        0.9999821956165215,
        0.9017130537729088
      ],
      [
        0.0,
        0.0,
        0.0,
        1.0
      ]
    ],
    "location": [
      3.297491776145762,
      -10.110410711313307,
      0.9017130537729088
    ],
    "rotation": [
      0.0049153702657775055,
      0.003383504096658511,
      0.25626112645634047
    ]
  },
  {
    "label_id": "oBgkabLveCc0Yw1MvBSHOA",
    "size": [
      0.8283111702779876,
      0.7942693187629959,
      1.8171851638005094
    ],
    "obj_class": "pedestrian",
    "point_num_in_lidar": 58,
    "speed": 1.283915852681152,
    "if_vehicle": false,
    "motion_state": true,
    "pose": [
      [
        0.9919532678297422,
        0.12652388915417395,
        0.004518840027915143,
        11.91616150704067
      ],
      [
        -0.1265067504066572,
        0.9919580906302365,
        -0.003897247074935381,
        -9.282439191760204
      ],
      [
        -0.004975594782869744,
        0.0032942232039829835,
        0.9999821956165215,
        1.0217211624833311
      ],
      [
        0.0,
        0.0,
        0.0,
        1.0
      ]
    ],
    "location": [
      11.91616150704067,
      -9.282439191760204,
      1.0217211624833311
    ],
    "rotation": [
      0.003294269939880783,
      0.004975615312853191,
      -0.1268482173750583
    ]
  },
  {
    "label_id": "t1ePe__aXYB9-IF7fpKV7w",
    "size": [
      0.720483156743215,
      0.8499257723597111,
      1.6992111162184642
    ],
    "obj_class": "pedestrian",
    "point_num_in_lidar": 46,
    "speed": 0.7973888495238514,
    "if_vehicle": false,
    "motion_state": false,
    "pose": [
      [
        -0.13603463294483548,
        -0.9906937764639313,
        0.004518840027915143,
        33.85533192499133
      ],
      [
        0.9906939719480906,
        -0.1360524362551174,
        -0.003897247074935381,
        4.212083249418356
      ],
      [
        0.004475777617325741,
        0.003946627000519106,
        0.9999821956165215,
        0.9314775811819445
      ],
      [
        0.0,
        0.0,
        0.0,
        1.0
      ]
    ],
    "location": [
      33.85533192499133,
      4.212083249418356,
      0.9314775811819445
    ],
    "rotation": [
      0.003946676777418387,
      -0.004475792561026589,
      1.7072554310048753
    ]
  },
  {
    "label_id": "tLLaYUgBVODgrVjxYBagwA",
    "size": [
      0.7770444605792447,
      0.11190182437167095,
      0.7800000000000011
    ],
    "obj_class": "sign",
    "point_num_in_lidar": 33,
    "speed": 0.010166060721484948,
    "if_vehicle": false,
    "motion_state": false,
    "pose": [
      [
        -0.9948173103915711,
        0.10157804403552391,
        0.004518840027915143,
        31.71882639998512
      ],
      [
        -0.10159582984285195,
        -0.9948181234898061,
        -0.003897247074935381,
        -1.9742688331680256
      ],
      [
        0.004099549221926063,
        -0.004336144155581769,
        0.9999821956165215,
        3.0922079434406413
      ],
      [
        0.0,
        0.0,
        0.0,
        1.0
      ]
    ],
    "location": [
      31.71882639998512,
      -1.9742688331680256,
      3.0922079434406413
    ],
    "rotation": [
      -0.004336194181912653,
      -0.004099560705057868,
      -3.039820374936516
    ]
  },
  {
    "label_id": "tX6UTCnyT-2fkHW2Wo8DoA",
    "size": [
      2.1232088259610045,
      4.640056433527341,
      1.5805185015044074
    ],
    "obj_class": "vehicle",
    "point_num_in_lidar": 3439,
    "speed": 3.410605131648481e-12,
    "if_vehicle": true,
    "motion_state": false,
    "pose": [
      [
        0.5357842776756736,
        0.8443428141935945,
        0.004518840027915143,
        -3.2876691988349194
      ],
      [
        -0.8443355867351772,
        0.5358005491204735,
        -0.003897247074935381,
        -5.612594531834475
      ],
      [
        -0.005711809531203204,
        -0.0017273337373642516,
        0.9999821956165215,
        0.6133338357559524
      ],
      [
        0.0,
        0.0,
        0.0,
        1.0
      ]
    ],
    "location": [
      -3.2876691988349194,
      -5.612594531834475,
      0.6133338357559524
    ],
    "rotation": [
      -0.0017273627739972854,
      0.00571184058940276,
      -1.0053496534418387
    ]
  },
  {
    "label_id": "vdViRC-mmyy12_V_Du9kMw",
    "size": [
      0.7421812007125839,
      0.7193648187394143,
      1.6400000000000006
    ],
    "obj_class": "pedestrian",
    "point_num_in_lidar": 21,
    "speed": 1.3491560204418425,
    "if_vehicle": false,
    "motion_state": true,
    "pose": [
      [
        -0.9919531598954046,
        0.12652473536160405,
        0.004518840027915143,
        10.799766934513173
      ],
      [
        -0.1265425359774392,
        -0.9919535261561578,
        -0.003897247074935381,
        -8.514907855649653
      ],
      [
        0.0039893811450310325,
        -0.004437712027684019,
        0.9999821956165215,
        0.8465201292654925
      ],
      [
        0.0,
        0.0,
        0.0,
        1.0
      ]
    ],
    "location": [
      10.799766934513173,
      -8.514907855649653,
      0.8465201292654925
    ],
    "rotation": [
      -0.004437761907558623,
      -0.003989391727047967,
      -3.01470892422426
    ]
  },
  {
    "label_id": "wTQzq1o08FxvUHUSEzkiqA",
    "size": [
      0.4333205985889801,
      0.4330533622057063,
      1.6430004366206958
    ],
    "obj_class": "pedestrian",
    "point_num_in_lidar": 60,
    "speed": 0.10065969030734269,
    "if_vehicle": false,
    "motion_state": false,
    "pose": [
      [
        -0.16630234083868162,
        0.9860644560658178,
        0.004518840027915143,
        7.27325197274331
      ],
      [
        -0.9860699640176767,
        -0.16628540984528578,
        -0.003897247074935381,
        -10.09599428925867
      ],
      [
        -0.0030915196510331046,
        -0.005104013735116381,
        0.9999821956165215,
        0.873382795863229
      ],
      [
        0.0,
        0.0,
        0.0,
        1.0
      ]
    ],
    "location": [
      7.27325197274331,
      -10.09599428925867,
      0.873382795863229
    ],
    "rotation": [
      -0.005104060287398134,
      0.003091524575584243,
      -1.7378757296611171
    ]
  },
  {
    "label_id": "xZ3xAFKzkG5ksRUdYiaIQw",
    "size": [
      2.161512299638821,
      5.133410977253657,
      1.5200000000000031
    ],
    "obj_class": "vehicle",
    "point_num_in_lidar": 4933,
    "speed": 0.004699638387094927,
    "if_vehicle": true,
    "motion_state": false,
    "pose": [
      [
        -0.9970625806954176,
        0.0764577678316326,
        0.004518840027915143,
        -4.99303732579574
      ],
      [
        -0.07647552747708355,
        -0.9970638420694728,
        -0.003897247074935381,
        6.187675030625542
      ],
      [
        0.004207597187892478,
        -0.004231379900862109,
        0.9999821956165215,
        0.5703112599276423
      ],
      [
        0.0,
        0.0,
        0.0,
        1.0
      ]
    ],
    "location": [
      -4.99303732579574,
      6.187675030625542,
      0.5703112599276423
    ],
    "rotation": [
      -0.004231429984548766,
      -0.004207609603119864,
      -3.0650417056837918
    ]
  },
  {
    "label_id": "y_AYZqAudv3jy1UANNLofA",
    "size": [
      0.37027632346143935,
      0.09389329663093805,
      0.6300000000000026
    ],
    "obj_class": "sign",
    "point_num_in_lidar": 35,
    "speed": 0.006345947786015649,
    "if_vehicle": false,
    "motion_state": false,
    "pose": [
      [
        0.9999897899902789,
        -4.7398959466126134e-15,
        0.004518840027915143,
        16.27174631627713
      ],
      [
        1.7611215896317623e-05,
        0.9999924055487031,
        -0.003897247074935381,
        9.237704121464049
      ],
      [
        -0.004518805709804614,
        0.0038972868662721935,
        0.9999821956165215,
        2.695535905282398
      ],
      [
        0.0,
        0.0,
        0.0,
        1.0
      ]
    ],
    "location": [
      16.27174631627713,
      9.237704121464049,
      2.695535905282398
    ],
    "rotation": [
      0.003897336523661458,
      0.004518821088650571,
      1.7611395707018223e-05
    ]
  }
]