[
  {
    "label_id": "-63IzPn79Isi9S29BXuq1g",
    "size": [
      0.8937512568364745,
      0.9993915433078087,
      1.7256935869875178
    ],
    "obj_class": "pedestrian",
    "point_num_in_lidar": 23,
    "speed": 1.3102836304679044,
    "if_vehicle": false,
    "motion_state": true,
    "pose": [
      [
        0.9993573980757008,
        -0.0358152542355192,
        0.001434738795141928,
        64.03106617338926
      ],
      [
        0.03581222338848337,
        0.9993563611010909,
        0.0020852296658658274,
        13.67603889896418
      ],
      [
        -0.001508498372066032,
        -0.0020325085070341904,
        0.9999967966657844,
        0.9383716934264399
      ],
      [
        0.0,
        0.0,
        0.0,
        1.0
      ]
    ],
    "location": [
      64.03106617338926,
      13.67603889896418,
      0.9383716934264399
    ],
    "rotation": [
      -0.002032512219013379,
      0.0015084989441815555,
      0.035819923536897336
    ]
  },
  {
    "label_id": "5v-HhV-BedTvNkAgrUmSsA",
    "size": [
      2.1228378314039626,
      5.033050925192189,
      1.480000000000004
    ],
    "obj_class": "vehicle",
    "point_num_in_lidar": 429,
    "speed": 0.0030626815274892613,
    "if_vehicle": true,
    "motion_state": false,
    "pose": [
      [
        -0.9947614396691876,
        0.10221359827280682,
        0.001434738795141928,
        12.430399483673682
      ],
      [
        -0.10221050515891807,
        -0.9947606066046241,
        0.0020852296658658274,
        7.393777051460347
      ],
      [
        0.0016403604615479208,
        0.001927660687435036,
        0.9999967966657844,
        0.624533469768572
      ],
      [
        0.0,
        0.0,
        0.0,
        1.0
      ]
    ],
    "location": [
      12.430399483673682,
      7.393777051460347,
      0.624533469768572
    ],
    "rotation": [
      0.0019276644747294451,
      -0.001640361197191,
      -3.0392032030036957
    ]
  },
  {
    "label_id": "7igbE48KGSRL1PidJzMz3A",
    "size": [
      0.8269040431432771,
      0.8391242999262727,
      1.759999999999998
    ],
    "obj_class": "pedestrian",
    "point_num_in_lidar": 139,
    "speed": 5.796914039811764e-12,
    "if_vehicle": false,
    "motion_state": false,
    "pose": [
      [
        0.9997232631795173,
        -0.023480600126212805,
        0.001434738795141928,
        4.197106989908207
      ],
      [
        0.023477582306060608,
        0.9997221888836433,
        0.0020852296658658274,
        -10.807025560752663
      ],
      [
        -0.0014833026527110813,
        -0.002050968407887477,
        0.9999967966657844,
        0.9192914644045871
      ],
      [
        0.0,
        0.0,
        0.0,
        1.0
      ]
    ],
    "location": [
      4.197106989908207,
      -10.807025560752663,
      0.9192914644045871
    ],
    "rotation": [
      -0.00205097210204543,
      0.0014833031966354293,
      0.023479765470885112
    ]
  },
  {
    "label_id": "86fthlPGwTMBqnk5iTgbRQ",
    "size": [
      0.7337995945884626,
      0.8631336802852894,
      1.8800000000000026
    ],
    "obj_class": "pedestrian",
    "point_num_in_lidar": 245,
    "speed": 1.1630238526405312,
    "if_vehicle": false,
    "motion_state": true,
    "pose": [
      [
        -0.9993347285175569,
        0.0364423092480508,
        0.001434738795141928,
        -11.749707921269874
      ],
      [
        -0.036439277750946054,
        -0.9993336934449024,
        0.0020852296658658274,
        -10.575816681579454
      ],
      [
        0.0015097734036145641,
        0.0020315615765785482,
        0.9999967966657844,
        0.8882191363586642
      ],
      [
        0.0,
        0.0,
        0.0,
        1.0
      ]
    ],
    "location": [
      -11.749707921269874,
      -10.575816681579454,
      0.8882191363586642
    ],
    "rotation": [
      0.002031565289434447,
      -0.0015097739771820265,
      -3.105145265319274
    ]
  },
  {
    "label_id": "Abp2wF28Amdp-8SvcS3E1g",
    "size": [
      2.1962945689370375,
      4.401772619467235,
      1.7100000000000009
    ],
    "obj_class": "vehicle",
    "point_num_in_lidar": 567,
    "speed": 1.670023563594374,
    "if_vehicle": true,
    "motion_state": true,
    "pose": [
      [
        0.999195915939309,
        0.04006823049243695,
        0.001434738795141928,
        13.236518078832887
      ],
      [
        -0.04007117398030152,
        0.9991946521239399,
        0.0020852296658658274,
        0.12921993649797514
      ],
      [
        -0.0013500318684189802,
        -0.0021410446338050453,
        0.9999967966657844,
        0.9441012303894283
      ],
      [
        0.0,
        0.0,
        0.0,
        1.0
      ]
    ],
    "location": [
      13.236518078832887,
      0.12921993649797514,
      0.9441012303894283
    ],
    "rotation": [
      -0.0021410482207184322,
      0.0013500322785108573,
      -0.04008194198949574
    ]
  },
  {
    "label_id": "BWvewDT0hJdWZfzsS5N52A",
    "size": [
      0.8672735484526762,
      0.9365148916588351,
      1.7102353335570868
    ],
    "obj_class": "pedestrian",
    "point_num_in_lidar": 29,
    "speed": 1.7131283206693746,
    "if_vehicle": false,
    "motion_state": true,
    "pose": [
      [
        0.9945875976268126,
        0.10389154042324703,
        0.001434738795141928,
        54.67738289703266
      ],
      [
        -0.10389439705527254,
        0.9945861481429159,
        0.0020852296658658274,
        14.240668826176261
      ],
      [
        -0.0012103336097283647,
        -0.0022230048859267337,
        0.9999967966657844,
        0.8190643434358478
      ],
      [
        0.0,
        0.0,
        0.0,
        1.0
      ]
    ],
    "location": [
      54.67738289703266,
      14.240668826176261,
      0.8190643434358478
    ],
    "rotation": [
      -0.00222300834510749,
      0.0012103339052330125,
      -0.10408229412213182
    ]
  },
  {
    "label_id": "BwHI89zywx_VtSBIHs_eSQ",
    "size": [
      0.6504492240976039,
      0.6017498360048931,
      1.4099999999999966
    ],
    "obj_class": "pedestrian",
    "point_num_in_lidar": 39,
    "speed": 1.6077746776921857e-12,
    "if_vehicle": false,
    "motion_state": false,
    "pose": [
      [
        -0.997616771258556,
        0.06898347068859026,
        0.001434738795141928,
        7.4717616247799015
      ],
      [
        -0.06898040707609984,
        -0.9976158355082664,
        0.0020852296658658274,
        -11.707867518489365
      ],
      [
        0.0015751645213858722,
        0.0019812912204568616,
        0.9999967966657844,
        0.9542977254564562
      ],
      [
        0.0,
        0.0,
        0.0,
        1.0
      ]
    ],
    "location": [
      7.4717616247799015,
      -11.707867518489365,
      0.9542977254564562
    ],
    "rotation": [
      0.0019812949746669394,
      -0.0015751651727547412,
      -3.0725573383930374
    ]
  },
  {
    "label_id": "C4NxoX3efnXfwLAduEGZxw",
    "size": [
      2.002831474961662,
      4.45394267847577,
      1.5900000000000034
    ],
    "obj_class": "vehicle",
    "point_num_in_lidar": 47,
    "speed": 6.431098710768743e-12,
    "if_vehicle": true,
    "motion_state": false,
    "pose": [
      [
        0.5637952967892981,
        0.8259133155742537,
        0.001434738795141928,
        16.627299012507137
      ],
      [
        -0.8259140567618077,
        0.5637921803825362,
        0.0020852296658658274,
        -4.547454089850362
      ],
      [
        0.0009133244334765587,
        -0.0023606136170298913,
        0.9999967966657844,
        0.6528784552083522
      ],
      [
        0.0,
        0.0,
        0.0,
        1.0
      ]
    ],
    "location": [
      16.627299012507137,
      -4.547454089850362,
      0.6528784552083522
    ],
    "rotation": [
      -0.002360616794023849,
      -0.0009133245604532894,
      -0.9718221452655927
    ]
  },
  {
    "label_id": "DV-QVxiC5bGWoAdie1BT7w",
    "size": [
      2.123208825958228,
      4.640056433527341,
      1.5305185015044103
    ],
    "obj_class": "vehicle",
    "point_num_in_lidar": 51,
    "speed": 0.07443040313028211,
    "if_vehicle": true,
    "motion_state": false,
    "pose": [
      [
        0.9991929790777132,
        -0.040141401151357864,
        0.001434738795141928,
        23.42143646846671
      ],
      [
        0.04013836584338762,
        0.9991919552341598,
        0.0020852296658658274,
        1.0417292877027649
      ],
      [
        -0.0015172835024783978,
        -0.002025958771248593,
        0.9999967966657844,
        0.8332644173034538
      ],
      [
        0.0,
        0.0,
        0.0,
        1.0
      ]
    ],
    "location": [
      23.42143646846671,
      1.0417292877027649,
      0.8332644173034538
    ],
    "rotation": [
      -0.0020259624892173243,
      0.0015172840846478413,
      0.04014919764692428
    ]
  },
  {
    "label_id": "Djbr-wq3c_Wu_emcmW1Dog",
    "size": [
      2.4599560878352627,
      5.612823795445765,
      2.270518501504405
    ],
    "obj_class": "vehicle",
    "point_num_in_lidar": 1821,
    "speed": 3.5950934718225418e-12,
    "if_vehicle": true,
    "motion_state": false,
    "pose": [
      [
        0.69791775570975,
        0.7161764781041439,
        0.001434738795141928,
        6.414921689996845
      ],
      [
        -0.7161777461881612,
        0.6979148140583394,
        0.0020852296658658274,
        -4.570807764146593
      ],
      [
        0.0004920669787043045,
        -0.0024828468052139345,
        0.9999967966657844,
        0.9899920827253865
      ],
      [
        0.0,
        0.0,
        0.0,
        1.0
      ]
    ],
    "location": [
      6.414921689996845,
      -4.570807764146593,
      0.9899920827253865
    ],
    "rotation": [
      -0.0024828496567376127,
      -0.0004920669985616624,
      -0.7983102868404854
    ]
  },
  {
    "label_id": "FLWvnW-tWYdIJ09iJ2iXPw",
    "size": [
      2.1435329259811686,
      4.441836607453283,
      1.8700000000000045
    ],
    "obj_class": "vehicle",
    "point_num_in_lidar": 5138,
    "speed": 4.687428401686771e-12,
    "if_vehicle": true,
    "motion_state": false,
    "pose": [
      [
        0.663250087495772,
        0.7483964610829212,
        0.001434738795141928,
        -6.64634192752419
      ],
      [
        -0.7483975885619784,
        0.6632470891393769,
        0.0020852296658658274,
        -5.929621241055429
      ],
      [
        0.0006089921729258873,
        -0.002456783812834827,
        0.9999967966657844,
        0.8572257843826208
      ],
      [
        0.0,
        0.0,
        0.0,
        1.0
      ]
    ],
    "location": [
      -6.64634192752419,
      -5.929621241055429,
      0.8572257843826208
    ],
    "rotation": [
      -0.0024567867398557278,
      -0.0006089922105688636,
      -0.845642985835498
    ]
  },
  {
    "label_id": "G96MfK6U70_2CEKJH1g1gA",
    "size": [
      2.0507676477421524,
      4.751621205894719,
      1.783059185505671
    ],
    "obj_class": "vehicle",
    "point_num_in_lidar": 906,
    "speed": 1.1368683772161603e-12,
    "if_vehicle": true,
    "motion_state": false,
    "pose": [
      [
        -0.9991554507883006,
        0.041064908189564084,
        0.001434738795141928,
        6.1541660873554065
      ],
      [
        -0.04106187193658236,
        -0.9991544297506288,
        0.0020852296658658274,
        6.997459129321214
      ],
      [
        0.0015191553874840732,
        0.002024555526126744,
        0.9999967966657844,
        0.7332303097160278
      ],
      [
        0.0,
        0.0,
        0.0,
        1.0
      ]
    ],
    "location": [
      6.1541660873554065,
      6.997459129321214,
      0.7332303097160278
    ],
    "rotation": [
      0.002024559245356073,
      -0.0015191559718108591,
      -3.1005191865521744
    ]
  },
  {
    "label_id": "LFIPG3l72B26CH5x5oOo8g",
    "size": [
      2.1565249126457435,
      4.707937795627931,
      1.960000000000008
    ],
    "obj_class": "vehicle",
    "point_num_in_lidar": 3329,
    "speed": 4.099037227506402e-12,
    "if_vehicle": true,
    "motion_state": false,
    "pose": [
      [
        0.6612572118299394,
        0.7501578776014315,
        0.001434738795141928,
        0.03760671313648345
      ],
      [
        -0.7501589971016935,
        0.661254210485364,
        0.0020852296658658274,
        -5.388475816369464
      ],
      [
        0.0006155243912231535,
        -0.002455155370542074,
        0.9999967966657844,
        0.7896268490974236
      ],
      [
        0.0,
        0.0,
        0.0,
        1.0
      ]
    ],
    "location": [
      0.03760671313648345,
      -5.388475816369464,
      0.7896268490974236
    ],
    "rotation": [
      -0.002455158302168965,
      -0.0006155244300904761,
      -0.8483027076791082
    ]
  },
  {
    "label_id": "LVurOGR3dPZTYlctUjwF1w",
    "size": [
      0.8553806403901038,
      0.9205835426103812,
      1.5600000000000023
    ],
    "obj_class": "pedestrian",
    "point_num_in_lidar": 42,
    "speed": 0.92480232233088,
    "if_vehicle": false,
    "motion_state": false,
    "pose": [
      [
        0.9993609472454328,
        -0.03571608384609015,
        0.001434738795141928,
        16.69962111886707
      ],
      [
        0.035713053101972356,
        0.999359909970065,
        0.0020852296658658274,
        12.441143483345513
      ],
      [
        -0.0015082966707280151,
        -0.0020326581913255874,
        0.9999967966657844,
        0.8239658141749899
      ],
      [
        0.0,
        0.0,
        0.0,
        1.0
      ]
    ],
    "location": [
      16.69962111886707,
      12.441143483345513,
      0.8239658141749899
    ],
    "rotation": [
      -0.002032661903165858,
      0.0015082972426140764,
      0.03572068964779791
    ]
  },
  {
    "label_id": "MgUHjjRH5WfE7KTO3UAfsQ",
    "size": [
      2.122082204683363,
      4.89751997057426,
      1.4830591855056738
    ],
    "obj_class": "vehicle",
    "point_num_in_lidar": 1948,
    "speed": 2.2737367544323206e-12,
    "if_vehicle": true,
    "motion_state": false,
    "pose": [
      [
        -0.9924496310491531,
        0.12264449174336993,
        0.001434738795141928,
        0.6649122067319695
      ],
      [
        -0.1226413821553353,
        -0.992448861755743,
        0.0020852296658658274,
        6.701107151937322
      ],
      [
        0.001679646816693724,
        0.001893527063673203,
        0.9999967966657844,
        0.5945619041615231
      ],
      [
        0.0,
        0.0,
        0.0,
        1.0
      ]
    ],
    "location": [
      0.6649122067319695,
      6.701107151937322,
      0.5945619041615231
    ],
    "rotation": [
      0.0018935308662302343,
      -0.0016796476064684191,
      -3.0186415577825603
    ]
  },
  {
    "label_id": "NeWx86gkt3mp026gu2eoxA",
    "size": [
      0.5823260342821768,
      0.5392474862904848,
      1.6000000000000014
    ],
    "obj_class": "pedestrian",
    "point_num_in_lidar": 35,
    "speed": 0.0,
    "if_vehicle": false,
    "motion_state": false,
    "pose": [
      [
        -0.13082134512866184,
        0.9914049208992848,
        0.001434738795141928,
        8.58748079236102
      ],
      [
        -0.9914033944914354,
        -0.13082416140797565,
        0.0020852296658658274,
        -9.51950745506474
      ],
      [
        0.002255005451658485,
        -0.0011496123619215018,
        0.9999967966657844,
        0.80901774204888
      ],
      [
        0.0,
        0.0,
        0.0,
        1.0
      ]
    ],
    "location": [
      8.58748079236102,
      -9.51950745506474,
      0.80901774204888
    ],
    "rotation": [
      -0.0011496155380755918,
      -0.002255007362798615,
      -1.7019940618054825
    ]
  },
  {
    "label_id": "No68zCO6os9hco-_ap9yaQ",
    "size": [
      0.7484054906059378,
      0.7235802196100946,
      1.7700000000000031
    ],
    "obj_class": "pedestrian",
    "point_num_in_lidar": 23,
    "speed": 2.5421149729252077e-12,
    "if_vehicle": false,
    "motion_state": false,
    "pose": [
      [
        -0.9622678780732324,
        0.2721001145773892,
        0.001434738795141928,
        48.35270982417569
      ],
      [
        -0.2720969241801607,
        -0.9622675904699984,
        0.0020852296658658274,
        19.904892758910137
      ],
      [
        0.0019479938743573145,
        0.0016161615127079972,
        0.9999967966657844,
        0.8422066868554552
      ],
      [
        0.0,
        0.0,
        0.0,
        1.0
      ]
    ],
    "location": [
      48.35270982417569,
      19.904892758910137,
      0.8422066868554552
    ],
    "rotation": [
      0.0016161652826926114,
      -0.0019479951063616945,
      -2.8660206112671527
    ]
  },
  {
    "label_id": "OpmBDWgrhvbDWXPsj-xPxA",
    "size": [
      0.7026515170164874,
      0.7358840794624211,
      1.68310318244977
    ],
    "obj_class": "pedestrian",
    "point_num_in_lidar": 25,
    "speed": 1.6077746776921857e-12,
    "if_vehicle": false,
    "motion_state": false,
    "pose": [
      [
        -0.9918283438311686,
        0.12757146192511362,
        0.001434738795141928,
        49.32563542090065
      ],
      [
        -0.1275683485551282,
        -0.9918275899893882,
        0.0020852296658658274,
        18.733378725090006
      ],
      [
        0.0016890293183740171,
        0.001885162627299095,
        0.9999967966657844,
        0.6782258187989001
      ],
      [
        0.0,
        0.0,
        0.0,
        1.0
      ]
    ],
    "location": [
      49.32563542090065,
      18.733378725090006,
      0.6782258187989001
    ],
    "rotation": [
      0.0018851664329200765,
      -0.001689030121457829,
      -3.013675561774067
    ]
  },
  {
    "label_id": "SV4MhXW_fLKMUyYTomC7iA",
    "size": [
      1.8745005814532132,
      4.026761972188614,
      1.730518501504406
    ],
    "obj_class": "vehicle",
    "point_num_in_lidar": 56,
    "speed": 3.2155493553843714e-12,
    "if_vehicle": true,
    "motion_state": false,
    "pose": [
      [
        0.5357891966391212,
        0.844350565991043,
        0.001434738795141928,
        23.067769648005196
      ],
      [
        -0.8443512022828052,
        0.5357860571355156,
        0.0020852296658658274,
        -3.943883484302205
      ],
      [
        0.0009919518065266712,
        -0.0023286669541221854,
        0.9999967966657844,
        0.8526192044561398
      ],
      [
        0.0,
        0.0,
        0.0,
        1.0
      ]
    ],
    "location": [
      23.067769648005196,
      -3.943883484302205,
      0.8526192044561398
    ],
    "rotation": [
      -0.0023286702044050226,
      -0.000991951969201613,
      -1.0053538668216602
    ]
  },
  {
    "label_id": "TBaMlPrcbb0tVmgFVZHKcA",
    "size": [
      0.8401860487472422,
      0.11186696262676982,
      0.8605185015044086
    ],
    "obj_class": "sign",
    "point_num_in_lidar": 22,
    "speed": 0.01227873667434815,
    "if_vehicle": false,
    "motion_state": false,
    "pose": [
      [
        0.9990167248816136,
        0.04431167940175317,
        0.001434738795141928,
        53.91983584559057
      ],
      [
        -0.04431461749536018,
        0.9990154485759871,
        0.0020852296658658274,
        10.265686490041844
      ],
      [
        -0.0013409261925852128,
        -0.0021467592123317293,
        0.9999967966657844,
        2.887619204456172
      ],
      [
        0.0,
        0.0,
        0.0,
        1.0
      ]
    ],
    "location": [
      53.91983584559057,
      10.265686490041844,
      2.887619204456172
    ],
    "rotation": [
      -0.002146762791284727,
      0.001340926594434982,
      -0.044329174273478
    ]
  },
  {
    "label_id": "V7YN8qOnLzj6EqMtbCjrbw",
    "size": [
      2.3616038729626827,
      4.897855298287807,
      1.8405185015044054
    ],
    "obj_class": "vehicle",
    "point_num_in_lidar": 1969,
    "speed": 0.0,
    "if_vehicle": true,
    "motion_state": false,
    "pose": [
      [
        0.6910147916238062,
        0.7228391932385082,
        0.001434738795141928,
        2.9910673179329024
      ],
      [
        -0.722840433042588,
        0.6910118379420461,
        0.0020852296658658274,
        -4.770993855840061
      ],
      [
        0.0005158642375936786,
        -0.002478011755029446,
        0.9999967966657844,
        0.8650715315408135
      ],
      [
        0.0,
        0.0,
        0.0,
        1.0
      ]
    ],
    "location": [
      2.9910673179329024,
      -4.770993855840061,
      0.8650715315408135
    ],
    "rotation": [
      -0.0024780146208126935,
      -0.0005158642604736282,
      -0.8079041931707115
    ]
  },
  {
    "label_id": "VA6JXxlf-ko9AI21ezS-gA",
    "size": [
      0.7480685522467491,
      0.7246482329219848,
      1.759999999999998
    ],
    "obj_class": "pedestrian",
    "point_num_in_lidar": 371,
    "speed": 0.8136662008161767,
    "if_vehicle": false,
    "motion_state": false,
    "pose": [
      [
        0.9992880600857232,
        0.03770032486201531,
        0.001434738795141928,
        -1.755224063366768
      ],
      [
        -0.03770327133647681,
        0.9992868032490816,
        0.0020852296658658274,
        -10.737364618769789
      ],
      [
        -0.001355101708279763,
        -0.00213783945372647,
        0.9999967966657844,
        0.8870848567008807
      ],
      [
        0.0,
        0.0,
        0.0,
        1.0
      ]
    ],
    "location": [
      -1.755224063366768,
      -10.737364618769789,
      0.8870848567008807
    ],
    "rotation": [
      -0.0021378430450434273,
      0.001355102123009128,
      -0.037712244461273144
    ]
  },
  {
    "label_id": "X1k3ar-6VxCGzHvtOE0rKw",
    "size": [
      2.3216964502777477,
      6.372934033764432,
      2.273059185505666
    ],
    "obj_class": "vehicle",
    "point_num_in_lidar": 11376,
    "speed": 3.410605131648481e-12,
    "if_vehicle": true,
    "motion_state": false,
    "pose": [
      [
        -0.9990084602204042,
        0.04449761715695089,
        0.001434738795141928,
        -11.612414450530196
      ],
      [
        -0.04449457741375539,
        -0.9990074496208785,
        0.0020852296658658274,
        6.003289864413091
      ],
      [
        0.0015261024959628837,
        0.002019323981313568,
        0.9999967966657844,
        0.9442359855992493
      ],
      [
        0.0,
        0.0,
        0.0,
        1.0
      ]
    ],
    "location": [
      -11.612414450530196,
      6.003289864413091,
      0.9442359855992493
    ],
    "rotation": [
      0.0020193277051723997,
      -0.0015261030883427819,
      -3.0970833297300104
    ]
  },
  {
    "label_id": "YmfytkE-ukfBRofAX1HVww",
    "size": [
      0.6442834931442091,
      0.7097897537460085,
      1.5500000000000043
    ],
    "obj_class": "pedestrian",
    "point_num_in_lidar": 22,
    "speed": 1.1787804515575986,
    "if_vehicle": false,
    "motion_state": true,
    "pose": [
      [
        0.9975914098067409,
        -0.06934926534858732,
        0.001434738795141928,
        15.030491405508656
      ],
      [
        0.06934620139318833,
        0.9975904751798587,
        0.0020852296658658274,
        -9.76873176474328
      ],
      [
        -0.001575890901815489,
        -0.0019807135167073976,
        0.9999967966657844,
        0.8413985129645241
      ],
      [
        0.0,
        0.0,
        0.0,
        1.0
      ]
    ],
    "location": [
      15.030491405508656,
      -9.76873176474328,
      0.8413985129645241
    ],
    "rotation": [
      -0.0019807172713340276,
      0.0015758915540859022,
      0.0694019881039887
    ]
  },
  {
    "label_id": "YoCJlxDeJXwOZIj1uoslgg",
    "size": [
      1.947960904978718,
      4.487277266717799,
      1.8100000000000023
    ],
    "obj_class": "vehicle",
    "point_num_in_lidar": 4308,
    "speed": 1.1368683772161603e-12,
    "if_vehicle": true,
    "motion_state": false,
    "pose": [
      [
        0.6813528284957142,
        0.7319537312053811,
        0.001434738795141928,
        -9.929016223912186
      ],
      [
        -0.7319549316682471,
        0.6813498586069953,
        0.0020852296658658274,
        -6.117408150967094
      ],
      [
        0.0005487325591427194,
        -0.002470941267660748,
        0.9999967966657844,
        0.828269845037525
      ],
      [
        0.0,
        0.0,
        0.0,
        1.0
      ]
    ],
    "location": [
      -9.929016223912186,
      -6.117408150967094,
      0.828269845037525
    ],
    "rotation": [
      -0.002470944154087804,
      -0.0005487325866806309,
      -0.8211868984929294
    ]
  },
  {
    "label_id": "YouvLLdH3acJBBBG3rStCg",
    "size": [
      0.8365938555532109,
      0.8002795032732734,
      1.8200000000000074
    ],
    "obj_class": "pedestrian",
    "point_num_in_lidar": 213,
    "speed": 1.266588124245453,
    "if_vehicle": false,
    "motion_state": true,
    "pose": [
      [
        -0.9998938495188644,
        0.014499352362645535,
        0.001434738795141928,
        -11.866051529657852
      ],
      [
        -0.014496344314420661,
        -0.9998927481579004,
        0.0020852296658658274,
        -9.80844765528309
      ],
      [
        0.0014648193964456476,
        0.0020642098501578833,
        0.9999967966657844,
        0.8247945673029946
      ],
      [
        0.0,
        0.0,
        0.0,
        1.0
      ]
    ],
    "location": [
      -11.866051529657852,
      -9.80844765528309,
      0.8247945673029946
    ],
    "rotation": [
      0.0020642135306723056,
      -0.0014648199202889737,
      -3.127095785953362
    ]
  },
  {
    "label_id": "aKdb2hW6WTmxEyp8LsOQ6w",
    "size": [
      0.8134728679887565,
      0.7413293880754128,
      1.7800000000000011
    ],
    "obj_class": "pedestrian",
    "point_num_in_lidar": 179,
    "speed": 0.5296058175361839,
    "if_vehicle": false,
    "motion_state": false,
    "pose": [
      [
        -0.40999976526817583,
        0.9120844993774591,
        0.001434738795141928,
        -1.057684598119522
      ],
      [
        -0.9120822285439585,
        -0.4100020246188145,
        0.0020852296658658274,
        -7.767926001841261
      ],
      [
        0.002490151466685609,
        -0.0004536560841162975,
        0.9999967966657844,
        0.6852333125878189
      ],
      [
        0.0,
        0.0,
        0.0,
        1.0
      ]
    ],
    "location": [
      -1.057684598119522,
      -7.767926001841261,
      0.6852333125878189
    ],
    "rotation": [
      -0.0004536575062113253,
      -0.0024901540402038733,
      -1.9932515253320673
    ]
  },
  {
    "label_id": "bof1aeoD2plQ-sVhmz6tng",
    "size": [
      2.0777450502071533,
      4.382102305572195,
      1.6253959798867612
    ],
    "obj_class": "vehicle",
    "point_num_in_lidar": 37,
    "speed": 0.12976056614010792,
    "if_vehicle": true,
    "motion_state": false,
    "pose": [
      [
        -0.9976902980608593,
        0.06791178601556093,
        0.001434738795141928,
        53.821138567662274
      ],
      [
        -0.06790872341002567,
        -0.9976893590201619,
        0.0020852296658658274,
        6.97331624301296
      ],
      [
        0.0015730352997480892,
        0.0019829821268580973,
        0.9999967966657844,
        0.717614120164157
      ],
      [
        0.0,
        0.0,
        0.0,
        1.0
      ]
    ],
    "location": [
      53.821138567662274,
      6.97331624301296,
      0.717614120164157
    ],
    "rotation": [
      0.0019829858798413483,
      -0.0015730359484790702,
      -3.073631542768795
    ]
  },
  {
    "label_id": "c3SCJxumyZ0SBk4CZmOJ6g",
    "size": [
      0.9673409614758759,
      1.0650027170117071,
      1.9586854736991413
    ],
    "obj_class": "pedestrian",
    "point_num_in_lidar": 83,
    "speed": 1.2148362072389272,
    "if_vehicle": false,
    "motion_state": true,
    "pose": [
      [
        0.996480533895052,
        -0.08381221326764823,
        0.001434738795141928,
        21.688546009580023
      ],
      [
        0.08380913607766273,
        0.9964796438097251,
        0.0020852296658658274,
        11.19906900615024
      ],
      [
        -0.0016044557170105962,
        -0.0019576465518178292,
        0.9999967966657844,
        1.0083531679585391
      ],
      [
        0.0,
        0.0,
        0.0,
        1.0
      ]
    ],
    "location": [
      21.688546009580023,
      11.19906900615024,
      1.0083531679585391
    ],
    "rotation": [
      -0.001957650322000638,
      0.0016044564053972756,
      0.0839076679081258
    ]
  },
  {
    "label_id": "fNy8PC-BmuP16FOJ9FFzIw",
    "size": [
      2.1476594433774308,
      5.107156534927326,
      1.980000000000004
    ],
    "obj_class": "vehicle",
    "point_num_in_lidar": 40,
    "speed": 1.3830600733622805e-11,
    "if_vehicle": true,
    "motion_state": false,
    "pose": [
      [
        0.7588001690569285,
        0.6513219211448102,
        0.001434738795141928,
        9.769325689427205
      ],
      [
        -0.6513234456242286,
        0.7587973517332696,
        0.0020852296658658274,
        -4.6730783365128445
      ],
      [
        0.0002694797938172046,
        -0.0025167516386041073,
        0.9999967966657844,
        0.8495289039752336
      ],
      [
        0.0,
        0.0,
        0.0,
        1.0
      ]
    ],
    "location": [
      9.769325689427205,
      -4.6730783365128445,
      0.8495289039752336
    ],
    "rotation": [
      -0.002516754386861513,
      -0.0002694797970787797,
      -0.7093272943768719
    ]
  },
  {
    "label_id": "gLdCcd_k3Lp-3dE0ol5ezA",
    "size": [
      2.1350699741361354,
      4.396070169772625,
      1.8305185015044074
    ],
    "obj_class": "vehicle",
    "point_num_in_lidar": 215,
    "speed": 3.5950934718225418e-12,
    "if_vehicle": true,
    "motion_state": false,
    "pose": [
      [
        0.6806052490515004,
        0.7326489176188924,
        0.001434738795141928,
        19.920081230258802
      ],
      [
        -0.7326501150492838,
        0.680602277938821,
        0.0020852296658658274,
        -3.9800986740228836
      ],
      [
        0.000551254765462608,
        -0.0024703797993925933,
        0.9999967966657844,
        0.892619204456139
      ],
      [
        0.0,
        0.0,
        0.0,
        1.0
      ]
    ],
    "location": [
      19.920081230258802,
      -3.9800986740228836,
      0.892619204456139
    ],
    "rotation": [
      -0.002470382687448379,
      -0.000551254793381995,
      -0.8222077586030484
    ]
  },
  {
    "label_id": "l-XnejT-kWgZdox4WXTk1Q",
    "size": [
      2.002831474961662,
      4.45394267847577,
      1.5900000000000034
    ],
    "obj_class": "vehicle",
    "point_num_in_lidar": 147,
    "speed": 2.2737367544323206e-12,
    "if_vehicle": true,
    "motion_state": false,
    "pose": [
      [
        0.5637952967892981,
        0.8259133155742537,
        0.001434738795141928,
        13.066347590145597
      ],
      [
        -0.8259140567618077,
        0.5637921803825362,
        0.0020852296658658274,
        -4.414321990865574
      ],
      [
        0.0009133244334765587,
        -0.0023606136170298913,
        0.9999967966657844,
        0.6428784552083542
      ],
      [
        0.0,
        0.0,
        0.0,
        1.0
      ]
    ],
    "location": [
      13.066347590145597,
      -4.414321990865574,
      0.6428784552083542
    ],
    "rotation": [
      -0.002360616794023849,
      -0.0009133245604532894,
      -0.9718221452655927
    ]
  },
  {
    "label_id": "mDfmRjIUQaWVZdGTGhcD6w",
    "size": [
      0.5983009868631416,
      0.49394130030032374,
      1.259999999999998
    ],
    "obj_class": "pedestrian",
    "point_num_in_lidar": 51,
    "speed": 0.35338072074486765,
    "if_vehicle": false,
    "motion_state": false,
    "pose": [
      [
        0.6071351882331107,
        0.7945972594552128,
        0.001434738795141928,
        7.917978194913303
      ],
      [
        -0.7945981661581193,
        0.6071321158985041,
        0.0020852296658658274,
        -11.244992830223055
      ],
      [
        0.0007858417773755065,
        -0.0024060571212304017,
        0.9999967966657844,
        0.9938025391933678
      ],
      [
        0.0,
        0.0,
        0.0,
        1.0
      ]
    ],
    "location": [
      7.917978194913303,
      -11.244992830223055,
      0.9938025391933678
    ],
    "rotation": [
      -0.002406060185654555,
      -0.0007858418582579402,
      -0.9183458448860561
    ]
  },
  {
    "label_id": "miUCgrw0d28mF4d4GaaTfg",
    "size": [
      0.7603092283551626,
      0.8180348372529171,
      1.7374134793072642
    ],
    "obj_class": "pedestrian",
    "point_num_in_lidar": 188,
    "speed": 1.4331184371818186,
    "if_vehicle": false,
    "motion_state": true,
    "pose": [
      [
        0.97114163133852,
        -0.23849921049292264,
        0.001434738795141928,
        2.889341454618261
      ],
      [
        0.23849603201587039,
        0.9711412330500264,
        0.0020852296658658274,
        -10.231552772129362
      ],
      [
        -0.001890659631624262,
        -0.0016828738298038366,
        0.9999967966657844,
        0.9422114449328092
      ],
      [
        0.0,
        0.0,
        0.0,
        1.0
      ]
    ],
    "location": [
      2.889341454618261,
      -10.231552772129362,
      0.9422114449328092
    ],
    "rotation": [
      -0.001682877631946877,
      0.00189066075801612,
      0.2408173378984713
    ]
  },
  {
    "label_id": "oBgkabLveCc0Yw1MvBSHOA",
    "size": [
      0.8283111702779489,
      0.7942693187629959,
      1.8171851638005094
    ],
    "obj_class": "pedestrian",
    "point_num_in_lidar": 66,
    "speed": 1.1958414240035584,
    "if_vehicle": false,
    "motion_state": true,
    "pose": [
      [
        0.9917672635759426,
        0.1280454467120029,
        0.001434738795141928,
        11.596794410383154
      ],
      [
        -0.1280482672533795,
        0.9917657450580998,
        0.0020852296658658274,
        -9.236446011702355
      ],
      [
        -0.0011559206260647842,
        -0.0022517783363222546,
        0.9999967966657844,
        1.0117209415496333
      ],
      [
        0.0,
        0.0,
        0.0,
        1.0
      ]
    ],
    "location": [
      11.596794410383154,
      -9.236446011702355,
      1.0117209415496333
    ],
    "rotation": [
      -0.0022517817436340103,
      0.0011559208834793103,
      -0.1284008817228386
    ]
  },
  {
    "label_id": "t1ePe__aXYB9-IF7fpKV7w",
    "size": [
      0.7204831567568487,
      0.8499257723597111,
      1.6992111162184642
    ],
    "obj_class": "pedestrian",
    "point_num_in_lidar": 47,
    "speed": 0.8064202218242303,
    "if_vehicle": false,
    "motion_state": false,
    "pose": [
      [
        -0.09446501069512865,
        -0.9955271484389357,
        0.001434738795141928,
        33.8979523386588
      ],
      [
        0.9955262913157806,
        -0.09446192416147535,
        0.0020852296658658274,
        3.9783167077839607
      ],
      [
        -0.0019403745558414591,
        0.0016253014344223301,
        0.9999967966657844,
        0.9374778777816033
      ],
      [
        0.0,
        0.0,
        0.0,
        1.0
      ]
    ],
    "location": [
      33.8979523386588,
      3.9783167077839607,
      0.9374778777816033
    ],
    "rotation": [
      0.001625305209676554,
      0.0019403757734458306,
      1.6654025785790312
    ]
  },
  {
    "label_id": "tLLaYUgBVODgrVjxYBagwA",
    "size": [
      0.7770444605792448,
      0.11190182437167095,
      0.7800000000000011
    ],
    "obj_class": "sign",
    "point_num_in_lidar": 31,
    "speed": 0.010166060721594388,
    "if_vehicle": false,
    "motion_state": false,
    "pose": [
      [
        -0.9948264436752191,
        0.10157897660985565,
        0.001434738795141928,
        31.715776676734095
      ],
      [
        -0.1015758840280438,
        -0.9948256086375954,
        0.0020852296658658274,
        -1.9742362115648575
      ],
      [
        0.001639130390568201,
        0.001928706751273495,
        0.9999967966657844,
        3.092897596987676
      ],
      [
        0.0,
        0.0,
        0.0,
        1.0
      ]
    ],
    "location": [
      31.715776676734095,
      -1.9742362115648575,
      3.092897596987676
    ],
    "rotation": [
      0.0019287105380296312,
      -0.001639131124557591,
      -3.039841145484331
    ]
  },
  {
    "label_id": "tX6UTCnyT-2fkHW2Wo8DoA",
    "size": [
      2.1232088259610036,
      4.640056433527341,
      1.5805185015044074
    ],
    "obj_class": "vehicle",
    "point_num_in_lidar": 3653,
    "speed": 3.410605131648481e-12,
    "if_vehicle": true,
    "motion_state": false,
    "pose": [
      [
        0.535789196638915,
        0.8443505659911739,
        0.001434738795141928,
        -3.2876691988276434
      ],
      [
        -0.8443512022829361,
        0.5357860571353094,
        0.0020852296658658274,
        -5.612594531834475
      ],
      [
        0.00099195180652724,
        -0.002328666954121943,
        0.9999967966657844,
        0.6116194801537986
      ],
      [
        0.0,
        0.0,
        0.0,
        1.0
      ]
    ],
    "location": [
      -3.2876691988276434,
      -5.612594531834475,
      0.6116194801537986
    ],
    "rotation": [
      -0.00232867020440478,
      -0.0009919519692021819,
      -1.0053538668219044
    ]
  },
  {
    "label_id": "wTQzq1o08FxvUHUSEzkiqA",
    "size": [
      0.433320598576897,
      0.4330533622057063,
      1.6430004366206958
    ],
    "obj_class": "pedestrian",
    "point_num_in_lidar": 40,
    "speed": 0.08231960539654073,
    "if_vehicle": false,
    "motion_state": false,
    "pose": [
      [
        -0.3123066679211656,
        0.9499802559509163,
        0.001434738795141928,
        7.284462844618247
      ],
      [
        -0.9499782340069284,
        -0.3123091524920754,
        0.0020852296658658274,
        -10.068898706100299
      ],
      [
        0.0024290090688539397,
        -0.0007117394980732346,
        0.9999967966657844,
        0.8738834225692003
      ],
      [
        0.0,
        0.0,
        0.0,
        1.0
      ]
    ],
    "location": [
      7.284462844618247,
      -10.068898706100299,
      0.8738834225692003
    ],
    "rotation": [
      -0.0007117416578362086,
      -0.0024290114574202996,
      -1.888417482295942
    ]
  },
  {
    "label_id": "xZ3xAFKzkG5ksRUdYiaIQw",
    "size": [
      2.16151229963882,
      5.133410977253657,
      1.5200000000000031
    ],
    "obj_class": "vehicle",
    "point_num_in_lidar": 4663,
    "speed": 0.004699638388980382,
    "if_vehicle": true,
    "motion_state": false,
    "pose": [
      [
        -0.9970717345925899,
        0.0764584697800946,
        0.001434738795141928,
        -4.994445597891172
      ],
      [
        -0.07645539924039023,
        -0.9970708218297402,
        0.0020852296658658274,
        6.187606712046545
      ],
      [
        0.0015899696589753325,
        0.001969430032580515,
        0.9999967966657844,
        0.5704620160216081
      ],
      [
        0.0,
        0.0,
        0.0,
        1.0
      ]
    ],
    "location": [
      -4.994445597891172,
      6.187606712046545,
      0.5704620160216081
    ],
    "rotation": [
      0.001969433795078469,
      -0.0015899703288842428,
      -3.0650624750546327
    ]
  },
  {
    "label_id": "y_AYZqAudv3jy1UANNLofA",
    "size": [
      0.370276323461439,
      0.09389329663093805,
      0.6300000000000026
    ],
    "obj_class": "sign",
    "point_num_in_lidar": 31,
    "speed": 0.006345947779263603,
    "if_vehicle": false,
    "motion_state": false,
    "pose": [
      [
        0.9999989707617651,
        -6.365104190566288e-15,
        0.001434738795141928,
        16.27340504503809
      ],
      [
