[
  {
    "label_id": "-lw-pbHiNJGWsl32vhmuQQ",
    "size": [
      0.6444965489754441,
      0.11856601403023674,
      0.71051850150441
    ],
    "obj_class": "sign",
    "point_num_in_lidar": 24,
    "speed": 0.004181006993772505,
    "if_vehicle": false,
    "motion_state": false,
    "pose": [
      [
        -0.9999504035203381,
        -0.00995753623610057,
        -0.0001948630788376941,
        54.23657469001046
      ],
      [
        0.009958105878796863,
        -0.9999453571121587,
        -0.0031810245431179917,
        -1.7266187789064134
      ],
      [
        -0.0001631772638003101,
        -0.0031828072426698696,
        0.999994921542723,
        3.1526192044562436
      ],
      [
        0.0,
        0.0,
        0.0,
        1.0
      ]
    ],
    "location": [
      54.23657469001046,
      -1.7266187789064134,
      3.1526192044562436
    ],
    "rotation": [
      -0.0031828126588471133,
      0.0001631772645244587,
      3.131634382990345
    ]
  },
  {
    "label_id": "5v-HhV-BedTvNkAgrUmSsA",
    "size": [
      2.1228378314039613,
      5.033050925192189,
      1.480000000000004
    ],
    "obj_class": "vehicle",
    "point_num_in_lidar": 2840,
    "speed": 0.00306268158406008,
    "if_vehicle": true,
    "motion_state": false,
    "pose": [
      [
        -0.9947624446303788,
        0.10221370153444738,
        -0.0001948630788376941,
        12.443777463522565
      ],
      [
        -0.10221256971004475,
        -0.994757493902974,
        -0.0031810245431179917,
        7.395389958117448
      ],
      [
        -0.0005189858011828165,
        -0.0031444462949116758,
        0.999994921542723,
        0.6156899598521619
      ],
      [
        0.0,
        0.0,
        0.0,
        1.0
      ]
    ],
    "location": [
      12.443777463522565,
      7.395389958117448,
      0.6156899598521619
    ],
    "rotation": [
      -0.0031444519002170692,
      0.0005189858244806335,
      -3.0392012519825484
    ]
  },
  {
    "label_id": "7igbE48KGSRL1PidJzMz3A",
    "size": [
      0.8269040431432761,
      0.8391242999262727,
      1.759999999999998
    ],
    "obj_class": "pedestrian",
    "point_num_in_lidar": 29,
    "speed": 5.796914039811764e-12,
    "if_vehicle": false,
    "motion_state": false,
    "pose": [
      [
        0.9997242731534077,
        -0.02348062384756963,
        -0.0001948630788376941,
        4.197106989908207
      ],
      [
        0.023479885800470748,
        0.9997192486121556,
        -0.0031810245431179917,
        -10.807025560745387
      ],
      [
        0.0002695008115047114,
        0.0031755720864139482,
        0.999994921542723,
        0.9192914644046155
      ],
      [
        0.0,
        0.0,
        0.0,
        1.0
      ]
    ],
    "location": [
      4.197106989908207,
      -10.807025560745387,
      0.9192914644046155
    ],
    "rotation": [
      0.0031755775389754907,
      -0.00026950081476704966,
      0.02348204461867844
    ]
  },
  {
    "label_id": "Abp2wF28Amdp-8SvcS3E1g",
    "size": [
      2.196294568927894,
      4.401772619467235,
      1.7100000000000009
    ],
    "obj_class": "vehicle",
    "point_num_in_lidar": 2685,
    "speed": 0.0016668843648175436,
    "if_vehicle": true,
    "motion_state": false,
    "pose": [
      [
        0.9995928726662017,
        0.028531578002470977,
        -0.0001948630788376941,
        14.714482925824996
      ],
      [
        -0.028532053801351983,
        0.9995878165467669,
        -0.0031810245431179917,
        -0.00024195665173465386
      ],
      [
        0.00010402310962120552,
        0.0031852893049262995,
        0.999994921542723,
        0.9120425083303232
      ],
      [
        0.0,
        0.0,
        0.0,
        1.0
      ]
    ],
    "location": [
      14.714482925824996,
      -0.00024195665173465386,
      0.9120425083303232
    ],
    "rotation": [
      0.003185294708544972,
      -0.00010402310980880786,
      -0.028535926594632968
    ]
  },
  {
    "label_id": "BWvewDT0hJdWZfzsS5N52A",
    "size": [
      0.867273548453602,
      0.9365148916588351,
      1.7102353335570868
    ],
    "obj_class": "pedestrian",
    "point_num_in_lidar": 28,
    "speed": 1.8815666231058805,
    "if_vehicle": false,
    "motion_state": true,
    "pose": [
      [
        0.9989716295169008,
        -0.04533922637990543,
        -0.0001948630788376941,
        62.63587073543749
      ],
      [
        0.0453383786213667,
        0.9989666223187047,
        -0.0031810245431179917,
        14.524018881122174
      ],
      [
        0.00033888690356157663,
        0.003168918495324167,
        0.999994921542723,
        0.9386007205869831
      ],
      [
        0.0,
        0.0,
        0.0,
        1.0
      ]
    ],
    "location": [
      62.63587073543749,
      14.524018881122174,
      0.9386007205869831
    ],
    "rotation": [
      0.0031689239810519503,
      -0.00033888691004811705,
      0.045353928303973015
    ]
  },
  {
    "label_id": "C4NxoX3efnXfwLAduEGZxw",
    "size": [
      2.0028314749616642,
      4.45394267847577,
      1.5900000000000034
    ],
    "obj_class": "vehicle",
    "point_num_in_lidar": 1135,
    "speed": 6.431098710768743e-12,
    "if_vehicle": true,
    "motion_state": false,
    "pose": [
      [
        0.5637958663654498,
        0.8259141499560425,
        -0.0001948630788376941,
        16.627299012507137
      ],
      [
        -0.8259103364243646,
        0.5637925126057004,
        -0.0031810245431179917,
        -4.547454089850362
      ],
      [
        -0.002517390836686619,
        0.0019543879192164947,
        0.999994921542723,
        0.6528784552083522
      ],
      [
        0.0,
        0.0,
        0.0,
        1.0
      ]
    ],
    "location": [
      16.627299012507137,
      -4.547454089850362,
      0.6528784552083522
    ],
    "rotation": [
      0.001954395356162606,
      0.002517393495586161,
      -0.9718195773266818
    ]
  },
  {
    "label_id": "D-j8uA5tzbpXhUFsbPfY1w",
    "size": [
      0.987327385809034,
      0.7573816566762264,
      1.5740498284474072
    ],
    "obj_class": "pedestrian",
    "point_num_in_lidar": 56,
    "speed": 0.9856824234839652,
    "if_vehicle": false,
    "motion_state": false,
    "pose": [
      [
        0.9999890397615734,
        0.004677861167987822,
        -0.0001948630788376941,
        31.87499838526128
      ],
      [
        -0.0046784574467608085,
        0.9999839964313303,
        -0.0031810245431179917,
        -8.69944580453739
      ],
      [
        0.00017997956914836288,
        0.0031819013369528454,
        0.999994921542723,
        0.9657108510742916
      ],
      [
        0.0,
        0.0,
        0.0,
        1.0
      ]
    ],
    "location": [
      31.87499838526128,
      -8.69944580453739,
      0.9657108510742916
    ],
    "rotation": [
      0.0031819067577039594,
      -0.00017997957012003195,
      -0.004678474589688309
    ]
  },
  {
    "label_id": "DV-QVxiC5bGWoAdie1BT7w",
    "size": [
      2.1232088259670676,
      4.640056433527341,
      1.5305185015044103
    ],
    "obj_class": "vehicle",
    "point_num_in_lidar": 336,
    "speed": 1.2416979553955116,
    "if_vehicle": true,
    "motion_state": true,
    "pose": [
      [
        0.9988600404353976,
        -0.04773449119637183,
        -0.0001948630788376941,
        24.070648138513207
      ],
      [
        0.04773363143370477,
        0.9988550352844037,
        -0.0031810245431179917,
        1.0634346543884021
      ],
      [
        0.00034648455553696093,
        0.003168096781379554,
        0.999994921542723,
        0.8906195172573916
      ],
      [
        0.0,
        0.0,
        0.0,
        1.0
      ]
    ],
    "location": [
      24.070648138513207,
      1.0634346543884021,
      0.8906195172573916
    ],
    "rotation": [
      0.0031681022711838682,
      -0.0003464845624696291,
      0.04775177975648603
    ]
  },
  {
    "label_id": "Djbr-wq3c_Wu_emcmW1Dog",
    "size": [
      2.459956087835262,
      5.612823795445765,
      2.270518501504405
    ],
    "obj_class": "vehicle",
    "point_num_in_lidar": 13613,
    "speed": 3.5950934718225418e-12,
    "if_vehicle": true,
    "motion_state": false,
    "pose": [
      [
        0.6979184607835811,
        0.716177201623912,
        -0.0001948630788376941,
        6.414921689989569
      ],
      [
        -0.7161740243575719,
        0.6979144990028049,
        -0.0031810245431179917,
        -4.570807764146593
      ],
      [
        -0.002142179487546073,
        0.0023596516282176016,
        0.999994921542723,
        0.9843217894678773
      ],
      [
        0.0,
        0.0,
        0.0,
        1.0
      ]
    ],
    "location": [
      6.414921689989569,
      -4.570807764146593,
      0.9843217894678773
    ],
    "rotation": [
      0.0023596592321376876,
      0.002142181125935798,
      -0.798307184343152
    ]
  },
  {
    "label_id": "EB8EchWMY1Oagsjrk4KwsA",
    "size": [
      2.203939785643837,
      4.8606414627357974,
      1.6200000000000045
    ],
    "obj_class": "vehicle",
    "point_num_in_lidar": 36,
    "speed": 4.099037227506402e-12,
    "if_vehicle": true,
    "motion_state": false,
    "pose": [
      [
        0.6763910286669325,
        0.7365426928340743,
        -0.0001948630788376941,
        68.75947913958225
      ],
      [
        -0.7365393995716782,
        0.676387162771033,
        -0.0031810245431179917,
        -2.6366225702222437
      ],
      [
        -0.0022111574979355505,
        0.002295140798020141,
        0.999994921542723,
        0.8066471474137629
      ],
      [
        0.0,
        0.0,
        0.0,
        1.0
      ]
    ],
    "location": [
      68.75947913958225,
      -2.6366225702222437,
      0.8066471474137629
    ],
    "rotation": [
      0.002295148423789403,
      0.0022111592997444965,
      -0.8279424214358891
    ]
  },
  {
    "label_id": "G96MfK6U70_2CEKJH1g1gA",
    "size": [
      2.050767647742153,
      4.751621205894719,
      1.783059185505671
    ],
    "obj_class": "vehicle",
    "point_num_in_lidar": 4669,
    "speed": 1.1368683772161603e-12,
    "if_vehicle": true,
    "motion_state": false,
    "pose": [
      [
        -0.9991564601885565,
        0.04106494967553039,
        -0.0001948630788376941,
        6.1541660873481305
      ],
      [
        -0.04106412334685297,
        -0.9991514494092527,
        -0.0031810245431179917,
        6.99745912932849
      ],
      [
        -0.0003253263404367989,
        -0.003170339340769555,
        0.999994921542723,
        0.7391687868486301
      ],
      [
        0.0,
        0.0,
        0.0,
        1.0
      ]
    ],
    "location": [
      6.1541660873481305,
      6.99745912932849,
      0.7391687868486301
    ],
    "rotation": [
      -0.0031703448194384124,
      0.0003253263461754055,
      -3.1005169784885296
    ]
  },
  {
    "label_id": "GvNSnjQZk7nOuKBrSduqOA",
    "size": [
      2.1579955411862746,
      4.7553734910656065,
      1.5499999999999972
    ],
    "obj_class": "vehicle",
    "point_num_in_lidar": 56,
    "speed": 1.3235537346095816,
    "if_vehicle": true,
    "motion_state": true,
    "pose": [
      [
        -0.999385230678423,
        0.035058846675490786,
        -0.0001948630788376941,
        58.743699983358965
      ],
      [
        -0.03505805047868389,
        -0.9993802150230362,
        -0.0031810245431179917,
        6.8824762699441635
      ],
      [
        -0.00030626535735701237,
        -0.003172237427163376,
        0.999994921542723,
        0.7734803522607052
      ],
      [
        0.0,
        0.0,
        0.0,
        1.0
      ]
    ],
    "location": [
      58.743699983358965,
      6.8824762699441635,
      0.7734803522607052
    ],
    "rotation": [
      -0.003172242896382346,
      0.00030626536214488283,
      -3.106527416042821
    ]
  },
  {
    "label_id": "H1UceUMUw7amJjkZPWl6qg",
    "size": [
      0.6970462820037266,
      0.7653631564612301,
      1.6941567563163105
    ],
    "obj_class": "pedestrian",
    "point_num_in_lidar": 41,
    "speed": 1.3676580555141815,
    "if_vehicle": false,
    "motion_state": true,
    "pose": [
      [
        -0.9994979509431527,
        0.03168293055920687,
        -0.0001948630788376941,
        52.17945816247084
      ],
      [
        -0.03168215130878613,
        -0.9994929326269912,
        -0.0031810245431179917,
        -5.923199731601926
      ],
      [
        -0.0002955484498349516,
        -0.00317325383119808,
        0.999994921542723,
        0.9439012894432253
      ],
      [
        0.0,
        0.0,
        0.0,
        1.0
      ]
    ],
    "location": [
      52.17945816247084,
      -5.923199731601926,
      0.9439012894432253
    ],
    "rotation": [
      -0.0031732592953473446,
      0.00029554845413758975,
      -3.109905198295227
    ]
  },
  {
    "label_id": "ImNXxSqrOhGjnDuh8WZ_rw",
    "size": [
      0.7006499850009904,
      0.8057173953675747,
      1.5600000000000023
    ],
    "obj_class": "pedestrian",
    "point_num_in_lidar": 28,
    "speed": 0.9952951639691571,
    "if_vehicle": false,
    "motion_state": false,
    "pose": [
      [
        -0.9963807203798711,
        -0.08500248280885347,
        -0.0001948630788376941,
        61.54831558139995
      ],
      [
        0.08500267197583955,
        -0.9963756454469488,
        -0.0031810245431179917,
        -5.720816569621093
      ],
      [
        7.623815809024098e-05,
        -0.003186075408188598,
        0.999994921542723,
        0.8556711139387048
      ],
      [
        0.0,
        0.0,
        0.0,
        1.0
      ]
    ],
    "location": [
      61.54831558139995,
      -5.720816569621093,
      0.8556711139387048
    ],
    "rotation": [
      -0.0031860808078216164,
      -7.623815816409361e-05,
      3.0564872832767134
    ]
  },
  {
    "label_id": "J8-j5tMTE7dijlXHKvNmRw",
    "size": [
      1.8686382631255227,
      4.258107369427481,
      1.7700000000000031
    ],
    "obj_class": "vehicle",
    "point_num_in_lidar": 73,
    "speed": 2.5421149729252077e-12,
    "if_vehicle": true,
    "motion_state": false,
    "pose": [
      [
        0.08394592594316105,
        0.9964702923549331,
        -0.0001948630788376941,
        38.59394028606039
      ],
      [
        -0.9964653216956049,
        0.08394488513858901,
        -0.0031810245431179917,
        -13.496263904497027
      ],
      [
        -0.003153438697698221,
        0.00046120835126055955,
        0.999994921542723,
        1.0303133105763678
      ],
      [
        0.0,
        0.0,
        0.0,
        1.0
      ]
    ],
    "location": [
      38.59394028606039,
      -13.496263904497027,
      1.0303133105763678
    ],
    "rotation": [
      0.0004612106607971754,
      0.003153443924112978,
      -1.4867510746656682
    ]
  },
  {
    "label_id": "LVurOGR3dPZTYlctUjwF1w",
    "size": [
      0.8553806403988745,
      0.9205835426103812,
      1.5600000000000023
    ],
    "obj_class": "pedestrian",
    "point_num_in_lidar": 120,
    "speed": 0.8835476266564546,
    "if_vehicle": false,
    "motion_state": false,
    "pose": [
      [
        0.9999578395194283,
        -0.009180479944842362,
        -0.0001948630788376941,
        20.81786603128421
      ],
      [
        0.009179813832637017,
        0.99995280493674,
        -0.0031810245431179917,
        12.421899212560675
      ],
      [
        0.00022405721428450737,
        0.0031791016228079594,
        0.999994921542723,
        0.7569647060093061
      ],
      [
        0.0,
        0.0,
        0.0,
        1.0
      ]
    ],
    "location": [
      20.81786603128421,
      12.421899212560675,
      0.7569647060093061
    ],
    "rotation": [
      0.003179107057661679,
      -0.0002240572161591805,
      0.009179942996884707
    ]
  },
  {
    "label_id": "MgUHjjRH5WfE7KTO3UAfsQ",
    "size": [
      2.122082204683363,
      4.89751997057426,
      1.4830591855056738
    ],
    "obj_class": "vehicle",
    "point_num_in_lidar": 4163,
    "speed": 2.2737367544323206e-12,
    "if_vehicle": true,
    "motion_state": false,
    "pose": [
      [
        -0.9924506336748314,
        0.12264461564539274,
        -0.0001948630788376941,
        0.6649122067319695
      ],
      [
        -0.12264338227226562,
        -0.9924457072644705,
        -0.0031810245431179917,
        6.701107151944598
      ],
      [
        -0.0005835265585460747,
        -0.0031331111564840003,
        0.999994921542723,
        0.5879292717242564
      ],
      [
        0.0,
        0.0,
        0.0,
        1.0
      ]
    ],
    "location": [
      0.6649122067319695,
      6.701107151944598,
      0.5879292717242564
    ],
    "rotation": [
      -0.0031331168158978194,
      0.0005835265916615276,
      -3.018639695727706
    ]
  },
  {
    "label_id": "No68zCO6os9hco-_ap9yaQ",
    "size": [
      0.7484054906059378,
      0.7235802196100946,
      1.7700000000000031
    ],
    "obj_class": "pedestrian",
    "point_num_in_lidar": 44,
    "speed": 2.5421149729252077e-12,
    "if_vehicle": false,
    "motion_state": false,
    "pose": [
      [
        -0.9622688502076898,
        0.2721003894674736,
        -0.0001948630788376941,
        48.352709824168414
      ],
      [
        -0.2720984214732424,
        -0.962264168570474,
        -0.0031810245431179917,
        19.904892758910137
      ],
      [
        -0.0010530677756308345,
        -0.0030079788934334398,
        0.999994921542723,
        0.645058517487854
      ],
      [
        0.0,
        0.0,
        0.0,
        1.0
      ]
    ],
    "location": [
      48.352709824168414,
      19.904892758910137,
      0.645058517487854
    ],
    "rotation": [
      -0.003007985097313154,
      0.0010530679702644887,
      -2.866019434982028
    ]
  },
  {
    "label_id": "OpmBDWgrhvbDWXPsj-xPxA",
    "size": [
      0.7026515170164908,
      0.7358840794624211,
      1.68310318244977
    ],
    "obj_class": "pedestrian",
    "point_num_in_lidar": 35,
    "speed": 1.6077746776921857e-12,
    "if_vehicle": false,
    "motion_state": false,
    "pose": [
      [
        -0.9918293458291892,
        0.12757159080462646,
        -0.0001948630788376941,
        49.32563542090065
      ],
      [
        -0.1275703329822649,
        -0.9918244256044767,
        -0.0031810245431179917,
        18.733378725090006
      ],
      [
        -0.000599078322593838,
        -0.0031301747438140398,
        0.999994921542723,
        0.6565038350814731
      ],
      [
        0.0,
        0.0,
        0.0,
        1.0
      ]
    ],
    "location": [
      49.32563542090065,
      18.733378725090006,
      0.6565038350814731
    ],
    "rotation": [
      -0.003130180417113445,
      0.0005990783584281966,
      -3.0136737213832636
    ]
  },
  {
    "label_id": "SV4MhXW_fLKMUyYTomC7iA",
    "size": [
      1.8745005814532096,
      4.026761972188614,
      1.730518501504406
    ],
    "obj_class": "vehicle",
    "point_num_in_lidar": 409,
    "speed": 3.2155493553843714e-12,
    "if_vehicle": true,
    "motion_state": false,
    "pose": [
      [
        0.5357897379220155,
        0.8443514189991265,
        -0.0001948630788376941,
        23.06776964799792
      ],
      [
        -0.8443474951746568,
        0.535786513898156,
        -0.0031810245431179917,
        -3.943883484294929
      ],
      [
        -0.0025814975771548147,
        0.0018688924587993163,
        0.999994921542723,
        0.852619204456154
      ],
      [
        0.0,
        0.0,
        0.0,
        1.0
      ]
    ],
    "location": [
      23.06776964799792,
      -3.943883484294929,
      0.852619204456154
    ],
    "rotation": [
      0.0018688997740457676,
      0.0025815004444025434,
      -1.0053514235509577
    ]
  },
  {
    "label_id": "SkVKxXh2jIQZVXZoNdO_aw",
    "size": [
      0.8929253568931018,
      0.9206928310170497,
      1.7000000000000028
    ],
    "obj_class": "pedestrian",
    "point_num_in_lidar": 35,
    "speed": 0.004879742596639952,
    "if_vehicle": false,
    "motion_state": false,
    "pose": [
      [
        0.99999998101419,
        -1.5624888643204753e-15,
        -0.0001948630788376941,
        50.59733084215259
      ],
      [
        -6.198642465370693e-07,
        0.9999949405284367,
        -0.0031810245431179917,
        20.38993716096593
      ],
      [
        0.00019486209293349298,
        0.00318102460351232,
        0.999994921542723,
        0.7048996319850929
      ],
      [
        0.0,
        0.0,
        0.0,
        1.0
      ]
    ],
    "location": [
      50.59733084215259,
      20.38993716096593,
      0.7048996319850929
    ],
    "rotation": [
      0.0031810300286850422,
      -0.0001948620941666854,
      -6.198642583056149e-07
    ]
  },
  {
    "label_id": "TBaMlPrcbb0tVmgFVZHKcA",
    "size": [
      0.8401860487472413,
      0.11186696262676982,
      0.8605185015044086
    ],
    "obj_class": "sign",
    "point_num_in_lidar": 32,
    "speed": 0.003001780627663844,
    "if_vehicle": false,
    "motion_state": false,
    "pose": [
      [
        0.9990177341417217,
        0.044311724167771405,
        -0.0001948630788376941,
        53.88719613914145
      ],
      [
        -0.044312120070541174,
        0.9990126711397158,
        -0.0031810245431179917,
        10.267021436877258
      ],
      [
        5.371400277059826e-05,
        0.0031865347274617132,
        0.999994921542723,
        2.8876192044562075
      ],
      [
        0.0,
        0.0,
        0.0,
        1.0
      ]
    ],
    "location": [
      53.88719613914145,
      10.267021436877258,
      2.8876192044562075
    ],
    "rotation": [
      0.0031865401247640956,
      -5.371400279642748e-05,
      -0.04432663457705208
    ]
  },
  {
    "label_id": "V7YN8qOnLzj6EqMtbCjrbw",
    "size": [
      2.3616038729626836,
      4.897855298287807,
      1.8405185015044054
    ],
    "obj_class": "vehicle",
    "point_num_in_lidar": 6003,
    "speed": 0.0,
    "if_vehicle": true,
    "motion_state": false,
    "pose": [
      [
        0.6910154897238939,
        0.7228399234893073,
        -0.0001948630788376941,
        2.9910673179256264
      ],
      [
        -0.7228367083607069,
        0.6910115586074623,
        -0.0031810245431179917,
        -4.770993855840061
      ],
      [
        -0.002164718897542334,
        0.002338991418974477,
        0.999994921542723,
        0.8476192044561586
      ],
      [
        0.0,
        0.0,
        0.0,
        1.0
      ]
    ],
    "location": [
      2.9910673179256264,
      -4.770993855840061,
      0.8476192044561586
    ],
    "rotation": [
      0.0023389990320040158,
      0.00216472058819421,
      -0.8079011147378454
    ]
  },
  {
    "label_id": "VA6JXxlf-ko9AI21ezS-gA",
    "size": [
      0.7480685522434067,
      0.7246482329219848,
      1.759999999999998
    ],
    "obj_class": "pedestrian",
    "point_num_in_lidar": 145,
    "speed": 0.7183290385175612,
    "if_vehicle": false,
    "motion_state": false,
    "pose": [
      [
        0.9998582562730591,
        -0.01683536132603312,
        -0.0001948630788376941,
        1.7446870641724672
      ],
      [
        0.016834656691234597,
        0.9998532269373063,
        -0.0031810245431179917,
        -10.718313802826742
      ],
      [
        0.000248388175757178,
        0.0031772931998097307,
        0.999994921542723,
        0.8556575308778775
      ],
      [
        0.0,
        0.0,
        0.0,
        1.0
      ]
    ],
    "location": [
      1.7446870641724672,
      -10.718313802826742,
      0.8556575308778775
    ],
    "rotation": [
      0.003177298643746269,
      -0.0002483881783112993,
      0.01683545248490535
    ]
  },
  {
    "label_id": "Xhv1ib3Sd4Npw2uCm8OIgA",
    "size": [
      0.7032178819243031,
      0.8587069967628569,
      1.7415277018557802
    ],
    "obj_class": "pedestrian",
    "point_num_in_lidar": 30,
    "speed": 1.0982115156491012,
    "if_vehicle": false,
    "motion_state": true,
    "pose": [
      [
        -0.961405890374229,
        -0.27513392372100615,
        -0.0001948630788376941,
        56.591497664565395
      ],
      [
        0.2751331328535077,
        -0.9614008738757575,
        -0.0031810245431179917,
        -4.469334985209571
      ],
      [
        0.0006878662297201941,
        -0.003111869022536723,
        0.999994921542723,
        0.9656782545794655
      ],
      [
        0.0,
        0.0,
        0.0,
        1.0
      ]
    ],
    "location": [
      56.591497664565395,
      -4.469334985209571,
      0.9656782545794655
    ],
    "rotation": [
      -0.0031118747811842836,
      -0.0006878662839653308,
      2.862864409012866
    ]
  },
  {
    "label_id": "XsywigB-Q40d0u9u21SmQg",
    "size": [
      0.7289434170525809,
      0.9162428550820471,
      1.9424134016137273
    ],
    "obj_class": "pedestrian",
    "point_num_in_lidar": 56,
    "speed": 1.5062165970640602,
    "if_vehicle": false,
    "motion_state": true,
    "pose": [
      [
        0.9920870220572479,
        -0.12555199199519748,
        -0.0001948630788376941,
        32.326777637033956
      ],
      [
        0.12555074419287085,
        0.9920820992818449,
        -0.0031810245431179917,
        -6.818554824792955
      ],
      [
        0.0005927041402999001,
        0.00313138796150916,
        0.999994921542723,
        1.0313776320180494
      ],
      [
        0.0,
        0.0,
        0.0,
        1.0
      ]
    ],
    "location": [
      32.326777637033956,
      -6.818554824792955,
      1.0313776320180494
    ],
    "rotation": [
      0.0031313936290780988,
      -0.000592704175002555,
      0.12588297080696667
    ]
  },
  {
    "label_id": "YmfytkE-ukfBRofAX1HVww",
    "size": [
      0.6442834931412954,
      0.7097897537460085,
      1.5500000000000043
    ],
    "obj_class": "pedestrian",
    "point_num_in_lidar": 55,
    "speed": 1.3708751731566071,
    "if_vehicle": false,
    "motion_state": true,
    "pose": [
      [
        0.995318395177729,
        -0.09665016424823418,
        -0.0001948630788376941,
        21.03229807390744
      ],
      [
        0.09664906012214862,
        0.9953134381994253,
        -0.0031810245431179917,
        -9.171685532368429
      ],
      [
        0.000501396385546089,
        0.003147298909854997,
        0.999994921542723,
        0.8459257778134557
      ],
      [
        0.0,
        0.0,
        0.0,
        1.0
      ]
    ],
    "location": [
      21.03229807390744,
      -9.171685532368429,
      0.8459257778134557
    ],
    "rotation": [
      0.0031473045014162497,
      -0.0005013964065544608,
      0.09680017548706693
    ]
  },
  {
    "label_id": "aOalNxxJ9uA_4VqI2Wr-pw",
    "size": [
      1.0000000000090536,
      1.0,
      1.7608367811754064
    ],
    "obj_class": "pedestrian",
    "point_num_in_lidar": 47,
    "speed": 1.2290131568673412,
    "if_vehicle": false,
    "motion_state": true,
    "pose": [
      [
        0.522200259821888,
        -0.8528228718030098,
        -0.0001948630788376941,
        51.73943005109322
      ],
      [
        0.8528182494681152,
        0.5221981563132864,
        -0.0031810245431179917,
        -4.908270938998612
      ],
      [
        0.0028146076266403175,
        0.0014949490531356885,
        0.999994921542723,
        0.9621544123061341
      ],
      [
        0.0,
        0.0,
        0.0,
        1.0
      ]
    ],
    "location": [
      51.73943005109322,
      -4.908270938998612,
      0.9621544123061341
    ],
    "rotation": [
      0.0014949555315200735,
      -0.0028146113428813837,
      1.0213650097500908
    ]
  },
  {
    "label_id": "bof1aeoD2plQ-sVhmz6tng",
    "size": [
      2.0777450502120938,
      4.382102305572195,
      1.6253959798867612
    ],
    "obj_class": "vehicle",
    "point_num_in_lidar": 123,
    "speed": 3.0687818505663156,
    "if_vehicle": true,
    "motion_state": true,
    "pose": [
      [
        -0.9960671603567602,
        0.08860120815880967,
        -0.0001948630788376941,
        47.891131688433234
      ],
      [
        -0.08860014413924062,
        -0.9960621946150561,
        -0.0031810245431179917,
        6.552245316124754
      ],
      [
        -0.00047593836365959996,
        -0.003151249186816263,
        0.999994921542723,
        0.7005950281620414
      ],
      [
        0.0,
        0.0,
        0.0,
        1.0
      ]
    ],
    "location": [
      47.891131688433234,
      6.552245316124754,
      0.7005950281620414
    ],
    "rotation": [
      -0.0031512547592601583,
      0.00047593838162764937,
      -3.052876169663491
    ]
  },
  {
    "label_id": "c3SCJxumyZ0SBk4CZmOJ6g",
    "size": [
      0.9673409614757292,
      1.0650027170117071,
      1.9586854736991413
    ],
    "obj_class": "pedestrian",
    "point_num_in_lidar": 181,
    "speed": 1.1789069849331026,
    "if_vehicle": false,
    "motion_state": true,
    "pose": [
      [
        0.9949159299850499,
        -0.1007087597499039,
        -0.0001948630788376941,
        27.28193260698754
      ],
      [
        0.10070763541599893,
        0.9949109775511447,
        -0.0031810245431179917,
        11.699282695713919
      ],
      [
        0.0005142284527264537,
        0.0031452277917218795,
        0.999994921542723,
        1.0083531679585391
      ],
      [
        0.0,
        0.0,
        0.0,
        1.0
      ]
    ],
    "location": [
      27.28193260698754,
      11.699282695713919,
      1.0083531679585391
    ],
    "rotation": [
      0.0031452333932670464,
      -0.0005142284753894386,
      0.100878660376689
    ]
  },
  {
    "label_id": "cEBTjT2GdLcTLHmXu-PHfw",
    "size": [
      0.8625872603649603,
      0.8538088650045665,
      1.7592707532064438
    ],
    "obj_class": "pedestrian",
    "point_num_in_lidar": 58,
    "speed": 1.4320766438174242,
    "if_vehicle": false,
    "motion_state": true,
    "pose": [
      [
        -0.9609619767446412,
        0.2766803955458572,
        -0.0001948630788376941,
        18.653157897082565
      ],
      [
        -0.2766784052762543,
        -0.9609573045336847,
        -0.0031810245431179917,
        -8.04329530907853
      ],
      [
        -0.0010673822278239712,
        -0.0030029292271278505,
        0.999994921542723,
        0.9010396281056217
      ],
      [
        0.0,
        0.0,
        0.0,
        1.0
      ]
    ],
    "location": [
      18.653157897082565,
      -8.04329530907853,
      0.9010396281056217
    ],
    "rotation": [
      -0.003002935450975608,
      0.001067382430503028,
      -2.86125663766688
    ]
  },
  {
    "label_id": "fNy8PC-BmuP16FOJ9FFzIw",
    "size": [
      2.1476594433774303,
      5.107156534927326,
      1.980000000000004
    ],
    "obj_class": "vehicle",
    "point_num_in_lidar": 4646,
    "speed": 1.3830600733622805e-11,
    "if_vehicle": true,
    "motion_state": false,
    "pose": [
      [
        0.7588009356374287,
        0.6513225791450373,
        -0.0001948630788376941,
        9.76932568941993
      ],
      [
        -0.6513197665163744,
        0.7587967071804619,
        -0.0031810245431179917,
        -4.6730783365128445
      ],
      [
        -0.0019240116471741853,
        0.002540682574614785,
        0.999994921542723,
        0.8495289039752336
      ],
      [
        0.0,
        0.0,
        0.0,
        1.0
      ]
    ],
    "location": [
      9.76932568941993,
      -4.6730783365128445,
      0.8495289039752336
    ],
    "rotation": [
      0.002540690010606557,
      0.001924012834233891,
      -0.7093240033711465
    ]
  },
  {
    "label_id": "gLdCcd_k3Lp-3dE0ol5ezA",
    "size": [
      2.1350699741361345,
      4.396070169772625,
      1.8305185015044074
    ],
    "obj_class": "vehicle",
    "point_num_in_lidar": 1096,
    "speed": 3.5950934718225418e-12,
    "if_vehicle": true,
    "motion_state": false,
    "pose": [
      [
        0.6806059366353111,
        0.7326496577800001,
        -0.0001948630788376941,
        19.92008123024425
      ],
      [
        -0.732646386753063,
        0.6806020519073809,
        -0.0031810245431179917,
        -3.9800986740228836
      ],
      [
        -0.002197952331607254,
        0.0023077899192507473,
        0.999994921542723,
        0.8926192044561532
      ],
      [
        0.0,
        0.0,
        0.0,
        1.0
      ]
    ],
    "location": [
      19.92008123024425,
      -3.9800986740228836,
      0.8926192044561532
    ],
    "rotation": [
      0.0023077975422583813,
      0.0021979541013270212,
      -0.8222047173389043
    ]
  },
  {
    "label_id": "l-XnejT-kWgZdox4WXTk1Q",
    "size": [
      2.002831474961664,
      4.45394267847577,
      1.5900000000000034
    ],
    "obj_class": "vehicle",
    "point_num_in_lidar": 3618,
    "speed": 2.2737367544323206e-12,
    "if_vehicle": true,
    "motion_state": false,
    "pose": [
      [
        0.5637958663654498,
        0.8259141499560425,
        -0.0001948630788376941,
        13.066347590145597
      ],
      [
        -0.8259103364243646,
        0.5637925126057004,
        -0.0031810245431179917,
        -4.414321990865574
      ],
      [
        -0.002517390836686619,
        0.0019543879192164947,
        0.999994921542723,
        0.6428784552083613
      ],
      [
        0.0,
        0.0,
        0.0,
        1.0
      ]
    ],
    "location": [
      13.066347590145597,
      -4.414321990865574,
      0.6428784552083613
    ],
    "rotation": [
      0.001954395356162606,
      0.002517393495586161,
      -0.9718195773266818
    ]
  },
  {
    "label_id": "lKDSzFUMV-iZb8osI_vVhg",
    "size": [
      2.075023704102805,
      4.716712819747884,
      1.5364505435900142
    ],
    "obj_class": "vehicle",
    "point_num_in_lidar": 95,
    "speed": 4.946418100972298,
    "if_vehicle": true,
    "motion_state": true,
    "pose": [
      [
        0.8401218481167164,
        -0.5423976791481812,
        -0.0001948630788376941,
        50.61405581996223
      ],
      [
        0.5423944244388473,
        0.8401179497073655,
        -0.0031810245431179917,
        1.515929658577079
      ],
      [
        0.0018890882997673905,
        0.002566755570578368,
        0.999994921542723,
        0.7865543758992857
      ],
      [
        0.0,
        0.0,
        0.0,
        1.0
      ]
    ],
    "location": [
      50.61405581996223,
      1.515929658577079,
      0.7865543758992857
    ],
    "rotation": [
      0.0025667629689438993,
      -0.001889089423353138,
      0.5732857325472137
    ]
  },
  {
    "label_id": "lZyBbVEUGKHI86ep9kmLgw",
    "size": [
      0.8723086256036772,
      0.6996606541566454,
      1.9082143842119805
    ],
    "obj_class": "pedestrian",
    "point_num_in_lidar": 54,
    "speed": 0.031596863602123396,
    "if_vehicle": false,
    "motion_state": false,
    "pose": [
      [
        -0.9463580165574382,
        0.3231198949706624,
        -0.0001948630788376941,
        48.49167457403382
      ],
      [
        -0.3231176796758928,
        -0.9463534467437222,
        -0.0031810245431179917,
        21.66518794811418
      ],
      [
        -0.0012122616625725303,
        -0.002947424371357138,
        0.999994921542723,
        0.6642721733536447
      ],
      [
        0.0,
        0.0,
        0.0,
        1.0
      ]
    ],
    "location": [
      48.49167457403382,
      21.66518794811418,
      0.6642721733536447
    ],
    "rotation": [
      -0.002947430804652865,
      0.0012122619594916399,
      -2.812570365178971
    ]
  },
  {
    "label_id": "oBgkabLveCc0Yw1MvBSHOA",
    "size": [
      0.8283111702765679,
      0.7942693187629959,
      1.8171851638005094
    ],
    "obj_class": "pedestrian",
    "point_num_in_lidar": 243,
    "speed": 1.1454904590821318,
    "if_vehicle": false,
    "motion_state": true,
    "pose": [
      [
        0.998204974175814,
        -0.05988982851071522,
        -0.0001948630788376941,
        17.091745380523207
      ],
      [
        0.0598889078852946,
        0.9981999798613316,
        -0.0031810245431179917,
        -9.661125395556155
      ],
      [
        0.00038502333574721607,
        0.0031636443849369705,
        0.999994921542723,
        0.9564539239049665
      ],
      [
        0.0,
        0.0,
        0.0,
        1.0
      ]
    ],
    "location": [
      17.091745380523207,
      -9.661125395556155,
      0.9564539239049665
    ],
    "rotation": [
      0.0031636498967553017,
      -0.00038502334526005044,
      0.05992477064229137
    ]
  },
  {
    "label_id": "skG246l1N6X1i6YSA_Q0Og",
    "size": [
      2.5894402093501703,
      7.428925470678697,
      2.7960974461957804
    ],
    "obj_class": "vehicle",
    "point_num_in_lidar": 192,
    "speed": 3.5950934718225418e-12,
    "if_vehicle": true,
    "motion_state": false,
    "pose": [
      [
        -0.9976057695863105,
        0.06915699904192958,
        -0.0001948630788376941,
        70.65619053889532
      ],
      [
        -0.06915603207689255,
        -0.9976007840364981,
        -0.0031810245431179917,
        11.279047276177153
      ],
      [
        -0.00041438567150901503,
        -0.0031599324800794647,
        0.999994921542723,
        1.3658018184191647
      ],
      [
        0.0,
        0.0,
        0.0,
        1.0
      ]
    ],
    "location": [
      70.65619053889532,
      11.279047276177153,
      1.3658018184191647
    ],
    "rotation": [
      -0.0031599380101547127,
      0.000414385683368422,
      -3.07238137281265
    ]
  },
  {
    "label_id": "t1ePe__aXYB9-IF7fpKV7w",
    "size": [
      0.7204831567501473,
      0.8499257723597111,
      1.6992111162184642
    ],
    "obj_class": "pedestrian",
    "point_num_in_lidar": 77,
    "speed": 0.7405557546891229,
    "if_vehicle": false,
    "motion_state": false,
    "pose": [
      [
        -0.21778874544251597,
        -0.975995914124109,
        -0.0001948630788376941,
        33.061776961891155
      ],
      [
        0.9759911296299748,
        -0.21778704269644156,
        -0.0031810245431179917,
        7.200420562796353
      ],
      [
        0.0030622283031408863,
        -0.000882975980905496,
        0.999994921542723,
        0.7859858279483092
      ],
      [
        0.0,
        0.0,
        0.0,
        1.0
      ]
    ],
    "location": [
      33.061776961891155,
      7.200420562796353,
      0.7859858279483092
    ],
    "rotation": [
      -0.0008829802356109402,
      -0.00306223308903715,
      1.7903456294873272
    ]
  },
  {
    "label_id": "tLLaYUgBVODgrVjxYBagwA",
    "size": [
      0.7770444605792445,
      0.11190182437167095,
      0.7800000000000011
    ],
    "obj_class": "sign",
    "point_num_in_lidar": 53,
    "speed": 0.010166060882935344,
    "if_vehicle": false,
    "motion_state": false,
    "pose": [
      [
        -0.9948274487020807,
        0.10157907923036837,
        -0.0001948630788376941,
        31.760501664459298
      ],
      [
        -0.10157795056447676,
        -0.994822497253644,
        -0.0031810245431179917,
        -1.9747146158115356
      ],
      [
        -0.0005169797188109774,
        -0.0031447767382997566,
        0.999994921542723,
        3.0827836476555817
      ],
      [
        0.0,
        0.0,
        0.0,
        1.0
      ]
    ],
    "location": [
      31.760501664459298,
      -1.9747146158115356,
      3.0827836476555817
    ],
    "rotation": [
      -0.003144782342015667,
      0.0005169797418396719,
      -3.0398391917228467
    ]
  },
  {
    "label_id": "wOGx5X0K6-hTBLG0YuoOrg",
    "size": [
      0.6970462820076464,
      0.7653631564612301,
      1.6095046227288208
    ],
    "obj_class": "pedestrian",
    "point_num_in_lidar": 37,
    "speed": 1.3200188575084644,
    "if_vehicle": false,
    "motion_state": true,
    "pose": [
      [
        -0.9999576340093543,
        0.009202837323063647,
