[
  {
    "label_id": "-63IzPn79Isi9S29BXuq1g",
    "size": [
      0.8937512568304041,
      0.9993915433078087,
      1.7256935869875178
    ],
    "obj_class": "pedestrian",
    "point_num_in_lidar": 23,
    "speed": 1.3015878156930778,
    "if_vehicle": false,
    "motion_state": true,
    "pose": [
      [
        0.9980709860261345,
        -0.06191406154999066,
        -0.004577754384365383,
        65.60716852059704
      ],
      [
        0.06189636725618357,
        0.9980749188775347,
        -0.003911013690878935,
        13.80519424110389
      ],
      [
        0.0048110885781966935,
        0.003620122924233967,
        0.9999818739040754,
        0.9545169698079619
      ],
      [
        0.0,
        0.0,
        0.0,
        1.0
      ]
    ],
    "location": [
      65.60716852059704,
      13.80519424110389,
      0.9545169698079619
    ],
    "rotation": [
      0.00362017272912959,
      -0.00481110713842576,
      0.06193667576660511
    ]
  },
  {
    "label_id": "5v-HhV-BedTvNkAgrUmSsA",
    "size": [
      2.1228378314039613,
      5.033050925192189,
      1.480000000000004
    ],
    "obj_class": "vehicle",
    "point_num_in_lidar": 797,
    "speed": 0.003062681500848881,
    "if_vehicle": true,
    "motion_state": false,
    "pose": [
      [
        -0.994752040423017,
        0.1022126324826864,
        -0.004577754384365383,
        12.434047569353424
      ],
      [
        -0.10219511164823722,
        -0.9947566853895048,
        -0.003911013690878935,
        7.394216880318709
      ],
      [
        -0.004953506782939145,
        -0.0034226647287157485,
        0.9999818739040754,
        0.622121903729564
      ],
      [
        0.0,
        0.0,
        0.0,
        1.0
      ]
    ],
    "location": [
      12.434047569353424,
      7.394216880318709,
      0.622121903729564
    ],
    "rotation": [
      -0.003422713403668621,
      0.004953527040718245,
      -3.0392175553682375
    ]
  },
  {
    "label_id": "7igbE48KGSRL1PidJzMz3A",
    "size": [
      0.8269040431432779,
      0.8391242999262727,
      1.759999999999998
    ],
    "obj_class": "pedestrian",
    "point_num_in_lidar": 167,
    "speed": 5.796914039811764e-12,
    "if_vehicle": false,
    "motion_state": false,
    "pose": [
      [
        0.9997138170503469,
        -0.023480378264034662,
        -0.004577754384365383,
        4.197106989908207
      ],
      [
        0.023462545797340608,
        0.999717066432607,
        -0.003911013690878935,
        -10.80702556075994
      ],
      [
        0.004668291264844421,
        0.0038024886535525967,
        0.9999818739040754,
        0.9192914644046013
      ],
      [
        0.0,
        0.0,
        0.0,
        1.0
      ]
    ],
    "location": [
      4.197106989908207,
      -10.80702556075994,
      0.9192914644046013
    ],
    "rotation": [
      0.0038025392516120656,
      -0.0046683082209785405,
      0.023464954717916386
    ]
  },
  {
    "label_id": "Abp2wF28Amdp-8SvcS3E1g",
    "size": [
      2.196294568927894,
      4.401772619467235,
      1.7100000000000009
    ],
    "obj_class": "vehicle",
    "point_num_in_lidar": 799,
    "speed": 0.5203198123180666,
    "if_vehicle": true,
    "motion_state": false,
    "pose": [
      [
        0.9995824179374568,
        0.028531279591071188,
        -0.004577754384365383,
        14.628859062875563
      ],
      [
        -0.02854925688770643,
        0.9995847357293275,
        -0.003911013690878935,
        -0.003440154847339727
      ],
      [
        0.004464267181430668,
        0.004040072007603336,
        0.9999818739040754,
        0.9541012303894547
      ],
      [
        0.0,
        0.0,
        0.0,
        1.0
      ]
    ],
    "location": [
      14.628859062875563,
      -0.003440154847339727,
      0.9541012303894547
    ],
    "rotation": [
      0.004040123257753487,
      -0.004464282010134143,
      -0.028553421146450597
    ]
  },
  {
    "label_id": "BWvewDT0hJdWZfzsS5N52A",
    "size": [
      0.8672735484549126,
      0.9365148916588351,
      1.7102353335570868
    ],
    "obj_class": "pedestrian",
    "point_num_in_lidar": 29,
    "speed": 1.7952456868542366,
    "if_vehicle": false,
    "motion_state": true,
    "pose": [
      [
        0.9990252154730844,
        -0.043905159306777186,
        -0.004577754384365383,
        56.75660869146668
      ],
      [
        0.04388739696684644,
        0.999028828592741,
        -0.003911013690878935,
        14.187835796903528
      ],
      [
        0.004745022279346859,
        0.003706295571365147,
        0.9999818739040754,
        0.873597876622263
      ],
      [
        0.0,
        0.0,
        0.0,
        1.0
      ]
    ],
    "location": [
      56.75660869146668,
      14.187835796903528,
      0.873597876622263
    ],
    "rotation": [
      0.0037063457818025227,
      -0.00474504008541035,
      0.04390199235684637
    ]
  },
  {
    "label_id": "BwHI89zywx_VtSBIHs_eSQ",
    "size": [
      0.6504492240976038,
      0.6017498360048931,
      1.4099999999999966
    ],
    "obj_class": "pedestrian",
    "point_num_in_lidar": 66,
    "speed": 1.6077746776921857e-12,
    "if_vehicle": false,
    "motion_state": false,
    "pose": [
      [
        -0.9976073450330882,
        0.06898281888143888,
        -0.004577754384365383,
        7.4717616247799015
      ],
      [
        -0.06896515289183594,
        -0.9976114031317582,
        -0.003911013690878935,
        -11.70786751848209
      ],
      [
        -0.004836612723660038,
        -0.003585950453526763,
        0.9999818739040754,
        0.9105513294711614
      ],
      [
        0.0,
        0.0,
        0.0,
        1.0
      ]
    ],
    "location": [
      7.4717616247799015,
      -11.70786751848209,
      0.9105513294711614
    ],
    "rotation": [
      -0.0035860000826420544,
      0.00483663158086248,
      -3.0725719061866856
    ]
  },
  {
    "label_id": "C4NxoX3efnXfwLAduEGZxw",
    "size": [
      2.0028314749616656,
      4.45394267847577,
      1.5900000000000034
    ],
    "obj_class": "vehicle",
    "point_num_in_lidar": 166,
    "speed": 6.431098710768743e-12,
    "if_vehicle": true,
    "motion_state": false,
    "pose": [
      [
        0.5637899696318774,
        0.825905511730781,
        -0.004577754384365383,
        16.627299012507137
      ],
      [
        -0.8259179429925233,
        0.5637767780025253,
        -0.003911013690878935,
        -4.547454089850362
      ],
      [
        -0.0006492961464470081,
        0.005985839774670555,
        0.9999818739040754,
        0.6528784552083451
      ],
      [
        0.0,
        0.0,
        0.0,
        1.0
      ]
    ],
    "location": [
      16.627299012507137,
      -4.547454089850362,
      0.6528784552083451
    ],
    "rotation": [
      0.005985876782758514,
      0.000649296192069322,
      -0.9718287360825268
    ]
  },
  {
    "label_id": "DV-QVxiC5bGWoAdie1BT7w",
    "size": [
      2.1232088259627124,
      4.640056433527341,
      1.5305185015044103
    ],
    "obj_class": "vehicle",
    "point_num_in_lidar": 112,
    "speed": 0.010348597718475601,
    "if_vehicle": true,
    "motion_state": false,
    "pose": [
      [
        0.9991449598398389,
        -0.04109006438840498,
        -0.004577754384365383,
        23.409023193911707
      ],
      [
        0.04107229193841526,
        0.999148522896789,
        -0.003911013690878935,
        1.041473733370367
      ],
      [
        0.004734560335705121,
        0.003719650752609279,
        0.9999818739040754,
        0.837134862949668
      ],
      [
        0.0,
        0.0,
        0.0,
        1.0
      ]
    ],
    "location": [
      23.409023193911707,
      1.041473733370367,
      0.837134862949668
    ],
    "rotation": [
      0.003719701021003871,
      -0.00473457802424955,
      0.041084309151260066
    ]
  },
  {
    "label_id": "Djbr-wq3c_Wu_emcmW1Dog",
    "size": [
      2.4599560878352613,
      5.612823795445765,
      2.270518501504405
    ],
    "obj_class": "vehicle",
    "point_num_in_lidar": 4606,
    "speed": 3.5950934718225418e-12,
    "if_vehicle": true,
    "motion_state": false,
    "pose": [
      [
        0.6979111612635536,
        0.7161697111359531,
        -0.004577754384365383,
        6.414921690004121
      ],
      [
        -0.7161842331780275,
        0.6979003138838028,
        -0.003911013690878935,
        -4.570807764146593
      ],
      [
        0.00039386667648603,
        0.00600805562016305,
        0.9999818739040754,
        0.9884458316576428
      ],
      [
        0.0,
        0.0,
        0.0,
        1.0
      ]
    ],
    "location": [
      6.414921690004121,
      -4.570807764146593,
      0.9884458316576428
    ],
    "rotation": [
      0.006008092231972297,
      -0.00039386668666951654,
      -0.798319537023346
    ]
  },
  {
    "label_id": "FLWvnW-tWYdIJ09iJ2iXPw",
    "size": [
      2.143532925981169,
      4.441836607453283,
      1.8700000000000045
    ],
    "obj_class": "vehicle",
    "point_num_in_lidar": 5818,
    "speed": 4.687428401686771e-12,
    "if_vehicle": true,
    "motion_state": false,
    "pose": [
      [
        0.6632438206154965,
        0.7483893896763607,
        -0.004577754384365383,
        -6.64634192752419
      ],
      [
        -0.7484033822083461,
        0.6632322982718936,
        -0.003911013690878935,
        -5.929621241055429
      ],
      [
        0.00010915341213411295,
        0.006019962526996198,
        0.9999818739040754,
        0.8572257843826421
      ],
      [
        0.0,
        0.0,
        0.0,
        1.0
      ]
    ],
    "location": [
      -6.64634192752419,
      -5.929621241055429,
      0.8572257843826421
    ],
    "rotation": [
      0.00601999892397447,
      -0.00010915341235086374,
      -0.8456515185916775
    ]
  },
  {
    "label_id": "G96MfK6U70_2CEKJH1g1gA",
    "size": [
      2.0507676477421537,
      4.751621205894719,
      1.783059185505671
    ],
    "obj_class": "vehicle",
    "point_num_in_lidar": 1917,
    "speed": 1.1368683772161603e-12,
    "if_vehicle": true,
    "motion_state": false,
    "pose": [
      [
        -0.9991460100242441,
        0.041064520177759994,
        -0.004577754384365383,
        6.1541660873626824
      ],
      [
        -0.04104674763668277,
        -0.9991495726268216,
        -0.003911013690878935,
        6.997459129321214
      ],
      [
        -0.004734465237353825,
        -0.0037197717954341168,
        0.9999818739040754,
        0.7386455293528229
      ],
      [
        0.0,
        0.0,
        0.0,
        1.0
      ]
    ],
    "location": [
      6.1541660873626824,
      6.997459129321214,
      0.7386455293528229
    ],
    "rotation": [
      -0.0037198220643479356,
      0.004734482924832393,
      -3.100533910605426
    ]
  },
  {
    "label_id": "GvNSnjQZk7nOuKBrSduqOA",
    "size": [
      2.15799554118132,
      4.7553734910656065,
      1.5499999999999972
    ],
    "obj_class": "vehicle",
    "point_num_in_lidar": 23,
    "speed": 0.1882765306982288,
    "if_vehicle": true,
    "motion_state": false,
    "pose": [
      [
        -0.999152026973176,
        0.04091785869507556,
        -0.004577754384365383,
        61.29420781438239
      ],
      [
        -0.04090008563124822,
        -0.999155586966948,
        -0.003911013690878935,
        7.022568277236132
      ],
      [
        -0.004733919174459004,
        -0.003720466710442165,
        0.9999818739040754,
        0.8111834211939097
      ],
      [
        0.0,
        0.0,
        0.0,
        1.0
      ]
    ],
    "location": [
      61.29420781438239,
      7.022568277236132,
      0.8111834211939097
    ],
    "rotation": [
      -0.0037205169823347904,
      0.004733936855818131,
      -3.1006806976295653
    ]
  },
  {
    "label_id": "ImNXxSqrOhGjnDuh8WZ_rw",
    "size": [
      0.7006499849935501,
      0.8057173953675747,
      1.5600000000000023
    ],
    "obj_class": "pedestrian",
    "point_num_in_lidar": 20,
    "speed": 1.064828951572485,
    "if_vehicle": false,
    "motion_state": true,
    "pose": [
      [
        -0.9825033651947169,
        0.186188564487331,
        -0.004577754384365383,
        64.82888848742732
      ],
      [
        -0.1861715005885682,
        -0.9825094790079689,
        -0.003911013690878935,
        -5.418684845652024
      ],
      [
        -0.005225873100004325,
        -0.0029903367095479643,
        0.9999818739040754,
        0.8556711139386977
      ],
      [
        0.0,
        0.0,
        0.0,
        1.0
      ]
    ],
    "location": [
      64.82888848742732,
      -5.418684845652024,
      0.8556711139386977
    ],
    "rotation": [
      -0.0029903819999134128,
      0.005225896886510998,
      -2.954325992142178
    ]
  },
  {
    "label_id": "LFIPG3l72B26CH5x5oOo8g",
    "size": [
      2.1565249126457426,
      4.707937795627931,
      1.9600000000000009
    ],
    "obj_class": "vehicle",
    "point_num_in_lidar": 5064,
    "speed": 4.099037227506402e-12,
    "if_vehicle": true,
    "motion_state": false,
    "pose": [
      [
        0.6612509637798362,
        0.750150789551697,
        -0.004577754384365383,
        0.03760671313648345
      ],
      [
        -0.7501647513879102,
        0.6612394042606844,
        -0.003911013690878935,
        -5.388475816362188
      ],
      [
        9.314157380917165e-05,
        0.006020231552112204,
        0.9999818739040754,
        0.788407678686653
      ],
      [
        0.0,
        0.0,
        0.0,
        1.0
      ]
    ],
    "location": [
      0.03760671313648345,
      -5.388475816362188,
      0.788407678686653
    ],
    "rotation": [
      0.006020267944216871,
      -9.314157394384432e-05,
      -0.8483111997750128
    ]
  },
  {
    "label_id": "LVurOGR3dPZTYlctUjwF1w",
    "size": [
      0.8553806403881727,
      0.9205835426103812,
      1.5600000000000023
    ],
    "obj_class": "pedestrian",
    "point_num_in_lidar": 95,
    "speed": 0.9606285011954705,
    "if_vehicle": false,
    "motion_state": false,
    "pose": [
      [
        0.9995132158477492,
        -0.03086058182353708,
        -0.004577754384365383,
        17.809160783530388
      ],
      [
        0.030842773832903583,
        0.9995165967977732,
        -0.003911013690878935,
        12.4318605222943
      ],
      [
        0.004696237641257317,
        0.0037679192282554157,
        0.9999818739040754,
        0.8359647316420009
      ],
      [
        0.0,
        0.0,
        0.0,
        1.0
      ]
    ],
    "location": [
      17.809160783530388,
      12.4318605222943,
      0.8359647316420009
    ],
    "rotation": [
      0.0037679696950208234,
      -0.004696254903739977,
      0.030848006210158176
    ]
  },
  {
    "label_id": "MgUHjjRH5WfE7KTO3UAfsQ",
    "size": [
      2.1220822046833625,
      4.89751997057426,
      1.4830591855056667
    ],
    "obj_class": "vehicle",
    "point_num_in_lidar": 4116,
    "speed": 2.2737367544323206e-12,
    "if_vehicle": true,
    "motion_state": false,
    "pose": [
      [
        -0.9924402536466705,
        0.12264333290696593,
        -0.004577754384365383,
        0.6649122067319695
      ],
      [
        -0.12262591127759577,
        -0.9924452578632481,
        -0.003911013690878935,
        6.701107151937322
      ],
      [
        -0.005022830384520284,
        -0.0033200961164036773,
        0.9999818739040754,
        0.5927532296322795
      ],
      [
        0.0,
        0.0,
        0.0,
        1.0
      ]
    ],
    "location": [
      0.6649122067319695,
      6.701107151937322,
      0.5927532296322795
    ],
    "rotation": [
      -0.0033201440981103815,
      0.005022851504778251,
      -3.018655761991079
    ]
  },
  {
    "label_id": "NeWx86gkt3mp026gu2eoxA",
    "size": [
      0.5823260342821741,
      0.5392474862904848,
      1.6000000000000014
    ],
    "obj_class": "pedestrian",
    "point_num_in_lidar": 55,
    "speed": 0.0,
    "if_vehicle": false,
    "motion_state": false,
    "pose": [
      [
        -0.13082010903127086,
        0.991395553368,
        -0.004577754384365383,
        8.58748079236102
      ],
      [
        -0.9913960166098835,
        -0.13083822920677843,
        -0.003911013690878935,
        -9.51950745506474
      ],
      [
        -0.004476306859692679,
        0.004026728224214695,
        0.9999818739040754,
        0.8090177420488729
      ],
      [
        0.0,
        0.0,
        0.0,
        1.0
      ]
    ],
    "location": [
      8.58748079236102,
      -9.51950745506474,
      0.8090177420488729
    ],
    "rotation": [
      0.004026779449579126,
      0.00447632180869528,
      -1.7019938015154523
    ]
  },
  {
    "label_id": "No68zCO6os9hco-_ap9yaQ",
    "size": [
      0.7484054906059361,
      0.7235802196100946,
      1.7700000000000031
    ],
    "obj_class": "pedestrian",
    "point_num_in_lidar": 32,
    "speed": 2.5421149729252077e-12,
    "if_vehicle": false,
    "motion_state": false,
    "pose": [
      [
        -0.962258785850406,
        0.27209754357307037,
        -0.004577754384365383,
        48.35270982417569
      ],
      [
        -0.27208108523907704,
        -0.9622663804929672,
        -0.003911013690878935,
        19.904892758917413
      ],
      [
        -0.005469196360397895,
        -0.0025178869047734033,
        0.9999818739040754,
        0.696703080765964
      ],
      [
        0.0,
        0.0,
        0.0,
        1.0
      ]
    ],
    "location": [
      48.35270982417569,
      19.904892758917413,
      0.696703080765964
    ],
    "rotation": [
      -0.002517927223862886,
      0.005469223626631035,
      -2.8660333788206933
    ]
  },
  {
    "label_id": "OpmBDWgrhvbDWXPsj-xPxA",
    "size": [
      0.7026515170164881,
      0.7358840794624211,
      1.68310318244977
    ],
    "obj_class": "pedestrian",
    "point_num_in_lidar": 28,
    "speed": 1.6077746776921857e-12,
    "if_vehicle": false,
    "motion_state": false,
    "pose": [
      [
        -0.9918189722990709,
        0.12757025653502094,
        -0.004577754384365383,
        49.32563542090793
      ],
      [
        -0.12755285997129542,
        -0.991824062969362,
        -0.003911013690878935,
        18.73337872508273
      ],
      [
        -0.00503925597263449,
        -0.003295111915563201,
        0.9999818739040754,
        0.6723023790416462
      ],
      [
        0.0,
        0.0,
        0.0,
        1.0
      ]
    ],
    "location": [
      49.32563542090793,
      18.73337872508273,
      0.6723023790416462
    ],
    "rotation": [
      -0.00329515971774211,
      0.005039277300773867,
      -3.0136897284797293
    ]
  },
  {
    "label_id": "SV4MhXW_fLKMUyYTomC7iA",
    "size": [
      1.8745005814532092,
      4.026761972188614,
      1.730518501504406
    ],
    "obj_class": "vehicle",
    "point_num_in_lidar": 101,
    "speed": 3.2155493553843714e-12,
    "if_vehicle": true,
    "motion_state": false,
    "pose": [
      [
        0.535784134104173,
        0.8443425879387099,
        -0.004577754384365383,
        23.067769648005196
      ],
      [
        -0.8443545699561974,
        0.5357705331258849,
        -0.003911013690878935,
        -3.943883484302205
      ],
      [
        -0.0008496095141896479,
        0.005960706918413067,
        0.9999818739040754,
        0.852619204456154
      ],
      [
        0.0,
        0.0,
        0.0,
        1.0
      ]
    ],
    "location": [
      23.067769648005196,
      -3.943883484302205,
      0.852619204456154
    ],
    "rotation": [
      0.005960744367690466,
      0.0008496096164028495,
      -1.0053599457473363
    ]
  },
  {
    "label_id": "SkVKxXh2jIQZVXZoNdO_aw",
    "size": [
      0.8929253568978802,
      0.9206928310170497,
      1.7000000000000028
    ],
    "obj_class": "pedestrian",
    "point_num_in_lidar": 24,
    "speed": 0.008772429658336292,
    "if_vehicle": false,
    "motion_state": false,
    "pose": [
      [
        0.9935341723477561,
        -0.11344114131149997,
        -0.004577754384365383,
        50.593306442096946
      ],
      [
        0.1134236740562221,
        0.9935390149035405,
        -0.003911013690878935,
        20.417718313990918
      ],
      [
        0.0049918474382909545,
        0.0033665000292064456,
        0.9999818739040754,
        0.7048996319850929
      ],
      [
        0.0,
        0.0,
        0.0,
        1.0
      ]
    ],
    "location": [
      50.593306442096946,
      20.417718313990918,
      0.7048996319850929
    ],
    "rotation": [
      0.003366548333333111,
      -0.00499186817011581,
      0.11366971317550051
    ]
  },
  {
    "label_id": "TBaMlPrcbb0tVmgFVZHKcA",
    "size": [
      0.8401860487472415,
      0.11186696262676982,
      0.8605185015044086
    ],
    "obj_class": "sign",
    "point_num_in_lidar": 27,
    "speed": 0.012278736566426317,
    "if_vehicle": false,
    "motion_state": false,
    "pose": [
      [
        0.9990072854283432,
        0.04431126071202985,
        -0.004577754384365383,
        53.90510810659907
      ],
      [
        -0.04432927236564053,
        0.9990093190673662,
        -0.003911013690878935,
        10.266024686483433
      ],
      [
        0.004399917343077657,
        0.004110059691525589,
        0.9999818739040754,
        2.8876192044561932
      ],
      [
        0.0,
        0.0,
        0.0,
        1.0
      ]
    ],
    "location": [
      53.90510810659907,
      10.266024686483433,
      2.8876192044561932
    ],
    "rotation": [
      0.004110111048002945,
      -0.004399931539734563,
      -0.04434423319905476
    ]
  },
  {
    "label_id": "V7YN8qOnLzj6EqMtbCjrbw",
    "size": [
      2.3616038729626827,
      4.897855298287807,
      1.8405185015044054
    ],
    "obj_class": "vehicle",
    "point_num_in_lidar": 4812,
    "speed": 0.0,
    "if_vehicle": true,
    "motion_state": false,
    "pose": [
      [
        0.69100826240195,
        0.722832363316028,
        -0.004577754384365383,
        2.9910673179329024
      ],
      [
        -0.7228467806223213,
        0.6909972762000264,
        -0.003911013690878935,
        -4.770993855840061
      ],
      [
        0.00033620854156984616,
        0.006011557793982725,
        0.9999818739040754,
        0.8563465227361462
      ],
      [
        0.0,
        0.0,
        0.0,
        1.0
      ]
    ],
    "location": [
      2.9910673179329024,
      -4.770993855840061,
      0.8563465227361462
    ],
    "rotation": [
      0.006011594342780816,
      -0.0003362085479038015,
      -0.8079132990294785
    ]
  },
  {
    "label_id": "VA6JXxlf-ko9AI21ezS-gA",
    "size": [
      0.7480685522329243,
      0.7246482329219848,
      1.759999999999998
    ],
    "obj_class": "pedestrian",
    "point_num_in_lidar": 180,
    "speed": 0.779297127152594,
    "if_vehicle": false,
    "motion_state": false,
    "pose": [
      [
        0.9970874943519998,
        0.07612865933173302,
        -0.004577754384365383,
        -0.7775345387635753
      ],
      [
        -0.076146726650166,
        0.997088952898574,
        -0.003911013690878935,
        -10.777274931868305
      ],
      [
        0.0042666880968190695,
        0.004248203853192715,
        0.9999818739040754,
        0.8870848567008309
      ],
      [
        0.0,
        0.0,
        0.0,
        1.0
      ]
    ],
    "location": [
      -0.7775345387635753,
      -10.777274931868305,
      0.8870848567008309
    ],
    "rotation": [
      0.004248255300713591,
      -0.004266701042502901,
      -0.07622120169363006
    ]
  },
  {
    "label_id": "Xhv1ib3Sd4Npw2uCm8OIgA",
    "size": [
      0.7032178819279911,
      0.8587069967628569,
      1.7415277018557802
    ],
    "obj_class": "pedestrian",
    "point_num_in_lidar": 24,
    "speed": 1.3302872654165467,
    "if_vehicle": false,
    "motion_state": true,
    "pose": [
      [
        -0.9887942389025889,
        -0.14921460142307247,
        -0.004577754384365383,
        60.456214703284786
      ],
      [
        0.14923272707726254,
        -0.988794365447636,
        -0.003911013690878935,
        -5.475269657406898
      ],
      [
        -0.003942877392619022,
        -0.004550338576478984,
        0.9999818739040754,
        0.963100788731488
      ],
      [
        0.0,
        0.0,
        0.0,
        1.0
      ]
    ],
    "location": [
      60.456214703284786,
      -5.475269657406898,
      0.963100788731488
    ],
    "rotation": [
      -0.004550389650728346,
      0.003942887608871221,
      2.991799215243638
    ]
  },
  {
    "label_id": "XsywigB-Q40d0u9u21SmQg",
    "size": [
      0.728943417045768,
      0.9162428550820471,
      1.9424134016137273
    ],
    "obj_class": "pedestrian",
    "point_num_in_lidar": 66,
    "speed": 1.4924469000709402,
    "if_vehicle": false,
    "motion_state": true,
    "pose": [
      [
        0.9789617184534072,
        -0.2039926419446261,
        -0.004577754384365383,
        27.45830210027634
      ],
      [
        0.20397569183758454,
        0.9789681410093429,
        -0.003911013690878935,
        -7.336000837909523
      ],
      [
        0.005279293715143545,
        0.0028949820661041807,
        0.9999818739040754,
        1.0313776320180423
      ],
      [
        0.0,
        0.0,
        0.0,
        1.0
      ]
    ],
    "location": [
      27.45830210027634,
      -7.336000837909523,
      1.0313776320180423
    ],
    "rotation": [
      0.002895026453840038,
      -0.005279318238599388,
      0.2054201908554547
    ]
  },
  {
    "label_id": "aKdb2hW6WTmxEyp8LsOQ6w",
    "size": [
      0.8134728679795346,
      0.7413293880754128,
      1.7800000000000011
    ],
    "obj_class": "pedestrian",
    "point_num_in_lidar": 404,
    "speed": 0.6132017137219355,
    "if_vehicle": false,
    "motion_state": false,
    "pose": [
      [
        -0.7128626449033797,
        0.7012887377294422,
        -0.004577754384365383,
        -1.546095400750346
      ],
      [
        -0.7012779591173831,
        -0.7128772180593709,
        -0.003911013690878935,
        -8.315969383831543
      ],
      [
        -0.006006126665004538,
        0.0004222626880751208,
        0.9999818739040754,
        0.774119292026441
      ],
      [
        0.0,
        0.0,
        0.0,
        1.0
      ]
    ],
    "location": [
      -1.546095400750346,
      -8.315969383831543,
      0.774119292026441
    ],
    "rotation": [
      0.00042227031708919494,
      0.006006162775983351,
      -2.3643863394443945
    ]
  },
  {
    "label_id": "bof1aeoD2plQ-sVhmz6tng",
    "size": [
      2.077745050204349,
      4.382102305572195,
      1.6253959798867612
    ],
    "obj_class": "vehicle",
    "point_num_in_lidar": 39,
    "speed": 0.5451456229668091,
    "if_vehicle": true,
    "motion_state": false,
    "pose": [
      [
        -0.9976467650555739,
        0.06841035257141412,
        -0.004577754384365383,
        53.441470498954004
      ],
      [
        -0.06839268425606936,
        -0.9976508130163376,
        -0.003911013690878935,
        6.948724411027797
      ],
      [
        -0.004834554208855884,
        -0.0035887252465816918,
        0.9999818739040754,
        0.7038454003832442
      ],
      [
        0.0,
        0.0,
        0.0,
        1.0
      ]
    ],
    "location": [
      53.441470498954004,
      6.948724411027797,
      0.7038454003832442
    ],
    "rotation": [
      -0.0035887748902837836,
      0.004834573041990914,
      -3.073145737159711
    ]
  },
  {
    "label_id": "c3SCJxumyZ0SBk4CZmOJ6g",
    "size": [
      0.9673409614765606,
      1.0650027170117071,
      1.9586854736991413
    ],
    "obj_class": "pedestrian",
    "point_num_in_lidar": 102,
    "speed": 1.3563885515987912,
    "if_vehicle": false,
    "motion_state": true,
    "pose": [
      [
        0.9960713171761764,
        -0.08843627798428466,
        -0.004577754384365383,
        23.261156425120134
      ],
      [
        0.08841869454514957,
        0.9960757192236148,
        -0.003911013690878935,
        11.298586703844194
      ],
      [
        0.004905665484802718,
        0.0034908894919539186,
        0.9999818739040754,
        1.0083531679585818
      ],
      [
        0.0,
        0.0,
        0.0,
        1.0
      ]
    ],
    "location": [
      23.261156425120134,
      11.298586703844194,
      1.0083531679585818
    ],
    "rotation": [
      0.003490938588278048,
      -0.0049056851612752864,
      0.08853537744884002
    ]
  },
  {
    "label_id": "fNy8PC-BmuP16FOJ9FFzIw",
    "size": [
      2.1476594433774285,
      5.107156534927326,
      1.980000000000004
    ],
    "obj_class": "vehicle",
    "point_num_in_lidar": 257,
    "speed": 1.3830600733622805e-11,
    "if_vehicle": true,
    "motion_state": false,
    "pose": [
      [
        0.7587929993483948,
        0.6513157669707248,
        -0.004577754384365383,
        9.769325689427205
      ],
      [
        -0.6513311955197761,
        0.7587834853992863,
        -0.003911013690878935,
        -4.6730783365128445
      ],
      [
        0.0009262195453628106,
        0.0059492840449592655,
        0.9999818739040754,
        0.8495289039752336
      ],
      [
        0.0,
        0.0,
        0.0,
        1.0
      ]
    ],
    "location": [
      9.769325689427205,
      -4.6730783365128445,
      0.8495289039752336
    ],
    "rotation": [
      0.005949321692266208,
      -0.0009262196777941408,
      -0.7093378448030986
    ]
  },
  {
    "label_id": "gLdCcd_k3Lp-3dE0ol5ezA",
    "size": [
      2.1350699741361314,
      4.396070169772625,
      1.8305185015044074
    ],
    "obj_class": "vehicle",
    "point_num_in_lidar": 397,
    "speed": 3.5950934718225418e-12,
    "if_vehicle": true,
    "motion_state": false,
    "pose": [
      [
        0.6805988181867472,
        0.7326419950068379,
        -0.004577754384365383,
        19.920081230251526
      ],
      [
        -0.7326562537013569,
        0.6805876268962012,
        -0.003911013690878935,
        -3.9800986740228836
      ],
      [
        0.0002501901199843166,
        0.006015751673538495,
        0.9999818739040754,
        0.892619204456139
      ],
      [
        0.0,
        0.0,
        0.0,
        1.0
      ]
    ],
    "location": [
      19.920081230251526,
      -3.9800986740228836,
      0.892619204456139
    ],
    "rotation": [
      0.006015788146686216,
      -0.0002501901225944291,
      -0.8222166481773018
    ]
  },
  {
    "label_id": "l-XnejT-kWgZdox4WXTk1Q",
    "size": [
      2.0028314749616656,
      4.45394267847577,
      1.5900000000000034
    ],
    "obj_class": "vehicle",
    "point_num_in_lidar": 457,
    "speed": 2.2737367544323206e-12,
    "if_vehicle": true,
    "motion_state": false,
    "pose": [
      [
        0.5637899696318774,
        0.825905511730781,
        -0.004577754384365383,
        13.066347590145597
      ],
      [
        -0.8259179429925233,
        0.5637767780025253,
        -0.003911013690878935,
        -4.41432199087285
      ],
      [
        -0.0006492961464470081,
        0.005985839774670555,
        0.9999818739040754,
        0.6428784552083684
      ],
      [
        0.0,
        0.0,
        0.0,
        1.0
      ]
    ],
    "location": [
      13.066347590145597,
      -4.41432199087285,
      0.6428784552083684
    ],
    "rotation": [
      0.005985876782758514,
      0.000649296192069322,
      -0.9718287360825268
    ]
  },
  {
    "label_id": "lKDSzFUMV-iZb8osI_vVhg",
    "size": [
      2.075023704104722,
      4.716712819747884,
      1.5364505435900142
    ],
    "obj_class": "vehicle",
    "point_num_in_lidar": 66,
    "speed": 3.5441065028945133,
    "if_vehicle": true,
    "motion_state": true,
    "pose": [
      [
        -0.01392486447660509,
        -0.9998925653859542,
        -0.004577754384365383,
        44.89200619642361
      ],
      [
        0.9998956441917803,
        -0.013907001769415185,
        -0.003911013690878935,
        -8.379341639716586
      ],
      [
        0.003846930674309211,
        -0.0046317370047184074,
        0.9999818739040754,
        0.8543525353226045
      ],
      [
        0.0,
        0.0,
        0.0,
        1.0
      ]
    ],
    "location": [
      44.89200619642361,
      -8.379341639716586,
      0.8543525353226045
    ],
    "rotation": [
      -0.004631787838642369,
      -0.003846940162747156,
      1.5847217443675743
    ]
  },
  {
    "label_id": "mDfmRjIUQaWVZdGTGhcD6w",
    "size": [
      0.5983009868691893,
      0.49394130030032374,
      1.259999999999998
    ],
    "obj_class": "pedestrian",
    "point_num_in_lidar": 111,
    "speed": 0.3829473648043279,
    "if_vehicle": false,
    "motion_state": false,
    "pose": [
      [
        -0.009183492513012015,
        0.9999473524291466,
        -0.004577754384365383,
        8.044336685583403
      ],
      [
        -0.9999500176571705,
        -0.00920142159310686,
        -0.003911013690878935,
        -11.641543388424907
      ],
      [
        -0.003952929633548776,
        0.00454160881252788,
        0.9999818739040754,
        1.0298007958758504
      ],
      [
        0.0,
        0.0,
        0.0,
        1.0
      ]
    ],
    "location": [
      8.044336685583403,
      -11.641543388424907,
      1.0298007958758504
    ],
    "rotation": [
      0.0045416599089522,
      0.003952939928138755,
      -1.5799800201496959
    ]
  },
  {
    "label_id": "miUCgrw0d28mF4d4GaaTfg",
    "size": [
      0.7603092283563844,
      0.8180348372529171,
      1.7374134793072642
    ],
    "obj_class": "pedestrian",
    "point_num_in_lidar": 152,
    "speed": 1.3941692755344886,
    "if_vehicle": false,
    "motion_state": true,
    "pose": [
      [
        0.9756529572138408,
        -0.2192723221126725,
        -0.004577754384365383,
        4.535602113035566
      ],
      [
        0.21925547448422608,
        0.9756596439745813,
        -0.003911013690878935,
        -9.810587151107029
      ],
      [
        0.005323907266666486,
        0.002812094363593574,
        0.9999818739040754,
        0.9727154124630601
      ],
      [
        0.0,
        0.0,
        0.0,
        1.0
      ]
    ],
    "location": [
      4.535602113035566,
      -9.810587151107029,
      0.9727154124630601
    ],
    "rotation": [
      0.0028121379238784795,
      -0.005323932417115074,
      0.2210544963302617
    ]
  },
  {
    "label_id": "skG246l1N6X1i6YSA_Q0Og",
    "size": [
      2.5894402093501707,
      7.428925470678697,
      2.7960974461957804
    ],
    "obj_class": "vehicle",
    "point_num_in_lidar": 131,
    "speed": 3.5950934718225418e-12,
    "if_vehicle": true,
    "motion_state": false,
    "pose": [
      [
        -0.9975953356406505,
        0.06915627572978775,
        -0.004577754384365383,
        70.65619053889532
      ],
      [
        -0.06913861044604934,
        -0.9975993968109139,
        -0.003911013690878935,
        11.279047276169877
      ],
      [
        -0.004837236153780821,
        -0.0035851094385492186,
        0.9999818739040754,
        1.3658018184191505
      ],
      [
        0.0,
        0.0,
        0.0,
        1.0
      ]
    ],
    "location": [
      70.65619053889532,
      11.279047276169877,
      1.3658018184191505
    ],
    "rotation": [
      -0.003585159063232474,
      0.004837255018276226,
      -3.0723980313581416
    ]
  },
  {
    "label_id": "t1ePe__aXYB9-IF7fpKV7w",
    "size": [
      0.7204831567379406,
      0.8499257723597111,
      1.6992111162184642
    ],
    "obj_class": "pedestrian",
    "point_num_in_lidar": 49,
    "speed": 0.7957917976943685,
    "if_vehicle": false,
    "motion_state": false,
    "pose": [
      [
        -0.21201362749613395,
        -0.9772559879175604,
        -0.004577754384365383,
        33.70406785380328
      ],
      [
        0.9772625492546304,
        -0.21199673062632557,
        -0.003911013690878935,
        4.91129812545114
      ],
      [
        0.0028515925851432095,
        -0.005302856119316762,
        0.9999818739040754,
        0.9042521763417497
      ],
      [
        0.0,
        0.0,
        0.0,
        1.0
      ]
    ],
    "location": [
      33.70406785380328,
      4.91129812545114,
      0.9042521763417497
    ],
    "rotation": [
      -0.005302902533335152,
      -0.0028515964498163526,
      1.7844321784812034
    ]
  },
  {
    "label_id": "tLLaYUgBVODgrVjxYBagwA",
    "size": [
      0.7770444605792441,
      0.11190182437167095,
      0.7800000000000011
    ],
    "obj_class": "sign",
    "point_num_in_lidar": 44,
    "speed": 0.010166060636224697,
    "if_vehicle": false,
    "motion_state": false,
    "pose": [
      [
        -0.9948170438148433,
        0.10157801681610357,
        -0.004577754384365383,
        31.727972881919413
      ],
      [
        -0.10156049302199686,
        -0.9948216776030963,
        -0.003911013690878935,
        -1.9743666692083934
      ],
      [
        -0.004951322310769411,
        -0.0034258240860698063,
        0.9999818739040754,
        3.0901395906123525
      ],
      [
        0.0,
        0.0,
        0.0,
        1.0
      ]
    ],
    "location": [
      31.727972881919413,
      -1.9743666692083934,
      3.0901395906123525
    ],
    "rotation": [
      -0.003425872781244063,
      0.004951342541759388,
      -3.0398555022602842
    ]
  },
  {
    "label_id": "tX6UTCnyT-2fkHW2Wo8DoA",
    "size": [
      2.1232088259610036,
      4.640056433527341,
      1.5805185015044074
    ],
    "obj_class": "vehicle",
    "point_num_in_lidar": 4173,
    "speed": 3.410605131648481e-12,
    "if_vehicle": true,
    "motion_state": false,
    "pose": [
      [
        0.535784134103965,
        0.8443425879388419,
        -0.004577754384365383,
        -3.2876691988203675
      ],
      [
        -0.8443545699563294,
        0.5357705331256767,
        -0.003911013690878935,
        -5.612594531834475
      ],
      [
        -0.0008496095141911169,
        0.0059607069184128576,
        0.9999818739040754,
        0.6184753916475145
      ],
      [
        0.0,
        0.0,
        0.0,
        1.0
      ]
    ],
    "location": [
      -3.2876691988203675,
      -5.612594531834475,
      0.6184753916475145
    ],
    "rotation": [
      0.005960744367690257,
      0.0008496096164043185,
      -1.0053599457475828
    ]
  },
  {
    "label_id": "vdViRC-mmyy12_V_Du9kMw",
    "size": [
      0.742181200716169,
      0.7193648187394143,
      1.6400000000000006
    ],
    "obj_class": "pedestrian",
    "point_num_in_lidar": 85,
    "speed": 1.0716449122385001,
    "if_vehicle": false,
    "motion_state": true,
    "pose": [
      [
        -0.9863352468421167,
        0.16468705171232248,
        -0.004577754384365383,
        9.775518066126097
      ],
      [
        -0.1646698583624652,
        -0.9863409865349789,
        -0.003911013690878935,
        -8.695439045688545
      ],
      [
        -0.005159320089547157,
        -0.0031037524881043716,
        0.9999818739040754,
        0.8490152101637847
      ],
      [
        0.0,
        0.0,
        0.0,
        1.0
      ]
    ],
    "location": [
      9.775518066126097,
      -8.695439045688545,
      0.8490152101637847
    ],
    "rotation": [
      -0.0031037987811166896,
      0.005159342978787014,
      -2.976167140484507
    ]
  },
  {
    "label_id": "wTQzq1o08FxvUHUSEzkiqA",
    "size": [
      0.43332059857985994,
      0.4330533622057063,
      1.6430004366206958
    ],
    "obj_class": "pedestrian",
    "point_num_in_lidar": 174,
    "speed": 0.27841359584142467,
    "if_vehicle": false,
    "motion_state": false,
    "pose": [
      [
        0.27438780778343225,
        0.9616082232929368,
        -0.004577754384365383,
        7.2559148601212655
      ],
      [
        -0.9616158570995083,
        0.2743713675781203,
