[
  {
    "label_id": "-63IzPn79Isi9S29BXuq1g",
    "size": [
      0.8937512568310044,
      0.9993915433078087,
      1.7256935869875178
    ],
    "obj_class": "pedestrian",
    "point_num_in_lidar": 20,
    "speed": 1.2535567864328798,
    "if_vehicle": false,
    "motion_state": true,
    "pose": [
      [
        0.9986585929240038,
        -0.05177110125570912,
        0.0008762726858678866,
        68.1056207509173
      ],
      [
        0.05177380082617347,
        0.9986530320902826,
        -0.0034051497612532454,
        13.990939942057594
      ],
      [
        -0.0006988040215991653,
        0.0034459500367762137,
        0.9999938185315365,
        0.9715202619648338
      ],
      [
        0.0,
        0.0,
        0.0,
        1.0
      ]
    ],
    "location": [
      68.1056207509173,
      13.990939942057594,
      0.9715202619648338
    ],
    "rotation": [
      0.003445957698056725,
      0.0006988040784733301,
      0.05179697160326848
    ]
  },
  {
    "label_id": "5v-HhV-BedTvNkAgrUmSsA",
    "size": [
      2.122837831403962,
      5.033050925192189,
      1.480000000000004
    ],
    "obj_class": "vehicle",
    "point_num_in_lidar": 2124,
    "speed": 0.00306268151069492,
    "if_vehicle": true,
    "motion_state": false,
    "pose": [
      [
        -0.9947620816005976,
        0.10221366423245978,
        0.0008762726858678866,
        12.440128896487295
      ],
      [
        -0.10221607909954265,
        -0.9947563913484645,
        -0.0034051497612532454,
        7.394950071226049
      ],
      [
        0.0005236250204731859,
        -0.0034768830228374976,
        0.9999938185315365,
        0.6181018440987316
      ],
      [
        0.0,
        0.0,
        0.0,
        1.0
      ]
    ],
    "location": [
      12.440128896487295,
      7.394950071226049,
      0.6181018440987316
    ],
    "rotation": [
      -0.003476890504704955,
      -0.0005236250444013827,
      -3.0391977238665064
    ]
  },
  {
    "label_id": "7igbE48KGSRL1PidJzMz3A",
    "size": [
      0.826904043143277,
      0.8391242999262727,
      1.759999999999998
    ],
    "obj_class": "pedestrian",
    "point_num_in_lidar": 210,
    "speed": 5.796914039811764e-12,
    "if_vehicle": false,
    "motion_state": false,
    "pose": [
      [
        0.9997239083128511,
        -0.0234806152785257,
        0.0008762726858678866,
        4.197106989915483
      ],
      [
        0.023483471181629634,
        0.9997184261262593,
        -0.0034051497612532454,
        -10.80702556075994
      ],
      [
        -0.0007960709388635226,
        0.003424787552076494,
        0.9999938185315365,
        0.91929146440458
      ],
      [
        0.0,
        0.0,
        0.0,
        1.0
      ]
    ],
    "location": [
      4.197106989915483,
      -10.80702556075994,
      0.91929146440458
    ],
    "rotation": [
      0.003424795332297978,
      0.0007960710229457452,
      0.02348563757893506
    ]
  },
  {
    "label_id": "Abp2wF28Amdp-8SvcS3E1g",
    "size": [
      2.196294568934179,
      4.401772619467235,
      1.7100000000000009
    ],
    "obj_class": "vehicle",
    "point_num_in_lidar": 1860,
    "speed": 0.031354645087817525,
    "if_vehicle": true,
    "motion_state": false,
    "pose": [
      [
        0.999369873365815,
        0.035483635030461945,
        0.0008762726858678866,
        14.730051253493002
      ],
      [
        -0.03548046097376832,
        0.9993645690358409,
        -0.0034051497612532454,
        0.009247487229004037
      ],
      [
        -0.0009965429664226142,
        0.0033719135268619766,
        0.9999938185315365,
        0.9241008393561145
      ],
      [
        0.0,
        0.0,
        0.0,
        1.0
      ]
    ],
    "location": [
      14.730051253493002,
      0.009247487229004037,
      0.9241008393561145
    ],
    "rotation": [
      0.003371921590889733,
      0.0009965431313668064,
      -0.035487926996780286
    ]
  },
  {
    "label_id": "BWvewDT0hJdWZfzsS5N52A",
    "size": [
      0.8672735484498345,
      0.9365148916588351,
      1.7102353335570868
    ],
    "obj_class": "pedestrian",
    "point_num_in_lidar": 32,
    "speed": 1.799600271260015,
    "if_vehicle": false,
    "motion_state": true,
    "pose": [
      [
        0.9987428018987036,
        -0.05012033321624174,
        0.0008762726858678866,
        60.36749440989661
      ],
      [
        0.05012304197460127,
        0.9987372455347381,
        -0.0034051497612532454,
        14.427263095378294
      ],
      [
        -0.0007044989279358013,
        0.003444790266053721,
        0.9999938185315365,
        0.9386007205869973
      ],
      [
        0.0,
        0.0,
        0.0,
        1.0
      ]
    ],
    "location": [
      60.36749440989661,
      14.427263095378294,
      0.9386007205869973
    ],
    "rotation": [
      0.0034447979339323398,
      0.0007044989862118176,
      0.05014406570620358
    ]
  },
  {
    "label_id": "C4NxoX3efnXfwLAduEGZxw",
    "size": [
      2.002831474961664,
      4.45394267847577,
      1.5900000000000034
    ],
    "obj_class": "vehicle",
    "point_num_in_lidar": 700,
    "speed": 6.431098710768743e-12,
    "if_vehicle": true,
    "motion_state": false,
    "pose": [
      [
        0.5637956606131208,
        0.8259138485459574,
        0.0008762726858678866,
        16.627299012507137
      ],
      [
        -0.8259076950860376,
        0.5637950728347775,
        -0.0034051497612532454,
        -4.547454089850362
      ],
      [
        -0.0033063985669440276,
        0.0011960883048803862,
        0.9999938185315365,
        0.6528784552083238
      ],
      [
        0.0,
        0.0,
        0.0,
        1.0
      ]
    ],
    "location": [
      16.627299012507137,
      -4.547454089850362,
      0.6528784552083238
    ],
    "rotation": [
      0.0011960951281126374,
      0.003306404591381459,
      -0.9718182580726351
    ]
  },
  {
    "label_id": "D-j8uA5tzbpXhUFsbPfY1w",
    "size": [
      0.9873273858220946,
      0.7573816566762264,
      1.5740498284474143
    ],
    "obj_class": "pedestrian",
    "point_num_in_lidar": 80,
    "speed": 1.003175219673978,
    "if_vehicle": false,
    "motion_state": true,
    "pose": [
      [
        0.9991818464347388,
        0.04043352447470119,
        0.0008762726858678866,
        30.679426412767498
      ],
      [
        -0.04043032418223567,
        0.999176557892359,
        -0.0034051497612532454,
        -8.681242667560582
      ],
      [
        -0.0010132333322522234,
        0.003366935837074151,
        0.9999938185315365,
        0.9412345964104318
      ],
      [
        0.0,
        0.0,
        0.0,
        1.0
      ]
    ],
    "location": [
      30.679426412767498,
      -8.681242667560582,
      0.9412345964104318
    ],
    "rotation": [
      0.0033669439268445263,
      0.0010132335056235833,
      -0.04044136770582431
    ]
  },
  {
    "label_id": "DV-QVxiC5bGWoAdie1BT7w",
    "size": [
      2.1232088259682325,
      4.640056433527341,
      1.5305185015044103
    ],
    "obj_class": "vehicle",
    "point_num_in_lidar": 262,
    "speed": 0.143256071368436,
    "if_vehicle": true,
    "motion_state": false,
    "pose": [
      [
        0.9990887315351555,
        -0.04267245792843529,
        0.0008762726858678866,
        23.420788095383614
      ],
      [
        0.04267520803895188,
        0.9990831955217421,
        -0.0034051497612532454,
        1.041715939536516
      ],
      [
        -0.0007301632052182075,
        0.003439441874826006,
        0.9999938185315365,
        0.8426192044560636
      ],
      [
        0.0,
        0.0,
        0.0,
        1.0
      ]
    ],
    "location": [
      23.420788095383614,
      1.041715939536516,
      0.8426192044560636
    ],
    "rotation": [
      0.0034394495730125573,
      0.0007301632700978855,
      0.04268818321104122
    ]
  },
  {
    "label_id": "Djbr-wq3c_Wu_emcmW1Dog",
    "size": [
      2.459956087835262,
      5.612823795445765,
      2.270518501504405
    ],
    "obj_class": "vehicle",
    "point_num_in_lidar": 11338,
    "speed": 3.5950934718225418e-12,
    "if_vehicle": true,
    "motion_state": false,
    "pose": [
      [
        0.6979182060843941,
        0.7161769402613585,
        0.0008762726858678866,
        6.414921690004121
      ],
      [
        -0.7161709806747415,
        0.6979165647801193,
        -0.0034051497612532454,
        -4.570807764146593
      ],
      [
        -0.0030502549598776085,
        0.001748954944046074,
        0.9999938185315365,
        0.9858682445643581
      ],
      [
        0.0,
        0.0,
        0.0,
        1.0
      ]
    ],
    "location": [
      6.414921690004121,
      -4.570807764146593,
      0.9858682445643581
    ],
    "rotation": [
      0.0017489639719331764,
      0.0030502596898542263,
      -0.7983052424961685
    ]
  },
  {
    "label_id": "G96MfK6U70_2CEKJH1g1gA",
    "size": [
      2.0507676477421533,
      4.751621205894719,
      1.783059185505671
    ],
    "obj_class": "vehicle",
    "point_num_in_lidar": 4475,
    "speed": 1.1368683772161603e-12,
    "if_vehicle": true,
    "motion_state": false,
    "pose": [
      [
        -0.9991560955552183,
        0.04106493468923961,
        0.0008762726858678866,
        6.1541660873626824
      ],
      [
        -0.04106769370327783,
        -0.9991505639737172,
        -0.0034051497612532454,
        6.997459129321214
      ],
      [
        0.0007356960957267186,
        -0.0034382626384983476,
        0.9999938185315365,
        0.7430330068795996
      ],
      [
        0.0,
        0.0,
        0.0,
        1.0
      ]
    ],
    "location": [
      6.1541660873626824,
      6.997459129321214,
      0.7430330068795996
    ],
    "rotation": [
      -0.003438270343340836,
      -0.0007356961620924996,
      -3.1005133961693354
    ]
  },
  {
    "label_id": "GvNSnjQZk7nOuKBrSduqOA",
    "size": [
      2.157995541181566,
      4.7553734910656065,
      1.5499999999999972
    ],
    "obj_class": "vehicle",
    "point_num_in_lidar": 41,
    "speed": 0.976870668708824,
    "if_vehicle": true,
    "motion_state": false,
    "pose": [
      [
        -0.9990964083519457,
        0.04249234006762032,
        0.0008762726858678866,
        60.24341288378491
      ],
      [
        -0.04249509117613276,
        -0.9990908728344161,
        -0.0034051497612532454,
        6.886924308666494
      ],
      [
        0.0007307832609283561,
        -0.0034393101840497135,
        0.9999938185315365,
        0.7969544341222203
      ],
      [
        0.0,
        0.0,
        0.0,
        1.0
      ]
    ],
    "location": [
      60.24341288378491,
      6.886924308666494,
      0.7969544341222203
    ],
    "rotation": [
      -0.0034393178829800384,
      -0.0007307833259734622,
      -3.09908475081368
    ]
  },
  {
    "label_id": "H1UceUMUw7amJjkZPWl6qg",
    "size": [
      0.6970462820119921,
      0.7653631564612301,
      1.6941567563163105
    ],
    "obj_class": "pedestrian",
    "point_num_in_lidar": 33,
    "speed": 1.3283249326303068,
    "if_vehicle": false,
    "motion_state": true,
    "pose": [
      [
        -0.9957900196276137,
        0.09165952736195263,
        0.0008762726858678866,
        53.795749219360005
      ],
      [
        -0.09166200243231395,
        -0.995784355302493,
        -0.0034051497612532454,
        -5.823514815230737
      ],
      [
        0.0005604642138529993,
        -0.0034711350566567264,
        0.9999938185315365,
        1.0515241665371562
      ],
      [
        0.0,
        0.0,
        0.0,
        1.0
      ]
    ],
    "location": [
      53.795749219360005,
      -5.823514815230737,
      1.0515241665371562
    ],
    "rotation": [
      -0.00347114257236426,
      -0.0005604642431951859,
      -3.049801792785425
    ]
  },
  {
    "label_id": "ImNXxSqrOhGjnDuh8WZ_rw",
    "size": [
      0.7006499849952148,
      0.8057173953675747,
      1.5600000000000023
    ],
    "obj_class": "pedestrian",
    "point_num_in_lidar": 21,
    "speed": 1.0770745855027546,
    "if_vehicle": false,
    "motion_state": true,
    "pose": [
      [
        -0.9989122530615895,
        0.04662127014141799,
        0.0008762726858678866,
        62.81003389984835
      ],
      [
        -0.04662399834798667,
        -0.9989067062209315,
        -0.0034051497612532454,
        -5.774414730105491
      ],
      [
        0.0007165622555002873,
        -0.0034423011562839034,
        0.9999938185315365,
        0.8556711139386834
      ],
      [
        0.0,
        0.0,
        0.0,
        1.0
      ]
    ],
    "location": [
      62.81003389984835,
      -5.774414730105491,
      0.8556711139386834
    ],
    "rotation": [
      -0.0034423088382921534,
      -0.0007165623168214858,
      -3.0949517348607727
    ]
  },
  {
    "label_id": "J8-j5tMTE7dijlXHKvNmRw",
    "size": [
      1.8686382631255327,
      4.258107369427481,
      1.7700000000000031
    ],
    "obj_class": "vehicle",
    "point_num_in_lidar": 42,
    "speed": 2.5421149729252077e-12,
    "if_vehicle": true,
    "motion_state": false,
    "pose": [
      [
        0.08394589530783926,
        0.9964699287018879,
        0.0008762726858678866,
        38.593940286067664
      ],
      [
        -0.9964642837122579,
        0.08394841416560536,
        -0.0034051497612532454,
        -13.49626390451158
      ],
      [
        -0.0034666910421705167,
        -0.0005873260888942814,
        0.9999938185315365,
        1.0303133105763465
      ],
      [
        0.0,
        0.0,
        0.0,
        1.0
      ]
    ],
    "location": [
      38.593940286067664,
      -13.49626390451158,
      1.0303133105763465
    ],
    "rotation": [
      -0.0005873296519200913,
      0.003466697985959478,
      -1.4867510180576093
    ]
  },
  {
    "label_id": "LFIPG3l72B26CH5x5oOo8g",
    "size": [
      2.1565249126457435,
      4.707937795627931,
      1.9600000000000009
    ],
    "obj_class": "vehicle",
    "point_num_in_lidar": 4212,
    "speed": 4.099037227506402e-12,
    "if_vehicle": true,
    "motion_state": false,
    "pose": [
      [
        0.6612576385470976,
        0.7501583616872479,
        0.0008762726858678866,
        0.03760671313648345
      ],
      [
        -0.7501523275275109,
        0.6612562971043535,
        -0.0034051497612532454,
        -5.388475816369464
      ],
      [
        -0.0031338423977121436,
        0.0015943432951729558,
        0.9999938185315365,
        0.7896198227908471
      ],
      [
        0.0,
        0.0,
        0.0,
        1.0
      ]
    ],
    "location": [
      0.03760671313648345,
      -5.388475816369464,
      0.7896198227908471
    ],
    "rotation": [
      0.0015943517996903785,
      0.0031338475272958883,
      -0.8482979772452397
    ]
  },
  {
    "label_id": "LVurOGR3dPZTYlctUjwF1w",
    "size": [
      0.8553806404023455,
      0.9205835426103812,
      1.5600000000000023
    ],
    "obj_class": "pedestrian",
    "point_num_in_lidar": 91,
    "speed": 0.919879123419042,
    "if_vehicle": false,
    "motion_state": false,
    "pose": [
      [
        0.9998302801271333,
        -0.01840225766252992,
        0.0008762726858678866,
        19.714348500325286
      ],
      [
        0.018405141375322818,
        0.9998248125177018,
        -0.0034051497612532454,
        12.44625853953039
      ],
      [
        -0.0008134567305761584,
        0.0034206997623354063,
        0.9999938185315365,
        0.7919636455095898
      ],
      [
        0.0,
        0.0,
        0.0,
        1.0
      ]
    ],
    "location": [
      19.714348500325286,
      12.44625853953039,
      0.7919636455095898
    ],
    "rotation": [
      0.0034207075651776922,
      0.0008134568202885118,
      0.018406186745482125
    ]
  },
  {
    "label_id": "MgUHjjRH5WfE7KTO3UAfsQ",
    "size": [
      2.1220822046833634,
      4.89751997057426,
      1.4830591855056738
    ],
    "obj_class": "vehicle",
    "point_num_in_lidar": 4650,
    "speed": 2.2737367544323206e-12,
    "if_vehicle": true,
    "motion_state": false,
    "pose": [
      [
        -0.9924502714887254,
        0.12264457088732232,
        0.0008762726858678866,
        0.6649122067392454
      ],
      [
        -0.12264686825118866,
        -0.9924445327892532,
        -0.0034051497612532454,
        6.701107151944598
      ],
      [
        0.00045202890504616647,
        -0.003486913905671306,
        0.9999938185315365,
        0.5897381849091659
      ],
      [
        0.0,
        0.0,
        0.0,
        1.0
      ]
    ],
    "location": [
      0.6649122067392454,
      6.701107151944598,
      0.5897381849091659
    ],
    "rotation": [
      -0.003486921327933287,
      -0.00045202892044002215,
      -3.0186361916450313
    ]
  },
  {
    "label_id": "No68zCO6os9hco-_ap9yaQ",
    "size": [
      0.7484054906059366,
      0.7235802196100946,
      1.7700000000000031
    ],
    "obj_class": "pedestrian",
    "point_num_in_lidar": 44,
    "speed": 2.5421149729252077e-12,
    "if_vehicle": false,
    "motion_state": false,
    "pose": [
      [
        -0.9622684990361591,
        0.2721002901668384,
        0.0008762726858678866,
        48.352709824182966
      ],
      [
        -0.2721016883767722,
        -0.9622624777770425,
        -0.0034051497612532454,
        19.90489275890286
      ],
      [
        -8.333791218697181e-05,
        -0.003515103627057597,
        0.9999938185315365,
        0.6460337246166787
      ],
      [
        0.0,
        0.0,
        0.0,
        1.0
      ]
    ],
    "location": [
      48.352709824182966,
      19.90489275890286,
      0.6460337246166787
    ],
    "rotation": [
      -0.0035151108780473164,
      8.333791228343833e-05,
      -2.866016195787498
    ]
  },
  {
    "label_id": "OpmBDWgrhvbDWXPsj-xPxA",
    "size": [
      0.7026515170164909,
      0.7358840794624211,
      1.68310318244977
    ],
    "obj_class": "pedestrian",
    "point_num_in_lidar": 34,
    "speed": 1.6077746776921857e-12,
    "if_vehicle": false,
    "motion_state": false,
    "pose": [
      [
        -0.9918289838698178,
        0.1275715442484911,
        0.0008762726858678866,
        49.32563542090793
      ],
      [
        -0.1275738130857777,
        -0.9918232338324497,
        -0.0034051497612532454,
        18.73337872508273
      ],
      [
        0.0004347073955760765,
        -0.003489115675467441,
        0.9999938185315365,
        0.6624280564400777
      ],
      [
        0.0,
        0.0,
        0.0,
        1.0
      ]
    ],
    "location": [
      49.32563542090793,
      18.73337872508273,
      0.6624280564400777
    ],
    "rotation": [
      -0.0034891230845522296,
      -0.00043470740926722476,
      -3.0136702235382375
    ]
  },
  {
    "label_id": "SV4MhXW_fLKMUyYTomC7iA",
    "size": [
      1.8745005814532056,
      4.026761972188614,
      1.730518501504406
    ],
    "obj_class": "vehicle",
    "point_num_in_lidar": 308,
    "speed": 3.2155493553843714e-12,
    "if_vehicle": true,
    "motion_state": false,
    "pose": [
      [
        0.5357895423902755,
        0.8443511108605231,
        0.0008762726858678866,
        23.067769648012472
      ],
      [
        -0.8443449411541255,
        0.5357891612402584,
        -0.0034051497612532454,
        -3.943883484302205
      ],
      [
        -0.0033446393909395264,
        0.001084567222968144,
        0.9999938185315365,
        0.8526192044561327
      ],
      [
        0.0,
        0.0,
        0.0,
        1.0
      ]
    ],
    "location": [
      23.067769648012472,
      -3.943883484302205,
      0.8526192044561327
    ],
    "rotation": [
      0.0010845735019663165,
      0.003344645626835141,
      -1.0053502202189613
    ]
  },
  {
    "label_id": "SkVKxXh2jIQZVXZoNdO_aw",
    "size": [
      0.8929253568958876,
      0.9206928310170497,
      1.7000000000000028
    ],
    "obj_class": "pedestrian",
    "point_num_in_lidar": 38,
    "speed": 0.008772429656249029,
    "if_vehicle": false,
    "motion_state": false,
    "pose": [
      [
        0.9990910537334937,
        -0.04261805363783239,
        0.0008762726858678866,
        50.59582175120158
      ],
      [
        0.04262080404980215,
        0.9990855178698427,
        -0.0034051497612532454,
        20.40035468557471
      ],
      [
        -0.0007303504949855727,
        0.003439402109529429,
        0.9999938185315365,
        0.7048996319850716
      ],
      [
        0.0,
        0.0,
        0.0,
        1.0
      ]
    ],
    "location": [
      50.59582175120158,
      20.40035468557471,
      0.7048996319850716
    ],
    "rotation": [
      0.0034394098079405825,
      0.0007303505599151891,
      0.042633729669168334
    ]
  },
  {
    "label_id": "TBaMlPrcbb0tVmgFVZHKcA",
    "size": [
      0.8401860487472406,
      0.11186696262676982,
      0.8605185015044086
    ],
    "obj_class": "sign",
    "point_num_in_lidar": 33,
    "speed": 0.003001780552821668,
    "if_vehicle": false,
    "motion_state": false,
    "pose": [
      [
        0.999017369559011,
        0.044311707996583405,
        0.0008762726858678866,
        53.890777128333866
      ],
      [
        -0.04430848719988367,
        0.9990120934789333,
        -0.0034051497612532454,
        10.266633767809253
      ],
      [
        -0.0010262950122725749,
        0.0033629774403563266,
        0.9999938185315365,
        2.887619204456186
      ],
      [
        0.0,
        0.0,
        0.0,
        1.0
      ]
    ],
    "location": [
      53.890777128333866,
      10.266633767809253,
      2.887619204456186
    ],
    "rotation": [
      0.0033629855504788363,
      0.001026295192435577,
      -0.044323021428364195
    ]
  },
  {
    "label_id": "V7YN8qOnLzj6EqMtbCjrbw",
    "size": [
      2.361603872962684,
      4.897855298287807,
      1.8405185015044054
    ],
    "obj_class": "vehicle",
    "point_num_in_lidar": 6837,
    "speed": 0.0,
    "if_vehicle": true,
    "motion_state": false,
    "pose": [
      [
        0.6910152375438852,
        0.7228396596952521,
        0.0008762726858678866,
        2.9910673179401783
      ],
      [
        -0.7228336846365796,
        0.6910136534901528,
        -0.0034051497612532454,
        -4.770993855840061
      ],
      [
        -0.0030668936847508626,
        0.0017196109568726387,
        0.9999938185315365,
        0.8476192044562083
      ],
      [
        0.0,
        0.0,
        0.0,
        1.0
      ]
    ],
    "location": [
      2.9910673179401783,
      -4.770993855840061,
      0.8476192044562083
    ],
    "rotation": [
      0.0017196198916321717,
      0.0030668984925548304,
      -0.8078992075691664
    ]
  },
  {
    "label_id": "VA6JXxlf-ko9AI21ezS-gA",
    "size": [
      0.7480685522394342,
      0.7246482329219848,
      1.759999999999998
    ],
    "obj_class": "pedestrian",
    "point_num_in_lidar": 186,
    "speed": 0.8201394401874155,
    "if_vehicle": false,
    "motion_state": false,
    "pose": [
      [
        0.9910714548998507,
        -0.13332892945221309,
        0.0008762726858678866,
        0.8139605924661737
      ],
      [
        0.13333116486086413,
        0.9910656917843278,
        -0.0034051497612532454,
        -10.76443323658168
      ],
      [
        -0.00041443882331901403,
        0.0034915811859796567,
        0.9999938185315365,
        0.8270848567008713
      ],
      [
        0.0,
        0.0,
        0.0,
        1.0
      ]
    ],
    "location": [
      0.8139605924661737,
      -10.76443323658168,
      0.8270848567008713
    ],
    "rotation": [
      0.003491588580268661,
      0.0004144388351829851,
      0.13372941295521876
    ]
  },
  {
    "label_id": "Xhv1ib3Sd4Npw2uCm8OIgA",
    "size": [
      0.7032178819210229,
      0.8587069967628569,
      1.7415277018557802
    ],
    "obj_class": "pedestrian",
    "point_num_in_lidar": 22,
    "speed": 1.2917870407729621,
    "if_vehicle": false,
    "motion_state": true,
    "pose": [
      [
        -0.9595837638668285,
        -0.2814218048932077,
        0.0008762726858678866,
        58.00282913901174
      ],
      [
        0.28141741813647925,
        -0.95957940876433,
        -0.0034051497612532454,
        -4.835215269224136
      ],
      [
        0.0017991366175650022,
        -0.003020928027593163,
        0.9999938185315365,
        0.9666876022387498
      ],
      [
        0.0,
        0.0,
        0.0,
        1.0
      ]
    ],
    "location": [
      58.00282913901174,
      -4.835215269224136,
      0.9666876022387498
    ],
    "rotation": [
      -0.003020937511690579,
      -0.0017991375881684073,
      2.8563212739249586
    ]
  },
  {
    "label_id": "XsywigB-Q40d0u9u21SmQg",
    "size": [
      0.7289434170529419,
      0.9162428550820471,
      1.9424134016137273
    ],
    "obj_class": "pedestrian",
    "point_num_in_lidar": 63,
    "speed": 1.5275755225358456,
    "if_vehicle": false,
    "motion_state": true,
    "pose": [
      [
        0.9897736543309164,
        -0.1426441212900264,
        0.0008762726858678866,
        30.513810434065817
      ],
      [
        0.14264630239734793,
        0.9897678704461301,
        -0.0034051497612532454,
        -7.040181765412854
      ],
      [
        -0.00038158195466665663,
        0.003495324581270519,
        0.9999938185315365,
        1.031377632018085
      ],
      [
        0.0,
        0.0,
        0.0,
        1.0
      ]
    ],
    "location": [
      30.513810434065817,
      -7.040181765412854,
      1.031377632018085
    ],
    "rotation": [
      0.0034953319530138588,
      0.00038158196392668384,
      0.1431345572775677
    ]
  },
  {
    "label_id": "YmfytkE-ukfBRofAX1HVww",
    "size": [
      0.644283493135098,
      0.7097897537460085,
      1.5500000000000043
    ],
    "obj_class": "pedestrian",
    "point_num_in_lidar": 54,
    "speed": 1.3708751846270175,
    "if_vehicle": false,
    "motion_state": true,
    "pose": [
      [
        0.9960123885225435,
        -0.08921072836715412,
        0.0008762726858678866,
        19.395429557778698
      ],
      [
        0.08921321735789338,
        0.9960067303004315,
        -0.0034051497612532454,
        -9.334517531868187
      ],
      [
        -0.000568997602302208,
        0.0034697464525719306,
        0.9999938185315365,
        0.844691060051808
      ],
      [
        0.0,
        0.0,
        0.0,
        1.0
      ]
    ],
    "location": [
      19.395429557778698,
      -9.334517531868187,
      0.844691060051808
    ],
    "rotation": [
      0.0034697539764201985,
      0.0005689976330051593,
      0.08933199902691984
    ]
  },
  {
    "label_id": "aOalNxxJ9uA_4VqI2Wr-pw",
    "size": [
      0.9999999999997089,
      1.0,
      1.7608367811754064
    ],
    "obj_class": "pedestrian",
    "point_num_in_lidar": 33,
    "speed": 1.3440842114575609,
    "if_vehicle": false,
    "motion_state": true,
    "pose": [
      [
        0.2459412897626871,
        -0.969284330904016,
        0.0008762726858678866,
        51.184077663543576
      ],
      [
        0.9692798174180935,
        0.2459370661389828,
        -0.0034051497612532454,
        -6.344007000901911
      ],
      [
        0.0030850503744642476,
        0.001686820353084217,
        0.9999938185315365,
        1.035095707121286
      ],
      [
        0.0,
        0.0,
        0.0,
        1.0
      ]
    ],
    "location": [
      51.184077663543576,
      -6.344007000901911,
      1.035095707121286
    ],
    "rotation": [
      0.001686829180276531,
      -0.0030850552681647775,
      1.3223044283354126
    ]
  },
  {
    "label_id": "bof1aeoD2plQ-sVhmz6tng",
    "size": [
      2.0777450502066483,
      4.382102305572195,
      1.6253959798867612
    ],
    "obj_class": "vehicle",
    "point_num_in_lidar": 89,
    "speed": 2.104319451704491,
    "if_vehicle": true,
    "motion_state": true,
    "pose": [
      [
        -0.9976427843213344,
        0.06861564717872831,
        0.0008762726858678866,
        50.902954296252574
      ],
      [
        -0.06861825252822978,
        -0.9976371787253497,
        -0.0034051497612532454,
        6.776794358178449
      ],
      [
        0.0006405556555144395,
        -0.0034572513892902877,
        0.9999938185315365,
        0.6877664530642207
      ],
      [
        0.0,
        0.0,
        0.0,
        1.0
      ]
    ],
    "location": [
      50.902954296252574,
      6.776794358178449,
      0.6877664530642207
    ],
    "rotation": [
      -0.003457258985789972,
      -0.0006405556993190113,
      -3.0729204247683417
    ]
  },
  {
    "label_id": "c3SCJxumyZ0SBk4CZmOJ6g",
    "size": [
      0.9673409614707328,
      1.0650027170117071,
      1.9586854736991413
    ],
    "obj_class": "pedestrian",
    "point_num_in_lidar": 163,
    "speed": 1.245356923776788,
    "if_vehicle": false,
    "motion_state": true,
    "pose": [
      [
        0.9938433234288215,
        -0.11079115768929834,
        0.0008762726858678866,
        25.78686683410342
      ],
      [
        0.11079352337967213,
        0.9938376125566094,
        -0.0034051497612532454,
        11.517372185538989
      ],
      [
        -0.0004936122699168235,
        0.0034812706938054556,
        0.9999938185315365,
        1.0083531679585391
      ],
      [
        0.0,
        0.0,
        0.0,
        1.0
      ]
    ],
    "location": [
      25.78686683410342,
      11.517372185538989,
      1.0083531679585391
    ],
    "rotation": [
      0.0034812781496867183,
      0.0004936122899618501,
      0.11102146713502027
    ]
  },
  {
    "label_id": "cEBTjT2GdLcTLHmXu-PHfw",
    "size": [
      0.8625872603864425,
      0.8538088650045665,
      1.7592707532064438
    ],
    "obj_class": "pedestrian",
    "point_num_in_lidar": 135,
    "speed": 1.4042943307759448,
    "if_vehicle": false,
    "motion_state": true,
    "pose": [
      [
        -0.9975091584596737,
        0.07053163074290623,
        0.0008762726858678866,
        20.38814978314622
      ],
      [
        -0.0705342253212846,
        -0.9975035478700962,
        -0.0034051497612532454,
        -7.857500908547081
      ],
      [
        0.0006339143474698662,
        -0.0034584752878447766,
        0.9999938185315365,
        0.9010396281056146
      ],
      [
        0.0,
        0.0,
        0.0,
        1.0
      ]
    ],
    "location": [
      20.38814978314622,
      -7.857500908547081,
      0.9010396281056146
    ],
    "rotation": [
      -0.0034584828772759686,
      -0.0006339143899260126,
      -3.070999797202543
    ]
  },
  {
    "label_id": "fNy8PC-BmuP16FOJ9FFzIw",
    "size": [
      2.1476594433774285,
      5.107156534927326,
      1.980000000000004
    ],
    "obj_class": "vehicle",
    "point_num_in_lidar": 4065,
    "speed": 1.3830600733622805e-11,
    "if_vehicle": true,
    "motion_state": false,
    "pose": [
      [
        0.7588006587197194,
        0.6513223414506062,
        0.0008762726858678866,
        9.769325689434481
      ],
      [
        -0.6513165512984445,
        0.7587984943051772,
        -0.0034051497612532454,
        -4.673078336505569
      ],
      [
        -0.002882764510126743,
        0.0020130989781217607,
        0.9999938185315365,
        0.8495289039752549
      ],
      [
        0.0,
        0.0,
        0.0,
        1.0
      ]
    ],
    "location": [
      9.769325689434481,
      -4.673078336505569,
      0.8495289039752549
    ],
    "rotation": [
      0.0020131087026562175,
      0.0028827685029296597,
      -0.7093217440091809
    ]
  },
  {
    "label_id": "gLdCcd_k3Lp-3dE0ol5ezA",
    "size": [
      2.135069974136133,
      4.396070169772625,
      1.8305185015044074
    ],
    "obj_class": "vehicle",
    "point_num_in_lidar": 869,
    "speed": 3.5950934718225418e-12,
    "if_vehicle": true,
    "motion_state": false,
    "pose": [
      [
        0.6806056882541774,
        0.7326493904059688,
        0.0008762726858678866,
        19.920081230258802
      ],
      [
        -0.7326433933016042,
        0.6806041898244635,
        -0.0034051497612532454,
        -3.9800986740228836
      ],
      [
        -0.0030911757582536403,
        0.001675568902834554,
        0.9999938185315365,
        0.8926192044561603
      ],
      [
        0.0,
        0.0,
        0.0,
        1.0
      ]
    ],
    "location": [
      19.920081230258802,
      -3.9800986740228836,
      0.8926192044561603
    ],
    "rotation": [
      0.001675577692277844,
      0.003091180681161573,
      -0.8222028619402643
    ]
  },
  {
    "label_id": "kzp-3xNjfdJH_Q6nCsLIaw",
    "size": [
      0.8194303083219883,
      0.8507232528003885,
      1.8588466720492889
    ],
    "obj_class": "pedestrian",
    "point_num_in_lidar": 31,
    "speed": 1.0886809698299855,
    "if_vehicle": false,
    "motion_state": true,
    "pose": [
      [
        0.9997539902287766,
        0.02216283302782587,
        0.0008762726858678866,
        71.81372603871569
      ],
      [
        -0.02215972993873238,
        0.9997486440721716,
        -0.0034051497612532454,
        -7.157023936910264
      ],
      [
        -0.0009515201951272966,
        0.003384894095067978,
        0.9999938185315365,
        1.1172306087625756
      ],
      [
        0.0,
        0.0,
        0.0,
        1.0
      ]
    ],
    "location": [
      71.81372603871569,
      -7.157023936910264,
      1.1172306087625756
    ],
    "rotation": [
      0.0033849020911787915,
      0.0009515203387102747,
      -0.02216155397632732
    ]
  },
  {
    "label_id": "l-XnejT-kWgZdox4WXTk1Q",
    "size": [
      2.002831474961664,
      4.45394267847577,
      1.5900000000000034
    ],
    "obj_class": "vehicle",
    "point_num_in_lidar": 2427,
    "speed": 2.2737367544323206e-12,
    "if_vehicle": true,
    "motion_state": false,
    "pose": [
      [
        0.5637956606131208,
        0.8259138485459574,
        0.0008762726858678866,
        13.066347590145597
      ],
      [
        -0.8259076950860376,
        0.5637950728347775,
        -0.0034051497612532454,
        -4.414321990865574
      ],
      [
        -0.0033063985669440276,
        0.0011960883048803862,
        0.9999938185315365,
        0.6428784552083471
      ],
      [
        0.0,
        0.0,
        0.0,
        1.0
      ]
    ],
    "location": [
      13.066347590145597,
      -4.414321990865574,
      0.6428784552083471
    ],
    "rotation": [
      0.0011960951281126374,
      0.003306404591381459,
      -0.9718182580726351
    ]
  },
  {
    "label_id": "lKDSzFUMV-iZb8osI_vVhg",
    "size": [
      2.0750237040952313,
      4.716712819747884,
      1.5364505435900142
    ],
    "obj_class": "vehicle",
    "point_num_in_lidar": 240,
    "speed": 3.75449579941118,
    "if_vehicle": true,
    "motion_state": true,
    "pose": [
      [
        0.45870166217696434,
        -0.8885899038714484,
        0.0008762726858678866,
        46.66807354496996
      ],
      [
        0.8885864620777324,
        0.45869652752913004,
        -0.0034051497612532454,
        -1.7360507876437623
      ],
      [
        0.0026238384608436834,
        0.002340591901199055,
        0.9999938185315365,
        0.7861125288358082
      ],
      [
        0.0,
        0.0,
        0.0,
        1.0
      ]
    ],
    "location": [
      46.66807354496996,
      -1.7360507876437623,
      0.7861125288358082
    ],
    "rotation": [
      0.002340602095308466,
      -0.002623841471501353,
      1.0942610240872628
    ]
  },
  {
    "label_id": "lZyBbVEUGKHI86ep9kmLgw",
    "size": [
      0.8723086256036733,
      0.6996606541566454,
      1.9082143842119805
    ],
    "obj_class": "pedestrian",
    "point_num_in_lidar": 47,
    "speed": 0.0006257281115787483,
    "if_vehicle": false,
    "motion_state": false,
    "pose": [
      [
        -0.9463576711924229,
        0.3231197770509165,
        0.0008762726858678866,
        48.49362785246922
      ],
      [
        -0.32312085158540027,
        -0.9463515838343745,
        -0.0034051497612532454,
        21.68090017970826
      ],
      [
        -0.0002710091875392544,
        -0.003505631574599714,
        0.9999938185315365,
        0.6642721733536519
      ],
      [
        0.0,
        0.0,
        0.0,
        1.0
      ]
    ],
    "location": [
      48.49362785246922,
      21.68090017970826,
      0.6642721733536519
    ],
    "rotation": [
      -0.0035056388837597526,
      0.0002710091908566771,
      -2.8125672518210365
    ]
  },
  {
    "label_id": "oBgkabLveCc0Yw1MvBSHOA",
    "size": [
      0.8283111702789654,
      0.7942693187629959,
      1.8171851638005094
    ],
    "obj_class": "pedestrian",
    "point_num_in_lidar": 119,
    "speed": 1.2747757520352294,
    "if_vehicle": false,
    "motion_state": true,
    "pose": [
      [
        0.9991929360843929,
        0.04015854361440856,
        0.0008762726858678866,
        15.644087336062512
      ],
      [
        -0.040155344777494835,
        0.9991876466614786,
        -0.0034051497612532454,
        -9.6729716985501
      ],
      [
        -0.0010123066980269482,
        0.003367214555933574,
        0.9999938185315365,
        0.9879809479982953
      ],
      [
        0.0,
        0.0,
        0.0,
        1.0
      ]
    ],
    "location": [
      15.644087336062512,
      -9.6729716985501,
      0.9879809479982953
    ],
    "rotation": [
      0.003367222644266939,
      0.0010123068709230816,
      -0.04016616463258272
    ]
  },
  {
    "label_id": "skG246l1N6X1i6YSA_Q0Og",
    "size": [
      2.5894402093501707,
      7.428925470678697,
      2.7960974461957804
    ],
    "obj_class": "vehicle",
    "point_num_in_lidar": 180,
    "speed": 3.5950934718225418e-12,
    "if_vehicle": true,
    "motion_state": false,
    "pose": [
      [
        -0.9976054055188824,
        0.06915697380370245,
        0.0008762726858678866,
        70.65619053890259
      ],
      [
        -0.06915957611113548,
        -0.9975997985100193,
        -0.0034051497612532454,
        11.279047276169877
      ],
      [
        0.0006386796020249629,
        -0.0034575984559399595,
        0.9999938185315365,
        1.3658018184191505
      ],
      [
        0.0,
        0.0,
        0.0,
        1.0
      ]
    ],
    "location": [
      70.65619053890259,
      11.279047276169877,
      1.3658018184191505
    ],
    "rotation": [
      -0.003457606050436251,
      -0.0006386796454457775,
      -3.072377812085151
    ]
  },
  {
    "label_id": "t1ePe__aXYB9-IF7fpKV7w",
    "size": [
      0.7204831567339428,
      0.8499257723597111,
      1.6992111162184642
    ],
    "obj_class": "pedestrian",
    "point_num_in_lidar": 70,
    "speed": 0.7542327924364584,
    "if_vehicle": false,
    "motion_state": false,
    "pose": [
      [
        -0.3364857367642606,
        -0.9416881549113766,
        0.0008762726858678866,
        33.312747435076744
      ],
      [
        0.941682052950397,
        -0.3364867250074346,
        -0.0034051497612532454,
        6.4163238095497945
      ],
      [
        0.003501443322152637,
        -0.0003206140644355143,
        0.9999938185315365,
        0.8179816021422681
      ],
      [
        0.0,
        0.0,
        0.0,
        1.0
      ]
    ],
    "location": [
      33.312747435076744,
      6.4163238095497945,
      0.8179816021422681
    ],
    "rotation": [
      -0.00032061603532762285,
      -0.0035014504768694373,
      1.913981040359452
    ]
  },
  {
    "label_id": "tLLaYUgBVODgrVjxYBagwA",
    "size": [
      0.7770444605792447,
      0.11190182437167095,
      0.7800000000000011
    ],
    "obj_class": "sign",
    "point_num_in_lidar": 53,
    "speed": 0.010166060629464678,
    "if_vehicle": false,
    "motion_state": false,
    "pose": [
      [
        -0.9948270856485776,
        0.1015790421599735,
