[
  {
    "label_id": "5oKLeS12L_2dB-lud2mbjw",
    "size": [
      0.5333168196882182,
      0.13607854132621355,
      0.5600000000000023
    ],
    "obj_class": "sign",
    "point_num_in_lidar": 31,
    "speed": 0.014479320690245014,
    "if_vehicle": false,
    "motion_state": false,
    "pose": [
      [
        -0.9936386082242586,
        -0.1126136380461884,
        -0.000696255815435625,
        7.21237510231731
      ],
      [
        0.1126133485074664,
        -0.9936387866413493,
        0.00044206316640849525,
        9.061656761892664
      ],
      [
        -0.000741609125056916,
        0.0003608433306233438,
        0.9999996599039404,
        3.1434872084986054
      ],
      [
        0.0,
        0.0,
        0.0,
        1.0
      ]
    ],
    "location": [
      7.21237510231731,
      9.061656761892664,
      3.1434872084986054
    ],
    "rotation": [
      0.0003608434376832138,
      0.0007416091930358032,
      3.0287398825326095
    ]
  },
  {
    "label_id": "5v-HhV-BedTvNkAgrUmSsA",
    "size": [
      2.1228378314039626,
      5.033050925192189,
      1.480000000000004
    ],
    "obj_class": "vehicle",
    "point_num_in_lidar": 115,
    "speed": 0.003062681526496647,
    "if_vehicle": true,
    "motion_state": false,
    "pose": [
      [
        -0.9947622224001464,
        0.1022136786998744,
        -0.000696255815435625,
        12.423709953662183
      ],
      [
        -0.10221399966482629,
        -0.9947623348582695,
        0.00044206316640849525,
        7.392970533015614
      ],
      [
        -0.0006474241581650636,
        0.0005109148295433308,
        0.9999996599039404,
        0.6289555817517893
      ],
      [
        0.0,
        0.0,
        0.0,
        1.0
      ]
    ],
    "location": [
      12.423709953662183,
      7.392970533015614,
      0.6289555817517893
    ],
    "rotation": [
      0.0005109149588480976,
      0.0006474242033939123,
      -3.039199806802013
    ]
  },
  {
    "label_id": "7igbE48KGSRL1PidJzMz3A",
    "size": [
      0.8269040431432766,
      0.8391242999262727,
      1.759999999999998
    ],
    "obj_class": "pedestrian",
    "point_num_in_lidar": 66,
    "speed": 5.796914039811764e-12,
    "if_vehicle": false,
    "motion_state": false,
    "pose": [
      [
        0.9997240498147014,
        -0.023480618601990126,
        -0.000696255815435625,
        4.197106989908207
      ],
      [
        0.023480929703341244,
        0.9997241872238681,
        0.00044206316640849525,
        -10.807025560752663
      ],
      [
        0.0006856838625778457,
        -0.0004582899128535976,
        0.9999996599039404,
        0.9192914644045729
      ],
      [
        0.0,
        0.0,
        0.0,
        1.0
      ]
    ],
    "location": [
      4.197106989908207,
      -10.807025560752663,
      0.9192914644045729
    ],
    "rotation": [
      -0.000458290036631393,
      -0.0006856839163083141,
      0.023483093477968866
    ]
  },
  {
    "label_id": "86fthlPGwTMBqnk5iTgbRQ",
    "size": [
      0.7337995945942426,
      0.8631336802852894,
      1.8800000000000026
    ],
    "obj_class": "pedestrian",
    "point_num_in_lidar": 123,
    "speed": 1.2792542953885944,
    "if_vehicle": false,
    "motion_state": true,
    "pose": [
      [
        -0.9976884543556352,
        0.06795044718987014,
        -0.000696255815435625,
        -9.038833541002532
      ],
      [
        -0.0679507640984115,
        -0.9976885777829668,
        0.00044206316640849525,
        -10.405731768572878
      ],
      [
        -0.0006646080844314613,
        0.0004883524318884629,
        0.9999996599039404,
        0.9002742080547819
      ],
      [
        0.0,
        0.0,
        0.0,
        1.0
      ]
    ],
    "location": [
      -9.038833541002532,
      -10.405731768572878,
      0.9002742080547819
    ],
    "rotation": [
      0.0004883525591531422,
      0.0006646081333581355,
      -3.0735894739168486
    ]
  },
  {
    "label_id": "Abp2wF28Amdp-8SvcS3E1g",
    "size": [
      2.196294568934204,
      4.401772619467235,
      1.7100000000000009
    ],
    "obj_class": "vehicle",
    "point_num_in_lidar": 368,
    "speed": 2.8014810454718115,
    "if_vehicle": true,
    "motion_state": true,
    "pose": [
      [
        0.9999597322490401,
        -0.008947016724453834,
        -0.000696255815435625,
        8.071964180460782
      ],
      [
        0.008947325795679589,
        0.9999598741655902,
        0.00044206316640849525,
        0.16670555650489405
      ],
      [
        0.0006922727310469461,
        -0.00044827499313684086,
        0.9999996599039404,
        0.9591041198499966
      ],
      [
        0.0,
        0.0,
        0.0,
        1.0
      ]
    ],
    "location": [
      8.071964180460782,
      0.16670555650489405,
      0.9591041198499966
    ],
    "rotation": [
      -0.00044827511556640105,
      -0.0006922727863412656,
      0.00894744732318798
    ]
  },
  {
    "label_id": "BWvewDT0hJdWZfzsS5N52A",
    "size": [
      0.8672735484512789,
      0.9365148916588351,
      1.7102353335570868
    ],
    "obj_class": "pedestrian",
    "point_num_in_lidar": 21,
    "speed": 1.790709925018736,
    "if_vehicle": false,
    "motion_state": true,
    "pose": [
      [
        0.9554533051581244,
        0.2951414862235667,
        -0.000696255815435625,
        50.92302691475925
      ],
      [
        -0.29514123484529875,
        0.9554535342308119,
        0.00044206316640849525,
        14.950860191216634
      ],
      [
        0.0007957112595252229,
        -0.00021687691229777193,
        0.9999996599039404,
        0.748214730634281
      ],
      [
        0.0,
        0.0,
        0.0,
        1.0
      ]
    ],
    "location": [
      50.92302691475925,
      14.950860191216634,
      0.748214730634281
    ],
    "rotation": [
      -0.0002168769826564654,
      -0.0007957113434935274,
      -0.29960343276177587
    ]
  },
  {
    "label_id": "BwHI89zywx_VtSBIHs_eSQ",
    "size": [
      0.6504492240976036,
      0.6017498360048931,
      1.4099999999999966
    ],
    "obj_class": "pedestrian",
    "point_num_in_lidar": 22,
    "speed": 1.6077746776921857e-12,
    "if_vehicle": false,
    "motion_state": false,
    "pose": [
      [
        -0.9976175562362404,
        0.06898352496843928,
        -0.000696255815435625,
        7.4717616247799015
      ],
      [
        -0.06898384200462068,
        -0.9976176793353446,
        0.00044206316640849525,
        -11.707867518496641
      ],
      [
        -0.0006641020353410585,
        0.000489040376941307,
        0.9999996599039404,
        0.9805513294711332
      ],
      [
        0.0,
        0.0,
        0.0,
        1.0
      ]
    ],
    "location": [
      7.4717616247799015,
      -11.707867518496641,
      0.9805513294711332
    ],
    "rotation": [
      0.0004890405042756558,
      0.0006641020841560558,
      -3.0725539657938894
    ]
  },
  {
    "label_id": "CrXtAugdGUzqAxQbcnVoJQ",
    "size": [
      0.7861819853720603,
      0.8404087789842696,
      1.066311871502343
    ],
    "obj_class": "sign",
    "point_num_in_lidar": 116,
    "speed": 3.410605131648481e-12,
    "if_vehicle": false,
    "motion_state": false,
    "pose": [
      [
        0.9230835522373176,
        -0.3845988440138306,
        -0.000696255815435625,
        -15.644044302229304
      ],
      [
        0.3845991837712664,
        0.9230835674101412,
        0.00044206316640849525,
        -11.45169933966099
      ],
      [
        0.00047268531916057273,
        -0.0006758406562741692,
        0.9999996599039404,
        0.502321576617426
      ],
      [
        0.0,
        0.0,
        0.0,
        1.0
      ]
    ],
    "location": [
      -15.644044302229304,
      -11.45169933966099,
      0.502321576617426
    ],
    "rotation": [
      -0.0006758407832257884,
      -0.00047268533676269914,
      0.3947736153953904
    ]
  },
  {
    "label_id": "Djbr-wq3c_Wu_emcmW1Dog",
    "size": [
      2.45995608783526,
      5.612823795445765,
      2.270518501504405
    ],
    "obj_class": "vehicle",
    "point_num_in_lidar": 576,
    "speed": 3.5950934718225418e-12,
    "if_vehicle": true,
    "motion_state": false,
    "pose": [
      [
        0.6979183048683852,
        0.7161770416297071,
        -0.000696255815435625,
        6.414921689989569
      ],
      [
        -0.7161769304317428,
        0.6979186262720917,
        0.00044206316640849525,
        -4.570807764146593
      ],
      [
        0.0008025253929746834,
        0.00019011837694936812,
        0.9999996599039404,
        0.9928274582719041
      ],
      [
        0.0,
        0.0,
        0.0,
        1.0
      ]
    ],
    "location": [
      6.414921689989569,
      -4.570807764146593,
      0.9928274582719041
    ],
    "rotation": [
      0.00019011843931728928,
      -0.0008025254791187212,
      -0.7983093242139765
    ]
  },
  {
    "label_id": "E75oOBNsjxdruqTnCSuXbg",
    "size": [
      2.5041251710296764,
      5.499129799143252,
      2.1400000000000006
    ],
    "obj_class": "vehicle",
    "point_num_in_lidar": 6116,
    "speed": 0.0001629795712936726,
    "if_vehicle": true,
    "motion_state": false,
    "pose": [
      [
        0.6916973985843767,
        0.7221871115018916,
        -0.000696255815435625,
        -24.14079498682986
      ],
      [
        -0.7221870030881689,
        0.6916977209379008,
        0.00044206316640849525,
        -5.867363739234861
      ],
      [
        0.0008008508819765127,
        0.00019705295851743466,
        0.9999996599039404,
        0.9800397623342647
      ],
      [
        0.0,
        0.0,
        0.0,
        1.0
      ]
    ],
    "location": [
      -24.14079498682986,
      -5.867363739234861,
      0.9800397623342647
    ],
    "rotation": [
      0.00019705302298387615,
      -0.0008008509675824427,
      -0.8069592469265547
    ]
  },
  {
    "label_id": "FLWvnW-tWYdIJ09iJ2iXPw",
    "size": [
      2.1435329259811677,
      4.441836607453283,
      1.8700000000000045
    ],
    "obj_class": "vehicle",
    "point_num_in_lidar": 1359,
    "speed": 4.687428401686771e-12,
    "if_vehicle": true,
    "motion_state": false,
    "pose": [
      [
        0.6632506093760505,
        0.7483970499608731,
        -0.000696255815435625,
        -6.646341927531466
      ],
      [
        -0.7483969540947184,
        0.6632509356811379,
        0.00044206316640849525,
        -5.929621241062705
      ],
      [
        0.0007926310906975924,
        0.0002278770670396153,
        0.9999996599039404,
        0.8572257843826065
      ],
      [
        0.0,
        0.0,
        0.0,
        1.0
      ]
    ],
    "location": [
      -6.646341927531466,
      -5.929621241062705,
      0.8572257843826065
    ],
    "rotation": [
      0.00022787714059533342,
      -0.0007926311736945518,
      -0.845642174450685
    ]
  },
  {
    "label_id": "G96MfK6U70_2CEKJH1g1gA",
    "size": [
      2.0507676477421524,
      4.751621205894719,
      1.783059185505671
    ],
    "obj_class": "vehicle",
    "point_num_in_lidar": 274,
    "speed": 1.1368683772161603e-12,
    "if_vehicle": true,
    "motion_state": false,
    "pose": [
      [
        -0.9991562369766999,
        0.04106494050160804,
        -0.000696255815435625,
        6.1541660873481305
      ],
      [
        -0.04106525397222486,
        -0.9991563688914532,
        0.00044206316640849525,
        6.997459129313938
      ],
      [
        -0.0006775151347436995,
        0.0004702820917452192,
        0.9999996599039404,
        0.723300369063189
      ],
      [
        0.0,
        0.0,
        0.0,
        1.0
      ]
    ],
    "location": [
      6.1541660873481305,
      6.997459129313938,
      0.723300369063189
    ],
    "rotation": [
      0.000470282217016311,
      0.0006775151865766395,
      -3.1005158396505648
    ]
  },
  {
    "label_id": "LFIPG3l72B26CH5x5oOo8g",
    "size": [
      2.156524912645742,
      4.707937795627931,
      1.960000000000008
    ],
    "obj_class": "vehicle",
    "point_num_in_lidar": 445,
    "speed": 4.099037227506402e-12,
    "if_vehicle": true,
    "motion_state": false,
    "pose": [
      [
        0.661257732142117,
        0.7501584678653598,
        -0.000696255815435625,
        0.03760671313648345
      ],
      [
        -0.7501583728674264,
        0.6612580587010282,
        0.00044206316640849525,
        -5.38847581637674
      ],
      [
        0.000792022196486969,
        0.00022998444272382678,
        0.9999996599039404,
        0.8025662054480307
      ],
      [
        0.0,
        0.0,
        0.0,
        1.0
      ]
    ],
    "location": [
      0.03760671313648345,
      -5.38847581637674,
      0.8025662054480307
    ],
    "rotation": [
      0.00022998451688580838,
      -0.0007920222792928021,
      -0.8483019045824317
    ]
  },
  {
    "label_id": "LVurOGR3dPZTYlctUjwF1w",
    "size": [
      0.8553806403932147,
      0.9205835426103812,
      1.5600000000000023
    ],
    "obj_class": "pedestrian",
    "point_num_in_lidar": 44,
    "speed": 0.9469075358431573,
    "if_vehicle": false,
    "motion_state": false,
    "pose": [
      [
        0.9955603793387997,
        -0.09412250697163216,
        -0.000696255815435625,
        14.659622604311153
      ],
      [
        0.09412282701164838,
        0.9955604944027722,
        0.00044206316640849525,
        12.310944999946514
      ],
      [
        0.0006515566903837108,
        -0.0005056341393134539,
        0.9999996599039404,
        0.8269647060093064
      ],
      [
        0.0,
        0.0,
        0.0,
        1.0
      ]
    ],
    "location": [
      14.659622604311153,
      12.310944999946514,
      0.8269647060093064
    ],
    "rotation": [
      -0.0005056342681865205,
      -0.000651556736484192,
      0.09426237807819081
    ]
  },
  {
    "label_id": "MgUHjjRH5WfE7KTO3UAfsQ",
    "size": [
      2.122082204683362,
      4.89751997057426,
      1.4830591855056667
    ],
    "obj_class": "vehicle",
    "point_num_in_lidar": 294,
    "speed": 2.2737367544323206e-12,
    "if_vehicle": true,
    "motion_state": false,
    "pose": [
      [
        -0.9924504119610583,
        0.12264458824654821,
        -0.000696255815435625,
        0.6649122067319695
      ],
      [
        -0.12264491145581559,
        -0.9924505177963041,
        0.00044206316640849525,
        6.701107151937322
      ],
      [
        -0.0006367827895246387,
        0.0005241180044496199,
        0.9999996599039404,
        0.5978784881489432
      ],
      [
        0.0,
        0.0,
        0.0,
        1.0
      ]
    ],
    "location": [
      0.6649122067319695,
      6.701107151937322,
      0.5978784881489432
    ],
    "rotation": [
      0.0005241181347084244,
      0.0006367828325597351,
      -3.0186381508962197
    ]
  },
  {
    "label_id": "NeWx86gkt3mp026gu2eoxA",
    "size": [
      0.5823260342821719,
      0.5392474862904848,
      1.6000000000000014
    ],
    "obj_class": "pedestrian",
    "point_num_in_lidar": 36,
    "speed": 1.9109379878715777e-27,
    "if_vehicle": false,
    "motion_state": false,
    "pose": [
      [
        -0.13082144806583249,
        0.9914057009891553,
        -0.000696255815435625,
        8.587480792353745
      ],
      [
        -0.9914058846873647,
        -0.13082116184861148,
        0.00044206316640849525,
        -9.519507455072016
      ],
      [
        0.00034717894865555896,
        0.0007481034562368047,
        0.9999996599039404,
        0.8090177420488871
      ],
      [
        0.0,
        0.0,
        0.0,
        1.0
      ]
    ],
    "location": [
      8.587480792353745,
      -9.519507455072016,
      0.8090177420488871
    ],
    "rotation": [
      0.0007481035711029439,
      -0.00034717895562999226,
      -1.7019938380863795
    ]
  },
  {
    "label_id": "QF5YvxVvE6aYjLIxReCx5Q",
    "size": [
      0.8942793650156274,
      0.8744789879199989,
      1.7367840721700532
    ],
    "obj_class": "pedestrian",
    "point_num_in_lidar": 37,
    "speed": 1.5040137670067524,
    "if_vehicle": false,
    "motion_state": true,
    "pose": [
      [
        -0.9241770415752534,
        0.38196375620345424,
        -0.000696255815435625,
        -22.93368218788237
      ],
      [
        -0.3819640959162199,
        -0.9241770577173303,
        0.00044206316640849525,
        -10.915541958202084
      ],
      [
        -0.00047461154340729496,
        0.000674489352390071,
        0.9999996599039404,
        0.7902420084812718
      ],
      [
        0.0,
        0.0,
        0.0,
        1.0
      ]
    ],
    "location": [
      -22.93368218788237,
      -10.915541958202084,
      0.7902420084812718
    ],
    "rotation": [
      0.0006744894794981065,
      0.000474611561225489,
      -2.7496720040692173
    ]
  },
  {
    "label_id": "V7YN8qOnLzj6EqMtbCjrbw",
    "size": [
      2.3616038729626823,
      4.897855298287807,
      1.8405185015044054
    ],
    "obj_class": "vehicle",
    "point_num_in_lidar": 433,
    "speed": 0.0,
    "if_vehicle": true,
    "motion_state": false,
    "pose": [
      [
        0.691015335350823,
        0.7228397620066491,
        -0.000696255815435625,
        2.9910673179329024
      ],
      [
        -0.7228396538972811,
        0.6910156578065477,
        0.00044206316640849525,
        -4.770993855847337
      ],
      [
        0.0008006645043035051,
        0.00019780888547144337,
        0.9999996599039404,
        0.8810706646206441
      ],
      [
        0.0,
        0.0,
        0.0,
        1.0
      ]
    ],
    "location": [
      2.9910673179329024,
      -4.770993855847337,
      0.8810706646206441
    ],
    "rotation": [
      0.00019780895016550742,
      -0.0008006645898496811,
      -0.8079032617414847
    ]
  },
  {
    "label_id": "VA6JXxlf-ko9AI21ezS-gA",
    "size": [
      0.7480685522337329,
      0.7246482329219848,
      1.759999999999998
    ],
    "obj_class": "pedestrian",
    "point_num_in_lidar": 22,
    "speed": 0.7801990456793388,
    "if_vehicle": false,
    "motion_state": false,
    "pose": [
      [
        0.9990017620683419,
        -0.0446653625552002,
        -0.000696255815435625,
        -3.2387810131913284
      ],
      [
        0.04466567649916659,
        0.9990018928525755,
        0.00044206316640849525,
        -10.707599636545638
      ],
      [
        0.0006758159659298675,
        -0.00047272061920050845,
        0.9999996599039404,
        0.8570848567008724
      ],
      [
        0.0,
        0.0,
        0.0,
        1.0
      ]
    ],
    "location": [
      -3.2387810131913284,
      -10.707599636545638,
      0.8570848567008724
    ],
    "rotation": [
      -0.00047272074475881483,
      -0.0006758160173738027,
      0.04468055156442284
    ]
  },
  {
    "label_id": "X1k3ar-6VxCGzHvtOE0rKw",
    "size": [
      2.321696450277748,
      6.372934033764432,
      2.273059185505666
    ],
    "obj_class": "vehicle",
    "point_num_in_lidar": 5808,
    "speed": 3.410605131648481e-12,
    "if_vehicle": true,
    "motion_state": false,
    "pose": [
      [
        -0.9990092462931436,
        0.044497652170030204,
        -0.000696255815435625,
        -11.612414450537472
      ],
      [
        -0.044497966092036455,
        -0.9990093771300793,
        0.00044206316640849525,
        6.003289864413091
      ],
      [
        -0.0006758953154855118,
        0.00047260715835434894,
        0.9999996599039404,
        0.9442359855992493
      ],
      [
        0.0,
        0.0,
        0.0,
        1.0
      ]
    ],
    "location": [
      -11.612414450537472,
      6.003289864413091,
      0.9442359855992493
    ],
    "rotation": [
      0.0004726072838994162,
      0.0006758953669475695,
      -3.097079979383046
    ]
  },
  {
    "label_id": "YoCJlxDeJXwOZIj1uoslgg",
    "size": [
      1.9479609049787179,
      4.487277266717799,
      1.8100000000000023
    ],
    "obj_class": "vehicle",
    "point_num_in_lidar": 877,
    "speed": 2.2520557490052714e-27,
    "if_vehicle": true,
    "motion_state": false,
    "pose": [
      [
        0.6813533646201873,
        0.7319543071453231,
        -0.000696255815435625,
        -9.929016223919461
      ],
      [
        -0.7319542033284627,
        0.6813536884834134,
        0.00044206316640849525,
        -6.117408150967094
      ],
      [
        0.0007979665066580876,
        0.0002084261448929102,
        0.9999996599039404,
        0.8237069904991756
      ],
      [
        0.0,
        0.0,
        0.0,
        1.0
      ]
    ],
    "location": [
      -9.929016223919461,
      -6.117408150967094,
      0.8237069904991756
    ],
    "rotation": [
      0.00020842621275973005,
      -0.0007979665913423799,
      -0.8211860098171884
    ]
  },
  {
    "label_id": "YouvLLdH3acJBBBG3rStCg",
    "size": [
      0.8365938555513257,
      0.8002795032732734,
      1.8200000000000074
    ],
    "obj_class": "pedestrian",
    "point_num_in_lidar": 34,
    "speed": 1.2295128248823564,
    "if_vehicle": false,
    "motion_state": true,
    "pose": [
      [
        -0.9931393756300523,
        0.11693457915000735,
        -0.000696255815435625,
        -9.003129233897198
      ],
      [
        -0.11693490174522805,
        -0.9931394833224539,
        0.00044206316640849525,
        -9.53692316627712
      ],
      [
        -0.0006397866704802934,
        0.0005204469424434854,
        0.9999996599039404,
        0.8624860038275983
      ],
      [
        0.0,
        0.0,
        0.0,
        1.0
      ]
    ],
    "location": [
      -9.003129233897198,
      -9.53692316627712,
      0.8624860038275983
    ],
    "rotation": [
      0.0005204470724551692,
      0.0006397867141272928,
      -3.024389584325696
    ]
  },
  {
    "label_id": "aKdb2hW6WTmxEyp8LsOQ6w",
    "size": [
      0.8134728679749883,
      0.7413293880754128,
      1.7800000000000011
    ],
    "obj_class": "pedestrian",
    "point_num_in_lidar": 24,
    "speed": 0.7160615053745248,
    "if_vehicle": false,
    "motion_state": false,
    "pose": [
      [
        0.2774847542967985,
        0.9607297884216379,
        -0.000696255815435625,
        -1.2906825659811147
      ],
      [
        -0.9607298420095346,
        0.27748509014448286,
        0.00044206316640849525,
        -6.270844310194661
      ],
      [
        0.0006179038600424077,
        0.0005462479504471617,
        0.9999996599039404,
        0.6745505702728352
      ],
      [
        0.0,
        0.0,
        0.0,
        1.0
      ]
    ],
    "location": [
      -1.2906825659811147,
      -6.270844310194661,
      0.6745505702728352
    ],
    "rotation": [
      0.0005462480818928911,
      -0.0006179038993622302,
      -1.2896212127182904
    ]
  },
  {
    "label_id": "bof1aeoD2plQ-sVhmz6tng",
    "size": [
      2.077745050211178,
      4.382102305572195,
      1.6253959798867612
    ],
    "obj_class": "vehicle",
    "point_num_in_lidar": 34,
    "speed": 3.5950934718225418e-12,
    "if_vehicle": true,
    "motion_state": false,
    "pose": [
      [
        -0.9976998101721231,
        0.06778350839510502,
        -0.000696255815435625,
        53.8632550024995
      ],
      [
        -0.06778382528298948,
        -0.9976999336524796,
        0.00044206316640849525,
        6.976519427073072
      ],
      [
        -0.0006646897885138591,
        0.0004882412197555971,
        0.9999996599039404,
        0.7437681282614292
      ],
      [
        0.0,
        0.0,
        0.0,
        1.0
      ]
    ],
    "location": [
      53.8632550024995,
      6.976519427073072,
      0.7437681282614292
    ],
    "rotation": [
      0.00048824134700897043,
      0.00066468983745858,
      -3.0737567985566843
    ]
  },
  {
    "label_id": "c3SCJxumyZ0SBk4CZmOJ6g",
    "size": [
      0.9673409614598485,
      1.0650027170117071,
      1.9586854736991413
    ],
    "obj_class": "pedestrian",
    "point_num_in_lidar": 54,
    "speed": 1.184861305926736,
    "if_vehicle": false,
    "motion_state": true,
    "pose": [
      [
        0.999767162145451,
        -0.02156702861942609,
        -0.000696255815435625,
        18.978338905944838
      ],
      [
        0.021567339457195845,
        0.9997673001498374,
        0.00044206316640849525,
        11.037514441515668
      ],
      [
        0.0006865598078501722,
        -0.00045697662288980034,
        0.9999996599039404,
        1.0083531679585391
      ],
      [
        0.0,
        0.0,
        0.0,
        1.0
      ]
    ],
    "location": [
      18.978338905944838,
      11.037514441515668,
      1.0083531679585391
    ],
    "rotation": [
      -0.0004569767464959912,
      -0.0006865598617868221,
      0.021569016899958837
    ]
  },
  {
    "label_id": "ekvD_FAbJ7D8_7ORMyIEHA",
    "size": [
      2.0245351076351064,
      4.39139231476018,
      1.4000000000000057
    ],
    "obj_class": "vehicle",
    "point_num_in_lidar": 2656,
    "speed": 5.798291180005919,
    "if_vehicle": true,
    "motion_state": true,
    "pose": [
      [
        -0.998279748722694,
        0.0586264319057077,
        -0.000696255815435625,
        -11.493298578563554
      ],
      [
        -0.058626747647280236,
        -0.9982798751054031,
        0.00044206316640849525,
        2.7395261774145183
      ],
      [
        -0.0006691415823510172,
        0.0004821219206713268,
        0.9999996599039404,
        0.669054562403538
      ],
      [
        0.0,
        0.0,
        0.0,
        1.0
      ]
    ],
    "location": [
      -11.493298578563554,
      2.7395261774145183,
      0.669054562403538
    ],
    "rotation": [
      0.0004821220472840602,
      0.0006691416322857688,
      -3.082932256454904
    ]
  },
  {
    "label_id": "gLdCcd_k3Lp-3dE0ol5ezA",
    "size": [
      2.1350699741361336,
      4.396070169772625,
      1.8305185015044074
    ],
    "obj_class": "vehicle",
    "point_num_in_lidar": 37,
    "speed": 3.5950934718225418e-12,
    "if_vehicle": true,
    "motion_state": false,
    "pose": [
      [
        0.6806057845877383,
        0.7326494941058438,
        -0.000696255815435625,
        19.92008123024425
      ],
      [
        -0.7326493906196575,
        0.6806061085567786,
        0.00044206316640849525,
        -3.9800986740228836
      ],
      [
        0.0007977533163356788,
        0.0002092406506835095,
        0.9999996599039404,
        0.8926192044561461
      ],
      [
        0.0,
        0.0,
        0.0,
        1.0
      ]
    ],
    "location": [
      19.92008123024425,
      -3.9800986740228836,
      0.8926192044561461
    ],
    "rotation": [
      0.00020924071879181786,
      -0.0007977534009521147,
      -0.8222068731913396
    ]
  },
  {
    "label_id": "h1TzLRBOnGUWaFDlLPUWwg",
    "size": [
      2.216842437481397,
      4.65169111394828,
      1.5400000000000063
    ],
    "obj_class": "vehicle",
    "point_num_in_lidar": 3582,
    "speed": 2.5421149729252077e-12,
    "if_vehicle": true,
    "motion_state": false,
    "pose": [
      [
        0.6181041735237509,
        0.7860958884896679,
        -0.000696255815435625,
        -16.93896119434794
      ],
      [
        -0.7860958119732222,
        0.6181045049005204,
        0.00044206316640849525,
        -5.680538477216032
      ],
      [
        0.000777862893650387,
        0.0002740826924577302,
        0.9999996599039404,
        0.6143415645749215
      ],
      [
        0.0,
        0.0,
        0.0,
        1.0
      ]
    ],
    "location": [
      -16.93896119434794,
      -5.680538477216032,
      0.6143415645749215
    ],
    "rotation": [
      0.0002740827788090475,
      -0.0007778629720940802,
      -0.9044673768752672
    ]
  },
  {
    "label_id": "knugsf_-ZcL72Hv_f2P2Rw",
    "size": [
      0.760224233302036,
      0.9862085662898608,
      1.7675343397518546
    ],
    "obj_class": "pedestrian",
    "point_num_in_lidar": 165,
    "speed": 0.7492973307526105,
    "if_vehicle": false,
    "motion_state": false,
    "pose": [
      [
        -0.8798766543508847,
        0.4752016291598058,
        -0.000696255815435625,
        -10.508324975991854
      ],
      [
        -0.47520196872668913,
        -0.8798766353861408,
        0.00044206316640849525,
        11.658634352585068
      ],
      [
        -0.00040255008738467225,
        0.0007198231941036805,
        0.9999996599039404,
        0.8574679038779891
      ],
      [
        0.0,
        0.0,
        0.0,
        1.0
      ]
    ],
    "location": [
      -10.508324975991854,
      11.658634352585068,
      0.8574679038779891
    ],
    "rotation": [
      0.0007198233145883411,
      0.00040255009825665005,
      -2.646399050271909
    ]
  },
  {
    "label_id": "l-XnejT-kWgZdox4WXTk1Q",
    "size": [
      2.0028314749616665,
      4.45394267847577,
      1.5900000000000034
    ],
    "obj_class": "vehicle",
    "point_num_in_lidar": 20,
    "speed": 2.2737367544323206e-12,
    "if_vehicle": true,
    "motion_state": false,
    "pose": [
      [
        0.5637957404132807,
        0.8259139654465714,
        -0.000696255815435625,
        13.066347590145597
      ],
      [
        -0.8259139114064017,
        0.563796076188488,
        0.00044206316640849525,
        -4.41432199087285
      ],
      [
        0.0007576524395123294,
        0.00032581403365117387,
        0.9999996599039404,
        0.6428784552083471
      ],
      [
        0.0,
        0.0,
        0.0,
        1.0
      ]
    ],
    "location": [
      13.066347590145597,
      -4.41432199087285,
      0.6428784552083471
    ],
    "rotation": [
      0.0003258141329303634,
      -0.0007576525119991313,
      -0.9718216969192995
    ]
  },
  {
    "label_id": "m0tgylL49ebYatJ_PJXt6Q",
    "size": [
      0.8365244236489822,
      0.9456056770708878,
      1.8064762292254386
    ],
    "obj_class": "pedestrian",
    "point_num_in_lidar": 361,
    "speed": 1.1543438934961763,
    "if_vehicle": false,
    "motion_state": true,
    "pose": [
      [
        -0.9985807607026785,
        0.05325391612172439,
        -0.000696255815435625,
        -16.969466075053788
      ],
      [
        -0.05325423117867015,
        -0.9985808887825391,
        0.00044206316640849525,
        9.991432376125886
      ],
      [
        -0.0006717261562132961,
        0.0004785143411455322,
        0.9999996599039404,
        0.8292755240273451
      ],
      [
        0.0,
        0.0,
        0.0,
        1.0
      ]
    ],
    "location": [
      -16.969466075053788,
      9.991432376125886,
      0.8292755240273451
    ],
    "rotation": [
      0.00047851446736363464,
      0.0006717262067289077,
      -3.0883132065844148
    ]
  },
  {
    "label_id": "mDfmRjIUQaWVZdGTGhcD6w",
    "size": [
      0.598300986871496,
      0.49394130030032374,
      1.259999999999998
    ],
    "obj_class": "pedestrian",
    "point_num_in_lidar": 39,
    "speed": 0.22339448513562005,
    "if_vehicle": false,
    "motion_state": false,
    "pose": [
      [
        0.6621354048710257,
        0.7493838941718206,
        -0.000696255815435625,
        7.431250158508192
      ],
      [
        -0.7493837987916867,
        0.6621357313185098,
        0.00044206316640849525,
        -10.802160765051667
      ],
      [
        0.0007922908706513566,
        0.00022905715423349556,
        0.9999996599039404,
        0.9931293302681183
      ],
      [
        0.0,
        0.0,
        0.0,
        1.0
      ]
    ],
    "location": [
      7.431250158508192,
      -10.802160765051667,
      0.9931293302681183
    ],
    "rotation": [
      0.00022905722812895937,
      -0.0007922909535414879,
      -0.8471313169376082
    ]
  },
  {
    "label_id": "oA3p3mCZ9TFc3cKKKJR0Eg",
    "size": [
      2.4832522447961236,
      6.364256730082237,
      2.1899999999999977
    ],
    "obj_class": "vehicle",
    "point_num_in_lidar": 12420,
    "speed": 2.5421149729252077e-12,
    "if_vehicle": true,
    "motion_state": false,
    "pose": [
      [
        -0.6871436964249095,
        -0.7265212011299818,
        -0.000696255815435625,
        -20.533097386774898
      ],
      [
        0.7265210947448789,
        -0.6871440194536074,
        0.00044206316640849525,
        -6.012599790170498
      ],
      [
        -0.0007995962822208073,
        -0.00020208361903354538,
        0.9999996599039404,
        0.9932023412954507
      ],
      [
        0.0,
        0.0,
        0.0,
        1.0
      ]
    ],
    "location": [
      -20.533097386774898,
      -6.012599790170498,
      0.9932023412954507
    ],
    "rotation": [
      -0.00020208368501052582,
      0.0007995963674250408,
      2.328346856789877
    ]
  },
  {
    "label_id": "oBgkabLveCc0Yw1MvBSHOA",
    "size": [
      0.8283111702819141,
      0.7942693187629959,
      1.8171851638005094
    ],
    "obj_class": "pedestrian",
    "point_num_in_lidar": 52,
    "speed": 1.1528919275493403,
    "if_vehicle": false,
    "motion_state": true,
    "pose": [
      [
        0.9896291009060764,
        0.1436445539088438,
        -0.000696255815435625,
        9.087668922235025
      ],
      [
        -0.14364427009363895,
        0.9896292882940676,
        0.00044206316640849525,
        -8.886988001286227
      ],
      [
        0.0007525351134384425,
        -0.0003374654155098306,
        0.9999996599039404,
        0.9636261807634625
      ],
      [
        0.0,
        0.0,
        0.0,
        1.0
      ]
    ],
    "location": [
      9.087668922235025,
      -8.886988001286227,
      0.9636261807634625
    ],
    "rotation": [
      -0.0003374655174700014,
      -0.000752535184466374,
      -0.14414293995261615
    ]
  },
  {
    "label_id": "sqvXmr-ydIRBcFMzCwocWw",
    "size": [
      2.3932710400252146,
      5.524074241577592,
      2.1600000000000037
    ],
    "obj_class": "vehicle",
    "point_num_in_lidar": 6766,
    "speed": 2.5421149729252077e-12,
    "if_vehicle": true,
    "motion_state": false,
    "pose": [
      [
        0.686615843647557,
        0.7270200812082107,
        -0.000696255815435625,
        -13.826936195604503
      ],
      [
        -0.7270199750577514,
        0.686616166753437,
        0.00044206316640849525,
        -5.227701568706834
      ],
      [
        0.0007994492982156603,
        0.0002026643116227432,
        0.9999996599039404,
        0.9613972597843627
      ],
      [
        0.0,
        0.0,
        0.0,
        1.0
      ]
    ],
    "location": [
      -13.826936195604503,
      -5.227701568706834,
      0.9613972597843627
    ],
    "rotation": [
      0.00020266437777343254,
      -0.0007994493833729148,
      -0.8139720959679752
    ]
  },
  {
    "label_id": "tLLaYUgBVODgrVjxYBagwA",
    "size": [
      0.777044460579245,
      0.11190182437167095,
      0.7800000000000011
    ],
    "obj_class": "sign",
    "point_num_in_lidar": 27,
    "speed": 0.010166060716974215,
    "if_vehicle": false,
    "motion_state": false,
    "pose": [
      [
        -0.9948272264573276,
        0.1015790565375596,
        -0.000696255815435625,
        31.69341237725166
      ],
      [
        -0.10157937743070433,
        -0.994827339120185,
        0.00044206316640849525,
        -1.9739969901420409
      ],
      [
        -0.0006477499608429964,
        0.0005105017060215655,
        0.9999996599039404,
        3.097954979968165
      ],
      [
        0.0,
        0.0,
        0.0,
        1.0
      ]
    ],
    "location": [
      31.69341237725166,
      -1.9739969901420409,
      3.097954979968165
    ],
    "rotation": [
      0.0005105018352935828,
      0.000647750006140161,
      -3.0398377496614963
    ]
  },
  {
    "label_id": "tX6UTCnyT-2fkHW2Wo8DoA",
    "size": [
      2.1232088259610045,
      4.640056433527341,
      1.5805185015044074
    ],
    "obj_class": "vehicle",
    "point_num_in_lidar": 643,
    "speed": 3.410605131648481e-12,
    "if_vehicle": true,
    "motion_state": false,
    "pose": [
      [
        0.535789618226217,
        0.844351230370895,
        -0.000696255815435625,
        -3.2876691988276434
      ],
      [
        -0.8443511876181402,
        0.5357899556243967,
        0.00044206316640849525,
        -5.612594531834475
      ],
      [
        0.0007463034509141484,
        0.00035103156948722633,
        0.9999996599039404,
        0.676355136659943
      ],
      [
        0.0,
        0.0,
        0.0,
        1.0
      ]
    ],
    "location": [
      -3.2876691988276434,
      -5.612594531834475,
      0.676355136659943
    ],
    "rotation": [
      0.00035103167445330014,
      -0.000746303520192127,
      -1.0053535029966396
    ]
  },
  {
    "label_id": "vyfYxP7tRhBk2mf_1uLF-g",
    "size": [
      3.0139432865823657,
      7.3350699148041585,
      3.2099999999999795
    ],
    "obj_class": "vehicle",
    "point_num_in_lidar": 24691,
    "speed": 0.006774835634036331,
    "if_vehicle": true,
    "motion_state": false,
    "pose": [
      [
        -0.9993317564992181,
        0.03654525523275244,
        -0.000696255815435625,
        -22.69510213600006
      ],
      [
        -0.03654556810350151,
        -0.9993318898304754,
        0.00044206316640849525,
        5.201437346273451
      ],
      [
        -0.0006796353285993446,
        0.00046721282489106935,
        0.9999996599039404,
        1.343714593678854
      ],
      [
        0.0,
        0.0,
        0.0,
        1.0
      ]
    ],
    "location": [
      -22.69510213600006,
      5.201437346273451,
      1.343714593678854
    ],
    "rotation": [
      0.00046721294979271035,
      0.000679635380920422,
      -3.105038937234517
    ]
  },
  {
    "label_id": "wTQzq1o08FxvUHUSEzkiqA",
    "size": [
      0.4333205985828617,
      0.4330533622057063,
      1.6430004366206958
    ],
    "obj_class": "pedestrian",
    "point_num_in_lidar": 38,
    "speed": 0.1686318040335067,
    "if_vehicle": false,
    "motion_state": false,
    "pose": [
      [
        -0.7220480149591323,
        0.6918425972151586,
        -0.000696255815435625,
        7.411622311563406
      ],
      [
        -0.6918429195468772,
        -0.7220479064805951,
        0.00044206316640849525,
        -9.947058698176988
      ],
      [
        -0.00019689192472902245,
        0.000800890487894277,
        0.9999996599039404,
        0.8453832904271437
      ],
      [
        0.0,
        0.0,
        0.0,
        1.0
      ]
    ],
    "location": [
      7.411622311563406,
      -9.947058698176988,
      0.8453832904271437
    ],
    "rotation": [
      0.0008008905890367464,
      0.00019689192600115532,
      -2.377554342576578
    ]
  },
  {
    "label_id": "xZ3xAFKzkG5ksRUdYiaIQw",
    "size": [
      2.161512299638821,
      5.133410977253657,
      1.5200000000000031
    ],
    "obj_class": "vehicle",
    "point_num_in_lidar": 276,
    "speed": 0.004699638392132845,
    "if_vehicle": true,
    "motion_state": false,
    "pose": [
      [
        -0.9970725191414108,
        0.07645852994166638,
        -0.000696255815435625,
        -5.004772770640557
      ],
      [
        -0.07645884789154635,
        -0.9970726398609353,
        0.00044206316640849525,
        6.187105716620863
      ],
      [
        -0.0006604181240699751,
        0.000494003952436544,
        0.9999996599039404,
        0.5715675440174124
      ],
      [
        0.0,
        0.0,
        0.0,
        1.0
      ]
    ],
    "location": [
      -5.004772770640557,
      6.187105716620863,
      0.5715675440174124
    ],
    "rotation": [
      0.0004940040802598045,
      0.0006604181720771096,
      -3.065059096480028
    ]
  },
  {
    "label_id": "yFEZzq_JFJMXKRuz8eAFkw",
    "size": [
      0.8278727131276754,
      0.8713122677734411,
      1.6332963406572247
    ],
    "obj_class": "pedestrian",
    "point_num_in_lidar": 205,
    "speed": 0.7897880738311185,
    "if_vehicle": false,
    "motion_state": false,
