[
  {
    "label_id": "5oKLeS12L_2dB-lud2mbjw",
    "size": [
      0.5333168196882165,
      0.13607854132621355,
      0.5600000000000023
    ],
    "obj_class": "sign",
    "point_num_in_lidar": 28,
    "speed": 0.014479320568206073,
    "if_vehicle": false,
    "motion_state": false,
    "pose": [
      [
        -0.9936388159318674,
        -0.11261366158665456,
        -0.00025825871305982606,
        7.216693497837696
      ],
      [
        0.11261379695681431,
        -0.9936386595751265,
        -0.0005890099449278634,
        9.061188371211756
      ],
      [
        -0.0001902852748590824,
        -0.000614346638525064,
        0.9999997931848397,
        3.1410873725221364
      ],
      [
        0.0,
        0.0,
        0.0,
        1.0
      ]
    ],
    "location": [
      7.216693497837696,
      9.061188371211756,
      3.1410873725221364
    ],
    "rotation": [
      -0.0006143466882919885,
      0.00019028527600740603,
      3.028739460326549
    ]
  },
  {
    "label_id": "5v-HhV-BedTvNkAgrUmSsA",
    "size": [
      2.122837831403962,
      5.033050925192189,
      1.480000000000004
    ],
    "obj_class": "vehicle",
    "point_num_in_lidar": 124,
    "speed": 0.0030626815057719003,
    "if_vehicle": true,
    "motion_state": false,
    "pose": [
      [
        -0.9947624303426335,
        0.10221370006635437,
        -0.00025825871305982606,
        12.424622136932157
      ],
      [
        -0.102213534424178,
        -0.9947623065073397,
        -0.0005890099449278634,
        7.393080509747961
      ],
      [
        -0.0003171109189259663,
        -0.0005595274284547376,
        0.9999997931848397,
        0.6283525832543404
      ],
      [
        0.0,
        0.0,
        0.0,
        1.0
      ]
    ],
    "location": [
      12.424622136932157,
      7.393080509747961,
      0.6283525832543404
    ],
    "rotation": [
      -0.0005595274857828978,
      0.0003171109242407104,
      -3.039200290860594
    ]
  },
  {
    "label_id": "7igbE48KGSRL1PidJzMz3A",
    "size": [
      0.8269040431432779,
      0.8391242999262727,
      1.759999999999998
    ],
    "obj_class": "pedestrian",
    "point_num_in_lidar": 76,
    "speed": 5.796914039811764e-12,
    "if_vehicle": false,
    "motion_state": false,
    "pose": [
      [
        0.9997242587943956,
        -0.02348062351032207,
        -0.00025825871305982606,
        4.197106989908207
      ],
      [
        0.023480468145257706,
        0.9997241222872261,
        -0.0005890099449278634,
        -10.807025560752663
      ],
      [
        0.00027201778599744985,
        0.0005827834951302994,
        0.9999997931848397,
        0.9192914644045871
      ],
      [
        0.0,
        0.0,
        0.0,
        1.0
      ]
    ],
    "location": [
      4.197106989908207,
      -10.807025560752663,
      0.9192914644045871
    ],
    "rotation": [
      0.0005827835496805568,
      -0.00027201778935204927,
      0.02348262714008798
    ]
  },
  {
    "label_id": "86fthlPGwTMBqnk5iTgbRQ",
    "size": [
      0.733799594593679,
      0.8631336802852894,
      1.8800000000000026
    ],
    "obj_class": "pedestrian",
    "point_num_in_lidar": 50,
    "speed": 1.2833578101955143,
    "if_vehicle": false,
    "motion_state": true,
    "pose": [
      [
        -0.9986608745316417,
        0.05173384754813792,
        -0.00025825871305982606,
        -9.426724382872635
      ],
      [
        -0.051733688386058206,
        -0.9986607424712655,
        -0.0005890099449278634,
        -10.433042735530762
      ],
      [
        -0.00028838458882923465,
        -0.0005748605109250726,
        0.9999997931848397,
        0.898630381672767
      ],
      [
        0.0,
        0.0,
        0.0,
        1.0
      ]
    ],
    "location": [
      -9.426724382872635,
      -10.433042735530762,
      0.898630381672767
    ],
    "rotation": [
      -0.0005748605664912549,
      0.00028838459282651773,
      -3.0898358587585197
    ]
  },
  {
    "label_id": "Abp2wF28Amdp-8SvcS3E1g",
    "size": [
      2.196294568940612,
      4.401772619467235,
      1.7100000000000009
    ],
    "obj_class": "vehicle",
    "point_num_in_lidar": 369,
    "speed": 2.7156453564499987,
    "if_vehicle": true,
    "motion_state": true,
    "pose": [
      [
        0.9999900670265378,
        -0.004449623657969712,
        -0.00025825871305982606,
        8.9037319357667
      ],
      [
        0.004449470919049568,
        0.999989927587186,
        -0.0005890099449278634,
        0.17229129263432696
      ],
      [
        0.00026087698435718577,
        0.0005878549796743606,
        0.9999997931848397,
        0.9374362589891092
      ],
      [
        0.0,
        0.0,
        0.0,
        1.0
      ]
    ],
    "location": [
      8.9037319357667,
      0.17229129263432696,
      0.9374362589891092
    ],
    "rotation": [
      0.0005878550335359832,
      -0.00026087698731626135,
      0.00444948575220648
    ]
  },
  {
    "label_id": "BwHI89zywx_VtSBIHs_eSQ",
    "size": [
      0.6504492240976044,
      0.6017498360048931,
      1.4099999999999966
    ],
    "obj_class": "pedestrian",
    "point_num_in_lidar": 27,
    "speed": 1.6077746776921857e-12,
    "if_vehicle": false,
    "motion_state": false,
    "pose": [
      [
        -0.9976177647755992,
        0.0689835393885706,
        -0.00025825871305982606,
        7.4717616247799015
      ],
      [
        -0.06898337796818003,
        -0.9976176354853518,
        -0.0005890099449278634,
        -11.707867518489365
      ],
      [
        -0.0002982754374024247,
        -0.000569791226272952,
        0.9999997931848397,
        0.9805513294711403
      ],
      [
        0.0,
        0.0,
        0.0,
        1.0
      ]
    ],
    "location": [
      7.4717616247799015,
      -11.707867518489365,
      0.9805513294711403
    ],
    "rotation": [
      -0.0005697912824512197,
      0.00029827544182526477,
      -3.072554443110762
    ]
  },
  {
    "label_id": "CrXtAugdGUzqAxQbcnVoJQ",
    "size": [
      0.786181985372061,
      0.8404087789842696,
      1.066311871502343
    ],
    "obj_class": "sign",
    "point_num_in_lidar": 64,
    "speed": 3.410605131648481e-12,
    "if_vehicle": false,
    "motion_state": false,
    "pose": [
      [
        0.9230837451962831,
        -0.38459892440936555,
        -0.00025825871305982606,
        -15.644044302229304
      ],
      [
        0.384598730103591,
        0.9230836743600171,
        -0.0005890099449278634,
        -11.45169933966099
      ],
      [
        0.00046492699307242947,
        0.0004443795328408717,
        0.9999997931848397,
        0.4987217859212336
      ],
      [
        0.0,
        0.0,
        0.0,
        1.0
      ]
    ],
    "location": [
      -15.644044302229304,
      -11.45169933966099,
      0.4987217859212336
    ],
    "rotation": [
      0.0004443795954942888,
      -0.00046492700982197685,
      0.3947731224102521
    ]
  },
  {
    "label_id": "Djbr-wq3c_Wu_emcmW1Dog",
    "size": [
      2.4599560878352644,
      5.612823795445765,
      2.270518501504405
    ],
    "obj_class": "vehicle",
    "point_num_in_lidar": 657,
    "speed": 3.5950934718225418e-12,
    "if_vehicle": true,
    "motion_state": false,
    "pose": [
      [
        0.6979184507593967,
        0.7161771913374795,
        -0.00025825871305982606,
        6.414921689989569
      ],
      [
        -0.7161771971536788,
        0.6979182440260361,
        -0.0005890099449278634,
        -4.570807764153869
      ],
      [
        -0.00024159202050514289,
        0.0005960399095056344,
        0.9999997931848397,
        0.9924408269064457
      ],
      [
        0.0,
        0.0,
        0.0,
        1.0
      ]
    ],
    "location": [
      6.414921689989569,
      -4.570807764153869,
      0.9924408269064457
    ],
    "rotation": [
      0.0005960399621919645,
      0.00024159202285529792,
      -0.7983094058803498
    ]
  },
  {
    "label_id": "FLWvnW-tWYdIJ09iJ2iXPw",
    "size": [
      2.1435329259811677,
      4.441836607453283,
      1.8700000000000045
    ],
    "obj_class": "vehicle",
    "point_num_in_lidar": 1816,
    "speed": 4.687428401686771e-12,
    "if_vehicle": true,
    "motion_state": false,
    "pose": [
      [
        0.6632507480202183,
        0.7483972064038308,
        -0.00025825871305982606,
        -6.64634192752419
      ],
      [
        -0.7483972024318931,
        0.6632505412432025,
        -0.0005890099449278634,
        -5.929621241062705
      ],
      [
        -0.0002695231661103846,
        0.0005839413849223878,
        0.9999997931848397,
        0.8572257843826137
      ],
      [
        0.0,
        0.0,
        0.0,
        1.0
      ]
    ],
    "location": [
      -6.64634192752419,
      -5.929621241062705,
      0.8572257843826137
    ],
    "rotation": [
      0.0005839414393180707,
      0.00026952316937353476,
      -0.8456422353996159
    ]
  },
  {
    "label_id": "G96MfK6U70_2CEKJH1g1gA",
    "size": [
      2.0507676477421524,
      4.751621205894719,
      1.783059185505671
    ],
    "obj_class": "vehicle",
    "point_num_in_lidar": 307,
    "speed": 1.1368683772161603e-12,
    "if_vehicle": true,
    "motion_state": false,
    "pose": [
      [
        -0.9991564458376999,
        0.04106494908571609,
        -0.00025825871305982606,
        6.1541660873554065
      ],
      [
        -0.04106479134315209,
        -0.9991563120849651,
        -0.0005890099449278634,
        6.997459129313938
      ],
      [
        -0.0002822284867041082,
        -0.0005779077429728306,
        0.9999997931848397,
        0.7246544142154221
      ],
      [
        0.0,
        0.0,
        0.0,
        1.0
      ]
    ],
    "location": [
      6.1541660873554065,
      6.997459129313938,
      0.7246544142154221
    ],
    "rotation": [
      -0.0005779077981568769,
      0.00028222849045082875,
      -3.100516310466345
    ]
  },
  {
    "label_id": "LFIPG3l72B26CH5x5oOo8g",
    "size": [
      2.1565249126457435,
      4.707937795627931,
      1.960000000000008
    ],
    "obj_class": "vehicle",
    "point_num_in_lidar": 577,
    "speed": 4.099037227506402e-12,
    "if_vehicle": true,
    "motion_state": false,
    "pose": [
      [
        0.6612578703696994,
        0.7501586246765193,
        -0.00025825871305982606,
        0.03760671313648345
      ],
      [
        -0.7501586201546254,
        0.6612576636039792,
        -0.0005890099449278634,
        -5.388475816369464
      ],
      [
        -0.0002710753370045672,
        0.0005832224616414413,
        0.9999997931848397,
        0.8008017968425918
      ],
      [
        0.0,
        0.0,
        0.0,
        1.0
      ]
    ],
    "location": [
      0.03760671313648345,
      -5.388475816369464,
      0.8008017968425918
    ],
    "rotation": [
      0.0005832225161332822,
      0.00027107534032441965,
      -0.8483019644104469
    ]
  },
  {
    "label_id": "LVurOGR3dPZTYlctUjwF1w",
    "size": [
      0.8553806403929752,
      0.9205835426103812,
      1.5600000000000023
    ],
    "obj_class": "pedestrian",
    "point_num_in_lidar": 42,
    "speed": 0.9407373512588814,
    "if_vehicle": false,
    "motion_state": false,
    "pose": [
      [
        0.9957111702391322,
        -0.09251593788885863,
        -0.00025825871305982606,
        14.941207793068315
      ],
      [
        0.09251577346119007,
        0.9957110447957092,
        -0.0005890099449278634,
        12.360417581461661
      ],
      [
        0.0003116438604892609,
        0.0005625907769547882,
        0.9999997931848397,
        0.8269647060092922
      ],
      [
        0.0,
        0.0,
        0.0,
        1.0
      ]
    ],
    "location": [
      14.941207793068315,
      12.360417581461661,
      0.8269647060092922
    ],
    "rotation": [
      0.0005625908339521896,
      -0.0003116438655338349,
      0.09264826524816182
    ]
  },
  {
    "label_id": "MgUHjjRH5WfE7KTO3UAfsQ",
    "size": [
      2.1220822046833625,
      4.89751997057426,
      1.4830591855056667
    ],
    "obj_class": "vehicle",
    "point_num_in_lidar": 471,
    "speed": 2.2737367544323206e-12,
    "if_vehicle": true,
    "motion_state": false,
    "pose": [
      [
        -0.9924506194202904,
        0.12264461388385194,
        -0.00025825871305982606,
        0.6649122067319695
      ],
      [
        -0.12264444573061047,
        -0.9924504990168106,
        -0.0005890099449278634,
        6.701107151944598
      ],
      [
        -0.0003285478859210904,
        -0.000552889287970046,
        0.9999997931848397,
        0.5974262392758689
      ],
      [
        0.0,
        0.0,
        0.0,
        1.0
      ]
    ],
    "location": [
      0.6649122067319695,
      6.701107151944598,
      0.5974262392758689
    ],
    "rotation": [
      -0.0005528893459789894,
      0.00032854789183187045,
      -3.018638638549336
    ]
  },
  {
    "label_id": "NeWx86gkt3mp026gu2eoxA",
    "size": [
      0.582326034282173,
      0.5392474862904848,
      1.6000000000000014
    ],
    "obj_class": "pedestrian",
    "point_num_in_lidar": 29,
    "speed": 0.0,
    "if_vehicle": false,
    "motion_state": false,
    "pose": [
      [
        -0.1308214754124102,
        0.9914059082300031,
        -0.00025825871305982606,
        8.58748079236102
      ],
      [
        -0.9914057494164147,
        -0.13082160789167152,
        -0.0005890099449278634,
        -9.51950745506474
      ],
      [
        -0.0006177337595022328,
        0.00017898402293635015,
        0.9999997931848397,
        0.8090177420488871
      ],
      [
        0.0,
        0.0,
        0.0,
        1.0
      ]
    ],
    "location": [
      8.58748079236102,
      -9.51950745506474,
      0.8090177420488871
    ],
    "rotation": [
      0.00017898405804169827,
      0.0006177337987895915,
      -1.7019938828942904
    ]
  },
  {
    "label_id": "QW1tucFe0_KIKeMl_mj7oA",
    "size": [
      0.8567916108987249,
      0.8546136710356222,
      1.5100000000000051
    ],
    "obj_class": "pedestrian",
    "point_num_in_lidar": 43,
    "speed": 1.3723698567007,
    "if_vehicle": false,
    "motion_state": true,
    "pose": [
      [
        0.9767865194838496,
        -0.2142149123125282,
        -0.00025825871305982606,
        -19.378212686802726
      ],
      [
        0.21421473371145094,
        0.9767864152045815,
        -0.0005890099449278634,
        -10.83861980659276
      ],
      [
        0.00037843831622898547,
        0.000520014152600689,
        0.9999997931848397,
        0.6745375173169563
      ],
      [
        0.0,
        0.0,
        0.0,
        1.0
      ]
    ],
    "location": [
      -19.378212686802726,
      -10.83861980659276,
      0.6745375173169563
    ],
    "rotation": [
      0.0005200142132743398,
      -0.0003784383252620285,
      0.2158878463768659
    ]
  },
  {
    "label_id": "V7YN8qOnLzj6EqMtbCjrbw",
    "size": [
      2.3616038729626836,
      4.897855298287807,
      1.8405185015044054
    ],
    "obj_class": "vehicle",
    "point_num_in_lidar": 492,
    "speed": 0.0,
    "if_vehicle": true,
    "motion_state": false,
    "pose": [
      [
        0.6910154797988576,
        0.7228399131071774,
        -0.00025825871305982606,
        2.9910673179329024
      ],
      [
        -0.7228399169397531,
        0.6910152730192117,
        -0.0005890099449278634,
        -4.770993855840061
      ],
      [
        -0.00024729918229629414,
        0.0005936946963977584,
        0.9999997931848397,
        0.8788890253396175
      ],
      [
        0.0,
        0.0,
        0.0,
        1.0
      ]
    ],
    "location": [
      2.9910673179329024,
      -4.770993855840061,
      0.8788890253396175
    ],
    "rotation": [
      0.0005936947494289579,
      0.0002472991848169688,
      -0.8079033390951267
    ]
  },
  {
    "label_id": "VA6JXxlf-ko9AI21ezS-gA",
    "size": [
      0.7480685522298878,
      0.7246482329219848,
      1.759999999999998
    ],
    "obj_class": "pedestrian",
    "point_num_in_lidar": 148,
    "speed": 0.6847629141755869,
    "if_vehicle": false,
    "motion_state": false,
    "pose": [
      [
        0.9998692042952864,
        -0.016171196750647158,
        -0.00025825871305982606,
        -3.0732579317336786
      ],
      [
        0.01617104238771351,
        0.9998690666559196,
        -0.0005890099449278634,
        -10.707765774197469
      ],
      [
        0.00026774989409040356,
        0.0005847565923611463,
        0.9999997931848397,
        0.8720842594755709
      ],
      [
        0.0,
        0.0,
        0.0,
        1.0
      ]
    ],
    "location": [
      -3.0732579317336786,
      -10.707765774197469,
      0.8720842594755709
    ],
    "rotation": [
      0.0005847566466470626,
      -0.0002677498972895689,
      0.016171747845361167
    ]
  },
  {
    "label_id": "X1k3ar-6VxCGzHvtOE0rKw",
    "size": [
      2.321696450277747,
      6.372934033764432,
      2.273059185505666
    ],
    "obj_class": "vehicle",
    "point_num_in_lidar": 5930,
    "speed": 3.410605131648481e-12,
    "if_vehicle": true,
    "motion_state": false,
    "pose": [
      [
        -0.9990094551234172,
        0.044497661471703295,
        -0.00025825871305982606,
        -11.612414450530196
      ],
      [
        -0.04449750327051563,
        -0.9990093219134522,
        -0.0005890099449278634,
        6.003289864413091
      ],
      [
        -0.0002842124269450043,
        -0.0005769346362156399,
        0.9999997931848397,
        0.9442359855992422
      ],
      [
        0.0,
        0.0,
        0.0,
        1.0
      ]
    ],
    "location": [
      -11.612414450530196,
      6.003289864413091,
      0.9442359855992422
    ],
    "rotation": [
      -0.0005769346915228817,
      0.00028421243077129493,
      -3.097080451038674
    ]
  },
  {
    "label_id": "YoCJlxDeJXwOZIj1uoslgg",
    "size": [
      1.9479609049787194,
      4.487277266717799,
      1.8100000000000023
    ],
    "obj_class": "vehicle",
    "point_num_in_lidar": 2071,
    "speed": 1.1368683772161603e-12,
    "if_vehicle": true,
    "motion_state": false,
    "pose": [
      [
        0.681353507048508,
        0.7319544601511325,
        -0.00025825871305982606,
        -9.929016223912186
      ],
      [
        -0.7319544612368498,
        0.6813533002361974,
        -0.0005890099449278634,
        -6.117408150967094
      ],
      [
        -0.0002551630298052569,
        0.0005903576088404754,
        0.9999997931848397,
        0.8257064276623964
      ],
      [
        0.0,
        0.0,
        0.0,
        1.0
      ]
    ],
    "location": [
      -9.929016223912186,
      -6.117408150967094,
      0.8257064276623964
    ],
    "rotation": [
      0.0005903576623511503,
      0.00025516303257412334,
      -0.8211860812929528
    ]
  },
  {
    "label_id": "YouvLLdH3acJBBBG3rStCg",
    "size": [
      0.83659385555632,
      0.8002795032732734,
      1.8200000000000074
    ],
    "obj_class": "pedestrian",
    "point_num_in_lidar": 45,
    "speed": 1.2079994097247697,
    "if_vehicle": false,
    "motion_state": true,
    "pose": [
      [
        -0.9951825397685383,
        0.09803900163852595,
        -0.00025825871305982606,
        -9.35872866626596
      ],
      [
        -0.09803883651739258,
        -0.9951824152393374,
        -0.0005890099449278634,
        -9.572904186599771
      ],
      [
        -0.0003147604767753716,
        -0.0005608530291933735,
        0.9999997931848397,
        0.8601786634569919
      ],
      [
        0.0,
        0.0,
        0.0,
        1.0
      ]
    ],
    "location": [
      -9.35872866626596,
      -9.572904186599771,
      0.8601786634569919
    ],
    "rotation": [
      -0.0005608530863796968,
      0.00031476048197281,
      -3.04339607709523
    ]
  },
  {
    "label_id": "aKdb2hW6WTmxEyp8LsOQ6w",
    "size": [
      0.8134728679822223,
      0.7413293880754128,
      1.7800000000000011
    ],
    "obj_class": "pedestrian",
    "point_num_in_lidar": 35,
    "speed": 0.7205715801830059,
    "if_vehicle": false,
    "motion_state": false,
    "pose": [
      [
        0.234337320525703,
        0.9721553134717061,
        -0.00025825871305982606,
        -1.2099863447874668
      ],
      [
        -0.972155212902311,
        0.23433713980960702,
        -0.0005890099449278634,
        -6.46976328400342
      ],
      [
        -0.0005120895394999497,
        0.0003890945664359395,
        0.9999997931848397,
        0.6485578871510711
      ],
      [
        0.0,
        0.0,
        0.0,
        1.0
      ]
    ],
    "location": [
      -1.2099863447874668,
      -6.46976328400342,
      0.6485578871510711
    ],
    "rotation": [
      0.0003890946272709978,
      0.0005120895618813117,
      -1.334259443221284
    ]
  },
  {
    "label_id": "bof1aeoD2plQ-sVhmz6tng",
    "size": [
      2.077745050211179,
      4.382102305572195,
      1.6253959798867612
    ],
    "obj_class": "vehicle",
    "point_num_in_lidar": 32,
    "speed": 3.5950934718225418e-12,
    "if_vehicle": true,
    "motion_state": false,
    "pose": [
      [
        -0.997700018728676,
        0.06778352256438758,
        -0.00025825871305982606,
        53.8632550024995
      ],
      [
        -0.06778336129962827,
        -0.9976998892443604,
        -0.0005890099449278634,
        6.976519427065796
      ],
      [
        -0.00029758985830884605,
        -0.0005701495894297944,
        0.9999997931848397,
        0.7405475508229031
      ],
      [
        0.0,
        0.0,
        0.0,
        1.0
      ]
    ],
    "location": [
      53.8632550024995,
      6.976519427065796,
      0.7405475508229031
    ],
    "rotation": [
      -0.0005701496455657569,
      0.0002975898627012588,
      -3.073757275609683
    ]
  },
  {
    "label_id": "c3SCJxumyZ0SBk4CZmOJ6g",
    "size": [
      0.9673409614606613,
      1.0650027170117071,
      1.9586854736991413
    ],
    "obj_class": "pedestrian",
    "point_num_in_lidar": 60,
    "speed": 1.225704399965529,
    "if_vehicle": false,
    "motion_state": true,
    "pose": [
      [
        0.9997124802594857,
        -0.023976866264478456,
        -0.00025825871305982606,
        19.34843116348202
      ],
      [
        0.023976710831673465,
        0.9997123438294534,
        -0.0005890099449278634,
        11.04549827138544
      ],
      [
        0.0002723070360254002,
        0.0005826483984585417,
        0.9999997931848397,
        1.0083531679585462
      ],
      [
        0.0,
        0.0,
        0.0,
        1.0
      ]
    ],
    "location": [
      19.34843116348202,
      11.04549827138544,
      1.0083531679585462
    ],
    "rotation": [
      0.0005826484530267322,
      -0.0002723070393907123,
      0.02397900961461351
    ]
  },
  {
    "label_id": "ekvD_FAbJ7D8_7ORMyIEHA",
    "size": [
      2.0245351076358573,
      4.39139231476018,
      1.4000000000000057
    ],
    "obj_class": "vehicle",
    "point_num_in_lidar": 4322,
    "speed": 5.6393188747710585,
    "if_vehicle": true,
    "motion_state": true,
    "pose": [
      [
        -0.9982862849258084,
        0.058518600730579955,
        -0.00025825871305982606,
        -13.180049195732863
      ],
      [
        -0.05851844067481829,
        -0.9982861539499949,
        -0.0005890099449278634,
        2.6466439422001713
      ],
      [
        -0.0002922841351781436,
        -0.0005728876525274453,
        0.9999997931848397,
        0.6797671931322782
      ],
      [
        0.0,
        0.0,
        0.0,
        1.0
      ]
    ],
    "location": [
      -13.180049195732863,
      2.6466439422001713,
      0.6797671931322782
    ],
    "rotation": [
      -0.0005728877083353356,
      0.00029228413933978344,
      -3.0830407603376275
    ]
  },
  {
    "label_id": "gLdCcd_k3Lp-3dE0ol5ezA",
    "size": [
      2.135069974136135,
      4.396070169772625,
      1.8305185015044074
    ],
    "obj_class": "vehicle",
    "point_num_in_lidar": 61,
    "speed": 3.5950934718225418e-12,
    "if_vehicle": true,
    "motion_state": false,
    "pose": [
      [
        0.6806059268597883,
        0.7326496472569721,
        -0.00025825871305982606,
        19.920081230251526
      ],
      [
        -0.7326496481315619,
        0.680605720046477,
        -0.0005890099449278634,
        -3.9800986740301596
      ],
      [
        -0.0002557655710218882,
        0.0005900968147474528,
        0.9999997931848397,
        0.8926192044561603
      ],
      [
        0.0,
        0.0,
        0.0,
        1.0
      ]
    ],
    "location": [
      19.920081230251526,
      -3.9800986740301596,
      0.8926192044561603
    ],
    "rotation": [
      0.0005900968682950437,
      0.0002557655738104162,
      -0.8222069442199256
    ]
  },
  {
    "label_id": "h1TzLRBOnGUWaFDlLPUWwg",
    "size": [
      2.2168424374813975,
      4.65169111394828,
      1.5400000000000063
    ],
    "obj_class": "vehicle",
    "point_num_in_lidar": 3796,
    "speed": 2.5421149729252077e-12,
    "if_vehicle": true,
    "motion_state": false,
    "pose": [
      [
        0.6181043027306273,
        0.7860960528130913,
        -0.00025825871305982606,
        -16.93896119434794
      ],
      [
        -0.7860960366913413,
        0.6181040965447894,
        -0.0005890099449278634,
        -5.680538477223308
      ],
      [
        -0.0003033876242647858,
        0.0005670857320883778,
        0.9999997931848397,
        0.6143415645749428
      ],
      [
        0.0,
        0.0,
        0.0,
        1.0
      ]
    ],
    "location": [
      -16.93896119434794,
      -5.680538477223308,
      0.6143415645749428
    ],
    "rotation": [
      0.0005670857885813156,
      0.00030338762891895697,
      -0.9044674142055031
    ]
  },
  {
    "label_id": "knugsf_-ZcL72Hv_f2P2Rw",
    "size": [
      0.7602242333032421,
      0.9862085662898608,
      1.7675343397518546
    ],
    "obj_class": "pedestrian",
    "point_num_in_lidar": 151,
    "speed": 0.7573294195943832,
    "if_vehicle": false,
    "motion_state": false,
    "pose": [
      [
        -0.9252059870122726,
        0.3794651695466709,
        -0.00025825871305982606,
        -10.752809075180267
      ],
      [
        -0.3794649756373969,
        -0.9252059150977121,
        -0.0005890099449278634,
        11.55369888592395
      ],
      [
        -0.0004624512475652008,
        -0.0004469553911976358,
        0.9999997931848397,
        0.8574679038779891
      ],
      [
        0.0,
        0.0,
        0.0,
        1.0
      ]
    ],
    "location": [
      -10.752809075180267,
      11.55369888592395,
      0.8574679038779891
    ],
    "rotation": [
      -0.00044695545387216226,
      0.0004624512640485955,
      -2.7523746577522097
    ]
  },
  {
    "label_id": "l-XnejT-kWgZdox4WXTk1Q",
    "size": [
      2.0028314749616607,
      4.45394267847577,
      1.5900000000000034
    ],
    "obj_class": "vehicle",
    "point_num_in_lidar": 27,
    "speed": 2.2737367544323206e-12,
    "if_vehicle": true,
    "motion_state": false,
    "pose": [
      [
        0.5637958582676669,
        0.8259141380934595,
        -0.00025825871305982606,
        13.066347590145597
      ],
      [
        -0.8259141081312593,
        0.5637956536343921,
        -0.0005890099449278634,
        -4.41432199087285
      ],
      [
        -0.00034086650105723075,
        0.000545380882092729,
        0.9999997931848397,
        0.6428784552083471
      ],
      [
        0.0,
        0.0,
        0.0,
        1.0
      ]
    ],
    "location": [
      13.066347590145597,
      -4.41432199087285,
      0.6428784552083471
    ],
    "rotation": [
      0.0005453809408130108,
      0.00034086650765810923,
      -0.9718217104943639
    ]
  },
  {
    "label_id": "m0tgylL49ebYatJ_PJXt6Q",
    "size": [
      0.8365244236516839,
      0.9456056770708878,
      1.8064762292254386
    ],
    "obj_class": "pedestrian",
    "point_num_in_lidar": 312,
    "speed": 1.1444451328344705,
    "if_vehicle": false,
    "motion_state": true,
    "pose": [
      [
        -0.9985172912680694,
        0.054434844916785345,
        -0.00025825871305982606,
        -17.347329632320907
      ],
      [
        -0.05443468539808979,
        -0.9985171596386794,
        -0.0005890099449278634,
        9.975830875118845
      ],
      [
        -0.00028993842162303076,
        -0.0005740783829425977,
        0.9999997931848397,
        0.8354284777346166
      ],
      [
        0.0,
        0.0,
        0.0,
        1.0
      ]
    ],
    "location": [
      -17.347329632320907,
      9.975830875118845,
      0.8354284777346166
    ],
    "rotation": [
      -0.0005740784386051382,
      0.0002899384256852754,
      -3.0871310471043305
    ]
  },
  {
    "label_id": "mDfmRjIUQaWVZdGTGhcD6w",
    "size": [
      0.5983009868671723,
      0.49394130030032374,
      1.259999999999998
    ],
    "obj_class": "pedestrian",
    "point_num_in_lidar": 44,
    "speed": 0.27067912745050976,
    "if_vehicle": false,
    "motion_state": false,
    "pose": [
      [
        0.5562485377247441,
        0.8310159430369077,
        -0.00025825871305982606,
        7.507713042548858
      ],
      [
        -0.8310159112117794,
        0.5562483333729109,
        -0.0005890099449278634,
        -10.832225125021068
      ],
      [
        -0.0003458206761237844,
        0.0005422530203332489,
        0.9999997931848397,
        0.989800789915563
      ],
      [
        0.0,
        0.0,
        0.0,
        1.0
      ]
    ],
    "location": [
      7.507713042548858,
      -10.832225125021068,
      0.989800789915563
    ],
    "rotation": [
      0.0005422530793316682,
      0.000345820683016679,
      -0.9809316515365144
    ]
  },
  {
    "label_id": "miUCgrw0d28mF4d4GaaTfg",
    "size": [
      0.7603092283512849,
      0.8180348372529171,
      1.7374134793072642
    ],
    "obj_class": "pedestrian",
    "point_num_in_lidar": 112,
    "speed": 1.4308794160193583,
    "if_vehicle": false,
    "motion_state": true,
    "pose": [
      [
        0.995414799526697,
        -0.0956520265632824,
        -0.00025825871305982606,
        0.17246734460059088
      ],
      [
        0.0956518617412756,
        0.995414674601853,
        -0.0005890099449278634,
        -10.667406467196997
      ],
      [
        0.0003134145077218176,
        0.0005616062895345217,
        0.9999997931848397,
        1.003713572575009
      ],
      [
        0.0,
        0.0,
        0.0,
        1.0
      ]
    ],
    "location": [
      0.17246734460059088,
      -10.667406467196997,
      1.003713572575009
    ],
    "rotation": [
      0.0005616063466393697,
      -0.0003134145128528653,
      0.0957983278624945
    ]
  },
  {
    "label_id": "oA3p3mCZ9TFc3cKKKJR0Eg",
    "size": [
      2.4832522447961236,
      6.364256730082237,
      2.1899999999999977
    ],
    "obj_class": "vehicle",
    "point_num_in_lidar": 12697,
    "speed": 2.5421149729252077e-12,
    "if_vehicle": true,
    "motion_state": false,
    "pose": [
      [
        -0.6871438400636267,
        -0.7265213530000685,
        -0.00025825871305982606,
        -20.533097386774898
      ],
      [
        0.7265213557278676,
        -0.6871436332664563,
        -0.0005890099449278634,
        -6.012599790170498
      ],
      [
        0.00025046747170483897,
        -0.0005923650257341565,
        0.9999997931848397,
        0.9932023412954649
      ],
      [
        0.0,
        0.0,
        0.0,
        1.0
      ]
    ],
    "location": [
      -20.533097386774898,
      -6.012599790170498,
      0.9932023412954649
    ],
    "rotation": [
      -0.0005923650789579847,
      -0.0002504674743236415,
      2.3283467818135932
    ]
  },
  {
    "label_id": "oBgkabLveCc0Yw1MvBSHOA",
    "size": [
      0.828311170278859,
      0.7942693187629959,
      1.8171851638005094
    ],
    "obj_class": "pedestrian",
    "point_num_in_lidar": 49,
    "speed": 1.2069276768205437,
    "if_vehicle": false,
    "motion_state": true,
    "pose": [
      [
        0.9900494992006222,
        0.14071930370433947,
        -0.00025825871305982606,
        9.447082710743416
      ],
      [
        -0.14071943459040798,
        0.9900493390714631,
        -0.0005890099449278634,
        -8.938287110053352
      ],
      [
        0.00017280379884914717,
        0.0006194910210798424,
        0.9999997931848397,
        0.9670539985832107
      ],
      [
        0.0,
        0.0,
        0.0,
        1.0
      ]
    ],
    "location": [
      9.447082710743416,
      -8.938287110053352,
      0.9670539985832107
    ],
    "rotation": [
      0.0006194910699527971,
      -0.0001728037997091673,
      -0.14118804463621432
    ]
  },
  {
    "label_id": "sqvXmr-ydIRBcFMzCwocWw",
    "size": [
      2.3932710400252155,
      5.524074241577592,
      2.1600000000000037
    ],
    "obj_class": "vehicle",
    "point_num_in_lidar": 7570,
    "speed": 2.5421149729252077e-12,
    "if_vehicle": true,
    "motion_state": false,
    "pose": [
      [
        0.6866159871759328,
        0.7270202331825824,
        -0.00025825871305982606,
        -13.826936195604503
      ],
      [
        -0.7270202357601843,
        0.6866157803768357,
        -0.0005890099449278634,
        -5.227701568706834
      ],
      [
        -0.00025089763970162547,
        0.0005921829552489632,
        0.9999997931848397,
        0.9613972597843627
      ],
      [
        0.0,
        0.0,
        0.0,
        1.0
      ]
    ],
    "location": [
      -13.826936195604503,
      -5.227701568706834,
      0.9613972597843627
    ],
    "rotation": [
      0.0005921830084990046,
      0.00025089764233394426,
      -0.8139721706224261
    ]
  },
  {
    "label_id": "tLLaYUgBVODgrVjxYBagwA",
    "size": [
      0.7770444605792453,
      0.11190182437167095,
      0.7800000000000011
    ],
    "obj_class": "sign",
    "point_num_in_lidar": 27,
    "speed": 0.010166060629452517,
    "if_vehicle": false,
    "motion_state": false,
    "pose": [
      [
        -0.9948274344134015,
        0.10157907777139218,
        -0.00025825871305982606,
        31.696461969630036
      ],
      [
        -0.10157891220824934,
        -0.9948273104724628,
        -0.0005890099449278634,
        -1.9740296103336732
      ],
      [
        -0.0003167539079233371,
        -0.0005597296132156457,
        0.9999997931848397,
        3.097265356017026
      ],
      [
        0.0,
        0.0,
        0.0,
        1.0
      ]
    ],
    "location": [
      31.696461969630036,
      -1.9740296103336732,
      3.097265356017026
    ],
    "rotation": [
      -0.0005597296705222998,
      0.000316753913220151,
      -3.039838233601635
    ]
  },
  {
    "label_id": "tX6UTCnyT-2fkHW2Wo8DoA",
    "size": [
      2.1232088259610022,
      4.640056433527341,
      1.5805185015044074
    ],
    "obj_class": "vehicle",
    "point_num_in_lidar": 849,
    "speed": 3.410605131648481e-12,
    "if_vehicle": true,
    "motion_state": false,
    "pose": [
      [
        0.5357897302262741,
        0.8443514068718626,
        -0.00025825871305982606,
        -3.2876691988276434
      ],
      [
        -0.8443513700660693,
        0.5357895267125298,
        -0.0005890099449278634,
        -5.612594531834475
      ],
      [
        -0.00035895906202164845,
        0.0005336465776970566,
        0.9999997931848397,
        0.6626080551028579
      ],
      [
        0.0,
        0.0,
        0.0,
        1.0
      ]
    ],
    "location": [
      -3.2876691988276434,
      -5.612594531834475,
      0.6626080551028579
    ],
    "rotation": [
      0.000533646637406205,
      0.00035895906973039095,
      -1.0053535061829657
    ]
  },
  {
    "label_id": "vyfYxP7tRhBk2mf_1uLF-g",
    "size": [
      3.0139432865823665,
      7.3350699148041585,
      3.2099999999999795
    ],
    "obj_class": "vehicle",
    "point_num_in_lidar": 21985,
    "speed": 0.006774835571477852,
    "if_vehicle": true,
    "motion_state": false,
    "pose": [
      [
        -0.9993319653969085,
        0.036545262872076434,
        -0.00025825871305982606,
        -22.697134225643822
      ],
      [
        -0.03654510573610056,
        -0.9993318309320594,
        -0.0005890099449278634,
        5.201400900557928
      ],
      [
        -0.0002796116758478894,
        -0.0005791783739270459,
        0.9999997931848397,
        1.343714593678854
      ],
      [
        0.0,
        0.0,
        0.0,
        1.0
      ]
    ],
    "location": [
      -22.697134225643822,
      5.201400900557928,
      1.343714593678854
    ],
    "rotation": [
      -0.0005791784289485821,
      0.000279611679491355,
      -3.1050394069273555
    ]
  },
  {
    "label_id": "wTQzq1o08FxvUHUSEzkiqA",
    "size": [
      0.43332059858286337,
      0.4330533622057063,
      1.6430004366206958
    ],
    "obj_class": "pedestrian",
    "point_num_in_lidar": 49,
    "speed": 0.1343536384527136,
    "if_vehicle": false,
    "motion_state": false,
    "pose": [
      [
        -0.7220481658941554,
        0.6918427418361224,
        -0.00025825871305982606,
        7.366374876044574
      ],
      [
        -0.6918425350610008,
        -0.7220481699635094,
        -0.0005890099449278634,
        -9.990413298772182
      ],
      [
        -0.0005939774864096149,
        -0.00024661918768367953,
        0.9999997931848397,
        0.8453832904271508
      ],
      [
        0.0,
        0.0,
        0.0,
        1.0
      ]
    ],
    "location": [
      7.366374876044574,
      -9.990413298772182,
      0.8453832904271508
    ],
    "rotation": [
      -0.0002466192336883968,
      0.0005939775213364128,
      -2.377554724617244
    ]
  },
  {
    "label_id": "xZ3xAFKzkG5ksRUdYiaIQw",
    "size": [
      2.1615122996388205,
      5.133410977253657,
      1.5200000000000031
    ],
    "obj_class": "vehicle",
    "point_num_in_lidar": 730,
    "speed": 0.0046996383415083475,
    "if_vehicle": true,
    "motion_state": false,
    "pose": [
      [
        -0.9970727275668361,
        0.07645854592435669,
        -0.00025825871305982606,
        -5.003364558979229
      ],
      [
        -0.0764583835394955,
        -0.9970725994900334,
        -0.0005890099449278634,
        6.187174032274925
      ],
      [
        -0.00030253753029568125,
        -0.000567539708617672,
        0.9999997931848397,
        0.5714167943930448
      ],
      [
        0.0,
        0.0,
        0.0,
        1.0
      ]
    ],
    "location": [
      -5.003364558979229,
      6.187174032274925,
      0.5714167943930448
    ],
    "rotation": [
      -0.0005675397650583894,
      0.00030253753491083884,
      -3.0650595754087915
    ]
  },
  {
    "label_id": "yFEZzq_JFJMXKRuz8eAFkw",
    "size": [
      0.8278727131158421,
      0.8713122677734411,
      1.6332963406572247
    ],
    "obj_class": "pedestrian",
    "point_num_in_lidar": 193,
    "speed": 0.7597347142637828,
    "if_vehicle": false,
    "motion_state": false,
    "pose": [
      [
        -0.9524395226269211,
        0.3047275652786267,
        -0.00025825871305982606,
        -10.953519736103772
      ],
      [
        -0.30472737769872427,
        -0.9524394355276056,
        -0.0005890099449278634,
        10.878814749354206
      ],
      [
        -0.0004254633493295524,
        -0.0004822978503710352,
        0.9999997931848397,
        0.7610305386118554
      ],
      [
        0.0,
        0.0,
        0.0,
        1.0
      ]
    ],
    "location": [
      -10.953519736103772,
      10.878814749354206,
      0.7610305386118554
    ],
    "rotation": [
      -0.0004822979127215819,
      0.00042546336216571604,
      -2.8319404442499576
    ]
  },
  {
    "label_id": "y_AYZqAudv3jy1UANNLofA",
    "size": [
      0.3702763234614408,
      0.09389329663093805,
      0.6300000000000026
    ],
    "obj_class": "sign",
    "point_num_in_lidar": 21,
