[
  {
    "label_id": "-lw-pbHiNJGWsl32vhmuQQ",
    "size": [
      0.6444965489754454,
      0.11856601403023674,
      0.71051850150441
    ],
    "obj_class": "sign",
    "point_num_in_lidar": 24,
    "speed": 0.004181006898357388,
    "if_vehicle": false,
    "motion_state": false,
    "pose": [
      [
        -0.9999471046048253,
        -0.009957503385411223,
        -0.0025760665278315924,
        54.23332580886199
      ],
      [
        0.00996652890914754,
        -0.999944155610553,
        -0.0035148203085160106,
        -1.7274144091861672
      ],
      [
        -0.0025409238338480102,
        -0.003540308832228345,
        0.9999905049146431,
        3.1526192044562578
      ],
      [
        0.0,
        0.0,
        0.0,
        1.0
      ]
    ],
    "location": [
      54.23332580886199,
      -1.7274144091861672,
      3.1526192044562578
    ],
    "rotation": [
      -0.0035403276566134826,
      0.0025409265680144746,
      3.1316259274993885
    ]
  },
  {
    "label_id": "5v-HhV-BedTvNkAgrUmSsA",
    "size": [
      2.122837831403962,
      5.033050925192189,
      1.480000000000004
    ],
    "obj_class": "vehicle",
    "point_num_in_lidar": 3007,
    "speed": 0.0030626815067645147,
    "if_vehicle": true,
    "motion_state": false,
    "pose": [
      [
        -0.9947591628303528,
        0.10221336432335813,
        -0.0025760665278315924,
        12.44621005107183
      ],
      [
        -0.1022040650787978,
        -0.9947572443162039,
        -0.0035148203085160106,
        7.395683241309598
      ],
      [
        -0.0029218224491264514,
        -0.003233115236540697,
        0.9999905049146431,
        0.6140818985241978
      ],
      [
        0.0,
        0.0,
        0.0,
        1.0
      ]
    ],
    "location": [
      12.44621005107183,
      7.395683241309598,
      0.6140818985241978
    ],
    "rotation": [
      -0.003233134669999108,
      0.0029218266064314044,
      -3.039209376664879
    ]
  },
  {
    "label_id": "7igbE48KGSRL1PidJzMz3A",
    "size": [
      0.8269040431432766,
      0.8391242999262727,
      1.759999999999998
    ],
    "obj_class": "pedestrian",
    "point_num_in_lidar": 23,
    "speed": 5.796914039811764e-12,
    "if_vehicle": false,
    "motion_state": false,
    "pose": [
      [
        0.9997209749839169,
        -0.023480546383135584,
        -0.0025760665278315924,
        4.197106989908207
      ],
      [
        0.023471427307981477,
        0.999718329399999,
        -0.0035148203085160106,
        -10.807025560752663
      ],
      [
        0.0026578708269095527,
        0.003453375627474375,
        0.9999905049146431,
        0.9192914644045658
      ],
      [
        0.0,
        0.0,
        0.0,
        1.0
      ]
    ],
    "location": [
      4.197106989908207,
      -10.807025560752663,
      0.9192914644045658
    ],
    "rotation": [
      0.003453394689496523,
      -0.002657873956242273,
      0.023473665869166296
    ]
  },
  {
    "label_id": "9KGiqkmEBgSGNEolhIVz1A",
    "size": [
      0.6676860043911279,
      0.8747499668482639,
      1.6388978100247868
    ],
    "obj_class": "pedestrian",
    "point_num_in_lidar": 20,
    "speed": 0.7103088957731138,
    "if_vehicle": false,
    "motion_state": false,
    "pose": [
      [
        -0.20195877376443344,
        -0.9793906358449678,
        -0.0025760665278315924,
        33.70202267194691
      ],
      [
        0.9793896644111364,
        -0.20194932850306893,
        -0.0035148203085160106,
        8.03550616082066
      ],
      [
        0.00292214719136348,
        -0.003232821731703966,
        0.9999905049146431,
        0.7139654610177644
      ],
      [
        0.0,
        0.0,
        0.0,
        1.0
      ]
    ],
    "location": [
      33.70202267194691,
      8.03550616082066,
      0.7139654610177644
    ],
    "rotation": [
      -0.00323284116544329,
      -0.002922151350054766,
      1.7741547024985616
    ]
  },
  {
    "label_id": "Abp2wF28Amdp-8SvcS3E1g",
    "size": [
      2.196294568927894,
      4.401772619467235,
      1.7100000000000009
    ],
    "obj_class": "vehicle",
    "point_num_in_lidar": 2833,
    "speed": 2.5421149729252077e-12,
    "if_vehicle": true,
    "motion_state": false,
    "pose": [
      [
        0.9995895749302116,
        0.028531483874536433,
        -0.0025760665278315924,
        14.714482925839548
      ],
      [
        -0.02854045305828841,
        0.9995864587805432,
        -0.0035148203085160106,
        -0.00024195665173465386
      ],
      [
        0.002474718179183953,
        0.0035868998439582004,
        0.9999905049146431,
        0.9096895568005792
      ],
      [
        0.0,
        0.0,
        0.0,
        1.0
      ]
    ],
    "location": [
      14.714482925839548,
      -0.00024195665173465386,
      0.9096895568005792
    ],
    "rotation": [
      0.0035869185190432924,
      -0.0024747207051481613,
      -0.028544416549226296
    ]
  },
  {
    "label_id": "BWvewDT0hJdWZfzsS5N52A",
    "size": [
      0.8672735484477907,
      0.9365148916588351,
      1.7102353335570868
    ],
    "obj_class": "pedestrian",
    "point_num_in_lidar": 32,
    "speed": 1.6972856581165174,
    "if_vehicle": false,
    "motion_state": true,
    "pose": [
      [
        0.9984216025650633,
        -0.05610407661350975,
        -0.0025760665278315924,
        64.06185163619375
      ],
      [
        0.056094876033283295,
        0.998419256084842,
        -0.0035148203085160106,
        14.5907157022084
      ],
      [
        0.0027691901742143824,
        0.0033647683926245828,
        0.9999905049146431,
        0.9386007205869831
      ],
      [
        0.0,
        0.0,
        0.0,
        1.0
      ]
    ],
    "location": [
      64.06185163619375,
      14.5907157022084,
      0.9386007205869831
    ],
    "rotation": [
      0.003364787643153899,
      -0.0027691937134428145,
      0.05612455153837825
    ]
  },
  {
    "label_id": "C4NxoX3efnXfwLAduEGZxw",
    "size": [
      2.002831474961664,
      4.45394267847577,
      1.5900000000000034
    ],
    "obj_class": "vehicle",
    "point_num_in_lidar": 1240,
    "speed": 6.431098710768743e-12,
    "if_vehicle": true,
    "motion_state": false,
    "pose": [
      [
        0.5637940063582704,
        0.8259114251999027,
        -0.0025760665278315924,
        16.627299012507137
      ],
      [
        -0.8259141687875532,
        0.5637849162882631,
        -0.0035148203085160106,
        -4.547454089850362
      ],
      [
        -0.0014505827985814897,
        0.004109244468443122,
        0.9999905049146431,
        0.6528784552083238
      ],
      [
        0.0,
        0.0,
        0.0,
        1.0
      ]
    ],
    "location": [
      16.627299012507137,
      -4.547454089850362,
      0.6528784552083238
    ],
    "rotation": [
      0.0041092603565992345,
      0.0014505833072990515,
      -0.9718232742119648
    ]
  },
  {
    "label_id": "D-j8uA5tzbpXhUFsbPfY1w",
    "size": [
      0.9873273858251032,
      0.7573816566762264,
      1.5740498284474072
    ],
    "obj_class": "pedestrian",
    "point_num_in_lidar": 56,
    "speed": 0.9647305468469428,
    "if_vehicle": false,
    "motion_state": false,
    "pose": [
      [
        0.9999947681955212,
        0.0019563902549488937,
        -0.0025760665278315924,
        32.65871674528171
      ],
      [
        -0.0019654390853208244,
        0.9999918915108266,
        -0.0035148203085160106,
        -8.669312398720649
      ],
      [
        0.002569169279624564,
        0.003519865021503566,
        0.9999905049146431,
        1.0000902263729756
      ],
      [
        0.0,
        0.0,
        0.0,
        1.0
      ]
    ],
    "location": [
      32.65871674528171,
      -8.669312398720649,
      1.0000902263729756
    ],
    "rotation": [
      0.003519883906536754,
      -0.002569172105989267,
      -0.001965446837335614
    ]
  },
  {
    "label_id": "DV-QVxiC5bGWoAdie1BT7w",
    "size": [
      2.1232088259653623,
      4.640056433527341,
      1.5305185015044103
    ],
    "obj_class": "vehicle",
    "point_num_in_lidar": 335,
    "speed": 1.7580319590953628,
    "if_vehicle": true,
    "motion_state": true,
    "pose": [
      [
        0.9985051492255226,
        -0.054596985735118966,
        -0.0025760665278315924,
        25.42419895864441
      ],
      [
        0.05458778870717277,
        0.9985027888605319,
        -0.0035148203085160106,
        1.122608590805612
      ],
      [
        0.0027641082065756667,
        0.003368944401338786,
        0.9999905049146431,
        0.8406192516582109
      ],
      [
        0.0,
        0.0,
        0.0,
        1.0
      ]
    ],
    "location": [
      25.42419895864441,
      1.122608590805612,
      0.8406192516582109
    ],
    "rotation": [
      0.003368963644181146,
      -0.002764111726354408,
      0.05461514432879345
    ]
  },
  {
    "label_id": "Djbr-wq3c_Wu_emcmW1Dog",
    "size": [
      2.459956087835262,
      5.612823795445765,
      2.270518501504405
    ],
    "obj_class": "vehicle",
    "point_num_in_lidar": 13841,
    "speed": 3.5950934718225418e-12,
    "if_vehicle": true,
    "motion_state": false,
    "pose": [
      [
        0.6979161582953489,
        0.7161748388986487,
        -0.0025760665278315924,
        6.414921690004121
      ],
      [
        -0.7161791106267562,
        0.6979076783787863,
        -0.0035148203085160106,
        -4.570807764139317
      ],
      [
        -0.0007193692584209056,
        0.004297974921635753,
        0.9999905049146431,
        0.9832907306018939
      ],
      [
        0.0,
        0.0,
        0.0,
        1.0
      ]
    ],
    "location": [
      6.414921690004121,
      -4.570807764139317,
      0.9832907306018939
    ],
    "rotation": [
      0.004297989266294186,
      0.0007193693204655751,
      -0.7983123831398492
    ]
  },
  {
    "label_id": "EB8EchWMY1Oagsjrk4KwsA",
    "size": [
      2.2039397856438354,
      4.8606414627357974,
      1.6200000000000045
    ],
    "obj_class": "vehicle",
    "point_num_in_lidar": 40,
    "speed": 4.099037227506402e-12,
    "if_vehicle": true,
    "motion_state": false,
    "pose": [
      [
        0.6763887971994037,
        0.7365402629214428,
        -0.0025760665278315924,
        68.75947913958953
      ],
      [
        -0.7365442815062292,
        0.676380194431114,
        -0.0035148203085160106,
        -2.6366225702222437
      ],
      [
        -0.0008464062951937924,
        0.004274772150703148,
        0.9999905049146431,
        0.8066471474137629
      ],
      [
        0.0,
        0.0,
        0.0,
        1.0
      ]
    ],
    "location": [
      68.75947913958953,
      -2.6366225702222437,
      0.8066471474137629
    ],
    "rotation": [
      0.004274786701357017,
      0.0008464063962552469,
      -0.8279473671102375
    ]
  },
  {
    "label_id": "Fyvr9wj_mD3-PKw_3XcdnA",
    "size": [
      0.7829285216845553,
      0.8748261895378542,
      1.7744533473011828
    ],
    "obj_class": "pedestrian",
    "point_num_in_lidar": 23,
    "speed": 1.0208645615435612,
    "if_vehicle": false,
    "motion_state": true,
    "pose": [
      [
        0.9996170523176814,
        0.027551998057380404,
        -0.0025760665278315924,
        71.87013318268146
      ],
      [
        -0.027560970290261402,
        0.9996139449581815,
        -0.0035148203085160106,
        15.682600253661803
      ],
      [
        0.0024782317020481883,
        0.003584473209264402,
        0.9999905049146431,
        0.9848291501912527
      ],
      [
        0.0,
        0.0,
        0.0,
        1.0
      ]
    ],
    "location": [
      71.87013318268146,
      15.682600253661803,
      0.9848291501912527
    ],
    "rotation": [
      0.0035844918925082617,
      -0.0024782342387865393,
      -0.027564545402110625
    ]
  },
  {
    "label_id": "G96MfK6U70_2CEKJH1g1gA",
    "size": [
      2.0507676477421524,
      4.751621205894719,
      1.783059185505671
    ],
    "obj_class": "vehicle",
    "point_num_in_lidar": 4648,
    "speed": 1.1368683772161603e-12,
    "if_vehicle": true,
    "motion_state": false,
    "pose": [
      [
        -0.9991531638923257,
        0.04106481419901346,
        -0.0025760665278315924,
        6.1541660873626824
      ],
      [
        -0.04105564999192042,
        -0.9991506791480151,
        -0.0035148203085160106,
        6.997459129321214
      ],
      [
        -0.002718214063725534,
        -0.0034060817460442173,
        0.9999905049146431,
        0.7365924182672359
      ],
      [
        0.0,
        0.0,
        0.0,
        1.0
      ]
    ],
    "location": [
      6.1541660873626824,
      6.997459129321214,
      0.7365924182672359
    ],
    "rotation": [
      -0.003406100915340544,
      0.0027182174110757986,
      -3.100525309367553
    ]
  },
  {
    "label_id": "GvNSnjQZk7nOuKBrSduqOA",
    "size": [
      2.1579955411842304,
      4.7553734910656065,
      1.5499999999999972
    ],
    "obj_class": "vehicle",
    "point_num_in_lidar": 59,
    "speed": 1.2755835462751441,
    "if_vehicle": true,
    "motion_state": true,
    "pose": [
      [
        -0.9993084609250747,
        0.0370939861002086,
        -0.0025760665278315924,
        57.7026393070264
      ],
      [
        -0.03708483183952333,
        -0.9993059397830242,
        -0.0035148203085160106,
        6.846962565992726
      ],
      [
        -0.002704657278207165,
        -0.0034168566789392722,
        0.9999905049146431,
        0.7508699561776098
      ],
      [
        0.0,
        0.0,
        0.0,
        1.0
      ]
    ],
    "location": [
      57.7026393070264,
      6.846962565992726,
      0.7508699561776098
    ],
    "rotation": [
      -0.003416875825143275,
      0.0027046605757230975,
      -3.104499180382914
    ]
  },
  {
    "label_id": "H1UceUMUw7amJjkZPWl6qg",
    "size": [
      0.6970462820184616,
      0.7653631564612301,
      1.6941567563163105
    ],
    "obj_class": "pedestrian",
    "point_num_in_lidar": 42,
    "speed": 1.3773059869908901,
    "if_vehicle": false,
    "motion_state": true,
    "pose": [
      [
        -0.9997606081197977,
        0.021727639843669447,
        -0.0025760665278315924,
        51.08274187250208
      ],
      [
        -0.021718525421192764,
        -0.9997579465509279,
        -0.0035148203085160106,
        -5.928786887488968
      ],
      [
        -0.0026518117318221424,
        -0.0034580305227023883,
        0.9999905049146431,
        0.9334602307771149
      ],
      [
        0.0,
        0.0,
        0.0,
        1.0
      ]
    ],
    "location": [
      51.08274187250208,
      -5.928786887488968,
      0.9334602307771149
    ],
    "rotation": [
      -0.003458049573334438,
      0.002651814839801938,
      -3.119872344006569
    ]
  },
  {
    "label_id": "ImNXxSqrOhGjnDuh8WZ_rw",
    "size": [
      0.7006499849928249,
      0.8057173953675747,
      1.5600000000000023
    ],
    "obj_class": "pedestrian",
    "point_num_in_lidar": 30,
    "speed": 0.966803650662974,
    "if_vehicle": false,
    "motion_state": false,
    "pose": [
      [
        -0.9955443887499928,
        -0.0942588664776278,
        -0.0025760665278315924,
        60.78243226099585
      ],
      [
        0.09426761112072,
        -0.9955406890387714,
        -0.0035148203085160106,
        -5.642911443843332
      ],
      [
        -0.002233276067973913,
        -0.0037419992732743656,
        0.9999905049146431,
        0.8556711139387048
      ],
      [
        0.0,
        0.0,
        0.0,
        1.0
      ]
    ],
    "location": [
      60.78243226099585,
      -5.642911443843332,
      0.8556711139387048
    ],
    "rotation": [
      -0.0037420173380088035,
      0.0022332779243969983,
      3.0471846287149895
    ]
  },
  {
    "label_id": "J8-j5tMTE7dijlXHKvNmRw",
    "size": [
      1.8686382631255314,
      4.258107369427481,
      1.7700000000000031
    ],
    "obj_class": "vehicle",
    "point_num_in_lidar": 77,
    "speed": 2.5421149729252077e-12,
    "if_vehicle": true,
    "motion_state": false,
    "pose": [
      [
        0.08394564899890823,
        0.9964670049205825,
        -0.0025760665278315924,
        38.593940286067664
      ],
      [
        -0.9964649161192384,
        0.08393638651787573,
        -0.0035148203085160106,
        -13.496263904497027
      ],
      [
        -0.0032861767498851527,
        0.0028620137884862043,
        0.9999905049146431,
        1.030313310576382
      ],
      [
        0.0,
        0.0,
        0.0,
        1.0
      ]
    ],
    "location": [
      38.593940286067664,
      -13.496263904497027,
      1.030313310576382
    ],
    "rotation": [
      0.00286203314925634,
      0.0032861826644611436,
      -1.4867513165870376
    ]
  },
  {
    "label_id": "JYZGrjHhOWIfmt9jVFankA",
    "size": [
      0.8855818262456987,
      0.8864430025332695,
      1.9033832664799561
    ],
    "obj_class": "pedestrian",
    "point_num_in_lidar": 22,
    "speed": 0.008144008529228674,
    "if_vehicle": false,
    "motion_state": false,
    "pose": [
      [
        0.5832445348225919,
        0.8122925436570388,
        -0.0025760665278315924,
        47.96205513982568
      ],
      [
        -0.8122955022951218,
        0.5832355124555728,
        -0.0035148203085160106,
        22.770499038058915
      ],
      [
        -0.001352608847422382,
        0.004142526989996034,
        0.9999905049146431,
        0.5285228086541096
      ],
      [
        0.0,
        0.0,
        0.0,
        1.0
      ]
    ],
    "location": [
      47.96205513982568,
      22.770499038058915,
      0.5285228086541096
    ],
    "rotation": [
      0.004142542627599828,
      0.001352609259867131,
      -0.9480784066838686
    ]
  },
  {
    "label_id": "LVurOGR3dPZTYlctUjwF1w",
    "size": [
      0.8553806403997364,
      0.9205835426103812,
      1.5600000000000023
    ],
    "obj_class": "pedestrian",
    "point_num_in_lidar": 131,
    "speed": 0.8483604347388843,
    "if_vehicle": false,
    "motion_state": false,
    "pose": [
      [
        0.9999037969644268,
        -0.013629405613092739,
        -0.0025760665278315924,
        21.495331735473883
      ],
      [
        0.01362031304685165,
        0.9999010616609548,
        -0.0035148203085160106,
        12.40115323086502
      ],
      [
        0.0026237165677299593,
        0.003479395339594255,
        0.9999905049146431,
        0.7683930636811098
      ],
      [
        0.0,
        0.0,
        0.0,
        1.0
      ]
    ],
    "location": [
      21.495331735473883,
      12.40115323086502,
      0.7683930636811098
    ],
    "rotation": [
      0.0034794143360231257,
      -0.0026237195779680584,
      0.013620781090985948
    ]
  },
  {
    "label_id": "MgUHjjRH5WfE7KTO3UAfsQ",
    "size": [
      2.122082204683363,
      4.89751997057426,
      1.4830591855056667
    ],
    "obj_class": "vehicle",
    "point_num_in_lidar": 4022,
    "speed": 2.2737367544323206e-12,
    "if_vehicle": true,
    "motion_state": false,
    "pose": [
      [
        -0.9924473595016529,
        0.12264421103110057,
        -0.0025760665278315924,
        0.6649122067319695
      ],
      [
        -0.12263487430720053,
        -0.9924456325874259,
        -0.0035148203085160106,
        6.701107151944598
      ],
      [
        -0.002987678338455154,
        -0.0031723585394618863,
        0.9999905049146431,
        0.5867232257282566
      ],
      [
        0.0,
        0.0,
        0.0,
        1.0
      ]
    ],
    "location": [
      0.6649122067319695,
      6.701107151944598,
      0.5867232257282566
    ],
    "rotation": [
      -0.0031723780192680962,
      0.0029876827832529544,
      -3.018647737944616
    ]
  },
  {
    "label_id": "No68zCO6os9hco-_ap9yaQ",
    "size": [
      0.7484054906059401,
      0.7235802196100946,
      1.7700000000000031
    ],
    "obj_class": "pedestrian",
    "point_num_in_lidar": 46,
    "speed": 2.5421149729252077e-12,
    "if_vehicle": false,
    "motion_state": false,
    "pose": [
      [
        -0.962265675606604,
        0.27209949178675424,
        -0.0025760665278315924,
        48.35270982417569
      ],
      [
        -0.27209000105154524,
        -0.9622653882198865,
        -0.0035148203085160106,
        19.904892758910137
      ],
      [
        -0.0034352404771530913,
        -0.0026812689945434234,
        0.9999905049146431,
        0.6410988589373474
      ],
      [
        0.0,
        0.0,
        0.0,
        1.0
      ]
    ],
    "location": [
      48.35270982417569,
      19.904892758910137,
      0.6410988589373474
    ],
    "rotation": [
      -0.0026812880281117365,
      0.003435247233664105,
      -2.866026673934315
    ]
  },
  {
    "label_id": "OpmBDWgrhvbDWXPsj-xPxA",
    "size": [
      0.7026515170164895,
      0.7358840794624211,
      1.68310318244977
    ],
    "obj_class": "pedestrian",
    "point_num_in_lidar": 39,
    "speed": 1.6077746776921857e-12,
    "if_vehicle": false,
    "motion_state": false,
    "pose": [
      [
        -0.9918260737056895,
        0.12757116993584408,
        -0.0025760665278315924,
        49.32563542090065
      ],
      [
        -0.12756182475125386,
        -0.9918243931787165,
        -0.0035148203085160106,
        18.733378725090006
      ],
      [
        -0.003003395359626224,
        -0.0031574826794056312,
        0.9999905049146431,
        0.6525540139907946
      ],
      [
        0.0,
        0.0,
        0.0,
        1.0
      ]
    ],
    "location": [
      49.32563542090065,
      18.733378725090006,
      0.6525540139907946
    ],
    "rotation": [
      -0.0031575021669733266,
      0.0030033998749409703,
      -3.0136817427081946
    ]
  },
  {
    "label_id": "SV4MhXW_fLKMUyYTomC7iA",
    "size": [
      1.8745005814532099,
      4.026761972188614,
      1.730518501504406
    ],
    "obj_class": "vehicle",
    "point_num_in_lidar": 308,
    "speed": 3.2155493553843714e-12,
    "if_vehicle": true,
    "motion_state": false,
    "pose": [
      [
        0.5357879703092701,
        0.8443486334169771,
        -0.0025760665278315924,
        23.067769648005196
      ],
      [
        -0.8443510707130731,
        0.5357787933689481,
        -0.0035148203085160106,
        -3.943883484302205
      ],
      [
        -0.001587531908281986,
        0.004058302970104309,
        0.9999905049146431,
        0.8526192044561114
      ],
      [
        0.0,
        0.0,
        0.0,
        1.0
      ]
    ],
    "location": [
      23.067769648005196,
      -3.943883484302205,
      0.8526192044561114
    ],
    "rotation": [
      0.004058319224144955,
      0.0015875325751142913,
      -1.005354831782794
    ]
  },
  {
    "label_id": "SkVKxXh2jIQZVXZoNdO_aw",
    "size": [
      0.8929253569022186,
      0.9206928310170497,
      1.7000000000000028
    ],
    "obj_class": "pedestrian",
    "point_num_in_lidar": 33,
    "speed": 0.018088423229643852,
    "if_vehicle": false,
    "motion_state": false,
    "pose": [
      [
        0.9981972904720452,
        -0.05996276490882909,
        -0.0025760665278315924,
        50.59520694359526
      ],
      [
        0.059953555327695814,
        0.9981949795715103,
        -0.0035148203085160106,
        20.404598812419863
      ],
      [
        0.002782175018980031,
        0.0033540397613526234,
        0.9999905049146431,
        0.713788444543205
      ],
      [
        0.0,
        0.0,
        0.0,
        1.0
      ]
    ],
    "location": [
      50.59520694359526,
      20.404598812419863,
      0.713788444543205
    ],
    "rotation": [
      0.0033540590310928834,
      -0.0027821786082291525,
      0.059989762465889274
    ]
  },
  {
    "label_id": "TBaMlPrcbb0tVmgFVZHKcA",
    "size": [
      0.8401860487472408,
      0.11186696262676982,
      0.8605185015044086
    ],
    "obj_class": "sign",
    "point_num_in_lidar": 36,
    "speed": 0.0030017805504387795,
    "if_vehicle": false,
    "motion_state": false,
    "pose": [
      [
        0.9990144383031592,
        0.044311577979882805,
        -0.0025760665278315924,
        53.88480860739219
      ],
      [
        -0.04432049684101546,
        0.9990111809173932,
        -0.0035148203085160106,
        10.2672799051943
      ],
      [
        0.0024177720299047244,
        0.0036255287846576655,
        0.9999905049146431,
        2.8876192044561932
      ],
      [
        0.0,
        0.0,
        0.0,
        1.0
      ]
    ],
    "location": [
      53.88480860739219,
      10.2672799051943,
      2.8876192044561932
    ],
    "rotation": [
      0.003625547324157809,
      -0.0024177743854743167,
      -0.04433514918980387
    ]
  },
  {
    "label_id": "V7YN8qOnLzj6EqMtbCjrbw",
    "size": [
      2.3616038729626823,
      4.897855298287807,
      1.8405185015044054
    ],
    "obj_class": "vehicle",
    "point_num_in_lidar": 5746,
    "speed": 0.0,
    "if_vehicle": true,
    "motion_state": false,
    "pose": [
      [
        0.6910132100091091,
        0.7228375387831977,
        -0.0025760665278315924,
        2.9910673179329024
      ],
      [
        -0.722841728960197,
        0.6910046895007529,
        -0.0035148203085160106,
        -4.770993855840061
      ],
      [
        -0.0007605700098753614,
        0.004290875646887135,
        0.9999905049146431,
        0.8476192044561515
      ],
      [
        0.0,
        0.0,
        0.0,
        1.0
      ]
    ],
    "location": [
      2.9910673179329024,
      -4.770993855840061,
      0.8476192044561515
    ],
    "rotation": [
      0.004290890055063507,
      0.0007605700832027895,
      -0.8079062319248616
    ]
  },
  {
    "label_id": "XsywigB-Q40d0u9u21SmQg",
    "size": [
      0.728943417042425,
      0.9162428550820471,
      1.9424134016137273
    ],
    "obj_class": "pedestrian",
    "point_num_in_lidar": 57,
    "speed": 1.4878673835406344,
    "if_vehicle": false,
    "motion_state": true,
    "pose": [
      [
        0.989192023036175,
        -0.14660322453085173,
        -0.0025760665278315924,
        33.51437103954959
      ],
      [
        0.14659384878382747,
        0.989190522365102,
        -0.0035148203085160106,
        -6.676635095645906
      ],
      [
        0.0030635045851879574,
        0.0030991967045515623,
        0.9999905049146431,
        1.0313776320180352
      ],
      [
        0.0,
        0.0,
        0.0,
        1.0
      ]
    ],
    "location": [
      33.51437103954959,
      -6.676635095645906,
      1.0313776320180352
    ],
    "rotation": [
      0.0030992162091270942,
      -0.0030635093770707608,
      0.14712473184645644
    ]
  },
  {
    "label_id": "YmfytkE-ukfBRofAX1HVww",
    "size": [
      0.6442834931334349,
      0.7097897537460085,
      1.5500000000000043
    ],
    "obj_class": "pedestrian",
    "point_num_in_lidar": 114,
    "speed": 1.3707362416349471,
    "if_vehicle": false,
    "motion_state": true,
    "pose": [
      [
        0.9948212927841608,
        -0.10160688610766,
        -0.0025760665278315924,
        22.12363774478581
      ],
      [
        0.10159758803445827,
        0.9948193686010437,
        -0.0035148203085160106,
        -9.063121515784587
      ],
      [
        0.002919850823467984,
        0.00323489593737793,
        0.9999905049146431,
        0.8467489938887383
      ],
      [
        0.0,
        0.0,
        0.0,
        1.0
      ]
    ],
    "location": [
      22.12363774478581,
      -9.063121515784587,
      0.8467489938887383
    ],
    "rotation": [
      0.0032349153691200914,
      -0.0029198549723626313,
      0.10177362315527184
    ]
  },
  {
    "label_id": "aOalNxxJ9uA_4VqI2Wr-pw",
    "size": [
      0.9999999999905407,
      1.0,
      1.7608367811754064
    ],
    "obj_class": "pedestrian",
    "point_num_in_lidar": 40,
    "speed": 1.2899440389290662,
    "if_vehicle": false,
    "motion_state": true,
    "pose": [
      [
        0.6201741008773816,
        -0.7844599725175119,
        -0.0025760665278315924,
        52.254667384157074
      ],
      [
        0.7844521144093346,
        0.6201794306786732,
        -0.0035148203085160106,
        -4.10525795257854
      ],
      [
        0.004354859315243446,
        0.0001589996899628729,
        0.9999905049146431,
        1.0745400282537645
      ],
      [
        0.0,
        0.0,
        0.0,
        1.0
      ]
    ],
    "location": [
      52.254667384157074,
      -4.10525795257854,
      1.0745400282537645
    ],
    "rotation": [
      0.0001590011983529125,
      -0.004354873080199993,
      0.9018242103862749
    ]
  },
  {
    "label_id": "bof1aeoD2plQ-sVhmz6tng",
    "size": [
      2.0777450502059045,
      4.382102305572195,
      1.6253959798867612
    ],
    "obj_class": "vehicle",
    "point_num_in_lidar": 129,
    "speed": 3.7642694100820955,
    "if_vehicle": true,
    "motion_state": true,
    "pose": [
      [
        -0.9964650236958114,
        0.08396916357895941,
        -0.0025760665278315924,
        45.131069583621866
      ],
      [
        -0.08395990104863801,
        -0.9964629351130436,
        -0.0035148203085160106,
        6.291450577991782
      ],
      [
        -0.002862091334805965,
        -0.003286109211240477,
        0.9999905049146431,
        0.751776259373031
      ],
      [
        0.0,
        0.0,
        0.0,
        1.0
      ]
    ],
    "location": [
      45.131069583621866,
      6.291450577991782,
      0.751776259373031
    ],
    "rotation": [
      -0.0032861285847987317,
      0.0028620952423224323,
      -3.0575334506102165
    ]
  },
  {
    "label_id": "c3SCJxumyZ0SBk4CZmOJ6g",
    "size": [
      0.967340961463388,
      1.0650027170117071,
      1.9586854736991413
    ],
    "obj_class": "pedestrian",
    "point_num_in_lidar": 171,
    "speed": 1.2940452367780615,
    "if_vehicle": false,
    "motion_state": true,
    "pose": [
      [
        0.9977719404842809,
        -0.06666722330708395,
        -0.0025760665278315924,
        28.236704652408662
      ],
      [
        0.06665799840931998,
        0.9977696915051398,
        -0.0035148203085160106,
        11.77099759146222
      ],
      [
        0.002804644415163355,
        0.0033352736411670783,
        0.9999905049146431,
        1.0083531679585818
      ],
      [
        0.0,
        0.0,
        0.0,
        1.0
      ]
    ],
    "location": [
      28.236704652408662,
      11.77099759146222,
      1.0083531679585818
    ],
    "rotation": [
      0.003335292942655406,
      -0.00280464809207936,
      0.06670772358101745
    ]
  },
  {
    "label_id": "cEBTjT2GdLcTLHmXu-PHfw",
    "size": [
      0.8625872603834793,
      0.8538088650045665,
      1.7592707532064438
    ],
    "obj_class": "pedestrian",
    "point_num_in_lidar": 76,
    "speed": 1.3271746045600508,
    "if_vehicle": false,
    "motion_state": true,
    "pose": [
      [
        -0.9231040667892637,
        0.38454160471705323,
        -0.0025760665278315924,
        17.61535346042365
      ],
      [
        -0.38453214709911826,
        -0.9231049094688756,
        -0.0035148203085160106,
        -8.400378163831192
      ],
      [
        -0.0037295743006886175,
        -0.002253964527807372,
        0.9999905049146431,
        0.9010396281056288
      ],
      [
        0.0,
        0.0,
        0.0,
        1.0
      ]
    ],
    "location": [
      17.61535346042365,
      -8.400378163831192,
      0.9010396281056288
    ],
    "rotation": [
      -0.002253982112518265,
      0.003729582946967887,
      -2.746888809016893
    ]
  },
  {
    "label_id": "fNy8PC-BmuP16FOJ9FFzIw",
    "size": [
      2.1476594433774285,
      5.107156534927326,
      1.980000000000004
    ],
    "obj_class": "vehicle",
    "point_num_in_lidar": 4831,
    "speed": 1.3830600733622805e-11,
    "if_vehicle": true,
    "motion_state": false,
    "pose": [
      [
        0.7587984322930942,
        0.6513204303803056,
        -0.0025760665278315924,
        9.769325689427205
      ],
      [
        -0.6513254387830179,
        0.7587903655373519,
        -0.0035148203085160106,
        -4.6730783365128445
      ],
      [
        -0.0003345798137502164,
        0.0043448978014680355,
        0.9999905049146431,
        0.8495289039752052
      ],
      [
        0.0,
        0.0,
        0.0,
        1.0
      ]
    ],
    "location": [
      9.769325689427205,
      -4.6730783365128445,
      0.8495289039752052
    ],
    "rotation": [
      0.004344911715374273,
      0.0003345798199925644,
      -0.7093299379813469
    ]
  },
  {
    "label_id": "gLdCcd_k3Lp-3dE0ol5ezA",
    "size": [
      2.1350699741361328,
      4.396070169772625,
      1.8305185015044074
    ],
    "obj_class": "vehicle",
    "point_num_in_lidar": 1129,
    "speed": 3.5950934718225418e-12,
    "if_vehicle": true,
    "motion_state": false,
    "pose": [
      [
        0.6806036912624667,
        0.7326472407108,
        -0.0025760665278315924,
        19.920081230251526
      ],
      [
        -0.7326513085893169,
        0.6805951116931125,
        -0.0035148203085160106,
        -3.9800986740228836
      ],
      [
        -0.0008218651143901074,
        0.004279558188729234,
        0.9999905049146431,
        0.8926192044561674
      ],
      [
        0.0,
        0.0,
        0.0,
        1.0
      ]
    ],
    "location": [
      19.920081230251526,
      -3.9800986740228836,
      0.8926192044561674
    ],
    "rotation": [
      0.004279572697270013,
      0.0008218652069132811,
      -0.8222097122479314
    ]
  },
  {
    "label_id": "l-XnejT-kWgZdox4WXTk1Q",
    "size": [
      2.002831474961663,
      4.45394267847577,
      1.5900000000000034
    ],
    "obj_class": "vehicle",
    "point_num_in_lidar": 3687,
    "speed": 2.2737367544323206e-12,
    "if_vehicle": true,
    "motion_state": false,
    "pose": [
      [
        0.5637940063582704,
        0.8259114251999027,
        -0.0025760665278315924,
        13.066347590152873
      ],
      [
        -0.8259141687875532,
        0.5637849162882631,
        -0.0035148203085160106,
        -4.41432199087285
      ],
      [
        -0.0014505827985814897,
        0.004109244468443122,
        0.9999905049146431,
        0.6428784552083329
      ],
      [
        0.0,
        0.0,
        0.0,
        1.0
      ]
    ],
    "location": [
      13.066347590152873,
      -4.41432199087285,
      0.6428784552083329
    ],
    "rotation": [
      0.0041092603565992345,
      0.0014505833072990515,
      -0.9718232742119648
    ]
  },
  {
    "label_id": "lKDSzFUMV-iZb8osI_vVhg",
    "size": [
      2.0750237040980264,
      4.716712819747884,
      1.5364505435900142
    ],
    "obj_class": "vehicle",
    "point_num_in_lidar": 48,
    "speed": 5.986745125764942,
    "if_vehicle": true,
    "motion_state": true,
    "pose": [
      [
        0.97459206905725,
        -0.22397245994084278,
        -0.0025760665278315924,
        54.90881125677697
      ],
      [
        0.22396299519115104,
        0.9745913106647357,
        -0.0035148203085160106,
        2.541896563292539
      ],
      [
        0.0032978350044673096,
        0.0028485724214562295,
        0.9999905049146431,
        0.8001834477681271
      ],
      [
        0.0,
        0.0,
        0.0,
        1.0
      ]
    ],
    "location": [
      54.90881125677697,
      2.541896563292539,
      0.8001834477681271
    ],
    "rotation": [
      0.002848591764184072,
      -0.003297840982215897,
      0.22588012172364524
    ]
  },
  {
    "label_id": "lZyBbVEUGKHI86ep9kmLgw",
    "size": [
      0.872308625603678,
      0.6996606541566454,
      1.9082143842119805
    ],
    "obj_class": "pedestrian",
    "point_num_in_lidar": 34,
    "speed": 0.03958090573568154,
    "if_vehicle": false,
    "motion_state": false,
    "pose": [
      [
        -0.9463548944474469,
        0.32311882897257116,
        -0.0025760665278315924,
        48.48776812545111
      ],
      [
        -0.3231093364375204,
        -0.946355114502534,
        -0.0035148203085160106,
        21.633764355843596
      ],
      [
        -0.0035735783560489165,
        -0.0024939162556408398,
        0.9999905049146431,
        0.6642721733536376
      ],
      [
        0.0,
        0.0,
        0.0,
        1.0
      ]
    ],
    "location": [
      48.48776812545111,
      21.633764355843596,
      0.6642721733536376
    ],
    "rotation": [
      -0.002493934765283032,
      0.003573585962133886,
      -2.812577252109588
    ]
  },
  {
    "label_id": "miUCgrw0d28mF4d4GaaTfg",
    "size": [
      0.7603092283544401,
      0.8180348372529171,
      1.7374134793072642
    ],
    "obj_class": "pedestrian",
    "point_num_in_lidar": 58,
    "speed": 1.4281791693592596,
    "if_vehicle": false,
    "motion_state": true,
    "pose": [
      [
        0.9999294552489952,
        0.01159518894591375,
        -0.0025760665278315924,
        10.306876955502958
      ],
      [
        -0.011604209627725091,
        0.9999264914768058,
        -0.0035148203085160106,
        -8.843173617584398
      ],
      [
        0.0025351221593973034,
        0.0035444655723964446,
        0.9999905049146431,
        0.9327156985671792
      ],
      [
        0.0,
        0.0,
        0.0,
        1.0
      ]
    ],
    "location": [
      10.306876955502958,
      -8.843173617584398,
      0.9327156985671792
    ],
    "rotation": [
      0.0035444843840888385,
      -0.0025351248748777503,
      -0.011604507368082677
    ]
  },
  {
    "label_id": "oBgkabLveCc0Yw1MvBSHOA",
    "size": [
      0.8283111702748203,
      0.7942693187629959,
      1.8171851638005094
    ],
    "obj_class": "pedestrian",
    "point_num_in_lidar": 207,
    "speed": 1.2140315536916395,
    "if_vehicle": false,
    "motion_state": true,
    "pose": [
      [
        0.9983039215193659,
        -0.058160503439188264,
        -0.0025760665278315924,
        18.004685970692663
      ],
      [
        0.0581512980452068,
        0.99830159399545,
        -0.0035148203085160106,
        -9.597499300871277
      ],
      [
        0.002776115039614177,
        0.0033590572849832253,
        0.9999905049146431,
        0.9287029596961247
      ],
      [
        0.0,
        0.0,
        0.0,
        1.0
      ]
    ],
    "location": [
      18.004685970692663,
      -9.597499300871277,
      0.9287029596961247
    ],
    "rotation": [
      0.0033590765458352506,
      -0.0027761186054605824,
      0.058184346294173205
    ]
  },
  {
    "label_id": "skG246l1N6X1i6YSA_Q0Og",
    "size": [
      2.5894402093501703,
      7.428925470678697,
      2.7960974461957804
    ],
    "obj_class": "vehicle",
    "point_num_in_lidar": 181,
    "speed": 3.5950934718225418e-12,
    "if_vehicle": true,
    "motion_state": false,
    "pose": [
      [
        -0.9976024784059303,
        0.06915677088752359,
        -0.0025760665278315924,
        70.65619053889532
      ],
      [
        -0.06914754040656848,
        -0.9976002524528154,
        -0.0035148203085160106,
        11.2790472761626
      ],
      [
        -0.0028129582412869006,
        -0.003328264786603826,
        0.9999905049146431,
        1.365801818419122
      ],
      [
        0.0,
        0.0,
        0.0,
        1.0
      ]
    ],
    "location": [
      70.65619053889532,
      11.2790472761626,
      1.365801818419122
    ],
    "rotation": [
      -0.0033282840993463254,
      0.0028129619509985274,
      -3.072389616580306
    ]
  },
  {
    "label_id": "t1ePe__aXYB9-IF7fpKV7w",
    "size": [
      0.7204831567389591,
      0.8499257723597111,
      1.6992111162184642
    ],
    "obj_class": "pedestrian",
    "point_num_in_lidar": 80,
    "speed": 0.7472910241533091,
    "if_vehicle": false,
    "motion_state": false,
    "pose": [
      [
        -0.13555049043718648,
        -0.9907670909065774,
