[
  {
    "label_id": "-63IzPn79Isi9S29BXuq1g",
    "size": [
      0.8937512568327735,
      0.9993915433078087,
      1.7256935869875178
    ],
    "obj_class": "pedestrian",
    "point_num_in_lidar": 27,
    "speed": 1.2363394595736694,
    "if_vehicle": false,
    "motion_state": true,
    "pose": [
      [
        0.9981964425903005,
        -0.06001307863468915,
        0.0015140650102927436,
        67.24252465584141
      ],
      [
        0.06001699663010181,
        0.9981937290234818,
        -0.0026906232917259182,
        13.92852076618874
      ],
      [
        -0.0013498576114254167,
        0.002776640232771911,
        0.9999952340653662,
        0.966436652846717
      ],
      [
        0.0,
        0.0,
        0.0,
        1.0
      ]
    ],
    "location": [
      67.24252465584141,
      13.92852076618874,
      0.966436652846717
    ],
    "rotation": [
      0.002776646330335405,
      0.001349858021358515,
      0.06005314053865276
    ]
  },
  {
    "label_id": "5v-HhV-BedTvNkAgrUmSsA",
    "size": [
      2.1228378314039613,
      5.033050925192189,
      1.480000000000004
    ],
    "obj_class": "vehicle",
    "point_num_in_lidar": 1637,
    "speed": 0.003062681533949217,
    "if_vehicle": true,
    "motion_state": false,
    "pose": [
      [
        -0.9947613233229141,
        0.10221358631800963,
        0.0015140650102927436,
        12.438000643080159
      ],
      [
        -0.10221738593451679,
        -0.9947584463371075,
        -0.0026906232917259182,
        7.394693479858688
      ],
      [
        0.0012311107012141123,
        -0.0028312917537277713,
        0.9999952340653662,
        0.6195087254182425
      ],
      [
        0.0,
        0.0,
        0.0,
        1.0
      ]
    ],
    "location": [
      12.438000643080159,
      7.394693479858688,
      0.6195087254182425
    ],
    "rotation": [
      -0.0028312976820591453,
      -0.0012311110121997733,
      -3.039196346367223
    ]
  },
  {
    "label_id": "7igbE48KGSRL1PidJzMz3A",
    "size": [
      0.8269040431432775,
      0.8391242999262727,
      1.759999999999998
    ],
    "obj_class": "pedestrian",
    "point_num_in_lidar": 213,
    "speed": 5.796914039811764e-12,
    "if_vehicle": false,
    "motion_state": false,
    "pose": [
      [
        0.999723146252914,
        -0.023480597379947763,
        0.0015140650102927436,
        4.197106989908207
      ],
      [
        0.023484611959653165,
        0.9997205777353022,
        -0.0026906232917259182,
        -10.807025560745387
      ],
      [
        -0.0014504645046045422,
        0.0027254356118340205,
        0.9999952340653662,
        0.9192914644046013
      ],
      [
        0.0,
        0.0,
        0.0,
        1.0
      ]
    ],
    "location": [
      4.197106989908207,
      -10.807025560745387,
      0.9192914644046013
    ],
    "rotation": [
      0.002725441852899577,
      0.0014504650131976573,
      0.023486795939397384
    ]
  },
  {
    "label_id": "9KGiqkmEBgSGNEolhIVz1A",
    "size": [
      0.6676860043952904,
      0.8747499668482639,
      1.6388978100247868
    ],
    "obj_class": "pedestrian",
    "point_num_in_lidar": 20,
    "speed": 0.7514758800847998,
    "if_vehicle": false,
    "motion_state": false,
    "pose": [
      [
        -0.18424249612849755,
        -0.9828796519551543,
        0.0015140650102927436,
        34.0674685898266
      ],
      [
        0.9828764701908436,
        -0.18424604443919484,
        -0.0026906232917259182,
        6.086351084704802
      ],
      [
        0.002923519373684229,
        0.0009924117215469373,
        0.9999952340653662,
        0.7873863407506931
      ],
      [
        0.0,
        0.0,
        0.0,
        1.0
      ]
    ],
    "location": [
      34.0674685898266,
      6.086351084704802,
      0.7873863407506931
    ],
    "rotation": [
      0.000992416125531917,
      -0.002923523538236798,
      1.7560982368631108
    ]
  },
  {
    "label_id": "Abp2wF28Amdp-8SvcS3E1g",
    "size": [
      2.1962945689247677,
      4.401772619467235,
      1.7100000000000009
    ],
    "obj_class": "vehicle",
    "point_num_in_lidar": 1408,
    "speed": 0.01409168506200072,
    "if_vehicle": true,
    "motion_state": false,
    "pose": [
      [
        0.9989761938303344,
        0.04521362369245375,
        0.0015140650102927436,
        14.75184710969188
      ],
      [
        -0.04520944223725884,
        0.9989739070060328,
        -0.0026906232917259182,
        0.02253282902529463
      ],
      [
        -0.0016341642678035185,
        0.002619418580373319,
        0.9999952340653662,
        0.9381004187568465
      ],
      [
        0.0,
        0.0,
        0.0,
        1.0
      ]
    ],
    "location": [
      14.75184710969188,
      0.02253282902529463,
      0.9381004187568465
    ],
    "rotation": [
      0.002619425073430434,
      0.001634164995141726,
      -0.045224917395638754
    ]
  },
  {
    "label_id": "BWvewDT0hJdWZfzsS5N52A",
    "size": [
      0.8672735484465168,
      0.9365148916588351,
      1.7102353335570868
    ],
    "obj_class": "pedestrian",
    "point_num_in_lidar": 36,
    "speed": 1.7964578735460806,
    "if_vehicle": false,
    "motion_state": true,
    "pose": [
      [
        0.9982875269940729,
        -0.05847838109252665,
        0.0015140650102927436,
        59.14044887966156
      ],
      [
        0.05848230325514504,
        0.9982848194539848,
        -0.0026906232917259182,
        14.38790364102897
      ],
      [
        -0.0013541248212117108,
        0.0027745616810496633,
        0.9999952340653662,
        0.9386007205869618
      ],
      [
        0.0,
        0.0,
        0.0,
        1.0
      ]
    ],
    "location": [
      59.14044887966156,
      14.38790364102897,
      0.9386007205869618
    ],
    "rotation": [
      0.0027745677847200553,
      0.0013541252350447919,
      0.05851574504314161
    ]
  },
  {
    "label_id": "BwHI89zywx_VtSBIHs_eSQ",
    "size": [
      0.6504492240976071,
      0.6017498360048931,
      1.4099999999999966
    ],
    "obj_class": "pedestrian",
    "point_num_in_lidar": 38,
    "speed": 1.6077746776921857e-12,
    "if_vehicle": false,
    "motion_state": false,
    "pose": [
      [
        -0.9976166545783259,
        0.06898346262035236,
        0.0015140650102927436,
        7.4717616247726255
      ],
      [
        -0.0689873560651612,
        -0.9976139059021986,
        -0.0026906232917259182,
        -11.707867518489365
      ],
      [
        0.0013248437974377723,
        -0.0027886619489930014,
        0.9999952340653662,
        0.91055132947114
      ],
      [
        0.0,
        0.0,
        0.0,
        1.0
      ]
    ],
    "location": [
      7.4717616247726255,
      -11.707867518489365,
      0.91055132947114
    ],
    "rotation": [
      -0.00278866801076481,
      -0.0013248441850014989,
      -3.0725503979016553
    ]
  },
  {
    "label_id": "C4NxoX3efnXfwLAduEGZxw",
    "size": [
      2.0028314749616625,
      4.45394267847577,
      1.5900000000000034
    ],
    "obj_class": "vehicle",
    "point_num_in_lidar": 461,
    "speed": 6.431098710768743e-12,
    "if_vehicle": true,
    "motion_state": false,
    "pose": [
      [
        0.5637952308483809,
        0.8259132189762829,
        0.0015140650102927436,
        16.627299012507137
      ],
      [
        -0.8259088792585461,
        0.563797200869421,
        -0.0026906232917259182,
        -4.547454089857638
      ],
      [
        -0.0030758469586592957,
        0.00026648084410918564,
        0.9999952340653662,
        0.6528784552083593
      ],
      [
        0.0,
        0.0,
        0.0,
        1.0
      ]
    ],
    "location": [
      16.627299012507137,
      -4.547454089857638,
      0.6528784552083593
    ],
    "rotation": [
      0.00026648210783765,
      0.0030758518086931217,
      -0.9718192806603895
    ]
  },
  {
    "label_id": "D-j8uA5tzbpXhUFsbPfY1w",
    "size": [
      0.9873273858232992,
      0.7573816566762264,
      1.5740498284474143
    ],
    "obj_class": "pedestrian",
    "point_num_in_lidar": 73,
    "speed": 0.9776308650553388,
    "if_vehicle": false,
    "motion_state": false,
    "pose": [
      [
        0.9971859302912955,
        0.07495283874696111,
        0.0015140650102927436,
        29.97571296026581
      ],
      [
        -0.07494859102356065,
        0.9971837690465509,
        -0.0026906232917259182,
        -8.63977588306443
      ],
      [
        -0.0017114709072587738,
        0.002569574650983624,
        0.9999952340653662,
        0.9420319990224257
      ],
      [
        0.0,
        0.0,
        0.0,
        1.0
      ]
    ],
    "location": [
      29.97571296026581,
      -8.63977588306443,
      0.9420319990224257
    ],
    "rotation": [
      0.002569581242019614,
      0.0017114717427807657,
      -0.0750190470766325
    ]
  },
  {
    "label_id": "DV-QVxiC5bGWoAdie1BT7w",
    "size": [
      2.1232088259535256,
      4.640056433527341,
      1.5305185015044103
    ],
    "obj_class": "vehicle",
    "point_num_in_lidar": 209,
    "speed": 0.011466332798928948,
    "if_vehicle": true,
    "motion_state": false,
    "pose": [
      [
        0.9991114623914449,
        -0.04211880013928445,
        0.0015140650102927436,
        23.395572142057063
      ],
      [
        0.04212276612464064,
        0.9991088194587768,
        -0.0026906232917259182,
        1.0411968141052057
      ],
      [
        -0.0013993898803431166,
        0.0027520091780668283,
        0.9999952340653662,
        0.8413288864405928
      ],
      [
        0.0,
        0.0,
        0.0,
        1.0
      ]
    ],
    "location": [
      23.395572142057063,
      1.0411968141052057,
      0.8413288864405928
    ],
    "rotation": [
      0.002752015346460249,
      0.0013993903370791956,
      0.042135273958665016
    ]
  },
  {
    "label_id": "Djbr-wq3c_Wu_emcmW1Dog",
    "size": [
      2.459956087835262,
      5.612823795445765,
      2.270518501504405
    ],
    "obj_class": "vehicle",
    "point_num_in_lidar": 9113,
    "speed": 3.5950934718225418e-12,
    "if_vehicle": true,
    "motion_state": false,
    "pose": [
      [
        0.6979176740820084,
        0.7161763943408802,
        0.0015140650102927436,
        6.414921689989569
      ],
      [
        -0.716171779675997,
        0.6979188653002706,
        -0.0026906232917259182,
        -4.570807764146593
      ],
      [
        -0.002983655421572213,
        0.0007935029166257192,
        0.9999952340653662,
        0.9867703105693337
      ],
      [
        0.0,
        0.0,
        0.0,
        1.0
      ]
    ],
    "location": [
      6.414921689989569,
      -4.570807764146593,
      0.9867703105693337
    ],
    "rotation": [
      0.0007935065318822455,
      0.002983659848439334,
      -0.7983061811469064
    ]
  },
  {
    "label_id": "G96MfK6U70_2CEKJH1g1gA",
    "size": [
      2.0507676477421537,
      4.751621205894719,
      1.783059185505671
    ],
    "obj_class": "vehicle",
    "point_num_in_lidar": 3929,
    "speed": 1.1368683772161603e-12,
    "if_vehicle": true,
    "motion_state": false,
    "pose": [
      [
        -0.9991553339281081,
        0.041064903386655596,
        0.0015140650102927436,
        6.1541660873554065
      ],
      [
        -0.04106887215759874,
        -0.9991526951802735,
        -0.0026906232917259182,
        6.99745912932849
      ],
      [
        0.0014022919501875334,
        -0.0027505315558651613,
        0.9999952340653662,
        0.7445134733680376
      ],
      [
        0.0,
        0.0,
        0.0,
        1.0
      ]
    ],
    "location": [
      6.1541660873554065,
      6.99745912932849,
      0.7445134733680376
    ],
    "rotation": [
      -0.0027505377284012173,
      -0.0014022924097710637,
      -3.100512187429733
    ]
  },
  {
    "label_id": "GvNSnjQZk7nOuKBrSduqOA",
    "size": [
      2.1579955411870126,
      4.7553734910656065,
      1.5499999999999972
    ],
    "obj_class": "vehicle",
    "point_num_in_lidar": 30,
    "speed": 0.6278863615716445,
    "if_vehicle": true,
    "motion_state": false,
    "pose": [
      [
        -0.999146963017953,
        0.04126807360594476,
        0.0015140650102927436,
        60.791762394947
      ],
      [
        -0.04127204184023542,
        -0.999144323463152,
        -0.0026906232917259182,
        6.951710264649591
      ],
      [
        0.0014017326203393592,
        -0.0027508166450069577,
        0.9999952340653662,
        0.8078387106071929
      ],
      [
        0.0,
        0.0,
        0.0,
        1.0
      ]
    ],
    "location": [
      60.791762394947,
      6.951710264649591,
      0.8078387106071929
    ],
    "rotation": [
      -0.0027508228167446784,
      -0.0014017330793731687,
      -3.1003088451726963
    ]
  },
  {
    "label_id": "J8-j5tMTE7dijlXHKvNmRw",
    "size": [
      1.8686382631255238,
      4.258107369427481,
      1.7700000000000031
    ],
    "obj_class": "vehicle",
    "point_num_in_lidar": 20,
    "speed": 2.5421149729252077e-12,
    "if_vehicle": true,
    "motion_state": false,
    "pose": [
      [
        0.08394583131836764,
        0.9964691691223632,
        0.0015140650102927436,
        38.59394028605311
      ],
      [
        -0.9964663623310785,
        0.08394968307843517,
        -0.0026906232917259182,
        -13.496263904504303
      ],
      [
        -0.0028082284337016274,
        -0.0012828482441506826,
        0.9999952340653662,
        1.0303133105763393
      ],
      [
        0.0,
        0.0,
        0.0,
        1.0
      ]
    ],
    "location": [
      38.59394028605311,
      -13.496263904504303,
      1.0303133105763393
    ],
    "rotation": [
      -0.0012828536544137097,
      0.0028082321247317357,
      -1.4867512563147214
    ]
  },
  {
    "label_id": "LFIPG3l72B26CH5x5oOo8g",
    "size": [
      2.1565249126457426,
      4.707937795627931,
      1.9600000000000009
    ],
    "obj_class": "vehicle",
    "point_num_in_lidar": 5433,
    "speed": 4.099037227506402e-12,
    "if_vehicle": true,
    "motion_state": false,
    "pose": [
      [
        0.6612571344899772,
        0.7501577898637384,
        0.0015140650102927436,
        0.03760671313648345
      ],
      [
        -0.7501532404915243,
        0.6612585548228221,
        -0.0026906232917259182,
        -5.38847581637674
      ],
      [
        -0.003019580462490993,
        0.000643413074092736,
        0.9999952340653662,
        0.7891956144323657
      ],
      [
        0.0,
        0.0,
        0.0,
        1.0
      ]
    ],
    "location": [
      0.03760671313648345,
      -5.38847581637674,
      0.7891956144323657
    ],
    "rotation": [
      0.0006434160517839598,
      0.0030195850511982453,
      -0.8482989590785868
    ]
  },
  {
    "label_id": "LVurOGR3dPZTYlctUjwF1w",
    "size": [
      0.8553806403984086,
      0.9205835426103812,
      1.5600000000000023
    ],
    "obj_class": "pedestrian",
    "point_num_in_lidar": 88,
    "speed": 0.9328244539647793,
    "if_vehicle": false,
    "motion_state": false,
    "pose": [
      [
        0.9997160516294995,
        -0.023780742660153096,
        0.0015140650102927436,
        19.07065347480966
      ],
      [
        0.023784756468532915,
        0.9997134819067084,
        -0.0026906232917259182,
        12.460467627432081
      ],
      [
        -0.0014496461831769271,
        0.0027258709611739417,
        0.9999952340653662,
        0.8123789471449854
      ],
      [
        0.0,
        0.0,
        0.0,
        1.0
      ]
    ],
    "location": [
      19.07065347480966,
      12.460467627432081,
      0.8123789471449854
    ],
    "rotation": [
      0.002725877201080041,
      0.0014496466909097148,
      0.02378702460241236
    ]
  },
  {
    "label_id": "MgUHjjRH5WfE7KTO3UAfsQ",
    "size": [
      2.122082204683364,
      4.89751997057426,
      1.4830591855056667
    ],
    "obj_class": "vehicle",
    "point_num_in_lidar": 4826,
    "speed": 2.2737367544323206e-12,
    "if_vehicle": true,
    "motion_state": false,
    "pose": [
      [
        -0.9924495149732663,
        0.12264447739899692,
        0.0015140650102927436,
        0.6649122067246935
      ],
      [
        -0.12264821706090866,
        -0.9924465604747099,
        -0.0026906232917259182,
        6.701107151930046
      ],
      [
        0.0011726385243088458,
        -0.002856005154875872,
        0.9999952340653662,
        0.5907933458987742
      ],
      [
        0.0,
        0.0,
        0.0,
        1.0
      ]
    ],
    "location": [
      0.6649122067246935,
      6.701107151930046,
      0.5907933458987742
    ],
    "rotation": [
      -0.002856011001146884,
      -0.0011726387930545258,
      -3.018634760233076
    ]
  },
  {
    "label_id": "NeWx86gkt3mp026gu2eoxA",
    "size": [
      0.5823260342821734,
      0.5392474862904848,
      1.6000000000000014
    ],
    "obj_class": "pedestrian",
    "point_num_in_lidar": 54,
    "speed": 0.0,
    "if_vehicle": false,
    "motion_state": false,
    "pose": [
      [
        -0.13082132982793862,
        0.9914048049455855,
        0.0015140650102927436,
        8.587480792353745
      ],
      [
        -0.9914028855971128,
        -0.1308169674622532,
        -0.0026906232917259182,
        -9.51950745506474
      ],
      [
        -0.0024694314665283813,
        -0.0018530393372754588,
        0.9999952340653662,
        0.80901774204888
      ],
      [
        0.0,
        0.0,
        0.0,
        1.0
      ]
    ],
    "location": [
      8.587480792353745,
      -9.51950745506474,
      0.80901774204888
    ],
    "rotation": [
      -0.0018530460477950517,
      0.0024694339763385517,
      -1.7019941132108207
    ]
  },
  {
    "label_id": "No68zCO6os9hco-_ap9yaQ",
    "size": [
      0.7484054906059366,
      0.7235802196100946,
      1.7700000000000031
    ],
    "obj_class": "pedestrian",
    "point_num_in_lidar": 41,
    "speed": 2.5421149729252077e-12,
    "if_vehicle": false,
    "motion_state": false,
    "pose": [
      [
        -0.9622677655273728,
        0.2721000827528383,
        0.0015140650102927436,
        48.35270982417569
      ],
      [
        -0.27210332977517243,
        -0.9622642768343661,
        -0.0026906232917259182,
        19.904892758917413
      ],
      [
        0.0007248118518742275,
        -0.0030010821936017405,
        0.9999952340653662,
        0.6620892490949046
      ],
      [
        0.0,
        0.0,
        0.0,
        1.0
      ]
    ],
    "location": [
      48.35270982417569,
      19.904892758917413,
      0.6620892490949046
    ],
    "rotation": [
      -0.0030010874868080847,
      -0.0007248119153378285,
      -2.8660144167320705
    ]
  },
  {
    "label_id": "OpmBDWgrhvbDWXPsj-xPxA",
    "size": [
      0.702651517016488,
      0.7358840794624211,
      1.68310318244977
    ],
    "obj_class": "pedestrian",
    "point_num_in_lidar": 34,
    "speed": 1.6077746776921857e-12,
    "if_vehicle": false,
    "motion_state": false,
    "pose": [
      [
        -0.9918282278279468,
        0.12757144700448858,
        0.0015140650102927436,
        49.32563542090065
      ],
      [
        -0.12757517194831514,
        -0.9918252547947445,
        -0.0026906232917259182,
        18.73337872508273
      ],
      [
        0.0011584412079399527,
        -0.0028617932352141386,
        0.9999952340653662,
        0.665883726576034
      ],
      [
        0.0,
        0.0,
        0.0,
        1.0
      ]
    ],
    "location": [
      49.32563542090065,
      18.73337872508273,
      0.665883726576034
    ],
    "rotation": [
      -0.002861799061762845,
      -0.0011584414670420958,
      -3.013668779326738
    ]
  },
  {
    "label_id": "SV4MhXW_fLKMUyYTomC7iA",
    "size": [
      1.8745005814532059,
      4.026761972188614,
      1.730518501504406
    ],
    "obj_class": "vehicle",
    "point_num_in_lidar": 240,
    "speed": 3.2155493553843714e-12,
    "if_vehicle": true,
    "motion_state": false,
    "pose": [
      [
        0.5357891339737711,
        0.8443504672366687,
        0.0015140650102927436,
        23.067769648005196
      ],
      [
        -0.8443461960044227,
        0.53579124837866,
        -0.0026906232917259182,
        -3.943883484309481
      ],
      [
        -0.003083051815517841,
        0.00016321169137941188,
        0.9999952340653662,
        0.8526192044560972
      ],
      [
        0.0,
        0.0,
        0.0,
        1.0
      ]
    ],
    "location": [
      23.067769648005196,
      -3.943883484309481,
      0.8526192044560972
    ],
    "rotation": [
      0.00016321246779013693,
      0.003083056699713785,
      -1.005351237409561
    ]
  },
  {
    "label_id": "SkVKxXh2jIQZVXZoNdO_aw",
    "size": [
      0.8929253568871804,
      0.9206928310170497,
      1.7000000000000028
    ],
    "obj_class": "pedestrian",
    "point_num_in_lidar": 31,
    "speed": 0.008772429440162004,
    "if_vehicle": false,
    "motion_state": false,
    "pose": [
      [
        0.9977217213543106,
        -0.0674468260553151,
        0.0015140650102927436,
        50.59494148032536
      ],
      [
        0.06745072372908717,
        0.997718978678227,
        -0.0026906232917259182,
        20.40643135276332
      ],
      [
        -0.0013291373945842984,
        0.0027866180828539184,
        0.9999952340653662,
        0.7048996319850787
      ],
      [
        0.0,
        0.0,
        0.0,
        1.0
      ]
    ],
    "location": [
      50.59494148032536,
      20.40643135276332,
      0.7048996319850787
    ],
    "rotation": [
      0.0027866241507676073,
      0.0013291377859283395,
      0.0675020340774593
    ]
  },
  {
    "label_id": "TBaMlPrcbb0tVmgFVZHKcA",
    "size": [
      0.8401860487472415,
      0.11186696262676982,
      0.8605185015044086
    ],
    "obj_class": "sign",
    "point_num_in_lidar": 32,
    "speed": 0.004870965703275759,
    "if_vehicle": false,
    "motion_state": false,
    "pose": [
      [
        0.9990166080376469,
        0.04431167421909326,
        0.0015140650102927436,
        53.892865962734504
      ],
      [
        -0.04430749483027425,
        0.999014317439028,
        -0.0026906232917259182,
        10.266407635725045
      ],
      [
        -0.0016317986455651836,
        0.0026208929267908703,
        0.9999952340653662,
        2.887619204456165
      ],
      [
        0.0,
        0.0,
        0.0,
        1.0
      ]
    ],
    "location": [
      53.892865962734504,
      10.266407635725045,
      2.887619204456165
    ],
    "rotation": [
      0.002620899416752875,
      0.0016317993697492665,
      -0.04432206377396763
    ]
  },
  {
    "label_id": "V7YN8qOnLzj6EqMtbCjrbw",
    "size": [
      2.3616038729626836,
      4.897855298287807,
      1.8405185015044054
    ],
    "obj_class": "vehicle",
    "point_num_in_lidar": 7007,
    "speed": 0.0,
    "if_vehicle": true,
    "motion_state": false,
    "pose": [
      [
        0.691014710803428,
        0.7228391086959802,
        0.0015140650102927436,
        2.9910673179256264
      ],
      [
        -0.7228345056717653,
        0.6910159462389827,
        -0.0026906232917259182,
        -4.770993855840061
      ],
      [
        -0.002991130807782583,
        0.0007648418425430814,
        0.9999952340653662,
        0.8476192044561515
      ],
      [
        0.0,
        0.0,
        0.0,
        1.0
      ]
    ],
    "location": [
      2.9910673179256264,
      -4.770993855840061,
      0.8476192044561515
    ],
    "rotation": [
      0.0007648453386047645,
      0.002991135268007053,
      -0.807900155671436
    ]
  },
  {
    "label_id": "VA6JXxlf-ko9AI21ezS-gA",
    "size": [
      0.7480685522381115,
      0.7246482329219848,
      1.759999999999998
    ],
    "obj_class": "pedestrian",
    "point_num_in_lidar": 206,
    "speed": 0.8131343156479666,
    "if_vehicle": false,
    "motion_state": false,
    "pose": [
      [
        0.9950162088242895,
        -0.09970181434699386,
        0.0015140650102927436,
        0.23959289908816572
      ],
      [
        0.09970562121483766,
        0.9950133414404378,
        -0.0026906232917259182,
        -10.815323381691996
      ],
      [
        -0.0012382548611400788,
        0.0028281745795183414,
        0.9999952340653662,
        0.8870848567008238
      ],
      [
        0.0,
        0.0,
        0.0,
        1.0
      ]
    ],
    "location": [
      0.23959289908816572,
      -10.815323381691996,
      0.8870848567008238
    ],
    "rotation": [
      0.0028281805179539844,
      0.0012382551775711884,
      0.09987164056573622
    ]
  },
  {
    "label_id": "XsywigB-Q40d0u9u21SmQg",
    "size": [
      0.7289434170510312,
      0.9162428550820471,
      1.9424134016137273
    ],
    "obj_class": "pedestrian",
    "point_num_in_lidar": 63,
    "speed": 1.5280100532070693,
    "if_vehicle": false,
    "motion_state": true,
    "pose": [
      [
        0.9873940621822087,
        -0.15827404580177135,
        0.0015140650102927436,
        29.452582500278368
      ],
      [
        0.15827767673741253,
        0.9873909750412493,
        -0.0026906232917259182,
        -7.170482190027542
      ],
      [
        -0.0010691182926788508,
        0.0028963481540778624,
        0.9999952340653662,
        1.0313776320180494
      ],
      [
        0.0,
        0.0,
        0.0,
        1.0
      ]
    ],
    "location": [
      29.452582500278368,
      -7.170482190027542,
      1.0313776320180494
    ],
    "rotation": [
      0.002896353858881296,
      0.0010691184963484712,
      0.15894618881875017
    ]
  },
  {
    "label_id": "YmfytkE-ukfBRofAX1HVww",
    "size": [
      0.6442834931321626,
      0.7097897537460085,
      1.5500000000000043
    ],
    "obj_class": "pedestrian",
    "point_num_in_lidar": 40,
    "speed": 1.3708751846270175,
    "if_vehicle": false,
    "motion_state": true,
    "pose": [
      [
        0.9963909809014803,
        -0.08486884460937583,
        0.0015140650102927436,
        18.440624309041596
      ],
      [
        0.08487269376780394,
        0.9963881705434375,
        -0.0026906232917259182,
        -9.429499411147845
      ],
      [
        -0.001280246375641564,
        0.0028094155568422806,
        0.9999952340653662,
        0.8439708342133159
      ],
      [
        0.0,
        0.0,
        0.0,
        1.0
      ]
    ],
    "location": [
      18.440624309041596,
      -9.429499411147845,
      0.8439708342133159
    ],
    "rotation": [
      0.0028094215549265148,
      0.0012802467253690251,
      0.08497499025317423
    ]
  },
  {
    "label_id": "aKdb2hW6WTmxEyp8LsOQ6w",
    "size": [
      0.8134728679732001,
      0.7413293880754128,
      1.7800000000000011
    ],
    "obj_class": "pedestrian",
    "point_num_in_lidar": 119,
    "speed": 0.5806390773884549,
    "if_vehicle": false,
    "motion_state": false,
    "pose": [
      [
        -0.9719359622663704,
        -0.23524071259135632,
        0.0015140650102927436,
        -2.234634863649262
      ],
      [
        0.2352361712513092,
        -0.971934516457424,
        -0.0026906232917259182,
        -8.715858811447106
      ],
      [
        0.0021045161841244885,
        -0.0022589506820931008,
        0.9999952340653662,
        0.7725128027558128
      ],
      [
        0.0,
        0.0,
        0.0,
        1.0
      ]
    ],
    "location": [
      -2.234634863649262,
      -8.715858811447106,
      0.7725128027558128
    ],
    "rotation": [
      -0.002258957605744204,
      -0.002104517737607202,
      2.904130566688946
    ]
  },
  {
    "label_id": "bof1aeoD2plQ-sVhmz6tng",
    "size": [
      2.077745050213194,
      4.382102305572195,
      1.6253959798867612
    ],
    "obj_class": "vehicle",
    "point_num_in_lidar": 74,
    "speed": 1.5434004092784135,
    "if_vehicle": true,
    "motion_state": true,
    "pose": [
      [
        -0.997714658648788,
        0.06755122148767512,
        0.0015140650102927436,
        52.225666696205735
      ],
      [
        -0.06755511887444815,
        -0.9977119155648895,
        -0.0026906232917259182,
        6.868825423254748
      ],
      [
        0.0013288458117896725,
        -0.002786757140810772,
        0.9999952340653662,
        0.6957718249881708
      ],
      [
        0.0,
        0.0,
        0.0,
        1.0
      ]
    ],
    "location": [
      52.225666696205735,
      6.868825423254748,
      0.6957718249881708
    ],
    "rotation": [
      -0.0027867632083073256,
      -0.001328846202876214,
      -3.073985985638607
    ]
  },
  {
    "label_id": "c3SCJxumyZ0SBk4CZmOJ6g",
    "size": [
      0.9673409614674606,
      1.0650027170117071,
      1.9586854736991413
    ],
    "obj_class": "pedestrian",
    "point_num_in_lidar": 148,
    "speed": 1.2479997387315456,
    "if_vehicle": false,
    "motion_state": true,
    "pose": [
      [
        0.9954715178608596,
        -0.09504822320770087,
        0.0015140650102927436,
        24.978943500638707
      ],
      [
        0.0950520434412556,
        0.9954686683085227,
        -0.0026906232917259182,
        11.43967909449566
      ],
      [
        -0.0012514653163288435,
        0.002822353825337413,
        0.9999952340653662,
        1.0083531679585036
      ],
      [
        0.0,
        0.0,
        0.0,
        1.0
      ]
    ],
    "location": [
      24.978943500638707,
      11.43967909449566,
      1.0083531679585036
    ],
    "rotation": [
      0.0028223597824938457,
      0.001251465642996028,
      0.09519583409752572
    ]
  },
  {
    "label_id": "cEBTjT2GdLcTLHmXu-PHfw",
    "size": [
      0.8625872603895429,
      0.8538088650045665,
      1.7592707532064438
    ],
    "obj_class": "pedestrian",
    "point_num_in_lidar": 113,
    "speed": 1.409348499715308,
    "if_vehicle": false,
    "motion_state": true,
    "pose": [
      [
        -0.995742180912101,
        0.09216950015898537,
        0.0015140650102927436,
        21.351043585971638
      ],
      [
        -0.09217332861582203,
        -0.9957393424175734,
        -0.0026906232917259182,
        -7.794030996657966
      ],
      [
        0.0012596206938118516,
        -0.002818723516255493,
        0.9999952340653662,
        0.901039628105643
      ],
      [
        0.0,
        0.0,
        0.0,
        1.0
      ]
    ],
    "location": [
      21.351043585971638,
      -7.794030996657966,
      0.901039628105643
    ],
    "rotation": [
      -0.002818729484990915,
      -0.0012596210269070868,
      -3.0492882337720038
    ]
  },
  {
    "label_id": "fNy8PC-BmuP16FOJ9FFzIw",
    "size": [
      2.1476594433774294,
      5.107156534927326,
      1.980000000000004
    ],
    "obj_class": "vehicle",
    "point_num_in_lidar": 2880,
    "speed": 1.3830600733622805e-11,
    "if_vehicle": true,
    "motion_state": false,
    "pose": [
      [
        0.758800080308443,
        0.651321844966868,
        0.0015140650102927436,
        9.76932568941993
      ],
      [
        -0.6513171427007788,
        0.7588008567275049,
        -0.0026906232917259182,
        -4.6730783365201205
      ],
      [
        -0.0029013355534290254,
        0.0010555086734742993,
        0.9999952340653662,
        0.8495289039752123
      ],
      [
        0.0,
        0.0,
        0.0,
        1.0
      ]
    ],
    "location": [
      9.76932568941993,
      -4.6730783365201205,
      0.8495289039752123
    ],
    "rotation": [
      0.001055513311998044,
      0.002901339623896367,
      -0.7093225695014039
    ]
  },
  {
    "label_id": "gLdCcd_k3Lp-3dE0ol5ezA",
    "size": [
      2.1350699741361336,
      4.396070169772625,
      1.8305185015044074
    ],
    "obj_class": "vehicle",
    "point_num_in_lidar": 705,
    "speed": 3.5950934718225418e-12,
    "if_vehicle": true,
    "motion_state": false,
    "pose": [
      [
        0.6806051694486117,
        0.7326488319290293,
        0.0015140650102927436,
        19.92008123024425
      ],
      [
        -0.7326442470462623,
        0.6806064705953928,
        -0.0026906232917259182,
        -3.9800986740301596
      ],
      [
        -0.0030017644547513556,
        0.0007219811019424816,
        0.9999952340653662,
        0.8926192044561461
      ],
      [
        0.0,
        0.0,
        0.0,
        1.0
      ]
    ],
    "location": [
      19.92008123024425,
      -3.9800986740301596,
      0.8926192044561461
    ],
    "rotation": [
      0.0007219844174260335,
      0.003001768962714352,
      -0.8222038231121276
    ]
  },
  {
    "label_id": "l-XnejT-kWgZdox4WXTk1Q",
    "size": [
      2.0028314749616642,
      4.45394267847577,
      1.5900000000000034
    ],
    "obj_class": "vehicle",
    "point_num_in_lidar": 1498,
    "speed": 2.2737367544323206e-12,
    "if_vehicle": true,
    "motion_state": false,
    "pose": [
      [
        0.5637952308483809,
        0.8259132189762829,
        0.0015140650102927436,
        13.06634759013832
      ],
      [
        -0.8259088792585461,
        0.563797200869421,
        -0.0026906232917259182,
        -4.414321990865574
      ],
      [
        -0.0030758469586592957,
        0.00026648084410918564,
        0.9999952340653662,
        0.64287845520834
      ],
      [
        0.0,
        0.0,
        0.0,
        1.0
      ]
    ],
    "location": [
      13.06634759013832,
      -4.414321990865574,
      0.64287845520834
    ],
    "rotation": [
      0.00026648210783765,
      0.0030758518086931217,
      -0.9718192806603895
    ]
  },
  {
    "label_id": "lKDSzFUMV-iZb8osI_vVhg",
    "size": [
      2.0750237041059956,
      4.716712819747884,
      1.5364505435900142
    ],
    "obj_class": "vehicle",
    "point_num_in_lidar": 189,
    "speed": 3.448647756839711,
    "if_vehicle": true,
    "motion_state": true,
    "pose": [
      [
        0.21599043589910574,
        -0.9763943051898956,
        0.0015140650102927436,
        45.53336561145261
      ],
      [
        0.9763927699314817,
        0.21598592401318786,
        -0.0026906232917259182,
        -3.948119972155837
      ],
      [
        0.0023000925291883625,
        0.0020594710268762376,
        0.9999952340653662,
        0.7975226373333371
      ],
      [
        0.0,
        0.0,
        0.0,
        1.0
      ]
    ],
    "location": [
      45.53336561145261,
      -3.948119972155837,
      0.7975226373333371
    ],
    "rotation": [
      0.002059477930498597,
      -0.0023000945572712738,
      1.353089645558718
    ]
  },
  {
    "label_id": "lZyBbVEUGKHI86ep9kmLgw",
    "size": [
      0.8723086256036761,
      0.6996606541566454,
      1.9082143842119805
    ],
    "obj_class": "pedestrian",
    "point_num_in_lidar": 37,
    "speed": 2.5421149729252077e-12,
    "if_vehicle": false,
    "motion_state": false,
    "pose": [
      [
        -0.9463569498119913,
        0.3231195307462688,
        0.0015140650102927436,
        48.49362785246922
      ],
      [
        -0.3231225867522886,
        -0.9463532926327312,
        -0.0026906232917259182,
        21.68090017970826
      ],
      [
        0.0005634474723130882,
        -0.0030355186540877615,
        0.9999952340653662,
        0.6642721733536234
      ],
      [
        0.0,
        0.0,
        0.0,
        1.0
      ]
    ],
    "location": [
      48.49362785246922,
      21.68090017970826,
      0.6642721733536234
    ],
    "rotation": [
      -0.003035523797690889,
      -0.0005634475021263242,
      -2.812565376639115
    ]
  },
  {
    "label_id": "miUCgrw0d28mF4d4GaaTfg",
    "size": [
      0.7603092283439847,
      0.8180348372529171,
      1.7374134793072642
    ],
    "obj_class": "pedestrian",
    "point_num_in_lidar": 188,
    "speed": 1.5441908319383064,
    "if_vehicle": false,
    "motion_state": true,
    "pose": [
      [
        0.9900207442552349,
        -0.14091356766278829,
        0.0015140650102927436,
        6.36543552531657
      ],
      [
        0.14091725224094157,
        0.990017721339959,
        -0.0026906232917259182,
        -9.40182600262051
      ],
      [
        -0.0011198058641768895,
        0.00287713075474957,
        0.9999952340653662,
        0.9597146282993094
      ],
      [
        0.0,
        0.0,
        0.0,
        1.0
      ]
    ],
    "location": [
      6.36543552531657,
      -9.40182600262051,
      0.9597146282993094
    ],
    "rotation": [
      0.0028771365281089196,
      0.0011198060982099474,
      0.14138794041136174
    ]
  },
  {
    "label_id": "oBgkabLveCc0Yw1MvBSHOA",
    "size": [
      0.828311170292632,
      0.7942693187629959,
      1.8171851638005094
    ],
    "obj_class": "pedestrian",
    "point_num_in_lidar": 27,
    "speed": 1.2393394197588194,
    "if_vehicle": false,
    "motion_state": true,
    "pose": [
      [
        0.99647361865901,
        0.08389299686959777,
        0.0015140650102927436,
        14.734762929751014
      ],
      [
        -0.08388872993409852,
        0.9964714955965102,
        -0.0026906232917259182,
        -9.601567957237421
      ],
      [
        -0.0017344470766267853,
        0.002554122137203227,
        0.9999952340653662,
        0.9937007973593879
      ],
      [
        0.0,
        0.0,
        0.0,
        1.0
      ]
    ],
    "location": [
      14.734762929751014,
      -9.601567957237421,
      0.9937007973593879
    ],
    "rotation": [
      0.0025541287560101734,
      0.001734447946252745,
      -0.08398756141973131
    ]
  },
  {
    "label_id": "skG246l1N6X1i6YSA_Q0Og",
    "size": [
      2.5894402093501707,
      7.428925470678697,
      2.7960974461957804
    ],
    "obj_class": "vehicle",
    "point_num_in_lidar": 170,
    "speed": 3.5950934718225418e-12,
    "if_vehicle": true,
    "motion_state": false,
    "pose": [
      [
        -0.9976046450738177,
        0.0691569210873834,
        0.0015140650102927436,
        70.65619053889532
      ],
      [
        -0.06916081405421032,
        -0.9976018957207634,
        -0.0026906232917259182,
        11.2790472761626
      ],
      [
        0.0013243589018507532,
        -0.0027888922626124247,
        0.9999952340653662,
        1.3658018184191434
      ],
      [
        0.0,
        0.0,
        0.0,
        1.0
      ]
    ],
    "location": [
      70.65619053889532,
      11.2790472761626,
      1.3658018184191434
    ],
    "rotation": [
      -0.0027888983236906734,
      -0.001324359288989088,
      -3.0723765245129977
    ]
  },
  {
    "label_id": "t1ePe__aXYB9-IF7fpKV7w",
    "size": [
      0.7204831567429183,
      0.8499257723597111,
      1.6992111162184642
    ],
    "obj_class": "pedestrian",
    "point_num_in_lidar": 54,
    "speed": 0.7660348072521478,
    "if_vehicle": false,
    "motion_state": false,
    "pose": [
      [
        -0.2824087178038408,
        -0.9592929811666169,
        0.0015140650102927436,
        33.46833783218608
      ],
      [
        0.9592894578366875,
        -0.2824119272086364,
        -0.0026906232917259182,
        5.878658555076981
      ],
      [
        0.0030086860561920298,
        0.0006925711289437589,
        0.9999952340653662,
        0.8623663650206126
      ],
      [
        0.0,
        0.0,
        0.0,
        1.0
      ]
    ],
    "location": [
      33.46833783218608,
      5.878658555076981,
      0.8623663650206126
    ],
    "rotation": [
      0.000692574318974987,
      -0.003008690595411054,
      1.8571017709069437
    ]
  },
  {
    "label_id": "tLLaYUgBVODgrVjxYBagwA",
    "size": [
      0.777044460579245,
      0.11190182437167095,
      0.7800000000000011
    ],
    "obj_class": "sign",
    "point_num_in_lidar": 43,
    "speed": 0.010166060713624605,
    "if_vehicle": false,
    "motion_state": false,
    "pose": [
      [
        -0.9948263273213435,
        0.10157896472927697,
        0.0015140650102927436,
        31.741188716929173
