[
  {
    "label_id": "5oKLeS12L_2dB-lud2mbjw",
    "size": [
      0.5333168196882156,
      0.13607854132621355,
      0.5600000000000023
    ],
    "obj_class": "sign",
    "point_num_in_lidar": 30,
    "speed": 0.014479320934541145,
    "if_vehicle": false,
    "motion_state": false,
    "pose": [
      [
        -0.9936363974779743,
        -0.11261338749212745,
        -0.0022213879762875122,
        7.221012401299959
      ],
      [
        0.11261305684067974,
        -0.9936388803178186,
        0.00027376951944282826,
        9.060719925430021
      ],
      [
        -0.0022380875744863367,
        2.1870068599579985e-05,
        0.9999974952397176,
        3.1386872542726394
      ],
      [
        0.0,
        0.0,
        0.0,
        1.0
      ]
    ],
    "location": [
      7.221012401299959,
      9.060719925430021,
      3.1386872542726394
    ],
    "rotation": [
      2.1870123375509552e-05,
      0.0022380894429340835,
      3.028739923384561
    ]
  },
  {
    "label_id": "5v-HhV-BedTvNkAgrUmSsA",
    "size": [
      2.1228378314039626,
      5.033050925192189,
      1.480000000000004
    ],
    "obj_class": "vehicle",
    "point_num_in_lidar": 153,
    "speed": 0.00306268157779218,
    "if_vehicle": true,
    "motion_state": false,
    "pose": [
      [
        -0.9947600091539321,
        0.10221345128468937,
        -0.0022213879762875122,
        12.425534427486127
      ],
      [
        -0.10221430460920652,
        -0.9947623640767208,
        0.00027376951944282826,
        7.393190499409684
      ],
      [
        -0.002181770227384566,
        0.000499392596930496,
        0.9999974952397176,
        0.6277495138311195
      ],
      [
        0.0,
        0.0,
        0.0,
        1.0
      ]
    ],
    "location": [
      12.425534427486127,
      7.393190499409684,
      0.6277495138311195
    ],
    "rotation": [
      0.0004993938062770652,
      0.0021817719583034382,
      -3.039199277228745
    ]
  },
  {
    "label_id": "7igbE48KGSRL1PidJzMz3A",
    "size": [
      0.8269040431432766,
      0.8391242999262727,
      1.759999999999998
    ],
    "obj_class": "pedestrian",
    "point_num_in_lidar": 78,
    "speed": 5.796914039811764e-12,
    "if_vehicle": false,
    "motion_state": false,
    "pose": [
      [
        0.9997218255289188,
        -0.023480566359973472,
        -0.0022213879762875122,
        4.197106989908207
      ],
      [
        0.0234812313955827,
        0.9997242403895173,
        0.00027376951944282826,
        -10.807025560752663
      ],
      [
        0.0022143471438358245,
        -0.0003258542888421313,
        0.9999974952397176,
        0.91929146440458
      ],
      [
        0.0,
        0.0,
        0.0,
        1.0
      ]
    ],
    "location": [
      4.197106989908207,
      -10.807025560752663,
      0.91929146440458
    ],
    "rotation": [
      -0.0003258550934977903,
      -0.002214348953453489,
      0.023483447316207072
    ]
  },
  {
    "label_id": "86fthlPGwTMBqnk5iTgbRQ",
    "size": [
      0.7337995945909674,
      0.8631336802852894,
      1.8800000000000026
    ],
    "obj_class": "pedestrian",
    "point_num_in_lidar": 177,
    "speed": 1.3177315661811317,
    "if_vehicle": false,
    "motion_state": true,
    "pose": [
      [
        -0.9974521915300524,
        0.07130351356949095,
        -0.0022213879762875122,
        -9.805629076603509
      ],
      [
        -0.07130429342579346,
        -0.9974545717922689,
        0.00027376951944282826,
        -10.445456361361721
      ],
      [
        -0.00219621286402785,
        0.0004314665072161126,
        0.9999974952397176,
        0.8969863593279115
      ],
      [
        0.0,
        0.0,
        0.0,
        1.0
      ]
    ],
    "location": [
      -9.805629076603509,
      -10.445456361361721,
      0.8969863593279115
    ],
    "rotation": [
      0.0004314675611643755,
      0.002196214629549247,
      -3.070227627003301
    ]
  },
  {
    "label_id": "Abp2wF28Amdp-8SvcS3E1g",
    "size": [
      2.1962945689395608,
      4.401772619467235,
      1.7100000000000009
    ],
    "obj_class": "vehicle",
    "point_num_in_lidar": 383,
    "speed": 2.6123372710415342,
    "if_vehicle": true,
    "motion_state": true,
    "pose": [
      [
        0.9999865616873272,
        -0.00468421607273875,
        -0.0022213879762875122,
        9.68398581953079
      ],
      [
        0.004684835597670269,
        0.9999889886222113,
        0.00027376951944282826,
        0.17467349316575564
      ],
      [
        0.00222008112016209,
        -0.0002841726779099742,
        0.9999974952397176,
        0.9241012303894678
      ],
      [
        0.0,
        0.0,
        0.0,
        1.0
      ]
    ],
    "location": [
      9.68398581953079,
      0.17467349316575564,
      0.9241012303894678
    ],
    "rotation": [
      -0.00028417338204676627,
      -0.0022200829438740383,
      0.004684864280106804
    ]
  },
  {
    "label_id": "BwHI89zywx_VtSBIHs_eSQ",
    "size": [
      0.6504492240976065,
      0.6017498360048931,
      1.4099999999999966
    ],
    "obj_class": "pedestrian",
    "point_num_in_lidar": 29,
    "speed": 1.6077746776921857e-12,
    "if_vehicle": false,
    "motion_state": false,
    "pose": [
      [
        -0.9976153366371956,
        0.06898337148700283,
        -0.0022213879762875122,
        7.4717616247799015
      ],
      [
        -0.06898414580500331,
        -0.9976177187068223,
        0.00027376951944282826,
        -11.707867518489365
      ],
      [
        -0.002197210460805169,
        0.00042635722334565933,
        0.9999974952397176,
        0.9805513294711332
      ],
      [
        0.0,
        0.0,
        0.0,
        1.0
      ]
    ],
    "location": [
      7.4717616247799015,
      -11.707867518489365,
      0.9805513294711332
    ],
    "rotation": [
      0.00042635826543630824,
      0.0021972122287335478,
      -3.0725535095996226
    ]
  },
  {
    "label_id": "CrXtAugdGUzqAxQbcnVoJQ",
    "size": [
      0.786181985372061,
      0.8404087789842696,
      1.06631187150235
    ],
    "obj_class": "sign",
    "point_num_in_lidar": 114,
    "speed": 3.410605131648481e-12,
    "if_vehicle": false,
    "motion_state": false,
    "pose": [
      [
        0.923081498468959,
        -0.38459798831996006,
        -0.0022213879762875122,
        -15.644044302222028
      ],
      [
        0.38459948419563283,
        0.9230835074936089,
        0.00027376951944282826,
        -11.451699339668266
      ],
      [
        0.0019452353982145722,
        -0.0011070562481209705,
        0.9999974952397176,
        0.4951215718111257
      ],
      [
        0.0,
        0.0,
        0.0,
        1.0
      ]
    ],
    "location": [
      -15.644044302222028,
      -11.451699339668266,
      0.4951215718111257
    ],
    "rotation": [
      -0.0011070585687757571,
      -0.0019452366249925778,
      0.3947746825919544
    ]
  },
  {
    "label_id": "Djbr-wq3c_Wu_emcmW1Dog",
    "size": [
      2.459956087835264,
      5.612823795445765,
      2.270518501504405
    ],
    "obj_class": "vehicle",
    "point_num_in_lidar": 757,
    "speed": 3.5950934718225418e-12,
    "if_vehicle": true,
    "motion_state": false,
    "pose": [
      [
        0.6979167520701263,
        0.7161754482075916,
        -0.0022213879762875122,
        6.414921689996845
      ],
      [
        -0.7161767639433388,
        0.6979188834226349,
        0.00027376951944282826,
        -4.570807764153869
      ],
      [
        0.0017464156243515913,
        0.0013998381184948945,
        0.9999974952397176,
        0.9920541500647175
      ],
      [
        0.0,
        0.0,
        0.0,
        1.0
      ]
    ],
    "location": [
      6.414921689996845,
      -4.570807764153869,
      0.9920541500647175
    ],
    "rotation": [
      0.0013998407104073866,
      -0.0017464165121046352,
      -0.7983103200988019
    ]
  },
  {
    "label_id": "FLWvnW-tWYdIJ09iJ2iXPw",
    "size": [
      2.1435329259811677,
      4.441836607453283,
      1.8700000000000045
    ],
    "obj_class": "vehicle",
    "point_num_in_lidar": 2436,
    "speed": 4.687428401686771e-12,
    "if_vehicle": true,
    "motion_state": false,
    "pose": [
      [
        0.6632491337099392,
        0.7483953848524681,
        -0.0022213879762875122,
        -6.64634192752419
      ],
      [
        -0.7483967999598989,
        0.6632512004211023,
        0.00027376951944282826,
        -5.929621241055429
      ],
      [
        0.001678226086737986,
        0.0014809022563163274,
        0.9999974952397176,
        0.8572257843826208
      ],
      [
        0.0,
        0.0,
        0.0,
        1.0
      ]
    ],
    "location": [
      -6.64634192752419,
      -5.929621241055429,
      0.8572257843826208
    ],
    "rotation": [
      0.001480904883049221,
      -0.0016782268745102805,
      -0.8456431766064211
    ]
  },
  {
    "label_id": "G96MfK6U70_2CEKJH1g1gA",
    "size": [
      2.0507676477421524,
      4.751621205894719,
      1.783059185505671
    ],
    "obj_class": "vehicle",
    "point_num_in_lidar": 360,
    "speed": 1.1368683772161603e-12,
    "if_vehicle": true,
    "motion_state": false,
    "pose": [
      [
        -0.9991540139542439,
        0.04106484913623277,
        -0.0022213879762875122,
        6.1541660873626824
      ],
      [
        -0.04106555655310265,
        -0.9991564167412599,
        0.00027376951944282826,
        6.997459129321214
      ],
      [
        -0.0022082717465655307,
        0.00036476044781624334,
        0.9999974952397176,
        0.7260086186328891
      ],
      [
        0.0,
        0.0,
        0.0,
        1.0
      ]
    ],
    "location": [
      6.1541660873626824,
      6.997459129321214,
      0.7260086186328891
    ],
    "rotation": [
      0.00036476134527874555,
      0.0022082735413291206,
      -3.1005154460349615
    ]
  },
  {
    "label_id": "LFIPG3l72B26CH5x5oOo8g",
    "size": [
      2.1565249126457453,
      4.707937795627931,
      1.960000000000008
    ],
    "obj_class": "vehicle",
    "point_num_in_lidar": 683,
    "speed": 4.099037227506402e-12,
    "if_vehicle": true,
    "motion_state": false,
    "pose": [
      [
        0.6612562609099586,
        0.7501567988379759,
        -0.0022213879762875122,
        0.03760671314375941
      ],
      [
        -0.7501582194372872,
        0.6612583238500133,
        0.00027376951944282826,
        -5.388475816369464
      ],
      [
        0.001674281356145096,
        0.001485360640193358,
        0.9999974952397176,
        0.7990371807042393
      ],
      [
        0.0,
        0.0,
        0.0,
        1.0
      ]
    ],
    "location": [
      0.03760671314375941,
      -5.388475816369464,
      0.7990371807042393
    ],
    "rotation": [
      0.0014853632682863902,
      -0.0016742821383753715,
      -0.848302906784407
    ]
  },
  {
    "label_id": "LVurOGR3dPZTYlctUjwF1w",
    "size": [
      0.855380640388758,
      0.9205835426103812,
      1.5600000000000023
    ],
    "obj_class": "pedestrian",
    "point_num_in_lidar": 51,
    "speed": 0.9346762534659722,
    "if_vehicle": false,
    "motion_state": false,
    "pose": [
      [
        0.996606805189202,
        -0.08227965292847833,
        -0.0022213879762875122,
        15.220038542960538
      ],
      [
        0.08228045894065977,
        0.9966091767221315,
        0.00027376951944282826,
        12.389576399422367
      ],
      [
        0.0021913299811861867,
        -0.0004556173883043002,
        0.9999974952397176,
        0.8251463972937572
      ],
      [
        0.0,
        0.0,
        0.0,
        1.0
      ]
    ],
    "location": [
      15.220038542960538,
      12.389576399422367,
      0.8251463972937572
    ],
    "rotation": [
      -0.00045561849799248387,
      -0.002191331734957775,
      0.08237378195180096
    ]
  },
  {
    "label_id": "MgUHjjRH5WfE7KTO3UAfsQ",
    "size": [
      2.1220822046833625,
      4.89751997057426,
      1.4830591855056738
    ],
    "obj_class": "vehicle",
    "point_num_in_lidar": 581,
    "speed": 2.2737367544323206e-12,
    "if_vehicle": true,
    "motion_state": false,
    "pose": [
      [
        -0.9924482038583906,
        0.12264431537463687,
        -0.0022213879762875122,
        0.6649122067392454
      ],
      [
        -0.12264521693647214,
        -0.9924505407388602,
        0.00027376951944282826,
        6.701107151930046
      ],
      [
        -0.0021710414229748347,
        0.0005441446780940623,
        0.9999974952397176,
        0.5969739372084533
      ],
      [
        0.0,
        0.0,
        0.0,
        1.0
      ]
    ],
    "location": [
      0.6649122067392454,
      6.701107151930046,
      0.5969739372084533
    ],
    "rotation": [
      0.0005441459873431716,
      0.002171043128483774,
      -3.018637576907791
    ]
  },
  {
    "label_id": "NeWx86gkt3mp026gu2eoxA",
    "size": [
      0.5823260342821769,
      0.5392474862904848,
      1.6000000000000014
    ],
    "obj_class": "pedestrian",
    "point_num_in_lidar": 36,
    "speed": 0.0,
    "if_vehicle": false,
    "motion_state": false,
    "pose": [
      [
        -0.13082115700122254,
        0.9914034952108655,
        -0.0022213879762875122,
        8.587480792368297
      ],
      [
        -0.9914059836982465,
        -0.13082087194925152,
        0.00027376951944282826,
        -9.519507455072016
      ],
      [
        -1.9187853537696628e-05,
        0.0022381121770919574,
        0.9999974952397176,
        0.8090177420489084
      ],
      [
        0.0,
        0.0,
        0.0,
        1.0
      ]
    ],
    "location": [
      8.587480792368297,
      -9.519507455072016,
      0.8090177420489084
    ],
    "rotation": [
      0.002238114046013331,
      1.9187853538874038e-05,
      -1.701993536570447
    ]
  },
  {
    "label_id": "QW1tucFe0_KIKeMl_mj7oA",
    "size": [
      0.8567916108966578,
      0.8546136710356222,
      1.5100000000000051
    ],
    "obj_class": "pedestrian",
    "point_num_in_lidar": 213,
    "speed": 1.3844556160644221,
    "if_vehicle": false,
    "motion_state": true,
    "pose": [
      [
        0.9831844656448501,
        -0.18260167564978613,
        -0.0022213879762875122,
        -18.976682263441035
      ],
      [
        0.182602717263235,
        0.9831867435529902,
        0.00027376951944282826,
        -10.751882555501652
      ],
      [
        0.0021340484375817884,
        -0.0006747974192492228,
        0.9999974952397176,
        0.6745375173169776
      ],
      [
        0.0,
        0.0,
        0.0,
        1.0
      ]
    ],
    "location": [
      -18.976682263441035,
      -10.751882555501652,
      0.6745375173169776
    ],
    "rotation": [
      -0.0006747990070351372,
      -0.0021340500573857526,
      0.1836334524505572
    ]
  },
  {
    "label_id": "URgzVUp9n3TYLTntiGVd9A",
    "size": [
      0.5255594545644728,
      0.4673728225662579,
      1.2999999999999972
    ],
    "obj_class": "pedestrian",
    "point_num_in_lidar": 21,
    "speed": 0.21255408251216126,
    "if_vehicle": false,
    "motion_state": false,
    "pose": [
      [
        0.2472485193205133,
        0.9689495524170867,
        -0.0022213879762875122,
        7.946907584060682
      ],
      [
        -0.9689517564219401,
        0.2472497093569321,
        0.00027376951944282826,
        -11.527198882533412
      ],
      [
        0.0008145063848356402,
        0.002084728673001036,
        0.9999974952397176,
        1.052023572644778
      ],
      [
        0.0,
        0.0,
        0.0,
        1.0
      ]
    ],
    "location": [
      7.946907584060682,
      -11.527198882533412,
      1.052023572644778
    ],
    "rotation": [
      0.0020847308746028675,
      -0.0008145064748957265,
      -1.3209566660949723
    ]
  },
  {
    "label_id": "V7YN8qOnLzj6EqMtbCjrbw",
    "size": [
      2.3616038729626845,
      4.897855298287807,
      1.8405185015044054
    ],
    "obj_class": "vehicle",
    "point_num_in_lidar": 581,
    "speed": 0.0,
    "if_vehicle": true,
    "motion_state": false,
    "pose": [
      [
        0.6910137979109803,
        0.7228381537606476,
        -0.0022213879762875122,
        2.9910673179329024
      ],
      [
        -0.7228394898835858,
        0.6910159165425118,
        0.00027376951944282826,
        -4.770993855840061
      ],
      [
        0.0017329055024208242,
        0.0014165284362307434,
        0.9999974952397176,
        0.8767071294502671
      ],
      [
        0.0,
        0.0,
        0.0,
        1.0
      ]
    ],
    "location": [
      2.9910673179329024,
      -4.770993855840061,
      0.8767071294502671
    ],
    "rotation": [
      0.001416531036851446,
      -0.001732906369730075,
      -0.8079042597298083
    ]
  },
  {
    "label_id": "VA6JXxlf-ko9AI21ezS-gA",
    "size": [
      0.748068552233429,
      0.7246482329219848,
      1.759999999999998
    ],
    "obj_class": "pedestrian",
    "point_num_in_lidar": 178,
    "speed": 0.6347986060368125,
    "if_vehicle": false,
    "motion_state": false,
    "pose": [
      [
        0.9999213984205627,
        0.012339465795785374,
        -0.0022213879762875122,
        -2.9077152495956398
      ],
      [
        -0.012338887674901794,
        0.9999238355500866,
        0.00027376951944282826,
        -10.70793193155987
      ],
      [
        0.002224596955115347,
        -0.00024633854400440925,
        0.9999974952397176,
        0.8870854384293096
      ],
      [
        0.0,
        0.0,
        0.0,
        1.0
      ]
    ],
    "location": [
      -2.9077152495956398,
      -10.70793193155987,
      0.8870854384293096
    ],
    "rotation": [
      -0.000246339156042091,
      -0.002224598789978723,
      -0.012339231325799225
    ]
  },
  {
    "label_id": "X1k3ar-6VxCGzHvtOE0rKw",
    "size": [
      2.321696450277747,
      6.372934033764432,
      2.273059185505666
    ],
    "obj_class": "vehicle",
    "point_num_in_lidar": 6734,
    "speed": 3.410605131648481e-12,
    "if_vehicle": true,
    "motion_state": false,
    "pose": [
      [
        -0.9990070235977272,
        0.04449755316721561,
        -0.0022213879762875122,
        -11.612414450537472
      ],
      [
        -0.04449826883553314,
        -0.99900942393998,
        0.00027376951944282826,
        6.003289864413091
      ],
      [
        -0.002207005448791215,
        0.0003723455921272226,
        0.9999974952397176,
        0.9442359855992635
      ],
      [
        0.0,
        0.0,
        0.0,
        1.0
      ]
    ],
    "location": [
      -11.612414450537472,
      6.003289864413091,
      0.9442359855992635
    ],
    "rotation": [
      0.00037234650755839637,
      0.002207007240469036,
      -3.097079578032999
    ]
  },
  {
    "label_id": "YmfytkE-ukfBRofAX1HVww",
    "size": [
      0.6442834931440836,
      0.7097897537460085,
      1.5500000000000043
    ],
    "obj_class": "pedestrian",
    "point_num_in_lidar": 23,
    "speed": 0.4849382191470766,
    "if_vehicle": false,
    "motion_state": false,
    "pose": [
      [
        0.9968369520513594,
        -0.07944278734041836,
        -0.0022213879762875122,
        13.79060616537754
      ],
      [
        0.07944358659950183,
        0.9968393258687469,
        0.00027376951944282826,
        -9.797465127332543
      ],
      [
        0.002192617879061998,
        -0.00044937860139124334,
        0.9999974952397176,
        0.8249795876142585
      ],
      [
        0.0,
        0.0,
        0.0,
        1.0
      ]
    ],
    "location": [
      13.79060616537754,
      -9.797465127332543,
      0.8249795876142585
    ],
    "rotation": [
      -0.0004493796967301711,
      -0.002192619635927611,
      0.07952758156366933
    ]
  },
  {
    "label_id": "YoCJlxDeJXwOZIj1uoslgg",
    "size": [
      1.9479609049787183,
      4.487277266717799,
      1.8100000000000023
    ],
    "obj_class": "vehicle",
    "point_num_in_lidar": 2656,
    "speed": 1.1368683772161603e-12,
    "if_vehicle": true,
    "motion_state": false,
    "pose": [
      [
        0.6813518486772613,
        0.7319526786203718,
        -0.0022213879762875122,
        -9.92901622390491
      ],
      [
        -0.7319540427658577,
        0.6813539493750419,
        0.00027376951944282826,
        -6.11740815097437
      ],
      [
        0.0017139378038185183,
        0.0014394205416112553,
        0.9999974952397176,
        0.8277061000030486
      ],
      [
        0.0,
        0.0,
        0.0,
        1.0
      ]
    ],
    "location": [
      -9.92901622390491,
      -6.11740815097437,
      0.8277061000030486
    ],
    "rotation": [
      0.0014394231528905355,
      -0.0017139386429586615,
      -0.8211870100199015
    ]
  },
  {
    "label_id": "YouvLLdH3acJBBBG3rStCg",
    "size": [
      0.8365938555568179,
      0.8002795032732734,
      1.8200000000000074
    ],
    "obj_class": "pedestrian",
    "point_num_in_lidar": 143,
    "speed": 1.2496993287301876,
    "if_vehicle": false,
    "motion_state": true,
    "pose": [
      [
        -0.9968637695234129,
        0.07910556520897002,
        -0.0022213879762875122,
        -9.714369924884522
      ],
      [
        -0.07910636366497475,
        -0.9968661436110442,
        0.00027376951944282826,
        -9.608889439077757
      ],
      [
        -0.0021927697728131605,
        0.00044863684022559334,
        0.9999974952397176,
        0.8578710516928325
      ],
      [
        0.0,
        0.0,
        0.0,
        1.0
      ]
    ],
    "location": [
      -9.714369924884522,
      -9.608889439077757,
      0.8578710516928325
    ],
    "rotation": [
      0.0004486379338561286,
      0.0021927715300439203,
      -3.0624033604174143
    ]
  },
  {
    "label_id": "aKdb2hW6WTmxEyp8LsOQ6w",
    "size": [
      0.8134728679723311,
      0.7413293880754128,
      1.7800000000000011
    ],
    "obj_class": "pedestrian",
    "point_num_in_lidar": 44,
    "speed": 0.7324408287209744,
    "if_vehicle": false,
    "motion_state": false,
    "pose": [
      [
        0.19071735333913717,
        0.9816424789966934,
        -0.0022213879762875122,
        -1.129280631961592
      ],
      [
        -0.9816447482225293,
        0.19071841373443035,
        0.00027376951944282826,
        -6.6687056550363195
      ],
      [
        0.000692403380865882,
        0.0021284012425142446,
        0.9999974952397176,
        0.6225621467227569
      ],
      [
        0.0,
        0.0,
        0.0,
        1.0
      ]
    ],
    "location": [
      -1.129280631961592,
      -6.6687056550363195,
      0.6225621467227569
    ],
    "rotation": [
      0.00212840335969604,
      -0.0006924034361915139,
      -1.3789034189301352
    ]
  },
  {
    "label_id": "bof1aeoD2plQ-sVhmz6tng",
    "size": [
      2.0777450502111785,
      4.382102305572195,
      1.6253959798867612
    ],
    "obj_class": "vehicle",
    "point_num_in_lidar": 38,
    "speed": 3.5950934718225418e-12,
    "if_vehicle": true,
    "motion_state": false,
    "pose": [
      [
        -0.9976975903900706,
        0.06778335758359753,
        -0.0022213879762875122,
        53.8632550024995
      ],
      [
        -0.06778412903580748,
        -0.9976999733893488,
        0.00027376951944282826,
        6.976519427065796
      ],
      [
        -0.002197721707597587,
        0.0004237140390936213,
        0.9999974952397176,
        0.7373265945742205
      ],
      [
        0.0,
        0.0,
        0.0,
        1.0
      ]
    ],
    "location": [
      53.8632550024995,
      6.976519427065796,
      0.7373265945742205
    ],
    "rotation": [
      0.0004237150750412209,
      0.002197723476760339,
      -3.073756345036041
    ]
  },
  {
    "label_id": "c3SCJxumyZ0SBk4CZmOJ6g",
    "size": [
      0.9673409614689362,
      1.0650027170117071,
      1.9586854736991413
    ],
    "obj_class": "pedestrian",
    "point_num_in_lidar": 74,
    "speed": 1.2620359835897308,
    "if_vehicle": false,
    "motion_state": true,
    "pose": [
      [
        0.9996493401762925,
        -0.026386779276027426,
        -0.0022213879762875122,
        19.718566951960383
      ],
      [
        0.026387451329117954,
        0.9996517530933479,
        0.00027376951944282826,
        11.053483040326682
      ],
      [
        0.0022133904889142532,
        -0.0003322902865787785,
        0.9999974952397176,
        1.0083531679585676
      ],
      [
        0.0,
        0.0,
        0.0,
        1.0
      ]
    ],
    "location": [
      19.718566951960383,
      11.053483040326682,
      1.0083531679585676
    ],
    "rotation": [
      -0.000332291106658137,
      -0.002213392296187523,
      0.02639057920224167
    ]
  },
  {
    "label_id": "ekvD_FAbJ7D8_7ORMyIEHA",
    "size": [
      2.024535107631207,
      4.39139231476018,
      1.4000000000000057
    ],
    "obj_class": "vehicle",
    "point_num_in_lidar": 4135,
    "speed": 5.488387651643479,
    "if_vehicle": true,
    "motion_state": true,
    "pose": [
      [
        -0.9982901717618398,
        0.058410601770358284,
        -0.0022213879762875122,
        -14.866846335702576
      ],
      [
        -0.058411350808873,
        -0.9982925619010357,
        0.00027376951944282826,
        2.5484453514873167
      ],
      [
        -0.0022016040514471797,
        0.0004030556929532797,
        0.9999974952397176,
        0.6821465446853523
      ],
      [
        0.0,
        0.0,
        0.0,
        1.0
      ]
    ],
    "location": [
      -14.866846335702576,
      2.5484453514873167,
      0.6821465446853523
    ],
    "rotation": [
      0.00040305668068754924,
      0.0022016058300023613,
      -3.083147894398063
    ]
  },
  {
    "label_id": "gLdCcd_k3Lp-3dE0ol5ezA",
    "size": [
      2.1350699741361336,
      4.396070169772625,
      1.8305185015044074
    ],
    "obj_class": "vehicle",
    "point_num_in_lidar": 79,
    "speed": 3.5950934718225418e-12,
    "if_vehicle": true,
    "motion_state": false,
    "pose": [
      [
        0.6806042703081027,
        0.7326478640341716,
        -0.0022213879762875122,
        19.920081230258802
      ],
      [
        -0.7326492303234711,
        0.6806063696121831,
        0.00027376951944282826,
        -3.9800986740228836
      ],
      [
        0.0017124674596986475,
        0.0014411694870638725,
        0.9999974952397176,
        0.8926192044561745
      ],
      [
        0.0,
        0.0,
        0.0,
        1.0
      ]
    ],
    "location": [
      19.920081230258802,
      -3.9800986740228836,
      0.8926192044561745
    ],
    "rotation": [
      0.001441172099095733,
      -0.0017124682966810096,
      -0.8222078735306653
    ]
  },
  {
    "label_id": "h1TzLRBOnGUWaFDlLPUWwg",
    "size": [
      2.216842437481397,
      4.65169111394828,
      1.5400000000000063
    ],
    "obj_class": "vehicle",
    "point_num_in_lidar": 3791,
    "speed": 2.5421149729252077e-12,
    "if_vehicle": true,
    "motion_state": false,
    "pose": [
      [
        0.6181027983039333,
        0.7860941395051269,
        -0.0022213879762875122,
        -16.93896119434794
      ],
      [
        -0.7860956736694077,
        0.6181047782443445,
        0.00027376951944282826,
        -5.680538477216032
      ],
      [
        0.0015882591372869878,
        0.0015770057716429184,
        0.9999974952397176,
        0.6143415645749428
      ],
      [
        0.0,
        0.0,
        0.0,
        1.0
      ]
    ],
    "location": [
      -16.93896119434794,
      -5.680538477216032,
      0.6143415645749428
    ],
    "rotation": [
      0.00157700841435633,
      -0.0015882598050361166,
      -0.9044683724451983
    ]
  },
  {
    "label_id": "knugsf_-ZcL72Hv_f2P2Rw",
    "size": [
      0.7602242332981423,
      0.9862085662898608,
      1.7675343397518546
    ],
    "obj_class": "pedestrian",
    "point_num_in_lidar": 103,
    "speed": 0.7153806070048195,
    "if_vehicle": false,
    "motion_state": false,
    "pose": [
      [
        -0.938976701963355,
        0.34397357253934446,
        -0.0022213879762875122,
        -10.988710511039244
      ],
      [
        -0.3439749793718407,
        -0.9389787743162207,
        0.00027376951944282826,
        11.447290555894142
      ],
      [
        -0.0019916666796001084,
        0.0010211650837848713,
        0.9999974952397176,
        0.8574679038780033
      ],
      [
        0.0,
        0.0,
        0.0,
        1.0
      ]
    ],
    "location": [
      -10.988710511039244,
      11.447290555894142,
      0.8574679038780033
    ],
    "rotation": [
      0.0010211672866130381,
      0.001991667996338499,
      -2.7904449938924634
    ]
  },
  {
    "label_id": "l-XnejT-kWgZdox4WXTk1Q",
    "size": [
      2.002831474961661,
      4.45394267847577,
      1.5900000000000034
    ],
    "obj_class": "vehicle",
    "point_num_in_lidar": 34,
    "speed": 2.2737367544323206e-12,
    "if_vehicle": true,
    "motion_state": false,
    "pose": [
      [
        0.5637944860242836,
        0.8259121278708,
        -0.0022213879762875122,
        13.066347590145597
      ],
      [
        -0.8259137918131477,
        0.5637963582208373,
        0.00027376951944282826,
        -4.414321990865574
      ],
      [
        0.0014785200175756474,
        0.0016803252210803692,
        0.9999974952397176,
        0.6428784552083542
      ],
      [
        0.0,
        0.0,
        0.0,
        1.0
      ]
    ],
    "location": [
      13.066347590145597,
      -4.414321990865574,
      0.6428784552083542
    ],
    "rotation": [
      0.0016803278484315005,
      -0.0014785205562555875,
      -0.9718226655117921
    ]
  },
  {
    "label_id": "m0tgylL49ebYatJ_PJXt6Q",
    "size": [
      0.8365244236412722,
      0.9456056770708878,
      1.8064762292254386
    ],
    "obj_class": "pedestrian",
    "point_num_in_lidar": 346,
    "speed": 1.146439910108947,
    "if_vehicle": false,
    "motion_state": true,
    "pose": [
      [
        -0.9990024729028723,
        0.04459960279424952,
        -0.0022213879762875122,
        -17.704336899980262
      ],
      [
        -0.04460031870776139,
        -0.9990048731720064,
        0.00027376951944282826,
        9.95953155690222
      ],
      [
        -0.0022069674016926026,
        0.00037257103864482853,
        0.9999974952397176,
        0.83786359210265
      ],
      [
        0.0,
        0.0,
        0.0,
        1.0
      ]
    ],
    "location": [
      -17.704336899980262,
      9.95953155690222,
      0.83786359210265
    ],
    "rotation": [
      0.00037257195460941786,
      0.0022069691932777636,
      -3.096977426498107
    ]
  },
  {
    "label_id": "mDfmRjIUQaWVZdGTGhcD6w",
    "size": [
      0.598300986859541,
      0.49394130030032374,
      1.259999999999998
    ],
    "obj_class": "pedestrian",
    "point_num_in_lidar": 53,
    "speed": 0.28208854327356514,
    "if_vehicle": false,
    "motion_state": false,
    "pose": [
      [
        0.48028700718706707,
        0.8771085771800143,
        -0.0022213879762875122,
        7.582434338648454
      ],
      [
        -0.8771104163055098,
        0.48028870761097997,
        0.00027376951944282826,
        -10.859205866137927
      ],
      [
        0.0013070331539074547,
        0.0018169145895053562,
        0.9999974952397176,
        0.9998007958758706
      ],
      [
        0.0,
        0.0,
        0.0,
        1.0
      ]
    ],
    "location": [
      7.582434338648454,
      -10.859205866137927,
      0.9998007958758706
    ],
    "rotation": [
      0.001816917141121323,
      -0.0013070335260496329,
      -1.0698139573405216
    ]
  },
  {
    "label_id": "miUCgrw0d28mF4d4GaaTfg",
    "size": [
      0.7603092283646729,
      0.8180348372529171,
      1.7374134793072642
    ],
    "obj_class": "pedestrian",
    "point_num_in_lidar": 85,
    "speed": 1.4249862432125309,
    "if_vehicle": false,
    "motion_state": true,
    "pose": [
      [
        0.9932876472327604,
        -0.11564910414813598,
        -0.0022213879762875122,
        0.6001425187350833
      ],
      [
        0.11564998922340193,
        0.99328999040707,
        0.00027376951944282826,
        -10.64647159652668
      ],
      [
        0.0021748212419903747,
        -0.0005288353773700557,
        0.9999974952397176,
        0.9940450690233504
      ],
      [
        0.0,
        0.0,
        0.0,
        1.0
      ]
    ],
    "location": [
      0.6001425187350833,
      -10.64647159652668,
      0.9940450690233504
    ],
    "rotation": [
      -0.000528836652679618,
      -0.0021748229564228024,
      0.11590963023488021
    ]
  },
  {
    "label_id": "oA3p3mCZ9TFc3cKKKJR0Eg",
    "size": [
      2.4832522447961236,
      6.364256730082237,
      2.1899999999999977
    ],
    "obj_class": "vehicle",
    "point_num_in_lidar": 10763,
    "speed": 2.5421149729252077e-12,
    "if_vehicle": true,
    "motion_state": false,
    "pose": [
      [
        -0.6871421675990754,
        -0.726519584693147,
        -0.0022213879762875122,
        -20.533097386767622
      ],
      [
        0.726520932115823,
        -0.6871442790621238,
        0.00027376951944282826,
        -6.012599790170498
      ],
      [
        -0.0017253129570505984,
        -0.0014257662821107826,
        0.9999974952397176,
        0.993202341295472
      ],
      [
        0.0,
        0.0,
        0.0,
        1.0
      ]
    ],
    "location": [
      -20.533097386767622,
      -6.012599790170498,
      0.993202341295472
    ],
    "rotation": [
      -0.0014257688872126584,
      0.0017253138130096384,
      2.328345857813383
    ]
  },
  {
    "label_id": "oBgkabLveCc0Yw1MvBSHOA",
    "size": [
      0.8283111702779502,
      0.7942693187629959,
      1.8171851638005094
    ],
    "obj_class": "pedestrian",
    "point_num_in_lidar": 36,
    "speed": 1.2017572037915043,
    "if_vehicle": false,
    "motion_state": true,
    "pose": [
      [
        0.9904218674054318,
        0.1380564739539452,
        -0.0022213879762875122,
        9.814130658574868
      ],
      [
        -0.13805620707944313,
        0.9904243579078051,
        0.00027376951944282826,
        -8.98686088865361
      ],
      [
        0.00223791241460902,
        3.5529079772880174e-05,
        0.9999974952397176,
        0.9700542358045681
      ],
      [
        0.0,
        0.0,
        0.0,
        1.0
      ]
    ],
    "location": [
      9.814130658574868,
      -8.98686088865361,
      0.9700542358045681
    ],
    "rotation": [
      3.552916874998122e-05,
      -0.0022379142826181087,
      -0.13849890811433826
    ]
  },
  {
    "label_id": "sqvXmr-ydIRBcFMzCwocWw",
    "size": [
      2.3932710400252155,
      5.524074241577592,
      2.1600000000000037
    ],
    "obj_class": "vehicle",
    "point_num_in_lidar": 8576,
    "speed": 2.5421149729252077e-12,
    "if_vehicle": true,
    "motion_state": false,
    "pose": [
      [
        0.686614315996142,
        0.7270184636614182,
        -0.0022213879762875122,
        -13.826936195604503
      ],
      [
        -0.727019812617292,
        0.6866164264800019,
        0.00027376951944282826,
        -5.227701568699558
      ],
      [
        0.0017242769695268243,
        0.0014270189989380225,
        0.9999974952397176,
        0.9613972597843627
      ],
      [
        0.0,
        0.0,
        0.0,
        1.0
      ]
    ],
    "location": [
      -13.826936195604503,
      -5.227701568699558,
      0.9613972597843627
    ],
    "rotation": [
      0.0014270216046288746,
      -0.001724277823944872,
      -0.8139730950686803
    ]
  },
  {
    "label_id": "tLLaYUgBVODgrVjxYBagwA",
    "size": [
      0.7770444605792453,
      0.11190182437167095,
      0.7800000000000011
    ],
    "obj_class": "sign",
    "point_num_in_lidar": 27,
    "speed": 0.01016606088859504,
    "if_vehicle": false,
    "motion_state": false,
    "pose": [
      [
        -0.994825013066485,
        0.10157883053435408,
        -0.0022213879762875122,
        31.699511920705845
      ],
      [
        -0.10157968235639164,
        -0.9948273685331667,
        0.00027376951944282826,
        -1.974062234374287
      ],
      [
        -0.0021820883673203673,
        0.00049800065077851,
        0.9999974952397176,
        3.096575650951067
      ],
      [
        0.0,
        0.0,
        0.0,
        1.0
      ]
    ],
    "location": [
      31.699511920705845,
      -1.974062234374287,
      3.096575650951067
    ],
    "rotation": [
      0.0004980018569847565,
      0.0021820900989965447,
      -3.0398372214768883
    ]
  },
  {
    "label_id": "tX6UTCnyT-2fkHW2Wo8DoA",
    "size": [
      2.1232088259610045,
      4.640056433527341,
      1.5805185015044074
    ],
    "obj_class": "vehicle",
    "point_num_in_lidar": 1133,
    "speed": 3.410605131648481e-12,
    "if_vehicle": true,
    "motion_state": false,
    "pose": [
      [
        0.5357884261480325,
        0.8443493517740589,
        -0.0022213879762875122,
        -3.2876691988203675
      ],
      [
        -0.844351077547395,
        0.5357902415076288,
        0.00027376951944282826,
        -5.612594531834475
      ],
      [
        0.0014213551165742765,
        0.0017289487914796116,
        0.9999974952397176,
        0.6488593565891208
      ],
      [
        0.0,
        0.0,
        0.0,
        1.0
      ]
    ],
    "location": [
      -3.2876691988203675,
      -5.612594531834475,
      0.6488593565891208
    ],
    "rotation": [
      0.0017289513993214505,
      -0.001421355595156911,
      -1.005354450555729
    ]
  },
  {
    "label_id": "vyfYxP7tRhBk2mf_1uLF-g",
    "size": [
      3.0139432865823665,
      7.3350699148041585,
      3.2099999999999795
    ],
    "obj_class": "vehicle",
    "point_num_in_lidar": 19220,
    "speed": 0.006774835745839249,
    "if_vehicle": true,
    "motion_state": false,
    "pose": [
      [
        -0.9993295330862488,
        0.03654517392322287,
        -0.0022213879762875122,
        -22.699166554302792
      ],
      [
        -0.03654587046485467,
        -0.9993319390483906,
        0.00027376951944282826,
        5.20136445054959
      ],
      [
        -0.0022098989990192645,
        0.0003547685232716374,
        0.9999974952397176,
        1.343714593678854
      ],
      [
        0.0,
        0.0,
        0.0,
        1.0
      ]
    ],
    "location": [
      -22.699166554302792,
      5.20136445054959,
      1.343714593678854
    ],
    "rotation": [
      0.00035476939700005344,
      0.0022099007977534127,
      -3.1050385538183
    ]
  },
  {
    "label_id": "wTQzq1o08FxvUHUSEzkiqA",
    "size": [
      0.4333205985813905,
      0.4330533622057063,
      1.6430004366206958
    ],
    "obj_class": "pedestrian",
    "point_num_in_lidar": 35,
    "speed": 0.10006422736413106,
    "if_vehicle": false,
    "motion_state": false,
    "pose": [
      [
        -0.6665097290610921,
        0.7454930224370773,
        -0.0022213879762875122,
        7.353440284081444
      ],
      [
        -0.7454952391869079,
        -0.6665108951846962,
        0.00027376951944282826,
        -10.002806798249367
      ],
      [
        -0.00127648602212733,
        0.0018385042089384047,
        0.9999974952397176,
        0.8498836986549421
      ],
      [
        0.0,
        0.0,
        0.0,
        1.0
      ]
    ],
    "location": [
      7.353440284081444,
      -10.002806798249367,
      0.8498836986549421
    ],
    "rotation": [
      0.0018385067425095976,
      0.0012764863687821624,
      -2.3003141773399776
    ]
  },
  {
    "label_id": "xZ3xAFKzkG5ksRUdYiaIQw",
    "size": [
      2.16151229963882,
      5.133410977253657,
      1.5200000000000031
    ],
    "obj_class": "vehicle",
    "point_num_in_lidar": 1297,
    "speed": 0.004699638465391614,
    "if_vehicle": true,
    "motion_state": false,
    "pose": [
      [
