[
  {
    "label_id": "-K1mhaiPD_bfqqGo9XGMqQ",
    "size": [
      0.7507335149680283,
      0.7899949617853979,
      1.7000000000000028
    ],
    "obj_class": "pedestrian",
    "point_num_in_lidar": 437,
    "speed": 0.9377890969161183,
    "if_vehicle": false,
    "motion_state": false,
    "pose": [
      [
        0.9844908677344679,
        0.17541355129781935,
        -0.002795955743885144,
        15.162150700649363
      ],
      [
        -0.1754218113881037,
        0.9844886488257858,
        -0.0030476913385207713,
        -1.4112844785995549
      ],
      [
        0.0022179803315246476,
        0.003490895911600441,
        0.9999914470679153,
        0.8465749780951839
      ],
      [
        0.0,
        0.0,
        0.0,
        1.0
      ]
    ],
    "location": [
      15.162150700649363,
      -1.4112844785995549,
      0.8465749780951839
    ],
    "rotation": [
      0.0034909115885598595,
      -0.0022179821500643328,
      -0.17633464539657398
    ]
  },
  {
    "label_id": "-lw-pbHiNJGWsl32vhmuQQ",
    "size": [
      0.6444965489754438,
      0.11856601403023674,
      0.71051850150441
    ],
    "obj_class": "sign",
    "point_num_in_lidar": 24,
    "speed": 0.0032939849196230286,
    "if_vehicle": false,
    "motion_state": false,
    "pose": [
      [
        -0.9999465140070902,
        -0.009957497504206636,
        -0.002795955743885144,
        54.21363624508376
      ],
      [
        0.009966011000725566,
        -0.9999456936265281,
        -0.0030476913385207713,
        -1.7300036810192978
      ],
      [
        -0.0027654565267713933,
        -0.003075392855424549,
        0.9999914470679153,
        3.152619204456272
      ],
      [
        0.0,
        0.0,
        0.0,
        1.0
      ]
    ],
    "location": [
      54.21363624508376,
      -1.7300036810192978,
      3.152619204456272
    ],
    "rotation": [
      -0.003075409463351196,
      0.0027654600517034583,
      3.131626439497817
    ]
  },
  {
    "label_id": "5v-HhV-BedTvNkAgrUmSsA",
    "size": [
      2.1228378314039618,
      5.033050925192189,
      1.480000000000004
    ],
    "obj_class": "vehicle",
    "point_num_in_lidar": 3120,
    "speed": 0.003062681584740481,
    "if_vehicle": true,
    "motion_state": false,
    "pose": [
      [
        -0.9947585752967661,
        0.10221330395318459,
        -0.002795955743885144,
        12.462021554354578
      ],
      [
        -0.10220475215512762,
        -0.9947587145707314,
        -0.0030476913385207713,
        7.3975895439944
      ],
      [
        -0.003092815942923551,
        -0.00274595713001073,
        0.9999914470679153,
        0.6036297085961806
      ],
      [
        0.0,
        0.0,
        0.0,
        1.0
      ]
    ],
    "location": [
      12.462021554354578,
      7.3975895439944,
      0.6036297085961806
    ],
    "rotation": [
      -0.0027459737142881894,
      0.003092820873671983,
      -3.0392086331343533
    ]
  },
  {
    "label_id": "6ufHihRk7ljuRm35o3Ve6g",
    "size": [
      0.8855818262549432,
      0.8864430025332695,
      1.8700000000000045
    ],
    "obj_class": "pedestrian",
    "point_num_in_lidar": 27,
    "speed": 1.1368683772161603e-12,
    "if_vehicle": false,
    "motion_state": false,
    "pose": [
      [
        0.8691099027090511,
        0.4946111196127135,
        -0.002795955743885144,
        47.294012877959176
      ],
      [
        -0.4946181617179308,
        0.8691050487002591,
        -0.0030476913385207713,
        22.21632852912444
      ],
      [
        0.0009225572277733399,
        0.004031709212994165,
        0.9999914470679153,
        0.5865670572654125
      ],
      [
        0.0,
        0.0,
        0.0,
        1.0
      ]
    ],
    "location": [
      47.294012877959176,
      22.21632852912444,
      0.5865670572654125
    ],
    "rotation": [
      0.004031721851163452,
      -0.0009225573586399531,
      -0.517395675044032
    ]
  },
  {
    "label_id": "9KGiqkmEBgSGNEolhIVz1A",
    "size": [
      0.6676860043865708,
      0.8747499668482639,
      1.6388978100247868
    ],
    "obj_class": "pedestrian",
    "point_num_in_lidar": 72,
    "speed": 0.7222836875719431,
    "if_vehicle": false,
    "motion_state": false,
    "pose": [
      [
        -0.7944236544744097,
        -0.6073575881167552,
        -0.002795955743885144,
        32.04421918003936
      ],
      [
        0.607363910866942,
        -0.794417894658673,
        -0.0030476913385207713,
        11.172548703711072
      ],
      [
        -0.00037011881492775924,
        -0.004119320706074648,
        0.9999914470679153,
        0.7752161788485523
      ],
      [
        0.0,
        0.0,
        0.0,
        1.0
      ]
    ],
    "location": [
      32.04421918003936,
      11.172548703711072,
      0.7752161788485523
    ],
    "rotation": [
      -0.004119332638304967,
      0.000370118823378062,
      2.4888544767991068
    ]
  },
  {
    "label_id": "Abp2wF28Amdp-8SvcS3E1g",
    "size": [
      2.196294568927894,
      4.401772619467235,
      1.7100000000000009
    ],
    "obj_class": "vehicle",
    "point_num_in_lidar": 2832,
    "speed": 2.5421149729252077e-12,
    "if_vehicle": true,
    "motion_state": false,
    "pose": [
      [
        0.9995889845436438,
        0.028531467023015393,
        -0.002795955743885144,
        14.714482925832272
      ],
      [
        -0.02853996381048483,
        0.9995880061521353,
        -0.0030476913385207713,
        -0.00024195663718273863
      ],
      [
        0.0027078487223984263,
        0.0031262351660206354,
        0.9999914470679153,
        0.9099940614322293
      ],
      [
        0.0,
        0.0,
        0.0,
        1.0
      ]
    ],
    "location": [
      14.714482925832272,
      -0.00024195663718273863,
      0.9099940614322293
    ],
    "rotation": [
      0.003126251719931803,
      -0.0027078520316011824,
      -0.028543944348945284
    ]
  },
  {
    "label_id": "C4NxoX3efnXfwLAduEGZxw",
    "size": [
      2.002831474961663,
      4.45394267847577,
      1.5900000000000034
    ],
    "obj_class": "vehicle",
    "point_num_in_lidar": 1296,
    "speed": 6.431098710768743e-12,
    "if_vehicle": true,
    "motion_state": false,
    "pose": [
      [
        0.5637936733651946,
        0.8259109373926818,
        -0.002795955743885144,
        16.627299012507137
      ],
      [
        -0.8259151341198432,
        0.5637862208402281,
        -0.0030476913385207713,
        -4.547454089843086
      ],
      [
        -0.0009408002877997131,
        0.004027491258231958,
        0.9999914470679153,
        0.6528784552083735
      ],
      [
        0.0,
        0.0,
        0.0,
        1.0
      ]
    ],
    "location": [
      16.627299012507137,
      -4.547454089843086,
      0.6528784552083735
    ],
    "rotation": [
      0.004027503928815498,
      0.0009408004265843034,
      -0.971824093485448
    ]
  },
  {
    "label_id": "D-j8uA5tzbpXhUFsbPfY1w",
    "size": [
      0.9873273858153702,
      0.7573816566762264,
      1.5740498284474143
    ],
    "obj_class": "pedestrian",
    "point_num_in_lidar": 31,
    "speed": 0.9535302732089755,
    "if_vehicle": false,
    "motion_state": false,
    "pose": [
      [
        0.9960834082123545,
        -0.08837435439955413,
        -0.002795955743885144,
        37.332572822291695
      ],
      [
        0.0883658014917359,
        0.9960834285862946,
        -0.0030476913385207713,
        -8.401087304446264
      ],
      [
        0.0030543429379955448,
        0.002788687905409209,
        0.9999914470679153,
        0.8300811770759182
      ],
      [
        0.0,
        0.0,
        0.0,
        1.0
      ]
    ],
    "location": [
      37.332572822291695,
      -8.401087304446264,
      0.8300811770759182
    ],
    "rotation": [
      0.002788704527915386,
      -0.003054347687015182,
      0.0884816222242287
    ]
  },
  {
    "label_id": "DV-QVxiC5bGWoAdie1BT7w",
    "size": [
      2.1232088259577138,
      4.640056433527341,
      1.5305185015044103
    ],
    "obj_class": "vehicle",
    "point_num_in_lidar": 290,
    "speed": 0.0560937512251805,
    "if_vehicle": true,
    "motion_state": false,
    "pose": [
      [
        0.9991164847890315,
        -0.04193366731264198,
        -0.002795955743885144,
        29.830956035853887
      ],
      [
        0.04192512271948324,
        0.9991161071979879,
        -0.0030476913385207713,
        1.3632773231220199
      ],
      [
        0.0029212852933895306,
        0.0029277778691842223,
        0.9999914470679153,
        0.8307440492970812
      ],
      [
        0.0,
        0.0,
        0.0,
        1.0
      ]
    ],
    "location": [
      29.830956035853887,
      1.3632773231220199,
      0.8307440492970812
    ],
    "rotation": [
      0.0029277945447886864,
      -0.0029212894484020287,
      0.04193759357148766
    ]
  },
  {
    "label_id": "DX4XHYOjhuavfiHWtty6bw",
    "size": [
      0.7633635673149296,
      0.9971149116720426,
      1.7568296477584084
    ],
    "obj_class": "pedestrian",
    "point_num_in_lidar": 30,
    "speed": 1.4627365237184218,
    "if_vehicle": false,
    "motion_state": true,
    "pose": [
      [
        -0.9993391240448147,
        0.036242209988087755,
        -0.002795955743885144,
        65.07134566247987
      ],
      [
        -0.03623366768421966,
        -0.9993386977915218,
        -0.0030476913385207713,
        -7.072927706263727
      ],
      [
        -0.002904561841646452,
        -0.002944369461312597,
        0.9999914470679153,
        0.8964948249132831
      ],
      [
        0.0,
        0.0,
        0.0,
        1.0
      ]
    ],
    "location": [
      65.07134566247987,
      -7.072927706263727,
      0.8964948249132831
    ],
    "rotation": [
      -0.002944386135793924,
      0.0029045659257080254,
      -3.1053508998725543
    ]
  },
  {
    "label_id": "Djbr-wq3c_Wu_emcmW1Dog",
    "size": [
      2.4599560878352618,
      5.612823795445765,
      2.270518501504405
    ],
    "obj_class": "vehicle",
    "point_num_in_lidar": 13909,
    "speed": 3.5950934718225418e-12,
    "if_vehicle": true,
    "motion_state": false,
    "pose": [
      [
        0.6979157460858425,
        0.7161744159050365,
        -0.002795955743885144,
        6.414921689996845
      ],
      [
        -0.7161798362423112,
        0.6979091300000606,
        -0.0030476913385207713,
        -4.570807764146593
      ],
      [
        -0.00023135552349039883,
        0.004129438901159496,
        0.9999914470679153,
        0.9765889817900089
      ],
      [
        0.0,
        0.0,
        0.0,
        1.0
      ]
    ],
    "location": [
      6.414921689996845,
      -4.570807764146593,
      0.9765889817900089
    ],
    "rotation": [
      0.00412945074781357,
      0.00023135552555429752,
      -0.7983131847747362
    ]
  },
  {
    "label_id": "EB8EchWMY1Oagsjrk4KwsA",
    "size": [
      2.2039397856438323,
      4.8606414627357974,
      1.6200000000000045
    ],
    "obj_class": "vehicle",
    "point_num_in_lidar": 31,
    "speed": 4.099037227506402e-12,
    "if_vehicle": true,
    "motion_state": false,
    "pose": [
      [
        0.6763883977045804,
        0.736539827899421,
        -0.002795955743885144,
        68.75947913958225
      ],
      [
        -0.736545049816031,
        0.6763816239143442,
        -0.0030476913385207713,
        -2.6366225702222437
      ],
      [
        -0.00035361296752297255,
        0.004120770423823494,
        0.9999914470679153,
        0.8066471474137558
      ],
      [
        0.0,
        0.0,
        0.0,
        1.0
      ]
    ],
    "location": [
      68.75947913958225,
      -2.6366225702222437,
      0.8066471474137558
    ],
    "rotation": [
      0.0041207823438444095,
      0.00035361297489239284,
      -0.8279481810323502
    ]
  },
  {
    "label_id": "Fyvr9wj_mD3-PKw_3XcdnA",
    "size": [
      0.7829285216684074,
      0.8748261895378542,
      1.7744533473011828
    ],
    "obj_class": "pedestrian",
    "point_num_in_lidar": 20,
    "speed": 1.0926390863180475,
    "if_vehicle": false,
    "motion_state": true,
    "pose": [
      [
        0.9985414214407669,
        -0.0539185709985995,
        -0.002795955743885144,
        77.12962398525269
      ],
      [
        0.0539100224899873,
        0.9985411463994031,
        -0.0030476913385207713,
        15.857631956678233
      ],
      [
        0.002956204015598917,
        0.002892516004245387,
        0.9999914470679153,
        1.0065026392049106
      ],
      [
        0.0,
        0.0,
        0.0,
        1.0
      ]
    ],
    "location": [
      77.12962398525269,
      15.857631956678233,
      1.0065026392049106
    ],
    "rotation": [
      0.002892532676894877,
      -0.002956208321397052,
      0.05393640564014845
    ]
  },
  {
    "label_id": "G96MfK6U70_2CEKJH1g1gA",
    "size": [
      2.0507676477421533,
      4.751621205894719,
      1.783059185505671
    ],
    "obj_class": "vehicle",
    "point_num_in_lidar": 4667,
    "speed": 1.1368683772161603e-12,
    "if_vehicle": true,
    "motion_state": false,
    "pose": [
      [
        -0.9991525737635149,
        0.04106478994494285,
        -0.002795955743885144,
        6.1541660873554065
      ],
      [
        -0.04105624568337949,
        -0.9991521887419809,
        -0.0030476913385207713,
        6.99745912932849
      ],
      [
        -0.0029187381057619323,
        -0.0029303171989789956,
        0.9999914470679153,
        0.7198463568649558
      ],
      [
        0.0,
        0.0,
        0.0,
        1.0
      ]
    ],
    "location": [
      6.1541660873554065,
      6.99745912932849,
      0.7198463568649558
    ],
    "rotation": [
      -0.002930333874516266,
      0.002918742249915103,
      -3.1005246899474987
    ]
  },
  {
    "label_id": "GvNSnjQZk7nOuKBrSduqOA",
    "size": [
      2.1579955411747336,
      4.7553734910656065,
      1.5499999999999972
    ],
    "obj_class": "vehicle",
    "point_num_in_lidar": 205,
    "speed": 5.859333355559411,
    "if_vehicle": true,
    "motion_state": true,
    "pose": [
      [
        -0.9966778800996411,
        0.08139647382757924,
        -0.002795955743885144,
        41.09903227870382
      ],
      [
        -0.08138792098681637,
        -0.9966778405758546,
        -0.0030476913385207713,
        5.858720620723034
      ],
      [
        -0.0030347384614315487,
        -0.00281000951730896,
        0.9999914470679153,
        0.7882834896137396
      ],
      [
        0.0,
        0.0,
        0.0,
        1.0
      ]
    ],
    "location": [
      41.09903227870382,
      5.858720620723034,
      0.7882834896137396
    ],
    "rotation": [
      -0.0028100261550915275,
      0.0030347431195910583,
      -3.06011423550529
    ]
  },
  {
    "label_id": "H1UceUMUw7amJjkZPWl6qg",
    "size": [
      0.6970462820223876,
      0.7653631564612301,
      1.6941567563163105
    ],
    "obj_class": "pedestrian",
    "point_num_in_lidar": 32,
    "speed": 1.3625580090591227,
    "if_vehicle": false,
    "motion_state": true,
    "pose": [
      [
        -0.9957182804062883,
        0.09239744961968548,
        -0.002795955743885144,
        43.49772855111951
      ],
      [
        -0.09238889686395693,
        -0.995718335330713,
        -0.0030476913385207713,
        -6.327068077735021
      ],
      [
        -0.003065583305866986,
        -0.0027763267119430488,
        0.9999914470679153,
        0.8899003343866525
      ],
      [
        0.0,
        0.0,
        0.0,
        1.0
      ]
    ],
    "location": [
      43.49772855111951,
      -6.327068077735021,
      0.8899003343866525
    ],
    "rotation": [
      -0.0027763433244303933,
      0.003065588107510938,
      -3.049071379192579
    ]
  },
  {
    "label_id": "ImNXxSqrOhGjnDuh8WZ_rw",
    "size": [
      0.7006499849898342,
      0.8057173953675747,
      1.5600000000000023
    ],
    "obj_class": "pedestrian",
    "point_num_in_lidar": 38,
    "speed": 1.0538604693260207,
    "if_vehicle": false,
    "motion_state": true,
    "pose": [
      [
        -0.9948216258132084,
        0.10159781220992391,
        -0.002795955743885144,
        55.34947447252489
      ],
      [
        -0.10158926032733287,
        -0.9948217597960202,
        -0.0030476913385207713,
        -5.426386711747909
      ],
      [
        -0.0030911163857284553,
        -0.0027478701764348176,
        0.9999914470679153,
        0.8556711139386906
      ],
      [
        0.0,
        0.0,
        0.0,
        1.0
      ]
    ],
    "location": [
      55.34947447252489,
      -5.426386711747909,
      0.8556711139386906
    ],
    "rotation": [
      -0.0027478867626393533,
      0.0030911213083527284,
      -3.0398273489250394
    ]
  },
  {
    "label_id": "J8-j5tMTE7dijlXHKvNmRw",
    "size": [
      1.868638263125525,
      4.258107369427481,
      1.7700000000000031
    ],
    "obj_class": "vehicle",
    "point_num_in_lidar": 71,
    "speed": 2.5421149729252077e-12,
    "if_vehicle": true,
    "motion_state": false,
    "pose": [
      [
        0.08394559941817692,
        0.9964664163782949,
        -0.002795955743885144,
        38.59394028606039
      ],
      [
        -0.9964663987318593,
        0.08393704650429637,
        -0.0030476913385207713,
        -13.496263904497027
      ],
      [
        -0.0028022377990245197,
        0.0030419162273765984,
        0.9999914470679153,
        1.0303133105763607
      ],
      [
        0.0,
        0.0,
        0.0,
        1.0
      ]
    ],
    "location": [
      38.59394028606039,
      -13.496263904497027,
      1.0303133105763607
    ],
    "rotation": [
      0.0030419328621718636,
      0.0028022414664833307,
      -1.486751490452997
    ]
  },
  {
    "label_id": "JYZGrjHhOWIfmt9jVFankA",
    "size": [
      0.885581826245707,
      0.8864430025332695,
      1.9033832664799561
    ],
    "obj_class": "pedestrian",
    "point_num_in_lidar": 22,
    "speed": 0.009210494623053846,
    "if_vehicle": false,
    "motion_state": false,
    "pose": [
      [
        0.5832441903414672,
        0.8122920638935263,
        -0.002795955743885144,
        48.00261290624621
      ],
      [
        -0.8122964363815505,
        0.5832368395594869,
        -0.0030476913385207713,
        22.76731209809077
      ],
      [
        -0.000844911095865695,
        0.00404869315418468,
        0.9999914470679153,
        0.5285228086541096
      ],
      [
        0.0,
        0.0,
        0.0,
        1.0
      ]
    ],
    "location": [
      48.00261290624621,
      22.76731209809077,
      0.5285228086541096
    ],
    "rotation": [
      0.004048705660382004,
      0.0008449111963925116,
      -0.94807923130619
    ]
  },
  {
    "label_id": "LVurOGR3dPZTYlctUjwF1w",
    "size": [
      0.8553806403979145,
      0.9205835426103812,
      1.5600000000000023
    ],
    "obj_class": "pedestrian",
    "point_num_in_lidar": 116,
    "speed": 0.745703287659442,
    "if_vehicle": false,
    "motion_state": false,
    "pose": [
      [
        0.9985322605616527,
        -0.054087958448384,
        -0.002795955743885144,
        25.94827800866915
      ],
      [
        0.05407940989323798,
        0.9985319869704246,
        -0.0030476913385207713,
        12.523947681424033
      ],
      [
        0.002956694646904416,
        0.002892014485030397,
        0.9999914470679153,
        0.7619650296599616
      ],
      [
        0.0,
        0.0,
        0.0,
        1.0
      ]
    ],
    "location": [
      25.94827800866915,
      12.523947681424033,
      0.7619650296599616
    ],
    "rotation": [
      0.0028920311575857706,
      -0.002956698954846769,
      0.05410604132529362
    ]
  },
  {
    "label_id": "MgUHjjRH5WfE7KTO3UAfsQ",
    "size": [
      2.1220822046833625,
      4.89751997057426,
      1.4830591855056738
    ],
    "obj_class": "vehicle",
    "point_num_in_lidar": 3970,
    "speed": 2.2737367544323206e-12,
    "if_vehicle": true,
    "motion_state": false,
    "pose": [
      [
        -0.9924467733334844,
        0.12264413859387562,
        -0.002795955743885144,
        0.6649122067319695
      ],
      [
        -0.12263559146702788,
        -0.9924470884047356,
        -0.0030476913385207713,
        6.701107151951874
      ],
      [
        -0.0031486196162402043,
        -0.0026817877486643585,
        0.9999914470679153,
        0.5788840832822615
      ],
      [
        0.0,
        0.0,
        0.0,
        1.0
      ]
    ],
    "location": [
      0.6649122067319695,
      6.701107151951874,
      0.5788840832822615
    ],
    "rotation": [
      -0.002681804256745571,
      0.003148624818730486,
      -3.0186469543091974
    ]
  },
  {
    "label_id": "No68zCO6os9hco-_ap9yaQ",
    "size": [
      0.7484054906059405,
      0.7235802196100946,
      1.7700000000000031
    ],
    "obj_class": "pedestrian",
    "point_num_in_lidar": 40,
    "speed": 2.5421149729252077e-12,
    "if_vehicle": false,
    "motion_state": false,
    "pose": [
      [
        -0.9622651072646127,
        0.27209933107690976,
        -0.002795955743885144,
        48.35270982417569
      ],
      [
        -0.2720909312017371,
        -0.9622667180856233,
        -0.0030476913385207713,
        19.904892758910137
      ],
      [
        -0.003519729932121399,
        -0.002171932830818566,
        0.9999914470679153,
        0.608192992632631
      ],
      [
        0.0,
        0.0,
        0.0,
        1.0
      ]
    ],
    "location": [
      48.35270982417569,
      19.904892758910137,
      0.608192992632631
    ],
    "rotation": [
      -0.0021719479920795297,
      0.003519737199523584,
      -2.866025624229844
    ]
  },
  {
    "label_id": "SV4MhXW_fLKMUyYTomC7iA",
    "size": [
      1.8745005814532056,
      4.026761972188614,
      1.730518501504406
    ],
    "obj_class": "vehicle",
    "point_num_in_lidar": 339,
    "speed": 3.2155493553843714e-12,
    "if_vehicle": true,
    "motion_state": false,
    "pose": [
      [
        0.53578765385737,
        0.8443481347202073,
        -0.002795955743885144,
        23.067769648005196
      ],
      [
        -0.84435207923849,
        0.5357800648243116,
        -0.0030476913385207713,
        -3.943883484294929
      ],
      [
        -0.001075295147178256,
        0.003993686437755693,
        0.9999914470679153,
        0.8526192044561327
      ],
      [
        0.0,
        0.0,
        0.0,
        1.0
      ]
    ],
    "location": [
      23.067769648005196,
      -3.943883484294929,
      0.8526192044561327
    ],
    "rotation": [
      0.003993699362959402,
      0.0010752953543984296,
      -1.0053556393365652
    ]
  },
  {
    "label_id": "TBaMlPrcbb0tVmgFVZHKcA",
    "size": [
      0.8401860487472405,
      0.11186696262676982,
      0.8605185015044086
    ],
    "obj_class": "sign",
    "point_num_in_lidar": 33,
    "speed": 0.0030017806354533357,
    "if_vehicle": false,
    "motion_state": false,
    "pose": [
      [
        0.999013848256284,
        0.04431155180817516,
        -0.002795955743885144,
        53.869289960835886
      ],
      [
        -0.044320032087403025,
        0.9990127358213591,
        -0.0030476913385207713,
        10.26895991568017
      ],
      [
        0.0026581474642919517,
        0.003168602700676929,
        0.9999914470679153,
        2.887619204456165
      ],
      [
        0.0,
        0.0,
        0.0,
        1.0
      ]
    ],
    "location": [
      53.869289960835886,
      10.26895991568017,
      2.887619204456165
    ],
    "rotation": [
      0.003168619197241676,
      -0.002658150594601901,
      -0.04433471104257692
    ]
  },
  {
    "label_id": "V7YN8qOnLzj6EqMtbCjrbw",
    "size": [
      2.3616038729626836,
      4.897855298287807,
      1.8405185015044054
    ],
    "obj_class": "vehicle",
    "point_num_in_lidar": 5649,
    "speed": 0.0,
    "if_vehicle": true,
    "motion_state": false,
    "pose": [
      [
        0.6910128018766846,
        0.7228371118544012,
        -0.002795955743885144,
        2.9910673179329024
      ],
      [
        -0.7228424684689034,
        0.6910061340938206,
        -0.0030476913385207713,
        -4.770993855832785
      ],
      [
        -0.0002709618352805424,
        0.0041270292827262885,
        0.9999914470679153,
        0.8476192044561941
      ],
      [
        0.0,
        0.0,
        0.0,
        1.0
      ]
    ],
    "location": [
      2.9910673179329024,
      -4.770993855832785,
      0.8476192044561941
    ],
    "rotation": [
      0.004127041149836719,
      0.00027096183859622643,
      -0.8079070379505567
    ]
  },
  {
    "label_id": "Xhv1ib3Sd4Npw2uCm8OIgA",
    "size": [
      0.7032178819206074,
      0.8587069967628569,
      1.7415277018557802
    ],
    "obj_class": "pedestrian",
    "point_num_in_lidar": 34,
    "speed": 1.6077746776921857e-12,
    "if_vehicle": false,
    "motion_state": false,
    "pose": [
      [
        -0.8369834366783985,
        -0.547221079050776,
        -0.002795955743885144,
        53.21171874849824
      ],
      [
        0.5472278086992146,
        -0.8369781579968266,
        -0.0030476913385207713,
        -2.723405725082557
      ],
      [
        -0.000672392945478595,
        -0.004080891905396354,
        0.9999914470679153,
        0.9170612334797994
      ],
      [
        0.0,
        0.0,
        0.0,
        1.0
      ]
    ],
    "location": [
      53.21171874849824,
      -2.723405725082557,
      0.9170612334797994
    ],
    "rotation": [
      -0.004080904154977023,
      0.0006723929961447892,
      2.5625439889746096
    ]
  },
  {
    "label_id": "XsywigB-Q40d0u9u21SmQg",
    "size": [
      0.7289434170467318,
      0.9162428550820471,
      1.9424134016137273
    ],
    "obj_class": "pedestrian",
    "point_num_in_lidar": 70,
    "speed": 1.5657752982545692,
    "if_vehicle": false,
    "motion_state": true,
    "pose": [
      [
        0.9981432349393166,
        -0.060846242089011286,
        -0.002795955743885144,
        41.468767398488126
      ],
      [
        0.06083769187767418,
        0.9981430192234488,
        -0.0030476913385207713,
        -5.515162094772677
      ],
      [
        0.00297620427281288,
        0.0028719329976775606,
        0.9999914470679153,
        1.0313776320180637
      ],
      [
        0.0,
        0.0,
        0.0,
        1.0
      ]
    ],
    "location": [
      41.468767398488126,
      -5.515162094772677,
      1.0313776320180637
    ],
    "rotation": [
      0.0028719496652717053,
      -0.002976208666596731,
      0.060875553462999894
    ]
  },
  {
    "label_id": "YmfytkE-ukfBRofAX1HVww",
    "size": [
      0.6442834931398631,
      0.7097897537460085,
      1.5500000000000043
    ],
    "obj_class": "pedestrian",
    "point_num_in_lidar": 51,
    "speed": 1.3617002210494535,
    "if_vehicle": false,
    "motion_state": true,
    "pose": [
      [
        0.998473555025662,
        -0.05516106005049457,
        -0.002795955743885144,
        29.25281470761547
      ],
      [
        0.05515251120625406,
        0.9984732906218117,
        -0.0030476913385207713,
        -8.334260766474472
      ],
      [
        0.002959801016969472,
        0.002888835224896937,
        0.9999914470679153,
        0.8526915250107905
      ],
      [
        0.0,
        0.0,
        0.0,
        1.0
      ]
    ],
    "location": [
      29.25281470761547,
      -8.334260766474472,
      0.8526915250107905
    ],
    "rotation": [
      0.002888851896821851,
      -0.002959805338504196,
      0.055180751977858544
    ]
  },
  {
    "label_id": "aOalNxxJ9uA_4VqI2Wr-pw",
    "size": [
      0.9999999999979535,
      1.0,
      1.7608367811754064
    ],
    "obj_class": "pedestrian",
    "point_num_in_lidar": 35,
    "speed": 1.2281193943387132,
    "if_vehicle": false,
    "motion_state": true,
    "pose": [
      [
        0.9839974185479343,
        0.17816077829443666,
        -0.002795955743885144,
        57.253790039576415
      ],
      [
        -0.17816903215912808,
        0.983995176592337,
        -0.0030476913385207713,
        -3.5879229585116263
      ],
      [
        0.0022082279050765477,
        0.003497073138483109,
        0.9999914470679153,
        0.904539634871206
      ],
      [
        0.0,
        0.0,
        0.0,
        1.0
      ]
    ],
    "location": [
      57.253790039576415,
      -3.5879229585116263,
      0.904539634871206
    ],
    "rotation": [
      0.003497088792864207,
      -0.002208229699733244,
      -0.17912583820251318
    ]
  },
  {
    "label_id": "aphnxehbBGUVAa3NaGJV7A",
    "size": [
      2.043348058617352,
      4.555124657205895,
      1.5400000000000063
    ],
    "obj_class": "vehicle",
    "point_num_in_lidar": 51,
    "speed": 3.8006971571376997,
    "if_vehicle": true,
    "motion_state": true,
    "pose": [
      [
        -0.9984447918594238,
        0.05567926221018066,
        -0.002795955743885144,
        61.32256681519357
      ],
      [
        -0.055670713229865436,
        -0.9984445318924747,
        -0.0030476913385207713,
        7.382615623733727
      ],
      [
        -0.0029612999290686737,
        -0.0028872986937199152,
        0.9999914470679153,
        0.7779057090510619
      ],
      [
        0.0,
        0.0,
        0.0,
        1.0
      ]
    ],
    "location": [
      61.32256681519357,
      7.382615623733727,
      0.7779057090510619
    ],
    "rotation": [
      -0.002887315365319192,
      0.002961304257172317,
      -3.0858928996620705
    ]
  },
  {
    "label_id": "bof1aeoD2plQ-sVhmz6tng",
    "size": [
      2.077745050200604,
      4.382102305572195,
      1.6253959798867612
    ],
    "obj_class": "vehicle",
    "point_num_in_lidar": 2674,
    "speed": 7.42962176238975,
    "if_vehicle": true,
    "motion_state": true,
    "pose": [
      [
        -0.998317283477267,
        0.05792049846167121,
        -0.002795955743885144,
        14.942099868669175
      ],
      [
        -0.05791194891930558,
        -0.9983170427023034,
        -0.0030476913385207713,
        4.276698195921199
      ],
      [
        -0.002967774071246377,
        -0.0028806436917287364,
        0.9999914470679153,
        0.7532222898738468
      ],
      [
        0.0,
        0.0,
        0.0,
        1.0
      ]
    ],
    "location": [
      14.942099868669175,
      4.276698195921199,
      0.7532222898738468
    ],
    "rotation": [
      -0.0028806603617603115,
      0.0029677784277991528,
      -3.0836480294635575
    ]
  },
  {
    "label_id": "c3SCJxumyZ0SBk4CZmOJ6g",
    "size": [
      0.9673409614626586,
      1.0650027170117071,
      1.9586854736991413
    ],
    "obj_class": "pedestrian",
    "point_num_in_lidar": 111,
    "speed": 1.2150590719711325,
    "if_vehicle": false,
    "motion_state": true,
    "pose": [
      [
        0.9759246331060437,
        -0.21809010323330155,
        -0.002795955743885144,
        34.72782783750881
      ],
      [
        0.21808162668906003,
        0.9759257736519507,
        -0.0030476913385207713,
        12.659926969368826
      ],
      [
        0.0033933165910889585,
        0.0023645704745892575,
        0.9999914470679153,
        1.0083531679585604
      ],
      [
        0.0,
        0.0,
        0.0,
        1.0
      ]
    ],
    "location": [
      34.72782783750881,
      12.659926969368826,
      1.0083531679585604
    ],
    "rotation": [
      0.002364586291750906,
      -0.0033933231032351506,
      0.21984963752740463
    ]
  },
  {
    "label_id": "cEBTjT2GdLcTLHmXu-PHfw",
    "size": [
      0.8625872603867226,
      0.8538088650045665,
      1.7592707532064438
    ],
    "obj_class": "pedestrian",
    "point_num_in_lidar": 103,
    "speed": 0.9886765627555186,
    "if_vehicle": false,
    "motion_state": false,
    "pose": [
      [
        -0.9996704216962323,
        -0.025519220543646682,
        -0.002795955743885144,
        10.604083967562474
      ],
      [
        0.025527720240780705,
        -0.999669468913007,
        -0.0030476913385207713,
        -9.771456957561895
      ],
      [
        -0.0027172568861772604,
        -0.003118061261614518,
        0.9999914470679153,
        0.8611545699794689
      ],
      [
        0.0,
        0.0,
        0.0,
        1.0
      ]
    ],
    "location": [
      10.604083967562474,
      -9.771456957561895,
      0.8611545699794689
    ],
    "rotation": [
      -0.0031180778252932143,
      0.0027172602299926074,
      3.1160620656777813
    ]
  },
  {
    "label_id": "fNy8PC-BmuP16FOJ9FFzIw",
    "size": [
      2.1476594433774303,
      5.107156534927326,
      1.980000000000004
    ],
    "obj_class": "vehicle",
    "point_num_in_lidar": 4992,
    "speed": 1.3830600733622805e-11,
    "if_vehicle": true,
    "motion_state": false,
    "pose": [
      [
        0.7587979841247524,
        0.6513200456915864,
        -0.002795955743885144,
        9.769325689427205
      ],
      [
        -0.6513260325281431,
        0.7587918758978995,
        -0.0030476913385207713,
        -4.673078336505569
      ],
      [
        0.0001365260419709152,
        0.004133660805693014,
        0.9999914470679153,
        0.8495289039752549
      ],
      [
        0.0,
        0.0,
        0.0,
        1.0
      ]
    ],
    "location": [
      9.769325689427205,
      -4.673078336505569,
      0.8495289039752549
    ],
    "rotation": [
      0.004133672616389773,
      -0.00013652604239504157,
      -0.7093306804177074
    ]
  },
  {
    "label_id": "gLdCcd_k3Lp-3dE0ol5ezA",
    "size": [
      2.1350699741361345,
      4.396070169772625,
      1.8305185015044074
    ],
    "obj_class": "vehicle",
    "point_num_in_lidar": 1018,
    "speed": 3.5950934718225418e-12,
    "if_vehicle": true,
    "motion_state": false,
    "pose": [
      [
        0.6806032892782049,
        0.73264680798811,
        -0.002795955743885144,
        19.920081230251526
      ],
      [
        -0.7326520686845633,
        0.6805965455611238,
        -0.0030476913385207713,
        -3.9800986740156077
      ],
      [
        -0.00032996351007024175,
        0.00412273150940987,
        0.9999914470679153,
        0.8926192044561674
      ],
      [
        0.0,
        0.0,
        0.0,
        1.0
      ]
    ],
    "location": [
      19.920081230251526,
      -3.9800986740156077,
      0.8926192044561674
    ],
    "rotation": [
      0.00412274341288712,
      0.0003299635160577554,
      -0.8222105240861756
    ]
  },
  {
    "label_id": "kzp-3xNjfdJH_Q6nCsLIaw",
    "size": [
      0.8194303083112767,
      0.8507232528003885,
      1.8588466720492889
    ],
    "obj_class": "pedestrian",
    "point_num_in_lidar": 24,
    "speed": 0.9768728507032872,
    "if_vehicle": false,
    "motion_state": false,
    "pose": [
      [
        0.9973439159767513,
        -0.07278252465830794,
        -0.002795955743885144,
        79.06498848854972
      ],
      [
        0.07277397247822573,
        0.9973438025612048,
        -0.0030476913385207713,
        -7.029717762074142
      ],
      [
        0.0030103478033960515,
        0.0028361236078928978,
        0.9999914470679153,
        1.1248741917220428
      ],
      [
        0.0,
        0.0,
        0.0,
        1.0
      ]
    ],
    "location": [
      79.06498848854972,
      -7.029717762074142,
      1.1248741917220428
    ],
    "rotation": [
      0.0028361402609026597,
      -0.0030103523501405086,
      0.07283869245472743
    ]
  },
  {
    "label_id": "l-XnejT-kWgZdox4WXTk1Q",
    "size": [
      2.002831474961663,
      4.45394267847577,
      1.5900000000000034
    ],
    "obj_class": "vehicle",
    "point_num_in_lidar": 3663,
    "speed": 2.2737367544323206e-12,
    "if_vehicle": true,
    "motion_state": false,
    "pose": [
      [
        0.5637936733651946,
        0.8259109373926818,
        -0.002795955743885144,
        13.066347590145597
      ],
      [
        -0.8259151341198432,
        0.5637862208402281,
        -0.0030476913385207713,
        -4.414321990865574
      ],
      [
        -0.0009408002877997131,
        0.004027491258231958,
        0.9999914470679153,
        0.64287845520834
      ],
      [
        0.0,
        0.0,
        0.0,
        1.0
      ]
    ],
    "location": [
      13.066347590145597,
      -4.414321990865574,
      0.64287845520834
    ],
    "rotation": [
      0.004027503928815498,
      0.0009408004265843034,
      -0.971824093485448
    ]
  },
  {
    "label_id": "lZyBbVEUGKHI86ep9kmLgw",
    "size": [
      0.872308625603676,
      0.6996606541566454,
      1.9082143842119805
    ],
    "obj_class": "pedestrian",
    "point_num_in_lidar": 55,
    "speed": 2.2737367544323206e-12,
    "if_vehicle": false,
    "motion_state": false,
    "pose": [
      [
        -0.9463543355028259,
        0.3231186381292219,
        -0.002795955743885144,
        48.47214224374329
      ],
      [
        -0.3231103363059016,
        -0.9463563927769454,
        -0.0030476913385207713,
        21.508069284413068
      ],
      [
        -0.0036307364668881834,
        -0.001980793710780396,
        0.9999914470679153,
        0.6499868165379183
      ],
      [
        0.0,
        0.0,
        0.0,
        1.0
      ]
    ],
    "location": [
      48.47214224374329,
      21.508069284413068,
      0.6499868165379183
    ],
    "rotation": [
      -0.001980808061882095,
      0.0036307444438131624,
      -2.8125761252644037
    ]
  },
  {
    "label_id": "miUCgrw0d28mF4d4GaaTfg",
    "size": [
      0.7603092283514896,
      0.8180348372529171,
      1.7374134793072642
    ],
    "obj_class": "pedestrian",
    "point_num_in_lidar": 174,
    "speed": 1.3569360233226029,
    "if_vehicle": false,
    "motion_state": true,
    "pose": [
      [
        0.99721497430143,
        0.07452836815922159,
        -0.002795955743885144,
        17.56688782454148
      ],
      [
        -0.07453681088318384,
        0.9972136057038479,
        -0.0030476913385207713,
        -9.162502107297769
      ],
      [
        0.0025610256466351428,
        0.0032476050643414005,
        0.9999914470679153,
        0.8991463507796595
      ],
      [
        0.0,
        0.0,
        0.0,
        1.0
      ]
    ],
    "location": [
      17.56688782454148,
      -9.162502107297769,
      0.8991463507796595
    ],
    "rotation": [
      0.0032476214234733562,
      -0.002561028446208258,
      -0.07460624693659292
    ]
  },
  {
    "label_id": "oBgkabLveCc0Yw1MvBSHOA",
    "size": [
      0.8283111702763237,
      0.7942693187629959,
      1.8171851638005094
    ],
    "obj_class": "pedestrian",
    "point_num_in_lidar": 124,
    "speed": 1.1836770449469018,
    "if_vehicle": false,
    "motion_state": true,
    "pose": [
      [
        0.979586332256537,
        -0.2010044782776339,
        -0.002795955743885144,
        24.298538487637416
      ],
      [
        0.20099598309870204,
        0.9795873245176722,
        -0.0030476913385207713,
        -8.751297805305512
      ],
      [
        0.0033514824140728977,
        0.0024235009067089205,
        0.9999914470679153,
        0.9050539866625584
      ],
      [
        0.0,
        0.0,
        0.0,
        1.0
      ]
    ],
    "location": [
      24.298538487637416,
      -8.751297805305512,
      0.9050539866625584
    ],
    "rotation": [
      0.0024235168901247943,
      -0.0033514886883223224,
      0.20237569980717826
    ]
  },
  {
    "label_id": "skG246l1N6X1i6YSA_Q0Og",
    "size": [
      2.5894402093501716,
      7.428925470678697,
      2.7960974461957804
    ],
    "obj_class": "vehicle",
    "point_num_in_lidar": 165,
    "speed": 3.5950934718225418e-12,
    "if_vehicle": true,
    "motion_state": false,
    "pose": [
      [
        -0.9976018891929993,
        0.06915673004152934,
        -0.002795955743885144,
