[
  {
    "label_id": "-K1mhaiPD_bfqqGo9XGMqQ",
    "size": [
      0.7507335149669635,
      0.7899949617853979,
      1.7000000000000028
    ],
    "obj_class": "pedestrian",
    "point_num_in_lidar": 467,
    "speed": 0.28904160379471755,
    "if_vehicle": false,
    "motion_state": false,
    "pose": [
      [
        0.8055743800976679,
        0.5924881399916555,
        -0.0027788665830287052,
        14.785942387592513
      ],
      [
        -0.5924945983732905,
        0.8055675204380404,
        -0.0033348034095473556,
        -1.03244754789921
      ],
      [
        0.0002627331935580202,
        0.004332895629438251,
        0.9999905784489839,
        0.8532416911200045
      ],
      [
        0.0,
        0.0,
        0.0,
        1.0
      ]
    ],
    "location": [
      14.785942387592513,
      -1.03244754789921,
      0.8532416911200045
    ],
    "rotation": [
      0.004332909336720603,
      -0.0002627331965807101,
      -0.634152022917796
    ]
  },
  {
    "label_id": "-lw-pbHiNJGWsl32vhmuQQ",
    "size": [
      0.6444965489754453,
      0.11856601403023674,
      0.71051850150441
    ],
    "obj_class": "sign",
    "point_num_in_lidar": 23,
    "speed": 0.004181006893422147,
    "if_vehicle": false,
    "motion_state": false,
    "pose": [
      [
        -0.9999465616394313,
        -0.009957497978546986,
        -0.0027788665830287052,
        54.22317330158694
      ],
      [
        0.009966747606232227,
        -0.9999447699890096,
        -0.0033348034095473556,
        -1.7299006935427315
      ],
      [
        -0.0027455068079873645,
        -0.003362321464984771,
        0.9999905784489839,
        3.1526192044562578
      ],
      [
        0.0,
        0.0,
        0.0,
        1.0
      ]
    ],
    "location": [
      54.22317330158694,
      -1.7299006935427315,
      3.1526192044562578
    ],
    "rotation": [
      -0.0033623404727157373,
      0.0027455102571827595,
      3.1316257034008235
    ]
  },
  {
    "label_id": "5v-HhV-BedTvNkAgrUmSsA",
    "size": [
      2.122837831403961,
      5.033050925192189,
      1.480000000000004
    ],
    "obj_class": "vehicle",
    "point_num_in_lidar": 3100,
    "speed": 0.003062681507621049,
    "if_vehicle": true,
    "motion_state": false,
    "pose": [
      [
        -0.9947586226819807,
        0.10221330882210213,
        -0.0027788665830287052,
        12.453811702725943
      ],
      [
        -0.10220391664096101,
        -0.9947578793402277,
        -0.0033348034095473556,
        7.396599729043373
      ],
      [
        -0.0031051607198641228,
        -0.0030333133979882827,
        0.9999905784489839,
        0.6090568287779163
      ],
      [
        0.0,
        0.0,
        0.0,
        1.0
      ]
    ],
    "location": [
      12.453811702725943,
      7.396599729043373,
      0.6090568287779163
    ],
    "rotation": [
      -0.003033332673400619,
      0.0031051657098910036,
      -3.0392094691202582
    ]
  },
  {
    "label_id": "6ufHihRk7ljuRm35o3Ve6g",
    "size": [
      0.8855818262549364,
      0.8864430025332695,
      1.8700000000000045
    ],
    "obj_class": "pedestrian",
    "point_num_in_lidar": 27,
    "speed": 1.1368683772161603e-12,
    "if_vehicle": false,
    "motion_state": false,
    "pose": [
      [
        0.8691099441090132,
        0.4946111431734446,
        -0.0027788665830287052,
        47.294012877959176
      ],
      [
        -0.494618356680527,
        0.8691038835035054,
        -0.0033348034095473556,
        22.216328529117163
      ],
      [
        0.0007656928123934456,
        0.004272789227618338,
        0.9999905784489839,
        0.5865670572654196
      ],
      [
        0.0,
        0.0,
        0.0,
        1.0
      ]
    ],
    "location": [
      47.294012877959176,
      22.216328529117163,
      0.5865670572654196
    ],
    "rotation": [
      0.004272803481465918,
      -0.0007656928872125621,
      -0.517395824010889
    ]
  },
  {
    "label_id": "Abp2wF28Amdp-8SvcS3E1g",
    "size": [
      2.196294568927894,
      4.401772619467235,
      1.7100000000000009
    ],
    "obj_class": "vehicle",
    "point_num_in_lidar": 3000,
    "speed": 2.5421149729252077e-12,
    "if_vehicle": true,
    "motion_state": false,
    "pose": [
      [
        0.9995890321589539,
        0.02853146838210963,
        -0.0027788665830287052,
        14.714482925832272
      ],
      [
        -0.028540683130746806,
        0.9995870689903156,
        -0.0033348034095473556,
        -0.00024195664445869625
      ],
      [
        0.0026825722648047452,
        0.0034127436631986646,
        0.9999905784489839,
        0.9051725465776315
      ],
      [
        0.0,
        0.0,
        0.0,
        1.0
      ]
    ],
    "location": [
      14.714482925832272,
      -0.00024195664445869625,
      0.9051725465776315
    ],
    "rotation": [
      0.0034127625673552957,
      -0.0026825754822002172,
      -0.028544662019829678
    ]
  },
  {
    "label_id": "BWvewDT0hJdWZfzsS5N52A",
    "size": [
      0.8672735484489982,
      0.9365148916588351,
      1.7102353335570868
    ],
    "obj_class": "pedestrian",
    "point_num_in_lidar": 24,
    "speed": 1.4623102700697739,
    "if_vehicle": false,
    "motion_state": true,
    "pose": [
      [
        0.587424426624242,
        -0.8092742556795529,
        -0.0027788665830287052,
        67.93386337847187
      ],
      [
        0.8092674366577788,
        0.5874309278983936,
        -0.0033348034095473556,
        15.876420184911694
      ],
      [
        0.0043311627224734625,
        -0.0002899012557036781,
        0.9999905784489839,
        0.9386007205869902
      ],
      [
        0.0,
        0.0,
        0.0,
        1.0
      ]
    ],
    "location": [
      67.93386337847187,
      15.876420184911694,
      0.9386007205869902
    ],
    "rotation": [
      -0.0002899039789272876,
      -0.0043311762639467516,
      0.9429169205878362
    ]
  },
  {
    "label_id": "C4NxoX3efnXfwLAduEGZxw",
    "size": [
      2.002831474961664,
      4.45394267847577,
      1.5900000000000034
    ],
    "obj_class": "vehicle",
    "point_num_in_lidar": 1298,
    "speed": 6.431098710768743e-12,
    "if_vehicle": true,
    "motion_state": false,
    "pose": [
      [
        0.5637937002214418,
        0.825910976734859,
        -0.0027788665830287052,
        16.627299012514413
      ],
      [
        -0.8259147978301165,
        0.5637850883195276,
        -0.0033348034095473556,
        -4.547454089850362
      ],
      [
        -0.001187567199256972,
        0.004175248185898804,
        0.9999905784489839,
        0.6528784552083522
      ],
      [
        0.0,
        0.0,
        0.0,
        1.0
      ]
    ],
    "location": [
      16.627299012514413,
      -4.547454089850362,
      0.6528784552083522
    ],
    "rotation": [
      0.004175263261205141,
      0.0011875674783979571,
      -0.9718238817062035
    ]
  },
  {
    "label_id": "D-j8uA5tzbpXhUFsbPfY1w",
    "size": [
      0.9873273858200052,
      0.7573816566762264,
      1.5740498284474072
    ],
    "obj_class": "pedestrian",
    "point_num_in_lidar": 37,
    "speed": 0.8754030784498779,
    "if_vehicle": false,
    "motion_state": false,
    "pose": [
      [
        0.9996299722430843,
        -0.027059129583270513,
        -0.0027788665830287052,
        34.99625100866979
      ],
      [
        0.027049819980983426,
        0.9996285241654602,
        -0.0033348034095473556,
        -8.677616558110458
      ],
      [
        0.002868071178839374,
        0.003258401598899869,
        0.9999905784489839,
        0.974132430634846
      ],
      [
        0.0,
        0.0,
        0.0,
        1.0
      ]
    ],
    "location": [
      34.99625100866979,
      -8.677616558110458,
      0.974132430634846
    ],
    "rotation": [
      0.0032584207664536923,
      -0.0028680751108993464,
      0.02705323105555333
    ]
  },
  {
    "label_id": "DV-QVxiC5bGWoAdie1BT7w",
    "size": [
      2.1232088259573834,
      4.640056433527341,
      1.5305185015044103
    ],
    "obj_class": "vehicle",
    "point_num_in_lidar": 310,
    "speed": 0.8687544361278855,
    "if_vehicle": true,
    "motion_state": false,
    "pose": [
      [
        0.998945812472937,
        -0.04582075559500873,
        -0.0027788665830287052,
        29.187248980997538
      ],
      [
        0.04581142044814099,
        0.9989445394228567,
        -0.0033348034095473556,
        1.2956885738458368
      ],
      [
        0.0029287368108874487,
        0.0032039840759833867,
        0.9999905784489839,
        0.8326192044560372
      ],
      [
        0.0,
        0.0,
        0.0,
        1.0
      ]
    ],
    "location": [
      29.187248980997538,
      1.2956885738458368,
      0.8326192044560372
    ],
    "rotation": [
      0.0032040032990104453,
      -0.0029287409977766044,
      0.04582765624803556
    ]
  },
  {
    "label_id": "Djbr-wq3c_Wu_emcmW1Dog",
    "size": [
      2.459956087835261,
      5.612823795445765,
      2.270518501504405
    ],
    "obj_class": "vehicle",
    "point_num_in_lidar": 13909,
    "speed": 3.5950934718225418e-12,
    "if_vehicle": true,
    "motion_state": false,
    "pose": [
      [
        0.6979157793309815,
        0.7161744500199253,
        -0.0027788665830287052,
        6.414921689996845
      ],
      [
        -0.7161797005239163,
        0.6979079564267004,
        -0.0033348034095473556,
        -4.570807764146593
      ],
      [
        -0.00044890789961313764,
        0.004317579757719274,
        0.9999905784489839,
        0.9800687498080265
      ],
      [
        0.0,
        0.0,
        0.0,
        1.0
      ]
    ],
    "location": [
      6.414921689996845,
      -4.570807764146593,
      0.9800687498080265
    ],
    "rotation": [
      0.004317593607228481,
      0.00044890791469033196,
      -0.7983130662452181
    ]
  },
  {
    "label_id": "EB8EchWMY1Oagsjrk4KwsA",
    "size": [
      2.2039397856438336,
      4.8606414627357974,
      1.6200000000000045
    ],
    "obj_class": "vehicle",
    "point_num_in_lidar": 35,
    "speed": 4.099037227506402e-12,
    "if_vehicle": true,
    "motion_state": false,
    "pose": [
      [
        0.6763884299242672,
        0.7365398629844133,
        -0.0027788665830287052,
        68.75947913958225
      ],
      [
        -0.7365448793831822,
        0.6763804548777508,
        -0.0033348034095473556,
        -2.6366225702367956
      ],
      [
        -0.0005766446028744272,
        0.004302382394508663,
        0.9999905784489839,
        0.8066471474137202
      ],
      [
        0.0,
        0.0,
        0.0,
        1.0
      ]
    ],
    "location": [
      68.75947913958225,
      -2.6366225702367956,
      0.8066471474137202
    ],
    "rotation": [
      0.004302396383142076,
      0.0005766446348319796,
      -0.8279480420222661
    ]
  },
  {
    "label_id": "Fyvr9wj_mD3-PKw_3XcdnA",
    "size": [
      0.7829285216742291,
      0.8748261895378542,
      1.7744533473011828
    ],
    "obj_class": "pedestrian",
    "point_num_in_lidar": 21,
    "speed": 0.9999388678295342,
    "if_vehicle": false,
    "motion_state": false,
    "pose": [
      [
        0.9999029320373881,
        -0.01365299980033911,
        -0.0027788665830287052,
        74.31816104786412
      ],
      [
        0.013643710451764941,
        0.9999013592606663,
        -0.0033348034095473556,
        15.845601962028013
      ],
      [
        0.002824122543859166,
        0.0032965656559317508,
        0.9999905784489839,
        0.9908172259829939
      ],
      [
        0.0,
        0.0,
        0.0,
        1.0
      ]
    ],
    "location": [
      74.31816104786412,
      15.845601962028013,
      0.9908172259829939
    ],
    "rotation": [
      0.0032965847730873133,
      -0.0028241262979166737,
      0.013644188199486661
    ]
  },
  {
    "label_id": "G96MfK6U70_2CEKJH1g1gA",
    "size": [
      2.050767647742152,
      4.751621205894719,
      1.783059185505671
    ],
    "obj_class": "vehicle",
    "point_num_in_lidar": 4658,
    "speed": 1.1368683772161603e-12,
    "if_vehicle": true,
    "motion_state": false,
    "pose": [
      [
        -0.9991526213580367,
        0.041064791901059466,
        -0.0027788665830287052,
        6.1541660873626824
      ],
      [
        -0.04105546292027661,
        -0.999151303882761,
        -0.0033348034095473556,
        6.997459129313938
      ],
      [
        -0.0029134511777933695,
        -0.0032178899144030284,
        0.9999905784489839,
        0.7285414617594057
      ],
      [
        0.0,
        0.0,
        0.0,
        1.0
      ]
    ],
    "location": [
      6.1541660873626824,
      6.997459129313938,
      0.7285414617594057
    ],
    "rotation": [
      -0.003217909125072277,
      0.0029134552994674093,
      -3.1005254740079873
    ]
  },
  {
    "label_id": "GvNSnjQZk7nOuKBrSduqOA",
    "size": [
      2.1579955411792673,
      4.7553734910656065,
      1.5499999999999972
    ],
    "obj_class": "vehicle",
    "point_num_in_lidar": 99,
    "speed": 2.856489651450931,
    "if_vehicle": true,
    "motion_state": true,
    "pose": [
      [
        -0.9989739602421271,
        0.045202927545401186,
        -0.0027788665830287052,
        53.45341230403574
      ],
      [
        -0.04519359318766372,
        -0.9989726814187702,
        -0.0033348034095473556,
        6.626578279261594
      ],
      [
        -0.0029267546786531273,
        -0.003205794802788278,
        0.9999905784489839,
        0.6710547649218555
      ],
      [
        0.0,
        0.0,
        0.0,
        1.0
      ]
    ],
    "location": [
      53.45341230403574,
      6.626578279261594,
      0.6710547649218555
    ],
    "rotation": [
      -0.0032058140242764693,
      0.002926758857047111,
      -3.0963834681265037
    ]
  },
  {
    "label_id": "H1UceUMUw7amJjkZPWl6qg",
    "size": [
      0.6970462820060165,
      0.7653631564612301,
      1.6941567563163105
    ],
    "obj_class": "pedestrian",
    "point_num_in_lidar": 51,
    "speed": 1.449155844299207,
    "if_vehicle": false,
    "motion_state": true,
    "pose": [
      [
        -0.9992916270651626,
        0.03753028081394687,
        -0.0027788665830287052,
        47.553686030907556
      ],
      [
        -0.037520956551768486,
        -0.9992902765991771,
        -0.0033348034095473556,
        -6.016259946678474
      ],
      [
        -0.002902050464806585,
        -0.0032281753927440476,
        0.9999905784489839,
        0.8910085174775801
      ],
      [
        0.0,
        0.0,
        0.0,
        1.0
      ]
    ],
    "location": [
      47.553686030907556,
      -6.016259946678474,
      0.8910085174775801
    ],
    "rotation": [
      -0.0032281945934724407,
      0.002902054538283659,
      -3.104062729539
    ]
  },
  {
    "label_id": "ImNXxSqrOhGjnDuh8WZ_rw",
    "size": [
      0.700649984995316,
      0.8057173953675747,
      1.5600000000000023
    ],
    "obj_class": "pedestrian",
    "point_num_in_lidar": 36,
    "speed": 1.1125327631340716,
    "if_vehicle": false,
    "motion_state": true,
    "pose": [
      [
        -0.9978108249866724,
        -0.06607446889631402,
        -0.0027788665830287052,
        58.19847143273364
      ],
      [
        0.06608360336322239,
        -0.9978085169273471,
        -0.0033348034095473556,
        -5.390026103537821
      ],
      [
        -0.0025524313797913784,
        -0.0035111404583209973,
        0.9999905784489839,
        0.8556711139387119
      ],
      [
        0.0,
        0.0,
        0.0,
        1.0
      ]
    ],
    "location": [
      58.19847143273364,
      -5.390026103537821,
      0.8556711139387119
    ],
    "rotation": [
      -0.0035111591101483993,
      0.002552434151274567,
      3.0754606414030605
    ]
  },
  {
    "label_id": "J8-j5tMTE7dijlXHKvNmRw",
    "size": [
      1.8686382631255294,
      4.258107369427481,
      1.7700000000000031
    ],
    "obj_class": "vehicle",
    "point_num_in_lidar": 86,
    "speed": 2.5421149729252077e-12,
    "if_vehicle": true,
    "motion_state": false,
    "pose": [
      [
        0.08394560341691615,
        0.9964664638448619,
        -0.0027788665830287052,
        38.593940286067664
      ],
      [
        -0.9964655483130395,
        0.08393622645445321,
        -0.0033348034095473556,
        -13.49626390451158
      ],
      [
        -0.0030897721863296325,
        0.0030489868978377235,
        0.9999905784489839,
        1.030313310576311
      ],
      [
        0.0,
        0.0,
        0.0,
        1.0
      ]
    ],
    "location": [
      38.593940286067664,
      -13.49626390451158,
      1.030313310576311
    ],
    "rotation": [
      0.003049006175959212,
      0.0030897771025347387,
      -1.4867514150788146
    ]
  },
  {
    "label_id": "JYZGrjHhOWIfmt9jVFankA",
    "size": [
      0.8855818262457006,
      0.8864430025332695,
      1.9033832664799561
    ],
    "obj_class": "pedestrian",
    "point_num_in_lidar": 23,
    "speed": 0.007889971364492428,
    "if_vehicle": false,
    "motion_state": false,
    "pose": [
      [
        0.5832442181242381,
        0.8122921025869696,
        -0.0027788665830287052,
        47.9804604353194
      ],
      [
        -0.8122961270758532,
        0.58323569937358,
        -0.0033348034095473556,
        22.778613061484066
      ],
      [
        -0.0010881002782367993,
        0.004202267370254218,
        0.9999905784489839,
        0.5285228086540954
      ],
      [
        0.0,
        0.0,
        0.0,
        1.0
      ]
    ],
    "location": [
      47.9804604353194,
      22.778613061484066,
      0.5285228086540954
    ],
    "rotation": [
      0.004202282226048573,
      0.0010881004929485165,
      -0.9480790283374007
    ]
  },
  {
    "label_id": "LVurOGR3dPZTYlctUjwF1w",
    "size": [
      0.8553806403939841,
      0.9205835426103812,
      1.5600000000000023
    ],
    "obj_class": "pedestrian",
    "point_num_in_lidar": 126,
    "speed": 0.903736105063173,
    "if_vehicle": false,
    "motion_state": false,
    "pose": [
      [
        0.9988680821516852,
        -0.04748507511974634,
        -0.0027788665830287052,
        23.708400457398966
      ],
      [
        0.047475737864756805,
        0.9988668246570293,
        -0.0033348034095473556,
        12.443723506126844
      ],
      [
        0.0029340710303473543,
        0.003199099944590465,
        0.9999905784489839,
        0.7941870489134715
      ],
      [
        0.0,
        0.0,
        0.0,
        1.0
      ]
    ],
    "location": [
      23.708400457398966,
      12.443723506126844,
      0.7941870489134715
    ],
    "rotation": [
      0.0031991191716636263,
      -0.0029340752401554814,
      0.047493795186642214
    ]
  },
  {
    "label_id": "MgUHjjRH5WfE7KTO3UAfsQ",
    "size": [
      2.122082204683363,
      4.89751997057426,
      1.4830591855056667
    ],
    "obj_class": "vehicle",
    "point_num_in_lidar": 3962,
    "speed": 2.2737367544323206e-12,
    "if_vehicle": true,
    "motion_state": false,
    "pose": [
      [
        -0.9924468206085764,
        0.12264414443601547,
        -0.0027788665830287052,
        0.6649122067392454
      ],
      [
        -0.12263473895696597,
        -0.9924462705291287,
        -0.0033348034095473556,
        6.701107151930046
      ],
      [
        -0.003166869887651105,
        -0.002968829463153952,
        0.9999905784489839,
        0.5829544234185136
      ],
      [
        0.0,
        0.0,
        0.0,
        1.0
      ]
    ],
    "location": [
      0.6649122067392454,
      6.701107151930046,
      0.5829544234185136
    ],
    "rotation": [
      -0.002968848711825439,
      0.0031668751811322594,
      -3.018647806186161
    ]
  },
  {
    "label_id": "OpmBDWgrhvbDWXPsj-xPxA",
    "size": [
      0.702651517016489,
      0.7358840794624211,
      1.68310318244977
    ],
    "obj_class": "pedestrian",
    "point_num_in_lidar": 37,
    "speed": 1.6077746776921857e-12,
    "if_vehicle": false,
    "motion_state": false,
    "pose": [
      [
        -0.9918255351499679,
        0.12757110066544708,
        -0.0027788665830287052,
        49.32563542090065
      ],
      [
        -0.1275616925706901,
        -0.9918250317846996,
        -0.0033348034095473556,
        18.733378725075454
      ],
      [
        -0.003181573978496727,
        -0.0029530662515349715,
        0.9999905784489839,
        0.6402111225099176
      ],
      [
        0.0,
        0.0,
        0.0,
        1.0
      ]
    ],
    "location": [
      49.32563542090065,
      18.733378725075454,
      0.6402111225099176
    ],
    "rotation": [
      -0.002953085489893599,
      0.0031815793460554663,
      -3.0136818051097705
    ]
  },
  {
    "label_id": "SV4MhXW_fLKMUyYTomC7iA",
    "size": [
      1.8745005814532092,
      4.026761972188614,
      1.730518501504406
    ],
    "obj_class": "vehicle",
    "point_num_in_lidar": 293,
    "speed": 3.2155493553843714e-12,
    "if_vehicle": true,
    "motion_state": false,
    "pose": [
      [
        0.5357876793795527,
        0.8443481749406387,
        -0.0027788665830287052,
        23.067769648012472
      ],
      [
        -0.8443517051694653,
        0.5357789442145297,
        -0.0033348034095473556,
        -3.943883484309481
      ],
      [
        -0.001326876968668972,
        0.004133087317807131,
        0.9999905784489839,
        0.8526192044561185
      ],
      [
        0.0,
        0.0,
        0.0,
        1.0
      ]
    ],
    "location": [
      23.067769648012472,
      -3.943883484309481,
      0.8526192044561185
    ],
    "rotation": [
      0.004133102723477936,
      0.0013268773580197629,
      -1.0053554173649684
    ]
  },
  {
    "label_id": "SkVKxXh2jIQZVXZoNdO_aw",
    "size": [
      0.8929253568943847,
      0.9206928310170497,
      1.7000000000000028
    ],
    "obj_class": "pedestrian",
    "point_num_in_lidar": 26,
    "speed": 0.26013427074733425,
    "if_vehicle": false,
    "motion_state": false,
    "pose": [
      [
        0.317898496356139,
        0.9481206800376308,
        -0.0027788665830287052,
        50.63161420638062
      ],
      [
        -0.9481220147198199,
        0.3178891698215734,
        -0.0033348034095473556,
        20.31579282265011
      ],
      [
        -0.0022784244853279417,
        0.0036948335728771878,
        0.9999905784489839,
        0.6148996319850681
      ],
      [
        0.0,
        0.0,
        0.0,
        1.0
      ]
    ],
    "location": [
      50.63161420638062,
      20.31579282265011,
      0.6148996319850681
    ],
    "rotation": [
      0.0036948515702269927,
      0.0022784264566322984,
      -1.247283279568804
    ]
  },
  {
    "label_id": "TBaMlPrcbb0tVmgFVZHKcA",
    "size": [
      0.8401860487472412,
      0.11186696262676982,
      0.8605185015044086
    ],
    "obj_class": "sign",
    "point_num_in_lidar": 37,
    "speed": 0.0030017805547441455,
    "if_vehicle": false,
    "motion_state": false,
    "pose": [
      [
        0.9990138958441975,
        0.04431155391895598,
        -0.0027788665830287052,
        53.877347751644265
      ],
      [
        -0.04432073652008126,
        0.9990117874182152,
        -0.0033348034095473556,
        10.268087599069986
      ],
      [
        0.002628350151016979,
        0.0034546763596972905,
        0.9999905784489839,
        2.887619204456179
      ],
      [
        0.0,
        0.0,
        0.0,
        1.0
      ]
    ],
    "location": [
      53.877347751644265,
      10.268087599069986,
      2.887619204456179
    ],
    "rotation": [
      0.0034546951645126204,
      -0.0026283531772318784,
      -0.044335412676382094
    ]
  },
  {
    "label_id": "V7YN8qOnLzj6EqMtbCjrbw",
    "size": [
      2.361603872962683,
      4.897855298287807,
      1.8405185015044054
    ],
    "obj_class": "vehicle",
    "point_num_in_lidar": 5620,
    "speed": 0.0,
    "if_vehicle": true,
    "motion_state": false,
    "pose": [
      [
        0.6910128347930024,
        0.7228371462866671,
        -0.0027788665830287052,
        2.9910673179401783
      ],
      [
        -0.7228423214977414,
        0.6910049618765233,
        -0.0033348034095473556,
        -4.770993855840061
      ],
      [
        -0.0004903091827185634,
        0.004313074329517653,
        0.9999905784489839,
        0.8476192044561941
      ],
      [
        0.0,
        0.0,
        0.0,
        1.0
      ]
    ],
    "location": [
      2.9910673179401783,
      -4.770993855840061,
      0.8476192044561941
    ],
    "rotation": [
      0.004313088220479453,
      0.000490309202363873,
      -0.8079069125982702
    ]
  },
  {
    "label_id": "Xhv1ib3Sd4Npw2uCm8OIgA",
    "size": [
      0.7032178819230512,
      0.8587069967628569,
      1.7415277018557802
    ],
    "obj_class": "pedestrian",
    "point_num_in_lidar": 41,
    "speed": 0.6901249239540717,
    "if_vehicle": false,
    "motion_state": false,
    "pose": [
      [
        -0.836467931340273,
        -0.5480088299834576,
        -0.0027788665830287052,
        53.80970395611803
      ],
      [
        0.548015650248047,
        -0.8364614313699286,
        -0.0033348034095473556,
        -3.094601771226735
      ],
      [
        -0.0004969130049353623,
        -0.004312318486861611,
        0.9999905784489839,
        0.9188647162165395
      ],
      [
        0.0,
        0.0,
        0.0,
        1.0
      ]
    ],
    "location": [
      53.80970395611803,
      -3.094601771226735,
      0.9188647162165395
    ],
    "rotation": [
      -0.004312332384760452,
      0.0004969130253852011,
      2.5616024793227816
    ]
  },
  {
    "label_id": "XsywigB-Q40d0u9u21SmQg",
    "size": [
      0.7289434170518536,
      0.9162428550820471,
      1.9424134016137273
    ],
    "obj_class": "pedestrian",
    "point_num_in_lidar": 50,
    "speed": 1.547236190267484,
    "if_vehicle": false,
    "motion_state": true,
    "pose": [
      [
        0.9757205940633866,
        -0.21900137036353376,
        -0.0027788665830287052,
        37.07873549241049
      ],
      [
        0.2189919561314841,
        0.9757209653563491,
        -0.0033348034095473556,
        -6.056535319396062
      ],
      [
        0.003441724901573123,
        0.0026452869350022837,
        0.9999905784489839,
        1.0313776320180708
      ],
      [
        0.0,
        0.0,
        0.0,
        1.0
      ]
    ],
    "location": [
      37.07873549241049,
      -6.056535319396062,
      1.0313776320180708
    ],
    "rotation": [
      0.0026453056876247485,
      -0.003441731696417692,
      0.2207825586527142
    ]
  },
  {
    "label_id": "YmfytkE-ukfBRofAX1HVww",
    "size": [
      0.6442834931367785,
      0.7097897537460085,
      1.5500000000000043
    ],
    "obj_class": "pedestrian",
    "point_num_in_lidar": 86,
    "speed": 1.3859281410472757,
    "if_vehicle": false,
    "motion_state": true,
    "pose": [
      [
        0.9960207867118684,
        -0.08907788916664013,
        -0.0027788665830287052,
        25.516836181435792
      ],
      [
        0.08906850761214916,
        0.9960199194985832,
        -0.0033348034095473556,
        -8.62995592236257
      ],
      [
        0.003064863718833747,
        0.0030740240161031395,
        0.9999905784489839,
        0.8338774846094594
      ],
      [
        0.0,
        0.0,
        0.0,
        1.0
      ]
    ],
    "location": [
      25.516836181435792,
      -8.62995592236257,
      0.8338774846094594
    ],
    "rotation": [
      0.003074043295441302,
      -0.0030648685170972007,
      0.08918711639349763
    ]
  },
  {
    "label_id": "aOalNxxJ9uA_4VqI2Wr-pw",
    "size": [
      1.0000000000045182,
      1.0,
      1.7608367811754064
    ],
    "obj_class": "pedestrian",
    "point_num_in_lidar": 41,
    "speed": 0.9075084834786767,
    "if_vehicle": false,
    "motion_state": false,
    "pose": [
      [
        0.9557402188414434,
        -0.29419876272585427,
        -0.0027788665830287052,
        54.548559451177425
      ],
      [
        0.29418940585753683,
        0.9557413209479901,
        -0.0033348034095473556,
        -2.2578159795084503
      ],
      [
        0.0036369726558248745,
        0.002369692631415403,
        0.9999905784489839,
        0.9345400282537497
      ],
      [
        0.0,
        0.0,
        0.0,
        1.0
      ]
    ],
    "location": [
      54.548559451177425,
      -2.2578159795084503,
      0.9345400282537497
    ],
    "rotation": [
      0.0023697105220705783,
      -0.003636980673924394,
      0.2986093174973446
    ]
  },
  {
    "label_id": "aphnxehbBGUVAa3NaGJV7A",
    "size": [
      2.0433480586155763,
      4.555124657205895,
      1.5400000000000063
    ],
    "obj_class": "vehicle",
    "point_num_in_lidar": 25,
    "speed": 5.329960973408519,
    "if_vehicle": true,
    "motion_state": true,
    "pose": [
      [
        -0.9982025557905996,
        0.059865979601344765,
        -0.0027788665830287052,
        74.18245980420761
      ],
      [
        -0.059856627472908645,
        -0.9982014141613851,
        -0.0033348034095473556,
        8.086412925091281
      ],
      [
        -0.0029735098258355267,
        -0.0031624757046121122,
        0.9999905784489839,
        0.7937398209615978
      ],
      [
        0.0,
        0.0,
        0.0,
        1.0
      ]
    ],
    "location": [
      74.18245980420761,
      8.086412925091281,
      0.7937398209615978
    ],
    "rotation": [
      -0.0031624949571781905,
      0.0029735142076966732,
      -3.08169996072546
    ]
  },
  {
    "label_id": "bof1aeoD2plQ-sVhmz6tng",
    "size": [
      2.0777450502138404,
      4.382102305572195,
      1.6253959798867612
    ],
    "obj_class": "vehicle",
    "point_num_in_lidar": 294,
    "speed": 5.563366631682012,
    "if_vehicle": true,
    "motion_state": true,
    "pose": [
      [
        -0.9977739529981158,
        0.0666289473054152,
        -0.0027788665830287052,
        33.81842036941816
      ],
      [
        -0.066619587655436,
        -0.9977728747700247,
        -0.0033348034095473556,
        5.307391512171307
      ],
      [
        -0.002994872139799557,
        -0.0031422530345048168,
        0.9999905784489839,
        0.7633813336742108
      ],
      [
        0.0,
        0.0,
        0.0,
        1.0
      ]
    ],
    "location": [
      33.81842036941816,
      5.307391512171307,
      0.7633813336742108
    ],
    "rotation": [
      -0.0031422722975053387,
      0.0029948766167816757,
      -3.0749233896551074
    ]
  },
  {
    "label_id": "c3SCJxumyZ0SBk4CZmOJ6g",
    "size": [
      0.9673409614789661,
      1.0650027170117071,
      1.9586854736991413
    ],
    "obj_class": "pedestrian",
    "point_num_in_lidar": 130,
    "speed": 1.2914532047596385,
    "if_vehicle": false,
    "motion_state": true,
    "pose": [
      [
        0.9892247675931153,
        -0.1463784037379175,
        -0.0027788665830287052,
        31.325229079768178
      ],
      [
        0.14636898778224455,
        0.9892244429358894,
        -0.0033348034095473556,
        11.986896359776438
      ],
      [
        0.0032370659474590365,
        0.0028921302388383954,
        0.9999905784489839,
        1.0083531679585533
      ],
      [
        0.0,
        0.0,
        0.0,
        1.0
      ]
    ],
    "location": [
      31.325229079768178,
      11.986896359776438,
      1.0083531679585533
    ],
    "rotation": [
      0.0028921494235988406,
      -0.003237071600803381,
      0.14689749872797428
    ]
  },
  {
    "label_id": "cEBTjT2GdLcTLHmXu-PHfw",
    "size": [
      0.862587260371647,
      0.8538088650045665,
      1.7592707532064438
    ],
    "obj_class": "pedestrian",
    "point_num_in_lidar": 84,
    "speed": 1.4474812209735244,
    "if_vehicle": false,
    "motion_state": true,
    "pose": [
      [
        -0.9764712777236312,
        0.21562959370479007,
        -0.0027788665830287052,
        14.14256361410662
      ],
      [
        -0.21562017824633614,
        -0.9764716164944263,
        -0.0033348034095473556,
        -9.35374603162927
      ],
      [
        -0.0034325666486384274,
        -0.0026571600383223917,
        0.9999905784489839,
        0.9010396281056359
      ],
      [
        0.0,
        0.0,
        0.0,
        1.0
      ]
    ],
    "location": [
      14.14256361410662,
      -9.35374603162927,
      0.9010396281056359
    ],
    "rotation": [
      -0.0026571788193511707,
      0.0034325733893848173,
      -2.924264449420934
    ]
  },
  {
    "label_id": "fNy8PC-BmuP16FOJ9FFzIw",
    "size": [
      2.1476594433774294,
      5.107156534927326,
      1.980000000000004
    ],
    "obj_class": "vehicle",
    "point_num_in_lidar": 4977,
    "speed": 1.3830600733622805e-11,
    "if_vehicle": true,
    "motion_state": false,
    "pose": [
      [
        0.7587980202700102,
        0.6513200767171445,
        -0.0027788665830287052,
        9.769325689434481
      ],
      [
        -0.6513260016373362,
        0.7587906949069291,
        -0.0033348034095473556,
        -4.6730783365128445
      ],
      [
        -6.344630695298414e-05,
        0.004340390285761907,
        0.9999905784489839,
        0.8495289039752407
      ],
      [
        0.0,
        0.0,
        0.0,
        1.0
      ]
    ],
    "location": [
      9.769325689434481,
      -4.6730783365128445,
      0.8495289039752407
    ],
    "rotation": [
      0.004340403922706798,
      6.344630699555063e-05,
      -0.7093306334354775
    ]
  },
  {
    "label_id": "gLdCcd_k3Lp-3dE0ol5ezA",
    "size": [
      2.1350699741361345,
      4.396070169772625,
      1.8305185015044074
    ],
    "obj_class": "vehicle",
    "point_num_in_lidar": 1028,
    "speed": 3.5950934718225418e-12,
    "if_vehicle": true,
    "motion_state": false,
    "pose": [
      [
        0.6806033216986664,
        0.7326468428876599,
        -0.0027788665830287052,
        19.920081230251526
      ],
      [
        -0.732651904962072,
        0.680595375565884,
        -0.0033348034095473556,
        -3.9800986740228836
      ],
      [
        -0.0005519494439319678,
        0.004305620173441393,
        0.9999905784489839,
        0.8926192044561461
      ],
      [
        0.0,
        0.0,
        0.0,
        1.0
      ]
    ],
    "location": [
      19.920081230251526,
      -3.9800986740228836,
      0.8926192044561461
    ],
    "rotation": [
      0.004305634132601406,
      0.000551949471957038,
      -0.8222103889031632
    ]
  },
  {
    "label_id": "l-XnejT-kWgZdox4WXTk1Q",
    "size": [
      2.002831474961663,
      4.45394267847577,
      1.5900000000000034
    ],
    "obj_class": "vehicle",
    "point_num_in_lidar": 3647,
    "speed": 2.2737367544323206e-12,
    "if_vehicle": true,
    "motion_state": false,
    "pose": [
      [
        0.5637937002214418,
        0.825910976734859,
        -0.0027788665830287052,
        13.066347590145597
      ],
      [
        -0.8259147978301165,
        0.5637850883195276,
        -0.0033348034095473556,
        -4.414321990865574
      ],
      [
        -0.001187567199256972,
        0.004175248185898804,
        0.9999905784489839,
        0.6428784552083329
      ],
      [
        0.0,
        0.0,
        0.0,
        1.0
      ]
    ],
    "location": [
      13.066347590145597,
      -4.414321990865574,
      0.6428784552083329
    ],
    "rotation": [
      0.004175263261205141,
      0.0011875674783979571,
      -0.9718238817062035
    ]
  },
  {
    "label_id": "lKDSzFUMV-iZb8osI_vVhg",
    "size": [
      2.0750237041075357,
      4.716712819747884,
      1.5364505435900142
    ],
    "obj_class": "vehicle",
    "point_num_in_lidar": 45,
    "speed": 8.345840123129118,
    "if_vehicle": true,
    "motion_state": true,
    "pose": [
      [
        0.9977081106065222,
        -0.06760772093834697,
        -0.0027788665830287052,
        73.36055732546811
      ],
      [
        0.06759836023514101,
        0.9977070415606676,
        -0.0033348034095473556,
        4.174701641182764
      ],
      [
        0.0029979532157422967,
        0.0031393135846587107,
        0.9999905784489839,
        0.9073534060907988
      ],
      [
        0.0,
        0.0,
        0.0,
        1.0
      ]
    ],
    "location": [
      73.36055732546811,
      4.174701641182764,
      0.9073534060907988
    ],
    "rotation": [
      0.003139332848961592,
      -0.002997957706556213,
      0.06765025307874457
    ]
  },
  {
    "label_id": "lZyBbVEUGKHI86ep9kmLgw",
    "size": [
      0.8723086256036792,
      0.6996606541566454,
      1.9082143842119805
    ],
    "obj_class": "pedestrian",
    "point_num_in_lidar": 51,
    "speed": 0.03777627171254938,
    "if_vehicle": false,
    "motion_state": false,
    "pose": [
      [
        -0.9463543805823061,
        0.3231186535209524,
        -0.0027788665830287052,
        48.475560769722506
      ],
      [
        -0.3231093344832913,
        -0.9463557666416917,
        -0.0033348034095473556,
        21.53556801215018
      ],
      [
        -0.0037073336030271314,
        -0.002258028082745688,
        0.9999905784489839,
        0.6642721733536234
      ],
      [
        0.0,
        0.0,
        0.0,
        1.0
      ]
    ],
    "location": [
      48.475560769722506,
      21.53556801215018,
      0.6642721733536234
    ],
    "rotation": [
      -0.002258045519313817,
      0.0037073420955443985,
      -2.812577087922181
    ]
  },
  {
    "label_id": "miUCgrw0d28mF4d4GaaTfg",
    "size": [
      0.7603092283559214,
      0.8180348372529171,
      1.7374134793072642
    ],
    "obj_class": "pedestrian",
    "point_num_in_lidar": 115,
    "speed": 1.4352225774930245,
    "if_vehicle": false,
    "motion_state": true,
    "pose": [
      [
        0.9985699810451633,
        0.05338792799852777,
        -0.0027788665830287052,
        13.947509037694545
      ],
      [
        -0.05339709106089757,
        0.9985677892624285,
        -0.0033348034095473556,
        -8.842730529780965
      ],
      [
        0.002596848416152054,
        0.003478417969441118,
        0.9999905784489839,
        0.9077155543230333
      ],
      [
        0.0,
        0.0,
        0.0,
        1.0
      ]
    ],
    "location": [
      13.947509037694545,
      -8.842730529780965,
      0.9077155543230333
    ],
    "rotation": [
      0.0034784367126338726,
      -0.0025968513348547983,
      -0.05342267871337506
    ]
  },
  {
    "label_id": "oBgkabLveCc0Yw1MvBSHOA",
    "size": [
      0.8283111702818171,
      0.7942693187629959,
      1.8171851638005094
    ],
    "obj_class": "pedestrian",
    "point_num_in_lidar": 99,
    "speed": 1.246214647772148,
    "if_vehicle": false,
    "motion_state": true,
    "pose": [
      [
        0.98814974163143,
        -0.1534678012296128,
        -0.0027788665830287052,
        21.153702255563985
      ],
      [
        0.1534583831880737,
        0.9881494844989406,
        -0.0033348034095473556,
        -9.415500980678189
      ],
      [
        0.003257720528307396,
        0.0028688447546088795,
        0.9999905784489839,
        0.9770529948012694
      ],
      [
        0.0,
        0.0,
        0.0,
        1.0
      ]
    ],
    "location": [
      21.153702255563985,
      -9.415500980678189,
      0.9770529948012694
    ],
    "rotation": [
      0.0028688639131913014,
      -0.0032577262905600594,
      0.15406799177568656
    ]
  },
  {
    "label_id": "skG246l1N6X1i6YSA_Q0Og",
    "size": [
      2.5894402093501707,
      7.428925470678697,
      2.7960974461957804
    ],
    "obj_class": "vehicle",
    "point_num_in_lidar": 189,
    "speed": 3.5950934718225418e-12,
    "if_vehicle": true,
    "motion_state": false,
    "pose": [
      [
        -0.9976019367136546,
        0.06915673333580286,
