[
  {
    "label_id": "-K1mhaiPD_bfqqGo9XGMqQ",
    "size": [
      0.7507335149713033,
      0.7899949617853979,
      1.7000000000000028
    ],
    "obj_class": "pedestrian",
    "point_num_in_lidar": 555,
    "speed": 0.2827305810756654,
    "if_vehicle": false,
    "motion_state": false,
    "pose": [
      [
        0.9954050333402873,
        0.09571062461930578,
        -0.002880266620282442,
        14.597324710885005
      ],
      [
        -0.09571982077251964,
        0.9954030275306713,
        -0.003244794916497135,
        -1.1782554773089942
      ],
      [
        0.0025564647657051885,
        0.0035055837967087325,
        0.9999905876407769,
        0.8532416911199903
      ],
      [
        0.0,
        0.0,
        0.0,
        1.0
      ]
    ],
    "location": [
      14.597324710885005,
      -1.1782554773089942,
      0.8532416911199903
    ],
    "rotation": [
      0.0035056024323563166,
      -0.002556467550347779,
      -0.09586690966939959
    ]
  },
  {
    "label_id": "-lw-pbHiNJGWsl32vhmuQQ",
    "size": [
      0.644496548975445,
      0.11856601403023674,
      0.71051850150441
    ],
    "obj_class": "sign",
    "point_num_in_lidar": 22,
    "speed": 0.004181006925625261,
    "if_vehicle": false,
    "motion_state": false,
    "pose": [
      [
        -0.9999462747343482,
        -0.009957495121531441,
        -0.002880266620282442,
        54.22073638922302
      ],
      [
        0.009966829454565774,
        -0.999945065299376,
        -0.003244794916497135,
        -1.730497477845347
      ],
      [
        -0.002847798364146549,
        -0.0032733277152162954,
        0.9999905876407769,
        3.1526192044562222
      ],
      [
        0.0,
        0.0,
        0.0,
        1.0
      ]
    ],
    "location": [
      54.22073638922302,
      -1.730497477845347,
      3.1526192044562222
    ],
    "rotation": [
      -0.003273346834107491,
      0.002847802213413609,
      3.131625618696691
    ]
  },
  {
    "label_id": "5v-HhV-BedTvNkAgrUmSsA",
    "size": [
      2.122837831403962,
      5.033050925192189,
      1.480000000000004
    ],
    "obj_class": "vehicle",
    "point_num_in_lidar": 3094,
    "speed": 0.00306268153186796,
    "if_vehicle": true,
    "motion_state": false,
    "pose": [
      [
        -0.9947583372654232,
        0.10221327949501828,
        -0.002880266620282442,
        12.45563633168058
      ],
      [
        -0.10220386841707996,
        -0.9947581819651116,
        -0.003244794916497135,
        7.3968197141366545
      ],
      [
        -0.003196829916470895,
        -0.002933412405236534,
        0.9999905876407769,
        0.6078506583023682
      ],
      [
        0.0,
        0.0,
        0.0,
        1.0
      ]
    ],
    "location": [
      12.45563633168058,
      7.3968197141366545,
      0.6078506583023682
    ],
    "rotation": [
      -0.0029334316017186196,
      0.0031968353616145155,
      -3.039209487920876
    ]
  },
  {
    "label_id": "6ufHihRk7ljuRm35o3Ve6g",
    "size": [
      0.8855818262549408,
      0.8864430025332695,
      1.8700000000000045
    ],
    "obj_class": "pedestrian",
    "point_num_in_lidar": 27,
    "speed": 1.1368683772161603e-12,
    "if_vehicle": false,
    "motion_state": false,
    "pose": [
      [
        0.8691096947436227,
        0.49461100125941687,
        -0.002880266620282442,
        47.29401287796645
      ],
      [
        -0.49461857171703866,
        0.869104101830469,
        -0.003244794916497135,
        22.216328529109887
      ],
      [
        0.0008983402715227385,
        0.0042447160812708485,
        0.9999905876407769,
        0.5865670572653912
      ],
      [
        0.0,
        0.0,
        0.0,
        1.0
      ]
    ],
    "location": [
      47.29401287796645,
      22.216328529109887,
      0.5865670572653912
    ],
    "rotation": [
      0.004244730540775702,
      -0.0008983403923518311,
      -0.5173961342421755
    ]
  },
  {
    "label_id": "Abp2wF28Amdp-8SvcS3E1g",
    "size": [
      2.196294568927894,
      4.401772619467235,
      1.7100000000000009
    ],
    "obj_class": "vehicle",
    "point_num_in_lidar": 2979,
    "speed": 2.5421149729252077e-12,
    "if_vehicle": true,
    "motion_state": false,
    "pose": [
      [
        0.9995887453564535,
        0.028531460195848544,
        -0.002880266620282442,
        14.714482925832272
      ],
      [
        -0.028540770450848837,
        0.9995873627292523,
        -0.003244794916497135,
        -0.00024195664445869625
      ],
      [
        0.002786499377921493,
        0.0033256655079670935,
        0.9999905876407769,
        0.9062441220485908
      ],
      [
        0.0,
        0.0,
        0.0,
        1.0
      ]
    ],
    "location": [
      14.714482925832272,
      -0.00024195664445869625,
      0.9062441220485908
    ],
    "rotation": [
      0.0033256845496785078,
      -0.002786502983933084,
      -0.028544757490299395
    ]
  },
  {
    "label_id": "C4NxoX3efnXfwLAduEGZxw",
    "size": [
      2.002831474961665,
      4.45394267847577,
      1.5900000000000034
    ],
    "obj_class": "vehicle",
    "point_num_in_lidar": 1300,
    "speed": 6.431098710768743e-12,
    "if_vehicle": true,
    "motion_state": false,
    "pose": [
      [
        0.5637935384575197,
        0.8259107397641378,
        -0.002880266620282442,
        16.627299012507137
      ],
      [
        -0.8259150868777564,
        0.5637851900978404,
        -0.003244794916497135,
        -4.547454089850362
      ],
      [
        -0.0010560593058186623,
        0.004208250063462568,
        0.9999905876407769,
        0.6528784552083451
      ],
      [
        0.0,
        0.0,
        0.0,
        1.0
      ]
    ],
    "location": [
      16.627299012507137,
      -4.547454089850362,
      0.6528784552083451
    ],
    "rotation": [
      0.004208264831142011,
      0.0010560595021157654,
      -0.9718241782730335
    ]
  },
  {
    "label_id": "D-j8uA5tzbpXhUFsbPfY1w",
    "size": [
      0.9873273858066407,
      0.7573816566762264,
      1.5740498284474072
    ],
    "obj_class": "pedestrian",
    "point_num_in_lidar": 49,
    "speed": 0.8583798724191182,
    "if_vehicle": false,
    "motion_state": false,
    "pose": [
      [
        0.9993012281188904,
        -0.037266064244475074,
        -0.002880266620282442,
        35.50731426306447
      ],
      [
        0.03725668321809046,
        0.9993004607531895,
        -0.003244794916497135,
        -8.613311134096875
      ],
      [
        0.0029991724965586046,
        0.0031352183639940176,
        0.9999905876407769,
        0.9668559479314851
      ],
      [
        0.0,
        0.0,
        0.0,
        1.0
      ]
    ],
    "location": [
      35.50731426306447,
      -8.613311134096875,
      0.9668559479314851
    ],
    "rotation": [
      0.00313523760120237,
      -0.002999176992854066,
      0.03726547537444744
    ]
  },
  {
    "label_id": "DV-QVxiC5bGWoAdie1BT7w",
    "size": [
      2.1232088259577133,
      4.640056433527341,
      1.5305185015044103
    ],
    "obj_class": "vehicle",
    "point_num_in_lidar": 299,
    "speed": 0.5110067277600006,
    "if_vehicle": true,
    "motion_state": false,
    "pose": [
      [
        0.9991162457149034,
        -0.041933657278523315,
        -0.002880266620282442,
        29.61785015004716
      ],
      [
        0.041924272769921965,
        0.9991155221788234,
        -0.003244794916497135,
        1.3257137551845517
      ],
      [
        0.0030137852063052127,
        0.0031211742316466,
        0.9999905876407769,
        0.8226192044560889
      ],
      [
        0.0,
        0.0,
        0.0,
        1.0
      ]
    ],
    "location": [
      29.61785015004716,
      1.3257137551845517,
      0.8226192044560889
    ],
    "rotation": [
      0.0031211934740984874,
      -0.003013789768642773,
      0.041936754388690045
    ]
  },
  {
    "label_id": "DX4XHYOjhuavfiHWtty6bw",
    "size": [
      0.7633635672995528,
      0.9971149116720426,
      1.7568296477584084
    ],
    "obj_class": "pedestrian",
    "point_num_in_lidar": 20,
    "speed": 1.46105372371301,
    "if_vehicle": false,
    "motion_state": true,
    "pose": [
      [
        -0.9825838844548174,
        0.18579723914492965,
        -0.002880266620282442,
        68.12397317509021
      ],
      [
        -0.185787848532979,
        -0.9825845239181394,
        -0.003244794916497135,
        -6.877484737109626
      ],
      [
        -0.003432979342924202,
        -0.002653164654727371,
        0.9999905876407769,
        0.8964948249132476
      ],
      [
        0.0,
        0.0,
        0.0,
        1.0
      ]
    ],
    "location": [
      68.12397317509021,
      -6.877484737109626,
      0.8964948249132476
    ],
    "rotation": [
      -0.002653183401893063,
      0.003432986086102194,
      -2.954717929640801
    ]
  },
  {
    "label_id": "Djbr-wq3c_Wu_emcmW1Dog",
    "size": [
      2.459956087835262,
      5.612823795445765,
      2.270518501504405
    ],
    "obj_class": "vehicle",
    "point_num_in_lidar": 13913,
    "speed": 3.5950934718225418e-12,
    "if_vehicle": true,
    "motion_state": false,
    "pose": [
      [
        0.6979155790846959,
        0.7161742445348546,
        -0.002880266620282442,
        6.414921689996845
      ],
      [
        -0.7161799676600393,
        0.6979081065788065,
        -0.003244794916497135,
        -4.570807764146593
      ],
      [
        -0.00031367712458941533,
        0.004327382178124346,
        0.9999905876407769,
        0.9792953758445719
      ],
      [
        0.0,
        0.0,
        0.0,
        1.0
      ]
    ],
    "location": [
      6.414921689996845,
      -4.570807764146593,
      0.9792953758445719
    ],
    "rotation": [
      0.004327395897063318,
      0.0003136771297333721,
      -0.7983133960961079
    ]
  },
  {
    "label_id": "EB8EchWMY1Oagsjrk4KwsA",
    "size": [
      2.2039397856438363,
      4.8606414627357974,
      1.6200000000000045
    ],
    "obj_class": "vehicle",
    "point_num_in_lidar": 40,
    "speed": 4.099037227506402e-12,
    "if_vehicle": true,
    "motion_state": false,
    "pose": [
      [
        0.676388235854616,
        0.7365396516560914,
        -0.002880266620282442,
        68.75947913958953
      ],
      [
        -0.7365451508511531,
        0.6763805970484383,
        -0.003244794916497135,
        -2.6366225702367956
      ],
      [
        -0.0004417636612069306,
        0.004316187521606996,
        0.9999905876407769,
        0.8066471474137131
      ],
      [
        0.0,
        0.0,
        0.0,
        1.0
      ]
    ],
    "location": [
      68.75947913958953,
      -2.6366225702367956,
      0.8066471474137131
    ],
    "rotation": [
      0.00431620134427079,
      0.00044176367557567273,
      -0.8279483685811547
    ]
  },
  {
    "label_id": "Fyvr9wj_mD3-PKw_3XcdnA",
    "size": [
      0.7829285216703398,
      0.8748261895378542,
      1.7744533473011828
    ],
    "obj_class": "pedestrian",
    "point_num_in_lidar": 21,
    "speed": 1.018169649166555,
    "if_vehicle": false,
    "motion_state": true,
    "pose": [
      [
        0.9989885895505664,
        0.044872062711290205,
        -0.002880266620282442,
        74.9347639236803
      ],
      [
        -0.044881349114080454,
        0.9989870548749117,
        -0.003244794916497135,
        15.822960146950209
      ],
      [
        0.0027317484272721374,
        0.0033707833487388508,
        0.9999905876407769,
        1.0045148620528082
      ],
      [
        0.0,
        0.0,
        0.0,
        1.0
      ]
    ],
    "location": [
      74.9347639236803,
      15.822960146950209,
      1.0045148620528082
    ],
    "rotation": [
      0.003370802309304948,
      -0.0027317518248726473,
      -0.0448965981033067
    ]
  },
  {
    "label_id": "G96MfK6U70_2CEKJH1g1gA",
    "size": [
      2.0507676477421537,
      4.751621205894719,
      1.783059185505671
    ],
    "obj_class": "vehicle",
    "point_num_in_lidar": 4666,
    "speed": 1.1368683772161603e-12,
    "if_vehicle": true,
    "motion_state": false,
    "pose": [
      [
        -0.9991523346807514,
        0.041064780118732186,
        -0.002880266620282442,
        6.1541660873554065
      ],
      [
        -0.041055396242887954,
        -0.9991516029838962,
        -0.003244794916497135,
        6.997459129321214
      ],
      [
        -0.003011069800452546,
        -0.0031237939289974876,
        0.9999905876407769,
        0.7266089858874878
      ],
      [
        0.0,
        0.0,
        0.0,
        1.0
      ]
    ],
    "location": [
      6.1541660873554065,
      6.997459129321214,
      0.7266089858874878
    ],
    "rotation": [
      -0.003123813170564861,
      0.003011074350469248,
      -3.100525528859688
    ]
  },
  {
    "label_id": "GvNSnjQZk7nOuKBrSduqOA",
    "size": [
      2.1579955411945577,
      4.7553734910656065,
      1.5499999999999972
    ],
    "obj_class": "vehicle",
    "point_num_in_lidar": 126,
    "speed": 3.7128099115297557,
    "if_vehicle": true,
    "motion_state": true,
    "pose": [
      [
        -0.9990585318201287,
        0.043286880941053846,
        -0.002880266620282442,
        51.51193173843785
      ],
      [
        -0.043277495461060675,
        -0.9990578209956457,
        -0.003244794916497135,
        6.570486138611159
      ],
      [
        -0.003018009944774418,
        -0.0031170893197471276,
        0.9999905876407769,
        0.6890689950991558
      ],
      [
        0.0,
        0.0,
        0.0,
        1.0
      ]
    ],
    "location": [
      51.51193173843785,
      6.570486138611159,
      0.6890689950991558
    ],
    "rotation": [
      -0.003117108563492775,
      0.0030180145263254588,
      -3.0983014400794375
    ]
  },
  {
    "label_id": "H1UceUMUw7amJjkZPWl6qg",
    "size": [
      0.6970462820108178,
      0.7653631564612301,
      1.6941567563163105
    ],
    "obj_class": "pedestrian",
    "point_num_in_lidar": 43,
    "speed": 1.5432958040313278,
    "if_vehicle": false,
    "motion_state": true,
    "pose": [
      [
        -0.9996434180898911,
        0.026546953379913123,
        -0.002880266620282442,
        46.68420714734384
      ],
      [
        -0.026537581122603137,
        -0.9996425501618622,
        -0.003244794916497135,
        -6.047969787177863
      ],
      [
        -0.0029653764888208567,
        -0.0031672025722374285,
        0.9999905876407769,
        0.8636026483118258
      ],
      [
        0.0,
        0.0,
        0.0,
        1.0
      ]
    ],
    "location": [
      46.68420714734384,
      -6.047969787177863,
      0.8636026483118258
    ],
    "rotation": [
      -0.0031672217928796677,
      0.002965380834823517,
      -3.1150518399406746
    ]
  },
  {
    "label_id": "ImNXxSqrOhGjnDuh8WZ_rw",
    "size": [
      0.7006499850004332,
      0.8057173953675747,
      1.5600000000000023
    ],
    "obj_class": "pedestrian",
    "point_num_in_lidar": 36,
    "speed": 1.0818425487546015,
    "if_vehicle": false,
    "motion_state": true,
    "pose": [
      [
        -0.9999128827033529,
        -0.01288142337115542,
        -0.002880266620282442,
        57.54134277383855
      ],
      [
        0.012890754127740382,
        -0.9999116459787674,
        -0.003244794916497135,
        -5.363837547447474
      ],
      [
        -0.0028382145600723456,
        -0.003281641047560235,
        0.9999905876407769,
        0.8556711139387048
      ],
      [
        0.0,
        0.0,
        0.0,
        1.0
      ]
    ],
    "location": [
      57.54134277383855,
      -5.363837547447474,
      0.8556711139387048
    ],
    "rotation": [
      -0.0032816601553976098,
      0.002838218370607695,
      3.128701490497488
    ]
  },
  {
    "label_id": "J8-j5tMTE7dijlXHKvNmRw",
    "size": [
      1.868638263125528,
      4.258107369427481,
      1.7700000000000031
    ],
    "obj_class": "vehicle",
    "point_num_in_lidar": 83,
    "speed": 2.5421149729252077e-12,
    "if_vehicle": true,
    "motion_state": false,
    "pose": [
      [
        0.08394557933120948,
        0.9964661779382898,
        -0.002880266620282442,
        38.59394028606039
      ],
      [
        -0.9964658500022399,
        0.08393617268653165,
        -0.003244794916497135,
        -13.496263904504303
      ],
      [
        -0.0029915698322122136,
        0.0031424735150891382,
        0.9999905876407769,
        1.0303133105763536
      ],
      [
        0.0,
        0.0,
        0.0,
        1.0
      ]
    ],
    "location": [
      38.59394028606039,
      -13.496263904504303,
      1.0303133105763536
    ],
    "rotation": [
      0.0031424927491045603,
      0.0029915742944009306,
      -1.4867514644053295
    ]
  },
  {
    "label_id": "JYZGrjHhOWIfmt9jVFankA",
    "size": [
      0.8855818262456975,
      0.8864430025332695,
      1.9033832664799561
    ],
    "obj_class": "pedestrian",
    "point_num_in_lidar": 26,
    "speed": 0.009019560047159701,
    "if_vehicle": false,
    "motion_state": false,
    "pose": [
      [
        0.5832440507795771,
        0.812291869523773,
        -0.002880266620282442,
        47.98538379346428
      ],
      [
        -0.8122964136254982,
        0.583235807986018,
        -0.003244794916497135,
        22.776101436917088
      ],
      [
        -0.0009558458994471056,
        0.004232137576987431,
        0.9999905876407769,
        0.5285228086541025
      ],
      [
        0.0,
        0.0,
        0.0,
        1.0
      ]
    ],
    "location": [
      47.98538379346428,
      22.776101436917088,
      0.5285228086541025
    ],
    "rotation": [
      0.004232152144063804,
      0.0009558460449972271,
      -0.9480793313995621
    ]
  },
  {
    "label_id": "LVurOGR3dPZTYlctUjwF1w",
    "size": [
      0.8553806403975943,
      0.9205835426103812,
      1.5600000000000023
    ],
    "obj_class": "pedestrian",
    "point_num_in_lidar": 135,
    "speed": 0.8845863619884548,
    "if_vehicle": false,
    "motion_state": false,
    "pose": [
      [
        0.9990940191224975,
        -0.04245992248992751,
        -0.002880266620282442,
        24.236165596768842
      ],
      [
        0.04245053760151515,
        0.9990933005296814,
        -0.003244794916497135,
        12.48556632589316
      ],
      [
        0.0030154288247136347,
        0.0031195863278846835,
        0.9999905876407769,
        0.7775181393290396
      ],
      [
        0.0,
        0.0,
        0.0,
        1.0
      ]
    ],
    "location": [
      24.236165596768842,
      12.48556632589316,
      0.7775181393290396
    ],
    "rotation": [
      0.0031196055708518546,
      -0.003015433394519729,
      0.04246349077646755
    ]
  },
  {
    "label_id": "MgUHjjRH5WfE7KTO3UAfsQ",
    "size": [
      2.1220822046833625,
      4.89751997057426,
      1.4830591855056667
    ],
    "obj_class": "vehicle",
    "point_num_in_lidar": 3964,
    "speed": 2.2737367544323206e-12,
    "if_vehicle": true,
    "motion_state": false,
    "pose": [
      [
        -0.9924465358553219,
        0.12264410924690645,
        -0.002880266620282442,
        0.6649122067392454
      ],
      [
        -0.12263469696530716,
        -0.9924465740815357,
        -0.003244794916497135,
        6.701107151937322
      ],
      [
        -0.003256465721963395,
        -0.0028670648502809146,
        0.9999905876407769,
        0.5820497955619004
      ],
      [
        0.0,
        0.0,
        0.0,
        1.0
      ]
    ],
    "location": [
      0.6649122067392454,
      6.701107151937322,
      0.5820497955619004
    ],
    "rotation": [
      -0.002867083980380273,
      0.0032564714775601003,
      -3.018647812940078
    ]
  },
  {
    "label_id": "OpmBDWgrhvbDWXPsj-xPxA",
    "size": [
      0.7026515170164905,
      0.7358840794624211,
      1.68310318244977
    ],
    "obj_class": "pedestrian",
    "point_num_in_lidar": 40,
    "speed": 1.6077746776921857e-12,
    "if_vehicle": false,
    "motion_state": false,
    "pose": [
      [
        -0.9918252505749724,
        0.12757106406269947,
        -0.002880266620282442,
        49.32563542090065
      ],
      [
        -0.1275616520869892,
        -0.9918253355418924,
        -0.003244794916497135,
        18.73337872508273
      ],
      [
        -0.0032706633472745234,
        -0.002850857962584931,
        0.9999905876407769,
        0.6372484509375411
      ],
      [
        0.0,
        0.0,
        0.0,
        1.0
      ]
    ],
    "location": [
      49.32563542090065,
      18.73337872508273,
      0.6372484509375411
    ],
    "rotation": [
      -0.002850877072610412,
      0.0032706691784803654,
      -3.013681808961711
    ]
  },
  {
    "label_id": "SV4MhXW_fLKMUyYTomC7iA",
    "size": [
      1.8745005814532056,
      4.026761972188614,
      1.730518501504406
    ],
    "obj_class": "vehicle",
    "point_num_in_lidar": 273,
    "speed": 3.2155493553843714e-12,
    "if_vehicle": true,
    "motion_state": false,
    "pose": [
      [
        0.5357875256511312,
        0.8443479326799079,
        -0.002880266620282442,
        23.067769648012472
      ],
      [
        -0.8443519974667898,
        0.5357790362451594,
        -0.003244794916497135,
        -3.943883484302205
      ],
      [
        -0.0011965494057706017,
        0.004170479513627769,
        0.9999905876407769,
        0.8526192044561256
      ],
      [
        0.0,
        0.0,
        0.0,
        1.0
      ]
    ],
    "location": [
      23.067769648012472,
      -3.943883484302205,
      0.8526192044561256
    ],
    "rotation": [
      0.004170494588707966,
      0.0011965496912934948,
      -1.0053557037755856
    ]
  },
  {
    "label_id": "TBaMlPrcbb0tVmgFVZHKcA",
    "size": [
      0.8401860487472405,
      0.11186696262676982,
      0.8605185015044086
    ],
    "obj_class": "sign",
    "point_num_in_lidar": 34,
    "speed": 0.003001780579062471,
    "if_vehicle": false,
    "motion_state": false,
    "pose": [
      [
        0.9990136092067157,
        0.04431154120505954,
        -0.002880266620282442,
        53.875556918021175
      ],
      [
        -0.044320828467466815,
        0.9990120797417352,
        -0.003244794916497135,
        10.268281470314832
      ],
      [
        0.0027336392828947306,
        0.003369250083483516,
        0.9999905876407769,
        2.887619204456179
      ],
      [
        0.0,
        0.0,
        0.0,
        1.0
      ]
    ],
    "location": [
      53.875556918021175,
      10.268281470314832,
      2.887619204456179
    ],
    "rotation": [
      0.0033692690470314415,
      -0.0027336426875553717,
      -0.04433551723783411
    ]
  },
  {
    "label_id": "V7YN8qOnLzj6EqMtbCjrbw",
    "size": [
      2.3616038729626836,
      4.897855298287807,
      1.8405185015044054
    ],
    "obj_class": "vehicle",
    "point_num_in_lidar": 5633,
    "speed": 0.0,
    "if_vehicle": true,
    "motion_state": false,
    "pose": [
      [
        0.6910126365273127,
        0.7228369388899326,
        -0.002880266620282442,
        2.9910673179401783
      ],
      [
        -0.7228425900620977,
        0.6910051094588723,
        -0.003244794916497135,
        -4.770993855840061
      ],
      [
        -0.00035517867354739905,
        0.004324173674113472,
        0.9999905876407769,
        0.8476192044561799
      ],
      [
        0.0,
        0.0,
        0.0,
        1.0
      ]
    ],
    "location": [
      2.9910673179401783,
      -4.770993855840061,
      0.8476192044561799
    ],
    "rotation": [
      0.004324187422891807,
      0.0003551786810151429,
      -0.807907241494579
    ]
  },
  {
    "label_id": "Xhv1ib3Sd4Npw2uCm8OIgA",
    "size": [
      0.7032178819194674,
      0.8587069967628569,
      1.7415277018557802
    ],
    "obj_class": "pedestrian",
    "point_num_in_lidar": 32,
    "speed": 0.5554258705328595,
    "if_vehicle": false,
    "motion_state": false,
    "pose": [
      [
        -0.8865071359176284,
        -0.46270595633870937,
        -0.002880266620282442,
        53.4928965735744
      ],
      [
        0.46271372501181657,
        -0.8865018217644219,
        -0.003244794916497135,
        -2.8794994965501246
      ],
      [
        -0.0010519756710868494,
        -0.00420927274496204,
        0.9999905876407769,
        0.9094389369661187
      ],
      [
        0.0,
        0.0,
        0.0,
        1.0
      ]
    ],
    "location": [
      53.4928965735744,
      -2.8794994965501246,
      0.9094389369661187
    ],
    "rotation": [
      -0.004209287504151783,
      0.0010519758651155852,
      2.660538462361137
    ]
  },
  {
    "label_id": "XsywigB-Q40d0u9u21SmQg",
    "size": [
      0.7289434170505332,
      0.9162428550820471,
      1.9424134016137273
    ],
    "obj_class": "pedestrian",
    "point_num_in_lidar": 50,
    "speed": 1.6748831279495853,
    "if_vehicle": false,
    "motion_state": true,
    "pose": [
      [
        0.9814248070414984,
        -0.1918255775118474,
        -0.002880266620282442,
        38.033670559423626
      ],
      [
        0.19181619100234465,
        0.9814255041394134,
        -0.003244794916497135,
        -5.842055257067841
      ],
      [
        0.0034492017786311897,
        0.0026320404526386618,
        0.9999905876407769,
        1.031377632018021
      ],
      [
        0.0,
        0.0,
        0.0,
        1.0
      ]
    ],
    "location": [
      38.033670559423626,
      -5.842055257067841,
      1.031377632018021
    ],
    "rotation": [
      0.002632059148495485,
      -0.003449208617855988,
      0.19301352985513812
    ]
  },
  {
    "label_id": "YmfytkE-ukfBRofAX1HVww",
    "size": [
      0.6442834931307587,
      0.7097897537460085,
      1.5500000000000043
    ],
    "obj_class": "pedestrian",
    "point_num_in_lidar": 86,
    "speed": 1.3977529328357168,
    "if_vehicle": false,
    "motion_state": true,
    "pose": [
      [
        0.9965537797825305,
        -0.0828991439361578,
        -0.002880266620282442,
        26.352326473992434
      ],
      [
        0.08288973764103201,
        0.996553441968744,
        -0.003244794916497135,
        -8.552133854929707
      ],
      [
        0.0031393303350561587,
        0.002994868094162928,
        0.9999905876407769,
        0.8361032479066708
      ],
      [
        0.0,
        0.0,
        0.0,
        1.0
      ]
    ],
    "location": [
      26.352326473992434,
      -8.552133854929707,
      0.8361032479066708
    ],
    "rotation": [
      0.0029948873291061207,
      -0.0031393354916357504,
      0.08298536072582507
    ]
  },
  {
    "label_id": "aOalNxxJ9uA_4VqI2Wr-pw",
    "size": [
      0.9999999999991053,
      1.0,
      1.7608367811754064
    ],
    "obj_class": "pedestrian",
    "point_num_in_lidar": 31,
    "speed": 1.0441887604974756,
    "if_vehicle": false,
    "motion_state": true,
    "pose": [
      [
        0.8101955329689087,
        0.5861526272409108,
        -0.002880266620282442,
        54.9469730258279
      ],
      [
        -0.5861595448895404,
        0.8101891502858062,
        -0.003244794916497135,
        -2.5378251184665714
      ],
      [
        0.0004316157005204548,
        0.004317214118051493,
        0.9999905876407769,
        0.9345400282537568
      ],
      [
        0.0,
        0.0,
        0.0,
        1.0
      ]
    ],
    "location": [
      54.9469730258279,
      -2.5378251184665714,
      0.9345400282537568
    ],
    "rotation": [
      0.004317227931248387,
      -0.00043161571392155603,
      -0.6263105766599796
    ]
  },
  {
    "label_id": "aphnxehbBGUVAa3NaGJV7A",
    "size": [
      2.0433480586230415,
      4.555124657205895,
      1.5400000000000063
    ],
    "obj_class": "vehicle",
    "point_num_in_lidar": 26,
    "speed": 5.089416487263167,
    "if_vehicle": true,
    "motion_state": true,
    "pose": [
      [
        -0.9985323143457155,
        0.05408254128261176,
        -0.002880266620282442,
        71.03898630502226
      ],
      [
        -0.05407314866799383,
        -0.9985317050044424,
        -0.003244794916497135,
        7.906969308693078
      ],
      [
        -0.003051524294243075,
        -0.003084287492385105,
        0.9999905876407769,
        0.7325473226838852
      ],
      [
        0.0,
        0.0,
        0.0,
        1.0
      ]
    ],
    "location": [
      71.03898630502226,
      7.906969308693078,
      0.7325473226838852
    ],
    "rotation": [
      -0.0030843067427596565,
      0.00305152903012717,
      -3.08749286726497
    ]
  },
  {
    "label_id": "bof1aeoD2plQ-sVhmz6tng",
    "size": [
      2.077745050205754,
      4.382102305572195,
      1.6253959798867612
    ],
    "obj_class": "vehicle",
    "point_num_in_lidar": 366,
    "speed": 6.321367654838257,
    "if_vehicle": true,
    "motion_state": true,
    "pose": [
      [
        -0.9984245596807882,
        0.05603661919156158,
        -0.002880266620282442,
        30.305465726843977
      ],
      [
        -0.05602722540241714,
        -0.9984239687225345,
        -0.003244794916497135,
        5.095877422303602
      ],
      [
        -0.003057554567091902,
        -0.0030783095886044907,
        0.9999905876407769,
        0.7461690224625173
      ],
      [
        0.0,
        0.0,
        0.0,
        1.0
      ]
    ],
    "location": [
      30.305465726843977,
      5.095877422303602,
      0.7461690224625173
    ],
    "rotation": [
      -0.0030783288394700303,
      0.003057559331108063,
      -3.0855358123579055
    ]
  },
  {
    "label_id": "c3SCJxumyZ0SBk4CZmOJ6g",
    "size": [
      0.9673409614713394,
      1.0650027170117071,
      1.9586854736991413
    ],
    "obj_class": "pedestrian",
    "point_num_in_lidar": 119,
    "speed": 1.3238943730318578,
    "if_vehicle": false,
    "motion_state": true,
    "pose": [
      [
        0.9793252926019471,
        -0.20227129142393552,
        -0.002880266620282442,
        32.136940976881306
      ],
      [
        0.20226191287445763,
        0.9793260896689698,
        -0.003244794916497135,
        12.139916069165338
      ],
      [
        0.0034770491046109604,
        0.0025951414948250924,
        0.9999905876407769,
        1.0083531679585533
      ],
      [
        0.0,
        0.0,
        0.0,
        1.0
      ]
    ],
    "location": [
      32.136940976881306,
      12.139916069165338,
      1.0083531679585533
    ],
    "rotation": [
      0.0025951600954335157,
      -0.0034770561108279623,
      0.20366827066789364
    ]
  },
  {
    "label_id": "cEBTjT2GdLcTLHmXu-PHfw",
    "size": [
      0.8625872603722776,
      0.8538088650045665,
      1.7592707532064438
    ],
    "obj_class": "pedestrian",
    "point_num_in_lidar": 110,
    "speed": 1.3906816787202931,
    "if_vehicle": false,
    "motion_state": true,
    "pose": [
      [
        -0.9804462106650002,
        0.19676618626389594,
        -0.002880266620282442,
        13.311583836497448
      ],
      [
        -0.19675680338445092,
        -0.9804469550301447,
        -0.003244794916497135,
        -9.53079330833134
      ],
      [
        -0.0034624145584585043,
        -0.0026146348271629634,
        0.9999905876407769,
        0.8773714208482843
      ],
      [
        0.0,
        0.0,
        0.0,
        1.0
      ]
    ],
    "location": [
      13.311583836497448,
      -9.53079330833134,
      0.8773714208482843
    ],
    "rotation": [
      -0.0026146534789770227,
      0.0034624214765816446,
      -2.9435424921063533
    ]
  },
  {
    "label_id": "fNy8PC-BmuP16FOJ9FFzIw",
    "size": [
      2.1476594433774303,
      5.107156534927326,
      1.980000000000004
    ],
    "obj_class": "vehicle",
    "point_num_in_lidar": 4960,
    "speed": 1.3830600733622805e-11,
    "if_vehicle": true,
    "motion_state": false,
    "pose": [
      [
        0.758797802555367,
        0.651319889840117,
        -0.002880266620282442,
        9.769325689427205
      ],
      [
        -0.6513262543731625,
        0.758790868204261,
        -0.003244794916497135,
        -4.6730783365201205
      ],
      [
        7.212054189718048e-05,
        0.0043381365217654635,
        0.9999905876407769,
        0.8495289039752123
      ],
      [
        0.0,
        0.0,
        0.0,
        1.0
      ]
    ],
    "location": [
      9.769325689427205,
      -4.6730783365201205,
      0.8495289039752123
    ],
    "rotation": [
      0.0043381501400379385,
      -7.212054195970145e-05,
      -0.7093309670141318
    ]
  },
  {
    "label_id": "gLdCcd_k3Lp-3dE0ol5ezA",
    "size": [
      2.1350699741361336,
      4.396070169772625,
      1.8305185015044074
    ],
    "obj_class": "vehicle",
    "point_num_in_lidar": 1037,
    "speed": 3.5950934718225418e-12,
    "if_vehicle": true,
    "motion_state": false,
    "pose": [
      [
        0.680603126419679,
        0.7326466326763228,
        -0.002880266620282442,
        19.920081230258802
      ],
      [
        -0.7326521756098432,
        0.6805955192918284,
        -0.003244794916497135,
        -3.9800986740301596
      ],
      [
        -0.00041699151316682844,
        0.004318651170444973,
        0.9999905876407769,
        0.8926192044561461
      ],
      [
        0.0,
        0.0,
        0.0,
        1.0
      ]
    ],
    "location": [
      19.920081230258802,
      -3.9800986740301596,
      0.8926192044561461
    ],
    "rotation": [
      0.004318664970374607,
      0.000416991525251377,
      -0.8222107161785358
    ]
  },
  {
    "label_id": "kzp-3xNjfdJH_Q6nCsLIaw",
    "size": [
      0.8194303083078701,
      0.8507232528003885,
      1.8588466720492889
    ],
    "obj_class": "pedestrian",
    "point_num_in_lidar": 23,
    "speed": 0.9274083439930444,
    "if_vehicle": false,
    "motion_state": false,
    "pose": [
      [
        0.99964437025264,
        -0.026511074787697937,
        -0.002880266620282442,
        77.06292247381498
      ],
      [
        0.026501702561545114,
        0.9996435019882284,
        -0.003244794916497135,
        -7.162397247950139
      ],
      [
        0.002965262811660937,
        0.0031673090016320748,
        0.9999905876407769,
        1.1101817540112933
      ],
      [
        0.0,
        0.0,
        0.0,
        1.0
      ]
    ],
    "location": [
      77.06292247381498,
      -7.162397247950139,
      1.1101817540112933
    ],
    "rotation": [
      0.0031673282222084084,
      -0.0029652671571638056,
      0.026504922298005704
    ]
  },
  {
    "label_id": "l-XnejT-kWgZdox4WXTk1Q",
    "size": [
      2.0028314749616642,
      4.45394267847577,
      1.5900000000000034
    ],
    "obj_class": "vehicle",
    "point_num_in_lidar": 3665,
    "speed": 2.2737367544323206e-12,
    "if_vehicle": true,
    "motion_state": false,
    "pose": [
      [
        0.5637935384575197,
        0.8259107397641378,
        -0.002880266620282442,
        13.066347590152873
      ],
      [
        -0.8259150868777564,
        0.5637851900978404,
        -0.003244794916497135,
        -4.414321990865574
      ],
      [
        -0.0010560593058186623,
        0.004208250063462568,
        0.9999905876407769,
        0.6428784552083471
      ],
      [
        0.0,
        0.0,
        0.0,
        1.0
      ]
    ],
    "location": [
      13.066347590152873,
      -4.414321990865574,
      0.6428784552083471
    ],
    "rotation": [
      0.004208264831142011,
      0.0010560595021157654,
      -0.9718241782730335
    ]
  },
  {
    "label_id": "lKDSzFUMV-iZb8osI_vVhg",
    "size": [
      2.0750237041043293,
      4.716712819747884,
      1.5364505435900142
    ],
    "obj_class": "vehicle",
    "point_num_in_lidar": 35,
    "speed": 8.503929944100403,
    "if_vehicle": true,
    "motion_state": true,
    "pose": [
      [
        0.997683353762782,
        -0.06796785776264742,
        -0.002880266620282442,
        78.4866146395434
      ],
      [
        0.06795845758035327,
        0.997682875140818,
        -0.003244794916497135,
        4.528254862387257
      ],
      [
        0.0030941344422489524,
        0.003041539397628717,
        0.9999905876407769,
        0.9455630754515454
      ],
      [
        0.0,
        0.0,
        0.0,
        1.0
      ]
    ],
    "location": [
      78.4866146395434,
      4.528254862387257,
      0.9455630754515454
    ],
    "rotation": [
      0.0030415586466917624,
      -0.003094139379306177,
      0.06801120200040685
    ]
  },
  {
    "label_id": "lZyBbVEUGKHI86ep9kmLgw",
    "size": [
      0.8723086256036725,
      0.6996606541566454,
      1.9082143842119805
    ],
    "obj_class": "pedestrian",
    "point_num_in_lidar": 55,
    "speed": 0.022917359697124558,
    "if_vehicle": false,
    "motion_state": false,
    "pose": [
      [
        -0.9463541090539189,
        0.3231185608115996,
        -0.002880266620282442,
        48.47263063087303
      ],
      [
        -0.32310935549138026,
        -0.94635607236383,
        -0.003244794916497135,
        21.511997885463643
      ],
      [
        -0.003774211269678484,
        -0.0021400839109415363,
        0.9999905876407769,
        0.6642721733536447
      ],
      [
        0.0,
        0.0,
        0.0,
        1.0
      ]
    ],
    "location": [
      48.47263063087303,
      21.511997885463643,
      0.6642721733536447
    ],
    "rotation": [
      -0.0021401007871207655,
      0.0037742202301353743,
      -2.8125769803062215
    ]
  },
  {
    "label_id": "miUCgrw0d28mF4d4GaaTfg",
    "size": [
      0.7603092283506561,
      0.8180348372529171,
      1.7374134793072642
    ],
    "obj_class": "pedestrian",
    "point_num_in_lidar": 151,
    "speed": 1.4082053852242344,
    "if_vehicle": false,
    "motion_state": true,
    "pose": [
      [
        0.996602172787452,
        0.08231532821732376,
        -0.002880266620282442,
        14.804151901211299
      ],
      [
        -0.08232455051389213,
        0.996600290833108,
        -0.003244794916497135,
        -8.887532370819827
      ],
      [
        0.0026033781929010093,
        0.003470886318905644,
        0.9999905876407769,
        0.9017147537082764
      ],
      [
        0.0,
        0.0,
        0.0,
        1.0
      ]
    ],
    "location": [
      14.804151901211299,
      -8.887532370819827,
      0.9017147537082764
    ],
    "rotation": [
      0.003470905050166703,
      -0.002603381133676446,
      -0.08241810532651372
    ]
  },
  {
    "label_id": "oBgkabLveCc0Yw1MvBSHOA",
    "size": [
      0.8283111702808797,
      0.7942693187629959,
      1.8171851638005094
    ],
    "obj_class": "pedestrian",
    "point_num_in_lidar": 140,
    "speed": 1.207449901997935,
    "if_vehicle": false,
    "motion_state": true,
    "pose": [
      [
        0.9830140921032064,
        -0.18350748974007744,
        -0.002880266620282442,
        21.885484122751222
      ],
      [
        0.1834980976637778,
        0.9830147096863426,
        -0.003244794916497135,
        -9.29435746553645
      ],
      [
        0.0034267886254039613,
        0.0026611556833152253,
        0.9999905876407769,
        0.9550522344440964
      ],
      [
        0.0,
        0.0,
        0.0,
        1.0
      ]
    ],
    "location": [
      21.885484122751222,
      -9.29435746553645,
      0.9550522344440964
    ],
    "rotation": [
      0.002661174449274161,
      -0.003426795332167499,
      0.18454489477597322
    ]
  },
  {
    "label_id": "skG246l1N6X1i6YSA_Q0Og",
    "size": [
      2.5894402093501707,
      7.428925470678697,
      2.7960974461957804
    ],
    "obj_class": "vehicle",
    "point_num_in_lidar": 193,
    "speed": 3.5950934718225418e-12,
    "if_vehicle": true,
    "motion_state": false,
    "pose": [
      [
        -0.9976016504812921,
        0.06915671349332539,
        -0.002880266620282442,
        70.65619053889532
      ],
      [
