[
  {
    "label_id": "-K1mhaiPD_bfqqGo9XGMqQ",
    "size": [
      0.7507335149662437,
      0.7899949617853979,
      1.7000000000000028
    ],
    "obj_class": "pedestrian",
    "point_num_in_lidar": 325,
    "speed": 1.2016341397901502,
    "if_vehicle": false,
    "motion_state": true,
    "pose": [
      [
        0.998653667431274,
        -0.05171362636033347,
        -0.004068583872833023,
        17.095917100632505
      ],
      [
        0.05170313389741637,
        0.9986590005469432,
        -0.002643212395206278,
        -1.5675912339720526
      ],
      [
        0.004199818002281539,
        0.002429295215522597,
        0.9999882299574848,
        0.853241691119969
      ],
      [
        0.0,
        0.0,
        0.0,
        1.0
      ]
    ],
    "location": [
      17.095917100632505,
      -1.5675912339720526,
      0.853241691119969
    ],
    "rotation": [
      0.002429319029806762,
      -0.004199830348774387,
      0.05172665384173074
    ]
  },
  {
    "label_id": "-lw-pbHiNJGWsl32vhmuQQ",
    "size": [
      0.6444965489754451,
      0.11856601403023674,
      0.71051850150441
    ],
    "obj_class": "sign",
    "point_num_in_lidar": 28,
    "speed": 0.0033681638299582076,
    "if_vehicle": false,
    "motion_state": false,
    "pose": [
      [
        -0.999942146193929,
        -0.009957454009386819,
        -0.004068583872833023,
        54.209997625752294
      ],
      [
        0.00996825532715179,
        -0.9999468222430463,
        -0.002643212395206278,
        -1.725154676787497
      ],
      [
        -0.00404204784880638,
        -0.0026836161581732924,
        0.9999882299574848,
        3.152619204456215
      ],
      [
        0.0,
        0.0,
        0.0,
        1.0
      ]
    ],
    "location": [
      54.209997625752294,
      -1.725154676787497,
      3.152619204456215
    ],
    "rotation": [
      -0.0026836413023366115,
      0.004042058855485194,
      3.1316241517343197
    ]
  },
  {
    "label_id": "5v-HhV-BedTvNkAgrUmSsA",
    "size": [
      2.122837831403962,
      5.033050925192189,
      1.480000000000004
    ],
    "obj_class": "vehicle",
    "point_num_in_lidar": 3207,
    "speed": 0.003062681505323607,
    "if_vehicle": true,
    "motion_state": false,
    "pose": [
      [
        -0.9947542301447639,
        0.10221285748068976,
        -0.004068583872833023,
        12.467494457487192
      ],
      [
        -0.10220264851212515,
        -0.9947600876921735,
        -0.002643212395206278,
        7.398249380668858
      ],
      [
        -0.004317435141964753,
        -0.002213526663805264,
        0.9999882299574848,
        0.6000118474822713
      ],
      [
        0.0,
        0.0,
        0.0,
        1.0
      ]
    ],
    "location": [
      12.467494457487192,
      7.398249380668858,
      0.6000118474822713
    ],
    "rotation": [
      -0.0022135491020920835,
      0.0043174485550862675,
      -3.039210281679335
    ]
  },
  {
    "label_id": "6ufHihRk7ljuRm35o3Ve6g",
    "size": [
      0.8855818262549346,
      0.8864430025332695,
      1.8700000000000045
    ],
    "obj_class": "pedestrian",
    "point_num_in_lidar": 26,
    "speed": 1.1368683772161603e-12,
    "if_vehicle": false,
    "motion_state": false,
    "pose": [
      [
        0.8691061063963376,
        0.49460895912818637,
        -0.004068583872833023,
        47.294012877959176
      ],
      [
        -0.494620671682239,
        0.869104944510641,
        -0.002643212395206278,
        22.216328529117163
      ],
      [
        0.0022286698294877363,
        0.0043096377211524605,
        0.9999882299574848,
        0.5865670572654054
      ],
      [
        0.0,
        0.0,
        0.0,
        1.0
      ]
    ],
    "location": [
      47.294012877959176,
      22.216328529117163,
      0.5865670572654054
    ],
    "rotation": [
      0.004309661764789408,
      -0.0022286716744475965,
      -0.5173997342158918
    ]
  },
  {
    "label_id": "9KGiqkmEBgSGNEolhIVz1A",
    "size": [
      0.6676860043893934,
      0.8747499668482639,
      1.6388978100247868
    ],
    "obj_class": "pedestrian",
    "point_num_in_lidar": 59,
    "speed": 0.7999276361572721,
    "if_vehicle": false,
    "motion_state": false,
    "pose": [
      [
        -0.9900906361588854,
        -0.14037086170485408,
        -0.004068583872833023,
        30.751670255362114
      ],
      [
        0.14038218089741328,
        -0.9900938625780485,
        -0.002643212395206278,
        11.592126071940584
      ],
      [
        -0.003657249920291947,
        -0.0031881765191051786,
        0.9999882299574848,
        0.8189662730928262
      ],
      [
        0.0,
        0.0,
        0.0,
        1.0
      ]
    ],
    "location": [
      30.751670255362114,
      11.592126071940584,
      0.8189662730928262
    ],
    "rotation": [
      -0.003188203242163467,
      0.0036572580732513725,
      3.000744297856302
    ]
  },
  {
    "label_id": "Abp2wF28Amdp-8SvcS3E1g",
    "size": [
      2.196294568927894,
      4.401772619467235,
      1.7100000000000009
    ],
    "obj_class": "vehicle",
    "point_num_in_lidar": 2898,
    "speed": 2.5421149729252077e-12,
    "if_vehicle": true,
    "motion_state": false,
    "pose": [
      [
        0.9995846182921878,
        0.028531342396232964,
        -0.004068583872833023,
        14.714482925832272
      ],
      [
        -0.028542228715581684,
        0.9995890928817607,
        -0.002643212395206278,
        -0.00024195664445869625
      ],
      [
        0.003991497664884925,
        0.0027582409045743736,
        0.9999882299574848,
        0.9132082101000094
      ],
      [
        0.0,
        0.0,
        0.0,
        1.0
      ]
    ],
    "location": [
      14.714482925832272,
      -0.00024195664445869625,
      0.9132082101000094
    ],
    "rotation": [
      0.0027582663745536863,
      -0.003991508263753375,
      -0.02854633296357466
    ]
  },
  {
    "label_id": "C4NxoX3efnXfwLAduEGZxw",
    "size": [
      2.0028314749616634,
      4.45394267847577,
      1.5900000000000034
    ],
    "obj_class": "vehicle",
    "point_num_in_lidar": 1295,
    "speed": 6.431098710768743e-12,
    "if_vehicle": true,
    "motion_state": false,
    "pose": [
      [
        0.563791210688048,
        0.8259073297750632,
        -0.004068583872833023,
        16.627299012507137
      ],
      [
        -0.8259173436146819,
        0.5637850254704369,
        -0.002643212395206278,
        -4.547454089843086
      ],
      [
        0.00011075817102060883,
        0.004850533900922788,
        0.9999882299574848,
        0.6528784552083309
      ],
      [
        0.0,
        0.0,
        0.0,
        1.0
      ]
    ],
    "location": [
      16.627299012507137,
      -4.547454089843086,
      0.6528784552083309
    ],
    "rotation": [
      0.0048505529511770375,
      -0.0001107581712470608,
      -0.9718273731484567
    ]
  },
  {
    "label_id": "D-j8uA5tzbpXhUFsbPfY1w",
    "size": [
      0.987327385816301,
      0.7573816566762264,
      1.5740498284474143
    ],
    "obj_class": "pedestrian",
    "point_num_in_lidar": 28,
    "speed": 0.8060346632809188,
    "if_vehicle": false,
    "motion_state": false,
    "pose": [
      [
        0.9941555988836999,
        -0.10787998810466096,
        -0.004068583872833023,
        38.903222483095306
      ],
      [
        0.10786981268217934,
        0.9941615145136857,
        -0.002643212395206278,
        -8.42391637286346
      ],
      [
        0.004329979226694581,
        0.002188887021488882,
        0.9999882299574848,
        0.8434023471562924
      ],
      [
        0.0,
        0.0,
        0.0,
        1.0
      ]
    ],
    "location": [
      38.903222483095306,
      -8.42391637286346,
      0.8434023471562924
    ],
    "rotation": [
      0.0021889092891542775,
      -0.004329992757070166,
      0.10808112652182554
    ]
  },
  {
    "label_id": "DV-QVxiC5bGWoAdie1BT7w",
    "size": [
      2.1232088259536437,
      4.640056433527341,
      1.5305185015044103
    ],
    "obj_class": "vehicle",
    "point_num_in_lidar": 281,
    "speed": 1.118047266375546,
    "if_vehicle": true,
    "motion_state": true,
    "pose": [
      [
        0.9991130207246575,
        -0.04191203220699056,
        -0.004068583872833023,
        30.31837944295694
      ],
      [
        0.041901487918988865,
        0.9991182506282269,
        -0.002643212395206278,
        1.3845036202401388
      ],
      [
        0.004175778804596949,
        0.0024703882025964956,
        0.9999882299574848,
        0.8206196335577829
      ],
      [
        0.0,
        0.0,
        0.0,
        1.0
      ]
    ],
    "location": [
      30.31837944295694,
      1.3845036202401388,
      0.8206196335577829
    ],
    "rotation": [
      0.0024704122539107643,
      -0.004175790940290862,
      0.041914124579263606
    ]
  },
  {
    "label_id": "DX4XHYOjhuavfiHWtty6bw",
    "size": [
      0.7633635672963186,
      0.9971149116720426,
      1.7568296477584084
    ],
    "obj_class": "pedestrian",
    "point_num_in_lidar": 25,
    "speed": 1.458914085423164,
    "if_vehicle": false,
    "motion_state": true,
    "pose": [
      [
        -0.9999395544737637,
        -0.010214402776496902,
        -0.004068583872833023,
        62.443276389312814
      ],
      [
        0.010225205295481377,
        -0.9999442277471774,
        -0.002643212395206278,
        -7.106088848238869
      ],
      [
        -0.0040413581227161715,
        -0.002684654730203698,
        0.9999882299574848,
        0.8964948249132334
      ],
      [
        0.0,
        0.0,
        0.0,
        1.0
      ]
    ],
    "location": [
      62.443276389312814,
      -7.106088848238869,
      0.8964948249132334
    ],
    "rotation": [
      -0.0026846798791085092,
      0.004041369123761454,
      3.1313671865961483
    ]
  },
  {
    "label_id": "Djbr-wq3c_Wu_emcmW1Dog",
    "size": [
      2.4599560878352613,
      5.612823795445765,
      2.270518501504405
    ],
    "obj_class": "vehicle",
    "point_num_in_lidar": 13922,
    "speed": 3.5950934718225418e-12,
    "if_vehicle": true,
    "motion_state": false,
    "pose": [
      [
        0.6979126975572075,
        0.7161712876216776,
        -0.004068583872833023,
        6.414921689989569
      ],
      [
        -0.7161822189326211,
        0.6979083340331887,
        -0.002643212395206278,
        -4.570807764146593
      ],
      [
        0.000946505768030736,
        0.004758578918914093,
        0.9999882299574848,
        0.9742692768679788
      ],
      [
        0.0,
        0.0,
        0.0,
        1.0
      ]
    ],
    "location": [
      6.414921689989569,
      -4.570807764146593,
      0.9742692768679788
    ],
    "rotation": [
      0.004758599009599243,
      -0.0009465059093556466,
      -0.798317030988386
    ]
  },
  {
    "label_id": "EB8EchWMY1Oagsjrk4KwsA",
    "size": [
      2.2039397856438354,
      4.8606414627357974,
      1.6200000000000045
    ],
    "obj_class": "vehicle",
    "point_num_in_lidar": 34,
    "speed": 4.099037227506402e-12,
    "if_vehicle": true,
    "motion_state": false,
    "pose": [
      [
        0.6763854432084104,
        0.7365366106589896,
        -0.004068583872833023,
        68.75947913958225
      ],
      [
        -0.7365474078748989,
        0.6763807576956941,
        -0.002643212395206278,
        -2.6366225702295196
      ],
      [
        0.0008050891438382198,
        0.004784535292682343,
        0.9999882299574848,
        0.8066471474137131
      ],
      [
        0.0,
        0.0,
        0.0,
        1.0
      ]
    ],
    "location": [
      68.75947913958225,
      -2.6366225702295196,
      0.8066471474137131
    ],
    "rotation": [
      0.004784555097901427,
      -0.0008050892308104863,
      -0.8279519521169962
    ]
  },
  {
    "label_id": "G96MfK6U70_2CEKJH1g1gA",
    "size": [
      2.0507676477421537,
      4.751621205894719,
      1.783059185505671
    ],
    "obj_class": "vehicle",
    "point_num_in_lidar": 4667,
    "speed": 1.1368683772161603e-12,
    "if_vehicle": true,
    "motion_state": false,
    "pose": [
      [
        -0.9991482094183215,
        0.04106461057201837,
        -0.004068583872833023,
        6.1541660873554065
      ],
      [
        -0.04105406185202028,
        -0.9991534303767786,
        -0.002643212395206278,
        6.997459129321214
      ],
      [
        -0.004173682020985032,
        -0.0024739290378172464,
        0.9999882299574848,
        0.7140499711529742
      ],
      [
        0.0,
        0.0,
        0.0,
        1.0
      ]
    ],
    "location": [
      6.1541660873554065,
      6.997459129321214,
      0.7140499711529742
    ],
    "rotation": [
      -0.002473953109167095,
      0.004173694138406942,
      -3.1005266927705684
    ]
  },
  {
    "label_id": "GvNSnjQZk7nOuKBrSduqOA",
    "size": [
      2.157995541180409,
      4.7553734910656065,
      1.5499999999999972
    ],
    "obj_class": "vehicle",
    "point_num_in_lidar": 466,
    "speed": 6.99188653449018,
    "if_vehicle": true,
    "motion_state": true,
    "pose": [
      [
        -0.9979246594070948,
        0.06426368159780116,
        -0.004068583872833023,
        29.55548422045831
      ],
      [
        -0.06425325700693911,
        -0.9979301240027951,
        -0.002643212395206278,
        4.966186319601547
      ],
      [
        -0.004230024968492929,
        -0.0023763070639914083,
        0.9999882299574848,
        0.7055984350105504
      ],
      [
        0.0,
        0.0,
        0.0,
        1.0
      ]
    ],
    "location": [
      29.55548422045831,
      4.966186319601547,
      0.7055984350105504
    ],
    "rotation": [
      -0.00237633056054149,
      0.0042300375833123835,
      -3.077294526808228
    ]
  },
  {
    "label_id": "H1UceUMUw7amJjkZPWl6qg",
    "size": [
      0.697046282020655,
      0.7653631564612301,
      1.6941567563163105
    ],
    "obj_class": "pedestrian",
    "point_num_in_lidar": 36,
    "speed": 1.2565442457035585,
    "if_vehicle": false,
    "motion_state": true,
    "pose": [
      [
        -0.9999706950715528,
        0.006485030715843704,
        -0.004068583872833023,
        41.20667744064849
      ],
      [
        -0.006474307742224087,
        -0.9999755480847983,
        -0.002643212395206278,
        -6.462064308776462
      ],
      [
        -0.004085625701736585,
        -0.0026167936719883947,
        0.9999882299574848,
        0.8899003343865814
      ],
      [
        0.0,
        0.0,
        0.0,
        1.0
      ]
    ],
    "location": [
      41.20667744064849,
      -6.462064308776462,
      0.8899003343865814
    ],
    "rotation": [
      -0.002616818499010579,
      0.0040856370682624,
      -3.1351182465790157
    ]
  },
  {
    "label_id": "ImNXxSqrOhGjnDuh8WZ_rw",
    "size": [
      0.7006499849929239,
      0.8057173953675747,
      1.5600000000000023
    ],
    "obj_class": "pedestrian",
    "point_num_in_lidar": 38,
    "speed": 1.0967451726844535,
    "if_vehicle": false,
    "motion_state": true,
    "pose": [
      [
        -0.9941027602216441,
        0.10836580985245388,
        -0.004068583872833023,
        53.42109268464992
      ],
      [
        -0.10835563732210086,
        -0.9941086808235582,
        -0.002643212395206278,
        -5.625979103548161
      ],
      [
        -0.004331048398460612,
        -0.0021867707393873805,
        0.9999882299574848,
        0.8556711139386621
      ],
      [
        0.0,
        0.0,
        0.0,
        1.0
      ]
    ],
    "location": [
      53.42109268464992,
      -5.625979103548161,
      0.8556711139386621
    ],
    "rotation": [
      -0.0021867929922738485,
      0.004331061938861614,
      -3.0330228329014313
    ]
  },
  {
    "label_id": "J8-j5tMTE7dijlXHKvNmRw",
    "size": [
      1.8686382631255287,
      4.258107369427481,
      1.7700000000000031
    ],
    "obj_class": "vehicle",
    "point_num_in_lidar": 80,
    "speed": 2.5421149729252077e-12,
    "if_vehicle": true,
    "motion_state": false,
    "pose": [
      [
        0.08394523273987202,
        0.9964620637663626,
        -0.004068583872833023,
        38.59394028606039
      ],
      [
        -0.9964677330273556,
        0.08393491802317198,
        -0.002643212395206278,
        -13.49626390451158
      ],
      [
        -0.0022923646244634387,
        0.004276097628090087,
        0.9999882299574848,
        1.0303133105763322
      ],
      [
        0.0,
        0.0,
        0.0,
        1.0
      ]
    ],
    "location": [
      38.59394028606039,
      -13.49626390451158,
      1.0303133105763322
    ],
    "rotation": [
      0.00427612189506839,
      0.0022923666321729213,
      -1.486751967846971
    ]
  },
  {
    "label_id": "JYZGrjHhOWIfmt9jVFankA",
    "size": [
      0.8855818262457,
      0.8864430025332695,
      1.9033832664799561
    ],
    "obj_class": "pedestrian",
    "point_num_in_lidar": 20,
    "speed": 0.009225635075424054,
    "if_vehicle": false,
    "motion_state": false,
    "pose": [
      [
        0.5832416427035584,
        0.8122885157637799,
        -0.004068583872833023,
        48.01738032626599
      ],
      [
        -0.8122986736349713,
        0.5832356969863042,
        -0.002643212395206278,
        22.759778578518308
      ],
      [
        0.0002258922774684723,
        0.004846536822869416,
        0.9999882299574848,
        0.528522808654067
      ],
      [
        0.0,
        0.0,
        0.0,
        1.0
      ]
    ],
    "location": [
      48.01738032626599,
      22.759778578518308,
      0.528522808654067
    ],
    "rotation": [
      0.004846555920042938,
      -0.0002258922793895853,
      -0.948082605609735
    ]
  },
  {
    "label_id": "LVurOGR3dPZTYlctUjwF1w",
    "size": [
      0.8553806403935704,
      0.9205835426103812,
      1.5600000000000023
    ],
    "obj_class": "pedestrian",
    "point_num_in_lidar": 103,
    "speed": 0.8528552270701486,
    "if_vehicle": false,
    "motion_state": false,
    "pose": [
      [
        0.994892226093838,
        -0.1008608203581421,
        -0.004068583872833023,
        27.361191982978198
      ],
      [
        0.1008506034381766,
        0.9948980697611134,
        -0.002643212395206278,
        12.631446519641031
      ],
      [
        0.004314422812304085,
        0.0022193923251915553,
        0.9999882299574848,
        0.7784460405473652
      ],
      [
        0.0,
        0.0,
        0.0,
        1.0
      ]
    ],
    "location": [
      27.361191982978198,
      12.631446519641031,
      0.7784460405473652
    ],
    "rotation": [
      0.0022194148037011866,
      -0.004314436197369508,
      0.1010232900679849
    ]
  },
  {
    "label_id": "MgUHjjRH5WfE7KTO3UAfsQ",
    "size": [
      2.1220822046833625,
      4.89751997057426,
      1.4830591855056738
    ],
    "obj_class": "vehicle",
    "point_num_in_lidar": 2024,
    "speed": 2.2737367544323206e-12,
    "if_vehicle": true,
    "motion_state": false,
    "pose": [
      [
        -0.9924424382795412,
        0.12264360287853954,
        -0.004068583872833023,
        0.6649122067319695
      ],
      [
        -0.12263351650036018,
        -0.9924485044872553,
        -0.002643212395206278,
        6.701107151937322
      ],
      [
        -0.004362033071295411,
        -0.0021242914068870565,
        0.9999882299574848,
        0.576170687446826
      ],
      [
        0.0,
        0.0,
        0.0,
        1.0
      ]
    ],
    "location": [
      0.6649122067319695,
      6.701107151937322,
      0.576170687446826
    ],
    "rotation": [
      -0.0021243132147083063,
      0.004362046904389469,
      -3.018648481993374
    ]
  },
  {
    "label_id": "No68zCO6os9hco-_ap9yaQ",
    "size": [
      0.7484054906059372,
      0.7235802196100946,
      1.7700000000000031
    ],
    "obj_class": "pedestrian",
    "point_num_in_lidar": 30,
    "speed": 2.5421149729252077e-12,
    "if_vehicle": false,
    "motion_state": false,
    "pose": [
      [
        -0.962260904045601,
        0.27209814253429254,
        -0.004068583872833023,
        48.35270982417569
      ],
      [
        -0.27208909564021705,
        -0.9622684331629727,
        -0.002643212395206278,
        19.90489275890286
      ],
      [
        -0.00463428301156242,
        -0.0014364426425002223,
        0.9999882299574848,
        0.5968031446732596
      ],
      [
        0.0,
        0.0,
        0.0,
        1.0
      ]
    ],
    "location": [
      48.35270982417569,
      19.90489275890286,
      0.5968031446732596
    ],
    "rotation": [
      -0.0014364585616868592,
      0.004634299599813629,
      -2.866026246879415
    ]
  },
  {
    "label_id": "OpmBDWgrhvbDWXPsj-xPxA",
    "size": [
      0.7026515170164901,
      0.7358840794624211,
      1.68310318244977
    ],
    "obj_class": "pedestrian",
    "point_num_in_lidar": 21,
    "speed": 1.6077746776921857e-12,
    "if_vehicle": false,
    "motion_state": false,
    "pose": [
      [
        -0.9918211555643297,
        0.1275705373521146,
        -0.004068583872833023,
        49.32563542090065
      ],
      [
        -0.12756048122295627,
        -0.9918272717859705,
        -0.002643212395206278,
        18.73337872508273
      ],
      [
        -0.00437252846821661,
        -0.002102603455500911,
        0.9999882299574848,
        0.617994272154661
      ],
      [
        0.0,
        0.0,
        0.0,
        1.0
      ]
    ],
    "location": [
      49.32563542090065,
      18.73337872508273,
      0.617994272154661
    ],
    "rotation": [
      -0.0021026251049275904,
      0.004372542401402243,
      -3.0136824478974265
    ]
  },
  {
    "label_id": "SV4MhXW_fLKMUyYTomC7iA",
    "size": [
      1.8745005814532096,
      4.026761972188614,
      1.730518501504406
    ],
    "obj_class": "vehicle",
    "point_num_in_lidar": 272,
    "speed": 3.2155493553843714e-12,
    "if_vehicle": true,
    "motion_state": false,
    "pose": [
      [
        0.5357853135118265,
        0.8443444465680482,
        -0.004068583872833023,
        23.067769648005196
      ],
      [
        -0.8443542474158999,
        0.5357787960520303,
        -0.002643212395206278,
        -3.943883484302205
      ],
      [
        -5.192073796906605e-05,
        0.0048515204558383365,
        0.9999882299574848,
        0.8526192044560972
      ],
      [
        0.0,
        0.0,
        0.0,
        1.0
      ]
    ],
    "location": [
      23.067769648005196,
      -3.943883484302205,
      0.8526192044560972
    ],
    "rotation": [
      0.004851539494488174,
      5.192073799239372e-05,
      -1.005358777096697
    ]
  },
  {
    "label_id": "TBaMlPrcbb0tVmgFVZHKcA",
    "size": [
      0.8401860487472412,
      0.11186696262676982,
      0.8605185015044086
    ],
    "obj_class": "sign",
    "point_num_in_lidar": 37,
    "speed": 0.003001780551691404,
    "if_vehicle": false,
    "motion_state": false,
    "pose": [
      [
        0.9990094845170503,
        0.0443113582532427,
        -0.004068583872833023,
        53.863918425478914
      ],
      [
        -0.044322313869732566,
        0.9990137866523499,
        -0.002643212395206278,
        10.26954142487375
      ],
      [
        0.003947447049728204,
        0.0028209233038211387,
        0.9999882299574848,
        2.887619204456165
      ],
      [
        0.0,
        0.0,
        0.0,
        1.0
      ]
    ],
    "location": [
      53.863918425478914,
      10.26954142487375,
      2.887619204456165
    ],
    "rotation": [
      0.0028209490237697797,
      -0.00394745730154259,
      -0.044337184003789644
    ]
  },
  {
    "label_id": "V7YN8qOnLzj6EqMtbCjrbw",
    "size": [
      2.361603872962683,
      4.897855298287807,
      1.8405185015044054
    ],
    "obj_class": "vehicle",
    "point_num_in_lidar": 5586,
    "speed": 0.0,
    "if_vehicle": true,
    "motion_state": false,
    "pose": [
      [
        0.6910097835004326,
        0.722833954468075,
        -0.004068583872833023,
        2.9910673179329024
      ],
      [
        -0.7228448434132219,
        0.6910053153045557,
        -0.002643212395206278,
        -4.770993855847337
      ],
      [
        0.0009008094137640275,
        0.004767440497428697,
        0.9999882299574848,
        0.8476192044561301
      ],
      [
        0.0,
        0.0,
        0.0,
        1.0
      ]
    ],
    "location": [
      2.9910673179329024,
      -4.770993855847337,
      0.8476192044561301
    ],
    "rotation": [
      0.004767460491377547,
      -0.0009008095355921795,
      -0.8079108608797166
    ]
  },
  {
    "label_id": "Xhv1ib3Sd4Npw2uCm8OIgA",
    "size": [
      0.7032178819206101,
      0.8587069967628569,
      1.7415277018557802
    ],
    "obj_class": "pedestrian",
    "point_num_in_lidar": 38,
    "speed": 1.6077746776921857e-12,
    "if_vehicle": false,
    "motion_state": false,
    "pose": [
      [
        -0.8369797806955818,
        -0.5472186887635013,
        -0.004068583872833023,
        53.21171874849824
      ],
      [
        0.5472303074750896,
        -0.8369778993551459,
        -0.002643212395206278,
        -2.723405725097109
      ],
      [
        -0.001958899562205795,
        -0.0044387677345902,
        0.9999882299574848,
        0.9170612334797426
      ],
      [
        0.0,
        0.0,
        0.0,
        1.0
      ]
    ],
    "location": [
      53.21171874849824,
      -2.723405725097109,
      0.9170612334797426
    ],
    "rotation": [
      -0.004438790827162981,
      0.0019589008150180907,
      2.5625398968763484
    ]
  },
  {
    "label_id": "XsywigB-Q40d0u9u21SmQg",
    "size": [
      0.7289434170570176,
      0.9162428550820471,
      1.9424134016137273
    ],
    "obj_class": "pedestrian",
    "point_num_in_lidar": 67,
    "speed": 1.6658089736705926,
    "if_vehicle": false,
    "motion_state": true,
    "pose": [
      [
        0.9941452800759454,
        -0.10797503752252177,
        -0.004068583872833023,
        44.24270735976461
      ],
      [
        0.10796486266567228,
        0.9941511966787628,
        -0.002643212395206278,
        -5.232907687473926
      ],
      [
        0.004330188483517258,
        0.002188473027858369,
        0.9999882299574848,
        1.0313776320179997
      ],
      [
        0.0,
        0.0,
        0.0,
        1.0
      ]
    ],
    "location": [
      44.24270735976461,
      -5.232907687473926,
      1.0313776320179997
    ],
    "rotation": [
      0.0021884952926342076,
      -0.004330202015854614,
      0.10817673587573375
    ]
  },
  {
    "label_id": "YmfytkE-ukfBRofAX1HVww",
    "size": [
      0.6442834931293517,
      0.7097897537460085,
      1.5500000000000043
    ],
    "obj_class": "pedestrian",
    "point_num_in_lidar": 44,
    "speed": 1.3905291776128006,
    "if_vehicle": false,
    "motion_state": true,
    "pose": [
      [
        0.9997733909283835,
        -0.020895296524130937,
        -0.004068583872833023,
        31.698981841822388
      ],
      [
        0.020884644602610802,
        0.9997783979702983,
        -0.002643212395206278,
        -8.240862388076494
      ],
      [
        0.004122912973162886,
        0.0025576424910792833,
        0.9999882299574848,
        0.8819911016189295
      ],
      [
        0.0,
        0.0,
        0.0,
        1.0
      ]
    ],
    "location": [
      31.698981841822388,
      -8.240862388076494,
      0.8819911016189295
    ],
    "rotation": [
      0.0025576670178500418,
      -0.0041229246537473705,
      0.020886340648153257
    ]
  },
  {
    "label_id": "aOalNxxJ9uA_4VqI2Wr-pw",
    "size": [
      0.9999999999984891,
      1.0,
      1.7608367811754064
    ],
    "obj_class": "pedestrian",
    "point_num_in_lidar": 23,
    "speed": 1.2680344675202835,
    "if_vehicle": false,
    "motion_state": true,
    "pose": [
      [
        0.9892818067262847,
        0.14596216463744147,
        -0.004068583872833023,
        59.49973973115266
      ],
      [
        -0.14597350187710093,
        0.9892849691458825,
        -0.002643212395206278,
        -3.9293255889133434
      ],
      [
        0.0036391798683022276,
        0.003208787369489111,
        0.9999882299574848,
        0.9345400282537426
      ],
      [
        0.0,
        0.0,
        0.0,
        1.0
      ]
    ],
    "location": [
      59.49973973115266,
      -3.9293255889133434,
      0.9345400282537426
    ],
    "rotation": [
      0.0032088141242799127,
      -0.003639187901008782,
      -0.14649792076511364
    ]
  },
  {
    "label_id": "aphnxehbBGUVAa3NaGJV7A",
    "size": [
      2.043348058623761,
      4.555124657205895,
      1.5400000000000063
    ],
    "obj_class": "vehicle",
    "point_num_in_lidar": 111,
    "speed": 2.0695062203709917,
    "if_vehicle": true,
    "motion_state": true,
    "pose": [
      [
        -0.9981184305945409,
        0.061180430962526566,
        -0.004068583872833023,
        56.22647047844657
      ],
      [
        -0.06116998953933301,
        -0.9981238629588973,
        -0.002643212395206278,
        7.119186126816203
      ],
      [
        -0.0042226635253885805,
        -0.0023893637746902324,
        0.9999882299574848,
        0.6724045980258992
      ],
      [
        0.0,
        0.0,
        0.0,
        1.0
      ]
    ],
    "location": [
      56.22647047844657,
      7.119186126816203,
      0.6724045980258992
    ],
    "rotation": [
      -0.002389387350783022,
      0.004222676074462141,
      -3.0803839059723135
    ]
  },
  {
    "label_id": "bof1aeoD2plQ-sVhmz6tng",
    "size": [
      2.077745050208293,
      4.382102305572195,
      1.6253959798867612
    ],
    "obj_class": "vehicle",
    "point_num_in_lidar": 4546,
    "speed": 7.368323530474518,
    "if_vehicle": true,
    "motion_state": true,
    "pose": [
      [
        -0.9974162926800197,
        0.07172297903541669,
        -0.004068583872833023,
        1.981549151125364
      ],
      [
        -0.07171259559257606,
        -0.997421835063585,
        -0.002643212395206278,
        3.46582634220249
      ],
      [
        -0.004247673459758755,
        -0.0023446143980855694,
        0.9999882299574848,
        0.6206547798806668
      ],
      [
        0.0,
        0.0,
        0.0,
        1.0
      ]
    ],
    "location": [
      1.981549151125364,
      3.46582634220249,
      0.6206547798806668
    ],
    "rotation": [
      -0.0023446376981995387,
      0.004247686233133232,
      -3.069817800673059
    ]
  },
  {
    "label_id": "c3SCJxumyZ0SBk4CZmOJ6g",
    "size": [
      0.9673409614659036,
      1.0650027170117071,
      1.9586854736991413
    ],
    "obj_class": "pedestrian",
    "point_num_in_lidar": 75,
    "speed": 1.2083665272707416,
    "if_vehicle": false,
    "motion_state": true,
    "pose": [
      [
        0.9992114131408317,
        0.03949681600296196,
        -0.004068583872833023,
        36.869779761633254
      ],
      [
        -0.03950775076111844,
        0.9992157680191156,
        -0.002643212395206278,
        12.929752825519245
      ],
      [
        0.003960994685612827,
        0.0028018685902440207,
        0.9999882299574848,
        1.008353167958525
      ],
      [
        0.0,
        0.0,
        0.0,
        1.0
      ]
    ],
    "location": [
      36.869779761633254,
      12.929752825519245,
      1.008353167958525
    ],
    "rotation": [
      0.0028018942365273863,
      -0.003961005043343045,
      -0.03951834585416802
    ]
  },
  {
    "label_id": "cEBTjT2GdLcTLHmXu-PHfw",
    "size": [
      0.8625872603846543,
      0.8538088650045665,
      1.7592707532064438
    ],
    "obj_class": "pedestrian",
    "point_num_in_lidar": 88,
    "speed": 0.3032861194272489,
    "if_vehicle": false,
    "motion_state": false,
    "pose": [
      [
        -0.9969675928309457,
        0.07771142432190707,
        -0.004068583872833023,
        9.587075782568718
      ],
      [
        -0.07770107434972086,
        -0.996973197469788,
        -0.002643212395206278,
        -9.742430248508754
      ],
      [
        -0.004261676872889152,
        -0.002319063760988647,
        0.9999882299574848,
        0.8997849111594078
      ],
      [
        0.0,
        0.0,
        0.0,
        1.0
      ]
    ],
    "location": [
      9.587075782568718,
      -9.742430248508754,
      0.8997849111594078
    ],
    "rotation": [
      -0.002319086899303444,
      0.004261689773012183,
      -3.063812472155898
    ]
  },
  {
    "label_id": "fNy8PC-BmuP16FOJ9FFzIw",
    "size": [
      2.147659443377429,
      5.107156534927326,
      1.980000000000004
    ],
    "obj_class": "vehicle",
    "point_num_in_lidar": 4954,
    "speed": 1.3830600733622805e-11,
    "if_vehicle": true,
    "motion_state": false,
    "pose": [
      [
        0.758794669659653,
        0.6513172006951511,
        -0.004068583872833023,
        9.769325689427205
      ],
      [
        -0.6513284765258777,
        0.7587912948200665,
        -0.002643212395206278,
        -4.6730783365128445
      ],
      [
        0.0013656363268625322,
        0.004655640011770937,
        0.9999882299574848,
        0.8495289039752123
      ],
      [
        0.0,
        0.0,
        0.0,
        1.0
      ]
    ],
    "location": [
      9.769325689427205,
      -4.6730783365128445,
      0.8495289039752123
    ],
    "rotation": [
      0.0046556611717723665,
      -0.0013656367513396623,
      -0.7093346937194445
    ]
  },
  {
    "label_id": "gLdCcd_k3Lp-3dE0ol5ezA",
    "size": [
      2.135069974136133,
      4.396070169772625,
      1.8305185015044074
    ],
    "obj_class": "vehicle",
    "point_num_in_lidar": 1143,
    "speed": 3.5950934718225418e-12,
    "if_vehicle": true,
    "motion_state": false,
    "pose": [
      [
        0.6806003163711921,
        0.732643607752571,
        -0.004068583872833023,
        19.920081230251526
      ],
      [
        -0.7326544316746957,
        0.6805956928865055,
        -0.002643212395206278,
        -3.9800986740228836
      ],
      [
        0.0008325279947174113,
        0.00477983719748496,
        0.9999882299574848,
        0.8926192044561461
      ],
      [
        0.0,
        0.0,
        0.0,
        1.0
      ]
    ],
    "location": [
      19.920081230251526,
      -3.9800986740228836,
      0.8926192044561461
    ],
    "rotation": [
      0.004779857054850132,
      -0.0008325280908886973,
      -0.8222143104530234
    ]
  },
  {
    "label_id": "l-XnejT-kWgZdox4WXTk1Q",
    "size": [
      2.0028314749616634,
      4.45394267847577,
      1.5900000000000034
    ],
    "obj_class": "vehicle",
    "point_num_in_lidar": 3653,
    "speed": 2.2737367544323206e-12,
    "if_vehicle": true,
    "motion_state": false,
    "pose": [
      [
        0.563791210688048,
        0.8259073297750632,
        -0.004068583872833023,
        13.06634759013832
      ],
      [
        -0.8259173436146819,
        0.5637850254704369,
        -0.002643212395206278,
        -4.414321990865574
      ],
      [
        0.00011075817102060883,
        0.004850533900922788,
        0.9999882299574848,
        0.6428784552083187
      ],
      [
        0.0,
        0.0,
        0.0,
        1.0
      ]
    ],
    "location": [
      13.06634759013832,
      -4.414321990865574,
      0.6428784552083187
    ],
    "rotation": [
      0.0048505529511770375,
      -0.0001107581712470608,
      -0.9718273731484567
    ]
  },
  {
    "label_id": "lZyBbVEUGKHI86ep9kmLgw",
    "size": [
      0.872308625603677,
      0.6996606541566454,
      1.9082143842119805
    ],
    "obj_class": "pedestrian",
    "point_num_in_lidar": 48,
    "speed": 2.2737367544323206e-12,
    "if_vehicle": false,
    "motion_state": false,
    "pose": [
      [
        -0.9463502017828097,
        0.3231172267318861,
        -0.004068583872833023,
        48.47214224374329
      ],
      [
        -0.3231085949916934,
        -0.9463582034677607,
        -0.002643212395206278,
        21.508069284420344
      ],
      [
        -0.0047044051833545625,
        -0.0011868101648013442,
        0.9999882299574848,
        0.6371301968698759
      ],
      [
        0.0,
        0.0,
        0.0,
        1.0
      ]
    ],
    "location": [
      48.47214224374329,
      21.508069284420344,
      0.6371301968698759
    ],
    "rotation": [
      -0.0011868235765380133,
      0.004704422536061582,
      -2.812576437522503
    ]
  },
  {
    "label_id": "miUCgrw0d28mF4d4GaaTfg",
    "size": [
      0.7603092283550477,
      0.8180348372529171,
      1.7374134793072642
    ],
    "obj_class": "pedestrian",
    "point_num_in_lidar": 80,
    "speed": 1.3278137826520207,
    "if_vehicle": false,
    "motion_state": true,
    "pose": [
      [
        0.9994925421399732,
        0.03159279715130617,
        -0.004068583872833023,
        19.981542725603504
      ],
      [
        -0.03160369712463703,
        0.9994969833652766,
        -0.002643212395206278,
        -9.26838494335243
      ],
      [
        0.00398303083443565,
        0.002770453368743808,
        0.9999882299574848,
        0.9134204298476334
      ],
      [
        0.0,
        0.0,
        0.0,
        1.0
      ]
    ],
    "location": [
      19.981542725603504,
      -9.26838494335243,
      0.9134204298476334
    ],
    "rotation": [
      0.002770478889140351,
      -0.003983041365999269,
      -0.031609211236635036
    ]
  },
  {
    "label_id": "oBgkabLveCc0Yw1MvBSHOA",
    "size": [
      0.828311170280605,
      0.7942693187629959,
      1.8171851638005094
    ],
    "obj_class": "pedestrian",
    "point_num_in_lidar": 130,
    "speed": 1.1642366596440428,
    "if_vehicle": false,
    "motion_state": true,
    "pose": [
      [
        0.9778294023623962,
        -0.20936357491423593,
        -0.004068583872833023,
        26.50135452501854
      ],
      [
        0.20935406050646782,
        0.9778363312833533,
        -0.002643212395206278,
        -8.357916901237331
      ],
      [
        0.004531801524047667,
        0.0017328362424327084,
        0.9999882299574848,
        0.8850539866625553
      ],
      [
        0.0,
        0.0,
        0.0,
        1.0
      ]
    ],
    "location": [
      26.50135452501854,
      -8.357916901237331,
      0.8850539866625553
    ],
    "rotation": [
      0.0017328549037627136,
      -0.004531817035962324,
      0.21091653355521367
    ]
  },
  {
    "label_id": "skG246l1N6X1i6YSA_Q0Og",
    "size": [
      2.5894402093501703,
      7.428925470678697,
      2.7960974461957804
    ],
    "obj_class": "vehicle",
    "point_num_in_lidar": 197,
    "speed": 3.5950934718225418e-12,
    "if_vehicle": true,
    "motion_state": false,
    "pose": [
      [
        -0.997597531621269,
        0.06915642796169387,
        -0.004068583872833023,
        70.65619053889532
      ],
      [
        -0.06914603029288395,
        -0.9976030472702904,
        -0.002643212395206278,
        11.279047276169877
      ],
      [
        -0.004241626797209523,
        -0.0023555357372884735,
        0.9999882299574848,
        1.3658018184191363
      ],
      [
        0.0,
        0.0,
        0.0,
        1.0
      ]
    ],
    "location": [
      70.65619053889532,
      11.279047276169877,
      1.3658018184191363
    ],
    "rotation": [
      -0.002355559105629728,
      0.00424163951611173,
      -3.0723907810305504
    ]
  },
  {
    "label_id": "t1ePe__aXYB9-IF7fpKV7w",
    "size": [
      0.7204831567478058,
      0.8499257723597111,
      1.6992111162184642
    ],
    "obj_class": "pedestrian",
    "point_num_in_lidar": 85,
    "speed": 0.5722884177055763,
    "if_vehicle": false,
    "motion_state": false,
    "pose": [
      [
        -0.9564667398727794,
        -0.2918129917299888,
        -0.004068583872833023,
        30.759272790659452
      ],
      [
        0.2918246737307767,
