[
  {
    "label_id": "-K1mhaiPD_bfqqGo9XGMqQ",
    "size": [
      0.7507335149756962,
      0.7899949617853979,
      1.7000000000000028
    ],
    "obj_class": "pedestrian",
    "point_num_in_lidar": 153,
    "speed": 1.2905052964986694,
    "if_vehicle": false,
    "motion_state": true,
    "pose": [
      [
        0.9993012144076068,
        -0.0372677227720633,
        -0.0028635158227278443,
        19.503951882841648
      ],
      [
        0.03725753725140927,
        0.999299456365006,
        -0.0035316322802963563,
        -1.4319153407850536
      ],
      [
        0.0029931256976994816,
        0.0034224768791059714,
        0.9999896638718672,
        0.8532416911200329
      ],
      [
        0.0,
        0.0,
        0.0,
        1.0
      ]
    ],
    "location": [
      19.503951882841648,
      -1.4319153407850536,
      0.8532416911200329
    ],
    "rotation": [
      0.003422498891423165,
      -0.0029931301668539682,
      0.03726632932949461
    ]
  },
  {
    "label_id": "-lw-pbHiNJGWsl32vhmuQQ",
    "size": [
      0.6444965489754451,
      0.11856601403023674,
      0.71051850150441
    ],
    "obj_class": "sign",
    "point_num_in_lidar": 25,
    "speed": 0.0033681638306391525,
    "if_vehicle": false,
    "motion_state": false,
    "pose": [
      [
        -0.9999463228386302,
        -0.009957495600548816,
        -0.0028635158227278443,
        54.20615619928867
      ],
      [
        0.009967586752131153,
        -0.9999440858306906,
        -0.0035316322802963563,
        -1.720035401682253
      ],
      [
        -0.002828189498725505,
        -0.0035599850546796877,
        0.9999896638718672,
        3.1526192044562933
      ],
      [
        0.0,
        0.0,
        0.0,
        1.0
      ]
    ],
    "location": [
      54.20615619928867,
      -1.720035401682253,
      3.1526192044562933
    ],
    "rotation": [
      -0.003560006812020459,
      0.0028281932690248177,
      3.131624861913163
    ]
  },
  {
    "label_id": "5v-HhV-BedTvNkAgrUmSsA",
    "size": [
      2.122837831403962,
      5.033050925192189,
      1.480000000000004
    ],
    "obj_class": "vehicle",
    "point_num_in_lidar": 3483,
    "speed": 0.003062681511143214,
    "if_vehicle": true,
    "motion_state": false,
    "pose": [
      [
        -0.9947583851201297,
        0.10221328441217827,
        -0.0028635158227278443,
        12.473272405943135
      ],
      [
        -0.10220300608183311,
        -0.9947572935753091,
        -0.0035316322802963563,
        7.398945994937094
      ],
      [
        -0.003209482984631986,
        -0.0032204608989400453,
        0.9999896638718672,
        0.5961923362371522
      ],
      [
        0.0,
        0.0,
        0.0,
        1.0
      ]
    ],
    "location": [
      12.473272405943135,
      7.398945994937094,
      0.5961923362371522
    ],
    "rotation": [
      -0.00322048305257585,
      0.003209488494687767,
      -3.0392103506358406
    ]
  },
  {
    "label_id": "6ufHihRk7ljuRm35o3Ve6g",
    "size": [
      0.8855818262549402,
      0.8864430025332695,
      1.8700000000000045
    ],
    "obj_class": "pedestrian",
    "point_num_in_lidar": 25,
    "speed": 1.1368683772161603e-12,
    "if_vehicle": false,
    "motion_state": false,
    "pose": [
      [
        0.8691097365537666,
        0.4946110250536028,
        -0.0028635158227278443,
        47.294012877959176
      ],
      [
        -0.4946187576341533,
        0.8691028777825347,
        -0.0035316322802963563,
        22.21632852912444
      ],
      [
        0.0007419055798388184,
        0.004485724639436531,
        0.9999896638718672,
        0.586567057265448
      ],
      [
        0.0,
        0.0,
        0.0,
        1.0
      ]
    ],
    "location": [
      47.294012877959176,
      22.21632852912444,
      0.586567057265448
    ],
    "rotation": [
      0.004485740917530686,
      -0.000741905647899261,
      -0.5173962751445642
    ]
  },
  {
    "label_id": "9KGiqkmEBgSGNEolhIVz1A",
    "size": [
      0.6676860043913473,
      0.8747499668482639,
      1.6388978100247868
    ],
    "obj_class": "pedestrian",
    "point_num_in_lidar": 95,
    "speed": 0.6831802958834889,
    "if_vehicle": false,
    "motion_state": false,
    "pose": [
      [
        -0.9977384762929769,
        -0.06715454714091751,
        -0.0028635158227278443,
        29.367732533130038
      ],
      [
        0.06716449376753465,
        -0.9977356655699883,
        -0.0035316322802963563,
        11.702705129602691
      ],
      [
        -0.0026198666988080104,
        -0.003715972000798819,
        0.9999896638718672,
        0.7989662730928657
      ],
      [
        0.0,
        0.0,
        0.0,
        1.0
      ]
    ],
    "location": [
      29.367732533130038,
      11.702705129602691,
      0.7989662730928657
    ],
    "rotation": [
      -0.003715993305634626,
      0.0026198696958144407,
      3.07437732873614
    ]
  },
  {
    "label_id": "Abp2wF28Amdp-8SvcS3E1g",
    "size": [
      2.1962945689273643,
      4.401772619467235,
      1.7100000000000009
    ],
    "obj_class": "vehicle",
    "point_num_in_lidar": 3201,
    "speed": 0.3816401688285281,
    "if_vehicle": true,
    "motion_state": false,
    "pose": [
      [
        0.9997531327924498,
        -0.022033468833012198,
        -0.0028635158227278443,
        14.898809711965441
      ],
      [
        0.022023311288929297,
        0.9997512197208402,
        -0.0035316322802963563,
        0.043514698641956784
      ],
      [
        0.0029406175462396568,
        0.0034676963357525153,
        0.9999896638718672,
        0.9141012303894414
      ],
      [
        0.0,
        0.0,
        0.0,
        1.0
      ]
    ],
    "location": [
      14.898809711965441,
      0.043514698641956784,
      0.9141012303894414
    ],
    "rotation": [
      0.0034677182787580343,
      -0.0029406217842896203,
      0.022025187235648867
    ]
  },
  {
    "label_id": "C4NxoX3efnXfwLAduEGZxw",
    "size": [
      2.0028314749616634,
      4.45394267847577,
      1.5900000000000034
    ],
    "obj_class": "vehicle",
    "point_num_in_lidar": 1547,
    "speed": 6.431098710768743e-12,
    "if_vehicle": true,
    "motion_state": false,
    "pose": [
      [
        0.5637935655798603,
        0.8259107794961154,
        -0.0028635158227278443,
        16.627299012507137
      ],
      [
        -0.8259147166277044,
        0.563784008669291,
        -0.0035316322802963563,
        -4.547454089843086
      ],
      [
        -0.0013024087400877594,
        0.004356131414912431,
        0.9999896638718672,
        0.6528784552083877
      ],
      [
        0.0,
        0.0,
        0.0,
        1.0
      ]
    ],
    "location": [
      16.627299012507137,
      -4.547454089843086,
      0.6528784552083877
    ],
    "rotation": [
      0.004356148886559293,
      0.001302409108293866,
      -0.9718239471273714
    ]
  },
  {
    "label_id": "D-j8uA5tzbpXhUFsbPfY1w",
    "size": [
      0.9873273858134096,
      0.7573816566762264,
      1.5740498284474072
    ],
    "obj_class": "pedestrian",
    "point_num_in_lidar": 30,
    "speed": 0.9088236616954409,
    "if_vehicle": false,
    "motion_state": false,
    "pose": [
      [
        0.9895789751024422,
        -0.14396267680316716,
        -0.0028635158227278443,
        40.58992011176451
      ],
      [
        0.1439523616576758,
        0.9895783168332937,
        -0.0035316322802963563,
        -8.234185270215676
      ],
      [
        0.0033420964046364603,
        0.0030826191870485732,
        0.9999896638718672,
        0.9235822142532157
      ],
      [
        0.0,
        0.0,
        0.0,
        1.0
      ]
    ],
    "location": [
      40.58992011176451,
      -8.234185270215676,
      0.9235822142532157
    ],
    "rotation": [
      0.003082641285239248,
      -0.0033421026263190656,
      0.14445503845105873
    ]
  },
  {
    "label_id": "DV-QVxiC5bGWoAdie1BT7w",
    "size": [
      2.123208825957981,
      4.640056433527341,
      1.5305185015044103
    ],
    "obj_class": "vehicle",
    "point_num_in_lidar": 259,
    "speed": 3.731858693203258,
    "if_vehicle": true,
    "motion_state": true,
    "pose": [
      [
        0.9985981803914906,
        -0.05285332909038957,
        -0.0028635158227278443,
        35.22037021829601
      ],
      [
        0.0528431173820515,
        0.9985965814676032,
        -0.0035316322802963563,
        1.6069808839893085
      ],
      [
        0.0030461556346911625,
        0.0033753644661700228,
        0.9999896638718672,
        0.8415104152680257
      ],
      [
        0.0,
        0.0,
        0.0,
        1.0
      ]
    ],
    "location": [
      35.22037021829601,
      1.6069808839893085,
      0.8415104152680257
    ],
    "rotation": [
      0.0033753865358153194,
      -0.0030461603456230914,
      0.05286798699205584
    ]
  },
  {
    "label_id": "Djbr-wq3c_Wu_emcmW1Dog",
    "size": [
      2.459956087835262,
      5.612823795445765,
      2.270518501504405
    ],
    "obj_class": "vehicle",
    "point_num_in_lidar": 14183,
    "speed": 3.5950934718225418e-12,
    "if_vehicle": true,
    "motion_state": false,
    "pose": [
      [
        0.6979156126592276,
        0.7161742789877531,
        -0.0028635158227278443,
        6.414921689996845
      ],
      [
        -0.7161798069348507,
        0.6979068789689614,
        -0.0035316322802963563,
        -4.570807764139317
      ],
      [
        -0.0005307968112728894,
        0.004515573515666254,
        0.9999896638718672,
        0.9718202776510836
      ],
      [
        0.0,
        0.0,
        0.0,
        1.0
      ]
    ],
    "location": [
      6.414921689996845,
      -4.570807764139317,
      0.9718202776510836
    ],
    "rotation": [
      0.004515589497662566,
      0.0005307968361978064,
      -0.7983132598780619
    ]
  },
  {
    "label_id": "EB8EchWMY1Oagsjrk4KwsA",
    "size": [
      2.2039397856438354,
      4.8606414627357974,
      1.6200000000000045
    ],
    "obj_class": "vehicle",
    "point_num_in_lidar": 39,
    "speed": 4.099037227506402e-12,
    "if_vehicle": true,
    "motion_state": false,
    "pose": [
      [
        0.6763882683935358,
        0.7365396870887049,
        -0.0028635158227278443,
        68.75947913958225
      ],
      [
        -0.7365449538213404,
        0.6763793747400613,
        -0.0035316322802963563,
        -2.6366225702222437
      ],
      [
        -0.0006643642929069161,
        0.004497862772090124,
        0.9999896638718672,
        0.80664714741377
      ],
      [
        0.0,
        0.0,
        0.0,
        1.0
      ]
    ],
    "location": [
      68.75947913958225,
      -2.6366225702222437,
      0.80664714741377
    ],
    "rotation": [
      0.004497878930742547,
      0.0006643643417797682,
      -0.8279482113460737
    ]
  },
  {
    "label_id": "G96MfK6U70_2CEKJH1g1gA",
    "size": [
      2.0507676477421533,
      4.751621205894719,
      1.783059185505671
    ],
    "obj_class": "vehicle",
    "point_num_in_lidar": 4646,
    "speed": 1.1368683772161603e-12,
    "if_vehicle": true,
    "motion_state": false,
    "pose": [
      [
        -0.9991523827468393,
        0.04106478209423037,
        -0.0028635158227278443,
        6.1541660873626824
      ],
      [
        -0.041054589966582095,
        -0.9991506634217447,
        -0.0035316322802963563,
        6.997459129321214
      ],
      [
        -0.0030061094440245084,
        -0.003411078339878846,
        0.9999896638718672,
        0.7079305100372508
      ],
      [
        0.0,
        0.0,
        0.0,
        1.0
      ]
    ],
    "location": [
      6.1541660873626824,
      6.997459129321214,
      0.7079305100372508
    ],
    "rotation": [
      -0.0034111003674515113,
      0.0030061139715914435,
      -3.100526336433223
    ]
  },
  {
    "label_id": "GvNSnjQZk7nOuKBrSduqOA",
    "size": [
      2.157995541182358,
      4.7553734910656065,
      1.5499999999999972
    ],
    "obj_class": "vehicle",
    "point_num_in_lidar": 2880,
    "speed": 7.106453313592687,
    "if_vehicle": true,
    "motion_state": true,
    "pose": [
      [
        -0.9985226616541094,
        0.0542613531007654,
        -0.0028635158227278443,
        15.876752711490553
      ],
      [
        -0.054251139148011315,
        -0.9985210771308635,
        -0.0035316322802963563,
        4.166057012262172
      ],
      [
        -0.0030509120498746997,
        -0.003371065869153749,
        0.9999896638718672,
        0.6964826980980732
      ],
      [
        0.0,
        0.0,
        0.0,
        1.0
      ]
    ],
    "location": [
      15.876752711490553,
      4.166057012262172,
      0.6964826980980732
    ],
    "rotation": [
      -0.003371087943280636,
      0.0030509167829087984,
      -3.087314614407133
    ]
  },
  {
    "label_id": "H1UceUMUw7amJjkZPWl6qg",
    "size": [
      0.6970462820172564,
      0.7653631564612301,
      1.6941567563163105
    ],
    "obj_class": "pedestrian",
    "point_num_in_lidar": 26,
    "speed": 1.2953831054328357,
    "if_vehicle": false,
    "motion_state": true,
    "pose": [
      [
        -0.9997094687748774,
        0.023932787530612735,
        -0.0028635158227278443,
        38.784706535378064
      ],
      [
        -0.0239226263703549,
        -0.9997075750043015,
        -0.0035316322802963563,
        -6.500118183190352
      ],
      [
        -0.0029472002641262865,
        -0.0034621034117105613,
        0.9999896638718672,
        0.927402618769932
      ],
      [
        0.0,
        0.0,
        0.0,
        1.0
      ]
    ],
    "location": [
      38.784706535378064,
      -6.500118183190352,
      0.927402618769932
    ],
    "rotation": [
      -0.0034621253640536175,
      0.002947204530701337,
      -3.1176676409171895
    ]
  },
  {
    "label_id": "ImNXxSqrOhGjnDuh8WZ_rw",
    "size": [
      0.7006499850019585,
      0.8057173953675747,
      1.5600000000000023
    ],
    "obj_class": "pedestrian",
    "point_num_in_lidar": 24,
    "speed": 1.1275487567984057,
    "if_vehicle": false,
    "motion_state": true,
    "pose": [
      [
        -0.9996267103474568,
        0.027170576678728964,
        -0.0028635158227278443,
        51.29758408854832
      ],
      [
        -0.027160409438117934,
        -0.9996248494973454,
        -0.0035316322802963563,
        -5.85747916452965
      ],
      [
        -0.002958398059000455,
        -0.0034525396963317164,
        0.9999896638718672,
        0.8556711139387048
      ],
      [
        0.0,
        0.0,
        0.0,
        1.0
      ]
    ],
    "location": [
      51.29758408854832,
      -5.85747916452965,
      0.8556711139387048
    ],
    "rotation": [
      -0.0034525616641399963,
      0.002958402374392798,
      -3.114428784825158
    ]
  },
  {
    "label_id": "J8-j5tMTE7dijlXHKvNmRw",
    "size": [
      1.86863826312553,
      4.258107369427481,
      1.7700000000000031
    ],
    "obj_class": "vehicle",
    "point_num_in_lidar": 72,
    "speed": 2.5421149729252077e-12,
    "if_vehicle": true,
    "motion_state": false,
    "pose": [
      [
        0.08394558336956699,
        0.9964662258751553,
        -0.0028635158227278443,
        38.593940286067664
      ],
      [
        -0.9964649459409917,
        0.08393532679541593,
        -0.0035316322802963563,
        -13.496263904497027
      ],
      [
        -0.0032788021531612727,
        0.003149858071511947,
        0.9999896638718672,
        1.0303133105764033
      ],
      [
        0.0,
        0.0,
        0.0,
        1.0
      ]
    ],
    "location": [
      38.593940286067664,
      -13.496263904497027,
      1.0303133105764033
    ],
    "rotation": [
      0.003149880211707305,
      0.003278808028007255,
      -1.4867513844885119
    ]
  },
  {
    "label_id": "LVurOGR3dPZTYlctUjwF1w",
    "size": [
      0.8553806403917075,
      0.9205835426103812,
      1.5600000000000023
    ],
    "obj_class": "pedestrian",
    "point_num_in_lidar": 104,
    "speed": 0.8549992546856826,
    "if_vehicle": false,
    "motion_state": false,
    "pose": [
      [
        0.986751475486957,
        -0.1622138277134431,
        -0.0028635158227278443,
        28.948531675589038
      ],
      [
        0.16220350217018978,
        0.9867510078318451,
        -0.0035316322802963563,
        12.977826666836336
      ],
      [
        0.0033984567142823626,
        0.0030203710684935867,
        0.9999896638718672,
        0.7819649883594337
      ],
      [
        0.0,
        0.0,
        0.0,
        1.0
      ]
    ],
    "location": [
      28.948531675589038,
      12.977826666836336,
      0.7819649883594337
    ],
    "rotation": [
      0.00302039310293674,
      -0.003398463256066885,
      0.162924268407638
    ]
  },
  {
    "label_id": "MgUHjjRH5WfE7KTO3UAfsQ",
    "size": [
      2.1220822046833625,
      4.89751997057426,
      1.4830591855056667
    ],
    "obj_class": "vehicle",
    "point_num_in_lidar": 3698,
    "speed": 2.2737367544323206e-12,
    "if_vehicle": true,
    "motion_state": false,
    "pose": [
      [
        -0.9924465835988149,
        0.12264411514693051,
        -0.0028635158227278443,
        0.6649122067319695
      ],
      [
        -0.12263381654686752,
        -0.9924457036093138,
        -0.0035316322802963563,
        6.701107151937322
      ],
      [
        -0.0032750178915248213,
        -0.0031537925170239517,
        0.9999896638718672,
        0.5733060540129458
      ],
      [
        0.0,
        0.0,
        0.0,
        1.0
      ]
    ],
    "location": [
      0.6649122067319695,
      6.701107151937322,
      0.5733060540129458
    ],
    "rotation": [
      -0.003153814658801042,
      0.003275023746052674,
      -3.0186486925726985
    ]
  },
  {
    "label_id": "No68zCO6os9hco-_ap9yaQ",
    "size": [
      0.7484054906059424,
      0.7235802196100946,
      1.7700000000000031
    ],
    "obj_class": "pedestrian",
    "point_num_in_lidar": 23,
    "speed": 2.5421149729252077e-12,
    "if_vehicle": false,
    "motion_state": false,
    "pose": [
      [
        -0.9622649233000324,
        0.2720992790573247,
        -0.0028635158227278443,
        48.35270982417569
      ],
      [
        -0.27208896638400426,
        -0.9622656192265839,
        -0.0035316322802963563,
        19.904892758910137
      ],
      [
        -0.003716417423686544,
        -0.002619234804893031,
        0.9999896638718672,
        0.5847784563305325
      ],
      [
        0.0,
        0.0,
        0.0,
        1.0
      ]
    ],
    "location": [
      48.35270982417569,
      19.904892758910137,
      0.5847784563305325
    ],
    "rotation": [
      -0.0026192558881000753,
      0.0037164259787830192,
      -2.866027464874409
    ]
  },
  {
    "label_id": "OpmBDWgrhvbDWXPsj-xPxA",
    "size": [
      0.7026515170164875,
      0.7358840794624211,
      1.68310318244977
    ],
    "obj_class": "pedestrian",
    "point_num_in_lidar": 35,
    "speed": 1.6077746776921857e-12,
    "if_vehicle": false,
    "motion_state": false,
    "pose": [
      [
        -0.9918252982885774,
        0.12757107019974212,
        -0.0028635158227278443,
        49.32563542090065
      ],
      [
        -0.12756076735665844,
        -0.9918244694525423,
        -0.0035316322802963563,
        18.73337872508273
      ],
      [
        -0.003290639171195366,
        -0.0031374899641654053,
        0.9999896638718672,
        0.608612549076291
      ],
      [
        0.0,
        0.0,
        0.0,
        1.0
      ]
    ],
    "location": [
      49.32563542090065,
      18.73337872508273,
      0.608612549076291
    ],
    "rotation": [
      -0.003137512098753965,
      0.0032906451098990356,
      -3.013682692555529
    ]
  },
  {
    "label_id": "SV4MhXW_fLKMUyYTomC7iA",
    "size": [
      1.8745005814532083,
      4.026761972188614,
      1.730518501504406
    ],
    "obj_class": "vehicle",
    "point_num_in_lidar": 446,
    "speed": 3.2155493553843714e-12,
    "if_vehicle": true,
    "motion_state": false,
    "pose": [
      [
        0.5357875514261896,
        0.8443479732988416,
        -0.0028635158227278443,
        23.067769648005196
      ],
      [
        -0.8443515878168695,
        0.5357778678935592,
        -0.0035316322802963563,
        -3.943883484302205
      ],
      [
        -0.0014477181561243994,
        0.00431001874365666,
        0.9999896638718672,
        0.8526192044561256
      ],
      [
        0.0,
        0.0,
        0.0,
        1.0
      ]
    ],
    "location": [
      23.067769648005196,
      -3.943883484302205,
      0.8526192044561256
    ],
    "rotation": [
      0.004310036604481165,
      0.0014477186618340277,
      -1.0053554625266208
    ]
  },
  {
    "label_id": "SkVKxXh2jIQZVXZoNdO_aw",
    "size": [
      0.8929253568977478,
      0.9206928310170497,
      1.7000000000000028
    ],
    "obj_class": "pedestrian",
    "point_num_in_lidar": 36,
    "speed": 0.2770068551006949,
    "if_vehicle": false,
    "motion_state": false,
    "pose": [
      [
        0.021164186370544187,
        0.9997719127343025,
        -0.0028635158227278443,
        50.843631841096794
      ],
      [
        -0.9997699908315455,
        0.021154030493695193,
        -0.0035316322802963563,
        18.22393399800785
      ],
      [
        -0.003470251858912931,
        0.0029376013116070242,
        0.9999896638718672,
        0.6648996319850795
      ],
      [
        0.0,
        0.0,
        0.0,
        1.0
      ]
    ],
    "location": [
      50.843631841096794,
      18.22393399800785,
      0.6648996319850795
    ],
    "rotation": [
      0.0029376232251145462,
      0.003470258824120924,
      -1.5496304326527897
    ]
  },
  {
    "label_id": "TBaMlPrcbb0tVmgFVZHKcA",
    "size": [
      0.8401860487472409,
      0.11186696262676982,
      0.8605185015044086
    ],
    "obj_class": "sign",
    "point_num_in_lidar": 35,
    "speed": 0.0030017805537362412,
    "if_vehicle": false,
    "motion_state": false,
    "pose": [
      [
        0.9990136572661299,
        0.04431154333675262,
        -0.0028635158227278443,
        53.85824749475432
      ],
      [
        -0.044321551661547706,
        0.9990110748293782,
        -0.0035316322802963563,
        10.270155345890089
      ],
      [
        0.0027041919430164487,
        0.003655064344928676,
        0.9999896638718672,
        2.8876192044562075
      ],
      [
        0.0,
        0.0,
        0.0,
        1.0
      ]
    ],
    "location": [
      53.85824749475432,
      10.270155345890089,
      2.8876192044562075
    ],
    "rotation": [
      0.003655085847553267,
      -0.0027041952388306614,
      -0.044336237593855354
    ]
  },
  {
    "label_id": "V7YN8qOnLzj6EqMtbCjrbw",
    "size": [
      2.3616038729626836,
      4.897855298287807,
      1.8405185015044054
    ],
    "obj_class": "vehicle",
    "point_num_in_lidar": 5009,
    "speed": 0.0,
    "if_vehicle": true,
    "motion_state": false,
    "pose": [
      [
        0.6910126697697653,
        0.7228369736633528,
        -0.0028635158227278443,
        2.9910673179329024
      ],
      [
        -0.7228424175668782,
        0.6910038834474866,
        -0.0035316322802963563,
        -4.770993855832785
      ],
      [
        -0.0005740938357629583,
        0.004510273350694272,
        0.9999896638718672,
        0.847619204456187
      ],
      [
        0.0,
        0.0,
        0.0,
        1.0
      ]
    ],
    "location": [
      2.9910673179329024,
      -4.770993855832785,
      0.847619204456187
    ],
    "rotation": [
      0.004510289385853687,
      0.0005740938672982945,
      -0.8079070982691094
    ]
  },
  {
    "label_id": "Xhv1ib3Sd4Npw2uCm8OIgA",
    "size": [
      0.7032178819206059,
      0.8587069967628569,
      1.7415277018557802
    ],
    "obj_class": "pedestrian",
    "point_num_in_lidar": 38,
    "speed": 1.6077746776921857e-12,
    "if_vehicle": false,
    "motion_state": false,
    "pose": [
      [
        -0.8369832766650059,
        -0.5472209744337687,
        -0.0028635158227278443,
        53.21171874849824
      ],
      [
        0.547228269723369,
        -0.8369759544867489,
        -0.0035316322802963563,
        -2.723405725082557
      ],
      [
        -0.0004641106311500209,
        -0.0045229139669351985,
        0.9999896638718672,
        0.9170612334798278
      ],
      [
        0.0,
        0.0,
        0.0,
        1.0
      ]
    ],
    "location": [
      53.21171874849824,
      -2.723405725082557,
      0.9170612334798278
    ],
    "rotation": [
      -0.004522929874884344,
      0.0004641106478114919,
      2.5625435155410923
    ]
  },
  {
    "label_id": "XsywigB-Q40d0u9u21SmQg",
    "size": [
      0.728943417047815,
      0.9162428550820471,
      1.9424134016137273
    ],
    "obj_class": "pedestrian",
    "point_num_in_lidar": 60,
    "speed": 1.638008651221299,
    "if_vehicle": false,
    "motion_state": true,
    "pose": [
      [
        0.999808360548448,
        -0.01936601287197815,
        -0.0028635158227278443,
        47.47123294403718
      ],
      [
        0.019355860468192414,
        0.9998064203829523,
        -0.0035316322802963563,
        -5.109232474729652
      ],
      [
        0.002931355140630783,
        0.0034755296675098957,
        0.9999896638718672,
        1.0313776320180708
      ],
      [
        0.0,
        0.0,
        0.0,
        1.0
      ]
    ],
    "location": [
      47.47123294403718,
      -5.109232474729652,
      1.0313776320180708
    ],
    "rotation": [
      0.00347555159707267,
      -0.002931359338759414,
      0.01935715245909376
    ]
  },
  {
    "label_id": "YmfytkE-ukfBRofAX1HVww",
    "size": [
      0.6442834931349519,
      0.7097897537460085,
      1.5500000000000043
    ],
    "obj_class": "pedestrian",
    "point_num_in_lidar": 35,
    "speed": 1.3623687076653812,
    "if_vehicle": false,
    "motion_state": true,
    "pose": [
      [
        0.9986443711925364,
        -0.05197326392095054,
        -0.0028635158227278443,
        34.40207303103671
      ],
      [
        0.05196305362567766,
        0.998642763269895,
        -0.0035316322802963563,
        -8.220738981028262
      ],
      [
        0.0030431798104515917,
        0.003378047671585434,
        0.9999896638718672,
        0.9086280856709976
      ],
      [
        0.0,
        0.0,
        0.0,
        1.0
      ]
    ],
    "location": [
      34.40207303103671,
      -8.220738981028262,
      0.9086280856709976
    ],
    "rotation": [
      0.0033780697383700765,
      -0.0030431845075904757,
      0.051986707776855524
    ]
  },
  {
    "label_id": "aOalNxxJ9uA_4VqI2Wr-pw",
    "size": [
      0.9999999999949627,
      1.0,
      1.7608367811754064
    ],
    "obj_class": "pedestrian",
    "point_num_in_lidar": 27,
    "speed": 1.2662810638402935,
    "if_vehicle": false,
    "motion_state": true,
    "pose": [
      [
        0.9886746889255844,
        0.15004719175989906,
        -0.0028635158227278443,
        61.8762486812775
      ],
      [
        -0.15005686963099146,
        0.9886710592760286,
        -0.0035316322802963563,
        -4.279751244481304
      ],
      [
        0.002301163715722929,
        0.003921325666618906,
        0.9999896638718672,
        0.9345400282537994
      ],
      [
        0.0,
        0.0,
        0.0,
        1.0
      ]
    ],
    "location": [
      61.8762486812775,
      -4.279751244481304,
      0.9345400282537994
    ],
    "rotation": [
      0.003921346098784297,
      -0.0023011657466406876,
      -0.15062619529867674
    ]
  },
  {
    "label_id": "aphnxehbBGUVAa3NaGJV7A",
    "size": [
      2.0433480586273705,
      4.555124657205895,
      1.5400000000000063
    ],
    "obj_class": "vehicle",
    "point_num_in_lidar": 129,
    "speed": 4.506801958864712,
    "if_vehicle": true,
    "motion_state": true,
    "pose": [
      [
        -0.9983662520162679,
        0.05706686527331736,
        -0.0028635158227278443,
        50.81397562692291
      ],
      [
        -0.057056646908568785,
        -0.9983646961992334,
        -0.0035316322802963563,
        6.766231032037467
      ],
      [
        -0.003060372287953953,
        -0.003362479871964656,
        0.9999896638718672,
        0.725404332215291
      ],
      [
        0.0,
        0.0,
        0.0,
        1.0
      ]
    ],
    "location": [
      50.81397562692291,
      6.766231032037467,
      0.725404332215291
    ],
    "rotation": [
      -0.003362501954670274,
      0.0030603770651532764,
      -3.084504735996498
    ]
  },
  {
    "label_id": "c3SCJxumyZ0SBk4CZmOJ6g",
    "size": [
      0.9673409614708582,
      1.0650027170117071,
      1.9586854736991413
    ],
    "obj_class": "pedestrian",
    "point_num_in_lidar": 38,
    "speed": 1.359536984376743,
    "if_vehicle": false,
    "motion_state": true,
    "pose": [
      [
        0.9999848422175388,
        0.0047027239231177435,
        -0.0028635158227278443,
        39.28298511903267
      ],
      [
        -0.004712826690659255,
        0.9999826582686425,
        -0.0035316322802963563,
        12.859918362388271
      ],
      [
        0.002846857872793504,
        0.003545074002380995,
        0.9999896638718672,
        0.8943550564471323
      ],
      [
        0.0,
        0.0,
        0.0,
        1.0
      ]
    ],
    "location": [
      39.28298511903267,
      12.859918362388271,
      0.8943550564471323
    ],
    "rotation": [
      0.003545095793785792,
      -0.0028468617182481285,
      -0.004712863234839925
    ]
  },
  {
    "label_id": "cEBTjT2GdLcTLHmXu-PHfw",
    "size": [
      0.8625872603713626,
      0.8538088650045665,
      1.7592707532064438
    ],
    "obj_class": "pedestrian",
    "point_num_in_lidar": 110,
    "speed": 0.29193501030202607,
    "if_vehicle": false,
    "motion_state": false,
    "pose": [
      [
        -0.7689820054013596,
        0.6392640109110136,
        -0.0028635158227278443,
        9.18463016753958
      ],
      [
        -0.6392548684825268,
        -0.7689868273870653,
        -0.0035316322802963563,
        -9.883057573155384
      ],
      [
        -0.0044596513642572045,
        -0.000885245242586946,
        0.9999896638718672,
        0.9027184717931576
      ],
      [
        0.0,
        0.0,
        0.0,
        1.0
      ]
    ],
    "location": [
      9.18463016753958,
      -9.883057573155384,
      0.9027184717931576
    ],
    "rotation": [
      -0.0008852541614392087,
      0.00445966614701165,
      -2.4480554800521586
    ]
  },
  {
    "label_id": "d5Xz_Y5bEfbj7EAZ-5qxtA",
    "size": [
      2.0468262846604697,
      4.409145640338879,
      1.7941632412429342
    ],
    "obj_class": "vehicle",
    "point_num_in_lidar": 118,
    "speed": 0.6706874613639898,
    "if_vehicle": true,
    "motion_state": false,
    "pose": [
      [
        -0.09298088424646259,
        -0.9956637763029641,
        -0.0028635158227278443,
        44.57156066970492
      ],
      [
        0.9956625894568791,
        -0.09297061648423557,
        -0.0035316322802963563,
        -12.31907549418247
      ],
      [
        0.0032500955013619473,
        -0.003179469871263257,
        0.9999896638718672,
        1.0688493393898142
      ],
      [
        0.0,
        0.0,
        0.0,
        1.0
      ]
    ],
    "location": [
      44.57156066970492,
      -12.31907549418247,
      1.0688493393898142
    ],
    "rotation": [
      -0.0031794920209596675,
      -0.003250101223247694,
      1.6639122050454804
    ]
  },
  {
    "label_id": "fNy8PC-BmuP16FOJ9FFzIw",
    "size": [
      2.1476594433774294,
      5.107156534927326,
      1.980000000000004
    ],
    "obj_class": "vehicle",
    "point_num_in_lidar": 5325,
    "speed": 1.3830600733622805e-11,
    "if_vehicle": true,
    "motion_state": false,
    "pose": [
      [
        0.7587978390587512,
        0.6513199211730766,
        -0.0028635158227278443,
        9.769325689427205
      ],
      [
        -0.6513262033764993,
        0.7587896311683441,
        -0.0035316322802963563,
        -4.6730783365128445
      ],
      [
        -0.00012741634344253688,
        0.004544877831764865,
        0.9999896638718672,
        0.8495289039752407
      ],
      [
        0.0,
        0.0,
        0.0,
        1.0
      ]
    ],
    "location": [
      9.769325689427205,
      -4.6730783365128445,
      0.8495289039752407
    ],
    "rotation": [
      0.004544893515238214,
      0.00012741634378730265,
      -0.7093309045423626
    ]
  },
  {
    "label_id": "gLdCcd_k3Lp-3dE0ol5ezA",
    "size": [
      2.1350699741361345,
      4.396070169772625,
      1.8305185015044074
    ],
    "obj_class": "vehicle",
    "point_num_in_lidar": 1322,
    "speed": 3.5950934718225418e-12,
    "if_vehicle": true,
    "motion_state": false,
    "pose": [
      [
        0.6806031591613625,
        0.7326466679216566,
        -0.0028635158227278443,
        19.920081230251526
      ],
      [
        -0.7326519855964818,
        0.680594295873077,
        -0.0035316322802963563,
        -3.9800986740228836
      ],
      [
        -0.0006385460873928154,
        0.004501600640274444,
        0.9999896638718672,
        0.8926192044561745
      ],
      [
        0.0,
        0.0,
        0.0,
        1.0
      ]
    ],
    "location": [
      19.920081230251526,
      -3.9800986740228836,
      0.8926192044561745
    ],
    "rotation": [
      0.004501616761878727,
      0.0006385461307864046,
      -0.8222105628665378
    ]
  },
  {
    "label_id": "l-XnejT-kWgZdox4WXTk1Q",
    "size": [
      2.0028314749616634,
      4.45394267847577,
      1.5900000000000034
    ],
    "obj_class": "vehicle",
    "point_num_in_lidar": 3673,
    "speed": 2.2737367544323206e-12,
    "if_vehicle": true,
    "motion_state": false,
    "pose": [
      [
        0.5637935655798603,
        0.8259107794961154,
        -0.0028635158227278443,
        13.066347590152873
      ],
      [
        -0.8259147166277044,
        0.563784008669291,
        -0.0035316322802963563,
        -4.414321990858298
      ],
      [
        -0.0013024087400877594,
        0.004356131414912431,
        0.9999896638718672,
        0.6428784552083968
      ],
      [
        0.0,
        0.0,
        0.0,
        1.0
      ]
    ],
    "location": [
      13.066347590152873,
      -4.414321990858298,
      0.6428784552083968
    ],
    "rotation": [
      0.004356148886559293,
      0.001302409108293866,
      -0.9718239471273714
    ]
  },
  {
    "label_id": "lZyBbVEUGKHI86ep9kmLgw",
    "size": [
      0.8723086256036766,
      0.6996606541566454,
      1.9082143842119805
    ],
    "obj_class": "pedestrian",
    "point_num_in_lidar": 34,
    "speed": 2.2737367544323206e-12,
    "if_vehicle": false,
    "motion_state": false,
    "pose": [
      [
        -0.9463541545800499,
        0.3231185763558205,
        -0.0028635158227278443,
        48.472142243736016
      ],
      [
        -0.3231083155888032,
        -0.9463554004552429,
        -0.0035316322802963563,
        21.508069284420344
      ],
      [
        -0.0038510396577491517,
        -0.002416949106763992,
        0.9999896638718672,
        0.6235569827934597
      ],
      [
        0.0,
        0.0,
        0.0,
        1.0
      ]
    ],
    "location": [
      48.472142243736016,
      21.508069284420344,
      0.6235569827934597
    ],
    "rotation": [
      -0.0024169693824704955,
      0.003851049176624089,
      -2.812577979146738
    ]
  },
  {
    "label_id": "miUCgrw0d28mF4d4GaaTfg",
    "size": [
      0.7603092283502136,
      0.8180348372529171,
      1.7374134793072642
    ],
    "obj_class": "pedestrian",
    "point_num_in_lidar": 141,
    "speed": 1.3637483737491989,
    "if_vehicle": false,
    "motion_state": true,
    "pose": [
      [
        0.9953094879295387,
        0.0966996562277891,
        -0.0028635158227278443,
        22.49579523353168
      ],
      [
        -0.09670951516928084,
        0.9953063836071581,
        -0.0035316322802963563,
        -9.371647960317205
      ],
      [
        0.002508567950493506,
        0.003791996343352769,
        0.9999896638718672,
        0.9114208170009093
      ],
      [
        0.0,
        0.0,
        0.0,
        1.0
      ]
    ],
    "location": [
      22.49579523353168,
      -9.371647960317205,
      0.9114208170009093
    ],
    "rotation": [
      0.0037920173625740766,
      -0.0025085705815343358,
      -0.09686120858447281
    ]
  },
  {
    "label_id": "oBgkabLveCc0Yw1MvBSHOA",
    "size": [
      0.8283111702849352,
      0.7942693187629959,
      1.8171851638005094
    ],
    "obj_class": "pedestrian",
    "point_num_in_lidar": 61,
    "speed": 1.1727729882558726,
    "if_vehicle": false,
    "motion_state": true,
    "pose": [
      [
        0.9220521545583705,
        -0.38705506656211053,
        -0.0028635158227278443,
        28.63217700282985
      ],
      [
        0.38704491496506344,
        0.9220540989405792,
        -0.0035316322802963563,
        -7.803114688220376
      ],
      [
        0.004007252669050418,
        0.002148039915046334,
        0.9999896638718672,
        0.9317217950668208
      ],
      [
        0.0,
        0.0,
        0.0,
        1.0
      ]
    ],
    "location": [
      28.63217700282985,
      -7.803114688220376,
      0.9317217950668208
    ],
    "rotation": [
      0.002148058813858889,
      -0.004007263393921202,
      0.3974279290639879
    ]
  },
  {
    "label_id": "skG246l1N6X1i6YSA_Q0Og",
    "size": [
      2.58944020935017,
      7.428925470678697,
      2.7960974461957804
    ],
    "obj_class": "vehicle",
    "point_num_in_lidar": 196,
    "speed": 3.5950934718225418e-12,
    "if_vehicle": true,
    "motion_state": false,
    "pose": [
      [
        -0.9976016984727819,
        0.06915671682023182,
        -0.0028635158227278443,
        70.65619053890259
      ],
      [
        -0.06914648035835433,
        -0.9976002665534369,
        -0.0035316322802963563,
        11.279047276177153
      ],
      [
        -0.0031008802415549265,
        -0.003325160320612861,
        0.9999896638718672,
        1.3658018184191718
      ],
      [
        0.0,
        0.0,
        0.0,
        1.0
      ]
    ],
    "location": [
      70.65619053890259,
      11.279047276177153,
      1.3658018184191718
    ],
    "rotation": [
      -0.003325182434862293,
      0.003100885210973857,
      -3.0723906201653683
    ]
  },
  {
    "label_id": "t1ePe__aXYB9-IF7fpKV7w",
    "size": [
      0.7204831567476602,
      0.8499257723597111,
      1.6992111162184642
    ],
    "obj_class": "pedestrian",
    "point_num_in_lidar": 61,
    "speed": 0.8017684445644583,
    "if_vehicle": false,
    "motion_state": false,
    "pose": [
      [
        -0.9658688049051697,
        -0.25901592998924255,
        -0.0028635158227278443,
        29.33070831333316
      ],
      [
        0.25902514442186825,
        -0.9658641219812789,
        -0.0035316322802963563,
        10.999897488218267
      ],
      [
        -0.0018510181764375387,
        -0.004152816049470745,
        0.9999896638718672,
        0.835587069220459
      ],
      [
        0.0,
        0.0,
        0.0,
        1.0
      ]
    ],
    "location": [
      29.33070831333316,
      10.999897488218267,
      0.835587069220459
    ],
    "rotation": [
      -0.004152835100469313,
      0.0018510192334533152,
      2.879579430547216
    ]
  },
  {
    "label_id": "tLLaYUgBVODgrVjxYBagwA",
    "size": [
      0.7770444605792443,
      0.11190182437167095,
      0.7800000000000011
    ],
    "obj_class": "sign",
    "point_num_in_lidar": 59,
    "speed": 0.0036316496353238324,
    "if_vehicle": false,
    "motion_state": false,
    "pose": [
      [
        -0.9948233889265582,
        0.10157866469791314,
