[
  {
    "label_id": "-K1mhaiPD_bfqqGo9XGMqQ",
    "size": [
      0.7507335149723934,
      0.7899949617853979,
      1.7000000000000028
    ],
    "obj_class": "pedestrian",
    "point_num_in_lidar": 133,
    "speed": 1.265586388383884,
    "if_vehicle": false,
    "motion_state": true,
    "pose": [
      [
        0.9999661460333599,
        0.007281524854778317,
        -0.0038322555993089667,
        21.048199299511907
      ],
      [
        -0.007294553163182879,
        0.9999676253729546,
        -0.0033967190233788343,
        -1.3974683512860793
      ],
      [
        0.003807398237469765,
        0.003424558623170396,
        0.9999868879724862,
        0.8532416911200187
      ],
      [
        0.0,
        0.0,
        0.0,
        1.0
      ]
    ],
    "location": [
      21.048199299511907,
      -1.3974683512860793,
      0.8532416911200187
    ],
    "rotation": [
      0.003424590138947067,
      -0.0038074074363824424,
      -0.007294670729804943
    ]
  },
  {
    "label_id": "-lw-pbHiNJGWsl32vhmuQQ",
    "size": [
      0.6444965489754451,
      0.11856601403023674,
      0.71051850150441
    ],
    "obj_class": "sign",
    "point_num_in_lidar": 28,
    "speed": 0.0033681638631507314,
    "if_vehicle": false,
    "motion_state": false,
    "pose": [
      [
        -0.9999430797508102,
        -0.009957463305790783,
        -0.0038322555993089667,
        54.20373065084277
      ],
      [
        0.009970495526339931,
        -0.9999445242206366,
        -0.0033967190233788343,
        -1.7168029957538238
      ],
      [
        -0.003798220296907499,
        -0.0034347351685942978,
        0.9999868879724862,
        3.1526192044562436
      ],
      [
        0.0,
        0.0,
        0.0,
        1.0
      ]
    ],
    "location": [
      54.20373065084277,
      -1.7168029957538238,
      3.1526192044562436
    ],
    "rotation": [
      -0.0034347666981030837,
      0.003798229429456681,
      3.131621920936354
    ]
  },
  {
    "label_id": "4urEpOJUZhB3OnIJvndwTw",
    "size": [
      0.6442834931275476,
      0.7097897537460085,
      1.3600000000000065
    ],
    "obj_class": "pedestrian",
    "point_num_in_lidar": 47,
    "speed": 0.5331888500082529,
    "if_vehicle": false,
    "motion_state": false,
    "pose": [
      [
        -0.2261993632445001,
        -0.9740734889549167,
        -0.0038322555993089667,
        28.35307923223445
      ],
      [
        0.9740779668224977,
        -0.22618703952884908,
        -0.0033967190233788343,
        -10.090029755345313
      ],
      [
        0.002441847401376608,
        -0.004501251422727784,
        0.9999868879724862,
        0.9629750194184652
      ],
      [
        0.0,
        0.0,
        0.0,
        1.0
      ]
    ],
    "location": [
      28.35307923223445,
      -10.090029755345313,
      0.9629750194184652
    ],
    "rotation": [
      -0.004501280042859542,
      -0.002441849828017295,
      1.798971156296544
    ]
  },
  {
    "label_id": "5v-HhV-BedTvNkAgrUmSsA",
    "size": [
      2.122837831403962,
      5.033050925192189,
      1.480000000000004
    ],
    "obj_class": "vehicle",
    "point_num_in_lidar": 2778,
    "speed": 0.003062681532588414,
    "if_vehicle": true,
    "motion_state": false,
    "pose": [
      [
        -0.9947551588581506,
        0.10221295290772618,
        -0.0038322555993089667,
        12.476920710556442
      ],
      [
        -0.10220016479609739,
        -0.9947580553157268,
        -0.0033967190233788343,
        7.399385850185354
      ],
      [
        -0.004159355809018791,
        -0.0029872466179075713,
        0.9999868879724862,
        0.593780625471183
      ],
      [
        0.0,
        0.0,
        0.0,
        1.0
      ]
    ],
    "location": [
      12.476920710556442,
      7.399385850185354,
      0.593780625471183
    ],
    "rotation": [
      -0.00298727690127223,
      0.004159367802088299,
      -3.0392128473294338
    ]
  },
  {
    "label_id": "6ufHihRk7ljuRm35o3Ve6g",
    "size": [
      0.8855818262549359,
      0.8864430025332695,
      1.8700000000000045
    ],
    "obj_class": "pedestrian",
    "point_num_in_lidar": 22,
    "speed": 1.1368683772161603e-12,
    "if_vehicle": false,
    "motion_state": false,
    "pose": [
      [
        0.869106917803262,
        0.4946094209005076,
        -0.0038322555993089667,
        47.294012877959176
      ],
      [
        -0.4946215129179618,
        0.8691018474601366,
        -0.0033967190233788343,
        22.216328529109887
      ],
      [
        0.001650571192183733,
        0.004847628063471016,
        0.9999868879724862,
        0.586567057265384
      ],
      [
        0.0,
        0.0,
        0.0,
        1.0
      ]
    ],
    "location": [
      47.294012877959176,
      22.216328529109887,
      0.586567057265384
    ],
    "rotation": [
      0.004847653653303634,
      -0.0016505719416499566,
      -0.5174000640016256
    ]
  },
  {
    "label_id": "9KGiqkmEBgSGNEolhIVz1A",
    "size": [
      0.6676860043878347,
      0.8747499668482639,
      1.6388978100247868
    ],
    "obj_class": "pedestrian",
    "point_num_in_lidar": 93,
    "speed": 0.7323654170609747,
    "if_vehicle": false,
    "motion_state": false,
    "pose": [
      [
        -0.9905760352466333,
        -0.13691030717985495,
        -0.0038322555993089667,
        28.515985744816135
      ],
      [
        0.13692341731334848,
        -0.9905758123894963,
        -0.0033967190233788343,
        11.801580733525043
      ],
      [
        -0.0033310938586752228,
        -0.00388943399570102,
        0.9999868879724862,
        0.7867439828654383
      ],
      [
        0.0,
        0.0,
        0.0,
        1.0
      ]
    ],
    "location": [
      28.515985744816135,
      11.801580733525043,
      0.7867439828654383
    ],
    "rotation": [
      -0.0038894653814157253,
      0.003331100019112321,
      3.004236978512975
    ]
  },
  {
    "label_id": "Abp2wF28Amdp-8SvcS3E1g",
    "size": [
      2.19629456892773,
      4.401772619467235,
      1.7100000000000009
    ],
    "obj_class": "vehicle",
    "point_num_in_lidar": 3054,
    "speed": 1.1224612205518492,
    "if_vehicle": true,
    "motion_state": true,
    "pose": [
      [
        0.9874944720689397,
        -0.15760704759086022,
        -0.0038322555993089667,
        15.721249928108591
      ],
      [
        0.1575944411938703,
        0.9874980781777086,
        -0.0033967190233788343,
        0.24438007333810674
      ],
      [
        0.004319691896173816,
        0.0027502990790728293,
        0.9999868879724862,
        0.9041012303894576
      ],
      [
        0.0,
        0.0,
        0.0,
        1.0
      ]
    ],
    "location": [
      15.721249928108591,
      0.24438007333810674,
      0.9041012303894576
    ],
    "rotation": [
      0.002750328206747868,
      -0.004319705330339848,
      0.15825566656436915
    ]
  },
  {
    "label_id": "C4NxoX3efnXfwLAduEGZxw",
    "size": [
      2.0028314749616634,
      4.45394267847577,
      1.5900000000000034
    ],
    "obj_class": "vehicle",
    "point_num_in_lidar": 1653,
    "speed": 6.431098710768743e-12,
    "if_vehicle": true,
    "motion_state": false,
    "pose": [
      [
        0.5637917370496648,
        0.8259081008511439,
        -0.0038322555993089667,
        16.627299012507137
      ],
      [
        -0.8259167400166518,
        0.5637818734760301,
        -0.0033967190233788343,
        -4.547454089864914
      ],
      [
        -0.0006448215163063491,
        0.005080166169952216,
        0.9999868879724862,
        0.6528784552083238
      ],
      [
        0.0,
        0.0,
        0.0,
        1.0
      ]
    ],
    "location": [
      16.627299012507137,
      -4.547454089864914,
      0.6528784552083238
    ],
    "rotation": [
      0.0050801890779361225,
      0.0006448215609919284,
      -0.9718265981138383
    ]
  },
  {
    "label_id": "DV-QVxiC5bGWoAdie1BT7w",
    "size": [
      2.123208825958278,
      4.640056433527341,
      1.5305185015044103
    ],
    "obj_class": "vehicle",
    "point_num_in_lidar": 197,
    "speed": 3.9919405647433512,
    "if_vehicle": true,
    "motion_state": true,
    "pose": [
      [
        0.9981916056806694,
        -0.05999026725785022,
        -0.0038322555993089667,
        39.966787676392414
      ],
      [
        0.05997736794696054,
        0.9981939579230236,
        -0.0033967190233788343,
        1.8641426524482085
      ],
      [
        0.004029104466459207,
        0.003160727811846041,
        0.9999868879724862,
        0.8762606422770531
      ],
      [
        0.0,
        0.0,
        0.0,
        1.0
      ]
    ],
    "location": [
      39.966787676392414,
      1.8641426524482085,
      0.8762606422770531
    ],
    "rotation": [
      0.0031607587301538983,
      -0.00402911536773949,
      0.060013873270393585
    ]
  },
  {
    "label_id": "DX4XHYOjhuavfiHWtty6bw",
    "size": [
      0.7633635672991761,
      0.9971149116720426,
      1.7568296477584084
    ],
    "obj_class": "pedestrian",
    "point_num_in_lidar": 22,
    "speed": 1.4832363221288685,
    "if_vehicle": false,
    "motion_state": true,
    "pose": [
      [
        -0.996720603105541,
        -0.08082916034419756,
        -0.0038322555993089667,
        57.78570906595996
      ],
      [
        0.08084226218155208,
        -0.9967211199454165,
        -0.0033967190233788343,
        -6.900244815471524
      ],
      [
        -0.0035451361462754526,
        -0.003695388045468273,
        0.9999868879724862,
        0.8964948249132831
      ],
      [
        0.0,
        0.0,
        0.0,
        1.0
      ]
    ],
    "location": [
      57.78570906595996,
      -6.900244815471524,
      0.8964948249132831
    ],
    "rotation": [
      -0.0036954196783351287,
      0.003545143572190231,
      3.0606615646903004
    ]
  },
  {
    "label_id": "Djbr-wq3c_Wu_emcmW1Dog",
    "size": [
      2.4599560878352613,
      5.612823795445765,
      2.270518501504405
    ],
    "obj_class": "vehicle",
    "point_num_in_lidar": 14160,
    "speed": 3.5950934718225418e-12,
    "if_vehicle": true,
    "motion_state": false,
    "pose": [
      [
        0.6979133491361053,
        0.7161719562469939,
        -0.0038322555993089667,
        6.414921689996845
      ],
      [
        -0.7161821685676866,
        0.6979051251606924,
        -0.0033967190233788343,
        -4.570807764146593
      ],
      [
        0.00024191591588889003,
        0.005115208675299398,
        0.9999868879724862,
        0.9702739337871193
      ],
      [
        0.0,
        0.0,
        0.0,
        1.0
      ]
    ],
    "location": [
      6.414921689996845,
      -4.570807764146593,
      0.9702739337871193
    ],
    "rotation": [
      0.005115231132122724,
      -0.00024191591824851015,
      -0.7983165291885984
    ]
  },
  {
    "label_id": "EB8EchWMY1Oagsjrk4KwsA",
    "size": [
      2.203939785643841,
      4.8606414627357974,
      1.6200000000000045
    ],
    "obj_class": "vehicle",
    "point_num_in_lidar": 38,
    "speed": 4.099037227506402e-12,
    "if_vehicle": true,
    "motion_state": false,
    "pose": [
      [
        0.6763860746892277,
        0.7365372982975946,
        -0.0038322555993089667,
        68.75947913958225
      ],
      [
        -0.7365472624502698,
        0.676377551724545,
        -0.0033967190233788343,
        -2.6366225702367956
      ],
      [
        9.024140728778648e-05,
        0.0051201308177261755,
        0.9999868879724862,
        0.8066471474137273
      ],
      [
        0.0,
        0.0,
        0.0,
        1.0
      ]
    ],
    "location": [
      68.75947913958225,
      -2.6366225702367956,
      0.8066471474137273
    ],
    "rotation": [
      0.005120153210174323,
      -9.024140741026681e-05,
      -0.82795138863815
    ]
  },
  {
    "label_id": "G96MfK6U70_2CEKJH1g1gA",
    "size": [
      2.0507676477421524,
      4.751621205894719,
      1.783059185505671
    ],
    "obj_class": "vehicle",
    "point_num_in_lidar": 3121,
    "speed": 1.1368683772161603e-12,
    "if_vehicle": true,
    "motion_state": false,
    "pose": [
      [
        -0.9991491422339751,
        0.041064648910386636,
        -0.0038322555993089667,
        6.1541660873554065
      ],
      [
        -0.04105170734266607,
        -0.9991512496234634,
        -0.0033967190233788343,
        6.997459129321214
      ],
      [
        -0.003968488045068352,
        -0.0032365082632936633,
        0.9999868879724862,
        0.7040665679496101
      ],
      [
        0.0,
        0.0,
        0.0,
        1.0
      ]
    ],
    "location": [
      6.1541660873554065,
      6.997459129321214,
      0.7040665679496101
    ],
    "rotation": [
      -0.0032365393998693604,
      0.003968498461693993,
      -3.1005290836098958
    ]
  },
  {
    "label_id": "GvNSnjQZk7nOuKBrSduqOA",
    "size": [
      2.157995541182757,
      4.7553734910656065,
      1.5499999999999972
    ],
    "obj_class": "vehicle",
    "point_num_in_lidar": 4300,
    "speed": 7.185877964348598,
    "if_vehicle": true,
    "motion_state": true,
    "pose": [
      [
        -0.9984450792029558,
        0.05561238740087532,
        -0.0038322555993089667,
        7.43919272498897
      ],
      [
        -0.05559947789888343,
        -0.9984473748562053,
        -0.0033967190233788343,
        3.678338589175837
      ],
      [
        -0.0040152051971280986,
        -0.003178365983831016,
        0.9999868879724862,
        0.7254415198815849
      ],
      [
        0.0,
        0.0,
        0.0,
        1.0
      ]
    ],
    "location": [
      7.43919272498897,
      3.678338589175837,
      0.7254415198815849
    ],
    "rotation": [
      -0.0031783969562148933,
      0.004015215985977596,
      -3.0859640410893627
    ]
  },
  {
    "label_id": "ImNXxSqrOhGjnDuh8WZ_rw",
    "size": [
      0.7006499849862358,
      0.8057173953675747,
      1.5600000000000023
    ],
    "obj_class": "pedestrian",
    "point_num_in_lidar": 47,
    "speed": 1.1012760218486812,
    "if_vehicle": false,
    "motion_state": true,
    "pose": [
      [
        -0.9999441617492669,
        -0.00984820798811547,
        -0.0038322555993089667,
        49.962996858572296
      ],
      [
        0.009861240050761928,
        -0.9999456076430043,
        -0.0033967190233788343,
        -5.9344512495954405
      ],
      [
        -0.003798595558474887,
        -0.0034343201489309997,
        0.9999868879724862,
        0.8556711139387119
      ],
      [
        0.0,
        0.0,
        0.0,
        1.0
      ]
    ],
    "location": [
      49.962996858572296,
      -5.9344512495954405,
      0.8556711139387119
    ],
    "rotation": [
      -0.0034343516778936635,
      0.003798604693731217,
      3.131731182557777
    ]
  },
  {
    "label_id": "J8-j5tMTE7dijlXHKvNmRw",
    "size": [
      1.8686382631255292,
      4.258107369427481,
      1.7700000000000031
    ],
    "obj_class": "vehicle",
    "point_num_in_lidar": 92,
    "speed": 2.5421149729252077e-12,
    "if_vehicle": true,
    "motion_state": false,
    "pose": [
      [
        0.08394531111205342,
        0.9964629940742014,
        -0.0038322555993089667,
        38.593940286067664
      ],
      [
        -0.9964656554250853,
        0.08393247201251355,
        -0.0033967190233788343,
        -13.49626390451158
      ],
      [
        -0.003063054122231073,
        0.004103849722699629,
        0.9999868879724862,
        1.0303133105763607
      ],
      [
        0.0,
        0.0,
        0.0,
        1.0
      ]
    ],
    "location": [
      38.593940286067664,
      -13.49626390451158,
      1.0303133105763607
    ],
    "rotation": [
      0.004103880494080931,
      0.003063058912000361,
      -1.486751715344967
    ]
  },
  {
    "label_id": "LVurOGR3dPZTYlctUjwF1w",
    "size": [
      0.8553806403943328,
      0.9205835426103812,
      1.5600000000000023
    ],
    "obj_class": "pedestrian",
    "point_num_in_lidar": 85,
    "speed": 0.8549992618410792,
    "if_vehicle": false,
    "motion_state": false,
    "pose": [
      [
        0.9796560914743558,
        -0.20064709380952894,
        -0.0038322555993089667,
        29.950807616172824
      ],
      [
        0.20063465719970522,
        0.979660245508734,
        -0.0033967190233788343,
        13.196537563708262
      ],
      [
        0.0044358502617997475,
        0.002558733193810895,
        0.9999868879724862,
        0.7841869177578005
      ],
      [
        0.0,
        0.0,
        0.0,
        1.0
      ]
    ],
    "location": [
      29.950807616172824,
      13.196537563708262,
      0.7841869177578005
    ],
    "rotation": [
      0.0025587611601258237,
      -0.004435864809127636,
      0.2020077228772208
    ]
  },
  {
    "label_id": "MgUHjjRH5WfE7KTO3UAfsQ",
    "size": [
      2.1220822046833625,
      4.89751997057426,
      1.4830591855056738
    ],
    "obj_class": "vehicle",
    "point_num_in_lidar": 3491,
    "speed": 2.2737367544323206e-12,
    "if_vehicle": true,
    "motion_state": false,
    "pose": [
      [
        -0.9924433648346137,
        0.12264371737994333,
        -0.0038322555993089667,
        0.6649122067392454
      ],
      [
        -0.12263099152327196,
        -0.9924465236061313,
        -0.0033967190233788343,
        6.701107151937322
      ],
      [
        -0.004219894995026666,
        -0.002901097953045964,
        0.9999868879724862,
        0.5714972709385151
      ],
      [
        0.0,
        0.0,
        0.0,
        1.0
      ]
    ],
    "location": [
      0.6649122067392454,
      6.701107151937322,
      0.5714972709385151
    ],
    "rotation": [
      -0.0029011278536379163,
      0.004219907519433401,
      -3.018651101562744
    ]
  },
  {
    "label_id": "No68zCO6os9hco-_ap9yaQ",
    "size": [
      0.7484054906059393,
      0.7235802196100946,
      1.7700000000000031
    ],
    "obj_class": "pedestrian",
    "point_num_in_lidar": 44,
    "speed": 2.5421149729252077e-12,
    "if_vehicle": false,
    "motion_state": false,
    "pose": [
      [
        -0.9622618024228613,
        0.27209839656809387,
        -0.0038322555993089667,
        48.352709824182966
      ],
      [
        -0.2720862988618277,
        -0.9622668591776131,
        -0.0033967190233788343,
        19.904892758910137
      ],
      [
        -0.004611894358966583,
        -0.002225828727452046,
        0.9999868879724862,
        0.577185843435494
      ],
      [
        0.0,
        0.0,
        0.0,
        1.0
      ]
    ],
    "location": [
      48.352709824182966,
      19.904892758910137,
      0.577185843435494
    ],
    "rotation": [
      -0.002225854237010785,
      0.004611910707957724,
      -2.8660291826113182
    ]
  },
  {
    "label_id": "OpmBDWgrhvbDWXPsj-xPxA",
    "size": [
      0.702651517016489,
      0.7358840794624211,
      1.68310318244977
    ],
    "obj_class": "pedestrian",
    "point_num_in_lidar": 36,
    "speed": 1.6077746776921857e-12,
    "if_vehicle": false,
    "motion_state": false,
    "pose": [
      [
        -0.9918220815393656,
        0.1275706564533612,
        -0.0038322555993089667,
        49.32563542090793
      ],
      [
        -0.12755794643999455,
        -0.9918253034682507,
        -0.0033967190233788343,
        18.73337872508273
      ],
      [
        -0.004234249748352577,
        -0.0028801062776909344,
        0.9999868879724862,
        0.6026887538316359
      ],
      [
        0.0,
        0.0,
        0.0,
        1.0
      ]
    ],
    "location": [
      49.32563542090793,
      18.73337872508273,
      0.6026887538316359
    ],
    "rotation": [
      -0.002880136078439693,
      0.00423426240100753,
      -3.0136850801153727
    ]
  },
  {
    "label_id": "SV4MhXW_fLKMUyYTomC7iA",
    "size": [
      1.8745005814532083,
      4.026761972188614,
      1.730518501504406
    ],
    "obj_class": "vehicle",
    "point_num_in_lidar": 474,
    "speed": 3.2155493553843714e-12,
    "if_vehicle": true,
    "motion_state": false,
    "pose": [
      [
        0.5357858137268331,
        0.8443452348572217,
        -0.0038322555993089667,
        23.067769648005196
      ],
      [
        -0.8443535384849388,
        0.5357756660654149,
        -0.0033967190233788343,
        -3.943883484309481
      ],
      [
        -0.0008147742252861173,
        0.005055692441597689,
        0.9999868879724862,
        0.852619204456154
      ],
      [
        0.0,
        0.0,
        0.0,
        1.0
      ]
    ],
    "location": [
      23.067769648005196,
      -3.943883484309481,
      0.852619204456154
    ],
    "rotation": [
      0.0050557156572679654,
      0.0008147743154350782,
      -1.0053579749029669
    ]
  },
  {
    "label_id": "TBaMlPrcbb0tVmgFVZHKcA",
    "size": [
      0.8401860487472405,
      0.11186696262676982,
      0.8605185015044086
    ],
    "obj_class": "sign",
    "point_num_in_lidar": 39,
    "speed": 0.0030017805816900784,
    "if_vehicle": false,
    "motion_state": false,
    "pose": [
      [
        0.9990104172031888,
        0.044311399622807286,
        -0.0038322555993089667,
        53.854666763138084
      ],
      [
        -0.0443244737818515,
        0.9990114130098005,
        -0.0033967190233788343,
        10.270542987069348
      ],
      [
        0.003677953707229039,
        0.003563220401504622,
        0.9999868879724862,
        2.887619204456172
      ],
      [
        0.0,
        0.0,
        0.0,
        1.0
      ]
    ],
    "location": [
      53.854666763138084,
      10.270542987069348,
      2.887619204456172
    ],
    "rotation": [
      0.0035632520424931755,
      -0.0036779619994366953,
      -0.04433930046847922
    ]
  },
  {
    "label_id": "TiwGEAy4OhFR6psj6jKEAg",
    "size": [
      0.8028476085646528,
      0.06722167331857697,
      0.8100000000000023
    ],
    "obj_class": "sign",
    "point_num_in_lidar": 20,
    "speed": 0.001179344898660863,
    "if_vehicle": false,
    "motion_state": false,
    "pose": [
      [
        -0.05693063475833985,
        -0.9983707811444773,
        -0.0038322555993089667,
        37.10659372162627
      ],
      [
        0.9983730938407722,
        -0.056917728298663844,
        -0.0033967190233788343,
        14.83614807153208
      ],
      [
        0.0031730617417265326,
        -0.0040193982491674015,
        0.9999868879724862,
        3.086573174844659
      ],
      [
        0.0,
        0.0,
        0.0,
        1.0
      ]
    ],
    "location": [
      37.10659372162627,
      14.83614807153208,
      3.086573174844659
    ],
    "rotation": [
      -0.004019429306464322,
      -0.0031730670663179215,
      1.6277580465118824
    ]
  },
  {
    "label_id": "V7YN8qOnLzj6EqMtbCjrbw",
    "size": [
      2.3616038729626836,
      4.897855298287807,
      1.8405185015044054
    ],
    "obj_class": "vehicle",
    "point_num_in_lidar": 4742,
    "speed": 0.0,
    "if_vehicle": true,
    "motion_state": false,
    "pose": [
      [
        0.691010428634695,
        0.7228346293137293,
        -0.0038322555993089667,
        2.9910673179329024
      ],
      [
        -0.7228447622653642,
        0.6910021070629272,
        -0.0033967190233788343,
        -4.770993855847337
      ],
      [
        0.0001928305577792641,
        0.005117294155919232,
        0.9999868879724862,
        0.8476192044561373
      ],
      [
        0.0,
        0.0,
        0.0,
        1.0
      ]
    ],
    "location": [
      2.9910673179329024,
      -4.770993855847337,
      0.8476192044561373
    ],
    "rotation": [
      0.005117316585497475,
      -0.0001928305589742873,
      -0.8079103384735565
    ]
  },
  {
    "label_id": "Xhv1ib3Sd4Npw2uCm8OIgA",
    "size": [
      0.7032178819206055,
      0.8587069967628569,
      1.7415277018557802
    ],
    "obj_class": "pedestrian",
    "point_num_in_lidar": 41,
    "speed": 1.6077746776921857e-12,
    "if_vehicle": false,
    "motion_state": false,
    "pose": [
      [
        -0.8369805621090256,
        -0.5472191996528274,
        -0.0038322555993089667,
        53.21171874849824
      ],
      [
        0.5472309562894868,
        -0.8369747563567075,
        -0.0033967190233788343,
        -2.723405725089833
      ],
      [
        -0.0013487513311093516,
        -0.004940116693869624,
        0.9999868879724862,
        0.9170612334797994
      ],
      [
        0.0,
        0.0,
        0.0,
        1.0
      ]
    ],
    "location": [
      53.21171874849824,
      -2.723405725089833,
      0.9170612334797994
    ],
    "rotation": [
      -0.004940141281230121,
      0.001348751740035389,
      2.562539781444609
    ]
  },
  {
    "label_id": "XsywigB-Q40d0u9u21SmQg",
    "size": [
      0.7289434170470592,
      0.9162428550820471,
      1.9424134016137273
    ],
    "obj_class": "pedestrian",
    "point_num_in_lidar": 59,
    "speed": 1.6121771466325958,
    "if_vehicle": false,
    "motion_state": true,
    "pose": [
      [
        0.997921785879088,
        0.06432280377061543,
        -0.0038322555993089667,
        49.39539273635455
      ],
      [
        -0.06433589526015746,
        0.997922519477815,
        -0.0033967190233788343,
        -5.10514761320519
      ],
      [
        0.0036058076717406544,
        0.003636211508786972,
        0.9999868879724862,
        1.0313776320180565
      ],
      [
        0.0,
        0.0,
        0.0,
        1.0
      ]
    ],
    "location": [
      49.39539273635455,
      -5.10514761320519,
      1.0313776320180565
    ],
    "rotation": [
      0.0036362431609766473,
      -0.003605815485480829,
      -0.06438077944266563
    ]
  },
  {
    "label_id": "YmfytkE-ukfBRofAX1HVww",
    "size": [
      0.6442834931305043,
      0.7097897537460085,
      1.5500000000000043
    ],
    "obj_class": "pedestrian",
    "point_num_in_lidar": 25,
    "speed": 1.398169266063943,
    "if_vehicle": false,
    "motion_state": true,
    "pose": [
      [
        0.994771492538234,
        -0.10205386543524858,
        -0.0038322555993089667,
        35.970635151155875
      ],
      [
        0.10204107686056751,
        0.9947743869506351,
        -0.0033967190233788343,
        -8.064816910984518
      ],
      [
        0.004158878020573969,
        0.0029879117644611495,
        0.9999868879724862,
        0.8766287660355658
      ],
      [
        0.0,
        0.0,
        0.0,
        1.0
      ]
    ],
    "location": [
      35.970635151155875,
      -8.064816910984518,
      0.8766287660355658
    ],
    "rotation": [
      0.00298794205061031,
      -0.004158890009510971,
      0.1022198806438674
    ]
  },
  {
    "label_id": "aOalNxxJ9uA_4VqI2Wr-pw",
    "size": [
      1.0000000000017204,
      1.0,
      1.7608367811754064
    ],
    "obj_class": "pedestrian",
    "point_num_in_lidar": 30,
    "speed": 1.2346222273479202,
    "if_vehicle": false,
    "motion_state": true,
    "pose": [
      [
        0.9829387800176623,
        0.1838930900126784,
        -0.0038322555993089667,
        63.38091653105948
      ],
      [
        -0.18390617468912174,
        0.9829379335497691,
        -0.0033967190233788343,
        -4.537802380764333
      ],
      [
        0.0031422362425053067,
        0.004043542320602657,
        0.9999868879724862,
        0.934540028253771
      ],
      [
        0.0,
        0.0,
        0.0,
        1.0
      ]
    ],
    "location": [
      63.38091653105948,
      -4.537802380764333,
      0.934540028253771
    ],
    "rotation": [
      0.004043573302063606,
      -0.003142241413417697,
      -0.184959864363989
    ]
  },
  {
    "label_id": "aphnxehbBGUVAa3NaGJV7A",
    "size": [
      2.0433480586311203,
      4.555124657205895,
      1.5400000000000063
    ],
    "obj_class": "vehicle",
    "point_num_in_lidar": 184,
    "speed": 6.114087971932889,
    "if_vehicle": true,
    "motion_state": true,
    "pose": [
      [
        -0.9983740196897204,
        0.05687381317980373,
        -0.0038322555993089667,
        44.22793415133492
      ],
      [
        -0.05686090658852334,
        -0.9983763316514506,
        -0.0033967190233788343,
        6.385943367873551
      ],
      [
        -0.004019217650348751,
        -0.0031732904974716156,
        0.9999868879724862,
        0.7887374827434144
      ],
      [
        0.0,
        0.0,
        0.0,
        1.0
      ]
    ],
    "location": [
      44.22793415133492,
      6.385943367873551,
      0.7887374827434144
    ],
    "rotation": [
      -0.0031733214544969837,
      0.0040192284715751024,
      -3.084700602224097
    ]
  },
  {
    "label_id": "c3SCJxumyZ0SBk4CZmOJ6g",
    "size": [
      0.9673409614708144,
      1.0650027170117071,
      1.9586854736991413
    ],
    "obj_class": "pedestrian",
    "point_num_in_lidar": 73,
    "speed": 1.3495173477753843,
    "if_vehicle": false,
    "motion_state": true,
    "pose": [
      [
        0.9992918297578445,
        -0.03743197558559741,
        -0.0038322555993089667,
        40.95235239479371
      ],
      [
        0.037419026441995885,
        0.9992938900843982,
        -0.0033967190233788343,
        12.883041167631745
      ],
      [
        0.003956695509185425,
        0.003250914294442485,
        0.9999868879724862,
        0.9663535256268574
      ],
      [
        0.0,
        0.0,
        0.0,
        1.0
      ]
    ],
    "location": [
      40.95235239479371,
      12.883041167631745,
      0.9663535256268574
    ],
    "rotation": [
      0.003250945468332916,
      -0.003956705833225921,
      0.03742805731381133
    ]
  },
  {
    "label_id": "cEBTjT2GdLcTLHmXu-PHfw",
    "size": [
      0.8625872603845655,
      0.8538088650045665,
      1.7592707532064438
    ],
    "obj_class": "pedestrian",
    "point_num_in_lidar": 74,
    "speed": 0.37631711332970236,
    "if_vehicle": false,
    "motion_state": false,
    "pose": [
      [
        -0.809321290799138,
        0.5873536941879558,
        -0.0038322555993089667,
        8.861411903089902
      ],
      [
        -0.5873440836203108,
        -0.8093302105667953,
        -0.0033967190233788343,
        -10.20426505603973
      ],
      [
        -0.00509663569763457,
        -0.0004981843713080156,
        0.9999868879724862,
        0.9027184717931362
      ],
      [
        0.0,
        0.0,
        0.0,
        1.0
      ]
    ],
    "location": [
      8.861411903089902,
      -10.20426505603973,
      0.9027184717931362
    ],
    "rotation": [
      -0.0004981908623848299,
      0.005096657762668594,
      -2.513809903759783
    ]
  },
  {
    "label_id": "d5Xz_Y5bEfbj7EAZ-5qxtA",
    "size": [
      2.0468262846604715,
      4.409145640338879,
      1.7941632412429342
    ],
    "obj_class": "vehicle",
    "point_num_in_lidar": 121,
    "speed": 0.004367690340740019,
    "if_vehicle": true,
    "motion_state": false,
    "pose": [
      [
        -0.09298058268510051,
        -0.9956605471045644,
        -0.0038322555993089667,
        44.56156325725169
      ],
      [
        0.9956633248069736,
        -0.0929677682543739,
        -0.0033967190233788343,
        -12.209287208905153
      ],
      [
        0.00302570287072977,
        -0.004131465265529437,
        0.9999868879724862,
        1.0688493393898426
      ],
      [
        0.0,
        0.0,
        0.0,
        1.0
      ]
    ],
    "location": [
      44.56156325725169,
      -12.209287208905153,
      1.0688493393898426
    ],
    "rotation": [
      -0.004131495930774631,
      -0.003025707487405494,
      1.6639118364149774
    ]
  },
  {
    "label_id": "fNy8PC-BmuP16FOJ9FFzIw",
    "size": [
      2.14765944337743,
      5.107156534927326,
      1.980000000000004
    ],
    "obj_class": "vehicle",
    "point_num_in_lidar": 5462,
    "speed": 1.3830600733622805e-11,
    "if_vehicle": true,
    "motion_state": false,
    "pose": [
      [
        0.7587953780786233,
        0.6513178087719854,
        -0.0038322555993089667,
        9.769325689427205
      ],
      [
        -0.651328711519492,
        0.7587880941674261,
        -0.0033967190233788343,
        -4.6730783365128445
      ],
      [
        0.0006955263312408769,
        0.005073472797282863,
        0.9999868879724862,
        0.8495289039752407
      ],
      [
        0.0,
        0.0,
        0.0,
        1.0
      ]
    ],
    "location": [
      9.769325689427205,
      -4.6730783365128445,
      0.8495289039752407
    ],
    "rotation": [
      0.005073495790019927,
      -0.0006955263873184967,
      -0.7093344106175653
    ]
  },
  {
    "label_id": "gLdCcd_k3Lp-3dE0ol5ezA",
    "size": [
      2.135069974136135,
      4.396070169772625,
      1.8305185015044074
    ],
    "obj_class": "vehicle",
    "point_num_in_lidar": 1342,
    "speed": 3.5950934718225418e-12,
    "if_vehicle": true,
    "motion_state": false,
    "pose": [
      [
        0.6806009517870611,
        0.7326442917566258,
        -0.0038322555993089667,
        19.920081230258802
      ],
      [
        -0.732654304647277,
        0.6805924861337297,
        -0.0033967190233788343,
        -3.9800986740228836
      ],
      [
        0.00011961756265395189,
        0.0051195287616071965,
        0.9999868879724862,
        0.8926192044561887
      ],
      [
        0.0,
        0.0,
        0.0,
        1.0
      ]
    ],
    "location": [
      19.920081230258802,
      -3.9800986740228836,
      0.8926192044561887
    ],
    "rotation": [
      0.005119551161942762,
      -0.00011961756293920711,
      -0.8222137584576744
    ]
  },
  {
    "label_id": "l-XnejT-kWgZdox4WXTk1Q",
    "size": [
      2.0028314749616634,
      4.45394267847577,
      1.5900000000000034
    ],
    "obj_class": "vehicle",
    "point_num_in_lidar": 3698,
    "speed": 2.2737367544323206e-12,
    "if_vehicle": true,
    "motion_state": false,
    "pose": [
      [
        0.5637917370496645,
        0.8259081008511441,
        -0.0038322555993089667,
        13.066347590152873
      ],
      [
        -0.825916740016652,
        0.5637818734760298,
        -0.0033967190233788343,
        -4.41432199087285
      ],
      [
        -0.000644821516306351,
        0.005080166169952216,
        0.9999868879724862,
        0.6428784552083471
      ],
      [
        0.0,
        0.0,
        0.0,
        1.0
      ]
    ],
    "location": [
      13.066347590152873,
      -4.41432199087285,
      0.6428784552083471
    ],
    "rotation": [
      0.0050801890779361225,
      0.0006448215609919304,
      -0.9718265981138388
    ]
  },
  {
    "label_id": "lZyBbVEUGKHI86ep9kmLgw",
    "size": [
      0.8723086256036746,
      0.6996606541566454,
      1.9082143842119805
    ],
    "obj_class": "pedestrian",
    "point_num_in_lidar": 44,
    "speed": 2.2737367544323206e-12,
    "if_vehicle": false,
    "motion_state": false,
    "pose": [
      [
        -0.9463510853056629,
        0.3231175283976643,
        -0.0038322555993089667,
        48.47214224374329
      ],
      [
        -0.32310571811898864,
        -0.9463567811447693,
        -0.0033967190233788343,
        21.508069284405792
      ],
      [
        -0.00472422052898155,
        -0.0019762650368227125,
        0.9999868879724862,
        0.6149866018166819
      ],
      [
        0.0,
        0.0,
        0.0,
        1.0
      ]
    ],
    "location": [
      48.47214224374329,
      21.508069284405792,
      0.6149866018166819
    ],
    "rotation": [
      -0.0019762883770597915,
      0.004724238101888073,
      -2.8125794455922493
    ]
  },
  {
    "label_id": "miUCgrw0d28mF4d4GaaTfg",
    "size": [
      0.7603092283481778,
      0.8180348372529171,
      1.7374134793072642
    ],
    "obj_class": "pedestrian",
    "point_num_in_lidar": 115,
    "speed": 1.4346958449042522,
    "if_vehicle": false,
    "motion_state": true,
    "pose": [
      [
        0.9873702314430539,
        -0.1583835214822289,
        -0.0038322555993089667,
        24.187377515248954
      ],
      [
        0.15837091792482336,
        0.9873738474638292,
        -0.0033967190233788343,
        -9.392081429672544
      ],
      [
        0.0043218532759629145,
        0.002746901411275479,
        0.9999868879724862,
        0.8957727834841265
      ],
      [
        0.0,
        0.0,
        0.0,
        1.0
      ]
    ],
    "location": [
      24.187377515248954,
      -9.392081429672544,
      0.8957727834841265
    ],
    "rotation": [
      0.002746930520069151,
      -0.0043218667303047105,
      0.1590420274375584
    ]
  },
  {
    "label_id": "oBgkabLveCc0Yw1MvBSHOA",
    "size": [
      0.8283111702744166,
      0.7942693187629959,
      1.8171851638005094
    ],
    "obj_class": "pedestrian",
    "point_num_in_lidar": 54,
    "speed": 1.1210765016265667,
    "if_vehicle": false,
    "motion_state": true,
    "pose": [
      [
        0.8560517202764819,
        -0.5168759677414856,
        -0.0038322555993089667,
        29.816098321854952
      ],
      [
        0.5168656379259163,
        0.8560597961774117,
        -0.0033967190233788343,
        -7.079641001946584
      ],
      [
        0.005036322379599028,
        0.0009270059282273094,
        0.9999868879724862,
        0.9142866930723059
      ],
      [
        0.0,
        0.0,
        0.0,
        1.0
      ]
    ],
    "location": [
      29.816098321854952,
      -7.079641001946584,
      0.9142866930723059
    ],
    "rotation": [
      0.0009270178177658597,
      -0.005036343670511398,
      0.5431931905606452
    ]
  },
  {
    "label_id": "skG246l1N6X1i6YSA_Q0Og",
    "size": [
      2.5894402093501725,
      7.428925470678697,
      2.7960974461957804
    ],
    "obj_class": "vehicle",
    "point_num_in_lidar": 171,
    "speed": 3.5950934718225418e-12,
    "if_vehicle": true,
    "motion_state": false,
    "pose": [
      [
        -0.9975984629891923,
        0.0691564925268942,
        -0.0038322555993089667,
        70.65619053889532
      ],
      [
        -0.06914361536638848,
        -0.9976009336172159,
        -0.0033967190233788343,
        11.2790472761626
      ],
      [
        -0.004057966937486686,
        -0.0031235856697845684,
        0.9999868879724862,
        1.3658018184191505
      ],
      [
        0.0,
        0.0,
        0.0,
        1.0
      ]
    ],
    "location": [
      70.65619053889532,
      11.2790472761626,
      1.3658018184191505
    ],
    "rotation": [
      -0.003123616467802228,
      0.004057978074724177,
      -3.0723932545982735
    ]
  },
  {
    "label_id": "t1ePe__aXYB9-IF7fpKV7w",
    "size": [
      0.7204831567516081,
      0.8499257723597111,
      1.6992111162184642
    ],
    "obj_class": "pedestrian",
    "point_num_in_lidar": 115,
    "speed": 0.803030892897568,
    "if_vehicle": false,
    "motion_state": false,
    "pose": [
      [
        -0.9659475049936266,
        -0.2587097435614076,
        -0.0038322555993089667,
        28.464537446794566
      ],
      [
        0.2587227248323267,
        -0.9659456578686051,
        -0.0033967190233788343,
        11.175845665755332
      ],
      [
        -0.0028229863485066523,
        -0.00427254387670433,
        0.9999868879724862,
        0.8355870692204874
      ],
      [
        0.0,
        0.0,
        0.0,
        1.0
      ]
    ],
    "location": [
      28.464537446794566,
      11.175845665755332,
      0.8355870692204874
    ],
    "rotation": [
      -0.0042725739005096235,
      0.002822990098034997,
      2.8798919152820743
    ]
  },
  {
    "label_id": "tLLaYUgBVODgrVjxYBagwA",
    "size": [
      0.7770444605792445,
      0.11190182437167095,
      0.7800000000000011
    ],
    "obj_class": "sign",
    "point_num_in_lidar": 64,
    "speed": 0.003631649660334853,
    "if_vehicle": false,
    "motion_state": false,
    "pose": [
      [
        -0.9948201624537544,
        0.10157833525170164,
        -0.0038322555993089667,
