[
  {
    "label_id": "-K1mhaiPD_bfqqGo9XGMqQ",
    "size": [
      0.7507335149701581,
      0.7899949617853979,
      1.7000000000000028
    ],
    "obj_class": "pedestrian",
    "point_num_in_lidar": 178,
    "speed": 1.2687270881541295,
    "if_vehicle": false,
    "motion_state": true,
    "pose": [
      [
        0.9986238965989824,
        -0.05235859819932163,
        -0.002981666659211451,
        18.86229496791202
      ],
      [
        0.05234917672482577,
        0.9986238586269772,
        -0.0031547863952966966,
        -1.4601855146756861
      ],
      [
        0.0031427436576371734,
        0.002994357288131064,
        0.9999905784489839,
        0.8532416911200045
      ],
      [
        0.0,
        0.0,
        0.0,
        1.0
      ]
    ],
    "location": [
      18.86229496791202,
      -1.4601855146756861,
      0.8532416911200045
    ],
    "rotation": [
      0.002994376550370952,
      -0.0031427488310550055,
      0.05237337506842213
    ]
  },
  {
    "label_id": "-lw-pbHiNJGWsl32vhmuQQ",
    "size": [
      0.6444965489754455,
      0.11856601403023674,
      0.71051850150441
    ],
    "obj_class": "sign",
    "point_num_in_lidar": 24,
    "speed": 0.003368163839278456,
    "if_vehicle": false,
    "motion_state": false,
    "pose": [
      [
        -0.9999459775476744,
        -0.009957492162135635,
        -0.002981666659211451,
        54.20716706934763
      ],
      [
        0.009966892969391714,
        -0.9999453526905041,
        -0.0031547863952966966,
        -1.72138253718731
      ],
      [
        -0.0029500899583463328,
        -0.003184333918461824,
        0.9999905784489839,
        3.1526192044562293
      ],
      [
        0.0,
        0.0,
        0.0,
        1.0
      ]
    ],
    "location": [
      54.20716706934763,
      -1.72138253718731,
      3.1526192044562293
    ],
    "rotation": [
      -0.0031843531568401433,
      0.002950094237483701,
      3.1316255522227094
    ]
  },
  {
    "label_id": "5v-HhV-BedTvNkAgrUmSsA",
    "size": [
      2.1228378314039613,
      5.033050925192189,
      1.480000000000004
    ],
    "obj_class": "vehicle",
    "point_num_in_lidar": 3425,
    "speed": 0.0030626815050514467,
    "if_vehicle": true,
    "motion_state": false,
    "pose": [
      [
        -0.994758041620618,
        0.10221324911696138,
        -0.002981666659211451,
        12.471751940771355
      ],
      [
        -0.10220383752326515,
        -0.9947584746652416,
        -0.0031547863952966966,
        7.398762681114022
      ],
      [
        -0.0032884991456106514,
        -0.0028335113615301274,
        0.9999905784489839,
        0.5971974393227981
      ],
      [
        0.0,
        0.0,
        0.0,
        1.0
      ]
    ],
    "location": [
      12.471751940771355,
      7.398762681114022,
      0.5971974393227981
    ],
    "rotation": [
      -0.0028335304744563023,
      0.0032885050727353344,
      -3.0392094884367187
    ]
  },
  {
    "label_id": "6ufHihRk7ljuRm35o3Ve6g",
    "size": [
      0.8855818262549378,
      0.8864430025332695,
      1.8700000000000045
    ],
    "obj_class": "pedestrian",
    "point_num_in_lidar": 27,
    "speed": 1.1368683772161603e-12,
    "if_vehicle": false,
    "motion_state": false,
    "pose": [
      [
        0.869109436441929,
        0.49461085425971585,
        -0.002981666659211451,
        47.29401287796645
      ],
      [
        -0.4946187668819049,
        0.8691043221449448,
        -0.0031547863952966966,
        22.216328529117163
      ],
      [
        0.0010309877867315212,
        0.004216642912343034,
        0.9999905784489839,
        0.5865670572654196
      ],
      [
        0.0,
        0.0,
        0.0,
        1.0
      ]
    ],
    "location": [
      47.29401287796645,
      22.216328529117163,
      0.5865670572654196
    ],
    "rotation": [
      0.004216657648848036,
      -0.0010309879693772494,
      -0.5173964316229457
    ]
  },
  {
    "label_id": "9KGiqkmEBgSGNEolhIVz1A",
    "size": [
      0.6676860043987419,
      0.8747499668482639,
      1.6388978100247868
    ],
    "obj_class": "pedestrian",
    "point_num_in_lidar": 83,
    "speed": 0.6834517632432829,
    "if_vehicle": false,
    "motion_state": false,
    "pose": [
      [
        -0.997283924215906,
        -0.0735926909717027,
        -0.002981666659211451,
        29.70114448577806
      ],
      [
        0.07360203293380504,
        -0.9972827021816889,
        -0.0031547863952966966,
        11.679022314703616
      ],
      [
        -0.002741395362632643,
        -0.003365674484013352,
        0.9999905784489839,
        0.7944208802146875
      ],
      [
        0.0,
        0.0,
        0.0,
        1.0
      ]
    ],
    "location": [
      29.70114448577806,
      11.679022314703616,
      0.7944208802146875
    ],
    "rotation": [
      -0.0033656934853902288,
      0.002741398796355502,
      3.0679237272619253
    ]
  },
  {
    "label_id": "Abp2wF28Amdp-8SvcS3E1g",
    "size": [
      2.1962945689293476,
      4.401772619467235,
      1.7100000000000009
    ],
    "obj_class": "vehicle",
    "point_num_in_lidar": 3157,
    "speed": 0.18469111281615316,
    "if_vehicle": true,
    "motion_state": false,
    "pose": [
      [
        0.99989633432497,
        0.014086527869590698,
        -0.002981666659211451,
        14.767146251106169
      ],
      [
        -0.014095926016447595,
        0.9998956706539632,
        -0.0031547863952966966,
        0.01225959572911961
      ],
      [
        0.002936915597398843,
        0.0031964887048694067,
        0.9999905784489839,
        0.9141012303894342
      ],
      [
        0.0,
        0.0,
        0.0,
        1.0
      ]
    ],
    "location": [
      14.767146251106169,
      0.01225959572911961,
      0.9141012303894342
    ],
    "rotation": [
      0.003196507934043138,
      -0.0029369198194630396,
      -0.01409645365528298
    ]
  },
  {
    "label_id": "C4NxoX3efnXfwLAduEGZxw",
    "size": [
      2.002831474961662,
      4.45394267847577,
      1.5900000000000034
    ],
    "obj_class": "vehicle",
    "point_num_in_lidar": 1487,
    "speed": 6.431098710768743e-12,
    "if_vehicle": true,
    "motion_state": false,
    "pose": [
      [
        0.5637933708965919,
        0.8259104943012839,
        -0.002981666659211451,
        16.627299012507137
      ],
      [
        -0.825915358942946,
        0.5637853023846442,
        -0.0031547863952966966,
        -4.547454089850362
      ],
      [
        -0.0009245513520807214,
        0.004241251945353873,
        0.9999905784489839,
        0.652878455208338
      ],
      [
        0.0,
        0.0,
        0.0,
        1.0
      ]
    ],
    "location": [
      16.627299012507137,
      -4.547454089850362,
      0.652878455208338
    ],
    "rotation": [
      0.004241266473602652,
      0.0009245514837977821,
      -0.9718244700530151
    ]
  },
  {
    "label_id": "D-j8uA5tzbpXhUFsbPfY1w",
    "size": [
      0.9873273858174606,
      0.7573816566762264,
      1.5740498284474143
    ],
    "obj_class": "pedestrian",
    "point_num_in_lidar": 30,
    "speed": 0.9169276423520566,
    "if_vehicle": false,
    "motion_state": false,
    "pose": [
      [
        0.989613462606435,
        -0.1437230123954942,
        -0.002981666659211451,
        40.139289859711425
      ],
      [
        0.143713627144018,
        0.9896142888499087,
        -0.0031547863952966966,
        -8.291680276750412
      ],
      [
        0.0034041153347393865,
        0.0026935129579035736,
        0.9999905784489839,
        0.9252608111288154
      ],
      [
        0.0,
        0.0,
        0.0,
        1.0
      ]
    ],
    "location": [
      40.139289859711425,
      -8.291680276750412,
      0.9252608111288154
    ],
    "rotation": [
      0.0026935318212336617,
      -0.0034041219092557744,
      0.14421382449099854
    ]
  },
  {
    "label_id": "DV-QVxiC5bGWoAdie1BT7w",
    "size": [
      2.1232088259707123,
      4.640056433527341,
      1.5305185015044103
    ],
    "obj_class": "vehicle",
    "point_num_in_lidar": 285,
    "speed": 3.2393467613279157,
    "if_vehicle": true,
    "motion_state": true,
    "pose": [
      [
        0.9988807786961512,
        -0.04720486855509633,
        -0.002981666659211451,
        33.38646442594472
      ],
      [
        0.047195447401974615,
        0.9988806921085859,
        -0.0031547863952966966,
        1.5183233569041477
      ],
      [
        0.003127250533299616,
        0.003010534399168953,
        0.9999905784489839,
        0.8026192044560858
      ],
      [
        0.0,
        0.0,
        0.0,
        1.0
      ]
    ],
    "location": [
      33.38646442594472,
      1.5183233569041477,
      0.8026192044560858
    ],
    "rotation": [
      0.0030105536679890976,
      -0.003127255630581917,
      0.04721321662843428
    ]
  },
  {
    "label_id": "Djbr-wq3c_Wu_emcmW1Dog",
    "size": [
      2.4599560878352613,
      5.612823795445765,
      2.270518501504405
    ],
    "obj_class": "vehicle",
    "point_num_in_lidar": 14166,
    "speed": 3.5950934718225418e-12,
    "if_vehicle": true,
    "motion_state": false,
    "pose": [
      [
        0.6979153716623426,
        0.7161740316859775,
        -0.002981666659211451,
        6.414921689996845
      ],
      [
        -0.7161802162544955,
        0.697908264149712,
        -0.0031547863952966966,
        -4.570807764153869
      ],
      [
        -0.0001784462894243727,
        0.004337184592381672,
        0.9999905784489839,
        0.9724647309624146
      ],
      [
        0.0,
        0.0,
        0.0,
        1.0
      ]
    ],
    "location": [
      6.414921689996845,
      -4.570807764153869,
      0.9724647309624146
    ],
    "rotation": [
      0.00433719825947167,
      0.00017844629037141923,
      -0.798313718145807
    ]
  },
  {
    "label_id": "EB8EchWMY1Oagsjrk4KwsA",
    "size": [
      2.203939785643836,
      4.8606414627357974,
      1.6200000000000045
    ],
    "obj_class": "vehicle",
    "point_num_in_lidar": 37,
    "speed": 4.099037227506402e-12,
    "if_vehicle": true,
    "motion_state": false,
    "pose": [
      [
        0.6763880348302467,
        0.7365394327545608,
        -0.002981666659211451,
        68.75947913958953
      ],
      [
        -0.7365454040054221,
        0.6763807471840765,
        -0.0031547863952966966,
        -2.6366225702295196
      ],
      [
        -0.0003068826592423445,
        0.0043299926443423255,
        0.9999905784489839,
        0.8066471474137415
      ],
      [
        0.0,
        0.0,
        0.0,
        1.0
      ]
    ],
    "location": [
      68.75947913958953,
      -2.6366225702295196,
      0.8066471474137415
    ],
    "rotation": [
      0.004330006378738406,
      0.00030688266405922435,
      -0.8279486878752947
    ]
  },
  {
    "label_id": "G96MfK6U70_2CEKJH1g1gA",
    "size": [
      2.0507676477421537,
      4.751621205894719,
      1.783059185505671
    ],
    "obj_class": "vehicle",
    "point_num_in_lidar": 4652,
    "speed": 1.1368683772161603e-12,
    "if_vehicle": true,
    "motion_state": false,
    "pose": [
      [
        -0.9991520377300386,
        0.04106476791417125,
        -0.002981666659211451,
        6.1541660873626824
      ],
      [
        -0.0410553474711652,
        -0.9991518932408736,
        -0.0031547863952966966,
        6.997459129313938
      ],
      [
        -0.0031086884587059557,
        -0.0030296978947265837,
        0.9999905784489839,
        0.709540844149501
      ],
      [
        0.0,
        0.0,
        0.0,
        1.0
      ]
    ],
    "location": [
      6.1541660873626824,
      6.997459129313938,
      0.709540844149501
    ],
    "rotation": [
      -0.003029717169302159,
      0.0031086934657595586,
      -3.100525565398981
    ]
  },
  {
    "label_id": "GvNSnjQZk7nOuKBrSduqOA",
    "size": [
      2.1579955411840994,
      4.7553734910656065,
      1.5499999999999972
    ],
    "obj_class": "vehicle",
    "point_num_in_lidar": 1522,
    "speed": 7.200653001302494,
    "if_vehicle": true,
    "motion_state": true,
    "pose": [
      [
        -0.9984489778706745,
        0.05559449840531364,
        -0.002981666659211451,
        19.4258733640454
      ],
      [
        -0.055585076857235335,
        -0.9984489704304248,
        -0.0031547863952966966,
        4.323029655999562
      ],
      [
        -0.003152430773278825,
        -0.0029841570813693725,
        0.9999905784489839,
        0.6952664934433415
      ],
      [
        0.0,
        0.0,
        0.0,
        1.0
      ]
    ],
    "location": [
      19.4258733640454,
      4.323029655999562,
      0.6952664934433415
    ],
    "rotation": [
      -0.0029841763386540014,
      0.003152435994683658,
      -3.0859786366926003
    ]
  },
  {
    "label_id": "H1UceUMUw7amJjkZPWl6qg",
    "size": [
      0.6970462820112335,
      0.7653631564612301,
      1.6941567563163105
    ],
    "obj_class": "pedestrian",
    "point_num_in_lidar": 34,
    "speed": 1.2874298220617726,
    "if_vehicle": false,
    "motion_state": true,
    "pose": [
      [
        -0.9997252033662416,
        0.023251396049703343,
        -0.002981666659211451,
        39.432208259975596
      ],
      [
        -0.02324197967796809,
        -0.9997248910092461,
        -0.0031547863952966966,
        -6.482232786082022
      ],
      [
        -0.00305419956383533,
        -0.003084619634715175,
        0.9999905784489839,
        0.9176793886065298
      ],
      [
        0.0,
        0.0,
        0.0,
        1.0
      ]
    ],
    "location": [
      39.432208259975596,
      -6.482232786082022,
      0.9176793886065298
    ],
    "rotation": [
      -0.0030846389134094356,
      0.003054204312186225,
      -3.1183484724580985
    ]
  },
  {
    "label_id": "J8-j5tMTE7dijlXHKvNmRw",
    "size": [
      1.8686382631255303,
      4.258107369427481,
      1.7700000000000031
    ],
    "obj_class": "vehicle",
    "point_num_in_lidar": 61,
    "speed": 2.5421149729252077e-12,
    "if_vehicle": true,
    "motion_state": false,
    "pose": [
      [
        0.08394555438235844,
        0.9964658817859103,
        -0.002981666659211451,
        38.593940286067664
      ],
      [
        -0.9964661420863062,
        0.0839361364278431,
        -0.0031547863952966966,
        -13.496263904504303
      ],
      [
        -0.0028933674277455933,
        0.003235960165802903,
        0.9999905784489839,
        1.0303133105763749
      ],
      [
        0.0,
        0.0,
        0.0,
        1.0
      ]
    ],
    "location": [
      38.593940286067664,
      -13.496263904504303,
      1.0303133105763749
    ],
    "rotation": [
      0.0032359793585533553,
      0.002893371464767907,
      -1.4867515137856013
    ]
  },
  {
    "label_id": "LVurOGR3dPZTYlctUjwF1w",
    "size": [
      0.8553806403976475,
      0.9205835426103812,
      1.5600000000000023
    ],
    "obj_class": "pedestrian",
    "point_num_in_lidar": 118,
    "speed": 0.8549992546886312,
    "if_vehicle": false,
    "motion_state": false,
    "pose": [
      [
        0.9892624461089169,
        -0.1461195482559928,
        -0.002981666659211451,
        28.53082377510873
      ],
      [
        0.14611016503330315,
        0.9892632950821237,
        -0.0031547863952966966,
        12.88667684885877
      ],
      [
        0.0034106293470529334,
        0.0026852598987106603,
        0.9999905784489839,
        0.7810389784389713
      ],
      [
        0.0,
        0.0,
        0.0,
        1.0
      ]
    ],
    "location": [
      28.53082377510873,
      12.88667684885877,
      0.7810389784389713
    ],
    "rotation": [
      0.002685278743977421,
      -0.00341063595938411,
      0.1466359469935201
    ]
  },
  {
    "label_id": "MgUHjjRH5WfE7KTO3UAfsQ",
    "size": [
      2.1220822046833625,
      4.89751997057426,
      1.4830591855056738
    ],
    "obj_class": "vehicle",
    "point_num_in_lidar": 3760,
    "speed": 2.2737367544323206e-12,
    "if_vehicle": true,
    "motion_state": false,
    "pose": [
      [
        -0.9924462408975903,
        0.12264407279675388,
        -0.002981666659211451,
        0.6649122067319695
      ],
      [
        -0.12263467209599851,
        -0.9924468673549769,
        -0.0031547863952966966,
        6.701107151937322
      ],
      [
        -0.0033460615877541604,
        -0.0027653001857950985,
        0.9999905784489839,
        0.5740598813271944
      ],
      [
        0.0,
        0.0,
        0.0,
        1.0
      ]
    ],
    "location": [
      0.6649122067319695,
      6.701107151937322,
      0.5740598813271944
    ],
    "rotation": [
      -0.002765319190646171,
      0.003346067831608007,
      -3.01864780144936
    ]
  },
  {
    "label_id": "No68zCO6os9hco-_ap9yaQ",
    "size": [
      0.7484054906059424,
      0.7235802196100946,
      1.7700000000000031
    ],
    "obj_class": "pedestrian",
    "point_num_in_lidar": 43,
    "speed": 2.5421149729252077e-12,
    "if_vehicle": false,
    "motion_state": false,
    "pose": [
      [
        -0.9622645910208215,
        0.2720991850988615,
        -0.002981666659211451,
        48.35270982417569
      ],
      [
        -0.2720899889114702,
        -0.9622666393765068,
        -0.0031547863952966966,
        19.904892758910137
      ],
      [
        -0.0037275731632215848,
        -0.0022244575921856837,
        0.9999905784489839,
        0.5879427489800477
      ],
      [
        0.0,
        0.0,
        0.0,
        1.0
      ]
    ],
    "location": [
      48.35270982417569,
      19.904892758910137,
      0.5879427489800477
    ],
    "rotation": [
      -0.002224474881102078,
      0.0037275817955905394,
      -2.8660263905077046
    ]
  },
  {
    "label_id": "OpmBDWgrhvbDWXPsj-xPxA",
    "size": [
      0.7026515170164901,
      0.7358840794624211,
      1.68310318244977
    ],
    "obj_class": "pedestrian",
    "point_num_in_lidar": 36,
    "speed": 1.6077746776921857e-12,
    "if_vehicle": false,
    "motion_state": false,
    "pose": [
      [
        -0.9918249558018869,
        0.12757102614825347,
        -0.002981666659211451,
        49.32563542090065
      ],
      [
        -0.12756162867438708,
        -0.9918256289352165,
        -0.0031547863952966966,
        18.733378725075454
      ],
      [
        -0.0033597527472741125,
        -0.002748649621866409,
        0.9999905784489839,
        0.611081346314954
      ],
      [
        0.0,
        0.0,
        0.0,
        1.0
      ]
    ],
    "location": [
      49.32563542090065,
      18.733378725075454,
      0.611081346314954
    ],
    "rotation": [
      -0.0027486685964043145,
      0.00335975906808663,
      -3.013681794581021
    ]
  },
  {
    "label_id": "SV4MhXW_fLKMUyYTomC7iA",
    "size": [
      1.8745005814532094,
      4.026761972188614,
      1.730518501504406
    ],
    "obj_class": "vehicle",
    "point_num_in_lidar": 423,
    "speed": 3.2155493553843714e-12,
    "if_vehicle": true,
    "motion_state": false,
    "pose": [
      [
        0.5357873664136629,
        0.8443476817374728,
        -0.002981666659211451,
        23.067769648005196
      ],
      [
        -0.8443522731435152,
        0.5357791393477155,
        -0.0031547863952966966,
        -3.943883484302205
      ],
      [
        -0.0010662217827515953,
        0.00420787171579509,
        0.9999905784489839,
        0.852619204456154
      ],
      [
        0.0,
        0.0,
        0.0,
        1.0
      ]
    ],
    "location": [
      23.067769648005196,
      -3.943883484302205,
      0.852619204456154
    ],
    "rotation": [
      0.004207886525291051,
      0.0010662219847703198,
      -1.005355985932573
    ]
  },
  {
    "label_id": "SkVKxXh2jIQZVXZoNdO_aw",
    "size": [
      0.8929253569058111,
      0.9206928310170497,
      1.7000000000000028
    ],
    "obj_class": "pedestrian",
    "point_num_in_lidar": 29,
    "speed": 0.3172034611004682,
    "if_vehicle": false,
    "motion_state": false,
    "pose": [
      [
        0.043866926488393236,
        0.99903293360349,
        -0.002981666659211451,
        50.8398773519948
      ],
      [
        -0.9990328155363943,
        0.043857505677190906,
        -0.0031547863952966966,
        18.40129176111077
      ],
      [
        -0.0030209670449517813,
        0.0031171736204320738,
        0.9999905784489839,
        0.6648996319850511
      ],
      [
        0.0,
        0.0,
        0.0,
        1.0
      ]
    ],
    "location": [
      50.8398773519948,
      18.40129176111077,
      0.6648996319850511
    ],
    "rotation": [
      0.003117192892804749,
      0.0030209716399833162,
      -1.52691511883802
    ]
  },
  {
    "label_id": "TBaMlPrcbb0tVmgFVZHKcA",
    "size": [
      0.840186048747242,
      0.11186696262676982,
      0.8605185015044086
    ],
    "obj_class": "sign",
    "point_num_in_lidar": 34,
    "speed": 0.0030017805572203665,
    "if_vehicle": false,
    "motion_state": false,
    "pose": [
      [
        0.9990133122972316,
        0.04431152803557137,
        -0.002981666659211451,
        53.859739798244846
      ],
      [
        -0.04432090182007412,
        0.9990123647806645,
        -0.0031547863952966966,
        10.269993792790046
      ],
      [
        0.0028389284544050666,
        0.003283823761618696,
        0.9999905784489839,
        2.8876192044562075
      ],
      [
        0.0,
        0.0,
        0.0,
        1.0
      ]
    ],
    "location": [
      53.859739798244846,
      10.269993792790046,
      2.8876192044562075
    ],
    "rotation": [
      0.0032838428966631616,
      -0.0028389322678165313,
      -0.0443356036780327
    ]
  },
  {
    "label_id": "V7YN8qOnLzj6EqMtbCjrbw",
    "size": [
      2.3616038729626827,
      4.897855298287807,
      1.8405185015044054
    ],
    "obj_class": "vehicle",
    "point_num_in_lidar": 5128,
    "speed": 0.0,
    "if_vehicle": true,
    "motion_state": false,
    "pose": [
      [
        0.6910124311565319,
        0.7228367240608854,
        -0.002981666659211451,
        2.9910673179329024
      ],
      [
        -0.7228428401568152,
        0.6910052646375634,
        -0.0031547863952966966,
        -4.770993855832785
      ],
      [
        -0.00022004810417870565,
        0.00433527301313881,
        0.9999905784489839,
        0.8476192044561941
      ],
      [
        0.0,
        0.0,
        0.0,
        1.0
      ]
    ],
    "location": [
      2.9910673179329024,
      -4.770993855832785,
      0.8476192044561941
    ],
    "rotation": [
      0.004335286698162133,
      0.00022004810595453673,
      -0.8079075627639642
    ]
  },
  {
    "label_id": "Xhv1ib3Sd4Npw2uCm8OIgA",
    "size": [
      0.7032178819206083,
      0.8587069967628569,
      1.7415277018557802
    ],
    "obj_class": "pedestrian",
    "point_num_in_lidar": 37,
    "speed": 1.6077746776921857e-12,
    "if_vehicle": false,
    "motion_state": false,
    "pose": [
      [
        -0.8369829876467346,
        -0.5472207854731757,
        -0.002981666659211451,
        53.21171874850552
      ],
      [
        0.5472283679471192,
        -0.836977395535108,
        -0.0031547863952966966,
        -2.723405725097109
      ],
      [
        -0.0007692229055463194,
        -0.004272155122205323,
        0.9999905784489839,
        0.917061233479771
      ],
      [
        0.0,
        0.0,
        0.0,
        1.0
      ]
    ],
    "location": [
      53.21171874850552,
      -2.723405725097109,
      0.917061233479771
    ],
    "rotation": [
      -0.0042721693816536776,
      0.0007692229814050358,
      2.5625432751703903
    ]
  },
  {
    "label_id": "XsywigB-Q40d0u9u21SmQg",
    "size": [
      0.7289434170450106,
      0.9162428550820471,
      1.9424134016137273
    ],
    "obj_class": "pedestrian",
    "point_num_in_lidar": 56,
    "speed": 1.6481607139713241,
    "if_vehicle": false,
    "motion_state": true,
    "pose": [
      [
        0.9999588417360038,
        -0.008568809597783325,
        -0.002981666659211451,
        46.618391189527756
      ],
      [
        0.008559398827982964,
        0.9999583911416033,
        -0.0031547863952966966,
        -5.114698312543624
      ],
      [
        0.003008575359408616,
        0.0031291352756570973,
        0.9999905784489839,
        1.0313776320180565
      ],
      [
        0.0,
        0.0,
        0.0,
        1.0
      ]
    ],
    "location": [
      46.618391189527756,
      -5.114698312543624,
      1.0313776320180565
    ],
    "rotation": [
      0.003129154544050771,
      -0.0030085798981266307,
      0.008559542085899319
    ]
  },
  {
    "label_id": "YmfytkE-ukfBRofAX1HVww",
    "size": [
      0.6442834931411745,
      0.7097897537460085,
      1.5500000000000043
    ],
    "obj_class": "pedestrian",
    "point_num_in_lidar": 39,
    "speed": 1.4079367564779923,
    "if_vehicle": false,
    "motion_state": true,
    "pose": [
      [
        0.999153992668403,
        -0.041017174436111865,
        -0.002981666659211451,
        33.6980734340832
      ],
      [
        0.04100775399999907,
        0.9991538477305063,
        -0.0031547863952966966,
        -8.234192222145793
      ],
      [
        0.0031085441390854424,
        0.003029845970005711,
        0.9999905784489839,
        0.9047838415501985
      ],
      [
        0.0,
        0.0,
        0.0,
        1.0
      ]
    ],
    "location": [
      33.6980734340832,
      -8.234192222145793,
      0.9047838415501985
    ],
    "rotation": [
      0.0030298652446171127,
      -0.0031085491454417246,
      0.041019454356112484
    ]
  },
  {
    "label_id": "aOalNxxJ9uA_4VqI2Wr-pw",
    "size": [
      0.9999999999947441,
      1.0,
      1.7608367811754064
    ],
    "obj_class": "pedestrian",
    "point_num_in_lidar": 28,
    "speed": 1.2629093093058799,
    "if_vehicle": false,
    "motion_state": true,
    "pose": [
      [
        0.989516748465185,
        0.1443873753858728,
        -0.002981666659211451,
        61.25230127202667
      ],
      [
        -0.14439660667769155,
        0.9895148646194094,
        -0.0031547863952966966,
        -4.187747728181421
      ],
      [
        0.002494892153109877,
        0.003552256523810332,
        0.9999905784489839,
        0.9345400282537781
      ],
      [
        0.0,
        0.0,
        0.0,
        1.0
      ]
    ],
    "location": [
      61.25230127202667,
      -4.187747728181421,
      0.9345400282537781
    ],
    "rotation": [
      0.0035522750501682655,
      -0.0024948947413543626,
      -0.14490361557039316
    ]
  },
  {
    "label_id": "aphnxehbBGUVAa3NaGJV7A",
    "size": [
      2.0433480586165182,
      4.555124657205895,
      1.5400000000000063
    ],
    "obj_class": "vehicle",
    "point_num_in_lidar": 119,
    "speed": 3.60063908477049,
    "if_vehicle": true,
    "motion_state": true,
    "pose": [
      [
        -0.9976745424921536,
        0.0680927083247921,
        -0.002981666659211451,
        52.880301245815645
      ],
      [
        -0.06808328742222655,
        -0.9976746530290236,
        -0.0031547863952966966,
        6.902518035087269
      ],
      [
        -0.0031895511995189522,
        -0.0029444484054317395,
        0.9999905784489839,
        0.7554043322152495
      ],
      [
        0.0,
        0.0,
        0.0,
        1.0
      ]
    ],
    "location": [
      52.880301245815645,
      6.902518035087269,
      0.7554043322152495
    ],
    "rotation": [
      -0.0029444676375312805,
      0.003189556607553679,
      -3.073456310897838
    ]
  },
  {
    "label_id": "c3SCJxumyZ0SBk4CZmOJ6g",
    "size": [
      0.9673409614680704,
      1.0650027170117071,
      1.9586854736991413
    ],
    "obj_class": "pedestrian",
    "point_num_in_lidar": 22,
    "speed": 1.3313693916708935,
    "if_vehicle": false,
    "motion_state": true,
    "pose": [
      [
        0.9998770649709136,
        0.015393654831943344,
        -0.002981666659211451,
        38.61745640143636
      ],
      [
        -0.015403052103169475,
        0.9998763890145157,
        -0.0031547863952966966,
        12.87460140663461
      ],
      [
        0.0029327343996196123,
        0.0032003253284455468,
        0.9999905784489839,
        0.9252750294828616
      ],
      [
        0.0,
        0.0,
        0.0,
        1.0
      ]
    ],
    "location": [
      38.61745640143636,
      12.87460140663461,
      0.9252750294828616
    ],
    "rotation": [
      0.00320034455451793,
      -0.002932738603676948,
      -0.015403727489443958
    ]
  },
  {
    "label_id": "cEBTjT2GdLcTLHmXu-PHfw",
    "size": [
      0.8625872603781672,
      0.8538088650045665,
      1.7592707532064438
    ],
    "obj_class": "pedestrian",
    "point_num_in_lidar": 100,
    "speed": 0.23263280710399348,
    "if_vehicle": false,
    "motion_state": false,
    "pose": [
      [
        -0.8695582259740527,
        0.4938214265347255,
        -0.002981666659211451,
        9.279776757466607
      ],
      [
        -0.4938129846162785,
        -0.8695624092307367,
        -0.0031547863952966966,
        -9.836582024901873
      ],
      [
        -0.004150646361844631,
        -0.001270884749105218,
        0.9999905784489839,
        0.9027184717931291
      ],
      [
        0.0,
        0.0,
        0.0,
        1.0
      ]
    ],
    "location": [
      9.279776757466607,
      -9.836582024901873,
      0.9027184717931291
    ],
    "rotation": [
      -0.0012708960386825132,
      0.004150658279733042,
      -2.6251185232281906
    ]
  },
  {
    "label_id": "d5Xz_Y5bEfbj7EAZ-5qxtA",
    "size": [
      2.046826284660471,
      4.409145640338879,
      1.7941632412429342
    ],
    "obj_class": "vehicle",
    "point_num_in_lidar": 127,
    "speed": 1.169286907592348,
    "if_vehicle": true,
    "motion_state": true,
    "pose": [
      [
        -0.09298085213928066,
        -0.9956634324908124,
        -0.002981666659211451,
        44.6158541518962
      ],
      [
        0.9956637782089626,
        -0.09297143693336099,
        -0.0031547863952966966,
        -12.905246001573687
      ],
      [
        0.0028638956173532436,
        -0.003262072218622265,
        0.9999905784489839,
        1.0688493393898
      ],
      [
        0.0,
        0.0,
        0.0,
        1.0
      ]
    ],
    "location": [
      44.6158541518962,
      -12.905246001573687,
      1.0688493393898
    ],
    "rotation": [
      -0.0032620913817431045,
      -0.0028638995322643667,
      1.6639120625450037
    ]
  },
  {
    "label_id": "fNy8PC-BmuP16FOJ9FFzIw",
    "size": [
      2.1476594433774285,
      5.107156534927326,
      1.980000000000004
    ],
    "obj_class": "vehicle",
    "point_num_in_lidar": 5245,
    "speed": 1.3830600733622805e-11,
    "if_vehicle": true,
    "motion_state": false,
    "pose": [
      [
        0.7587975770386558,
        0.6513196962661258,
        -0.002981666659211451,
        9.769325689427205
      ],
      [
        -0.6513264879814027,
        0.7587910472433184,
        -0.0031547863952966966,
        -4.6730783365128445
      ],
      [
        0.00020768745010439258,
        0.004335882746301085,
        0.9999905784489839,
        0.8495289039752123
      ],
      [
        0.0,
        0.0,
        0.0,
        1.0
      ]
    ],
    "location": [
      9.769325689427205,
      -4.6730783365128445,
      0.8495289039752123
    ],
    "rotation": [
      0.004335896425607688,
      -0.00020768745159746035,
      -0.7093312911605137
    ]
  },
  {
    "label_id": "gLdCcd_k3Lp-3dE0ol5ezA",
    "size": [
      2.1350699741361345,
      4.396070169772625,
      1.8305185015044074
    ],
    "obj_class": "vehicle",
    "point_num_in_lidar": 1288,
    "speed": 3.5950934718225418e-12,
    "if_vehicle": true,
    "motion_state": false,
    "pose": [
      [
        0.6806029241426317,
        0.7326464149318089,
        -0.002981666659211451,
        19.920081230251526
      ],
      [
        -0.7326524278985169,
        0.6805956708775105,
        -0.0031547863952966966,
        -3.9800986740301596
      ],
      [
        -0.0002820335221306466,
        0.004331682162739653,
        0.9999905784489839,
        0.8926192044561247
      ],
      [
        0.0,
        0.0,
        0.0,
        1.0
      ]
    ],
    "location": [
      19.920081230251526,
      -3.9800986740301596,
      0.8926192044561247
    ],
    "rotation": [
      0.004331695881364601,
      0.0002820335258696078,
      -0.8222110360857552
    ]
  },
  {
    "label_id": "l-XnejT-kWgZdox4WXTk1Q",
    "size": [
      2.0028314749616625,
      4.45394267847577,
      1.5900000000000034
    ],
    "obj_class": "vehicle",
    "point_num_in_lidar": 3707,
    "speed": 2.2737367544323206e-12,
    "if_vehicle": true,
    "motion_state": false,
    "pose": [
      [
        0.5637933708965919,
        0.8259104943012839,
        -0.002981666659211451,
        13.066347590145597
      ],
      [
        -0.825915358942946,
        0.5637853023846442,
        -0.0031547863952966966,
        -4.414321990865574
      ],
      [
        -0.0009245513520807214,
        0.004241251945353873,
        0.9999905784489839,
        0.64287845520834
      ],
      [
        0.0,
        0.0,
        0.0,
        1.0
      ]
    ],
    "location": [
      13.066347590145597,
      -4.414321990865574,
      0.64287845520834
    ],
    "rotation": [
      0.004241266473602652,
      0.0009245514837977821,
      -0.9718244700530151
    ]
  },
  {
    "label_id": "lZyBbVEUGKHI86ep9kmLgw",
    "size": [
      0.8723086256036763,
      0.6996606541566454,
      1.9082143842119805
    ],
    "obj_class": "pedestrian",
    "point_num_in_lidar": 52,
    "speed": 2.2737367544323206e-12,
    "if_vehicle": false,
    "motion_state": false,
    "pose": [
      [
        -0.9463538277949746,
        0.32311846477992096,
        -0.002981666659211451,
        48.47214224375057
      ],
      [
        -0.32310939115635023,
        -0.9463563645209836,
        -0.0031547863952966966,
        21.508069284405792
      ],
      [
        -0.003841088956581625,
        -0.002022139682175538,
        0.9999905784489839,
        0.6271287694633685
      ],
      [
        0.0,
        0.0,
        0.0,
        1.0
      ]
    ],
    "location": [
      48.47214224375057,
      21.508069284405792,
      0.6271287694633685
    ],
    "rotation": [
      -0.0020221559777667273,
      0.0038410984018592714,
      -2.8125768556753274
    ]
  },
  {
    "label_id": "miUCgrw0d28mF4d4GaaTfg",
    "size": [
      0.7603092283493519,
      0.8180348372529171,
      1.7374134793072642
    ],
    "obj_class": "pedestrian",
    "point_num_in_lidar": 44,
    "speed": 1.335186119735442,
    "if_vehicle": false,
    "motion_state": true,
    "pose": [
      [
        0.9976680343553238,
        0.06818799666743139,
        -0.002981666659211451,
        21.834377488332393
      ],
      [
        -0.06819734511378603,
        0.9976668629568847,
        -0.0031547863952966966,
        -9.327527162029583
      ],
      [
        0.002759591458069674,
        0.003350771291979086,
        0.9999905784489839,
        0.9214205190127984
      ],
      [
        0.0,
        0.0,
        0.0,
        1.0
      ]
    ],
    "location": [
      21.834377488332393,
      -9.327527162029583,
      0.9214205190127984
    ],
    "rotation": [
      0.003350790321019734,
      -0.0027595949606218527,
      -0.06825057925885168
    ]
  },
  {
    "label_id": "oBgkabLveCc0Yw1MvBSHOA",
    "size": [
      0.8283111702751664,
      0.7942693187629959,
      1.8171851638005094
    ],
    "obj_class": "pedestrian",
    "point_num_in_lidar": 85,
    "speed": 1.1882075970989086,
    "if_vehicle": false,
    "motion_state": true,
    "pose": [
      [
        0.9566561947949139,
        -0.29120445502163805,
        -0.002981666659211451,
        28.073868368133844
      ],
      [
        0.2911953014411197,
        0.9566584258456179,
        -0.0031547863952966966,
        -8.009276708246034
      ],
      [
        0.0037711243855496415,
        0.002149798626689286,
        0.9999905784489839,
        0.9150539866625564
      ],
      [
        0.0,
        0.0,
        0.0,
        1.0
      ]
    ],
    "location": [
      28.073868368133844,
      -8.009276708246034,
      0.9150539866625564
    ],
    "rotation": [
      0.0021498155693722197,
      -0.0037711333240384513,
      0.295478212976812
    ]
  },
  {
    "label_id": "skG246l1N6X1i6YSA_Q0Og",
    "size": [
      2.589440209350171,
      7.428925470678697,
      2.7960974461957804
    ],
    "obj_class": "vehicle",
    "point_num_in_lidar": 201,
    "speed": 3.5950934718225418e-12,
    "if_vehicle": true,
    "motion_state": false,
    "pose": [
      [
        -0.9976013539914471,
        0.06915669293976456,
        -0.002981666659211451,
        70.65619053889532
      ],
      [
        -0.06914727216044478,
        -0.9976014745756793,
        -0.0031547863952966966,
        11.279047276169877
      ],
      [
        -0.003192689649952563,
        -0.002941045063525563,
        0.9999905784489839,
        1.3658018184191434
      ],
      [
        0.0,
        0.0,
        0.0,
        1.0
      ]
    ],
    "location": [
      70.65619053889532,
      11.279047276169877,
      1.3658018184191434
    ],
    "rotation": [
      -0.002941064293032742,
      0.0031926950739672244,
      -3.072389806434527
    ]
  },
  {
    "label_id": "t1ePe__aXYB9-IF7fpKV7w",
    "size": [
      0.7204831567491632,
      0.8499257723597111,
      1.6992111162184642
    ],
    "obj_class": "pedestrian",
    "point_num_in_lidar": 68,
    "speed": 0.8386423658609793,
    "if_vehicle": false,
    "motion_state": false,
    "pose": [
      [
        -0.9946975920855922,
        -0.10279985390582139,
        -0.002981666659211451,
        29.82658603638265
      ],
      [
        0.10280915602389935,
        -0.9946960966850396,
        -0.0031547863952966966,
        10.927871854772093
      ],
      [
        -0.002641540606992979,
        -0.003444601063724138,
        0.9999905784489839,
        0.8555869261753131
      ],
      [
        0.0,
        0.0,
        0.0,
        1.0
      ]
    ],
    "location": [
      29.82658603638265,
      10.927871854772093,
      0.8555869261753131
    ],
    "rotation": [
      -0.003444619893511801,
      0.0026415436789984656,
      3.03860115936681
    ]
  },
  {
    "label_id": "tLLaYUgBVODgrVjxYBagwA",
    "size": [
      0.7770444605792446,
      0.11190182437167095,
      0.7800000000000011
    ],
    "obj_class": "sign",
    "point_num_in_lidar": 66,
    "speed": 0.0036316496341872984,
    "if_vehicle": false,
    "motion_state": false,
    "pose": [
      [
        -0.9948230454046,
        0.10157862962183734,
        -0.002981666659211451,
        31.743647233415686
      ],
      [
        -0.10156921775379853,
        -0.9948234724450773,
        -0.0031547863952966966,
        -1.9748429673636565
      ],
      [
        -0.003286690858374303,
        -0.0028356086591913715,
        0.9999905784489839,
        3.0800249967463245
      ],
      [
        0.0,
        0.0,
        0.0,
        1.0
      ]
    ],
    "location": [
      31.743647233415686,
      -1.9748429673636565,
      3.0800249967463245
    ],
    "rotation": [
      -0.0028356277750259664,
      0.0032866967757266686,
      -3.0398474321302893
    ]
  },
  {
    "label_id": "xIxcoz1j0U_6hXRNQfDsRQ",
    "size": [
      0.9653010212736391,
      0.8650115127405233,
      1.82986422652791
    ],
    "obj_class": "pedestrian",
    "point_num_in_lidar": 207,
    "speed": 0.34370914447566997,
    "if_vehicle": false,
    "motion_state": false,
    "pose": [
      [
        -0.2624443518403941,
        -0.9649425225633953,
        -0.002981666659211451,
