[
  {
    "label_id": "-K1mhaiPD_bfqqGo9XGMqQ",
    "size": [
      0.7507335149671721,
      0.7899949617853979,
      1.7000000000000028
    ],
    "obj_class": "pedestrian",
    "point_num_in_lidar": 446,
    "speed": 0.2732288552883878,
    "if_vehicle": false,
    "motion_state": false,
    "pose": [
      [
        0.7526956335533407,
        0.6583627643166485,
        -0.0027845629955934315,
        14.795956126334204
      ],
      [
        -0.6583686519653371,
        0.7526886649500723,
        -0.0032390994153517275,
        -1.0220319002182805
      ],
      [
        -3.659344136480951e-05,
        0.004271324972301833,
        0.9999908771803376,
        0.85324169112004
      ],
      [
        0.0,
        0.0,
        0.0,
        1.0
      ]
    ],
    "location": [
      14.795956126334204,
      -1.0220319002182805,
      0.85324169112004
    ],
    "rotation": [
      0.0042713379630982705,
      3.659344137297643e-05,
      -0.718649360597829
    ]
  },
  {
    "label_id": "-lw-pbHiNJGWsl32vhmuQQ",
    "size": [
      0.6444965489754448,
      0.11856601403023674,
      0.71051850150441
    ],
    "obj_class": "sign",
    "point_num_in_lidar": 23,
    "speed": 0.0041810068942559645,
    "if_vehicle": false,
    "motion_state": false,
    "pose": [
      [
        -0.9999465457943607,
        -0.00995749782074574,
        -0.0027845629955934315,
        54.22357938134519
      ],
      [
        0.009966503252714897,
        -0.9999450870162276,
        -0.0032390994153517275,
        -1.7298012471801485
      ],
      [
        -0.002752156761561297,
        -0.0032666786280184648,
        0.9999908771803376,
        3.1526192044562578
      ],
      [
        0.0,
        0.0,
        0.0,
        1.0
      ]
    ],
    "location": [
      54.22357938134519,
      -1.7298012471801485,
      3.1526192044562578
    ],
    "rotation": [
      -0.003266696809584775,
      0.0027521602358806245,
      3.131625947585204
    ]
  },
  {
    "label_id": "5v-HhV-BedTvNkAgrUmSsA",
    "size": [
      2.1228378314039618,
      5.033050925192189,
      1.480000000000004
    ],
    "obj_class": "vehicle",
    "point_num_in_lidar": 3084,
    "speed": 0.003062681510150599,
    "if_vehicle": true,
    "motion_state": false,
    "pose": [
      [
        -0.9947586069191174,
        0.1022133072024398,
        -0.0027845629955934315,
        12.453507652018743
      ],
      [
        -0.10220419499709625,
        -0.9947581669732463,
        -0.0032390994153517275,
        7.396563071393757
      ],
      [
        -0.003101045844918643,
        -0.002937528002704483,
        0.9999908771803376,
        0.6092578214081428
      ],
      [
        0.0,
        0.0,
        0.0,
        1.0
      ]
    ],
    "location": [
      12.453507652018743,
      7.396563071393757,
      0.6092578214081428
    ],
    "rotation": [
      -0.0029375463519206776,
      0.0031010508151337983,
      -3.0392091906093843
    ]
  },
  {
    "label_id": "6ufHihRk7ljuRm35o3Ve6g",
    "size": [
      0.8855818262549363,
      0.8864430025332695,
      1.8700000000000045
    ],
    "obj_class": "pedestrian",
    "point_num_in_lidar": 28,
    "speed": 1.1368683772161603e-12,
    "if_vehicle": false,
    "motion_state": false,
    "pose": [
      [
        0.8691099303371669,
        0.4946111353358803,
        -0.0027845629955934315,
        47.294012877959176
      ],
      [
        -0.4946182971711089,
        0.8691042793235632,
        -0.0032390994153517275,
        22.21632852912444
      ],
      [
        0.0008179809762233872,
        0.004192429274477603,
        0.9999908771803376,
        0.5865670572654267
      ],
      [
        0.0,
        0.0,
        0.0,
        1.0
      ]
    ],
    "location": [
      47.294012877959176,
      22.21632852912444,
      0.5865670572654267
    ],
    "rotation": [
      0.004192442958496548,
      -0.0008179810674409554,
      -0.5173957791024417
    ]
  },
  {
    "label_id": "Abp2wF28Amdp-8SvcS3E1g",
    "size": [
      2.196294568927894,
      4.401772619467235,
      1.7100000000000009
    ],
    "obj_class": "vehicle",
    "point_num_in_lidar": 2988,
    "speed": 2.5421149729252077e-12,
    "if_vehicle": true,
    "motion_state": false,
    "pose": [
      [
        0.9995890163195486,
        0.02853146793000232,
        -0.0027845629955934315,
        14.714482925839548
      ],
      [
        -0.028540444708724633,
        0.9995873905021039,
        -0.0032390994153517275,
        -0.00024195663718273863
      ],
      [
        0.0026909977973627623,
        0.0033172408645663534,
        0.9999908771803376,
        0.9049939824552808
      ],
      [
        0.0,
        0.0,
        0.0,
        1.0
      ]
    ],
    "location": [
      14.714482925839548,
      -0.00024195663718273863,
      0.9049939824552808
    ],
    "rotation": [
      0.003317258959444302,
      -0.002691001045169599,
      -0.028544424146141566
    ]
  },
  {
    "label_id": "BWvewDT0hJdWZfzsS5N52A",
    "size": [
      0.8672735484602553,
      0.9365148916588351,
      1.7102353335570868
    ],
    "obj_class": "pedestrian",
    "point_num_in_lidar": 24,
    "speed": 1.4906853275592185,
    "if_vehicle": false,
    "motion_state": true,
    "pose": [
      [
        0.5717904794817853,
        -0.8203949620657807,
        -0.0027845629955934315,
        67.85876938275032
      ],
      [
        0.8203886816222097,
        0.5717970962685541,
        -0.0032390994153517275,
        15.80835999095143
      ],
      [
        0.0042495458772419635,
        -0.0004323377570557507,
        0.9999908771803376,
        0.9386007205870328
      ],
      [
        0.0,
        0.0,
        0.0,
        1.0
      ]
    ],
    "location": [
      67.85876938275032,
      15.80835999095143,
      0.9386007205870328
    ],
    "rotation": [
      -0.0004323416742934505,
      -0.004249558667515877,
      0.9621033861749043
    ]
  },
  {
    "label_id": "C4NxoX3efnXfwLAduEGZxw",
    "size": [
      2.002831474961664,
      4.45394267847577,
      1.5900000000000034
    ],
    "obj_class": "vehicle",
    "point_num_in_lidar": 1293,
    "speed": 6.431098710768743e-12,
    "if_vehicle": true,
    "motion_state": false,
    "pose": [
      [
        0.5637936912876137,
        0.8259109636475414,
        -0.0027845629955934315,
        16.627299012514413
      ],
      [
        -0.8259149181063614,
        0.5637854700897671,
        -0.0032390994153517275,
        -4.547454089843086
      ],
      [
        -0.0011053115620181207,
        0.004125995934296255,
        0.9999908771803376,
        0.6528784552084019
      ],
      [
        0.0,
        0.0,
        0.0,
        1.0
      ]
    ],
    "location": [
      16.627299012514413,
      -4.547454089843086,
      0.6528784552084019
    ],
    "rotation": [
      0.004126010161519931,
      0.0011053117870806148,
      -0.9718239568958725
    ]
  },
  {
    "label_id": "D-j8uA5tzbpXhUFsbPfY1w",
    "size": [
      0.9873273858105232,
      0.7573816566762264,
      1.5740498284474143
    ],
    "obj_class": "pedestrian",
    "point_num_in_lidar": 40,
    "speed": 0.8813864563703488,
    "if_vehicle": false,
    "motion_state": false,
    "pose": [
      [
        0.9996745567922602,
        -0.025357971352640573,
        -0.0027845629955934315,
        34.911088960849156
      ],
      [
        0.0253489200256271,
        0.9996734169160005,
        -0.0032390994153517275,
        -8.688332221077872
      ],
      [
        0.0028657905946055835,
        0.00316745960776619,
        0.9999908771803376,
        0.9753449618872168
      ],
      [
        0.0,
        0.0,
        0.0,
        1.0
      ]
    ],
    "location": [
      34.911088960849156,
      -8.688332221077872,
      0.9753449618872168
    ],
    "rotation": [
      0.003167477911136478,
      -0.002865794517293103,
      0.02535173967032172
    ]
  },
  {
    "label_id": "DV-QVxiC5bGWoAdie1BT7w",
    "size": [
      2.123208825968566,
      4.640056433527341,
      1.5305185015044103
    ],
    "obj_class": "vehicle",
    "point_num_in_lidar": 311,
    "speed": 0.9339804802023555,
    "if_vehicle": true,
    "motion_state": false,
    "pose": [
      [
        0.9989098456777676,
        -0.04659792288227064,
        -0.0027845629955934315,
        29.08829643426725
      ],
      [
        0.04658884937427819,
        0.9989088984231536,
        -0.0032390994153517275,
        1.2915789846883854
      ],
      [
        0.0029324600592826786,
        0.0031058387111490503,
        0.9999908771803376,
        0.8326192044560798
      ],
      [
        0.0,
        0.0,
        0.0,
        1.0
      ]
    ],
    "location": [
      29.08829643426725,
      1.2915789846883854,
      0.8326192044560798
    ],
    "rotation": [
      0.0031058570586493866,
      -0.0029324642621603256,
      0.04660592007088499
    ]
  },
  {
    "label_id": "Djbr-wq3c_Wu_emcmW1Dog",
    "size": [
      2.459956087835262,
      5.612823795445765,
      2.270518501504405
    ],
    "obj_class": "vehicle",
    "point_num_in_lidar": 13892,
    "speed": 3.5950934718225418e-12,
    "if_vehicle": true,
    "motion_state": false,
    "pose": [
      [
        0.6979157682718652,
        0.7161744386714842,
        -0.0027845629955934315,
        6.414921689996845
      ],
      [
        -0.7161797530841929,
        0.697908353229306,
        -0.0032390994153517275,
        -4.570807764139317
      ],
      [
        -0.00037639043087278184,
        0.004254866195605635,
        0.9999908771803376,
        0.9801976225256439
      ],
      [
        0.0,
        0.0,
        0.0,
        1.0
      ]
    ],
    "location": [
      6.414921689996845,
      -4.570807764139317,
      0.9801976225256439
    ],
    "rotation": [
      0.004254879335374917,
      0.0003763904397599725,
      -0.7983131108481868
    ]
  },
  {
    "label_id": "EB8EchWMY1Oagsjrk4KwsA",
    "size": [
      2.203939785643836,
      4.8606414627357974,
      1.6200000000000045
    ],
    "obj_class": "vehicle",
    "point_num_in_lidar": 35,
    "speed": 4.099037227506402e-12,
    "if_vehicle": true,
    "motion_state": false,
    "pose": [
      [
        0.6763884192062699,
        0.7365398513132653,
        -0.0027845629955934315,
        68.75947913958225
      ],
      [
        -0.7365449436780038,
        0.6763808499487131,
        -0.0032390994153517275,
        -2.6366225702222437
      ],
      [
        -0.0005023007160768264,
        0.004241845127958926,
        0.9999908771803376,
        0.80664714741377
      ],
      [
        0.0,
        0.0,
        0.0,
        1.0
      ]
    ],
    "location": [
      68.75947913958225,
      -2.6366225702222437,
      0.80664714741377
    ],
    "rotation": [
      0.004241858383951721,
      0.000502300737199077,
      -0.8279480934048407
    ]
  },
  {
    "label_id": "Fyvr9wj_mD3-PKw_3XcdnA",
    "size": [
      0.7829285216814033,
      0.8748261895378542,
      1.7744533473011828
    ],
    "obj_class": "pedestrian",
    "point_num_in_lidar": 21,
    "speed": 0.9897592186664088,
    "if_vehicle": false,
    "motion_state": false,
    "pose": [
      [
        0.9998372530575409,
        -0.017824522638057776,
        -0.0027845629955934315,
        74.22121139590308
      ],
      [
        0.017815480157184413,
        0.9998360450102539,
        -0.0032390994153517275,
        15.841842613379413
      ],
      [
        0.002841841853451898,
        0.0031889639350311336,
        0.9999908771803376,
        0.9946635392326044
      ],
      [
        0.0,
        0.0,
        0.0,
        1.0
      ]
    ],
    "location": [
      74.22121139590308,
      15.841842613379413,
      0.9946635392326044
    ],
    "rotation": [
      0.0031889822173628755,
      -0.0028418456786157777,
      0.017816494656321593
    ]
  },
  {
    "label_id": "G96MfK6U70_2CEKJH1g1gA",
    "size": [
      2.0507676477421533,
      4.751621205894719,
      1.783059185505671
    ],
    "obj_class": "vehicle",
    "point_num_in_lidar": 4673,
    "speed": 1.1368683772161603e-12,
    "if_vehicle": true,
    "motion_state": false,
    "pose": [
      [
        -0.9991526055255467,
        0.04106479125034974,
        -0.0027845629955934315,
        6.1541660873626824
      ],
      [
        -0.041055723127847714,
        -0.999151608032248,
        -0.0032390994153517275,
        6.997459129321214
      ],
      [
        -0.002915213536044819,
        -0.0031220323730258197,
        0.9999908771803376,
        0.7288634837424155
      ],
      [
        0.0,
        0.0,
        0.0,
        1.0
      ]
    ],
    "location": [
      6.1541660873626824,
      6.997459129321214,
      0.7288634837424155
    ],
    "rotation": [
      -0.0031220507112328585,
      0.0029152176652030544,
      -3.1005252133686865
    ]
  },
  {
    "label_id": "GvNSnjQZk7nOuKBrSduqOA",
    "size": [
      2.1579955411805054,
      4.7553734910656065,
      1.5499999999999972
    ],
    "obj_class": "vehicle",
    "point_num_in_lidar": 93,
    "speed": 2.7112595789959677,
    "if_vehicle": true,
    "motion_state": true,
    "pose": [
      [
        -0.9989594467048633,
        0.04552219291770844,
        -0.0027845629955934315,
        53.72881474978931
      ],
      [
        -0.045513120435053726,
        -0.9989584896797472,
        -0.0032390994153517275,
        6.638830382406013
      ],
      [
        -0.0029291137529614047,
        -0.00310899480880437,
        0.9999908771803376,
        0.6818731506246181
      ],
      [
        0.0,
        0.0,
        0.0,
        1.0
      ]
    ],
    "location": [
      53.72881474978931,
      6.638830382406013,
      0.6818731506246181
    ],
    "rotation": [
      -0.0031090131546215346,
      0.0029291179414673886,
      -3.096063610060341
    ]
  },
  {
    "label_id": "H1UceUMUw7amJjkZPWl6qg",
    "size": [
      0.6970462820269625,
      0.7653631564612301,
      1.6941567563163105
    ],
    "obj_class": "pedestrian",
    "point_num_in_lidar": 48,
    "speed": 1.447696812412816,
    "if_vehicle": false,
    "motion_state": true,
    "pose": [
      [
        -0.9992212109966776,
        0.039360102937577475,
        -0.0027845629955934315,
        47.69857338412112
      ],
      [
        -0.039351036530070355,
        -0.9992201980339401,
        -0.0032390994153517275,
        -6.010975913952279
      ],
      [
        -0.002909882874308141,
        -0.003127001400186505,
        0.9999908771803376,
        0.8955753493133116
      ],
      [
        0.0,
        0.0,
        0.0,
        1.0
      ]
    ],
    "location": [
      47.69857338412112,
      -6.010975913952279,
      0.8955753493133116
    ],
    "rotation": [
      -0.0031270197352139782,
      0.002909886980856392,
      -3.102231287371853
    ]
  },
  {
    "label_id": "ImNXxSqrOhGjnDuh8WZ_rw",
    "size": [
      0.7006499849953943,
      0.8057173953675747,
      1.5600000000000023
    ],
    "obj_class": "pedestrian",
    "point_num_in_lidar": 35,
    "speed": 1.1132036319040013,
    "if_vehicle": false,
    "motion_state": true,
    "pose": [
      [
        -0.99747733068002,
        -0.07093110029024928,
        -0.0027845629955934315,
        58.31097996124299
      ],
      [
        0.07093999997576635,
        -0.9974753253281083,
        -0.0032390994153517275,
        -5.4003644335098215
      ],
      [
        -0.002547779994445769,
        -0.0034284651374721733,
        0.9999908771803376,
        0.8556711139387261
      ],
      [
        0.0,
        0.0,
        0.0,
        1.0
      ]
    ],
    "location": [
      58.31097996124299,
      -5.4003644335098215,
      0.8556711139387261
    ],
    "rotation": [
      -0.0034284829816008636,
      0.002547782750804809,
      3.0705927869066385
    ]
  },
  {
    "label_id": "J8-j5tMTE7dijlXHKvNmRw",
    "size": [
      1.8686382631255336,
      4.258107369427481,
      1.7700000000000031
    ],
    "obj_class": "vehicle",
    "point_num_in_lidar": 84,
    "speed": 2.5421149729252077e-12,
    "if_vehicle": true,
    "motion_state": false,
    "pose": [
      [
        0.08394560208671972,
        0.9964664480549367,
        -0.0027845629955934315,
        38.593940286067664
      ],
      [
        -0.9964658410045518,
        0.08393649948662839,
        -0.0032390994153517275,
        -13.496263904497027
      ],
      [
        -0.0029939274188622456,
        0.003046630057874605,
        0.9999908771803376,
        1.0303133105763678
      ],
      [
        0.0,
        0.0,
        0.0,
        1.0
      ]
    ],
    "location": [
      38.593940286067664,
      -13.496263904497027,
      1.0303133105763678
    ],
    "rotation": [
      0.0030466484255518692,
      0.002993931891608949,
      -1.4867514409747147
    ]
  },
  {
    "label_id": "JYZGrjHhOWIfmt9jVFankA",
    "size": [
      0.885581826245702,
      0.8864430025332695,
      1.9033832664799561
    ],
    "obj_class": "pedestrian",
    "point_num_in_lidar": 24,
    "speed": 0.00777241542903213,
    "if_vehicle": false,
    "motion_state": false,
    "pose": [
      [
        0.5832442088822036,
        0.8122920897154521,
        -0.0027845629955934315,
        47.97964002167282
      ],
      [
        -0.8122962382538885,
        0.5832360838919001,
        -0.0032390994153517275,
        22.779031591082457
      ],
      [
        -0.001007037215991943,
        0.00415107602249915,
        0.9999908771803376,
        0.5285228086541309
      ],
      [
        0.0,
        0.0,
        0.0,
        1.0
      ]
    ],
    "location": [
      47.97964002167282,
      22.779031591082457,
      0.5285228086541309
    ],
    "rotation": [
      0.004151090048961611,
      0.0010070373862021145,
      -0.9480791006886953
    ]
  },
  {
    "label_id": "LVurOGR3dPZTYlctUjwF1w",
    "size": [
      0.8553806403973634,
      0.9205835426103812,
      1.5600000000000023
    ],
    "obj_class": "pedestrian",
    "point_num_in_lidar": 124,
    "speed": 0.9077642763685182,
    "if_vehicle": false,
    "motion_state": false,
    "pose": [
      [
        0.9988279121644885,
        -0.04832233531248599,
        -0.0027845629955934315,
        23.620455257558206
      ],
      [
        0.04831326018270844,
        0.9988269805754625,
        -0.0032390994153517275,
        12.436750944143569
      ],
      [
        0.0029378174971698553,
        0.0031007715898277344,
        0.9999908771803376,
        0.7969647060093479
      ],
      [
        0.0,
        0.0,
        0.0,
        1.0
      ]
    ],
    "location": [
      23.620455257558206,
      12.436750944143569,
      0.7969647060093479
    ],
    "rotation": [
      0.0031007899399010178,
      -0.0029378217231249277,
      0.048332283923748845
    ]
  },
  {
    "label_id": "MgUHjjRH5WfE7KTO3UAfsQ",
    "size": [
      2.1220822046833634,
      4.89751997057426,
      1.4830591855056667
    ],
    "obj_class": "vehicle",
    "point_num_in_lidar": 3974,
    "speed": 2.2737367544323206e-12,
    "if_vehicle": true,
    "motion_state": false,
    "pose": [
      [
        -0.9924468048823457,
        0.12264414249260605,
        -0.0027845629955934315,
        0.6649122067319695
      ],
      [
        -0.12263502316805358,
        -0.9924465523782872,
        -0.0032390994153517275,
        6.701107151944598
      ],
      [
        -0.0031607865151009706,
        -0.0028731489179845914,
        0.9999908771803376,
        0.583105167891226
      ],
      [
        0.0,
        0.0,
        0.0,
        1.0
      ]
    ],
    "location": [
      0.6649122067319695,
      6.701107151944598,
      0.583105167891226
    ],
    "rotation": [
      -0.0028731672233324804,
      0.0031607917781351883,
      -3.0186475221903457
    ]
  },
  {
    "label_id": "OpmBDWgrhvbDWXPsj-xPxA",
    "size": [
      0.7026515170164881,
      0.7358840794624211,
      1.68310318244977
    ],
    "obj_class": "pedestrian",
    "point_num_in_lidar": 38,
    "speed": 1.6077746776921857e-12,
    "if_vehicle": false,
    "motion_state": false,
    "pose": [
      [
        -0.9918255194335803,
        0.12757109864398047,
        -0.0027845629955934315,
        49.32563542090065
      ],
      [
        -0.1275619781779448,
        -0.9918253122189951,
        -0.0032390994153517275,
        18.73337872508273
      ],
      [
        -0.00317501553353141,
        -0.002857417096049232,
        0.9999908771803376,
        0.6407048132144553
      ],
      [
        0.0,
        0.0,
        0.0,
        1.0
      ]
    ],
    "location": [
      49.32563542090065,
      18.73337872508273,
      0.6407048132144553
    ],
    "rotation": [
      -0.0028574353870358827,
      0.0031750208679646318,
      -3.0136815198295115
    ]
  },
  {
    "label_id": "SV4MhXW_fLKMUyYTomC7iA",
    "size": [
      1.8745005814532074,
      4.026761972188614,
      1.730518501504406
    ],
    "obj_class": "vehicle",
    "point_num_in_lidar": 303,
    "speed": 3.2155493553843714e-12,
    "if_vehicle": true,
    "motion_state": false,
    "pose": [
      [
        0.5357876708895057,
        0.8443481615611668,
        -0.0027845629955934315,
        23.067769648012472
      ],
      [
        -0.8443518381771422,
        0.5357793217378385,
        -0.0032390994153517275,
        -3.943883484287653
      ],
      [
        -0.001243016363350749,
        0.004086620415380226,
        0.9999908771803376,
        0.8526192044561824
      ],
      [
        0.0,
        0.0,
        0.0,
        1.0
      ]
    ],
    "location": [
      23.067769648012472,
      -3.943883484287653,
      0.8526192044561824
    ],
    "rotation": [
      0.004086634947337749,
      0.0012430166834462638,
      -1.0053554957975583
    ]
  },
  {
    "label_id": "SkVKxXh2jIQZVXZoNdO_aw",
    "size": [
      0.8929253568927175,
      0.9206928310170497,
      1.7000000000000028
    ],
    "obj_class": "pedestrian",
    "point_num_in_lidar": 24,
    "speed": 0.23765956373835284,
    "if_vehicle": false,
    "motion_state": false,
    "pose": [
      [
        0.5355489263068682,
        0.8444996114507597,
        -0.0027845629955934315,
        50.62470513964945
      ],
      [
        -0.8445032857060265,
        0.5355405761160424,
        -0.0032390994153517275,
        20.33639886238234
      ],
      [
        -0.0012441717268233978,
        0.004086268813126891,
        0.9999908771803376,
        0.63490099112623
      ],
      [
        0.0,
        0.0,
        0.0,
        1.0
      ]
    ],
    "location": [
      50.62470513964945,
      20.33639886238234,
      0.63490099112623
    ],
    "rotation": [
      0.0040862833477482595,
      0.0012441720478123138,
      -1.0056382243845399
    ]
  },
  {
    "label_id": "TBaMlPrcbb0tVmgFVZHKcA",
    "size": [
      0.8401860487472409,
      0.11186696262676982,
      0.8605185015044086
    ],
    "obj_class": "sign",
    "point_num_in_lidar": 35,
    "speed": 0.0030017805582282712,
    "if_vehicle": false,
    "motion_state": false,
    "pose": [
      [
        0.9990138800139056,
        0.04431155321680183,
        -0.0027845629955934315,
        53.87764617079665
      ],
      [
        -0.04432050320450024,
        0.9990121126546351,
        -0.0032390994153517275,
        10.268055292959616
      ],
      [
        0.002638282634929843,
        0.0033593185078506344,
        0.9999908771803376,
        2.8876192044562146
      ],
      [
        0.0,
        0.0,
        0.0,
        1.0
      ]
    ],
    "location": [
      53.87764617079665,
      10.268055292959616,
      2.8876192044562146
    ],
    "rotation": [
      0.003359336517667082,
      -0.002638285695582648,
      -0.044335180290873286
    ]
  },
  {
    "label_id": "V7YN8qOnLzj6EqMtbCjrbw",
    "size": [
      2.361603872962683,
      4.897855298287807,
      1.8405185015044054
    ],
    "obj_class": "vehicle",
    "point_num_in_lidar": 5626,
    "speed": 0.0,
    "if_vehicle": true,
    "motion_state": false,
    "pose": [
      [
        0.6910128238432698,
        0.7228371348326493,
        -0.0027845629955934315,
        2.9910673179401783
      ],
      [
        -0.7228423778624389,
        0.6910053581566156,
        -0.0032390994153517275,
        -4.770993855840061
      ],
      [
        -0.0004171933907512553,
        0.004251059370753794,
        0.9999908771803376,
        0.8476192044561799
      ],
      [
        0.0,
        0.0,
        0.0,
        1.0
      ]
    ],
    "location": [
      2.9910673179401783,
      -4.770993855840061,
      0.8476192044561799
    ],
    "rotation": [
      0.004251072544651103,
      0.0004171934028533638,
      -0.8079069594619394
    ]
  },
  {
    "label_id": "Xhv1ib3Sd4Npw2uCm8OIgA",
    "size": [
      0.7032178819179993,
      0.8587069967628569,
      1.7415277018557802
    ],
    "obj_class": "pedestrian",
    "point_num_in_lidar": 43,
    "speed": 0.6997924049663571,
    "if_vehicle": false,
    "motion_state": false,
    "pose": [
      [
        -0.8273198526385657,
        -0.5617242273918986,
        -0.0027845629955934315,
        53.86249578810384
      ],
      [
        0.5617309204191324,
        -0.8273136535075749,
        -0.0032390994153517275,
        -3.1304457690785057
      ],
      [
        -0.00048422636877239867,
        -0.004243946385470211,
        0.9999908771803376,
        0.9204353997988761
      ],
      [
        0.0,
        0.0,
        0.0,
        1.0
      ]
    ],
    "location": [
      53.86249578810384,
      -3.1304457690785057,
      0.9204353997988761
    ],
    "rotation": [
      -0.004243959622805036,
      0.0004842263876955778,
      2.5451160545577394
    ]
  },
  {
    "label_id": "XsywigB-Q40d0u9u21SmQg",
    "size": [
      0.7289434170593819,
      0.9162428550820471,
      1.9424134016137273
    ],
    "obj_class": "pedestrian",
    "point_num_in_lidar": 43,
    "speed": 1.5268870585260397,
    "if_vehicle": false,
    "motion_state": true,
    "pose": [
      [
        0.9762560508485395,
        -0.21660186839115056,
        -0.0027845629955934315,
        36.936458897413104
      ],
      [
        0.21659276646804382,
        0.9762566679663176,
        -0.0032390994153517275,
        -6.089115523980581
      ],
      [
        0.0034200431770902186,
        0.002559074200916967,
        0.9999908771803376,
        1.031377632018085
      ],
      [
        0.0,
        0.0,
        0.0,
        1.0
      ]
    ],
    "location": [
      36.936458897413104,
      -6.089115523980581,
      1.031377632018085
    ],
    "rotation": [
      0.0025590919606312363,
      -0.003420049844325823,
      0.21832432774841043
    ]
  },
  {
    "label_id": "YmfytkE-ukfBRofAX1HVww",
    "size": [
      0.6442834931378303,
      0.7097897537460085,
      1.5500000000000043
    ],
    "obj_class": "pedestrian",
    "point_num_in_lidar": 84,
    "speed": 1.3832073796607707,
    "if_vehicle": false,
    "motion_state": true,
    "pose": [
      [
        0.9959281826867247,
        -0.09010716474976606,
        -0.0027845629955934315,
        25.377612585085444
      ],
      [
        0.09009805856916331,
        0.995927631947746,
        -0.0032390994153517275,
        -8.642923958243045
      ],
      [
        0.003065089294870657,
        0.002975026674406377,
        0.9999908771803376,
        0.8335065900896979
      ],
      [
        0.0,
        0.0,
        0.0,
        1.0
      ]
    ],
    "location": [
      25.377612585085444,
      -8.642923958243045,
      0.8335065900896979
    ],
    "rotation": [
      0.0029750450379863328,
      -0.003065094094193658,
      0.09022082854485258
    ]
  },
  {
    "label_id": "aOalNxxJ9uA_4VqI2Wr-pw",
    "size": [
      1.0000000000051381,
      1.0,
      1.7608367811754064
    ],
    "obj_class": "pedestrian",
    "point_num_in_lidar": 39,
    "speed": 0.9148801079005917,
    "if_vehicle": false,
    "motion_state": false,
    "pose": [
      [
        0.8992464055722089,
        -0.43743359298799395,
        -0.0027845629955934315,
        54.45180891007476
      ],
      [
        0.437424883329661,
        0.8992491199211762,
        -0.0032390994153517275,
        -2.2117297194490675
      ],
      [
        0.003920906718455084,
        0.0016947113630745368,
        0.9999908771803376,
        0.9345400282538066
      ],
      [
        0.0,
        0.0,
        0.0,
        1.0
      ]
    ],
    "location": [
      54.45180891007476,
      -2.2117297194490675,
      0.9345400282538066
    ],
    "rotation": [
      0.0016947252012901135,
      -0.0039209167648740295,
      0.452736800047468
    ]
  },
  {
    "label_id": "aphnxehbBGUVAa3NaGJV7A",
    "size": [
      2.0433480586179225,
      4.555124657205895,
      1.5400000000000063
    ],
    "obj_class": "vehicle",
    "point_num_in_lidar": 26,
    "speed": 5.390242088072724,
    "if_vehicle": true,
    "motion_state": true,
    "pose": [
      [
        -0.9981377221347774,
        0.06093713039290208,
        -0.0027845629955934315,
        74.71173749025911
      ],
      [
        -0.060928044218176484,
        -0.9981369052703769,
        -0.0032390994153517275,
        8.116918351588538
      ],
      [
        -0.002976756514380899,
        -0.0030634093348834482,
        0.9999908771803376,
        0.805404332215268
      ],
      [
        0.0,
        0.0,
        0.0,
        1.0
      ]
    ],
    "location": [
      74.71173749025911,
      8.116918351588538,
      0.805404332215268
    ],
    "rotation": [
      -0.003063427699029778,
      0.0029767609106110403,
      -3.0806265793609695
    ]
  },
  {
    "label_id": "bof1aeoD2plQ-sVhmz6tng",
    "size": [
      2.0777450502011003,
      4.382102305572195,
      1.6253959798867612
    ],
    "obj_class": "vehicle",
    "point_num_in_lidar": 286,
    "speed": 5.453556696275915,
    "if_vehicle": true,
    "motion_state": true,
    "pose": [
      [
        -0.997664663802015,
        0.0682456211762783,
        -0.0027845629955934315,
        34.350112484891724
      ],
      [
        -0.06823652926271387,
        -0.9976639135045209,
        -0.0032390994153517275,
        5.346987415745389
      ],
      [
        -0.0029991123672360133,
        -0.003041526114905503,
        0.9999908771803376,
        0.7668611443824673
      ],
      [
        0.0,
        0.0,
        0.0,
        1.0
      ]
    ],
    "location": [
      34.350112484891724,
      5.346987415745389,
      0.7668611443824673
    ],
    "rotation": [
      -0.003041544483316094,
      0.0029991168632610456,
      -3.0733027513687277
    ]
  },
  {
    "label_id": "c3SCJxumyZ0SBk4CZmOJ6g",
    "size": [
      0.9673409614653863,
      1.0650027170117071,
      1.9586854736991413
    ],
    "obj_class": "pedestrian",
    "point_num_in_lidar": 128,
    "speed": 1.2817230937524289,
    "if_vehicle": false,
    "motion_state": true,
    "pose": [
      [
        0.9900004951482793,
        -0.14103639890143715,
        -0.0027845629955934315,
        31.2036616501573
      ],
      [
        0.1410272764617686,
        0.990000411883123,
        -0.0032390994153517275,
        11.978131183008372
      ],
      [
        0.003213549429776958,
        0.0028140106896279472,
        0.9999908771803376,
        1.0083531679585747
      ],
      [
        0.0,
        0.0,
        0.0,
        1.0
      ]
    ],
    "location": [
      31.2036616501573,
      11.978131183008372,
      1.0083531679585747
    ],
    "rotation": [
      0.002814028933678505,
      -0.003213554960803229,
      0.14149972076835407
    ]
  },
  {
    "label_id": "cEBTjT2GdLcTLHmXu-PHfw",
    "size": [
      0.8625872603785232,
      0.8538088650045665,
      1.7592707532064438
    ],
    "obj_class": "pedestrian",
    "point_num_in_lidar": 39,
    "speed": 1.4614843986264643,
    "if_vehicle": false,
    "motion_state": true,
    "pose": [
      [
        -0.9758435427521047,
        0.21845280103021036,
        -0.0027845629955934315,
        14.28234384192183
      ],
      [
        -0.2184437002937402,
        -0.9758441771291951,
        -0.0032390994153517275,
        -9.323964670700661
      ],
      [
        -0.00342488992519818,
        -0.0025525840043446506,
        0.9999908771803376,
        0.9010396281056785
      ],
      [
        0.0,
        0.0,
        0.0,
        1.0
      ]
    ],
    "location": [
      14.28234384192183,
      -9.323964670700661,
      0.9010396281056785
    ],
    "rotation": [
      -0.00255260174724606,
      0.003424896620819691,
      -2.9213719708754002
    ]
  },
  {
    "label_id": "fNy8PC-BmuP16FOJ9FFzIw",
    "size": [
      2.1476594433774294,
      5.107156534927326,
      1.980000000000004
    ],
    "obj_class": "vehicle",
    "point_num_in_lidar": 4950,
    "speed": 1.3830600733622805e-11,
    "if_vehicle": true,
    "motion_state": false,
    "pose": [
      [
        0.7587980082461593,
        0.6513200663963802,
        -0.0027845629955934315,
        9.769325689434481
      ],
      [
        -0.6513260187274496,
        0.7587910948104408,
        -0.0032390994153517275,
        -4.673078336498293
      ],
      [
        3.2111577236170033e-06,
        0.004271480514695841,
        0.9999908771803376,
        0.8495289039752834
      ],
      [
        0.0,
        0.0,
        0.0,
        1.0
      ]
    ],
    "location": [
      9.769325689434481,
      -4.673078336498293,
      0.8495289039752834
    ],
    "rotation": [
      0.004271493504073398,
      -3.211157723622522e-06,
      -0.7093306542348685
    ]
  },
  {
    "label_id": "gLdCcd_k3Lp-3dE0ol5ezA",
    "size": [
      2.135069974136135,
      4.396070169772625,
      1.8305185015044074
    ],
    "obj_class": "vehicle",
    "point_num_in_lidar": 1024,
    "speed": 3.5950934718225418e-12,
    "if_vehicle": true,
    "motion_state": false,
    "pose": [
      [
        0.6806033109138828,
        0.7326468312781979,
        -0.0027845629955934315,
        19.920081230251526
      ],
      [
        -0.7326519669890444,
        0.6805957709992486,
        -0.0032390994153517275,
        -3.9800986740156077
      ],
      [
        -0.0004779541239706182,
        0.004244657342394042,
        0.9999908771803376,
        0.8926192044561745
      ],
      [
        0.0,
        0.0,
        0.0,
        1.0
      ]
    ],
    "location": [
      19.920081230251526,
      -3.9800986740156077,
      0.8926192044561745
    ],
    "rotation": [
      0.004244670573407491,
      0.00047795414216793823,
      -0.8222104390204323
    ]
  },
  {
    "label_id": "l-XnejT-kWgZdox4WXTk1Q",
    "size": [
      2.002831474961663,
      4.45394267847577,
      1.5900000000000034
    ],
    "obj_class": "vehicle",
    "point_num_in_lidar": 3655,
    "speed": 2.2737367544323206e-12,
    "if_vehicle": true,
    "motion_state": false,
    "pose": [
      [
        0.5637936912876137,
        0.8259109636475414,
        -0.0027845629955934315,
        13.066347590145597
      ],
      [
        -0.8259149181063614,
        0.5637854700897671,
        -0.0032390994153517275,
        -4.414321990858298
      ],
      [
        -0.0011053115620181207,
        0.004125995934296255,
        0.9999908771803376,
        0.6428784552083684
      ],
      [
        0.0,
        0.0,
        0.0,
        1.0
      ]
    ],
    "location": [
      13.066347590145597,
      -4.414321990858298,
      0.6428784552083684
    ],
    "rotation": [
      0.004126010161519931,
      0.0011053117870806148,
      -0.9718239568958725
    ]
  },
  {
    "label_id": "lKDSzFUMV-iZb8osI_vVhg",
    "size": [
      2.0750237041,
      4.716712819747884,
      1.5364505435900142
    ],
    "obj_class": "vehicle",
    "point_num_in_lidar": 42,
    "speed": 8.301020970236115,
    "if_vehicle": true,
    "motion_state": true,
    "pose": [
      [
        0.9977250792906718,
        -0.0673566059369551,
        -0.0027845629955934315,
        72.54259741902206
      ],
      [
        0.06734751469556707,
        0.9977243208919525,
        -0.0032390994153517275,
        4.120308127603494
      ],
      [
        0.002996400966669785,
        0.0030441973237457106,
        0.9999908771803376,
        0.9000772385039255
      ],
      [
        0.0,
        0.0,
        0.0,
        1.0
      ]
    ],
    "location": [
      72.54259741902206,
      4.120308127603494,
      0.9000772385039255
    ],
    "rotation": [
      0.0030442156917922882,
      -0.002996405450511673,
      0.06739883313300629
    ]
  },
  {
    "label_id": "lZyBbVEUGKHI86ep9kmLgw",
    "size": [
      0.8723086256036737,
      0.6996606541566454,
      1.9082143842119805
    ],
    "obj_class": "pedestrian",
    "point_num_in_lidar": 51,
    "speed": 0.038956373788966624,
    "if_vehicle": false,
    "motion_state": false,
    "pose": [
      [
        -0.9463543655864545,
        0.3231186484008353,
        -0.0027845629955934315,
        48.47604903926549
      ],
      [
        -0.32310967035171606,
        -0.9463559843738416,
        -0.0032390994153517275,
        21.53949566738447
      ],
      [
        -0.003681801279870181,
        -0.0021656166407068595,
        0.9999908771803376,
        0.6642721733536661
      ],
      [
        0.0,
        0.0,
        0.0,
        1.0
      ]
    ],
    "location": [
      48.47604903926549,
      21.53949566738447,
      0.6642721733536661
    ],
    "rotation": [
      -0.002165633011828838,
      0.0036818095981290535,
      -2.8125767652219213
    ]
  },
  {
    "label_id": "miUCgrw0d28mF4d4GaaTfg",
    "size": [
      0.7603092283458105,
      0.8180348372529171,
      1.7374134793072642
    ],
    "obj_class": "pedestrian",
    "point_num_in_lidar": 109,
    "speed": 1.4381986044160464,
    "if_vehicle": false,
    "motion_state": true,
    "pose": [
      [
        0.998865300362302,
        0.04754322182027276,
        -0.0027845629955934315,
        13.802851068685413
      ],
      [
        -0.04755216604356912,
        0.9988635040582583,
        -0.0032390994153517275,
        -8.836879165479331
      ],
      [
        0.002627401129047432,
        0.003367836012343898,
        0.9999908771803376,
        0.9087155097384709
      ],
      [
        0.0,
        0.0,
        0.0,
        1.0
      ]
    ],
    "location": [
      13.802851068685413,
      -8.836879165479331,
      0.9087155097384709
    ],
    "rotation": [
      0.0033678540034990318,
      -0.0026274041519854696,
      -0.0475702695157482
    ]
  },
  {
    "label_id": "oBgkabLveCc0Yw1MvBSHOA",
    "size": [
      0.8283111702783269,
      0.7942693187629959,
      1.8171851638005094
    ],
    "obj_class": "pedestrian",
    "point_num_in_lidar": 103,
    "speed": 1.2486778666225473,
    "if_vehicle": false,
    "motion_state": true,
    "pose": [
      [
        0.9887048512268887,
        -0.14984980270036904,
        -0.0027845629955934315,
        21.028713125117065
      ],
      [
        0.14984067988092553,
        0.9887048492284234,
        -0.0032390994153517275,
        -9.429576647242357
      ],
      [
        0.0032384893450425876,
        0.0027852724931334456,
        0.9999908771803376,
        0.9730530377183726
      ],
      [
        0.0,
        0.0,
        0.0,
        1.0
      ]
    ],
    "location": [
      21.028713125117065,
      -9.429576647242357,
      0.9730530377183726
    ],
    "rotation": [
      0.0027852907002643887,
      -0.0032384950058478744,
      0.15040792618004395
    ]
  },
  {
    "label_id": "skG246l1N6X1i6YSA_Q0Og",
    "size": [
      2.5894402093501707,
      7.428925470678697,
      2.7960974461957804
    ],
    "obj_class": "vehicle",
    "point_num_in_lidar": 185,
    "speed": 3.5950934718225418e-12,
    "if_vehicle": true,
    "motion_state": false,
    "pose": [
      [
        -0.9976019209057363,
        0.0691567322399523,
        -0.0027845629955934315,
