[
  {
    "label_id": "-K1mhaiPD_bfqqGo9XGMqQ",
    "size": [
      0.7507335149728579,
      0.7899949617853979,
      1.7000000000000028
    ],
    "obj_class": "pedestrian",
    "point_num_in_lidar": 142,
    "speed": 1.2926586963802333,
    "if_vehicle": false,
    "motion_state": true,
    "pose": [
      [
        0.9994332180228616,
        -0.03354217518964067,
        -0.002857480711172615,
        19.634934055095073
      ],
      [
        0.03353173138980989,
        0.9994310698754097,
        -0.0036276104663061767,
        -1.426158817273972
      ],
      [
        0.00297753295009621,
        0.0035297381264151927,
        0.9999893375663013,
        0.8532416911200187
      ],
      [
        0.0,
        0.0,
        0.0,
        1.0
      ]
    ],
    "location": [
      19.634934055095073,
      -1.426158817273972,
      0.8532416911200187
    ],
    "rotation": [
      0.0035297611029931767,
      -0.0029775373497673003,
      0.03353816701509109
    ]
  },
  {
    "label_id": "-lw-pbHiNJGWsl32vhmuQQ",
    "size": [
      0.6444965489754436,
      0.11856601403023674,
      0.71051850150441
    ],
    "obj_class": "sign",
    "point_num_in_lidar": 24,
    "speed": 0.0033681638249562105,
    "if_vehicle": false,
    "motion_state": false,
    "pose": [
      [
        -0.9999463401012711,
        -0.00995749577244281,
        -0.002857480711172615,
        54.20595407366636
      ],
      [
        0.009967836261347117,
        -0.9999437397586783,
        -0.0036276104663061767,
        -1.7197660390738747
      ],
      [
        -0.0028211980327359203,
        -0.0036558987089448537,
        0.9999893375663013,
        3.152619204456265
      ],
      [
        0.0,
        0.0,
        0.0,
        1.0
      ]
    ],
    "location": [
      54.20595407366636,
      -1.7197660390738747,
      3.152619204456265
    ],
    "rotation": [
      -0.0036559214019934064,
      0.002821201775142966,
      3.1316246125874176
    ]
  },
  {
    "label_id": "5v-HhV-BedTvNkAgrUmSsA",
    "size": [
      2.1228378314039618,
      5.033050925192189,
      1.480000000000004
    ],
    "obj_class": "vehicle",
    "point_num_in_lidar": 3496,
    "speed": 0.0030626815077571296,
    "if_vehicle": true,
    "motion_state": false,
    "pose": [
      [
        -0.9947584022932081,
        0.10221328617674456,
        -0.002857480711172615,
        12.473576426200452
      ],
      [
        -0.10220271934615385,
        -0.9947569776586419,
        -0.0036276104663061767,
        7.398982648912352
      ],
      [
        -0.0032132888626942454,
        -0.0033165536924438296,
        0.9999893375663013,
        0.5959913637345053
      ],
      [
        0.0,
        0.0,
        0.0,
        1.0
      ]
    ],
    "location": [
      12.473576426200452,
      7.398982648912352,
      0.5959913637345053
    ],
    "rotation": [
      -0.003316576894870512,
      0.00321329439237519,
      -3.039210637626662
    ]
  },
  {
    "label_id": "6ufHihRk7ljuRm35o3Ve6g",
    "size": [
      0.8855818262549322,
      0.8864430025332695,
      1.8700000000000045
    ],
    "obj_class": "pedestrian",
    "point_num_in_lidar": 22,
    "speed": 1.1368683772161603e-12,
    "if_vehicle": false,
    "motion_state": false,
    "pose": [
      [
        0.8691097515577012,
        0.49461103359235326,
        -0.002857480711172615,
        47.29401287796645
      ],
      [
        -0.4946188075357893,
        0.8691024540721182,
        -0.0036276104663061767,
        22.216328529117163
      ],
      [
        0.0006891873363337249,
        0.004566155333036196,
        0.9999893375663013,
        0.5865670572654267
      ],
      [
        0.0,
        0.0,
        0.0,
        1.0
      ]
    ],
    "location": [
      47.29401287796645,
      22.216328529117163,
      0.5865670572654267
    ],
    "rotation": [
      0.004566172284829321,
      -0.0006891873908920098,
      -0.5173963110933528
    ]
  },
  {
    "label_id": "9KGiqkmEBgSGNEolhIVz1A",
    "size": [
      0.6676860043811585,
      0.8747499668482639,
      1.6388978100247868
    ],
    "obj_class": "pedestrian",
    "point_num_in_lidar": 89,
    "speed": 0.6876255608398146,
    "if_vehicle": false,
    "motion_state": false,
    "pose": [
      [
        -0.9964864103792501,
        -0.08370584647121049,
        -0.002857480711172615,
        29.299577564590436
      ],
      [
        0.08371596692612497,
        -0.9964830542081127,
        -0.0036276104663061767,
        11.70701398615347
      ],
      [
        -0.0025437789016600765,
        -0.0038540812925322064,
        0.9999893375663013,
        0.7949666088087852
      ],
      [
        0.0,
        0.0,
        0.0,
        1.0
      ]
    ],
    "location": [
      29.299577564590436,
      11.70701398615347,
      0.7949666088087852
    ],
    "rotation": [
      -0.00385410330364884,
      0.002543781645053524,
      3.057778319852842
    ]
  },
  {
    "label_id": "Abp2wF28Amdp-8SvcS3E1g",
    "size": [
      2.1962945689304005,
      4.401772619467235,
      1.7100000000000009
    ],
    "obj_class": "vehicle",
    "point_num_in_lidar": 3201,
    "speed": 0.4291995646297703,
    "if_vehicle": true,
    "motion_state": false,
    "pose": [
      [
        0.9995679316725975,
        -0.029253799338729937,
        -0.002857480711172615,
        14.925136101373937
      ],
      [
        0.029243364851650598,
        0.999565738735806,
        -0.0036276104663061767,
        0.049764223032980226
      ],
      [
        0.0029623612066469697,
        0.0035424807397261573,
        0.9999893375663013,
        0.9141012303894271
      ],
      [
        0.0,
        0.0,
        0.0,
        1.0
      ]
    ],
    "location": [
      14.925136101373937,
      0.049764223032980226,
      0.9141012303894271
    ],
    "rotation": [
      0.0035425036928350548,
      -0.002962365539405641,
      0.029247662855430068
    ]
  },
  {
    "label_id": "C4NxoX3efnXfwLAduEGZxw",
    "size": [
      2.002831474961663,
      4.45394267847577,
      1.5900000000000034
    ],
    "obj_class": "vehicle",
    "point_num_in_lidar": 1554,
    "speed": 6.431098710768743e-12,
    "if_vehicle": true,
    "motion_state": false,
    "pose": [
      [
        0.5637935753129482,
        0.8259107937542821,
        -0.002857480711172615,
        16.627299012507137
      ],
      [
        -0.8259145754762315,
        0.563783606056633,
        -0.0036276104663061767,
        -4.547454089850362
      ],
      [
        -0.0013850818600761065,
        0.0044052584431410816,
        0.9999893375663013,
        0.652878455208338
      ],
      [
        0.0,
        0.0,
        0.0,
        1.0
      ]
    ],
    "location": [
      16.627299012507137,
      -4.547454089850362,
      0.652878455208338
    ],
    "rotation": [
      0.004405276917246418,
      0.0013850823029452773,
      -0.9718238595082203
    ]
  },
  {
    "label_id": "D-j8uA5tzbpXhUFsbPfY1w",
    "size": [
      0.9873273858146271,
      0.7573816566762264,
      1.5740498284474072
    ],
    "obj_class": "pedestrian",
    "point_num_in_lidar": 32,
    "speed": 0.9091371825076011,
    "if_vehicle": false,
    "motion_state": false,
    "pose": [
      [
        0.9895720210473732,
        -0.1440105897640958,
        -0.002857480711172615,
        40.68002459039417
      ],
      [
        0.1439999723164206,
        0.9895710426316924,
        -0.0036276104663061767,
        -8.222689021218685
      ],
      [
        0.003350094489342194,
        0.0031783046774116444,
        0.9999893375663013,
        0.9232465752328523
      ],
      [
        0.0,
        0.0,
        0.0,
        1.0
      ]
    ],
    "location": [
      40.68002459039417,
      -8.222689021218685,
      0.9232465752328523
    ],
    "rotation": [
      0.003178327863949053,
      -0.003350100755799894,
      0.14450315454933788
    ]
  },
  {
    "label_id": "DV-QVxiC5bGWoAdie1BT7w",
    "size": [
      2.1232088259618265,
      4.640056433527341,
      1.5305185015044103
    ],
    "obj_class": "vehicle",
    "point_num_in_lidar": 249,
    "speed": 3.7864634925312113,
    "if_vehicle": true,
    "motion_state": true,
    "pose": [
      [
        0.9985653325994294,
        -0.053470658632340386,
        -0.002857480711172615,
        35.61456639859534
      ],
      [
        0.05346017406236697,
        0.9985633931962087,
        -0.0036276104663061767,
        1.6276002566155512
      ],
      [
        0.0030473463558362054,
        0.0034696446356290546,
        0.9999893375663013,
        0.8503984893644727
      ],
      [
        0.0,
        0.0,
        0.0,
        1.0
      ]
    ],
    "location": [
      35.61456639859534,
      1.6276002566155512,
      0.8503984893644727
    ],
    "rotation": [
      0.0034696677075054033,
      -0.0030473510722947212,
      0.05348592022535785
    ]
  },
  {
    "label_id": "Djbr-wq3c_Wu_emcmW1Dog",
    "size": [
      2.4599560878352613,
      5.612823795445765,
      2.270518501504405
    ],
    "obj_class": "vehicle",
    "point_num_in_lidar": 14183,
    "speed": 3.5950934718225418e-12,
    "if_vehicle": true,
    "motion_state": false,
    "pose": [
      [
        0.6979156247077409,
        0.716174291351476,
        -0.002857480711172615,
        6.414921689996845
      ],
      [
        -0.7161797374110965,
        0.6979064580329354,
        -0.0036276104663061767,
        -4.570807764146593
      ],
      [
        -0.0006037471129741106,
        0.004578235810173292,
        0.9999893375663013,
        0.9716914178388905
      ],
      [
        0.0,
        0.0,
        0.0,
        1.0
      ]
    ],
    "location": [
      6.414921689996845,
      -4.570807764146593,
      0.9716914178388905
    ],
    "rotation": [
      0.00457825263823009,
      0.000603747149652818,
      -0.798313202727428
    ]
  },
  {
    "label_id": "EB8EchWMY1Oagsjrk4KwsA",
    "size": [
      2.2039397856438403,
      4.8606414627357974,
      1.6200000000000045
    ],
    "obj_class": "vehicle",
    "point_num_in_lidar": 37,
    "speed": 4.099037227506402e-12,
    "if_vehicle": true,
    "motion_state": false,
    "pose": [
      [
        0.6763882800704092,
        0.7365396998040085,
        -0.002857480711172615,
        68.75947913958953
      ],
      [
        -0.7365448718553972,
        0.6763789560489156,
        -0.0036276104663061767,
        -2.6366225702295196
      ],
      [
        -0.0007391393035061837,
        0.004558335968310154,
        0.9999893375663013,
        0.8066471474137558
      ],
      [
        0.0,
        0.0,
        0.0,
        1.0
      ]
    ],
    "location": [
      68.75947913958953,
      -2.6366225702295196,
      0.8066471474137558
    ],
    "rotation": [
      0.004558352999483714,
      0.0007391393708081488,
      -0.8279481473046975
    ]
  },
  {
    "label_id": "G96MfK6U70_2CEKJH1g1gA",
    "size": [
      2.0507676477421515,
      4.751621205894719,
      1.783059185505671
    ],
    "obj_class": "vehicle",
    "point_num_in_lidar": 4649,
    "speed": 1.1368683772161603e-12,
    "if_vehicle": true,
    "motion_state": false,
    "pose": [
      [
        -0.9991523999957739,
        0.04106478280315492,
        -0.002857480711172615,
        6.1541660873554065
      ],
      [
        -0.04105432312836637,
        -0.9991503305282825,
        -0.0036276104663061767,
        6.997459129313938
      ],
      [
        -0.003004019832939626,
        -0.0035072237672100505,
        0.9999893375663013,
        0.7076085203018465
      ],
      [
        0.0,
        0.0,
        0.0,
        1.0
      ]
    ],
    "location": [
      6.1541660873554065,
      6.997459129313938,
      0.7076085203018465
    ],
    "rotation": [
      -0.003507246782455225,
      0.003004024351071471,
      -3.1005266037558243
    ]
  },
  {
    "label_id": "GvNSnjQZk7nOuKBrSduqOA",
    "size": [
      2.157995541181528,
      4.7553734910656065,
      1.5499999999999972
    ],
    "obj_class": "vehicle",
    "point_num_in_lidar": 3328,
    "speed": 7.090307034196205,
    "if_vehicle": true,
    "motion_state": true,
    "pose": [
      [
        -0.9985371296367667,
        0.05399477327253342,
        -0.002857480711172615,
        15.166608640043705
      ],
      [
        -0.0539842876860599,
        -0.998535195736902,
        -0.0036276104663061767,
        4.122672130615683
      ],
      [
        -0.003049167065894441,
        -0.003468044681696353,
        0.9999893375663013,
        0.699904843441594
      ],
      [
        0.0,
        0.0,
        0.0,
        1.0
      ]
    ],
    "location": [
      15.166608640043705,
      4.122672130615683,
      0.699904843441594
    ],
    "rotation": [
      -0.0034680677557655604,
      0.0030491717908119158,
      -3.087581859033016
    ]
  },
  {
    "label_id": "H1UceUMUw7amJjkZPWl6qg",
    "size": [
      0.697046282019643,
      0.7653631564612301,
      1.6941567563163105
    ],
    "obj_class": "pedestrian",
    "point_num_in_lidar": 25,
    "speed": 1.2953831162793341,
    "if_vehicle": false,
    "motion_state": true,
    "pose": [
      [
        -0.9997062151278048,
        0.024069030699731084,
        -0.002857480711172615,
        38.65523718651093
      ],
      [
        -0.02405860772692302,
        -0.9997039681008306,
        -0.0036276104663061767,
        -6.503694406426803
      ],
      [
        -0.0029439478734110363,
        -0.003557797721711608,
        0.9999893375663013,
        0.9293467993493749
      ],
      [
        0.0,
        0.0,
        0.0,
        1.0
      ]
    ],
    "location": [
      38.65523718651093,
      -6.503694406426803,
      0.9293467993493749
    ],
    "rotation": [
      -0.0035578206450871033,
      0.002943952125876462,
      -3.1175316200510763
    ]
  },
  {
    "label_id": "ImNXxSqrOhGjnDuh8WZ_rw",
    "size": [
      0.7006499849941464,
      0.8057173953675747,
      1.5600000000000023
    ],
    "obj_class": "pedestrian",
    "point_num_in_lidar": 27,
    "speed": 1.1259111693505524,
    "if_vehicle": false,
    "motion_state": true,
    "pose": [
      [
        -0.999745642750504,
        0.02237151325607959,
        -0.002857480711172615,
        51.18533318307891
      ],
      [
        -0.022361094113707427,
        -0.9997433780287531,
        -0.0036276104663061767,
        -5.86974108924187
      ],
      [
        -0.002937902554474577,
        -0.00356279136217509,
        0.9999893375663013,
        0.8556711139387048
      ],
      [
        0.0,
        0.0,
        0.0,
        1.0
      ]
    ],
    "location": [
      51.18533318307891,
      -5.86974108924187,
      0.8556711139387048
    ],
    "rotation": [
      -0.0035628142754964057,
      0.0029379067807967178,
      -3.119229599035995
    ]
  },
  {
    "label_id": "J8-j5tMTE7dijlXHKvNmRw",
    "size": [
      1.8686382631255276,
      4.258107369427481,
      1.7700000000000031
    ],
    "obj_class": "vehicle",
    "point_num_in_lidar": 74,
    "speed": 2.5421149729252077e-12,
    "if_vehicle": true,
    "motion_state": false,
    "pose": [
      [
        0.08394558481876693,
        0.9964662430777174,
        -0.002857480711172615,
        38.59394028606039
      ],
      [
        -0.9964646248168549,
        0.08393504590401439,
        -0.0036276104663061767,
        -13.496263904504303
      ],
      [
        -0.0033749485980474133,
        0.003151900326868772,
        0.9999893375663013,
        1.0303133105763536
      ],
      [
        0.0,
        0.0,
        0.0,
        1.0
      ]
    ],
    "location": [
      38.59394028606039,
      -13.496263904504303,
      1.0303133105763536
    ],
    "rotation": [
      0.00315192349639134,
      0.0033749550050140697,
      -1.4867513560871675
    ]
  },
  {
    "label_id": "LVurOGR3dPZTYlctUjwF1w",
    "size": [
      0.8553806403937589,
      0.9205835426103812,
      1.5600000000000023
    ],
    "obj_class": "pedestrian",
    "point_num_in_lidar": 104,
    "speed": 0.8549992546909939,
    "if_vehicle": false,
    "motion_state": false,
    "pose": [
      [
        0.986217918379254,
        -0.16542687892744806,
        -0.002857480711172615,
        29.03205325991439
      ],
      [
        0.16541624276610348,
        0.9862171703389929,
        -0.0036276104663061767,
        12.996052267066261
      ],
      [
        0.0034182008186764857,
        0.003104940719752485,
        0.9999893375663013,
        0.7821501460151978
      ],
      [
        0.0,
        0.0,
        0.0,
        1.0
      ]
    ],
    "location": [
      29.03205325991439,
      12.996052267066261,
      0.7821501460151978
    ],
    "rotation": [
      0.0031049638481792275,
      -0.0034182074751430464,
      0.16618103335277087
    ]
  },
  {
    "label_id": "MgUHjjRH5WfE7KTO3UAfsQ",
    "size": [
      2.1220822046833625,
      4.89751997057426,
      1.4830591855056667
    ],
    "obj_class": "vehicle",
    "point_num_in_lidar": 3689,
    "speed": 2.2737367544323206e-12,
    "if_vehicle": true,
    "motion_state": false,
    "pose": [
      [
        -0.9924466007319834,
        0.12264411726420539,
        -0.002857480711172615,
        0.6649122067319695
      ],
      [
        -0.12263352337648734,
        -0.9924453936547708,
        -0.0036276104663061767,
        6.701107151944598
      ],
      [
        -0.003280798652679135,
        -0.003249786748473882,
        0.9999893375663013,
        0.573155324636005
      ],
      [
        0.0,
        0.0,
        0.0,
        1.0
      ]
    ],
    "location": [
      0.6649122067319695,
      6.701107151944598,
      0.573155324636005
    ],
    "rotation": [
      -0.0032498099587296154,
      0.003280804538263468,
      -3.0186489856328955
    ]
  },
  {
    "label_id": "OpmBDWgrhvbDWXPsj-xPxA",
    "size": [
      0.7026515170164909,
      0.7358840794624211,
      1.68310318244977
    ],
    "obj_class": "pedestrian",
    "point_num_in_lidar": 37,
    "speed": 1.6077746776921857e-12,
    "if_vehicle": false,
    "motion_state": false,
    "pose": [
      [
        -0.99182531541102,
        0.12757107240207646,
        -0.002857480711172615,
        49.32563542090793
      ],
      [
        -0.1275604726506686,
        -0.9918241609576984,
        -0.0036276104663061767,
        18.73337872508273
      ],
      [
        -0.0032968965662552624,
        -0.0032334543048250937,
        0.9999893375663013,
        0.6081189078104003
      ],
      [
        0.0,
        0.0,
        0.0,
        1.0
      ]
    ],
    "location": [
      49.32563542090793,
      18.73337872508273,
      0.6081189078104003
    ],
    "rotation": [
      -0.003233477512562433,
      0.0032969025389021664,
      -3.0136829870397324
    ]
  },
  {
    "label_id": "SV4MhXW_fLKMUyYTomC7iA",
    "size": [
      1.8745005814532087,
      4.026761972188614,
      1.730518501504406
    ],
    "obj_class": "vehicle",
    "point_num_in_lidar": 458,
    "speed": 3.2155493553843714e-12,
    "if_vehicle": true,
    "motion_state": false,
    "pose": [
      [
        0.5357875606757937,
        0.8443479878753001,
        -0.002857480711172615,
        23.067769648005196
      ],
      [
        -0.8443514332469464,
        0.5357774702394008,
        -0.0036276104663061767,
        -3.943883484302205
      ],
      [
        -0.0015319918113310517,
        0.004356346496778267,
        0.9999893375663013,
        0.8526192044561185
      ],
      [
        0.0,
        0.0,
        0.0,
        1.0
      ]
    ],
    "location": [
      23.067769648005196,
      -3.943883484302205,
      0.8526192044561185
    ],
    "rotation": [
      0.004356365388069628,
      0.0015319924105955366,
      -1.005355371899861
    ]
  },
  {
    "label_id": "SkVKxXh2jIQZVXZoNdO_aw",
    "size": [
      0.892925356891163,
      0.9206928310170497,
      1.7000000000000028
    ],
    "obj_class": "pedestrian",
    "point_num_in_lidar": 38,
    "speed": 0.2661678263720991,
    "if_vehicle": false,
    "motion_state": false,
    "pose": [
      [
        0.011318486394523656,
        0.9999318610134004,
        -0.002857480711172615,
        50.84063026672811
      ],
      [
        -0.9999294812519154,
        0.011308092924090019,
        -0.0036276104663061767,
        18.204660700757813
      ],
      [
        -0.0035950506271944897,
        0.002898338264917706,
        0.9999893375663013,
        0.6648996319850511
      ],
      [
        0.0,
        0.0,
        0.0,
        1.0
      ]
    ],
    "location": [
      50.84063026672811,
      18.204660700757813,
      0.6648996319850511
    ],
    "rotation": [
      0.0028983610526686215,
      0.003595058371211666,
      -1.5594775255737559
    ]
  },
  {
    "label_id": "TBaMlPrcbb0tVmgFVZHKcA",
    "size": [
      0.8401860487472401,
      0.11186696262676982,
      0.8605185015044086
    ],
    "obj_class": "sign",
    "point_num_in_lidar": 34,
    "speed": 0.0030017805581059116,
    "if_vehicle": false,
    "motion_state": false,
    "pose": [
      [
        0.9990136745126694,
        0.044311544101727156,
        -0.002857480711172615,
        53.85794910549157
      ],
      [
        -0.04432178913177785,
        0.9990107203881562,
        -0.0036276104663061767,
        10.270187648769934
      ],
      [
        0.0026939088426022025,
        0.0037506811191738675,
        0.9999893375663013,
        2.8876192044562004
      ],
      [
        0.0,
        0.0,
        0.0,
        1.0
      ]
    ],
    "location": [
      53.85794910549157,
      10.270187648769934,
      2.8876192044562004
    ],
    "rotation": [
      0.003750703522869919,
      -0.002693912100960625,
      -0.044336474067187756
    ]
  },
  {
    "label_id": "TiwGEAy4OhFR6psj6jKEAg",
    "size": [
      0.8028476085646458,
      0.06722167331857697,
      0.8100000000000023
    ],
    "obj_class": "sign",
    "point_num_in_lidar": 20,
    "speed": 0.001179344925261696,
    "if_vehicle": false,
    "motion_state": false,
    "pose": [
      [
        -0.0569308203826525,
        -0.998374036368406,
        -0.002857480711172615,
        37.106188120960724
      ],
      [
        0.9983721333106321,
        -0.056920329154722026,
        -0.0036276104663061767,
        14.834916010186134
      ],
      [
        0.003459063360985159,
        -0.0030593519533828935,
        0.9999893375663013,
        3.0865731748446734
      ],
      [
        0.0,
        0.0,
        0.0,
        1.0
      ]
    ],
    "location": [
      37.106188120960724,
      14.834916010186134,
      3.0865731748446734
    ],
    "rotation": [
      -0.0030593750288111206,
      -0.0034590702590399504,
      1.6277582865204363
    ]
  },
  {
    "label_id": "V7YN8qOnLzj6EqMtbCjrbw",
    "size": [
      2.361603872962683,
      4.897855298287807,
      1.8405185015044054
    ],
    "obj_class": "vehicle",
    "point_num_in_lidar": 4996,
    "speed": 0.0,
    "if_vehicle": true,
    "motion_state": false,
    "pose": [
      [
        0.6910126816991091,
        0.7228369861420976,
        -0.002857480711172615,
        2.9910673179401783
      ],
      [
        -0.7228423440079528,
        0.6910034631978286,
        -0.0036276104663061767,
        -4.770993855840061
      ],
      [
        -0.0006476419489210143,
        0.004572232891703512,
        0.9999893375663013,
        0.847619204456187
      ],
      [
        0.0,
        0.0,
        0.0,
        1.0
      ]
    ],
    "location": [
      2.9910673179401783,
      -4.770993855840061,
      0.847619204456187
    ],
    "rotation": [
      0.004572249781413022,
      0.0006476419941955228,
      -0.807907038815902
    ]
  },
  {
    "label_id": "Xhv1ib3Sd4Npw2uCm8OIgA",
    "size": [
      0.7032178819206116,
      0.8587069967628569,
      1.7415277018557802
    ],
    "obj_class": "pedestrian",
    "point_num_in_lidar": 36,
    "speed": 1.6077746776921857e-12,
    "if_vehicle": false,
    "motion_state": false,
    "pose": [
      [
        -0.8369832911143178,
        -0.5472209838807632,
        -0.002857480711172615,
        53.21171874849824
      ],
      [
        0.5472282934235279,
        -0.8369755285067049,
        -0.0036276104663061767,
        -2.723405725082557
      ],
      [
        -0.00040653685992319465,
        -0.004599943640035328,
        0.9999893375663013,
        0.9170612334798065
      ],
      [
        0.0,
        0.0,
        0.0,
        1.0
      ]
    ],
    "location": [
      53.21171874849824,
      -2.723405725082557,
      0.9170612334798065
    ],
    "rotation": [
      -0.004599960242385692,
      0.00040653687112140357,
      2.562543503611525
    ]
  },
  {
    "label_id": "XsywigB-Q40d0u9u21SmQg",
    "size": [
      0.7289434170518221,
      0.9162428550820471,
      1.9424134016137273
    ],
    "obj_class": "pedestrian",
    "point_num_in_lidar": 60,
    "speed": 1.633914418553759,
    "if_vehicle": false,
    "motion_state": true,
    "pose": [
      [
        0.9997642331287062,
        -0.0215247058180873,
        -0.002857480711172615,
        47.64176046921057
      ],
      [
        0.021514288597705628,
        0.9997619595825994,
        -0.0036276104663061767,
        -5.108139568816114
      ],
      [
        0.002934883763381269,
        0.0035652785312537184,
        0.9999893375663013,
        1.0313776320180637
      ],
      [
        0.0,
        0.0,
        0.0,
        1.0
      ]
    ],
    "location": [
      47.64176046921057,
      -5.108139568816114,
      1.0313776320180637
    ],
    "rotation": [
      0.0035653014395011016,
      -0.002934887976688705,
      0.02151604132315102
    ]
  },
  {
    "label_id": "YmfytkE-ukfBRofAX1HVww",
    "size": [
      0.6442834931256504,
      0.7097897537460085,
      1.5500000000000043
    ],
    "obj_class": "pedestrian",
    "point_num_in_lidar": 29,
    "speed": 1.3532722531291095,
    "if_vehicle": false,
    "motion_state": true,
    "pose": [
      [
        0.9984180662380574,
        -0.056153359769859884,
        -0.002857480711172615,
        34.53278433327068
      ],
      [
        0.056142870027039465,
        0.9984161550112415,
        -0.0036276104663061767,
        -8.20774569464993
      ],
      [
        0.003056657420287151,
        0.0034614446586622143,
        0.9999893375663013,
        0.905961520741073
      ],
      [
        0.0,
        0.0,
        0.0,
        1.0
      ]
    ],
    "location": [
      34.53278433327068,
      -8.20774569464993,
      0.905961520741073
    ],
    "rotation": [
      0.0034614677415896545,
      -0.0030566621801109617,
      0.056172668557654376
    ]
  },
  {
    "label_id": "aOalNxxJ9uA_4VqI2Wr-pw",
    "size": [
      1.0000000000028133,
      1.0,
      1.7608367811754064
    ],
    "obj_class": "pedestrian",
    "point_num_in_lidar": 29,
    "speed": 1.2672363095186119,
    "if_vehicle": false,
    "motion_state": true,
    "pose": [
      [
        0.9885023807846998,
        0.1511782986640804,
        -0.002857480711172615,
        62.00100888961606
      ],
      [
        -0.15118816786112402,
        0.9884983451382714,
        -0.0036276104663061767,
        -4.298147631234315
      ],
      [
        0.0022761989757464824,
        0.00401791885592384,
        0.9999893375663013,
        0.9345400282538066
      ],
      [
        0.0,
        0.0,
        0.0,
        1.0
      ]
    ],
    "location": [
      62.00100888961606,
      -4.298147631234315,
      0.9345400282538066
    ],
    "rotation": [
      0.004017940075370568,
      -0.002276200941279904,
      -0.15177054348877253
    ]
  },
  {
    "label_id": "aphnxehbBGUVAa3NaGJV7A",
    "size": [
      2.0433480586235295,
      4.555124657205895,
      1.5400000000000063
    ],
    "obj_class": "vehicle",
    "point_num_in_lidar": 138,
    "speed": 4.678613024754684,
    "if_vehicle": true,
    "motion_state": true,
    "pose": [
      [
        -0.9983243764194719,
        0.057795105767339525,
        -0.002857480711172615,
        50.32880545719672
      ],
      [
        -0.05778461289583603,
        -0.9983224824448175,
        -0.0036276104663061767,
        6.743986597939511
      ],
      [
        -0.003062345367698902,
        -0.0034564135399154355,
        0.9999893375663013,
        0.7234045000732507
      ],
      [
        0.0,
        0.0,
        0.0,
        1.0
      ]
    ],
    "location": [
      50.32880545719672,
      6.743986597939511,
      0.7234045000732507
    ],
    "rotation": [
      -0.0034564366293928124,
      0.003062350154144062,
      -3.0837755631426895
    ]
  },
  {
    "label_id": "c3SCJxumyZ0SBk4CZmOJ6g",
    "size": [
      0.9673409614800597,
      1.0650027170117071,
      1.9586854736991413
    ],
    "obj_class": "pedestrian",
    "point_num_in_lidar": 41,
    "speed": 1.3653505501009984,
    "if_vehicle": false,
    "motion_state": true,
    "pose": [
      [
        0.9999952083466562,
        0.0011908348805973385,
        -0.002857480711172615,
        39.42209670900775
      ],
      [
        -0.0012011977686802685,
        0.9999926987564585,
        -0.0036276104663061767,
        12.861845230283507
      ],
      [
        0.002853139962933531,
        0.0036310254835086636,
        0.9999893375663013,
        0.9003548275394238
      ],
      [
        0.0,
        0.0,
        0.0,
        1.0
      ]
    ],
    "location": [
      39.42209670900775,
      12.861845230283507,
      0.9003548275394238
    ],
    "rotation": [
      0.0036310482415402245,
      -0.0028531438339014403,
      -0.0012012029466968391
    ]
  },
  {
    "label_id": "cEBTjT2GdLcTLHmXu-PHfw",
    "size": [
      0.8625872603777388,
      0.8538088650045665,
      1.7592707532064438
    ],
    "obj_class": "pedestrian",
    "point_num_in_lidar": 109,
    "speed": 0.30572466774199103,
    "if_vehicle": false,
    "motion_state": false,
    "pose": [
      [
        -0.7799472939324923,
        0.6258386800856653,
        -0.002857480711172615,
        9.159071978494467
      ],
      [
        -0.6258290323402861,
        -0.7799518335912325,
        -0.0036276104663061767,
        -9.911457876558416
      ],
      [
        -0.004498996266228663,
        -0.001041050578232499,
        0.9999893375663013,
        0.9027184717931505
      ],
      [
        0.0,
        0.0,
        0.0,
        1.0
      ]
    ],
    "location": [
      9.159071978494467,
      -9.911457876558416,
      0.9027184717931505
    ],
    "rotation": [
      -0.001041061302379716,
      0.004499011443706368,
      -2.4653905365330924
    ]
  },
  {
    "label_id": "d5Xz_Y5bEfbj7EAZ-5qxtA",
    "size": [
      2.046826284660472,
      4.409145640338879,
      1.7941632412429342
    ],
    "obj_class": "vehicle",
    "point_num_in_lidar": 129,
    "speed": 0.5805788376898257,
    "if_vehicle": true,
    "motion_state": false,
    "pose": [
      [
        -0.0929808858516425,
        -0.9956637934916731,
        -0.002857480711172615,
        44.56906152964075
      ],
      [
        0.995662270893866,
        -0.09297033269153296,
        -0.0036276104663061767,
        -12.291630762461864
      ],
      [
        0.003346219465815149,
        -0.003182384168603384,
        0.9999893375663013,
        1.0688493393898284
      ],
      [
        0.0,
        0.0,
        0.0,
        1.0
      ]
    ],
    "location": [
      44.56906152964075,
      -12.291630762461864,
      1.0688493393898284
    ],
    "rotation": [
      -0.003182407357375269,
      -0.0033462257105528566,
      1.6639122362643082
    ]
  },
  {
    "label_id": "fNy8PC-BmuP16FOJ9FFzIw",
    "size": [
      2.14765944337743,
      5.107156534927326,
      1.980000000000004
    ],
    "obj_class": "vehicle",
    "point_num_in_lidar": 5333,
    "speed": 1.3830600733622805e-11,
    "if_vehicle": true,
    "motion_state": false,
    "pose": [
      [
        0.7587978521583091,
        0.6513199324171817,
        -0.002857480711172615,
        9.769325689427205
      ],
      [
        -0.6513261715346599,
        0.7587892057194194,
        -0.0036276104663061767,
        -4.6730783365128445
      ],
      [
        -0.0001945094845611695,
        0.004613775002142327,
        0.9999893375663013,
        0.8495289039752194
      ],
      [
        0.0,
        0.0,
        0.0,
        1.0
      ]
    ],
    "location": [
      9.769325689427205,
      -4.6730783365128445,
      0.8495289039752194
    ],
    "rotation": [
      0.004613791458421753,
      0.00019450948578767955,
      -0.7093308718487575
    ]
  },
  {
    "label_id": "gLdCcd_k3Lp-3dE0ol5ezA",
    "size": [
      2.135069974136134,
      4.396070169772625,
      1.8305185015044074
    ],
    "obj_class": "vehicle",
    "point_num_in_lidar": 1302,
    "speed": 3.5950934718225418e-12,
    "if_vehicle": true,
    "motion_state": false,
    "pose": [
      [
        0.6806031709110014,
        0.7326466805697515,
        -0.002857480711172615,
        19.920081230258802
      ],
      [
        -0.7326519060341997,
        0.6805938767185308,
        -0.0036276104663061767,
        -3.9800986740228836
      ],
      [
        -0.0007129728916739137,
        0.004562501875694498,
        0.9999893375663013,
        0.8926192044561745
      ],
      [
        0.0,
        0.0,
        0.0,
        1.0
      ]
    ],
    "location": [
      19.920081230258802,
      -3.9800986740228836,
      0.8926192044561745
    ],
    "rotation": [
      0.004562518864646139,
      0.0007129729520782202,
      -0.8222105001077722
    ]
  },
  {
    "label_id": "l-XnejT-kWgZdox4WXTk1Q",
    "size": [
      2.002831474961663,
      4.45394267847577,
      1.5900000000000034
    ],
    "obj_class": "vehicle",
    "point_num_in_lidar": 3667,
    "speed": 2.2737367544323206e-12,
    "if_vehicle": true,
    "motion_state": false,
    "pose": [
      [
        0.5637935753129482,
        0.8259107937542821,
        -0.002857480711172615,
        13.066347590152873
      ],
      [
        -0.8259145754762315,
        0.563783606056633,
        -0.0036276104663061767,
        -4.414321990865574
      ],
      [
        -0.0013850818600761065,
        0.0044052584431410816,
        0.9999893375663013,
        0.6428784552083968
      ],
      [
        0.0,
        0.0,
        0.0,
        1.0
      ]
    ],
    "location": [
      13.066347590152873,
      -4.414321990865574,
      0.6428784552083968
    ],
    "rotation": [
      0.004405276917246418,
      0.0013850823029452773,
      -0.9718238595082203
    ]
  },
  {
    "label_id": "lZyBbVEUGKHI86ep9kmLgw",
    "size": [
      0.8723086256036737,
      0.6996606541566454,
      1.9082143842119805
    ],
    "obj_class": "pedestrian",
    "point_num_in_lidar": 26,
    "speed": 2.2737367544323206e-12,
    "if_vehicle": false,
    "motion_state": false,
    "pose": [
      [
        -0.9463541709174963,
        0.3231185819340069,
        -0.002857480711172615,
        48.47214224374329
      ],
      [
        -0.32310796519986484,
        -0.94635515704555,
        -0.0036276104663061767,
        21.508069284420344
      ],
      [
        -0.0038763399568582037,
        -0.0025097295170679675,
        0.9999893375663013,
        0.6228427964417094
      ],
      [
        0.0,
        0.0,
        0.0,
        1.0
      ]
    ],
    "location": [
      48.47214224374329,
      21.508069284420344,
      0.6228427964417094
    ],
    "rotation": [
      -0.0025097510076494507,
      0.003876349664578614,
      -2.812578316022559
    ]
  },
  {
    "label_id": "miUCgrw0d28mF4d4GaaTfg",
    "size": [
      0.7603092283488002,
      0.8180348372529171,
      1.7374134793072642
    ],
    "obj_class": "pedestrian",
    "point_num_in_lidar": 138,
    "speed": 1.3710707041561359,
    "if_vehicle": false,
    "motion_state": true,
    "pose": [
      [
        0.99638524242914,
        0.08490161054661663,
        -0.002857480711172615,
        22.634669105413195
      ],
      [
        -0.0849117269667016,
        0.9963818741154602,
        -0.0036276104663061767,
        -9.389168636625982
      ],
      [
        0.002539152015221792,
        0.0038571311558686706,
        0.9999893375663013,
        0.9129416780366526
      ],
      [
        0.0,
        0.0,
        0.0,
        1.0
      ]
    ],
    "location": [
      22.634669105413195,
      -9.389168636625982,
      0.9129416780366526
    ],
    "rotation": [
      0.0038571531541654863,
      -0.002539154743672525,
      -0.08501436977934532
    ]
  },
  {
    "label_id": "oBgkabLveCc0Yw1MvBSHOA",
    "size": [
      0.8283111702754661,
      0.7942693187629959,
      1.8171851638005094
    ],
    "obj_class": "pedestrian",
    "point_num_in_lidar": 61,
    "speed": 1.1692247166622738,
    "if_vehicle": false,
    "motion_state": true,
    "pose": [
      [
        0.9139709528429055,
        -0.4057695554910651,
        -0.002857480711172615,
        28.74381200341304
      ],
      [
        0.4057590680376871,
        0.9139728765928955,
        -0.0036276104663061767,
        -7.761892153248482
      ],
      [
        0.004083633751806941,
        0.002156081884131686,
        0.9999893375663013,
        0.935054558855839
      ],
      [
        0.0,
        0.0,
        0.0,
        1.0
      ]
    ],
    "location": [
      28.74381200341304,
      -7.761892153248482,
      0.935054558855839
    ],
    "rotation": [
      0.0021561015323746167,
      -0.004083645101715501,
      0.417812887662196
    ]
  },
  {
    "label_id": "skG246l1N6X1i6YSA_Q0Og",
    "size": [
      2.589440209350171,
      7.428925470678697,
      2.7960974461957804
    ],
    "obj_class": "vehicle",
    "point_num_in_lidar": 192,
    "speed": 3.5950934718225418e-12,
    "if_vehicle": true,
    "motion_state": false,
    "pose": [
      [
        -0.9976017156949456,
        0.0691567180141318,
        -0.002857480711172615,
        70.65619053889532
      ],
      [
        -0.06914620426078755,
        -0.9975999412984295,
        -0.0036276104663061767,
        11.279047276169877
      ],
      [
        -0.0031014962238106454,
        -0.0034213264801339818,
        0.9999893375663013,
        1.3658018184191576
      ],
      [
        0.0,
        0.0,
        0.0,
        1.0
      ]
    ],
    "location": [
      70.65619053889532,
      11.279047276169877,
      1.3658018184191576
    ],
    "rotation": [
      -0.0034213496104393837,
      0.003101501196191662,
      -3.072390896794283
    ]
  },
  {
    "label_id": "t1ePe__aXYB9-IF7fpKV7w",
    "size": [
      0.7204831567554361,
      0.8499257723597111,
      1.6992111162184642
    ],
    "obj_class": "pedestrian",
    "point_num_in_lidar": 56,
    "speed": 0.7924265344438339,
    "if_vehicle": false,
    "motion_state": false,
    "pose": [
      [
        -0.9693804774069339,
        -0.2455469910756191,
        -0.002857480711172615,
        29.28463259862474
      ],
      [
        0.24555642639372405,
        -0.9693755112953123,
        -0.0036276104663061767,
        11.012253559805686
      ],
      [
        -0.0018792229906135418,
        -0.004218207517598817,
        0.9999893375663013,
        0.8355870692204448
      ],
      [
        0.0,
        0.0,
        0.0,
        1.0
      ]
    ],
    "location": [
      29.28463259862474,
      11.012253559805686,
      0.8355870692204448
    ],
    "rotation": [
      -0.0042182274753281975,
      0.0018792240966880693,
      2.8934985544797294
    ]
  },
  {
    "label_id": "tLLaYUgBVODgrVjxYBagwA",
    "size": [
      0.7770444605792449,
      0.11190182437167095,
      0.7800000000000011
    ],
    "obj_class": "sign",
    "point_num_in_lidar": 61,
    "speed": 0.0036316496353236655,
    "if_vehicle": false,
    "motion_state": false,
    "pose": [
      [
        -0.9948234061007587,
        0.10157866645152451,
        -0.002857480711172615,
        31.741468138330674
