[
  {
    "label_id": "-K1mhaiPD_bfqqGo9XGMqQ",
    "size": [
      0.7507335149642262,
      0.7899949617853979,
      1.7000000000000028
    ],
    "obj_class": "pedestrian",
    "point_num_in_lidar": 204,
    "speed": 1.2862295209328536,
    "if_vehicle": false,
    "motion_state": true,
    "pose": [
      [
        0.9994532449474307,
        0.03269911204964686,
        -0.0048968597300474955,
        22.316602915634576
      ],
      [
        -0.032714902819202446,
        0.9994596652669947,
        -0.0031800374080957483,
        -1.4234615778113948
      ],
      [
        0.004790229387123305,
        0.0033384989967632822,
        0.9999829539181492,
        0.8532416911199974
      ],
      [
        0.0,
        0.0,
        0.0,
        1.0
      ]
    ],
    "location": [
      22.316602915634576,
      -1.4234615778113948,
      0.8532416911199974
    ],
    "rotation": [
      0.003338543502344908,
      -0.004790247706983973,
      -0.03272111678381435
    ]
  },
  {
    "label_id": "-lw-pbHiNJGWsl32vhmuQQ",
    "size": [
      0.6444965489754445,
      0.11856601403023674,
      0.71051850150441
    ],
    "obj_class": "sign",
    "point_num_in_lidar": 26,
    "speed": 0.003368163863319623,
    "if_vehicle": false,
    "motion_state": false,
    "pose": [
      [
        -0.9999384334101417,
        -0.009957417037380813,
        -0.0048968597300474955,
        54.20170902202517
      ],
      [
        0.009973057687127742,
        -0.999945211240322,
        -0.0031800374080957483,
        -1.7141088731223135
      ],
      [
        -0.004864926478509688,
        -0.003228678288610446,
        0.9999829539181492,
        3.1526192044561725
      ],
      [
        0.0,
        0.0,
        0.0,
        1.0
      ]
    ],
    "location": [
      54.20170902202517,
      -1.7141088731223135,
      3.1526192044561725
    ],
    "rotation": [
      -0.0032287221063874052,
      0.004864945668829795,
      3.131619312545404
    ]
  },
  {
    "label_id": "4urEpOJUZhB3OnIJvndwTw",
    "size": [
      0.6442834931347109,
      0.7097897537460085,
      1.3600000000000065
    ],
    "obj_class": "pedestrian",
    "point_num_in_lidar": 86,
    "speed": 0.38100821953530745,
    "if_vehicle": false,
    "motion_state": false,
    "pose": [
      [
        -0.4167182905622897,
        -0.9090224898623948,
        -0.0048968597300474955,
        28.249543447796896
      ],
      [
        0.9090352817808351,
        -0.4167070239865422,
        -0.0031800374080957483,
        -9.625752468564315
      ],
      [
        0.0008501696775751187,
        -0.005776598017170744,
        0.9999829539181492,
        0.9588570523260813
      ],
      [
        0.0,
        0.0,
        0.0,
        1.0
      ]
    ],
    "location": [
      28.249543447796896,
      -9.625752468564315,
      0.9588570523260813
    ],
    "rotation": [
      -0.005776632231949758,
      -0.000850169779990627,
      2.000628712765285
    ]
  },
  {
    "label_id": "5v-HhV-BedTvNkAgrUmSsA",
    "size": [
      2.122837831403962,
      5.033050925192189,
      1.480000000000004
    ],
    "obj_class": "vehicle",
    "point_num_in_lidar": 3773,
    "speed": 0.003062681533696136,
    "if_vehicle": true,
    "motion_state": false,
    "pose": [
      [
        -0.9947505366237017,
        0.10221247796449219,
        -0.0048968597300474955,
        12.479961473429285
      ],
      [
        -0.1021976958133678,
        -0.9947590252581383,
        -0.0031800374080957483,
        7.39975245759706
      ],
      [
        -0.005196234915389125,
        -0.002662896137054567,
        0.9999829539181492,
        0.5917705300014262
      ],
      [
        0.0,
        0.0,
        0.0,
        1.0
      ]
    ],
    "location": [
      12.479961473429285,
      7.39975245759706,
      0.5917705300014262
    ],
    "rotation": [
      -0.0026629352352658497,
      0.005196258299472823,
      -3.0392148310135583
    ]
  },
  {
    "label_id": "9KGiqkmEBgSGNEolhIVz1A",
    "size": [
      0.6676860043854903,
      0.8747499668482639,
      1.6388978100247868
    ],
    "obj_class": "pedestrian",
    "point_num_in_lidar": 102,
    "speed": 0.7709455570117989,
    "if_vehicle": false,
    "motion_state": false,
    "pose": [
      [
        -0.9846891226953005,
        -0.1742508318784845,
        -0.0048968597300474955,
        27.798023901195847
      ],
      [
        0.17426737415602125,
        -0.9846932363263435,
        -0.0031800374080957483,
        11.939057958050398
      ],
      [
        -0.00426778049165123,
        -0.0039847111322817794,
        0.9999829539181492,
        0.7978553638906547
      ],
      [
        0.0,
        0.0,
        0.0,
        1.0
      ]
    ],
    "location": [
      27.798023901195847,
      11.939057958050398,
      0.7978553638906547
    ],
    "rotation": [
      -0.003984757966628895,
      0.0042677934472810635,
      2.966429333166146
    ]
  },
  {
    "label_id": "Abp2wF28Amdp-8SvcS3E1g",
    "size": [
      2.196294568930239,
      4.401772619467235,
      1.7100000000000009
    ],
    "obj_class": "vehicle",
    "point_num_in_lidar": 2716,
    "speed": 1.6061727871029259,
    "if_vehicle": true,
    "motion_state": true,
    "pose": [
      [
        0.9620461300609753,
        -0.27284292990562425,
        -0.0048968597300474955,
        17.05579011093505
      ],
      [
        0.2728298400816384,
        0.9620570491000575,
        -0.0031800374080957483,
        0.6315804377372842
      ],
      [
        0.005578709145380729,
        0.0017233332248565757,
        0.9999829539181492,
        0.9041012303894149
      ],
      [
        0.0,
        0.0,
        0.0,
        1.0
      ]
    ],
    "location": [
      17.05579011093505,
      0.6315804377372842,
      0.9041012303894149
    ],
    "rotation": [
      0.0017233608953228644,
      -0.005578738082546359,
      0.27633765414521533
    ]
  },
  {
    "label_id": "C4NxoX3efnXfwLAduEGZxw",
    "size": [
      2.002831474961663,
      4.45394267847577,
      1.5900000000000034
    ],
    "obj_class": "vehicle",
    "point_num_in_lidar": 1909,
    "speed": 1.887975463202539e-27,
    "if_vehicle": true,
    "motion_state": false,
    "pose": [
      [
        0.5637891173320728,
        0.8259042631823054,
        -0.0048968597300474955,
        16.627299012507137
      ],
      [
        -0.8259187690863385,
        0.5637801648098225,
        -0.0031800374080957483,
        -4.547454089857638
      ],
      [
        0.00013434593323127282,
        0.0058372788440225615,
        0.9999829539181492,
        0.6528784552083167
      ],
      [
        0.0,
        0.0,
        0.0,
        1.0
      ]
    ],
    "location": [
      16.627299012507137,
      -4.547454089857638,
      0.6528784552083167
    ],
    "rotation": [
      0.005837312046945412,
      -0.00013434593363540398,
      -0.9718299057558925
    ]
  },
  {
    "label_id": "DV-QVxiC5bGWoAdie1BT7w",
    "size": [
      2.1232088259611106,
      4.640056433527341,
      1.5305185015044103
    ],
    "obj_class": "vehicle",
    "point_num_in_lidar": 154,
    "speed": 4.1864400757848115,
    "if_vehicle": true,
    "motion_state": true,
    "pose": [
      [
        0.9974166395890306,
        -0.07166636474462992,
        -0.0048968597300474955,
        44.02191756037064
      ],
      [
        0.0716513292894629,
        0.9974246710269081,
        -0.0031800374080957483,
        2.1065949532130617
      ],
      [
        0.005112150426097695,
        0.0028209557163483283,
        0.9999829539181492,
        0.8051184020299402
      ],
      [
        0.0,
        0.0,
        0.0,
        1.0
      ]
    ],
    "location": [
      44.02191756037064,
      2.1065949532130617,
      0.8051184020299402
    ],
    "rotation": [
      0.002820996320204306,
      -0.005112172693252619,
      0.071713718679675
    ]
  },
  {
    "label_id": "Djbr-wq3c_Wu_emcmW1Dog",
    "size": [
      2.459956087835262,
      5.612823795445765,
      2.270518501504405
    ],
    "obj_class": "vehicle",
    "point_num_in_lidar": 13973,
    "speed": 6.36978934841727e-27,
    "if_vehicle": true,
    "motion_state": false,
    "pose": [
      [
        0.6979101062083395,
        0.7161686284786906,
        -0.0048968597300474955,
        6.414921689996845
      ],
      [
        -0.716184462159055,
        0.6979037924556852,
        -0.0031800374080957483,
        -4.570807764146593
      ],
      [
        0.0011400939476568083,
        0.0057264350972629965,
        0.9999829539181492,
        0.9689850981441381
      ],
      [
        0.0,
        0.0,
        0.0,
        1.0
      ]
    ],
    "location": [
      6.414921689996845,
      -4.570807764146593,
      0.9689850981441381
    ],
    "rotation": [
      0.005726470116373196,
      -0.001140094194642005,
      -0.7983204524463362
    ]
  },
  {
    "label_id": "EB8EchWMY1Oagsjrk4KwsA",
    "size": [
      2.2039397856438385,
      4.8606414627357974,
      1.6200000000000045
    ],
    "obj_class": "vehicle",
    "point_num_in_lidar": 36,
    "speed": 1.8016514516780636e-27,
    "if_vehicle": true,
    "motion_state": false,
    "pose": [
      [
        0.6763829317902075,
        0.736533875899587,
        -0.0048968597300474955,
        68.75947913957498
      ],
      [
        -0.7365495155452786,
        0.6763761516435204,
        -0.0031800374080957483,
        -2.6366225702295196
      ],
      [
        0.0009699138616572152,
        0.005757702687150002,
        0.9999829539181492,
        0.8066471474136989
      ],
      [
        0.0,
        0.0,
        0.0,
        1.0
      ]
    ],
    "location": [
      68.75947913957498,
      -2.6366225702295196,
      0.8066471474136989
    ],
    "rotation": [
      0.005757737208303096,
      -0.0009699140137289261,
      -0.8279552274957297
    ]
  },
  {
    "label_id": "G96MfK6U70_2CEKJH1g1gA",
    "size": [
      2.0507676477421533,
      4.751621205894719,
      1.783059185505671
    ],
    "obj_class": "vehicle",
    "point_num_in_lidar": 4640,
    "speed": 4.5041212429956916e-27,
    "if_vehicle": true,
    "motion_state": false,
    "pose": [
      [
        -0.9991444995824205,
        0.041064458099177206,
        -0.0048968597300474955,
        6.1541660873554065
      ],
      [
        -0.04104918356398878,
        -0.9991520664497536,
        -0.0031800374080957483,
        6.997459129321214
      ],
      [
        -0.005023294031290103,
        -0.0029763047908193795,
        0.9999829539181492,
        0.7008460770867444
      ],
      [
        0.0,
        0.0,
        0.0,
        1.0
      ]
    ],
    "location": [
      6.1541660873554065,
      6.997459129321214,
      0.7008460770867444
    ],
    "rotation": [
      -0.0029763467371934963,
      0.005023315157397353,
      -3.1005314147001903
    ]
  },
  {
    "label_id": "H1UceUMUw7amJjkZPWl6qg",
    "size": [
      0.6970462820094444,
      0.7653631564612301,
      1.6941567563163105
    ],
    "obj_class": "pedestrian",
    "point_num_in_lidar": 21,
    "speed": 1.2953831162806453,
    "if_vehicle": false,
    "motion_state": true,
    "pose": [
      [
        -0.9996253253975428,
        0.026930087052238715,
        -0.0048968597300474955,
        35.93611597370909
      ],
      [
        -0.026914707031244264,
        -0.9996326754901048,
        -0.0031800374080957483,
        -6.57880241129169
      ],
      [
        -0.004980699677676524,
        -0.0030470483838367446,
        0.9999829539181492,
        0.9701785691955038
      ],
      [
        0.0,
        0.0,
        0.0,
        1.0
      ]
    ],
    "location": [
      35.93611597370909,
      -6.57880241129169,
      0.9701785691955038
    ],
    "rotation": [
      -0.003047090894417752,
      0.004980720270915776,
      -3.114674362021258
    ]
  },
  {
    "label_id": "ImNXxSqrOhGjnDuh8WZ_rw",
    "size": [
      0.7006499850047646,
      0.8057173953675747,
      1.5600000000000023
    ],
    "obj_class": "pedestrian",
    "point_num_in_lidar": 49,
    "speed": 1.0979242802206497,
    "if_vehicle": false,
    "motion_state": true,
    "pose": [
      [
        -0.9998488570022203,
        -0.016681843907015926,
        -0.0048968597300474955,
        48.86517948311666
      ],
      [
        0.016697529784428674,
        -0.9998555294947271,
        -0.0031800374080957483,
        -5.916713339713169
      ],
      [
        -0.004843103390587721,
        -0.0032613222289014743,
        0.9999829539181492,
        0.8556711139386408
      ],
      [
        0.0,
        0.0,
        0.0,
        1.0
      ]
    ],
    "location": [
      48.86517948311666,
      -5.916713339713169,
      0.8556711139386408
    ],
    "rotation": [
      -0.003261366259380777,
      0.004843122323810935,
      3.124894151952115
    ]
  },
  {
    "label_id": "J8-j5tMTE7dijlXHKvNmRw",
    "size": [
      1.8686382631255252,
      4.258107369427481,
      1.7700000000000031
    ],
    "obj_class": "vehicle",
    "point_num_in_lidar": 99,
    "speed": 1.990472976856683e-27,
    "if_vehicle": true,
    "motion_state": false,
    "pose": [
      [
        0.08394492105133995,
        0.9964583639041166,
        -0.0048968597300474955,
        38.59394028606039
      ],
      [
        -0.9964665799066468,
        0.08392998565014399,
        -0.0031800374080957483,
        -13.496263904504303
      ],
      [
        -0.0027577815059513225,
        0.005146505056645919,
        0.9999829539181492,
        1.030313310576318
      ],
      [
        0.0,
        0.0,
        0.0,
        1.0
      ]
    ],
    "location": [
      38.59394028606039,
      -13.496263904504303,
      1.030313310576318
    ],
    "rotation": [
      0.005146547346626335,
      0.002757785001616276,
      -1.4867521816369245
    ]
  },
  {
    "label_id": "LVurOGR3dPZTYlctUjwF1w",
    "size": [
      0.8553806403957733,
      0.9205835426103812,
      1.5600000000000023
    ],
    "obj_class": "pedestrian",
    "point_num_in_lidar": 44,
    "speed": 0.8549992618429201,
    "if_vehicle": false,
    "motion_state": false,
    "pose": [
      [
        0.9725965372267109,
        -0.23244783616845197,
        -0.0048968597300474955,
        30.78617741092603
      ],
      [
        0.2324343019754103,
        0.9726069003596914,
        -0.0031800374080957483,
        13.378827160442597
      ],
      [
        0.005501912377984279,
        0.001954695198140244,
        0.9999829539181492,
        0.7860388356081742
      ],
      [
        0.0,
        0.0,
        0.0,
        1.0
      ]
    ],
    "location": [
      30.78617741092603,
      13.378827160442597,
      0.7860388356081742
    ],
    "rotation": [
      0.001954726028959449,
      -0.005501940136463848,
      0.23458340434433347
    ]
  },
  {
    "label_id": "NeWx86gkt3mp026gu2eoxA",
    "size": [
      0.5823260342821748,
      0.5392474862904848,
      1.6000000000000014
    ],
    "obj_class": "pedestrian",
    "point_num_in_lidar": 105,
    "speed": 2.5479199176322925e-27,
    "if_vehicle": false,
    "motion_state": false,
    "pose": [
      [
        -0.13081991126622164,
        0.9913940546427956,
        -0.0048968597300474955,
        8.587480792353745
      ],
      [
        -0.9913988910923498,
        -0.1308362568363301,
        -0.0031800374080957483,
        -9.51950745506474
      ],
      [
        -0.0037933569772597864,
        0.004438729094653519,
        0.9999829539181492,
        0.8090177420488374
      ],
      [
        0.0,
        0.0,
        0.0,
        1.0
      ]
    ],
    "location": [
      8.587480792353745,
      -9.51950745506474,
      0.8090177420488374
    ],
    "rotation": [
      0.004438775606655553,
      0.0037933660747732027,
      -1.7019932294020126
    ]
  },
  {
    "label_id": "No68zCO6os9hco-_ap9yaQ",
    "size": [
      0.7484054906059392,
      0.7235802196100946,
      1.7700000000000031
    ],
    "obj_class": "pedestrian",
    "point_num_in_lidar": 40,
    "speed": 4.5041302399976564e-27,
    "if_vehicle": false,
    "motion_state": false,
    "pose": [
      [
        -0.9622573311722109,
        0.27209713223427867,
        -0.0048968597300474955,
        48.35270982417569
      ],
      [
        -0.272084033950495,
        -0.9622682400616311,
        -0.0031800374080957483,
        19.904892758910137
      ],
      [
        -0.005577371653402058,
        -0.001727656960300955,
        0.9999829539181492,
        0.5708576066504776
      ],
      [
        0.0,
        0.0,
        0.0,
        1.0
      ]
    ],
    "location": [
      48.35270982417569,
      19.904892758910137,
      0.5708576066504776
    ],
    "rotation": [
      -0.0017276846915974201,
      0.005577400569759482,
      -2.866030145508155
    ]
  },
  {
    "label_id": "OpmBDWgrhvbDWXPsj-xPxA",
    "size": [
      0.7026515170164889,
      0.7358840794624211,
      1.68310318244977
    ],
    "obj_class": "pedestrian",
    "point_num_in_lidar": 41,
    "speed": 4.5041212429956916e-27,
    "if_vehicle": false,
    "motion_state": false,
    "pose": [
      [
        -0.9918174729337704,
        0.12757006368287974,
        -0.0048968597300474955,
        49.32563542090065
      ],
      [
        -0.12755550301934315,
        -0.9918263361151313,
        -0.0031800374080957483,
        18.73337872508273
      ],
      [
        -0.005262512019187453,
        -0.002529395259851009,
        0.9999829539181492,
        0.6014895944063383
      ],
      [
        0.0,
        0.0,
        0.0,
        1.0
      ]
    ],
    "location": [
      49.32563542090065,
      18.73337872508273,
      0.6014895944063383
    ],
    "rotation": [
      -0.002529432982387088,
      0.005262536309520205,
      -3.0136869157315367
    ]
  },
  {
    "label_id": "SV4MhXW_fLKMUyYTomC7iA",
    "size": [
      1.874500581453206,
      4.026761972188614,
      1.730518501504406
    ],
    "obj_class": "vehicle",
    "point_num_in_lidar": 529,
    "speed": 4.5041212429956916e-27,
    "if_vehicle": true,
    "motion_state": false,
    "pose": [
      [
        0.5357833241417095,
        0.8443413115183009,
        -0.0048968597300474955,
        23.06776964799792
      ],
      [
        -0.8443555091300929,
        0.5357738903341078,
        -0.0031800374080957483,
        -3.943883484302205
      ],
      [
        -6.142736784084637e-05,
        0.005838501503907428,
        0.9999829539181492,
        0.8526192044560688
      ],
      [
        0.0,
        0.0,
        0.0,
        1.0
      ]
    ],
    "location": [
      23.06776964799792,
      -3.943883484302205,
      0.8526192044560688
    ],
    "rotation": [
      0.005838534686002058,
      6.142736787947724e-05,
      -1.005361132837747
    ]
  },
  {
    "label_id": "TBaMlPrcbb0tVmgFVZHKcA",
    "size": [
      0.8401860487472415,
      0.11186696262676982,
      0.8605185015044086
    ],
    "obj_class": "sign",
    "point_num_in_lidar": 36,
    "speed": 0.0030017805800566667,
    "if_vehicle": false,
    "motion_state": false,
    "pose": [
      [
        0.9990057751962347,
        0.04431119372522774,
        -0.0048968597300474955,
        53.85168232050637
      ],
      [
        -0.044327058036802786,
        0.9990120115833868,
        -0.0031800374080957483,
        10.270866075494268
      ],
      [
        0.004751110435712827,
        0.0033939391214796158,
        0.9999829539181492,
        2.8876192044561435
      ],
      [
        0.0,
        0.0,
        0.0,
        1.0
      ]
    ],
    "location": [
      53.85168232050637,
      10.270866075494268,
      2.8876192044561435
    ],
    "rotation": [
      0.0033939839438591126,
      -0.004751128310403595,
      -0.04434208797092679
    ]
  },
  {
    "label_id": "TiwGEAy4OhFR6psj6jKEAg",
    "size": [
      0.8028476085646502,
      0.06722167331857697,
      0.8100000000000023
    ],
    "obj_class": "sign",
    "point_num_in_lidar": 24,
    "speed": 0.0011793449001318089,
    "if_vehicle": false,
    "motion_state": false,
    "pose": [
      [
        -0.05693037022413929,
        -0.9983661421096606,
        -0.0048968597300474955,
        37.106962510661106
      ],
      [
        0.9983739506534284,
        -0.05691521781341736,
        -0.0031800374080957483,
        14.837268313145614
      ],
      [
        0.0028961358407475508,
        -0.0050699379014527025,
        0.9999829539181492,
        3.086573174844631
      ],
      [
        0.0,
        0.0,
        0.0,
        1.0
      ]
    ],
    "location": [
      37.106962510661106,
      14.837268313145614,
      3.086573174844631
    ],
    "rotation": [
      -0.005069980884266049,
      -0.002896139889369017,
      1.6277577336262785
    ]
  },
  {
    "label_id": "V7YN8qOnLzj6EqMtbCjrbw",
    "size": [
      2.361603872962683,
      4.897855298287807,
      1.8405185015044054
    ],
    "obj_class": "vehicle",
    "point_num_in_lidar": 4248,
    "speed": 9.008242485991383e-27,
    "if_vehicle": true,
    "motion_state": false,
    "pose": [
      [
        0.6910072177820752,
        0.7228312705866149,
        -0.0048968597300474955,
        2.9910673179329024
      ],
      [
        -0.7228470429654896,
        0.6910007524150249,
        -0.0031800374080957483,
        -4.770993855840061
      ],
      [
        0.0010851032777268398,
        0.0057371093774927825,
        0.9999829539181492,
        0.8476192044561444
      ],
      [
        0.0,
        0.0,
        0.0,
        1.0
      ]
    ],
    "location": [
      2.9910673179329024,
      -4.770993855840061,
      0.8476192044561444
    ],
    "rotation": [
      0.005737144227869822,
      -0.0010851034906692698,
      -0.8079142354114931
    ]
  },
  {
    "label_id": "Xhv1ib3Sd4Npw2uCm8OIgA",
    "size": [
      0.7032178819206116,
      0.8587069967628569,
      1.7415277018557802
    ],
    "obj_class": "pedestrian",
    "point_num_in_lidar": 40,
    "speed": 4.028615117713328e-27,
    "if_vehicle": false,
    "motion_state": false,
    "pose": [
      [
        -0.8369766729908239,
        -0.5472166569412847,
        -0.0048968597300474955,
        53.211718748490966
      ],
      [
        0.5472334848475513,
        -0.8369739544476207,
        -0.0031800374080957483,
        -2.723405725089833
      ],
      [
        -0.0023583746132267774,
        -0.005341342744697873,
        0.9999829539181492,
        0.9170612334797426
      ],
      [
        0.0,
        0.0,
        0.0,
        1.0
      ]
    ],
    "location": [
      53.211718748490966,
      -2.723405725089833,
      0.9170612334797426
    ],
    "rotation": [
      -0.005341382997420619,
      0.002358376799418322,
      2.5625355368291216
    ]
  },
  {
    "label_id": "XsywigB-Q40d0u9u21SmQg",
    "size": [
      0.7289434170471325,
      0.9162428550820471,
      1.9424134016137273
    ],
    "obj_class": "pedestrian",
    "point_num_in_lidar": 58,
    "speed": 1.5088320781834372,
    "if_vehicle": false,
    "motion_state": true,
    "pose": [
      [
        0.9940523786963379,
        0.10879287280395149,
        -0.0048968597300474955,
        50.96937787147908
      ],
      [
        -0.10880910705050083,
        0.9940575765945128,
        -0.0031800374080957483,
        -5.2659114097987185
      ],
      [
        0.004521795110923505,
        0.00369394668443894,
        0.9999829539181492,
        1.0313776320179926
      ],
      [
        0.0,
        0.0,
        0.0,
        1.0
      ]
    ],
    "location": [
      50.96937787147908,
      -5.2659114097987185,
      1.0313776320179926
    ],
    "rotation": [
      0.0036939928505092265,
      -0.004521810520311321,
      -0.10902608427897374
    ]
  },
  {
    "label_id": "aphnxehbBGUVAa3NaGJV7A",
    "size": [
      2.0433480586140034,
      4.555124657205895,
      1.5400000000000063
    ],
    "obj_class": "vehicle",
    "point_num_in_lidar": 304,
    "speed": 7.025037227628595,
    "if_vehicle": true,
    "motion_state": true,
    "pose": [
      [
        -0.9984244136983799,
        0.05589911355138708,
        -0.0048968597300474955,
        37.696922289425856
      ],
      [
        -0.0558839530831946,
        -0.998432206586846,
        -0.0031800374080957483,
        6.0349771709152265
      ],
      [
        -0.005066943737790391,
        -0.0029013711053079536,
        0.9999829539181492,
        0.7704053275413614
      ],
      [
        0.0,
        0.0,
        0.0,
        1.0
      ]
    ],
    "location": [
      37.696922289425856,
      6.0349771709152265,
      0.7704053275413614
    ],
    "rotation": [
      -0.0029014124215820235,
      0.005066965419424603,
      -3.0856788532864727
    ]
  },
  {
    "label_id": "c3SCJxumyZ0SBk4CZmOJ6g",
    "size": [
      0.9673409614669701,
      1.0650027170117071,
      1.9586854736991413
    ],
    "obj_class": "pedestrian",
    "point_num_in_lidar": 95,
    "speed": 1.263546352571723,
    "if_vehicle": false,
    "motion_state": true,
    "pose": [
      [
        0.9977858962001819,
        -0.06632741596643194,
        -0.0048968597300474955,
        42.24445525866031
      ],
      [
        0.06631233774435197,
        0.9977938470570772,
        -0.0031800374080957483,
        12.96825009159511
      ],
      [
        0.005096980172498552,
        0.002848274258881294,
        0.9999829539181492,
        0.9660448148659313
      ],
      [
        0.0,
        0.0,
        0.0,
        1.0
      ]
    ],
    "location": [
      42.24445525866031,
      12.96825009159511,
      0.9660448148659313
    ],
    "rotation": [
      0.002848315108902521,
      -0.005097002242006953,
      0.0663618969492954
    ]
  },
  {
    "label_id": "cEBTjT2GdLcTLHmXu-PHfw",
    "size": [
      0.8625872603794071,
      0.8538088650045665,
      1.7592707532064438
    ],
    "obj_class": "pedestrian",
    "point_num_in_lidar": 78,
    "speed": 0.3394150850416021,
    "if_vehicle": false,
    "motion_state": false,
    "pose": [
      [
        -0.09458579522582508,
        0.9955046700574954,
        -0.0048968597300474955,
        8.490216948950547
      ],
      [
        -0.9955100992655882,
        -0.09460195358607437,
        -0.0031800374080957483,
        -10.279003768606344
      ],
      [
        -0.0036289945876163206,
        0.004574086948856636,
        0.9999829539181492,
        0.9027184717931149
      ],
      [
        0.0,
        0.0,
        0.0,
        1.0
      ]
    ],
    "location": [
      8.490216948950547,
      -10.279003768606344,
      0.9027184717931149
    ],
    "rotation": [
      0.004574133019119173,
      0.003629002553065752,
      -1.6655243533685276
    ]
  },
  {
    "label_id": "d5Xz_Y5bEfbj7EAZ-5qxtA",
    "size": [
      2.046826284660474,
      4.409145640338879,
      1.7941632412429342
    ],
    "obj_class": "vehicle",
    "point_num_in_lidar": 145,
    "speed": 1.8016525255463952e-27,
    "if_vehicle": true,
    "motion_state": false,
    "pose": [
      [
        -0.0929801506410447,
        -0.995655920663134,
        -0.0048968597300474955,
        44.561563257244416
      ],
      [
        0.9956642718038189,
        -0.09296529038008731,
        -0.0031800374080957483,
        -12.209287208905153
      ],
      [
        0.0027109850865463573,
        -0.005171308634492085,
        0.9999829539181492,
        1.0688493393897645
      ],
      [
        0.0,
        0.0,
        0.0,
        1.0
      ]
    ],
    "location": [
      44.561563257244416,
      -12.209287208905153,
      1.0688493393897645
    ],
    "rotation": [
      -0.005171350687135712,
      -0.0027109884072611086,
      1.6639113181879612
    ]
  },
  {
    "label_id": "fNy8PC-BmuP16FOJ9FFzIw",
    "size": [
      2.147659443377429,
      5.107156534927326,
      1.980000000000004
    ],
    "obj_class": "vehicle",
    "point_num_in_lidar": 5665,
    "speed": 1.074921431201009e-26,
    "if_vehicle": true,
    "motion_state": false,
    "pose": [
      [
        0.7587918522561083,
        0.6513147823552975,
        -0.0048968597300474955,
        9.76932568941993
      ],
      [
        -0.6513311144685032,
        0.7587869705571522,
        -0.0031800374080957483,
        -4.6730783365128445
      ],
      [
        0.0016444679874704664,
        0.005602463580500456,
        0.9999829539181492,
        0.8495289039751839
      ],
      [
        0.0,
        0.0,
        0.0,
        1.0
      ]
    ],
    "location": [
      9.76932568941993,
      -4.6730783365128445,
      0.8495289039751839
    ],
    "rotation": [
      0.00560250046432894,
      -0.001644468728653636,
      -0.7093385304401716
    ]
  },
  {
    "label_id": "gLdCcd_k3Lp-3dE0ol5ezA",
    "size": [
      2.1350699741361345,
      4.396070169772625,
      1.8305185015044074
    ],
    "obj_class": "vehicle",
    "point_num_in_lidar": 1440,
    "speed": 6.36978934841727e-27,
    "if_vehicle": true,
    "motion_state": false,
    "pose": [
      [
        0.6805977893031708,
        0.7326408874478827,
        -0.0048968597300474955,
        19.920081230251526
      ],
      [
        -0.7326565657384072,
        0.6805910990032753,
        -0.0031800374080957483,
        -3.9800986740301596
      ],
      [
        0.0010029337165531733,
        0.0057520428625706535,
        0.9999829539181492,
        0.8926192044561319
      ],
      [
        0.0,
        0.0,
        0.0,
        1.0
      ]
    ],
    "location": [
      19.920081230251526,
      -3.9800986740301596,
      0.8926192044561319
    ],
    "rotation": [
      0.005752077474692907,
      -0.001002933884691082,
      -0.8222176143678522
    ]
  },
  {
    "label_id": "l-XnejT-kWgZdox4WXTk1Q",
    "size": [
      2.002831474961663,
      4.45394267847577,
      1.5900000000000034
    ],
    "obj_class": "vehicle",
    "point_num_in_lidar": 3633,
    "speed": 4.5041212429956916e-27,
    "if_vehicle": true,
    "motion_state": false,
    "pose": [
      [
        0.5637891173320728,
        0.8259042631823054,
        -0.0048968597300474955,
        13.06634759013832
      ],
      [
        -0.8259187690863385,
        0.5637801648098225,
        -0.0031800374080957483,
        -4.414321990865574
      ],
      [
        0.00013434593323127282,
        0.0058372788440225615,
        0.9999829539181492,
        0.6428784552082973
      ],
      [
        0.0,
        0.0,
        0.0,
        1.0
      ]
    ],
    "location": [
      13.06634759013832,
      -4.414321990865574,
      0.6428784552082973
    ],
    "rotation": [
      0.005837312046945412,
      -0.00013434593363540398,
      -0.9718299057558925
    ]
  },
  {
    "label_id": "lZyBbVEUGKHI86ep9kmLgw",
    "size": [
      0.8723086256036787,
      0.6996606541566454,
      1.9082143842119805
    ],
    "obj_class": "pedestrian",
    "point_num_in_lidar": 56,
    "speed": 2.25206058426339e-27,
    "if_vehicle": false,
    "motion_state": false,
    "pose": [
      [
        -0.9463466879858333,
        0.32311602699808695,
        -0.0048968597300474955,
        48.472142243736016
      ],
      [
        -0.3231035302142207,
        -0.9463582810570167,
        -0.0031800374080957483,
        21.508069284413068
      ],
      [
        -0.005661704809714267,
        -0.0014272252030802634,
        0.9999829539181492,
        0.607843421872218
      ],
      [
        0.0,
        0.0,
        0.0,
        1.0
      ]
    ],
    "location": [
      48.472142243736016,
      21.508069284413068,
      0.607843421872218
    ],
    "rotation": [
      -0.0014272485629717474,
      0.005661735057715447,
      -2.812580095336784
    ]
  },
  {
    "label_id": "miUCgrw0d28mF4d4GaaTfg",
    "size": [
      0.7603092283554491,
      0.8180348372529171,
      1.7374134793072642
    ],
    "obj_class": "pedestrian",
    "point_num_in_lidar": 113,
    "speed": 1.3531073419743027,
    "if_vehicle": false,
    "motion_state": true,
    "pose": [
      [
        0.9850885056075908,
        -0.17197865240950105,
        -0.0048968597300474955,
        25.583154400832427
      ],
      [
        0.17196450443222236,
        0.985098013690751,
        -0.0031800374080957483,
        -9.107112270314246
      ],
      [
        0.005370785341448124,
        0.002290532241365553,
        0.9999829539181492,
        0.9494892876514456
      ],
      [
        0.0,
        0.0,
        0.0,
        1.0
      ]
    ],
    "location": [
      25.583154400832427,
      -9.107112270314246,
      0.9494892876514456
    ],
    "rotation": [
      0.002290567280650836,
      -0.005370811162133851,
      0.17282605312117216
    ]
  },
  {
    "label_id": "oBgkabLveCc0Yw1MvBSHOA",
    "size": [
      0.8283111702810758,
      0.7942693187629959,
      1.8171851638005094
    ],
    "obj_class": "pedestrian",
    "point_num_in_lidar": 42,
    "speed": 0.9549620113758973,
    "if_vehicle": false,
    "motion_state": false,
    "pose": [
      [
        0.900518462223142,
        -0.4347902022355745,
        -0.0048968597300474955,
        30.72863040948141
      ],
      [
        0.43477919338773713,
        0.9005314766065602,
        -0.0031800374080957483,
        -6.582671157884761
      ],
      [
        0.005792425431217515,
        0.0007346296729875074,
        0.9999829539181492,
        0.8950539866624752
      ],
      [
        0.0,
        0.0,
        0.0,
        1.0
      ]
    ],
    "location": [
      30.72863040948141,
      -6.582671157884761,
      0.8950539866624752
    ],
    "rotation": [
      0.0007346420635966259,
      -0.005792457823135319,
      0.4498011676143401
    ]
  },
  {
    "label_id": "skG246l1N6X1i6YSA_Q0Og",
    "size": [
      2.5894402093501707,
      7.428925470678697,
      2.7960974461957804
    ],
    "obj_class": "vehicle",
    "point_num_in_lidar": 163,
    "speed": 4.5041212429956916e-27,
    "if_vehicle": true,
    "motion_state": false,
    "pose": [
      [
        -0.9975938275430322,
        0.06915617118397765,
        -0.0048968597300474955,
        70.65619053888804
      ],
      [
        -0.06914111556556446,
        -0.9976018211192441,
        -0.0031800374080957483,
        11.279047276169877
      ],
      [
        -0.0051050353958265945,
        -0.0028338113451686882,
        0.9999829539181492,
        1.3658018184191079
      ],
      [
        0.0,
        0.0,
        0.0,
        1.0
      ]
    ],
    "location": [
      70.65619053888804,
      11.279047276169877,
      1.3658018184191079
    ],
    "rotation": [
      -0.0028338520653927394,
      0.005105057570136648,
      -3.0723954279304415
    ]
  },
  {
    "label_id": "t1ePe__aXYB9-IF7fpKV7w",
    "size": [
      0.7204831567487037,
      0.8499257723597111,
      1.6992111162184642
    ],
    "obj_class": "pedestrian",
    "point_num_in_lidar": 110,
    "speed": 0.767747350518828,
    "if_vehicle": false,
    "motion_state": false,
    "pose": [
      [
        -0.99610019055076,
        -0.08809330933461314,
        -0.0048968597300474955,
        27.738686720025726
      ],
      [
        0.0881094319541675,
        -0.9961057249924814,
        -0.0031800374080957483,
        11.330788852872502
      ],
      [
        -0.004597649992498427,
        -0.003599095397336443,
        0.9999829539181492,
        0.8672541988196869
      ],
      [
        0.0,
        0.0,
        0.0,
        1.0
      ]
    ],
    "location": [
      27.738686720025726,
      11.330788852872502,
      0.8672541988196869
    ],
    "rotation": [
      -0.0035991412079037425,
      0.004597666190468794,
      3.0533678837087312
    ]
  },
  {
    "label_id": "tLLaYUgBVODgrVjxYBagwA",
    "size": [
      0.7770444605792447,
      0.11190182437167095,
      0.7800000000000011
    ],
    "obj_class": "sign",
    "point_num_in_lidar": 72,
    "speed": 0.0036316496654564927,
    "if_vehicle": false,
    "motion_state": false,
    "pose": [
      [
        -0.9948155399172599,
        0.10157786325728224,
        -0.0048968597300474955,
        31.733842083944182
      ],
      [
        -0.10156307569390287,
        -0.9948240191198028,
        -0.0031800374080957483,
        -1.974842246301705
      ],
      [
        -0.005194535082704354,
        -0.002666210495666617,
        0.9999829539181492,
        3.080024996746289
      ],
      [
        0.0,
        0.0,
        0.0,
        1.0
      ]
    ],
    "location": [
      31.733842083944182,
      -1.974842246301705,
      3.080024996746289
    ],
    "rotation": [
      -0.0026662496268432217,
      0.005194558443846624,
      -3.039852780167581
    ]
  },
  {
    "label_id": "wOGx5X0K6-hTBLG0YuoOrg",
    "size": [
      0.6970462820210144,
      0.7653631564612301,
      1.6095046227288208
    ],
    "obj_class": "pedestrian",
    "point_num_in_lidar": 20,
    "speed": 1.282659467636064,
    "if_vehicle": false,
    "motion_state": true,
    "pose": [
      [
        -0.9995462426936511,
        0.02972085937164467,
        -0.0048968597300474955,
        36.04220144269493
      ],
      [
        -0.029705499931487682,
        -0.9995536356974063,
        -0.0031800374080957483,
        -7.269785885589954
      ],
      [
        -0.004989187391271777,
        -0.0030331307765119313,
        0.9999829539181492,
        0.8598942949524826
      ],
      [
        0.0,
        0.0,
        0.0,
        1.0
      ]
    ],
    "location": [
      36.04220144269493,
      -7.269785885589954,
      0.8598942949524826
    ],
    "rotation": [
      -0.003033173178482375,
      0.004989208089971427,
      -3.11188241326629
    ]
  },
  {
    "label_id": "xIxcoz1j0U_6hXRNQfDsRQ",
    "size": [
      0.9653010212548643,
      0.8650115127405233,
      1.82986422652791
    ],
    "obj_class": "pedestrian",
    "point_num_in_lidar": 152,
    "speed": 1.183383527767713,
    "if_vehicle": false,
    "motion_state": true,
    "pose": [
      [
        0.9983452201866346,
        -0.05729609144858437,
        -0.0048968597300474955,
        19.265416326648847
      ],
      [
        0.057280941899332694,
        0.9983530342805637,
        -0.0031800374080957483,
        -7.712160760209372
      ],
      [
        0.0050709984840833925,
        0.002894278408701052,
        0.9999829539181492,
        0.8816898558303521
      ],
      [
        0.0,
        0.0,
        0.0,
        1.0
      ]
    ],
    "location": [
      19.265416326648847,
      -7.712160760209372,
      0.8816898558303521
    ],
    "rotation": [
      0.002894319663633077,
      -0.0050710202178108855,
      0.05731305009908298
    ]
  },
  {
    "label_id": "y_AYZqAudv3jy1UANNLofA",
    "size": [
      0.37027632346143824,
      0.09389329663093805,
      0.6300000000000026
    ],
    "obj_class": "sign",
    "point_num_in_lidar": 61,
    "speed": 0.0021986360868192583,
    "if_vehicle": false,
    "motion_state": false,
    "pose": [
      [
        0.9999880103105159,
        8.09928271583948e-15,
        -0.0048968597300474955,
        16.235459546616767
      ],
      [
        -1.5572383839882323e-05,
        0.9999949435470081,
        -0.0031800374080957483,
        9.249315999280952
      ],
      [
        0.004896834969306436,
        0.003180075536214004,
        0.9999829539181492,
        2.695535905282334
      ],
      [
        0.0,
        0.0,
        0.0,
        1.0
      ]
    ],
    "location": [
      16.235459546616767,
      9.249315999280952,
      2.695535905282334
    ],
    "rotation": [
      0.0031801190245748967,
      -0.0048968545397126235,
      -1.557257054890888e-05
    ]
  },
  {
    "label_id": "z6sao-55egyeGxRCNJlRDg",
    "size": [
      0.7228461181906848,
      0.9091300830913079,
      1.5800000000000054
    ],
    "obj_class": "pedestrian",
    "point_num_in_lidar": 52,
    "speed": 1.0006866392014124,
    "if_vehicle": false,
    "motion_state": true,
    "pose": [
      [
        -0.9956411710560634,
