[
  {
    "label_id": "-K1mhaiPD_bfqqGo9XGMqQ",
    "size": [
      0.7507335149697852,
      0.7899949617853979,
      1.7000000000000028
    ],
    "obj_class": "pedestrian",
    "point_num_in_lidar": 487,
    "speed": 0.12031585399544593,
    "if_vehicle": false,
    "motion_state": false,
    "pose": [
      [
        0.9296718584107022,
        -0.36837809151830603,
        -0.002795955743885144,
        14.470696119125932
      ],
      [
        0.3683698985595243,
        0.9296743136242663,
        -0.0030476913385207713,
        -1.226738912249857
      ],
      [
        0.0037220309559414,
        0.001803406936792916,
        0.9999914470679153,
        0.8499084836301023
      ],
      [
        0.0,
        0.0,
        0.0,
        1.0
      ]
    ],
    "location": [
      14.470696119125932,
      -1.226738912249857,
      0.8499084836301023
    ],
    "rotation": [
      0.001803420406236161,
      -0.0037220395498632395,
      0.3772577530495673
    ]
  },
  {
    "label_id": "-lw-pbHiNJGWsl32vhmuQQ",
    "size": [
      0.6444965489754438,
      0.11856601403023674,
      0.71051850150441
    ],
    "obj_class": "sign",
    "point_num_in_lidar": 23,
    "speed": 0.0041810069339634345,
    "if_vehicle": false,
    "motion_state": false,
    "pose": [
      [
        -0.9999465140070902,
        -0.009957497504206636,
        -0.002795955743885144,
        54.21870589163882
      ],
      [
        0.009966011000725566,
        -0.9999456936265281,
        -0.0030476913385207713,
        -1.7309947337635094
      ],
      [
        -0.0027654565267713933,
        -0.003075392855424549,
        0.9999914470679153,
        3.1526192044562293
      ],
      [
        0.0,
        0.0,
        0.0,
        1.0
      ]
    ],
    "location": [
      54.21870589163882,
      -1.7309947337635094,
      3.1526192044562293
    ],
    "rotation": [
      -0.003075409463351196,
      0.0027654600517034583,
      3.131626439497817
    ]
  },
  {
    "label_id": "5v-HhV-BedTvNkAgrUmSsA",
    "size": [
      2.1228378314039618,
      5.033050925192189,
      1.480000000000004
    ],
    "obj_class": "vehicle",
    "point_num_in_lidar": 3100,
    "speed": 0.003062681530467105,
    "if_vehicle": true,
    "motion_state": false,
    "pose": [
      [
        -0.9947585752967661,
        0.10221330395318459,
        -0.002795955743885144,
        12.457156659111206
      ],
      [
        -0.10220475215512762,
        -0.9947587145707314,
        -0.0030476913385207713,
        7.39700301134144
      ],
      [
        -0.003092815942923551,
        -0.00274595713001073,
        0.9999914470679153,
        0.6068456462700524
      ],
      [
        0.0,
        0.0,
        0.0,
        1.0
      ]
    ],
    "location": [
      12.457156659111206,
      7.39700301134144,
      0.6068456462700524
    ],
    "rotation": [
      -0.0027459737142881894,
      0.003092820873671983,
      -3.0392086331343533
    ]
  },
  {
    "label_id": "6ufHihRk7ljuRm35o3Ve6g",
    "size": [
      0.8855818262549432,
      0.8864430025332695,
      1.8700000000000045
    ],
    "obj_class": "pedestrian",
    "point_num_in_lidar": 28,
    "speed": 1.1368683772161603e-12,
    "if_vehicle": false,
    "motion_state": false,
    "pose": [
      [
        0.8691099027090511,
        0.4946111196127135,
        -0.002795955743885144,
        47.294012877959176
      ],
      [
        -0.4946181617179308,
        0.8691050487002591,
        -0.0030476913385207713,
        22.216328529117163
      ],
      [
        0.0009225572277733399,
        0.004031709212994165,
        0.9999914470679153,
        0.586567057265384
      ],
      [
        0.0,
        0.0,
        0.0,
        1.0
      ]
    ],
    "location": [
      47.294012877959176,
      22.216328529117163,
      0.586567057265384
    ],
    "rotation": [
      0.004031721851163452,
      -0.0009225573586399531,
      -0.517395675044032
    ]
  },
  {
    "label_id": "Abp2wF28Amdp-8SvcS3E1g",
    "size": [
      2.196294568927894,
      4.401772619467235,
      1.7100000000000009
    ],
    "obj_class": "vehicle",
    "point_num_in_lidar": 2973,
    "speed": 2.5421149729252077e-12,
    "if_vehicle": true,
    "motion_state": false,
    "pose": [
      [
        0.9995889845436438,
        0.028531467023015393,
        -0.002795955743885144,
        14.714482925832272
      ],
      [
        -0.02853996381048483,
        0.9995880061521353,
        -0.0030476913385207713,
        -0.00024195664445869625
      ],
      [
        0.0027078487223984263,
        0.0031262351660206354,
        0.9999914470679153,
        0.9071369860871101
      ],
      [
        0.0,
        0.0,
        0.0,
        1.0
      ]
    ],
    "location": [
      14.714482925832272,
      -0.00024195664445869625,
      0.9071369860871101
    ],
    "rotation": [
      0.003126251719931803,
      -0.0027078520316011824,
      -0.028543944348945284
    ]
  },
  {
    "label_id": "C4NxoX3efnXfwLAduEGZxw",
    "size": [
      2.002831474961663,
      4.45394267847577,
      1.5900000000000034
    ],
    "obj_class": "vehicle",
    "point_num_in_lidar": 1294,
    "speed": 6.431098710768743e-12,
    "if_vehicle": true,
    "motion_state": false,
    "pose": [
      [
        0.5637936733651946,
        0.8259109373926818,
        -0.002795955743885144,
        16.627299012507137
      ],
      [
        -0.8259151341198432,
        0.5637862208402281,
        -0.0030476913385207713,
        -4.547454089850362
      ],
      [
        -0.0009408002877997131,
        0.004027491258231958,
        0.9999914470679153,
        0.6528784552083451
      ],
      [
        0.0,
        0.0,
        0.0,
        1.0
      ]
    ],
    "location": [
      16.627299012507137,
      -4.547454089850362,
      0.6528784552083451
    ],
    "rotation": [
      0.004027503928815498,
      0.0009408004265843034,
      -0.971824093485448
    ]
  },
  {
    "label_id": "D-j8uA5tzbpXhUFsbPfY1w",
    "size": [
      0.9873273858235714,
      0.7573816566762264,
      1.5740498284474072
    ],
    "obj_class": "pedestrian",
    "point_num_in_lidar": 40,
    "speed": 0.8583795672447553,
    "if_vehicle": false,
    "motion_state": false,
    "pose": [
      [
        0.9989481907077532,
        -0.045767837104067705,
        -0.002795955743885144,
        35.93314521347929
      ],
      [
        0.04575929112469175,
        0.9989478459125234,
        -0.0030476913385207713,
        -8.559730213157309
      ],
      [
        0.002932500208345709,
        0.0029165447955948206,
        0.9999914470679153,
        0.9607929967828639
      ],
      [
        0.0,
        0.0,
        0.0,
        1.0
      ]
    ],
    "location": [
      35.93314521347929,
      -8.559730213157309,
      0.9607929967828639
    ],
    "rotation": [
      0.0029165614710440248,
      -0.002932504411395987,
      0.04577547248014835
    ]
  },
  {
    "label_id": "DV-QVxiC5bGWoAdie1BT7w",
    "size": [
      2.1232088259577138,
      4.640056433527341,
      1.5305185015044103
    ],
    "obj_class": "vehicle",
    "point_num_in_lidar": 299,
    "speed": 0.2284904826705031,
    "if_vehicle": true,
    "motion_state": false,
    "pose": [
      [
        0.9991164847890315,
        -0.04193366731264198,
        -0.002795955743885144,
        29.776231484589516
      ],
      [
        0.04192512271948324,
        0.9991161071979879,
        -0.0030476913385207713,
        1.3575754278281238
      ],
      [
        0.0029212852933895306,
        0.0029277778691842223,
        0.9999914470679153,
        0.8226192044561174
      ],
      [
        0.0,
        0.0,
        0.0,
        1.0
      ]
    ],
    "location": [
      29.776231484589516,
      1.3575754278281238,
      0.8226192044561174
    ],
    "rotation": [
      0.0029277945447886864,
      -0.0029212894484020287,
      0.04193759357148766
    ]
  },
  {
    "label_id": "DX4XHYOjhuavfiHWtty6bw",
    "size": [
      0.763363567307446,
      0.9971149116720426,
      1.7568296477584084
    ],
    "obj_class": "pedestrian",
    "point_num_in_lidar": 27,
    "speed": 1.452010673095122,
    "if_vehicle": false,
    "motion_state": true,
    "pose": [
      [
        -0.9927203241474895,
        0.12040988603923498,
        -0.002795955743885144,
        67.40236089641985
      ],
      [
        -0.12040133822483269,
        -0.992720619978841,
        -0.0030476913385207713,
        -6.94600710823579
      ],
      [
        -0.0031425750862571116,
        -0.0026888683202966573,
        0.9999914470679153,
        0.8964948249132334
      ],
      [
        0.0,
        0.0,
        0.0,
        1.0
      ]
    ],
    "location": [
      67.40236089641985,
      -6.94600710823579,
      0.8964948249132334
    ],
    "rotation": [
      -0.002688884837879157,
      0.0031425802588425063,
      -3.0208979029695846
    ]
  },
  {
    "label_id": "Djbr-wq3c_Wu_emcmW1Dog",
    "size": [
      2.4599560878352618,
      5.612823795445765,
      2.270518501504405
    ],
    "obj_class": "vehicle",
    "point_num_in_lidar": 13884,
    "speed": 3.5950934718225418e-12,
    "if_vehicle": true,
    "motion_state": false,
    "pose": [
      [
        0.6979157460858425,
        0.7161744159050365,
        -0.002795955743885144,
        6.414921689996845
      ],
      [
        -0.7161798362423112,
        0.6979091300000606,
        -0.0030476913385207713,
        -4.570807764146593
      ],
      [
        -0.00023135552349039883,
        0.004129438901159496,
        0.9999914470679153,
        0.9786509809148924
      ],
      [
        0.0,
        0.0,
        0.0,
        1.0
      ]
    ],
    "location": [
      6.414921689996845,
      -4.570807764146593,
      0.9786509809148924
    ],
    "rotation": [
      0.00412945074781357,
      0.00023135552555429752,
      -0.7983131847747362
    ]
  },
  {
    "label_id": "EB8EchWMY1Oagsjrk4KwsA",
    "size": [
      2.2039397856438323,
      4.8606414627357974,
      1.6200000000000045
    ],
    "obj_class": "vehicle",
    "point_num_in_lidar": 37,
    "speed": 4.099037227506402e-12,
    "if_vehicle": true,
    "motion_state": false,
    "pose": [
      [
        0.6763883977045804,
        0.736539827899421,
        -0.002795955743885144,
        68.75947913958225
      ],
      [
        -0.736545049816031,
        0.6763816239143442,
        -0.0030476913385207713,
        -2.6366225702295196
      ],
      [
        -0.00035361296752297255,
        0.004120770423823494,
        0.9999914470679153,
        0.8066471474137273
      ],
      [
        0.0,
        0.0,
        0.0,
        1.0
      ]
    ],
    "location": [
      68.75947913958225,
      -2.6366225702295196,
      0.8066471474137273
    ],
    "rotation": [
      0.0041207823438444095,
      0.00035361297489239284,
      -0.8279481810323502
    ]
  },
  {
    "label_id": "Fyvr9wj_mD3-PKw_3XcdnA",
    "size": [
      0.7829285216789872,
      0.8748261895378542,
      1.7744533473011828
    ],
    "obj_class": "pedestrian",
    "point_num_in_lidar": 23,
    "speed": 1.0041265915182425,
    "if_vehicle": false,
    "motion_state": true,
    "pose": [
      [
        0.9988612994711669,
        0.04762653724815842,
        -0.002795955743885144,
        75.46393799551151
      ],
      [
        -0.0476350137890743,
        0.9988601589005438,
        -0.0030476913385207713,
        15.790899371022533
      ],
      [
        0.0026476178135610546,
        0.0031774063211954875,
        0.9999914470679153,
        1.034361846955406
      ],
      [
        0.0,
        0.0,
        0.0,
        1.0
      ]
    ],
    "location": [
      75.46393799551151,
      15.790899371022533,
      1.034361846955406
    ],
    "rotation": [
      0.0031774228044217294,
      -0.0026476209068180437,
      -0.04765321408208998
    ]
  },
  {
    "label_id": "G96MfK6U70_2CEKJH1g1gA",
    "size": [
      2.0507676477421533,
      4.751621205894719,
      1.783059185505671
    ],
    "obj_class": "vehicle",
    "point_num_in_lidar": 4676,
    "speed": 1.1368683772161603e-12,
    "if_vehicle": true,
    "motion_state": false,
    "pose": [
      [
        -0.9991525737635149,
        0.04106478994494285,
        -0.002795955743885144,
        6.1541660873626824
      ],
      [
        -0.04105624568337949,
        -0.9991521887419809,
        -0.0030476913385207713,
        6.997459129321214
      ],
      [
        -0.0029187381057619323,
        -0.0029303171989789956,
        0.9999914470679153,
        0.7249987976571148
      ],
      [
        0.0,
        0.0,
        0.0,
        1.0
      ]
    ],
    "location": [
      6.1541660873626824,
      6.997459129321214,
      0.7249987976571148
    ],
    "rotation": [
      -0.002930333874516266,
      0.002918742249915103,
      -3.1005246899474987
    ]
  },
  {
    "label_id": "GvNSnjQZk7nOuKBrSduqOA",
    "size": [
      2.1579955411813576,
      4.7553734910656065,
      1.5499999999999972
    ],
    "obj_class": "vehicle",
    "point_num_in_lidar": 124,
    "speed": 4.342584809723496,
    "if_vehicle": true,
    "motion_state": true,
    "pose": [
      [
        -0.9979469756264184,
        0.06398450179194148,
        -0.002795955743885144,
        49.43927318928036
      ],
      [
        -0.06397595094457677,
        -0.9979467867968924,
        -0.0030476913385207713,
        6.46564919474622
      ],
      [
        -0.0029852200625473616,
        -0.002862560426405631,
        0.9999914470679153,
        0.7150970319985035
      ],
      [
        0.0,
        0.0,
        0.0,
        1.0
      ]
    ],
    "location": [
      49.43927318928036,
      6.46564919474622,
      0.7150970319985035
    ],
    "rotation": [
      -0.0028625770908904174,
      0.0029852244963825556,
      -3.0775726949875284
    ]
  },
  {
    "label_id": "H1UceUMUw7amJjkZPWl6qg",
    "size": [
      0.6970462820203691,
      0.7653631564612301,
      1.6941567563163105
    ],
    "obj_class": "pedestrian",
    "point_num_in_lidar": 50,
    "speed": 1.5759642669682805,
    "if_vehicle": false,
    "motion_state": true,
    "pose": [
      [
        -0.9990894535225725,
        0.042572837484077614,
        -0.002795955743885144,
        45.87608647235902
      ],
      [
        -0.042564292651105805,
        -0.9990890813979583,
        -0.0030476913385207713,
        -6.094990298814082
      ],
      [
        -0.00292315772384403,
        -0.002925908395385927,
        0.9999914470679153,
        0.8599005251496123
      ],
      [
        0.0,
        0.0,
        0.0,
        1.0
      ]
    ],
    "location": [
      45.87608647235902,
      -6.094990298814082,
      0.8599005251496123
    ],
    "rotation": [
      -0.002925925071015727,
      0.0029231618868512757,
      -3.099015316007222
    ]
  },
  {
    "label_id": "ImNXxSqrOhGjnDuh8WZ_rw",
    "size": [
      0.7006499849960589,
      0.8057173953675747,
      1.5600000000000023
    ],
    "obj_class": "pedestrian",
    "point_num_in_lidar": 35,
    "speed": 1.0558754260286451,
    "if_vehicle": false,
    "motion_state": true,
    "pose": [
      [
        -0.999719545181341,
        0.02351624149159358,
        -0.002795955743885144,
        57.00577510772564
      ],
      [
        -0.023507705306883613,
        -0.9997190102067228,
        -0.0030476913385207713,
        -5.35914790622337
      ],
      [
        -0.002866840354367151,
        -0.002981110095120757,
        0.9999914470679153,
        0.8556711139386763
      ],
      [
        0.0,
        0.0,
        0.0,
        1.0
      ]
    ],
    "location": [
      57.00577510772564,
      -5.35914790622337,
      0.8556711139386763
    ],
    "rotation": [
      -0.0029811267613324135,
      0.0028668442813669865,
      -3.1180826860072783
    ]
  },
  {
    "label_id": "J8-j5tMTE7dijlXHKvNmRw",
    "size": [
      1.868638263125525,
      4.258107369427481,
      1.7700000000000031
    ],
    "obj_class": "vehicle",
    "point_num_in_lidar": 83,
    "speed": 2.5421149729252077e-12,
    "if_vehicle": true,
    "motion_state": false,
    "pose": [
      [
        0.08394559941817692,
        0.9964664163782949,
        -0.002795955743885144,
        38.59394028606039
      ],
      [
        -0.9964663987318593,
        0.08393704650429637,
        -0.0030476913385207713,
        -13.496263904504303
      ],
      [
        -0.0028022377990245197,
        0.0030419162273765984,
        0.9999914470679153,
        1.0303133105763322
      ],
      [
        0.0,
        0.0,
        0.0,
        1.0
      ]
    ],
    "location": [
      38.59394028606039,
      -13.496263904504303,
      1.0303133105763322
    ],
    "rotation": [
      0.0030419328621718636,
      0.0028022414664833307,
      -1.486751490452997
    ]
  },
  {
    "label_id": "JYZGrjHhOWIfmt9jVFankA",
    "size": [
      0.885581826245707,
      0.8864430025332695,
      1.9033832664799561
    ],
    "obj_class": "pedestrian",
    "point_num_in_lidar": 27,
    "speed": 0.00921049454629681,
    "if_vehicle": false,
    "motion_state": false,
    "pose": [
      [
        0.5832441903414672,
        0.8122920638935263,
        -0.002795955743885144,
        47.989486061167554
      ],
      [
        -0.8122964363815505,
        0.5832368395594869,
        -0.0030476913385207713,
        22.774008687207242
      ],
      [
        -0.000844911095865695,
        0.00404869315418468,
        0.9999914470679153,
        0.5285228086540883
      ],
      [
        0.0,
        0.0,
        0.0,
        1.0
      ]
    ],
    "location": [
      47.989486061167554,
      22.774008687207242,
      0.5285228086540883
    ],
    "rotation": [
      0.004048705660382004,
      0.0008449111963925116,
      -0.94807923130619
    ]
  },
  {
    "label_id": "LVurOGR3dPZTYlctUjwF1w",
    "size": [
      0.8553806403898057,
      0.9205835426103812,
      1.5600000000000023
    ],
    "obj_class": "pedestrian",
    "point_num_in_lidar": 93,
    "speed": 0.8697761469227822,
    "if_vehicle": false,
    "motion_state": false,
    "pose": [
      [
        0.9992634458575775,
        -0.03827203161995091,
        -0.002795955743885144,
        24.67591298413754
      ],
      [
        0.03826348846788308,
        0.999263036956623,
        -0.0030476913385207713,
        12.520430831536942
      ],
      [
        0.002910536567106701,
        0.002938463528477698,
        0.9999914470679153,
        0.7636291783253881
      ],
      [
        0.0,
        0.0,
        0.0,
        1.0
      ]
    ],
    "location": [
      24.67591298413754,
      12.520430831536942,
      0.7636291783253881
    ],
    "rotation": [
      0.00293848020354416,
      -0.002910540676423137,
      0.038272993708023416
    ]
  },
  {
    "label_id": "MgUHjjRH5WfE7KTO3UAfsQ",
    "size": [
      2.1220822046833625,
      4.89751997057426,
      1.4830591855056738
    ],
    "obj_class": "vehicle",
    "point_num_in_lidar": 3963,
    "speed": 2.2737367544323206e-12,
    "if_vehicle": true,
    "motion_state": false,
    "pose": [
      [
        -0.9924467733334844,
        0.12264413859387562,
        -0.002795955743885144,
        0.6649122067319695
      ],
      [
        -0.12263559146702788,
        -0.9924470884047356,
        -0.0030476913385207713,
        6.701107151944598
      ],
      [
        -0.0031486196162402043,
        -0.0026817877486643585,
        0.9999914470679153,
        0.5812960365376441
      ],
      [
        0.0,
        0.0,
        0.0,
        1.0
      ]
    ],
    "location": [
      0.6649122067319695,
      6.701107151944598,
      0.5812960365376441
    ],
    "rotation": [
      -0.002681804256745571,
      0.003148624818730486,
      -3.0186469543091974
    ]
  },
  {
    "label_id": "No68zCO6os9hco-_ap9yaQ",
    "size": [
      0.7484054906059405,
      0.7235802196100946,
      1.7700000000000031
    ],
    "obj_class": "pedestrian",
    "point_num_in_lidar": 27,
    "speed": 2.5421149729252077e-12,
    "if_vehicle": false,
    "motion_state": false,
    "pose": [
      [
        -0.9622651072646127,
        0.27209933107690976,
        -0.002795955743885144,
        48.35270982417569
      ],
      [
        -0.2720909312017371,
        -0.9622667180856233,
        -0.0030476913385207713,
        19.90489275890286
      ],
      [
        -0.003519729932121399,
        -0.002171932830818566,
        0.9999914470679153,
        0.618317494375269
      ],
      [
        0.0,
        0.0,
        0.0,
        1.0
      ]
    ],
    "location": [
      48.35270982417569,
      19.90489275890286,
      0.618317494375269
    ],
    "rotation": [
      -0.0021719479920795297,
      0.003519737199523584,
      -2.866025624229844
    ]
  },
  {
    "label_id": "OpmBDWgrhvbDWXPsj-xPxA",
    "size": [
      0.7026515170164884,
      0.7358840794624211,
      1.68310318244977
    ],
    "obj_class": "pedestrian",
    "point_num_in_lidar": 41,
    "speed": 1.6077746776921857e-12,
    "if_vehicle": false,
    "motion_state": false,
    "pose": [
      [
        -0.9918254879044698,
        0.1275710945886206,
        -0.002795955743885144,
        49.32563542089338
      ],
      [
        -0.1275625491318003,
        -0.991825845416675,
        -0.0030476913385207713,
        18.73337872508273
      ],
      [
        -0.003161898489449845,
        -0.0026661187068609026,
        0.9999914470679153,
        0.6347798773497857
      ],
      [
        0.0,
        0.0,
        0.0,
        1.0
      ]
    ],
    "location": [
      49.32563542089338,
      18.73337872508273,
      0.6347798773497857
    ],
    "rotation": [
      -0.0026661351929611666,
      0.003161903758040689,
      -3.0136809495152663
    ]
  },
  {
    "label_id": "SV4MhXW_fLKMUyYTomC7iA",
    "size": [
      1.8745005814532056,
      4.026761972188614,
      1.730518501504406
    ],
    "obj_class": "vehicle",
    "point_num_in_lidar": 267,
    "speed": 3.2155493553843714e-12,
    "if_vehicle": true,
    "motion_state": false,
    "pose": [
      [
        0.53578765385737,
        0.8443481347202073,
        -0.002795955743885144,
        23.067769648005196
      ],
      [
        -0.84435207923849,
        0.5357800648243116,
        -0.0030476913385207713,
        -3.943883484302205
      ],
      [
        -0.001075295147178256,
        0.003993686437755693,
        0.9999914470679153,
        0.8526192044561043
      ],
      [
        0.0,
        0.0,
        0.0,
        1.0
      ]
    ],
    "location": [
      23.067769648005196,
      -3.943883484302205,
      0.8526192044561043
    ],
    "rotation": [
      0.003993699362959402,
      0.0010752953543984296,
      -1.0053556393365652
    ]
  },
  {
    "label_id": "TBaMlPrcbb0tVmgFVZHKcA",
    "size": [
      0.8401860487472405,
      0.11186696262676982,
      0.8605185015044086
    ],
    "obj_class": "sign",
    "point_num_in_lidar": 35,
    "speed": 0.0030017805759163965,
    "if_vehicle": false,
    "motion_state": false,
    "pose": [
      [
        0.999013848256284,
        0.04431155180817516,
        -0.002795955743885144,
        53.87406474971067
      ],
      [
        -0.044320032087403025,
        0.9990127358213591,
        -0.0030476913385207713,
        10.268443008782924
      ],
      [
        0.0026581474642919517,
        0.003168602700676929,
        0.9999914470679153,
        2.8876192044561577
      ],
      [
        0.0,
        0.0,
        0.0,
        1.0
      ]
    ],
    "location": [
      53.87406474971067,
      10.268443008782924,
      2.8876192044561577
    ],
    "rotation": [
      0.003168619197241676,
      -0.002658150594601901,
      -0.04433471104257692
    ]
  },
  {
    "label_id": "V7YN8qOnLzj6EqMtbCjrbw",
    "size": [
      2.3616038729626836,
      4.897855298287807,
      1.8405185015044054
    ],
    "obj_class": "vehicle",
    "point_num_in_lidar": 5621,
    "speed": 0.0,
    "if_vehicle": true,
    "motion_state": false,
    "pose": [
      [
        0.6910128018766846,
        0.7228371118544012,
        -0.002795955743885144,
        2.9910673179329024
      ],
      [
        -0.7228424684689034,
        0.6910061340938206,
        -0.0030476913385207713,
        -4.770993855840061
      ],
      [
        -0.0002709618352805424,
        0.0041270292827262885,
        0.9999914470679153,
        0.8476192044561657
      ],
      [
        0.0,
        0.0,
        0.0,
        1.0
      ]
    ],
    "location": [
      2.9910673179329024,
      -4.770993855840061,
      0.8476192044561657
    ],
    "rotation": [
      0.004127041149836719,
      0.00027096183859622643,
      -0.8079070379505567
    ]
  },
  {
    "label_id": "Xhv1ib3Sd4Npw2uCm8OIgA",
    "size": [
      0.7032178819206074,
      0.8587069967628569,
      1.7415277018557802
    ],
    "obj_class": "pedestrian",
    "point_num_in_lidar": 35,
    "speed": 0.3208389290852245,
    "if_vehicle": false,
    "motion_state": false,
    "pose": [
      [
        -0.8369834366783985,
        -0.547221079050776,
        -0.002795955743885144,
        53.21171874849824
      ],
      [
        0.5472278086992146,
        -0.8369781579968266,
        -0.0030476913385207713,
        -2.723405725089833
      ],
      [
        -0.000672392945478595,
        -0.004080891905396354,
        0.9999914470679153,
        0.917061233479771
      ],
      [
        0.0,
        0.0,
        0.0,
        1.0
      ]
    ],
    "location": [
      53.21171874849824,
      -2.723405725089833,
      0.917061233479771
    ],
    "rotation": [
      -0.004080904154977023,
      0.0006723929961447892,
      2.5625439889746096
    ]
  },
  {
    "label_id": "XsywigB-Q40d0u9u21SmQg",
    "size": [
      0.7289434170600024,
      0.9162428550820471,
      1.9424134016137273
    ],
    "obj_class": "pedestrian",
    "point_num_in_lidar": 53,
    "speed": 1.704658091123534,
    "if_vehicle": false,
    "motion_state": true,
    "pose": [
      [
        0.9904122552452619,
        -0.1381149785196107,
        -0.002795955743885144,
        38.887111406060285
      ],
      [
        0.13810643734957948,
        0.9904127036443503,
        -0.0030476913385207713,
        -5.694157196143351
      ],
      [
        0.0031900819113254365,
        0.0026323313651007373,
        0.9999914470679153,
        1.0313776320180565
      ],
      [
        0.0,
        0.0,
        0.0,
        1.0
      ]
    ],
    "location": [
      38.887111406060285,
      -5.694157196143351,
      1.0313776320180565
    ],
    "rotation": [
      0.0026323477993581775,
      -0.0031900873220601614,
      0.13854998467847987
    ]
  },
  {
    "label_id": "YmfytkE-ukfBRofAX1HVww",
    "size": [
      0.6442834931314345,
      0.7097897537460085,
      1.5500000000000043
    ],
    "obj_class": "pedestrian",
    "point_num_in_lidar": 85,
    "speed": 1.3983338173118562,
    "if_vehicle": false,
    "motion_state": true,
    "pose": [
      [
        0.9969690873335086,
        -0.07774845035670383,
        -0.002795955743885144,
        27.048478314856766
      ],
      [
        0.07773989771785765,
        0.9969690165097017,
        -0.0030476913385207713,
        -8.487290521639807
      ],
      [
        0.0030244345269213623,
        0.002821096738686005,
        0.9999914470679153,
        0.8379578107071026
      ],
      [
        0.0,
        0.0,
        0.0,
        1.0
      ]
    ],
    "location": [
      27.048478314856766,
      -8.487290521639807,
      0.8379578107071026
    ],
    "rotation": [
      0.002821113383403796,
      -0.0030244391377937134,
      0.07781877147625682
    ]
  },
  {
    "label_id": "aphnxehbBGUVAa3NaGJV7A",
    "size": [
      2.043348058622287,
      4.555124657205895,
      1.5400000000000063
    ],
    "obj_class": "vehicle",
    "point_num_in_lidar": 32,
    "speed": 4.9252399613713935,
    "if_vehicle": true,
    "motion_state": true,
    "pose": [
      [
        -0.998645518922585,
        0.051954885884960965,
        -0.002795955743885144,
        68.55627363856183
      ],
      [
        -0.05194633793373182,
        -0.9986452270715459,
        -0.0030476913385207713,
        7.772544009632838
      ],
      [
        -0.002950510314439604,
        -0.0028983236363533268,
        0.9999914470679153,
        0.7182610011333423
      ],
      [
        0.0,
        0.0,
        0.0,
        1.0
      ]
    ],
    "location": [
      68.55627363856183,
      7.772544009632838,
      0.7182610011333423
    ],
    "rotation": [
      -0.0028983403099866393,
      0.0029505145954064316,
      -3.0896226986346633
    ]
  },
  {
    "label_id": "bof1aeoD2plQ-sVhmz6tng",
    "size": [
      2.077745050212146,
      4.382102305572195,
      1.6253959798867612
    ],
    "obj_class": "vehicle",
    "point_num_in_lidar": 501,
    "speed": 6.974055018512659,
    "if_vehicle": true,
    "motion_state": true,
    "pose": [
      [
        -0.9983071311214546,
        0.058095219971430655,
        -0.002795955743885144,
        26.97288240013586
      ],
      [
        -0.05808667038705628,
        -0.9983068918428092,
        -0.0030476913385207713,
        4.928344630934589
      ],
      [
        -0.002968278187124416,
        -0.002880124236990524,
        0.9999914470679153,
        0.7423350235079482
      ],
      [
        0.0,
        0.0,
        0.0,
        1.0
      ]
    ],
    "location": [
      26.97288240013586,
      4.928344630934589,
      0.7423350235079482
    ],
    "rotation": [
      -0.002880140906888989,
      0.00296828254589763,
      -3.083473012517147
    ]
  },
  {
    "label_id": "c3SCJxumyZ0SBk4CZmOJ6g",
    "size": [
      0.9673409614752777,
      1.0650027170117071,
      1.9586854736991413
    ],
    "obj_class": "pedestrian",
    "point_num_in_lidar": 117,
    "speed": 1.2901427040071245,
    "if_vehicle": false,
    "motion_state": true,
    "pose": [
      [
        0.9761524756246994,
        -0.2170680238156898,
        -0.002795955743885144,
        32.77575421157235
      ],
      [
        0.21705954608174932,
        0.9761536072935908,
        -0.0030476913385207713,
        12.275930928357411
      ],
      [
        0.003390838621279617,
        0.0023681225604046353,
        0.9999914470679153,
        1.0083531679585391
      ],
      [
        0.0,
        0.0,
        0.0,
        1.0
      ]
    ],
    "location": [
      32.77575421157235,
      12.275930928357411,
      1.0083531679585391
    ],
    "rotation": [
      0.0023681383880566446,
      -0.003390845119169689,
      0.2188024633782442
    ]
  },
  {
    "label_id": "cEBTjT2GdLcTLHmXu-PHfw",
    "size": [
      0.8625872603763669,
      0.8538088650045665,
      1.7592707532064438
    ],
    "obj_class": "pedestrian",
    "point_num_in_lidar": 120,
    "speed": 1.3606495854966743,
    "if_vehicle": false,
    "motion_state": true,
    "pose": [
      [
        -0.9872121617616997,
        0.15938735928946796,
        -0.002795955743885144,
        12.640937355266942
      ],
      [
        -0.15937882974100834,
        -0.9872127937825216,
        -0.0030476913385207713,
        -9.672713736690639
      ],
      [
        -0.0032459667555893514,
        -0.0025631018002154338,
        0.9999914470679153,
        0.8504390139224824
      ],
      [
        0.0,
        0.0,
        0.0,
        1.0
      ]
    ],
    "location": [
      12.640937355266942,
      -9.672713736690639,
      0.8504390139224824
    ],
    "rotation": [
      -0.0025631181095587307,
      0.0032459724556963953,
      -2.981530395308611
    ]
  },
  {
    "label_id": "fNy8PC-BmuP16FOJ9FFzIw",
    "size": [
      2.1476594433774303,
      5.107156534927326,
      1.980000000000004
    ],
    "obj_class": "vehicle",
    "point_num_in_lidar": 4967,
    "speed": 1.3830600733622805e-11,
    "if_vehicle": true,
    "motion_state": false,
    "pose": [
      [
        0.7587979841247524,
        0.6513200456915864,
        -0.002795955743885144,
        9.769325689427205
      ],
      [
        -0.6513260325281431,
        0.7587918758978995,
        -0.0030476913385207713,
        -4.6730783365128445
      ],
      [
        0.0001365260419709152,
        0.004133660805693014,
        0.9999914470679153,
        0.8495289039752194
      ],
      [
        0.0,
        0.0,
        0.0,
        1.0
      ]
    ],
    "location": [
      9.769325689427205,
      -4.6730783365128445,
      0.8495289039752194
    ],
    "rotation": [
      0.004133672616389773,
      -0.00013652604239504157,
      -0.7093306804177074
    ]
  },
  {
    "label_id": "gLdCcd_k3Lp-3dE0ol5ezA",
    "size": [
      2.1350699741361345,
      4.396070169772625,
      1.8305185015044074
    ],
    "obj_class": "vehicle",
    "point_num_in_lidar": 1069,
    "speed": 3.5950934718225418e-12,
    "if_vehicle": true,
    "motion_state": false,
    "pose": [
      [
        0.6806032892782049,
        0.73264680798811,
        -0.002795955743885144,
        19.920081230251526
      ],
      [
        -0.7326520686845633,
        0.6805965455611238,
        -0.0030476913385207713,
        -3.9800986740228836
      ],
      [
        -0.00032996351007024175,
        0.00412273150940987,
        0.9999914470679153,
        0.892619204456139
      ],
      [
        0.0,
        0.0,
        0.0,
        1.0
      ]
    ],
    "location": [
      19.920081230251526,
      -3.9800986740228836,
      0.892619204456139
    ],
    "rotation": [
      0.00412274341288712,
      0.0003299635160577554,
      -0.8222105240861756
    ]
  },
  {
    "label_id": "kzp-3xNjfdJH_Q6nCsLIaw",
    "size": [
      0.8194303083064142,
      0.8507232528003885,
      1.8588466720492889
    ],
    "obj_class": "pedestrian",
    "point_num_in_lidar": 27,
    "speed": 0.9312412697039972,
    "if_vehicle": false,
    "motion_state": false,
    "pose": [
      [
        0.9974181943807084,
        -0.07175742574678695,
        -0.002795955743885144,
        77.5182193482251
      ],
      [
        0.0717488736877892,
        0.9974180721753736,
        -0.0030476913385207713,
        -7.113004997190728
      ],
      [
        0.0030074312728766133,
        0.002839216116392448,
        0.9999914470679153,
        1.1187744216595235
      ],
      [
        0.0,
        0.0,
        0.0,
        1.0
      ]
    ],
    "location": [
      77.5182193482251,
      -7.113004997190728,
      1.1187744216595235
    ],
    "rotation": [
      0.002839232770949987,
      -0.0030074358064186976,
      0.07181090139231235
    ]
  },
  {
    "label_id": "l-XnejT-kWgZdox4WXTk1Q",
    "size": [
      2.002831474961663,
      4.45394267847577,
      1.5900000000000034
    ],
    "obj_class": "vehicle",
    "point_num_in_lidar": 3668,
    "speed": 2.2737367544323206e-12,
    "if_vehicle": true,
    "motion_state": false,
    "pose": [
      [
        0.5637936733651946,
        0.8259109373926818,
        -0.002795955743885144,
        13.06634759013832
      ],
      [
        -0.8259151341198432,
        0.5637862208402281,
        -0.0030476913385207713,
        -4.41432199087285
      ],
      [
        -0.0009408002877997131,
        0.004027491258231958,
        0.9999914470679153,
        0.6428784552083044
      ],
      [
        0.0,
        0.0,
        0.0,
        1.0
      ]
    ],
    "location": [
      13.06634759013832,
      -4.41432199087285,
      0.6428784552083044
    ],
    "rotation": [
      0.004027503928815498,
      0.0009408004265843034,
      -0.971824093485448
    ]
  },
  {
    "label_id": "lKDSzFUMV-iZb8osI_vVhg",
    "size": [
      2.0750237041066786,
      4.716712819747884,
      1.5364505435900142
    ],
    "obj_class": "vehicle",
    "point_num_in_lidar": 35,
    "speed": 8.467319208012553,
    "if_vehicle": true,
    "motion_state": true,
    "pose": [
      [
        0.9976631036753468,
        -0.06826795878266903,
        -0.002795955743885144,
        82.75777781327633
      ],
      [
        0.06825940720347624,
        0.9976629515551507,
        -0.0030476913385207713,
        4.822844525726396
      ],
      [
        0.0029974811265424633,
        0.0028497189181883507,
        0.9999914470679153,
        0.9774003575291985
      ],
      [
        0.0,
        0.0,
        0.0,
        1.0
      ]
    ],
    "location": [
      82.75777781327633,
      4.822844525726396,
      0.9774003575291985
    ],
    "rotation": [
      0.0028497355775966974,
      -0.002997485615235196,
      0.06831283339792192
    ]
  },
  {
    "label_id": "lZyBbVEUGKHI86ep9kmLgw",
    "size": [
      0.872308625603676,
      0.6996606541566454,
      1.9082143842119805
    ],
    "obj_class": "pedestrian",
    "point_num_in_lidar": 52,
    "speed": 0.007987481118783262,
    "if_vehicle": false,
    "motion_state": false,
    "pose": [
      [
        -0.9463543355028259,
        0.3231186381292219,
        -0.002795955743885144,
        48.472142243736016
      ],
      [
        -0.3231103363059016,
        -0.9463563927769454,
        -0.0030476913385207713,
        21.508069284405792
      ],
      [
        -0.0036307364668881834,
        -0.001980793710780396,
        0.9999914470679153,
        0.6614151401378976
      ],
      [
        0.0,
        0.0,
        0.0,
        1.0
      ]
    ],
    "location": [
      48.472142243736016,
      21.508069284405792,
      0.6614151401378976
    ],
    "rotation": [
      -0.001980808061882095,
      0.0036307444438131624,
      -2.8125761252644037
    ]
  },
  {
    "label_id": "miUCgrw0d28mF4d4GaaTfg",
    "size": [
      0.760309228357711,
      0.8180348372529171,
      1.7374134793072642
    ],
    "obj_class": "pedestrian",
    "point_num_in_lidar": 157,
    "speed": 1.3318712690724204,
    "if_vehicle": false,
    "motion_state": true,
    "pose": [
      [
        0.9953568823988092,
        0.0962125734652253,
        -0.002795955743885144,
        15.49882969360624
      ],
      [
        -0.09622098440563628,
        0.9953553303908687,
        -0.0030476913385207713,
        -8.94100790956145
      ],
      [
        0.0024897432264062843,
        0.0033025701632551103,
        0.9999914470679153,
        0.8967147334425576
      ],
      [
        0.0,
        0.0,
        0.0,
        1.0
      ]
    ],
    "location": [
      15.49882969360624,
      -8.94100790956145,
      0.8967147334425576
    ],
    "rotation": [
      0.003302586402914621,
      -0.0024897457986590306,
      -0.09637038269878638
    ]
  },
  {
    "label_id": "oBgkabLveCc0Yw1MvBSHOA",
    "size": [
      0.8283111702866954,
      0.7942693187629959,
      1.8171851638005094
    ],
    "obj_class": "pedestrian",
    "point_num_in_lidar": 174,
    "speed": 1.1845810038731188,
    "if_vehicle": false,
    "motion_state": true,
    "pose": [
      [
        0.9783054811720746,
        -0.2071486619318453,
        -0.002795955743885144,
        22.474645315691305
      ],
      [
        0.20714017314792704,
        0.9783065267316536,
        -0.0030476913385207713,
        -9.17542036591476
      ],
      [
        0.0033666269354515454,
        0.002402418384493217,
        0.9999914470679153,
        0.9250539866625402
      ],
      [
        0.0,
        0.0,
        0.0,
        1.0
      ]
    ],
    "location": [
      22.474645315691305,
      -9.17542036591476,
      0.9250539866625402
    ],
    "rotation": [
      0.0024024343103437183,
      -0.0033666332951415353,
      0.20865202234861432
    ]
  },
  {
    "label_id": "skG246l1N6X1i6YSA_Q0Og",
    "size": [
      2.5894402093501716,
      7.428925470678697,
      2.7960974461957804
    ],
    "obj_class": "vehicle",
    "point_num_in_lidar": 191,
    "speed": 3.5950934718225418e-12,
    "if_vehicle": true,
    "motion_state": false,
    "pose": [
      [
        -0.9976018891929993,
        0.06915673004152934,
        -0.002795955743885144,
        70.65619053889532
