[
  {
    "label_id": "-K1mhaiPD_bfqqGo9XGMqQ",
    "size": [
      0.7507335149692542,
      0.7899949617853979,
      1.7000000000000028
    ],
    "obj_class": "pedestrian",
    "point_num_in_lidar": 193,
    "speed": 1.2727116153483011,
    "if_vehicle": false,
    "motion_state": true,
    "pose": [
      [
        0.9995585385985765,
        0.02943575960960367,
        -0.004032861376745649,
        21.8011527880808
      ],
      [
        -0.029448824192269723,
        0.9995611048895906,
        -0.0032193703722539777,
        -1.4044915118574863
      ],
      [
        0.003936326761234487,
        0.003336712170173318,
        0.9999866857531265,
        0.853241691119976
      ],
      [
        0.0,
        0.0,
        0.0,
        1.0
      ]
    ],
    "location": [
      21.8011527880808,
      -1.4044915118574863,
      0.853241691119976
    ],
    "rotation": [
      0.0033367442129027826,
      -0.003936336926651661,
      -0.02945331060567826
    ]
  },
  {
    "label_id": "-lw-pbHiNJGWsl32vhmuQQ",
    "size": [
      0.644496548975445,
      0.11856601403023674,
      0.71051850150441
    ],
    "obj_class": "sign",
    "point_num_in_lidar": 29,
    "speed": 0.003368163916813605,
    "if_vehicle": false,
    "motion_state": false,
    "pose": [
      [
        -0.9999422908898651,
        -0.009957455450290836,
        -0.004032861376745649,
        54.202517671044916
      ],
      [
        0.009970467558843297,
        -0.9999451112091424,
        -0.0032193703722539777,
        -1.715186518835253
      ],
      [
        -0.0040005832808012775,
        -0.0032593940987807545,
        0.9999866857531265,
        3.1526192044562436
      ],
      [
        0.0,
        0.0,
        0.0,
        1.0
      ]
    ],
    "location": [
      54.202517671044916,
      -1.715186518835253,
      3.1526192044562436
    ],
    "rotation": [
      -0.0032594259531281903,
      0.004000593952211727,
      3.13162194103723
    ]
  },
  {
    "label_id": "4urEpOJUZhB3OnIJvndwTw",
    "size": [
      0.6442834931397569,
      0.7097897537460085,
      1.3600000000000065
    ],
    "obj_class": "pedestrian",
    "point_num_in_lidar": 86,
    "speed": 0.4472878680420398,
    "if_vehicle": false,
    "motion_state": false,
    "pose": [
      [
        -0.2952280877759275,
        -0.9554182917535572,
        -0.004032861376745649,
        28.317574901797343
      ],
      [
        0.9554249431092935,
        -0.29521655397184227,
        -0.0032193703722539777,
        -9.765575513069052
      ],
      [
        0.0018852779032919186,
        -0.004803544910287897,
        0.9999866857531265,
        0.9594452117164565
      ],
      [
        0.0,
        0.0,
        0.0,
        1.0
      ]
    ],
    "location": [
      28.317574901797343,
      -9.765575513069052,
      0.9594452117164565
    ],
    "rotation": [
      -0.004803571920022931,
      -0.001885279020092358,
      1.8704911144778174
    ]
  },
  {
    "label_id": "5v-HhV-BedTvNkAgrUmSsA",
    "size": [
      2.122837831403962,
      5.033050925192189,
      1.480000000000004
    ],
    "obj_class": "vehicle",
    "point_num_in_lidar": 3726,
    "speed": 0.003062681578824847,
    "if_vehicle": true,
    "motion_state": false,
    "pose": [
      [
        -0.9947543740899867,
        0.10221287227132948,
        -0.004032861376745649,
        12.478745172047638
      ],
      [
        -0.10220025839691038,
        -0.9947586354679265,
        -0.0032193703722539777,
        7.3996058151024044
      ],
      [
        -0.004340784772816103,
        -0.0027903232848330273,
        0.9999866857531265,
        0.5925745656973973
      ],
      [
        0.0,
        0.0,
        0.0,
        1.0
      ]
    ],
    "location": [
      12.478745172047638,
      7.3996058151024044,
      0.5925745656973973
    ],
    "rotation": [
      -0.0027903531943955402,
      0.004340798404741193,
      -3.0392126740129743
    ]
  },
  {
    "label_id": "9KGiqkmEBgSGNEolhIVz1A",
    "size": [
      0.667686004382825,
      0.8747499668482639,
      1.6388978100247868
    ],
    "obj_class": "pedestrian",
    "point_num_in_lidar": 107,
    "speed": 0.748103225347374,
    "if_vehicle": false,
    "motion_state": false,
    "pose": [
      [
        -0.9880947059770614,
        -0.15379397923592675,
        -0.004032861376745649,
        28.083996579633094
      ],
      [
        0.1538072618064795,
        -0.9880956238492302,
        -0.0032193703722539777,
        11.88136957003735
      ],
      [
        -0.0034897328977697714,
        -0.003801326187005914,
        0.9999866857531265,
        0.793411027758907
      ],
      [
        0.0,
        0.0,
        0.0,
        1.0
      ]
    ],
    "location": [
      28.083996579633094,
      11.88136957003735,
      0.793411027758907
    ],
    "rotation": [
      -0.003801358489078982,
      0.003489739980940214,
      2.987171467782769
    ]
  },
  {
    "label_id": "Abp2wF28Amdp-8SvcS3E1g",
    "size": [
      2.196294568933607,
      4.401772619467235,
      1.7100000000000009
    ],
    "obj_class": "vehicle",
    "point_num_in_lidar": 2887,
    "speed": 1.4398549160387748,
    "if_vehicle": true,
    "motion_state": true,
    "pose": [
      [
        0.9731737803095277,
        -0.23003593055690053,
        -0.004032861376745649,
        16.494618329925288
      ],
      [
        0.23002397392268634,
        0.9731796376184726,
        -0.0032193703722539777,
        0.4657379535929067
      ],
      [
        0.004665269432575624,
        0.0022053520352245445,
        0.9999866857531265,
        0.9041012303894576
      ],
      [
        0.0,
        0.0,
        0.0,
        1.0
      ]
    ],
    "location": [
      16.494618329925288,
      0.4657379535929067,
      0.9041012303894576
    ],
    "rotation": [
      0.002205377822784301,
      -0.004665286355803206,
      0.2321048895103679
    ]
  },
  {
    "label_id": "C4NxoX3efnXfwLAduEGZxw",
    "size": [
      2.002831474961663,
      4.45394267847577,
      1.5900000000000034
    ],
    "obj_class": "vehicle",
    "point_num_in_lidar": 1765,
    "speed": 3.77594012331767e-28,
    "if_vehicle": true,
    "motion_state": false,
    "pose": [
      [
        0.5637912922710647,
        0.8259074492874119,
        -0.004032861376745649,
        16.627299012507137
      ],
      [
        -0.8259172055021902,
        0.563782232169354,
        -0.0032193703722539777,
        -4.547454089843086
      ],
      [
        -0.0003852463834485125,
        0.00514586258093173,
        0.9999866857531265,
        0.6528784552083451
      ],
      [
        0.0,
        0.0,
        0.0,
        1.0
      ]
    ],
    "location": [
      16.627299012507137,
      -4.547454089843086,
      0.6528784552083451
    ],
    "rotation": [
      0.005145885673391021,
      0.00038524639297788906,
      -0.9718272279010076
    ]
  },
  {
    "label_id": "DV-QVxiC5bGWoAdie1BT7w",
    "size": [
      2.1232088259600768,
      4.640056433527341,
      1.5305185015044103
    ],
    "obj_class": "vehicle",
    "point_num_in_lidar": 170,
    "speed": 4.091667668264716,
    "if_vehicle": true,
    "motion_state": true,
    "pose": [
      [
        0.9979871129510927,
        -0.06328869103290964,
        -0.004032861376745649,
        42.35638678696705
      ],
      [
        0.06327592036881273,
        0.9979908784933287,
        -0.0032193703722539777,
        2.0024733263853705
      ],
      [
        0.00422850860503029,
        0.0029577071279926134,
        0.9999866857531265,
        0.8217089588005422
      ],
      [
        0.0,
        0.0,
        0.0,
        1.0
      ]
    ],
    "location": [
      42.35638678696705,
      2.0024733263853705,
      0.8217089588005422
    ],
    "rotation": [
      0.002957737883155584,
      -0.004228521206288195,
      0.06331878793254003
    ]
  },
  {
    "label_id": "DX4XHYOjhuavfiHWtty6bw",
    "size": [
      0.763363567303828,
      0.9971149116720426,
      1.7568296477584084
    ],
    "obj_class": "pedestrian",
    "point_num_in_lidar": 20,
    "speed": 1.4789816497799577,
    "if_vehicle": false,
    "motion_state": true,
    "pose": [
      [
        -0.9958849147288903,
        -0.0905371340641346,
        -0.004032861376745649,
        56.92294051449426
      ],
      [
        0.09055033118548071,
        -0.9958866768747366,
        -0.0032193703722539777,
        -6.82064861136314
      ],
      [
        -0.003724800347788838,
        -0.00357129932194232,
        0.9999866857531265,
        0.8964948249132689
      ],
      [
        0.0,
        0.0,
        0.0,
        1.0
      ]
    ],
    "location": [
      56.92294051449426,
      -6.82064861136314,
      0.8964948249132689
    ],
    "rotation": [
      -0.003571331688249213,
      0.003724808960908058,
      3.050917490339525
    ]
  },
  {
    "label_id": "Djbr-wq3c_Wu_emcmW1Dog",
    "size": [
      2.4599560878352613,
      5.612823795445765,
      2.270518501504405
    ],
    "obj_class": "vehicle",
    "point_num_in_lidar": 14061,
    "speed": 3.5950934718225418e-12,
    "if_vehicle": true,
    "motion_state": false,
    "pose": [
      [
        0.6979127985481812,
        0.7161713912547483,
        -0.004032861376745649,
        6.414921689996845
      ],
      [
        -0.7161825651378213,
        0.697905558830861,
        -0.0032193703722539777,
        -4.570807764146593
      ],
      [
        0.0005089354143636202,
        0.005135104791705818,
        0.9999866857531265,
        0.969500630803509
      ],
      [
        0.0,
        0.0,
        0.0,
        1.0
      ]
    ],
    "location": [
      6.414921689996845,
      -4.570807764146593,
      0.969500630803509
    ],
    "rotation": [
      0.0051351280252052685,
      -0.0005089354363339622,
      -0.7983172002815493
    ]
  },
  {
    "label_id": "EB8EchWMY1Oagsjrk4KwsA",
    "size": [
      2.2039397856438385,
      4.8606414627357974,
      1.6200000000000045
    ],
    "obj_class": "vehicle",
    "point_num_in_lidar": 36,
    "speed": 4.099037227506402e-12,
    "if_vehicle": true,
    "motion_state": false,
    "pose": [
      [
        0.6763855410842962,
        0.7365367172390118,
        -0.004032861376745649,
        68.75947913957498
      ],
      [
        -0.7365476716963157,
        0.6763779734535583,
        -0.0032193703722539777,
        -2.6366225702367956
      ],
      [
        0.00035655411966586953,
        0.005147930228503765,
        0.9999866857531265,
        0.8066471474136989
      ],
      [
        0.0,
        0.0,
        0.0,
        1.0
      ]
    ],
    "location": [
      68.75947913957498,
      -2.6366225702367956,
      0.8066471474136989
    ],
    "rotation": [
      0.005147953293718749,
      -0.0003565541272207074,
      -0.8279520584717734
    ]
  },
  {
    "label_id": "G96MfK6U70_2CEKJH1g1gA",
    "size": [
      2.0507676477421533,
      4.751621205894719,
      1.783059185505671
    ],
    "obj_class": "vehicle",
    "point_num_in_lidar": 4599,
    "speed": 1.1368683772161603e-12,
    "if_vehicle": true,
    "motion_state": false,
    "pose": [
      [
        -0.9991483539993719,
        0.041064616514244666,
        -0.004032861376745649,
        6.1541660873481305
      ],
      [
        -0.041051765217238904,
        -0.9991518344210528,
        -0.0032193703722539777,
        6.99745912932849
      ],
      [
        -0.004161643052295158,
        -0.0030510725299600734,
        0.9999866857531265,
        0.7021342694393411
      ],
      [
        0.0,
        0.0,
        0.0,
        1.0
      ]
    ],
    "location": [
      6.1541660873481305,
      6.99745912932849,
      0.7021342694393411
    ],
    "rotation": [
      -0.0030511036853861635,
      0.004161655065160735,
      -3.1005289934246987
    ]
  },
  {
    "label_id": "GvNSnjQZk7nOuKBrSduqOA",
    "size": [
      2.1579955411799765,
      4.7553734910656065,
      1.5499999999999972
    ],
    "obj_class": "vehicle",
    "point_num_in_lidar": 4738,
    "speed": 7.497295619658462,
    "if_vehicle": true,
    "motion_state": true,
    "pose": [
      [
        -0.9982273208450898,
        0.05937972673859653,
        -0.004032861376745649,
        3.05823690656689
      ],
      [
        -0.05936694142521052,
        -0.9982310363439026,
        -0.0032193703722539777,
        3.425145468841947
      ],
      [
        -0.004216892724514882,
        -0.0029742448163738943,
        0.9999866857531265,
        0.6975669608136172
      ],
      [
        0.0,
        0.0,
        0.0,
        1.0
      ]
    ],
    "location": [
      3.05823690656689,
      3.425145468841947,
      0.6975669608136172
    ],
    "rotation": [
      -0.002974275646239487,
      0.004216905222208787,
      -3.082190255488887
    ]
  },
  {
    "label_id": "ImNXxSqrOhGjnDuh8WZ_rw",
    "size": [
      0.7006499849892619,
      0.8057173953675747,
      1.5600000000000023
    ],
    "obj_class": "pedestrian",
    "point_num_in_lidar": 48,
    "speed": 1.0979242802199736,
    "if_vehicle": false,
    "motion_state": true,
    "pose": [
      [
        -0.9998945820041486,
        -0.013948509162814702,
        -0.004032861376745649,
        49.30430507228448
      ],
      [
        0.013961532424637968,
        -0.9998973503649072,
        -0.0032193703722539777,
        -5.9238084816752234
      ],
      [
        -0.003987541987861067,
        -0.0032753359175569353,
        0.9999866857531265,
        0.8556711139386834
      ],
      [
        0.0,
        0.0,
        0.0,
        1.0
      ]
    ],
    "location": [
      49.30430507228448,
      -5.9238084816752234,
      0.8556711139386834
    ],
    "rotation": [
      -0.0032753678139655273,
      0.003987552555249331,
      3.127630556541751
    ]
  },
  {
    "label_id": "J8-j5tMTE7dijlXHKvNmRw",
    "size": [
      1.868638263125529,
      4.258107369427481,
      1.7700000000000031
    ],
    "obj_class": "vehicle",
    "point_num_in_lidar": 98,
    "speed": 3.9809440554495057e-28,
    "if_vehicle": true,
    "motion_state": false,
    "pose": [
      [
        0.08394524488710862,
        0.9964622079587161,
        -0.004032861376745649,
        38.59394028605311
      ],
      [
        -0.9964662371968995,
        0.0839325549537176,
        -0.0032193703722539777,
        -13.496263904504303
      ],
      [
        -0.0028694925502486426,
        0.004288861035503607,
        0.9999866857531265,
        1.030313310576318
      ],
      [
        0.0,
        0.0,
        0.0,
        1.0
      ]
    ],
    "location": [
      38.59394028605311,
      -13.496263904504303,
      1.030313310576318
    ],
    "rotation": [
      0.00428889184155143,
      0.00286949648815753,
      -1.4867518301738774
    ]
  },
  {
    "label_id": "LVurOGR3dPZTYlctUjwF1w",
    "size": [
      0.855380640392139,
      0.9205835426103812,
      1.5600000000000023
    ],
    "obj_class": "pedestrian",
    "point_num_in_lidar": 30,
    "speed": 0.8549992761448242,
    "if_vehicle": false,
    "motion_state": false,
    "pose": [
      [
        0.9755465843664519,
        -0.21975576843410793,
        -0.004032861376745649,
        30.45203052866418
      ],
      [
        0.21974375066849222,
        0.9755523152022909,
        -0.0032193703722539777,
        13.305911547744472
      ],
      [
        0.004641742463002789,
        0.0022544496856107326,
        0.9999866857531265,
        0.785298070763929
      ],
      [
        0.0,
        0.0,
        0.0,
        1.0
      ]
    ],
    "location": [
      30.45203052866418,
      13.305911547744472,
      0.785298070763929
    ],
    "rotation": [
      0.0022544758827230333,
      -0.004641759131486044,
      0.22155421974884681
    ]
  },
  {
    "label_id": "MgUHjjRH5WfE7KTO3UAfsQ",
    "size": [
      2.1220822046833625,
      4.89751997057426,
      1.4830591855056738
    ],
    "obj_class": "vehicle",
    "point_num_in_lidar": 1371,
    "speed": 2.2737367544323206e-12,
    "if_vehicle": true,
    "motion_state": false,
    "pose": [
      [
        -0.9924425818902375,
        0.12264362062559701,
        -0.004032861376745649,
        0.6649122067319695
      ],
      [
        -0.12263109703234777,
        -0.9924471017112445,
        -0.0032193703722539777,
        6.701107151937322
      ],
      [
        -0.004397236823542442,
        -0.002700486029490969,
        0.9999866857531265,
        0.5705927261081172
      ],
      [
        0.0,
        0.0,
        0.0,
        1.0
      ]
    ],
    "location": [
      0.6649122067319695,
      6.701107151937322,
      0.5705927261081172
    ],
    "rotation": [
      -0.0027005154201300828,
      0.0043972509942683214,
      -3.0186509008339892
    ]
  },
  {
    "label_id": "NeWx86gkt3mp026gu2eoxA",
    "size": [
      0.5823260342821742,
      0.5392474862904848,
      1.6000000000000014
    ],
    "obj_class": "pedestrian",
    "point_num_in_lidar": 62,
    "speed": 0.0,
    "if_vehicle": false,
    "motion_state": false,
    "pose": [
      [
        -0.13082041593244442,
        0.9913978791607223,
        -0.004032861376745649,
        8.58748079236102
      ],
      [
        -0.9913991050534271,
        -0.1308336736229252,
        -0.0032193703722539777,
        -9.51950745506474
      ],
      [
        -0.0037193110284170993,
        0.0035770157885713144,
        0.9999866857531265,
        0.80901774204888
      ],
      [
        0.0,
        0.0,
        0.0,
        1.0
      ]
    ],
    "location": [
      8.58748079236102,
      -9.51950745506474,
      0.80901774204888
    ],
    "rotation": [
      0.003577048157962082,
      0.00371931960351223,
      -1.7019937017438425
    ]
  },
  {
    "label_id": "No68zCO6os9hco-_ap9yaQ",
    "size": [
      0.7484054906059341,
      0.7235802196100946,
      1.7700000000000031
    ],
    "obj_class": "pedestrian",
    "point_num_in_lidar": 50,
    "speed": 9.008273366415296e-28,
    "if_vehicle": false,
    "motion_state": false,
    "pose": [
      [
        -0.9622610432888978,
        0.2720981819080718,
        -0.004032861376745649,
        48.35270982417569
      ],
      [
        -0.27208649103327215,
        -0.9622674145223912,
        -0.0032193703722539777,
        19.904892758917413
      ],
      [
        -0.004756675915307267,
        -0.0020005875923161448,
        0.9999866857531265,
        0.5733888935191516
      ],
      [
        0.0,
        0.0,
        0.0,
        1.0
      ]
    ],
    "location": [
      48.35270982417569,
      19.904892758917413,
      0.5733888935191516
    ],
    "rotation": [
      -0.0020006115598699605,
      0.004756693852887637,
      -2.866028791133535
    ]
  },
  {
    "label_id": "OpmBDWgrhvbDWXPsj-xPxA",
    "size": [
      0.7026515170164919,
      0.7358840794624211,
      1.68310318244977
    ],
    "obj_class": "pedestrian",
    "point_num_in_lidar": 38,
    "speed": 1.6077746776921857e-12,
    "if_vehicle": false,
    "motion_state": false,
    "pose": [
      [
        -0.9918212990851232,
        0.12757055581212556,
        -0.004032861376745649,
        49.32563542089338
      ],
      [
        -0.12755805481862806,
        -0.9918258810422796,
        -0.0032193703722539777,
        18.73337872508273
      ],
      [
        -0.004410593155865664,
        -0.0026786161522742474,
        0.9999866857531265,
        0.5997263541716862
      ],
      [
        0.0,
        0.0,
        0.0,
        1.0
      ]
    ],
    "location": [
      49.32563542089338,
      18.73337872508273,
      0.5997263541716862
    ],
    "rotation": [
      -0.002678645409934391,
      0.004410607456113002,
      -3.0136848728109196
    ]
  },
  {
    "label_id": "SV4MhXW_fLKMUyYTomC7iA",
    "size": [
      1.8745005814532074,
      4.026761972188614,
      1.730518501504406
    ],
    "obj_class": "vehicle",
    "point_num_in_lidar": 507,
    "speed": 3.2155493553843714e-12,
    "if_vehicle": true,
    "motion_state": false,
    "pose": [
      [
        0.5357853910422701,
        0.8443445687483266,
        -0.004032861376745649,
        23.06776964799792
      ],
      [
        -0.8443540157341882,
        0.5357760089514616,
        -0.0032193703722539777,
        -3.943883484302205
      ],
      [
        -0.0005575475155146441,
        0.005130054312162491,
        0.9999866857531265,
        0.8526192044561114
      ],
      [
        0.0,
        0.0,
        0.0,
        1.0
      ]
    ],
    "location": [
      23.06776964799792,
      -3.943883484302205,
      0.8526192044561114
    ],
    "rotation": [
      0.005130077611466201,
      0.0005575475444011135,
      -1.0053585875018494
    ]
  },
  {
    "label_id": "TBaMlPrcbb0tVmgFVZHKcA",
    "size": [
      0.8401860487472407,
      0.11186696262676982,
      0.8605185015044086
    ],
    "obj_class": "sign",
    "point_num_in_lidar": 37,
    "speed": 0.003001780629924373,
    "if_vehicle": false,
    "motion_state": false,
    "pose": [
      [
        0.9990096290780265,
        0.0443113646652869,
        -0.004032861376745649,
        53.85287609385705
      ],
      [
        -0.04432446600083716,
        0.9990120006126788,
        -0.0032193703722539777,
        10.270736840517202
      ],
      [
        0.003886222217618706,
        0.0033949364284298856,
        0.9999866857531265,
        2.8876192044561506
      ],
      [
        0.0,
        0.0,
        0.0,
        1.0
      ]
    ],
    "location": [
      53.85287609385705,
      10.270736840517202,
      2.8876192044561506
    ],
    "rotation": [
      0.0033949685867370803,
      -0.00388623199977488,
      -0.04433932762878673
    ]
  },
  {
    "label_id": "TiwGEAy4OhFR6psj6jKEAg",
    "size": [
      0.8028476085646514,
      0.06722167331857697,
      0.8100000000000023
    ],
    "obj_class": "sign",
    "point_num_in_lidar": 22,
    "speed": 0.0011793449004622004,
    "if_vehicle": false,
    "motion_state": false,
    "pose": [
      [
        -0.056930589845396035,
        -0.9983699935239297,
        -0.004032861376745649,
        37.10681499550992
      ],
      [
        0.998373677645261,
        -0.056917795455225954,
        -0.0032193703722539777,
        14.836820217875356
      ],
      [
        0.0029845811987574446,
        -0.004209583298358295,
        0.9999866857531265,
        3.0865731748446663
      ],
      [
        0.0,
        0.0,
        0.0,
        1.0
      ]
    ],
    "location": [
      37.10681499550992,
      14.836820217875356,
      3.0865731748446663
    ],
    "rotation": [
      -0.004209614480371573,
      -0.0029845856297465987,
      1.6277579684349068
    ]
  },
  {
    "label_id": "V7YN8qOnLzj6EqMtbCjrbw",
    "size": [
      2.3616038729626836,
      4.897855298287807,
      1.8405185015044054
    ],
    "obj_class": "vehicle",
    "point_num_in_lidar": 4444,
    "speed": 0.0,
    "if_vehicle": true,
    "motion_state": false,
    "pose": [
      [
        0.6910098834925253,
        0.722834059065262,
        -0.004032861376745649,
        2.9910673179329024
      ],
      [
        -0.7228451629777878,
        0.6910025369085281,
        -0.0032193703722539777,
        -4.770993855840061
      ],
      [
        0.0004596468885208765,
        0.0051397510849910425,
        0.9999866857531265,
        0.8476192044561586
      ],
      [
        0.0,
        0.0,
        0.0,
        1.0
      ]
    ],
    "location": [
      2.9910673179329024,
      -4.770993855840061,
      0.8476192044561586
    ],
    "rotation": [
      0.005139774257721154,
      -0.0004596469047062142,
      -0.8079110094232654
    ]
  },
  {
    "label_id": "Xhv1ib3Sd4Npw2uCm8OIgA",
    "size": [
      0.7032178819206061,
      0.8587069967628569,
      1.7415277018557802
    ],
    "obj_class": "pedestrian",
    "point_num_in_lidar": 38,
    "speed": 1.6077746776921857e-12,
    "if_vehicle": false,
    "motion_state": false,
    "pose": [
      [
        -0.8369799018101618,
        -0.5472187679484029,
        -0.004032861376745649,
        53.21171874849824
      ],
      [
        0.5472312490354927,
        -0.8369752659030378,
        -0.0032193703722539777,
        -2.723405725089833
      ],
      [
        -0.0016137053344773685,
        -0.004901456066443197,
        0.9999866857531265,
        0.9170612334797781
      ],
      [
        0.0,
        0.0,
        0.0,
        1.0
      ]
    ],
    "location": [
      53.21171874849824,
      -2.723405725089833,
      0.9170612334797781
    ],
    "rotation": [
      -0.004901482074202287,
      0.0016137060348383819,
      2.5625391750845727
    ]
  },
  {
    "label_id": "XsywigB-Q40d0u9u21SmQg",
    "size": [
      0.7289434170568776,
      0.9162428550820471,
      1.9424134016137273
    ],
    "obj_class": "pedestrian",
    "point_num_in_lidar": 55,
    "speed": 1.5684018005994802,
    "if_vehicle": false,
    "motion_state": true,
    "pose": [
      [
        0.9946684457491072,
        0.103045713448797,
        -0.004032861376745649,
        50.37229425113037
      ],
      [
        -0.10305893167359267,
        0.9946700419016872,
        -0.0032193703722539777,
        -5.196195466909558
      ],
      [
        0.0036796240777264596,
        0.0036178285095356893,
        0.9999866857531265,
        1.0313776320180637
      ],
      [
        0.0,
        0.0,
        0.0,
        1.0
      ]
    ],
    "location": [
      50.37229425113037,
      -5.196195466909558,
      1.0313776320180637
    ],
    "rotation": [
      0.0036178608941287785,
      -0.0036796323812372,
      -0.10324294455275095
    ]
  },
  {
    "label_id": "YmfytkE-ukfBRofAX1HVww",
    "size": [
      0.6442834931327104,
      0.7097897537460085,
      1.5500000000000043
    ],
    "obj_class": "pedestrian",
    "point_num_in_lidar": 20,
    "speed": 1.5098596301657747,
    "if_vehicle": false,
    "motion_state": true,
    "pose": [
      [
        0.9935472584213141,
        -0.11334717161273346,
        -0.004032861376745649,
        36.85142802152404
      ],
      [
        0.11333460625452753,
        0.9935516608005531,
        -0.0032193703722539777,
        -7.963950971912709
      ],
      [
        0.004371762644712866,
        0.002741533850983185,
        0.9999866857531265,
        0.8405232601170027
      ],
      [
        0.0,
        0.0,
        0.0,
        1.0
      ]
    ],
    "location": [
      36.85142802152404,
      -7.963950971912709,
      0.8405232601170027
    ],
    "rotation": [
      0.0027415634842209878,
      -0.004371776570578784,
      0.11357973501929003
    ]
  },
  {
    "label_id": "aphnxehbBGUVAa3NaGJV7A",
    "size": [
      2.04334805862427,
      4.555124657205895,
      1.5400000000000063
    ],
    "obj_class": "vehicle",
    "point_num_in_lidar": 256,
    "speed": 6.6635914801307425,
    "if_vehicle": true,
    "motion_state": true,
    "pose": [
      [
        -0.9984835840050835,
        0.054902354243504876,
        -0.004032861376745649,
        40.47172650504217
      ],
      [
        -0.05488955239570186,
        -0.9984872421279132,
        -0.0032193703722539777,
        6.18726619406516
      ],
      [
        -0.004203511646569474,
        -0.0029931265116844488,
        0.9999866857531265,
        0.8020719974973503
      ],
      [
        0.0,
        0.0,
        0.0,
        1.0
      ]
    ],
    "location": [
      40.47172650504217,
      6.18726619406516,
      0.8020719974973503
    ],
    "rotation": [
      -0.002993157424851133,
      0.004203524025666531,
      -3.0866750156338134
    ]
  },
  {
    "label_id": "c3SCJxumyZ0SBk4CZmOJ6g",
    "size": [
      0.9673409614627541,
      1.0650027170117071,
      1.9586854736991413
    ],
    "obj_class": "pedestrian",
    "point_num_in_lidar": 97,
    "speed": 1.2950930766565574,
    "if_vehicle": false,
    "motion_state": true,
    "pose": [
      [
        0.9984565057677075,
        -0.05539261791300401,
        -0.004032861376745649,
        41.737540446425555
      ],
      [
        0.055379817862936935,
        0.9984601701759936,
        -0.0032193703722539777,
        12.927574428853404
      ],
      [
        0.004204980809472363,
        0.0029910621641421426,
        0.9999866857531265,
        0.9721987016487503
      ],
      [
        0.0,
        0.0,
        0.0,
        1.0
      ]
    ],
    "location": [
      41.737540446425555,
      12.927574428853404,
      0.9721987016487503
    ],
    "rotation": [
      0.0029910930683051387,
      -0.004204993201553823,
      0.05540865498794145
    ]
  },
  {
    "label_id": "cEBTjT2GdLcTLHmXu-PHfw",
    "size": [
      0.8625872603730839,
      0.8538088650045665,
      1.7592707532064438
    ],
    "obj_class": "pedestrian",
    "point_num_in_lidar": 54,
    "speed": 0.3621524775278519,
    "if_vehicle": false,
    "motion_state": false,
    "pose": [
      [
        -0.27014087454533653,
        0.9628123617450062,
        -0.004032861376745649,
        8.61885003401403
      ],
      [
        -0.962811694451785,
        -0.2701541720597496,
        -0.0032193703722539777,
        -10.254411394140334
      ],
      [
        -0.004189143917708214,
        0.003013202567787601,
        0.9999866857531265,
        0.902718471793122
      ],
      [
        0.0,
        0.0,
        0.0,
        1.0
      ]
    ],
    "location": [
      8.61885003401403,
      -10.254411394140334,
      0.902718471793122
    ],
    "rotation": [
      0.0030132335671832432,
      0.004189156170301609,
      -1.8443381315610496
    ]
  },
  {
    "label_id": "d5Xz_Y5bEfbj7EAZ-5qxtA",
    "size": [
      2.0468262846604706,
      4.409145640338879,
      1.7941632412429342
    ],
    "obj_class": "vehicle",
    "point_num_in_lidar": 134,
    "speed": 4.099037227506402e-12,
    "if_vehicle": true,
    "motion_state": false,
    "pose": [
      [
        -0.09298050933217558,
        -0.9956597616221343,
        -0.004032861376745649,
        44.561563257244416
      ],
      [
        0.9956639058025097,
        -0.09296785646930493,
        -0.0032193703722539777,
        -12.2092872088906
      ],
      [
        0.002830471059777864,
        -0.00431471320687175,
        0.9999866857531265,
        1.0688493393898284
      ],
      [
        0.0,
        0.0,
        0.0,
        1.0
      ]
    ],
    "location": [
      44.561563257244416,
      -12.2092872088906,
      1.0688493393898284
    ],
    "rotation": [
      -0.004314743878710592,
      -0.0028304748392093053,
      1.6639117093577662
    ]
  },
  {
    "label_id": "fNy8PC-BmuP16FOJ9FFzIw",
    "size": [
      2.1476594433774294,
      5.107156534927326,
      1.980000000000004
    ],
    "obj_class": "vehicle",
    "point_num_in_lidar": 5572,
    "speed": 2.1498351929719697e-27,
    "if_vehicle": true,
    "motion_state": false,
    "pose": [
      [
        0.7587947794605109,
        0.6513172949435558,
        -0.004032861376745649,
        9.769325689427205
      ],
      [
        -0.6513290679821546,
        0.7587885613633776,
        -0.0032193703722539777,
        -4.6730783365128445
      ],
      [
        0.0009632574799608726,
        0.005069561273433132,
        0.9999866857531265,
        0.8495289039752194
      ],
      [
        0.0,
        0.0,
        0.0,
        1.0
      ]
    ],
    "location": [
      9.769325689427205,
      -4.6730783365128445,
      0.8495289039752194
    ],
    "rotation": [
      0.005069585340652578,
      -0.0009632576289230806,
      -0.7093350709974161
    ]
  },
  {
    "label_id": "gLdCcd_k3Lp-3dE0ol5ezA",
    "size": [
      2.135069974136134,
      4.396070169772625,
      1.8305185015044074
    ],
    "obj_class": "vehicle",
    "point_num_in_lidar": 1418,
    "speed": 3.5950934718225418e-12,
    "if_vehicle": true,
    "motion_state": false,
    "pose": [
      [
        0.6806004148569894,
        0.7326437137692577,
        -0.004032861376745649,
        19.92008123024425
      ],
      [
        -0.732654711466842,
        0.6805929102039227,
        -0.0032193703722539777,
        -3.9800986740228836
      ],
      [
        0.0003860853953214477,
        0.005145799699299712,
        0.9999866857531265,
        0.8926192044561176
      ],
      [
        0.0,
        0.0,
        0.0,
        1.0
      ]
    ],
    "location": [
      19.92008123024425,
      -3.9800986740228836,
      0.8926192044561176
    ],
    "rotation": [
      0.005145822792586872,
      -0.00038608540491322083,
      -0.8222144287236407
    ]
  },
  {
    "label_id": "l-XnejT-kWgZdox4WXTk1Q",
    "size": [
      2.002831474961663,
      4.45394267847577,
      1.5900000000000034
    ],
    "obj_class": "vehicle",
    "point_num_in_lidar": 3632,
    "speed": 2.2737367544323206e-12,
    "if_vehicle": true,
    "motion_state": false,
    "pose": [
      [
        0.5637912922710647,
        0.8259074492874119,
        -0.004032861376745649,
        13.06634759013832
      ],
      [
        -0.8259172055021902,
        0.563782232169354,
        -0.0032193703722539777,
        -4.414321990858298
      ],
      [
        -0.0003852463834485125,
        0.00514586258093173,
        0.9999866857531265,
        0.6428784552083542
      ],
      [
        0.0,
        0.0,
        0.0,
        1.0
      ]
    ],
    "location": [
      13.06634759013832,
      -4.414321990858298,
      0.6428784552083542
    ],
    "rotation": [
      0.005145885673391021,
      0.00038524639297788906,
      -0.9718272279010076
    ]
  },
  {
    "label_id": "lZyBbVEUGKHI86ep9kmLgw",
    "size": [
      0.8723086256036804,
      0.6996606541566454,
      1.9082143842119805
    ],
    "obj_class": "pedestrian",
    "point_num_in_lidar": 41,
    "speed": 4.504116873062104e-28,
    "if_vehicle": false,
    "motion_state": false,
    "pose": [
      [
        -0.9463503387237558,
        0.3231172734883553,
        -0.004032861376745649,
        48.472142243736016
      ],
      [
        -0.3231059396846463,
        -0.9463573254299392,
        -0.0032193703722539777,
        21.508069284413068
      ],
      [
        -0.004856762083358612,
        -0.0017436107775084563,
        0.9999866857531265,
        0.6107006849943915
      ],
      [
        0.0,
        0.0,
        0.0,
        1.0
      ]
    ],
    "location": [
      48.472142243736016,
      21.508069284413068,
      0.6107006849943915
    ],
    "rotation": [
      -0.0017436322256518446,
      0.00485678117722361,
      -2.8125789946781157
    ]
  },
  {
    "label_id": "miUCgrw0d28mF4d4GaaTfg",
    "size": [
      0.7603092283440269,
      0.8180348372529171,
      1.7374134793072642
    ],
    "obj_class": "pedestrian",
    "point_num_in_lidar": 110,
    "speed": 1.4041119765082564,
    "if_vehicle": false,
    "motion_state": true,
    "pose": [
      [
        0.9844220596977612,
        -0.17577526677417882,
        -0.004032861376745649,
        25.039489483024227
      ],
      [
        0.17576300404150527,
        0.9844272456940188,
        -0.0032193703722539777,
        -9.20748577816994
      ],
      [
        0.004535944303403338,
        0.0024603913823244322,
        0.9999866857531265,
        0.9317744371731109
      ],
      [
        0.0,
        0.0,
        0.0,
        1.0
      ]
    ],
    "location": [
      25.039489483024227,
      -9.20748577816994,
      0.9317744371731109
    ],
    "rotation": [
      0.0024604191761577183,
      -0.004535959857898148,
      0.1766826213211449
    ]
  },
  {
    "label_id": "oBgkabLveCc0Yw1MvBSHOA",
    "size": [
      0.8283111702733105,
      0.7942693187629959,
      1.8171851638005094
    ],
    "obj_class": "pedestrian",
    "point_num_in_lidar": 51,
    "speed": 1.022946572860822,
    "if_vehicle": false,
    "motion_state": true,
    "pose": [
      [
        0.8490317733926028,
        -0.528326398922984,
        -0.004032861376745649,
        30.367351531647728
      ],
      [
        0.5283169339735956,
        0.8490411373609325,
        -0.0032193703722539777,
        -6.700911720079603
      ],
      [
        0.005124943565703393,
        0.0006027187786596032,
        0.9999866857531265,
        0.8950539866625462
      ],
      [
        0.0,
        0.0,
        0.0,
        1.0
      ]
    ],
    "location": [
      30.367351531647728,
      -6.700911720079603,
      0.8950539866625462
    ],
    "rotation": [
      0.000602726730526961,
      -0.005124966000448777,
      0.5566252121959239
    ]
  },
  {
    "label_id": "skG246l1N6X1i6YSA_Q0Og",
    "size": [
      2.589440209350172,
      7.428925470678697,
      2.7960974461957804
    ],
    "obj_class": "vehicle",
    "point_num_in_lidar": 163,
    "speed": 3.5950934718225418e-12,
    "if_vehicle": true,
    "motion_state": false,
    "pose": [
      [
        -0.997597675977929,
        0.06915643796893292,
        -0.004032861376745649,
        70.65619053889532
      ],
      [
        -0.06914368966960087,
        -0.9976015165552227,
        -0.0032193703722539777,
        11.279047276169877
      ],
      [
        -0.004245828812946245,
        -0.0029327894859585476,
        0.9999866857531265,
        1.3658018184191505
      ],
      [
        0.0,
        0.0,
        0.0,
        1.0
      ]
    ],
    "location": [
      70.65619053889532,
      11.279047276169877,
      1.3658018184191505
    ],
    "rotation": [
      -0.002932820125513288,
      0.004245841569686491,
      -3.0723931260544823
    ]
  },
  {
    "label_id": "t1ePe__aXYB9-IF7fpKV7w",
    "size": [
      0.7204831567466532,
      0.8499257723597111,
      1.6992111162184642
    ],
    "obj_class": "pedestrian",
    "point_num_in_lidar": 131,
    "speed": 0.7609989060089636,
    "if_vehicle": false,
    "motion_state": false,
    "pose": [
      [
        -0.9928936912540303,
        -0.11893634388639415,
        -0.004032861376745649,
        28.052999876774265
      ],
      [
        0.1189495859424269,
        -0.9928950758557178,
        -0.0032193703722539777,
        11.296547966136131
      ],
      [
        -0.0036213080608873977,
        -0.0036761997233482136,
        0.9999866857531265,
        0.8430886740416099
      ],
      [
        0.0,
        0.0,
        0.0,
        1.0
      ]
    ],
    "location": [
      28.052999876774265,
      11.296547966136131,
      0.8430886740416099
    ],
    "rotation": [
      -0.003676232108704442,
      0.003621315975829213,
      3.022359977924784
    ]
  },
  {
    "label_id": "tLLaYUgBVODgrVjxYBagwA",
    "size": [
      0.7770444605792449,
      0.11190182437167095,
      0.7800000000000011
    ],
    "obj_class": "sign",
    "point_num_in_lidar": 66,
    "speed": 0.0036316497262738876,
    "if_vehicle": false,
    "motion_state": false,
    "pose": [
      [
        -0.994819377634309,
        0.10157825511595543,
        -0.004032861376745649,
        31.735294787446037
      ],
      [
        -0.10156563852558784,
        -0.9948236309644519,
        -0.0032193703722539777,
        -1.9748423531345907
      ],
      [
        -0.004339003822975968,
        -0.0027930918892856826,
        0.9999866857531265,
        3.080024996746282
      ],
      [
        0.0,
        0.0,
        0.0,
        1.0
      ]
    ],
    "location": [
      31.735294787446037,
      -1.9748423531345907,
      3.080024996746282
    ],
    "rotation": [
      -0.0027931218141323917,
      0.004339017438129008,
      -3.039850620343671
    ]
  },
  {
    "label_id": "wOGx5X0K6-hTBLG0YuoOrg",
    "size": [
      0.6970462820173854,
      0.7653631564612301,
      1.6095046227288208
    ],
    "obj_class": "pedestrian",
    "point_num_in_lidar": 21,
    "speed": 1.2826594676361118,
    "if_vehicle": false,
    "motion_state": true,
    "pose": [
      [
        -0.9995401633709465,
        0.030053250032194553,
        -0.004032861376745649,
        36.555033479722624
      ],
      [
