[
  {
    "label_id": "-K1mhaiPD_bfqqGo9XGMqQ",
    "size": [
      0.7507335149752125,
      0.7899949617853979,
      1.7000000000000028
    ],
    "obj_class": "pedestrian",
    "point_num_in_lidar": 281,
    "speed": 1.2537436031352713,
    "if_vehicle": false,
    "motion_state": true,
    "pose": [
      [
        0.9973411121478949,
        -0.07277107470154422,
        -0.003882873469767824,
        17.60108752400265
      ],
      [
        0.07276156786118188,
        0.9973461396886302,
        -0.002536117223252334,
        -1.5283060783622204
      ],
      [
        0.004057124841877504,
        0.00224685001050902,
        0.9999892456436957,
        0.8532416911200116
      ],
      [
        0.0,
        0.0,
        0.0,
        1.0
      ]
    ],
    "location": [
      17.60108752400265,
      -1.5283060783622204,
      0.8532416911200116
    ],
    "rotation": [
      0.0022468703931334323,
      -0.004057135972182914,
      0.07282652467587658
    ]
  },
  {
    "label_id": "-lw-pbHiNJGWsl32vhmuQQ",
    "size": [
      0.6444965489754456,
      0.11856601403023674,
      0.71051850150441
    ],
    "obj_class": "sign",
    "point_num_in_lidar": 28,
    "speed": 0.003368163835412768,
    "if_vehicle": false,
    "motion_state": false,
    "pose": [
      [
        -0.999942884497336,
        -0.009957461361457828,
        -0.003882873469767824,
        54.209188859618735
      ],
      [
        0.009967351410042983,
        -0.9999471086088997,
        -0.002536117223252334,
        -1.7240768749834388
      ],
      [
        -0.003857414809929878,
        -0.0025746743359962225,
        0.9999892456436957,
        3.152619204456265
      ],
      [
        0.0,
        0.0,
        0.0,
        1.0
      ]
    ],
    "location": [
      54.209188859618735,
      -1.7240768749834388,
      3.152619204456265
    ],
    "rotation": [
      -0.00257469633597088,
      0.003857424376157012,
      3.1316250629729536
    ]
  },
  {
    "label_id": "5v-HhV-BedTvNkAgrUmSsA",
    "size": [
      2.122837831403961,
      5.033050925192189,
      1.480000000000004
    ],
    "obj_class": "vehicle",
    "point_num_in_lidar": 3255,
    "speed": 0.0030626815033784303,
    "if_vehicle": true,
    "motion_state": false,
    "pose": [
      [
        -0.9947549646176936,
        0.10221293294915562,
        -0.003882873469767824,
        12.468710935034323
      ],
      [
        -0.10220357883600102,
        -0.9947602709108075,
        -0.002536117223252334,
        7.398396044431138
      ],
      [
        -0.004121752244390117,
        -0.0021259716339050673,
        0.9999892456436957,
        0.5992076953339662
      ],
      [
        0.0,
        0.0,
        0.0,
        1.0
      ]
    ],
    "location": [
      12.468710935034323,
      7.398396044431138,
      0.5992076953339662
    ],
    "rotation": [
      -0.002125991294555493,
      0.004121763915111981,
      -3.0392094312856535
    ]
  },
  {
    "label_id": "6ufHihRk7ljuRm35o3Ve6g",
    "size": [
      0.8855818262549431,
      0.8864430025332695,
      1.8700000000000045
    ],
    "obj_class": "pedestrian",
    "point_num_in_lidar": 33,
    "speed": 1.1368683772161603e-12,
    "if_vehicle": false,
    "motion_state": false,
    "pose": [
      [
        0.8691067480974565,
        0.49460932432080396,
        -0.003882873469767824,
        47.294012877959176
      ],
      [
        -0.4946200208178804,
        0.8691056340373992,
        -0.002536117223252334,
        22.21632852912444
      ],
      [
        0.0021202399826383694,
        0.004124703549144544,
        0.9999892456436957,
        0.586567057265448
      ],
      [
        0.0,
        0.0,
        0.0,
        1.0
      ]
    ],
    "location": [
      47.294012877959176,
      22.21632852912444,
      0.586567057265448
    ],
    "rotation": [
      0.004124724516196864,
      -0.0021202415712022666,
      -0.5173988511428869
    ]
  },
  {
    "label_id": "9KGiqkmEBgSGNEolhIVz1A",
    "size": [
      0.6676860043965205,
      0.8747499668482639,
      1.6388978100247868
    ],
    "obj_class": "pedestrian",
    "point_num_in_lidar": 69,
    "speed": 0.7901021175864318,
    "if_vehicle": false,
    "motion_state": false,
    "pose": [
      [
        -0.9938250231058703,
        -0.11089069727544436,
        -0.003882873469767824,
        30.426449342718115
      ],
      [
        0.11090096335331436,
        -0.9938282268263147,
        -0.002536117223252334,
        11.621365065744612
      ],
      [
        -0.003577677448191581,
        -0.0029510711663742247,
        0.9999892456436957,
        0.8039658037739272
      ],
      [
        0.0,
        0.0,
        0.0,
        1.0
      ]
    ],
    "location": [
      30.426449342718115,
      11.621365065744612,
      0.8039658037739272
    ],
    "rotation": [
      -0.002951094336571166,
      0.003577685080480486,
      3.030462379687217
    ]
  },
  {
    "label_id": "Abp2wF28Amdp-8SvcS3E1g",
    "size": [
      2.196294568927894,
      4.401772619467235,
      1.7100000000000009
    ],
    "obj_class": "vehicle",
    "point_num_in_lidar": 2914,
    "speed": 0.004259408095475774,
    "if_vehicle": true,
    "motion_state": false,
    "pose": [
      [
        0.9995853563316157,
        0.028531363462238925,
        -0.003882873469767824,
        14.714482925832272
      ],
      [
        -0.0285413302741578,
        0.9995893959899792,
        -0.002536117223252334,
        -0.00024195664445869625
      ],
      [
        0.0038089202640712765,
        0.0026458880124168413,
        0.9999892456436957,
        0.9139226279494039
      ],
      [
        0.0,
        0.0,
        0.0,
        1.0
      ]
    ],
    "location": [
      14.714482925832272,
      -0.00024195664445869625,
      0.9139226279494039
    ],
    "rotation": [
      0.0026459102929953277,
      -0.0038089294740203477,
      -0.02854541381606737
    ]
  },
  {
    "label_id": "C4NxoX3efnXfwLAduEGZxw",
    "size": [
      2.002831474961664,
      4.45394267847577,
      1.5900000000000034
    ],
    "obj_class": "vehicle",
    "point_num_in_lidar": 1333,
    "speed": 6.431098710768743e-12,
    "if_vehicle": true,
    "motion_state": false,
    "pose": [
      [
        0.5637916269611026,
        0.8259079395805387,
        -0.003882873469767824,
        16.627299012507137
      ],
      [
        -0.8259170614755439,
        0.5637859307157573,
        -0.002536117223252334,
        -4.547454089850362
      ],
      [
        9.451008261352193e-05,
        0.004636773101693498,
        0.9999892456436957,
        0.6528784552083451
      ],
      [
        0.0,
        0.0,
        0.0,
        1.0
      ]
    ],
    "location": [
      16.627299012507137,
      -4.547454089850362,
      0.6528784552083451
    ],
    "rotation": [
      0.004636789737407229,
      -9.45100827542184e-05,
      -0.9718268702737497
    ]
  },
  {
    "label_id": "D-j8uA5tzbpXhUFsbPfY1w",
    "size": [
      0.9873273858121492,
      0.7573816566762264,
      1.5740498284474143
    ],
    "obj_class": "pedestrian",
    "point_num_in_lidar": 29,
    "speed": 0.8574646903151308,
    "if_vehicle": false,
    "motion_state": false,
    "pose": [
      [
        0.9967098773027807,
        -0.08095890180019405,
        -0.003882873469767824,
        39.21558681884926
      ],
      [
        0.0809494365671502,
        0.9967149827452635,
        -0.002536117223252334,
        -8.428793467610376
      ],
      [
        0.0040754394286527445,
        0.0022134566667740625,
        0.9999892456436957,
        0.8434449772055714
      ],
      [
        0.0,
        0.0,
        0.0,
        1.0
      ]
    ],
    "location": [
      39.21558681884926,
      -8.428793467610376,
      0.8434449772055714
    ],
    "rotation": [
      0.0022134768563629287,
      -0.004075450710372932,
      0.08103878048718027
    ]
  },
  {
    "label_id": "DV-QVxiC5bGWoAdie1BT7w",
    "size": [
      2.1232088259587547,
      4.640056433527341,
      1.5305185015044103
    ],
    "obj_class": "vehicle",
    "point_num_in_lidar": 289,
    "speed": 1.7295664508395339,
    "if_vehicle": true,
    "motion_state": true,
    "pose": [
      [
        0.9991173552687475,
        -0.04182623213249288,
        -0.003882873469767824,
        30.825339572656958
      ],
      [
        0.04181657404399145,
        0.9991220857556165,
        -0.002536117223252334,
        1.4146468594190083
      ],
      [
        0.003985540867534541,
        0.002371510266795396,
        0.9999892456436957,
        0.8126192044561122
      ],
      [
        0.0,
        0.0,
        0.0,
        1.0
      ]
    ],
    "location": [
      30.825339572656958,
      1.4146468594190083,
      0.8126192044561122
    ],
    "rotation": [
      0.0023715313251682062,
      -0.0039855514190212,
      0.04182910298063363
    ]
  },
  {
    "label_id": "Djbr-wq3c_Wu_emcmW1Dog",
    "size": [
      2.459956087835262,
      5.612823795445765,
      2.270518501504405
    ],
    "obj_class": "vehicle",
    "point_num_in_lidar": 14010,
    "speed": 3.5950934718225418e-12,
    "if_vehicle": true,
    "motion_state": false,
    "pose": [
      [
        0.6979132128583423,
        0.7161718164039714,
        -0.003882873469767824,
        6.414921689996845
      ],
      [
        -0.7161817847456912,
        0.6979091769764216,
        -0.002536117223252334,
        -4.570807764139317
      ],
      [
        0.0008935973491992238,
        0.004550832970985429,
        0.9999892456436957,
        0.9737536695415798
      ],
      [
        0.0,
        0.0,
        0.0,
        1.0
      ]
    ],
    "location": [
      6.414921689996845,
      -4.570807764139317,
      0.9737536695415798
    ],
    "rotation": [
      0.004550850496128404,
      -0.0008935974681245965,
      -0.798316358913735
    ]
  },
  {
    "label_id": "EB8EchWMY1Oagsjrk4KwsA",
    "size": [
      2.20393978564384,
      4.8606414627357974,
      1.6200000000000045
    ],
    "obj_class": "vehicle",
    "point_num_in_lidar": 36,
    "speed": 4.099037227506402e-12,
    "if_vehicle": true,
    "motion_state": false,
    "pose": [
      [
        0.6763859426149782,
        0.7365371544779429,
        -0.003882873469767824,
        68.75947913957498
      ],
      [
        -0.7365469988557936,
        0.6763816131341489,
        -0.002536117223252334,
        -2.6366225702295196
      ],
      [
        0.0007583596580405742,
        0.004575312839725884,
        0.9999892456436957,
        0.8066471474137273
      ],
      [
        0.0,
        0.0,
        0.0,
        1.0
      ]
    ],
    "location": [
      68.75947913957498,
      -2.6366225702295196,
      0.8066471474137273
    ],
    "rotation": [
      0.004575330118418992,
      -0.0007583597307305506,
      -0.8279513076254202
    ]
  },
  {
    "label_id": "G96MfK6U70_2CEKJH1g1gA",
    "size": [
      2.0507676477421533,
      4.751621205894719,
      1.783059185505671
    ],
    "obj_class": "vehicle",
    "point_num_in_lidar": 4674,
    "speed": 1.1368683772161603e-12,
    "if_vehicle": true,
    "motion_state": false,
    "pose": [
      [
        -0.9991489471355287,
        0.04106464089191583,
        -0.003882873469767824,
        6.1541660873554065
      ],
      [
        -0.04105497920039767,
        -0.9991536702591273,
        -0.002536117223252334,
        6.997459129321214
      ],
      [
        -0.003983732021502973,
        -0.002374547563885757,
        0.9999892456436957,
        0.7127615922251209
      ],
      [
        0.0,
        0.0,
        0.0,
        1.0
      ]
    ],
    "location": [
      6.1541660873554065,
      6.997459129321214,
      0.7127615922251209
    ],
    "rotation": [
      -0.002374568637818807,
      0.00398374255862964,
      -3.1005258064751153
    ]
  },
  {
    "label_id": "GvNSnjQZk7nOuKBrSduqOA",
    "size": [
      2.157995541186249,
      4.7553734910656065,
      1.5499999999999972
    ],
    "obj_class": "vehicle",
    "point_num_in_lidar": 613,
    "speed": 7.161192706395588,
    "if_vehicle": true,
    "motion_state": true,
    "pose": [
      [
        -0.9982938683249872,
        0.05826041330398208,
        -0.003882873469767824,
        26.716985873441445
      ],
      [
        -0.05825083436018184,
        -0.9982987570891655,
        -0.002536117223252334,
        4.788120516946947
      ],
      [
        -0.004024022996417742,
        -0.0023056096539972085,
        0.9999892456436957,
        0.6976862383862041
      ],
      [
        0.0,
        0.0,
        0.0,
        1.0
      ]
    ],
    "location": [
      26.716985873441445,
      4.788120516946947,
      0.6976862383862041
    ],
    "rotation": [
      -0.002305630364078635,
      0.004024033856504035,
      -3.083308354001156
    ]
  },
  {
    "label_id": "H1UceUMUw7amJjkZPWl6qg",
    "size": [
      0.6970462820181402,
      0.7653631564612301,
      1.6941567563163105
    ],
    "obj_class": "pedestrian",
    "point_num_in_lidar": 35,
    "speed": 1.2597451660598689,
    "if_vehicle": false,
    "motion_state": true,
    "pose": [
      [
        -0.9999632771844832,
        0.007639867543751034,
        -0.003882873469767824,
        40.70409928351728
      ],
      [
        -0.007630053357310185,
        -0.999967674675134,
        -0.002536117223252334,
        -6.467844244449225
      ],
      [
        -0.0039021235542825734,
        -0.0025063975581334037,
        0.9999892456436957,
        0.8965673418644116
      ],
      [
        0.0,
        0.0,
        0.0,
        1.0
      ]
    ],
    "location": [
      40.70409928351728,
      -6.467844244449225,
      0.8965673418644116
    ],
    "rotation": [
      -0.0025064192645456364,
      0.003902133457008852,
      -3.1339624681043805
    ]
  },
  {
    "label_id": "ImNXxSqrOhGjnDuh8WZ_rw",
    "size": [
      0.7006499849858734,
      0.8057173953675747,
      1.5600000000000023
    ],
    "obj_class": "pedestrian",
    "point_num_in_lidar": 42,
    "speed": 1.1122698029497873,
    "if_vehicle": false,
    "motion_state": true,
    "pose": [
      [
        -0.9950761251500403,
        0.09903751031805551,
        -0.003882873469767824,
        52.98177861523436
      ],
      [
        -0.09902813931675465,
        -0.9950814015611443,
        -0.002536117223252334,
        -5.673503218822589
      ],
      [
        -0.004114945910046801,
        -0.002139115964526714,
        0.9999892456436957,
        0.8556711139387048
      ],
      [
        0.0,
        0.0,
        0.0,
        1.0
      ]
    ],
    "location": [
      52.98177861523436,
      -5.673503218822589,
      0.8556711139387048
    ],
    "rotation": [
      -0.002139135706758591,
      0.004114957523047483,
      -3.0424010988200103
    ]
  },
  {
    "label_id": "J8-j5tMTE7dijlXHKvNmRw",
    "size": [
      1.8686382631255238,
      4.258107369427481,
      1.7700000000000031
    ],
    "obj_class": "vehicle",
    "point_num_in_lidar": 75,
    "speed": 2.5421149729252077e-12,
    "if_vehicle": true,
    "motion_state": false,
    "pose": [
      [
        0.08394529472050709,
        0.9964627995002647,
        -0.003882873469767824,
        38.59394028605311
      ],
      [
        -0.9964679332834903,
        0.08393584482900966,
        -0.002536117223252334,
        -13.496263904497027
      ],
      [
        -0.0022012342030937487,
        0.004082054009372509,
        0.9999892456436957,
        1.0303133105763607
      ],
      [
        0.0,
        0.0,
        0.0,
        1.0
      ]
    ],
    "location": [
      38.59394028605311,
      -13.496263904497027,
      1.0303133105763607
    ],
    "rotation": [
      0.004082075235889989,
      0.0022012359807527387,
      -1.486751922895589
    ]
  },
  {
    "label_id": "LVurOGR3dPZTYlctUjwF1w",
    "size": [
      0.8553806403898445,
      0.9205835426103812,
      1.5600000000000023
    ],
    "obj_class": "pedestrian",
    "point_num_in_lidar": 112,
    "speed": 0.854999254689742,
    "if_vehicle": false,
    "motion_state": false,
    "pose": [
      [
        0.9934940388373571,
        -0.11381791637634908,
        -0.003882873469767824,
        27.695387261388532
      ],
      [
        0.11380862484180762,
        0.9934994539611215,
        -0.002536117223252334,
        12.704372693093319
      ],
      [
        0.00414628825005121,
        0.002077712853064931,
        0.9999892456436957,
        0.7791869126803377
      ],
      [
        0.0,
        0.0,
        0.0,
        1.0
      ]
    ],
    "location": [
      27.695387261388532,
      12.704372693093319,
      0.7791869126803377
    ],
    "rotation": [
      0.00207773220792774,
      -0.004146300130438059,
      0.11405673518431471
    ]
  },
  {
    "label_id": "MgUHjjRH5WfE7KTO3UAfsQ",
    "size": [
      2.122082204683362,
      4.89751997057426,
      1.4830591855056738
    ],
    "obj_class": "vehicle",
    "point_num_in_lidar": 3899,
    "speed": 2.2737367544323206e-12,
    "if_vehicle": true,
    "motion_state": false,
    "pose": [
      [
        -0.9924431710455682,
        0.1226436934319684,
        -0.003882873469767824,
        0.6649122067319695
      ],
      [
        -0.12263445039459515,
        -0.9924486685395096,
        -0.002536117223252334,
        6.701107151937322
      ],
      [
        -0.004164591388414556,
        -0.0020407781652710963,
        0.9999892456436957,
        0.5755675733355687
      ],
      [
        0.0,
        0.0,
        0.0,
        1.0
      ]
    ],
    "location": [
      0.6649122067319695,
      6.701107151937322,
      0.5755675733355687
    ],
    "rotation": [
      -0.0020407972795506795,
      0.004164603426830076,
      -3.0186476450035555
    ]
  },
  {
    "label_id": "SV4MhXW_fLKMUyYTomC7iA",
    "size": [
      1.8745005814532052,
      4.026761972188614,
      1.730518501504406
    ],
    "obj_class": "vehicle",
    "point_num_in_lidar": 305,
    "speed": 3.2155493553843714e-12,
    "if_vehicle": true,
    "motion_state": false,
    "pose": [
      [
        0.5357857091068378,
        0.8443450699864959,
        -0.003882873469767824,
        23.06776964799792
      ],
      [
        -0.8443539957841771,
        0.5357797102473401,
        -0.002536117223252334,
        -3.943883484302205
      ],
      [
        -6.099325180166188e-05,
        0.0046373350941611505,
        0.9999892456436957,
        0.8526192044561469
      ],
      [
        0.0,
        0.0,
        0.0,
        1.0
      ]
    ],
    "location": [
      23.06776964799792,
      -3.943883484302205,
      0.8526192044561469
    ],
    "rotation": [
      0.00463735172383457,
      6.09932518394795e-05,
      -1.005358308253786
    ]
  },
  {
    "label_id": "TBaMlPrcbb0tVmgFVZHKcA",
    "size": [
      0.8401860487472409,
      0.11186696262676982,
      0.8605185015044086
    ],
    "obj_class": "sign",
    "point_num_in_lidar": 36,
    "speed": 0.0030017805544703987,
    "if_vehicle": false,
    "motion_state": false,
    "pose": [
      [
        0.9990102221318303,
        0.04431139097036486,
        -0.003882873469767824,
        53.862724479229655
      ],
      [
        -0.04432142032644048,
        0.9990141039092876,
        -0.002536117223252334,
        10.26967067856458
      ],
      [
        0.003766666478167038,
        0.00270570149768164,
        0.9999892456436957,
        2.887619204456179
      ],
      [
        0.0,
        0.0,
        0.0,
        1.0
      ]
    ],
    "location": [
      53.862724479229655,
      10.26967067856458,
      2.887619204456179
    ],
    "rotation": [
      0.0027057239932367617,
      -0.003766675384994172,
      -0.044336258638998115
    ]
  },
  {
    "label_id": "V7YN8qOnLzj6EqMtbCjrbw",
    "size": [
      2.3616038729626827,
      4.897855298287807,
      1.8405185015044054
    ],
    "obj_class": "vehicle",
    "point_num_in_lidar": 5458,
    "speed": 0.0,
    "if_vehicle": true,
    "motion_state": false,
    "pose": [
      [
        0.6910102937048272,
        0.7228344881697234,
        -0.003882873469767824,
        2.9910673179329024
      ],
      [
        -0.7228444173332924,
        0.691006162374492,
        -0.002536117223252334,
        -4.770993855840061
      ],
      [
        0.0008498965003219704,
        0.004559196518142688,
        0.9999892456436957,
        0.847619204456187
      ],
      [
        0.0,
        0.0,
        0.0,
        1.0
      ]
    ],
    "location": [
      2.9910673179329024,
      -4.770993855840061,
      0.847619204456187
    ],
    "rotation": [
      0.0045592139597009414,
      -0.0008498966026387857,
      -0.8079101976551925
    ]
  },
  {
    "label_id": "Xhv1ib3Sd4Npw2uCm8OIgA",
    "size": [
      0.7032178819206072,
      0.8587069967628569,
      1.7415277018557802
    ],
    "obj_class": "pedestrian",
    "point_num_in_lidar": 39,
    "speed": 1.6077746776921857e-12,
    "if_vehicle": false,
    "motion_state": false,
    "pose": [
      [
        -0.836980398676359,
        -0.5472190928002977,
        -0.003882873469767824,
        53.21171874849824
      ],
      [
        0.5472297003321406,
        -0.8369786276744619,
        -0.002536117223252334,
        -2.723405725089833
      ],
      [
        -0.0018620703420164967,
        -0.004247504089896385,
        0.9999892456436957,
        0.9170612334798065
      ],
      [
        0.0,
        0.0,
        0.0,
        1.0
      ]
    ],
    "location": [
      53.21171874849824,
      -2.723405725089833,
      0.9170612334798065
    ],
    "rotation": [
      -0.00424752422552665,
      0.001862071418079441,
      2.5625407432236225
    ]
  },
  {
    "label_id": "XsywigB-Q40d0u9u21SmQg",
    "size": [
      0.7289434170585106,
      0.9162428550820471,
      1.9424134016137273
    ],
    "obj_class": "pedestrian",
    "point_num_in_lidar": 69,
    "speed": 1.6818160652262815,
    "if_vehicle": false,
    "motion_state": true,
    "pose": [
      [
        0.9983100279066842,
        -0.0579828550053635,
        -0.003882873469767824,
        45.014420549232455
      ],
      [
        0.05797327470270841,
        0.998314914007436,
        -0.002536117223252334,
        -5.142335235024802
      ],
      [
        0.004023381811305465,
        0.002306728365620952,
        0.9999892456436957,
        1.031377632018092
      ],
      [
        0.0,
        0.0,
        0.0,
        1.0
      ]
    ],
    "location": [
      45.014420549232455,
      -5.142335235024802,
      1.031377632018092
    ],
    "rotation": [
      0.002306749081783598,
      -0.004023392666201242,
      0.058006267670401006
    ]
  },
  {
    "label_id": "YmfytkE-ukfBRofAX1HVww",
    "size": [
      0.6442834931441589,
      0.7097897537460085,
      1.5500000000000043
    ],
    "obj_class": "pedestrian",
    "point_num_in_lidar": 48,
    "speed": 1.413111038756456,
    "if_vehicle": false,
    "motion_state": true,
    "pose": [
      [
        0.9997026230044407,
        -0.024074651641489135,
        -0.003882873469767824,
        32.26489183164813
      ],
      [
        0.024064911059820112,
        0.9997071812111349,
        -0.002536117223252334,
        -8.235330705771048
      ],
      [
        0.00394279263013287,
        0.0024419220356255997,
        0.9999892456436957,
        0.8885036007817604
      ],
      [
        0.0,
        0.0,
        0.0,
        1.0
      ]
    ],
    "location": [
      32.26489183164813,
      -8.235330705771048,
      0.8885036007817604
    ],
    "rotation": [
      0.002441943443355051,
      -0.003942802845726204,
      0.024067421518611652
    ]
  },
  {
    "label_id": "aOalNxxJ9uA_4VqI2Wr-pw",
    "size": [
      1.000000000002982,
      1.0,
      1.7608367811754064
    ],
    "obj_class": "pedestrian",
    "point_num_in_lidar": 21,
    "speed": 1.266758496578762,
    "if_vehicle": false,
    "motion_state": true,
    "pose": [
      [
        0.9898910507336836,
        0.14177669403319348,
        -0.003882873469767824,
        60.00165829839534
      ],
      [
        -0.14178705487309545,
        0.9898939332978275,
        -0.002536117223252334,
        -4.00333546922775
      ],
      [
        0.003484070575892895,
        0.0030610209366323023,
        0.9999892456436957,
        0.9345400282537781
      ],
      [
        0.0,
        0.0,
        0.0,
        1.0
      ]
    ],
    "location": [
      60.00165829839534,
      -4.00333546922775,
      0.9345400282537781
    ],
    "rotation": [
      0.0030610442956066023,
      -0.003484077624640392,
      -0.14226734511746034
    ]
  },
  {
    "label_id": "aphnxehbBGUVAa3NaGJV7A",
    "size": [
      2.0433480586279624,
      4.555124657205895,
      1.5400000000000063
    ],
    "obj_class": "vehicle",
    "point_num_in_lidar": 114,
    "speed": 2.116034230874288,
    "if_vehicle": true,
    "motion_state": true,
    "pose": [
      [
        -0.9980131808310418,
        0.06288572318995647,
        -0.003882873469767824,
        55.4701013814265
      ],
      [
        -0.06287616700275615,
        -0.9980181139300386,
        -0.002536117223252334,
        7.070012333562772
      ],
      [
        -0.004034663622605395,
        -0.002286938216202759,
        0.9999892456436957,
        0.6684042904961061
      ],
      [
        0.0,
        0.0,
        0.0,
        1.0
      ]
    ],
    "location": [
      55.4701013814265,
      7.070012333562772,
      0.6684042904961061
    ],
    "rotation": [
      -0.0022869588239380696,
      0.004034674569071305,
      -3.07867447068684
    ]
  },
  {
    "label_id": "c3SCJxumyZ0SBk4CZmOJ6g",
    "size": [
      0.9673409614808328,
      1.0650027170117071,
      1.9586854736991413
    ],
    "obj_class": "pedestrian",
    "point_num_in_lidar": 105,
    "speed": 1.2295121295339784,
    "if_vehicle": false,
    "motion_state": true,
    "pose": [
      [
        0.9994434296709418,
        0.03313237361256709,
        -0.003882873469767824,
        37.32041458358435
      ],
      [
        -0.03314235891432954,
        0.9994474234070663,
        -0.002536117223252334,
        12.915532145758334
      ],
      [
        0.0037967003014090436,
        0.0026633932818088324,
        0.9999892456436957,
        1.0083531679585604
      ],
      [
        0.0,
        0.0,
        0.0,
        1.0
      ]
    ],
    "location": [
      37.32041458358435,
      12.915532145758334,
      1.0083531679585604
    ],
    "rotation": [
      0.002663415627282009,
      -0.0037967094229984038,
      -0.033148668270932775
    ]
  },
  {
    "label_id": "cEBTjT2GdLcTLHmXu-PHfw",
    "size": [
      0.8625872603823773,
      0.8538088650045665,
      1.7592707532064438
    ],
    "obj_class": "pedestrian",
    "point_num_in_lidar": 87,
    "speed": 0.2512450074708531,
    "if_vehicle": false,
    "motion_state": false,
    "pose": [
      [
        -0.9868431691359879,
        0.16163379233086675,
        -0.003882873469767824,
        9.47007465531351
      ],
      [
        -0.16162477297130642,
        -0.9868490263821531,
        -0.002536117223252334,
        -9.743628623793484
      ],
      [
        -0.004241732147795371,
        -0.0018751814148671622,
        0.9999892456436957,
        0.9027184717931362
      ],
      [
        0.0,
        0.0,
        0.0,
        1.0
      ]
    ],
    "location": [
      9.47007465531351,
      -9.743628623793484,
      0.9027184717931362
    ],
    "rotation": [
      -0.0018751993834833628,
      0.004241744867645316,
      -2.9792543287925057
    ]
  },
  {
    "label_id": "d5Xz_Y5bEfbj7EAZ-5qxtA",
    "size": [
      2.0468262846604786,
      4.409145640338879,
      1.7941632412429342
    ],
    "obj_class": "vehicle",
    "point_num_in_lidar": 47,
    "speed": 2.1978160082062677,
    "if_vehicle": true,
    "motion_state": true,
    "pose": [
      [
        -0.09298056452928626,
        -0.9956603526873172,
        -0.003882873469767824,
        44.743889667035546
      ],
      [
        0.9956655719774931,
        -0.09297116159412858,
        -0.002536117223252334,
        -14.634563319421432
      ],
      [
        0.0021641161121524603,
        -0.004101853045323061,
        0.9999892456436957,
        1.0688493393898142
      ],
      [
        0.0,
        0.0,
        0.0,
        1.0
      ]
    ],
    "location": [
      44.743889667035546,
      -14.634563319421432,
      1.0688493393898142
    ],
    "rotation": [
      -0.004101874153246213,
      -0.0021641178013923966,
      1.663911609393104
    ]
  },
  {
    "label_id": "fNy8PC-BmuP16FOJ9FFzIw",
    "size": [
      2.14765944337743,
      5.107156534927326,
      1.980000000000004
    ],
    "obj_class": "vehicle",
    "point_num_in_lidar": 5021,
    "speed": 1.3830600733622805e-11,
    "if_vehicle": true,
    "motion_state": false,
    "pose": [
      [
        0.758795229912756,
        0.6513176815926813,
        -0.003882873469767824,
        9.76932568941993
      ],
      [
        -0.6513279691478705,
        0.7587920958438752,
        -0.002536117223252334,
        -4.6730783365128445
      ],
      [
        0.0012944757079257272,
        0.004453417743025477,
        0.9999892456436957,
        0.8495289039752336
      ],
      [
        0.0,
        0.0,
        0.0,
        1.0
      ]
    ],
    "location": [
      9.76932568941993,
      -4.6730783365128445,
      0.8495289039752336
    ],
    "rotation": [
      0.0044534361951420135,
      -0.0012944760694444482,
      -0.7093339438135895
    ]
  },
  {
    "label_id": "gLdCcd_k3Lp-3dE0ol5ezA",
    "size": [
      2.135069974136136,
      4.396070169772625,
      1.8305185015044074
    ],
    "obj_class": "vehicle",
    "point_num_in_lidar": 1204,
    "speed": 3.5950934718225418e-12,
    "if_vehicle": true,
    "motion_state": false,
    "pose": [
      [
        0.6806008188897966,
        0.7326441486971392,
        -0.003882873469767824,
        19.92008123024425
      ],
      [
        -0.7326540177540948,
        0.6805965459640627,
        -0.002536117223252334,
        -3.9800986740228836
      ],
      [
        0.0007845988279136169,
        0.004570886307002234,
        0.9999892456436957,
        0.892619204456139
      ],
      [
        0.0,
        0.0,
        0.0,
        1.0
      ]
    ],
    "location": [
      19.92008123024425,
      -3.9800986740228836,
      0.892619204456139
    ],
    "rotation": [
      0.004570903630664518,
      -0.000784598908412867,
      -0.8222136605656236
    ]
  },
  {
    "label_id": "l-XnejT-kWgZdox4WXTk1Q",
    "size": [
      2.002831474961663,
      4.45394267847577,
      1.5900000000000034
    ],
    "obj_class": "vehicle",
    "point_num_in_lidar": 3667,
    "speed": 2.2737367544323206e-12,
    "if_vehicle": true,
    "motion_state": false,
    "pose": [
      [
        0.5637916269611029,
        0.8259079395805384,
        -0.003882873469767824,
        13.066347590145597
      ],
      [
        -0.8259170614755437,
        0.5637859307157577,
        -0.002536117223252334,
        -4.414321990865574
      ],
      [
        9.451008261352374e-05,
        0.004636773101693498,
        0.9999892456436957,
        0.6428784552083542
      ],
      [
        0.0,
        0.0,
        0.0,
        1.0
      ]
    ],
    "location": [
      13.066347590145597,
      -4.414321990865574,
      0.6428784552083542
    ],
    "rotation": [
      0.004636789737407229,
      -9.451008275422021e-05,
      -0.9718268702737494
    ]
  },
  {
    "label_id": "lZyBbVEUGKHI86ep9kmLgw",
    "size": [
      0.8723086256036757,
      0.6996606541566454,
      1.9082143842119805
    ],
    "obj_class": "pedestrian",
    "point_num_in_lidar": 52,
    "speed": 2.2737367544323206e-12,
    "if_vehicle": false,
    "motion_state": false,
    "pose": [
      [
        -0.9463509005168115,
        0.3231174653042413,
        -0.003882873469767824,
        48.47214224374329
      ],
      [
        -0.32310954269465114,
        -0.9463581729604723,
        -0.002536117223252334,
        21.508069284413068
      ],
      [
        -0.004494052811577892,
        -0.0011454633468831674,
        0.9999892456436957,
        0.6342725199162444
      ],
      [
        0.0,
        0.0,
        0.0,
        1.0
      ]
    ],
    "location": [
      48.47214224374329,
      21.508069284413068,
      0.6342725199162444
    ],
    "rotation": [
      -0.0011454751647385986,
      0.0044940679390796405,
      -2.812575766416376
    ]
  },
  {
    "label_id": "miUCgrw0d28mF4d4GaaTfg",
    "size": [
      0.760309228346566,
      0.8180348372529171,
      1.7374134793072642
    ],
    "obj_class": "pedestrian",
    "point_num_in_lidar": 79,
    "speed": 1.3251290122098875,
    "if_vehicle": false,
    "motion_state": true,
    "pose": [
      [
        0.9993741401011337,
        0.035160366760561154,
        -0.003882873469767824,
        20.511072316294303
      ],
      [
        -0.035170360145818175,
        0.9993781135669538,
        -0.002536117223252334,
        -9.275060319960176
      ],
      [
        0.0037912879517184124,
        0.0026710920275158537,
        0.9999892456436957,
        0.9214210315561999
      ],
      [
        0.0,
        0.0,
        0.0,
        1.0
      ]
    ],
    "location": [
      20.511072316294303,
      -9.275060319960176,
      0.9214210315561999
    ],
    "rotation": [
      0.002671114401013271,
      -0.0037912970343536054,
      -0.03517786779857625
    ]
  },
  {
    "label_id": "oBgkabLveCc0Yw1MvBSHOA",
    "size": [
      0.8283111702786062,
      0.7942693187629959,
      1.8171851638005094
    ],
    "obj_class": "pedestrian",
    "point_num_in_lidar": 137,
    "speed": 1.1310462892484492,
    "if_vehicle": false,
    "motion_state": true,
    "pose": [
      [
        0.9725407337566029,
        -0.2327003319245297,
        -0.003882873469767824,
        26.907866109417228
      ],
      [
        0.23269176058830793,
        0.9725472290144801,
        -0.002536117223252334,
        -8.258865668925864
      ],
      [
        0.004366433153286871,
        0.0015629646413726766,
        0.9999892456436957,
        0.8877813787821509
      ],
      [
        0.0,
        0.0,
        0.0,
        1.0
      ]
    ],
    "location": [
      26.907866109417228,
      -8.258865668925864,
      0.8877813787821509
    ],
    "rotation": [
      0.0015629801774924219,
      -0.00436644702828468,
      0.23484678484056098
    ]
  },
  {
    "label_id": "skG246l1N6X1i6YSA_Q0Og",
    "size": [
      2.5894402093501707,
      7.428925470678697,
      2.7960974461957804
    ],
    "obj_class": "vehicle",
    "point_num_in_lidar": 204,
    "speed": 3.5950934718225418e-12,
    "if_vehicle": true,
    "motion_state": false,
    "pose": [
      [
        -0.9975982681935393,
        0.06915647902307535,
        -0.003882873469767824,
        70.65619053889532
      ],
      [
        -0.06914695402656722,
        -0.997603261250823,
        -0.002536117223252334,
        11.2790472761626
      ],
      [
        -0.0040489561740145895,
        -0.0022615372765473233,
        0.9999892456436957,
        1.3658018184191292
      ],
      [
        0.0,
        0.0,
        0.0,
        1.0
      ]
    ],
    "location": [
      70.65619053889532,
      11.2790472761626,
      1.3658018184191292
    ],
    "rotation": [
      -0.002261557742491522,
      0.004048967237225235,
      -3.0723899104321886
    ]
  },
  {
    "label_id": "t1ePe__aXYB9-IF7fpKV7w",
    "size": [
      0.7204831567496666,
      0.8499257723597111,
      1.6992111162184642
    ],
    "obj_class": "pedestrian",
    "point_num_in_lidar": 83,
    "speed": 0.5992630281519197,
    "if_vehicle": false,
    "motion_state": false,
    "pose": [
      [
        -0.9650831636961421,
        -0.2619148916038624,
        -0.003882873469767824,
        30.529103062144713
      ],
      [
        0.2619255274335184,
        -0.9650847559608965,
        -0.002536117223252334,
        10.780150813377986
      ],
      [
        -0.0030830551273750956,
        -0.0034645877148471913,
        0.9999892456436957,
        0.8435873781730621
      ],
      [
        0.0,
        0.0,
        0.0,
        1.0
      ]
    ],
    "location": [
      30.529103062144713,
      10.780150813377986,
      0.8435873781730621
    ],
    "rotation": [
      -0.0034646111120707466,
      0.0030830600115867796,
      2.876574516295201
    ]
  },
  {
    "label_id": "tLLaYUgBVODgrVjxYBagwA",
    "size": [
      0.7770444605792443,
      0.11190182437167095,
      0.7800000000000011
    ],
    "obj_class": "sign",
    "point_num_in_lidar": 57,
    "speed": 0.0036316496319135617,
    "if_vehicle": false,
    "motion_state": false,
    "pose": [
      [
        -0.994819968200605,
        0.10157831541704634,
        -0.003882873469767824,
        31.74727929347864
      ],
      [
        -0.10156895792068386,
        -0.9948252685252503,
        -0.002536117223252334,
        -1.9748432344567846
      ],
      [
        -0.004120395157449475,
        -0.002128600643326706,
        0.9999892456436957,
        3.0800249967463316
      ],
      [
        0.0,
        0.0,
        0.0,
        1.0
      ]
    ],
    "location": [
      31.74727929347864,
      -1.9748432344567846,
      3.0800249967463316
    ],
    "rotation": [
      -0.002128620320353231,
      0.00412040681664732,
      -3.039847378068306
    ]
  },
  {
    "label_id": "xIxcoz1j0U_6hXRNQfDsRQ",
    "size": [
      0.9653010212736384,
      0.8650115127405233,
      1.82986422652791
    ],
    "obj_class": "pedestrian",
    "point_num_in_lidar": 80,
    "speed": 1.1368683772161603e-12,
    "if_vehicle": false,
    "motion_state": false,
    "pose": [
      [
        -0.26244354004295195,
        -0.9649395377863532,
        -0.003882873469767824,
        16.682081231381744
      ],
      [
        0.9649462930870515,
        -0.26243517212254147,
        -0.002536117223252334,
        -8.09121677272924
      ],
      [
        0.0014281972138085487,
        -0.004412351943212763,
        0.9999892456436957,
        0.8816898558304018
      ],
      [
        0.0,
        0.0,
        0.0,
        1.0
      ]
    ],
    "location": [
      16.682081231381744,
      -8.09121677272924,
      0.8816898558304018
    ],
    "rotation": [
      -0.004412370760666442,
      -0.001428197699335892,
      1.8363502423623224
    ]
  },
  {
    "label_id": "y_AYZqAudv3jy1UANNLofA",
    "size": [
      0.37027632346143996,
      0.09389329663093805,
      0.6300000000000026
    ],
    "obj_class": "sign",
    "point_num_in_lidar": 50,
    "speed": 0.0021986360699026903,
    "if_vehicle": false,
    "motion_state": false,
    "pose": [
      [
        0.9999924616183953,
        8.769192741406583e-15,
        -0.003882873469767824,
        16.24161681597616
      ],
      [
        -9.847496525339064e-06,
        0.9999967840010571,
        -0.002536117223252334,
        9.243999370170059
      ],
      [
        0.0038828609824508274,
        0.002536136341615913,
        0.9999892456436957,
        2.695535905282405
      ],
      [
        0.0,
        0.0,
        0.0,
        1.0
      ]
    ],
    "location": [
      16.24161681597616,
      9.243999370170059,
      2.695535905282405
    ],
    "rotation": [
      0.0025361581788028564,
      -0.00388287073924676,
      -9.847570759767012e-06
    ]
  },
  {
    "label_id": "z6sao-55egyeGxRCNJlRDg",
    "size": [
      0.7228461181916741,
      0.9091300830913079,
      1.5800000000000054
    ],
    "obj_class": "pedestrian",
    "point_num_in_lidar": 115,
    "speed": 1.0295499395485133,
    "if_vehicle": false,
    "motion_state": true,
    "pose": [
      [
        -0.9595903417636229,
        0.2813739491985551,
        -0.003882873469767824,
        21.55761737485591
      ],
      [
        -0.2813657157798201,
