[
  {
    "label_id": "-K1mhaiPD_bfqqGo9XGMqQ",
    "size": [
      0.750733514968331,
      0.7899949617853979,
      1.7000000000000028
    ],
    "obj_class": "pedestrian",
    "point_num_in_lidar": 590,
    "speed": 0.2938529986867057,
    "if_vehicle": false,
    "motion_state": false,
    "pose": [
      [
        0.9777001923898244,
        0.209987094864956,
        -0.0027845629955934315,
        14.632966184151883
      ],
      [
        -0.2099956257965507,
        0.9776969598916079,
        -0.0032390994153517275,
        -1.1512373246223433
      ],
      [
        0.0020422896992098797,
        0.003751614170388712,
        0.9999908771803376,
        0.8532416911200471
      ],
      [
        0.0,
        0.0,
        0.0,
        1.0
      ]
    ],
    "location": [
      14.632966184151883,
      -1.1512373246223433,
      0.8532416911200471
    ],
    "rotation": [
      0.003751630794833346,
      -0.0020422911189263,
      -0.21157093372305177
    ]
  },
  {
    "label_id": "-lw-pbHiNJGWsl32vhmuQQ",
    "size": [
      0.6444965489754448,
      0.11856601403023674,
      0.71051850150441
    ],
    "obj_class": "sign",
    "point_num_in_lidar": 24,
    "speed": 0.004181006884272711,
    "if_vehicle": false,
    "motion_state": false,
    "pose": [
      [
        -0.9999465457943607,
        -0.00995749782074574,
        -0.0027845629955934315,
        54.22114245349076
      ],
      [
        0.009966503252714897,
        -0.9999450870162276,
        -0.0032390994153517275,
        -1.730398035280814
      ],
      [
        -0.002752156761561297,
        -0.0032666786280184648,
        0.9999908771803376,
        3.1526192044562436
      ],
      [
        0.0,
        0.0,
        0.0,
        1.0
      ]
    ],
    "location": [
      54.22114245349076,
      -1.730398035280814,
      3.1526192044562436
    ],
    "rotation": [
      -0.003266696809584775,
      0.0027521602358806245,
      3.131625947585204
    ]
  },
  {
    "label_id": "5v-HhV-BedTvNkAgrUmSsA",
    "size": [
      2.1228378314039618,
      5.033050925192189,
      1.480000000000004
    ],
    "obj_class": "vehicle",
    "point_num_in_lidar": 3089,
    "speed": 0.0030626815115514547,
    "if_vehicle": true,
    "motion_state": false,
    "pose": [
      [
        -0.9947586069191174,
        0.1022133072024398,
        -0.0027845629955934315,
        12.455332292571256
      ],
      [
        -0.10220419499709625,
        -0.9947581669732463,
        -0.0032390994153517275,
        7.396783057884022
      ],
      [
        -0.003101045844918643,
        -0.002937528002704483,
        0.9999908771803376,
        0.6080516432649432
      ],
      [
        0.0,
        0.0,
        0.0,
        1.0
      ]
    ],
    "location": [
      12.455332292571256,
      7.396783057884022,
      0.6080516432649432
    ],
    "rotation": [
      -0.0029375463519206776,
      0.0031010508151337983,
      -3.0392091906093843
    ]
  },
  {
    "label_id": "6ufHihRk7ljuRm35o3Ve6g",
    "size": [
      0.8855818262549363,
      0.8864430025332695,
      1.8700000000000045
    ],
    "obj_class": "pedestrian",
    "point_num_in_lidar": 29,
    "speed": 1.1368683772161603e-12,
    "if_vehicle": false,
    "motion_state": false,
    "pose": [
      [
        0.8691099303371669,
        0.4946111353358803,
        -0.0027845629955934315,
        47.2940128779519
      ],
      [
        -0.4946182971711089,
        0.8691042793235632,
        -0.0032390994153517275,
        22.216328529117163
      ],
      [
        0.0008179809762233872,
        0.004192429274477603,
        0.9999908771803376,
        0.5865670572654054
      ],
      [
        0.0,
        0.0,
        0.0,
        1.0
      ]
    ],
    "location": [
      47.2940128779519,
      22.216328529117163,
      0.5865670572654054
    ],
    "rotation": [
      0.004192442958496548,
      -0.0008179810674409554,
      -0.5173957791024417
    ]
  },
  {
    "label_id": "Abp2wF28Amdp-8SvcS3E1g",
    "size": [
      2.196294568927894,
      4.401772619467235,
      1.7100000000000009
    ],
    "obj_class": "vehicle",
    "point_num_in_lidar": 3000,
    "speed": 2.5421149729252077e-12,
    "if_vehicle": true,
    "motion_state": false,
    "pose": [
      [
        0.9995890163195486,
        0.02853146793000232,
        -0.0027845629955934315,
        14.714482925832272
      ],
      [
        -0.028540444708724633,
        0.9995873905021039,
        -0.0032390994153517275,
        -0.00024195664445869625
      ],
      [
        0.0026909977973627623,
        0.0033172408645663534,
        0.9999908771803376,
        0.9060655647382845
      ],
      [
        0.0,
        0.0,
        0.0,
        1.0
      ]
    ],
    "location": [
      14.714482925832272,
      -0.00024195664445869625,
      0.9060655647382845
    ],
    "rotation": [
      0.003317258959444302,
      -0.002691001045169599,
      -0.028544424146141566
    ]
  },
  {
    "label_id": "C4NxoX3efnXfwLAduEGZxw",
    "size": [
      2.002831474961664,
      4.45394267847577,
      1.5900000000000034
    ],
    "obj_class": "vehicle",
    "point_num_in_lidar": 1287,
    "speed": 6.431098710768743e-12,
    "if_vehicle": true,
    "motion_state": false,
    "pose": [
      [
        0.5637936912876137,
        0.8259109636475414,
        -0.0027845629955934315,
        16.627299012507137
      ],
      [
        -0.8259149181063614,
        0.5637854700897671,
        -0.0032390994153517275,
        -4.547454089843086
      ],
      [
        -0.0011053115620181207,
        0.004125995934296255,
        0.9999908771803376,
        0.6528784552083735
      ],
      [
        0.0,
        0.0,
        0.0,
        1.0
      ]
    ],
    "location": [
      16.627299012507137,
      -4.547454089843086,
      0.6528784552083735
    ],
    "rotation": [
      0.004126010161519931,
      0.0011053117870806148,
      -0.9718239568958725
    ]
  },
  {
    "label_id": "D-j8uA5tzbpXhUFsbPfY1w",
    "size": [
      0.9873273858106815,
      0.7573816566762264,
      1.5740498284474072
    ],
    "obj_class": "pedestrian",
    "point_num_in_lidar": 48,
    "speed": 0.8583799478193572,
    "if_vehicle": false,
    "motion_state": false,
    "pose": [
      [
        0.9993634672112164,
        -0.03556552561821208,
        -0.0027845629955934315,
        35.42215546408261
      ],
      [
        0.03555646312254355,
        0.9993624198283587,
        -0.0032390994153517275,
        -8.62402638826461
      ],
      [
        0.0028979878866773824,
        0.0031380284109025092,
        0.9999908771803376,
        0.9680684329271116
      ],
      [
        0.0,
        0.0,
        0.0,
        1.0
      ]
    ],
    "location": [
      35.42215546408261,
      -8.62402638826461,
      0.9680684329271116
    ],
    "rotation": [
      0.0031380467383221263,
      -0.0028979919430709784,
      0.03556410890569835
    ]
  },
  {
    "label_id": "DV-QVxiC5bGWoAdie1BT7w",
    "size": [
      2.1232088259577133,
      4.640056433527341,
      1.5305185015044103
    ],
    "obj_class": "vehicle",
    "point_num_in_lidar": 299,
    "speed": 0.5722293113617967,
    "if_vehicle": true,
    "motion_state": false,
    "pose": [
      [
        0.9991165165499161,
        -0.04193366864567182,
        -0.0027845629955934315,
        29.586176707656705
      ],
      [
        0.04192459965914876,
        0.9991155269429044,
        -0.0032390994153517275,
        1.319341988877568
      ],
      [
        0.0029179274462417925,
        0.0031194960358091536,
        0.9999908771803376,
        0.8226192044560818
      ],
      [
        0.0,
        0.0,
        0.0,
        1.0
      ]
    ],
    "location": [
      29.586176707656705,
      1.319341988877568,
      0.8226192044560818
    ],
    "rotation": [
      0.0031195143755796883,
      -0.0029179315869428827,
      0.04193706963723989
    ]
  },
  {
    "label_id": "DX4XHYOjhuavfiHWtty6bw",
    "size": [
      0.7633635673137088,
      0.9971149116720426,
      1.7568296477584084
    ],
    "obj_class": "pedestrian",
    "point_num_in_lidar": 20,
    "speed": 1.4669567873690157,
    "if_vehicle": false,
    "motion_state": true,
    "pose": [
      [
        -0.9800391405795507,
        0.19878513309857748,
        -0.0027845629955934315,
        68.26828310584824
      ],
      [
        -0.19877602144552678,
        -0.9800395918192616,
        -0.0032390994153517275,
        -6.863781452208059
      ],
      [
        -0.0033728667899966245,
        -0.0026209398535445324,
        0.9999908771803376,
        0.8964948249132831
      ],
      [
        0.0,
        0.0,
        0.0,
        1.0
      ]
    ],
    "location": [
      68.26828310584824,
      -6.863781452208059,
      0.8964948249132831
    ],
    "rotation": [
      -0.0026209577626216006,
      0.0033728731851143056,
      -2.94148263808068
    ]
  },
  {
    "label_id": "Djbr-wq3c_Wu_emcmW1Dog",
    "size": [
      2.459956087835262,
      5.612823795445765,
      2.270518501504405
    ],
    "obj_class": "vehicle",
    "point_num_in_lidar": 13891,
    "speed": 3.5950934718225418e-12,
    "if_vehicle": true,
    "motion_state": false,
    "pose": [
      [
        0.6979157682718652,
        0.7161744386714842,
        -0.0027845629955934315,
        6.414921689996845
      ],
      [
        -0.7161797530841929,
        0.697908353229306,
        -0.0032390994153517275,
        -4.570807764139317
      ],
      [
        -0.00037639043087278184,
        0.004254866195605635,
        0.9999908771803376,
        0.9794242436458518
      ],
      [
        0.0,
        0.0,
        0.0,
        1.0
      ]
    ],
    "location": [
      6.414921689996845,
      -4.570807764139317,
      0.9794242436458518
    ],
    "rotation": [
      0.004254879335374917,
      0.0003763904397599725,
      -0.7983131108481868
    ]
  },
  {
    "label_id": "EB8EchWMY1Oagsjrk4KwsA",
    "size": [
      2.203939785643836,
      4.8606414627357974,
      1.6200000000000045
    ],
    "obj_class": "vehicle",
    "point_num_in_lidar": 38,
    "speed": 4.099037227506402e-12,
    "if_vehicle": true,
    "motion_state": false,
    "pose": [
      [
        0.6763884192062699,
        0.7365398513132653,
        -0.0027845629955934315,
        68.75947913957498
      ],
      [
        -0.7365449436780038,
        0.6763808499487131,
        -0.0032390994153517275,
        -2.6366225702222437
      ],
      [
        -0.0005023007160768264,
        0.004241845127958926,
        0.9999908771803376,
        0.8066471474137415
      ],
      [
        0.0,
        0.0,
        0.0,
        1.0
      ]
    ],
    "location": [
      68.75947913957498,
      -2.6366225702222437,
      0.8066471474137415
    ],
    "rotation": [
      0.004241858383951721,
      0.000502300737199077,
      -0.8279480934048407
    ]
  },
  {
    "label_id": "Fyvr9wj_mD3-PKw_3XcdnA",
    "size": [
      0.7829285216736034,
      0.8748261895378542,
      1.7744533473011828
    ],
    "obj_class": "pedestrian",
    "point_num_in_lidar": 20,
    "speed": 1.0217875208759688,
    "if_vehicle": false,
    "motion_state": true,
    "pose": [
      [
        0.9990865170105796,
        0.0426424405562383,
        -0.0027845629955934315,
        74.82432315692859
      ],
      [
        -0.04265139348417013,
        0.9990847646065052,
        -0.0032390994153517275,
        15.826735855713196
      ],
      [
        0.0026438913607095657,
        0.0033549060451412774,
        0.9999908771803376,
        0.9985459831238188
      ],
      [
        0.0,
        0.0,
        0.0,
        1.0
      ]
    ],
    "location": [
      74.82432315692859,
      15.826735855713196,
      0.9985459831238188
    ],
    "rotation": [
      0.0033549240644334135,
      -0.0026438944409238664,
      -0.04266448477386166
    ]
  },
  {
    "label_id": "G96MfK6U70_2CEKJH1g1gA",
    "size": [
      2.0507676477421533,
      4.751621205894719,
      1.783059185505671
    ],
    "obj_class": "vehicle",
    "point_num_in_lidar": 4665,
    "speed": 1.1368683772161603e-12,
    "if_vehicle": true,
    "motion_state": false,
    "pose": [
      [
        -0.9991526055255467,
        0.04106479125034974,
        -0.0027845629955934315,
        6.1541660873554065
      ],
      [
        -0.041055723127847714,
        -0.999151608032248,
        -0.0032390994153517275,
        6.997459129321214
      ],
      [
        -0.002915213536044819,
        -0.0031220323730258197,
        0.9999908771803376,
        0.7269309955856542
      ],
      [
        0.0,
        0.0,
        0.0,
        1.0
      ]
    ],
    "location": [
      6.1541660873554065,
      6.997459129321214,
      0.7269309955856542
    ],
    "rotation": [
      -0.0031220507112328585,
      0.0029152176652030544,
      -3.1005252133686865
    ]
  },
  {
    "label_id": "GvNSnjQZk7nOuKBrSduqOA",
    "size": [
      2.157995541181503,
      4.7553734910656065,
      1.5499999999999972
    ],
    "obj_class": "vehicle",
    "point_num_in_lidar": 117,
    "speed": 3.5766965072459986,
    "if_vehicle": true,
    "motion_state": true,
    "pose": [
      [
        -0.9990449177834195,
        0.04360617456329034,
        -0.0027845629955934315,
        51.85950006155326
      ],
      [
        -0.04359710393282952,
        -0.9990439433596741,
        -0.0032390994153517275,
        6.578380433456914
      ],
      [
        -0.0029231455301847674,
        -0.0031146069267759913,
        0.9999908771803376,
        0.6791578555857285
      ],
      [
        0.0,
        0.0,
        0.0,
        1.0
      ]
    ],
    "location": [
      51.85950006155326,
      6.578380433456914,
      0.6791578555857285
    ],
    "rotation": [
      -0.0031146252694471393,
      0.002923149693139916,
      -3.0979815404983873
    ]
  },
  {
    "label_id": "H1UceUMUw7amJjkZPWl6qg",
    "size": [
      0.6970462820206045,
      0.7653631564612301,
      1.6941567563163105
    ],
    "obj_class": "pedestrian",
    "point_num_in_lidar": 45,
    "speed": 1.5279376882184588,
    "if_vehicle": false,
    "motion_state": true,
    "pose": [
      [
        -0.9995934026929009,
        0.028377376583323188,
        -0.0027845629955934315,
        46.82908897325251
      ],
      [
        -0.028368321854598744,
        -0.9995922901614095,
        -0.0032390994153517275,
        -6.0426859560466255
      ],
      [
        -0.0028753448457642106,
        -0.0031587890269686196,
        0.9999908771803376,
        0.8681693059278146
      ],
      [
        0.0,
        0.0,
        0.0,
        1.0
      ]
    ],
    "location": [
      46.82908897325251,
      -6.0426859560466255,
      0.8681693059278146
    ],
    "rotation": [
      -0.003158807337991844,
      0.0028753488078162837,
      -3.1132204080831563
    ]
  },
  {
    "label_id": "ImNXxSqrOhGjnDuh8WZ_rw",
    "size": [
      0.7006499849930966,
      0.8057173953675747,
      1.5600000000000023
    ],
    "obj_class": "pedestrian",
    "point_num_in_lidar": 35,
    "speed": 1.087768336725095,
    "if_vehicle": false,
    "motion_state": true,
    "pose": [
      [
        -0.9997595274213803,
        -0.02175163302150041,
        -0.0027845629955934315,
        57.650840632166364
      ],
      [
        0.021760620620015273,
        -0.9997579625215341,
        -0.0032390994153517275,
        -5.368201366873109
      ],
      [
        -0.0027134333251844613,
        -0.0032989143197025544,
        0.9999908771803376,
        0.8556711139386834
      ],
      [
        0.0,
        0.0,
        0.0,
        1.0
      ]
    ],
    "location": [
      57.650840632166364,
      -5.368201366873109,
      0.8556711139386834
    ],
    "rotation": [
      -0.003298932447947317,
      0.0027134366549039805,
      3.1198302351107317
    ]
  },
  {
    "label_id": "J8-j5tMTE7dijlXHKvNmRw",
    "size": [
      1.8686382631255336,
      4.258107369427481,
      1.7700000000000031
    ],
    "obj_class": "vehicle",
    "point_num_in_lidar": 83,
    "speed": 2.5421149729252077e-12,
    "if_vehicle": true,
    "motion_state": false,
    "pose": [
      [
        0.08394560208671972,
        0.9964664480549367,
        -0.0027845629955934315,
        38.59394028606039
      ],
      [
        -0.9964658410045518,
        0.08393649948662839,
        -0.0032390994153517275,
        -13.496263904504303
      ],
      [
        -0.0029939274188622456,
        0.003046630057874605,
        0.9999908771803376,
        1.0303133105763393
      ],
      [
        0.0,
        0.0,
        0.0,
        1.0
      ]
    ],
    "location": [
      38.59394028606039,
      -13.496263904504303,
      1.0303133105763393
    ],
    "rotation": [
      0.0030466484255518692,
      0.002993931891608949,
      -1.4867514409747147
    ]
  },
  {
    "label_id": "JYZGrjHhOWIfmt9jVFankA",
    "size": [
      0.885581826245702,
      0.8864430025332695,
      1.9033832664799561
    ],
    "obj_class": "pedestrian",
    "point_num_in_lidar": 24,
    "speed": 0.008852133691229879,
    "if_vehicle": false,
    "motion_state": false,
    "pose": [
      [
        0.5832442088822036,
        0.8122920897154521,
        -0.0027845629955934315,
        47.98456341111887
      ],
      [
        -0.8122962382538885,
        0.5832360838919001,
        -0.0032390994153517275,
        22.776519950537477
      ],
      [
        -0.001007037215991943,
        0.00415107602249915,
        0.9999908771803376,
        0.5285228086541025
      ],
      [
        0.0,
        0.0,
        0.0,
        1.0
      ]
    ],
    "location": [
      47.98456341111887,
      22.776519950537477,
      0.5285228086541025
    ],
    "rotation": [
      0.004151090048961611,
      0.0010070373862021145,
      -0.9480791006886953
    ]
  },
  {
    "label_id": "LVurOGR3dPZTYlctUjwF1w",
    "size": [
      0.8553806403921415,
      0.9205835426103812,
      1.5600000000000023
    ],
    "obj_class": "pedestrian",
    "point_num_in_lidar": 137,
    "speed": 0.8867338208978693,
    "if_vehicle": false,
    "motion_state": false,
    "pose": [
      [
        0.9990583493024146,
        -0.04329735440021838,
        -0.0027845629955934315,
        24.148223751952173
      ],
      [
        0.04328828407139826,
        0.999057372074863,
        -0.0032390994153517275,
        12.47859402991162
      ],
      [
        0.0029221826240785056,
        0.003115510361159761,
        0.9999908771803376,
        0.7802956904603349
      ],
      [
        0.0,
        0.0,
        0.0,
        1.0
      ]
    ],
    "location": [
      24.148223751952173,
      12.47859402991162,
      0.7802956904603349
    ],
    "rotation": [
      0.0031155287033061414,
      -0.002922186782921073,
      0.043301999957646685
    ]
  },
  {
    "label_id": "MgUHjjRH5WfE7KTO3UAfsQ",
    "size": [
      2.1220822046833634,
      4.89751997057426,
      1.4830591855056738
    ],
    "obj_class": "vehicle",
    "point_num_in_lidar": 3966,
    "speed": 2.2737367544323206e-12,
    "if_vehicle": true,
    "motion_state": false,
    "pose": [
      [
        -0.9924468048823457,
        0.12264414249260605,
        -0.0027845629955934315,
        0.6649122067246935
      ],
      [
        -0.12263502316805358,
        -0.9924465523782872,
        -0.0032390994153517275,
        6.701107151944598
      ],
      [
        -0.0031607865151009706,
        -0.0028731489179845914,
        0.9999908771803376,
        0.5822005342838281
      ],
      [
        0.0,
        0.0,
        0.0,
        1.0
      ]
    ],
    "location": [
      0.6649122067246935,
      6.701107151944598,
      0.5822005342838281
    ],
    "rotation": [
      -0.0028731672233324804,
      0.0031607917781351883,
      -3.0186475221903457
    ]
  },
  {
    "label_id": "OpmBDWgrhvbDWXPsj-xPxA",
    "size": [
      0.7026515170164881,
      0.7358840794624211,
      1.68310318244977
    ],
    "obj_class": "pedestrian",
    "point_num_in_lidar": 40,
    "speed": 1.6077746776921857e-12,
    "if_vehicle": false,
    "motion_state": false,
    "pose": [
      [
        -0.9918255194335803,
        0.12757109864398047,
        -0.0027845629955934315,
        49.32563542089338
      ],
      [
        -0.1275619781779448,
        -0.9918253122189951,
        -0.0032390994153517275,
        18.73337872508273
      ],
      [
        -0.00317501553353141,
        -0.002857417096049232,
        0.9999908771803376,
        0.6377421228082341
      ],
      [
        0.0,
        0.0,
        0.0,
        1.0
      ]
    ],
    "location": [
      49.32563542089338,
      18.73337872508273,
      0.6377421228082341
    ],
    "rotation": [
      -0.0028574353870358827,
      0.0031750208679646318,
      -3.0136815198295115
    ]
  },
  {
    "label_id": "SV4MhXW_fLKMUyYTomC7iA",
    "size": [
      1.8745005814532074,
      4.026761972188614,
      1.730518501504406
    ],
    "obj_class": "vehicle",
    "point_num_in_lidar": 269,
    "speed": 3.2155493553843714e-12,
    "if_vehicle": true,
    "motion_state": false,
    "pose": [
      [
        0.5357876708895057,
        0.8443481615611668,
        -0.0027845629955934315,
        23.067769648005196
      ],
      [
        -0.8443518381771422,
        0.5357793217378385,
        -0.0032390994153517275,
        -3.943883484294929
      ],
      [
        -0.001243016363350749,
        0.004086620415380226,
        0.9999908771803376,
        0.852619204456154
      ],
      [
        0.0,
        0.0,
        0.0,
        1.0
      ]
    ],
    "location": [
      23.067769648005196,
      -3.943883484294929,
      0.852619204456154
    ],
    "rotation": [
      0.004086634947337749,
      0.0012430166834462638,
      -1.0053554957975583
    ]
  },
  {
    "label_id": "TBaMlPrcbb0tVmgFVZHKcA",
    "size": [
      0.8401860487472409,
      0.11186696262676982,
      0.8605185015044086
    ],
    "obj_class": "sign",
    "point_num_in_lidar": 35,
    "speed": 0.0030017805538295732,
    "if_vehicle": false,
    "motion_state": false,
    "pose": [
      [
        0.9990138800139056,
        0.04431155321680183,
        -0.0027845629955934315,
        53.875855325772136
      ],
      [
        -0.04432050320450024,
        0.9990121126546351,
        -0.0032390994153517275,
        10.268249165426823
      ],
      [
        0.002638282634929843,
        0.0033593185078506344,
        0.9999908771803376,
        2.887619204456172
      ],
      [
        0.0,
        0.0,
        0.0,
        1.0
      ]
    ],
    "location": [
      53.875855325772136,
      10.268249165426823,
      2.887619204456172
    ],
    "rotation": [
      0.003359336517667082,
      -0.002638285695582648,
      -0.044335180290873286
    ]
  },
  {
    "label_id": "V7YN8qOnLzj6EqMtbCjrbw",
    "size": [
      2.361603872962683,
      4.897855298287807,
      1.8405185015044054
    ],
    "obj_class": "vehicle",
    "point_num_in_lidar": 5617,
    "speed": 0.0,
    "if_vehicle": true,
    "motion_state": false,
    "pose": [
      [
        0.6910128238432698,
        0.7228371348326493,
        -0.0027845629955934315,
        2.9910673179329024
      ],
      [
        -0.7228423778624389,
        0.6910053581566156,
        -0.0032390994153517275,
        -4.770993855840061
      ],
      [
        -0.0004171933907512553,
        0.004251059370753794,
        0.9999908771803376,
        0.8476192044561586
      ],
      [
        0.0,
        0.0,
        0.0,
        1.0
      ]
    ],
    "location": [
      2.9910673179329024,
      -4.770993855840061,
      0.8476192044561586
    ],
    "rotation": [
      0.004251072544651103,
      0.0004171934028533638,
      -0.8079069594619394
    ]
  },
  {
    "label_id": "Xhv1ib3Sd4Npw2uCm8OIgA",
    "size": [
      0.7032178819248128,
      0.8587069967628569,
      1.7415277018557802
    ],
    "obj_class": "pedestrian",
    "point_num_in_lidar": 35,
    "speed": 0.594023721867483,
    "if_vehicle": false,
    "motion_state": false,
    "pose": [
      [
        -0.8787590983280948,
        -0.477257470674391,
        -0.0027845629955934315,
        53.54568639160425
      ],
      [
        0.4772647432985843,
        -0.8787535906265839,
        -0.0032390994153517275,
        -2.915342127009353
      ],
      [
        -0.00090106033646998,
        -0.00417536182492018,
        0.9999908771803376,
        0.9110095606285213
      ],
      [
        0.0,
        0.0,
        0.0,
        1.0
      ]
    ],
    "location": [
      53.54568639160425,
      -2.915342127009353,
      0.9110095606285213
    ],
    "rotation": [
      -0.004175375652003197,
      0.0009010604583999669,
      2.6440529949661364
    ]
  },
  {
    "label_id": "XsywigB-Q40d0u9u21SmQg",
    "size": [
      0.7289434170526984,
      0.9162428550820471,
      1.9424134016137273
    ],
    "obj_class": "pedestrian",
    "point_num_in_lidar": 46,
    "speed": 1.6545493484556486,
    "if_vehicle": false,
    "motion_state": true,
    "pose": [
      [
        0.9798251730529731,
        -0.19983712483078508,
        -0.0027845629955934315,
        37.866124523221515
      ],
      [
        0.1998280136674065,
        0.9798256340741021,
        -0.0032390994153517275,
        -5.879374099800771
      ],
      [
        0.0033756785169815813,
        0.0026173174528415924,
        0.9999908771803376,
        1.0313776320180281
      ],
      [
        0.0,
        0.0,
        0.0,
        1.0
      ]
    ],
    "location": [
      37.866124523221515,
      -5.879374099800771,
      1.0313776320180281
    ],
    "rotation": [
      0.002617335353721435,
      -0.003375684928106162,
      0.20118355310499153
    ]
  },
  {
    "label_id": "YmfytkE-ukfBRofAX1HVww",
    "size": [
      0.644283493134062,
      0.7097897537460085,
      1.5500000000000043
    ],
    "obj_class": "pedestrian",
    "point_num_in_lidar": 90,
    "speed": 1.3966603857951299,
    "if_vehicle": false,
    "motion_state": true,
    "pose": [
      [
        0.9964678500232861,
        -0.08392895852382146,
        -0.0027845629955934315,
        26.21310818886559
      ],
      [
        0.08391985593387068,
        0.9964672428208645,
        -0.0032390994153517275,
        -8.565101396103273
      ],
      [
        0.003046580051165583,
        0.002993978304998231,
        0.9999908771803376,
        0.8357323675360959
      ],
      [
        0.0,
        0.0,
        0.0,
        1.0
      ]
    ],
    "location": [
      26.21310818886559,
      -8.565101396103273,
      0.8357323675360959
    ],
    "rotation": [
      0.0029939966726613802,
      -0.0030465847640668937,
      0.08401906177445734
    ]
  },
  {
    "label_id": "aOalNxxJ9uA_4VqI2Wr-pw",
    "size": [
      1.00000000000055,
      1.0,
      1.7608367811754064
    ],
    "obj_class": "pedestrian",
    "point_num_in_lidar": 33,
    "speed": 1.0113570648366106,
    "if_vehicle": false,
    "motion_state": true,
    "pose": [
      [
        0.8905735552478834,
        0.45483072554750387,
        -0.0027845629955934315,
        54.895763507753145
      ],
      [
        -0.4548381354358317,
        0.8905682336509838,
        -0.0032390994153517275,
        -2.4908801495475927
      ],
      [
        0.0010066014112706128,
        0.004151181723050459,
        0.9999908771803376,
        0.9345400282537497
      ],
      [
        0.0,
        0.0,
        0.0,
        1.0
      ]
    ],
    "location": [
      54.895763507753145,
      -2.4908801495475927,
      0.9345400282537497
    ],
    "rotation": [
      0.00415119574865578,
      -0.0010066015812598998,
      -0.47219071138558244
    ]
  },
  {
    "label_id": "aphnxehbBGUVAa3NaGJV7A",
    "size": [
      2.0433480586278616,
      4.555124657205895,
      1.5400000000000063
    ],
    "obj_class": "vehicle",
    "point_num_in_lidar": 24,
    "speed": 5.117562442002786,
    "if_vehicle": true,
    "motion_state": true,
    "pose": [
      [
        -0.9985094499746083,
        0.05450802253181486,
        -0.0027845629955934315,
        71.53548456221324
      ],
      [
        -0.05449894180597349,
        -0.9985085746136618,
        -0.0032390994153517275,
        7.933851971181866
      ],
      [
        -0.0029569669315667253,
        -0.0030825156389840155,
        0.9999908771803376,
        0.735404332215225
      ],
      [
        0.0,
        0.0,
        0.0,
        1.0
      ]
    ],
    "location": [
      71.53548456221324,
      7.933851971181866,
      0.735404332215225
    ],
    "rotation": [
      -0.003082533997008776,
      0.002956971240699358,
      -3.0870664588465124
    ]
  },
  {
    "label_id": "bof1aeoD2plQ-sVhmz6tng",
    "size": [
      2.077745050204718,
      4.382102305572195,
      1.6253959798867612
    ],
    "obj_class": "vehicle",
    "point_num_in_lidar": 352,
    "speed": 6.183057526400564,
    "if_vehicle": true,
    "motion_state": true,
    "pose": [
      [
        -0.9983198958842849,
        0.05787600271713839,
        -0.0027845629955934315,
        30.917678001031163
      ],
      [
        -0.05786691909009202,
        -0.9983190511604986,
        -0.0032390994153517275,
        5.1289475195953855
      ],
      [
        -0.002967348414221448,
        -0.0030725233095255156,
        0.9999908771803376,
        0.7487313556716089
      ],
      [
        0.0,
        0.0,
        0.0,
        1.0
      ]
    ],
    "location": [
      30.917678001031163,
      5.1289475195953855,
      0.7487313556716089
    ],
    "rotation": [
      -0.0030725416710316146,
      0.0029673527688999536,
      -3.0836931352071506
    ]
  },
  {
    "label_id": "c3SCJxumyZ0SBk4CZmOJ6g",
    "size": [
      0.9673409614587895,
      1.0650027170117071,
      1.9586854736991413
    ],
    "obj_class": "pedestrian",
    "point_num_in_lidar": 123,
    "speed": 1.3229355341269207,
    "if_vehicle": false,
    "motion_state": true,
    "pose": [
      [
        0.9811951451665628,
        -0.19299827281737883,
        -0.0027845629955934315,
        32.001684793613094
      ],
      [
        0.1929891586601298,
        0.9811955426288038,
        -0.0032390994153517275,
        12.114418276265496
      ],
      [
        0.003357341392092049,
        0.00264079815129926,
        0.9999908771803376,
        1.0083531679585747
      ],
      [
        0.0,
        0.0,
        0.0,
        1.0
      ]
    ],
    "location": [
      32.001684793613094,
      12.114418276265496,
      1.0083531679585747
    ],
    "rotation": [
      0.0026408161040895415,
      -0.0033573476993046026,
      0.19420877640917705
    ]
  },
  {
    "label_id": "cEBTjT2GdLcTLHmXu-PHfw",
    "size": [
      0.8625872603751646,
      0.8538088650045665,
      1.7592707532064438
    ],
    "obj_class": "pedestrian",
    "point_num_in_lidar": 106,
    "speed": 1.3968784955205054,
    "if_vehicle": false,
    "motion_state": true,
    "pose": [
      [
        -0.9796810802242867,
        0.20054233283648198,
        -0.0027845629955934315,
        13.44743382082379
      ],
      [
        -0.20053322200729792,
        -0.9796815478033406,
        -0.0032390994153517275,
        -9.501849319058238
      ],
      [
        -0.0033775615385227995,
        -0.002614887024796992,
        0.9999908771803376,
        0.8892039022093456
      ],
      [
        0.0,
        0.0,
        0.0,
        1.0
      ]
    ],
    "location": [
      13.44743382082379,
      -9.501849319058238,
      0.8892039022093456
    ],
    "rotation": [
      -0.002614904920138446,
      0.0033775679603821667,
      -2.939689317548587
    ]
  },
  {
    "label_id": "fNy8PC-BmuP16FOJ9FFzIw",
    "size": [
      2.1476594433774294,
      5.107156534927326,
      1.980000000000004
    ],
    "obj_class": "vehicle",
    "point_num_in_lidar": 4946,
    "speed": 1.3830600733622805e-11,
    "if_vehicle": true,
    "motion_state": false,
    "pose": [
      [
        0.7587980082461593,
        0.6513200663963802,
        -0.0027845629955934315,
        9.769325689427205
      ],
      [
        -0.6513260187274496,
        0.7587910948104408,
        -0.0032390994153517275,
        -4.673078336505569
      ],
      [
        3.2111577236170033e-06,
        0.004271480514695841,
        0.9999908771803376,
        0.8495289039752549
      ],
      [
        0.0,
        0.0,
        0.0,
        1.0
      ]
    ],
    "location": [
      9.769325689427205,
      -4.673078336505569,
      0.8495289039752549
    ],
    "rotation": [
      0.004271493504073398,
      -3.211157723622522e-06,
      -0.7093306542348685
    ]
  },
  {
    "label_id": "gLdCcd_k3Lp-3dE0ol5ezA",
    "size": [
      2.135069974136135,
      4.396070169772625,
      1.8305185015044074
    ],
    "obj_class": "vehicle",
    "point_num_in_lidar": 1041,
    "speed": 3.5950934718225418e-12,
    "if_vehicle": true,
    "motion_state": false,
    "pose": [
      [
        0.6806033109138828,
        0.7326468312781979,
        -0.0027845629955934315,
        19.92008123024425
      ],
      [
        -0.7326519669890444,
        0.6805957709992486,
        -0.0032390994153517275,
        -3.9800986740228836
      ],
      [
        -0.0004779541239706182,
        0.004244657342394042,
        0.9999908771803376,
        0.8926192044561532
      ],
      [
        0.0,
        0.0,
        0.0,
        1.0
      ]
    ],
    "location": [
      19.92008123024425,
      -3.9800986740228836,
      0.8926192044561532
    ],
    "rotation": [
      0.004244670573407491,
      0.00047795414216793823,
      -0.8222104390204323
    ]
  },
  {
    "label_id": "kzp-3xNjfdJH_Q6nCsLIaw",
    "size": [
      0.8194303083144204,
      0.8507232528003885,
      1.8588466720492889
    ],
    "obj_class": "pedestrian",
    "point_num_in_lidar": 24,
    "speed": 0.9301416758456775,
    "if_vehicle": false,
    "motion_state": false,
    "pose": [
      [
        0.9998438056306505,
        -0.017453095740924133,
        -0.0027845629955934315,
        76.97187100146402
      ],
      [
        0.017444053709447512,
        0.9998425942242906,
        -0.0032390994153517275,
        -7.1722748407992185
      ],
      [
        0.0028406570015056033,
        0.0031900194198088145,
        0.9999908771803376,
        1.1084633696238413
      ],
      [
        0.0,
        0.0,
        0.0,
        1.0
      ]
    ],
    "location": [
      76.97187100146402,
      -7.1722748407992185,
      1.1084633696238413
    ],
    "rotation": [
      0.003190037701032161,
      -0.002840660821886978,
      0.017445008912430525
    ]
  },
  {
    "label_id": "l-XnejT-kWgZdox4WXTk1Q",
    "size": [
      2.002831474961663,
      4.45394267847577,
      1.5900000000000034
    ],
    "obj_class": "vehicle",
    "point_num_in_lidar": 3668,
    "speed": 2.2737367544323206e-12,
    "if_vehicle": true,
    "motion_state": false,
    "pose": [
      [
        0.5637936912876137,
        0.8259109636475414,
        -0.0027845629955934315,
        13.06634759013832
      ],
      [
        -0.8259149181063614,
        0.5637854700897671,
        -0.0032390994153517275,
        -4.414321990865574
      ],
      [
        -0.0011053115620181207,
        0.004125995934296255,
        0.9999908771803376,
        0.64287845520834
      ],
      [
        0.0,
        0.0,
        0.0,
        1.0
      ]
    ],
    "location": [
      13.06634759013832,
      -4.414321990865574,
      0.64287845520834
    ],
    "rotation": [
      0.004126010161519931,
      0.0011053117870806148,
      -0.9718239568958725
    ]
  },
  {
    "label_id": "lKDSzFUMV-iZb8osI_vVhg",
    "size": [
      2.075023704100483,
      4.716712819747884,
      1.5364505435900142
    ],
    "obj_class": "vehicle",
    "point_num_in_lidar": 37,
    "speed": 8.494783750571813,
    "if_vehicle": true,
    "motion_state": true,
    "pose": [
      [
        0.9976877107893483,
        -0.0679078636744918,
        -0.0027845629955934315,
        77.6324557317057
      ],
      [
        0.06789877201545724,
        0.9976869574138826,
        -0.0032390994153517275,
        4.469342014810536
      ],
      [
        0.002998082504326728,
        0.0030425412727209046,
        0.9999908771803376,
        0.9391961685970287
      ],
      [
        0.0,
        0.0,
        0.0,
        1.0
      ]
    ],
    "location": [
      77.6324557317057,
      4.469342014810536,
      0.9391961685970287
    ],
    "rotation": [
      0.0030425596409982725,
      -0.002998086995721678,
      0.0679513580535927
    ]
  },
  {
    "label_id": "lZyBbVEUGKHI86ep9kmLgw",
    "size": [
      0.8723086256036737,
      0.6996606541566454,
      1.9082143842119805
    ],
    "obj_class": "pedestrian",
    "point_num_in_lidar": 52,
    "speed": 0.0259726319263131,
    "if_vehicle": false,
    "motion_state": false,
    "pose": [
      [
        -0.9463543655864545,
        0.3231186484008353,
        -0.0027845629955934315,
        48.473118881796836
      ],
      [
        -0.32310967035171606,
        -0.9463559843738416,
        -0.0032390994153517275,
        21.51592539084959
      ],
      [
        -0.003681801279870181,
        -0.0021656166407068595,
        0.9999908771803376,
        0.664272173353659
      ],
      [
        0.0,
        0.0,
        0.0,
        1.0
      ]
    ],
    "location": [
      48.473118881796836,
      21.51592539084959,
      0.664272173353659
    ],
    "rotation": [
      -0.002165633011828838,
      0.0036818095981290535,
      -2.8125767652219213
    ]
  },
  {
    "label_id": "miUCgrw0d28mF4d4GaaTfg",
    "size": [
      0.7603092283519568,
      0.8180348372529171,
      1.7374134793072642
    ],
    "obj_class": "pedestrian",
    "point_num_in_lidar": 138,
    "speed": 1.4160515216074623,
    "if_vehicle": false,
    "motion_state": true,
    "pose": [
      [
        0.9968282536390558,
        0.07953413704714242,
        -0.0027845629955934315,
        14.665228400175693
      ],
      [
        -0.07954301910038451,
        0.9968261715802677,
        -0.0032390994153517275,
        -8.876838191223214
      ],
      [
        0.0025181062936115786,
        0.0034503183611130617,
        0.9999908771803376,
        0.9027146709765006
      ],
      [
        0.0,
        0.0,
        0.0,
        1.0
      ]
    ],
    "location": [
      14.665228400175693,
      -8.876838191223214,
      0.9027146709765006
    ],
    "rotation": [
      0.0034503361460908374,
      -0.0025181089547787927,
      -0.07962739114438111
    ]
  },
  {
    "label_id": "oBgkabLveCc0Yw1MvBSHOA",
    "size": [
      0.8283111702842142,
      0.7942693187629959,
      1.8171851638005094
    ],
    "obj_class": "pedestrian",
    "point_num_in_lidar": 128,
    "speed": 1.2169454783149014,
    "if_vehicle": false,
    "motion_state": true,
    "pose": [
      [
        0.9840599231246173,
        -0.1778153927782846,
        -0.0027845629955934315,
        21.76507027970365
      ],
      [
        0.17780627356799608,
        0.9840601797221755,
        -0.0032390994153517275,
        -9.317599035064632
      ],
      [
        0.0033161392966800708,
        0.0026923551519022104,
        0.9999908771803376,
        0.9625508889906698
      ],
      [
        0.0,
        0.0,
        0.0,
        1.0
      ]
    ],
    "location": [
      21.76507027970365,
      -9.317599035064632,
      0.9625508889906698
    ],
    "rotation": [
      0.0026923732084203457,
      -0.003316145374519105,
      0.17875774537565817
    ]
  },
  {
    "label_id": "skG246l1N6X1i6YSA_Q0Og",
    "size": [
      2.5894402093501707,
      7.428925470678697,
      2.7960974461957804
    ],
    "obj_class": "vehicle",
    "point_num_in_lidar": 189,
    "speed": 3.5950934718225418e-12,
    "if_vehicle": true,
    "motion_state": false,
    "pose": [
      [
        -0.9976019209057363,
        0.0691567322399523,
