[
  {
    "label_id": "-K1mhaiPD_bfqqGo9XGMqQ",
    "size": [
      0.750733514965812,
      0.7899949617853979,
      1.7000000000000028
    ],
    "obj_class": "pedestrian",
    "point_num_in_lidar": 133,
    "speed": 1.2871161763953523,
    "if_vehicle": false,
    "motion_state": true,
    "pose": [
      [
        0.9998833408276723,
        -0.01490675805301627,
        -0.0033306605413370963,
        20.289904571938678
      ],
      [
        0.014894242276492428,
        0.999882037043124,
        -0.003751472444523903,
        -1.3973735779291019
      ],
      [
        0.0033861899388443655,
        0.003701427135810087,
        0.9999874164982558,
        0.8532416911200187
      ],
      [
        0.0,
        0.0,
        0.0,
        1.0
      ]
    ],
    "location": [
      20.289904571938678,
      -1.3973735779291019,
      0.8532416911200187
    ],
    "rotation": [
      0.003701456808933472,
      -0.0033861964100460502,
      0.014894878418418208
    ]
  },
  {
    "label_id": "-lw-pbHiNJGWsl32vhmuQQ",
    "size": [
      0.6444965489754456,
      0.11856601403023674,
      0.71051850150441
    ],
    "obj_class": "sign",
    "point_num_in_lidar": 23,
    "speed": 0.0033681638365490765,
    "if_vehicle": false,
    "motion_state": false,
    "pose": [
      [
        -0.9999448761149929,
        -0.009957481194041337,
        -0.0033306605413370963,
        54.20494335348485
      ],
      [
        0.009969960686297165,
        -0.9999432615595805,
        -0.003751472444523903,
        -1.718419103344786
      ],
      [
        -0.0032931163485361028,
        -0.003784472203444796,
        0.9999874164982558,
        3.1526192044562578
      ],
      [
        0.0,
        0.0,
        0.0,
        1.0
      ]
    ],
    "location": [
      54.20494335348485,
      -1.718419103344786,
      3.1526192044562578
    ],
    "rotation": [
      -0.0037845017580695607,
      0.003293122300661798,
      3.1316224736635787
    ]
  },
  {
    "label_id": "5v-HhV-BedTvNkAgrUmSsA",
    "size": [
      2.1228378314039618,
      5.033050925192189,
      1.480000000000004
    ],
    "obj_class": "vehicle",
    "point_num_in_lidar": 2405,
    "speed": 0.003062681510014519,
    "if_vehicle": true,
    "motion_state": false,
    "pose": [
      [
        -0.9947569459024075,
        0.10221313652986545,
        -0.0033306605413370963,
        12.475096665904857
      ],
      [
        -0.10220055470215593,
        -0.9947567406522407,
        -0.003751472444523903,
        7.399165935530618
      ],
      [
        -0.0036966467894796675,
        -0.0033914079167024023,
        0.9999874164982558,
        0.5949864096887723
      ],
      [
        0.0,
        0.0,
        0.0,
        1.0
      ]
    ],
    "location": [
      12.475096665904857,
      7.399165935530618,
      0.5949864096887723
    ],
    "rotation": [
      -0.003391437590366094,
      0.0036966552087661763,
      -3.0392126421014103
    ]
  },
  {
    "label_id": "6ufHihRk7ljuRm35o3Ve6g",
    "size": [
      0.8855818262549393,
      0.8864430025332695,
      1.8700000000000045
    ],
    "obj_class": "pedestrian",
    "point_num_in_lidar": 23,
    "speed": 1.1368683772161603e-12,
    "if_vehicle": false,
    "motion_state": false,
    "pose": [
      [
        0.8691084791246734,
        0.49461030944972756,
        -0.0033306605413370963,
        47.29401287796645
      ],
      [
        -0.49462043189992977,
        0.8691010037973864,
        -0.003751472444523903,
        22.21632852910261
      ],
      [
        0.0010391634731063233,
        0.004907849266206498,
        0.9999874164982558,
        0.5865670572654125
      ],
      [
        0.0,
        0.0,
        0.0,
        1.0
      ]
    ],
    "location": [
      47.29401287796645,
      22.21632852910261,
      0.5865670572654125
    ],
    "rotation": [
      0.004907871618899087,
      -0.0010391636601317176,
      -0.5173983522149611
    ]
  },
  {
    "label_id": "9KGiqkmEBgSGNEolhIVz1A",
    "size": [
      0.6676860043802453,
      0.8747499668482639,
      1.6388978100247868
    ],
    "obj_class": "pedestrian",
    "point_num_in_lidar": 103,
    "speed": 0.7129610116407923,
    "if_vehicle": false,
    "motion_state": false,
    "pose": [
      [
        -0.9890080427670511,
        -0.14782421331583412,
        -0.0033306605413370963,
        28.953932307420473
      ],
      [
        0.14783635070056692,
        -0.9890047218623564,
        -0.003751472444523903,
        11.735299031577597
      ],
      [
        -0.0027394805394152454,
        -0.004202629119706761,
        0.9999874164982558,
        0.7800774486764936
      ],
      [
        0.0,
        0.0,
        0.0,
        1.0
      ]
    ],
    "location": [
      28.953932307420473,
      11.735299031577597,
      0.7800774486764936
    ],
    "rotation": [
      -0.0042026572610845345,
      0.002739483965947903,
      2.9932118674454067
    ]
  },
  {
    "label_id": "Abp2wF28Amdp-8SvcS3E1g",
    "size": [
      2.1962945689261284,
      4.401772619467235,
      1.7100000000000009
    ],
    "obj_class": "vehicle",
    "point_num_in_lidar": 3109,
    "speed": 0.7094015644521464,
    "if_vehicle": true,
    "motion_state": false,
    "pose": [
      [
        0.996892776364131,
        -0.07870005802648952,
        -0.0033306605413370963,
        15.190435401338618
      ],
      [
        0.07868748455116369,
        0.9968922741347273,
        -0.003751472444523903,
        0.11170293701434275
      ],
      [
        0.0036155508604931476,
        0.003477734480783334,
        0.9999874164982558,
        0.9091012224411799
      ],
      [
        0.0,
        0.0,
        0.0,
        1.0
      ]
    ],
    "location": [
      15.190435401338618,
      0.11170293701434275,
      0.9091012224411799
    ],
    "rotation": [
      0.0034777642223388625,
      -0.003615558737744981,
      0.0787694293683043
    ]
  },
  {
    "label_id": "C4NxoX3efnXfwLAduEGZxw",
    "size": [
      2.0028314749616634,
      4.45394267847577,
      1.5900000000000034
    ],
    "obj_class": "vehicle",
    "point_num_in_lidar": 1606,
    "speed": 6.431098710768743e-12,
    "if_vehicle": true,
    "motion_state": false,
    "pose": [
      [
        0.5637927498825975,
        0.8259095845673283,
        -0.0033306605413370963,
        16.627299012507137
      ],
      [
        -0.8259153983830788,
        0.5637815899514794,
        -0.003751472444523903,
        -4.547454089850362
      ],
      [
        -0.0012206119525888335,
        0.0048658967934841505,
        0.9999874164982558,
        0.6528784552083664
      ],
      [
        0.0,
        0.0,
        0.0,
        1.0
      ]
    ],
    "location": [
      16.627299012507137,
      -4.547454089850362,
      0.6528784552083664
    ],
    "rotation": [
      0.004865919620170282,
      0.0012206122556860136,
      -0.9718250051947239
    ]
  },
  {
    "label_id": "D-j8uA5tzbpXhUFsbPfY1w",
    "size": [
      0.9873273858265207,
      0.7573816566762264,
      1.5740498284474143
    ],
    "obj_class": "pedestrian",
    "point_num_in_lidar": 21,
    "speed": 0.9116924048896508,
    "if_vehicle": false,
    "motion_state": false,
    "pose": [
      [
        0.9895356786346764,
        -0.14424994769277577,
        -0.0033306605413370963,
        41.13058802152227
      ],
      [
        0.1442373684608651,
        0.9895360064161296,
        -0.003751472444523903,
        -8.165202540258178
      ],
      [
        0.0038369582346959572,
        0.0032318101195523458,
        0.9999874164982558,
        0.9215682272650483
      ],
      [
        0.0,
        0.0,
        0.0,
        1.0
      ]
    ],
    "location": [
      41.13058802152227,
      -8.165202540258178,
      0.9215682272650483
    ],
    "rotation": [
      0.0032318395355470687,
      -0.0038369676495337633,
      0.1447433115559984
    ]
  },
  {
    "label_id": "DV-QVxiC5bGWoAdie1BT7w",
    "size": [
      2.1232088259657464,
      4.640056433527341,
      1.5305185015044103
    ],
    "obj_class": "vehicle",
    "point_num_in_lidar": 227,
    "speed": 3.9463055702402787,
    "if_vehicle": true,
    "motion_state": true,
    "pose": [
      [
        0.9983938056155675,
        -0.05655718883416106,
        -0.0033306605413370963,
        37.58572683609236
      ],
      [
        0.05654462960116121,
        0.9983930244737117,
        -0.003751472444523903,
        1.7307065108179813
      ],
      [
        0.0035374809868118835,
        0.003557115883913046,
        0.9999874164982558,
        0.8948429079051294
      ],
      [
        0.0,
        0.0,
        0.0,
        1.0
      ]
    ],
    "location": [
      37.58572683609236,
      1.7307065108179813,
      0.8948429079051294
    ],
    "rotation": [
      0.003557145642181622,
      -0.0035374883647250263,
      0.05657515904518686
    ]
  },
  {
    "label_id": "Djbr-wq3c_Wu_emcmW1Dog",
    "size": [
      2.4599560878352613,
      5.612823795445765,
      2.270518501504405
    ],
    "obj_class": "vehicle",
    "point_num_in_lidar": 14211,
    "speed": 3.5950934718225418e-12,
    "if_vehicle": true,
    "motion_state": false,
    "pose": [
      [
        0.6979146029140136,
        0.7161732428258774,
        -0.0033306605413370963,
        6.414921690004121
      ],
      [
        -0.7161808960279854,
        0.6979046142697796,
        -0.003751472444523903,
        -4.570807764153869
      ],
      [
        -0.00036222082560116335,
        0.00500356285232262,
        0.9999874164982558,
        0.9710470600891696
      ],
      [
        0.0,
        0.0,
        0.0,
        1.0
      ]
    ],
    "location": [
      6.414921690004121,
      -4.570807764153869,
      0.9710470600891696
    ],
    "rotation": [
      0.005003584058706253,
      0.00036222083352196294,
      -0.7983147431326029
    ]
  },
  {
    "label_id": "EB8EchWMY1Oagsjrk4KwsA",
    "size": [
      2.203939785643835,
      4.8606414627357974,
      1.6200000000000045
    ],
    "obj_class": "vehicle",
    "point_num_in_lidar": 39,
    "speed": 4.099037227506402e-12,
    "if_vehicle": true,
    "motion_state": false,
    "pose": [
      [
        0.6763872897941109,
        0.7365386214621306,
        -0.0033306605413370963,
        68.75947913958225
      ],
      [
        -0.7365459753311672,
        0.6763770787644696,
        -0.003751472444523903,
        -2.6366225702367956
      ],
      [
        -0.0005103218954371322,
        0.0049906328964049755,
        0.9999874164982558,
        0.806647147413706
      ],
      [
        0.0,
        0.0,
        0.0,
        1.0
      ]
    ],
    "location": [
      68.75947913958225,
      -2.6366225702367956,
      0.806647147413706
    ],
    "rotation": [
      0.004990654262960507,
      0.0005103219175875238,
      -0.8279496230663002
    ]
  },
  {
    "label_id": "G96MfK6U70_2CEKJH1g1gA",
    "size": [
      2.0507676477421524,
      4.751621205894719,
      1.783059185505671
    ],
    "obj_class": "vehicle",
    "point_num_in_lidar": 4651,
    "speed": 1.1368683772161603e-12,
    "if_vehicle": true,
    "motion_state": false,
    "pose": [
      [
        -0.9991509371718758,
        0.041064722681649166,
        -0.0033306605413370963,
        6.1541660873626824
      ],
      [
        -0.04105217707543723,
        -0.9991499613230562,
        -0.003751472444523903,
        6.997459129313938
      ],
      [
        -0.0034818825266394117,
        -0.0036115563423993833,
        0.9999874164982558,
        0.7059984249752205
      ],
      [
        0.0,
        0.0,
        0.0,
        1.0
      ]
    ],
    "location": [
      6.1541660873626824,
      6.997459129313938,
      0.7059984249752205
    ],
    "rotation": [
      -0.0036115860862754156,
      0.0034818895621150374,
      -3.100528687956552
    ]
  },
  {
    "label_id": "GvNSnjQZk7nOuKBrSduqOA",
    "size": [
      2.15799554118703,
      4.7553734910656065,
      1.5499999999999972
    ],
    "obj_class": "vehicle",
    "point_num_in_lidar": 5148,
    "speed": 7.0410442744007105,
    "if_vehicle": true,
    "motion_state": true,
    "pose": [
      [
        -0.9985257112552429,
        0.05417850738594923,
        -0.0033306605413370963,
        11.643670458368433
      ],
      [
        -0.05416595004954121,
        -0.9985249001951471,
        -0.003751472444523903,
        3.9166981360467616
      ],
      [
        -0.003528996662166362,
        -0.003565533298408632,
        0.9999874164982558,
        0.7129810643045928
      ],
      [
        0.0,
        0.0,
        0.0,
        1.0
      ]
    ],
    "location": [
      11.643670458368433,
      3.9166981360467616,
      0.7129810643045928
    ],
    "rotation": [
      -0.0035655630558380203,
      0.003529003987120777,
      -3.087399844024298
    ]
  },
  {
    "label_id": "ImNXxSqrOhGjnDuh8WZ_rw",
    "size": [
      0.7006499849962868,
      0.8057173953675747,
      1.5600000000000023
    ],
    "obj_class": "pedestrian",
    "point_num_in_lidar": 44,
    "speed": 1.1140063762246109,
    "if_vehicle": false,
    "motion_state": true,
    "pose": [
      [
        -0.9999931224118932,
        -0.0016315113455942284,
        -0.0033306605413370963,
        50.624027531237516
      ],
      [
        0.0016440038482039136,
        -0.9999916118177417,
        -0.003751472444523903,
        -5.931056297486066
      ],
      [
        -0.00332451203329351,
        -0.0037569222621886542,
        0.9999874164982558,
        0.8556711139387474
      ],
      [
        0.0,
        0.0,
        0.0,
        1.0
      ]
    ],
    "location": [
      50.624027531237516,
      -5.931056297486066,
      0.8556711139387474
    ],
    "rotation": [
      -0.0037569518618546906,
      0.0033245181572858296,
      3.1399486399158683
    ]
  },
  {
    "label_id": "J8-j5tMTE7dijlXHKvNmRw",
    "size": [
      1.868638263125524,
      4.258107369427481,
      1.7700000000000031
    ],
    "obj_class": "vehicle",
    "point_num_in_lidar": 87,
    "speed": 2.5421149729252077e-12,
    "if_vehicle": true,
    "motion_state": false,
    "pose": [
      [
        0.08394546191699041,
        0.9964647841865268,
        -0.0033306605413370963,
        38.59394028606039
      ],
      [
        -0.9964643481363507,
        0.08393288597263672,
        -0.003751472444523903,
        -13.496263904504303
      ],
      [
        -0.0034586582283846062,
        0.003633803572411355,
        0.9999874164982558,
        1.0303133105763678
      ],
      [
        0.0,
        0.0,
        0.0,
        1.0
      ]
    ],
    "location": [
      38.59394028606039,
      -13.496263904504303,
      1.0303133105763678
    ],
    "rotation": [
      0.0036338333042624385,
      0.00345866512401593,
      -1.486751455329492
    ]
  },
  {
    "label_id": "LVurOGR3dPZTYlctUjwF1w",
    "size": [
      0.8553806403949334,
      0.9205835426103812,
      1.5600000000000023
    ],
    "obj_class": "pedestrian",
    "point_num_in_lidar": 94,
    "speed": 0.8549992546934176,
    "if_vehicle": false,
    "motion_state": false,
    "pose": [
      [
        0.9833915219014723,
        -0.1814663091393669,
        -0.0033306605413370963,
        29.44969922130258
      ],
      [
        0.18145375121830126,
        0.9833923238582375,
        -0.003751472444523903,
        13.087188569043064
      ],
      [
        0.003956111868074213,
        0.0030848053473314036,
        0.9999874164982558,
        0.7830760186238805
      ],
      [
        0.0,
        0.0,
        0.0,
        1.0
      ]
    ],
    "location": [
      29.44969922130258,
      13.087188569043064,
      0.7830760186238805
    ],
    "rotation": [
      0.003084834380132541,
      -0.00395612218754675,
      0.1824659857889963
    ]
  },
  {
    "label_id": "MgUHjjRH5WfE7KTO3UAfsQ",
    "size": [
      2.122082204683363,
      4.89751997057426,
      1.4830591855056738
    ],
    "obj_class": "vehicle",
    "point_num_in_lidar": 3635,
    "speed": 2.2737367544323206e-12,
    "if_vehicle": true,
    "motion_state": false,
    "pose": [
      [
        -0.9924451477258102,
        0.1226439377052653,
        -0.0033306605413370963,
        0.6649122067392454
      ],
      [
        -0.12263135431715927,
        -0.9924452012039945,
        -0.003751472444523903,
        6.701107151937322
      ],
      [
        -0.003765593423878709,
        -0.0033146872114399404,
        0.9999874164982558,
        0.5724016091017106
      ],
      [
        0.0,
        0.0,
        0.0,
        1.0
      ]
    ],
    "location": [
      0.6649122067392454,
      6.701107151937322,
      0.5724016091017106
    ],
    "rotation": [
      -0.0033147167823022136,
      0.003765602323095803,
      -3.0186509601458114
    ]
  },
  {
    "label_id": "No68zCO6os9hco-_ap9yaQ",
    "size": [
      0.7484054906059399,
      0.7235802196100946,
      1.7700000000000031
    ],
    "obj_class": "pedestrian",
    "point_num_in_lidar": 29,
    "speed": 2.5421149729252077e-12,
    "if_vehicle": false,
    "motion_state": false,
    "pose": [
      [
        -0.9622635310938964,
        0.27209888538372246,
        -0.0033306605413370963,
        48.35270982417569
      ],
      [
        -0.27208645639496754,
        -0.9622654969918267,
        -0.003751472444523903,
        19.90489275890286
      ],
      [
        -0.004225751191823511,
        -0.0027036774971220677,
        0.9999874164982558,
        0.5809819258381523
      ],
      [
        0.0,
        0.0,
        0.0,
        1.0
      ]
    ],
    "location": [
      48.35270982417569,
      19.90489275890286,
      0.5809819258381523
    ],
    "rotation": [
      -0.0027037049312153955,
      0.004225763768445491,
      -2.866029501377135
    ]
  },
  {
    "label_id": "OpmBDWgrhvbDWXPsj-xPxA",
    "size": [
      0.7026515170164894,
      0.7358840794624211,
      1.68310318244977
    ],
    "obj_class": "pedestrian",
    "point_num_in_lidar": 36,
    "speed": 1.6077746776921857e-12,
    "if_vehicle": false,
    "motion_state": false,
    "pose": [
      [
        -0.9918238633144482,
        0.12757088562975988,
        -0.0033306605413370963,
        49.32563542090065
      ],
      [
        -0.1275583026623853,
        -0.9918239792807942,
        -0.003751472444523903,
        18.73337872508273
      ],
      [
        -0.003782007653906038,
        -0.0032959464876478528,
        0.9999874164982558,
        0.6056504766530466
      ],
      [
        0.0,
        0.0,
        0.0,
        1.0
      ]
    ],
    "location": [
      49.32563542090065,
      18.73337872508273,
      0.6056504766530466
    ],
    "rotation": [
      -0.0032959760274339153,
      0.003782016670006772,
      -3.013684954083679
    ]
  },
  {
    "label_id": "SV4MhXW_fLKMUyYTomC7iA",
    "size": [
      1.87450058145321,
      4.026761972188614,
      1.730518501504406
    ],
    "obj_class": "vehicle",
    "point_num_in_lidar": 480,
    "speed": 3.2155493553843714e-12,
    "if_vehicle": true,
    "motion_state": false,
    "pose": [
      [
        0.5357867762480656,
        0.844346751695098,
        -0.0033306605413370963,
        23.067769648005196
      ],
      [
        -0.8443521881002418,
        0.5357754276792018,
        -0.003751472444523903,
        -3.943883484302205
      ],
      [
        -0.0013830574966183014,
        0.004822239843132025,
        0.9999874164982558,
        0.8526192044561611
      ],
      [
        0.0,
        0.0,
        0.0,
        1.0
      ]
    ],
    "location": [
      23.067769648005196,
      -3.943883484302205,
      0.8526192044561611
    ],
    "rotation": [
      0.004822263144885748,
      0.0013830579375484844,
      -1.0053564386758154
    ]
  },
  {
    "label_id": "SkVKxXh2jIQZVXZoNdO_aw",
    "size": [
      0.892925356895858,
      0.9206928310170497,
      1.7000000000000028
    ],
    "obj_class": "pedestrian",
    "point_num_in_lidar": 32,
    "speed": 0.2486839951141755,
    "if_vehicle": false,
    "motion_state": false,
    "pose": [
      [
        -0.03791180843891952,
        0.9992755383182604,
        -0.0033306605413370963,
        50.82562102776137
      ],
      [
        -0.9992735754704336,
        -0.03792423790972693,
        -0.003751472444523903,
        18.108285436530423
      ],
      [
        -0.0038750674092539513,
        0.003186015963139535,
        0.9999874164982558,
        0.664899631985044
      ],
      [
        0.0,
        0.0,
        0.0,
        1.0
      ]
    ],
    "location": [
      50.82562102776137,
      18.108285436530423,
      0.664899631985044
    ],
    "rotation": [
      0.003186045274445165,
      0.0038750771074167354,
      -1.6087175077721767
    ]
  },
  {
    "label_id": "TBaMlPrcbb0tVmgFVZHKcA",
    "size": [
      0.8401860487472412,
      0.11186696262676982,
      0.8605185015044086
    ],
    "obj_class": "sign",
    "point_num_in_lidar": 33,
    "speed": 0.0030017805576164733,
    "if_vehicle": false,
    "motion_state": false,
    "pose": [
      [
        0.9990122118918742,
        0.04431147922675942,
        -0.0033306605413370963,
        53.85645702329202
      ],
      [
        -0.044323895870389256,
        0.9990101694724478,
        -0.003751472444523903,
        10.270349177917524
      ],
      [
        0.003161130458561086,
        0.0038953946356690802,
        0.9999874164982558,
        2.8876192044562075
      ],
      [
        0.0,
        0.0,
        0.0,
        1.0
      ]
    ],
    "location": [
      53.85645702329202,
      10.270349177917524,
      2.8876192044562075
    ],
    "rotation": [
      0.0038954239503915787,
      -0.0031611357233136,
      -0.0443386435725515
    ]
  },
  {
    "label_id": "TiwGEAy4OhFR6psj6jKEAg",
    "size": [
      0.8028476085646499,
      0.06722167331857697,
      0.8100000000000023
    ],
    "obj_class": "sign",
    "point_num_in_lidar": 21,
    "speed": 0.0011793449245774555,
    "if_vehicle": false,
    "motion_state": false,
    "pose": [
      [
        -0.056930737032343616,
        -0.9983725746840767,
        -0.0033306605413370963,
        37.106372498303244
      ],
      [
        0.9983717982413518,
        -0.05691817750795619,
        -0.003751472444523903,
        14.83547607876244
      ],
      [
        0.003555792075385126,
        -0.003538811645209505,
        0.9999874164982558,
        3.0865731748446876
      ],
      [
        0.0,
        0.0,
        0.0,
        1.0
      ]
    ],
    "location": [
      37.106372498303244,
      14.83547607876244,
      3.0865731748446876
    ],
    "rotation": [
      -0.0035388414035646865,
      -0.0035557995684638213,
      1.6277582223807905
    ]
  },
  {
    "label_id": "V7YN8qOnLzj6EqMtbCjrbw",
    "size": [
      2.3616038729626836,
      4.897855298287807,
      1.8405185015044054
    ],
    "obj_class": "vehicle",
    "point_num_in_lidar": 4943,
    "speed": 0.0,
    "if_vehicle": true,
    "motion_state": false,
    "pose": [
      [
        0.6910116700117381,
        0.7228359278618813,
        -0.0033306605413370963,
        2.9910673179329024
      ],
      [
        -0.7228434848828484,
        0.6910016084040016,
        -0.003751472444523903,
        -4.770993855840061
      ],
      [
        -0.00041020727417403937,
        0.004999857511555381,
        0.9999874164982558,
        0.8476192044561941
      ],
      [
        0.0,
        0.0,
        0.0,
        1.0
      ]
    ],
    "location": [
      2.9910673179329024,
      -4.770993855840061,
      0.8476192044561941
    ],
    "rotation": [
      0.004999878764010347,
      0.0004102072856783038,
      -0.8079085584658403
    ]
  },
  {
    "label_id": "Xhv1ib3Sd4Npw2uCm8OIgA",
    "size": [
      0.703217881920607,
      0.8587069967628569,
      1.7415277018557802
    ],
    "obj_class": "pedestrian",
    "point_num_in_lidar": 41,
    "speed": 1.6077746776921857e-12,
    "if_vehicle": false,
    "motion_state": false,
    "pose": [
      [
        -0.8369820657165117,
        -0.5472201827137584,
        -0.0033306605413370963,
        53.21171874850552
      ],
      [
        0.5472298253435737,
        -0.8369739809031936,
        -0.003751472444523903,
        -2.723405725089833
      ],
      [
        -0.0007347947757820954,
        -0.00496255194241082,
        0.9999874164982558,
        0.9170612334798278
      ],
      [
        0.0,
        0.0,
        0.0,
        1.0
      ]
    ],
    "location": [
      53.21171874850552,
      -2.723405725089833,
      0.9170612334798278
    ],
    "rotation": [
      -0.004962573651082211,
      0.0007347948419042559,
      2.562541550847005
    ]
  },
  {
    "label_id": "XsywigB-Q40d0u9u21SmQg",
    "size": [
      0.7289434170493794,
      0.9162428550820471,
      1.9424134016137273
    ],
    "obj_class": "pedestrian",
    "point_num_in_lidar": 62,
    "speed": 1.6114737231488727,
    "if_vehicle": false,
    "motion_state": true,
    "pose": [
      [
        0.9999328754959852,
        -0.011097351156428476,
        -0.0033306605413370963,
        48.42179063540243
      ],
      [
        0.011084840437817118,
        0.9999315240390044,
        -0.003751472444523903,
        -5.080822873576835
      ],
      [
        0.0033720638782263252,
        0.0037143007881434834,
        0.9999874164982558,
        1.0313776320180637
      ],
      [
        0.0,
        0.0,
        0.0,
        1.0
      ]
    ],
    "location": [
      48.42179063540243,
      -5.080822873576835,
      1.0313776320180637
    ],
    "rotation": [
      0.0037143304462698506,
      -0.003372070268778,
      0.01108513048248354
    ]
  },
  {
    "label_id": "YmfytkE-ukfBRofAX1HVww",
    "size": [
      0.6442834931470266,
      0.7097897537460085,
      1.5500000000000043
    ],
    "obj_class": "pedestrian",
    "point_num_in_lidar": 28,
    "speed": 1.3227749158526247,
    "if_vehicle": false,
    "motion_state": true,
    "pose": [
      [
        0.9970224861890488,
        -0.07703939728325004,
        -0.0033306605413370963,
        35.186400376631354
      ],
      [
        0.07702682466194496,
        0.99702196301636,
        -0.003751472444523903,
        -8.142773345010937
      ],
      [
        0.0036097528871158863,
        0.003483752177982899,
        0.9999874164982558,
        0.8926274816089759
      ],
      [
        0.0,
        0.0,
        0.0,
        1.0
      ]
    ],
    "location": [
      35.186400376631354,
      -8.142773345010937,
      0.8926274816089759
    ],
    "rotation": [
      0.00348378192235334,
      -0.003609760726531931,
      0.07710370047074289
    ]
  },
  {
    "label_id": "aOalNxxJ9uA_4VqI2Wr-pw",
    "size": [
      0.9999999999972953,
      1.0,
      1.7608367811754064
    ],
    "obj_class": "pedestrian",
    "point_num_in_lidar": 30,
    "speed": 1.2674284909072457,
    "if_vehicle": false,
    "motion_state": true,
    "pose": [
      [
        0.9861079091400028,
        0.16607256917350935,
        -0.0033306605413370963,
        62.62828488544619
      ],
      [
        -0.16608464312697496,
        0.9861043645435726,
        -0.003751472444523903,
        -4.4070894670221605
      ],
      [
        0.0026613622295798586,
        0.00425252821585087,
        0.9999874164982558,
        0.9345400282537639
      ],
      [
        0.0,
        0.0,
        0.0,
        1.0
      ]
    ],
    "location": [
      62.62828488544619,
      -4.4070894670221605,
      0.9345400282537639
    ],
    "rotation": [
      0.004252556093296154,
      -0.0026613653712609696,
      -0.16685842548843674
    ]
  },
  {
    "label_id": "aphnxehbBGUVAa3NaGJV7A",
    "size": [
      2.043348058626863,
      4.555124657205895,
      1.5400000000000063
    ],
    "obj_class": "vehicle",
    "point_num_in_lidar": 159,
    "speed": 5.454155869838523,
    "if_vehicle": true,
    "motion_state": true,
    "pose": [
      [
        -0.9981633537446745,
        0.06048822977689329,
        -0.0033306605413370963,
        47.823969017670606
      ],
      [
        -0.060475667565283685,
        -0.998162622064677,
        -0.003751472444523903,
        6.6134352593144285
      ],
      [
        -0.003551460786374438,
        -0.003543158397036001,
        0.9999874164982558,
        0.7254045150273001
      ],
      [
        0.0,
        0.0,
        0.0,
        1.0
      ]
    ],
    "location": [
      47.823969017670606,
      6.6134352593144285,
      0.7254045150273001
    ],
    "rotation": [
      -0.0035431881555857757,
      0.0035514682521045468,
      -3.0810796801271327
    ]
  },
  {
    "label_id": "c3SCJxumyZ0SBk4CZmOJ6g",
    "size": [
      0.9673409614675751,
      1.0650027170117071,
      1.9586854736991413
    ],
    "obj_class": "pedestrian",
    "point_num_in_lidar": 56,
    "speed": 1.3860304675307795,
    "if_vehicle": false,
    "motion_state": true,
    "pose": [
      [
        0.9998604626935289,
        -0.016369540086407713,
        -0.0033306605413370963,
        40.117718017041625
      ],
      [
        0.01635702241588157,
        0.9998591772205645,
        -0.003751472444523903,
        12.87148044732021
      ],
      [
        0.0033916013870259974,
        0.003696469285029351,
        0.9999874164982558,
        0.9303564155866368
      ],
      [
        0.0,
        0.0,
        0.0,
        1.0
      ]
    ],
    "location": [
      40.117718017041625,
      12.87148044732021,
      0.9303564155866368
    ],
    "rotation": [
      0.003696498963600864,
      -0.003391607889302153,
      0.01635784598704057
    ]
  },
  {
    "label_id": "cEBTjT2GdLcTLHmXu-PHfw",
    "size": [
      0.8625872603823743,
      0.8538088650045665,
      1.7592707532064438
    ],
    "obj_class": "pedestrian",
    "point_num_in_lidar": 96,
    "speed": 0.36338311930554024,
    "if_vehicle": false,
    "motion_state": false,
    "pose": [
      [
        -0.8311980579125301,
        0.5559664515263457,
        -0.0033306605413370963,
        9.031269392799004
      ],
      [
        -0.5559552371785437,
        -0.8312037660575455,
        -0.003751472444523903,
        -10.05347232845088
      ],
      [
        -0.004854150408399478,
        -0.0012665184389803574,
        0.9999874164982558,
        0.9027184717931362
      ],
      [
        0.0,
        0.0,
        0.0,
        1.0
      ]
    ],
    "location": [
      9.031269392799004,
      -10.05347232845088,
      0.9027184717931362
    ],
    "rotation": [
      -0.0012665336991986753,
      0.004854169471478218,
      -2.552073038680809
    ]
  },
  {
    "label_id": "d5Xz_Y5bEfbj7EAZ-5qxtA",
    "size": [
      2.0468262846604652,
      4.409145640338879,
      1.7941632412429342
    ],
    "obj_class": "vehicle",
    "point_num_in_lidar": 136,
    "speed": 0.17385839730203934,
    "if_vehicle": true,
    "motion_state": false,
    "pose": [
      [
        -0.09298074972159655,
        -0.9956623357753209,
        -0.0033306605413370963,
        44.561563257244416
      ],
      [
        0.9956620138170689,
        -0.09296817033929744,
        -0.003751472444523903,
        -12.209287208897877
      ],
      [
        0.0034255544001620185,
        -0.003665026902380485,
        0.9999874164982558,
        1.0688493393898426
      ],
      [
        0.0,
        0.0,
        0.0,
        1.0
      ]
    ],
    "location": [
      44.561563257244416,
      -12.209287208897877,
      1.0688493393898426
    ],
    "rotation": [
      -0.003665056611283104,
      -0.003425561099681423,
      1.663912124626706
    ]
  },
  {
    "label_id": "fNy8PC-BmuP16FOJ9FFzIw",
    "size": [
      2.14765944337743,
      5.107156534927326,
      1.980000000000004
    ],
    "obj_class": "vehicle",
    "point_num_in_lidar": 5414,
    "speed": 1.3830600733622805e-11,
    "if_vehicle": true,
    "motion_state": false,
    "pose": [
      [
        0.7587967412290535,
        0.6513189788425691,
        -0.0033306605413370963,
        9.769325689427205
      ],
      [
        -0.651327489415237,
        0.7587874722124386,
        -0.003751472444523903,
        -4.6730783365201205
      ],
      [
        8.385829123554261e-05,
        0.005015955834198814,
        0.9999874164982558,
        0.8495289039752265
      ],
      [
        0.0,
        0.0,
        0.0,
        1.0
      ]
    ],
    "location": [
      9.769325689427205,
      -4.6730783365201205,
      0.8495289039752265
    ],
    "rotation": [
      0.005015976885492223,
      -8.385829133382751e-05,
      -0.7093325954310463
    ]
  },
  {
    "label_id": "gLdCcd_k3Lp-3dE0ol5ezA",
    "size": [
      2.135069974136134,
      4.396070169772625,
      1.8305185015044074
    ],
    "obj_class": "vehicle",
    "point_num_in_lidar": 1311,
    "speed": 3.5950934718225418e-12,
    "if_vehicle": true,
    "motion_state": false,
    "pose": [
      [
        0.6806021744638296,
        0.7326456079275062,
        -0.0033306605413370963,
        19.920081230258802
      ],
      [
        -0.7326530202630518,
        0.68059200579637,
        -0.003751472444523903,
        -3.9800986740301596
      ],
      [
        -0.00048167887128606476,
        0.004993478808265702,
        0.9999874164982558,
        0.8926192044561532
      ],
      [
        0.0,
        0.0,
        0.0,
        1.0
      ]
    ],
    "location": [
      19.920081230258802,
      -3.9800986740301596,
      0.8926192044561532
    ],
    "rotation": [
      0.0049935001397104165,
      0.00048167888991214997,
      -0.8222119885049326
    ]
  },
  {
    "label_id": "l-XnejT-kWgZdox4WXTk1Q",
    "size": [
      2.0028314749616625,
      4.45394267847577,
      1.5900000000000034
    ],
    "obj_class": "vehicle",
    "point_num_in_lidar": 3676,
    "speed": 2.2737367544323206e-12,
    "if_vehicle": true,
    "motion_state": false,
    "pose": [
      [
        0.5637927498825975,
        0.8259095845673283,
        -0.0033306605413370963,
        13.066347590152873
      ],
      [
        -0.8259153983830788,
        0.5637815899514794,
        -0.003751472444523903,
        -4.41432199087285
      ],
      [
        -0.0012206119525888335,
        0.0048658967934841505,
        0.9999874164982558,
        0.6428784552083826
      ],
      [
        0.0,
        0.0,
        0.0,
        1.0
      ]
    ],
    "location": [
      13.066347590152873,
      -4.41432199087285,
      0.6428784552083826
    ],
    "rotation": [
      0.004865919620170282,
      0.0012206122556860136,
      -0.9718250051947239
    ]
  },
  {
    "label_id": "lZyBbVEUGKHI86ep9kmLgw",
    "size": [
      0.8723086256036752,
      0.6996606541566454,
      1.9082143842119805
    ],
    "obj_class": "pedestrian",
    "point_num_in_lidar": 26,
    "speed": 2.2737367544323206e-12,
    "if_vehicle": false,
    "motion_state": false,
    "pose": [
      [
        -0.9463527853936293,
        0.3231181088674506,
        -0.0033306605413370963,
        48.47214224375057
      ],
      [
        -0.32310580265398153,
        -0.9463554124882597,
        -0.003751472444523903,
        21.508069284405792
      ],
      [
        -0.0043641573121983536,
        -0.002474060649625976,
        0.9999874164982558,
        0.6192715394080395
      ],
      [
        0.0,
        0.0,
        0.0,
        1.0
      ]
    ],
    "location": [
      48.47214224375057,
      21.508069284405792,
      0.6192715394080395
    ],
    "rotation": [
      -0.002474086734303509,
      0.004364171165511863,
      -2.812579914910317
    ]
  },
  {
    "label_id": "miUCgrw0d28mF4d4GaaTfg",
    "size": [
      0.7603092283520967,
      0.8180348372529171,
      1.7374134793072642
    ],
    "obj_class": "pedestrian",
    "point_num_in_lidar": 135,
    "speed": 1.4031781369090965,
    "if_vehicle": false,
    "motion_state": true,
    "pose": [
      [
        0.9996625980605464,
        0.02576037148794387,
        -0.0033306605413370963,
        23.32910171468393
      ],
      [
        -0.02577282390336822,
        0.9996607864683619,
        -0.003751472444523903,
        -9.476779997945414
      ],
      [
        0.003232891412414461,
        0.0038360472180590916,
        0.9999874164982558,
        0.9205466758892769
      ],
      [
        0.0,
        0.0,
        0.0,
        1.0
      ]
    ],
    "location": [
      23.32910171468393,
      -9.476779997945414,
      0.9205466758892769
    ],
    "rotation": [
      0.003836076672887342,
      -0.003232897043915195,
      -0.025775812702591987
    ]
  },
  {
    "label_id": "oBgkabLveCc0Yw1MvBSHOA",
    "size": [
      0.8283111702795847,
      0.7942693187629959,
      1.8171851638005094
    ],
    "obj_class": "pedestrian",
    "point_num_in_lidar": 62,
    "speed": 1.1565722826057911,
    "if_vehicle": false,
    "motion_state": true,
    "pose": [
      [
        0.8799446200476599,
        -0.47506459808065854,
        -0.0033306605413370963,
        29.263104620564263
      ],
      [
        0.47505289520504435,
        0.8799492446793753,
        -0.003751472444523903,
        -7.498557713450282
      ],
      [
        0.00471300397670139,
        0.001718848061708464,
        0.9999874164982558,
        0.9373615900829222
      ],
      [
        0.0,
        0.0,
        0.0,
        1.0
      ]
    ],
    "location": [
      29.263104620564263,
      -7.498557713450282,
      0.9373615900829222
    ],
    "rotation": [
      0.0017188679983035963,
      -0.00471302142473581,
      0.49503013774402943
    ]
  },
  {
    "label_id": "skG246l1N6X1i6YSA_Q0Og",
    "size": [
      2.5894402093501703,
      7.428925470678697,
      2.7960974461957804
    ],
    "obj_class": "vehicle",
    "point_num_in_lidar": 186,
    "speed": 3.5950934718225418e-12,
    "if_vehicle": true,
    "motion_state": false,
    "pose": [
      [
        -0.9976002551413496,
        0.06915661676421231,
        -0.0033306605413370963,
        70.65619053890259
      ],
      [
        -0.0691440486707391,
        -0.9975996326121598,
        -0.003751472444523903,
        11.2790472761626
      ],
      [
        -0.003582104874541147,
        -0.003512174513236866,
        0.9999874164982558,
        1.3658018184191505
      ],
      [
        0.0,
        0.0,
        0.0,
        1.0
      ]
    ],
    "location": [
      70.65619053890259,
      11.2790472761626,
      1.3658018184191505
    ],
    "rotation": [
      -0.003512204267485007,
      0.003582112535200437,
      -3.072392946245882
    ]
  },
  {
    "label_id": "t1ePe__aXYB9-IF7fpKV7w",
    "size": [
      0.720483156753401,
      0.8499257723597111,
      1.6992111162184642
    ],
    "obj_class": "pedestrian",
    "point_num_in_lidar": 81,
    "speed": 0.7622452216780684,
    "if_vehicle": false,
    "motion_state": false,
    "pose": [
      [
        -0.9802351993397882,
        -0.19780763553423297,
        -0.0033306605413370963,
        29.007300636825676
      ],
      [
        0.1978195888158858,
        -0.9802312669646953,
        -0.003751472444523903,
        11.07642213851068
      ],
      [
        -0.002522747708241078,
        -0.00433619523824821,
        0.9999874164982558,
        0.8355870692204519
      ],
      [
        0.0,
        0.0,
        0.0,
        1.0
      ]
    ],
    "location": [
      29.007300636825676,
      11.07642213851068,
      0.8355870692204519
    ],
    "rotation": [
      -0.004336222625503307,
      0.002522750384150781,
      2.9424589600887066
    ]
  },
  {
    "label_id": "tLLaYUgBVODgrVjxYBagwA",
    "size": [
      0.7770444605792448,
      0.11190182437167095,
      0.7800000000000011
    ],
    "obj_class": "sign",
    "point_num_in_lidar": 68,
    "speed": 0.003631649636460534,
    "if_vehicle": false,
    "motion_state": false,
    "pose": [
      [
        -0.9948219496147886,
        0.1015785177337663,
        -0.0033306605413370963,
