[
  {
    "label_id": "-K1mhaiPD_bfqqGo9XGMqQ",
    "size": [
      0.7507335149811344,
      0.7899949617853979,
      1.7000000000000028
    ],
    "obj_class": "pedestrian",
    "point_num_in_lidar": 367,
    "speed": 1.0938906329946054,
    "if_vehicle": false,
    "motion_state": true,
    "pose": [
      [
        0.9966095629422093,
        0.08222832752304415,
        -0.002807348375543955,
        16.207190585206263
      ],
      [
        -0.0822363075845211,
        0.9966087654441463,
        -0.0028562833820533085,
        -1.5816551367752254
      ],
      [
        0.002562960593284383,
        0.0030774652975353815,
        0.9999919801880112,
        0.8532416911200258
      ],
      [
        0.0,
        0.0,
        0.0,
        1.0
      ]
    ],
    "location": [
      16.207190585206263,
      -1.5816551367752254,
      0.8532416911200258
    ],
    "rotation": [
      0.0030774802629026177,
      -0.0025629633992078397,
      -0.08232955324916179
    ]
  },
  {
    "label_id": "-lw-pbHiNJGWsl32vhmuQQ",
    "size": [
      0.6444965489754448,
      0.11856601403023674,
      0.71051850150441
    ],
    "obj_class": "sign",
    "point_num_in_lidar": 24,
    "speed": 0.0033681639179499135,
    "if_vehicle": false,
    "motion_state": false,
    "pose": [
      [
        -0.9999464820903574,
        -0.009957497186377102,
        -0.002807348375543955,
        54.211614711224684
      ],
      [
        0.00996551402275468,
        -0.9999462636439539,
        -0.0028562833820533085,
        -1.7273096849457943
      ],
      [
        -0.00277875608513181,
        -0.002884107189340595,
        0.9999919801880112,
        3.1526192044562293
      ],
      [
        0.0,
        0.0,
        0.0,
        1.0
      ]
    ],
    "location": [
      54.211614711224684,
      -1.7273096849457943,
      3.1526192044562293
    ],
    "rotation": [
      -0.0028841223226317436,
      0.0027787596611649834,
      3.1316269361349405
    ]
  },
  {
    "label_id": "5v-HhV-BedTvNkAgrUmSsA",
    "size": [
      2.1228378314039618,
      5.033050925192189,
      1.480000000000004
    ],
    "obj_class": "vehicle",
    "point_num_in_lidar": 1939,
    "speed": 0.0030626815834356538,
    "if_vehicle": true,
    "motion_state": false,
    "pose": [
      [
        -0.9947585435456245,
        0.10221330069069358,
        -0.002807348375543955,
        12.465062174436753
      ],
      [
        -0.10220530990676706,
        -0.9947592252761988,
        -0.0028562833820533085,
        7.397956134183914
      ],
      [
        -0.003084585847324146,
        -0.0025543863863461912,
        0.9999919801880112,
        0.6016197075344394
      ],
      [
        0.0,
        0.0,
        0.0,
        1.0
      ]
    ],
    "location": [
      12.465062174436753,
      7.397956134183914,
      0.6016197075344394
    ],
    "rotation": [
      -0.002554401316400563,
      0.0030845907388144162,
      -3.0392080750556856
    ]
  },
  {
    "label_id": "6ufHihRk7ljuRm35o3Ve6g",
    "size": [
      0.885581826254939,
      0.8864430025332695,
      1.8700000000000045
    ],
    "obj_class": "pedestrian",
    "point_num_in_lidar": 28,
    "speed": 1.1368683772161603e-12,
    "if_vehicle": false,
    "motion_state": false,
    "pose": [
      [
        0.8691098749684231,
        0.4946111038254908,
        -0.002807348375543955,
        47.294012877959176
      ],
      [
        -0.4946180043525159,
        0.86910578839148,
        -0.0028562833820533085,
        22.21632852912444
      ],
      [
        0.0010271332467808767,
        0.0038709891440845638,
        0.9999919801880112,
        0.5865670572654338
      ],
      [
        0.0,
        0.0,
        0.0,
        1.0
      ]
    ],
    "location": [
      47.294012877959176,
      22.21632852912444,
      0.5865670572654338
    ],
    "rotation": [
      0.003871000853628229,
      -0.0010271334273856884,
      -0.5173955519970929
    ]
  },
  {
    "label_id": "9KGiqkmEBgSGNEolhIVz1A",
    "size": [
      0.6676860043926908,
      0.8747499668482639,
      1.6388978100247868
    ],
    "obj_class": "pedestrian",
    "point_num_in_lidar": 61,
    "speed": 0.7511422259879489,
    "if_vehicle": false,
    "motion_state": false,
    "pose": [
      [
        -0.9636375525422045,
        -0.2671980279223038,
        -0.002807348375543955,
        31.359592424581933
      ],
      [
        0.2672057179545975,
        -0.9636352764078375,
        -0.0028562833820533085,
        11.469995871266292
      ],
      [
        -0.0019420666409685006,
        -0.0035025614658847166,
        0.9999919801880112,
        0.7929659221008833
      ],
      [
        0.0,
        0.0,
        0.0,
        1.0
      ]
    ],
    "location": [
      31.359592424581933,
      11.469995871266292,
      0.7929659221008833
    ],
    "rotation": [
      -0.003502575232687658,
      0.0019420678617610553,
      2.8710999871704836
    ]
  },
  {
    "label_id": "Abp2wF28Amdp-8SvcS3E1g",
    "size": [
      2.196294568927894,
      4.401772619467235,
      1.7100000000000009
    ],
    "obj_class": "vehicle",
    "point_num_in_lidar": 2839,
    "speed": 2.5421149729252077e-12,
    "if_vehicle": true,
    "motion_state": false,
    "pose": [
      [
        0.9995889526383227,
        0.028531466112336413,
        -0.002807348375543955,
        14.714482925839548
      ],
      [
        -0.028539477507307957,
        0.9995885853033993,
        -0.0028562833820533085,
        -0.00024195665173465386
      ],
      [
        0.002724699438641495,
        0.002935229570123927,
        0.9999919801880112,
        0.9117797690731422
      ],
      [
        0.0,
        0.0,
        0.0,
        1.0
      ]
    ],
    "location": [
      14.714482925839548,
      -0.00024195665173465386,
      0.9117797690731422
    ],
    "rotation": [
      0.0029352446805815924,
      -0.0027247028100083072,
      -0.02854345915264336
    ]
  },
  {
    "label_id": "C4NxoX3efnXfwLAduEGZxw",
    "size": [
      2.002831474961662,
      4.45394267847577,
      1.5900000000000034
    ],
    "obj_class": "vehicle",
    "point_num_in_lidar": 1295,
    "speed": 6.431098710768743e-12,
    "if_vehicle": true,
    "motion_state": false,
    "pose": [
      [
        0.5637936553697791,
        0.8259109110308939,
        -0.002807348375543955,
        16.627299012514413
      ],
      [
        -0.8259153174144616,
        0.5637869545363838,
        -0.0028562833820533085,
        -4.547454089843086
      ],
      [
        -0.0007762892192634601,
        0.003928986473420149,
        0.9999919801880112,
        0.6528784552083735
      ],
      [
        0.0,
        0.0,
        0.0,
        1.0
      ]
    ],
    "location": [
      16.627299012514413,
      -4.547454089843086,
      0.6528784552083735
    ],
    "rotation": [
      0.003928997765937295,
      0.0007762892972320235,
      -0.971824211688568
    ]
  },
  {
    "label_id": "D-j8uA5tzbpXhUFsbPfY1w",
    "size": [
      0.9873273858146686,
      0.7573816566762264,
      1.5740498284474072
    ],
    "obj_class": "pedestrian",
    "point_num_in_lidar": 30,
    "speed": 0.8603649910563639,
    "if_vehicle": false,
    "motion_state": false,
    "pose": [
      [
        0.9992970070511951,
        -0.037384629109061714,
        -0.002807348375543955,
        38.29277046446077
      ],
      [
        0.03737661091858843,
        0.999297168314552,
        -0.0028562833820533085,
        -8.47482550933637
      ],
      [
        0.002912156377021971,
        0.0027493462670302986,
        0.9999919801880112,
        0.8158554572399339
      ],
      [
        0.0,
        0.0,
        0.0,
        1.0
      ]
    ],
    "location": [
      38.29277046446077,
      -8.47482550933637,
      0.8158554572399339
    ],
    "rotation": [
      0.0027493613889630467,
      -0.002912160493203155,
      0.037385477584671256
    ]
  },
  {
    "label_id": "DV-QVxiC5bGWoAdie1BT7w",
    "size": [
      2.1232088259577133,
      4.640056433527341,
      1.5305185015044103
    ],
    "obj_class": "vehicle",
    "point_num_in_lidar": 290,
    "speed": 0.2604578422849707,
    "if_vehicle": true,
    "motion_state": false,
    "pose": [
      [
        0.9991164528987918,
        -0.04193366597418736,
        -0.002807348375543955,
        29.907798556247144
      ],
      [
        0.041925648600980144,
        0.9991166506642899,
        -0.0028562833820533085,
        1.3610471578576835
      ],
      [
        0.002924642939491957,
        0.002736059819657278,
        0.9999919801880112,
        0.8244941092745179
      ],
      [
        0.0,
        0.0,
        0.0,
        1.0
      ]
    ],
    "location": [
      29.907798556247144,
      1.3610471578576835,
      0.8244941092745179
    ],
    "rotation": [
      0.002736074934982447,
      -0.0029246471088479413,
      0.04193812032986295
    ]
  },
  {
    "label_id": "DX4XHYOjhuavfiHWtty6bw",
    "size": [
      0.7633635673106737,
      0.9971149116720426,
      1.7568296477584084
    ],
    "obj_class": "pedestrian",
    "point_num_in_lidar": 23,
    "speed": 1.4599438178576745,
    "if_vehicle": false,
    "motion_state": true,
    "pose": [
      [
        -0.9999452657031345,
        0.010078908323132785,
        -0.002807348375543955,
        63.61014113581041
      ],
      [
        -0.0100708887192993,
        -0.9999452079217366,
        -0.0028562833820533085,
        -7.12468482022814
      ],
      [
        -0.0028359827734446524,
        -0.0028278545523043345,
        0.9999919801880112,
        0.896494824913276
      ],
      [
        0.0,
        0.0,
        0.0,
        1.0
      ]
    ],
    "location": [
      63.61014113581041,
      -7.12468482022814,
      0.896494824913276
    ],
    "rotation": [
      -0.002827869693310185,
      0.002835986574997979,
      -3.131521554125074
    ]
  },
  {
    "label_id": "Djbr-wq3c_Wu_emcmW1Dog",
    "size": [
      2.459956087835262,
      5.612823795445765,
      2.270518501504405
    ],
    "obj_class": "vehicle",
    "point_num_in_lidar": 13885,
    "speed": 3.5950934718225418e-12,
    "if_vehicle": true,
    "motion_state": false,
    "pose": [
      [
        0.6979157238094605,
        0.7161743930458665,
        -0.002807348375543955,
        6.414921690004121
      ],
      [
        -0.7161798901171618,
        0.6979098843239088,
        -0.0028562833820533085,
        -4.570807764139317
      ],
      [
        -8.632083747622797e-05,
        0.004004011535108331,
        0.9999919801880112,
        0.9753002066797194
      ],
      [
        0.0,
        0.0,
        0.0,
        1.0
      ]
    ],
    "location": [
      6.414921690004121,
      -4.570807764139317,
      0.9753002066797194
    ],
    "rotation": [
      0.0040040222488943,
      8.63208375834282e-05,
      -0.79831323832874
    ]
  },
  {
    "label_id": "EB8EchWMY1Oagsjrk4KwsA",
    "size": [
      2.2039397856438403,
      4.8606414627357974,
      1.6200000000000045
    ],
    "obj_class": "vehicle",
    "point_num_in_lidar": 34,
    "speed": 4.099037227506402e-12,
    "if_vehicle": true,
    "motion_state": false,
    "pose": [
      [
        0.6763883761153169,
        0.7365398043902196,
        -0.002807348375543955,
        68.75947913958225
      ],
      [
        -0.7365451260185282,
        0.6763823763106133,
        -0.0028562833820533085,
        -2.6366225702295196
      ],
      [
        -0.00020492543811841888,
        0.0039996956415551356,
        0.9999919801880112,
        0.8066471474137202
      ],
      [
        0.0,
        0.0,
        0.0,
        1.0
      ]
    ],
    "location": [
      68.75947913958225,
      -2.6366225702295196,
      0.8066471474137202
    ],
    "rotation": [
      0.003999706389847046,
      0.00020492543955270693,
      -0.827948248476306
    ]
  },
  {
    "label_id": "G96MfK6U70_2CEKJH1g1gA",
    "size": [
      2.050767647742152,
      4.751621205894719,
      1.783059185505671
    ],
    "obj_class": "vehicle",
    "point_num_in_lidar": 3741,
    "speed": 1.1368683772161603e-12,
    "if_vehicle": true,
    "motion_state": false,
    "pose": [
      [
        -0.9991525418721233,
        0.041064788634218766,
        -0.002807348375543955,
        6.1541660873626824
      ],
      [
        -0.041056771092060365,
        -0.9991527326653996,
        -0.0028562833820533085,
        6.997459129321214
      ],
      [
        -0.002922262474331964,
        -0.002738602141855293,
        0.9999919801880112,
        0.7166260172585979
      ],
      [
        0.0,
        0.0,
        0.0,
        1.0
      ]
    ],
    "location": [
      6.1541660873626824,
      6.997459129321214,
      0.7166260172585979
    ],
    "rotation": [
      -0.0027386172585196827,
      0.00292226663351547,
      -3.100524163670233
    ]
  },
  {
    "label_id": "GvNSnjQZk7nOuKBrSduqOA",
    "size": [
      2.1579955411845906,
      4.7553734910656065,
      1.5499999999999972
    ],
    "obj_class": "vehicle",
    "point_num_in_lidar": 322,
    "speed": 6.529484859556203,
    "if_vehicle": true,
    "motion_state": true,
    "pose": [
      [
        -0.9978280823395912,
        0.06581213330072387,
        -0.002807348375543955,
        34.95603550245869
      ],
      [
        -0.06580412294875282,
        -0.9978284717566376,
        -0.0028562833820533085,
        5.344030765969364
      ],
      [
        -0.0029892302419418384,
        -0.002665344672068419,
        0.9999919801880112,
        0.7367839581844393
      ],
      [
        0.0,
        0.0,
        0.0,
        1.0
      ]
    ],
    "location": [
      34.95603550245869,
      5.344030765969364,
      0.7367839581844393
    ],
    "rotation": [
      -0.0026653597360865883,
      0.002989234693669601,
      -3.0757406525808575
    ]
  },
  {
    "label_id": "H1UceUMUw7amJjkZPWl6qg",
    "size": [
      0.697046282014699,
      0.7653631564612301,
      1.6941567563163105
    ],
    "obj_class": "pedestrian",
    "point_num_in_lidar": 34,
    "speed": 1.26801098787033,
    "if_vehicle": false,
    "motion_state": true,
    "pose": [
      [
        -0.9983429057216392,
        0.05747661603097885,
        -0.002807348375543955,
        42.21133357274084
      ],
      [
        -0.057468602706192376,
        -0.998343228227767,
        -0.0028562833820533085,
        -6.416156200357364
      ],
      [
        -0.0029668667432264737,
        -0.002690215862751521,
        0.9999919801880112,
        0.8899003343865957
      ],
      [
        0.0,
        0.0,
        0.0,
        1.0
      ]
    ],
    "location": [
      42.21133357274084,
      -6.416156200357364,
      0.8899003343865957
    ],
    "rotation": [
      -0.002690230947890218,
      0.0029668710957847155,
      -3.0840921174095666
    ]
  },
  {
    "label_id": "ImNXxSqrOhGjnDuh8WZ_rw",
    "size": [
      0.7006499849998405,
      0.8057173953675747,
      1.5600000000000023
    ],
    "obj_class": "pedestrian",
    "point_num_in_lidar": 40,
    "speed": 1.0796423032960163,
    "if_vehicle": false,
    "motion_state": true,
    "pose": [
      [
        -0.9942043499962105,
        0.10747013186793236,
        -0.002807348375543955,
        54.27981076280412
      ],
      [
        -0.10746214479924779,
        -0.9942050739562673,
        -0.0028562833820533085,
        -5.534035567099636
      ],
      [
        -0.003098045151050138,
        -0.0025380456856246504,
        0.9999919801880112,
        0.8556711139387119
      ],
      [
        0.0,
        0.0,
        0.0,
        1.0
      ]
    ],
    "location": [
      54.27981076280412,
      -5.534035567099636,
      0.8556711139387119
    ],
    "rotation": [
      -0.002538060590571143,
      0.003098050106851082,
      -3.033922076980029
    ]
  },
  {
    "label_id": "J8-j5tMTE7dijlXHKvNmRw",
    "size": [
      1.8686382631255207,
      4.258107369427481,
      1.7700000000000031
    ],
    "obj_class": "vehicle",
    "point_num_in_lidar": 79,
    "speed": 2.5421149729252077e-12,
    "if_vehicle": true,
    "motion_state": false,
    "pose": [
      [
        0.08394559673876519,
        0.9964663845726413,
        -0.002807348375543955,
        38.593940286067664
      ],
      [
        -0.9964669195842488,
        0.08393759479231974,
        -0.0028562833820533085,
        -13.496263904504303
      ],
      [
        -0.002610548304642291,
        0.003037202200939613,
        0.9999919801880112,
        1.0303133105763465
      ],
      [
        0.0,
        0.0,
        0.0,
        1.0
      ]
    ],
    "location": [
      38.593940286067664,
      -13.496263904504303,
      1.0303133105763465
    ],
    "rotation": [
      0.003037217219763597,
      0.0026105512697828298,
      -1.4867515368465472
    ]
  },
  {
    "label_id": "JYZGrjHhOWIfmt9jVFankA",
    "size": [
      0.8855818262457019,
      0.8864430025332695,
      1.9033832664799561
    ],
    "obj_class": "pedestrian",
    "point_num_in_lidar": 20,
    "speed": 0.009210494623591017,
    "if_vehicle": false,
    "motion_state": false,
    "pose": [
      [
        0.5832441717252312,
        0.8122920379664246,
        -0.002807348375543955,
        48.01081734777108
      ],
      [
        -0.812296602204479,
        0.5832375774007533,
        -0.0028562833820533085,
        22.76312664656143
      ],
      [
        -0.000682785183945517,
        0.003946310182036843,
        0.9999919801880112,
        0.5285228086541025
      ],
      [
        0.0,
        0.0,
        0.0,
        1.0
      ]
    ],
    "location": [
      48.01081734777108,
      22.76312664656143,
      0.5285228086541025
    ],
    "rotation": [
      0.003946321344879869,
      0.0006827852369974371,
      -0.9480793431434178
    ]
  },
  {
    "label_id": "LVurOGR3dPZTYlctUjwF1w",
    "size": [
      0.8553806404043532,
      0.9205835426103812,
      1.5600000000000023
    ],
    "obj_class": "pedestrian",
    "point_num_in_lidar": 121,
    "speed": 0.7932833711021833,
    "if_vehicle": false,
    "motion_state": false,
    "pose": [
      [
        0.9971867135977973,
        -0.07490512011286682,
        -0.002807348375543955,
        26.692986247653607
      ],
      [
        0.07489711364344212,
        0.9971871760171822,
        -0.0028562833820533085,
        12.485634503471374
      ],
      [
        0.003013402048514189,
        0.002637985548533892,
        0.9999919801880112,
        0.7769647060093448
      ],
      [
        0.0,
        0.0,
        0.0,
        1.0
      ]
    ],
    "location": [
      26.692986247653607,
      12.485634503471374,
      0.7769647060093448
    ],
    "rotation": [
      0.0026380005855112247,
      -0.0030134066091118666,
      0.07496765554110944
    ]
  },
  {
    "label_id": "MgUHjjRH5WfE7KTO3UAfsQ",
    "size": [
      2.1220822046833625,
      4.89751997057426,
      1.4830591855056667
    ],
    "obj_class": "vehicle",
    "point_num_in_lidar": 3989,
    "speed": 2.2737367544323206e-12,
    "if_vehicle": true,
    "motion_state": false,
    "pose": [
      [
        -0.9924467416561316,
        0.12264413467926645,
        -0.002807348375543955,
        0.6649122067319695
      ],
      [
        -0.12263615960097952,
        -0.9924475875347597,
        -0.0028562833820533085,
        6.701107151944598
      ],
      [
        -0.0031364525264689215,
        -0.0024904267123266027,
        0.9999919801880112,
        0.5773765824859467
      ],
      [
        0.0,
        0.0,
        0.0,
        1.0
      ]
    ],
    "location": [
      0.6649122067319695,
      6.701107151944598,
      0.5773765824859467
    ],
    "rotation": [
      -0.0024904415364069574,
      0.003136457668880435,
      -3.018646386576113
    ]
  },
  {
    "label_id": "No68zCO6os9hco-_ap9yaQ",
    "size": [
      0.7484054906059392,
      0.7235802196100946,
      1.7700000000000031
    ],
    "obj_class": "pedestrian",
    "point_num_in_lidar": 42,
    "speed": 2.5421149729252077e-12,
    "if_vehicle": false,
    "motion_state": false,
    "pose": [
      [
        -0.9622650765506127,
        0.2720993223919197,
        -0.002807348375543955,
        48.352709824182966
      ],
      [
        -0.2720915686140007,
        -0.9622671250408662,
        -0.0028562833820533085,
        19.904892758910137
      ],
      [
        -0.003478611823138834,
        -0.0019846459241340485,
        0.9999919801880112,
        0.6018650530653957
      ],
      [
        0.0,
        0.0,
        0.0,
        1.0
      ]
    ],
    "location": [
      48.352709824182966,
      19.904892758910137,
      0.6018650530653957
    ],
    "rotation": [
      -0.001984659234971686,
      0.003478618838806701,
      -2.86602500250565
    ]
  },
  {
    "label_id": "SV4MhXW_fLKMUyYTomC7iA",
    "size": [
      1.874500581453207,
      4.026761972188614,
      1.730518501504406
    ],
    "obj_class": "vehicle",
    "point_num_in_lidar": 302,
    "speed": 3.2155493553843714e-12,
    "if_vehicle": true,
    "motion_state": false,
    "pose": [
      [
        0.5357876367558635,
        0.8443481077699322,
        -0.002807348375543955,
        23.067769648012472
      ],
      [
        -0.8443522870276127,
        0.5357807919629831,
        -0.0028562833820533085,
        -3.943883484302205
      ],
      [
        -0.0009075741329264794,
        0.003900752344549179,
        0.9999919801880112,
        0.8526192044561327
      ],
      [
        0.0,
        0.0,
        0.0,
        1.0
      ]
    ],
    "location": [
      23.067769648012472,
      -3.943883484302205,
      0.8526192044561327
    ],
    "rotation": [
      0.0039007638433597347,
      0.0009075742575199371,
      -1.005355765107229
    ]
  },
  {
    "label_id": "TBaMlPrcbb0tVmgFVZHKcA",
    "size": [
      0.8401860487472419,
      0.11186696262676982,
      0.8605185015044086
    ],
    "obj_class": "sign",
    "point_num_in_lidar": 33,
    "speed": 0.0030017806268073264,
    "if_vehicle": false,
    "motion_state": false,
    "pose": [
      [
        0.9990138163693203,
        0.04431155039382358,
        -0.002807348375543955,
        53.86630565839732
      ],
      [
        -0.044319554989732404,
        0.9990133225792104,
        -0.0028562833820533085,
        10.269282988920168
      ],
      [
        0.0026780120832666193,
        0.0029778869928426014,
        0.9999919801880112,
        2.887619204456179
      ],
      [
        0.0,
        0.0,
        0.0,
        1.0
      ]
    ],
    "location": [
      53.86630565839732,
      10.269282988920168,
      2.887619204456179
    ],
    "rotation": [
      0.002977902072516704,
      -0.002678015284281904,
      -0.0443342358252453
    ]
  },
  {
    "label_id": "V7YN8qOnLzj6EqMtbCjrbw",
    "size": [
      2.361603872962683,
      4.897855298287807,
      1.8405185015044054
    ],
    "obj_class": "vehicle",
    "point_num_in_lidar": 5622,
    "speed": 0.0,
    "if_vehicle": true,
    "motion_state": false,
    "pose": [
      [
        0.6910127798206336,
        0.7228370887825686,
        -0.002807348375543955,
        2.9910673179401783
      ],
      [
        -0.7228425295780976,
        0.6910068878660897,
        -0.0028562833820533085,
        -4.770993855832785
      ],
      [
        -0.00012473050048089187,
        0.004002999120973293,
        0.9999919801880112,
        0.8476192044561941
      ],
      [
        0.0,
        0.0,
        0.0,
        1.0
      ]
    ],
    "location": [
      2.9910673179401783,
      -4.770993855832785,
      0.8476192044561941
    ],
    "rotation": [
      0.0040030098428669855,
      0.00012473050080431176,
      -0.8079070961208451
    ]
  },
  {
    "label_id": "Xhv1ib3Sd4Npw2uCm8OIgA",
    "size": [
      0.7032178819206112,
      0.8587069967628569,
      1.7415277018557802
    ],
    "obj_class": "pedestrian",
    "point_num_in_lidar": 34,
    "speed": 1.6077746776921857e-12,
    "if_vehicle": false,
    "motion_state": false,
    "pose": [
      [
        -0.836983409963186,
        -0.5472210615843432,
        -0.002807348375543955,
        53.21171874850552
      ],
      [
        0.5472276972084571,
        -0.8369789059786217,
        -0.0028562833820533085,
        -2.723405725089833
      ],
      [
        -0.0007866729475507106,
        -0.003926920591742981,
        0.9999919801880112,
        0.9170612334797852
      ],
      [
        0.0,
        0.0,
        0.0,
        1.0
      ]
    ],
    "location": [
      53.21171874850552,
      -2.723405725089833,
      0.9170612334797852
    ],
    "rotation": [
      -0.003926931899566402,
      0.0007866730286900594,
      2.562544067671262
    ]
  },
  {
    "label_id": "XsywigB-Q40d0u9u21SmQg",
    "size": [
      0.7289434170475425,
      0.9162428550820471,
      1.9424134016137273
    ],
    "obj_class": "pedestrian",
    "point_num_in_lidar": 71,
    "speed": 1.555801593273771,
    "if_vehicle": false,
    "motion_state": true,
    "pose": [
      [
        0.9942121739055837,
        -0.10739772834204538,
        -0.002807348375543955,
        43.026980464186636
      ],
      [
        0.10738974122065935,
        0.9942128972839778,
        -0.0028562833820533085,
        -5.39122682321613
      ],
      [
        0.003097860308868684,
        0.002538271294995709,
        0.9999919801880112,
        1.0313776320180637
      ],
      [
        0.0,
        0.0,
        0.0,
        1.0
      ]
    ],
    "location": [
      43.026980464186636,
      -5.39122682321613,
      1.0313776320180637
    ],
    "rotation": [
      0.002538286200298104,
      -0.0030978652637826277,
      0.10759775118390189
    ]
  },
  {
    "label_id": "YmfytkE-ukfBRofAX1HVww",
    "size": [
      0.6442834931273382,
      0.7097897537460085,
      1.5500000000000043
    ],
    "obj_class": "pedestrian",
    "point_num_in_lidar": 38,
    "speed": 1.3600436836522016,
    "if_vehicle": false,
    "motion_state": true,
    "pose": [
      [
        0.9993431818739442,
        -0.036129262892554234,
        -0.002807348375543955,
        30.61184933669574
      ],
      [
        0.03612124450582544,
        0.9993433330645638,
        -0.0028562833820533085,
        -8.282370759130572
      ],
      [
        0.0029087002958953227,
        0.0027530024062687687,
        0.9999919801880112,
        0.8689697010482931
      ],
      [
        0.0,
        0.0,
        0.0,
        1.0
      ]
    ],
    "location": [
      30.61184933669574,
      -8.282370759130572,
      0.8689697010482931
    ],
    "rotation": [
      0.002753017529849668,
      -0.002908704397438884,
      0.03612925685591991
    ]
  },
  {
    "label_id": "aOalNxxJ9uA_4VqI2Wr-pw",
    "size": [
      0.9999999999991632,
      1.0,
      1.7608367811754064
    ],
    "obj_class": "pedestrian",
    "point_num_in_lidar": 33,
    "speed": 1.2672855796450628,
    "if_vehicle": false,
    "motion_state": true,
    "pose": [
      [
        0.9880163427946523,
        0.15432376733924807,
        -0.002807348375543955,
        58.49617987577949
      ],
      [
        -0.15433166850171948,
        0.9880149683798909,
        -0.0028562833820533085,
        -3.7813467141750152
      ],
      [
        0.0023329098043874436,
        0.003255317419984741,
        0.9999919801880112,
        0.9345400282537923
      ],
      [
        0.0,
        0.0,
        0.0,
        1.0
      ]
    ],
    "location": [
      58.49617987577949,
      -3.7813467141750152,
      0.9345400282537923
    ],
    "rotation": [
      0.0032553320280587156,
      -0.0023329119205238464,
      -0.15495140680916283
    ]
  },
  {
    "label_id": "aphnxehbBGUVAa3NaGJV7A",
    "size": [
      2.043348058623088,
      4.555124657205895,
      1.5400000000000063
    ],
    "obj_class": "vehicle",
    "point_num_in_lidar": 90,
    "speed": 2.739769808047662,
    "if_vehicle": true,
    "motion_state": true,
    "pose": [
      [
        -0.998769759340602,
        0.04950845000415863,
        -0.002807348375543955,
        58.04441579446575
      ],
      [
        -0.049500434361037196,
        -0.998770017893664,
        -0.0028562833820533085,
        7.21926316126337
      ],
      [
        -0.00294530555029388,
        -0.002713804502109766,
        0.9999919801880112,
        0.8094044876731274
      ],
      [
        0.0,
        0.0,
        0.0,
        1.0
      ]
    ],
    "location": [
      58.04441579446575,
      7.21926316126337,
      0.8094044876731274
    ],
    "rotation": [
      -0.0027138196042051227,
      0.002945309808645434,
      -3.0920717668430084
    ]
  },
  {
    "label_id": "bof1aeoD2plQ-sVhmz6tng",
    "size": [
      2.0777450502007464,
      4.382102305572195,
      1.6253959798867612
    ],
    "obj_class": "vehicle",
    "point_num_in_lidar": 4995,
    "speed": 7.193093285206422,
    "if_vehicle": true,
    "motion_state": true,
    "pose": [
      [
        -0.9978057993423289,
        0.06614911635021627,
        -0.002807348375543955,
        7.702956787885341
      ],
      [
        -0.06614110613021608,
        -0.9978061914646116,
        -0.0028562833820533085,
        3.850954945643025
      ],
      [
        -0.0029901302124845115,
        -0.00266433499632657,
        0.9999919801880112,
        0.7140984697302315
      ],
      [
        0.0,
        0.0,
        0.0,
        1.0
      ]
    ],
    "location": [
      7.702956787885341,
      3.850954945643025,
      0.7140984697302315
    ],
    "rotation": [
      -0.0026643500594174686,
      0.002990134668234354,
      -3.075402931960996
    ]
  },
  {
    "label_id": "c3SCJxumyZ0SBk4CZmOJ6g",
    "size": [
      0.9673409614715243,
      1.0650027170117071,
      1.9586854736991413
    ],
    "obj_class": "pedestrian",
    "point_num_in_lidar": 66,
    "speed": 1.19515850265943,
    "if_vehicle": false,
    "motion_state": true,
    "pose": [
      [
        0.9929004349856576,
        -0.11891528497375803,
        -0.002807348375543955,
        35.88480535000417
      ],
      [
        0.11890730677431412,
        0.9929012509010756,
        -0.0028562833820533085,
        12.914818104574806
      ],
      [
        0.003127075466135374,
        0.0025021907779698583,
        0.9999919801880112,
        1.008353167958525
      ],
      [
        0.0,
        0.0,
        0.0,
        1.0
      ]
    ],
    "location": [
      35.88480535000417,
      12.914818104574806,
      1.008353167958525
    ],
    "rotation": [
      0.002502205623086672,
      -0.003127080562561665,
      0.11918989429193508
    ]
  },
  {
    "label_id": "cEBTjT2GdLcTLHmXu-PHfw",
    "size": [
      0.8625872603756695,
      0.8538088650045665,
      1.7592707532064438
    ],
    "obj_class": "pedestrian",
    "point_num_in_lidar": 146,
    "speed": 0.5065554739192216,
    "if_vehicle": false,
    "motion_state": false,
    "pose": [
      [
        -0.9994108264050952,
        -0.03420700015176948,
        -0.002807348375543955,
        9.877908718925028
      ],
      [
        0.03421500933173443,
        -0.9994104135847649,
        -0.0028562833820533085,
        -9.762119428974984
      ],
      [
        -0.0027079883149955077,
        -0.002950653986171703,
        0.9999919801880112,
        0.8890371312994958
      ],
      [
        0.0,
        0.0,
        0.0,
        1.0
      ]
    ],
    "location": [
      9.877908718925028,
      -9.762119428974984,
      0.8890371312994958
    ],
    "rotation": [
      -0.0029506690867394923,
      0.0027079916247100704,
      3.1073708394822686
    ]
  },
  {
    "label_id": "fNy8PC-BmuP16FOJ9FFzIw",
    "size": [
      2.1476594433774285,
      5.107156534927326,
      1.980000000000004
    ],
    "obj_class": "vehicle",
    "point_num_in_lidar": 4970,
    "speed": 1.3830600733622805e-11,
    "if_vehicle": true,
    "motion_state": false,
    "pose": [
      [
        0.7587979599051046,
        0.6513200249024665,
        -0.002807348375543955,
        9.769325689434481
      ],
      [
        -0.651326019156189,
        0.7587926320249777,
        -0.0028562833820533085,
        -4.6730783365128445
      ],
      [
        0.00026984069936258047,
        0.003995841045040542,
        0.9999919801880112,
        0.8495289039752549
      ],
      [
        0.0,
        0.0,
        0.0,
        1.0
      ]
    ],
    "location": [
      9.769325689434481,
      -4.6730783365128445,
      0.8495289039752549
    ],
    "rotation": [
      0.003995851824024313,
      -0.0002698407026372775,
      -0.709330686045983
    ]
  },
  {
    "label_id": "gLdCcd_k3Lp-3dE0ol5ezA",
    "size": [
      2.1350699741361345,
      4.396070169772625,
      1.8305185015044074
    ],
    "obj_class": "vehicle",
    "point_num_in_lidar": 1068,
    "speed": 3.5950934718225418e-12,
    "if_vehicle": true,
    "motion_state": false,
    "pose": [
      [
        0.680603267554409,
        0.7326467846031673,
        -0.002807348375543955,
        19.920081230251526
      ],
      [
        -0.7326521405688015,
        0.6805972983822333,
        -0.0028562833820533085,
        -3.9800986740156077
      ],
      [
        -0.00018197311576384975,
        0.004000805599551466,
        0.9999919801880112,
        0.8926192044561745
      ],
      [
        0.0,
        0.0,
        0.0,
        1.0
      ]
    ],
    "location": [
      19.920081230251526,
      -3.9800986740156077,
      0.8926192044561745
    ],
    "rotation": [
      0.0040008163389834055,
      0.0001819731167681659,
      -0.8222105889268131
    ]
  },
  {
    "label_id": "l-XnejT-kWgZdox4WXTk1Q",
    "size": [
      2.0028314749616625,
      4.45394267847577,
      1.5900000000000034
    ],
    "obj_class": "vehicle",
    "point_num_in_lidar": 3661,
    "speed": 2.2737367544323206e-12,
    "if_vehicle": true,
    "motion_state": false,
    "pose": [
      [
        0.5637936553697791,
        0.8259109110308939,
        -0.002807348375543955,
        13.066347590145597
      ],
      [
        -0.8259153174144616,
        0.5637869545363838,
        -0.0028562833820533085,
        -4.414321990865574
      ],
      [
        -0.0007762892192634601,
        0.003928986473420149,
        0.9999919801880112,
        0.6428784552083542
      ],
      [
        0.0,
        0.0,
        0.0,
        1.0
      ]
    ],
    "location": [
      13.066347590145597,
      -4.414321990865574,
      0.6428784552083542
    ],
    "rotation": [
      0.003928997765937295,
      0.0007762892972320235,
      -0.971824211688568
    ]
  },
  {
    "label_id": "lZyBbVEUGKHI86ep9kmLgw",
    "size": [
      0.8723086256036772,
      0.6996606541566454,
      1.9082143842119805
    ],
    "obj_class": "pedestrian",
    "point_num_in_lidar": 52,
    "speed": 2.2737367544323206e-12,
    "if_vehicle": false,
    "motion_state": false,
    "pose": [
      [
        -0.946354305296669,
        0.32311862781578776,
        -0.002807348375543955,
        48.47214224374329
      ],
      [
        -0.32311099454901343,
        -0.9463567650980199,
        -0.0028562833820533085,
        21.508069284420344
      ],
      [
        -0.003579671494245061,
        -0.0017959709500859143,
        0.9999919801880112,
        0.6428439720865455
      ],
      [
        0.0,
        0.0,
        0.0,
        1.0
      ]
    ],
    "location": [
      48.47214224374329,
      21.508069284420344,
      0.6428439720865455
    ],
    "rotation": [
      -0.0017959834225329864,
      0.0035796791393028745,
      -2.8125754925650357
    ]
  },
  {
    "label_id": "miUCgrw0d28mF4d4GaaTfg",
    "size": [
      0.7603092283523318,
      0.8180348372529171,
      1.7374134793072642
    ],
    "obj_class": "pedestrian",
    "point_num_in_lidar": 93,
    "speed": 1.3400532828880036,
    "if_vehicle": false,
    "motion_state": true,
    "pose": [
      [
        0.9991678101351977,
        0.04069159599636992,
        -0.002807348375543955,
        18.916617152586696
      ],
      [
        -0.040699602328855486,
        0.9991673453508749,
        -0.0028562833820533085,
        -9.221301070145273
      ],
      [
        0.0026887840944336866,
        0.002968164374454958,
        0.9999919801880112,
        0.917278176632685
      ],
      [
        0.0,
        0.0,
        0.0,
        1.0
      ]
    ],
    "location": [
      18.916617152586696,
      -9.221301070145273,
      0.917278176632685
    ],
    "rotation": [
      0.0029681794620933224,
      -0.002688787334231841,
      -0.04071099415002252
    ]
  },
  {
    "label_id": "oBgkabLveCc0Yw1MvBSHOA",
    "size": [
      0.8283111702813439,
      0.7942693187629959,
      1.8171851638005094
    ],
    "obj_class": "pedestrian",
    "point_num_in_lidar": 121,
    "speed": 1.2629699392708964,
    "if_vehicle": false,
    "motion_state": true,
    "pose": [
      [
        0.9860576485237811,
        -0.16638038521066612,
        -0.002807348375543955,
        25.51207130914554
      ],
      [
        0.1663724553020514,
        0.9860588459934875,
        -0.0028562833820533085,
        -8.54266086898133
      ],
      [
        0.0032434402288674183,
        0.002349394633097565,
        0.9999919801880112,
        0.9232355475100888
      ],
      [
        0.0,
        0.0,
        0.0,
        1.0
      ]
    ],
    "location": [
      25.51207130914554,
      -8.54266086898133,
      0.9232355475100888
    ],
    "rotation": [
      0.0023494091522461773,
      -0.0032434459156745928,
      0.16715058944273684
    ]
  },
  {
    "label_id": "skG246l1N6X1i6YSA_Q0Og",
    "size": [
      2.5894402093501703,
      7.428925470678697,
      2.7960974461957804
    ],
    "obj_class": "vehicle",
    "point_num_in_lidar": 177,
    "speed": 3.5950934718225418e-12,
    "if_vehicle": true,
    "motion_state": false,
    "pose": [
      [
        -0.9976018573511036,
        0.06915672783414993,
        -0.002807348375543955,
        70.65619053890259
      ],
      [
        -0.06914871883260876,
        -0.9976022736186251,
        -0.0028562833820533085,
        11.279047276177153
      ],
      [
        -0.0029981483347520693,
        -0.0026553090635718026,
        0.9999919801880112,
        1.3658018184191505
      ],
      [
        0.0,
        0.0,
        0.0,
        1.0
      ]
    ],
    "location": [
      70.65619053890259,
      11.279047276177153,
      1.3658018184191505
    ],
    "rotation": [
      -0.0026553241181323274,
      0.002998152826442887,
      -3.0723883980248563
    ]
  },
  {
    "label_id": "t1ePe__aXYB9-IF7fpKV7w",
    "size": [
      0.7204831567509803,
      0.8499257723597111,
      1.6992111162184642
    ],
    "obj_class": "pedestrian",
    "point_num_in_lidar": 98,
    "speed": 0.5216382318412707,
    "if_vehicle": false,
    "motion_state": false,
    "pose": [
      [
        -0.9727888927851309,
        -0.23167625875125225,
        -0.002807348375543955,
        31.228529772917682
      ],
      [
        0.23168402708850896,
        -0.9727869002187953,
        -0.0028562833820533085,
        10.726815080910455
      ],
      [
        -0.0020692186761921906,
        -0.003428978525794615,
        0.9999919801880112,
        0.8489205429811193
      ],
      [
        0.0,
        0.0,
        0.0,
        1.0
      ]
    ],
    "location": [
      31.228529772917682,
      10.726815080910455,
      0.8489205429811193
    ],
    "rotation": [
      -0.003428992586361349,
      0.0020692201528122204,
      2.9077836874893253
    ]
  },
  {
    "label_id": "tLLaYUgBVODgrVjxYBagwA",
    "size": [
      0.777044460579245,
      0.11190182437167095,
      0.7800000000000011
    ],
    "obj_class": "sign",
    "point_num_in_lidar": 66,
    "speed": 0.0036316497205892114,
    "if_vehicle": false,
    "motion_state": false,
    "pose": [
      [
        -0.9948235473624052,
        0.10157868087536182,
        -0.002807348375543955,
