[
  {
    "label_id": "-K1mhaiPD_bfqqGo9XGMqQ",
    "size": [
      0.750733514972313,
      0.7899949617853979,
      1.7000000000000028
    ],
    "obj_class": "pedestrian",
    "point_num_in_lidar": 440,
    "speed": 0.8937664306042807,
    "if_vehicle": false,
    "motion_state": false,
    "pose": [
      [
        0.9857574994155932,
        0.1681513038452317,
        -0.0027002520373849152,
        15.06953019861976
      ],
      [
        -0.16815923607447109,
        0.9857551509295832,
        -0.0030419958325066253,
        -1.3913841844769195
      ],
      [
        0.0021502717891325315,
        0.0034527425248995682,
        0.9999917274159269,
        0.8449086147434599
      ],
      [
        0.0,
        0.0,
        0.0,
        1.0
      ]
    ],
    "location": [
      15.06953019861976,
      -1.3913841844769195,
      0.8449086147434599
    ],
    "rotation": [
      0.003452757367452448,
      -0.0021502734461600645,
      -0.1689624095436925
    ]
  },
  {
    "label_id": "-lw-pbHiNJGWsl32vhmuQQ",
    "size": [
      0.644496548975444,
      0.11856601403023674,
      0.71051850150441
    ],
    "obj_class": "sign",
    "point_num_in_lidar": 21,
    "speed": 0.0032342548074851206,
    "if_vehicle": false,
    "motion_state": false,
    "pose": [
      [
        -0.9999467769987727,
        -0.009957500123087805,
        -0.0027002520373849152,
        54.21383836877794
      ],
      [
        0.009965704130640404,
        -0.9999457140277843,
        -0.0030419958325066253,
        -1.730273041073815
      ],
      [
        -0.0026698147777012215,
        -0.0030687438412414355,
        0.9999917274159269,
        3.152619204456215
      ],
      [
        0.0,
        0.0,
        0.0,
        1.0
      ]
    ],
    "location": [
      54.21383836877794,
      -1.730273041073815,
      3.152619204456215
    ],
    "rotation": [
      -0.003068759594728226,
      0.002669817949411725,
      3.131626748974753
    ]
  },
  {
    "label_id": "5v-HhV-BedTvNkAgrUmSsA",
    "size": [
      2.122837831403961,
      5.033050925192189,
      1.480000000000004
    ],
    "obj_class": "vehicle",
    "point_num_in_lidar": 3123,
    "speed": 0.0030626815333088682,
    "if_vehicle": true,
    "motion_state": false,
    "pose": [
      [
        -0.9947588369239909,
        0.10221333083587089,
        -0.0027002520373849152,
        12.46171753701492
      ],
      [
        -0.10220505937777258,
        -0.994758700438926,
        -0.0030419958325066253,
        7.397552890361112
      ],
      [
        -0.0029970317339959207,
        -0.0027500728164560418,
        0.9999917274159269,
        0.6038306791819039
      ],
      [
        0.0,
        0.0,
        0.0,
        1.0
      ]
    ],
    "location": [
      12.46171753701492,
      7.397552890361112,
      0.6038306791819039
    ],
    "rotation": [
      -0.002750088633869872,
      0.0029970362206700706,
      -3.0392083542589523
    ]
  },
  {
    "label_id": "6ufHihRk7ljuRm35o3Ve6g",
    "size": [
      0.8855818262549409,
      0.8864430025332695,
      1.8700000000000045
    ],
    "obj_class": "pedestrian",
    "point_num_in_lidar": 29,
    "speed": 1.1368683772161603e-12,
    "if_vehicle": false,
    "motion_state": false,
    "pose": [
      [
        0.8691101312899563,
        0.49461124969827497,
        -0.0027002520373849152,
        47.294012877959176
      ],
      [
        -0.4946179034285685,
        0.8691052156495681,
        -0.0030419958325066253,
        22.21632852912444
      ],
      [
        0.0008421977689665556,
        0.003979422398833381,
        0.9999917274159269,
        0.5865670572654125
      ],
      [
        0.0,
        0.0,
        0.0,
        1.0
      ]
    ],
    "location": [
      47.294012877959176,
      22.21632852912444,
      0.5865670572654125
    ],
    "rotation": [
      0.003979434313107781,
      -0.0008421978685279908,
      -0.517395337501659
    ]
  },
  {
    "label_id": "9KGiqkmEBgSGNEolhIVz1A",
    "size": [
      0.6676860044007951,
      0.8747499668482639,
      1.6388978100247868
    ],
    "obj_class": "pedestrian",
    "point_num_in_lidar": 66,
    "speed": 0.7095504270559396,
    "if_vehicle": false,
    "motion_state": false,
    "pose": [
      [
        -0.7717070397383412,
        -0.635972447089668,
        -0.0027002520373849152,
        32.10552322543663
      ],
      [
        0.6359781620221224,
        -0.7717010585014885,
        -0.0030419958325066253,
        11.12768277021678
      ],
      [
        -0.00014916182183492924,
        -0.004064830926532609,
        0.9999917274159269,
        0.7739664533862793
      ],
      [
        0.0,
        0.0,
        0.0,
        1.0
      ]
    ],
    "location": [
      32.10552322543663,
      11.12768277021678,
      0.7739664533862793
    ],
    "rotation": [
      -0.004064842165601522,
      0.00014916182238805236,
      2.4523172551524164
    ]
  },
  {
    "label_id": "Abp2wF28Amdp-8SvcS3E1g",
    "size": [
      2.196294568927894,
      4.401772619467235,
      1.7100000000000009
    ],
    "obj_class": "vehicle",
    "point_num_in_lidar": 2843,
    "speed": 2.5421149729252077e-12,
    "if_vehicle": true,
    "motion_state": false,
    "pose": [
      [
        0.9995892474412937,
        0.028531474526956455,
        -0.0027002520373849152,
        14.714482925824996
      ],
      [
        -0.028539657372340373,
        0.9995880322504989,
        -0.0030419958325066253,
        -0.00024195663718273863
      ],
      [
        0.0026123469940237177,
        0.003117810592900779,
        0.9999917274159269,
        0.9098155168944118
      ],
      [
        0.0,
        0.0,
        0.0,
        1.0
      ]
    ],
    "location": [
      14.714482925824996,
      -0.00024195663718273863,
      0.9098155168944118
    ],
    "rotation": [
      0.0031178262827942158,
      -0.002612349965297512,
      -0.0285436305314409
    ]
  },
  {
    "label_id": "C4NxoX3efnXfwLAduEGZxw",
    "size": [
      2.002831474961664,
      4.45394267847577,
      1.5900000000000034
    ],
    "obj_class": "vehicle",
    "point_num_in_lidar": 1291,
    "speed": 6.431098710768743e-12,
    "if_vehicle": true,
    "motion_state": false,
    "pose": [
      [
        0.563793821646171,
        0.8259111546120079,
        -0.0027002520373849152,
        16.627299012507137
      ],
      [
        -0.8259149753269286,
        0.5637864842225946,
        -0.0030419958325066253,
        -4.547454089843086
      ],
      [
        -0.0009900526876783237,
        0.003945237050673887,
        0.9999917274159269,
        0.6528784552083451
      ],
      [
        0.0,
        0.0,
        0.0,
        1.0
      ]
    ],
    "location": [
      16.627299012507137,
      -4.547454089843086,
      0.6528784552083451
    ],
    "rotation": [
      0.003945249218864912,
      0.000990052849420716,
      -0.971823881491307
    ]
  },
  {
    "label_id": "D-j8uA5tzbpXhUFsbPfY1w",
    "size": [
      0.9873273858150163,
      0.7573816566762264,
      1.5740498284474072
    ],
    "obj_class": "pedestrian",
    "point_num_in_lidar": 33,
    "speed": 0.9485381588008206,
    "if_vehicle": false,
    "motion_state": false,
    "pose": [
      [
        0.9964960951491147,
        -0.08359569959932657,
        -0.0027002520373849152,
        37.240059362935426
      ],
      [
        0.08358743213919641,
        0.9964958040301676,
        -0.0030419958325066253,
        -8.409240183711518
      ],
      [
        0.0029450875948746065,
        0.0028056298346190948,
        0.9999917274159269,
        0.8333336635477337
      ],
      [
        0.0,
        0.0,
        0.0,
        1.0
      ]
    ],
    "location": [
      37.240059362935426,
      -8.409240183711518,
      0.8333336635477337
    ],
    "rotation": [
      0.002805645682911813,
      -0.002945091852280862,
      0.0836854388222705
    ]
  },
  {
    "label_id": "DV-QVxiC5bGWoAdie1BT7w",
    "size": [
      2.1232088259577133,
      4.640056433527341,
      1.5305185015044103
    ],
    "obj_class": "vehicle",
    "point_num_in_lidar": 293,
    "speed": 0.050428626254699994,
    "if_vehicle": true,
    "motion_state": false,
    "pose": [
      [
        0.9991167475624114,
        -0.04193367834143772,
        -0.0027002520373849152,
        29.823272912391985
      ],
      [
        0.04192543023473619,
        0.999116111651187,
        -0.0030419958325066253,
        1.3635003069066443
      ],
      [
        0.0028254273908265392,
        0.0029260997538628443,
        0.9999917274159269,
        0.8313689515078266
      ],
      [
        0.0,
        0.0,
        0.0,
        1.0
      ]
    ],
    "location": [
      29.823272912391985,
      1.3635003069066443,
      0.8313689515078266
    ],
    "rotation": [
      0.002926115609157964,
      -0.0028254311500899958,
      0.041937889800686405
    ]
  },
  {
    "label_id": "DX4XHYOjhuavfiHWtty6bw",
    "size": [
      0.7633635673102582,
      0.9971149116720426,
      1.7568296477584084
    ],
    "obj_class": "pedestrian",
    "point_num_in_lidar": 27,
    "speed": 1.4627367849900297,
    "if_vehicle": false,
    "motion_state": true,
    "pose": [
      [
        -0.9992407833414599,
        0.038865994726492596,
        -0.0027002520373849152,
        65.21747237684758
      ],
      [
        -0.038857748611038155,
        -0.9992401221099142,
        -0.0030419958325066253,
        -7.066919669654453
      ],
      [
        -0.002816430369548262,
        -0.002934760583740231,
        0.9999917274159269,
        0.8964948249132476
      ],
      [
        0.0,
        0.0,
        0.0,
        1.0
      ]
    ],
    "location": [
      65.21747237684758,
      -7.066919669654453,
      0.8964948249132476
    ],
    "rotation": [
      -0.0029347764363079334,
      0.0028164340930139477,
      -3.102724965383871
    ]
  },
  {
    "label_id": "Djbr-wq3c_Wu_emcmW1Dog",
    "size": [
      2.4599560878352618,
      5.612823795445765,
      2.270518501504405
    ],
    "obj_class": "vehicle",
    "point_num_in_lidar": 13905,
    "speed": 3.5950934718225418e-12,
    "if_vehicle": true,
    "motion_state": false,
    "pose": [
      [
        0.6979159296416961,
        0.7161746042630258,
        -0.0027002520373849152,
        6.414921689996845
      ],
      [
        -0.7161796343626361,
        0.6979093620131168,
        -0.0030419958325066253,
        -4.570807764139317
      ],
      [
        -0.0002940689848292809,
        0.004056922866231319,
        0.9999917274159269,
        0.9767178403730696
      ],
      [
        0.0,
        0.0,
        0.0,
        1.0
      ]
    ],
    "location": [
      6.414921689996845,
      -4.570807764139317,
      0.9767178403730696
    ],
    "rotation": [
      0.004056934170290342,
      0.00029406898906762715,
      -0.7983129124207119
    ]
  },
  {
    "label_id": "EB8EchWMY1Oagsjrk4KwsA",
    "size": [
      2.2039397856438403,
      4.8606414627357974,
      1.6200000000000045
    ],
    "obj_class": "vehicle",
    "point_num_in_lidar": 27,
    "speed": 4.099037227506402e-12,
    "if_vehicle": true,
    "motion_state": false,
    "pose": [
      [
        0.6763885755986161,
        0.7365400216136321,
        -0.0027002520373849152,
        68.75947913957498
      ],
      [
        -0.736544854899759,
        0.6763818618074023,
        -0.0030419958325066253,
        -2.6366225702295196
      ],
      [
        -0.0004141501758273685,
        0.004046427973194534,
        0.9999917274159269,
        0.806647147413706
      ],
      [
        0.0,
        0.0,
        0.0,
        1.0
      ]
    ],
    "location": [
      68.75947913957498,
      -2.6366225702295196,
      0.806647147413706
    ],
    "rotation": [
      0.004046439362719435,
      0.0004141501876665679,
      -0.8279479181662349
    ]
  },
  {
    "label_id": "Fyvr9wj_mD3-PKw_3XcdnA",
    "size": [
      0.7829285216702958,
      0.8748261895378542,
      1.7744533473011828
    ],
    "obj_class": "pedestrian",
    "point_num_in_lidar": 20,
    "speed": 1.0978806856651135,
    "if_vehicle": false,
    "motion_state": true,
    "pose": [
      [
        0.9983853610275834,
        -0.056739576353340274,
        -0.0027002520373849152,
        77.02213325648336
      ],
      [
        0.05673131972641153,
        0.998384847452852,
        -0.0030419958325066253,
        15.854844796136604
      ],
      [
        0.0028684922732338442,
        0.0028838952458067535,
        0.9999917274159269,
        1.0047904750586483
      ],
      [
        0.0,
        0.0,
        0.0,
        1.0
      ]
    ],
    "location": [
      77.02213325648336,
      15.854844796136604,
      1.0047904750586483
    ],
    "rotation": [
      0.0028839111081350273,
      -0.0028684962070260073,
      0.05676202874502157
    ]
  },
  {
    "label_id": "G96MfK6U70_2CEKJH1g1gA",
    "size": [
      2.050767647742152,
      4.751621205894719,
      1.783059185505671
    ],
    "obj_class": "vehicle",
    "point_num_in_lidar": 4665,
    "speed": 1.1368683772161603e-12,
    "if_vehicle": true,
    "motion_state": false,
    "pose": [
      [
        -0.9991528365463864,
        0.0410648007452184,
        -0.0027002520373849152,
        6.1541660873554065
      ],
      [
        -0.04105655319464308,
        -0.9991521934626028,
        -0.0030419958325066253,
        6.997459129321214
      ],
      [
        -0.0028228816987846696,
        -0.0029285557233994443,
        0.9999917274159269,
        0.7201683435291244
      ],
      [
        0.0,
        0.0,
        0.0,
        1.0
      ]
    ],
    "location": [
      6.1541660873554065,
      6.997459129321214,
      0.7201683435291244
    ],
    "rotation": [
      -0.002928571577965792,
      0.0028228854478960373,
      -3.100524393483262
    ]
  },
  {
    "label_id": "GvNSnjQZk7nOuKBrSduqOA",
    "size": [
      2.157995541183699,
      4.7553734910656065,
      1.5499999999999972
    ],
    "obj_class": "vehicle",
    "point_num_in_lidar": 184,
    "speed": 5.79018593290341,
    "if_vehicle": true,
    "motion_state": true,
    "pose": [
      [
        -0.9967661006614098,
        0.08031219839590194,
        -0.0027002520373849152,
        41.67990774075588
      ],
      [
        -0.08030393193975878,
        -0.9967657823061391,
        -0.0030419958325066253,
        5.905428100108111
      ],
      [
        -0.0029358282072875002,
        -0.002815317468365535,
        0.9999917274159269,
        0.783850534182946
      ],
      [
        0.0,
        0.0,
        0.0,
        1.0
      ]
    ],
    "location": [
      41.67990774075588,
      5.905428100108111,
      0.783850534182946
    ],
    "rotation": [
      -0.0028153333202789958,
      0.0029358324246637757,
      -3.0612018134083376
    ]
  },
  {
    "label_id": "H1UceUMUw7amJjkZPWl6qg",
    "size": [
      0.6970462820155129,
      0.7653631564612301,
      1.6941567563163105
    ],
    "obj_class": "pedestrian",
    "point_num_in_lidar": 27,
    "speed": 1.3786116473992636,
    "if_vehicle": false,
    "motion_state": true,
    "pose": [
      [
        -0.9955708827052493,
        0.09397513579891859,
        -0.0027002520373849152,
        43.62837959022727
      ],
      [
        -0.09396686575406682,
        -0.9955706777530725,
        -0.0030419958325066253,
        -6.316047954198439
      ],
      [
        -0.0029741637224229697,
        -0.002774788255455217,
        0.9999917274159269,
        0.8899003343866099
      ],
      [
        0.0,
        0.0,
        0.0,
        1.0
      ]
    ],
    "location": [
      43.62837959022727,
      -6.316047954198439,
      0.8899003343866099
    ],
    "rotation": [
      -0.002774804088722716,
      0.00297416810717557,
      -3.0474865336918135
    ]
  },
  {
    "label_id": "ImNXxSqrOhGjnDuh8WZ_rw",
    "size": [
      0.7006499849984728,
      0.8057173953675747,
      1.5600000000000023
    ],
    "obj_class": "pedestrian",
    "point_num_in_lidar": 40,
    "speed": 1.0505376194908695,
    "if_vehicle": false,
    "motion_state": true,
    "pose": [
      [
        -0.9953068372915289,
        0.0967316301923434,
        -0.0027002520373849152,
        55.45298011925479
      ],
      [
        -0.09672335961166208,
        -0.99530665524088,
        -0.0030419958325066253,
        -5.422184819952236
      ],
      [
        -0.0029818360395536324,
        -0.002766541802252077,
        0.9999917274159269,
        0.8556711139386834
      ],
      [
        0.0,
        0.0,
        0.0,
        1.0
      ]
    ],
    "location": [
      55.45298011925479,
      -5.422184819952236,
      0.8556711139386834
    ],
    "rotation": [
      -0.0027665576306052622,
      0.002981840458327386,
      -3.0447174090519833
    ]
  },
  {
    "label_id": "J8-j5tMTE7dijlXHKvNmRw",
    "size": [
      1.868638263125533,
      4.258107369427481,
      1.7700000000000031
    ],
    "obj_class": "vehicle",
    "point_num_in_lidar": 70,
    "speed": 2.5421149729252077e-12,
    "if_vehicle": true,
    "motion_state": false,
    "pose": [
      [
        0.08394562149635257,
        0.9964666784546914,
        -0.0027002520373849152,
        38.59394028606039
      ],
      [
        -0.9964663902389426,
        0.08393735393450355,
        -0.0030419958325066253,
        -13.496263904489751
      ],
      [
        -0.002804595472116549,
        0.00294607263117738,
        0.9999917274159269,
        1.030313310576382
      ],
      [
        0.0,
        0.0,
        0.0,
        1.0
      ]
    ],
    "location": [
      38.59394028606039,
      -13.496263904489751,
      1.030313310576382
    ],
    "rotation": [
      0.0029460884795194917,
      0.0028045991488400623,
      -1.4867514677397153
    ]
  },
  {
    "label_id": "JYZGrjHhOWIfmt9jVFankA",
    "size": [
      0.885581826245704,
      0.8864430025332695,
      1.9033832664799561
    ],
    "obj_class": "pedestrian",
    "point_num_in_lidar": 24,
    "speed": 0.009210494544788027,
    "if_vehicle": false,
    "motion_state": false,
    "pose": [
      [
        0.5832443437380423,
        0.8122922775310095,
        -0.0027002520373849152,
        48.00179258258868
      ],
      [
        -0.8122962713799601,
        0.5832370990974161,
        -0.0030419958325066253,
        22.767730581770593
      ],
      [
        -0.0008961025579103808,
        0.003967631524738094,
        0.9999917274159269,
        0.5285228086540741
      ],
      [
        0.0,
        0.0,
        0.0,
        1.0
      ]
    ],
    "location": [
      48.00179258258868,
      22.767730581770593,
      0.5285228086540741
    ],
    "rotation": [
      0.003967643527637634,
      0.0008961026778387858,
      -0.9480790104663122
    ]
  },
  {
    "label_id": "LVurOGR3dPZTYlctUjwF1w",
    "size": [
      0.8553806403868827,
      0.9205835426103812,
      1.5600000000000023
    ],
    "obj_class": "pedestrian",
    "point_num_in_lidar": 116,
    "speed": 0.745707540570132,
    "if_vehicle": false,
    "motion_state": false,
    "pose": [
      [
        0.9986431676709985,
        -0.05200511804590462,
        -0.0027002520373849152,
        25.873818139894865
      ],
      [
        0.05199686394688988,
        0.9986426149534394,
        -0.0030419958325066253,
        12.52777843560034
      ],
      [
        0.0028547861080120813,
        0.002897463716406177,
        0.9999917274159269,
        0.7604652826796254
      ],
      [
        0.0,
        0.0,
        0.0,
        1.0
      ]
    ],
    "location": [
      25.873818139894865,
      12.52777843560034,
      0.7604652826796254
    ],
    "rotation": [
      0.0028974795776011,
      -0.0028547899856840443,
      0.05202053509696245
    ]
  },
  {
    "label_id": "MgUHjjRH5WfE7KTO3UAfsQ",
    "size": [
      2.122082204683363,
      4.89751997057426,
      1.4830591855056738
    ],
    "obj_class": "vehicle",
    "point_num_in_lidar": 3972,
    "speed": 2.2737367544323206e-12,
    "if_vehicle": true,
    "motion_state": false,
    "pose": [
      [
        -0.9924470343526918,
        0.12264417084998935,
        -0.0027002520373849152,
        0.6649122067319695
      ],
      [
        -0.1226358983341787,
        -0.9924470679593567,
        -0.0030419958325066253,
        6.701107151944598
      ],
      [
        -0.0030529402738608364,
        -0.002687871908151053,
        0.9999917274159269,
        0.5790348112215185
      ],
      [
        0.0,
        0.0,
        0.0,
        1.0
      ]
    ],
    "location": [
      0.6649122067319695,
      6.701107151944598,
      0.5790348112215185
    ],
    "rotation": [
      -0.0026878876708659907,
      0.003052945016340698,
      -3.0186466817675077
    ]
  },
  {
    "label_id": "No68zCO6os9hco-_ap9yaQ",
    "size": [
      0.7484054906059394,
      0.7235802196100946,
      1.7700000000000031
    ],
    "obj_class": "pedestrian",
    "point_num_in_lidar": 40,
    "speed": 2.5421149729252077e-12,
    "if_vehicle": false,
    "motion_state": false,
    "pose": [
      [
        -0.9622653603458685,
        0.27209940264059757,
        -0.0027002520373849152,
        48.352709824168414
      ],
      [
        -0.2720912313935751,
        -0.9622666512251595,
        -0.0030419958325066253,
        19.904892758917413
      ],
      [
        -0.0034260877343385366,
        -0.0021924923140125467,
        0.9999917274159269,
        0.6088256936522072
      ],
      [
        0.0,
        0.0,
        0.0,
        1.0
      ]
    ],
    "location": [
      48.352709824168414,
      19.904892758917413,
      0.6088256936522072
    ],
    "rotation": [
      -0.002192506938542538,
      0.0034260944369876403,
      -2.866025404224173
    ]
  },
  {
    "label_id": "SV4MhXW_fLKMUyYTomC7iA",
    "size": [
      1.8745005814532052,
      4.026761972188614,
      1.730518501504406
    ],
    "obj_class": "vehicle",
    "point_num_in_lidar": 357,
    "speed": 3.2155493553843714e-12,
    "if_vehicle": true,
    "motion_state": false,
    "pose": [
      [
        0.5357877947726029,
        0.8443483567886217,
        -0.0027002520373849152,
        23.067769648005196
      ],
      [
        -0.8443519293648681,
        0.5357803333822359,
        -0.0030419958325066253,
        -3.943883484287653
      ],
      [
        -0.0011217622457286535,
        0.003909827256343542,
        0.9999917274159269,
        0.8526192044561682
      ],
      [
        0.0,
        0.0,
        0.0,
        1.0
      ]
    ],
    "location": [
      23.067769648005196,
      -3.943883484287653,
      0.8526192044561682
    ],
    "rotation": [
      0.003909839677824568,
      0.001121762480990474,
      -1.0053554400538187
    ]
  },
  {
    "label_id": "TBaMlPrcbb0tVmgFVZHKcA",
    "size": [
      0.8401860487472412,
      0.11186696262676982,
      0.8605185015044086
    ],
    "obj_class": "sign",
    "point_num_in_lidar": 36,
    "speed": 0.0030017805844690737,
    "if_vehicle": false,
    "motion_state": false,
    "pose": [
      [
        0.9990141110026699,
        0.04431156346237103,
        -0.0027002520373849152,
        53.869588347261015
      ],
      [
        -0.04431972609956116,
        0.9990127667551676,
        -0.0030419958325066253,
        10.26892761309864
      ],
      [
        0.002562790667419797,
        0.0031586711929821147,
        0.9999917274159269,
        2.887619204456186
      ],
      [
        0.0,
        0.0,
        0.0,
        1.0
      ]
    ],
    "location": [
      53.869588347261015,
      10.26892761309864,
      2.887619204456186
    ],
    "rotation": [
      0.003158686818471484,
      -0.0025627934727851863,
      -0.04433439370939404
    ]
  },
  {
    "label_id": "V7YN8qOnLzj6EqMtbCjrbw",
    "size": [
      2.361603872962683,
      4.897855298287807,
      1.8405185015044054
    ],
    "obj_class": "vehicle",
    "point_num_in_lidar": 5616,
    "speed": 0.0,
    "if_vehicle": true,
    "motion_state": false,
    "pose": [
      [
        0.6910129836170239,
        0.7228373019647181,
        -0.0027002520373849152,
        2.9910673179401783
      ],
      [
        -0.7228422688244035,
        0.6910063680329898,
        -0.0030419958325066253,
        -4.770993855832785
      ],
      [
        -0.00033297670702997457,
        0.004053914925471986,
        0.9999917274159269,
        0.8476192044561799
      ],
      [
        0.0,
        0.0,
        0.0,
        1.0
      ]
    ],
    "location": [
      2.9910673179401783,
      -4.770993855832785,
      0.8476192044561799
    ],
    "rotation": [
      0.004053926254117641,
      0.000332976713183023,
      -0.8079067686239911
    ]
  },
  {
    "label_id": "Xhv1ib3Sd4Npw2uCm8OIgA",
    "size": [
      0.7032178819206104,
      0.8587069967628569,
      1.7415277018557802
    ],
    "obj_class": "pedestrian",
    "point_num_in_lidar": 36,
    "speed": 1.6077746776921857e-12,
    "if_vehicle": false,
    "motion_state": false,
    "pose": [
      [
        -0.836983656809849,
        -0.5472212229730745,
        -0.0027002520373849152,
        53.21171874849824
      ],
      [
        0.5472275611870959,
        -0.8369783405432771,
        -0.0030419958325066253,
        -2.7234057250752812
      ],
      [
        -0.0005954077895557583,
        -0.004023753132900351,
        0.9999917274159269,
        0.9170612334797994
      ],
      [
        0.0,
        0.0,
        0.0,
        1.0
      ]
    ],
    "location": [
      53.21171874849824,
      -2.7234057250752812,
      0.9170612334797994
    ],
    "rotation": [
      -0.0040237647040390475,
      0.0005954078247354765,
      2.5625443166003365
    ]
  },
  {
    "label_id": "XsywigB-Q40d0u9u21SmQg",
    "size": [
      0.7289434170565007,
      0.9162428550820471,
      1.9424134016137273
    ],
    "obj_class": "pedestrian",
    "point_num_in_lidar": 70,
    "speed": 1.5663195079254433,
    "if_vehicle": false,
    "motion_state": true,
    "pose": [
      [
        0.9983622527050253,
        -0.05714473740145826,
        -0.0027002520373849152,
        41.31278009860398
      ],
      [
        0.05713648056679001,
        0.9983617424810487,
        -0.0030419958325066253,
        -5.523618008592166
      ],
      [
        0.0028696623822065275,
        0.002882730914001135,
        0.9999917274159269,
        1.0313776320180494
      ],
      [
        0.0,
        0.0,
        0.0,
        1.0
      ]
    ],
    "location": [
      41.31278009860398,
      -5.523618008592166,
      1.0313776320180494
    ],
    "rotation": [
      0.002882746776377122,
      -0.002869666320814658,
      0.05716784971424946
    ]
  },
  {
    "label_id": "YmfytkE-ukfBRofAX1HVww",
    "size": [
      0.644283493142711,
      0.7097897537460085,
      1.5500000000000043
    ],
    "obj_class": "pedestrian",
    "point_num_in_lidar": 60,
    "speed": 1.3632366101347575,
    "if_vehicle": false,
    "motion_state": true,
    "pose": [
      [
        0.9983669285571233,
        -0.057062988025078705,
        -0.0027002520373849152,
        29.11693120455311
      ],
      [
        0.05705473123221695,
        0.9983664176570516,
        -0.0030419958325066253,
        -8.339449005106871
      ],
      [
        0.002869426325097798,
        0.0028829658817309664,
        0.9999917274159269,
        0.8510639464811476
      ],
      [
        0.0,
        0.0,
        0.0,
        1.0
      ]
    ],
    "location": [
      29.11693120455311,
      -8.339449005106871,
      0.8510639464811476
    ],
    "rotation": [
      0.0028829817440979544,
      -0.0028694302627340416,
      0.05708596642835364
    ]
  },
  {
    "label_id": "aOalNxxJ9uA_4VqI2Wr-pw",
    "size": [
      0.9999999999983917,
      1.0,
      1.7608367811754064
    ],
    "obj_class": "pedestrian",
    "point_num_in_lidar": 38,
    "speed": 1.2221933670587066,
    "if_vehicle": false,
    "motion_state": true,
    "pose": [
      [
        0.9825675540027689,
        0.18588628367889426,
        -0.0027002520373849152,
        57.134436232212465
      ],
      [
        -0.18589417230313798,
        0.9825650629678861,
        -0.0030419958325066253,
        -3.5652105334520456
      ],
      [
        0.0020877080128709315,
        0.0034909275219321824,
        0.9999917274159269,
        0.8895423527872737
      ],
      [
        0.0,
        0.0,
        0.0,
        1.0
      ]
    ],
    "location": [
      57.134436232212465,
      -3.5652105334520456,
      0.8895423527872737
    ],
    "rotation": [
      0.0034909422200976115,
      -0.0020877095294284122,
      -0.18698223083963345
    ]
  },
  {
    "label_id": "aphnxehbBGUVAa3NaGJV7A",
    "size": [
      2.0433480586231805,
      4.555124657205895,
      1.5400000000000063
    ],
    "obj_class": "vehicle",
    "point_num_in_lidar": 49,
    "speed": 3.910889579239488,
    "if_vehicle": true,
    "motion_state": true,
    "pose": [
      [
        -0.9983936273750268,
        0.05659393479756049,
        -0.0027002520373849152,
        61.69531626022217
      ],
      [
        -0.056585678245638066,
        -0.9983931125958532,
        -0.0030419958325066253,
        7.404928299241874
      ],
      [
        -0.0028680715501973506,
        -0.002884313660706413,
        0.9999917274159269,
        0.785404332215272
      ],
      [
        0.0,
        0.0,
        0.0,
        1.0
      ]
    ],
    "location": [
      61.69531626022217,
      7.404928299241874,
      0.785404332215272
    ],
    "rotation": [
      -0.002884329523015631,
      0.002868075482258851,
      -3.0849765013285833
    ]
  },
  {
    "label_id": "bof1aeoD2plQ-sVhmz6tng",
    "size": [
      2.0777450502007606,
      4.382102305572195,
      1.6253959798867612
    ],
    "obj_class": "vehicle",
    "point_num_in_lidar": 2304,
    "speed": 7.461969161512254,
    "if_vehicle": true,
    "motion_state": true,
    "pose": [
      [
        -0.9983665612692794,
        0.05706941368446679,
        -0.0027002520373849152,
        15.68091889013158
      ],
      [
        -0.05706115688831697,
        -0.9983660504223497,
        -0.0030419958325066253,
        4.321048177989724
      ],
      [
        -0.002869444880300626,
        -0.0028829474135519,
        0.9999917274159269,
        0.7517739218888053
      ],
      [
        0.0,
        0.0,
        0.0,
        1.0
      ]
    ],
    "location": [
      15.68091889013158,
      4.321048177989724,
      0.7517739218888053
    ],
    "rotation": [
      -0.0028829632759196067,
      0.002869448818013259,
      -3.0845002509903927
    ]
  },
  {
    "label_id": "c3SCJxumyZ0SBk4CZmOJ6g",
    "size": [
      0.9673409614585757,
      1.0650027170117071,
      1.9586854736991413
    ],
    "obj_class": "pedestrian",
    "point_num_in_lidar": 115,
    "speed": 1.2194281102345121,
    "if_vehicle": false,
    "motion_state": true,
    "pose": [
      [
        0.9755951772334884,
        -0.21956037620138263,
        -0.0027002520373849152,
        34.60643132901896
      ],
      [
        0.21955214701325135,
        0.9755960234662842,
        -0.0030419958325066253,
        12.633182375371689
      ],
      [
        0.0033022568994176484,
        0.0023749103310730705,
        0.9999917274159269,
        1.0083531679585462
      ],
      [
        0.0,
        0.0,
        0.0,
        1.0
      ]
    ],
    "location": [
      34.60643132901896,
      12.633182375371689,
      1.0083531679585462
    ],
    "rotation": [
      0.002374925512796256,
      -0.003302262901244324,
      0.22135662027115935
    ]
  },
  {
    "label_id": "cEBTjT2GdLcTLHmXu-PHfw",
    "size": [
      0.8625872603752578,
      0.8538088650045665,
      1.7592707532064438
    ],
    "obj_class": "pedestrian",
    "point_num_in_lidar": 105,
    "speed": 1.0397482893887913,
    "if_vehicle": false,
    "motion_state": true,
    "pose": [
      [
        -0.9994950240868209,
        -0.03166078749209803,
        -0.0027002520373849152,
        10.717961574722722
      ],
      [
        0.03166896649293476,
        -0.9994937832836303,
        -0.0030419958325066253,
        -9.772921253432287
      ],
      [
        -0.0026025731410603396,
        -0.00312597388917764,
        0.9999917274159269,
        0.862830203541499
      ],
      [
        0.0,
        0.0,
        0.0,
        1.0
      ]
    ],
    "location": [
      10.717961574722722,
      -9.772921253432287,
      0.862830203541499
    ],
    "rotation": [
      -0.003125989567040736,
      0.002602576079108455,
      3.109918283807437
    ]
  },
  {
    "label_id": "fNy8PC-BmuP16FOJ9FFzIw",
    "size": [
      2.1476594433774285,
      5.107156534927326,
      1.980000000000004
    ],
    "obj_class": "vehicle",
    "point_num_in_lidar": 4953,
    "speed": 1.3830600733622805e-11,
    "if_vehicle": true,
    "motion_state": false,
    "pose": [
      [
        0.7587981836929849,
        0.6513202169925034,
        -0.0027002520373849152,
        9.769325689427205
      ],
      [
        -0.6513258108291397,
        0.7587920890528042,
        -0.0030419958325066253,
        -4.673078336505569
      ],
      [
        6.76164986978844e-05,
        0.004067004760200423,
        0.9999917274159269,
        0.8495289039752336
      ],
      [
        0.0,
        0.0,
        0.0,
        1.0
      ]
    ],
    "location": [
      9.769325689427205,
      -4.673078336505569,
      0.8495289039752336
    ],
    "rotation": [
      0.00406701598131527,
      -6.761649874940808e-05,
      -0.7093303822089619
    ]
  },
  {
    "label_id": "gLdCcd_k3Lp-3dE0ol5ezA",
    "size": [
      2.1350699741361336,
      4.396070169772625,
      1.8305185015044074
    ],
    "obj_class": "vehicle",
    "point_num_in_lidar": 1006,
    "speed": 3.5950934718225418e-12,
    "if_vehicle": true,
    "motion_state": false,
    "pose": [
      [
        0.680603468280783,
        0.7326470006784329,
        -0.0027002520373849152,
        19.920081230251526
      ],
      [
        -0.7326518724065454,
        0.6805967823319017,
        -0.0030419958325066253,
        -3.9800986740156077
      ],
      [
        -0.0003909262746329367,
        0.0040487376252593445,
        0.9999917274159269,
        0.892619204456139
      ],
      [
        0.0,
        0.0,
        0.0,
        1.0
      ]
    ],
    "location": [
      19.920081230251526,
      -3.9800986740156077,
      0.892619204456139
    ],
    "rotation": [
      0.004048748996052015,
      0.0003909262845900481,
      -0.8222102593520672
    ]
  },
  {
    "label_id": "kzp-3xNjfdJH_Q6nCsLIaw",
    "size": [
      0.8194303083071754,
      0.8507232528003885,
      1.8588466720492889
    ],
    "obj_class": "pedestrian",
    "point_num_in_lidar": 25,
    "speed": 0.9803516564894076,
    "if_vehicle": false,
    "motion_state": false,
    "pose": [
      [
        0.9971263362855418,
        -0.07570850761114678,
        -0.0027002520373849152,
        78.96645584025828
      ],
      [
        0.07570024271323089,
        0.9971259797610896,
        -0.0030419958325066253,
        -7.0333652675835765
      ],
      [
        0.0029227964230177164,
        0.002828844424846284,
        0.9999917274159269,
        1.124938673240031
      ],
      [
        0.0,
        0.0,
        0.0,
        1.0
      ]
    ],
    "location": [
      78.96645584025828,
      -7.0333652675835765,
      1.124938673240031
    ],
    "rotation": [
      0.0028288602809309464,
      -0.0029228005844815124,
      0.07577305444920208
    ]
  },
  {
    "label_id": "l-XnejT-kWgZdox4WXTk1Q",
    "size": [
      2.002831474961663,
      4.45394267847577,
      1.5900000000000034
    ],
    "obj_class": "vehicle",
    "point_num_in_lidar": 3664,
    "speed": 2.2737367544323206e-12,
    "if_vehicle": true,
    "motion_state": false,
    "pose": [
      [
        0.563793821646171,
        0.8259111546120079,
        -0.0027002520373849152,
        13.066347590145597
      ],
      [
        -0.8259149753269286,
        0.5637864842225946,
        -0.0030419958325066253,
        -4.414321990865574
      ],
      [
        -0.0009900526876783237,
        0.003945237050673887,
        0.9999917274159269,
        0.64287845520834
      ],
      [
        0.0,
        0.0,
        0.0,
        1.0
      ]
    ],
    "location": [
      13.066347590145597,
      -4.414321990865574,
      0.64287845520834
    ],
    "rotation": [
      0.003945249218864912,
      0.000990052849420716,
      -0.971823881491307
    ]
  },
  {
    "label_id": "lZyBbVEUGKHI86ep9kmLgw",
    "size": [
      0.8723086256036775,
      0.6996606541566454,
      1.9082143842119805
    ],
    "obj_class": "pedestrian",
    "point_num_in_lidar": 55,
    "speed": 2.2737367544323206e-12,
    "if_vehicle": false,
    "motion_state": false,
    "pose": [
      [
        -0.9463545843994589,
        0.32311872311127654,
        -0.0027002520373849152,
        48.47214224374329
      ],
      [
        -0.32311063249709787,
        -0.9463563099745679,
        -0.0030419958325066253,
        21.508069284420344
      ],
      [
        -0.0035383263632102627,
        -0.0020063265581156766,
        0.9999917274159269,
        0.6507009960776244
      ],
      [
        0.0,
        0.0,
        0.0,
        1.0
      ]
    ],
    "location": [
      48.47214224374329,
      21.508069284420344,
      0.6507009960776244
    ],
    "rotation": [
      -0.002006340463644768,
      0.003538333746414143,
      -2.812575925381087
    ]
  },
  {
    "label_id": "miUCgrw0d28mF4d4GaaTfg",
    "size": [
      0.760309228364174,
      0.8180348372529171,
      1.7374134793072642
    ],
    "obj_class": "pedestrian",
    "point_num_in_lidar": 178,
    "speed": 1.3504555056086,
    "if_vehicle": false,
    "motion_state": true,
    "pose": [
      [
        0.9968911153228078,
        0.07874524004270159,
        -0.0027002520373849152,
        17.43119107480743
      ],
      [
        -0.07875335145378601,
        0.9968894903128186,
        -0.0030419958325066253,
        -9.156883840616501
      ],
      [
        0.002452310185225166,
        0.003245192515988839,
        0.9999917274159269,
        0.8961979905956241
      ],
      [
        0.0,
        0.0,
        0.0,
        1.0
      ]
    ],
    "location": [
      17.43119107480743,
      -9.156883840616501,
      0.8961979905956241
    ],
    "rotation": [
      0.0032452079701237465,
      -0.0024523126431926345,
      -0.07883522293881044
    ]
  },
  {
    "label_id": "oBgkabLveCc0Yw1MvBSHOA",
    "size": [
      0.828311170283577,
      0.7942693187629959,
      1.8171851638005094
    ],
    "obj_class": "pedestrian",
    "point_num_in_lidar": 122,
    "speed": 1.1855824036151317,
    "if_vehicle": false,
    "motion_state": true,
    "pose": [
      [
        0.9794576929390718,
        -0.2016316849639596,
        -0.0027002520373849152,
        24.194547383274767
      ],
      [
        0.20162344164046514,
        0.97945838811172,
        -0.0030419958325066253,
        -8.776672813095502
      ],
      [
        0.003258147253394071,
        0.002435072110962986,
        0.9999917274159269,
        0.9130523349702955
      ],
      [
        0.0,
        0.0,
        0.0,
        1.0
      ]
    ],
    "location": [
      24.194547383274767,
      -8.776672813095502,
      0.9130523349702955
    ],
    "rotation": [
      0.0024350874423842033,
      -0.0032581530179114112,
      0.20301621264557018
    ]
  },
  {
    "label_id": "skG246l1N6X1i6YSA_Q0Og",
    "size": [
      2.589440209350171,
      7.428925470678697,
      2.7960974461957804
    ],
    "obj_class": "vehicle",
    "point_num_in_lidar": 171,
    "speed": 3.5950934718225418e-12,
    "if_vehicle": true,
    "motion_state": false,
    "pose": [
      [
        -0.9976021515680322,
        0.06915674823014178,
