[
  {
    "label_id": "-K1mhaiPD_bfqqGo9XGMqQ",
    "size": [
      0.7507335149623876,
      0.7899949617853979,
      1.7000000000000028
    ],
    "obj_class": "pedestrian",
    "point_num_in_lidar": 499,
    "speed": 0.21666473964787147,
    "if_vehicle": false,
    "motion_state": false,
    "pose": [
      [
        0.8449357573571014,
        -0.5348604944944614,
        -0.002795955743885144,
        14.459349800810742
      ],
      [
        0.5348529011360977,
        0.8449396935425655,
        -0.0030476913385207713,
        -1.1715479711128864
      ],
      [
        0.003992503685784596,
        0.00107967834823862,
        0.9999914470679153,
        0.843241691120042
      ],
      [
        0.0,
        0.0,
        0.0,
        1.0
      ]
    ],
    "location": [
      14.459349800810742,
      -1.1715479711128864,
      0.843241691120042
    ],
    "rotation": [
      0.0010796871631937792,
      -0.003992514292669153,
      0.5643386898816347
    ]
  },
  {
    "label_id": "-lw-pbHiNJGWsl32vhmuQQ",
    "size": [
      0.6444965489754438,
      0.11856601403023674,
      0.71051850150441
    ],
    "obj_class": "sign",
    "point_num_in_lidar": 23,
    "speed": 0.003658358502671241,
    "if_vehicle": false,
    "motion_state": false,
    "pose": [
      [
        -0.9999465140070902,
        -0.009957497504206636,
        -0.002795955743885144,
        54.216675543168094
      ],
      [
        0.009966011000725566,
        -0.9999456936265281,
        -0.0030476913385207713,
        -1.7314919531636406
      ],
      [
        -0.0027654565267713933,
        -0.003075392855424549,
        0.9999914470679153,
        3.152619204456265
      ],
      [
        0.0,
        0.0,
        0.0,
        1.0
      ]
    ],
    "location": [
      54.216675543168094,
      -1.7314919531636406,
      3.152619204456265
    ],
    "rotation": [
      -0.003075409463351196,
      0.0027654600517034583,
      3.131626439497817
    ]
  },
  {
    "label_id": "5v-HhV-BedTvNkAgrUmSsA",
    "size": [
      2.1228378314039618,
      5.033050925192189,
      1.480000000000004
    ],
    "obj_class": "vehicle",
    "point_num_in_lidar": 3111,
    "speed": 0.0030626815379196748,
    "if_vehicle": true,
    "motion_state": false,
    "pose": [
      [
        -0.9947585752967661,
        0.10221330395318459,
        -0.002795955743885144,
        12.458676874899538
      ],
      [
        -0.10220475215512762,
        -0.9947587145707314,
        -0.0030476913385207713,
        7.397186295071151
      ],
      [
        -0.003092815942923551,
        -0.00274595713001073,
        0.9999914470679153,
        0.6058407080388406
      ],
      [
        0.0,
        0.0,
        0.0,
        1.0
      ]
    ],
    "location": [
      12.458676874899538,
      7.397186295071151,
      0.6058407080388406
    ],
    "rotation": [
      -0.0027459737142881894,
      0.003092820873671983,
      -3.0392086331343533
    ]
  },
  {
    "label_id": "6ufHihRk7ljuRm35o3Ve6g",
    "size": [
      0.8855818262549432,
      0.8864430025332695,
      1.8700000000000045
    ],
    "obj_class": "pedestrian",
    "point_num_in_lidar": 26,
    "speed": 1.1368683772161603e-12,
    "if_vehicle": false,
    "motion_state": false,
    "pose": [
      [
        0.8691099027090511,
        0.4946111196127135,
        -0.002795955743885144,
        47.29401287796645
      ],
      [
        -0.4946181617179308,
        0.8691050487002591,
        -0.0030476913385207713,
        22.216328529117163
      ],
      [
        0.0009225572277733399,
        0.004031709212994165,
        0.9999914470679153,
        0.5865670572654338
      ],
      [
        0.0,
        0.0,
        0.0,
        1.0
      ]
    ],
    "location": [
      47.29401287796645,
      22.216328529117163,
      0.5865670572654338
    ],
    "rotation": [
      0.004031721851163452,
      -0.0009225573586399531,
      -0.517395675044032
    ]
  },
  {
    "label_id": "9KGiqkmEBgSGNEolhIVz1A",
    "size": [
      0.6676860043933057,
      0.8747499668482639,
      1.6388978100247868
    ],
    "obj_class": "pedestrian",
    "point_num_in_lidar": 22,
    "speed": 0.7038871798911855,
    "if_vehicle": false,
    "motion_state": false,
    "pose": [
      [
        -0.6441194791928222,
        -0.7649197860925325,
        -0.002795955743885144,
        32.5791007567459
      ],
      [
        0.7649247121613322,
        -0.6441124873051353,
        -0.0030476913385207713,
        10.68207842555421
      ],
      [
        0.0005303293981484323,
        -0.004101773000315642,
        0.9999914470679153,
        0.7734091161525285
      ],
      [
        0.0,
        0.0,
        0.0,
        1.0
      ]
    ],
    "location": [
      32.5791007567459,
      10.68207842555421,
      0.7734091161525285
    ],
    "rotation": [
      -0.004101785078959875,
      -0.0005303294230075616,
      2.2706680491353595
    ]
  },
  {
    "label_id": "Abp2wF28Amdp-8SvcS3E1g",
    "size": [
      2.196294568927894,
      4.401772619467235,
      1.7100000000000009
    ],
    "obj_class": "vehicle",
    "point_num_in_lidar": 2937,
    "speed": 2.5421149729252077e-12,
    "if_vehicle": true,
    "motion_state": false,
    "pose": [
      [
        0.9995889845436438,
        0.028531467023015393,
        -0.002795955743885144,
        14.714482925839548
      ],
      [
        -0.02853996381048483,
        0.9995880061521353,
        -0.0030476913385207713,
        -0.00024195664445869625
      ],
      [
        0.0027078487223984263,
        0.0031262351660206354,
        0.9999914470679153,
        0.9080297845598935
      ],
      [
        0.0,
        0.0,
        0.0,
        1.0
      ]
    ],
    "location": [
      14.714482925839548,
      -0.00024195664445869625,
      0.9080297845598935
    ],
    "rotation": [
      0.003126251719931803,
      -0.0027078520316011824,
      -0.028543944348945284
    ]
  },
  {
    "label_id": "C4NxoX3efnXfwLAduEGZxw",
    "size": [
      2.002831474961663,
      4.45394267847577,
      1.5900000000000034
    ],
    "obj_class": "vehicle",
    "point_num_in_lidar": 1293,
    "speed": 6.431098710768743e-12,
    "if_vehicle": true,
    "motion_state": false,
    "pose": [
      [
        0.5637936733651946,
        0.8259109373926818,
        -0.002795955743885144,
        16.627299012514413
      ],
      [
        -0.8259151341198432,
        0.5637862208402281,
        -0.0030476913385207713,
        -4.547454089850362
      ],
      [
        -0.0009408002877997131,
        0.004027491258231958,
        0.9999914470679153,
        0.6528784552083948
      ],
      [
        0.0,
        0.0,
        0.0,
        1.0
      ]
    ],
    "location": [
      16.627299012514413,
      -4.547454089850362,
      0.6528784552083948
    ],
    "rotation": [
      0.004027503928815498,
      0.0009408004265843034,
      -0.971824093485448
    ]
  },
  {
    "label_id": "D-j8uA5tzbpXhUFsbPfY1w",
    "size": [
      0.987327385815143,
      0.7573816566762264,
      1.5740498284474143
    ],
    "obj_class": "pedestrian",
    "point_num_in_lidar": 37,
    "speed": 0.8645134369340606,
    "if_vehicle": false,
    "motion_state": false,
    "pose": [
      [
        0.9985226188833336,
        -0.05426566326736631,
        -0.002795955743885144,
        36.35894489381462
      ],
      [
        0.05425711466366548,
        0.9985223468134696,
        -0.0030476913385207713,
        -8.506153226844617
      ],
      [
        0.002957209282889832,
        0.0028914882454973024,
        0.9999914470679153,
        0.9294543637008204
      ],
      [
        0.0,
        0.0,
        0.0,
        1.0
      ]
    ],
    "location": [
      36.35894489381462,
      -8.506153226844617,
      0.9294543637008204
    ],
    "rotation": [
      0.0028915049179523565,
      -0.0029572135930820767,
      0.05428400824469981
    ]
  },
  {
    "label_id": "DV-QVxiC5bGWoAdie1BT7w",
    "size": [
      2.1232088259577138,
      4.640056433527341,
      1.5305185015044103
    ],
    "obj_class": "vehicle",
    "point_num_in_lidar": 293,
    "speed": 0.06642940768780482,
    "if_vehicle": true,
    "motion_state": false,
    "pose": [
      [
        0.9991164847890315,
        -0.04193366731264198,
        -0.002795955743885144,
        29.807901150852558
      ],
      [
        0.04192512271948324,
        0.9991161071979879,
        -0.0030476913385207713,
        1.3639464344887529
      ],
      [
        0.0029212852933895306,
        0.0029277778691842223,
        0.9999914470679153,
        0.8259525543470687
      ],
      [
        0.0,
        0.0,
        0.0,
        1.0
      ]
    ],
    "location": [
      29.807901150852558,
      1.3639464344887529,
      0.8259525543470687
    ],
    "rotation": [
      0.0029277945447886864,
      -0.0029212894484020287,
      0.04193759357148766
    ]
  },
  {
    "label_id": "DX4XHYOjhuavfiHWtty6bw",
    "size": [
      0.7633635672957149,
      0.9971149116720426,
      1.7568296477584084
    ],
    "obj_class": "pedestrian",
    "point_num_in_lidar": 28,
    "speed": 1.4567493431364102,
    "if_vehicle": false,
    "motion_state": true,
    "pose": [
      [
        -0.9978754661049424,
        0.0650902202893949,
        -0.002795955743885144,
        66.67897437527427
      ],
      [
        -0.06508166923805,
        -0.9978752867501499,
        -0.0030476913385207713,
        -7.006829647420091
      ],
      [
        -0.0029883900402685147,
        -0.0028592509480426516,
        0.9999914470679153,
        0.8964948249132689
      ],
      [
        0.0,
        0.0,
        0.0,
        1.0
      ]
    ],
    "location": [
      66.67897437527427,
      -7.006829647420091,
      0.8964948249132689
    ],
    "rotation": [
      -0.0028592676113092853,
      0.002988394488243497,
      -3.0764646617595246
    ]
  },
  {
    "label_id": "Djbr-wq3c_Wu_emcmW1Dog",
    "size": [
      2.4599560878352618,
      5.612823795445765,
      2.270518501504405
    ],
    "obj_class": "vehicle",
    "point_num_in_lidar": 13894,
    "speed": 3.5950934718225418e-12,
    "if_vehicle": true,
    "motion_state": false,
    "pose": [
      [
        0.6979157460858425,
        0.7161744159050365,
        -0.002795955743885144,
        6.414921690004121
      ],
      [
        -0.7161798362423112,
        0.6979091300000606,
        -0.0030476913385207713,
        -4.570807764146593
      ],
      [
        -0.00023135552349039883,
        0.004129438901159496,
        0.9999914470679153,
        0.9780066333051778
      ],
      [
        0.0,
        0.0,
        0.0,
        1.0
      ]
    ],
    "location": [
      6.414921690004121,
      -4.570807764146593,
      0.9780066333051778
    ],
    "rotation": [
      0.00412945074781357,
      0.00023135552555429752,
      -0.7983131847747362
    ]
  },
  {
    "label_id": "EB8EchWMY1Oagsjrk4KwsA",
    "size": [
      2.2039397856438323,
      4.8606414627357974,
      1.6200000000000045
    ],
    "obj_class": "vehicle",
    "point_num_in_lidar": 33,
    "speed": 4.099037227506402e-12,
    "if_vehicle": true,
    "motion_state": false,
    "pose": [
      [
        0.6763883977045804,
        0.736539827899421,
        -0.002795955743885144,
        68.75947913958225
      ],
      [
        -0.736545049816031,
        0.6763816239143442,
        -0.0030476913385207713,
        -2.6366225702222437
      ],
      [
        -0.00035361296752297255,
        0.004120770423823494,
        0.9999914470679153,
        0.8066471474137771
      ],
      [
        0.0,
        0.0,
        0.0,
        1.0
      ]
    ],
    "location": [
      68.75947913958225,
      -2.6366225702222437,
      0.8066471474137771
    ],
    "rotation": [
      0.0041207823438444095,
      0.00035361297489239284,
      -0.8279481810323502
    ]
  },
  {
    "label_id": "Fyvr9wj_mD3-PKw_3XcdnA",
    "size": [
      0.7829285216791857,
      0.8748261895378542,
      1.7744533473011828
    ],
    "obj_class": "pedestrian",
    "point_num_in_lidar": 22,
    "speed": 1.0227669337523677,
    "if_vehicle": false,
    "motion_state": true,
    "pose": [
      [
        0.9998551618617488,
        0.016788029363038512,
        -0.002795955743885144,
        75.9007536478457
      ],
      [
        -0.01679653705679091,
        0.9998542833435304,
        -0.0030476913385207713,
        15.70611338665185
      ],
      [
        0.0027443835948819436,
        0.0030942122908426497,
        0.9999914470679153,
        1.0642066543337663
      ],
      [
        0.0,
        0.0,
        0.0,
        1.0
      ]
    ],
    "location": [
      75.9007536478457,
      15.70611338665185,
      1.0642066543337663
    ],
    "rotation": [
      0.003094228880642702,
      -0.0027443870398457648,
      -0.016797390202513442
    ]
  },
  {
    "label_id": "G96MfK6U70_2CEKJH1g1gA",
    "size": [
      2.0507676477421533,
      4.751621205894719,
      1.783059185505671
    ],
    "obj_class": "vehicle",
    "point_num_in_lidar": 4678,
    "speed": 1.1368683772161603e-12,
    "if_vehicle": true,
    "motion_state": false,
    "pose": [
      [
        -0.9991525737635149,
        0.04106478994494285,
        -0.002795955743885144,
        6.1541660873626824
      ],
      [
        -0.04105624568337949,
        -0.9991521887419809,
        -0.0030476913385207713,
        6.997459129313938
      ],
      [
        -0.0029187381057619323,
        -0.0029303171989789956,
        0.9999914470679153,
        0.7233887276678956
      ],
      [
        0.0,
        0.0,
        0.0,
        1.0
      ]
    ],
    "location": [
      6.1541660873626824,
      6.997459129313938,
      0.7233887276678956
    ],
    "rotation": [
      -0.002930333874516266,
      0.002918742249915103,
      -3.1005246899474987
    ]
  },
  {
    "label_id": "GvNSnjQZk7nOuKBrSduqOA",
    "size": [
      2.1579955411933884,
      4.7553734910656065,
      1.5499999999999972
    ],
    "obj_class": "vehicle",
    "point_num_in_lidar": 170,
    "speed": 4.905411100804861,
    "if_vehicle": true,
    "motion_state": true,
    "pose": [
      [
        -0.9976052687030383,
        0.06910796254714072,
        -0.002795955743885144,
        47.163888368981134
      ],
      [
        -0.06909941084289474,
        -0.9976051237832883,
        -0.0030476913385207713,
        6.308173885474389
      ],
      [
        -0.002999879514848874,
        -0.0028471940420436654,
        0.9999914470679153,
        0.7270692370370995
      ],
      [
        0.0,
        0.0,
        0.0,
        1.0
      ]
    ],
    "location": [
      47.163888368981134,
      6.308173885474389,
      0.7270692370370995
    ],
    "rotation": [
      -0.0028472107003431925,
      0.0029998840143249344,
      -3.0724378241021557
    ]
  },
  {
    "label_id": "H1UceUMUw7amJjkZPWl6qg",
    "size": [
      0.6970462820046563,
      0.7653631564612301,
      1.6941567563163105
    ],
    "obj_class": "pedestrian",
    "point_num_in_lidar": 31,
    "speed": 1.554025380725722,
    "if_vehicle": false,
    "motion_state": true,
    "pose": [
      [
        -0.9951179119160541,
        0.09865355551276644,
        -0.002795955743885144,
        45.079423762799706
      ],
      [
        -0.09864500327114441,
        -0.9951180205921009,
        -0.0030476913385207713,
        -6.176674981805263
      ],
      [
        -0.003082971532168636,
        -0.002757005177451909,
        0.9999914470679153,
        0.8699003343866636
      ],
      [
        0.0,
        0.0,
        0.0,
        1.0
      ]
    ],
    "location": [
      45.079423762799706,
      -6.176674981805263,
      0.8699003343866636
    ],
    "rotation": [
      -0.0027570217725808666,
      0.003082976415983032,
      -3.042786491521319
    ]
  },
  {
    "label_id": "ImNXxSqrOhGjnDuh8WZ_rw",
    "size": [
      0.7006499849939648,
      0.8057173953675747,
      1.5600000000000023
    ],
    "obj_class": "pedestrian",
    "point_num_in_lidar": 38,
    "speed": 1.038651349896316,
    "if_vehicle": false,
    "motion_state": true,
    "pose": [
      [
        -0.9988456477417627,
        0.04795367158849317,
        -0.002795955743885144,
        56.488202940781775
      ],
      [
        -0.04794512487508144,
        -0.9988453216480607,
        -0.0030476913385207713,
        -5.380159148706298
      ],
      [
        -0.00293887530386522,
        -0.0029101207818559645,
        0.9999914470679153,
        0.8556711139387261
      ],
      [
        0.0,
        0.0,
        0.0,
        1.0
      ]
    ],
    "location": [
      56.488202940781775,
      -5.380159148706298,
      0.8556711139387261
    ],
    "rotation": [
      -0.0029101374568853717,
      0.00293887953438681,
      -3.093628933540795
    ]
  },
  {
    "label_id": "J8-j5tMTE7dijlXHKvNmRw",
    "size": [
      1.868638263125525,
      4.258107369427481,
      1.7700000000000031
    ],
    "obj_class": "vehicle",
    "point_num_in_lidar": 82,
    "speed": 2.5421149729252077e-12,
    "if_vehicle": true,
    "motion_state": false,
    "pose": [
      [
        0.08394559941817692,
        0.9964664163782949,
        -0.002795955743885144,
        38.593940286067664
      ],
      [
        -0.9964663987318593,
        0.08393704650429637,
        -0.0030476913385207713,
        -13.496263904497027
      ],
      [
        -0.0028022377990245197,
        0.0030419162273765984,
        0.9999914470679153,
        1.0303133105763749
      ],
      [
        0.0,
        0.0,
        0.0,
        1.0
      ]
    ],
    "location": [
      38.593940286067664,
      -13.496263904497027,
      1.0303133105763749
    ],
    "rotation": [
      0.0030419328621718636,
      0.0028022414664833307,
      -1.486751490452997
    ]
  },
  {
    "label_id": "JYZGrjHhOWIfmt9jVFankA",
    "size": [
      0.885581826245707,
      0.8864430025332695,
      1.9033832664799561
    ],
    "obj_class": "pedestrian",
    "point_num_in_lidar": 27,
    "speed": 0.00921049454373423,
    "if_vehicle": false,
    "motion_state": false,
    "pose": [
      [
        0.5832441903414672,
        0.8122920638935263,
        -0.002795955743885144,
        47.99358802763891
      ],
      [
        -0.8122964363815505,
        0.5832368395594869,
        -0.0030476913385207713,
        22.771916091172898
      ],
      [
        -0.000844911095865695,
        0.00404869315418468,
        0.9999914470679153,
        0.528522808654138
      ],
      [
        0.0,
        0.0,
        0.0,
        1.0
      ]
    ],
    "location": [
      47.99358802763891,
      22.771916091172898,
      0.528522808654138
    ],
    "rotation": [
      0.004048705660382004,
      0.0008449111963925116,
      -0.94807923130619
    ]
  },
  {
    "label_id": "LVurOGR3dPZTYlctUjwF1w",
    "size": [
      0.8553806404055266,
      0.9205835426103812,
      1.5600000000000023
    ],
    "obj_class": "pedestrian",
    "point_num_in_lidar": 56,
    "speed": 0.8231272386977115,
    "if_vehicle": false,
    "motion_state": false,
    "pose": [
      [
        0.9994150686962149,
        -0.034083765848541836,
        -0.002795955743885144,
        25.11562807950395
      ],
      [
        0.034075224485213614,
        0.9994146239943597,
        -0.0030476913385207713,
        12.55529277696769
      ],
      [
        0.002898195856440613,
        0.002950635828828987,
        0.9999914470679153,
        0.7497412372311345
      ],
      [
        0.0,
        0.0,
        0.0,
        1.0
      ]
    ],
    "location": [
      25.11562807950395,
      12.55529277696769,
      0.7497412372311345
    ],
    "rotation": [
      0.0029506525024648724,
      -0.0028981999137075772,
      0.03408196536795615
    ]
  },
  {
    "label_id": "MgUHjjRH5WfE7KTO3UAfsQ",
    "size": [
      2.1220822046833625,
      4.89751997057426,
      1.4830591855056738
    ],
    "obj_class": "vehicle",
    "point_num_in_lidar": 3967,
    "speed": 2.2737367544323206e-12,
    "if_vehicle": true,
    "motion_state": false,
    "pose": [
      [
        -0.9924467733334844,
        0.12264413859387562,
        -0.002795955743885144,
        0.6649122067392454
      ],
      [
        -0.12263559146702788,
        -0.9924470884047356,
        -0.0030476913385207713,
        6.701107151937322
      ],
      [
        -0.0031486196162402043,
        -0.0026817877486643585,
        0.9999914470679153,
        0.5805423328642689
      ],
      [
        0.0,
        0.0,
        0.0,
        1.0
      ]
    ],
    "location": [
      0.6649122067392454,
      6.701107151937322,
      0.5805423328642689
    ],
    "rotation": [
      -0.002681804256745571,
      0.003148624818730486,
      -3.0186469543091974
    ]
  },
  {
    "label_id": "No68zCO6os9hco-_ap9yaQ",
    "size": [
      0.7484054906059405,
      0.7235802196100946,
      1.7700000000000031
    ],
    "obj_class": "pedestrian",
    "point_num_in_lidar": 42,
    "speed": 2.5421149729252077e-12,
    "if_vehicle": false,
    "motion_state": false,
    "pose": [
      [
        -0.9622651072646127,
        0.27209933107690976,
        -0.002795955743885144,
        48.352709824182966
      ],
      [
        -0.2720909312017371,
        -0.9622667180856233,
        -0.0030476913385207713,
        19.904892758910137
      ],
      [
        -0.003519729932121399,
        -0.002171932830818566,
        0.9999914470679153,
        0.6151537207252247
      ],
      [
        0.0,
        0.0,
        0.0,
        1.0
      ]
    ],
    "location": [
      48.352709824182966,
      19.904892758910137,
      0.6151537207252247
    ],
    "rotation": [
      -0.0021719479920795297,
      0.003519737199523584,
      -2.866025624229844
    ]
  },
  {
    "label_id": "OpmBDWgrhvbDWXPsj-xPxA",
    "size": [
      0.7026515170164884,
      0.7358840794624211,
      1.68310318244977
    ],
    "obj_class": "pedestrian",
    "point_num_in_lidar": 40,
    "speed": 1.6077746776921857e-12,
    "if_vehicle": false,
    "motion_state": false,
    "pose": [
      [
        -0.9918254879044698,
        0.1275710945886206,
        -0.002795955743885144,
        49.32563542090065
      ],
      [
        -0.1275625491318003,
        -0.991825845416675,
        -0.0030476913385207713,
        18.73337872508273
      ],
      [
        -0.003161898489449845,
        -0.0026661187068609026,
        0.9999914470679153,
        0.6323114850370928
      ],
      [
        0.0,
        0.0,
        0.0,
        1.0
      ]
    ],
    "location": [
      49.32563542090065,
      18.73337872508273,
      0.6323114850370928
    ],
    "rotation": [
      -0.0026661351929611666,
      0.003161903758040689,
      -3.0136809495152663
    ]
  },
  {
    "label_id": "SV4MhXW_fLKMUyYTomC7iA",
    "size": [
      1.8745005814532056,
      4.026761972188614,
      1.730518501504406
    ],
    "obj_class": "vehicle",
    "point_num_in_lidar": 307,
    "speed": 3.2155493553843714e-12,
    "if_vehicle": true,
    "motion_state": false,
    "pose": [
      [
        0.53578765385737,
        0.8443481347202073,
        -0.002795955743885144,
        23.067769648012472
      ],
      [
        -0.84435207923849,
        0.5357800648243116,
        -0.0030476913385207713,
        -3.943883484302205
      ],
      [
        -0.001075295147178256,
        0.003993686437755693,
        0.9999914470679153,
        0.8526192044561469
      ],
      [
        0.0,
        0.0,
        0.0,
        1.0
      ]
    ],
    "location": [
      23.067769648012472,
      -3.943883484302205,
      0.8526192044561469
    ],
    "rotation": [
      0.003993699362959402,
      0.0010752953543984296,
      -1.0053556393365652
    ]
  },
  {
    "label_id": "TBaMlPrcbb0tVmgFVZHKcA",
    "size": [
      0.8401860487472405,
      0.11186696262676982,
      0.8605185015044086
    ],
    "obj_class": "sign",
    "point_num_in_lidar": 35,
    "speed": 0.0030017805810782804,
    "if_vehicle": false,
    "motion_state": false,
    "pose": [
      [
        0.999013848256284,
        0.04431155180817516,
        -0.002795955743885144,
        53.87257269098336
      ],
      [
        -0.044320032087403025,
        0.9990127358213591,
        -0.0030476913385207713,
        10.268604535391205
      ],
      [
        0.0026581474642919517,
        0.003168602700676929,
        0.9999914470679153,
        2.8876192044562004
      ],
      [
        0.0,
        0.0,
        0.0,
        1.0
      ]
    ],
    "location": [
      53.87257269098336,
      10.268604535391205,
      2.8876192044562004
    ],
    "rotation": [
      0.003168619197241676,
      -0.002658150594601901,
      -0.04433471104257692
    ]
  },
  {
    "label_id": "V7YN8qOnLzj6EqMtbCjrbw",
    "size": [
      2.3616038729626836,
      4.897855298287807,
      1.8405185015044054
    ],
    "obj_class": "vehicle",
    "point_num_in_lidar": 5624,
    "speed": 0.0,
    "if_vehicle": true,
    "motion_state": false,
    "pose": [
      [
        0.6910128018766846,
        0.7228371118544012,
        -0.002795955743885144,
        2.9910673179401783
      ],
      [
        -0.7228424684689034,
        0.6910061340938206,
        -0.0030476913385207713,
        -4.770993855832785
      ],
      [
        -0.0002709618352805424,
        0.0041270292827262885,
        0.9999914470679153,
        0.8476192044562083
      ],
      [
        0.0,
        0.0,
        0.0,
        1.0
      ]
    ],
    "location": [
      2.9910673179401783,
      -4.770993855832785,
      0.8476192044562083
    ],
    "rotation": [
      0.004127041149836719,
      0.00027096183859622643,
      -0.8079070379505567
    ]
  },
  {
    "label_id": "Xhv1ib3Sd4Npw2uCm8OIgA",
    "size": [
      0.7032178819206074,
      0.8587069967628569,
      1.7415277018557802
    ],
    "obj_class": "pedestrian",
    "point_num_in_lidar": 35,
    "speed": 0.09091602741676198,
    "if_vehicle": false,
    "motion_state": false,
    "pose": [
      [
        -0.8369834366783985,
        -0.547221079050776,
        -0.002795955743885144,
        53.21171874850552
      ],
      [
        0.5472278086992146,
        -0.8369781579968266,
        -0.0030476913385207713,
        -2.723405725089833
      ],
      [
        -0.000672392945478595,
        -0.004080891905396354,
        0.9999914470679153,
        0.9170612334798136
      ],
      [
        0.0,
        0.0,
        0.0,
        1.0
      ]
    ],
    "location": [
      53.21171874850552,
      -2.723405725089833,
      0.9170612334798136
    ],
    "rotation": [
      -0.004080904154977023,
      0.0006723929961447892,
      2.5625439889746096
    ]
  },
  {
    "label_id": "XsywigB-Q40d0u9u21SmQg",
    "size": [
      0.728943417046029,
      0.9162428550820471,
      1.9424134016137273
    ],
    "obj_class": "pedestrian",
    "point_num_in_lidar": 61,
    "speed": 1.6480449597452198,
    "if_vehicle": false,
    "motion_state": true,
    "pose": [
      [
        0.9970560263496029,
        -0.07662547194907467,
        -0.002795955743885144,
        39.74531680115615
      ],
      [
        0.07661691939542555,
        0.9970559458926365,
        -0.0030476913385207713,
        -5.6133372245240025
      ],
      [
        0.003021255086062614,
        0.002824501499663197,
        0.9999914470679153,
        1.0313776320180708
      ],
      [
        0.0,
        0.0,
        0.0,
        1.0
      ]
    ],
    "location": [
      39.74531680115615,
      -5.6133372245240025,
      1.0313776320180708
    ],
    "rotation": [
      0.0028245181463716442,
      -0.0030212596824086497,
      0.07669242764260178
    ]
  },
  {
    "label_id": "YmfytkE-ukfBRofAX1HVww",
    "size": [
      0.6442834931385198,
      0.7097897537460085,
      1.5500000000000043
    ],
    "obj_class": "pedestrian",
    "point_num_in_lidar": 83,
    "speed": 1.3902804864116995,
    "if_vehicle": false,
    "motion_state": true,
    "pose": [
      [
        0.9973575074680362,
        -0.07259603934529966,
        -0.002795955743885144,
        27.744579035119386
      ],
      [
        0.07258748718657347,
        0.9973573924533993,
        -0.0030476913385207713,
        -8.422451949991228
      ],
      [
        0.003009817450459975,
        0.0028366864351855097,
        0.9999914470679153,
        0.8398122373212331
      ],
      [
        0.0,
        0.0,
        0.0,
        1.0
      ]
    ],
    "location": [
      27.744579035119386,
      -8.422451949991228,
      0.8398122373212331
    ],
    "rotation": [
      0.0028367030884810024,
      -0.0030098219948017585,
      0.07265171168161916
    ]
  },
  {
    "label_id": "aOalNxxJ9uA_4VqI2Wr-pw",
    "size": [
      0.9999999999923159,
      1.0,
      1.7608367811754064
    ],
    "obj_class": "pedestrian",
    "point_num_in_lidar": 31,
    "speed": 1.2038671320327532,
    "if_vehicle": false,
    "motion_state": true,
    "pose": [
      [
        0.9143925345227064,
        0.4048190650656406,
        -0.002795955743885144,
        55.97364085866138
      ],
      [
        -0.404826559084974,
        0.9143884123483439,
        -0.0030476913385207713,
        -3.276203877707303
      ],
      [
        0.001322825975378741,
        0.003918663350623799,
        0.9999914470679153,
        0.9745400282537986
      ],
      [
        0.0,
        0.0,
        0.0,
        1.0
      ]
    ],
    "location": [
      55.97364085866138,
      -3.276203877707303,
      0.9745400282537986
    ],
    "rotation": [
      0.003918676808411917,
      -0.0013228263611743092,
      -0.41678953136985863
    ]
  },
  {
    "label_id": "aphnxehbBGUVAa3NaGJV7A",
    "size": [
      2.0433480586239363,
      4.555124657205895,
      1.5400000000000063
    ],
    "obj_class": "vehicle",
    "point_num_in_lidar": 44,
    "speed": 4.734108536502052,
    "if_vehicle": true,
    "motion_state": true,
    "pose": [
      [
        -0.9985773458914097,
        0.053249102376904736,
        -0.002795955743885144,
        66.14559725132858
      ],
      [
        -0.05324055405461092,
        -0.9985770651188935,
        -0.0030476913385207713,
        7.651950294573908
      ],
      [
        -0.0029542641090292386,
        -0.0028944972949996924,
        0.9999914470679153,
        0.7420722617302928
      ],
      [
        0.0,
        0.0,
        0.0,
        1.0
      ]
    ],
    "location": [
      66.14559725132858,
      7.651950294573908,
      0.7420722617302928
    ],
    "rotation": [
      -0.0028945139680067646,
      0.0029542684063563196,
      -3.088326682506061
    ]
  },
  {
    "label_id": "bof1aeoD2plQ-sVhmz6tng",
    "size": [
      2.0777450502085704,
      4.382102305572195,
      1.6253959798867612
    ],
    "obj_class": "vehicle",
    "point_num_in_lidar": 761,
    "speed": 7.436139627518581,
    "if_vehicle": true,
    "motion_state": true,
    "pose": [
      [
        -0.9984725529388243,
        0.0551791958921571,
        -0.002795955743885144,
        23.286416920462216
      ],
      [
        -0.05517064704311547,
        -0.9984722886902515,
        -0.0030476913385207713,
        4.7304663076211
      ],
      [
        -0.002959853488060723,
        -0.0028887814638483182,
        0.9999914470679153,
        0.7541914100371656
      ],
      [
        0.0,
        0.0,
        0.0,
        1.0
      ]
    ],
    "location": [
      23.286416920462216,
      4.7304663076211,
      0.7541914100371656
    ],
    "rotation": [
      -0.002888798135762069,
      0.002959857809825287,
      -3.0863937380317004
    ]
  },
  {
    "label_id": "c3SCJxumyZ0SBk4CZmOJ6g",
    "size": [
      0.967340961476269,
      1.0650027170117071,
      1.9586854736991413
    ],
    "obj_class": "pedestrian",
    "point_num_in_lidar": 113,
    "speed": 1.2499255394517572,
    "if_vehicle": false,
    "motion_state": true,
    "pose": [
      [
        0.9750815079164066,
        -0.22182929371691387,
        -0.002795955743885144,
        33.395325492470874
      ],
      [
        0.2218208216067416,
        0.9750826809451674,
        -0.0030476913385207713,
        12.401947620732244
      ],
      [
        0.003402355239642785,
        0.0023515462657439142,
        0.9999914470679153,
        1.0083531679585747
      ],
      [
        0.0,
        0.0,
        0.0,
        1.0
      ]
    ],
    "location": [
      33.395325492470874,
      12.401947620732244,
      1.0083531679585747
    ],
    "rotation": [
      0.002351562043931398,
      -0.0034023618039663644,
      0.22368273370895442
    ]
  },
  {
    "label_id": "cEBTjT2GdLcTLHmXu-PHfw",
    "size": [
      0.8625872603795477,
      0.8538088650045665,
      1.7592707532064438
    ],
    "obj_class": "pedestrian",
    "point_num_in_lidar": 151,
    "speed": 1.3225340755136117,
    "if_vehicle": false,
    "motion_state": true,
    "pose": [
      [
        -0.9955816277989076,
        0.0938584307388289,
        -0.002795955743885144,
        11.98333517638821
      ],
      [
        -0.09384987807290214,
        -0.995581695273274,
        -0.0030476913385207713,
        -9.81040511426545
      ],
      [
        -0.0030696538858161005,
        -0.0027718253981722897,
        0.9999914470679153,
        0.8718679108949274
      ],
      [
        0.0,
        0.0,
        0.0,
        1.0
      ]
    ],
    "location": [
      11.98333517638821,
      -9.81040511426545,
      0.8718679108949274
    ],
    "rotation": [
      -0.0027718420068003546,
      0.0030696587066128466,
      -3.0476040139769496
    ]
  },
  {
    "label_id": "fNy8PC-BmuP16FOJ9FFzIw",
    "size": [
      2.1476594433774303,
      5.107156534927326,
      1.980000000000004
    ],
    "obj_class": "vehicle",
    "point_num_in_lidar": 4956,
    "speed": 1.3830600733622805e-11,
    "if_vehicle": true,
    "motion_state": false,
    "pose": [
      [
        0.7587979841247524,
        0.6513200456915864,
        -0.002795955743885144,
        9.769325689434481
      ],
      [
        -0.6513260325281431,
        0.7587918758978995,
        -0.0030476913385207713,
        -4.6730783365128445
      ],
      [
        0.0001365260419709152,
        0.004133660805693014,
        0.9999914470679153,
        0.8495289039752691
      ],
      [
        0.0,
        0.0,
        0.0,
        1.0
      ]
    ],
    "location": [
      9.769325689434481,
      -4.6730783365128445,
      0.8495289039752691
    ],
    "rotation": [
      0.004133672616389773,
      -0.00013652604239504157,
      -0.7093306804177074
    ]
  },
  {
    "label_id": "gLdCcd_k3Lp-3dE0ol5ezA",
    "size": [
      2.1350699741361345,
      4.396070169772625,
      1.8305185015044074
    ],
    "obj_class": "vehicle",
    "point_num_in_lidar": 1099,
    "speed": 3.5950934718225418e-12,
    "if_vehicle": true,
    "motion_state": false,
    "pose": [
      [
        0.6806032892782049,
        0.73264680798811,
        -0.002795955743885144,
        19.920081230251526
      ],
      [
        -0.7326520686845633,
        0.6805965455611238,
        -0.0030476913385207713,
        -3.9800986740228836
      ],
      [
        -0.00032996351007024175,
        0.00412273150940987,
        0.9999914470679153,
        0.8926192044561816
      ],
      [
        0.0,
        0.0,
        0.0,
        1.0
      ]
    ],
    "location": [
      19.920081230251526,
      -3.9800986740228836,
      0.8926192044561816
    ],
    "rotation": [
      0.00412274341288712,
      0.0003299635160577554,
      -0.8222105240861756
    ]
  },
  {
    "label_id": "kzp-3xNjfdJH_Q6nCsLIaw",
    "size": [
      0.8194303083234686,
      0.8507232528003885,
      1.8588466720492889
    ],
    "obj_class": "pedestrian",
    "point_num_in_lidar": 26,
    "speed": 0.9560261748432436,
    "if_vehicle": false,
    "motion_state": false,
    "pose": [
      [
        0.994475383540181,
        -0.10493280785382722,
        -0.002795955743885144,
        77.98097099565348
      ],
      [
        0.10492425646854195,
        0.9944755461960986,
        -0.0030476913385207713,
        -7.06984618500428
      ],
      [
        0.003100312425163072,
        0.0027374904352414336,
        0.9999914470679153,
        1.1255835920544897
      ],
      [
        0.0,
        0.0,
        0.0,
        1.0
      ]
    ],
    "location": [
      77.98097099565348,
      -7.06984618500428,
      1.1255835920544897
    ],
    "rotation": [
      0.0027375070107489756,
      -0.003100317391852576,
      0.10511824385957065
    ]
  },
  {
    "label_id": "l-XnejT-kWgZdox4WXTk1Q",
    "size": [
      2.002831474961663,
      4.45394267847577,
      1.5900000000000034
    ],
    "obj_class": "vehicle",
    "point_num_in_lidar": 3664,
    "speed": 2.2737367544323206e-12,
    "if_vehicle": true,
    "motion_state": false,
    "pose": [
      [
        0.5637936733651946,
        0.8259109373926818,
        -0.002795955743885144,
        13.066347590145597
      ],
      [
        -0.8259151341198432,
        0.5637862208402281,
        -0.0030476913385207713,
        -4.414321990865574
      ],
      [
        -0.0009408002877997131,
        0.004027491258231958,
        0.9999914470679153,
        0.6428784552083542
      ],
      [
        0.0,
        0.0,
        0.0,
        1.0
      ]
    ],
    "location": [
      13.066347590145597,
      -4.414321990865574,
      0.6428784552083542
    ],
    "rotation": [
      0.004027503928815498,
      0.0009408004265843034,
      -0.971824093485448
    ]
  },
  {
    "label_id": "lZyBbVEUGKHI86ep9kmLgw",
    "size": [
      0.872308625603676,
      0.6996606541566454,
      1.9082143842119805
    ],
    "obj_class": "pedestrian",
    "point_num_in_lidar": 52,
    "speed": 4.291255673688399e-07,
    "if_vehicle": false,
    "motion_state": false,
    "pose": [
      [
        -0.9463543355028259,
        0.3231186381292219,
        -0.002795955743885144,
        48.47214224374329
      ],
      [
        -0.3231103363059016,
        -0.9463563927769454,
        -0.0030476913385207713,
        21.508069284413068
      ],
      [
        -0.0036307364668881834,
        -0.001980793710780396,
        0.9999914470679153,
        0.6578439393036177
      ],
      [
        0.0,
        0.0,
        0.0,
        1.0
      ]
    ],
    "location": [
      48.47214224374329,
      21.508069284413068,
      0.6578439393036177
    ],
    "rotation": [
      -0.001980808061882095,
      0.0036307444438131624,
      -2.8125761252644037
    ]
  },
  {
    "label_id": "miUCgrw0d28mF4d4GaaTfg",
    "size": [
      0.7603092283571544,
      0.8180348372529171,
      1.7374134793072642
    ],
    "obj_class": "pedestrian",
    "point_num_in_lidar": 236,
    "speed": 1.2871643519776805,
    "if_vehicle": false,
    "motion_state": true,
    "pose": [
      [
        0.9933456307151087,
        0.11513748551484418,
        -0.002795955743885144,
        16.144899734164937
      ],
      [
        -0.11514586539623847,
        0.9933439189221708,
        -0.0030476913385207713,
        -9.00603628753015
      ],
      [
        0.0024264421184211713,
        0.003349353618627128,
        0.9999914470679153,
        0.8930317567449748
      ],
      [
        0.0,
        0.0,
        0.0,
        1.0
      ]
    ],
    "location": [
      16.144899734164937,
      -9.00603628753015,
      0.8930317567449748
    ],
    "rotation": [
      0.003349369740890055,
      -0.002426444499422885,
      -0.11540218175988685
    ]
  },
  {
    "label_id": "oBgkabLveCc0Yw1MvBSHOA",
    "size": [
      0.8283111702751447,
      0.7942693187629959,
      1.8171851638005094
    ],
    "obj_class": "pedestrian",
    "point_num_in_lidar": 173,
    "speed": 1.1963397915309453,
    "if_vehicle": false,
    "motion_state": true,
    "pose": [
      [
        0.9773064395203391,
        -0.21181195883036424,
        -0.002795955743885144,
