[
  {
    "label_id": "834b6xfAJ3OW2mwtAGit7A",
    "size": [
      2.1150445905379063,
      5.0907076766038415,
      1.8700000000000045
    ],
    "obj_class": "vehicle",
    "point_num_in_lidar": 604,
    "speed": 31.868879062108643,
    "if_vehicle": true,
    "motion_state": true,
    "pose": [
      [
        0.9999725405302715,
        -0.007309633090203488,
        0.0012196103973350434,
        227.56103161363922
      ],
      [
        0.007292860228643264,
        0.9998858486577227,
        0.013232680896595834,
        -28.716048537102324
      ],
      [
        -0.0013161972193249931,
        -0.013223423086034164,
        0.9999117004549789,
        0.23255261923330295
      ],
      [
        0.0,
        0.0,
        0.0,
        1.0
      ]
    ],
    "location": [
      227.56103161363922,
      -28.716048537102324,
      0.23255261923330295
    ],
    "rotation": [
      -0.013223819943584354,
      0.0013161975993498422,
      0.007292931193464998
    ]
  },
  {
    "label_id": "AFqGUqPT9iZ9gCmYnJZ2Jg",
    "size": [
      0.9799058521566618,
      0.1337578924531777,
      1.0
    ],
    "obj_class": "sign",
    "point_num_in_lidar": 66,
    "speed": 0.03224979814764192,
    "if_vehicle": false,
    "motion_state": false,
    "pose": [
      [
        0.9999992562749628,
        -2.403578834021733e-16,
        0.0012196103973350434,
        202.51959555150006
      ],
      [
        -1.6138727208639976e-05,
        0.9999124441148985,
        0.013232680896595834,
        16.89567781011465
      ],
      [
        -0.0012195036132672294,
        -0.013232690738079247,
        0.9999117004549789,
        2.5677291514488587
      ],
      [
        0.0,
        0.0,
        0.0,
        1.0
      ]
    ],
    "location": [
      202.51959555150006,
      16.89567781011465,
      2.5677291514488587
    ],
    "rotation": [
      -0.013233086792217718,
      0.0012195039155395043,
      -1.6138739210023237e-05
    ]
  },
  {
    "label_id": "I-HMgdgLO2o8Rc3yAQtOxA",
    "size": [
      2.169370231165337,
      5.629953966900821,
      2.0
    ],
    "obj_class": "vehicle",
    "point_num_in_lidar": 407,
    "speed": 30.253671265238594,
    "if_vehicle": true,
    "motion_state": true,
    "pose": [
      [
        0.9999897561246643,
        -0.004358921450653176,
        0.0012196103973350434,
        211.45240632503214
      ],
      [
        0.0043424044690966316,
        0.9999030151368259,
        0.013232680896595834,
        -32.44636850648931
      ],
      [
        -0.0012771723301973528,
        -0.013227249301022431,
        0.9999117004549789,
        0.28183839676526645
      ],
      [
        0.0,
        0.0,
        0.0,
        1.0
      ]
    ],
    "location": [
      211.45240632503214,
      -32.44636850648931,
      0.28183839676526645
    ],
    "rotation": [
      -0.013227645827153854,
      0.0012771726774116275,
      0.0043424216579229765
    ]
  },
  {
    "label_id": "VVJv4KQJNlvXP8ZCSsiduQ",
    "size": [
      2.119069285742822,
      5.258700537101573,
      1.9899999999999949
    ],
    "obj_class": "vehicle",
    "point_num_in_lidar": 3160,
    "speed": 30.291136322636692,
    "if_vehicle": true,
    "motion_state": true,
    "pose": [
      [
        -0.9999975201925246,
        0.0018633730919754591,
        0.0012196103973350434,
        216.70495265313207
      ],
      [
        -0.0018470726292213325,
        -0.999910738255666,
        0.013232680896595834,
        -8.30640307354588
      ],
      [
        0.0012441589543009841,
        0.013230395373111598,
        0.9999117004549789,
        0.43029288702933854
      ],
      [
        0.0,
        0.0,
        0.0,
        1.0
      ]
    ],
    "location": [
      216.70495265313207,
      -8.30640307354588,
      0.43029288702933854
    ],
    "rotation": [
      0.013230791626446697,
      -0.0012441592752800146,
      -3.139745578480726
    ]
  },
  {
    "label_id": "sKK2EIteB0wJN28uVuM9_g",
    "size": [
      2.7390225118506706,
      6.701826748802899,
      2.319999999999993
    ],
    "obj_class": "vehicle",
    "point_num_in_lidar": 468,
    "speed": 30.822461128163745,
    "if_vehicle": true,
    "motion_state": true,
    "pose": [
      [
        -0.9999982024327286,
        0.0014517857245575803,
        0.0012196103973350434,
        189.1103011085363
      ],
      [
        -0.001435520981607952,
        -0.9999114137941421,
        0.013232680896595834,
        -8.546992501464047
      ],
      [
        0.0012387133739006225,
        0.013230906333646982,
        0.9999117004549789,
        0.5629462438695896
      ],
      [
        0.0,
        0.0,
        0.0,
        1.0
      ]
    ],
    "location": [
      189.1103011085363,
      -8.546992501464047,
      0.5629462438695896
    ],
    "rotation": [
      0.013231302542651908,
      -0.001238713690683376,
      -3.1401571310138086
    ]
  },
  {
    "label_id": "wIYwfiHyf3xxlkWejy3AKA",
    "size": [
      2.0203416624215182,
      4.913935278723663,
      1.8400000000000034
    ],
    "obj_class": "vehicle",
    "point_num_in_lidar": 1833,
    "speed": 28.03947704378064,
    "if_vehicle": true,
    "motion_state": true,
    "pose": [
      [
        -0.9999990063771272,
        -0.0007069619769624541,
        0.0012196103973350434,
        215.17021785506745
      ],
      [
        0.0007230393271963507,
        -0.9999121828292823,
        0.013232680896595834,
        -3.7709883225979866
      ],
      [
        0.0012101482923534011,
        0.01323354957458256,
        0.9999117004549789,
        0.2952930538922658
      ],
      [
        0.0,
        0.0,
        0.0,
        1.0
      ]
    ],
    "location": [
      215.17021785506745,
      -3.7709883225979866,
      0.2952930538922658
    ],
    "rotation": [
      0.01323394555415354,
      -0.0012101485877223331,
      3.140869613670166
    ]
  },
  {
    "label_id": "whKYLsMECd4qHw6aBjY4Uw",
    "size": [
      2.0368988071532392,
      4.235179642802564,
      1.6200000000000045
    ],
    "obj_class": "vehicle",
    "point_num_in_lidar": 69,
    "speed": 28.4312637422585,
    "if_vehicle": true,
    "motion_state": true,
    "pose": [
      [
        -0.9999984800240805,
        0.0012459935823051435,
        0.0012196103973350434,
        172.78951871810318
      ],
      [
        -0.0012297467001492204,
        -0.9999116880401699,
        0.013232680896595834,
        -0.054623446572804824
      ],
      [
        0.0012359905266244764,
        0.013231160971377933,
        0.9999117004549789,
        0.31529505630062715
      ],
      [
        0.0,
        0.0,
        0.0,
        1.0
      ]
    ],
    "location": [
      172.78951871810318,
      -0.054623446572804824,
      0.31529505630062715
    ],
    "rotation": [
      0.01323155715828829,
      -0.0012359908413228328,
      -3.140362905640364
    ]
  }
]