[
  {
    "label_id": "0xopsFbT5u9YzgzmR0qcwA",
    "size": [
      2.5435599165087575,
      7.081112488251164,
      2.200000000000003
    ],
    "obj_class": "vehicle",
    "point_num_in_lidar": 423,
    "speed": 27.057497647707944,
    "if_vehicle": true,
    "motion_state": true,
    "pose": [
      [
        0.9999985658925145,
        -2.7184812767006785e-06,
        0.0016935777290533406,
        142.60643514912817
      ],
      [
        -1.8234409631882815e-05,
        0.9999234658093262,
        0.01237183055862913,
        -28.815731280898035
      ],
      [
        -0.0016934817450422366,
        -0.01237184369748437,
        0.999922031762029,
        0.6998883273484893
      ],
      [
        0.0,
        0.0,
        0.0,
        1.0
      ]
    ],
    "location": [
      142.60643514912817,
      -28.815731280898035,
      0.6998883273484893
    ],
    "rotation": [
      -0.012372177072026846,
      0.0016934825544938047,
      -1.8234435780002716e-05
    ]
  },
  {
    "label_id": "567FajWAACwMfUfq8oRXGw",
    "size": [
      1.518695926547936,
      0.16572746356550208,
      1.9899999999999949
    ],
    "obj_class": "sign",
    "point_num_in_lidar": 68,
    "speed": 0.03740272081611599,
    "if_vehicle": false,
    "motion_state": false,
    "pose": [
      [
        0.9994681169559295,
        0.03256708434975391,
        0.0016935777290533406,
        57.865684836440096
      ],
      [
        -0.03258558012605113,
        0.9993923742837331,
        0.01237183055862913,
        -12.831723198336476
      ],
      [
        -0.0012896342183089332,
        -0.012420436404520643,
        0.999922031762029,
        4.397832599273798
      ],
      [
        0.0,
        0.0,
        0.0,
        1.0
      ]
    ],
    "location": [
      57.865684836440096,
      -12.831723198336476,
      4.397832599273798
    ],
    "rotation": [
      -0.012420766100473839,
      0.0012896345757864385,
      -0.0325913766653981
    ]
  },
  {
    "label_id": "CPvxRnKbNQ4d_BVBpDYHuw",
    "size": [
      2.078130120046525,
      4.554880789643217,
      1.7999999999999972
    ],
    "obj_class": "vehicle",
    "point_num_in_lidar": 347,
    "speed": 34.89788149165198,
    "if_vehicle": true,
    "motion_state": true,
    "pose": [
      [
        0.999920500764684,
        -0.012494956781809488,
        0.0016935777290533406,
        114.44116106304091
      ],
      [
        0.012473067356384857,
        0.9998456682905376,
        0.01237183055862913,
        -20.861493473490555
      ],
      [
        -0.0018479018444492491,
        -0.012349722898472502,
        0.999922031762029,
        0.6418383967652801
      ],
      [
        0.0,
        0.0,
        0.0,
        1.0
      ]
    ],
    "location": [
      114.44116106304091,
      -20.861493473490555,
      0.6418383967652801
    ],
    "rotation": [
      -0.012350057928249789,
      0.0018479028961353005,
      0.012473412098140466
    ]
  },
  {
    "label_id": "QcrlWgyD76rSHYzulXQdvQ",
    "size": [
      1.8341025295237903,
      4.406826132173385,
      1.5799999999999983
    ],
    "obj_class": "vehicle",
    "point_num_in_lidar": 228,
    "speed": 34.773726930628676,
    "if_vehicle": true,
    "motion_state": true,
    "pose": [
      [
        0.9999642400566837,
        0.00828555383390999,
        0.0016935777290533406,
        140.25985296668023
      ],
      [
        -0.008305883554293942,
        0.9998889688895518,
        0.01237183055862913,
        -24.748101967430557
      ],
      [
        -0.0015908822211199193,
        -0.012385454802077296,
        0.999922031762029,
        0.46183839676534433
      ],
      [
        0.0,
        0.0,
        0.0,
        1.0
      ]
    ],
    "location": [
      140.25985296668023,
      -24.748101967430557,
      0.46183839676534433
    ],
    "rotation": [
      -0.01238578715212531,
      0.001590882892182974,
      -0.008305989568983672
    ]
  },
  {
    "label_id": "VVJv4KQJNlvXP8ZCSsiduQ",
    "size": [
      2.119069285744704,
      5.258700537101573,
      1.9899999999999949
    ],
    "obj_class": "vehicle",
    "point_num_in_lidar": 1911,
    "speed": 29.704968821956093,
    "if_vehicle": true,
    "motion_state": true,
    "pose": [
      [
        -0.9999985562688192,
        -0.0001387614967412253,
        0.0016935777290533406,
        115.16520572775516
      ],
      [
        0.00015970376226675118,
        -0.9999234532219639,
        0.01237183055862913,
        -8.553484831774767
      ],
      [
        0.0016917313574090838,
        0.012372083167766607,
        0.999922031762029,
        0.79414024914783
      ],
      [
        0.0,
        0.0,
        0.0,
        1.0
      ]
    ],
    "location": [
      115.16520572775516,
      -8.553484831774767,
      0.79414024914783
    ],
    "rotation": [
      0.012372416524324019,
      -0.0016917321643532886,
      3.1414329495983147
    ]
  },
  {
    "label_id": "kyRZW1Dg-0t6Z7wiphP81w",
    "size": [
      1.9216518889813006,
      4.683823422849745,
      1.3400000000000034
    ],
    "obj_class": "vehicle",
    "point_num_in_lidar": 156,
    "speed": 29.008254143047537,
    "if_vehicle": true,
    "motion_state": true,
    "pose": [
      [
        0.9999819280248747,
        -0.005768484907656338,
        0.0016935777290533406,
        124.40786737916392
      ],
      [
        0.00574709935486862,
        0.9999069499996657,
        0.01237183055862913,
        -36.476528053097354
      ],
      [
        -0.0017647868595026196,
        -0.012361873815740956,
        0.999922031762029,
        0.18183839676555635
      ],
      [
        0.0,
        0.0,
        0.0,
        1.0
      ]
    ],
    "location": [
      124.40786737916392,
      -36.476528053097354,
      0.18183839676555635
    ],
    "rotation": [
      -0.01236220793779794,
      0.0017647877755673075,
      0.005747139942068196
    ]
  },
  {
    "label_id": "oWH9wUn7j5vGmxv8sUmbvw",
    "size": [
      2.3257810662856855,
      5.905108358359001,
      2.0
    ],
    "obj_class": "vehicle",
    "point_num_in_lidar": 702,
    "speed": 27.567876655386133,
    "if_vehicle": true,
    "motion_state": true,
    "pose": [
      [
        0.9999913711331233,
        -0.003793343350099664,
        0.0016935777290533406,
        116.66095605579585
      ],
      [
        0.003772105933073683,
        0.9999163510141527,
        0.01237183055862913,
        -28.847827485387825
      ],
      [
        -0.0017403666641719873,
        -0.012365335449150333,
        0.999922031762029,
        0.6880901471922982
      ],
      [
        0.0,
        0.0,
        0.0,
        1.0
      ]
    ],
    "location": [
      116.66095605579585,
      -28.847827485387825,
      0.6880901471922982
    ],
    "rotation": [
      -0.012365669311942079,
      0.001740367542732358,
      0.003772120591218285
    ]
  },
  {
    "label_id": "oZ9dMlQ4AlQ5oa-sNY37EA",
    "size": [
      2.4650899800328494,
      4.042346289773473,
      1.730000000000004
    ],
    "obj_class": "vehicle",
    "point_num_in_lidar": 551,
    "speed": 26.874880565564677,
    "if_vehicle": true,
    "motion_state": true,
    "pose": [
      [
        0.99998083359166,
        -0.0059551862946898735,
        0.0016935777290533406,
        136.5529296468908
      ],
      [
        0.005933786743513064,
        0.9999058595605443,
        0.01237183055862913,
        -28.78221978201509
      ],
      [
        -0.0017670948506846491,
        -0.012361544105994961,
        0.999922031762029,
        0.4548883273485842
      ],
      [
        0.0,
        0.0,
        0.0,
        1.0
      ]
    ],
    "location": [
      136.5529296468908,
      -28.78221978201509,
      0.4548883273485842
    ],
    "rotation": [
      -0.012361878252730694,
      0.0017670957703481355,
      0.005933830830008264
    ]
  },
  {
    "label_id": "sKK2EIteB0wJN28uVuM9_g",
    "size": [
      2.739022511849855,
      6.701826748802899,
      2.319999999999993
    ],
    "obj_class": "vehicle",
    "point_num_in_lidar": 347,
    "speed": 30.708945328027283,
    "if_vehicle": true,
    "motion_state": true,
    "pose": [
      [
        -0.9999982691377791,
        -0.0007703998452502954,
        0.0016935777290533406,
        84.35136662890272
      ],
      [
        0.0007912946685631216,
        -0.999923152877948,
        0.01237183055862913,
        -8.691713146023176
      ],
      [
        0.0016839163261310609,
        0.012373149263722807,
        0.999922031762029,
        0.9352930538922237
      ],
      [
        0.0,
        0.0,
        0.0,
        1.0
      ]
    ],
    "location": [
      84.35136662890272,
      -8.691713146023176,
      0.9352930538922237
    ],
    "rotation": [
      0.012373482540195425,
      -0.0016839171219436894,
      3.140801357716762
    ]
  },
  {
    "label_id": "wIYwfiHyf3xxlkWejy3AKA",
    "size": [
      2.0203416624210875,
      4.913935278723663,
      1.8400000000000034
    ],
    "obj_class": "vehicle",
    "point_num_in_lidar": 3366,
    "speed": 28.279399829532128,
    "if_vehicle": true,
    "motion_state": true,
    "pose": [
      [
        -0.999996700392213,
        0.0019315794475823994,
        0.0016935777290533406,
        119.92416011010368
      ],
      [
        -0.0019104817378244785,
        -0.9999216408640019,
        0.01237183055862913,
        -3.8450773720160214
      ],
      [
        0.0017173421954017663,
        0.012368554187117733,
        0.999922031762029,
        0.5962935110860741
      ],
      [
        0.0,
        0.0,
        0.0,
        1.0
      ]
    ],
    "location": [
      119.92416011010368,
      -3.8450773720160214,
      0.5962935110860741
    ],
    "rotation": [
      0.01236888780857047,
      -0.0017173430395522006,
      -3.139682167872507
    ]
  },
  {
    "label_id": "whKYLsMECd4qHw6aBjY4Uw",
    "size": [
      2.0368988071524776,
      4.235179642802564,
      1.6200000000000045
    ],
    "obj_class": "vehicle",
    "point_num_in_lidar": 86,
    "speed": 27.64997560231695,
    "if_vehicle": true,
    "motion_state": true,
    "pose": [
      [
        -0.9999980205788426,
        0.0010443336978228003,
        0.0016935777290533406,
        77.48129153384798
      ],
      [
        -0.0010233025927790932,
        -0.9999229423612762,
        0.01237183055862913,
        -0.23689497033592488
      ],
      [
        0.001706367545508675,
        0.01237007302708475,
        0.999922031762029,
        0.6181526224593199
      ],
      [
        0.0,
        0.0,
        0.0,
        1.0
      ]
    ],
    "location": [
      77.48129153384798,
      -0.23689497033592488,
      0.6181526224593199
    ],
    "rotation": [
      0.012370406534566803,
      -0.0017063683735787036,
      -3.1405693493286484
    ]
  }
]