[
  {
    "label_id": "2WKiO9EcG-BOEHFpMPTGxA",
    "size": [
      2.035385975194957,
      4.798114371045043,
      1.480000000000004
    ],
    "obj_class": "vehicle",
    "point_num_in_lidar": 238,
    "speed": 35.33812363358465,
    "if_vehicle": true,
    "motion_state": true,
    "pose": [
      [
        0.99998302372785,
        -0.00036729893900852605,
        0.0058152684887045804,
        252.3090006420548
      ],
      [
        0.00026962321350399625,
        0.9998590300550388,
        0.016788309048841897,
        -21.15598400959061
      ],
      [
        -0.00582061503872718,
        -0.016786456114561234,
        0.9998421552083534,
        0.06183839676546654
      ],
      [
        0.0,
        0.0,
        0.0,
        1.0
      ]
    ],
    "location": [
      252.3090006420548,
      -21.15598400959061,
      0.06183839676546654
    ],
    "rotation": [
      -0.016787528982940926,
      0.0058206479058737865,
      0.0002696277842448487
    ]
  },
  {
    "label_id": "NMa4UvggBKG9mv6Bvj5DHw",
    "size": [
      2.198346040073375,
      5.107089787592648,
      2.0
    ],
    "obj_class": "vehicle",
    "point_num_in_lidar": 47,
    "speed": 32.37998928698917,
    "if_vehicle": true,
    "motion_state": true,
    "pose": [
      [
        0.9999827335865968,
        -0.0008456837953828503,
        0.0058152684887045804,
        233.67449715107705
      ],
      [
        0.0007479487633477844,
        0.9998587866553597,
        0.016788309048841897,
        -24.9601221530138
      ],
      [
        -0.005828644896105793,
        -0.016783669652082858,
        0.9998421552083534,
        0.2418383967652744
      ],
      [
        0.0,
        0.0,
        0.0,
        1.0
      ]
    ],
    "location": [
      233.67449715107705,
      -24.9601221530138,
      0.2418383967652744
    ],
    "rotation": [
      -0.016784742865768403,
      0.00582867789946762,
      0.0007479615384818156
    ]
  },
  {
    "label_id": "PhGRQJdU1JnvlhXJtMJL6A",
    "size": [
      1.8680373112701112,
      4.497846719003824,
      1.7399999999999949
    ],
    "obj_class": "vehicle",
    "point_num_in_lidar": 50,
    "speed": 32.7507508610939,
    "if_vehicle": true,
    "motion_state": true,
    "pose": [
      [
        0.9999830904836712,
        3.7404949957803605e-05,
        0.0058152684887045804,
        256.4284974313539
      ],
      [
        -0.00013503048589338205,
        0.9998590572906005,
        0.016788309048841897,
        -28.818138452752464
      ],
      [
        -0.0058138209031480485,
        -0.016788810405185536,
        0.9998421552083534,
        0.07183839676524428
      ],
      [
        0.0,
        0.0,
        0.0,
        1.0
      ]
    ],
    "location": [
      256.4284974313539,
      -28.818138452752464,
      0.07183839676524428
    ],
    "rotation": [
      -0.01678988298161212,
      0.005813853655334867,
      -0.00013503276841147596
    ]
  },
  {
    "label_id": "VVJv4KQJNlvXP8ZCSsiduQ",
    "size": [
      2.1190692857417517,
      5.258700537101573,
      1.9899999999999949
    ],
    "obj_class": "vehicle",
    "point_num_in_lidar": 4429,
    "speed": 30.67444510943059,
    "if_vehicle": true,
    "motion_state": true,
    "pose": [
      [
        -0.999983090463912,
        -3.792951519286894e-05,
        0.0058152684887045804,
        271.6680532615692
      ],
      [
        0.00013555498606383258,
        -0.9998590572196294,
        0.016788309048841897,
        -8.3364229210747
      ],
      [
        0.00581381209617205,
        0.016788813454963122,
        0.9998421552083534,
        0.22029305389224874
      ],
      [
        0.0,
        0.0,
        0.0,
        1.0
      ]
    ],
    "location": [
      271.6680532615692,
      -8.3364229210747,
      0.22029305389224874
    ],
    "rotation": [
      0.016789886031011385,
      -0.005813844848210024,
      3.141457096312349
    ]
  },
  {
    "label_id": "sKK2EIteB0wJN28uVuM9_g",
    "size": [
      2.7390225118508207,
      6.701826748802899,
      2.319999999999993
    ],
    "obj_class": "vehicle",
    "point_num_in_lidar": 495,
    "speed": 30.748974094886773,
    "if_vehicle": true,
    "motion_state": true,
    "pose": [
      [
        -0.9999785204240486,
        0.0030234653851739972,
        0.0058152684887045804,
        244.40889189682275
      ],
      [
        -0.0029254606506588688,
        -0.9998547866361706,
        0.016788309048841897,
        -8.459583486441261
      ],
      [
        0.00586518290529054,
        0.016770936103945866,
        0.9998421552083534,
        0.36529305389221634
      ],
      [
        0.0,
        0.0,
        0.0,
        1.0
      ]
    ],
    "location": [
      244.40889189682275,
      -8.459583486441261,
      0.36529305389221634
    ],
    "rotation": [
      0.016772010892290707,
      -0.005865216533221952,
      -3.1386671384463014
    ]
  },
  {
    "label_id": "wIYwfiHyf3xxlkWejy3AKA",
    "size": [
      2.020341662420617,
      4.913935278723663,
      1.8400000000000034
    ],
    "obj_class": "vehicle",
    "point_num_in_lidar": 1513,
    "speed": 28.12011316290021,
    "if_vehicle": true,
    "motion_state": true,
    "pose": [
      [
        -0.9999792335580034,
        -0.002777607811122312,
        0.0058152684887045804,
        265.7594480326825
      ],
      [
        0.002874893098648578,
        -0.9998549333123039,
        0.016788309048841897,
        -3.8268737371599855
      ],
      [
        0.005767793548617262,
        0.01680467869064078,
        0.9998421552083534,
        0.10279482759089831
      ],
      [
        0.0,
        0.0,
        0.0,
        1.0
      ]
    ],
    "location": [
      265.7594480326825,
      -3.8268737371599855,
      0.10279482759089831
    ],
    "rotation": [
      0.016805749294402404,
      -0.00576782552905265,
      3.1387177087093985
    ]
  },
  {
    "label_id": "whKYLsMECd4qHw6aBjY4Uw",
    "size": [
      2.036898807154118,
      4.235179642802564,
      1.6200000000000045
    ],
    "obj_class": "vehicle",
    "point_num_in_lidar": 62,
    "speed": 28.294558011421866,
    "if_vehicle": true,
    "motion_state": true,
    "pose": [
      [
        -0.9999830754945008,
        0.00017713543977182692,
        0.0058152684887045804,
        223.95705132968146
      ],
      [
        -7.948329550361199e-05,
        -0.9998590632492593,
        0.016788309048841897,
        -0.022137736468721414
      ],
      [
        0.005817422708165489,
        0.016787562698309357,
        0.9998421552083534,
        0.06640473026186555
      ],
      [
        0.0,
        0.0,
        0.0,
        1.0
      ]
    ],
    "location": [
      223.95705132968146,
      -0.022137736468721414,
      0.06640473026186555
    ],
    "rotation": [
      0.016788635429485936,
      -0.005817455521263001,
      -3.141513168949219
    ]
  }
]