[
  {
    "label_id": "JPgFVt3kIOspBwcD4F6NMQ",
    "size": [
      2.2761754697486416,
      5.670682592781567,
      2.049999999999997
    ],
    "obj_class": "vehicle",
    "point_num_in_lidar": 21,
    "speed": 32.78859733686561,
    "if_vehicle": true,
    "motion_state": true,
    "pose": [
      [
        0.999982520132557,
        -0.005118644369233711,
        0.0029595454315529653,
        7.760194175937386
      ],
      [
        0.0050836916612503405,
        0.9999186359942391,
        0.0116994645395982,
        -32.71212708601706
      ],
      [
        -0.0030191900293700872,
        -0.011684214618077416,
        0.9999271791587251,
        0.6949807901205105
      ],
      [
        0.0,
        0.0,
        0.0,
        1.0
      ]
    ],
    "location": [
      7.760194175937386,
      -32.71212708601706,
      0.6949807901205105
    ],
    "rotation": [
      -0.011684533748716114,
      0.0030191946162975987,
      0.005083736729267464
    ]
  },
  {
    "label_id": "NEFLAoAWf9MtdVc9AmmNSg",
    "size": [
      2.5528837817155674,
      6.445918222213887,
      2.230000000000004
    ],
    "obj_class": "vehicle",
    "point_num_in_lidar": 143,
    "speed": 34.810796404237706,
    "if_vehicle": true,
    "motion_state": true,
    "pose": [
      [
        0.9999935277807805,
        -0.0020458463744102737,
        0.0029595454315529653,
        23.655222614238028
      ],
      [
        0.0020110901363834233,
        0.9999295365404253,
        0.0116994645395982,
        -21.545681186449656
      ],
      [
        -0.0029832721988539692,
        -0.011693436905473375,
        0.9999271791587251,
        0.9949807901205219
      ],
      [
        0.0,
        0.0,
        0.0,
        1.0
      ]
    ],
    "location": [
      23.655222614238028,
      -21.545681186449656,
      0.9949807901205219
    ],
    "rotation": [
      -0.011693755447603872,
      0.002983276624015536,
      0.0020111004413641866
    ]
  },
  {
    "label_id": "T9YETxlMorEu9XxV8KR45g",
    "size": [
      2.8088683131498957,
      8.315151186396161,
      3.9000000000000057
    ],
    "obj_class": "vehicle",
    "point_num_in_lidar": 4209,
    "speed": 28.655335229109497,
    "if_vehicle": true,
    "motion_state": true,
    "pose": [
      [
        0.9999887708618469,
        -0.003701248580008405,
        0.0029595454315529653,
        67.45030674670625
      ],
      [
        0.003666386457499185,
        0.9999248372451954,
        0.0116994645395982,
        -25.422221939039446
      ],
      [
        -0.003002625610479408,
        -0.011688482327403969,
        0.9999271791587251,
        1.701838396765197
      ],
      [
        0.0,
        0.0,
        0.0,
        1.0
      ]
    ],
    "location": [
      67.45030674670625,
      -25.422221939039446,
      1.701838396765197
    ],
    "rotation": [
      -0.011688801185951522,
      0.003002630122323304,
      0.0036664111995688225
    ]
  },
  {
    "label_id": "VVJv4KQJNlvXP8ZCSsiduQ",
    "size": [
      2.1190692857423166,
      5.258700537101573,
      1.9899999999999949
    ],
    "obj_class": "vehicle",
    "point_num_in_lidar": 1189,
    "speed": 29.995472967779186,
    "if_vehicle": true,
    "motion_state": true,
    "pose": [
      [
        -0.9999955502800069,
        -0.0003748480022534379,
        0.0029595454315529653,
        52.538388878531805
      ],
      [
        0.0004094492345930135,
        -0.9999314750925739,
        0.0116994645395982,
        -8.470162935169355
      ],
      [
        0.002954957108066142,
        0.011700624263868621,
        0.9999271791587251,
        0.8242977862004892
      ],
      [
        0.0,
        0.0,
        0.0,
        1.0
      ]
    ],
    "location": [
      52.538388878531805,
      -8.470162935169355,
      0.8242977862004892
    ],
    "rotation": [
      0.011700942345968258,
      -0.0029549614084180883,
      3.1411832025561393
    ]
  },
  {
    "label_id": "_-Crtzq0p6kMQcNCSZCt4g",
    "size": [
      1.974481039364866,
      4.978676199164379,
      1.7000000000000028
    ],
    "obj_class": "vehicle",
    "point_num_in_lidar": 356,
    "speed": 30.64931749616166,
    "if_vehicle": true,
    "motion_state": true,
    "pose": [
      [
        0.9999898404690112,
        0.0034000072941194,
        0.0029595454315529653,
        50.276365385288045
      ],
      [
        -0.003434414529507827,
        0.9999256609000121,
        0.0116994645395982,
        -28.930005113596053
      ],
      [
        -0.002919547156837286,
        -0.011709509984356522,
        0.9999271791587251,
        0.5499807901204576
      ],
      [
        0.0,
        0.0,
        0.0,
        1.0
      ]
    ],
    "location": [
      50.276365385288045,
      -28.930005113596053,
      0.5499807901204576
    ],
    "rotation": [
      -0.011709827496049608,
      0.0029195513044376004,
      -0.003434435918381455
    ]
  },
  {
    "label_id": "e8fCHiMsgdX3iw0zM1F_Dw",
    "size": [
      2.0295842087094877,
      5.091952546019636,
      1.9000000000000057
    ],
    "obj_class": "vehicle",
    "point_num_in_lidar": 919,
    "speed": 32.74763608645604,
    "if_vehicle": true,
    "motion_state": true,
    "pose": [
      [
        0.9999954171326547,
        0.0006378122970940761,
        0.0029595454315529653,
        60.82962940037987
      ],
      [
        -0.0006723966786750132,
        0.9999313328485077,
        0.0116994645395982,
        -21.19164396992892
      ],
      [
        -0.0029518801456456974,
        -0.011701400911022768,
        0.9999271791587251,
        0.7499807901205173
      ],
      [
        0.0,
        0.0,
        0.0,
        1.0
      ]
    ],
    "location": [
      60.82962940037987,
      -21.19164396992892,
      0.7499807901205173
    ],
    "rotation": [
      -0.01170171894334032,
      0.0029518844325778725,
      -0.0006723996588584959
    ]
  },
  {
    "label_id": "oNhSl20u2e1xxxOq0Q7ETw",
    "size": [
      2.502511074657375,
      6.383225845579338,
      2.200000000000003
    ],
    "obj_class": "vehicle",
    "point_num_in_lidar": 1104,
    "speed": 28.618082682517244,
    "if_vehicle": true,
    "motion_state": true,
    "pose": [
      [
        0.9999956205358295,
        5.470483889492006e-16,
        0.0029595454315529653,
        75.4398994602318
      ],
      [
        -3.462524847036566e-05,
        0.9999315583231577,
        0.0116994645395982,
        -25.264475991503787
      ],
      [
        -0.0029593428753009335,
        -0.01169951577720836,
        0.9999271791587251,
        0.8118383967652534
      ],
      [
        0.0,
        0.0,
        0.0,
        1.0
      ]
    ],
    "location": [
      75.4398994602318,
      -25.264475991503787,
      0.8118383967652534
    ],
    "rotation": [
      -0.011699833930336122,
      0.0029593471948291977,
      -3.462540009722716e-05
    ]
  },
  {
    "label_id": "sKK2EIteB0wJN28uVuM9_g",
    "size": [
      2.7390225118484186,
      6.701826748802899,
      2.319999999999993
    ],
    "obj_class": "vehicle",
    "point_num_in_lidar": 266,
    "speed": 30.65641922503529,
    "if_vehicle": true,
    "motion_state": true,
    "pose": [
      [
        -0.9999945536540216,
        0.0014607371881396808,
        0.0029595454315529653,
        19.69739514499497
      ],
      [
        -0.001426018398144844,
        -0.9999305420883066,
        0.0116994645395982,
        -8.677073416631174
      ],
      [
        0.002976429710642041,
        0.011695180454031014,
        0.9999271791587251,
        0.9352930538922095
      ],
      [
        0.0,
        0.0,
        0.0,
        1.0
      ]
    ],
    "location": [
      19.69739514499497,
      -8.677073416631174,
      0.9352930538922095
    ],
    "rotation": [
      0.01169549888467573,
      -0.002976434105424415,
      -3.1401666283916474
    ]
  },
  {
    "label_id": "wIYwfiHyf3xxlkWejy3AKA",
    "size": [
      2.020341662420865,
      4.913935278723663,
      1.8400000000000034
    ],
    "obj_class": "vehicle",
    "point_num_in_lidar": 3327,
    "speed": 28.353327304129806,
    "if_vehicle": true,
    "motion_state": true,
    "pose": [
      [
        -0.9999956040561079,
        0.00018154695940180321,
        0.0029595454315529653,
        60.40497373394419
      ],
      [
        -0.00014691008115174373,
        -0.999931548130628,
        0.0116994645395982,
        -3.942721037496085
      ],
      [
        0.002961466847349478,
        0.011698978322348993,
        0.9999271791587251,
        0.6452975057864307
      ],
      [
        0.0,
        0.0,
        0.0,
        1.0
      ]
    ],
    "location": [
      60.40497373394419,
      -3.942721037496085,
      0.6452975057864307
    ],
    "rotation": [
      0.011699296509904717,
      -0.002961471176185046,
      -3.141445742863887
    ]
  },
  {
    "label_id": "whKYLsMECd4qHw6aBjY4Uw",
    "size": [
      2.0368988071547265,
      4.235179642802564,
      1.6200000000000045
    ],
    "obj_class": "vehicle",
    "point_num_in_lidar": 96,
    "speed": 27.73513176919199,
    "if_vehicle": true,
    "motion_state": true,
    "pose": [
      [
        -0.9999954703227889,
        0.0005481101555295197,
        0.0029595454315529653,
        19.382751313588642
      ],
      [
        -0.0005134497989577591,
        -0.9999314270982737,
        0.0116994645395982,
        -0.2746036725311569
      ],
      [
        0.0029657550822633446,
        0.011697891966793456,
        0.9999271791587251,
        0.6352930538922124
      ],
      [
        0.0,
        0.0,
        0.0,
        1.0
      ]
    ],
    "location": [
      19.382751313588642,
      -0.2746036725311569,
      0.6352930538922124
    ],
    "rotation": [
      0.011698210223917661,
      -0.0029657594299308016,
      -3.141079201510184
    ]
  }
]