[
  {
    "label_id": "NEFLAoAWf9MtdVc9AmmNSg",
    "size": [
      2.552883781716152,
      6.445918222213887,
      2.230000000000004
    ],
    "obj_class": "vehicle",
    "point_num_in_lidar": 56,
    "speed": 35.06611434833237,
    "if_vehicle": true,
    "motion_state": true,
    "pose": [
      [
        0.9999899000920771,
        -0.002793961588125804,
        0.003520439245548087,
        13.10689433017319
      ],
      [
        0.002754624678472222,
        0.9999342698537195,
        0.01112960084593272,
        -21.559515664712308
      ],
      [
        -0.0035513035238162135,
        -0.01111979094916411,
        0.9999318669252063,
        0.9949807901205361
      ],
      [
        0.0,
        0.0,
        0.0,
        1.0
      ]
    ],
    "location": [
      13.10689433017319,
      -21.559515664712308,
      0.9949807901205361
    ],
    "rotation": [
      -0.011120090246860599,
      0.003551310988554591,
      0.002754645532704797
    ]
  },
  {
    "label_id": "T9YETxlMorEu9XxV8KR45g",
    "size": [
      2.8088683131499743,
      8.315151186396161,
      3.9000000000000057
    ],
    "obj_class": "vehicle",
    "point_num_in_lidar": 2689,
    "speed": 28.74141014309361,
    "if_vehicle": true,
    "motion_state": true,
    "pose": [
      [
        0.999986537682906,
        -0.0038119496943885664,
        0.003520439245548087,
        58.87267857977076
      ],
      [
        0.003772556173544367,
        0.9999309475183412,
        0.01112960084593272,
        -25.450548615792286
      ],
      [
        -0.003562621629024973,
        -0.011116169960907621,
        0.9999318669252063,
        1.7018383967652397
      ],
      [
        0.0,
        0.0,
        0.0,
        1.0
      ]
    ],
    "location": [
      58.87267857977076,
      -25.450548615792286,
      1.7018383967652397
    ],
    "rotation": [
      -0.011116469459502912,
      0.003562629165362326,
      0.003772589063772615
    ]
  },
  {
    "label_id": "VVJv4KQJNlvXP8ZCSsiduQ",
    "size": [
      2.1190692857450615,
      5.258700537101573,
      1.9899999999999949
    ],
    "obj_class": "vehicle",
    "point_num_in_lidar": 1271,
    "speed": 29.94010200244456,
    "if_vehicle": true,
    "motion_state": true,
    "pose": [
      [
        -0.9999929205827445,
        -0.0013286428832248389,
        0.003520439245548087,
        61.51596291154692
      ],
      [
        0.0013677501161267508,
        -0.9999371286459114,
        0.01112960084593272,
        -8.48209100731765
      ],
      [
        0.0035054306458086513,
        0.01113433713603136,
        0.9999318669252063,
        0.800293053892517
      ],
      [
        0.0,
        0.0,
        0.0,
        1.0
      ]
    ],
    "location": [
      61.51596291154692,
      -8.48209100731765,
      0.800293053892517
    ],
    "rotation": [
      0.011134635623740417,
      -0.003505437824996026,
      3.140224894643643
    ]
  },
  {
    "label_id": "e8fCHiMsgdX3iw0zM1F_Dw",
    "size": [
      2.0295842087096956,
      5.091952546019636,
      1.9000000000000057
    ],
    "obj_class": "vehicle",
    "point_num_in_lidar": 187,
    "speed": 33.01492891574345,
    "if_vehicle": true,
    "motion_state": true,
    "pose": [
      [
        0.9999879888624388,
        -0.0034100789394806643,
        0.003520439245548087,
        51.05956422639724
      ],
      [
        0.0033707077621626144,
        0.9999323828710581,
        0.01112960084593272,
        -21.199809187904975
      ],
      [
        -0.00355815402100323,
        -0.011117600794874767,
        0.9999318669252063,
        0.7499807901205457
      ],
      [
        0.0,
        0.0,
        0.0,
        1.0
      ]
    ],
    "location": [
      51.05956422639724,
      -21.199809187904975,
      0.7499807901205457
    ],
    "rotation": [
      -0.01111790021411971,
      0.0035581615290238033,
      0.003370735482686536
    ]
  },
  {
    "label_id": "ha--XYLQEettu4vzcEhtsA",
    "size": [
      1.7766886556154513,
      4.50344212656244,
      1.5999999999999943
    ],
    "obj_class": "vehicle",
    "point_num_in_lidar": 221,
    "speed": 32.57891202504825,
    "if_vehicle": true,
    "motion_state": true,
    "pose": [
      [
        0.9999853334692889,
        -0.004115744626873682,
        0.003520439245548087,
        82.70863236863329
      ],
      [
        0.004076334219599949,
        0.9999297552750095,
        0.01112960084593272,
        -29.209512392835677
      ],
      [
        -0.003565998548142334,
        -0.011115087126335459,
        0.9999318669252063,
        0.34183839676528294
      ],
      [
        0.0,
        0.0,
        0.0,
        1.0
      ]
    ],
    "location": [
      82.70863236863329,
      -29.209512392835677,
      0.34183839676528294
    ],
    "rotation": [
      -0.011115386684951694,
      0.0035660061059306007,
      0.004076371427252726
    ]
  },
  {
    "label_id": "oNhSl20u2e1xxxOq0Q7ETw",
    "size": [
      2.5025110746573764,
      6.383225845579338,
      2.200000000000003
    ],
    "obj_class": "vehicle",
    "point_num_in_lidar": 1024,
    "speed": 28.67441961250609,
    "if_vehicle": true,
    "motion_state": true,
    "pose": [
      [
        0.9999938032345592,
        -1.2265680748785974e-16,
        0.003520439245548087,
        66.89438147378382
      ],
      [
        -3.918132640267369e-05,
        0.9999380633068399,
        0.01112960084593272,
        -25.25493758833909
      ],
      [
        -0.003520221201182748,
        -0.011129669813885988,
        0.9999318669252063,
        0.8118383967652534
      ],
      [
        0.0,
        0.0,
        0.0,
        1.0
      ]
    ],
    "location": [
      66.89438147378382,
      -25.25493758833909,
      0.8118383967652534
    ],
    "rotation": [
      -0.011129968562002494,
      0.0035202284716284297,
      -3.918156918161718e-05
    ]
  },
  {
    "label_id": "sKK2EIteB0wJN28uVuM9_g",
    "size": [
      2.7390225118500933,
      6.701826748802899,
      2.319999999999993
    ],
    "obj_class": "vehicle",
    "point_num_in_lidar": 257,
    "speed": 30.73549707200623,
    "if_vehicle": true,
    "motion_state": true,
    "pose": [
      [
        -0.999993429529801,
        0.0008645257343176708,
        0.003520439245548087,
        29.001758618652957
      ],
      [
        -0.0008252962336566558,
        -0.999937723496387,
        0.01112960084593272,
        -8.671847015808453
      ],
      [
        0.0035298418312446848,
        0.011126622313971867,
        0.9999318669252063,
        0.9388648157891168
      ],
      [
        0.0,
        0.0,
        0.0,
        1.0
      ]
    ],
    "location": [
      29.001758618652957,
      -8.671847015808453,
      0.9388648157891168
    ],
    "rotation": [
      0.011126921231858176,
      -0.0035298491614632,
      -3.1407673521208936
    ]
  },
  {
    "label_id": "wIYwfiHyf3xxlkWejy3AKA",
    "size": [
      2.020341662420886,
      4.913935278723663,
      1.8400000000000034
    ],
    "obj_class": "vehicle",
    "point_num_in_lidar": 3316,
    "speed": 28.365770868296533,
    "if_vehicle": true,
    "motion_state": true,
    "pose": [
      [
        -0.9999937430365388,
        0.0003469802461988823,
        0.003520439245548087,
        68.9121733109248
      ],
      [
        -0.0003077795813810456,
        -0.9999380167074055,
        0.01112960084593272,
        -3.9446842907509563
      ],
      [
        0.0035240827887738856,
        0.011128447689109616,
        0.9999318669252063,
        0.6190425622039157
      ],
      [
        0.0,
        0.0,
        0.0,
        1.0
      ]
    ],
    "location": [
      68.9121733109248,
      -3.9446842907509563,
      0.6190425622039157
    ],
    "rotation": [
      0.011128746505332944,
      -0.00352409008317236,
      -3.141284872092353
    ]
  },
  {
    "label_id": "whKYLsMECd4qHw6aBjY4Uw",
    "size": [
      2.0368988071543206,
      4.235179642802564,
      1.6200000000000045
    ],
    "obj_class": "vehicle",
    "point_num_in_lidar": 91,
    "speed": 27.715649609824002,
    "if_vehicle": true,
    "motion_state": true,
    "pose": [
      [
        -0.9999936360154421,
        0.0005783045340306769,
        0.003520439245548087,
        27.69856755687192
      ],
      [
        -0.0005390909793271097,
        -0.9999379187559227,
        0.01112960084593272,
        -0.26980438802456774
      ],
      [
        0.0035266569909311795,
        0.011127632180284255,
        0.9999318669252063,
        0.6352930538922266
      ],
      [
        0.0,
        0.0,
        0.0,
        1.0
      ]
    ],
    "location": [
      27.69856755687192,
      -0.26980438802456774,
      0.6352930538922266
    ],
    "rotation": [
      0.011127931041935936,
      -0.003526664301326196,
      -3.141053559231902
    ]
  }
]