[
  {
    "label_id": "0xopsFbT5u9YzgzmR0qcwA",
    "size": [
      2.543559916511385,
      7.081112488251164,
      2.200000000000003
    ],
    "obj_class": "vehicle",
    "point_num_in_lidar": 598,
    "speed": 27.015480446724787,
    "if_vehicle": true,
    "motion_state": true,
    "pose": [
      [
        0.9999957211345611,
        -7.146252154708593e-05,
        0.002924483830874216,
        129.26096957260597
      ],
      [
        3.0211913832610223e-05,
        0.9999005490564256,
        0.014102875022449153,
        -28.81882663788565
      ],
      [
        -0.002925200815207935,
        -0.014102726323891129,
        0.9998962727755435,
        0.6998883273484324
      ],
      [
        0.0,
        0.0,
        0.0,
        1.0
      ]
    ],
    "location": [
      129.26096957260597,
      -28.81882663788565,
      0.6998883273484324
    ],
    "rotation": [
      -0.014103254183788537,
      0.002925204986950295,
      3.0212043096685114e-05
    ]
  },
  {
    "label_id": "MziAkOREhFpOJriJH72M_w",
    "size": [
      1.9560150969270715,
      4.497527264585171,
      1.8199999999999932
    ],
    "obj_class": "vehicle",
    "point_num_in_lidar": 265,
    "speed": 30.812359071088643,
    "if_vehicle": true,
    "motion_state": true,
    "pose": [
      [
        0.9999690008759264,
        -0.007310586947995231,
        0.002924483830874216,
        130.2979020743403
      ],
      [
        0.007268648455530424,
        0.9998741299112258,
        0.014102875022449153,
        -21.003671086304166
      ],
      [
        -0.0030272160199031305,
        -0.014081180800796034,
        0.9998962727755435,
        0.5918383967653114
      ],
      [
        0.0,
        0.0,
        0.0,
        1.0
      ]
    ],
    "location": [
      130.2979020743403,
      -21.003671086304166,
      0.5918383967653114
    ],
    "rotation": [
      -0.014081710704664848,
      0.003027220643508715,
      0.0072687457676293
    ]
  },
  {
    "label_id": "QcrlWgyD76rSHYzulXQdvQ",
    "size": [
      1.8341025295227338,
      4.406826132173385,
      1.5799999999999983
    ],
    "obj_class": "vehicle",
    "point_num_in_lidar": 95,
    "speed": 34.18067739165011,
    "if_vehicle": true,
    "motion_state": true,
    "pose": [
      [
        0.9999785014915836,
        0.005868896742109734,
        0.002924483830874216,
        122.98919895648237
      ],
      [
        -0.005909581263353781,
        0.9998830860482604,
        0.014102875022449153,
        -24.62634275802884
      ],
      [
        -0.0028413736006391178,
        -0.014119854306523707,
        0.9998962727755435,
        0.49183782450428737
      ],
      [
        0.0,
        0.0,
        0.0,
        1.0
      ]
    ],
    "location": [
      122.98919895648237,
      -24.62634275802884,
      0.49183782450428737
    ],
    "rotation": [
      -0.014120380532191185,
      0.0028413774239124776,
      -0.0059096395165398686
    ]
  },
  {
    "label_id": "VVJv4KQJNlvXP8ZCSsiduQ",
    "size": [
      2.119069285744848,
      5.258700537101573,
      1.9899999999999949
    ],
    "obj_class": "vehicle",
    "point_num_in_lidar": 1893,
    "speed": 29.685711825235526,
    "if_vehicle": true,
    "motion_state": true,
    "pose": [
      [
        -0.9999955396311898,
        0.0006067223815405306,
        0.002924483830874216,
        130.02476943283546
      ],
      [
        -0.0005654208377231531,
        -0.9999003896465773,
        0.014102875022449153,
        -8.573298486615386
      ],
      [
        0.0029327490519264333,
        0.014101158554327711,
        0.9998962727755435,
        0.7902930538924977
      ],
      [
        0.0,
        0.0,
        0.0,
        1.0
      ]
    ],
    "location": [
      130.02476943283546,
      -8.573298486615386,
      0.7902930538924977
    ],
    "rotation": [
      0.014101686563397033,
      -0.0029327532560467816,
      -3.1410272302903293
    ]
  },
  {
    "label_id": "iF4aAZ12Sjld9mqorB_L2g",
    "size": [
      1.8281551665210474,
      4.1874509834099785,
      1.6099999999999994
    ],
    "obj_class": "vehicle",
    "point_num_in_lidar": 209,
    "speed": 30.63668079791918,
    "if_vehicle": true,
    "motion_state": true,
    "pose": [
      [
        0.9999956643588942,
        -0.0003444673230331929,
        0.002924483830874216,
        155.0839131226253
      ],
      [
        0.0003031907343102394,
        0.9999005035459676,
        0.014102875022449153,
        -36.78088108695374
      ],
      [
        -0.0029290508347092244,
        -0.014101927201044338,
        0.9998962727755435,
        0.14683839676528976
      ],
      [
        0.0,
        0.0,
        0.0,
        1.0
      ]
    ],
    "location": [
      155.0839131226253,
      -36.78088108695374,
      0.14683839676528976
    ],
    "rotation": [
      -0.014102455136986252,
      0.0029290550229453026,
      0.00030319203955179785
    ]
  },
  {
    "label_id": "oWH9wUn7j5vGmxv8sUmbvw",
    "size": [
      2.3257810662882012,
      5.905108358359001,
      2.0
    ],
    "obj_class": "vehicle",
    "point_num_in_lidar": 59,
    "speed": 27.843465176615275,
    "if_vehicle": true,
    "motion_state": true,
    "pose": [
      [
        0.9999866613140724,
        -0.0042572982344929134,
        0.002924483830874216,
        102.78087826062188
      ],
      [
        0.004215649611716003,
        0.9998916627387451,
        0.014102875022449153,
        -28.89553776441062
      ],
      [
        -0.002984207145239742,
        -0.01409035830950246,
        0.9998962727755435,
        0.7193408846061828
      ],
      [
        0.0,
        0.0,
        0.0,
        1.0
      ]
    ],
    "location": [
      102.78087826062188,
      -28.89553776441062,
      0.7193408846061828
    ],
    "rotation": [
      -0.014090887344322678,
      0.002984211574563111,
      0.004215680869870115
    ]
  },
  {
    "label_id": "oZ9dMlQ4AlQ5oa-sNY37EA",
    "size": [
      2.4650899800318253,
      4.042346289773473,
      1.730000000000004
    ],
    "obj_class": "vehicle",
    "point_num_in_lidar": 87,
    "speed": 26.901326610789507,
    "if_vehicle": true,
    "motion_state": true,
    "pose": [
      [
        0.9999609356632008,
        -0.008341135528135632,
        0.002924483830874216,
        123.13597541474178
      ],
      [
        0.008299099285405205,
        0.9998661079700382,
        0.014102875022449153,
        -28.884335224509414
      ],
      [
        -0.0030417262576961177,
        -0.014078053521318456,
        0.9998962727755435,
        0.4548883273485558
      ],
      [
        0.0,
        0.0,
        0.0,
        1.0
      ]
    ],
    "location": [
      123.13597541474178,
      -28.884335224509414,
      0.4548883273485558
    ],
    "rotation": [
      -0.014078583720777806,
      0.0030417309481075346,
      0.00829923294880076
    ]
  },
  {
    "label_id": "sKK2EIteB0wJN28uVuM9_g",
    "size": [
      2.739022511850357,
      6.701826748802899,
      2.319999999999993
    ],
    "obj_class": "vehicle",
    "point_num_in_lidar": 350,
    "speed": 30.741124796258923,
    "if_vehicle": true,
    "motion_state": true,
    "pose": [
      [
        -0.9999939362528564,
        0.001890727860138972,
        0.002924483830874216,
        99.74262162226546
      ],
      [
        -0.0018493041766741887,
        -0.9998988393783459,
        0.014102875022449153,
        -8.673124653279956
      ],
      [
        0.002950852686984871,
        0.01409738124601797,
        0.9998962727755435,
        0.9352930538922379
      ],
      [
        0.0,
        0.0,
        0.0,
        1.0
      ]
    ],
    "location": [
      99.74262162226546,
      -8.673124653279956,
      0.9352930538922379
    ],
    "rotation": [
      0.014097909614210235,
      -0.0029508569694421446,
      -3.1397433403075334
    ]
  },
  {
    "label_id": "wIYwfiHyf3xxlkWejy3AKA",
    "size": [
      2.0203416624220005,
      4.913935278723663,
      1.8400000000000034
    ],
    "obj_class": "vehicle",
    "point_num_in_lidar": 2967,
    "speed": 28.17710390224399,
    "if_vehicle": true,
    "motion_state": true,
    "pose": [
      [
        -0.9999937607367553,
        0.0019813838305750295,
        0.002924483830874216,
        134.08054754082923
      ],
      [
        -0.001939951526128009,
        -0.9998986676179629,
        0.014102875022449153,
        -3.8109509886162414
      ],
      [
        0.002952130694495506,
        0.014097113674028541,
        0.9998962727755435,
        0.5787920635836628
      ],
      [
        0.0,
        0.0,
        0.0,
        1.0
      ]
    ],
    "location": [
      134.08054754082923,
      -3.8109509886162414,
      0.5787920635836628
    ],
    "rotation": [
      0.014097642067644627,
      -0.002952134982519372,
      -3.1396526923933736
    ]
  },
  {
    "label_id": "whKYLsMECd4qHw6aBjY4Uw",
    "size": [
      2.0368988071548135,
      4.235179642802564,
      1.6200000000000045
    ],
    "obj_class": "vehicle",
    "point_num_in_lidar": 84,
    "speed": 27.708427634127066,
    "if_vehicle": true,
    "motion_state": true,
    "pose": [
      [
        -0.9999944653073353,
        0.001586426493577718,
        0.002924483830874216,
        91.32275944746175
      ],
      [
        -0.0015450317503068781,
        -0.9998993558318715,
        0.014102875022449153,
        -0.21877830878293025
      ],
      [
        0.002946562673203082,
        0.014098278546998258,
        0.9998962727755435,
        0.5638619690100342
      ],
      [
        0.0,
        0.0,
        0.0,
        1.0
      ]
    ],
    "location": [
      91.32275944746175,
      -0.21877830878293025,
      0.5638619690100342
    ],
    "rotation": [
      0.014098806829917168,
      -0.00294656693700966,
      -3.1400476145175755
    ]
  }
]