[
  {
    "label_id": "NEFLAoAWf9MtdVc9AmmNSg",
    "size": [
      2.5528837817150087,
      6.445918222213887,
      2.230000000000004
    ],
    "obj_class": "vehicle",
    "point_num_in_lidar": 265,
    "speed": 34.61749159619843,
    "if_vehicle": true,
    "motion_state": true,
    "pose": [
      [
        0.9999959470370227,
        -0.0014042085521094633,
        0.0024767131183148663,
        30.659411692538697
      ],
      [
        0.0013749009410449645,
        0.9999294849697489,
        0.011795538797992378,
        -21.55269308453535
      ],
      [
        -0.002493101869271285,
        -0.011792085755913263,
        0.9999273629402261,
        0.9949807901205219
      ],
      [
        0.0,
        0.0,
        0.0,
        1.0
      ]
    ],
    "location": [
      30.659411692538697,
      -21.55269308453535,
      0.9949807901205219
    ],
    "rotation": [
      -0.01179239571097111,
      0.0024931044519479425,
      0.0013749056471314212
    ]
  },
  {
    "label_id": "T9YETxlMorEu9XxV8KR45g",
    "size": [
      2.8088683131491115,
      8.315151186396161,
      3.9000000000000057
    ],
    "obj_class": "vehicle",
    "point_num_in_lidar": 3553,
    "speed": 28.639178712856804,
    "if_vehicle": true,
    "motion_state": true,
    "pose": [
      [
        0.9999908268130416,
        -0.003494593237962457,
        0.0024767131183148663,
        73.1197970851781
      ],
      [
        0.003465146758876975,
        0.9999244261554991,
        0.011795538797992378,
        -25.406523181572993
      ],
      [
        -0.0025177465537043774,
        -0.011786848420875113,
        0.9999273629402261,
        1.7018383967652113
      ],
      [
        0.0,
        0.0,
        0.0,
        1.0
      ]
    ],
    "location": [
      73.1197970851781,
      -25.406523181572993,
      1.7018383967652113
    ],
    "rotation": [
      -0.0117871587234834,
      0.002517749213731219,
      0.003465164676373894
    ]
  },
  {
    "label_id": "VVJv4KQJNlvXP8ZCSsiduQ",
    "size": [
      2.1190692857430977,
      5.258700537101573,
      1.9899999999999949
    ],
    "obj_class": "vehicle",
    "point_num_in_lidar": 1155,
    "speed": 30.03084147482183,
    "if_vehicle": true,
    "motion_state": true,
    "pose": [
      [
        -0.9999967655258482,
        0.0005786449444175696,
        0.0024767131183148663,
        46.56085290453052
      ],
      [
        -0.000549392212195131,
        -0.9999302792858421,
        0.011795538797992378,
        -8.462220876896026
      ],
      [
        0.0024833658689996326,
        0.011794139958727985,
        0.9999273629402261,
        0.8482948220704998
      ],
      [
        0.0,
        0.0,
        0.0,
        1.0
      ]
    ],
    "location": [
      46.56085290453052,
      -8.462220876896026,
      0.8482948220704998
    ],
    "rotation": [
      0.011794449777291986,
      -0.0024833684215368242,
      -3.1410432596558726
    ]
  },
  {
    "label_id": "_-Crtzq0p6kMQcNCSZCt4g",
    "size": [
      1.9744810393659165,
      4.978676199164379,
      1.7000000000000028
    ],
    "obj_class": "vehicle",
    "point_num_in_lidar": 501,
    "speed": 30.64046440911919,
    "if_vehicle": true,
    "motion_state": true,
    "pose": [
      [
        0.9999918806217132,
        0.0031787706395926723,
        0.0024767131183148663,
        56.31995204047007
      ],
      [
        -0.0032077733483451758,
        0.9999252849361349,
        0.011795538797992378,
        -28.94827135293781
      ],
      [
        -0.0024390327581268216,
        -0.011803387759883207,
        0.9999273629402261,
        0.5499807901205003
      ],
      [
        0.0,
        0.0,
        0.0,
        1.0
      ]
    ],
    "location": [
      56.31995204047007,
      -28.94827135293781,
      0.5499807901205003
    ],
    "rotation": [
      -0.011803696962733643,
      0.0024390351763858174,
      -0.0032077883910225776
    ]
  },
  {
    "label_id": "e8fCHiMsgdX3iw0zM1F_Dw",
    "size": [
      2.0295842087071856,
      5.091952546019636,
      1.9000000000000057
    ],
    "obj_class": "vehicle",
    "point_num_in_lidar": 1024,
    "speed": 32.620840799638394,
    "if_vehicle": true,
    "motion_state": true,
    "pose": [
      [
        0.9999969320809287,
        4.1483252879055006e-05,
        0.0024767131183148663,
        67.23385891547673
      ],
      [
        -7.06947493586377e-05,
        0.9999304277132071,
        0.011795538797992378,
        -21.185099533495304
      ],
      [
        -0.0024760514904006935,
        -0.011795677700847076,
        0.9999273629402261,
        0.7499807901205457
      ],
      [
        0.0,
        0.0,
        0.0,
        1.0
      ]
    ],
    "location": [
      67.23385891547673,
      -21.185099533495304,
      0.7499807901205457
    ],
    "rotation": [
      -0.011795987417168911,
      0.0024760540204498724,
      -7.06949661273003e-05
    ]
  },
  {
    "label_id": "ijBiSIQ7B5A9zcytC--TAw",
    "size": [
      2.4630887100904304,
      5.837486222925524,
      2.200000000000003
    ],
    "obj_class": "vehicle",
    "point_num_in_lidar": 53,
    "speed": 30.374190011433093,
    "if_vehicle": true,
    "motion_state": true,
    "pose": [
      [
        0.9999920661775692,
        -0.0031198516063582525,
        0.0024767131183148663,
        -0.3816833198934546
      ],
      [
        0.003090430012643122,
        0.9999256544897734,
        0.011795538797992378,
        -25.235984577384443
      ],
      [
        -0.002513329316481178,
        -0.011787791105728532,
        0.9999273629402261,
        0.8999807901205088
      ],
      [
        0.0,
        0.0,
        0.0,
        1.0
      ]
    ],
    "location": [
      -0.3816833198934546,
      -25.235984577384443,
      0.8999807901205088
    ],
    "rotation": [
      -0.011788101345827818,
      0.0025133319625319636,
      0.0030904446929334362
    ]
  },
  {
    "label_id": "sKK2EIteB0wJN28uVuM9_g",
    "size": [
      2.739022511849089,
      6.701826748802899,
      2.319999999999993
    ],
    "obj_class": "vehicle",
    "point_num_in_lidar": 260,
    "speed": 30.603520567799126,
    "if_vehicle": true,
    "motion_state": true,
    "pose": [
      [
        -0.9999956272450264,
        0.0016159773995229527,
        0.0024767131183148663,
        13.700316534262583
      ],
      [
        -0.0015866557144611044,
        -0.999929171385708,
        0.011795538797992378,
        -8.691408053131454
      ],
      [
        0.002495599020269449,
        0.011791557527969178,
        0.9999273629402261,
        0.9619599219242616
      ],
      [
        0.0,
        0.0,
        0.0,
        1.0
      ]
    ],
    "location": [
      13.700316534262583,
      -8.691408053131454,
      0.9619599219242616
    ],
    "rotation": [
      0.011791867518109646,
      -0.0024956016107145107,
      -3.1400059922687165
    ]
  },
  {
    "label_id": "wIYwfiHyf3xxlkWejy3AKA",
    "size": [
      2.020341662421818,
      4.913935278723663,
      1.8400000000000034
    ],
    "obj_class": "vehicle",
    "point_num_in_lidar": 3292,
    "speed": 28.34316910196428,
    "if_vehicle": true,
    "motion_state": true,
    "pose": [
      [
        -0.9999969072129078,
        0.0002268408002806427,
        0.0024767131183148663,
        54.74011966944795
      ],
      [
        -0.00019761146007650127,
        -0.9999304106857515,
        0.011795538797992378,
        -3.937250284368929
      ],
      [
        0.0024792164750080505,
        0.011795012890006737,
        0.9999273629402261,
        0.665295543819326
      ],
      [
        0.0,
        0.0,
        0.0,
        1.0
      ]
    ],
    "location": [
      54.74011966944795,
      -3.937250284368929,
      0.665295543819326
    ],
    "rotation": [
      0.011795322650537692,
      -0.002479219014771674,
      -3.141395041521117
    ]
  },
  {
    "label_id": "whKYLsMECd4qHw6aBjY4Uw",
    "size": [
      2.036898807153481,
      4.235179642802564,
      1.6200000000000045
    ],
    "obj_class": "vehicle",
    "point_num_in_lidar": 97,
    "speed": 27.749975633388686,
    "if_vehicle": true,
    "motion_state": true,
    "pose": [
      [
        -0.9999967958024939,
        0.0005237144977651598,
        0.0024767131183148663,
        13.82964070305843
      ],
      [
        -0.0004944654177174689,
        -0.9999303079557172,
        0.011795538797992378,
        -0.27743564263255394
      ],
      [
        0.0024827180057920093,
        0.011794276353769763,
        0.9999273629402261,
        0.6352930538921981
      ],
      [
        0.0,
        0.0,
        0.0,
        1.0
      ]
    ],
    "location": [
      13.82964070305843,
      -0.27743564263255394,
      0.6352930538921981
    ],
    "rotation": [
      0.011794586163267317,
      -0.0024827205563319925,
      -3.1410981866280046
    ]
  }
]