[
  {
    "label_id": "T9YETxlMorEu9XxV8KR45g",
    "size": [
      2.8088683131478263,
      8.315151186396161,
      3.9000000000000057
    ],
    "obj_class": "vehicle",
    "point_num_in_lidar": 1542,
    "speed": 28.837768624444266,
    "if_vehicle": true,
    "motion_state": true,
    "pose": [
      [
        0.9999891069986323,
        -0.003706504277441785,
        0.002836848624639242,
        53.09545498751959
      ],
      [
        0.0036711253097244426,
        0.999916669784754,
        0.012376442361487407,
        -25.46919710644579
      ],
      [
        -0.0028824855659850958,
        -0.012365893118098067,
        0.9999193847327661,
        1.701838396765183
      ],
      [
        0.0,
        0.0,
        0.0,
        1.0
      ]
    ],
    "location": [
      53.09545498751959,
      -25.46919710644579,
      1.701838396765183
    ],
    "rotation": [
      -0.012366259672160764,
      0.0028824895576290586,
      0.003671148807211817
    ]
  },
  {
    "label_id": "VVJv4KQJNlvXP8ZCSsiduQ",
    "size": [
      2.119069285743036,
      5.258700537101573,
      1.9899999999999949
    ],
    "obj_class": "vehicle",
    "point_num_in_lidar": 1346,
    "speed": 29.907035836907582,
    "if_vehicle": true,
    "motion_state": true,
    "pose": [
      [
        -0.9999950934840672,
        -0.0013286450513535007,
        0.002836848624639242,
        67.51217615761766
      ],
      [
        0.0013636588378315355,
        -0.9999224790497745,
        0.012376442361487407,
        -8.490057902658009
      ],
      [
        0.002820184810541262,
        0.012380250129974348,
        0.9999193847327661,
        0.8002930538924886
      ],
      [
        0.0,
        0.0,
        0.0,
        1.0
      ]
    ],
    "location": [
      67.51217615761766,
      -8.490057902658009,
      0.8002930538924886
    ],
    "rotation": [
      0.012380615643372778,
      -0.002820188548917534,
      3.1402289889063977
    ]
  },
  {
    "label_id": "e8fCHiMsgdX3iw0zM1F_Dw",
    "size": [
      2.0295842087093465,
      5.091952546019636,
      1.9000000000000057
    ],
    "obj_class": "vehicle",
    "point_num_in_lidar": 32,
    "speed": 33.193126719254906,
    "if_vehicle": true,
    "motion_state": true,
    "pose": [
      [
        0.9999931999438122,
        -0.0023563437812683264,
        0.002836848624639242,
        44.35558873566106
      ],
      [
        0.0023210626484835638,
        0.9999207150282738,
        0.012376442361487407,
        -21.232647304766942
      ],
      [
        -0.002865786858168963,
        -0.012369773697601892,
        0.9999193847327661,
        0.7499807901205031
      ],
      [
        0.0,
        0.0,
        0.0,
        1.0
      ]
    ],
    "location": [
      44.35558873566106,
      -21.232647304766942,
      0.7499807901205031
    ],
    "rotation": [
      -0.01237013997088474,
      0.0028657907808411396,
      0.0023210742637642065
    ]
  },
  {
    "label_id": "ha--XYLQEettu4vzcEhtsA",
    "size": [
      1.7766886556154475,
      4.50344212656244,
      1.5999999999999943
    ],
    "obj_class": "vehicle",
    "point_num_in_lidar": 136,
    "speed": 32.684799777397174,
    "if_vehicle": true,
    "motion_state": true,
    "pose": [
      [
        0.9999875063531701,
        -0.004115753570039872,
        0.002836848624639242,
        76.34119243356349
      ],
      [
        0.004080344960061374,
        0.9999150836243443,
        0.012376442361487407,
        -29.23511685736048
      ],
      [
        -0.0028875461165694385,
        -0.01236471241359953,
        0.9999193847327661,
        0.3418383967652403
      ],
      [
        0.0,
        0.0,
        0.0,
        1.0
      ]
    ],
    "location": [
      76.34119243356349,
      -29.23511685736048,
      0.3418383967652403
    ],
    "rotation": [
      -0.01236507905301836,
      0.00288755012927382,
      0.0040803732936177855
    ]
  },
  {
    "label_id": "oNhSl20u2e1xxxOq0Q7ETw",
    "size": [
      2.50251107465738,
      6.383225845579338,
      2.200000000000003
    ],
    "obj_class": "vehicle",
    "point_num_in_lidar": 555,
    "speed": 28.752742071060975,
    "if_vehicle": true,
    "motion_state": true,
    "pose": [
      [
        0.9999959761368447,
        -4.3226444440053743e-16,
        0.002836848624639242,
        61.2327624647412
      ],
      [
        -3.5110234769460736e-05,
        0.9999234082877269,
        0.012376442361487407,
        -25.3311149414003
      ],
      [
        -0.002836631345545627,
        -0.012376492162798212,
        0.9999193847327661,
        0.8118383967652392
      ],
      [
        0.0,
        0.0,
        0.0,
        1.0
      ]
    ],
    "location": [
      61.2327624647412,
      -25.3311149414003,
      0.8118383967652392
    ],
    "rotation": [
      -0.012376857949084758,
      0.002836635149707733,
      -3.5110376034381985e-05
    ]
  },
  {
    "label_id": "sKK2EIteB0wJN28uVuM9_g",
    "size": [
      2.7390225118499294,
      6.701826748802899,
      2.319999999999993
    ],
    "obj_class": "vehicle",
    "point_num_in_lidar": 281,
    "speed": 30.785361255162766,
    "if_vehicle": true,
    "motion_state": true,
    "pose": [
      [
        -0.9999958670681403,
        0.00046705087424018756,
        0.002836848624639242,
        35.20471688912585
      ],
      [
        -0.0004319067502859849,
        -0.9999233156252691,
        0.012376442361487407,
        -8.668362720905861
      ],
      [
        0.0028424115109011716,
        0.01237516595642394,
        0.9999193847327661,
        0.9412460093077186
      ],
      [
        0.0,
        0.0,
        0.0,
        1.0
      ]
    ],
    "location": [
      35.20471688912585,
      -8.668362720905861,
      0.9412460093077186
    ],
    "rotation": [
      0.012375531838930687,
      -0.0028424153383658224,
      -3.1411607450813155
    ]
  },
  {
    "label_id": "wIYwfiHyf3xxlkWejy3AKA",
    "size": [
      2.020341662422585,
      4.913935278723663,
      1.8400000000000034
    ],
    "obj_class": "vehicle",
    "point_num_in_lidar": 3358,
    "speed": 28.367502741747355,
    "if_vehicle": true,
    "motion_state": true,
    "pose": [
      [
        -0.9999956808678742,
        0.0007684630619908187,
        0.002836848624639242,
        74.59320353609883
      ],
      [
        -0.0007332970716520007,
        -0.9999231400212105,
        0.012376442361487407,
        -3.9376658152541495
      ],
      [
        0.002846141423307785,
        0.012374308653208432,
        0.9999193847327661,
        0.6065416384256963
      ],
      [
        0.0,
        0.0,
        0.0,
        1.0
      ]
    ],
    "location": [
      74.59320353609883,
      -3.9376658152541495,
      0.6065416384256963
    ],
    "rotation": [
      0.012374674597891901,
      -0.0028461452658598545,
      -3.1408593534823597
    ]
  },
  {
    "label_id": "whKYLsMECd4qHw6aBjY4Uw",
    "size": [
      2.036898807153688,
      4.235179642802564,
      1.6200000000000045
    ],
    "obj_class": "vehicle",
    "point_num_in_lidar": 96,
    "speed": 27.703872394331466,
    "if_vehicle": true,
    "motion_state": true,
    "pose": [
      [
        -0.9999957983497297,
        0.0005962992263810054,
        0.002836848624639242,
        33.23696766094554
      ],
      [
        -0.0005611457255268741,
        -0.9999232514498037,
        0.012376442361487407,
        -0.2664215235854499
      ],
      [
        0.0028440109636256785,
        0.012374798474525332,
        0.9999193847327661,
        0.6352930538922266
      ],
      [
        0.0,
        0.0,
        0.0,
        1.0
      ]
    ],
    "location": [
      33.23696766094554,
      -0.2664215235854499,
      0.6352930538922266
    ],
    "rotation": [
      0.012375164383686276,
      -0.0028440147975552364,
      -3.141031505565418
    ]
  }
]