[
  {
    "label_id": "-9ZDsGXvcef7HYE2I2dWJQ",
    "size": [
      2.125955257732755,
      4.960732317140357,
      1.7000000000000028
    ],
    "obj_class": "vehicle",
    "point_num_in_lidar": 223,
    "speed": 37.658466517640996,
    "if_vehicle": true,
    "motion_state": true,
    "pose": [
      [
        0.9999846807664403,
        -0.004192591377494169,
        0.00361391892296893,
        228.33571704410747
      ],
      [
        0.00413772301477856,
        0.9998780518416089,
        0.015058575420059096,
        -18.16309673053911
      ],
      [
        -0.003676612665675185,
        -0.015043391338724047,
        0.9998800822580358,
        0.3918383967653085
      ],
      [
        0.0,
        0.0,
        0.0,
        1.0
      ]
    ],
    "location": [
      228.33571704410747,
      -18.16309673053911,
      0.3918383967653085
    ],
    "rotation": [
      -0.015044060479087356,
      0.0036766209488156907,
      0.004137762788009359
    ]
  },
  {
    "label_id": "834b6xfAJ3OW2mwtAGit7A",
    "size": [
      2.1150445905379116,
      5.0907076766038415,
      1.8700000000000045
    ],
    "obj_class": "vehicle",
    "point_num_in_lidar": 34,
    "speed": 33.126161373249396,
    "if_vehicle": true,
    "motion_state": true,
    "pose": [
      [
        0.9999667541835865,
        -0.007309590792976466,
        0.00361391892296893,
        192.1002404006249
      ],
      [
        0.007254390327255203,
        0.9998602968051578,
        0.015058575420059096,
        -28.82929829873683
      ],
      [
        -0.003723486071195296,
        -0.01503185800694696,
        0.9998800822580358,
        0.33206384031657876
      ],
      [
        0.0,
        0.0,
        0.0,
        1.0
      ]
    ],
    "location": [
      192.1002404006249,
      -28.82929829873683,
      0.33206384031657876
    ],
    "rotation": [
      -0.015032528372476033,
      0.003723494675200411,
      0.007254504247780249
    ]
  },
  {
    "label_id": "AFqGUqPT9iZ9gCmYnJZ2Jg",
    "size": [
      0.9799058521566592,
      0.1337578924531777,
      1.0
    ],
    "obj_class": "sign",
    "point_num_in_lidar": 40,
    "speed": 0.0446071908196979,
    "if_vehicle": false,
    "motion_state": false,
    "pose": [
      [
        0.9999934697736872,
        3.0043887654003494e-15,
        0.00361391892296893,
        202.48243971033457
      ],
      [
        -5.442082604682049e-05,
        0.9998866117438977,
        0.015058575420059096,
        16.885142265262402
      ],
      [
        -0.003613509147004514,
        -0.015058673756606708,
        0.9998800822580358,
        2.551727964833347
      ],
      [
        0.0,
        0.0,
        0.0,
        1.0
      ]
    ],
    "location": [
      202.48243971033457,
      16.885142265262402,
      2.551727964833347
    ],
    "rotation": [
      -0.0150593412673805,
      0.0036135170109188996,
      -5.442118137572566e-05
    ]
  },
  {
    "label_id": "L10SDEQ2eo7jG3cMQB-MSg",
    "size": [
      1.9824567048920567,
      4.806845857702357,
      1.519999999999996
    ],
    "obj_class": "vehicle",
    "point_num_in_lidar": 122,
    "speed": 39.659679490473245,
    "if_vehicle": true,
    "motion_state": true,
    "pose": [
      [
        0.9996409337875448,
        0.02655076432767422,
        0.00361391892296893,
        262.5908517138532
      ],
      [
        -0.02660232878740028,
        0.9995326685053398,
        0.015058575420059096,
        -30.762604730492967
      ],
      [
        -0.0032124133377485807,
        -0.015149307053817871,
        0.9998800822580358,
        -0.09816160323462952
      ],
      [
        0.0,
        0.0,
        0.0,
        1.0
      ]
    ],
    "location": [
      262.5908517138532,
      -30.762604730492967,
      -0.09816160323462952
    ],
    "rotation": [
      -0.015149964755430248,
      0.003212418862910726,
      -0.02660560477266854
    ]
  },
  {
    "label_id": "NMa4UvggBKG9mv6Bvj5DHw",
    "size": [
      2.198346040074592,
      5.107089787592648,
      2.0
    ],
    "obj_class": "vehicle",
    "point_num_in_lidar": 842,
    "speed": 32.50957606115494,
    "if_vehicle": true,
    "motion_state": true,
    "pose": [
      [
        0.9999931929200113,
        -0.000744112665534075,
        0.00361391892296893,
        256.4637059020938
      ],
      [
        0.000689612339624332,
        0.9998863754152966,
        0.015058575420059096,
        -24.90211660383102
      ],
      [
        -0.0036247135696271214,
        -0.015055980712048014,
        0.9998800822580358,
        0.24183839676528862
      ],
      [
        0.0,
        0.0,
        0.0,
        1.0
      ]
    ],
    "location": [
      256.4637059020938,
      -24.90211660383102,
      0.24183839676528862
    ],
    "rotation": [
      -0.015056648510495901,
      0.0036247215069198655,
      0.0006896169245819034
    ]
  },
  {
    "label_id": "VVJv4KQJNlvXP8ZCSsiduQ",
    "size": [
      2.1190692857445077,
      5.258700537101573,
      1.9899999999999949
    ],
    "obj_class": "vehicle",
    "point_num_in_lidar": 3835,
    "speed": 30.591898552580822,
    "if_vehicle": true,
    "motion_state": true,
    "pose": [
      [
        -0.9999920617340861,
        -0.0016781116857603666,
        0.00361391892296893,
        250.2768059126554
      ],
      [
        0.0017323531142974915,
        -0.9998851125299375,
        0.015058575420059096,
        -8.287733391109214
      ],
      [
        0.0035882337575835537,
        0.015064716464784151,
        0.9998800822580358,
        0.30695196991511864
      ],
      [
        0.0,
        0.0,
        0.0,
        1.0
      ]
    ],
    "location": [
      250.2768059126554,
      -8.287733391109214,
      0.30695196991511864
    ],
    "rotation": [
      0.015065383329274063,
      -0.0035882414576318454,
      3.139860288456503
    ]
  },
  {
    "label_id": "enGZ_8P8l7WXkukX89-Ohg",
    "size": [
      1.5892719622382352,
      0.15390811560621614,
      1.6899999999999977
    ],
    "obj_class": "sign",
    "point_num_in_lidar": 25,
    "speed": 0.0721591987310688,
    "if_vehicle": false,
    "motion_state": false,
    "pose": [
      [
        -0.9997434854790004,
        -0.02235850693400896,
        0.00361391892296893,
        226.4919182186136
      ],
      [
        0.02241052495401009,
        -0.9996354373858523,
        0.015058575420059096,
        -42.816199394172145
      ],
      [
        0.0032759141602933663,
        0.015135702497003247,
        0.9998800822580358,
        3.235596349531505
      ],
      [
        0.0,
        0.0,
        0.0,
        1.0
      ]
    ],
    "location": [
      226.4919182186136,
      -42.816199394172145,
      3.235596349531505
    ],
    "rotation": [
      0.01513636168686239,
      -0.003275920019629147,
      3.1191801320509014
    ]
  },
  {
    "label_id": "sKK2EIteB0wJN28uVuM9_g",
    "size": [
      2.7390225118512306,
      6.701826748802899,
      2.319999999999993
    ],
    "obj_class": "vehicle",
    "point_num_in_lidar": 483,
    "speed": 30.68338317703344,
    "if_vehicle": true,
    "motion_state": true,
    "pose": [
      [
        -0.9999914636988164,
        0.002003027587670322,
        0.00361391892296893,
        222.88413987449462
      ],
      [
        -0.0019483928298201017,
        -0.9998847148905213,
        0.015058575420059096,
        -8.501861007043772
      ],
      [
        0.0036436650339276406,
        0.01505140554180685,
        0.9998800822580358,
        0.43195426015309124
      ],
      [
        0.0,
        0.0,
        0.0,
        1.0
      ]
    ],
    "location": [
      222.88413987449462,
      -8.501861007043772,
      0.43195426015309124
    ],
    "rotation": [
      0.01505207382847905,
      -0.0036436730963710475,
      -3.1396442465933396
    ]
  },
  {
    "label_id": "wIYwfiHyf3xxlkWejy3AKA",
    "size": [
      2.020341662421348,
      4.913935278723663,
      1.8400000000000034
    ],
    "obj_class": "vehicle",
    "point_num_in_lidar": 1615,
    "speed": 28.108040538202403,
    "if_vehicle": true,
    "motion_state": true,
    "pose": [
      [
        -0.9999922275552551,
        -0.0015762040150869567,
        0.00361391892296893,
        246.08292203131055
      ],
      [
        0.0016304563423722863,
        -0.9998852838793229,
        0.015058575420059096,
        -3.792957848023434
      ],
      [
        0.0035897689611710582,
        0.015064350715142479,
        0.9998800822580358,
        0.19262037742009852
      ],
      [
        0.0,
        0.0,
        0.0,
        1.0
      ]
    ],
    "location": [
      246.08292203131055,
      -3.792957848023434,
      0.19262037742009852
    ],
    "rotation": [
      0.015065017618781571,
      -0.003589776671106871,
      3.1399621860195173
    ]
  },
  {
    "label_id": "whKYLsMECd4qHw6aBjY4Uw",
    "size": [
      2.036898807153134,
      4.235179642802564,
      1.6200000000000045
    ],
    "obj_class": "vehicle",
    "point_num_in_lidar": 72,
    "speed": 28.42957577388382,
    "if_vehicle": true,
    "motion_state": true,
    "pose": [
      [
        -0.9999933566539478,
        0.0004756448131775013,
        0.00361391892296893,
        204.14670146948242
      ],
      [
        -0.0004211731664902688,
        -0.999886524521399,
        0.015058575420059096,
        -0.02480204989842605
      ],
      [
        0.0036206713650819137,
        0.015056953295055303,
        0.9998800822580358,
        0.14418055613120373
      ],
      [
        0.0,
        0.0,
        0.0,
        1.0
      ]
    ],
    "location": [
      204.14670146948242,
      -0.02480204989842605,
      0.14418055613120373
    ],
    "rotation": [
      0.015057620989635956,
      -0.0036206792758496486,
      -3.141171477650189
    ]
  }
]