[
  {
    "label_id": "9hucUuS1i5XPoZxP9I4I9A",
    "size": [
      2.9947464693140344,
      10.694505529547936,
      3.980000000000004
    ],
    "obj_class": "vehicle",
    "point_num_in_lidar": 4273,
    "speed": 28.853963332273512,
    "if_vehicle": true,
    "motion_state": true,
    "pose": [
      [
        0.9999902053092347,
        -0.0037303432420889484,
        0.002381979196117503,
        25.063137106086288
      ],
      [
        0.0036996717010257564,
        0.9999118249295457,
        0.0127536189126936,
        -29.200630038894815
      ],
      [
        -0.0024293445410572094,
        -0.012744681453915904,
        0.9999158321477558,
        1.7348417954352158
      ],
      [
        0.0,
        0.0,
        0.0,
        1.0
      ]
    ],
    "location": [
      25.063137106086288,
      -29.200630038894815,
      1.7348417954352158
    ],
    "rotation": [
      -0.012745064103290137,
      0.002429346930613368,
      0.003699691058324241
    ]
  },
  {
    "label_id": "VVJv4KQJNlvXP8ZCSsiduQ",
    "size": [
      2.119069285741631,
      5.258700537101573,
      1.9899999999999949
    ],
    "obj_class": "vehicle",
    "point_num_in_lidar": 905,
    "speed": 30.24324598208082,
    "if_vehicle": true,
    "motion_state": true,
    "pose": [
      [
        -0.9999913532850647,
        0.0034087432015490384,
        0.002381979196117503,
        7.322982394119435
      ],
      [
        -0.0033780968694370654,
        -0.9999129630453695,
        0.0127536189126936,
        -8.577611562943275
      ],
      [
        0.002425245687666071,
        0.012745462079320998,
        0.9999158321477558,
        0.9636189874506869
      ],
      [
        0.0,
        0.0,
        0.0,
        1.0
      ]
    ],
    "location": [
      7.322982394119435,
      -8.577611562943275,
      0.9636189874506869
    ],
    "rotation": [
      0.01274584466759057,
      -0.00242524806514744,
      -3.138214540360669
    ]
  },
  {
    "label_id": "elUwOtUA5XlS6bZPrr4x_w",
    "size": [
      1.9738558043556458,
      4.628554087577877,
      1.8700000000000045
    ],
    "obj_class": "vehicle",
    "point_num_in_lidar": 901,
    "speed": 34.263202688365325,
    "if_vehicle": true,
    "motion_state": true,
    "pose": [
      [
        0.9999838938045095,
        -0.005151534400607948,
        0.002381979196117503,
        31.948701280113028
      ],
      [
        0.005120751495631512,
        0.9999055570946437,
        0.0127536189126936,
        -21.17768493164658
      ],
      [
        -0.0024474549416427086,
        -0.012741215976883099,
        0.9999158321477558,
        0.734980790120531
      ],
      [
        0.0,
        0.0,
        0.0,
        1.0
      ]
    ],
    "location": [
      31.948701280113028,
      -21.17768493164658,
      0.734980790120531
    ],
    "rotation": [
      -0.012741598897335402,
      0.002447457385039704,
      0.005120789212380476
    ]
  },
  {
    "label_id": "ijBiSIQ7B5A9zcytC--TAw",
    "size": [
      2.463088710088473,
      5.837486222925524,
      2.200000000000003
    ],
    "obj_class": "vehicle",
    "point_num_in_lidar": 1050,
    "speed": 29.644284679511383,
    "if_vehicle": true,
    "motion_state": true,
    "pose": [
      [
        0.9999929621559221,
        -0.002898588231125888,
        0.002381979196117503,
        38.41067799138864
      ],
      [
        0.002867981894483391,
        0.9999145562919276,
        0.0127536189126936,
        -25.113499165076064
      ],
      [
        -0.002418743160667034,
        -0.012746697681504764,
        0.9999158321477558,
        0.8999807901205088
      ],
      [
        0.0,
        0.0,
        0.0,
        1.0
      ]
    ],
    "location": [
      38.41067799138864,
      -25.113499165076064,
      0.8999807901205088
    ],
    "rotation": [
      -0.012747080173023912,
      0.0024187455190762103,
      0.0028679942155512015
    ]
  },
  {
    "label_id": "lQXBUBxGx0o_XZU-V15ooA",
    "size": [
      2.1175012883435698,
      5.2559636946318715,
      2.5
    ],
    "obj_class": "vehicle",
    "point_num_in_lidar": 27,
    "speed": 31.058921229207435,
    "if_vehicle": true,
    "motion_state": true,
    "pose": [
      [
        0.9999967727875554,
        0.0008835098095131289,
        0.002381979196117503,
        -37.87174663879364
      ],
      [
        -0.0009138193881274436,
        0.9999182517279878,
        0.0127536189126936,
        -28.5095570063404
      ],
      [
        -0.002370516526018095,
        -0.012755754452827459,
        0.9999158321477558,
        1.2012339672555186
      ],
      [
        0.0,
        0.0,
        0.0,
        1.0
      ]
    ],
    "location": [
      -37.87174663879364,
      -28.5095570063404,
      1.2012339672555186
    ],
    "rotation": [
      -0.012756136233992743,
      0.0023705187461501628,
      -0.0009138220828574651
    ]
  },
  {
    "label_id": "sKK2EIteB0wJN28uVuM9_g",
    "size": [
      2.7390225118500493,
      6.701826748802899,
      2.319999999999993
    ],
    "obj_class": "vehicle",
    "point_num_in_lidar": 215,
    "speed": 30.492915767937465,
    "if_vehicle": true,
    "motion_state": true,
    "pose": [
      [
        -0.9999962959407713,
        0.0013169205923076381,
        0.002381979196117503,
        -26.00900178672373
      ],
      [
        -0.001286438306555323,
        -0.9999178417655687,
        0.0127536189126936,
        -8.737974179575758
      ],
      [
        0.002398579000284869,
        0.012750507403250464,
        0.9999158321477558,
        0.9602928651706293
      ],
      [
        0.0,
        0.0,
        0.0,
        1.0
      ]
    ],
    "location": [
      -26.00900178672373,
      -8.737974179575758,
      0.9602928651706293
    ],
    "rotation": [
      0.012750889596214844,
      -0.002398581300200767,
      -3.140306211227836
    ]
  },
  {
    "label_id": "wIYwfiHyf3xxlkWejy3AKA",
    "size": [
      2.0203416624212718,
      4.913935278723663,
      1.8400000000000034
    ],
    "obj_class": "vehicle",
    "point_num_in_lidar": 2837,
    "speed": 28.40545642979252,
    "if_vehicle": true,
    "motion_state": true,
    "pose": [
      [
        -0.9999964472755998,
        0.0011964995979501525,
        0.002381979196117503,
        17.87804308176419
      ],
      [
        -0.0011660267599828886,
        -0.9999179894302456,
        0.0127536189126936,
        -3.9704073518369114
      ],
      [
        0.0023970435485479342,
        0.012750796151116102,
        0.9999158321477558,
        0.7315403474567574
      ],
      [
        0.0,
        0.0,
        0.0,
        1.0
      ]
    ],
    "location": [
      17.87804308176419,
      -3.9704073518369114,
      0.7315403474567574
    ],
    "rotation": [
      0.01275117832143722,
      -0.002397045844049774,
      -3.1404266232156797
    ]
  },
  {
    "label_id": "whKYLsMECd4qHw6aBjY4Uw",
    "size": [
      2.036898807153845,
      4.235179642802564,
      1.6200000000000045
    ],
    "obj_class": "vehicle",
    "point_num_in_lidar": 98,
    "speed": 27.90122562742515,
    "if_vehicle": true,
    "motion_state": true,
    "pose": [
      [
        -0.9999971051746627,
        0.0003403195614639956,
        0.002381979196117503,
        -22.34249701757426
      ],
      [
        -0.0003099139089109132,
        -0.9999186212677503,
        0.0127536189126936,
        -0.29354733967920765
      ],
      [
        0.002386125659665725,
        0.012752843784710815,
        0.9999158321477558,
        0.6352930538922266
      ],
      [
        0.0,
        0.0,
        0.0,
        1.0
      ]
    ],
    "location": [
      -22.34249701757426,
      -0.29354733967920765,
      0.6352930538922266
    ],
    "rotation": [
      0.012753225794397959,
      -0.002386127923943978,
      -3.141282738793655
    ]
  }
]