[
  {
    "label_id": "567FajWAACwMfUfq8oRXGw",
    "size": [
      1.5186959265479363,
      0.16572746356550208,
      1.9899999999999949
    ],
    "obj_class": "sign",
    "point_num_in_lidar": 57,
    "speed": 0.03654255800082532,
    "if_vehicle": false,
    "motion_state": false,
    "pose": [
      [
        0.9994695126495587,
        0.032567129827630506,
        0.00027447922283907515,
        57.87262095961114
      ],
      [
        -0.03256814129715022,
        0.9994043974062917,
        0.01140905856834869,
        -12.827880144455776
      ],
      [
        9.724454930441899e-05,
        -0.011411945485210295,
        0.9999348769013612,
        4.3783143115198015
      ],
      [
        0.0,
        0.0,
        0.0,
        1.0
      ]
    ],
    "location": [
      57.87262095961114,
      -12.827880144455776,
      4.3783143115198015
    ],
    "rotation": [
      -0.011412193254721177,
      -9.724454945768453e-05,
      -0.03257390161781262
    ]
  },
  {
    "label_id": "CPvxRnKbNQ4d_BVBpDYHuw",
    "size": [
      2.0781301200444693,
      4.554880789643217,
      1.7999999999999972
    ],
    "obj_class": "vehicle",
    "point_num_in_lidar": 890,
    "speed": 34.8336030296461,
    "if_vehicle": true,
    "motion_state": true,
    "pose": [
      [
        0.9999406047816266,
        -0.010895483931934496,
        0.00027447922283907515,
        121.24219991644145
      ],
      [
        0.010891643841293435,
        0.9998755950002073,
        0.01140905856834869,
        -20.792280663716156
      ],
      [
        -0.0003987522905613575,
        -0.011405391394886593,
        0.9999348769013612,
        0.6418383967652517
      ],
      [
        0.0,
        0.0,
        0.0,
        1.0
      ]
    ],
    "location": [
      121.24219991644145,
      -20.792280663716156,
      0.6418383967652517
    ],
    "rotation": [
      -0.011405639590668084,
      0.0003987523011285192,
      0.010891860060894883
    ]
  },
  {
    "label_id": "VVJv4KQJNlvXP8ZCSsiduQ",
    "size": [
      2.1190692857448123,
      5.258700537101573,
      1.9899999999999949
    ],
    "obj_class": "vehicle",
    "point_num_in_lidar": 1871,
    "speed": 29.7155961134727,
    "if_vehicle": true,
    "motion_state": true,
    "pose": [
      [
        -0.999999866852037,
        -0.0004369863433992308,
        0.00027447922283907515,
        109.22078239194002
      ],
      [
        0.00044008946776252387,
        -0.9999348177275579,
        0.01140905856834869,
        -8.545558572659502
      ],
      [
        0.000269475728874182,
        0.011409177844670876,
        0.9999348769013612,
        0.795679282036474
      ],
      [
        0.0,
        0.0,
        0.0,
        1.0
      ]
    ],
    "location": [
      109.22078239194002,
      -8.545558572659502,
      0.795679282036474
    ],
    "rotation": [
      0.011409425794305515,
      -0.0002694757321356095,
      3.1411525640918456
    ]
  },
  {
    "label_id": "kyRZW1Dg-0t6Z7wiphP81w",
    "size": [
      1.9216518889817793,
      4.683823422849745,
      1.3400000000000034
    ],
    "obj_class": "vehicle",
    "point_num_in_lidar": 169,
    "speed": 29.06686028732145,
    "if_vehicle": true,
    "motion_state": true,
    "pose": [
      [
        0.999996139944907,
        -0.002764915268530307,
        0.00027447922283907515,
        130.2253197442344
      ],
      [
        0.0027616038792953775,
        0.9999311010897691,
        0.01140905856834869,
        -36.43380542357227
      ],
      [
        -0.0003060053917549243,
        -0.011408256525867482,
        0.9999348769013612,
        0.18183839676552793
      ],
      [
        0.0,
        0.0,
        0.0,
        1.0
      ]
    ],
    "location": [
      130.2253197442344,
      -36.43380542357227,
      0.18183839676552793
    ],
    "rotation": [
      -0.011408504535424673,
      0.00030600539653061296,
      0.0027616075188136593
    ]
  },
  {
    "label_id": "oWH9wUn7j5vGmxv8sUmbvw",
    "size": [
      2.3257810662883833,
      5.905108358359001,
      2.0
    ],
    "obj_class": "vehicle",
    "point_num_in_lidar": 354,
    "speed": 27.516956021779656,
    "if_vehicle": true,
    "motion_state": true,
    "pose": [
      [
        0.9999936612599702,
        -0.0035499438074403024,
        0.00027447922283907515,
        122.10901733060155
      ],
      [
        0.00354658136161582,
        0.9999286250244213,
        0.01140905856834869,
        -28.82406300229195
      ],
      [
        -0.00031496114870468127,
        -0.011408012786396573,
        0.9999348769013612,
        0.6351632745814726
      ],
      [
        0.0,
        0.0,
        0.0,
        1.0
      ]
    ],
    "location": [
      122.10901733060155,
      -28.82406300229195,
      0.6351632745814726
    ],
    "rotation": [
      -0.011408260811803335,
      0.00031496115391206673,
      0.0035465889725285996
    ]
  },
  {
    "label_id": "sKK2EIteB0wJN28uVuM9_g",
    "size": [
      2.7390225118504583,
      6.701826748802899,
      2.319999999999993
    ],
    "obj_class": "vehicle",
    "point_num_in_lidar": 322,
    "speed": 30.70690772127207,
    "if_vehicle": true,
    "motion_state": true,
    "pose": [
      [
        -0.9999974583646384,
        -0.002237839453478496,
        0.00027447922283907515,
        78.10587964057368
      ],
      [
        0.002240825428830135,
        -0.9999324037573648,
        0.01140905856834869,
        -8.693779796463787
      ],
      [
        0.0002489290276836322,
        0.011409644630704216,
        0.9999348769013612,
        0.9352930538922095
      ],
      [
        0.0,
        0.0,
        0.0,
        1.0
      ]
    ],
    "location": [
      78.10587964057368,
      -8.693779796463787,
      0.9352930538922095
    ],
    "rotation": [
      0.01140989254997171,
      -0.0002489290302544742,
      3.1393518262162226
    ]
  },
  {
    "label_id": "wIYwfiHyf3xxlkWejy3AKA",
    "size": [
      2.020341662423266,
      4.913935278723663,
      1.8400000000000034
    ],
    "obj_class": "vehicle",
    "point_num_in_lidar": 3480,
    "speed": 28.30020131968389,
    "if_vehicle": true,
    "motion_state": true,
    "pose": [
      [
        -0.9999981351142508,
        0.00191165613449608,
        0.00027447922283907515,
        114.26104367419248
      ],
      [
        -0.0019084002416125535,
        -0.9999330934573082,
        0.01140905856834869,
        -3.858729278877945
      ],
      [
        0.00029627105518424305,
        0.011408513475542774,
        0.9999348769013612,
        0.603294784220779
      ],
      [
        0.0,
        0.0,
        0.0,
        1.0
      ]
    ],
    "location": [
      114.26104367419248,
      -3.858729278877945,
      0.603294784220779
    ],
    "rotation": [
      0.011408761468389912,
      -0.0002962710595185178,
      -3.139684252106026
    ]
  },
  {
    "label_id": "whKYLsMECd4qHw6aBjY4Uw",
    "size": [
      2.0368988071525265,
      4.235179642802564,
      1.6200000000000045
    ],
    "obj_class": "vehicle",
    "point_num_in_lidar": 87,
    "speed": 27.643972557989784,
    "if_vehicle": true,
    "motion_state": true,
    "pose": [
      [
        -0.9999995345890921,
        0.0009249231077685683,
        0.00027447922283907515,
        71.95871043378429
      ],
      [
        -0.0009217313952802568,
        -0.9999344897511132,
        0.01140905856834869,
        -0.24110251595084264
      ],
      [
        0.0002850137435446234,
        0.011408800262331344,
        0.9999348769013612,
        0.6238683540640864
      ],
      [
        0.0,
        0.0,
        0.0,
        1.0
      ]
    ],
    "location": [
      71.95871043378429,
      -0.24110251595084264,
      0.6238683540640864
    ],
    "rotation": [
      0.01140904823652627,
      -0.0002850137474033692,
      -3.14067092202656
    ]
  }
]