[
  {
    "label_id": "-9ZDsGXvcef7HYE2I2dWJQ",
    "size": [
      2.1259552577333247,
      4.960732317140357,
      1.7000000000000028
    ],
    "obj_class": "vehicle",
    "point_num_in_lidar": 27,
    "speed": 37.92856957600511,
    "if_vehicle": true,
    "motion_state": true,
    "pose": [
      [
        0.9999753318465966,
        -0.004780229361123507,
        0.0051463681897191485,
        220.74715217680068
      ],
      [
        0.00469873537262631,
        0.9998651952759636,
        0.01573255102191463,
        -18.20260658344705
      ],
      [
        -0.0052208796372958735,
        -0.015707981506679,
        0.9998629914807322,
        0.3918383967653227
      ],
      [
        0.0,
        0.0,
        0.0,
        1.0
      ]
    ],
    "location": [
      220.74715217680068,
      -18.20260658344705,
      0.3918383967653227
    ],
    "rotation": [
      -0.015708841656368707,
      0.005220903355681176,
      0.004698816702770996
    ]
  },
  {
    "label_id": "2WKiO9EcG-BOEHFpMPTGxA",
    "size": [
      2.0353859751960304,
      4.798114371045043,
      1.480000000000004
    ],
    "obj_class": "vehicle",
    "point_num_in_lidar": 737,
    "speed": 35.929014922276735,
    "if_vehicle": true,
    "motion_state": true,
    "pose": [
      [
        0.999986428186473,
        0.0008113798838314119,
        0.0051463681897191485,
        270.1200329265612
      ],
      [
        -0.0008922567506628233,
        0.9998758376499722,
        0.01573255102191463,
        -21.13394513370804
      ],
      [
        -0.005132964129130072,
        -0.015736929384424527,
        0.9998629914807322,
        0.06183839676549496
      ],
      [
        0.0,
        0.0,
        0.0,
        1.0
      ]
    ],
    "location": [
      270.1200329265612,
      -21.13394513370804,
      0.06183839676549496
    ],
    "rotation": [
      -0.015737786343801023,
      0.005132986669372702,
      -0.000892268623578109
    ]
  },
  {
    "label_id": "AFqGUqPT9iZ9gCmYnJZ2Jg",
    "size": [
      0.9799058521566639,
      0.1337578924531777,
      1.0
    ],
    "obj_class": "sign",
    "point_num_in_lidar": 32,
    "speed": 0.048801828469103255,
    "if_vehicle": false,
    "motion_state": false,
    "pose": [
      [
        0.9999867573595442,
        -6.006391326075172e-16,
        0.0051463681897191485,
        202.47393504298475
      ],
      [
        -8.096657233292065e-05,
        0.9998762324821793,
        0.01573255102191463,
        16.879273379552615
      ],
      [
        -0.005145731236502525,
        -0.015732759365190276,
        0.9998629914807322,
        2.5357302693857946
      ],
      [
        0.0,
        0.0,
        0.0,
        1.0
      ]
    ],
    "location": [
      202.47393504298475,
      16.879273379552615,
      2.5357302693857946
    ],
    "rotation": [
      -0.015733616785764654,
      0.0051457539453567125,
      -8.096764438139129e-05
    ]
  },
  {
    "label_id": "L10SDEQ2eo7jG3cMQB-MSg",
    "size": [
      1.9824567048925243,
      4.806845857702357,
      1.519999999999996
    ],
    "obj_class": "vehicle",
    "point_num_in_lidar": 100,
    "speed": 39.881991098672835,
    "if_vehicle": true,
    "motion_state": true,
    "pose": [
      [
        0.9996596829506487,
        0.025574072367624944,
        0.0051463681897191485,
        254.98028372999943
      ],
      [
        -0.025652185848870065,
        0.9995471235512201,
        0.01573255102191463,
        -30.56839859624779
      ],
      [
        -0.004741692122407478,
        -0.015859212559821468,
        0.9998629914807322,
        -0.0981616032346011
      ],
      [
        0.0,
        0.0,
        0.0,
        1.0
      ]
    ],
    "location": [
      254.98028372999943,
      -30.56839859624779,
      -0.0981616032346011
    ],
    "rotation": [
      -0.01586005575093261,
      0.004741709891007006,
      -0.025655288497181197
    ]
  },
  {
    "label_id": "NMa4UvggBKG9mv6Bvj5DHw",
    "size": [
      2.198346040075055,
      5.107089787592648,
      2.0
    ],
    "obj_class": "vehicle",
    "point_num_in_lidar": 503,
    "speed": 32.47254965605404,
    "if_vehicle": true,
    "motion_state": true,
    "pose": [
      [
        0.9999864605086672,
        -0.000770515284579842,
        0.0051463681897191485,
        250.0120950492535
      ],
      [
        0.0006894635740465285,
        0.9998759980509198,
        0.01573255102191463,
        -24.94691421641437
      ],
      [
        -0.005157852201060756,
        -0.01572878977777098,
        0.9998629914807322,
        0.24183839676530283
      ],
      [
        0.0,
        0.0,
        0.0,
        1.0
      ]
    ],
    "location": [
      250.0120950492535,
      -24.94691421641437,
      0.24183839676530283
    ],
    "rotation": [
      -0.015729647636867482,
      0.005157875070769225,
      0.0006894727999067937
    ]
  },
  {
    "label_id": "PhGRQJdU1JnvlhXJtMJL6A",
    "size": [
      1.8680373112701139,
      4.497846719003824,
      1.7399999999999949
    ],
    "obj_class": "vehicle",
    "point_num_in_lidar": 174,
    "speed": 33.3557790652638,
    "if_vehicle": true,
    "motion_state": true,
    "pose": [
      [
        0.9999867566599646,
        3.740508709479558e-05,
        0.0051463681897191485,
        273.03459291143895
      ],
      [
        -0.00011836752512426116,
        0.9998762287540752,
        0.01573255102191463,
        -28.73675497854674
      ],
      [
        -0.005145142739875121,
        -0.015732951833257815,
        0.9998629914807322,
        0.07183839676532955
      ],
      [
        0.0,
        0.0,
        0.0,
        1.0
      ]
    ],
    "location": [
      273.03459291143895,
      -28.73675497854674,
      0.07183839676532955
    ],
    "rotation": [
      -0.015733809232557554,
      0.005145165440938777,
      -0.00011836909217357315
    ]
  },
  {
    "label_id": "VVJv4KQJNlvXP8ZCSsiduQ",
    "size": [
      2.119069285744952,
      5.258700537101573,
      1.9899999999999949
    ],
    "obj_class": "vehicle",
    "point_num_in_lidar": 3942,
    "speed": 30.61546966695125,
    "if_vehicle": true,
    "motion_state": true,
    "pose": [
      [
        -0.9999822610605446,
        -0.0029987428527251062,
        0.0051463681897191485,
        256.3334859023721
      ],
      [
        0.0030793776209287,
        -0.9998714938789937,
        0.01573255102191463,
        -8.306011307509834
      ],
      [
        0.005098528974973718,
        0.01574811955417705,
        0.9998629914807322,
        0.22029305389227716
      ],
      [
        0.0,
        0.0,
        0.0,
        1.0
      ]
    ],
    "location": [
      256.3334859023721,
      -8.306011307509834,
      0.22029305389227716
    ],
    "rotation": [
      0.015748975273232442,
      -0.005098551064606954,
      3.138513231076933
    ]
  },
  {
    "label_id": "enGZ_8P8l7WXkukX89-Ohg",
    "size": [
      1.5892719622382374,
      0.15390811560621614,
      1.6899999999999977
    ],
    "obj_class": "sign",
    "point_num_in_lidar": 25,
    "speed": 0.07215919873096532,
    "if_vehicle": false,
    "motion_state": false,
    "pose": [
      [
        -0.999736774742865,
        -0.022358356853529736,
        0.0051463681897191485,
        226.4789944925883
      ],
      [
        0.02243683199798524,
        -0.9996244671916734,
        0.01573255102191463,
        -42.82261105825819
      ],
      [
        0.00479268156965585,
        0.015843878015599,
        0.9998629914807322,
        3.2355963495315194
      ],
      [
        0.0,
        0.0,
        0.0,
        1.0
      ]
    ],
    "location": [
      226.4789944925883,
      -42.82261105825819,
      3.2355963495315194
    ],
    "rotation": [
      0.015844722959208666,
      -0.004792699917665663,
      3.1191536809182216
    ]
  },
  {
    "label_id": "sKK2EIteB0wJN28uVuM9_g",
    "size": [
      2.7390225118503806,
      6.701826748802899,
      2.319999999999993
    ],
    "obj_class": "vehicle",
    "point_num_in_lidar": 473,
    "speed": 30.702122556739916,
    "if_vehicle": true,
    "motion_state": true,
    "pose": [
      [
        -0.999984436469288,
        0.0021544636586468386,
        0.0051463681897191485,
        229.00246388404094
      ],
      [
        -0.0020732591492452724,
        -0.9998740862902904,
        0.01573255102191463,
        -8.493281199498597
      ],
      [
        0.005179615400843372,
        0.0157216364129389,
        0.9998629914807322,
        0.40529390434845425
      ],
      [
        0.0,
        0.0,
        0.0,
        1.0
      ]
    ],
    "location": [
      229.00246388404094,
      -8.493281199498597,
      0.40529390434845425
    ],
    "rotation": [
      0.015722495061019564,
      -0.005179638561268841,
      -3.1395193651435127
    ]
  },
  {
    "label_id": "wIYwfiHyf3xxlkWejy3AKA",
    "size": [
      2.02034166242113,
      4.913935278723663,
      1.8400000000000034
    ],
    "obj_class": "vehicle",
    "point_num_in_lidar": 1565,
    "speed": 28.11148777170672,
    "if_vehicle": true,
    "motion_state": true,
    "pose": [
      [
        -0.9999852536535903,
        -0.00173417698654523,
        0.0051463681897191485,
        251.7012788520708
      ],
      [
        0.0018149517648902084,
        -0.9998745885301986,
        0.01573255102191463,
        -3.7969507899633754
      ],
      [
        0.005118439748198483,
        0.015741659434296056,
        0.9998629914807322,
        0.17395970869067412
      ],
      [
        0.0,
        0.0,
        0.0,
        1.0
      ]
    ],
    "location": [
      251.7012788520708,
      -3.7969507899633754,
      0.17395970869067412
    ],
    "rotation": [
      0.01574251586987368,
      -0.005118462097639,
      3.1397776770535324
    ]
  },
  {
    "label_id": "whKYLsMECd4qHw6aBjY4Uw",
    "size": [
      2.0368988071531193,
      4.235179642802564,
      1.6200000000000045
    ],
    "obj_class": "vehicle",
    "point_num_in_lidar": 63,
    "speed": 28.390998079468684,
    "if_vehicle": true,
    "motion_state": true,
    "pose": [
      [
        -0.9999866811664194,
        0.0003903642220019359,
        0.0051463681897191485,
        209.8061448535086
      ],
      [
        -0.0003093545103084676,
        -0.9998761879043474,
        0.01573255102191463,
        -0.024040905793299316
      ],
      [
        0.005151872432128355,
        0.01573074943047457,
        0.9998629914807322,
        0.12196146932761565
      ],
      [
        0.0,
        0.0,
        0.0,
        1.0
      ]
    ],
    "location": [
      209.8061448535086,
      -0.024040905793299316,
      0.12196146932761565
    ],
    "rotation": [
      0.015731607073149304,
      -0.005151895222386211,
      -3.1412832949690577
    ]
  }
]