[
  {
    "label_id": "6aX-520ol0fODBmWegB39w",
    "size": [
      2.1934405395275087,
      6.119161025206553,
      1.7000000000000028
    ],
    "obj_class": "vehicle",
    "point_num_in_lidar": 1216,
    "speed": 36.85129872324177,
    "if_vehicle": true,
    "motion_state": true,
    "pose": [
      [
        0.9999864821098192,
        -0.005088231003222991,
        0.001070281685285508,
        203.00045786180294
      ],
      [
        0.0050730842467537176,
        0.9998931674236219,
        0.013708302439841355,
        -17.201605467771515
      ],
      [
        -0.001139918353811577,
        -0.013702687503357198,
        0.9999054640021385,
        0.5851725911237935
      ],
      [
        0.0,
        0.0,
        0.0,
        1.0
      ]
    ],
    "location": [
      203.00045786180294,
      -17.201605467771515,
      0.5851725911237935
    ],
    "rotation": [
      -0.013703125254260207,
      0.0011399186006826715,
      0.005073109303374082
    ]
  },
  {
    "label_id": "I-HMgdgLO2o8Rc3yAQtOxA",
    "size": [
      2.169370231165037,
      5.629953966900821,
      2.0
    ],
    "obj_class": "vehicle",
    "point_num_in_lidar": 398,
    "speed": 30.310182729225673,
    "if_vehicle": true,
    "motion_state": true,
    "pose": [
      [
        0.9999905354020308,
        -0.00421706099955409,
        0.001070281685285508,
        229.4780776075031
      ],
      [
        0.004201995542706926,
        0.9998972075556952,
        0.013708302439841355,
        -32.38815098676787
      ],
      [
        -0.0011279804160041302,
        -0.013703675377398911,
        0.9999054640021385,
        0.2818383967653091
      ],
      [
        0.0,
        0.0,
        0.0,
        1.0
      ]
    ],
    "location": [
      229.4780776075031,
      -32.38815098676787,
      0.2818383967653091
    ],
    "rotation": [
      -0.013704113036182429,
      0.0011279806552000002,
      0.0042020105816235045
    ]
  },
  {
    "label_id": "VVJv4KQJNlvXP8ZCSsiduQ",
    "size": [
      2.1190692857445725,
      5.258700537101573,
      1.9899999999999949
    ],
    "obj_class": "vehicle",
    "point_num_in_lidar": 2848,
    "speed": 30.107661542211343,
    "if_vehicle": true,
    "motion_state": true,
    "pose": [
      [
        -0.9999934480715603,
        0.003458079100537941,
        0.001070281685285508,
        198.58042479114738
      ],
      [
        -0.0034430844827332057,
        -0.9999001088176072,
        0.013708302439841355,
        -8.345898702727936
      ],
      [
        0.0011175791677535403,
        0.01370452755376198,
        0.9999054640021385,
        0.4869607670258347
      ],
      [
        0.0,
        0.0,
        0.0,
        1.0
      ]
    ],
    "location": [
      198.58042479114738,
      -8.345898702727936,
      0.4869607670258347
    ],
    "rotation": [
      0.01370496513305836,
      -0.0011175794003932711,
      -3.1381495601539675
    ]
  },
  {
    "label_id": "enGZ_8P8l7WXkukX89-Ohg",
    "size": [
      1.589271962238247,
      0.15390811560621614,
      1.6899999999999977
    ],
    "obj_class": "sign",
    "point_num_in_lidar": 36,
    "speed": 0.07590069546939399,
    "if_vehicle": false,
    "motion_state": false,
    "pose": [
      [
        -0.9997494414644201,
        -0.022358640135173757,
        0.001070281685285508,
        226.6018150999887
      ],
      [
        0.022371220134021746,
        -0.9996557462216346,
        0.013708302439841355,
        -42.76167781996264
      ],
      [
        0.0007634142356548959,
        0.013728811214843675,
        0.9999054640021385,
        3.235596349531491
      ],
      [
        0.0,
        0.0,
        0.0,
        1.0
      ]
    ],
    "location": [
      226.6018150999887,
      -42.76167781996264,
      3.235596349531491
    ],
    "rotation": [
      0.013729246520701444,
      -0.0007634143098080496,
      3.1192195604884585
    ]
  },
  {
    "label_id": "sKK2EIteB0wJN28uVuM9_g",
    "size": [
      2.7390225118493907,
      6.701826748802899,
      2.319999999999993
    ],
    "obj_class": "vehicle",
    "point_num_in_lidar": 444,
    "speed": 30.87295022872093,
    "if_vehicle": true,
    "motion_state": true,
    "pose": [
      [
        -0.9999984186742458,
        0.001420262694695027,
        0.001070281685285508,
        170.5812615474863
      ],
      [
        -0.0014054583168636083,
        -0.999905049057728,
        0.013708302439841355,
        -8.569631191321605
      ],
      [
        0.0010896494515938973,
        0.013706776526253689,
        0.9999054640021385,
        0.6194228761422664
      ],
      [
        0.0,
        0.0,
        0.0,
        1.0
      ]
    ],
    "location": [
      170.5812615474863,
      -8.569631191321605,
      0.6194228761422664
    ],
    "rotation": [
      0.013707213895680564,
      -0.0010896496672240029,
      -3.140187193975849
    ]
  },
  {
    "label_id": "wIYwfiHyf3xxlkWejy3AKA",
    "size": [
      2.0203416624220596,
      4.913935278723663,
      1.8400000000000034
    ],
    "obj_class": "vehicle",
    "point_num_in_lidar": 1993,
    "speed": 27.975478793807863,
    "if_vehicle": true,
    "motion_state": true,
    "pose": [
      [
        -0.9999993931520232,
        -0.0002611373190848011,
        0.001070281685285508,
        198.38181384560767
      ],
      [
        0.0002757846842541123,
        -0.9999059987753979,
        0.013708302439841355,
        -3.759182496662106
      ],
      [
        0.001066601328148078,
        0.013708589288282393,
        0.9999054640021385,
        0.3389338595250848
      ],
      [
        0.0,
        0.0,
        0.0,
        1.0
      ]
    ],
    "location": [
      198.38181384560767,
      -3.759182496662106,
      0.3389338595250848
    ],
    "rotation": [
      0.013709026488445119,
      -0.0010666015303826184,
      3.1413168687451716
    ]
  },
  {
    "label_id": "whKYLsMECd4qHw6aBjY4Uw",
    "size": [
      2.036898807153632,
      4.235179642802564,
      1.6200000000000045
    ],
    "obj_class": "vehicle",
    "point_num_in_lidar": 71,
    "speed": 28.35996484288329,
    "if_vehicle": true,
    "motion_state": true,
    "pose": [
      [
        -0.9999983281424136,
        0.0014826359943943238,
        0.001070281685285508,
        155.7515044679849
      ],
      [
        -0.0014678257928111614,
        -0.9999049594494769,
        0.013708302439841355,
        -0.07376346731871308
      ],
      [
        0.0010905043877442759,
        0.013706708534448688,
        0.9999054640021385,
        0.3752930538922499
      ],
      [
        0.0,
        0.0,
        0.0,
        1.0
      ]
    ],
    "location": [
      155.7515044679849,
      -0.07376346731871308,
      0.3752930538922499
    ],
    "rotation": [
      0.013707145910222452,
      -0.0010905046038823284,
      -3.1401248263971357
    ]
  }
]