[
  {
    "label_id": "0xopsFbT5u9YzgzmR0qcwA",
    "size": [
      2.5435599165089737,
      7.081112488251164,
      2.200000000000003
    ],
    "obj_class": "vehicle",
    "point_num_in_lidar": 576,
    "speed": 27.083991717116646,
    "if_vehicle": true,
    "motion_state": true,
    "pose": [
      [
        0.9999976348731384,
        -0.00026553904739453195,
        0.0021586424307497715,
        139.936992269671
      ],
      [
        0.00023735490561352976,
        0.9999148664435926,
        0.013046207408335819,
        -28.816804875697926
      ],
      [
        -0.0021619229353299504,
        -0.013045664188029832,
        0.999912564545078,
        0.6998883273484608
      ],
      [
        0.0,
        0.0,
        0.0,
        1.0
      ]
    ],
    "location": [
      139.936992269671,
      -28.816804875697926,
      0.6998883273484608
    ],
    "rotation": [
      -0.013046064745069289,
      0.0021619246194393106,
      0.00023735546253197344
    ]
  },
  {
    "label_id": "567FajWAACwMfUfq8oRXGw",
    "size": [
      1.5186959265479385,
      0.16572746356550208,
      1.9899999999999949
    ],
    "obj_class": "sign",
    "point_num_in_lidar": 66,
    "speed": 0.03788740698088902,
    "if_vehicle": false,
    "motion_state": false,
    "pose": [
      [
        0.9994672216635937,
        0.03256705517717331,
        0.0021586424307497715,
        57.86221471679073
      ],
      [
        -0.03259250662711904,
        0.999383572500579,
        0.013046207408335819,
        -12.833645865573999
      ],
      [
        -0.0017324352276739203,
        -0.013109612239386188,
        0.999912564545078,
        4.407597534554839
      ],
      [
        0.0,
        0.0,
        0.0,
        1.0
      ]
    ],
    "location": [
      57.86221471679073,
      -12.833645865573999,
      4.407597534554839
    ],
    "rotation": [
      -0.013110007450530167,
      0.0017324360942772528,
      -0.03259832867221152
    ]
  },
  {
    "label_id": "CPvxRnKbNQ4d_BVBpDYHuw",
    "size": [
      2.0781301200470197,
      4.554880789643217,
      1.7999999999999972
    ],
    "obj_class": "vehicle",
    "point_num_in_lidar": 127,
    "speed": 34.93002270057742,
    "if_vehicle": true,
    "motion_state": true,
    "pose": [
      [
        0.9998734190533781,
        -0.015763442941308818,
        0.0021586424307497715,
        110.96691277471336
      ],
      [
        0.01573397944162542,
        0.9997910973614383,
        0.013046207408335819,
        -20.916266521368016
      ],
      [
        -0.0023638446307320585,
        -0.013010591971425008,
        0.999912564545078,
        0.6418383967652659
      ],
      [
        0.0,
        0.0,
        0.0,
        1.0
      ]
    ],
    "location": [
      110.96691277471336,
      -20.916266521368016,
      0.6418383967652659
    ],
    "rotation": [
      -0.013010995415077503,
      0.002363846832170906,
      0.01573467265747674
    ]
  },
  {
    "label_id": "MziAkOREhFpOJriJH72M_w",
    "size": [
      1.9560150969303791,
      4.497527264585171,
      1.8199999999999932
    ],
    "obj_class": "vehicle",
    "point_num_in_lidar": 393,
    "speed": 30.548416720802916,
    "if_vehicle": true,
    "motion_state": true,
    "pose": [
      [
        0.9999942972594924,
        0.0025972507291627594,
        0.0021586424307497715,
        142.2548046604063
      ],
      [
        -0.002625197806366301,
        0.9999114484836825,
        0.013046207408335819,
        -20.96200754887832
      ],
      [
        -0.0021245670079852326,
        -0.013051799872574293,
        0.999912564545078,
        0.5918383967652971
      ],
      [
        0.0,
        0.0,
        0.0,
        1.0
      ]
    ],
    "location": [
      142.2548046604063,
      -20.96200754887832,
      0.5918383967652971
    ],
    "rotation": [
      -0.013052199921321487,
      0.0021245686062949178,
      -0.0026252067465353224
    ]
  },
  {
    "label_id": "QcrlWgyD76rSHYzulXQdvQ",
    "size": [
      1.8341025295242979,
      4.406826132173385,
      1.5799999999999983
    ],
    "obj_class": "vehicle",
    "point_num_in_lidar": 409,
    "speed": 34.65511680124153,
    "if_vehicle": true,
    "motion_state": true,
    "pose": [
      [
        0.9999569313252749,
        0.009026392269102968,
        0.0021586424307497715,
        136.83616713466927
      ],
      [
        -0.009053806114713066,
        0.999873904583521,
        0.013046207408335819,
        -24.71940835285568
      ],
      [
        -0.00204061005014172,
        -0.013065189455511555,
        0.999912564545078,
        0.46183839676537275
      ],
      [
        0.0,
        0.0,
        0.0,
        1.0
      ]
    ],
    "location": [
      136.83616713466927,
      -24.71940835285568,
      0.46183839676537275
    ],
    "rotation": [
      -0.013065588391626604,
      0.002040611466358146,
      -0.00905394866273794
    ]
  },
  {
    "label_id": "VVJv4KQJNlvXP8ZCSsiduQ",
    "size": [
      2.119069285744402,
      5.258700537101573,
      1.9899999999999949
    ],
    "obj_class": "vehicle",
    "point_num_in_lidar": 1937,
    "speed": 29.700605157546367,
    "if_vehicle": true,
    "motion_state": true,
    "pose": [
      [
        -0.9999976700742265,
        1.0439106609520993e-05,
        0.0021586424307497715,
        118.13918120599624
      ],
      [
        1.7723919983722608e-05,
        -0.999914894457584,
        0.013046207408335819,
        -8.557450313182926
      ],
      [
        0.002158594909064806,
        0.013046215271246647,
        0.999912564545078,
        0.7933702760465309
      ],
      [
        0.0,
        0.0,
        0.0,
        1.0
      ]
    ],
    "location": [
      118.13918120599624,
      -8.557450313182926,
      0.7933702760465309
    ],
    "rotation": [
      0.01304661578267343,
      -0.0021585965854086565,
      3.141574929628516
    ]
  },
  {
    "label_id": "kyRZW1Dg-0t6Z7wiphP81w",
    "size": [
      1.921651888980537,
      4.683823422849745,
      1.3400000000000034
    ],
    "obj_class": "vehicle",
    "point_num_in_lidar": 95,
    "speed": 28.979014768533723,
    "if_vehicle": true,
    "motion_state": true,
    "pose": [
      [
        0.9999712349640159,
        -0.007271142097167016,
        0.0021586424307497715,
        121.49740812844448
      ],
      [
        0.007242378802343197,
        0.9998886660131427,
        0.013046207408335819,
        -36.497902095292375
      ],
      [
        -0.0022532629283768795,
        -0.01303019842752796,
        0.999912564545078,
        0.18183839676555635
      ],
      [
        0.0,
        0.0,
        0.0,
        1.0
      ]
    ],
    "location": [
      121.49740812844448,
      -36.497902095292375,
      0.18183839676555635
    ],
    "rotation": [
      -0.013030600261424708,
      0.0022532648350900067,
      0.007242460502807029
    ]
  },
  {
    "label_id": "oWH9wUn7j5vGmxv8sUmbvw",
    "size": [
      2.325781066287385,
      5.905108358359001,
      2.0
    ],
    "obj_class": "vehicle",
    "point_num_in_lidar": 590,
    "speed": 27.608932559806764,
    "if_vehicle": true,
    "motion_state": true,
    "pose": [
      [
        0.9999901188166878,
        -0.003886197607290103,
        0.0021586424307497715,
        113.9010177373325
      ],
      [
        0.0038577139731703295,
        0.9999074529751041,
        0.013046207408335819,
        -28.85778668969033
      ],
      [
        -0.0022091427948294764,
        -0.013037751071300707,
        0.999912564545078,
        0.6943446238161499
      ],
      [
        0.0,
        0.0,
        0.0,
        1.0
      ]
    ],
    "location": [
      113.9010177373325,
      -28.85778668969033,
      0.6943446238161499
    ],
    "rotation": [
      -0.013038152282428328,
      0.00220914459171773,
      0.0038577329551515668
    ]
  },
  {
    "label_id": "oZ9dMlQ4AlQ5oa-sNY37EA",
    "size": [
      2.4650899800301516,
      4.042346289773473,
      1.730000000000004
    ],
    "obj_class": "vehicle",
    "point_num_in_lidar": 511,
    "speed": 26.872734808209618,
    "if_vehicle": true,
    "motion_state": true,
    "pose": [
      [
        0.9999713188417949,
        -0.0072595975547844,
        0.0021586424307497715,
        133.87818471706032
      ],
      [
        0.007230835213210631,
        0.9998887495588588,
        0.013046207408335819,
        -28.796172212030797
      ],
      [
        -0.002253112496227849,
        -0.01303022444029617,
        0.999912564545078,
        0.45488832734854157
      ],
      [
        0.0,
        0.0,
        0.0,
        1.0
      ]
    ],
    "location": [
      133.87818471706032,
      -28.796172212030797,
      0.45488832734854157
    ],
    "rotation": [
      -0.01303062627205053,
      0.0022531144025591137,
      0.007230916579644492
    ]
  },
  {
    "label_id": "sKK2EIteB0wJN28uVuM9_g",
    "size": [
      2.7390225118489173,
      6.701826748802899,
      2.319999999999993
    ],
    "obj_class": "vehicle",
    "point_num_in_lidar": 329,
    "speed": 30.712360741723415,
    "if_vehicle": true,
    "motion_state": true,
    "pose": [
      [
        -0.999997669471882,
        -3.624446331769954e-05,
        0.0021586424307497715,
        87.47596698742677
      ],
      [
        6.440362560996414e-05,
        -0.9999148925405761,
        0.013046207408335819,
        -8.690679206356435
      ],
      [
        0.002157985861390839,
        0.013046316028181555,
        0.999912564545078,
        0.9352930538922379
      ],
      [
        0.0,
        0.0,
        0.0,
        1.0
      ]
    ],
    "location": [
      87.47596698742677,
      -8.690679206356435,
      0.9352930538922379
    ],
    "rotation": [
      0.01304671653126792,
      -0.0021579875363161465,
      3.1415282498141774
    ]
  },
  {
    "label_id": "wIYwfiHyf3xxlkWejy3AKA",
    "size": [
      2.0203416624220427,
      4.913935278723663,
      1.8400000000000034
    ],
    "obj_class": "vehicle",
    "point_num_in_lidar": 3284,
    "speed": 28.26417818588252,
    "if_vehicle": true,
    "motion_state": true,
    "pose": [
      [
        -0.999995785320924,
        0.0019415466115296225,
        0.0021586424307497715,
        122.75739866990648
      ],
      [
        -0.0019132237884605476,
        -0.9999130642445841,
        0.013046207408335819,
        -3.838247367833901
      ],
      [
        0.0021837845873263484,
        0.013042022456709143,
        0.999912564545078,
        0.5927907971232855
      ],
      [
        0.0,
        0.0,
        0.0,
        1.0
      ]
    ],
    "location": [
      122.75739866990648,
      -3.838247367833901,
      0.5927907971232855
    ],
    "rotation": [
      0.013042423314972332,
      -0.002183786323043964,
      -3.139679424072103
    ]
  },
  {
    "label_id": "whKYLsMECd4qHw6aBjY4Uw",
    "size": [
      2.036898807153866,
      4.235179642802564,
      1.6200000000000045
    ],
    "obj_class": "vehicle",
    "point_num_in_lidar": 91,
    "speed": 27.657284749211524,
    "if_vehicle": true,
    "motion_state": true,
    "pose": [
      [
        -0.9999970606371693,
        0.0011040742174284112,
        0.0021586424307497715,
        80.24422730742458
      ],
      [
        -0.001075820681145156,
        -0.9999143158701753,
        0.013046207408335819,
        -0.234789944064687
      ],
      [
        0.0021728614505862566,
        0.013043846748628483,
        0.999912564545078,
        0.6152930538922021
      ],
      [
        0.0,
        0.0,
        0.0,
        1.0
      ]
    ],
    "location": [
      80.24422730742458,
      -0.234789944064687,
      0.6152930538922021
    ],
    "rotation": [
      0.013044247456039649,
      -0.0021728631603880858,
      -3.140516830161463
    ]
  }
]