[
  {
    "label_id": "51YSpD4p82HKWd-g4QplGA",
    "size": [
      1.824752816690001,
      3.8731390291550216,
      1.7000000000000028
    ],
    "obj_class": "vehicle",
    "point_num_in_lidar": 28,
    "speed": 27.5856030751132,
    "if_vehicle": true,
    "motion_state": true,
    "pose": [
      [
        -0.9999900736437008,
        -0.00020770679196288535,
        0.004450783296709111,
        -242.0695017324217
      ],
      [
        0.0002683618525662742,
        -0.9999070481685243,
        0.013631691194582893,
        3.3759811371710384
      ],
      [
        0.004447538193403125,
        0.013632750302010012,
        0.9998971784754777,
        1.3852930538921697
      ],
      [
        0.0,
        0.0,
        0.0,
        1.0
      ]
    ],
    "location": [
      -242.0695017324217,
      3.3759811371710384,
      1.3852930538921697
    ],
    "rotation": [
      0.013633307462539204,
      -0.0044475528560263275,
      3.1413242890797877
    ]
  },
  {
    "label_id": "8AKdKWtMZLj710LJ9oR2tg",
    "size": [
      2.3848429518049175,
      5.994803292856382,
      2.019999999999996
    ],
    "obj_class": "vehicle",
    "point_num_in_lidar": 673,
    "speed": 33.064733649415125,
    "if_vehicle": true,
    "motion_state": true,
    "pose": [
      [
        0.9998585563475545,
        0.0162190575136195,
        0.004450783296709111,
        -154.4342967917239
      ],
      [
        -0.016278375433268648,
        0.9997745703349475,
        0.013631691194582893,
        -27.682647062756587
      ],
      [
        -0.004228686774628473,
        -0.013702214599867273,
        0.9998971784754777,
        1.4701699632087042
      ],
      [
        0.0,
        0.0,
        0.0,
        1.0
      ]
    ],
    "location": [
      -154.4342967917239,
      -27.682647062756587,
      1.4701699632087042
    ],
    "rotation": [
      -0.013702765926013133,
      0.004228699377479328,
      -0.016279240005769625
    ]
  },
  {
    "label_id": "Blbk0VIZwEz5Dck1OTFxtw",
    "size": [
      2.4159971655388204,
      5.749342638879151,
      2.0799999999999983
    ],
    "obj_class": "vehicle",
    "point_num_in_lidar": 159,
    "speed": 30.93542231168076,
    "if_vehicle": true,
    "motion_state": true,
    "pose": [
      [
        0.9999861436607077,
        0.002811230092369526,
        0.004450783296709111,
        -211.0631146983667
      ],
      [
        -0.002871668786434969,
        0.9999029605484507,
        0.013631691194582893,
        -36.00803426631501
      ],
      [
        -0.004412029574642934,
        -0.01364428348471292,
        0.9998971784754777,
        1.6351640240040695
      ],
      [
        0.0,
        0.0,
        0.0,
        1.0
      ]
    ],
    "location": [
      -211.0631146983667,
      -36.00803426631501,
      1.6351640240040695
    ],
    "rotation": [
      -0.01364483968568322,
      0.004412043888866592,
      -0.0028717006837930006
    ]
  },
  {
    "label_id": "GbLdFl_1N5IsHL4wnNXI7A",
    "size": [
      2.385955429953963,
      5.839260312057286,
      2.260000000000005
    ],
    "obj_class": "vehicle",
    "point_num_in_lidar": 140,
    "speed": 34.47784529464034,
    "if_vehicle": true,
    "motion_state": true,
    "pose": [
      [
        0.9998878456049193,
        -0.014299885999505409,
        0.004450783296709111,
        -226.3295332483524
      ],
      [
        0.014238032812461582,
        0.9998057088338748,
        0.013631691194582893,
        -29.04755530323382
      ],
      [
        -0.00464485017889522,
        -0.013566791941883337,
        0.9998971784754777,
        1.8851699632087389
      ],
      [
        0.0,
        0.0,
        0.0,
        1.0
      ]
    ],
    "location": [
      -226.3295332483524,
      -29.04755530323382,
      1.8851699632087389
    ],
    "rotation": [
      -0.013567354520554317,
      0.004644866880880507,
      0.014238667523989175
    ]
  },
  {
    "label_id": "QuLgycy4qelxCvYOO-fhQQ",
    "size": [
      1.3923074070924393,
      0.1706195448298908,
      1.7600000000000051
    ],
    "obj_class": "sign",
    "point_num_in_lidar": 21,
    "speed": 0.039013220253011245,
    "if_vehicle": false,
    "motion_state": false,
    "pose": [
      [
        -0.9988457409881616,
        -0.047826522326595254,
        0.004450783296709111,
        -168.48463831487106
      ],
      [
        0.04788315494328621,
        -0.9987599213363804,
        0.013631691194582893,
        -42.398143991431425
      ],
      [
        0.0037933075920394974,
        0.01382907423839026,
        0.9998971784754777,
        4.077240972856487
      ],
      [
        0.0,
        0.0,
        0.0,
        1.0
      ]
    ],
    "location": [
      -168.48463831487106,
      -42.398143991431425,
      4.077240972856487
    ],
    "rotation": [
      0.013829614567739682,
      -0.0037933166891975984,
      3.093690837120911
    ]
  },
  {
    "label_id": "Tg3SpAg-VHg4HEu03nHlBw",
    "size": [
      2.0201470198713944,
      5.080683295877602,
      1.5300000000000011
    ],
    "obj_class": "vehicle",
    "point_num_in_lidar": 3594,
    "speed": 29.622824692157568,
    "if_vehicle": true,
    "motion_state": true,
    "pose": [
      [
        -0.99998798124969,
        -0.002056181950956185,
        0.004450783296709111,
        -159.63238440629016
      ],
      [
        0.0021166834358511415,
        -0.9999048437958524,
        0.013631691194582893,
        -8.644563216876122
      ],
      [
        0.004422330539669803,
        0.013640948257970829,
        0.9998971784754777,
        1.3247382957776637
      ],
      [
        0.0,
        0.0,
        0.0,
        1.0
      ]
    ],
    "location": [
      -159.63238440629016,
      -8.644563216876122,
      1.3247382957776637
    ],
    "rotation": [
      0.013641504736804344,
      -0.004422344954388513,
      3.1394759478750123
    ]
  },
  {
    "label_id": "VVJv4KQJNlvXP8ZCSsiduQ",
    "size": [
      2.11906928574392,
      5.258700537101573,
      1.9899999999999949
    ],
    "obj_class": "vehicle",
    "point_num_in_lidar": 408,
    "speed": 30.37029530282838,
    "if_vehicle": true,
    "motion_state": true,
    "pose": [
      [
        -0.9999871660515763,
        -0.002420384304783759,
        0.004450783296709111,
        -199.3582951241185
      ],
      [
        0.002480855506434421,
        -0.9999040065681963,
        0.013631691194582893,
        -8.767176556217237
      ],
      [
        0.004417362119331219,
        0.01364255799641076,
        0.9998971784754777,
        1.610293053892974
      ],
      [
        0.0,
        0.0,
        0.0,
        1.0
      ]
    ],
    "location": [
      -199.3582951241185,
      -8.767176556217237,
      1.610293053892974
    ],
    "rotation": [
      0.013643114341172215,
      -0.004417376485520063,
      3.13911177133355
    ]
  },
  {
    "label_id": "rqfOTWCn_wsnI2ntSDInNw",
    "size": [
      2.0768315901376737,
      4.690694819450895,
      1.7999999999999972
    ],
    "obj_class": "vehicle",
    "point_num_in_lidar": 25,
    "speed": 30.39601555251112,
    "if_vehicle": true,
    "motion_state": true,
    "pose": [
      [
        0.9999070230827537,
        -0.01288936452395813,
        0.004450783296709111,
        -229.56709038958388
      ],
      [
        0.012827627265963424,
        0.9998247991392797,
        0.013631691194582893,
        -25.443738483192647
      ],
      [
        -0.004625707352529657,
        -0.013573330772787006,
        0.9998971784754777,
        1.651418837028956
      ],
      [
        0.0,
        0.0,
        0.0,
        1.0
      ]
    ],
    "location": [
      -229.56709038958388,
      -25.443738483192647,
      1.651418837028956
    ],
    "rotation": [
      -0.013573892819606716,
      0.00462572384886178,
      0.012828116336408749
    ]
  },
  {
    "label_id": "sKK2EIteB0wJN28uVuM9_g",
    "size": [
      2.7390225118505556,
      6.701826748802899,
      2.319999999999993
    ],
    "obj_class": "vehicle",
    "point_num_in_lidar": 132,
    "speed": 29.913787575837205,
    "if_vehicle": true,
    "motion_state": true,
    "pose": [
      [
        -0.9999889892602657,
        -0.0014872411633710112,
        0.004450783296709111,
        -231.99064505847718
      ],
      [
        0.0015477899393030643,
        -0.9999058862420399,
        0.013631691194582893,
        -8.958620312214407
      ],
      [
        0.004430090804496246,
        0.013638429977187675,
        0.9998971784754777,
        1.9352930538921527
      ],
      [
        0.0,
        0.0,
        0.0,
        1.0
      ]
    ],
    "location": [
      -231.99064505847718,
      -8.958620312214407,
      1.9352930538921527
    ],
    "rotation": [
      0.013638986665622228,
      -0.004430105295233088,
      3.140044847844019
    ]
  },
  {
    "label_id": "wIYwfiHyf3xxlkWejy3AKA",
    "size": [
      2.020341662423674,
      4.913935278723663,
      1.8400000000000034
    ],
    "obj_class": "vehicle",
    "point_num_in_lidar": 3465,
    "speed": 27.75817876765837,
    "if_vehicle": true,
    "motion_state": true,
    "pose": [
      [
        -0.9999894698813295,
        0.0011183266531661696,
        0.004450783296709111,
        -173.08633181644382
      ],
      [
        -0.001057561550256138,
        -0.9999065249105752,
        0.013631691194582893,
        -4.074846177176369
      ],
      [
        0.004465611942933074,
        0.013626840673973814,
        0.9998971784754777,
        1.4602945822604454
      ],
      [
        0.0,
        0.0,
        0.0,
        1.0
      ]
    ],
    "location": [
      -173.08633181644382,
      -4.074846177176369,
      1.4602945822604454
    ],
    "rotation": [
      0.013627398324777705,
      -0.00446562678504112,
      -3.1405350812974553
    ]
  },
  {
    "label_id": "whKYLsMECd4qHw6aBjY4Uw",
    "size": [
      2.036898807155089,
      4.235179642802564,
      1.6200000000000045
    ],
    "obj_class": "vehicle",
    "point_num_in_lidar": 108,
    "speed": 27.380335216997228,
    "if_vehicle": true,
    "motion_state": true,
    "pose": [
      [
        -0.9999900009318103,
        -0.0004342400764104668,
        0.004450783296709111,
        -211.43591574287302
      ],
      [
        0.0004948763272367725,
        -0.9999069617182372,
        0.013631691194582893,
        -0.19211564025681582
      ],
      [
        0.0044444497768527476,
        0.013633757477664299,
        0.9998971784754777,
        1.4224382702622762
      ],
      [
        0.0,
        0.0,
        0.0,
        1.0
      ]
    ],
    "location": [
      -211.43591574287302,
      -0.19211564025681582,
      1.4224382702622762
    ],
    "rotation": [
      0.013634314554541206,
      -0.004444464408951344,
      3.141097772354605
    ]
  },
  {
    "label_id": "zlAP0tc4N8MeVJiliwYjAw",
    "size": [
      2.185115170371591,
      5.179658626210161,
      2.0999999999999943
    ],
    "obj_class": "vehicle",
    "point_num_in_lidar": 88,
    "speed": 31.784763026869527,
    "if_vehicle": true,
    "motion_state": true,
    "pose": [
      [
        0.9999728156639566,
        -0.005878644498898907,
        0.004450783296709111,
        -224.633000468933
      ],
      [
        0.005817485234865239,
        0.9998901608980446,
        0.013631691194582893,
        -21.6421458060413
      ],
      [
        -0.004530430293120526,
        -0.01360542825999643,
        0.9998971784754777,
        1.7651699632087343
      ],
      [
        0.0,
        0.0,
        0.0,
        1.0
      ]
    ],
    "location": [
      -224.633000468933,
      -21.6421458060413,
      1.7651699632087343
    ],
    "rotation": [
      -0.01360598767924891,
      0.004530445790958588,
      0.005817577752306664
    ]
  }
]