[
  {
    "label_id": "DJQgAwkymvSI9-oWygGXeg",
    "size": [
      0.40125125602571904,
      0.08260111178975847,
      1.269999999999996
    ],
    "obj_class": "sign",
    "point_num_in_lidar": 23,
    "speed": 0.03334366908945063,
    "if_vehicle": false,
    "motion_state": false,
    "pose": [
      [
        0.9999981295372877,
        1.5371027098458162e-14,
        0.0019341463041805053,
        -107.34221039814952
      ],
      [
        -2.61407982073799e-05,
        0.9999086625499822,
        0.013515393970001526,
        17.05072338709033
      ],
      [
        -0.0019339696441889123,
        -0.013515419250089304,
        0.9999067922581133,
        2.191894094686745
      ],
      [
        0.0,
        0.0,
        0.0,
        1.0
      ]
    ],
    "location": [
      -107.34221039814952,
      17.05072338709033,
      2.191894094686745
    ],
    "rotation": [
      -0.013515856030926341,
      0.001933970849775589,
      -2.6140847096905276e-05
    ]
  },
  {
    "label_id": "JYgD5sfDfxzJmcH8Y9996w",
    "size": [
      2.311757686058096,
      5.837666993730568,
      2.0999999999999943
    ],
    "obj_class": "vehicle",
    "point_num_in_lidar": 160,
    "speed": 30.360481032243747,
    "if_vehicle": true,
    "motion_state": true,
    "pose": [
      [
        0.9999785959148549,
        0.0062503432089308295,
        0.0019341463041805053,
        -88.53329212373797
      ],
      [
        -0.0062759242960749115,
        0.999888967285901,
        0.013515393970001526,
        -28.54039891620414
      ],
      [
        -0.0018494556997504636,
        -0.013527243241140793,
        0.9999067922581133,
        1.151233967255564
      ],
      [
        0.0,
        0.0,
        0.0,
        1.0
      ]
    ],
    "location": [
      -88.53329212373797,
      -28.54039891620414,
      1.151233967255564
    ],
    "rotation": [
      -0.013527678962220978,
      0.00184945675409176,
      -0.0062759762289420614
    ]
  },
  {
    "label_id": "VVJv4KQJNlvXP8ZCSsiduQ",
    "size": [
      2.1190692857417055,
      5.258700537101573,
      1.9899999999999949
    ],
    "obj_class": "vehicle",
    "point_num_in_lidar": 645,
    "speed": 30.42302291206123,
    "if_vehicle": true,
    "motion_state": true,
    "pose": [
      [
        -0.9999952005608521,
        0.0024203167840775772,
        0.0019341463041805053,
        -83.5997118109276
      ],
      [
        -0.002393959523595468,
        -0.9999057971047248,
        0.013515393970001526,
        -9.003922148300262
      ],
      [
        0.001966675636867781,
        0.013510698835725686,
        0.9999067922581133,
        1.2802924549467178
      ],
      [
        0.0,
        0.0,
        0.0,
        1.0
      ]
    ],
    "location": [
      -83.5997118109276,
      -9.003922148300262,
      1.2802924549467178
    ],
    "rotation": [
      0.013511136038586896,
      -0.00196667690465894,
      -3.139198687149824
    ]
  },
  {
    "label_id": "i7qR5VFvKyAn7DxLUlFr9Q",
    "size": [
      1.8505664947774751,
      4.329066775118035,
      1.6099999999999994
    ],
    "obj_class": "vehicle",
    "point_num_in_lidar": 404,
    "speed": 30.410833330604415,
    "if_vehicle": true,
    "motion_state": true,
    "pose": [
      [
        0.9999946169943729,
        0.002650483041202074,
        0.0019341463041805053,
        -49.55581705649206
      ],
      [
        -0.002676386616397091,
        0.9999050810354527,
        0.013515393970001526,
        -28.288374080413632
      ],
      [
        -0.0018981403945033755,
        -0.013520497739842395,
        0.9999067922581133,
        0.8562339672554771
      ],
      [
        0.0,
        0.0,
        0.0,
        1.0
      ]
    ],
    "location": [
      -49.55581705649206,
      -28.288374080413632,
      0.8562339672554771
    ],
    "rotation": [
      -0.013520934065969343,
      0.0018981415343185864,
      -0.0026763946330435845
    ]
  },
  {
    "label_id": "sKK2EIteB0wJN28uVuM9_g",
    "size": [
      2.739022511849948,
      6.701826748802899,
      2.319999999999993
    ],
    "obj_class": "vehicle",
    "point_num_in_lidar": 152,
    "speed": 30.114179746018976,
    "if_vehicle": true,
    "motion_state": true,
    "pose": [
      [
        -0.9999968287799835,
        0.001612919108490618,
        0.0019341463041805053,
        -117.20411709308632
      ],
      [
        -0.0015866340410181877,
        -0.9999074040721249,
        0.013515393970001526,
        -8.876561513578054
      ],
      [
        0.001955766447301818,
        0.013512282327347113,
        0.9999067922581133,
        1.361949820909203
      ],
      [
        0.0,
        0.0,
        0.0,
        1.0
      ]
    ],
    "location": [
      -117.20411709308632,
      -8.876561513578054,
      1.361949820909203
    ],
    "rotation": [
      0.013512719388704872,
      -0.0019557676941123745,
      -3.1400060158486056
    ]
  },
  {
    "label_id": "wIYwfiHyf3xxlkWejy3AKA",
    "size": [
      2.0203416624226422,
      4.913935278723663,
      1.8400000000000034
    ],
    "obj_class": "vehicle",
    "point_num_in_lidar": 2337,
    "speed": 28.197673484482568,
    "if_vehicle": true,
    "motion_state": true,
    "pose": [
      [
        -0.9999981294571625,
        -1.2658997366133307e-05,
        0.0019341463041805053,
        -67.12427624197448
      ],
      [
        3.879866299157379e-05,
        -0.9999086621389474,
        0.013515393970001526,
        -4.069515414435955
      ],
      [
        0.0019337985520574497,
        0.013515443731168772,
        0.9999067922581133,
        1.0452930538924647
      ],
      [
        0.0,
        0.0,
        0.0,
        1.0
      ]
    ],
    "location": [
      -67.12427624197448,
      -4.069515414435955,
      1.0452930538924647
    ],
    "rotation": [
      0.013515880509815531,
      -0.001933799757324191,
      3.1415538548542465
    ]
  },
  {
    "label_id": "whKYLsMECd4qHw6aBjY4Uw",
    "size": [
      2.0368988071532694,
      4.235179642802564,
      1.6200000000000045
    ],
    "obj_class": "vehicle",
    "point_num_in_lidar": 88,
    "speed": 27.937220468571645,
    "if_vehicle": true,
    "motion_state": true,
    "pose": [
      [
        -0.9999975399439689,
        -0.0010859024285663334,
        0.0019341463041805053,
        -106.16894678123481
      ],
      [
        0.001111946058745363,
        -0.9999080446230033,
        0.013515393970001526,
        -0.29590956913853006
      ],
      [
        0.001919292049892882,
        0.013517511387735047,
        0.9999067922581133,
        1.0352930538921754
      ],
      [
        0.0,
        0.0,
        0.0,
        1.0
      ]
    ],
    "location": [
      -106.16894678123481,
      -0.29590956913853006,
      1.0352930538921754
    ],
    "rotation": [
      0.013517947981333895,
      -0.0019192932282384226,
      3.1404807052538737
    ]
  }
]