[
  {
    "label_id": "Hc8Blq9JkF6K-9085rVO1Q",
    "size": [
      2.2710739707572447,
      5.860792375684815,
      2.1299999999999955
    ],
    "obj_class": "vehicle",
    "point_num_in_lidar": 40,
    "speed": 31.889114612479112,
    "if_vehicle": true,
    "motion_state": true,
    "pose": [
      [
        0.9999418614642457,
        0.008780765166603723,
        0.006258742246521585,
        -180.36485479214411
      ],
      [
        -0.008876663267893303,
        0.9998410403708895,
        0.015462821194270197,
        -36.16539682585244
      ],
      [
        -0.006121971957455309,
        -0.015517478955890238,
        0.9998608549724335,
        1.4101699632087303
      ],
      [
        0.0,
        0.0,
        0.0,
        1.0
      ]
    ],
    "location": [
      -180.36485479214411,
      -36.16539682585244,
      1.4101699632087303
    ],
    "rotation": [
      -0.015518392600664527,
      0.006122010198529404,
      -0.008876946198452912
    ]
  },
  {
    "label_id": "QuLgycy4qelxCvYOO-fhQQ",
    "size": [
      1.3923074070924368,
      0.1706195448298908,
      1.7600000000000051
    ],
    "obj_class": "sign",
    "point_num_in_lidar": 26,
    "speed": 0.0383173848479167,
    "if_vehicle": false,
    "motion_state": false,
    "pose": [
      [
        -0.9988360707331111,
        -0.04782605929753308,
        0.006258742246521585,
        -168.52648249942422
      ],
      [
        0.04791794674376283,
        -0.9987315813273234,
        0.015462821194270197,
        -42.42518250129979
      ],
      [
        0.005511277737644309,
        0.015744729641785273,
        0.9998608549724335,
        4.079157782947789
      ],
      [
        0.0,
        0.0,
        0.0,
        1.0
      ]
    ],
    "location": [
      -168.52648249942422,
      -42.42518250129979,
      4.079157782947789
    ],
    "rotation": [
      0.01574561937669108,
      -0.005511305638118118,
      3.0936556216486726
    ]
  },
  {
    "label_id": "Tg3SpAg-VHg4HEu03nHlBw",
    "size": [
      2.0201470198709335,
      5.080683295877602,
      1.5300000000000011
    ],
    "obj_class": "vehicle",
    "point_num_in_lidar": 3164,
    "speed": 29.81756765021872,
    "if_vehicle": true,
    "motion_state": true,
    "pose": [
      [
        -0.9999689548157967,
        0.004787227808918089,
        0.006258742246521585,
        -120.97476034562465
      ],
      [
        -0.004689970597044546,
        -0.9998694441458409,
        0.015462821194270197,
        -8.553040162114485
      ],
      [
        0.006331949178707166,
        0.015432987831027251,
        0.9998608549724335,
        1.1582846196030658
      ],
      [
        0.0,
        0.0,
        0.0,
        1.0
      ]
    ],
    "location": [
      -120.97476034562465,
      -8.553040162114485,
      1.1582846196030658
    ],
    "rotation": [
      0.015433909955471883,
      -0.006331991491222827,
      -3.1369025717765657
    ]
  },
  {
    "label_id": "VVJv4KQJNlvXP8ZCSsiduQ",
    "size": [
      2.1190692857419378,
      5.258700537101573,
      1.9899999999999949
    ],
    "obj_class": "vehicle",
    "point_num_in_lidar": 418,
    "speed": 30.44999970372508,
    "if_vehicle": true,
    "motion_state": true,
    "pose": [
      [
        -0.9999757142425046,
        -0.0030657903848997133,
        0.006258742246521585,
        -159.77286157665867
      ],
      [
        0.0031622631290598117,
        -0.9998754428690689,
        0.015462821194270197,
        -8.894796521315584
      ],
      [
        0.006210556907003303,
        0.015482237457784941,
        0.9998608549724335,
        1.5311057228088742
      ],
      [
        0.0,
        0.0,
        0.0,
        1.0
      ]
    ],
    "location": [
      -159.77286157665867,
      -8.894796521315584,
      1.5311057228088742
    ],
    "rotation": [
      0.015483154666316497,
      -0.00621059683227906,
      3.138430324202398
    ]
  },
  {
    "label_id": "qV_VEibYAFQAIT85yK08pg",
    "size": [
      2.06902945936251,
      4.768447563298974,
      1.9000000000000057
    ],
    "obj_class": "vehicle",
    "point_num_in_lidar": 325,
    "speed": 31.89287341592614,
    "if_vehicle": true,
    "motion_state": true,
    "pose": [
      [
        0.9999664596991615,
        -0.005282766530593639,
        0.006258742246521585,
        -152.63513493295363
      ],
      [
        0.005185460017682434,
        0.9998669972376922,
        0.015462821194270197,
        -25.200534048055488
      ],
      [
        -0.006339596290787869,
        -0.01542984810891521,
        0.9998608549724335,
        1.4051699632087349
      ],
      [
        0.0,
        0.0,
        0.0,
        1.0
      ]
    ],
    "location": [
      -152.63513493295363,
      -25.200534048055488,
      1.4051699632087349
    ],
    "rotation": [
      -0.015430770544214214,
      0.006339638756793418,
      0.005185587464207525
    ]
  },
  {
    "label_id": "sKK2EIteB0wJN28uVuM9_g",
    "size": [
      2.7390225118498353,
      6.701826748802899,
      2.319999999999993
    ],
    "obj_class": "vehicle",
    "point_num_in_lidar": 130,
    "speed": 30.24522952539537,
    "if_vehicle": true,
    "motion_state": true,
    "pose": [
      [
        -0.9999795684764489,
        0.0013002980990821369,
        0.006258742246521585,
        -192.81377671267205
      ],
      [
        -0.0012033884730846415,
        -0.999879719274722,
        0.015462821194270197,
        -8.94063124994318
      ],
      [
        0.006278095717470201,
        0.015454973566999326,
        0.9998608549724335,
        1.639253320552072
      ],
      [
        0.0,
        0.0,
        0.0,
        1.0
      ]
    ],
    "location": [
      -192.81377671267205,
      -8.94063124994318,
      1.639253320552072
    ],
    "rotation": [
      0.015455893506174696,
      -0.006278136959520821,
      -3.1403892411100744
    ]
  },
  {
    "label_id": "wIYwfiHyf3xxlkWejy3AKA",
    "size": [
      2.0203416624209787,
      4.913935278723663,
      1.8400000000000034
    ],
    "obj_class": "vehicle",
    "point_num_in_lidar": 2524,
    "speed": 27.744429368406962,
    "if_vehicle": true,
    "motion_state": true,
    "pose": [
      [
        -0.9999801206718876,
        0.0007657718515513923,
        0.006258742246521585,
        -137.05389594894336
      ],
      [
        -0.0006689156124899444,
        -0.9998802196826465,
        0.015462821194270197,
        -4.011084514804679
      ],
      [
        0.006269833565605207,
        0.015458327233370883,
        0.9998608549724335,
        1.259287776579626
      ],
      [
        0.0,
        0.0,
        0.0,
        1.0
      ]
    ],
    "location": [
      -137.05389594894336,
      -4.011084514804679,
      1.259287776579626
    ],
    "rotation": [
      0.01545924683789628,
      -0.006269874645040978,
      -3.14092372477922
    ]
  },
  {
    "label_id": "whKYLsMECd4qHw6aBjY4Uw",
    "size": [
      2.036898807153322,
      4.235179642802564,
      1.6200000000000045
    ],
    "obj_class": "vehicle",
    "point_num_in_lidar": 94,
    "speed": 27.648599877213435,
    "if_vehicle": true,
    "motion_state": true,
    "pose": [
      [
        -0.9999803656855811,
        -0.00031046549377242573,
        0.006258742246521585,
        -175.68293979798
      ],
      [
        0.0004072141574694614,
        -0.9998803605118685,
        0.015462821194270197,
        -0.19820942604565062
      ],
      [
        0.006253192781385669,
        0.015465066240827802,
        0.9998608549724335,
        1.300278713143257
      ],
      [
        0.0,
        0.0,
        0.0,
        1.0
      ]
    ],
    "location": [
      -175.68293979798,
      -0.19820942604565062,
      1.300278713143257
    ],
    "rotation": [
      0.015465985171841145,
      -0.006253233534597809,
      3.1411854314593057
    ]
  }
]