[
  {
    "label_id": "51YSpD4p82HKWd-g4QplGA",
    "size": [
      1.824752816687813,
      3.8731390291550216,
      1.7000000000000028
    ],
    "obj_class": "vehicle",
    "point_num_in_lidar": 34,
    "speed": 27.567353220704806,
    "if_vehicle": true,
    "motion_state": true,
    "pose": [
      [
        -0.9999384911847254,
        -0.009817095176133656,
        0.005161248833152755,
        -302.7005842012313
      ],
      [
        0.009898142636329954,
        -0.9998242853490358,
        0.015919334114237082,
        3.403129023814472
      ],
      [
        0.005004060307975362,
        0.01596944171198789,
        0.9998599583500889,
        1.7971694781196277
      ],
      [
        0.0,
        0.0,
        0.0,
        1.0
      ]
    ],
    "location": [
      -302.7005842012313,
      3.403129023814472,
      1.7971694781196277
    ],
    "rotation": [
      0.01597032052417931,
      -0.005004081192339103,
      3.131694225384629
    ]
  },
  {
    "label_id": "DQWfm8sunDOEMFt82MNTfA",
    "size": [
      2.361389822702628,
      5.8323950911733276,
      2.0
    ],
    "obj_class": "vehicle",
    "point_num_in_lidar": 208,
    "speed": 31.67815413365383,
    "if_vehicle": true,
    "motion_state": true,
    "pose": [
      [
        0.9999854659811613,
        0.001558633029973493,
        0.005161248833152755,
        -273.723127865052
      ],
      [
        -0.0016406209105490138,
        0.9998719333816642,
        0.015919334114237082,
        -32.60025178672004
      ],
      [
        -0.00513577544950267,
        -0.015927570395095382,
        0.9998599583500889,
        2.141576167284228
      ],
      [
        0.0,
        0.0,
        0.0,
        1.0
      ]
    ],
    "location": [
      -273.723127865052,
      -32.60025178672004,
      2.141576167284228
    ],
    "rotation": [
      -0.01592845399468119,
      0.0051357980268017,
      -0.0016406432836636948
    ]
  },
  {
    "label_id": "MKmkMbefHyE0yGTykJlnlA",
    "size": [
      1.8901805305189872,
      4.555170676991153,
      1.8799999999999955
    ],
    "obj_class": "vehicle",
    "point_num_in_lidar": 201,
    "speed": 32.68985049604863,
    "if_vehicle": true,
    "motion_state": true,
    "pose": [
      [
        0.999957010183995,
        -0.007703200267934347,
        0.005161248833152755,
        -221.61922851383974
      ],
      [
        0.007620164376306381,
        0.999844241817813,
        0.015919334114237082,
        -28.64247018252172
      ],
      [
        -0.005283074745230816,
        -0.015879320180496946,
        0.9998599583500889,
        1.561233967255447
      ],
      [
        0.0,
        0.0,
        0.0,
        1.0
      ]
    ],
    "location": [
      -221.61922851383974,
      -28.64247018252172,
      1.561233967255447
    ],
    "rotation": [
      -0.015880209227570205,
      0.0052830993214159445,
      0.0076203444728496755
    ]
  },
  {
    "label_id": "QE0XPv-VmQ-e3aOWqRGNIw",
    "size": [
      1.9807576663036717,
      4.5358424434658655,
      1.5
    ],
    "obj_class": "vehicle",
    "point_num_in_lidar": 313,
    "speed": 32.60037079673079,
    "if_vehicle": true,
    "motion_state": true,
    "pose": [
      [
        0.9999581704249245,
        -0.007551086737679192,
        0.005161248833152755,
        -251.24938195220966
      ],
      [
        0.007468068001333663,
        0.999845389428629,
        0.015919334114237082,
        -17.88505524916218
      ],
      [
        -0.005280659122224373,
        -0.01588012365799781,
        0.9998599583500889,
        1.6112339672554015
      ],
      [
        0.0,
        0.0,
        0.0,
        1.0
      ]
    ],
    "location": [
      -251.24938195220966,
      -17.88505524916218,
      1.6112339672554015
    ],
    "rotation": [
      -0.01588101261496375,
      0.005280683664713127,
      0.007468241551273537
    ]
  },
  {
    "label_id": "Tg3SpAg-VHg4HEu03nHlBw",
    "size": [
      2.02014701986896,
      5.080683295877602,
      1.5300000000000011
    ],
    "obj_class": "vehicle",
    "point_num_in_lidar": 3787,
    "speed": 29.647494591067208,
    "if_vehicle": true,
    "motion_state": true,
    "pose": [
      [
        -0.9999831924986652,
        0.0026412555082873028,
        0.005161248833152755,
        -224.56611158138207
      ],
      [
        -0.0025587915211930925,
        -0.9998700052443369,
        0.015919334114237082,
        -8.643952075562993
      ],
      [
        0.005202624926789268,
        0.015905859990254668,
        0.9998599583500889,
        1.5525846569437078
      ],
      [
        0.0,
        0.0,
        0.0,
        1.0
      ]
    ],
    "location": [
      -224.56611158138207,
      -8.643952075562993,
      1.5525846569437078
    ],
    "rotation": [
      0.015906746050125466,
      -0.005202648397248741,
      -3.1390338246457343
    ]
  },
  {
    "label_id": "VVJv4KQJNlvXP8ZCSsiduQ",
    "size": [
      2.119069285741746,
      5.258700537101573,
      1.9899999999999949
    ],
    "obj_class": "vehicle",
    "point_num_in_lidar": 347,
    "speed": 30.298729995457247,
    "if_vehicle": true,
    "motion_state": true,
    "pose": [
      [
        -0.999982360076203,
        -0.002939565768861571,
        0.005161248833152755,
        -266.16900271014174
      ],
      [
        0.0030213967879291863,
        -0.9998687143634453,
        0.015919334114237082,
        -8.57699494679946
      ],
      [
        0.005113775305688996,
        0.015934647479042597,
        0.9998599583500889,
        2.0302858297686157
      ],
      [
        0.0,
        0.0,
        0.0,
        1.0
      ]
    ],
    "location": [
      -266.16900271014174,
      -8.57699494679946,
      2.0302858297686157
    ],
    "rotation": [
      0.015935530273389398,
      -0.005113797594083455,
      3.138571212698099
    ]
  },
  {
    "label_id": "sKK2EIteB0wJN28uVuM9_g",
    "size": [
      2.739022511850482,
      6.701826748802899,
      2.319999999999993
    ],
    "obj_class": "vehicle",
    "point_num_in_lidar": 121,
    "speed": 29.775397089961384,
    "if_vehicle": true,
    "motion_state": true,
    "pose": [
      [
        -0.9999580484176838,
        -0.0075672263861835945,
        0.005161248833152755,
        -297.5209513653981
      ],
      [
        0.007648530602344271,
        -0.9998440252264271,
        0.015919334114237082,
        -8.710257026516047
      ],
      [
        0.0050399786033749235,
        0.01595814224262825,
        0.9998599583500889,
        2.4019406373240173
      ],
      [
        0.0,
        0.0,
        0.0,
        1.0
      ]
    ],
    "location": [
      -297.5209513653981,
      -8.710257026516047,
      2.4019406373240173
    ],
    "rotation": [
      0.015959022352264547,
      -0.00503999994069107,
      3.1339439512659615
    ]
  },
  {
    "label_id": "szVPhyjXREd_iM05ie2R9A",
    "size": [
      2.473692665359006,
      6.0769533996968,
      2.200000000000003
    ],
    "obj_class": "vehicle",
    "point_num_in_lidar": 41,
    "speed": 35.13263831026549,
    "if_vehicle": true,
    "motion_state": true,
    "pose": [
      [
        0.9999431501034948,
        -0.009330491497356198,
        0.005161248833152755,
        -295.5082736443244
      ],
      [
        0.009247272199669003,
        0.9998305170168715,
        0.015919334114237082,
        -17.59866679550396
      ],
      [
        -0.005308909300900305,
        -0.015870701628889865,
        0.9998599583500889,
        2.4440017330121293
      ],
      [
        0.0,
        0.0,
        0.0,
        1.0
      ]
    ],
    "location": [
      -295.5082736443244,
      -17.59866679550396,
      2.4440017330121293
    ],
    "rotation": [
      -0.01587159164121574,
      0.00530893423939153,
      0.009247534320212284
    ]
  },
  {
    "label_id": "ueQ_0ucOt7PBhmXlUZ2E6A",
    "size": [
      2.5143099014576764,
      6.308184303185769,
      2.0999999999999943
    ],
    "obj_class": "vehicle",
    "point_num_in_lidar": 1284,
    "speed": 35.70289994998781,
    "if_vehicle": true,
    "motion_state": true,
    "pose": [
      [
        0.9999815715825682,
        -0.0031965615494626005,
        0.005161248833152755,
        -232.35731054425946
      ],
      [
        0.003114034720414695,
        0.9998684301392455,
        0.015919334114237082,
        -21.894323167942275
      ],
      [
        -0.005211456899685076,
        -0.01590296843803565,
        0.9998599583500889,
        1.7512339672554447
      ],
      [
        0.0,
        0.0,
        0.0,
        1.0
      ]
    ],
    "location": [
      -232.35731054425946,
      -21.894323167942275,
      1.7512339672554447
    ],
    "rotation": [
      -0.015903854824453532,
      0.005211480489878868,
      0.0031140820418875097
    ]
  },
  {
    "label_id": "wIYwfiHyf3xxlkWejy3AKA",
    "size": [
      2.020341662421627,
      4.913935278723663,
      1.8400000000000034
    ],
    "obj_class": "vehicle",
    "point_num_in_lidar": 4920,
    "speed": 27.576245396351148,
    "if_vehicle": true,
    "motion_state": true,
    "pose": [
      [
        -0.9999855075059687,
        -0.0015317599395867128,
        0.005161248833152755,
        -234.04294167035118
      ],
      [
        0.001613750871148716,
        -0.9998719771098123,
        0.015919334114237082,
        -4.045058834371957
      ],
      [
        0.005136203476899073,
        0.015927432373183163,
        0.9998599583500889,
        1.6608446370246241
      ],
      [
        0.0,
        0.0,
        0.0,
        1.0
      ]
    ],
    "location": [
      -234.04294167035118,
      -4.045058834371957,
      1.6608446370246241
    ],
    "rotation": [
      0.015928315988457405,
      -0.005136226059843552,
      3.1399788807319284
    ]
  },
  {
    "label_id": "whKYLsMECd4qHw6aBjY4Uw",
    "size": [
      2.0368988071552736,
      4.235179642802564,
      1.6200000000000045
    ],
    "obj_class": "vehicle",
    "point_num_in_lidar": 137,
    "speed": 27.573711597722536,
    "if_vehicle": true,
    "motion_state": true,
    "pose": [
      [
        -0.9999654283476097,
        -0.006519480045503004,
        0.005161248833152755,
        -271.6742967010123
      ],
      [
        0.0066009036889533084,
        -0.9998514904083747,
        0.015919334114237082,
        0.0027451245732663665
      ],
      [
        0.005056696557100803,
        0.01595285266301416,
        0.9998599583500889,
        1.6552941107528483
      ],
      [
        0.0,
        0.0,
        0.0,
        1.0
      ]
    ],
    "location": [
      -271.6742967010123,
      0.0027451245732663665,
      1.6552941107528483
    ],
    "rotation": [
      0.01595373337861826,
      -0.005056718107455696,
      3.13499161756761
    ]
  }
]