[
  {
    "label_id": "51YSpD4p82HKWd-g4QplGA",
    "size": [
      1.8247528166886413,
      3.8731390291550216,
      1.7000000000000028
    ],
    "obj_class": "vehicle",
    "point_num_in_lidar": 36,
    "speed": 27.557047467225594,
    "if_vehicle": true,
    "motion_state": true,
    "pose": [
      [
        -0.9999941072477329,
        -0.0018399988062871876,
        -0.002898253647028802,
        -275.1886283361075
      ],
      [
        0.0017975897779011986,
        -0.9998922670623436,
        0.014567873555106772,
        3.313444631616221
      ],
      [
        -0.0029247462796008726,
        0.01456257783910719,
        0.9998896825079654,
        1.685293053892181
      ],
      [
        0.0,
        0.0,
        0.0,
        1.0
      ]
    ],
    "location": [
      -275.1886283361075,
      3.313444631616221,
      1.685293053892181
    ],
    "rotation": [
      0.014563154891502192,
      0.002924750449398837,
      3.13979505515531
    ]
  },
  {
    "label_id": "GbLdFl_1N5IsHL4wnNXI7A",
    "size": [
      2.385955429954038,
      5.839260312057286,
      2.260000000000005
    ],
    "obj_class": "vehicle",
    "point_num_in_lidar": 296,
    "speed": 34.157609038849806,
    "if_vehicle": true,
    "motion_state": true,
    "pose": [
      [
        0.9999948148833284,
        0.0014036852407371104,
        -0.002898253647028802,
        -185.61593629149138
      ],
      [
        -0.0013613206508862677,
        0.9998929562038968,
        0.014567873555106772,
        -28.60190806040191
      ],
      [
        0.0029183921160545814,
        -0.014563852566441526,
        0.9998896825079654,
        1.6185074302188411
      ],
      [
        0.0,
        0.0,
        0.0,
        1.0
      ]
    ],
    "location": [
      -185.61593629149138,
      -28.60190806040191,
      1.6185074302188411
    ],
    "rotation": [
      -0.01456442948909123,
      -0.002918396258734169,
      -0.0013613268685867418
    ]
  },
  {
    "label_id": "SP9K1ASLYVOGKJGsgwUfNg",
    "size": [
      2.671875518376485,
      6.592578344321856,
      1.2000000000000028
    ],
    "obj_class": "vehicle",
    "point_num_in_lidar": 508,
    "speed": 29.80603227670518,
    "if_vehicle": true,
    "motion_state": true,
    "pose": [
      [
        0.99999349152355,
        -0.0021487290050083386,
        -0.002898253647028802,
        -199.41512360259594
      ],
      [
        0.00219073148234591,
        0.9998914829898566,
        0.014567873555106772,
        -25.18235996340991
      ],
      [
        0.0028666367247592367,
        -0.014574128035953182,
        0.9998896825079654,
        1.1885099421827618
      ],
      [
        0.0,
        0.0,
        0.0,
        1.0
      ]
    ],
    "location": [
      -199.41512360259594,
      -25.18235996340991,
      1.1885099421827618
    ],
    "rotation": [
      -0.014574703911008307,
      -0.0028666406509223336,
      0.0021907422360421987
    ]
  },
  {
    "label_id": "Tg3SpAg-VHg4HEu03nHlBw",
    "size": [
      2.020147019869487,
      5.080683295877602,
      1.5300000000000011
    ],
    "obj_class": "vehicle",
    "point_num_in_lidar": 3388,
    "speed": 29.43713213677947,
    "if_vehicle": true,
    "motion_state": true,
    "pose": [
      [
        -0.9999955111543745,
        -0.0007601295275437584,
        -0.002898253647028802,
        -195.0390560081812
      ],
      [
        0.0007178304985113159,
        -0.9998936252319334,
        0.014567873555106772,
        -8.553786360658705
      ],
      [
        -0.002909018816812061,
        0.014565727707311033,
        0.9998896825079654,
        1.4388637611957762
      ],
      [
        0.0,
        0.0,
        0.0,
        1.0
      ]
    ],
    "location": [
      -195.0390560081812,
      -8.553786360658705,
      1.4388637611957762
    ],
    "rotation": [
      0.014566304439017666,
      0.002909022919703207,
      3.1408748199923333
    ]
  },
  {
    "label_id": "VVJv4KQJNlvXP8ZCSsiduQ",
    "size": [
      2.1190692857418156,
      5.258700537101573,
      1.9899999999999949
    ],
    "obj_class": "vehicle",
    "point_num_in_lidar": 425,
    "speed": 30.39694170033758,
    "if_vehicle": true,
    "motion_state": true,
    "pose": [
      [
        -0.9999907853582415,
        -0.0031669108615159864,
        -0.002898253647028802,
        -235.76240528011
      ],
      [
        0.003124366736534262,
        -0.9998890015359596,
        0.014567873555106772,
        -8.664412324080331
      ],
      [
        -0.0029440671023164408,
        0.014558684110081963,
        0.9998896825079654,
        1.9102930538928717
      ],
      [
        0.0,
        0.0,
        0.0,
        1.0
      ]
    ],
    "location": [
      -235.76240528011,
      -8.664412324080331,
      1.9102930538928717
    ],
    "rotation": [
      0.014559261558498524,
      0.0029440713552985587,
      3.138468268229638
    ]
  },
  {
    "label_id": "nB4EiENjRuCfLYmT0fIE9w",
    "size": [
      2.1851151703734346,
      5.179658626210161,
      2.0
    ],
    "obj_class": "vehicle",
    "point_num_in_lidar": 136,
    "speed": 30.110035985063355,
    "if_vehicle": true,
    "motion_state": true,
    "pose": [
      [
        0.999993392763462,
        -0.0021942094744824246,
        -0.002898253647028802,
        -226.56493180273173
      ],
      [
        0.00223620731235013,
        0.9998913823195692,
        0.014567873555106772,
        -32.54160450190284
      ],
      [
        0.002865973879262684,
        -0.01457425839771887,
        0.9998896825079654,
        1.653918404087264
      ],
      [
        0.0,
        0.0,
        0.0,
        1.0
      ]
    ],
    "location": [
      -226.56493180273173,
      -32.54160450190284,
      1.653918404087264
    ],
    "rotation": [
      -0.014574834259463716,
      -0.0028659778027028925,
      0.0022362183600590324
    ]
  },
  {
    "label_id": "rqfOTWCn_wsnI2ntSDInNw",
    "size": [
      2.0768315901374175,
      4.690694819450895,
      1.7999999999999972
    ],
    "obj_class": "vehicle",
    "point_num_in_lidar": 608,
    "speed": 29.791810890062607,
    "if_vehicle": true,
    "motion_state": true,
    "pose": [
      [
        0.9999952326483894,
        -0.001065272871515932,
        -0.002898253647028802,
        -193.71811193341364
      ],
      [
        0.001107385846562537,
        0.9998932696826544,
        0.014567873555106772,
        -25.059091743874887
      ],
      [
        0.002882425555003376,
        -0.014571013589999786,
        0.9998896825079654,
        1.52017822708018
      ],
      [
        0.0,
        0.0,
        0.0,
        1.0
      ]
    ],
    "location": [
      -193.71811193341364,
      -25.059091743874887,
      1.52017822708018
    ],
    "rotation": [
      -0.01457158978290076,
      -0.002882429546398035,
      0.0011073906732155824
    ]
  },
  {
    "label_id": "sKK2EIteB0wJN28uVuM9_g",
    "size": [
      2.739022511848282,
      6.701826748802899,
      2.319999999999993
    ],
    "obj_class": "vehicle",
    "point_num_in_lidar": 125,
    "speed": 29.78620587541512,
    "if_vehicle": true,
    "motion_state": true,
    "pose": [
      [
        -0.9999865639245362,
        -0.004297917658207203,
        -0.002898253647028802,
        -267.7990674115995
      ],
      [
        0.004255258440975058,
        -0.9998848282855797,
        0.014567873555106772,
        -8.838187397646834
      ],
      [
        -0.002960531371182471,
        0.014555345001762733,
        0.9998896825079654,
        2.2352930538920788
      ],
      [
        0.0,
        0.0,
        0.0,
        1.0
      ]
    ],
    "location": [
      -267.7990674115995,
      -8.838187397646834,
      2.2352930538920788
    ],
    "rotation": [
      0.014555922789440168,
      0.0029605356959171106,
      3.1373373636584727
    ]
  },
  {
    "label_id": "uQtAl7XlwpRkfxkCR-1w7g",
    "size": [
      2.4806414287977963,
      6.630596276479977,
      2.5900000000000034
    ],
    "obj_class": "vehicle",
    "point_num_in_lidar": 1550,
    "speed": 30.96215621074363,
    "if_vehicle": true,
    "motion_state": true,
    "pose": [
      [
        0.999954713951056,
        -0.009064776492506386,
        -0.002898253647028802,
        -215.19548740014966
      ],
      [
        0.009106072459581508,
        0.9998524173619042,
        0.014567873555106772,
        -21.83532676577488
      ],
      [
        0.0027657713973615644,
        -0.014593605541388036,
        0.9998896825079654,
        1.9951699632086815
      ],
      [
        0.0,
        0.0,
        0.0,
        1.0
      ]
    ],
    "location": [
      -215.19548740014966,
      -21.83532676577488,
      1.9951699632086815
    ],
    "rotation": [
      -0.01459417942224476,
      -0.002765774923497799,
      0.009106233141097793
    ]
  },
  {
    "label_id": "ueQ_0ucOt7PBhmXlUZ2E6A",
    "size": [
      2.514309901458946,
      6.308184303185769,
      2.0999999999999943
    ],
    "obj_class": "vehicle",
    "point_num_in_lidar": 43,
    "speed": 36.544225049175516,
    "if_vehicle": true,
    "motion_state": true,
    "pose": [
      [
        0.9998822745226613,
        -0.015067754351153281,
        -0.002898253647028802,
        -268.3043658180152
      ],
      [
        0.015108435445366747,
        0.9997797318602111,
        0.014567873555106772,
        -22.341368461617094
      ],
      [
        0.002678110113942323,
        -0.01460994662336912,
        0.9998896825079654,
        1.901233967255564
      ],
      [
        0.0,
        0.0,
        0.0,
        1.0
      ]
    ],
    "location": [
      -268.3043658180152,
      -22.341368461617094,
      1.901233967255564
    ],
    "rotation": [
      -0.01461051882260877,
      -0.0026781133153091483,
      0.015109064479197487
    ]
  },
  {
    "label_id": "wIYwfiHyf3xxlkWejy3AKA",
    "size": [
      2.020341662420597,
      4.913935278723663,
      1.8400000000000034
    ],
    "obj_class": "vehicle",
    "point_num_in_lidar": 4590,
    "speed": 27.715182419397312,
    "if_vehicle": true,
    "motion_state": true,
    "pose": [
      [
        -0.999994574066141,
        -0.001565874859166865,
        -0.002898253647028802,
        -206.44229713448863
      ],
      [
        0.0015234937493653464,
        -0.9998927222591822,
        0.014567873555106772,
        -4.077106785924116
      ],
      [
        -0.002920754195876695,
        0.014563379039473072,
        0.9998896825079654,
        1.5452930538927205
      ],
      [
        0.0,
        0.0,
        0.0,
        1.0
      ]
    ],
    "location": [
      -206.44229713448863,
      -4.077106785924116,
      1.5452930538927205
    ],
    "rotation": [
      0.014563956010325193,
      0.0029207583486234217,
      3.1400691527527176
    ]
  },
  {
    "label_id": "whKYLsMECd4qHw6aBjY4Uw",
    "size": [
      2.0368988071537353,
      4.235179642802564,
      1.6200000000000045
    ],
    "obj_class": "vehicle",
    "point_num_in_lidar": 134,
    "speed": 27.351693158267455,
    "if_vehicle": true,
    "motion_state": true,
    "pose": [
      [
        -0.9999894213760295,
        -0.0035717309292779002,
        -0.002898253647028802,
        -244.16526311296616
      ],
      [
        0.0035291456032423636,
        -0.9998876547849732,
        0.014567873555106772,
        -0.14645446661234018
      ],
      [
        -0.002949960566650208,
        0.01455749108793489,
        0.9998896825079654,
        1.5652930538921765
      ],
      [
        0.0,
        0.0,
        0.0,
        1.0
      ]
    ],
    "location": [
      -244.16526311296616,
      -0.14645446661234018,
      1.5652930538921765
    ],
    "rotation": [
      0.014558068657602438,
      0.0029499648452245477,
      3.1380634853046887
    ]
  },
  {
    "label_id": "zlAP0tc4N8MeVJiliwYjAw",
    "size": [
      2.1851151703745173,
      5.179658626210161,
      2.0999999999999943
    ],
    "obj_class": "vehicle",
    "point_num_in_lidar": 763,
    "speed": 31.264118429844572,
    "if_vehicle": true,
    "motion_state": true,
    "pose": [
      [
        0.9999949117782531,
        -0.0013328703617942394,
        -0.002898253647028802,
        -187.34284974112234
      ],
      [
        0.0013749560501653089,
        0.9998929375467869,
        0.014567873555106772,
        -21.454877627455062
      ],
      [
        0.0028785262659873486,
        -0.014571784401922638,
        0.9998896825079654,
        1.6791702608292667
      ],
      [
        0.0,
        0.0,
        0.0,
        1.0
      ]
    ],
    "location": [
      -187.34284974112234,
      -21.454877627455062,
      1.6791702608292667
    ],
    "rotation": [
      -0.01457236051618446,
      -0.0028785302412054283,
      0.0013749621798165705
    ]
  }
]