[
  {
    "label_id": "51YSpD4p82HKWd-g4QplGA",
    "size": [
      1.8247528166900837,
      3.8731390291550216,
      1.7000000000000028
    ],
    "obj_class": "vehicle",
    "point_num_in_lidar": 35,
    "speed": 27.557635899338173,
    "if_vehicle": true,
    "motion_state": true,
    "pose": [
      [
        -0.9999938227554007,
        -0.0034353940406184184,
        0.0007433161008877409,
        -280.6760733469325
      ],
      [
        0.003445796359983771,
        -0.999889255665759,
        0.01447766872186498,
        3.331296987251335
      ],
      [
        0.0006934972859918749,
        0.014480140605678815,
        0.9998949167735347,
        1.7076672022397474
      ],
      [
        0.0,
        0.0,
        0.0,
        1.0
      ]
    ],
    "location": [
      -280.6760733469325,
      3.331296987251335,
      1.7076672022397474
    ],
    "rotation": [
      0.014480650155130184,
      -0.0006934973415801427,
      3.138146849582209
    ]
  },
  {
    "label_id": "8sHPhnKieagR_sUTj56yog",
    "size": [
      1.940785179831487,
      4.567201299621529,
      1.5499999999999972
    ],
    "obj_class": "vehicle",
    "point_num_in_lidar": 135,
    "speed": 32.08793065693261,
    "if_vehicle": true,
    "motion_state": true,
    "pose": [
      [
        0.9999874243705771,
        -0.004959695744038205,
        0.0007433161008877409,
        -212.94277342700934
      ],
      [
        0.0049484159483682635,
        0.9998829482934399,
        0.01447766872186498,
        -28.841017617862235
      ],
      [
        -0.0008150339264130472,
        -0.014473808418819914,
        0.9998949167735347,
        1.3968403660431363
      ],
      [
        0.0,
        0.0,
        0.0,
        1.0
      ]
    ],
    "location": [
      -212.94277342700934,
      -28.841017617862235,
      1.3968403660431363
    ],
    "rotation": [
      -0.014474318630052375,
      0.000815034016648238,
      0.004948437787341457
    ]
  },
  {
    "label_id": "SP9K1ASLYVOGKJGsgwUfNg",
    "size": [
      2.6718755183774108,
      6.592578344321856,
      1.2000000000000028
    ],
    "obj_class": "vehicle",
    "point_num_in_lidar": 364,
    "speed": 29.889328653614527,
    "if_vehicle": true,
    "motion_state": true,
    "pose": [
      [
        0.9999995978779471,
        0.0005017221523189516,
        0.0007433161008877409,
        -193.46191030620298
      ],
      [
        -0.0005124311928011289,
        0.9998950617553087,
        0.01447766872186498,
        -25.186079512719516
      ],
      [
        -0.0007359743314891682,
        -0.014478043798431319,
        0.9998949167735347,
        1.1351754641457603
      ],
      [
        0.0,
        0.0,
        0.0,
        1.0
      ]
    ],
    "location": [
      -193.46191030620298,
      -25.186079512719516,
      1.1351754641457603
    ],
    "rotation": [
      -0.014478553567149974,
      0.0007359743979302751,
      -0.0005124313540086755
    ]
  },
  {
    "label_id": "Tg3SpAg-VHg4HEu03nHlBw",
    "size": [
      2.02014701986901,
      5.080683295877602,
      1.5300000000000011
    ],
    "obj_class": "vehicle",
    "point_num_in_lidar": 3275,
    "speed": 29.46298995846104,
    "if_vehicle": true,
    "motion_state": true,
    "pose": [
      [
        -0.9999994108526512,
        0.0007910597477880832,
        0.0007433161008877409,
        -200.91337078137212
      ],
      [
        -0.0007802155738370703,
        -0.9998948886618224,
        0.01447766872186498,
        -8.563703904535942
      ],
      [
        0.0007546906709053656,
        0.01447708024558664,
        0.9998949167735347,
        1.4474352350289337
      ],
      [
        0.0,
        0.0,
        0.0,
        1.0
      ]
    ],
    "location": [
      -200.91337078137212,
      -8.563703904535942,
      1.4474352350289337
    ],
    "rotation": [
      0.014477590115023234,
      -0.0007546907425454033,
      -3.1408124377146094
    ]
  },
  {
    "label_id": "VVJv4KQJNlvXP8ZCSsiduQ",
    "size": [
      2.1190692857449553,
      5.258700537101573,
      1.9899999999999949
    ],
    "obj_class": "vehicle",
    "point_num_in_lidar": 418,
    "speed": 30.407070327196877,
    "if_vehicle": true,
    "motion_state": true,
    "pose": [
      [
        -0.9999950961164576,
        -0.0030422399988135327,
        0.0007433161008877409,
        -241.8494380634811
      ],
      [
        0.003052683428575056,
        -0.9998905331246339,
        0.01447766872186498,
        -8.632771413453156
      ],
      [
        0.0006991901895215383,
        0.01447986683380698,
        0.9998949167735347,
        1.9102930538928717
      ],
      [
        0.0,
        0.0,
        0.0,
        1.0
      ]
    ],
    "location": [
      -241.8494380634811,
      -8.632771413453156,
      1.9102930538928717
    ],
    "rotation": [
      0.01448037641189444,
      -0.0006991902464900434,
      3.1385399646737535
    ]
  },
  {
    "label_id": "nB4EiENjRuCfLYmT0fIE9w",
    "size": [
      2.1851151703734337,
      5.179658626210161,
      2.0
    ],
    "obj_class": "vehicle",
    "point_num_in_lidar": 477,
    "speed": 30.075149362234644,
    "if_vehicle": true,
    "motion_state": true,
    "pose": [
      [
        0.9999973164404864,
        -0.0021942180839091595,
        0.0007433161008877409,
        -220.4299686748884
      ],
      [
        0.002183227259282298,
        0.9998928095686628,
        0.01447766872186498,
        -32.52810673977183
      ],
      [
        -0.0007750035870366291,
        -0.014476007042205625,
        0.9998949167735347,
        1.635169963208682
      ],
      [
        0.0,
        0.0,
        0.0,
        1.0
      ]
    ],
    "location": [
      -220.4299686748884,
      -32.52810673977183,
      1.635169963208682
    ],
    "rotation": [
      -0.014476517023790035,
      0.0007750036646184565,
      0.002183229649329687
    ]
  },
  {
    "label_id": "sKK2EIteB0wJN28uVuM9_g",
    "size": [
      2.7390225118485065,
      6.701826748802899,
      2.319999999999993
    ],
    "obj_class": "vehicle",
    "point_num_in_lidar": 117,
    "speed": 29.784743797303044,
    "if_vehicle": true,
    "motion_state": true,
    "pose": [
      [
        -0.9999904767763941,
        -0.004300446220329103,
        0.0007433161008877409,
        -273.709814476319
      ],
      [
        0.004310758079120285,
        -0.9998859007272596,
        0.01447766872186498,
        -8.812559546762714
      ],
      [
        0.0006809708533270923,
        0.014480735103675693,
        0.9998949167735347,
        2.2352930538920504
      ],
      [
        0.0,
        0.0,
        0.0,
        1.0
      ]
    ],
    "location": [
      -273.709814476319,
      -8.812559546762714,
      2.2352930538920504
    ],
    "rotation": [
      0.014481244590936063,
      -0.0006809709059572186,
      3.1372818811601824
    ]
  },
  {
    "label_id": "uQtAl7XlwpRkfxkCR-1w7g",
    "size": [
      2.48064142879753,
      6.630596276479977,
      2.5900000000000034
    ],
    "obj_class": "vehicle",
    "point_num_in_lidar": 2090,
    "speed": 30.921977109789303,
    "if_vehicle": true,
    "motion_state": true,
    "pose": [
      [
        0.9999794888433953,
        -0.006361554344317604,
        0.0007433161008877409,
        -209.13877480627502
      ],
      [
        0.0063501280966932975,
        0.9998750286818525,
        0.01447766872186498,
        -21.80007780818596
      ],
      [
        -0.0008353236840479841,
        -0.014472651615677585,
        0.9998949167735347,
        1.9431714388488928
      ],
      [
        0.0,
        0.0,
        0.0,
        1.0
      ]
    ],
    "location": [
      -209.13877480627502,
      -21.80007780818596,
      1.9431714388488928
    ],
    "rotation": [
      -0.014473161947682925,
      0.0008353237811913779,
      0.006350172990192688
    ]
  },
  {
    "label_id": "ueQ_0ucOt7PBhmXlUZ2E6A",
    "size": [
      2.514309901455936,
      6.308184303185769,
      2.0999999999999943
    ],
    "obj_class": "vehicle",
    "point_num_in_lidar": 97,
    "speed": 36.33717249545454,
    "if_vehicle": true,
    "motion_state": true,
    "pose": [
      [
        0.9998809528077686,
        -0.015411933473868832,
        0.0007433161008877409,
        -261.0475705240542
      ],
      [
        0.015399562243581588,
        0.9997766003418393,
        0.01447766872186498,
        -22.183097125114728
      ],
      [
        -0.0009662789115229921,
        -0.01446449845349131,
        0.9998949167735347,
        1.8762367245893046
      ],
      [
        0.0,
        0.0,
        0.0,
        1.0
      ]
    ],
    "location": [
      -261.0475705240542,
      -22.183097125114728,
      1.8762367245893046
    ],
    "rotation": [
      -0.01446500963560706,
      0.0009662790618913429,
      0.015400178157407605
    ]
  },
  {
    "label_id": "wIYwfiHyf3xxlkWejy3AKA",
    "size": [
      2.0203416624239616,
      4.913935278723663,
      1.8400000000000034
    ],
    "obj_class": "vehicle",
    "point_num_in_lidar": 4694,
    "speed": 27.679659278601733,
    "if_vehicle": true,
    "motion_state": true,
    "pose": [
      [
        -0.999998895282855,
        -0.0012872118098586096,
        0.0007433161008877409,
        -211.99925136237403
      ],
      [
        0.0012978387349447046,
        -0.9998943507806202,
        0.01447766872186498,
        -4.06820078317287
      ],
      [
        0.0007246017439639245,
        0.014478617432564164,
        0.9998949167735347,
        1.5452930538927205
      ],
      [
        0.0,
        0.0,
        0.0,
        1.0
      ]
    ],
    "location": [
      -211.99925136237403,
      -4.06820078317287,
      1.5452930538927205
    ],
    "rotation": [
      0.014479127141309412,
      -0.0007246018073723511,
      3.1402948141497906
    ]
  },
  {
    "label_id": "whKYLsMECd4qHw6aBjY4Uw",
    "size": [
      2.036898807154218,
      4.235179642802564,
      1.6200000000000045
    ],
    "obj_class": "vehicle",
    "point_num_in_lidar": 138,
    "speed": 27.400330899334968,
    "if_vehicle": true,
    "motion_state": true,
    "pose": [
      [
        -0.9999903429652633,
        -0.004331449802204786,
        0.0007433161008877409,
        -249.65008465013693
      ],
      [
        0.004341758418727816,
        -0.9998857665964714,
        0.01447766872186498,
        -0.12291276561882114
      ],
      [
        0.0006805218940379305,
        0.014480756209454033,
        0.9998949167735347,
        1.5652930538921765
      ],
      [
        0.0,
        0.0,
        0.0,
        1.0
      ]
    ],
    "location": [
      -249.65008465013693,
      -0.12291276561882114,
      1.5652930538921765
    ],
    "rotation": [
      0.01448126569450632,
      -0.0006805219465640293,
      3.1372508805245993
    ]
  }
]