[
  {
    "label_id": "DJQgAwkymvSI9-oWygGXeg",
    "size": [
      0.4012512560257141,
      0.08260111178975847,
      1.269999999999996
    ],
    "obj_class": "sign",
    "point_num_in_lidar": 33,
    "speed": 0.030642703107733243,
    "if_vehicle": false,
    "motion_state": false,
    "pose": [
      [
        0.9999893829957313,
        3.610150470116307e-14,
        0.004608025153676938,
        -107.3008631900143
      ],
      [
        -6.272257904999833e-05,
        0.9999073579292015,
        0.01361145197698457,
        17.07777766590698
      ],
      [
        -0.004607598256683918,
        -0.013611596491362789,
        0.999896741908514,
        2.133069005497788
      ],
      [
        0.0,
        0.0,
        0.0,
        1.0
      ]
    ],
    "location": [
      -107.3008631900143,
      17.07777766590698,
      2.133069005497788
    ],
    "rotation": [
      -0.013612161344958828,
      0.004607614560028755,
      -6.272324490070268e-05
    ]
  },
  {
    "label_id": "Tg3SpAg-VHg4HEu03nHlBw",
    "size": [
      2.020147019871714,
      5.080683295877602,
      1.5300000000000011
    ],
    "obj_class": "vehicle",
    "point_num_in_lidar": 2643,
    "speed": 29.838499076895737,
    "if_vehicle": true,
    "motion_state": true,
    "pose": [
      [
        -0.9999797012226493,
        0.00440036894410515,
        0.004608025153676938,
        -97.11562265717725
      ],
      [
        -0.0043372860279759316,
        -0.9998979529556953,
        0.01361145197698457,
        -8.413650833213978
      ],
      [
        0.004667450328893624,
        0.013591189358035863,
        0.999896741908514,
        1.0436422779482228
      ],
      [
        0.0,
        0.0,
        0.0,
        1.0
      ]
    ],
    "location": [
      -97.11562265717725,
      -8.413650833213978,
      1.0436422779482228
    ],
    "rotation": [
      0.013591755879961033,
      -0.0046674672758660095,
      -3.1372553067175235
    ]
  },
  {
    "label_id": "VVJv4KQJNlvXP8ZCSsiduQ",
    "size": [
      2.119069285744851,
      5.258700537101573,
      1.9899999999999949
    ],
    "obj_class": "vehicle",
    "point_num_in_lidar": 461,
    "speed": 30.444621467447714,
    "if_vehicle": true,
    "motion_state": true,
    "pose": [
      [
        -0.9999862678930782,
        -0.002496022727467003,
        0.004608025153676938,
        -135.42371334923655
      ],
      [
        0.0025585403724875653,
        -0.9999040865234229,
        0.01361145197698457,
        -8.985616265334102
      ],
      [
        0.004573608688475914,
        0.013623054881463781,
        0.999896741908514,
        1.4147389994020614
      ],
      [
        0.0,
        0.0,
        0.0,
        1.0
      ]
    ],
    "location": [
      -135.42371334923655,
      -8.985616265334102,
      1.4147389994020614
    ],
    "rotation": [
      0.013623618793342031,
      -0.004573624633671488,
      3.1390340836657264
    ]
  },
  {
    "label_id": "sKK2EIteB0wJN28uVuM9_g",
    "size": [
      2.7390225118508993,
      6.701826748802899,
      2.319999999999993
    ],
    "obj_class": "vehicle",
    "point_num_in_lidar": 133,
    "speed": 30.343559967032565,
    "if_vehicle": true,
    "motion_state": true,
    "pose": [
      [
        -0.9999885376005373,
        0.0013002967822684458,
        0.004608025153676938,
        -168.57726729054616
      ],
      [
        -0.0012374675982180128,
        -0.9999065941621855,
        0.01361145197698457,
        -8.909116185770472
      ],
      [
        0.004625293664434462,
        0.013605593675265292,
        0.999896741908514,
        1.5386305055424145
      ],
      [
        0.0,
        0.0,
        0.0,
        1.0
      ]
    ],
    "location": [
      -168.57726729054616,
      -8.909116185770472,
      1.5386305055424145
    ],
    "rotation": [
      0.013606159020781187,
      -0.0046253101563410335,
      -3.1403551724387415
    ]
  },
  {
    "label_id": "wIYwfiHyf3xxlkWejy3AKA",
    "size": [
      2.0203416624226853,
      4.913935278723663,
      1.8400000000000034
    ],
    "obj_class": "vehicle",
    "point_num_in_lidar": 2332,
    "speed": 27.886388864766726,
    "if_vehicle": true,
    "motion_state": true,
    "pose": [
      [
        -0.9999893739375151,
        -0.000134596581640705,
        0.004608025153676938,
        -114.83983713711655
      ],
      [
        0.00019730811967566422,
        -0.9999073404293941,
        0.01361145197698457,
        -4.034063413615513
      ],
      [
        0.0046057661211375885,
        0.013612216541623841,
        0.999896741908514,
        1.1552930538925636
      ],
      [
        0.0,
        0.0,
        0.0,
        1.0
      ]
    ],
    "location": [
      -114.83983713711655,
      -4.034063413615513,
      1.1552930538925636
    ],
    "rotation": [
      0.013612781344352004,
      -0.004605782405041764,
      3.1413953433760473
    ]
  },
  {
    "label_id": "whKYLsMECd4qHw6aBjY4Uw",
    "size": [
      2.036898807152135,
      4.235179642802564,
      1.6200000000000045
    ],
    "obj_class": "vehicle",
    "point_num_in_lidar": 78,
    "speed": 27.764086564802998,
    "if_vehicle": true,
    "motion_state": true,
    "pose": [
      [
        -0.9999885945616895,
        -0.0012557271679083403,
        0.004608025153676938,
        -153.48197121560133
      ],
      [
        0.001318346695271033,
        -0.9999064907965491,
        0.01361145197698457,
        -0.21146956423581287
      ],
      [
        0.004590501990873156,
        0.013617371707141805,
        0.999896741908514,
        1.1352930538921981
      ],
      [
        0.0,
        0.0,
        0.0,
        1.0
      ]
    ],
    "location": [
      -153.48197121560133,
      -0.21146956423581287,
      1.1352930538921981
    ],
    "rotation": [
      0.013617936086543611,
      -0.004590518113411117,
      3.140274292621833
    ]
  }
]