[
  {
    "label_id": "DJQgAwkymvSI9-oWygGXeg",
    "size": [
      0.4012512560257187,
      0.08260111178975847,
      1.269999999999996
    ],
    "obj_class": "sign",
    "point_num_in_lidar": 68,
    "speed": 0.029769306697119045,
    "if_vehicle": false,
    "motion_state": false,
    "pose": [
      [
        0.9999943666411012,
        -7.40286802379284e-15,
        0.003356588455981503,
        -107.30709183754857
      ],
      [
        -4.6981751300252e-05,
        0.9999020389374964,
        0.013996796824724071,
        17.077752724953825
      ],
      [
        -0.0033562596410100717,
        -0.013996875674148179,
        0.9998964061304474,
        2.133069005497788
      ],
      [
        0.0,
        0.0,
        0.0,
        1.0
      ]
    ],
    "location": [
      -107.30709183754857,
      17.077752724953825,
      2.133069005497788
    ],
    "rotation": [
      -0.013997411583806433,
      0.003356265942127929,
      -4.698201593224178e-05
    ]
  },
  {
    "label_id": "VVJv4KQJNlvXP8ZCSsiduQ",
    "size": [
      2.119069285743063,
      5.258700537101573,
      1.9899999999999949
    ],
    "obj_class": "vehicle",
    "point_num_in_lidar": 471,
    "speed": 30.45093398506825,
    "if_vehicle": true,
    "motion_state": true,
    "pose": [
      [
        -0.9999920756978208,
        -0.0021405269213569467,
        0.003356588455981503,
        -129.33653324519082
      ],
      [
        0.0021873109339829873,
        -0.9998996476394646,
        0.013996796824724071,
        -9.006941705280042
      ],
      [
        0.0033262910939905145,
        0.014004027812507138,
        0.9998964061304474,
        1.4036283871742086
      ],
      [
        0.0,
        0.0,
        0.0,
        1.0
      ]
    ],
    "location": [
      -129.33653324519082,
      -9.006941705280042,
      1.4036283871742086
    ],
    "rotation": [
      0.01400456306108933,
      -0.003326297227819606,
      3.139405328811105
    ]
  },
  {
    "label_id": "sKK2EIteB0wJN28uVuM9_g",
    "size": [
      2.7390225118511338,
      6.701826748802899,
      2.319999999999993
    ],
    "obj_class": "vehicle",
    "point_num_in_lidar": 146,
    "speed": 30.341627234526424,
    "if_vehicle": true,
    "motion_state": true,
    "pose": [
      [
        -0.9999935212442654,
        0.0013003012850357216,
        0.003356588455981503,
        -162.50354610084014
      ],
      [
        -0.001253199518938563,
        -0.9999012547094903,
        0.013996796824724071,
        -8.901218497165246
      ],
      [
        0.0033744570615768686,
        0.013992499667858066,
        0.9998964061304474,
        1.5319631924266588
      ],
      [
        0.0,
        0.0,
        0.0,
        1.0
      ]
    ],
    "location": [
      -162.50354610084014,
      -8.901218497165246,
      1.5319631924266588
    ],
    "rotation": [
      0.013993035981286884,
      -0.0033744634657445404,
      -3.1403394466076944
    ]
  },
  {
    "label_id": "wIYwfiHyf3xxlkWejy3AKA",
    "size": [
      2.020341662420806,
      4.913935278723663,
      1.8400000000000034
    ],
    "obj_class": "vehicle",
    "point_num_in_lidar": 2330,
    "speed": 27.93115554119365,
    "if_vehicle": true,
    "motion_state": true,
    "pose": [
      [
        -0.999994336820303,
        -0.0002442156001433446,
        0.003356588455981503,
        -109.24376911265949
      ],
      [
        0.00029117480205739094,
        -0.9999019976457103,
        0.013996796824724071,
        -4.029819157352904
      ],
      [
        0.0033528412662738013,
        0.013997694912327729,
        0.9998964061304474,
        1.1438652005818284
      ],
      [
        0.0,
        0.0,
        0.0,
        1.0
      ]
    ],
    "location": [
      -109.24376911265949,
      -4.029819157352904,
      1.1438652005818284
    ],
    "rotation": [
      0.013998230746335976,
      -0.003352847548157994,
      3.1413014771469805
    ]
  },
  {
    "label_id": "whKYLsMECd4qHw6aBjY4Uw",
    "size": [
      2.0368988071550853,
      4.235179642802564,
      1.6200000000000045
    ],
    "obj_class": "vehicle",
    "point_num_in_lidar": 96,
    "speed": 27.79396876366734,
    "if_vehicle": true,
    "motion_state": true,
    "pose": [
      [
        -0.9999932155701273,
        -0.001517276393396909,
        0.003356588455981503,
        -147.95055585231466
      ],
      [
        0.0015641180031906292,
        -0.999900816688095,
        0.013996796824724071,
        -0.22064317197509808
      ],
      [
        0.003335018529016411,
        0.014001951964870873,
        0.9998964061304474,
        1.1352930538921555
      ],
      [
        0.0,
        0.0,
        0.0,
        1.0
      ]
    ],
    "location": [
      -147.95055585231466,
      -0.22064317197509808,
      1.1352930538921555
    ],
    "rotation": [
      0.014002487405472322,
      -0.0033350247112537918,
      3.140028526250426
    ]
  }
]