[
  {
    "label_id": "1xL0ao45YsPNiojiSd3XhQ",
    "size": [
      2.1414782647449844,
      5.688789540803522,
      1.7000000000000028
    ],
    "obj_class": "vehicle",
    "point_num_in_lidar": 169,
    "speed": 33.526373723857134,
    "if_vehicle": true,
    "motion_state": true,
    "pose": [
      [
        0.9997344384018709,
        0.02187544004803392,
        0.0072469163097656775,
        -336.1082276345833
      ],
      [
        -0.022027724726115906,
        0.9995229924012342,
        0.021646408586012307,
        -21.60988650839863
      ],
      [
        -0.006769934762339741,
        -0.021800293208739167,
        0.9997394236496462,
        3.0126794910542998
      ],
      [
        0.0,
        0.0,
        0.0,
        1.0
      ]
    ],
    "location": [
      -336.1082276345833,
      -21.60988650839863,
      3.0126794910542998
    ],
    "rotation": [
      -0.021802520064780423,
      0.006769986476700158,
      -0.022030011427095653
    ]
  },
  {
    "label_id": "2xdzHitxdLt102cRiyswSg",
    "size": [
      1.804876083045582,
      4.018096345253479,
      1.6700000000000017
    ],
    "obj_class": "vehicle",
    "point_num_in_lidar": 397,
    "speed": 33.842962935270094,
    "if_vehicle": true,
    "motion_state": true,
    "pose": [
      [
        0.9999566738642393,
        0.00584231104673795,
        0.0072469163097656775,
        -304.4208365472789
      ],
      [
        -0.005997966593505146,
        0.9997476968676,
        0.021646408586012307,
        -25.2255226991947
      ],
      [
        -0.00711862283807622,
        -0.02168893749270708,
        0.9997394236496462,
        2.350182638174971
      ],
      [
        0.0,
        0.0,
        0.0,
        1.0
      ]
    ],
    "location": [
      -304.4208365472789,
      -25.2255226991947,
      2.350182638174971
    ],
    "rotation": [
      -0.021691187993032678,
      0.007118682961901492,
      -0.005998154538860607
    ]
  },
  {
    "label_id": "51YSpD4p82HKWd-g4QplGA",
    "size": [
      1.8247528166898141,
      3.8731390291550216,
      1.7000000000000028
    ],
    "obj_class": "vehicle",
    "point_num_in_lidar": 41,
    "speed": 27.589983997537917,
    "if_vehicle": true,
    "motion_state": true,
    "pose": [
      [
        -0.9991651611820503,
        -0.04020525940777556,
        0.0072469163097656775,
        -355.0777544804364
      ],
      [
        0.04035364090280024,
        -0.9989509580861391,
        0.021646408586012307,
        5.141101422152133
      ],
      [
        0.006369014518363166,
        0.021920776782272434,
        0.9997394236496462,
        2.2567197522109836
      ],
      [
        0.0,
        0.0,
        0.0,
        1.0
      ]
    ],
    "location": [
      -355.0777544804364,
      5.141101422152133,
      2.2567197522109836
    ],
    "rotation": [
      0.021922977446975366,
      -0.006369057578300549,
      3.1012272334139848
    ]
  },
  {
    "label_id": "Tg3SpAg-VHg4HEu03nHlBw",
    "size": [
      2.0201470198707,
      5.080683295877602,
      1.5300000000000011
    ],
    "obj_class": "vehicle",
    "point_num_in_lidar": 4020,
    "speed": 29.990330254116124,
    "if_vehicle": true,
    "motion_state": true,
    "pose": [
      [
        -0.9999675049926925,
        -0.003531453339465993,
        0.0072469163097656775,
        -281.2310468814658
      ],
      [
        0.0036875914043638636,
        -0.9997588882650466,
        0.021646408586012307,
        -8.72167762162644
      ],
      [
        0.0071687257113126485,
        0.02167242885209916,
        0.9997394236496462,
        1.9152929049043905
      ],
      [
        0.0,
        0.0,
        0.0,
        1.0
      ]
    ],
    "location": [
      -281.2310468814658,
      -8.72167762162644,
      1.9152929049043905
    ],
    "rotation": [
      0.02167468281188121,
      -0.007168787113619066,
      3.137904959069748
    ]
  },
  {
    "label_id": "VVJv4KQJNlvXP8ZCSsiduQ",
    "size": [
      2.119069285744632,
      5.258700537101573,
      1.9899999999999949
    ],
    "obj_class": "vehicle",
    "point_num_in_lidar": 359,
    "speed": 29.97872243129845,
    "if_vehicle": true,
    "motion_state": true,
    "pose": [
      [
        -0.9999239692556866,
        -0.009976868845067984,
        0.0072469163097656775,
        -323.3985928931711
      ],
      [
        0.01013165898590505,
        -0.9997143504429256,
        0.021646408586012307,
        -8.127586387012343
      ],
      [
        0.007028882851902238,
        0.02171818607820574,
        0.9997394236496462,
        2.758471244699223
      ],
      [
        0.0,
        0.0,
        0.0,
        1.0
      ]
    ],
    "location": [
      -323.3985928931711,
      -8.127586387012343,
      2.758471244699223
    ],
    "rotation": [
      0.0217204304203367,
      -0.007028940730409342,
      3.131460570958803
    ]
  },
  {
    "label_id": "fATYC3yg14069jEAF2e7ew",
    "size": [
      2.009003189342529,
      4.778532543033642,
      1.5600000000000023
    ],
    "obj_class": "vehicle",
    "point_num_in_lidar": 425,
    "speed": 28.124576145895197,
    "if_vehicle": true,
    "motion_state": true,
    "pose": [
      [
        0.9999677928161117,
        -0.0034489903556274813,
        0.0072469163097656775,
        -275.538440175839
      ],
      [
        0.003291399828274762,
        0.9997602711062777,
        0.021646408586012307,
        -32.11278230469361
      ],
      [
        -0.007319837268982967,
        -0.021621858917052972,
        0.9997394236496462,
        1.9335158373718002
      ],
      [
        0.0,
        0.0,
        0.0,
        1.0
      ]
    ],
    "location": [
      -275.538440175839,
      -32.11278230469361,
      1.9335158373718002
    ],
    "rotation": [
      -0.02162412340051553,
      0.007319902636727399,
      0.0032914939517493637
    ]
  },
  {
    "label_id": "klQCXwQXCNWJ1uAlcH-MrA",
    "size": [
      2.157104310393388,
      5.019579080807377,
      1.7999999999999972
    ],
    "obj_class": "vehicle",
    "point_num_in_lidar": 21,
    "speed": 29.0080588709483,
    "if_vehicle": true,
    "motion_state": true,
    "pose": [
      [
        0.9997344384017346,
        0.02187544005426639,
        0.0072469163097656775,
        -354.3366346279345
      ],
      [
        -0.022027724732347053,
        0.999522992401097,
        0.021646408586012307,
        -31.829625029758972
      ],
      [
        -0.006769934762203835,
        -0.021800293208781373,
        0.9997394236496462,
        2.955169963208661
      ],
      [
        0.0,
        0.0,
        0.0,
        1.0
      ]
    ],
    "location": [
      -354.3366346279345,
      -31.829625029758972,
      2.955169963208661
    ],
    "rotation": [
      -0.02180252006482262,
      0.0067699864765642485,
      -0.02203001143332843
    ]
  },
  {
    "label_id": "sKK2EIteB0wJN28uVuM9_g",
    "size": [
      2.7390225118498743,
      6.701826748802899,
      2.319999999999993
    ],
    "obj_class": "vehicle",
    "point_num_in_lidar": 121,
    "speed": 29.801498109263818,
    "if_vehicle": true,
    "motion_state": true,
    "pose": [
      [
        -0.9992836746915392,
        -0.0371432322095604,
        0.0072469163097656775,
        -353.9182872958113
      ],
      [
        0.03729226941115363,
        -0.999069927301134,
        0.021646408586012307,
        -7.63778629511944
      ],
      [
        0.00643615857014172,
        0.021901156671128727,
        0.9997394236496462,
        3.3686194999924197
      ],
      [
        0.0,
        0.0,
        0.0,
        1.0
      ]
    ],
    "location": [
      -353.9182872958113,
      -7.63778629511944,
      3.3686194999924197
    ],
    "rotation": [
      0.0219033616442324,
      -0.006436203006355932,
      3.104290961993423
    ]
  },
  {
    "label_id": "sZQfPd802UwR6HOaI5jkSg",
    "size": [
      2.102882155678794,
      5.042751225908519,
      1.7999999999999972
    ],
    "obj_class": "vehicle",
    "point_num_in_lidar": 475,
    "speed": 36.51539133737289,
    "if_vehicle": true,
    "motion_state": true,
    "pose": [
      [
        0.9999663441820251,
        0.003846128863514125,
        0.0072469163097656775,
        -291.1769468580162
      ],
      [
        -0.004002201271933204,
        0.9997576783302573,
        0.021646408586012307,
        -21.44015852713892
      ],
      [
        -0.007161905348050927,
        -0.021674683676097664,
        0.9997394236496462,
        2.285169963208702
      ],
      [
        0.0,
        0.0,
        0.0,
        1.0
      ]
    ],
    "location": [
      -291.1769468580162,
      -21.44015852713892,
      2.285169963208702
    ],
    "rotation": [
      -0.02167693716406831,
      0.007161966575265908,
      -0.004002314603298864
    ]
  },
  {
    "label_id": "tnV3dDBNm6H-9WFh0sxUxw",
    "size": [
      1.9631862067844212,
      4.929780354607796,
      1.9000000000000057
    ],
    "obj_class": "vehicle",
    "point_num_in_lidar": 138,
    "speed": 28.3164754531987,
    "if_vehicle": true,
    "motion_state": true,
    "pose": [
      [
        0.9999318666527212,
        0.009151188797307867,
        0.0072469163097656775,
        -321.5564330977338
      ],
      [
        -0.009306151975891986,
        0.9997223757277461,
        0.021646408586012307,
        -29.124432027343573
      ],
      [
        -0.00704681401814483,
        -0.021712374648274024,
        0.9997394236496462,
        2.8164870061311973
      ],
      [
        0.0,
        0.0,
        0.0,
        1.0
      ]
    ],
    "location": [
      -321.5564330977338,
      -29.124432027343573,
      2.8164870061311973
    ],
    "rotation": [
      -0.021714620216938693,
      0.0070468723407457546,
      -0.009306517385987359
    ]
  },
  {
    "label_id": "wIYwfiHyf3xxlkWejy3AKA",
    "size": [
      2.02034166242327,
      4.913935278723663,
      1.8400000000000034
    ],
    "obj_class": "vehicle",
    "point_num_in_lidar": 4111,
    "speed": 27.817435717344217,
    "if_vehicle": true,
    "motion_state": true,
    "pose": [
      [
        -0.999972445982219,
        -0.0016091862344901904,
        0.0072469163097656775,
        -286.5905802862021
      ],
      [
        0.0017657250396405986,
        -0.9997641297878275,
        0.021646408586012307,
        -3.95568043599269
      ],
      [
        0.007210373875355335,
        0.02165860820207357,
        0.9997394236496462,
        2.0011222666673376
      ],
      [
        0.0,
        0.0,
        0.0,
        1.0
      ]
    ],
    "location": [
      -286.5905802862021,
      -3.95568043599269,
      2.0011222666673376
    ],
    "rotation": [
      0.02166086504894873,
      -0.0072104363540955105,
      3.1398268817311914
    ]
  },
  {
    "label_id": "whKYLsMECd4qHw6aBjY4Uw",
    "size": [
      2.036898807154851,
      4.235179642802564,
      1.6200000000000045
    ],
    "obj_class": "vehicle",
    "point_num_in_lidar": 161,
    "speed": 27.593574905410122,
    "if_vehicle": true,
    "motion_state": true,
    "pose": [
      [
        -0.9999470194906219,
        -0.007310295193833664,
        0.0072469163097656775,
        -324.112136083776
      ],
      [
        0.00746564378334188,
        -0.9997378142084191,
        0.021646408586012307,
        0.3752194322150899
      ],
      [
        0.007086774634626395,
        0.021699364643955613,
        0.9997394236496462,
        2.151956356410551
      ],
      [
        0.0,
        0.0,
        0.0,
        1.0
      ]
    ],
    "location": [
      -324.112136083776,
      0.3752194322150899,
      2.151956356410551
    ],
    "rotation": [
      0.02170161295313685,
      -0.007086833955075596,
      3.1341267529705945
    ]
  }
]