[
  {
    "label_id": "51YSpD4p82HKWd-g4QplGA",
    "size": [
      1.8247528166895015,
      3.8731390291550216,
      1.7000000000000028
    ],
    "obj_class": "vehicle",
    "point_num_in_lidar": 26,
    "speed": 27.588615570132628,
    "if_vehicle": true,
    "motion_state": true,
    "pose": [
      [
        -0.9999931896691359,
        0.00024947358834491104,
        0.003682170321472569,
        -239.30334856446143
      ],
      [
        -0.00019891431356371543,
        -0.9999057904301663,
        0.013724820484086167,
        3.369668023848135
      ],
      [
        0.003685247406006083,
        0.013723994577135698,
        0.999899030364768,
        1.3852930538921413
      ],
      [
        0.0,
        0.0,
        0.0,
        1.0
      ]
    ],
    "location": [
      -239.30334856446143,
      3.369668023848135,
      1.3852930538921413
    ],
    "rotation": [
      0.013724518631049329,
      -0.0036852557476443203,
      -3.1413937379241714
    ]
  },
  {
    "label_id": "8AKdKWtMZLj710LJ9oR2tg",
    "size": [
      2.3848429518058083,
      5.994803292856382,
      2.019999999999996
    ],
    "obj_class": "vehicle",
    "point_num_in_lidar": 827,
    "speed": 33.02842897357881,
    "if_vehicle": true,
    "motion_state": true,
    "pose": [
      [
        0.9998024296847788,
        0.019533131293686348,
        0.003682170321472569,
        -157.68398170603587
      ],
      [
        -0.01958195168207098,
        0.9997140473510416,
        0.013724820484086167,
        -27.63996735012006
      ],
      [
        -0.0034130286746172967,
        -0.013794212948297004,
        0.999899030364768,
        1.4701699632087042
      ],
      [
        0.0,
        0.0,
        0.0,
        1.0
      ]
    ],
    "location": [
      -157.68398170603587,
      -27.63996735012006,
      1.4701699632087042
    ],
    "rotation": [
      -0.01379473079806496,
      0.0034130353009133745,
      -0.019583317432845394
    ]
  },
  {
    "label_id": "Blbk0VIZwEz5Dck1OTFxtw",
    "size": [
      2.415997165535901,
      5.749342638879151,
      2.0799999999999983
    ],
    "obj_class": "vehicle",
    "point_num_in_lidar": 141,
    "speed": 31.00944047908954,
    "if_vehicle": true,
    "motion_state": true,
    "pose": [
      [
        0.9999913324402993,
        0.0019433646077170901,
        0.003682170321472569,
        -214.16940146207207
      ],
      [
        -0.0019937321072960967,
        0.9999038225424304,
        0.013724820484086167,
        -36.004063377282364
      ],
      [
        -0.0036551438493166674,
        -0.013732042784579691,
        0.999899030364768,
        1.6551688478203062
      ],
      [
        0.0,
        0.0,
        0.0,
        1.0
      ]
    ],
    "location": [
      -214.16940146207207,
      -36.004063377282364,
      1.6551688478203062
    ],
    "rotation": [
      -0.013732566134273233,
      0.0036551519881992092,
      -0.00199374674650197
    ]
  },
  {
    "label_id": "GbLdFl_1N5IsHL4wnNXI7A",
    "size": [
      2.385955429954137,
      5.839260312057286,
      2.260000000000005
    ],
    "obj_class": "vehicle",
    "point_num_in_lidar": 100,
    "speed": 34.564806029130715,
    "if_vehicle": true,
    "motion_state": true,
    "pose": [
      [
        0.9998926433176123,
        -0.014182505457127717,
        0.003682170321472569,
        -229.7807914485818
      ],
      [
        0.01413073334339724,
        0.9998059570125882,
        0.013724820484086167,
        -29.10160899784387
      ],
      [
        -0.0038761081635568812,
        -0.01367131526595493,
        0.999899030364768,
        1.8851699632087389
      ],
      [
        0.0,
        0.0,
        0.0,
        1.0
      ]
    ],
    "location": [
      -229.7807914485818,
      -29.10160899784387,
      1.8851699632087389
    ],
    "rotation": [
      -0.013671843885467548,
      0.0038761178695359117,
      0.014131309814250098
    ]
  },
  {
    "label_id": "Hc8Blq9JkF6K-9085rVO1Q",
    "size": [
      2.271073970758993,
      5.860792375684815,
      2.1299999999999955
    ],
    "obj_class": "vehicle",
    "point_num_in_lidar": 289,
    "speed": 31.400273131479178,
    "if_vehicle": true,
    "motion_state": true,
    "pose": [
      [
        0.9999679089593086,
        0.007114961227668922,
        0.003682170321472569,
        -142.67695301508206
      ],
      [
        -0.00716487548158621,
        0.9998801397477665,
        0.013724820484086167,
        -36.41401094720277
      ],
      [
        -0.0035840774100080806,
        -0.013750762332168874,
        0.999899030364768,
        1.3101699632087502
      ],
      [
        0.0,
        0.0,
        0.0,
        1.0
      ]
    ],
    "location": [
      -142.67695301508206,
      -36.41401094720277,
      1.3101699632087502
    ],
    "rotation": [
      -0.013751284037015372,
      0.0035840850833297323,
      -0.007164982805234922
    ]
  },
  {
    "label_id": "QuLgycy4qelxCvYOO-fhQQ",
    "size": [
      1.3923074070924384,
      0.1706195448298908,
      1.7600000000000051
    ],
    "obj_class": "sign",
    "point_num_in_lidar": 27,
    "speed": 0.03851886287673897,
    "if_vehicle": false,
    "motion_state": false,
    "pose": [
      [
        -0.998848862984274,
        -0.047826671813398176,
        0.003682170321472569,
        -168.4878585915942
      ],
      [
        0.047872970803135066,
        -0.9987591341105031,
        0.013724820484086167,
        -42.40022484173096
      ],
      [
        0.003021188756931141,
        0.013885297767484768,
        0.999899030364768,
        4.077388488191872
      ],
      [
        0.0,
        0.0,
        0.0,
        1.0
      ]
    ],
    "location": [
      -168.4878585915942,
      -42.40022484173096,
      4.077388488191872
    ],
    "rotation": [
      0.0138858073666969,
      -0.003021193352974456,
      3.0937011591183206
    ]
  },
  {
    "label_id": "Tg3SpAg-VHg4HEu03nHlBw",
    "size": [
      2.020147019869609,
      5.080683295877602,
      1.5300000000000011
    ],
    "obj_class": "vehicle",
    "point_num_in_lidar": 3576,
    "speed": 29.644466284764217,
    "if_vehicle": true,
    "motion_state": true,
    "pose": [
      [
        -0.9999923528245389,
        -0.0013175409544666187,
        0.003682170321472569,
        -156.66367930453657
      ],
      [
        0.0013679632103874842,
        -0.9999048744652337,
        0.013724820484086167,
        -8.651068079945617
      ],
      [
        0.003663737039971152,
        0.013729752601509907,
        0.999899030364768,
        1.3136236417946776
      ],
      [
        0.0,
        0.0,
        0.0,
        1.0
      ]
    ],
    "location": [
      -156.66367930453657,
      -8.651068079945617,
      1.3136236417946776
    ],
    "rotation": [
      0.013730276151776044,
      -0.003663745236392173,
      3.14022468077159
    ]
  },
  {
    "label_id": "VVJv4KQJNlvXP8ZCSsiduQ",
    "size": [
      2.1190692857436284,
      5.258700537101573,
      1.9899999999999949
    ],
    "obj_class": "vehicle",
    "point_num_in_lidar": 416,
    "speed": 30.381975227260387,
    "if_vehicle": true,
    "motion_state": true,
    "pose": [
      [
        -0.9999900047672731,
        -0.0025361362882711414,
        0.003682170321472569,
        -196.31221911938792
      ],
      [
        0.002586451905132239,
        -0.9999024650280758,
        0.013724820484086167,
        -8.77597190842971
      ],
      [
        0.0036470031658139453,
        0.013734207057754287,
        0.999899030364768,
        1.610293053892903
      ],
      [
        0.0,
        0.0,
        0.0,
        1.0
      ]
    ],
    "location": [
      -196.31221911938792,
      -8.77597190842971,
      1.610293053892903
    ],
    "rotation": [
      0.013734730217769959,
      -0.003647011250436891,
      3.1390061815999215
    ]
  },
  {
    "label_id": "sKK2EIteB0wJN28uVuM9_g",
    "size": [
      2.7390225118487415,
      6.701826748802899,
      2.319999999999993
    ],
    "obj_class": "vehicle",
    "point_num_in_lidar": 129,
    "speed": 29.938059292671962,
    "if_vehicle": true,
    "motion_state": true,
    "pose": [
      [
        -0.9999926980458224,
        -0.0010224855794696028,
        0.003682170321472569,
        -228.9848223390327
      ],
      [
        0.0010729336443480873,
        -0.9999052345677937,
        0.013724820484086167,
        -8.960205982337357
      ],
      [
        0.0036677879479848096,
        0.013728670990498024,
        0.999899030364768,
        1.9186205077561738
      ],
      [
        0.0,
        0.0,
        0.0,
        1.0
      ]
    ],
    "location": [
      -228.9848223390327,
      -8.960205982337357,
      1.9186205077561738
    ],
    "rotation": [
      0.01372919463544081,
      -0.0036677961716237834,
      3.1405197125226
    ]
  },
  {
    "label_id": "wIYwfiHyf3xxlkWejy3AKA",
    "size": [
      2.02034166242112,
      4.913935278723663,
      1.8400000000000034
    ],
    "obj_class": "vehicle",
    "point_num_in_lidar": 3377,
    "speed": 27.748333492841343,
    "if_vehicle": true,
    "motion_state": true,
    "pose": [
      [
        -0.9999926683857986,
        0.0010510929425832849,
        0.003682170321472569,
        -170.29949672352268
      ],
      [
        -0.0010004636226411993,
        -0.9999053097044837,
        0.013724820484086167,
        -4.077755438151144
      ],
      [
        0.0036962477176257324,
        0.01372103598153839,
        0.999899030364768,
        1.4527924237761596
      ],
      [
        0.0,
        0.0,
        0.0,
        1.0
      ]
    ],
    "location": [
      -170.29949672352268,
      -4.077755438151144,
      1.4527924237761596
    ],
    "rotation": [
      0.013721560293882907,
      -0.0036962561341858102,
      -3.1405921829658894
    ]
  },
  {
    "label_id": "whKYLsMECd4qHw6aBjY4Uw",
    "size": [
      2.036898807153713,
      4.235179642802564,
      1.6200000000000045
    ],
    "obj_class": "vehicle",
    "point_num_in_lidar": 98,
    "speed": 27.398510120541957,
    "if_vehicle": true,
    "motion_state": true,
    "pose": [
      [
        -0.9999931500699297,
        -0.000376078372696911,
        0.003682170321472569,
        -208.69623295540146
      ],
      [
        0.0004265829644522576,
        -0.9999057192203944,
        0.013724820484086167,
        -0.19306437021077727
      ],
      [
        0.003676661555430807,
        0.013726297221156977,
        0.999899030364768,
        1.4081476672685938
      ],
      [
        0.0,
        0.0,
        0.0,
        1.0
      ]
    ],
    "location": [
      -208.69623295540146,
      -0.19306437021077727,
      1.4081476672685938
    ],
    "rotation": [
      0.0137268210737703,
      -0.003676669838901754,
      3.1411660677291335
    ]
  },
  {
    "label_id": "zlAP0tc4N8MeVJiliwYjAw",
    "size": [
      2.185115170372828,
      5.179658626210161,
      2.0999999999999943
    ],
    "obj_class": "vehicle",
    "point_num_in_lidar": 64,
    "speed": 31.88475958738094,
    "if_vehicle": true,
    "motion_state": true,
    "pose": [
      [
        0.9999759474838651,
        -0.005877590958028822,
        0.003682170321472569,
        -227.8965504710509
      ],
      [
        0.005826540587146085,
        0.9998888341848138,
        0.013724820484086167,
        -21.66132458226275
      ],
      [
        -0.0037624298707849614,
        -0.01370303605279318,
        0.999899030364768,
        1.7651699632087485
      ],
      [
        0.0,
        0.0,
        0.0,
        1.0
      ]
    ],
    "location": [
      -227.8965504710509,
      -21.66132458226275,
      1.7651699632087485
    ],
    "rotation": [
      -0.013703561932242621,
      0.003762438747591547,
      0.005826614795813258
    ]
  }
]