[
  {
    "label_id": "2sp541kgw5mkeva3hFxZ2w",
    "size": [
      2.006103211111001,
      4.845400726672958,
      1.8599999999999994
    ],
    "obj_class": "vehicle",
    "point_num_in_lidar": 442,
    "speed": 31.809754530526604,
    "if_vehicle": true,
    "motion_state": true,
    "pose": [
      [
        0.9999753242819613,
        -0.003449016332526139,
        0.006120058294180125,
        -270.09877934911947
      ],
      [
        0.003299013891468405,
        0.9996979768119599,
        0.024353062752311545,
        -28.76877642814725
      ],
      [
        -0.006202204005842882,
        -0.024332271665672596,
        0.9996846868993533,
        1.993505562627405
      ],
      [
        0.0,
        0.0,
        0.0,
        1.0
      ]
    ],
    "location": [
      -270.09877934911947,
      -28.76877642814725,
      1.993505562627405
    ],
    "rotation": [
      -0.02433514148173197,
      0.0062022437702406044,
      0.003299083329941442
    ]
  },
  {
    "label_id": "51YSpD4p82HKWd-g4QplGA",
    "size": [
      1.8247528166896456,
      3.8731390291550216,
      1.7000000000000028
    ],
    "obj_class": "vehicle",
    "point_num_in_lidar": 39,
    "speed": 27.578372125304675,
    "if_vehicle": true,
    "motion_state": true,
    "pose": [
      [
        -0.9994649295892125,
        -0.03213097271646821,
        0.006120058294180125,
        -330.27670379339975
      ],
      [
        0.03227101252990625,
        -0.9991824208245843,
        0.024353062752311545,
        4.029443921008351
      ],
      [
        0.005332567067109512,
        0.024537532626915978,
        0.9996846868993533,
        2.0115695901110797
      ],
      [
        0.0,
        0.0,
        0.0,
        1.0
      ]
    ],
    "location": [
      -330.27670379339975,
      4.029443921008351,
      2.0115695901110797
    ],
    "rotation": [
      0.02454034458736175,
      -0.005332592340487093,
      3.1093155780805213
    ]
  },
  {
    "label_id": "DQWfm8sunDOEMFt82MNTfA",
    "size": [
      2.3613898226999783,
      5.8323950911733276,
      2.0
    ],
    "obj_class": "vehicle",
    "point_num_in_lidar": 470,
    "speed": 31.625753368011946,
    "if_vehicle": true,
    "motion_state": true,
    "pose": [
      [
        0.999980511973568,
        -0.0012331097099777834,
        0.006120058294180125,
        -242.3205800429962
      ],
      [
        0.0010837222261223527,
        0.9997028327861829,
        0.024353062752311545,
        -32.630995704908855
      ],
      [
        -0.006148269611656018,
        -0.02434595571598236,
        0.9996846868993533,
        1.7351699632087048
      ],
      [
        0.0,
        0.0,
        0.0,
        1.0
      ]
    ],
    "location": [
      -242.3205800429962,
      -32.630995704908855,
      1.7351699632087048
    ],
    "rotation": [
      -0.024348821738968546,
      0.006148308347662842,
      0.0010837429218562367
    ]
  },
  {
    "label_id": "Tg3SpAg-VHg4HEu03nHlBw",
    "size": [
      2.020147019870523,
      5.080683295877602,
      1.5300000000000011
    ],
    "obj_class": "vehicle",
    "point_num_in_lidar": 4001,
    "speed": 29.847585129870968,
    "if_vehicle": true,
    "motion_state": true,
    "pose": [
      [
        -0.999980782357702,
        0.000989849359297213,
        0.006120058294180125,
        -254.3055379479374
      ],
      [
        -0.000840529429504778,
        -0.9997030668377788,
        0.024353062752311545,
        -8.744239511195701
      ],
      [
        0.006142346909480155,
        0.02434745065475617,
        0.9996846868993533,
        1.7382912691798538
      ],
      [
        0.0,
        0.0,
        0.0,
        1.0
      ]
    ],
    "location": [
      -254.3055379479374,
      -8.744239511195701,
      1.7382912691798538
    ],
    "rotation": [
      0.024350316262809004,
      -0.006142385533648931,
      -3.1407521082049374
    ]
  },
  {
    "label_id": "VVJv4KQJNlvXP8ZCSsiduQ",
    "size": [
      2.119069285744604,
      5.258700537101573,
      1.9899999999999949
    ],
    "obj_class": "vehicle",
    "point_num_in_lidar": 332,
    "speed": 30.11204732326558,
    "if_vehicle": true,
    "motion_state": true,
    "pose": [
      [
        -0.9999480042388228,
        -0.008156819556114936,
        0.006120058294180125,
        -296.35444537029184
      ],
      [
        0.008303593030194109,
        -0.999668934536515,
        0.024353062752311545,
        -8.423573725289316
      ],
      [
        0.005919388615735057,
        0.024402614969672682,
        0.9996846868993533,
        2.292116963146043
      ],
      [
        0.0,
        0.0,
        0.0,
        1.0
      ]
    ],
    "location": [
      -296.35444537029184,
      -8.423573725289316,
      2.292116963146043
    ],
    "rotation": [
      0.024405465190249533,
      -0.005919423184682493,
      3.133288819650682
    ]
  },
  {
    "label_id": "fATYC3yg14069jEAF2e7ew",
    "size": [
      2.0090031893425295,
      4.778532543033642,
      1.5600000000000023
    ],
    "obj_class": "vehicle",
    "point_num_in_lidar": 123,
    "speed": 28.60083062042833,
    "if_vehicle": true,
    "motion_state": true,
    "pose": [
      [
        0.9999753242819618,
        -0.003449016332415564,
        0.006120058294180125,
        -301.02428813785923
      ],
      [
        0.0032990138913578603,
        0.9996979768119603,
        0.024353062752311545,
        -32.17934177646566
      ],
      [
        -0.006202204005840191,
        -0.024332271665673283,
        0.9996846868993533,
        2.335169963208699
      ],
      [
        0.0,
        0.0,
        0.0,
        1.0
      ]
    ],
    "location": [
      -301.02428813785923,
      -32.17934177646566,
      2.335169963208699
    ],
    "rotation": [
      -0.02433514148173266,
      0.006202243770237914,
      0.0032990833298308943
    ]
  },
  {
    "label_id": "sKK2EIteB0wJN28uVuM9_g",
    "size": [
      2.7390225118505125,
      6.701826748802899,
      2.319999999999993
    ],
    "obj_class": "vehicle",
    "point_num_in_lidar": 125,
    "speed": 29.685882686510098,
    "if_vehicle": true,
    "motion_state": true,
    "pose": [
      [
        -0.9998090994886055,
        -0.018555577766794038,
        0.006120058294180125,
        -327.2022283729202
      ],
      [
        0.018699441051182215,
        -0.999528518472062,
        0.024353062752311545,
        -8.372818922813167
      ],
      [
        0.005665287649984383,
        0.024462855409479928,
        0.9996846868993533,
        2.8781480560716233
      ],
      [
        0.0,
        0.0,
        0.0,
        1.0
      ]
    ],
    "location": [
      -327.2022283729202,
      -8.372818922813167,
      2.8781480560716233
    ],
    "rotation": [
      0.02446568865703394,
      -0.005665317955447088,
      3.122891822454147
    ]
  },
  {
    "label_id": "szVPhyjXREd_iM05ie2R9A",
    "size": [
      2.473692665359665,
      6.0769533996968,
      2.200000000000003
    ],
    "obj_class": "vehicle",
    "point_num_in_lidar": 1891,
    "speed": 34.17811916657695,
    "if_vehicle": true,
    "motion_state": true,
    "pose": [
      [
        0.9999769446593432,
        -0.0029419442959794724,
        0.006120058294180125,
        -261.2210368048204
      ],
      [
        0.0027920825127009416,
        0.9996995211611458,
        0.024353062752311545,
        -17.35623262770605
      ],
      [
        -0.006189864700223962,
        -0.024335413576413865,
        0.9996846868993533,
        2.112015514746062
      ],
      [
        0.0,
        0.0,
        0.0,
        1.0
      ]
    ],
    "location": [
      -261.2210368048204,
      -17.35623262770605,
      2.112015514746062
    ],
    "rotation": [
      -0.02433828252237494,
      0.006189904227756622,
      0.0027921396306950738
    ]
  },
  {
    "label_id": "wIYwfiHyf3xxlkWejy3AKA",
    "size": [
      2.020341662421192,
      4.913935278723663,
      1.8400000000000034
    ],
    "obj_class": "vehicle",
    "point_num_in_lidar": 4553,
    "speed": 27.64077552011607,
    "if_vehicle": true,
    "motion_state": true,
    "pose": [
      [
        -0.9999799071817049,
        -0.0016523072791018148,
        0.006120058294180125,
        -261.6331866851731
      ],
      [
        0.0018008929066275427,
        -0.9997017980974731,
        0.024353062752311545,
        -3.9976393296183232
      ],
      [
        0.006077994538299157,
        0.024363595000216873,
        0.9996846868993533,
        1.8345145931996143
      ],
      [
        0.0,
        0.0,
        0.0,
        1.0
      ]
    ],
    "location": [
      -261.6331866851731,
      -3.9976393296183232,
      1.8345145931996143
    ],
    "rotation": [
      0.024366456120331944,
      -0.006078031961151482,
      3.139791726444433
    ]
  },
  {
    "label_id": "whKYLsMECd4qHw6aBjY4Uw",
    "size": [
      2.0368988071533534,
      4.235179642802564,
      1.6200000000000045
    ],
    "obj_class": "vehicle",
    "point_num_in_lidar": 142,
    "speed": 27.593664343572872,
    "if_vehicle": true,
    "motion_state": true,
    "pose": [
      [
        -0.9999558224485386,
        -0.007134286070979552,
        0.006120058294180125,
        -299.2760405590145
      ],
      [
        0.007281344840083322,
        -0.9996769029801088,
        0.024353062752311545,
        0.1948176876121579
      ],
      [
        0.005944339205204208,
        0.024396549148509902,
        0.9996846868993533,
        1.8527892210389183
      ],
      [
        0.0,
        0.0,
        0.0,
        1.0
      ]
    ],
    "location": [
      -299.2760405590145,
      0.1948176876121579,
      1.8527892210389183
    ],
    "rotation": [
      0.024399401068340335,
      -0.0059443742131321895,
      3.134311115757212
    ]
  }
]