[
  {
    "label_id": "DJQgAwkymvSI9-oWygGXeg",
    "size": [
      0.401251256025714,
      0.08260111178975847,
      1.269999999999996
    ],
    "obj_class": "sign",
    "point_num_in_lidar": 50,
    "speed": 0.0300463783161478,
    "if_vehicle": false,
    "motion_state": false,
    "pose": [
      [
        0.9999988032909873,
        -3.995390370472322e-14,
        0.0015470670938466794,
        -107.3285293909064
      ],
      [
        -2.1355603378229038e-05,
        0.9999047212411222,
        0.01380391189669541,
        17.069599076690793
      ],
      [
        -0.0015469196912146286,
        -0.01380392841598089,
        0.9999035246461306,
        2.150719141808807
      ],
      [
        0.0,
        0.0,
        0.0,
        1.0
      ]
    ],
    "location": [
      -107.3285293909064,
      17.069599076690793,
      2.150719141808807
    ],
    "rotation": [
      -0.013804383357477,
      0.0015469203081682542,
      -2.135562893145615e-05
    ]
  },
  {
    "label_id": "JYgD5sfDfxzJmcH8Y9996w",
    "size": [
      2.311757686059123,
      5.837666993730568,
      2.0999999999999943
    ],
    "obj_class": "vehicle",
    "point_num_in_lidar": 729,
    "speed": 30.064183532234832,
    "if_vehicle": true,
    "motion_state": true,
    "pose": [
      [
        0.9999862717147107,
        0.005006292592328792,
        0.0015470670938466794,
        -67.55714508968435
      ],
      [
        -0.005027176925294313,
        0.9998920839313161,
        0.01380391189669541,
        -28.685428669188695
      ],
      [
        -0.001477793718574336,
        -0.013811499772650851,
        0.9999035246461306,
        1.0812339672554998
      ],
      [
        0.0,
        0.0,
        0.0,
        1.0
      ]
    ],
    "location": [
      -67.55714508968435,
      -28.685428669188695,
      1.0812339672554998
    ],
    "rotation": [
      -0.013811954001022511,
      0.0014777942564608122,
      -0.005027203589869377
    ]
  },
  {
    "label_id": "VVJv4KQJNlvXP8ZCSsiduQ",
    "size": [
      2.119069285742848,
      5.258700537101573,
      1.9899999999999949
    ],
    "obj_class": "vehicle",
    "point_num_in_lidar": 591,
    "speed": 30.488439365338532,
    "if_vehicle": true,
    "motion_state": true,
    "pose": [
      [
        -0.9999987492290701,
        -0.00032882168798178117,
        0.0015470670938466794,
        -104.957535494191
      ],
      [
        0.0003501463539899671,
        -0.9999046601620972,
        0.01380391189669541,
        -9.031433829957678
      ],
      [
        0.0015423805711101042,
        0.013804436331065978,
        0.9999035246461306,
        1.3502886439859907
      ],
      [
        0.0,
        0.0,
        0.0,
        1.0
      ]
    ],
    "location": [
      -104.957535494191,
      -9.031433829957678,
      1.3502886439859907
    ],
    "rotation": [
      0.013804891224772546,
      -0.0015423811826486729,
      3.1412425068121594
    ]
  },
  {
    "label_id": "sKK2EIteB0wJN28uVuM9_g",
    "size": [
      2.739022511849937,
      6.701826748802899,
      2.319999999999993
    ],
    "obj_class": "vehicle",
    "point_num_in_lidar": 144,
    "speed": 30.179571625572805,
    "if_vehicle": true,
    "motion_state": true,
    "pose": [
      [
        -0.999998544821857,
        0.0007189837102525794,
        0.0015470670938466794,
        -138.24638039861543
      ],
      [
        -0.000697560468811941,
        -0.9999044781506584,
        0.01380391189669541,
        -8.873959337295673
      ],
      [
        0.0015568441029283056,
        0.013802812636697262,
        0.9999035246461306,
        1.443620275496258
      ],
      [
        0.0,
        0.0,
        0.0,
        1.0
      ]
    ],
    "location": [
      -138.24638039861543,
      -8.873959337295673,
      1.443620275496258
    ],
    "rotation": [
      0.013803267683151625,
      -0.0015568447318326595,
      -3.1408950922190475
    ]
  },
  {
    "label_id": "wIYwfiHyf3xxlkWejy3AKA",
    "size": [
      2.0203416624225126,
      4.913935278723663,
      1.8400000000000034
    ],
    "obj_class": "vehicle",
    "point_num_in_lidar": 2356,
    "speed": 28.090985929443622,
    "if_vehicle": true,
    "motion_state": true,
    "pose": [
      [
        -0.9999987361016489,
        -0.0003665767472750918,
        0.0015470670938466794,
        -86.81269085030635
      ],
      [
        0.00038789786092531146,
        -0.999904646229628,
        0.01380391189669541,
        -4.034302167910937
      ],
      [
        0.0015418593820435004,
        0.013804494553970337,
        0.9999035246461306,
        1.0942899435986533
      ],
      [
        0.0,
        0.0,
        0.0,
        1.0
      ]
    ],
    "location": [
      -86.81269085030635,
      -4.034302167910937,
      1.0942899435986533
    ],
    "rotation": [
      0.013804949442198278,
      -0.0015418599929623393,
      3.141204755258059
    ]
  },
  {
    "label_id": "whKYLsMECd4qHw6aBjY4Uw",
    "size": [
      2.0368988071544964,
      4.235179642802564,
      1.6200000000000045
    ],
    "obj_class": "vehicle",
    "point_num_in_lidar": 92,
    "speed": 27.870343847026046,
    "if_vehicle": true,
    "motion_state": true,
    "pose": [
      [
        -0.9999966153766882,
        -0.0020918457340813566,
        0.0015470670938466794,
        -125.67057325624069
      ],
      [
        0.0021130044854050668,
        -0.9999024888599852,
        0.01380391189669541,
        -0.26457771953027986
      ],
      [
        0.0015180405833559421,
        0.013807134135361929,
        0.9999035246461306,
        1.035293053892218
      ],
      [
        0.0,
        0.0,
        0.0,
        1.0
      ]
    ],
    "location": [
      -125.67057325624069,
      -0.26457771953027986,
      1.035293053892218
    ],
    "rotation": [
      0.013807588775113708,
      -0.001518041166397279,
      3.139479645097369
    ]
  }
]