[
  {
    "label_id": "8AKdKWtMZLj710LJ9oR2tg",
    "size": [
      2.3848429518062395,
      5.994803292856382,
      2.019999999999996
    ],
    "obj_class": "vehicle",
    "point_num_in_lidar": 104,
    "speed": 33.15387444293531,
    "if_vehicle": true,
    "motion_state": true,
    "pose": [
      [
        0.999890776775916,
        0.013860359687225893,
        0.005130784325631154,
        -174.1442281921254
      ],
      [
        -0.013925871857688052,
        0.9998190264127946,
        0.012960884073812101,
        -27.41252880540378
      ],
      [
        -0.004950213274059094,
        -0.013030919089314754,
        0.9999028405481349,
        1.4701699632086473
      ],
      [
        0.0,
        0.0,
        0.0,
        1.0
      ]
    ],
    "location": [
      -174.1442281921254,
      -27.41252880540378,
      1.4701699632086473
    ],
    "rotation": [
      -0.013031447578342409,
      0.004950233491457521,
      -0.013926492647867997
    ]
  },
  {
    "label_id": "BZdLDRqt9bdTfidJZ5hOmw",
    "size": [
      4.68998798638495,
      0.29923360872726334,
      5.236504099802744
    ],
    "obj_class": "sign",
    "point_num_in_lidar": 39,
    "speed": 0.055123579184399904,
    "if_vehicle": false,
    "motion_state": false,
    "pose": [
      [
        0.9999868374394755,
        2.7934099235445522e-15,
        0.005130784325631154,
        -213.14986504981425
      ],
      [
        -6.65003761702566e-05,
        0.9999160020030309,
        0.012960884073812101,
        -4.27407814173057
      ],
      [
        -0.005130353350024884,
        -0.01296105467447873,
        0.9999028405481349,
        7.914155958783709
      ],
      [
        0.0,
        0.0,
        0.0,
        1.0
      ]
    ],
    "location": [
      -213.14986504981425,
      -4.27407814173057,
      7.914155958783709
    ],
    "rotation": [
      -0.012961588176130941,
      0.005130375855890809,
      -6.650125139897231e-05
    ]
  },
  {
    "label_id": "Hc8Blq9JkF6K-9085rVO1Q",
    "size": [
      2.2710739707577807,
      5.860792375684815,
      2.1299999999999955
    ],
    "obj_class": "vehicle",
    "point_num_in_lidar": 318,
    "speed": 31.464084363394914,
    "if_vehicle": true,
    "motion_state": true,
    "pose": [
      [
        0.9999862713377197,
        0.0010640433678130955,
        0.005130784325631154,
        -158.29922785205054
      ],
      [
        -0.001130468333365627,
        0.99991536518116,
        0.012960884073812101,
        -36.296121647766995
      ],
      [
        -0.005116559139889514,
        -0.01296650632741725,
        0.9999028405481349,
        1.410169963208702
      ],
      [
        0.0,
        0.0,
        0.0,
        1.0
      ]
    ],
    "location": [
      -158.29922785205054,
      -36.296121647766995,
      1.410169963208702
    ],
    "rotation": [
      -0.01296703944248481,
      0.00511658146470411,
      -0.0011304833718132692
    ]
  },
  {
    "label_id": "QuLgycy4qelxCvYOO-fhQQ",
    "size": [
      1.3923074070924426,
      0.1706195448298908,
      1.7600000000000051
    ],
    "obj_class": "sign",
    "point_num_in_lidar": 30,
    "speed": 0.03831738580971562,
    "if_vehicle": false,
    "motion_state": false,
    "pose": [
      [
        -0.9988424869407528,
        -0.04782636651697247,
        0.005130784325631154,
        -168.50395319989548
      ],
      [
        0.0478894029462611,
        -0.9987685520527144,
        0.012960884073812101,
        -42.410624715214
      ],
      [
        0.004504594039707262,
        0.013191591879237786,
        0.9999028405481349,
        4.078125754503489
      ],
      [
        0.0,
        0.0,
        0.0,
        1.0
      ]
    ],
    "location": [
      -168.50395319989548,
      -42.410624715214,
      4.078125754503489
    ],
    "rotation": [
      0.01319210835655516,
      -0.004504609273908522,
      3.0936844404047728
    ]
  },
  {
    "label_id": "Tg3SpAg-VHg4HEu03nHlBw",
    "size": [
      2.0201470198697846,
      5.080683295877602,
      1.5300000000000011
    ],
    "obj_class": "vehicle",
    "point_num_in_lidar": 3481,
    "speed": 29.723983329378406,
    "if_vehicle": true,
    "motion_state": true,
    "pose": [
      [
        -0.9999847636906953,
        0.0020365261274983685,
        0.005130784325631154,
        -141.8492513773274
      ],
      [
        -0.0019698816291218893,
        -0.9999140638326838,
        0.012960884073812101,
        -8.679651253160046
      ],
      [
        0.00515673858474268,
        0.012950579559987442,
        0.9999028405481349,
        1.253626811007308
      ],
      [
        0.0,
        0.0,
        0.0,
        1.0
      ]
    ],
    "location": [
      -141.8492513773274,
      -8.679651253160046,
      1.253626811007308
    ],
    "rotation": [
      0.012951113802283306,
      -0.00515676143964104,
      -3.139622744494597
    ]
  },
  {
    "label_id": "VVJv4KQJNlvXP8ZCSsiduQ",
    "size": [
      2.11906928574178,
      5.258700537101573,
      1.9899999999999949
    ],
    "obj_class": "vehicle",
    "point_num_in_lidar": 407,
    "speed": 30.432996853522894,
    "if_vehicle": true,
    "motion_state": true,
    "pose": [
      [
        -0.9999819870189011,
        -0.003114593060760079,
        0.005130784325631154,
        -181.08828417383415
      ],
      [
        0.0031808724879056885,
        -0.9999109448017063,
        0.012960884073812101,
        -8.819930059744365
      ],
      [
        0.005089959523018021,
        0.01297697098035503,
        0.9999028405481349,
        1.6102930538929172
      ],
      [
        0.0,
        0.0,
        0.0,
        1.0
      ]
    ],
    "location": [
      -181.08828417383415,
      -8.819930059744365,
      1.6102930538929172
    ],
    "rotation": [
      0.012977503351198941,
      -0.005089981501454754,
      3.1384117345323435
    ]
  },
  {
    "label_id": "sKK2EIteB0wJN28uVuM9_g",
    "size": [
      2.739022511851192,
      6.701826748802899,
      2.319999999999993
    ],
    "obj_class": "vehicle",
    "point_num_in_lidar": 128,
    "speed": 30.096546331230506,
    "if_vehicle": true,
    "motion_state": true,
    "pose": [
      [
        -0.9999859920051531,
        0.0013003252183862708,
        0.005130784325631154,
        -213.96206864948795
      ],
      [
        -0.001233732788124476,
        -0.9999152431018504,
        0.012960884073812101,
        -8.968130977882538
      ],
      [
        0.005147202820680398,
        0.012954372500963457,
        0.9999028405481349,
        1.8352930538921015
      ],
      [
        0.0,
        0.0,
        0.0,
        1.0
      ]
    ],
    "location": [
      -213.96206864948795,
      -8.968130977882538,
      1.8352930538921015
    ],
    "rotation": [
      0.012954906475407521,
      -0.005147225549023253,
      -3.1403589041452835
    ]
  },
  {
    "label_id": "wIYwfiHyf3xxlkWejy3AKA",
    "size": [
      2.0203416624214747,
      4.913935278723663,
      1.8400000000000034
    ],
    "obj_class": "vehicle",
    "point_num_in_lidar": 3041,
    "speed": 27.718559643234286,
    "if_vehicle": true,
    "motion_state": true,
    "pose": [
      [
        -0.9999863503395616,
        0.0009870090005981923,
        0.005130784325631154,
        -156.4446599247949
      ],
      [
        -0.0009204387406898753,
        -0.9999155805749552,
        0.012960884073812101,
        -4.047185099130729
      ],
      [
        0.005143143697004918,
        0.012955984589482078,
        0.9999028405481349,
        1.3741806384549875
      ],
      [
        0.0,
        0.0,
        0.0,
        1.0
      ]
    ],
    "location": [
      -156.4446599247949,
      -4.047185099130729,
      1.3741806384549875
    ],
    "rotation": [
      0.012956518449970006,
      -0.0051431663716185036,
      -3.1406722025452005
    ]
  },
  {
    "label_id": "whKYLsMECd4qHw6aBjY4Uw",
    "size": [
      2.0368988071548713,
      4.235179642802564,
      1.6200000000000045
    ],
    "obj_class": "vehicle",
    "point_num_in_lidar": 93,
    "speed": 27.490671856921903,
    "if_vehicle": true,
    "motion_state": true,
    "pose": [
      [
        -0.99998682278976,
        -0.0001711696377690164,
        0.005130784325631154,
        -194.97502874082556
      ],
      [
        0.00023765788792666192,
        -0.9999159759713581,
        0.012960884073812101,
        -0.19622777851509454
      ],
      [
        0.005128134706629941,
        0.012961932656884001,
        0.9999028405481349,
        1.3652930538921737
      ],
      [
        0.0,
        0.0,
        0.0,
        1.0
      ]
    ],
    "location": [
      -194.97502874082556,
      -0.19622777851509454,
      1.3652930538921737
    ],
    "rotation": [
      0.012962466096329254,
      -0.005128157183309985,
      3.141354992574632
    ]
  }
]