[
  {
    "label_id": "8AKdKWtMZLj710LJ9oR2tg",
    "size": [
      2.384842951803669,
      5.994803292856382,
      2.019999999999996
    ],
    "obj_class": "vehicle",
    "point_num_in_lidar": 840,
    "speed": 33.03496715750729,
    "if_vehicle": true,
    "motion_state": true,
    "pose": [
      [
        0.9997273219674726,
        0.022845596091465012,
        0.004833265042517538,
        -160.93245869145153
      ],
      [
        -0.022907885349637294,
        0.9996497624786569,
        0.013250704327420714,
        -27.597303501805072
      ],
      [
        -0.004528852012757371,
        -0.013357811032893512,
        0.999900524244215,
        1.4701699632087042
      ],
      [
        0.0,
        0.0,
        0.0,
        1.0
      ]
    ],
    "location": [
      -160.93245869145153,
      -27.597303501805072,
      1.4701699632087042
    ],
    "rotation": [
      -0.013358345308339728,
      0.004528867494403882,
      -0.02291012438075678
    ]
  },
  {
    "label_id": "Blbk0VIZwEz5Dck1OTFxtw",
    "size": [
      2.4159971655357917,
      5.749342638879151,
      2.0799999999999983
    ],
    "obj_class": "vehicle",
    "point_num_in_lidar": 117,
    "speed": 31.08346745571326,
    "if_vehicle": true,
    "motion_state": true,
    "pose": [
      [
        0.9999877410221126,
        0.001075804127691022,
        0.004833265042517538,
        -217.27454100035584
      ],
      [
        -0.0011397671176346554,
        0.9999115559716993,
        0.013250704327420714,
        -36.000093954797194
      ],
      [
        -0.00481858240667708,
        -0.013256050683895645,
        0.999900524244215,
        1.6751662833804204
      ],
      [
        0.0,
        0.0,
        0.0,
        1.0
      ]
    ],
    "location": [
      -217.27454100035584,
      -36.000093954797194,
      1.6751662833804204
    ],
    "rotation": [
      -0.013256592857075287,
      0.004818601053771042,
      -0.0011397805966226616
    ]
  },
  {
    "label_id": "Hc8Blq9JkF6K-9085rVO1Q",
    "size": [
      2.2710739707585637,
      5.860792375684815,
      2.1299999999999955
    ],
    "obj_class": "vehicle",
    "point_num_in_lidar": 300,
    "speed": 31.382247726466144,
    "if_vehicle": true,
    "motion_state": true,
    "pose": [
      [
        0.9999754125650925,
        0.005080729701744686,
        0.004833265042517538,
        -145.8019054780798
      ],
      [
        -0.005144387058852023,
        0.9998989719549751,
        0.013250704327420714,
        -36.388372195167904
      ],
      [
        -0.004765453500153841,
        -0.013275242712727313,
        0.999900524244215,
        1.3351710656788782
      ],
      [
        0.0,
        0.0,
        0.0,
        1.0
      ]
    ],
    "location": [
      -145.8019054780798,
      -36.388372195167904,
      1.3351710656788782
    ],
    "rotation": [
      -0.013275783417461308,
      0.004765471537219923,
      -0.005144468165032485
    ]
  },
  {
    "label_id": "QuLgycy4qelxCvYOO-fhQQ",
    "size": [
      1.3923074070924373,
      0.1706195448298908,
      1.7600000000000051
    ],
    "obj_class": "sign",
    "point_num_in_lidar": 30,
    "speed": 0.038317385167955804,
    "if_vehicle": false,
    "motion_state": false,
    "pose": [
      [
        -0.9988439675113194,
        -0.047826437409398195,
        0.004833265042517538,
        -168.4910776789925
      ],
      [
        0.04788676862377883,
        -0.998764875346345,
        0.013250704327420714,
        -42.402304923522024
      ],
      [
        0.004193561376560046,
        0.013466835527508752,
        0.999900524244215,
        4.077535949046421
      ],
      [
        0.0,
        0.0,
        0.0,
        1.0
      ]
    ],
    "location": [
      -168.4910776789925,
      -42.402304923522024,
      4.077535949046421
    ],
    "rotation": [
      0.013467361034433502,
      -0.004193573667955671,
      3.093687142632809
    ]
  },
  {
    "label_id": "Tg3SpAg-VHg4HEu03nHlBw",
    "size": [
      2.0201470198704454,
      5.080683295877602,
      1.5300000000000011
    ],
    "obj_class": "vehicle",
    "point_num_in_lidar": 3573,
    "speed": 29.66607336158762,
    "if_vehicle": true,
    "motion_state": true,
    "pose": [
      [
        -0.999988151989567,
        -0.000579162774666509,
        0.004833265042517538,
        -153.69607061603188
      ],
      [
        0.0006431635938218867,
        -0.9999119987155964,
        0.013250704327420714,
        -8.65757054061396
      ],
      [
        0.004825165394301378,
        0.013253655913052238,
        0.999900524244215,
        1.3025130927172341
      ],
      [
        0.0,
        0.0,
        0.0,
        1.0
      ]
    ],
    "location": [
      -153.69607061603188,
      -8.65757054061396,
      1.3025130927172341
    ],
    "rotation": [
      0.013254198268778192,
      -0.004825184117925457,
      3.1409494824643587
    ]
  },
  {
    "label_id": "VVJv4KQJNlvXP8ZCSsiduQ",
    "size": [
      2.1190692857436795,
      5.258700537101573,
      1.9899999999999949
    ],
    "obj_class": "vehicle",
    "point_num_in_lidar": 398,
    "speed": 30.39352400400448,
    "if_vehicle": true,
    "motion_state": true,
    "pose": [
      [
        -0.9999848035720523,
        -0.0026518246534813386,
        0.004833265042517538,
        -193.2672753581071
      ],
      [
        0.0027156674932089565,
        -0.9999085178079511,
        0.013250704327420714,
        -8.784763991361615
      ],
      [
        0.004797684340425249,
        0.013263628504809173,
        0.999900524244215,
        1.610293053892903
      ],
      [
        0.0,
        0.0,
        0.0,
        1.0
      ]
    ],
    "location": [
      -193.2672753581071,
      -8.784763991361615,
      1.610293053892903
    ],
    "rotation": [
      0.01326417009935205,
      -0.004797702745952362,
      3.1388769515036667
    ]
  },
  {
    "label_id": "sKK2EIteB0wJN28uVuM9_g",
    "size": [
      2.7390225118512723,
      6.701826748802899,
      2.319999999999993
    ],
    "obj_class": "vehicle",
    "point_num_in_lidar": 140,
    "speed": 29.966284355312258,
    "if_vehicle": true,
    "motion_state": true,
    "pose": [
      [
        -0.9999881640809731,
        -0.0005578951458279676,
        0.004833265042517538,
        -225.98011690066664
      ],
      [
        0.0006218975845876161,
        -0.9999120121681816,
        0.013250704327420714,
        -8.961791063056808
      ],
      [
        0.0048254472703827735,
        0.013253553289012858,
        0.999900524244215,
        1.9019541588986613
      ],
      [
        0.0,
        0.0,
        0.0,
        1.0
      ]
    ],
    "location": [
      -225.98011690066664,
      -8.961791063056808,
      1.9019541588986613
    ],
    "rotation": [
      0.013254095652558143,
      -0.0048254659972884525,
      3.140970748724566
    ]
  },
  {
    "label_id": "wIYwfiHyf3xxlkWejy3AKA",
    "size": [
      2.0203416624233994,
      4.913935278723663,
      1.8400000000000034
    ],
    "obj_class": "vehicle",
    "point_num_in_lidar": 3283,
    "speed": 27.738001343582585,
    "if_vehicle": true,
    "motion_state": true,
    "pose": [
      [
        -0.9999878356946341,
        0.0009838759020102741,
        0.004833265042517538,
        -167.5136975152261
      ],
      [
        -0.0009197561291676185,
        -0.999911782550586,
        0.013250704327420714,
        -4.08066361773308
      ],
      [
        0.004845875712875557,
        0.013246097716660214,
        0.999900524244215,
        1.4452930538926694
      ],
      [
        0.0,
        0.0,
        0.0,
        1.0
      ]
    ],
    "location": [
      -167.5136975152261,
      -4.08066361773308,
      1.4452930538926694
    ],
    "rotation": [
      0.013246640647528327,
      -0.004845894678631269,
      -3.140672886531661
    ]
  },
  {
    "label_id": "whKYLsMECd4qHw6aBjY4Uw",
    "size": [
      2.036898807152169,
      4.235179642802564,
      1.6200000000000045
    ],
    "obj_class": "vehicle",
    "point_num_in_lidar": 101,
    "speed": 27.416487744783144,
    "if_vehicle": true,
    "motion_state": true,
    "pose": [
      [
        -0.999988269164302,
        -0.00031793523332911404,
        0.004833265042517538,
        -205.95756199780317
      ],
      [
        0.0003819559438674567,
        -0.9999121326119033,
        0.013250704327420714,
        -0.1940127497746289
      ],
      [
        0.004828627490370159,
        0.013252394979896642,
        0.999900524244215,
        1.3938623421337581
      ],
      [
        0.0,
        0.0,
        0.0,
        1.0
      ]
    ],
    "location": [
      -205.95756199780317,
      -0.1940127497746289,
      1.3938623421337581
    ],
    "rotation": [
      0.013252937431678716,
      -0.00482864625432651,
      3.141210693183786
    ]
  },
  {
    "label_id": "zlAP0tc4N8MeVJiliwYjAw",
    "size": [
      2.1851151703744525,
      5.179658626210161,
      2.0999999999999943
    ],
    "obj_class": "vehicle",
    "point_num_in_lidar": 36,
    "speed": 31.984760184043257,
    "if_vehicle": true,
    "motion_state": true,
    "pose": [
      [
        0.9999710527844052,
        -0.005876490643002056,
        0.004833265042517538,
        -231.15887961726912
      ],
      [
        0.00581199953346995,
        0.9998953142685739,
        0.013250704327420714,
        -21.68049618392979
      ],
      [
        -0.004910626708624659,
        -0.013222229822253516,
        0.999900524244215,
        1.7651699632087485
      ],
      [
        0.0,
        0.0,
        0.0,
        1.0
      ]
    ],
    "location": [
      -231.15887961726912,
      -21.68049618392979,
      1.7651699632087485
    ],
    "rotation": [
      -0.01322277455942189,
      0.004910646444856,
      0.00581210233335349
    ]
  }
]