[
  {
    "label_id": "-P2r1ulTFQiaIYLQ5q7wrw",
    "size": [
      1.9777032115135535,
      4.853243234693944,
      1.4799999999999969
    ],
    "obj_class": "vehicle",
    "point_num_in_lidar": 162,
    "speed": 0.019570403996230733,
    "if_vehicle": true,
    "motion_state": false,
    "pose": [
      [
        -0.7154947572922767,
        -0.6983652339313239,
        0.01879500793596829,
        4.520742230815131
      ],
      [
        0.6986156414681732,
        -0.7153046624453169,
        0.01659594468549292,
        -22.633639175146527
      ],
      [
        0.0018541260146992748,
        0.025004797940368705,
        0.9996856117283488,
        0.33113679680484154
      ],
      [
        0.0,
        0.0,
        0.0,
        1.0
      ]
    ],
    "location": [
      4.520742230815131,
      -22.633639175146527,
      0.33113679680484154
    ],
    "rotation": [
      0.025007447334169312,
      -0.0018541270770481531,
      2.3681301313565593
    ]
  },
  {
    "label_id": "04pkf4nJONAF_qs2PTV8qQ",
    "size": [
      1.9812665109936358,
      4.883885630197538,
      1.3383567239946075
    ],
    "obj_class": "vehicle",
    "point_num_in_lidar": 1000,
    "speed": 0.017474087847134973,
    "if_vehicle": true,
    "motion_state": false,
    "pose": [
      [
        -0.7637740700244983,
        -0.6452099794910953,
        0.01879500793596829,
        20.27673934088409
      ],
      [
        0.6454733851182571,
        -0.7636024382648172,
        0.01659594468549292,
        -38.24036378410892
      ],
      [
        0.0036440447569497376,
        0.02480722961409433,
        0.9996856117283488,
        0.3085292500737111
      ],
      [
        0.0,
        0.0,
        0.0,
        1.0
      ]
    ],
    "location": [
      20.27673934088409,
      -38.24036378410892,
      0.3085292500737111
    ],
    "rotation": [
      0.024809939468918848,
      -0.0036440528219140894,
      2.4399441311531977
    ]
  },
  {
    "label_id": "3ULvwGxTGRPNwREovjQpTA",
    "size": [
      0.4431422560179352,
      0.06973389285489551,
      0.4799999999999969
    ],
    "obj_class": "sign",
    "point_num_in_lidar": 71,
    "speed": 0.018495449594541545,
    "if_vehicle": false,
    "motion_state": false,
    "pose": [
      [
        0.8678212076819236,
        0.4965209957032777,
        0.01879500793596829,
        19.36903046560053
      ],
      [
        -0.49681108657879414,
        0.8677000166373132,
        0.01659594468549292,
        -40.59058178201485
      ],
      [
        -0.008068193718860658,
        -0.023739881074512338,
        0.9996856117283488,
        2.455135413535835
      ],
      [
        0.0,
        0.0,
        0.0,
        1.0
      ]
    ],
    "location": [
      19.36903046560053,
      -40.59058178201485,
      2.455135413535835
    ],
    "rotation": [
      -0.023742884473239287,
      0.00806828125561163,
      -0.5199390663295272
    ]
  },
  {
    "label_id": "5zhamXYExjfy-r5noa4I-w",
    "size": [
      2.321144072920968,
      5.242010731245653,
      2.1488031328796637
    ],
    "obj_class": "vehicle",
    "point_num_in_lidar": 67,
    "speed": 3.109247041752357,
    "if_vehicle": true,
    "motion_state": true,
    "pose": [
      [
        -0.6980372880516396,
        -0.7158147051899669,
        0.01879500793596829,
        -20.88899749143775
      ],
      [
        0.7160603438496238,
        -0.6978410697185673,
        0.01659594468549292,
        11.302593313917896
      ],
      [
        0.0012363071910099614,
        0.025042948066202365,
        0.9996856117283488,
        1.3371610748978426
      ],
      [
        0.0,
        0.0,
        0.0,
        1.0
      ]
    ],
    "location": [
      -20.88899749143775,
      11.302593313917896,
      1.3371610748978426
    ],
    "rotation": [
      0.02504558556076188,
      -0.0012363075059502596,
      2.343449910478255
    ]
  },
  {
    "label_id": "8pIMDQlT0nvQjhM3aw-_3g",
    "size": [
      0.8878252957322246,
      1.2801816282467895,
      1.8900000000000077
    ],
    "obj_class": "pedestrian",
    "point_num_in_lidar": 279,
    "speed": 1.4619443126156582,
    "if_vehicle": false,
    "motion_state": true,
    "pose": [
      [
        -0.6471694093731494,
        -0.7621144948420123,
        0.01879500793596829,
        32.180014165462126
      ],
      [
        0.762346061172891,
        -0.646956766433565,
        0.01659594468549292,
        -22.2073400779027
      ],
      [
        -0.0004884524410631764,
        0.02506868798979857,
        0.9996856117283488,
        0.9120745922333597
      ],
      [
        0.0,
        0.0,
        0.0,
        1.0
      ]
    ],
    "location": [
      32.180014165462126,
      -22.2073400779027,
      0.9120745922333597
    ],
    "rotation": [
      0.02507131741476546,
      0.0004884524604861469,
      2.27466198708868
    ]
  },
  {
    "label_id": "A-Nl7nzEqcg7i4ocvxkpPA",
    "size": [
      0.9297442150366508,
      1.0123167820115955,
      1.720000000000006
    ],
    "obj_class": "pedestrian",
    "point_num_in_lidar": 74,
    "speed": 2.4150463251431686,
    "if_vehicle": false,
    "motion_state": true,
    "pose": [
      [
        -0.9957769918090671,
        -0.08986061573554836,
        0.01879500793596829,
        9.83520449448747
      ],
      [
        0.09017482274501876,
        -0.9957876661030203,
        0.01659594468549292,
        -21.449785752900425
      ],
      [
        0.017224515278794116,
        0.018220696384266977,
        0.9996856117283488,
        0.6841477333109722
      ],
      [
        0.0,
        0.0,
        0.0,
        1.0
      ]
    ],
    "location": [
      9.83520449448747,
      -21.449785752900425,
      0.6841477333109722
    ],
    "rotation": [
      0.018224408672287903,
      -0.017225367098661338,
      3.051281737646267
    ]
  },
  {
    "label_id": "IYHFssf3Wl6C2KbxWtrySQ",
    "size": [
      0.801830440105882,
      0.7628400743342354,
      1.7800000000000011
    ],
    "obj_class": "pedestrian",
    "point_num_in_lidar": 24,
    "speed": 0.008542485154654562,
    "if_vehicle": false,
    "motion_state": false,
    "pose": [
      [
        0.980422489341649,
        -0.1960063521159734,
        0.01879500793596829,
        -1.8184882833642178
      ],
      [
        0.19570805006398723,
        0.9805217660817875,
        0.01659594468549292,
        -18.677758152516617
      ],
      [
        -0.021681824952618788,
        -0.01259270304744176,
        0.9996856117283488,
        0.5617122040860991
      ],
      [
        0.0,
        0.0,
        0.0,
        1.0
      ]
    ],
    "location": [
      -1.8184882833642178,
      -18.677758152516617,
      0.5617122040860991
    ],
    "rotation": [
      -0.012595997091662679,
      0.021683524088613973,
      0.19702633560250454
    ]
  },
  {
    "label_id": "MXGqNLicpKl4p33SUi0GOQ",
    "size": [
      1.988740724675737,
      3.9803224659455165,
      1.7700000000000031
    ],
    "obj_class": "vehicle",
    "point_num_in_lidar": 4384,
    "speed": 0.12884365047607038,
    "if_vehicle": true,
    "motion_state": false,
    "pose": [
      [
        -0.7109955108817613,
        -0.7029453258843607,
        0.01879500793596829,
        34.378689295527806
      ],
      [
        0.7031945075800652,
        -0.7108038119827619,
        0.01659594468549292,
        -28.567568944699815
      ],
      [
        0.0016935215418298784,
        0.025016188520724132,
        0.9996856117283488,
        0.6139684883731888
      ],
      [
        0.0,
        0.0,
        0.0,
        1.0
      ]
    ],
    "location": [
      34.378689295527806,
      -28.567568944699815,
      0.6139684883731888
    ],
    "rotation": [
      0.025018834369362287,
      -0.0016935223513385139,
      2.36171066841178
    ]
  },
  {
    "label_id": "S4O9SDuUJRryMJ0UwwkETA",
    "size": [
      0.8936347437609931,
      1.0267817717673515,
      1.759999999999998
    ],
    "obj_class": "pedestrian",
    "point_num_in_lidar": 90,
    "speed": 2.495328191229702,
    "if_vehicle": false,
    "motion_state": true,
    "pose": [
      [
        -0.9934686805320817,
        -0.11254656138030807,
        0.01879500793596829,
        10.196268453046741
      ],
      [
        0.1128609301041091,
        -0.9934721863625732,
        0.01659594468549292,
        -22.367101374009508
      ],
      [
        0.01680450111963831,
        0.01860877334584756,
        0.9996856117283488,
        0.6175383042584741
      ],
      [
        0.0,
        0.0,
        0.0,
        1.0
      ]
    ],
    "location": [
      10.196268453046741,
      -22.367101374009508,
      0.6175383042584741
    ],
    "rotation": [
      0.018612475996849384,
      -0.016805292127528806,
      3.0284747022521192
    ]
  },
  {
    "label_id": "UBSBey89iLbYkrfdmmMiZg",
    "size": [
      2.1117221756907623,
      5.523538916194589,
      1.5
    ],
    "obj_class": "vehicle",
    "point_num_in_lidar": 42,
    "speed": 0.029909080093433148,
    "if_vehicle": true,
    "motion_state": false,
    "pose": [
      [
        -0.7115675997645936,
        -0.7023662140521437,
        0.01879500793596829,
        -0.16588515211446975
      ],
      [
        0.7026155517428077,
        -0.711376103808067,
        0.01659594468549292,
        6.259254326896553
      ],
      [
        0.0017138886791623659,
        0.025014801396622974,
        0.9996856117283488,
        0.7280900733141848
      ],
      [
        0.0,
        0.0,
        0.0,
        1.0
      ]
    ],
    "location": [
      -0.16588515211446975,
      6.259254326896553,
      0.7280900733141848
    ],
    "rotation": [
      0.025017447677331505,
      -0.0017138895182303574,
      2.3625245956257905
    ]
  },
  {
    "label_id": "_t9mZCktHo51Y8xS0bDtjw",
    "size": [
      1.0528297196509198,
      1.0230485463507648,
      1.8100000000000023
    ],
    "obj_class": "pedestrian",
    "point_num_in_lidar": 81,
    "speed": 1.5737219576440487,
    "if_vehicle": false,
    "motion_state": true,
    "pose": [
      [
        -0.6705238052189801,
        -0.7416499000952849,
        0.01879500793596829,
        18.757826608946743
      ],
      [
        0.7418879581067505,
        -0.6703184558373673,
        0.01659594468549292,
        -8.646493842137716
      ],
      [
        0.0002902599791066288,
        0.025071766041936113,
        0.9996856117283488,
        0.9119209732252216
      ],
      [
        0.0,
        0.0,
        0.0,
        1.0
      ]
    ],
    "location": [
      18.757826608946743,
      -8.646493842137716,
      0.9119209732252216
    ],
    "rotation": [
      0.025074394499696215,
      -0.0002902599831824042,
      2.305710970762171
    ]
  },
  {
    "label_id": "aQ78rEZvmJFTvo_WzGO48g",
    "size": [
      1.9892282095903149,
      4.265998323109011,
      1.9200000000000017
    ],
    "obj_class": "vehicle",
    "point_num_in_lidar": 7880,
    "speed": 0.074639217435221,
    "if_vehicle": true,
    "motion_state": false,
    "pose": [
      [
        -0.6959603137490762,
        -0.7178342352959868,
        0.01879500793596829,
        39.21881081692288
      ],
      [
        0.7180793043898469,
        -0.6957633845115662,
        0.01659594468549292,
        -33.515913726674626
      ],
      [
        0.0011637410711257358,
        0.025046425094939734,
        0.9996856117283488,
        0.6516872330918844
      ],
      [
        0.0,
        0.0,
        0.0,
        1.0
      ]
    ],
    "location": [
      39.21881081692288,
      -33.515913726674626,
      0.6516872330918844
    ],
    "rotation": [
      0.02504906150137233,
      -0.001163741333800348,
      2.3405533535794265
    ]
  },
  {
    "label_id": "lAuBfm95khsh0xYjKmh7Kg",
    "size": [
      1.983338420610986,
      4.5542189467166345,
      1.4299999999999997
    ],
    "obj_class": "vehicle",
    "point_num_in_lidar": 27,
    "speed": 0.03424181437921623,
    "if_vehicle": true,
    "motion_state": false,
    "pose": [
      [
        -0.718738497061531,
        -0.6950264171370886,
        0.01879500793596829,
        -8.905168007700354
      ],
      [
        0.6952777070159463,
        -0.7185495701387927,
        0.01659594468549292,
        14.964291209495059
      ],
      [
        0.0019705248993817617,
        0.024995894361634036,
        0.9996856117283488,
        0.8293932453641091
      ],
      [
        0.0,
        0.0,
        0.0,
        1.0
      ]
    ],
    "location": [
      -8.905168007700354,
      14.964291209495059,
      0.8293932453641091
    ],
    "rotation": [
      0.024998546522034936,
      -0.0019705261746316358,
      2.3727845671393104
    ]
  },
  {
    "label_id": "tzldZS4tFoBkVHJ-c1DwQw",
    "size": [
      1.0002759330234292,
      0.9240270082794113,
      1.740000000000002
    ],
    "obj_class": "pedestrian",
    "point_num_in_lidar": 22,
    "speed": 1.0183130731926417,
    "if_vehicle": false,
    "motion_state": true,
    "pose": [
      [
        0.6090143308379444,
        0.792936499671126,
        0.01879500793596829,
        -22.00039624425699
      ],
      [
        -0.7931573587207239,
        0.6087905870881717,
        0.01659594468549292,
        -0.6398817761601094
      ],
      [
        0.0017173063719854006,
        -0.02501456699888667,
        0.9996856117283488,
        0.9762965815487945
      ],
      [
        0.0,
        0.0,
        0.0,
        1.0
      ]
    ],
    "location": [
      -22.00039624425699,
      -0.6398817761601094,
      0.9762965815487945
    ],
    "rotation": [
      -0.02501721335259742,
      -0.0017173072160830095,
      -0.9159779102878753
    ]
  },
  {
    "label_id": "vCJ0BzCFmruBIIT0olYkIQ",
    "size": [
      3.234538773750634,
      14.480119551472967,
      3.2713869017741857
    ],
    "obj_class": "vehicle",
    "point_num_in_lidar": 1823,
    "speed": 0.04033892400582304,
    "if_vehicle": true,
    "motion_state": false,
    "pose": [
      [
        -0.7020279132703721,
        -0.7119013672313979,
        0.01879500793596829,
        17.95459029497715
      ],
      [
        0.7121480989484692,
        -0.7018330711672662,
        0.01659594468549292,
        -12.403666292890193
      ],
      [
        0.0013762824302147054,
        0.025035645587628334,
        0.9996856117283488,
        1.6506548349064118
      ],
      [
        0.0,
        0.0,
        0.0,
        1.0
      ]
    ],
    "location": [
      17.95459029497715,
      -12.403666292890193,
      1.6506548349064118
    ],
    "rotation": [
      0.025038285365508544,
      -0.0013762828646967334,
      2.3490383704177704
    ]
  },
  {
    "label_id": "wjzgA1cOPaZYdLiSf4bJZA",
    "size": [
      1.0579551682456636,
      0.9628134095098644,
      1.720000000000006
    ],
    "obj_class": "pedestrian",
    "point_num_in_lidar": 43,
    "speed": 0.952491234214654,
    "if_vehicle": false,
    "motion_state": false,
    "pose": [
      [
        -0.7349788471270104,
        -0.6778295080273042,
        0.01879500793596829,
        0.5846584465249407
      ],
      [
        0.6780851968233303,
        -0.7347959175642317,
        0.01659594468549292,
        -22.651643628201782
      ],
      [
        0.0025612740805208167,
        0.02494228494748434,
        0.9996856117283488,
        0.503046273963129
      ],
      [
        0.0,
        0.0,
        0.0,
        1.0
      ]
    ],
    "location": [
      0.5846584465249407,
      -22.651643628201782,
      0.503046273963129
    ],
    "rotation": [
      0.024944953682193082,
      -0.0025612768809087356,
      2.396435367737889
    ]
  },
  {
    "label_id": "x3klJ8f90QbfLDwyG47N7A",
    "size": [
      0.8826251259658741,
      0.956978295571971,
      1.7813043478260866
    ],
    "obj_class": "pedestrian",
    "point_num_in_lidar": 92,
    "speed": 2.544986173044043,
    "if_vehicle": false,
    "motion_state": true,
    "pose": [
      [
        -0.9998108940653238,
        0.0049923726808790364,
        0.01879500793596829,
        12.346013095296257
      ],
      [
        -0.0046805946424194255,
        -0.9998513222743616,
        0.01659594468549292,
        -21.46225969133593
      ],
      [
        0.018875066677796253,
        0.01650483448041201,
        0.9996856117283488,
        0.7193434931374796
      ],
      [
        0.0,
        0.0,
        0.0,
        1.0
      ]
    ],
    "location": [
      12.346013095296257,
      -21.46225969133593,
      0.7193434931374796
    ],
    "rotation": [
      0.016508525177965857,
      -0.018876187621672213,
      -3.1369112078514534
    ]
  }
]