[
  {
    "label_id": "-P2r1ulTFQiaIYLQ5q7wrw",
    "size": [
      1.9777032115133824,
      4.853243234693944,
      1.4799999999999969
    ],
    "obj_class": "vehicle",
    "point_num_in_lidar": 558,
    "speed": 0.013656902444438273,
    "if_vehicle": true,
    "motion_state": false,
    "pose": [
      [
        -0.7207289805199764,
        -0.6929306120020333,
        0.019922439336663444,
        4.5542721051238
      ],
      [
        0.6932130256356897,
        -0.7205238794670134,
        0.017350510275411776,
        -22.62282287821472
      ],
      [
        0.0023318935756103296,
        0.02631551003291086,
        0.9996509671900787,
        0.34329937733507876
      ],
      [
        0.0,
        0.0,
        0.0,
        1.0
      ]
    ],
    "location": [
      4.5542721051238,
      -22.62282287821472,
      0.34329937733507876
    ],
    "rotation": [
      0.026318619828231884,
      -0.002331895688982529,
      2.3756524892032362
    ]
  },
  {
    "label_id": "04pkf4nJONAF_qs2PTV8qQ",
    "size": [
      1.9812665109936367,
      4.883885630197538,
      1.3383567239946075
    ],
    "obj_class": "vehicle",
    "point_num_in_lidar": 1481,
    "speed": 0.08185583190941953,
    "if_vehicle": true,
    "motion_state": false,
    "pose": [
      [
        -0.7637573940992315,
        -0.64519589224485,
        0.019922439336663444,
        20.237126639130338
      ],
      [
        0.645490899173168,
        -0.7635708604168953,
        0.017350510275411776,
        -38.13922470526086
      ],
      [
        0.004017716187851769,
        0.026111333795386223,
        0.9996509671900787,
        0.26956648349269585
      ],
      [
        0.0,
        0.0,
        0.0,
        1.0
      ]
    ],
    "location": [
      20.237126639130338,
      -38.13922470526086,
      0.26956648349269585
    ],
    "rotation": [
      0.026114512651199996,
      -0.004017726996955109,
      2.439919990151134
    ]
  },
  {
    "label_id": "5zhamXYExjfy-r5noa4I-w",
    "size": [
      2.321144072923054,
      5.242010731245653,
      2.1488031328796637
    ],
    "obj_class": "vehicle",
    "point_num_in_lidar": 114,
    "speed": 0.7711672835854848,
    "if_vehicle": true,
    "motion_state": false,
    "pose": [
      [
        -0.6961483852541493,
        -0.7176214337092485,
        0.019922439336663444,
        -23.012884406201124
      ],
      [
        0.7178965297685199,
        -0.6959335689126508,
        0.017350510275411776,
        13.472237342492008
      ],
      [
        0.0014135962495819285,
        0.02638077977587798,
        0.9996509671900787,
        1.328091432881017
      ],
      [
        0.0,
        0.0,
        0.0,
        1.0
      ]
    ],
    "location": [
      -23.012884406201124,
      13.472237342492008,
      1.328091432881017
    ],
    "rotation": [
      0.026383867032552126,
      -0.0014135967203698291,
      2.3408156081603857
    ]
  },
  {
    "label_id": "8pIMDQlT0nvQjhM3aw-_3g",
    "size": [
      0.8878252957305935,
      1.2801816282467895,
      1.8900000000000077
    ],
    "obj_class": "pedestrian",
    "point_num_in_lidar": 854,
    "speed": 1.3467941758973974,
    "if_vehicle": false,
    "motion_state": true,
    "pose": [
      [
        -0.5684886226571287,
        -0.8224498661439963,
        0.019922439336663444,
        30.70417883618802
      ],
      [
        0.8226858374467244,
        -0.5682314428626457,
        0.017350510275411776,
        -20.211405152733278
      ],
      [
        -0.002949368403926648,
        0.02625347637853174,
        0.9996509671900787,
        0.8974014398608858
      ],
      [
        0.0,
        0.0,
        0.0,
        1.0
      ]
    ],
    "location": [
      30.70417883618802,
      -20.211405152733278,
      0.8974014398608858
    ],
    "rotation": [
      0.026256607387274148,
      0.002949372679924909,
      2.1754669049567923
    ]
  },
  {
    "label_id": "9GOp9QAQoR3n_l4KYwu1hQ",
    "size": [
      0.807426934286266,
      0.08924921455650353,
      0.7712386422860718
    ],
    "obj_class": "sign",
    "point_num_in_lidar": 20,
    "speed": 0.019092146831120173,
    "if_vehicle": false,
    "motion_state": false,
    "pose": [
      [
        0.7967288932200338,
        0.6040084164308116,
        0.019922439336663444,
        -30.461425694765012
      ],
      [
        -0.6043128525014055,
        0.7965581812364977,
        0.017350510275411776,
        10.01154820924603
      ],
      [
        -0.0053895278080891,
        -0.02586303899285695,
        0.9996509671900787,
        3.0292507017940054
      ],
      [
        0.0,
        0.0,
        0.0,
        1.0
      ]
    ],
    "location": [
      -30.461425694765012,
      10.01154820924603,
      3.0292507017940054
    ],
    "rotation": [
      -0.025866298900877282,
      0.005389553900041503,
      -0.6489141599137573
    ]
  },
  {
    "label_id": "A-Nl7nzEqcg7i4ocvxkpPA",
    "size": [
      0.9297442150368519,
      1.0123167820115955,
      1.720000000000006
    ],
    "obj_class": "pedestrian",
    "point_num_in_lidar": 62,
    "speed": 1.5975540659782839,
    "if_vehicle": false,
    "motion_state": true,
    "pose": [
      [
        -0.951349787584522,
        -0.30746817408271954,
        0.019922439336663444,
        6.403463208464814
      ],
      [
        0.307811877078381,
        -0.951289024493958,
        0.017350510275411776,
        -20.754066314315423
      ],
      [
        0.013617268168330305,
        0.022638767713194615,
        0.9996509671900787,
        0.6274810586992459
      ],
      [
        0.0,
        0.0,
        0.0,
        1.0
      ]
    ],
    "location": [
      6.403463208464814,
      -20.754066314315423,
      0.6274810586992459
    ],
    "rotation": [
      0.02264280172289571,
      -0.013617689045106102,
      2.8286702636985566
    ]
  },
  {
    "label_id": "CJ4CLSoO9ybLp8OuNqD6Mw",
    "size": [
      1.0018198154866171,
      0.7605910541212954,
      1.7899999999999991
    ],
    "obj_class": "pedestrian",
    "point_num_in_lidar": 57,
    "speed": 0.02010511373262182,
    "if_vehicle": false,
    "motion_state": false,
    "pose": [
      [
        0.6870009397594657,
        -0.7263833734196342,
        0.019922439336663444,
        0.6479644810872287
      ],
      [
        0.7261805936453113,
        0.6872850247212766,
        0.017350510275411776,
        -20.84764397634717
      ],
      [
        -0.02629551639641251,
        0.0025474719598468057,
        0.9996509671900787,
        0.5004747474747617
      ],
      [
        0.0,
        0.0,
        0.0,
        1.0
      ]
    ],
    "location": [
      0.6479644810872287,
      -20.84764397634717,
      0.5004747474747617
    ],
    "rotation": [
      0.0025483559051389854,
      0.026298547697175566,
      0.8131154942456607
    ]
  },
  {
    "label_id": "HA5PLwFMuobFWkWpC5lNrg",
    "size": [
      2.0717866709385695,
      4.6109109994821855,
      1.8599999999999994
    ],
    "obj_class": "vehicle",
    "point_num_in_lidar": 49,
    "speed": 0.10631211158764586,
    "if_vehicle": true,
    "motion_state": false,
    "pose": [
      [
        0.3120749953505495,
        -0.949848563555176,
        0.019922439336663444,
        -40.444228547833404
      ],
      [
        0.9497861355245104,
        0.3124183998400204,
        0.017350510275411776,
        7.040148209103791
      ],
      [
        -0.022704493880519473,
        0.013507396254262274,
        0.9996509671900787,
        1.2083299756517647
      ],
      [
        0.0,
        0.0,
        0.0,
        1.0
      ]
    ],
    "location": [
      -40.444228547833404,
      7.040148209103791,
      1.2083299756517647
    ],
    "rotation": [
      0.013511290180431231,
      0.022706445005048658,
      1.2533353033082257
    ]
  },
  {
    "label_id": "IYHFssf3Wl6C2KbxWtrySQ",
    "size": [
      0.8018304401048293,
      0.7628400743342354,
      1.7800000000000011
    ],
    "obj_class": "pedestrian",
    "point_num_in_lidar": 21,
    "speed": 0.008542485083065451,
    "if_vehicle": false,
    "motion_state": false,
    "pose": [
      [
        0.943064104034839,
        -0.3320138432232055,
        0.019922439336663444,
        -1.8320638872338577
      ],
      [
        0.3317036300888095,
        0.9432240781378987,
        0.017350510275411776,
        -18.670533171847637
      ],
      [
        -0.024551934076005772,
        -0.009754297979233117,
        0.9996509671900787,
        0.5437158248753917
      ],
      [
        0.0,
        0.0,
        0.0,
        1.0
      ]
    ],
    "location": [
      -1.8320638872338577,
      -18.670533171847637,
      0.5437158248753917
    ],
    "rotation": [
      -0.00975739406963722,
      0.024554401385955375,
      0.33821490002620175
    ]
  },
  {
    "label_id": "PhC6iRGBvwUeTgvZTvRLVQ",
    "size": [
      0.9417185965265047,
      0.8392693976537662,
      1.6599999999999966
    ],
    "obj_class": "pedestrian",
    "point_num_in_lidar": 108,
    "speed": 1.2193466993466629e-28,
    "if_vehicle": false,
    "motion_state": false,
    "pose": [
      [
        -0.9910553063508107,
        0.13195634188919253,
        0.019922439336663444,
        41.99634993819143
      ],
      [
        -0.13161995260251644,
        -0.9911483985105832,
        0.017350510275411776,
        -9.295161053121774
      ],
      [
        0.02203560370881241,
        0.014573124755122959,
        0.9996509671900787,
        0.8784014444738091
      ],
      [
        0.0,
        0.0,
        0.0,
        1.0
      ]
    ],
    "location": [
      41.99634993819143,
      -9.295161053121774,
      0.8784014444738091
    ],
    "rotation": [
      0.01457718041996712,
      -0.02203738739530084,
      -3.0095574334806945
    ]
  },
  {
    "label_id": "QEntjiiBPKNGfkdQ0zaXWg",
    "size": [
      2.178560597270726,
      4.854995535330592,
      1.5200000000000031
    ],
    "obj_class": "vehicle",
    "point_num_in_lidar": 72,
    "speed": 0.0892678303955375,
    "if_vehicle": true,
    "motion_state": false,
    "pose": [
      [
        -0.7049250086847352,
        -0.7090019947374641,
        0.019922439336663444,
        8.81860928138235
      ],
      [
        0.7092797129852799,
        -0.7047135932708419,
        0.017350510275411776,
        -2.5862876407427393
      ],
      [
        0.0017380674166806475,
        0.026361390661254536,
        0.9996509671900787,
        0.591336147455614
      ],
      [
        0.0,
        0.0,
        0.0,
        1.0
      ]
    ],
    "location": [
      8.81860928138235,
      -2.5862876407427393,
      0.591336147455614
    ],
    "rotation": [
      0.026364484636723216,
      -0.0017380682917635406,
      2.353115239734222
    ]
  },
  {
    "label_id": "S4O9SDuUJRryMJ0UwwkETA",
    "size": [
      0.8936347437600874,
      1.0267817717673515,
      1.759999999999998
    ],
    "obj_class": "pedestrian",
    "point_num_in_lidar": 133,
    "speed": 1.5826577692089208,
    "if_vehicle": false,
    "motion_state": true,
    "pose": [
      [
        -0.9308640141209302,
        -0.3648222630618169,
        0.019922439336663444,
        6.500865278480774
      ],
      [
        0.36516162871649777,
        -0.93078243682737,
        0.017350510275411776,
        -21.413040500843636
      ],
      [
        0.012213604209372026,
        0.0234258760381979,
        0.9996509671900787,
        0.5397753594731469
      ],
      [
        0.0,
        0.0,
        0.0,
        1.0
      ]
    ],
    "location": [
      6.500865278480774,
      -21.413040500843636,
      0.5397753594731469
    ],
    "rotation": [
      0.023429767062749792,
      -0.012213907884645384,
      2.7677569786351524
    ]
  },
  {
    "label_id": "TXKfu_6-E93Y1OXDN0jfsg",
    "size": [
      0.7930662920540202,
      0.7385275375345373,
      1.7899999999999991
    ],
    "obj_class": "pedestrian",
    "point_num_in_lidar": 79,
    "speed": 1.0545304879922988,
    "if_vehicle": false,
    "motion_state": true,
    "pose": [
      [
        -0.7004690781618035,
        0.7134046305919455,
        0.019922439336663444,
        45.645285166361646
      ],
      [
        -0.7131965719627231,
        -0.7007493200380597,
        0.017350510275411776,
        -3.0216381172576803
      ],
      [
        0.0263385701922783,
        -0.0020551195017890905,
        0.9996509671900787,
        0.8455788803533508
      ],
      [
        0.0,
        0.0,
        0.0,
        1.0
      ]
    ],
    "location": [
      45.645285166361646,
      -3.0216381172576803,
      0.8455788803533508
    ],
    "rotation": [
      -0.0020558341600724864,
      -0.026341616410038283,
      -2.3471915481381886
    ]
  },
  {
    "label_id": "UBSBey89iLbYkrfdmmMiZg",
    "size": [
      2.111722175691266,
      5.523538916194589,
      1.5
    ],
    "obj_class": "vehicle",
    "point_num_in_lidar": 178,
    "speed": 0.02990907984420238,
    "if_vehicle": true,
    "motion_state": false,
    "pose": [
      [
        -0.7108316333286542,
        -0.7030799993387628,
        0.019922439336663444,
        -0.13204850398062717
      ],
      [
        0.7033594765045511,
        -0.7106225486180595,
        0.017350510275411776,
        6.217371319544327
      ],
      [
        0.0019585378631447525,
        0.026345928060685832,
        0.9996509671900787,
        0.7056247410574557
      ],
      [
        0.0,
        0.0,
        0.0,
        1.0
      ]
    ],
    "location": [
      -0.13204850398062717,
      6.217371319544327,
      0.7056247410574557
    ],
    "rotation": [
      0.026349027380115558,
      -0.0019585391152632027,
      2.36147813767025
    ]
  },
  {
    "label_id": "YUf9wRNHLd6Zrw8LCLLlNg",
    "size": [
      0.83991062532167,
      1.168510543889207,
      1.75
    ],
    "obj_class": "pedestrian",
    "point_num_in_lidar": 20,
    "speed": 1.7545221601105871,
    "if_vehicle": false,
    "motion_state": true,
    "pose": [
      [
        0.7471910994623385,
        0.6643105879745849,
        0.019922439336663444,
        -9.162726931020984
      ],
      [
        -0.6646007816481229,
        0.7469971625286717,
        0.017350510275411776,
        18.76893793005911
      ],
      [
        -0.003355877972419313,
        -0.026204615604401366,
        0.9996509671900787,
        1.1908727252552183
      ],
      [
        0.0,
        0.0,
        0.0,
        1.0
      ]
    ],
    "location": [
      -9.162726931020984,
      18.76893793005911,
      1.1908727252552183
    ],
    "rotation": [
      -0.02620776317965554,
      0.0033558842713877477,
      -0.7269644127307767
    ]
  },
  {
    "label_id": "eFSYff7iqoVdjoe4WE_TTg",
    "size": [
      0.9683763005635234,
      0.8726219853160727,
      1.6099999999999994
    ],
    "obj_class": "pedestrian",
    "point_num_in_lidar": 21,
    "speed": 1.0410269728484631,
    "if_vehicle": false,
    "motion_state": true,
    "pose": [
      [
        -0.6232381215792502,
        -0.781778319104108,
        0.019922439336663444,
        -1.552418512232748
      ],
      [
        0.7820312751270206,
        -0.6229976280182683,
        0.017350510275411776,
        -20.82131107105124
      ],
      [
        -0.0011526203076308041,
        0.02639347007058075,
        0.9996509671900787,
        0.5293259229289617
      ],
      [
        0.0,
        0.0,
        0.0,
        1.0
      ]
    ],
    "location": [
      -1.552418512232748,
      -20.82131107105124,
      0.5293259229289617
    ],
    "rotation": [
      0.026396552919027642,
      0.0011526205628467527,
      2.2436734120937682
    ]
  },
  {
    "label_id": "gHdZdnHyWYajL0s6hMeTiA",
    "size": [
      0.816570738882232,
      0.8674485696858246,
      1.6899999999999977
    ],
    "obj_class": "pedestrian",
    "point_num_in_lidar": 197,
    "speed": 1.80910496652624,
    "if_vehicle": false,
    "motion_state": true,
    "pose": [
      [
        0.7459004272201454,
        -0.6657594528684376,
        0.019922439336663444,
        38.75918078055838
      ],
      [
        0.6655334022823296,
        0.7461663690087416,
        0.017350510275411776,
        -10.021989917266183
      ],
      [
        -0.02641672044958144,
        0.0003172958065757733,
        0.9996509671900787,
        0.9066710383385299
      ],
      [
        0.0,
        0.0,
        0.0,
        1.0
      ]
    ],
    "location": [
      38.75918078055838,
      -10.021989917266183,
      0.9066710383385299
    ],
    "rotation": [
      0.00031740658123118086,
      0.026419793869256858,
      0.7285195924600699
    ]
  },
  {
    "label_id": "kt38cGopRoo7r_UIYR3sFw",
    "size": [
      0.7165647637086348,
      1.15292320642138,
      1.8846460176991258
    ],
    "obj_class": "pedestrian",
    "point_num_in_lidar": 24,
    "speed": 1.3860874677904726,
    "if_vehicle": false,
    "motion_state": true,
    "pose": [
      [
        0.7977135341171004,
        -0.6027074032209015,
        0.019922439336663444,
        -32.8307387888043
      ],
      [
        0.6024604160231412,
        0.7979601537159647,
        0.017350510275411776,
        16.2371271840766
      ],
      [
        -0.02635459374813195,
        -0.0018382557795717418,
        0.9996509671900787,
        1.1329497966433522
      ],
      [
        0.0,
        0.0,
        0.0,
        1.0
      ]
    ],
    "location": [
      -32.8307387888043,
      16.2371271840766,
      1.1329497966433522
    ],
    "rotation": [
      -0.001838895542406394,
      0.026357645530103647,
      0.6468424879604457
    ]
  },
  {
    "label_id": "lAuBfm95khsh0xYjKmh7Kg",
    "size": [
      1.9833384206109856,
      4.5542189467166345,
      1.4299999999999997
    ],
    "obj_class": "vehicle",
    "point_num_in_lidar": 78,
    "speed": 0.03424181409446848,
    "if_vehicle": true,
    "motion_state": false,
    "pose": [
      [
        -0.7187228044242259,
        -0.6950112422194714,
        0.019922439336663444,
        -8.857320985811384
      ],
      [
        0.695293061754884,
        -0.7185168878103713,
        0.017350510275411776,
        14.92542534264976
      ],
      [
        0.0022558094101146936,
        0.02632214124734997,
        0.9996509671900787,
        0.8211309349671438
      ],
      [
        0.0,
        0.0,
        0.0,
        1.0
      ]
    ],
    "location": [
      -8.857320985811384,
      14.92542534264976,
      0.8211309349671438
    ],
    "rotation": [
      0.02632524876304906,
      -0.0022558113232996444,
      2.3727626202579897
    ]
  },
  {
    "label_id": "ocJRbVsGUyImkeDug0chhg",
    "size": [
      0.8343815806619194,
      0.8619103155833727,
      1.6499999999999986
    ],
    "obj_class": "pedestrian",
    "point_num_in_lidar": 50,
    "speed": 1.0449109252495623,
    "if_vehicle": false,
    "motion_state": true,
    "pose": [
      [
        -0.4000272447745002,
        -0.9162866908609985,
        0.019922439336663444,
        53.49999013784918
      ],
      [
        0.9164689017519386,
        -0.39972954846343073,
        0.017350510275411776,
        4.17797364208127
      ],
      [
        -0.007934453964672239,
        0.0251989729199962,
        0.9996509671900787,
        0.548626792396405
      ],
      [
        0.0,
        0.0,
        0.0,
        1.0
      ]
    ],
    "location": [
      53.49999013784918,
      4.17797364208127,
      0.548626792396405
    ],
    "rotation": [
      0.025202434021370606,
      0.007934537220029285,
      1.9823566393746288
    ]
  },
  {
    "label_id": "qqtlWI89nAPB5R9a65QLWQ",
    "size": [
      0.7219228465582509,
      0.9605874422248267,
      1.6599999999999966
    ],
    "obj_class": "pedestrian",
    "point_num_in_lidar": 28,
    "speed": 1.3158122110933286,
    "if_vehicle": false,
    "motion_state": true,
    "pose": [
      [
        -0.7328606738927752,
        -0.6800870011052293,
        0.019922439336663444,
        -27.659062141083268
      ],
      [
        0.6803729948217556,
        -0.7326605951669968,
        0.017350510275411776,
        5.191257110654988
      ],
      [
        0.0027965297607279666,
        0.026270196368462256,
        0.9996509671900787,
        0.9239200834880847
      ],
      [
        0.0,
        0.0,
        0.0,
        1.0
      ]
    ],
    "location": [
      -27.659062141083268,
      5.191257110654988,
      0.9239200834880847
    ],
    "rotation": [
      0.026273321679435024,
      -0.0027965334058209757,
      2.3933175552187254
    ]
  },
  {
    "label_id": "tzldZS4tFoBkVHJ-c1DwQw",
    "size": [
      1.000275933022253,
      0.9240270082794113,
      1.740000000000002
    ],
    "obj_class": "pedestrian",
    "point_num_in_lidar": 43,
    "speed": 0.8992641956420964,
    "if_vehicle": false,
    "motion_state": false,
    "pose": [
      [
        0.7028287846215499,
        0.7110800207559428,
        0.019922439336663444,
        -21.02144947154386
      ],
      [
        -0.7113571136420566,
        0.7026165502349235,
        0.017350510275411776,
        -2.2259618061561923
      ],
      [
        -0.001660234392225004,
        -0.02636640699266925,
        0.9996509671900787,
        0.9001186324447445
      ],
      [
        0.0,
        0.0,
        0.0,
        1.0
      ]
    ],
    "location": [
      -21.02144947154386,
      -2.2259618061561923,
      0.9001186324447445
    ],
    "rotation": [
      -0.026369499231759005,
      0.001660235154931608,
      -0.7914286475425824
    ]
  },
  {
    "label_id": "vCJ0BzCFmruBIIT0olYkIQ",
    "size": [
      3.234538773750635,
      14.480119551472967,
      3.2713869017741857
    ],
    "obj_class": "vehicle",
    "point_num_in_lidar": 11087,
    "speed": 0.00852479661406541,
    "if_vehicle": true,
    "motion_state": false,
    "pose": [
      [
        -0.702012585485002,
        -0.7118858238731401,
        0.019922439336663444,
        17.98254940895788
      ],
      [
        0.7121626731059132,
        -0.7018000333626544,
        0.017350510275411776,
        -12.402195553397178
      ],
      [
        0.0016299862891049675,
        0.02636829423071456,
        0.9996509671900787,
        1.488598942837342
      ],
      [
        0.0,
        0.0,
        0.0,
        1.0
      ]
    ],
    "location": [
      17.98254940895788,
      -12.402195553397178,
      1.488598942837342
    ],
    "rotation": [
      0.02637138581620258,
      -0.001629987010878783,
      2.349017223251098
    ]
  },
  {
    "label_id": "w41zNv6amGrLRTbJ5xYr2w",
    "size": [
      1.103786122518305,
      0.12541598802263462,
      1.1099999999999994
    ],
    "obj_class": "sign",
    "point_num_in_lidar": 20,
    "speed": 0.007207608469266318,
    "if_vehicle": false,
    "motion_state": false,
    "pose": [
      [
        0.72303559344233,
        0.6905234442264612,
        0.019922439336663444,
        -23.267658700753145
      ],
      [
        -0.6908065402121242,
        0.7228314352553695,
        0.017350510275411776,
        31.767221441177753
      ],
      [
        -0.002419631305044525,
        -0.026307587884256002,
        0.9996509671900787,
        5.227361516807221
      ],
      [
        0.0,
        0.0,
        0.0,
        1.0
      ]
    ],
    "location": [
      -23.267658700753145,
      31.767221441177753,
      5.227361516807221
    ],
    "rotation": [
      -0.0263107003999523,
      0.0024196336660526306,
      -0.7626067414833426
    ]
  },
  {
    "label_id": "wjzgA1cOPaZYdLiSf4bJZA",
    "size": [
      1.0579551682451316,
      0.9628134095098644,
      1.720000000000006
    ],
    "obj_class": "pedestrian",
    "point_num_in_lidar": 37,
    "speed": 0.9665993326584909,
    "if_vehicle": false,
    "motion_state": false,
    "pose": [
      [
        -0.7466421904104033,
        -0.6649274666533426,
        0.019922439336663444,
        -0.551240103638861
      ],
      [
        0.6652175000553646,
        -0.7464480138718794,
        0.017350510275411776,
        -21.585184952273266
      ],
      [
        0.0033342344317630907,
        0.026207378287311574,
        0.9996509671900787,
        0.5677675577316208
      ],
      [
        0.0,
        0.0,
        0.0,
        1.0
      ]
    ],
    "location": [
      -0.551240103638861,
      -21.585184952273266,
      0.5677675577316208
    ],
    "rotation": [
      0.026210524929201416,
      -0.0033342406096409584,
      2.4138026196371807
    ]
  },
  {
    "label_id": "x3klJ8f90QbfLDwyG47N7A",
    "size": [
      0.8826251259661297,
      0.956978295571971,
      1.7813043478260866
    ],
    "obj_class": "pedestrian",
    "point_num_in_lidar": 156,
    "speed": 2.1245690338479677,
    "if_vehicle": false,
    "motion_state": true,
    "pose": [
      [
        -0.9857835439713303,
        -0.1668349509131744,
        0.019922439336663444,
        8.02149311163862
      ],
      [
        0.16718382626657427,
        -0.9857730611190644,
        0.017350510275411776,
        -21.187896063069275
      ],
      [
        0.016744332479744738,
        0.020434557145873514,
        0.9996509671900787,
        0.6466771092156165
      ],
      [
        0.0,
        0.0,
        0.0,
        1.0
      ]
    ],
    "location": [
      8.02149311163862,
      -21.187896063069275,
      0.6466771092156165
    ],
    "rotation": [
      0.020438845406696347,
      -0.016745115020681472,
      2.973596279029468
    ]
  }
]