[
  {
    "label_id": "-P2r1ulTFQiaIYLQ5q7wrw",
    "size": [
      1.9777032115115176,
      4.853243234693944,
      1.4799999999999969
    ],
    "obj_class": "vehicle",
    "point_num_in_lidar": 370,
    "speed": 0.01957040383313943,
    "if_vehicle": true,
    "motion_state": false,
    "pose": [
      [
        -0.7195618285758296,
        -0.6941347163693238,
        0.02019332532019128,
        4.546820091881273
      ],
      [
        0.6944088765761466,
        -0.7194552739117561,
        0.013432087433234223,
        -22.62522679978065
      ],
      [
        0.00520451619871142,
        0.02368764174497912,
        0.9997058610609918,
        0.34059624429228563
      ],
      [
        0.0,
        0.0,
        0.0,
        1.0
      ]
    ],
    "location": [
      4.546820091881273,
      -22.62522679978065,
      0.34059624429228563
    ],
    "rotation": [
      0.02369017842106177,
      -0.005204539694776536,
      2.373981491891411
    ]
  },
  {
    "label_id": "04pkf4nJONAF_qs2PTV8qQ",
    "size": [
      1.9812665109936345,
      4.883885630197538,
      1.3383567239946075
    ],
    "obj_class": "vehicle",
    "point_num_in_lidar": 1686,
    "speed": 0.09000992619675888,
    "if_vehicle": true,
    "motion_state": false,
    "pose": [
      [
        -0.7637532426414237,
        -0.645192385236546,
        0.02019332532019128,
        20.256692726968822
      ],
      [
        0.645472973089756,
        -0.7636649920206221,
        0.013432087433234223,
        -38.167693046547356
      ],
      [
        0.006754655089759476,
        0.02329304606356827,
        0.9997058610609918,
        0.2812335267138124
      ],
      [
        0.0,
        0.0,
        0.0,
        1.0
      ]
    ],
    "location": [
      20.256692726968822,
      -38.167693046547356,
      0.2812335267138124
    ],
    "rotation": [
      0.02329568445306462,
      -0.006754706454748494,
      2.43993100194174
    ]
  },
  {
    "label_id": "5zhamXYExjfy-r5noa4I-w",
    "size": [
      2.3211440729225647,
      5.242010731245653,
      2.1488031328796637
    ],
    "obj_class": "vehicle",
    "point_num_in_lidar": 104,
    "speed": 1.070596490925009,
    "if_vehicle": true,
    "motion_state": true,
    "pose": [
      [
        -0.6904563969050472,
        -0.7230921058796126,
        0.02019332532019128,
        -22.794739283051968
      ],
      [
        0.7233616601644348,
        -0.6903386760361457,
        0.013432087433234223,
        13.259073327868464
      ],
      [
        0.00422759707785161,
        0.023881348019918546,
        0.9997058610609918,
        1.3301071589932079
      ],
      [
        0.0,
        0.0,
        0.0,
        1.0
      ]
    ],
    "location": [
      -22.794739283051968,
      13.259073327868464,
      1.3301071589932079
    ],
    "rotation": [
      0.023883832073947512,
      -0.004227609670961979,
      2.332924647486191
    ]
  },
  {
    "label_id": "8pIMDQlT0nvQjhM3aw-_3g",
    "size": [
      0.8878252957329306,
      1.2801816282467895,
      1.8900000000000077
    ],
    "obj_class": "pedestrian",
    "point_num_in_lidar": 932,
    "speed": 1.3222980219358509,
    "if_vehicle": false,
    "motion_state": true,
    "pose": [
      [
        -0.5797019782985774,
        -0.8145783240236809,
        0.02019332532019128,
        31.003384508783142
      ],
      [
        0.8148282251423882,
        -0.579546842402313,
        0.013432087433234223,
        -20.634573400924637
      ],
      [
        0.0007614906574160523,
        0.024240699088099647,
        0.9997058610609918,
        0.9011046751403811
      ],
      [
        0.0,
        0.0,
        0.0,
        1.0
      ]
    ],
    "location": [
      31.003384508783142,
      -20.634573400924637,
      0.9011046751403811
    ],
    "rotation": [
      0.024243080765235833,
      -0.000761490731010085,
      2.1891594284052394
    ]
  },
  {
    "label_id": "A-Nl7nzEqcg7i4ocvxkpPA",
    "size": [
      0.9297442150349349,
      1.0123167820115955,
      1.720000000000006
    ],
    "obj_class": "pedestrian",
    "point_num_in_lidar": 113,
    "speed": 1.7035628059684427,
    "if_vehicle": false,
    "motion_state": true,
    "pose": [
      [
        -0.9688249424890657,
        -0.24692197233857358,
        0.02019332532019128,
        7.001661533072479
      ],
      [
        0.2472129317196518,
        -0.968868074310306,
        0.013432087433234223,
        -20.977643969699784
      ],
      [
        0.0162479906952569,
        0.01800539248858441,
        0.9997058610609918,
        0.6296025329079384
      ],
      [
        0.0,
        0.0,
        0.0,
        1.0
      ]
    ],
    "location": [
      7.001661533072479,
      -20.977643969699784,
      0.6296025329079384
    ],
    "rotation": [
      0.018008743047159728,
      -0.016248705684212564,
      2.8917561214151237
    ]
  },
  {
    "label_id": "CJ4CLSoO9ybLp8OuNqD6Mw",
    "size": [
      1.0018198154866116,
      0.7605910541212954,
      1.7899999999999991
    ],
    "obj_class": "pedestrian",
    "point_num_in_lidar": 38,
    "speed": 0.020105113733017356,
    "if_vehicle": false,
    "motion_state": false,
    "pose": [
      [
        0.6869972055168421,
        -0.7263794251109835,
        0.02019332532019128,
        0.640560972406206
      ],
      [
        0.7262755822138756,
        0.6872724042962018,
        0.013432087433234223,
        -20.850789689609883
      ],
      [
        -0.023635107191336373,
        0.005438112572866313,
        0.9997058610609918,
        0.5004747474747759
      ],
      [
        0.0,
        0.0,
        0.0,
        1.0
      ]
    ],
    "location": [
      0.640560972406206,
      -20.850789689609883,
      0.5004747474747759
    ],
    "rotation": [
      0.005439658950556083,
      0.02363730824521317,
      0.8131835057258981
    ]
  },
  {
    "label_id": "IYHFssf3Wl6C2KbxWtrySQ",
    "size": [
      0.8018304401051164,
      0.7628400743342354,
      1.7800000000000011
    ],
    "obj_class": "pedestrian",
    "point_num_in_lidar": 28,
    "speed": 0.008542485084251527,
    "if_vehicle": false,
    "motion_state": false,
    "pose": [
      [
        0.9530112785212489,
        -0.30226103391573234,
        0.02019332532019128,
        -1.829046709811223
      ],
      [
        0.3020367954766313,
        0.9532016330270282,
        0.013432087433234223,
        -18.672138923517196
      ],
      [
        -0.023308307306668254,
        -0.006701803548228055,
        0.9997058610609918,
        0.5477155194447576
      ],
      [
        0.0,
        0.0,
        0.0,
        1.0
      ]
    ],
    "location": [
      -1.829046709811223,
      -18.672138923517196,
      0.5477155194447576
    ],
    "rotation": [
      -0.006703674968410194,
      0.023310418301408134,
      0.30691461541485315
    ]
  },
  {
    "label_id": "QEntjiiBPKNGfkdQ0zaXWg",
    "size": [
      2.1785605972707263,
      4.854995535330592,
      1.5200000000000031
    ],
    "obj_class": "vehicle",
    "point_num_in_lidar": 30,
    "speed": 0.08926783039238265,
    "if_vehicle": true,
    "motion_state": false,
    "pose": [
      [
        -0.7049211770145576,
        -0.7089981409065357,
        0.02019332532019128,
        8.793390121586526
      ],
      [
        0.7092700180263092,
        -0.704808924855627,
        0.013432087433234223,
        -2.5609964770355873
      ],
      [
        0.004709110889526819,
        0.02379108309706111,
        0.9997058610609918,
        0.5913361474556282
      ],
      [
        0.0,
        0.0,
        0.0,
        1.0
      ]
    ],
    "location": [
      8.793390121586526,
      -2.5609964770355873,
      0.5913361474556282
    ],
    "rotation": [
      0.023793591894413033,
      -0.004709128294358807,
      2.3531193562791968
    ]
  },
  {
    "label_id": "S4O9SDuUJRryMJ0UwwkETA",
    "size": [
      0.8936347437611128,
      1.0267817717673515,
      1.759999999999998
    ],
    "obj_class": "pedestrian",
    "point_num_in_lidar": 147,
    "speed": 1.8646931872476165,
    "if_vehicle": false,
    "motion_state": true,
    "pose": [
      [
        -0.9399856090472011,
        -0.34061603661113105,
        0.02019332532019128,
        7.145967732843019
      ],
      [
        0.34090982139869486,
        -0.940000038670795,
        0.013432087433234223,
        -21.635770474687888
      ],
      [
        0.014406542196949321,
        0.01951007181505608,
        0.9997058610609918,
        0.5482642265479498
      ],
      [
        0.0,
        0.0,
        0.0,
        1.0
      ]
    ],
    "location": [
      7.145967732843019,
      -21.635770474687888,
      0.5482642265479498
    ],
    "rotation": [
      0.019513335098923994,
      -0.014407040586101868,
      2.7936704913403387
    ]
  },
  {
    "label_id": "UBSBey89iLbYkrfdmmMiZg",
    "size": [
      2.111722175689463,
      5.523538916194589,
      1.5
    ],
    "obj_class": "vehicle",
    "point_num_in_lidar": 123,
    "speed": 0.0299090798444123,
    "if_vehicle": true,
    "motion_state": false,
    "pose": [
      [
        -0.7109879489001466,
        -0.7029141954259249,
        0.02019332532019128,
        -0.1395686976942443
      ],
      [
        0.7031870271495947,
        -0.710878037272007,
        0.013432087433234223,
        6.2266798162727355
      ],
      [
        0.004913386538590187,
        0.023749736693772578,
        0.9997058610609918,
        0.7106176602649583
      ],
      [
        0.0,
        0.0,
        0.0,
        1.0
      ]
    ],
    "location": [
      -0.1395686976942443,
      6.2266798162727355,
      0.7106176602649583
    ],
    "rotation": [
      0.023752256695436787,
      -0.004913406308116456,
      2.36171066942034
    ]
  },
  {
    "label_id": "gHdZdnHyWYajL0s6hMeTiA",
    "size": [
      0.8165707388822828,
      0.8674485696858246,
      1.6899999999999977
    ],
    "obj_class": "pedestrian",
    "point_num_in_lidar": 152,
    "speed": 1.5057908036841383,
    "if_vehicle": false,
    "motion_state": true,
    "pose": [
      [
        0.7700571666389411,
        -0.6376552279410239,
        0.02019332532019128,
        38.341171903475924
      ],
      [
        0.6375187608214838,
        0.7703177322558696,
        0.013432087433234223,
        -10.363279215865987
      ],
      [
        -0.024120317341317508,
        0.0025301485441105633,
        0.9997058610609918,
        0.8916710383385649
      ],
      [
        0.0,
        0.0,
        0.0,
        1.0
      ]
    ],
    "location": [
      38.341171903475924,
      -10.363279215865987,
      0.8916710383385649
    ],
    "rotation": [
      0.002530887574496492,
      0.024122656779246427,
      0.6915142258903721
    ]
  },
  {
    "label_id": "lAuBfm95khsh0xYjKmh7Kg",
    "size": [
      1.9833384206109856,
      4.5542189467166345,
      1.4299999999999997
    ],
    "obj_class": "vehicle",
    "point_num_in_lidar": 55,
    "speed": 0.03424181409379305,
    "if_vehicle": true,
    "motion_state": false,
    "pose": [
      [
        -0.7187188977551441,
        -0.6950074644362778,
        0.02019332532019128,
        -8.867954984541143
      ],
      [
        0.6952814951266137,
        -0.7186120104490925,
        0.013432087433234223,
        14.93406328002311
      ],
      [
        0.005175765076936709,
        0.02369394049476552,
        0.9997058610609918,
        0.8229672331268318
      ],
      [
        0.0,
        0.0,
        0.0,
        1.0
      ]
    ],
    "location": [
      -8.867954984541143,
      14.93406328002311,
      0.8229672331268318
    ],
    "rotation": [
      0.02369647548776955,
      -0.005175788185750479,
      2.3727682172667994
    ]
  },
  {
    "label_id": "qqtlWI89nAPB5R9a65QLWQ",
    "size": [
      0.7219228465565954,
      0.9605874422248267,
      1.6599999999999966
    ],
    "obj_class": "pedestrian",
    "point_num_in_lidar": 20,
    "speed": 1.3057047168040945,
    "if_vehicle": false,
    "motion_state": true,
    "pose": [
      [
        -0.7479102344811143,
        -0.663492660676,
        0.02019332532019128,
        -27.2589002026225
      ],
      [
        0.6637710298773679,
        -0.7478152170975958,
        0.013432087433234223,
        4.8523143595521105
      ],
      [
        0.00618878452873198,
        0.02344974000619313,
        0.9997058610609918,
        0.9761101019874161
      ],
      [
        0.0,
        0.0,
        0.0,
        1.0
      ]
    ],
    "location": [
      -27.2589002026225,
      4.8523143595521105,
      0.9761101019874161
    ],
    "rotation": [
      0.023452338880263775,
      -0.006188824035574582,
      2.415726189121955
    ]
  },
  {
    "label_id": "tzldZS4tFoBkVHJ-c1DwQw",
    "size": [
      1.0002759330204838,
      0.9240270082794113,
      1.740000000000002
    ],
    "obj_class": "pedestrian",
    "point_num_in_lidar": 34,
    "speed": 0.983577769580668,
    "if_vehicle": false,
    "motion_state": false,
    "pose": [
      [
        0.6582346829445519,
        0.752541913637638,
        0.02019332532019128,
        -21.225057847998755
      ],
      [
        -0.7528060723769043,
        0.6581053080014208,
        0.013432087433234223,
        -1.8659379751916276
      ],
      [
        -0.0031811257982632167,
        -0.024043123735420717,
        0.9997058610609918,
        0.9177473913486125
      ],
      [
        0.0,
        0.0,
        0.0,
        1.0
      ]
    ],
    "location": [
      -21.225057847998755,
      -1.8659379751916276,
      0.9177473913486125
    ],
    "rotation": [
      -0.024045562469208435,
      0.003181131163553926,
      -0.852320514432544
    ]
  },
  {
    "label_id": "vCJ0BzCFmruBIIT0olYkIQ",
    "size": [
      3.2345387737506344,
      14.480119551472967,
      3.2713869017741857
    ],
    "obj_class": "vehicle",
    "point_num_in_lidar": 6736,
    "speed": 0.006249110295932995,
    "if_vehicle": true,
    "motion_state": false,
    "pose": [
      [
        -0.7020087696455064,
        -0.7118819543669549,
        0.02019332532019128,
        18.00891537717257
      ],
      [
        0.7121533690330152,
        -0.7018954038901465,
        0.013432087433234223,
        -12.419118063924543
      ],
      [
        0.004611541578302185,
        0.023810187831529533,
        0.9997058610609918,
        1.4797657703906921
      ],
      [
        0.0,
        0.0,
        0.0,
        1.0
      ]
    ],
    "location": [
      18.00891537717257,
      -12.419118063924543,
      1.4797657703906921
    ],
    "rotation": [
      0.023812691424297573,
      -0.004611557923541806,
      2.3490210373745364
    ]
  },
  {
    "label_id": "wjzgA1cOPaZYdLiSf4bJZA",
    "size": [
      1.057955168245876,
      0.9628134095098644,
      1.720000000000006
    ],
    "obj_class": "pedestrian",
    "point_num_in_lidar": 31,
    "speed": 0.8754237051685037,
    "if_vehicle": false,
    "motion_state": false,
    "pose": [
      [
        -0.7436862845538356,
        -0.6682237198566244,
        0.02019332532019128,
        -0.3102409745396244
      ],
      [
        0.6685014807091433,
        -0.7435895032320378,
        0.013432087433234223,
        -21.804961823112535
      ],
      [
        0.006039905313368771,
        0.02348852707401353,
        0.9997058610609918,
        0.6299996598022943
      ],
      [
        0.0,
        0.0,
        0.0,
        1.0
      ]
    ],
    "location": [
      -0.3102409745396244,
      -21.804961823112535,
      0.6299996598022943
    ],
    "rotation": [
      0.023491115989212316,
      -0.006039942037055171,
      2.409384221295575
    ]
  },
  {
    "label_id": "x3klJ8f90QbfLDwyG47N7A",
    "size": [
      0.8826251259674366,
      0.956978295571971,
      1.7813043478260866
    ],
    "obj_class": "pedestrian",
    "point_num_in_lidar": 126,
    "speed": 2.304134369925425,
    "if_vehicle": false,
    "motion_state": true,
    "pose": [
      [
        -0.9957123059645377,
        -0.0902731043184837,
        0.02019332532019128,
        8.928850407462505
      ],
      [
        0.09055355206389352,
        -0.9958010008208455,
        0.013432087433234223,
        -21.31214120965342
      ],
      [
        0.01889597733367205,
        0.015203072087788018,
        0.9997058610609918,
        0.6674281356530329
      ],
      [
        0.0,
        0.0,
        0.0,
        1.0
      ]
    ],
    "location": [
      8.928850407462505,
      -21.31214120965342,
      0.6674281356530329
    ],
    "rotation": [
      0.01520637303487402,
      -0.018897102007574204,
      3.0508986494398984
    ]
  }
]