[
  {
    "label_id": "-P2r1ulTFQiaIYLQ5q7wrw",
    "size": [
      1.977703211513649,
      4.853243234693944,
      1.4799999999999969
    ],
    "obj_class": "vehicle",
    "point_num_in_lidar": 180,
    "speed": 0.019570403997632303,
    "if_vehicle": true,
    "motion_state": false,
    "pose": [
      [
        -0.7160540605386349,
        -0.6977399838568273,
        0.020627586228334938,
        4.524466707645843
      ],
      [
        0.6980323394732124,
        -0.715905311486642,
        0.01518018559727996,
        -22.63243770785448
      ],
      [
        0.004175576090423929,
        0.025268555809312473,
        0.999671978526769,
        0.3324878084117202
      ],
      [
        0.0,
        0.0,
        0.0,
        1.0
      ]
    ],
    "location": [
      4.524466707645843,
      -22.63243770785448,
      0.3324878084117202
    ],
    "rotation": [
      0.025271465934716048,
      -0.004175588224350528,
      2.3689382273938535
    ]
  },
  {
    "label_id": "04pkf4nJONAF_qs2PTV8qQ",
    "size": [
      1.981266510993634,
      4.883885630197538,
      1.3383567239946075
    ],
    "obj_class": "vehicle",
    "point_num_in_lidar": 1158,
    "speed": 0.02132248179326941,
    "if_vehicle": true,
    "motion_state": false,
    "pose": [
      [
        -0.7637464703512185,
        -0.645186664239465,
        0.020627586228334938,
        20.280721831771416
      ],
      [
        0.6454888353056011,
        -0.7636188351926966,
        0.01518018559727996,
        -38.24009620488323
      ],
      [
        0.005957560060473009,
        0.024908689778892747,
        0.999671978526769,
        0.30588429024224695
      ],
      [
        0.0,
        0.0,
        0.0,
        1.0
      ]
    ],
    "location": [
      20.280721831771416,
      -38.24009620488323,
      0.30588429024224695
    ],
    "rotation": [
      0.024911708419691786,
      -0.005957595302507678,
      2.439914515123971
    ]
  },
  {
    "label_id": "3ULvwGxTGRPNwREovjQpTA",
    "size": [
      0.4431422560179354,
      0.06973389285489551,
      0.4799999999999969
    ],
    "obj_class": "sign",
    "point_num_in_lidar": 76,
    "speed": 0.013688780632849952,
    "if_vehicle": false,
    "motion_state": false,
    "pose": [
      [
        0.8677898481703238,
        0.4965030534638425,
        0.020627586228334938,
        19.363535051674717
      ],
      [
        -0.4968233183329411,
        0.8677189362494501,
        0.01518018559727996,
        -40.58699643870932
      ],
      [
        -0.010361938678247256,
        -0.02342147679382115,
        0.999671978526769,
        2.4542858659214914
      ],
      [
        0.0,
        0.0,
        0.0,
        1.0
      ]
    ],
    "location": [
      19.363535051674717,
      -40.58699643870932,
      2.4542858659214914
    ],
    "rotation": [
      -0.023424876517569,
      0.010362124113707885,
      -0.5199652633172631
    ]
  },
  {
    "label_id": "5zhamXYExjfy-r5noa4I-w",
    "size": [
      2.321144072921932,
      5.242010731245653,
      2.1488031328796637
    ],
    "obj_class": "vehicle",
    "point_num_in_lidar": 68,
    "speed": 2.7190734818416447,
    "if_vehicle": true,
    "motion_state": true,
    "pose": [
      [
        -0.69673143295069,
        -0.7170354335908867,
        0.020627586228334938,
        -21.259214994914487
      ],
      [
        0.7173236177667872,
        -0.6965747550401179,
        0.01518018559727996,
        11.67957830137857
      ],
      [
        0.0034839248623355495,
        0.025373167242755866,
        0.999671978526769,
        1.3361536250412698
      ],
      [
        0.0,
        0.0,
        0.0,
        1.0
      ]
    ],
    "location": [
      -21.259214994914487,
      11.67957830137857,
      1.3361536250412698
    ],
    "rotation": [
      0.02537604459991514,
      -0.003483931910198685,
      2.341633013711773
    ]
  },
  {
    "label_id": "8pIMDQlT0nvQjhM3aw-_3g",
    "size": [
      0.8878252957318609,
      1.2801816282467895,
      1.8900000000000077
    ],
    "obj_class": "pedestrian",
    "point_num_in_lidar": 458,
    "speed": 1.4598741566332265,
    "if_vehicle": false,
    "motion_state": true,
    "pose": [
      [
        -0.6303905571571269,
        -0.7760040258487838,
        0.020627586228334938,
        31.986367715547544
      ],
      [
        0.7762771782844015,
        -0.6302089371312023,
        0.01518018559727996,
        -21.95559910430893
      ],
      [
        0.001219804055920215,
        0.025582170088567932,
        0.999671978526769,
        0.9105853490229165
      ],
      [
        0.0,
        0.0,
        0.0,
        1.0
      ]
    ],
    "location": [
      31.986367715547544,
      -21.95559910430893,
      0.9105853490229165
    ],
    "rotation": [
      0.025584980313271822,
      -0.0012198043584159526,
      2.2528531547689514
    ]
  },
  {
    "label_id": "A-Nl7nzEqcg7i4ocvxkpPA",
    "size": [
      0.929744215036216,
      1.0123167820115955,
      1.720000000000006
    ],
    "obj_class": "pedestrian",
    "point_num_in_lidar": 65,
    "speed": 2.324742951737753,
    "if_vehicle": false,
    "motion_state": true,
    "pose": [
      [
        -0.9938442289280247,
        -0.1088492136528915,
        0.020627586228334938,
        9.331331482635619
      ],
      [
        0.10917116383756385,
        -0.9939070474403449,
        0.01518018559727996,
        -21.421115451514197
      ],
      [
        0.018849552058656623,
        0.017338677445620034,
        0.999671978526769,
        0.684147733311022
      ],
      [
        0.0,
        0.0,
        0.0,
        1.0
      ]
    ],
    "location": [
      9.331331482635619,
      -21.421115451514197,
      0.684147733311022
    ],
    "rotation": [
      0.017342627865935243,
      -0.018850668462439112,
      3.0321839454094004
    ]
  },
  {
    "label_id": "IYHFssf3Wl6C2KbxWtrySQ",
    "size": [
      0.8018304401058328,
      0.7628400743342354,
      1.7800000000000011
    ],
    "obj_class": "pedestrian",
    "point_num_in_lidar": 29,
    "speed": 0.008542485154756729,
    "if_vehicle": false,
    "motion_state": false,
    "pose": [
      [
        0.9771927353659348,
        -0.21135009021629267,
        0.020627586228334938,
        -1.8199962526925901
      ],
      [
        0.2110645813254851,
        0.9773542369454025,
        0.01518018559727996,
        -18.676955606320917
      ],
      [
        -0.02336879239370497,
        -0.010480214236129711,
        0.999671978526769,
        0.5597131778816404
      ],
      [
        0.0,
        0.0,
        0.0,
        1.0
      ]
    ],
    "location": [
      -1.8199962526925901,
      -18.676955606320917,
      0.5597131778816404
    ],
    "rotation": [
      -0.010483269049231221,
      0.023370919867934326,
      0.21272293275774326
    ]
  },
  {
    "label_id": "MXGqNLicpKl4p33SUi0GOQ",
    "size": [
      1.988740724675737,
      3.9803224659455165,
      1.7700000000000031
    ],
    "obj_class": "vehicle",
    "point_num_in_lidar": 5801,
    "speed": 0.14713949855565853,
    "if_vehicle": true,
    "motion_state": false,
    "pose": [
      [
        -0.7109698184098981,
        -0.7029199243132814,
        0.020627586228334938,
        34.360658908122105
      ],
      [
        0.7032111923542311,
        -0.7108189508679216,
        0.01518018559727996,
        -28.529826412837792
      ],
      [
        0.0039920242906610354,
        0.025298203304543812,
        0.999671978526769,
        0.6127096933145566
      ],
      [
        0.0,
        0.0,
        0.0,
        1.0
      ]
    ],
    "location": [
      34.360658908122105,
      -28.529826412837792,
      0.6127096933145566
    ],
    "rotation": [
      0.025301104199476215,
      -0.003992034893725204,
      2.3616807385257377
    ]
  },
  {
    "label_id": "S4O9SDuUJRryMJ0UwwkETA",
    "size": [
      0.8936347437609932,
      1.0267817717673515,
      1.759999999999998
    ],
    "obj_class": "pedestrian",
    "point_num_in_lidar": 81,
    "speed": 2.4126174532286355,
    "if_vehicle": false,
    "motion_state": true,
    "pose": [
      [
        -0.9919637595144434,
        -0.12482949369585829,
        0.020627586228334938,
        9.714221472297254
      ],
      [
        0.12515241315168754,
        -0.9920213886038655,
        0.01518018559727996,
        -22.299583116573558
      ],
      [
        0.01856807185146118,
        0.01763978616917547,
        0.999671978526769,
        0.6156118370434669
      ],
      [
        0.0,
        0.0,
        0.0,
        1.0
      ]
    ],
    "location": [
      9.714221472297254,
      -22.299583116573558,
      0.6156118370434669
    ],
    "rotation": [
      0.017643743226172386,
      -0.01856913897957617,
      3.0160894516838397
    ]
  },
  {
    "label_id": "UBSBey89iLbYkrfdmmMiZg",
    "size": [
      2.111722175691332,
      5.523538916194589,
      1.5
    ],
    "obj_class": "vehicle",
    "point_num_in_lidar": 43,
    "speed": 0.02990908009360958,
    "if_vehicle": true,
    "motion_state": false,
    "pose": [
      [
        -0.7114618997327353,
        -0.7024218589388289,
        0.020627586228334938,
        -0.16212659904692828
      ],
      [
        0.7027132325610759,
        -0.7113112362031092,
        0.01518018559727996,
        6.25460198942892
      ],
      [
        0.004009739673685331,
        0.02529540148178188,
        0.999671978526769,
        0.725594638685493
      ],
      [
        0.0,
        0.0,
        0.0,
        1.0
      ]
    ],
    "location": [
      -0.16212659904692828,
      6.25460198942892,
      0.725594638685493
    ],
    "rotation": [
      0.025298303250937147,
      -0.004009750418537003,
      2.362380821266725
    ]
  },
  {
    "label_id": "_t9mZCktHo51Y8xS0bDtjw",
    "size": [
      1.0528297196509202,
      1.0230485463507648,
      1.8100000000000023
    ],
    "obj_class": "pedestrian",
    "point_num_in_lidar": 32,
    "speed": 1.5834528431433712,
    "if_vehicle": false,
    "motion_state": true,
    "pose": [
      [
        -0.6704995752291473,
        -0.7416230998990835,
        0.020627586228334938,
        18.532182476123353
      ],
      [
        0.7419054643051076,
        -0.6703326368299956,
        0.01518018559727996,
        -8.419214143710633
      ],
      [
        0.00256936796817968,
        0.02548202693310231,
        0.999671978526769,
        0.9099548897353529
      ],
      [
        0.0,
        0.0,
        0.0,
        1.0
      ]
    ],
    "location": [
      18.532182476123353,
      -8.419214143710633,
      0.9099548897353529
    ],
    "rotation": [
      0.025484869601817554,
      -0.0025693707952001714,
      2.3056812564024134
    ]
  },
  {
    "label_id": "aQ78rEZvmJFTvo_WzGO48g",
    "size": [
      1.989228209591317,
      4.265998323109011,
      1.9200000000000017
    ],
    "obj_class": "vehicle",
    "point_num_in_lidar": 7599,
    "speed": 0.07304667190190803,
    "if_vehicle": true,
    "motion_state": false,
    "pose": [
      [
        -0.6947996823811421,
        -0.7189074377480433,
        0.020627586228334938,
        39.20954813934941
      ],
      [
        0.7191951993291188,
        -0.6946422296601188,
        0.01518018559727996,
        -33.50541581739708
      ],
      [
        0.003415644157876655,
        0.025382449120642834,
        0.999671978526769,
        0.6516872330919128
      ],
      [
        0.0,
        0.0,
        0.0,
        1.0
      ]
    ],
    "location": [
      39.20954813934941,
      -33.50541581739708,
      0.6516872330919128
    ],
    "rotation": [
      0.025385323543586625,
      -0.0034156507994181178,
      2.3389432984442076
    ]
  },
  {
    "label_id": "lAuBfm95khsh0xYjKmh7Kg",
    "size": [
      1.983338420610986,
      4.5542189467166345,
      1.4299999999999997
    ],
    "obj_class": "vehicle",
    "point_num_in_lidar": 34,
    "speed": 0.03424181438144933,
    "if_vehicle": true,
    "motion_state": false,
    "pose": [
      [
        -0.7187125247897975,
        -0.695001301723002,
        0.020627586228334938,
        -8.89985319134314
      ],
      [
        0.6952942230712345,
        -0.7185648929143424,
        0.01518018559727996,
        14.959974014051113
      ],
      [
        0.004272010538738522,
        0.025252431057863838,
        0.999671978526769,
        0.8284754732500943
      ],
      [
        0.0,
        0.0,
        0.0,
        1.0
      ]
    ],
    "location": [
      -8.89985319134314,
      14.959974014051113,
      0.8284754732500943
    ],
    "rotation": [
      0.025255346184910692,
      -0.0042720235329300115,
      2.3727546381418034
    ]
  },
  {
    "label_id": "tzldZS4tFoBkVHJ-c1DwQw",
    "size": [
      1.0002759330195894,
      0.9240270082794113,
      1.740000000000002
    ],
    "obj_class": "pedestrian",
    "point_num_in_lidar": 28,
    "speed": 1.023089956023611,
    "if_vehicle": false,
    "motion_state": true,
    "pose": [
      [
        0.5948935564406981,
        0.8035397682702025,
        0.020627586228334938,
        -21.874558890936896
      ],
      [
        -0.8038044859898199,
        0.5946998488883898,
        0.01518018559727996,
        -0.8005935295550444
      ],
      [
        -6.933959578601402e-05,
        -0.025611140942873187,
        0.999671978526769,
        0.9682698671104575
      ],
      [
        0.0,
        0.0,
        0.0,
        1.0
      ]
    ],
    "location": [
      -21.874558890936896,
      -0.8005935295550444,
      0.9682698671104575
    ],
    "rotation": [
      -0.025613941686134577,
      6.933959584157791e-05,
      -0.9336631074945041
    ]
  },
  {
    "label_id": "vCJ0BzCFmruBIIT0olYkIQ",
    "size": [
      3.234538773750634,
      14.480119551472967,
      3.2713869017741857
    ],
    "obj_class": "vehicle",
    "point_num_in_lidar": 2248,
    "speed": 0.04033892400545902,
    "if_vehicle": true,
    "motion_state": false,
    "pose": [
      [
        -0.7020025448508362,
        -0.7118756420255875,
        0.020627586228334938,
        17.962349077051044
      ],
      [
        0.7121649742813393,
        -0.7018479973413698,
        0.01518018559727996,
        -12.405873135834554
      ],
      [
        0.0036710257162120476,
        0.025346773336386803,
        0.999671978526769,
        1.6262482264525318
      ],
      [
        0.0,
        0.0,
        0.0,
        1.0
      ]
    ],
    "location": [
      17.962349077051044,
      -12.405873135834554,
      1.6262482264525318
    ],
    "rotation": [
      0.02534965901338871,
      -0.003671033961648783,
      2.349008457161407
    ]
  },
  {
    "label_id": "wjzgA1cOPaZYdLiSf4bJZA",
    "size": [
      1.057955168245251,
      0.9628134095098644,
      1.720000000000006
    ],
    "obj_class": "pedestrian",
    "point_num_in_lidar": 39,
    "speed": 0.9428984422377358,
    "if_vehicle": false,
    "motion_state": false,
    "pose": [
      [
        -0.7347380310486137,
        -0.6780372618206163,
        0.020627586228334938,
        0.4189681170799986
      ],
      [
        0.6783335490931827,
        -0.7345972761587664,
        0.01518018559727996,
        -22.519457502792648
      ],
      [
        0.004860237180756466,
        0.025145843452190095,
        0.999671978526769,
        0.4930474377857337
      ],
      [
        0.0,
        0.0,
        0.0,
        1.0
      ]
    ],
    "location": [
      0.4189681170799986,
      -22.519457502792648,
      0.4930474377857337
    ],
    "rotation": [
      0.02514879131122663,
      -0.004860256315637061,
      2.396089535029121
    ]
  },
  {
    "label_id": "x3klJ8f90QbfLDwyG47N7A",
    "size": [
      0.882625125966761,
      0.956978295571971,
      1.7813043478260866
    ],
    "obj_class": "pedestrian",
    "point_num_in_lidar": 89,
    "speed": 2.5342288732419367,
    "if_vehicle": false,
    "motion_state": true,
    "pose": [
      [
        -0.9997601896129552,
        0.007352955287543504,
        0.020627586228334938,
        11.841730772334358
      ],
      [
        -0.007040483571761081,
        -0.9998599869763305,
        0.01518018559727996,
        -21.461606760034556
      ],
      [
        0.02073631732356952,
        0.015031317049130785,
        0.999671978526769,
        0.708502691570807
      ],
      [
        0.0,
        0.0,
        0.0,
        1.0
      ]
    ],
    "location": [
      11.841730772334358,
      -21.461606760034556,
      0.708502691570807
    ],
    "rotation": [
      0.015035116239649779,
      -0.02073780369616122,
      -3.134550597640743
    ]
  }
]