[
  {
    "label_id": "-P2r1ulTFQiaIYLQ5q7wrw",
    "size": [
      1.9777032115121855,
      4.853243234693944,
      1.4799999999999969
    ],
    "obj_class": "vehicle",
    "point_num_in_lidar": 134,
    "speed": 0.019570403833924742,
    "if_vehicle": true,
    "motion_state": false,
    "pose": [
      [
        -0.7148969795929033,
        -0.6989527435408363,
        0.0196817393967532,
        4.517018420078671
      ],
      [
        0.6992212267510279,
        -0.7147443195152171,
        0.0151734564788852,
        -22.634840427566814
      ],
      [
        0.0034618823970939184,
        0.024609348172331208,
        0.9996911499822341,
        0.32978602681540536
      ],
      [
        0.0,
        0.0,
        0.0,
        1.0
      ]
    ],
    "location": [
      4.517018420078671,
      -22.634840427566814,
      0.32978602681540536
    ],
    "rotation": [
      0.024611980348142323,
      -0.003461889312027662,
      2.367279214746394
    ]
  },
  {
    "label_id": "04pkf4nJONAF_qs2PTV8qQ",
    "size": [
      1.981266510993636,
      4.883885630197538,
      1.3383567239946075
    ],
    "obj_class": "vehicle",
    "point_num_in_lidar": 848,
    "speed": 0.019191230752935322,
    "if_vehicle": true,
    "motion_state": false,
    "pose": [
      [
        -0.7637610358799949,
        -0.6451989686955762,
        0.0196817393967532,
        20.27275756223173
      ],
      [
        0.645477827895704,
        -0.7636282733853738,
        0.0151734564788852,
        -38.24063131548246
      ],
      [
        0.005239634201039593,
        0.024293021233218942,
        0.9996911499822341,
        0.3111737368758867
      ],
      [
        0.0,
        0.0,
        0.0,
        1.0
      ]
    ],
    "location": [
      20.27275756223173,
      -38.24063131548246,
      0.3111737368758867
    ],
    "rotation": [
      0.024295744865420472,
      -0.005239658175951488,
      2.4399323244411493
    ]
  },
  {
    "label_id": "3ULvwGxTGRPNwREovjQpTA",
    "size": [
      0.44314225601793517,
      0.06973389285489551,
      0.4799999999999969
    ],
    "obj_class": "sign",
    "point_num_in_lidar": 72,
    "speed": 0.02452053024598506,
    "if_vehicle": false,
    "motion_state": false,
    "pose": [
      [
        0.8678063979267031,
        0.4965125223514497,
        0.0196817393967532,
        19.37452489671898
      ],
      [
        -0.49681078619113267,
        0.8677262292581872,
        0.0151734564788852,
        -40.59416648411752
      ],
      [
        -0.009544550362865724,
        -0.022945723034348907,
        0.9996911499822341,
        2.455984809215707
      ],
      [
        0.0,
        0.0,
        0.0,
        1.0
      ]
    ],
    "location": [
      19.37452489671898,
      -40.59416648411752,
      2.455984809215707
    ],
    "rotation": [
      -0.022948782528984905,
      0.009544695284417445,
      -0.5199461638516237
    ]
  },
  {
    "label_id": "5zhamXYExjfy-r5noa4I-w",
    "size": [
      2.32114407292345,
      5.242010731245653,
      2.1488031328796637
    ],
    "obj_class": "vehicle",
    "point_num_in_lidar": 70,
    "speed": 3.5515486889185506,
    "if_vehicle": true,
    "motion_state": true,
    "pose": [
      [
        -0.6986747771682275,
        -0.7151686408695824,
        0.0196817393967532,
        -20.452507755062243
      ],
      [
        0.7154335513830291,
        -0.6985159982233405,
        0.0151734564788852,
        10.85574968945366
      ],
      [
        0.0028964295941966227,
        0.024682288038271334,
        0.9996911499822341,
        1.338168344580481
      ],
      [
        0.0,
        0.0,
        0.0,
        1.0
      ]
    ],
    "location": [
      -20.452507755062243,
      10.85574968945366,
      1.338168344580481
    ],
    "rotation": [
      0.024684898429482384,
      -0.0028964336440501655,
      2.344343920220214
    ]
  },
  {
    "label_id": "8pIMDQlT0nvQjhM3aw-_3g",
    "size": [
      0.8878252957323843,
      1.2801816282467895,
      1.8900000000000077
    ],
    "obj_class": "pedestrian",
    "point_num_in_lidar": 201,
    "speed": 1.4436682230637627,
    "if_vehicle": false,
    "motion_state": true,
    "pose": [
      [
        -0.6636040747023733,
        -0.7478250204243805,
        0.0196817393967532,
        32.37362598329105
      ],
      [
        0.7480820185642653,
        -0.6634327846280266,
        0.0151734564788852,
        -22.459036029686104
      ],
      [
        0.001710420773080338,
        0.024792722883486305,
        0.9996911499822341,
        0.9135635691049586
      ],
      [
        0.0,
        0.0,
        0.0,
        1.0
      ]
    ],
    "location": [
      32.37362598329105,
      -22.459036029686104,
      0.9135635691049586
    ],
    "rotation": [
      0.024795299791705205,
      -0.0017104216070652786,
      2.2964238935540884
    ]
  },
  {
    "label_id": "A-Nl7nzEqcg7i4ocvxkpPA",
    "size": [
      0.9297442150369786,
      1.0123167820115955,
      1.720000000000006
    ],
    "obj_class": "pedestrian",
    "point_num_in_lidar": 75,
    "speed": 2.4916545176983607,
    "if_vehicle": false,
    "motion_state": true,
    "pose": [
      [
        -0.9972936745431263,
        -0.07083753136993837,
        0.0196817393967532,
        10.338987392770491
      ],
      [
        0.07114104296360169,
        -0.9973508501147097,
        0.0151734564788852,
        -21.47845092683565
      ],
      [
        0.018554749319774553,
        0.01653257163537046,
        0.9996911499822341,
        0.6841477333110504
      ],
      [
        0.0,
        0.0,
        0.0,
        1.0
      ]
    ],
    "location": [
      10.338987392770491,
      -21.47845092683565,
      0.6841477333110504
    ],
    "rotation": [
      0.016536171888636667,
      -0.018555814152317236,
      3.0703791850502116
    ]
  },
  {
    "label_id": "IYHFssf3Wl6C2KbxWtrySQ",
    "size": [
      0.8018304401060287,
      0.7628400743342354,
      1.7800000000000011
    ],
    "obj_class": "pedestrian",
    "point_num_in_lidar": 21,
    "speed": 0.008542485082437252,
    "if_vehicle": false,
    "motion_state": false,
    "pose": [
      [
        0.9833585011172309,
        -0.18060644344760032,
        0.0196817393967532,
        -1.816980583724785
      ],
      [
        0.1803268463122245,
        0.9834897023952872,
        0.0151734564788852,
        -18.67856055518314
      ],
      [
        -0.02209721203139281,
        -0.011371801424488516,
        0.9996911499822341,
        0.5637108727812148
      ],
      [
        0.0,
        0.0,
        0.0,
        1.0
      ]
    ],
    "location": [
      -1.816980583724785,
      -18.67856055518314,
      0.5637108727812148
    ],
    "rotation": [
      -0.011374824081883523,
      0.02209901072272893,
      0.18136351076015952
    ]
  },
  {
    "label_id": "MXGqNLicpKl4p33SUi0GOQ",
    "size": [
      1.9887407246761657,
      3.9803224659455165,
      1.7700000000000031
    ],
    "obj_class": "vehicle",
    "point_num_in_lidar": 3007,
    "speed": 0.10221432933577525,
    "if_vehicle": true,
    "motion_state": false,
    "pose": [
      [
        -0.7113896006071545,
        -0.7025222169314728,
        0.0196817393967532,
        34.39130964766298
      ],
      [
        0.7027899326787319,
        -0.7112355986196885,
        0.0151734564788852,
        -28.58714846744624
      ],
      [
        0.0033386634176668217,
        0.024626367449988713,
        0.9996911499822341,
        0.6145978859025405
      ],
      [
        0.0,
        0.0,
        0.0,
        1.0
      ]
    ],
    "location": [
      34.39130964766298,
      -28.58714846744624,
      0.6145978859025405
    ],
    "rotation": [
      0.02462899456617696,
      -0.0033386696201963945,
      2.3622754450684478
    ]
  },
  {
    "label_id": "S4O9SDuUJRryMJ0UwwkETA",
    "size": [
      0.8936347437613221,
      1.0267817717673515,
      1.759999999999998
    ],
    "obj_class": "pedestrian",
    "point_num_in_lidar": 69,
    "speed": 2.548157769645152,
    "if_vehicle": false,
    "motion_state": true,
    "pose": [
      [
        -0.9937174834889975,
        -0.11017346387679806,
        0.0196817393967532,
        10.708871307709842
      ],
      [
        0.11047899695054375,
        -0.9937626263103705,
        0.0151734564788852,
        -22.43013807461648
      ],
      [
        0.01788726477401112,
        0.01725254781482292,
        0.9996911499822341,
        0.6083897085648147
      ],
      [
        0.0,
        0.0,
        0.0,
        1.0
      ]
    ],
    "location": [
      10.708871307709842,
      -22.43013807461648,
      0.6083897085648147
    ],
    "rotation": [
      0.017256164887213644,
      -0.017888218762409865,
      3.0308698820251934
    ]
  },
  {
    "label_id": "UBSBey89iLbYkrfdmmMiZg",
    "size": [
      2.111722175690669,
      5.523538916194589,
      1.5
    ],
    "obj_class": "vehicle",
    "point_num_in_lidar": 34,
    "speed": 0.029909079845120205,
    "if_vehicle": true,
    "motion_state": false,
    "pose": [
      [
        -0.7116354214290801,
        -0.7022732061682075,
        0.0196817393967532,
        -0.1696430329989198
      ],
      [
        0.7025409757957364,
        -0.7114815131445497,
        0.0151734564788852,
        6.26390583232569
      ],
      [
        0.0033472817972381914,
        0.024625197497039654,
        0.9996911499822341,
        0.730585061655006
      ],
      [
        0.0,
        0.0,
        0.0,
        1.0
      ]
    ],
    "location": [
      -0.1696430329989198,
      6.26390583232569,
      0.730585061655006
    ],
    "rotation": [
      0.024627824961496993,
      -0.003347288047925398,
      2.362625314722003
    ]
  },
  {
    "label_id": "_t9mZCktHo51Y8xS0bDtjw",
    "size": [
      1.052829719650921,
      1.0230485463507648,
      1.8100000000000023
    ],
    "obj_class": "pedestrian",
    "point_num_in_lidar": 95,
    "speed": 1.5630505029843966,
    "if_vehicle": false,
    "motion_state": true,
    "pose": [
      [
        -0.6705123624317549,
        -0.7416372435095915,
        0.0196817393967532,
        18.968709791647484
      ],
      [
        0.7418958194823518,
        -0.6703434636461318,
        0.0151734564788852,
        -8.878660626545752
      ],
      [
        0.0019403249202868994,
        0.024775790328505038,
        0.9996911499822341,
        0.9138867050972337
      ],
      [
        0.0,
        0.0,
        0.0,
        1.0
      ]
    ],
    "location": [
      18.968709791647484,
      -8.878660626545752,
      0.9138867050972337
    ],
    "rotation": [
      0.024778372409717555,
      -0.0019403261377978329,
      2.305697210230156
    ]
  },
  {
    "label_id": "aQ78rEZvmJFTvo_WzGO48g",
    "size": [
      1.9892282095901639,
      4.265998323109011,
      1.9200000000000017
    ],
    "obj_class": "vehicle",
    "point_num_in_lidar": 7989,
    "speed": 0.07202632109886328,
    "if_vehicle": true,
    "motion_state": false,
    "pose": [
      [
        -0.6970819993053816,
        -0.7167212257068505,
        0.0196817393967532,
        39.22807183794464
      ],
      [
        0.7169857823262801,
        -0.6969226314021201,
        0.0151734564788852,
        -33.526409758489535
      ],
      [
        0.0028415112851998634,
        0.024688670697597552,
        0.9996911499822341,
        0.6516872330919341
      ],
      [
        0.0,
        0.0,
        0.0,
        1.0
      ]
    ],
    "location": [
      39.22807183794464,
      -33.526409758489535,
      0.6516872330919341
    ],
    "rotation": [
      0.024691279170048833,
      -0.002841515109029045,
      2.342119868747525
    ]
  },
  {
    "label_id": "lAuBfm95khsh0xYjKmh7Kg",
    "size": [
      1.9833384206109859,
      4.5542189467166345,
      1.4299999999999997
    ],
    "obj_class": "vehicle",
    "point_num_in_lidar": 23,
    "speed": 0.034241814092428366,
    "if_vehicle": true,
    "motion_state": false,
    "pose": [
      [
        -0.7187262314691257,
        -0.6950145562018876,
        0.0196817393967532,
        -8.91048187354454
      ],
      [
        0.6952838740734358,
        -0.7185750487401562,
        0.0151734564788852,
        14.968607632841668
      ],
      [
        0.00359703372559193,
        0.024589957209708285,
        0.9996911499822341,
        0.8303108533421621
      ],
      [
        0.0,
        0.0,
        0.0,
        1.0
      ]
    ],
    "location": [
      -8.91048187354454,
      14.968607632841668,
      0.8303108533421621
    ],
    "rotation": [
      0.024592595132845747,
      -0.003597041482431469,
      2.3727716065357067
    ]
  },
  {
    "label_id": "sB94v_-WHvXqW7OHBDAB-Q",
    "size": [
      2.3067588029064763,
      5.120968871728287,
      1.7800000000000011
    ],
    "obj_class": "vehicle",
    "point_num_in_lidar": 1916,
    "speed": 0.033820041200536555,
    "if_vehicle": true,
    "motion_state": false,
    "pose": [
      [
        -0.7328571744270206,
        -0.6800977804883367,
        0.0196817393967532,
        34.02353723280157
      ],
      [
        0.6803701483285101,
        -0.7327115581741047,
        0.0151734564788852,
        -52.10655554276855
      ],
      [
        0.004101603867345505,
        0.024510844394139232,
        0.9996911499822341,
        0.38071211824543383
      ],
      [
        0.0,
        0.0,
        0.0,
        1.0
      ]
    ],
    "location": [
      34.02353723280157,
      -52.10655554276855,
      0.38071211824543383
    ],
    "rotation": [
      0.02451350557426454,
      -0.004101615367751681,
      2.3933172603560546
    ]
  },
  {
    "label_id": "tzldZS4tFoBkVHJ-c1DwQw",
    "size": [
      1.000275933021505,
      0.9240270082794113,
      1.740000000000002
    ],
    "obj_class": "pedestrian",
    "point_num_in_lidar": 26,
    "speed": 1.013923357988793,
    "if_vehicle": false,
    "motion_state": true,
    "pose": [
      [
        0.6444347331893543,
        0.7644059810032127,
        0.0196817393967532,
        -22.14253547801104
      ],
      [
        -0.7646585546478014,
        0.6442569836815263,
        0.0151734564788852,
        -0.495503048039609
      ],
      [
        -0.001081417172406285,
        -0.024828112777606656,
        0.9996911499822341,
        0.9840092419568265
      ],
      [
        0.0,
        0.0,
        0.0,
        1.0
      ]
    ],
    "location": [
      -22.14253547801104,
      -0.495503048039609,
      0.9840092419568265
    ],
    "rotation": [
      -0.02483067882810214,
      0.001081417383185976,
      -0.870512021331905
    ]
  },
  {
    "label_id": "vCJ0BzCFmruBIIT0olYkIQ",
    "size": [
      3.234538773750635,
      14.480119551472967,
      3.2713869017741857
    ],
    "obj_class": "vehicle",
    "point_num_in_lidar": 1649,
    "speed": 0.04033892366937177,
    "if_vehicle": true,
    "motion_state": false,
    "pose": [
      [
        -0.7020159328515212,
        -0.7118892183176584,
        0.0196817393967532,
        17.946832900497157
      ],
      [
        0.7121548694177345,
        -0.7018583961050069,
        0.0151734564788852,
        -12.401459844628334
      ],
      [
        0.0030119739736313325,
        0.02466845475461521,
        0.9996911499822341,
        1.6750570784382148
      ],
      [
        0.0,
        0.0,
        0.0,
        1.0
      ]
    ],
    "location": [
      17.946832900497157,
      -12.401459844628334,
      1.6750570784382148
    ],
    "rotation": [
      0.02467106929749847,
      -0.0030119785277481557,
      2.349025085454008
    ]
  },
  {
    "label_id": "wjzgA1cOPaZYdLiSf4bJZA",
    "size": [
      1.0579551682477217,
      0.9628134095098644,
      1.720000000000006
    ],
    "obj_class": "pedestrian",
    "point_num_in_lidar": 45,
    "speed": 0.9506446517243063,
    "if_vehicle": false,
    "motion_state": false,
    "pose": [
      [
        -0.7351804529391969,
        -0.677585663034893,
        0.0196817393967532,
        0.7503185510709045
      ],
      [
        0.6778585276378378,
        -0.735035769692296,
        0.0151734564788852,
        -22.78380564048166
      ],
      [
        0.004185465897599153,
        0.024496663495634764,
        0.9996911499822341,
        0.5130432861728451
      ],
      [
        0.0,
        0.0,
        0.0,
        1.0
      ]
    ],
    "location": [
      0.7503185510709045,
      -22.78380564048166,
      0.5130432861728451
    ],
    "rotation": [
      0.02449932881210628,
      -0.004185478117947798,
      2.39673867436756
    ]
  },
  {
    "label_id": "x3klJ8f90QbfLDwyG47N7A",
    "size": [
      0.882625125965584,
      0.956978295571971,
      1.7813043478260866
    ],
    "obj_class": "pedestrian",
    "point_num_in_lidar": 76,
    "speed": 2.588230544372439,
    "if_vehicle": false,
    "motion_state": true,
    "pose": [
      [
        -0.9992481836668315,
        0.03340204444126375,
        0.0196817393967532,
        12.861541336627852
      ],
      [
        -0.033106137078500686,
        -0.999336654939777,
        0.0151734564788852,
        -21.431749957415377
      ],
      [
        0.02017550807978307,
        0.014510462464061515,
        0.9996911499822341,
        0.7285392203771579
      ],
      [
        0.0,
        0.0,
        0.0,
        1.0
      ]
    ],
    "location": [
      12.861541336627852,
      -21.431749957415377,
      0.7285392203771579
    ],
    "rotation": [
      0.014513926180200419,
      -0.020176877074441952,
      -3.1084737223486973
    ]
  }
]