[
  {
    "label_id": "2m4G_1FvlVHMqTBFExLTsQ",
    "size": [
      2.372979844070632,
      6.136064268284593,
      2.1000000000000014
    ],
    "obj_class": "vehicle",
    "point_num_in_lidar": 308,
    "speed": 3.2083720591766407,
    "if_vehicle": true,
    "motion_state": true,
    "pose": [
      [
        0.7105557597149101,
        -0.7034107271312555,
        0.017996146605466043,
        -69.62435056823972
      ],
      [
        0.7033552692259245,
        0.710763645855027,
        0.010315279104163211,
        15.440247164580796
      ],
      [
        -0.020046884747863907,
        0.005328103560186749,
        0.9997848437160657,
        1.2554747474747288
      ],
      [
        0.0,
        0.0,
        0.0,
        1.0
      ]
    ],
    "location": [
      -69.62435056823972,
      15.440247164580796,
      1.2554747474747288
    ],
    "rotation": [
      0.005329199730864588,
      0.020048227723030193,
      0.7803056023414643
    ]
  },
  {
    "label_id": "2q1az4vBCKBYmYg-0yqbfw",
    "size": [
      1.8222848117894745,
      4.642363821151301,
      1.5700000000000003
    ],
    "obj_class": "vehicle",
    "point_num_in_lidar": 97,
    "speed": 6.134207984028633,
    "if_vehicle": true,
    "motion_state": true,
    "pose": [
      [
        -0.5979122780419502,
        -0.8013594988979916,
        0.017996146605466043,
        -56.26523622160619
      ],
      [
        0.8015576684789376,
        -0.5978284863734854,
        0.010315279104163211,
        43.02383771476889
      ],
      [
        0.002492362191795948,
        0.020592581342491263,
        0.9997848437160657,
        1.0224721965197219
      ],
      [
        0.0,
        0.0,
        0.0,
        1.0
      ]
    ],
    "location": [
      -56.26523622160619,
      43.02383771476889,
      1.0224721965197219
    ],
    "rotation": [
      0.020594100989171294,
      -0.002492364772174523,
      2.2116926458985176
    ]
  },
  {
    "label_id": "3plNn4EcFthBCzoPgxogzQ",
    "size": [
      0.710882853290975,
      0.7730393517247112,
      1.1052173913043362
    ],
    "obj_class": "pedestrian",
    "point_num_in_lidar": 233,
    "speed": 1.4946303510308747,
    "if_vehicle": false,
    "motion_state": true,
    "pose": [
      [
        0.5314498296609189,
        -0.8468985873531346,
        0.017996146605466043,
        -28.376626814703513
      ],
      [
        0.8468919915000123,
        0.5316648848195131,
        0.010315279104163211,
        21.523637314881853
      ],
      [
        -0.01830391451365931,
        0.009758739115216951,
        0.9997848437160657,
        0.7329022050748861
      ],
      [
        0.0,
        0.0,
        0.0,
        1.0
      ]
    ],
    "location": [
      -28.376626814703513,
      21.523637314881853,
      0.7329022050748861
    ],
    "rotation": [
      0.009760529254156328,
      0.018304936737888383,
      1.010380009624089
    ]
  },
  {
    "label_id": "5zhamXYExjfy-r5noa4I-w",
    "size": [
      2.3211440729211907,
      5.242010731245653,
      2.1488031328796637
    ],
    "obj_class": "vehicle",
    "point_num_in_lidar": 8957,
    "speed": 0.0018659415402399262,
    "if_vehicle": true,
    "motion_state": false,
    "pose": [
      [
        -0.7152603035025213,
        -0.6986263929603832,
        0.017996146605466043,
        -23.160546036541632
      ],
      [
        0.6988351823104666,
        -0.7152083493515018,
        0.010315279104163211,
        13.878636259309133
      ],
      [
        0.005664468075461846,
        0.019954450056673744,
        0.9997848437160657,
        1.2510478808538679
      ],
      [
        0.0,
        0.0,
        0.0,
        1.0
      ]
    ],
    "location": [
      -23.160546036541632,
      13.878636259309133,
      1.2510478808538679
    ],
    "rotation": [
      0.019956094740770414,
      -0.005664498367773817,
      2.367809252245171
    ]
  },
  {
    "label_id": "68xsQWcIHjMMfTHtOcaoIw",
    "size": [
      1.0573433360676219,
      0.09741873349442347,
      0.4299999999999997
    ],
    "obj_class": "sign",
    "point_num_in_lidar": 32,
    "speed": 0.005958039723793933,
    "if_vehicle": false,
    "motion_state": false,
    "pose": [
      [
        0.668734636102277,
        0.7432833411186542,
        0.017996146605466043,
        -57.39840008141516
      ],
      [
        -0.7434883468722517,
        0.668669330149192,
        0.010315279104163211,
        37.0120187292996
      ],
      [
        -0.004366296178829766,
        -0.020278109707784642,
        0.9997848437160657,
        3.1474221373453233
      ],
      [
        0.0,
        0.0,
        0.0,
        1.0
      ]
    ],
    "location": [
      -57.39840008141516,
      37.0120187292996,
      3.1474221373453233
    ],
    "rotation": [
      -0.020279693036274162,
      0.004366310052521837,
      -0.8382821699038979
    ]
  },
  {
    "label_id": "6hxt5zygbQRvmtThpAKlzg",
    "size": [
      2.0933483852658537,
      5.475322394370159,
      1.8000000000000043
    ],
    "obj_class": "vehicle",
    "point_num_in_lidar": 346,
    "speed": 0.003719350474913775,
    "if_vehicle": true,
    "motion_state": false,
    "pose": [
      [
        0.3226946330443401,
        -0.9463320307966615,
        0.017996146605466043,
        -46.58325052783914
      ],
      [
        0.9463750122413814,
        0.3229054524502927,
        0.010315279104163211,
        -2.0627153296536562
      ],
      [
        -0.01557273288487695,
        0.013702418258777726,
        0.9997848437160657,
        1.5079933061101443
      ],
      [
        0.0,
        0.0,
        0.0,
        1.0
      ]
    ],
    "location": [
      -46.58325052783914,
      -2.0627153296536562,
      1.5079933061101443
    ],
    "rotation": [
      0.013704509025919014,
      0.015573362377508905,
      1.242179933090286
    ]
  },
  {
    "label_id": "7VCe0--NDlntifOpFryrQg",
    "size": [
      0.6912153101390587,
      1.066362559770647,
      1.7299999999999969
    ],
    "obj_class": "pedestrian",
    "point_num_in_lidar": 467,
    "speed": 1.0809761957286204,
    "if_vehicle": false,
    "motion_state": true,
    "pose": [
      [
        0.4232136289925519,
        -0.9058511814543874,
        0.017996146605466043,
        -27.01898945132291
      ],
      [
        0.905871095085796,
        0.4234278617486853,
        0.010315279104163211,
        23.67104538034073
      ],
      [
        -0.01696417764040635,
        0.011936622329074104,
        0.9997848437160657,
        1.0683324569862407
      ],
      [
        0.0,
        0.0,
        0.0,
        1.0
      ]
    ],
    "location": [
      -27.01898945132291,
      23.67104538034073,
      1.0683324569862407
    ],
    "rotation": [
      0.011938623881763017,
      0.01696499141369869,
      1.1337397695431146
    ]
  },
  {
    "label_id": "8hZwpu_QOehwpCU39N1TMA",
    "size": [
      1.0352487740629506,
      2.0287232664821753,
      1.3900000000000006
    ],
    "obj_class": "vehicle",
    "point_num_in_lidar": 1233,
    "speed": 0.0034319672032274698,
    "if_vehicle": true,
    "motion_state": false,
    "pose": [
      [
        -0.8278907094544916,
        0.5606006706259753,
        0.017996146605466043,
        -18.873364174383028
      ],
      [
        -0.5605078949607638,
        -0.8280848354508471,
        0.010315279104163211,
        25.25213610317951
      ],
      [
        0.020685088484024675,
        -0.0015470585154682937,
        0.9997848437160657,
        0.7871916106647063
      ],
      [
        0.0,
        0.0,
        0.0,
        1.0
      ]
    ],
    "location": [
      -18.873364174383028,
      25.25213610317951,
      0.7871916106647063
    ],
    "rotation": [
      -0.0015473902114283226,
      -0.020686563866199607,
      -2.546448841437269
    ]
  },
  {
    "label_id": "9GOp9QAQoR3n_l4KYwu1hQ",
    "size": [
      0.8074269342862684,
      0.08924921455650353,
      0.7712386422860718
    ],
    "obj_class": "sign",
    "point_num_in_lidar": 96,
    "speed": 0.001456875891621232,
    "if_vehicle": false,
    "motion_state": false,
    "pose": [
      [
        0.7967580016957699,
        0.6040304838674273,
        0.017996146605466043,
        -30.389612487942145
      ],
      [
        -0.6042441205858825,
        0.7967324756493842,
        0.010315279104163211,
        10.038921234827285
      ],
      [
        -0.008107371408606958,
        -0.019092846945521658,
        0.9997848437160657,
        2.9007275035919875
      ],
      [
        0.0,
        0.0,
        0.0,
        1.0
      ]
    ],
    "location": [
      -30.389612487942145,
      10.038921234827285,
      2.9007275035919875
    ],
    "rotation": [
      -0.019094634770133137,
      0.008107460226773264,
      -0.6488418051559298
    ]
  },
  {
    "label_id": "AMadp0L1pJzOnnBOXCTnTQ",
    "size": [
      1.8919297222542824,
      4.847085383399303,
      1.4399999999999977
    ],
    "obj_class": "vehicle",
    "point_num_in_lidar": 56,
    "speed": 1.7053950819000347e-12,
    "if_vehicle": true,
    "motion_state": false,
    "pose": [
      [
        0.6999906064616477,
        -0.71392526889921,
        0.017996146605466043,
        -90.23875010973404
      ],
      [
        0.7138729162480352,
        0.7001992962468105,
        0.010315279104163211,
        -0.9347556477787293
      ],
      [
        -0.01996522759651188,
        0.005626363182526857,
        0.9997848437160657,
        0.7706562917951416
      ],
      [
        0.0,
        0.0,
        0.0,
        1.0
      ]
    ],
    "location": [
      -90.23875010973404,
      -0.9347556477787293,
      0.7706562917951416
    ],
    "rotation": [
      0.005627514583911214,
      0.01996655422542607,
      0.7952165535546498
    ]
  },
  {
    "label_id": "EgtFEsx4l9DBrLJkyWWFvw",
    "size": [
      0.9646012918219966,
      0.8322323455397932,
      1.8800000000000026
    ],
    "obj_class": "pedestrian",
    "point_num_in_lidar": 42,
    "speed": 0.03438973189404608,
    "if_vehicle": false,
    "motion_state": false,
    "pose": [
      [
        0.703354592698764,
        0.7106113252945736,
        0.017996146605466043,
        -59.709197777045915
      ],
      [
        -0.7108192070529975,
        0.7032991183710888,
        0.010315279104163211,
        31.441241474678463
      ],
      [
        -0.005326519886708291,
        -0.020047305592989655,
        0.9997848437160657,
        1.0496885047029423
      ],
      [
        0.0,
        0.0,
        0.0,
        1.0
      ]
    ],
    "location": [
      -59.709197777045915,
      31.441241474678463,
      1.0496885047029423
    ],
    "rotation": [
      -0.02004893310517921,
      0.005326545074201876,
      -0.7906765422154108
    ]
  },
  {
    "label_id": "F7Bt39aSBBq_9EfdYbJu_g",
    "size": [
      0.9771451001793978,
      0.10328031173047941,
      0.937241433467932
    ],
    "obj_class": "sign",
    "point_num_in_lidar": 109,
    "speed": 0.007212606864642512,
    "if_vehicle": false,
    "motion_state": false,
    "pose": [
      [
        0.10236498739869974,
        -0.9945841080885109,
        0.017996146605466043,
        -37.96238713811181
      ],
      [
        0.9946732506798895,
        0.10256080829880676,
        0.010315279104163211,
        4.238745976863356
      ],
      [
        -0.012105112009618646,
        0.01684436222825903,
        0.9997848437160657,
        1.9439025625772857
      ],
      [
        0.0,
        0.0,
        0.0,
        1.0
      ]
    ],
    "location": [
      -37.96238713811181,
      4.238745976863356,
      1.9439025625772857
    ],
    "rotation": [
      0.016846393323392647,
      0.012105407663663997,
      1.4682441772519297
    ]
  },
  {
    "label_id": "FoYJ89RoPhxC2s7oyR-IYw",
    "size": [
      2.0645031847104054,
      4.8697259209348065,
      1.8100000000000023
    ],
    "obj_class": "vehicle",
    "point_num_in_lidar": 82,
    "speed": 10.625290150033678,
    "if_vehicle": true,
    "motion_state": true,
    "pose": [
      [
        0.6294739112895501,
        -0.776813191001022,
        0.017996146605466043,
        -30.69213907980884
      ],
      [
        0.7767807714236208,
        0.6296866110721488,
        0.010315279104163211,
        52.14981463152071
      ],
      [
        -0.01934497744532466,
        0.007485861559105506,
        0.9997848437160657,
        1.2084041109060024
      ],
      [
        0.0,
        0.0,
        0.0,
        1.0
      ]
    ],
    "location": [
      -30.69213907980884,
      52.14981463152071,
      1.2084041109060024
    ],
    "rotation": [
      0.007487332619072267,
      0.019346184221087765,
      0.8897687239957984
    ]
  },
  {
    "label_id": "HA5PLwFMuobFWkWpC5lNrg",
    "size": [
      2.0717866709385353,
      4.6109109994821855,
      1.8599999999999994
    ],
    "obj_class": "vehicle",
    "point_num_in_lidar": 537,
    "speed": 0.00505502268730524,
    "if_vehicle": true,
    "motion_state": false,
    "pose": [
      [
        0.3438057219135061,
        -0.9388683423605717,
        0.017996146605466043,
        -40.04038965343216
      ],
      [
        0.9389065919697284,
        0.34401745097130354,
        0.010315279104163211,
        7.674673078407068
      ],
      [
        -0.015875677476030664,
        0.013350248698779581,
        0.9997848437160657,
        1.0350215550136355
      ],
      [
        0.0,
        0.0,
        0.0,
        1.0
      ]
    ],
    "location": [
      -40.04038965343216,
      7.674673078407068,
      1.0350215550136355
    ],
    "rotation": [
      0.013352328145107735,
      0.015876344428389037,
      1.2197834970839097
    ]
  },
  {
    "label_id": "I3rWao3BUZoXJ4ofYXC1qQ",
    "size": [
      1.9599803797846802,
      4.190208464208446,
      1.740000000000002
    ],
    "obj_class": "vehicle",
    "point_num_in_lidar": 565,
    "speed": 7.557670716616523,
    "if_vehicle": true,
    "motion_state": true,
    "pose": [
      [
        0.6747358592174293,
        -0.7378398599923104,
        0.017996146605466043,
        -28.779373832273677
      ],
      [
        0.7377947975099226,
        0.6749462436255907,
        0.010315279104163211,
        44.08969480279484
      ],
      [
        -0.019757455641092124,
        0.0063173746313235435,
        0.9997848437160657,
        1.271792206254041
      ],
      [
        0.0,
        0.0,
        0.0,
        1.0
      ]
    ],
    "location": [
      -28.779373832273677,
      44.08969480279484,
      1.271792206254041
    ],
    "rotation": [
      0.006318650053924643,
      0.019758741277301806,
      0.8300110691774361
    ]
  },
  {
    "label_id": "IXOFIGIoE_Axs4Lvc4Rteg",
    "size": [
      1.2165606554975692,
      1.2453114029931163,
      1.8999999999999986
    ],
    "obj_class": "pedestrian",
    "point_num_in_lidar": 47,
    "speed": 1.3075925100358425,
    "if_vehicle": false,
    "motion_state": true,
    "pose": [
      [
        -0.9705707155792613,
        -0.24014292570741147,
        0.017996146605466043,
        -62.76363352169528
      ],
      [
        0.24034926943471593,
        -0.9706316622175486,
        0.010315279104163211,
        43.27909622803236
      ],
      [
        0.014990488389611922,
        0.014337068510791298,
        0.9997848437160657,
        1.2152612349049576
      ],
      [
        0.0,
        0.0,
        0.0,
        1.0
      ]
    ],
    "location": [
      -62.76363352169528,
      43.27909622803236,
      1.2152612349049576
    ],
    "rotation": [
      0.01433917103646461,
      -0.014991049877014518,
      2.8988391763165966
    ]
  },
  {
    "label_id": "IwWISx28NLErylVGWpUHvQ",
    "size": [
      2.9891074923897043,
      13.851028361303396,
      4.359999999999957
    ],
    "obj_class": "vehicle",
    "point_num_in_lidar": 680,
    "speed": 3.1264385016200963e-12,
    "if_vehicle": true,
    "motion_state": false,
    "pose": [
      [
        -0.008494086315015671,
        -0.9998019749955627,
        0.017996146605466043,
        -51.91494346469267
      ],
      [
        0.9999122710006199,
        -0.008309351321620128,
        0.010315279104163211,
        -20.56836624178868
      ],
      [
        -0.010163700116392638,
        0.01808218669260589,
        0.9997848437160657,
        3.6403842217051334
      ],
      [
        0.0,
        0.0,
        0.0,
        1.0
      ]
    ],
    "location": [
      -51.91494346469267,
      -20.56836624178868,
      3.6403842217051334
    ],
    "rotation": [
      0.018084106390028377,
      0.010163875110919702,
      1.579290954026691
    ]
  },
  {
    "label_id": "JpL6P0gAOoixkeBIrZJTfg",
    "size": [
      2.013886120241872,
      4.439900271844769,
      1.8999999999999986
    ],
    "obj_class": "vehicle",
    "point_num_in_lidar": 114,
    "speed": 0.0222046021871211,
    "if_vehicle": true,
    "motion_state": false,
    "pose": [
      [
        0.3374419160984705,
        -0.9411743153991973,
        0.017996146605466043,
        -44.05600666481166
      ],
      [
        0.9412139974899412,
        0.33765338136320827,
        0.010315279104163211,
        5.928777345074195
      ],
      [
        -0.015784935501856088,
        0.013457417539946382,
        0.9997848437160657,
        1.1501631302983313
      ],
      [
        0.0,
        0.0,
        0.0,
        1.0
      ]
    ],
    "location": [
      -44.05600666481166,
      5.928777345074195,
      1.1501631302983313
    ],
    "rotation": [
      0.013459500785964893,
      0.01578559108213988,
      1.226553563820739
    ]
  },
  {
    "label_id": "R02j7hrIj7vZK3LuWkAaDQ",
    "size": [
      0.8959697064606247,
      0.1253559028273384,
      0.930247678744081
    ],
    "obj_class": "sign",
    "point_num_in_lidar": 256,
    "speed": 0.002020100459771036,
    "if_vehicle": false,
    "motion_state": false,
    "pose": [
      [
        -0.47975399644173694,
        0.877218468572987,
        0.017996146605466043,
        -36.2432019787625
      ],
      [
        -0.8772247693897668,
        -0.479969060446685,
        0.010315279104163211,
        9.904361937977228
      ],
      [
        0.017686346916543322,
        -0.010837869181250145,
        0.9997848437160657,
        2.6833055635237315
      ],
      [
        0.0,
        0.0,
        0.0,
        1.0
      ]
    ],
    "location": [
      -36.2432019787625,
      9.904361937977228,
      2.6833055635237315
    ],
    "rotation": [
      -0.010839776938079734,
      -0.017687269114822716,
      -2.0712561824725815
    ]
  },
  {
    "label_id": "Tc_grduMpPFzotyj6WiPYw",
    "size": [
      0.8046151891151084,
      0.889443332664063,
      1.7230060925525095
    ],
    "obj_class": "pedestrian",
    "point_num_in_lidar": 408,
    "speed": 1.2826593891092808,
    "if_vehicle": false,
    "motion_state": true,
    "pose": [
      [
        0.45063612918236096,
        -0.8925263120955558,
        0.017996146605466043,
        -28.489881984415547
      ],
      [
        0.8925396845451242,
        0.4508508695002078,
        0.010315279104163211,
        20.42044656595135
      ],
      [
        -0.01732023636180272,
        0.01141383756733467,
        0.9997848437160657,
        1.0471498252429896
      ],
      [
        0.0,
        0.0,
        0.0,
        1.0
      ]
    ],
    "location": [
      -28.489881984415547,
      20.42044656595135,
      1.0471498252429896
    ],
    "rotation": [
      0.011415797924900033,
      0.017321102463375197,
      1.1032427962143543
    ]
  },
  {
    "label_id": "U1dH0uDhaeGUHpknIe9pRQ",
    "size": [
      1.9809537790353362,
      4.634512657984047,
      1.75
    ],
    "obj_class": "vehicle",
    "point_num_in_lidar": 90,
    "speed": 10.37362321304812,
    "if_vehicle": true,
    "motion_state": true,
    "pose": [
      [
        0.7038225015487191,
        -0.7101478895420713,
        0.017996146605466043,
        -54.19736862237403
      ],
      [
        0.7100944145724666,
        0.704030906572992,
        0.010315279104163211,
        25.927988794581324
      ],
      [
        -0.019995217095325667,
        0.0055188376451033114,
        0.9997848437160657,
        1.2054747474747245
      ],
      [
        0.0,
        0.0,
        0.0,
        1.0
      ]
    ],
    "location": [
      -54.19736862237403,
      25.927988794581324,
      1.2054747474747245
    ],
    "rotation": [
      0.005519969247954628,
      0.01999654971207703,
      0.7898339769985668
    ]
  },
  {
    "label_id": "U2p8B_zSFJocUfJk_cR9kA",
    "size": [
      2.0861832129471978,
      5.130968474483823,
      1.9329169092128993
    ],
    "obj_class": "vehicle",
    "point_num_in_lidar": 195,
    "speed": 7.605234378122701,
    "if_vehicle": true,
    "motion_state": true,
    "pose": [
      [
        0.703849519445773,
        -0.7101211112784276,
        0.017996146605466043,
        -57.2017476226041
      ],
      [
        0.7100676283798488,
        0.7040579224353775,
        0.010315279104163211,
        10.90895753296536
      ],
      [
        -0.019995427051482415,
        0.005518076899705042,
        0.9997848437160657,
        1.0840730428704362
      ],
      [
        0.0,
        0.0,
        0.0,
        1.0
      ]
    ],
    "location": [
      -57.2017476226041,
      10.90895753296536,
      1.0840730428704362
    ],
    "rotation": [
      0.0055192083620234965,
      0.019996759710217964,
      0.7897959238015118
    ]
  },
  {
    "label_id": "WkuuNxUfsNcZQTemPqZG0A",
    "size": [
      1.6999910312860345,
      4.453167383139791,
      1.5278147229951173
    ],
    "obj_class": "vehicle",
    "point_num_in_lidar": 76,
    "speed": 0.013786237948520378,
    "if_vehicle": true,
    "motion_state": false,
    "pose": [
      [
        0.6836280767877096,
        -0.7296086562910914,
        0.017996146605466043,
        -65.11461488222528
      ],
      [
        0.729561047501729,
        0.6838378996408307,
        0.010315279104163211,
        23.9886549162984
      ],
      [
        -0.01983256402276646,
        0.0060774731529709474,
        0.9997848437160657,
        0.9388549957397387
      ],
      [
        0.0,
        0.0,
        0.0,
        1.0
      ]
    ],
    "location": [
      -65.11461488222528,
      23.9886549162984,
      0.9388549957397387
    ],
    "rotation": [
      0.006078706169051362,
      0.01983386437864461,
      0.8178897845763056
    ]
  },
  {
    "label_id": "WlEHwQxLUOF-q1IUwMFeSA",
    "size": [
      1.7846216690566599,
      4.090804423523513,
      1.6600000000000037
    ],
    "obj_class": "vehicle",
    "point_num_in_lidar": 417,
    "speed": 8.350960972567714,
    "if_vehicle": true,
    "motion_state": true,
    "pose": [
      [
        0.6949425287671971,
        -0.7188400520407917,
        0.017996146605466043,
        -47.772921786530446
      ],
      [
        0.7187891712291241,
        0.6951515822759465,
        0.010315279104163211,
        23.791994382345365
      ],
      [
        -0.0199250855557116,
        0.0057669091582741435,
        0.9997848437160657,
        1.120620072181758
      ],
      [
        0.0,
        0.0,
        0.0,
        1.0
      ]
    ],
    "location": [
      -47.772921786530446,
      23.791994382345365,
      1.120620072181758
    ],
    "rotation": [
      0.005768086241536706,
      0.0199264041978021,
      0.802264433844947
    ]
  },
  {
    "label_id": "YC3_X2Acqy93ylt39sAhfw",
    "size": [
      2.1263744226855614,
      4.678871084775954,
      1.740000000000002
    ],
    "obj_class": "vehicle",
    "point_num_in_lidar": 1313,
    "speed": 6.896932379750359,
    "if_vehicle": true,
    "motion_state": true,
    "pose": [
      [
        0.7131514662356476,
        -0.7007789415452642,
        0.017996146605466043,
        -35.126469296565574
      ],
      [
        0.7007227154481765,
        0.7133591459229612,
        0.010315279104163211,
        32.16606607481299
      ],
      [
        -0.020066446144739132,
        0.005253952299221721,
        0.9997848437160657,
        1.228001828535234
      ],
      [
        0.0,
        0.0,
        0.0,
        1.0
      ]
    ],
    "location": [
      -35.126469296565574,
      32.16606607481299,
      1.228001828535234
    ],
    "rotation": [
      0.0052550345895355476,
      0.020067793055573057,
      0.7766078263055572
    ]
  },
  {
    "label_id": "Yu9T0CbqX3V1hXpU4AZnkA",
    "size": [
      1.880015237334869,
      4.5456553702554165,
      1.5400000000000063
    ],
    "obj_class": "vehicle",
    "point_num_in_lidar": 382,
    "speed": 8.650986860217639,
    "if_vehicle": true,
    "motion_state": true,
    "pose": [
      [
        0.7121817991604524,
        -0.7017643647635121,
        0.017996146605466043,
        -47.52956870417552
      ],
      [
        0.701708425884297,
        0.7123895563945228,
        0.010315279104163211,
        19.75200254266565
      ],
      [
        -0.02005916218497018,
        0.005281693675259439,
        0.9997848437160657,
        0.9389777699051152
      ],
      [
        0.0,
        0.0,
        0.0,
        1.0
      ]
    ],
    "location": [
      -47.52956870417552,
      19.75200254266565,
      0.9389777699051152
    ],
    "rotation": [
      0.0052827811652895774,
      0.020060507629405807,
      0.7779908120091008
    ]
  },
  {
    "label_id": "cGy-7JZfWzadYOxbpSdAYQ",
    "size": [
      0.9696665606975482,
      0.9278091775285798,
      1.9399999999999977
    ],
    "obj_class": "pedestrian",
    "point_num_in_lidar": 353,
    "speed": 1.1121877627746422,
    "if_vehicle": false,
    "motion_state": true,
    "pose": [
      [
        0.39783701206809924,
        -0.9172795923468928,
        0.017996146605466043,
        -27.643655993548236
      ],
      [
        0.9173054610276793,
        0.39805060756868565,
        0.010315279104163211,
        23.80816856855745
      ],
      [
        -0.016625372101812152,
        0.012404163741199946,
        0.9997848437160657,
        1.109543625168122
      ],
      [
        0.0,
        0.0,
        0.0,
        1.0
      ]
    ],
    "location": [
      -27.643655993548236,
      23.80816856855745,
      1.109543625168122
    ],
    "rotation": [
      0.012406196615526053,
      0.016626138080870132,
      1.1615783404794138
    ]
  },
  {
    "label_id": "cv9oyKZbR5OEysJKx0Ipiw",
    "size": [
      1.4535229738680215,
      0.1300954602712818,
      0.4602476787440821
    ],
    "obj_class": "sign",
    "point_num_in_lidar": 67,
    "speed": 0.023225946081689014,
    "if_vehicle": false,
    "motion_state": false,
    "pose": [
      [
        0.5336702482621016,
        -0.8455011560176731,
        0.017996146605466043,
        -36.27724931464172
      ],
      [
        0.8454939958859995,
        0.533885285372924,
        0.010315279104163211,
        9.951411612140873
      ],
      [
        -0.01832945827328716,
        0.0097106763435941,
        0.9997848437160657,
        0.7845455213318147
      ],
      [
        0.0,
        0.0,
        0.0,
        1.0
      ]
    ],
    "location": [
      -36.27724931464172,
      9.951411612140873,
      0.7845455213318147
    ],
    "rotation": [
      0.00971246069646527,
      0.018330484783573894,
      1.0077557068941811
    ]
  },
  {
    "label_id": "eqtBmTwRgy_EzvD2hRrPgw",
    "size": [
      0.9945838042625207,
      0.12124330171716347,
      0.9600000000000009
    ],
    "obj_class": "sign",
    "point_num_in_lidar": 43,
    "speed": 0.0001594934905902941,
    "if_vehicle": false,
    "motion_state": false,
    "pose": [
      [
        0.44224421540084197,
        -0.8967141086499356,
        0.017996146605466043,
        -55.84765672102594
      ],
      [
        0.8967294948213544,
        0.44245882083470955,
        0.010315279104163211,
        2.182243414416007
      ],
      [
        -0.017212410113988087,
        0.011575802940189239,
        0.9997848437160657,
        2.054854598191028
      ],
      [
        0.0,
        0.0,
        0.0,
        1.0
      ]
    ],
    "location": [
      -55.84765672102594,
      2.182243414416007,
      2.054854598191028
    ],
    "rotation": [
      0.01157777674114936,
      0.017213260139013992,
      1.1126239265209483
    ]
  },
  {
    "label_id": "fGU9Sr0Kb4t6a-Bm1yxzCA",
    "size": [
      2.2511169924659873,
      4.929714534152837,
      1.509999999999998
    ],
    "obj_class": "vehicle",
    "point_num_in_lidar": 322,
    "speed": 4.496259423466903,
    "if_vehicle": true,
    "motion_state": true,
    "pose": [
      [
        0.34154341737483196,
        -0.9396936909202254,
        0.017996146605466043,
        -54.507279148821794
      ],
      [
        0.9397324503775496,
        0.34175505369256676,
        0.010315279104163211,
        34.00027707735717
      ],
      [
        -0.015843476743673757,
        0.01338844727049713,
        0.9997848437160657,
        0.8923569801407467
      ],
      [
        0.0,
        0.0,
        0.0,
        1.0
      ]
    ],
    "location": [
      -54.507279148821794,
      34.00027707735717,
      0.8923569801407467
    ],
    "rotation": [
      0.013390528106472328,
      0.01584413964560293,
      1.2221921327383516
    ]
  },
  {
    "label_id": "fm4vUhcFchzvNSDaSv-h3Q",
    "size": [
      2.0753022216049666,
      4.447160908047483,
      1.5899999999999963
    ],
    "obj_class": "vehicle",
    "point_num_in_lidar": 111,
    "speed": 5.3290705182007514e-14,
    "if_vehicle": true,
    "motion_state": false,
    "pose": [
      [
        0.4169009383313105,
        -0.9087737597036061,
        0.017996146605466043,
        -49.95175581959552
      ],
      [
        0.908795163374542,
        0.4171150273534178,
        0.010315279104163211,
        -1.1964104116377712
      ],
      [
        -0.016880718157477534,
        0.012054361456751723,
        0.9997848437160657,
        1.3387872537514056
      ],
      [
        0.0,
        0.0,
        0.0,
        1.0
      ]
    ],
    "location": [
      -49.95175581959552,
      -1.1964104116377712,
      1.3387872537514056
    ],
    "rotation": [
      0.012056371396871372,
      0.01688151997806393,
      1.1406978078060668
    ]
  },
  {
    "label_id": "gpjixMPWFS6iGvBmsDByCw",
    "size": [
      1.9570612401651748,
      4.52179090021459,
      1.490000000000002
    ],
    "obj_class": "vehicle",
    "point_num_in_lidar": 36,
    "speed": 3.700172746000914,
    "if_vehicle": true,
    "motion_state": true,
    "pose": [
      [
        0.671865853592873,
        -0.7404541940480011,
        0.017996146605466043,
        -60.50997289845702
      ],
      [
        0.7404099487957723,
        0.6720764113858221,
        0.010315279104163211,
        24.974682851960097
      ],
      [
        -0.01973277730482812,
        0.006394042186306984,
        0.9997848437160657,
        0.883356751258944
      ],
      [
        0.0,
        0.0,
        0.0,
        1.0
      ]
    ],
    "location": [
      -60.50997289845702,
      24.974682851960097,
      0.883356751258944
    ],
    "rotation": [
      0.006395331009063845,
      0.019734058128963224,
      0.8338946045769805
    ]
  },
  {
    "label_id": "i3o11qKaljOZ3lMjZ7qZjg",
    "size": [
      2.0989436661438483,
      4.611355298180513,
      1.5157792543394564
    ],
    "obj_class": "vehicle",
    "point_num_in_lidar": 4732,
    "speed": 3.88178167061644,
    "if_vehicle": true,
    "motion_state": true,
    "pose": [
      [
        -0.7003531258733273,
        -0.7135696446646353,
        0.017996146605466043,
        -18.758047062568153
      ],
      [
        0.713777290752748,
        -0.700296775819131,
        0.010315279104163211,
        13.831433921053758
      ],
      [
        0.005241973400001989,
        0.020069578732895336,
        0.9997848437160657,
        0.8428538826065974
      ],
      [
        0.0,
        0.0,
        0.0,
        1.0
      ]
    ],
    "location": [
      -18.758047062568153,
      13.831433921053758,
      0.8428538826065974
    ],
    "rotation": [
      0.020071202074742802,
      -0.005241997407038794,
      2.3467018991942217
    ]
  },
  {
    "label_id": "kt38cGopRoo7r_UIYR3sFw",
    "size": [
      0.7165647637060035,
      1.15292320642138,
      1.8846460176991258
    ],
    "obj_class": "pedestrian",
    "point_num_in_lidar": 310,
    "speed": 1.58682275668773,
    "if_vehicle": false,
    "motion_state": true,
    "pose": [
      [
        0.3164447432798372,
        -0.9484402264549479,
        0.017996146605466043,
        -24.82064690420748
      ],
      [
        0.94848459772121,
        0.3166552745536344,
        0.010315279104163211,
        32.22546136651363
      ],
      [
        -0.015482000393759856,
        0.013804852025640585,
        0.9997848437160657,
        1.0843846817326224
      ],
      [
        0.0,
        0.0,
        0.0,
        1.0
      ]
    ],
    "location": [
      -24.82064690420748,
      32.22546136651363,
      1.0843846817326224
    ],
    "rotation": [
      0.013806945451234736,
      0.0154826189466208,
      1.2487770629225834
    ]
  },
  {
    "label_id": "l3xS3YkgkvGjtw43tFm6rQ",
    "size": [
      2.3695743119442496,
      5.118608991722786,
      1.8900000000000006
    ],
    "obj_class": "vehicle",
    "point_num_in_lidar": 339,
    "speed": 1.7056726000188582e-12,
    "if_vehicle": true,
    "motion_state": false,
    "pose": [
      [
        0.28126617597122666,
        -0.9594610346240631,
        0.017996146605466043,
        -48.90372994643883
      ],
      [
        0.9595131367941314,
        0.2814749284332255,
        0.010315279104163211,
        -8.654192696061727
      ],
      [
        -0.014962572439563802,
        0.014366199971913898,
        0.9997848437160657,
        1.8758094929752005
      ],
      [
        0.0,
        0.0,
        0.0,
        1.0
      ]
    ],
    "location": [
      -48.90372994643883,
      -8.654192696061727,
      1.8758094929752005
    ],
    "rotation": [
      0.014368302763923525,
      0.014963130795714302,
      1.2856502151940488
    ]
  },
  {
    "label_id": "lVIFZCiMNzJgCGEzHbZ6yg",
    "size": [
      1.8452801560115695,
      3.5772829602206295,
      1.5
    ],
    "obj_class": "vehicle",
    "point_num_in_lidar": 49,
    "speed": 4.092129732585742,
    "if_vehicle": true,
    "motion_state": true,
    "pose": [
      [
        0.16316939877011497,
        -0.9864339237943685,
        0.017996146605466043,
        -55.439867746081745
      ],
      [
        0.9865108890324908,
        0.163370318103772,
        0.010315279104163211,
        -12.948648388353831
      ],
      [
        -0.013115377437330879,
        0.01607025669734511,
        0.9997848437160657,
        2.0854751528553663
      ],
      [
        0.0,
        0.0,
        0.0,
        1.0
      ]
    ],
    "location": [
      -55.439867746081745,
      -12.948648388353831,
      2.0854751528553663
    ],
    "rotation": [
      0.01607233098123306,
      0.013115753469282499,
      1.4068798432938345
    ]
  },
  {
    "label_id": "p_-q0upnS--pDSRP2-WGZQ",
    "size": [
      1.901868574485926,
      4.648856578040061,
      1.7800000000000011
    ],
    "obj_class": "vehicle",
    "point_num_in_lidar": 139,
    "speed": 8.092306597441375,
    "if_vehicle": true,
    "motion_state": true,
    "pose": [
      [
        0.7193966751541931,
        -0.6943663028146217,
        0.017996146605466043,
        -38.080028054173
      ],
      [
        0.6943082196990935,
        0.719603843149325,
        0.010315279104163211,
        33.71260803851146
      ],
      [
        -0.02011267847323078,
        0.005074095020262478,
        0.9997848437160657,
        1.204306488807731
      ],
      [
        0.0,
        0.0,
        0.0,
        1.0
      ]
    ],
    "location": [
      -38.080028054173,
      33.71260803851146,
      1.204306488807731
    ],
    "rotation": [
      0.005075143404558266,
      0.020114034716358347,
      0.7676534259753933
    ]
  },
  {
    "label_id": "qqtlWI89nAPB5R9a65QLWQ",
    "size": [
      0.7219228465585256,
      0.9605874422248267,
      1.6599999999999966
    ],
    "obj_class": "pedestrian",
    "point_num_in_lidar": 400,
    "speed": 1.1859452577793665,
    "if_vehicle": false,
    "motion_state": true,
    "pose": [
      [
        0.40508918105661457,
        -0.9141000460005656,
        0.017996146605466043,
        -29.127096554121522
      ],
      [
        0.9141242222422384,
        0.405302974732515,
        0.010315279104163211,
        19.287639585700163
      ],
      [
        -0.0167230888565421,
        0.012272105554403065,
        0.9997848437160657,
        0.9999698407642299
      ],
      [
        0.0,
        0.0,
        0.0,
        1.0
      ]
    ],
    "location": [
      -29.127096554121522,
      19.287639585700163,
      0.9999698407642299
    ],
    "rotation": [
      0.012274130122736688,
      0.01672386842256506,
      1.1536579868276786
    ]
  },
  {
    "label_id": "qtdDGxCsGHPBehUbqu5xcg",
    "size": [
      0.9748487835249461,
      0.10736751885132706,
      0.6372414334679277
    ],
    "obj_class": "sign",
    "point_num_in_lidar": 47,
    "speed": 0.007307763411847875,
    "if_vehicle": false,
    "motion_state": false,
    "pose": [
      [
        0.1023649874021736,
        -0.9945841080881533,
        0.017996146605466043,
        -37.96261721410906
      ],
      [
        0.9946732506795314,
        0.10256080830228088,
        0.010315279104163211,
        4.237773369388378
      ],
      [
        -0.012105112009677479,
        0.016844362228216753,
        0.9997848437160657,
        1.1339025625772692
      ],
      [
        0.0,
        0.0,
        0.0,
        1.0
      ]
    ],
    "location": [
      -37.96261721410906,
      4.237773369388378,
      1.1339025625772692
    ],
    "rotation": [
      0.01684639332335037,
      0.012105407663722834,
      1.4682441772484371
    ]
  },
  {
    "label_id": "rgmY_QECrtLgzEVHHJqCdg",
    "size": [
      2.1965088060132976,
      4.671838545906206,
      1.8500000000000014
    ],
    "obj_class": "vehicle",
    "point_num_in_lidar": 373,
    "speed": 1.421529491362787e-12,
    "if_vehicle": true,
    "motion_state": false,
    "pose": [
      [
        0.28256510395208195,
        -0.9590792984607185,
        0.017996146605466043,
        -50.88574746385734
      ],
      [
        0.9591311179157403,
        0.2827739267731472,
        0.010315279104163211,
        5.965728055452928
      ],
      [
        -0.01498201168906024,
        0.014345926299513588,
        0.9997848437160657,
        1.2368873070885513
      ],
      [
        0.0,
        0.0,
        0.0,
        1.0
      ]
    ],
    "location": [
      -50.88574746385734,
      5.965728055452928,
      1.2368873070885513
    ],
    "rotation": [
      0.014348028908747347,
      0.014982572224421144,
      1.284296123783723
    ]
  },
  {
    "label_id": "sgqcjcLMcNqQ6bf9oi3l_Q",
    "size": [
      2.0527169757295907,
      4.312467707037239,
      1.6907197922451331
    ],
    "obj_class": "vehicle",
    "point_num_in_lidar": 71,
    "speed": 0.006869035997490107,
    "if_vehicle": true,
    "motion_state": false,
    "pose": [
      [
        -0.6998861425582901,
        -0.7140276788488186,
        0.017996146605466043,
        -61.20630728670869
      ],
      [
        0.7142352880270113,
        -0.699829656669375,
        0.010315279104163211,
        67.48155749255966
      ],
      [
        0.005228842304851662,
        0.020073003855756288,
        0.9997848437160657,
        1.3592477299654249
      ],
      [
        0.0,
        0.0,
        0.0,
        1.0
      ]
    ],
    "location": [
      -61.20630728670869,
      67.48155749255966,
