[
  {
    "label_id": "2m4G_1FvlVHMqTBFExLTsQ",
    "size": [
      2.3729798440712266,
      6.136064268284593,
      2.1000000000000014
    ],
    "obj_class": "vehicle",
    "point_num_in_lidar": 335,
    "speed": 3.223140370088455,
    "if_vehicle": true,
    "motion_state": true,
    "pose": [
      [
        0.7104497191475992,
        -0.7035212615501703,
        0.017861441989776648,
        -69.4016172587394
      ],
      [
        0.7034596792566972,
        0.7106563154693902,
        0.010586828776125063,
        15.660051958027907
      ],
      [
        -0.020141405689820077,
        0.005043394722528612,
        0.9997844207360459,
        1.2554747474747288
      ],
      [
        0.0,
        0.0,
        0.0,
        1.0
      ]
    ],
    "location": [
      -69.4016172587394,
      15.660051958027907,
      1.2554747474747288
    ],
    "rotation": [
      0.0050444394202988465,
      0.020142767753383528,
      0.7804544357780256
    ]
  },
  {
    "label_id": "2q1az4vBCKBYmYg-0yqbfw",
    "size": [
      1.8222848117915247,
      4.642363821151301,
      1.5700000000000003
    ],
    "obj_class": "vehicle",
    "point_num_in_lidar": 160,
    "speed": 6.3188513750114454,
    "if_vehicle": true,
    "motion_state": true,
    "pose": [
      [
        -0.6461709345948392,
        -0.7629836775284762,
        0.017861441989776648,
        -56.70980297389508
      ],
      [
        0.7631848621397013,
        -0.6460934802776376,
        0.010586828776125063,
        43.538689632203386
      ],
      [
        0.0034625836649797292,
        0.020472483187248234,
        0.9997844207360459,
        1.0224721965196935
      ],
      [
        0.0,
        0.0,
        0.0,
        1.0
      ]
    ],
    "location": [
      -56.70980297389508,
      43.538689632203386,
      1.0224721965196935
    ],
    "rotation": [
      0.020474036291092464,
      -0.0034625905841165795,
      2.2733579491054385
    ]
  },
  {
    "label_id": "3plNn4EcFthBCzoPgxogzQ",
    "size": [
      0.7108828532900977,
      0.7730393517247112,
      1.1052173913043362
    ],
    "obj_class": "pedestrian",
    "point_num_in_lidar": 239,
    "speed": 1.463213635556567,
    "if_vehicle": false,
    "motion_state": true,
    "pose": [
      [
        0.5276545727052951,
        -0.8492712292272935,
        0.017861441989776648,
        -28.296783780437067
      ],
      [
        0.8492593067161838,
        0.5278698220322996,
        0.010586828776125063,
        21.638889335918066
      ],
      [
        -0.018419605292702257,
        0.009582807227018658,
        0.9997844207360459,
        0.7318750086668118
      ],
      [
        0.0,
        0.0,
        0.0,
        1.0
      ]
    ],
    "location": [
      -28.296783780437067,
      21.638889335918066,
      0.7318750086668118
    ],
    "rotation": [
      0.009584580023037349,
      0.018420647024746502,
      1.014853814909994
    ]
  },
  {
    "label_id": "5zhamXYExjfy-r5noa4I-w",
    "size": [
      2.32114407292119,
      5.242010731245653,
      2.1488031328796637
    ],
    "obj_class": "vehicle",
    "point_num_in_lidar": 8927,
    "speed": 0.0018659415083626793,
    "if_vehicle": true,
    "motion_state": false,
    "pose": [
      [
        -0.7152620314790283,
        -0.6986280807515106,
        0.017861441989776648,
        -23.16067640034578
      ],
      [
        0.6988356745541741,
        -0.7152039003157613,
        0.010586828776125063,
        13.878502791612846
      ],
      [
        0.005378317107242854,
        0.02005456951876766,
        0.9997844207360459,
        1.2512482045469326
      ],
      [
        0.0,
        0.0,
        0.0,
        1.0
      ]
    ],
    "location": [
      -23.16067640034578,
      13.878502791612846,
      1.2512482045469326
    ],
    "rotation": [
      0.02005620415599645,
      -0.005378343036711498,
      2.3678101077596634
    ]
  },
  {
    "label_id": "68xsQWcIHjMMfTHtOcaoIw",
    "size": [
      1.057343336067621,
      0.09741873349442347,
      0.4299999999999997
    ],
    "obj_class": "sign",
    "point_num_in_lidar": 34,
    "speed": 0.005529890037667676,
    "if_vehicle": false,
    "motion_state": false,
    "pose": [
      [
        0.6687362516787695,
        0.7432851367952108,
        0.017861441989776648,
        -57.39790126467767
      ],
      [
        -0.7434885512792644,
        0.6686648586348213,
        0.010586828776125063,
        37.01152990099217
      ],
      [
        -0.004074286108018471,
        -0.020359573821648474,
        0.9997844207360459,
        3.146787304268024
      ],
      [
        0.0,
        0.0,
        0.0,
        1.0
      ]
    ],
    "location": [
      -57.39790126467767,
      37.01152990099217,
      3.146787304268024
    ],
    "rotation": [
      -0.020361149652495986,
      0.004074297380163379,
      -0.8382811054166693
    ]
  },
  {
    "label_id": "6hxt5zygbQRvmtThpAKlzg",
    "size": [
      2.0933483852658537,
      5.475322394370159,
      1.8000000000000043
    ],
    "obj_class": "vehicle",
    "point_num_in_lidar": 347,
    "speed": 0.0037193504743811717,
    "if_vehicle": true,
    "motion_state": false,
    "pose": [
      [
        0.3226954126328927,
        -0.9463343170126152,
        0.017861441989776648,
        -46.582893116502305
      ],
      [
        0.9463712083933457,
        0.322907811891542,
        0.010586828776125063,
        -2.0628180766052537
      ],
      [
        -0.015786278529330303,
        0.013487233359127113,
        0.9997844207360459,
        1.5074815678876163
      ],
      [
        0.0,
        0.0,
        0.0,
        1.0
      ]
    ],
    "location": [
      -46.582893116502305,
      -2.0628180766052537,
      1.5074815678876163
    ],
    "rotation": [
      0.013489323313646094,
      0.015786934276976784,
      1.2421779673425186
    ]
  },
  {
    "label_id": "7VCe0--NDlntifOpFryrQg",
    "size": [
      0.6912153101383699,
      1.066362559770647,
      1.7299999999999969
    ],
    "obj_class": "pedestrian",
    "point_num_in_lidar": 482,
    "speed": 1.0929225550914181,
    "if_vehicle": false,
    "motion_state": true,
    "pose": [
      [
        0.4250286557004855,
        -0.9050036523260467,
        0.017861441989776648,
        -26.980461918735273
      ],
      [
        0.9050169096234105,
        0.42524382694185753,
        0.010586828776125063,
        23.765209352108286
      ],
      [
        -0.01717658665537628,
        0.01166520142815783,
        0.9997844207360459,
        1.0704747474747833
      ],
      [
        0.0,
        0.0,
        0.0,
        1.0
      ]
    ],
    "location": [
      -26.980461918735273,
      23.765209352108286,
      1.0704747474747833
    ],
    "rotation": [
      0.011667187325261104,
      0.017177431383609092,
      1.1317335003913473
    ]
  },
  {
    "label_id": "8hZwpu_QOehwpCU39N1TMA",
    "size": [
      1.035248774062951,
      2.0287232664821753,
      1.3900000000000006
    ],
    "obj_class": "vehicle",
    "point_num_in_lidar": 1245,
    "speed": 0.0034319672303784942,
    "if_vehicle": true,
    "motion_state": false,
    "pose": [
      [
        -0.8278927095315116,
        0.5606020249647854,
        0.017861441989776648,
        -18.873629571416245
      ],
      [
        -0.560503437603688,
        -0.828084425340142,
        0.010586828776125063,
        25.251918576504977
      ],
      [
        0.020725779575701653,
        -0.001246641275016313,
        0.9997844207360459,
        0.7862695875456467
      ],
      [
        0.0,
        0.0,
        0.0,
        1.0
      ]
    ],
    "location": [
      -18.873629571416245,
      25.251918576504977,
      0.7862695875456467
    ],
    "rotation": [
      -0.0012469094367492245,
      -0.02072726368312563,
      -2.5464536547642886
    ]
  },
  {
    "label_id": "9GOp9QAQoR3n_l4KYwu1hQ",
    "size": [
      0.807426934286266,
      0.08924921455650353,
      0.7712386422860718
    ],
    "obj_class": "sign",
    "point_num_in_lidar": 101,
    "speed": 0.0014568758672286188,
    "if_vehicle": false,
    "motion_state": false,
    "pose": [
      [
        0.7967599265601796,
        0.6040319431270691,
        0.017861441989776648,
        -30.38947183518428
      ],
      [
        -0.6042451635079776,
        0.7967281226577119,
        0.010586828776125063,
        10.038883338012965
      ],
      [
        -0.007835930387277982,
        -0.019227850853771454,
        0.9997844207360459,
        2.9007275035920372
      ],
      [
        0.0,
        0.0,
        0.0,
        1.0
      ]
    ],
    "location": [
      -30.38947183518428,
      10.038883338012965,
      2.9007275035920372
    ],
    "rotation": [
      -0.01922962628856878,
      0.007836010579538763,
      -0.6488414730033383
    ]
  },
  {
    "label_id": "AMadp0L1pJzOnnBOXCTnTQ",
    "size": [
      1.8919297222542903,
      4.847085383399303,
      1.4399999999999977
    ],
    "obj_class": "vehicle",
    "point_num_in_lidar": 64,
    "speed": 1.7053950819000347e-12,
    "if_vehicle": true,
    "motion_state": false,
    "pose": [
      [
        0.6999922975485405,
        -0.713926993650444,
        0.017861441989776648,
        -90.23875010973347
      ],
      [
        0.7138684662806692,
        0.7001997799960734,
        0.010586828776125063,
        -0.9347556477805483
      ],
      [
        -0.020064800592085215,
        0.005340021600050215,
        0.9997844207360459,
        0.7708861429724934
      ],
      [
        0.0,
        0.0,
        0.0,
        1.0
      ]
    ],
    "location": [
      -90.23875010973347,
      -0.9347556477805483,
      0.7708861429724934
    ],
    "rotation": [
      0.005341122255848071,
      0.020066147171545264,
      0.7952122296659988
    ]
  },
  {
    "label_id": "EgtFEsx4l9DBrLJkyWWFvw",
    "size": [
      0.964601291821662,
      0.8322323455397932,
      1.8800000000000026
    ],
    "obj_class": "pedestrian",
    "point_num_in_lidar": 43,
    "speed": 0.034389731320317925,
    "if_vehicle": false,
    "motion_state": false,
    "pose": [
      [
        0.7034948714645937,
        0.7104758509006908,
        0.017861441989776648,
        -59.7105697184046
      ],
      [
        -0.7106824449348698,
        0.7034332814971584,
        0.010586828776125063,
        31.444394448748426
      ],
      [
        -0.00504264656808235,
        -0.020141593012434577,
        0.9997844207360459,
        1.0484848264903377
      ],
      [
        0.0,
        0.0,
        0.0,
        1.0
      ]
    ],
    "location": [
      -59.7105697184046,
      31.444394448748426,
      1.0484848264903377
    ],
    "rotation": [
      -0.020143211253929667,
      0.005042667939302081,
      -0.7904806318391728
    ]
  },
  {
    "label_id": "F7Bt39aSBBq_9EfdYbJu_g",
    "size": [
      0.9771451001525021,
      0.10328031173047941,
      0.937241433467932
    ],
    "obj_class": "sign",
    "point_num_in_lidar": 119,
    "speed": 0.007212606803225727,
    "if_vehicle": false,
    "motion_state": false,
    "pose": [
      [
        0.10234458682427389,
        -0.9945886357875875,
        0.017861441989776648,
        -37.96172406878986
      ],
      [
        0.9946722015231798,
        0.10254331072037573,
        0.010586828776125063,
        4.238462390687346
      ],
      [
        -0.012361110985634636,
        0.016682775209477852,
        0.9997844207360459,
        1.9434972219164592
      ],
      [
        0.0,
        0.0,
        0.0,
        1.0
      ]
    ],
    "location": [
      -37.96172406878986,
      4.238462390687346,
      1.9434972219164592
    ],
    "rotation": [
      0.016684824013863526,
      0.01236142579752721,
      1.4682643647820726
    ]
  },
  {
    "label_id": "FoYJ89RoPhxC2s7oyR-IYw",
    "size": [
      2.0645031847110014,
      4.8697259209348065,
      1.8100000000000023
    ],
    "obj_class": "vehicle",
    "point_num_in_lidar": 88,
    "speed": 10.578432941571068,
    "if_vehicle": true,
    "motion_state": true,
    "pose": [
      [
        0.6273330438064595,
        -0.778546222801555,
        0.017861441989776648,
        -30.02667936136936
      ],
      [
        0.7785081265047539,
        0.6275452302603557,
        0.010586828776125063,
        52.98002655951859
      ],
      [
        -0.01945119828135535,
        0.007263810219750013,
        0.9997844207360459,
        1.2083947456253483
      ],
      [
        0.0,
        0.0,
        0.0,
        1.0
      ]
    ],
    "location": [
      -30.02667936136936,
      52.98002655951859,
      1.2083947456253483
    ],
    "rotation": [
      0.007265248652329939,
      0.01945242504750703,
      0.8925200724210206
    ]
  },
  {
    "label_id": "HA5PLwFMuobFWkWpC5lNrg",
    "size": [
      2.0717866709374144,
      4.6109109994821855,
      1.8599999999999994
    ],
    "obj_class": "vehicle",
    "point_num_in_lidar": 551,
    "speed": 0.0050550227293031744,
    "if_vehicle": true,
    "motion_state": false,
    "pose": [
      [
        0.3439637365522293,
        -0.9388130361403566,
        0.017861441989776648,
        -40.03991379632032
      ],
      [
        0.9388451261433315,
        0.344176914062197,
        0.010586828776125063,
        7.674502707410284
      ],
      [
        -0.01608654885115434,
        0.013127642573919013,
        0.9997844207360459,
        1.034615456276498
      ],
      [
        0.0,
        0.0,
        0.0,
        1.0
      ]
    ],
    "location": [
      -40.03991379632032,
      7.674502707410284,
      1.034615456276498
    ],
    "rotation": [
      0.013129718704372375,
      0.01608724273691344,
      1.2196139604935066
    ]
  },
  {
    "label_id": "I3rWao3BUZoXJ4ofYXC1qQ",
    "size": [
      1.9599803797851199,
      4.190208464208446,
      1.740000000000002
    ],
    "obj_class": "vehicle",
    "point_num_in_lidar": 571,
    "speed": 7.555758962045217,
    "if_vehicle": true,
    "motion_state": true,
    "pose": [
      [
        0.6734400887297148,
        -0.739025991276193,
        0.017861441989776648,
        -28.278662066925676
      ],
      [
        0.7389750837922594,
        0.673649571061014,
        0.010586828776125063,
        44.6549264931582
      ],
      [
        -0.019856294365691373,
        0.006069565680685818,
        0.9997844207360459,
        1.26762536736679
      ],
      [
        0.0,
        0.0,
        0.0,
        1.0
      ]
    ],
    "location": [
      -28.278662066925676,
      44.6549264931582,
      1.26762536736679
    ],
    "rotation": [
      0.006070799855239893,
      0.019857599395471347,
      0.8317641520387292
    ]
  },
  {
    "label_id": "IXOFIGIoE_Axs4Lvc4Rteg",
    "size": [
      1.2165606554991435,
      1.2453114029931163,
      1.8999999999999986
    ],
    "obj_class": "pedestrian",
    "point_num_in_lidar": 53,
    "speed": 1.3091516344487573,
    "if_vehicle": false,
    "motion_state": true,
    "pose": [
      [
        -0.9682431151546586,
        -0.2493716881397091,
        0.017861441989776648,
        -62.89332421467486
      ],
      [
        0.24958064369176233,
        -0.9682961434142296,
        0.010586828776125063,
        43.3026461185018
      ],
      [
        0.014655110030569355,
        0.01470849426287584,
        0.9997844207360459,
        1.2165221592517028
      ],
      [
        0.0,
        0.0,
        0.0,
        1.0
      ]
    ],
    "location": [
      -62.89332421467486,
      43.3026461185018,
      1.2165221592517028
    ],
    "rotation": [
      0.014710604566904026,
      -0.014655634666434918,
      2.8893178016460186
    ]
  },
  {
    "label_id": "IwWISx28NLErylVGWpUHvQ",
    "size": [
      2.989107492389705,
      13.851028361303396,
      4.359999999999957
    ],
    "obj_class": "vehicle",
    "point_num_in_lidar": 688,
    "speed": 3.1264385016200963e-12,
    "if_vehicle": true,
    "motion_state": false,
    "pose": [
      [
        -0.008494106835631562,
        -0.9998043903879952,
        0.017861441989776648,
        -51.914943464690964
      ],
      [
        0.999909461720708,
        -0.008305866473092283,
        0.010586828776125063,
        -20.56836624179232
      ],
      [
        -0.010436403138471837,
        0.017949750500228165,
        0.9997844207360459,
        3.640384221705112
      ],
      [
        0.0,
        0.0,
        0.0,
        1.0
      ]
    ],
    "location": [
      -51.914943464690964,
      -20.56836624179232,
      3.640384221705112
    ],
    "rotation": [
      0.017951692289731383,
      0.010436592600672239,
      1.5792909984124825
    ]
  },
  {
    "label_id": "JpL6P0gAOoixkeBIrZJTfg",
    "size": [
      2.013886120242414,
      4.439900271844769,
      1.8999999999999986
    ],
    "obj_class": "vehicle",
    "point_num_in_lidar": 115,
    "speed": 0.022204602186801172,
    "if_vehicle": true,
    "motion_state": false,
    "pose": [
      [
        0.33728565870110494,
        -0.9412328900567636,
        0.017861441989776648,
        -44.05818296351981
      ],
      [
        0.9412664936789813,
        0.3374986028619097,
        0.010586828776125063,
        5.929216536060267
      ],
      [
        -0.01599288316213697,
        0.01324159135645644,
        0.9997844207360459,
        1.149237346798742
      ],
      [
        0.0,
        0.0,
        0.0,
        1.0
      ]
    ],
    "location": [
      -44.05818296351981,
      5.929216536060267,
      1.149237346798742
    ],
    "rotation": [
      0.01324367223952144,
      0.015993564996733923,
      1.226718391499471
    ]
  },
  {
    "label_id": "R02j7hrIj7vZK3LuWkAaDQ",
    "size": [
      0.8959697064606233,
      0.1253559028273384,
      0.930247678744081
    ],
    "obj_class": "sign",
    "point_num_in_lidar": 257,
    "speed": 0.0020201004588451367,
    "if_vehicle": false,
    "motion_state": false,
    "pose": [
      [
        -0.4797551554654425,
        0.8772205878194919,
        0.017861441989776648,
        -36.243021544091675
      ],
      [
        -0.8772206181239885,
        -0.4799707347272666,
        0.010586828776125063,
        9.904452716851665
      ],
      [
        0.01785995359725829,
        -0.010589339497481736,
        0.9997844207360459,
        2.6832603881434665
      ],
      [
        0.0,
        0.0,
        0.0,
        1.0
      ]
    ],
    "location": [
      -36.243021544091675,
      9.904452716851665,
      2.6832603881434665
    ],
    "rotation": [
      -0.010591226793574276,
      -0.01786090322211575,
      -2.0712591917338345
    ]
  },
  {
    "label_id": "Tc_grduMpPFzotyj6WiPYw",
    "size": [
      0.8046151891173399,
      0.889443332664063,
      1.7230060925525095
    ],
    "obj_class": "pedestrian",
    "point_num_in_lidar": 391,
    "speed": 1.2869908696346668,
    "if_vehicle": false,
    "motion_state": true,
    "pose": [
      [
        0.44230280274441097,
        -0.8966879053352311,
        0.017861441989776648,
        -28.418476120453988
      ],
      [
        0.8966970345636416,
        0.4425181886219323,
        0.010586828776125063,
        20.529847089810573
      ],
      [
        -0.017397094274898016,
        0.011333718025407934,
        0.9997844207360459,
        1.0486255340286732
      ],
      [
        0.0,
        0.0,
        0.0,
        1.0
      ]
    ],
    "location": [
      -28.418476120453988,
      20.529847089810573,
      1.0486255340286732
    ],
    "rotation": [
      0.011335676306309918,
      0.017397971958645512,
      1.1125570141229066
    ]
  },
  {
    "label_id": "U1dH0uDhaeGUHpknIe9pRQ",
    "size": [
      1.980953779033513,
      4.634512657984047,
      1.75
    ],
    "obj_class": "vehicle",
    "point_num_in_lidar": 99,
    "speed": 10.477445267981095,
    "if_vehicle": true,
    "motion_state": true,
    "pose": [
      [
        0.7029544664560962,
        -0.7110105392886036,
        0.017861441989776648,
        -53.46855038271747
      ],
      [
        0.7109511497968228,
        0.703161703777332,
        0.010586828776125063,
        26.657805983264552
      ],
      [
        -0.020086828818920117,
        0.00525655414587792,
        0.9997844207360459,
        1.2054747474747742
      ],
      [
        0.0,
        0.0,
        0.0,
        1.0
      ]
    ],
    "location": [
      -53.46855038271747,
      26.657805983264552,
      1.2054747474747742
    ],
    "rotation": [
      0.005257639148528378,
      0.020088179838832855,
      0.7910538436536612
    ]
  },
  {
    "label_id": "U2p8B_zSFJocUfJk_cR9kA",
    "size": [
      2.0861832129456865,
      5.130968474483823,
      1.9329169092128993
    ],
    "obj_class": "vehicle",
    "point_num_in_lidar": 199,
    "speed": 7.624709710914994,
    "if_vehicle": true,
    "motion_state": true,
    "pose": [
      [
        0.7033320247847178,
        -0.710637060532502,
        0.017861441989776648,
        -56.66263947212599
      ],
      [
        0.7105775609737593,
        0.7035392305316371,
        0.010586828776125063,
        11.45431553574781
      ],
      [
        -0.02008961803549936,
        0.005245884165408625,
        0.9997844207360459,
        1.0949226054285788
      ],
      [
        0.0,
        0.0,
        0.0,
        1.0
      ]
    ],
    "location": [
      -56.66263947212599,
      11.45431553574781,
      1.0949226054285788
    ],
    "rotation": [
      0.0052469671617468485,
      0.02009096961835814,
      0.7905225877877913
    ]
  },
  {
    "label_id": "UwPT8c60uheFPJfNDq3Ykw",
    "size": [
      1.5806352045828924,
      4.331119770318755,
      1.412534573024331
    ],
    "obj_class": "vehicle",
    "point_num_in_lidar": 24,
    "speed": 0.008719194474993964,
    "if_vehicle": true,
    "motion_state": false,
    "pose": [
      [
        -0.6819347185016961,
        -0.7311949183303028,
        0.017861441989776648,
        -72.45618660071216
      ],
      [
        0.7313995782339177,
        -0.6818669782411464,
        0.010586828776125063,
        54.754351950305136
      ],
      [
        0.004438092074262867,
        0.02028337723924473,
        0.9997844207360459,
        1.229526784633741
      ],
      [
        0.0,
        0.0,
        0.0,
        1.0
      ]
    ],
    "location": [
      -72.45618660071216,
      54.754351950305136,
      1.229526784633741
    ],
    "rotation": [
      0.020284968113861206,
      -0.004438106643658041,
      2.321210072118758
    ]
  },
  {
    "label_id": "WkuuNxUfsNcZQTemPqZG0A",
    "size": [
      1.6999910312854685,
      4.453167383139791,
      1.5278147229951173
    ],
    "obj_class": "vehicle",
    "point_num_in_lidar": 69,
    "speed": 0.013786134528330224,
    "if_vehicle": true,
    "motion_state": false,
    "pose": [
      [
        0.6834878518372844,
        -0.729743328356553,
        0.017861441989776648,
        -65.11348263707566
      ],
      [
        0.7296895596590941,
        0.6836966180850846,
        0.010586828776125063,
        23.987868702899505
      ],
      [
        -0.019937475150363655,
        0.0057973388824337085,
        0.9997844207360459,
        0.9384283544355938
      ],
      [
        0.0,
        0.0,
        0.0,
        1.0
      ]
    ],
    "location": [
      -65.11348263707566,
      23.987868702899505,
      0.9384283544355938
    ],
    "rotation": [
      0.00579852394940326,
      0.019938796254107702,
      0.8180800169792339
    ]
  },
  {
    "label_id": "WlEHwQxLUOF-q1IUwMFeSA",
    "size": [
      1.7846216690563128,
      4.090804423523513,
      1.6600000000000037
    ],
    "obj_class": "vehicle",
    "point_num_in_lidar": 438,
    "speed": 8.324970749323555,
    "if_vehicle": true,
    "motion_state": true,
    "pose": [
      [
        0.6936146784448032,
        -0.7201247438714754,
        0.017861441989776648,
        -47.194575238107745
      ],
      [
        0.7200680642423297,
        0.693822673249274,
        0.010586828776125063,
        24.40139592538253
      ],
      [
        -0.020016510790251896,
        0.005518274120852961,
        0.9997844207360459,
        1.11881955015766
      ],
      [
        0.0,
        0.0,
        0.0,
        1.0
      ]
    ],
    "location": [
      -47.194575238107745,
      24.40139592538253,
      1.11881955015766
    ],
    "rotation": [
      0.005519407954659061,
      0.020017847669519865,
      0.8041083718936246
    ]
  },
  {
    "label_id": "YC3_X2Acqy93ylt39sAhfw",
    "size": [
      2.1263744226848114,
      4.678871084775954,
      1.740000000000002
    ],
    "obj_class": "vehicle",
    "point_num_in_lidar": 1292,
    "speed": 6.712260791782585,
    "if_vehicle": true,
    "motion_state": true,
    "pose": [
      [
        0.7148278885690841,
        -0.6990722842552914,
        0.017861441989776648,
        -34.632305867201694
      ],
      [
        0.6990094134013657,
        0.715034096412712,
        0.010586828776125063,
        32.65347902523172
      ],
      [
        -0.020172498609333418,
        0.004917555627096398,
        0.9997844207360459,
        1.2355013769986698
      ],
      [
        0.0,
        0.0,
        0.0,
        1.0
      ]
    ],
    "location": [
      -34.632305867201694,
      32.65347902523172,
      1.2355013769986698
    ],
    "rotation": [
      0.004918576314281264,
      0.02017386699139249,
      0.7742103024250648
    ]
  },
  {
    "label_id": "Yu9T0CbqX3V1hXpU4AZnkA",
    "size": [
      1.8800152373352408,
      4.5456553702554165,
      1.5400000000000063
    ],
    "obj_class": "vehicle",
    "point_num_in_lidar": 399,
    "speed": 8.662960445855909,
    "if_vehicle": true,
    "motion_state": true,
    "pose": [
      [
        0.7117035425632359,
        -0.7022528293947885,
        0.017861441989776648,
        -46.90012883068721
      ],
      [
        0.7021908786690984,
        0.7119100287047405,
        0.010586828776125063,
        20.363773733160997
      ],
      [
        -0.020150370142001942,
        0.005007458100619779,
        0.9997844207360459,
        0.9482781278859846
      ],
      [
        0.0,
        0.0,
        0.0,
        1.0
      ]
    ],
    "location": [
      -46.90012883068721,
      20.363773733160997,
      0.9482781278859846
    ],
    "rotation": [
      0.0050084959576733356,
      0.02015173402526128,
      0.7786702774801129
    ]
  },
  {
    "label_id": "cGy-7JZfWzadYOxbpSdAYQ",
    "size": [
      0.9696665606975597,
      0.9278091775285798,
      1.9399999999999977
    ],
    "obj_class": "pedestrian",
    "point_num_in_lidar": 322,
    "speed": 1.1127165058382016,
    "if_vehicle": false,
    "motion_state": true,
    "pose": [
      [
        0.3955629265626688,
        -0.9182651795746273,
        0.017861441989776648,
        -27.594037523949737
      ],
      [
        0.9182853828697984,
        0.3957775570495787,
        0.010586828776125063,
        23.907950210777926
      ],
      [
        -0.016790674103330884,
        0.012214144122486836,
        0.9997844207360459,
        1.1089183689372888
      ],
      [
        0.0,
        0.0,
        0.0,
        1.0
      ]
    ],
    "location": [
      -27.594037523949737,
      23.907950210777926,
      1.1089183689372888
    ],
    "rotation": [
      0.012216170077564122,
      0.01679146316010017,
      1.1640549146135537
    ]
  },
  {
    "label_id": "cv9oyKZbR5OEysJKx0Ipiw",
    "size": [
      1.4535229738680226,
      0.1300954602712818,
      0.4602476787440821
    ],
    "obj_class": "sign",
    "point_num_in_lidar": 67,
    "speed": 0.023225946469824434,
    "if_vehicle": false,
    "motion_state": false,
    "pose": [
      [
        0.5336715375404915,
        -0.8455031986392563,
        0.017861441989776648,
        -36.27929033415103
      ],
      [
        0.8454897480467698,
        0.5338866967852585,
        0.010586828776125063,
        9.952519441480035
      ],
      [
        -0.018487183857403236,
        0.009451776897055671,
        0.9997844207360459,
        0.7846720822180799
      ],
      [
        0.0,
        0.0,
        0.0,
        1.0
      ]
    ],
    "location": [
      -36.27929033415103,
      9.952519441480035,
      0.7846720822180799
    ],
    "rotation": [
      0.009453533314928323,
      0.01848823709858884,
      1.0077523487336388
    ]
  },
  {
    "label_id": "eqtBmTwRgy_EzvD2hRrPgw",
    "size": [
      0.9945838042625208,
      0.12124330171716347,
      0.9600000000000009
    ],
    "obj_class": "sign",
    "point_num_in_lidar": 42,
    "speed": 0.00015949349230108588,
    "if_vehicle": false,
    "motion_state": false,
    "pose": [
      [
        0.44224528380575495,
        -0.8967162749953929,
        0.017861441989776648,
        -55.84765625614273
      ],
      [
        0.8967254180397077,
        0.4424606690972389,
        0.010586828776125063,
        2.182227473911553
      ],
      [
        -0.017396367237978997,
        0.011334833938374093,
        0.9997844207360459,
        2.0538547685511688
      ],
      [
        0.0,
        0.0,
        0.0,
        1.0
      ]
    ],
    "location": [
      -55.84765625614273,
      2.182227473911553,
      2.0538547685511688
    ],
    "rotation": [
      0.011336792316464658,
      0.017397244811684018,
      1.1126211646906188
    ]
  },
  {
    "label_id": "fGU9Sr0Kb4t6a-Bm1yxzCA",
    "size": [
      2.2511169924645875,
      4.929714534152837,
      1.509999999999998
    ],
    "obj_class": "vehicle",
    "point_num_in_lidar": 324,
    "speed": 4.622258766282282,
    "if_vehicle": true,
    "motion_state": true,
    "pose": [
      [
        0.29979589875274004,
        -0.9538361431509516,
        0.017861441989776648,
        -54.44382725347816
      ],
      [
        0.9538781424461468,
        0.3000073472766178,
        0.010586828776125063,
        34.492251588959334
      ],
      [
        -0.015456663757906726,
        0.013863751258737974,
        0.9997844207360459,
        0.8901069407874829
      ],
      [
        0.0,
        0.0,
        0.0,
        1.0
      ]
    ],
    "location": [
      -54.44382725347816,
      34.492251588959334,
      0.8901069407874829
    ],
    "rotation": [
      0.013865851947350462,
      0.015457279278691345,
      1.2662800763434037
    ]
  },
  {
    "label_id": "fm4vUhcFchzvNSDaSv-h3Q",
    "size": [
      2.075302221604966,
      4.447160908047483,
      1.5899999999999963
    ],
    "obj_class": "vehicle",
    "point_num_in_lidar": 111,
    "speed": 5.3290705182007514e-14,
    "if_vehicle": true,
    "motion_state": false,
    "pose": [
      [
        0.4169019455101275,
        -0.9087759551836286,
        0.017861441989776648,
        -49.951755819595405
      ],
      [
        0.9087911400762675,
        0.41711698931515917,
        0.010586828776125063,
        -1.1964104116377712
      ],
      [
        -0.017071366340991583,
        0.011818650715746098,
        0.9997844207360459,
        1.338787253751434
      ],
      [
        0.0,
        0.0,
        0.0,
        1.0
      ]
    ],
    "location": [
      -49.951755819595405,
      -1.1964104116377712,
      1.338787253751434
    ],
    "rotation": [
      0.011820648532909631,
      0.017072195638875794,
      1.1406952144226028
    ]
  },
  {
    "label_id": "gpjixMPWFS6iGvBmsDByCw",
    "size": [
      1.957061240166163,
      4.52179090021459,
      1.490000000000002
    ],
    "obj_class": "vehicle",
    "point_num_in_lidar": 79,
    "speed": 3.728893301249088,
    "if_vehicle": true,
    "motion_state": true,
    "pose": [
      [
        0.6676256521764685,
        -0.7442828477440488,
        0.017861441989776648,
        -60.25971291663052
      ],
      [
        0.7442335841029155,
        0.6678355271695222,
        0.010586828776125063,
        25.24732843618949
      ],
      [
        -0.019808100597323332,
        0.006225046523156686,
        0.9997844207360459,
        0.8833567512589084
      ],
      [
        0.0,
        0.0,
        0.0,
        1.0
      ]
    ],
    "location": [
      -60.25971291663052,
      25.24732843618949,
      0.8833567512589084
    ],
    "rotation": [
      0.006226308343967686,
      0.01980939614661045,
      0.8396053250767369
    ]
  },
  {
    "label_id": "i3o11qKaljOZ3lMjZ7qZjg",
    "size": [
      2.0989436661439758,
      4.611355298180513,
      1.5157792543394564
    ],
    "obj_class": "vehicle",
    "point_num_in_lidar": 4761,
    "speed": 3.7029718138205836,
    "if_vehicle": true,
    "motion_state": true,
    "pose": [
      [
        -0.6945778428696014,
        -0.7191957932890439,
        0.017861441989776648,
        -19.01735104802208
      ],
      [
        0.7194016029924448,
        -0.6945136806920118,
        0.010586828776125063,
        14.12156402441724
      ],
      [
        0.004791013098726089,
        0.020202926693352653,
        0.9997844207360459,
        0.8428538826065903
      ],
      [
        0.0,
        0.0,
        0.0,
        1.0
      ]
    ],
    "location": [
      -19.01735104802208,
      14.12156402441724,
      0.8428538826065903
    ],
    "rotation": [
      0.020204533196058323,
      -0.004791031427580024,
      2.3386403380838163
    ]
  },
  {
    "label_id": "kt38cGopRoo7r_UIYR3sFw",
    "size": [
      0.7165647637065894,
      1.15292320642138,
      1.8846460176991258
    ],
    "obj_class": "pedestrian",
    "point_num_in_lidar": 298,
    "speed": 1.569780687629897,
    "if_vehicle": false,
    "motion_state": true,
    "pose": [
      [
        0.3156616321987195,
        -0.9487036960229923,
        0.017861441989776648,
        -24.778679840099016
      ],
      [
        0.9487421630829882,
        0.31587375175072324,
        0.010586828776125063,
        32.3555426893854
      ],
      [
        -0.015685724282061074,
        0.013604047457882,
        0.9997844207360459,
        1.0864461405998043
      ],
      [
        0.0,
        0.0,
        0.0,
        1.0
      ]
    ],
    "location": [
      -24.778679840099016,
      32.3555426893854,
      1.0864461405998043
    ],
    "rotation": [
      0.013606141156902254,
      0.015686367577643707,
      1.2496015372572273
    ]
  },
  {
    "label_id": "l3xS3YkgkvGjtw43tFm6rQ",
    "size": [
      2.3695743119442496,
      5.118608991722786,
      1.8900000000000006
    ],
    "obj_class": "vehicle",
    "point_num_in_lidar": 338,
    "speed": 1.7056726000188582e-12,
    "if_vehicle": true,
    "motion_state": false,
    "pose": [
      [
        0.2812668554739781,
        -0.9594633525579943,
        0.017861441989776648,
        -48.90372994643792
      ],
      [
        0.9595094390708276,
        0.28147745094492144,
        0.010586828776125063,
        -8.654192696063546
      ],
      [
        -0.01518526739198132,
        0.014160498145304599,
        0.9997844207360459,
        1.8758094929752005
      ],
      [
        0.0,
        0.0,
        0.0,
        1.0
      ]
    ],
    "location": [
      -48.90372994643792,
      -8.654192696063546,
      1.8758094929752005
    ],
    "rotation": [
      0.014162604528585875,
      0.015185851053619406,
      1.2856485227731609
    ]
  },
  {
    "label_id": "lVIFZCiMNzJgCGEzHbZ6yg",
    "size": [
      1.8452801560123289,
      3.5772829602206295,
      1.5
    ],
    "obj_class": "vehicle",
    "point_num_in_lidar": 52,
    "speed": 3.941087624833622,
    "if_vehicle": true,
    "motion_state": true,
    "pose": [
      [
        0.17870623751934014,
        -0.9837403364515084,
        0.017861441989776648,
        -55.37333376886579
      ],
      [
        0.9838083352593331,
        0.17891081166526632,
        0.010586828776125063,
        -12.44902128132344
      ],
      [
        -0.01361029558608279,
        0.015680303171450524,
        0.9997844207360459,
        2.075474747474793
      ],
      [
        0.0,
        0.0,
        0.0,
        1.0
      ]
    ],
    "location": [
      -55.37333376886579,
      -12.44902128132344,
      2.075474747474793
    ],
    "rotation": [
      0.015682398491470607,
      0.013610715816636781,
      1.3911081376301786
    ]
  },
  {
    "label_id": "p_-q0upnS--pDSRP2-WGZQ",
    "size": [
      1.9018685744864186,
      4.648856578040061,
      1.7800000000000011
    ],
    "obj_class": "vehicle",
    "point_num_in_lidar": 140,
    "speed": 8.033557654162605,
    "if_vehicle": true,
    "motion_state": true,
    "pose": [
      [
        0.718476669565803,
        -0.6953216839561943,
        0.017861441989776648,
        -37.50957863942199
      ],
      [
        0.6952577347817326,
        0.7186825455530688,
        0.010586828776125063,
        34.25625985433726
      ],
      [
        -0.02019795820883233,
        0.004811916217413693,
        0.9997844207360459,
        1.2043064888077666
      ],
      [
        0.0,
        0.0,
        0.0,
        1.0
      ]
    ],
    "location": [
      -37.50957863942199,
      34.25625985433726,
      1.2043064888077666
    ],
    "rotation": [
      0.004812916627704297,
      0.02019933177915106,
      0.7689758089994224
    ]
  },
  {
    "label_id": "qqtlWI89nAPB5R9a65QLWQ",
    "size": [
      0.7219228465571526,
      0.9605874422248267,
      1.6599999999999966
    ],
    "obj_class": "pedestrian",
    "point_num_in_lidar": 404,
    "speed": 1.192021731946274,
    "if_vehicle": false,
    "motion_state": true,
    "pose": [
      [
        0.39933300715665115,
        -0.916631942649432,
        0.017861441989776648,
        -29.091847558244353
      ],
      [
        0.9166512637945293,
        0.39954771885265095,
        0.010586828776125063,
        19.39746725609257
      ],
      [
        -0.01684072382999064,
        0.012145043201698848,
        0.9997844207360459,
        1.0000976252512785
      ],
      [
        0.0,
        0.0,
        0.0,
        1.0
      ]
    ],
    "location": [
      -29.091847558244353,
      19.39746725609257,
      1.0000976252512785
    ],
    "rotation": [
      0.012147064512579625,
      0.016841519964490046,
      1.1599453341645116
    ]
  },
  {
    "label_id": "qtdDGxCsGHPBehUbqu5xcg",
    "size": [
      0.9748487835092803,
      0.10736751885132706,
      0.6372414334679277
    ],
    "obj_class": "sign",
    "point_num_in_lidar": 49,
    "speed": 0.007307763472459905,
    "if_vehicle": false,
    "motion_state": false,
    "pose": [
      [
        0.10234458682227343,
        -0.9945886357877933,
        0.017861441989776648,
        -37.961943498631285
      ],
      [
        0.9946722015233861,
        0.10254331071837519,
        0.010586828776125063,
        4.237490521363725
      ],
      [
        -0.012361110985601081,
        0.016682775209502714,
        0.9997844207360459,
        1.133497221916521
      ],
      [
        0.0,
        0.0,
        0.0,
        1.0
      ]
    ],
    "location": [
      -37.961943498631285,
      4.237490521363725,
      1.133497221916521
    ],
    "rotation": [
      0.016684824013888384,
      0.012361425797493652,
      1.4682643647840838
    ]
  },
  {
    "label_id": "rgmY_QECrtLgzEVHHJqCdg",
    "size": [
      2.196508806013298,
      4.671838545906206,
      1.8500000000000014
    ],
    "obj_class": "vehicle",
    "point_num_in_lidar": 375,
    "speed": 1.421529491362787e-12,
    "if_vehicle": true,
    "motion_state": false,
    "pose": [
      [
        0.2825657865928794,
        -0.9590816154724232,
        0.017861441989776648,
        -50.88574746385689
      ],
      [
        0.9591274167801457,
        0.2827764442755257,
        0.010586828776125063,
        5.965728055451109
      ],
      [
        -0.015204427900838573,
        0.014139923114972993,
        0.9997844207360459,
        1.2360598252396215
      ],
      [
        0.0,
        0.0,
        0.0,
        1.0
      ]
    ],
    "location": [
      -50.88574746385689,
