[
  {
    "label_id": "2m4G_1FvlVHMqTBFExLTsQ",
    "size": [
      2.3729798440715246,
      6.136064268284593,
      2.1000000000000014
    ],
    "obj_class": "vehicle",
    "point_num_in_lidar": 440,
    "speed": 3.8153541227430066,
    "if_vehicle": true,
    "motion_state": true,
    "pose": [
      [
        0.7132534218386829,
        -0.7006838225723067,
        0.017656076032637018,
        -63.258296215352175
      ],
      [
        0.7006271107837584,
        0.7134539818405119,
        0.010250240520185276,
        21.729576451487446
      ],
      [
        -0.019778975459132674,
        0.005059306412833169,
        0.9997915760539334,
        1.2554747474747288
      ],
      [
        0.0,
        0.0,
        0.0,
        1.0
      ]
    ],
    "location": [
      -63.258296215352175,
      21.729576451487446,
      1.2554747474747288
    ],
    "rotation": [
      0.005060317919943427,
      0.01978026530135803,
      0.7764681476481211
    ]
  },
  {
    "label_id": "3plNn4EcFthBCzoPgxogzQ",
    "size": [
      0.7108828532897158,
      0.7730393517247112,
      1.1052173913043362
    ],
    "obj_class": "pedestrian",
    "point_num_in_lidar": 221,
    "speed": 1.1199211442344703,
    "if_vehicle": false,
    "motion_state": true,
    "pose": [
      [
        0.5959571723569997,
        -0.8028220921819348,
        0.017656076032637018,
        -27.0694484206241
      ],
      [
        0.8027971706832673,
        0.5961641009925197,
        0.010250240520185276,
        24.494060756009276
      ],
      [
        -0.018755038234835805,
        0.008065543527980886,
        0.9997915760539334,
        0.7334245535988018
      ],
      [
        0.0,
        0.0,
        0.0,
        1.0
      ]
    ],
    "location": [
      -27.0694484206241,
      24.494060756009276,
      0.7334245535988018
    ],
    "rotation": [
      0.008067049932351042,
      0.01875613792759075,
      0.9322086665248805
    ]
  },
  {
    "label_id": "5zhamXYExjfy-r5noa4I-w",
    "size": [
      2.3211440729211907,
      5.242010731245653,
      2.1488031328796637
    ],
    "obj_class": "vehicle",
    "point_num_in_lidar": 6805,
    "speed": 0.0018659415082509705,
    "if_vehicle": true,
    "motion_state": false,
    "pose": [
      [
        -0.7152646408992441,
        -0.698630629487718,
        0.017656076032637018,
        -23.163935729172294
      ],
      [
        0.6988323179379848,
        -0.7152120832135749,
        0.010250240520185276,
        13.875165859959452
      ],
      [
        0.005466706933662038,
        0.019670271144378228,
        0.9997915760539334,
        1.2562566560802395
      ],
      [
        0.0,
        0.0,
        0.0,
        1.0
      ]
    ],
    "location": [
      -23.163935729172294,
      13.875165859959452,
      1.2562566560802395
    ],
    "rotation": [
      0.019671833819446975,
      -0.005466734162679286,
      2.367814332299939
    ]
  },
  {
    "label_id": "68xsQWcIHjMMfTHtOcaoIw",
    "size": [
      1.057343336067622,
      0.09741873349442347,
      0.4299999999999997
    ],
    "obj_class": "sign",
    "point_num_in_lidar": 30,
    "speed": 0.0040955288684385764,
    "if_vehicle": false,
    "motion_state": false,
    "pose": [
      [
        0.6687386913635435,
        0.7432878484493778,
        0.017656076032637018,
        -57.39075012492651
      ],
      [
        -0.7434857291662067,
        0.6686732408998227,
        0.010250240520185276,
        37.01645829206063
      ],
      [
        -0.004187266359979934,
        -0.019981772994969383,
        0.9997915760539334,
        3.130915338989979
      ],
      [
        0.0,
        0.0,
        0.0,
        1.0
      ]
    ],
    "location": [
      -57.39075012492651,
      37.01645829206063,
      3.130915338989979
    ],
    "rotation": [
      -0.019983278134680326,
      0.004187278596105934,
      -0.8382774042264968
    ]
  },
  {
    "label_id": "6hxt5zygbQRvmtThpAKlzg",
    "size": [
      2.0933483852658568,
      5.475322394370159,
      1.8000000000000043
    ],
    "obj_class": "vehicle",
    "point_num_in_lidar": 346,
    "speed": 0.0037193504740329272,
    "if_vehicle": true,
    "motion_state": false,
    "pose": [
      [
        0.32269658989086714,
        -0.9463377694311558,
        0.017656076032637018,
        -46.573957192175044
      ],
      [
        0.9463771494576061,
        0.3229012597587294,
        0.010250240520185276,
        -2.0653869345951534
      ],
      [
        -0.015401358943339384,
        0.013401589244948801,
        0.9997915760539334,
        1.4946871947057403
      ],
      [
        0.0,
        0.0,
        0.0,
        1.0
      ]
    ],
    "location": [
      -46.573957192175044,
      -2.0653869345951534,
      1.4946871947057403
    ],
    "rotation": [
      0.013403580303952093,
      0.015401967880164439,
      1.2421787705689977
    ]
  },
  {
    "label_id": "7VCe0--NDlntifOpFryrQg",
    "size": [
      0.6912153101385773,
      1.066362559770647,
      1.7299999999999969
    ],
    "obj_class": "pedestrian",
    "point_num_in_lidar": 496,
    "speed": 1.1802588949728214,
    "if_vehicle": false,
    "motion_state": true,
    "pose": [
      [
        0.35571343923168164,
        -0.9344282808911011,
        0.017656076032637018,
        -25.821495020348834
      ],
      [
        0.9344604529074327,
        0.35591936519570544,
        0.010250240520185276,
        26.348698135449013
      ],
      [
        -0.01586225400138031,
        0.01285275649763901,
        0.9997915760539334,
        1.0204747474747933
      ],
      [
        0.0,
        0.0,
        0.0,
        1.0
      ]
    ],
    "location": [
      -25.821495020348834,
      26.348698135449013,
      1.0204747474747933
    ],
    "rotation": [
      0.012854727775851497,
      0.01586291926324226,
      1.2070711111551247
    ]
  },
  {
    "label_id": "8QH4-FA-LZhwmwdY8LqCTA",
    "size": [
      1.840406657053133,
      3.9550662015733886,
      1.4162410855741498
    ],
    "obj_class": "vehicle",
    "point_num_in_lidar": 63,
    "speed": 0.004801033633522603,
    "if_vehicle": true,
    "motion_state": false,
    "pose": [
      [
        -0.6833364581173655,
        -0.7298900930871329,
        0.017656076032637018,
        -68.67963883669336
      ],
      [
        0.7300892319224705,
        -0.6832749417329274,
        0.010250240520185276,
        50.95925806273772
      ],
      [
        0.00458240531498866,
        0.01989487404134721,
        0.9997915760539334,
        1.094867152116116
      ],
      [
        0.0,
        0.0,
        0.0,
        1.0
      ]
    ],
    "location": [
      -68.67963883669336,
      50.95925806273772,
      1.094867152116116
    ],
    "rotation": [
      0.019896395618908717,
      -0.0045824213523662114,
      2.3231289147467273
    ]
  },
  {
    "label_id": "8hZwpu_QOehwpCU39N1TMA",
    "size": [
      1.03524877406295,
      2.0287232664821753,
      1.3900000000000006
    ],
    "obj_class": "vehicle",
    "point_num_in_lidar": 1230,
    "speed": 0.0034319672335253355,
    "if_vehicle": true,
    "motion_state": false,
    "pose": [
      [
        -0.8278957298511682,
        0.5606040701540895,
        0.017656076032637018,
        -18.8802649731507
      ],
      [
        -0.5605121274595838,
        -0.8280827781931042,
        0.010250240520185276,
        25.246480019577575
      ],
      [
        0.02036701904876898,
        -0.0014103143830327357,
        0.9997915760539334,
        0.7632173562529303
      ],
      [
        0.0,
        0.0,
        0.0,
        1.0
      ]
    ],
    "location": [
      -18.8802649731507,
      25.246480019577575,
      0.7632173562529303
    ],
    "rotation": [
      -0.0014106074519832934,
      -0.020368427404090894,
      -2.54644815107191
    ]
  },
  {
    "label_id": "93yNYArzBE1VbqBqZKLbvw",
    "size": [
      0.7367201090567245,
      1.9115626414961573,
      1.4200000000000017
    ],
    "obj_class": "vehicle",
    "point_num_in_lidar": 39,
    "speed": 0.010051453404986678,
    "if_vehicle": true,
    "motion_state": false,
    "pose": [
      [
        0.6348145024851366,
        -0.7724628213795653,
        0.017656076032637018,
        -65.09761579686938
      ],
      [
        0.7724277278385216,
        0.6350199507381615,
        0.010250240520185276,
        47.05017299659448
      ],
      [
        -0.019129890244515852,
        0.007131041356259588,
        0.9997915760539334,
        0.9315813886698763
      ],
      [
        0.0,
        0.0,
        0.0,
        1.0
      ]
    ],
    "location": [
      -65.09761579686938,
      47.05017299659448,
      0.9315813886698763
    ],
    "rotation": [
      0.007132406998647075,
      0.019131057209200372,
      0.8828775231860129
    ]
  },
  {
    "label_id": "9GOp9QAQoR3n_l4KYwu1hQ",
    "size": [
      0.807426934286267,
      0.08924921455650353,
      0.7712386422860718
    ],
    "obj_class": "sign",
    "point_num_in_lidar": 96,
    "speed": 0.001456875867689418,
    "if_vehicle": false,
    "motion_state": false,
    "pose": [
      [
        0.7967628333011735,
        0.604034146757463,
        0.017656076032637018,
        -30.385955263948745
      ],
      [
        -0.6042408131695283,
        0.796735823387844,
        0.010250240520185276,
        10.037935849744827
      ],
      [
        -0.007875732988992546,
        -0.018835532418224922,
        0.9997915760539334,
        2.9007275035920443
      ],
      [
        0.0,
        0.0,
        0.0,
        1.0
      ]
    ],
    "location": [
      -30.385955263948745,
      10.037935849744827,
      2.9007275035920443
    ],
    "rotation": [
      -0.01883723062078989,
      0.007875814409503508,
      -0.6488362501214802
    ]
  },
  {
    "label_id": "AMadp0L1pJzOnnBOXCTnTQ",
    "size": [
      1.8919297222542886,
      4.847085383399303,
      1.4399999999999977
    ],
    "obj_class": "vehicle",
    "point_num_in_lidar": 23,
    "speed": 1.7053950819000347e-12,
    "if_vehicle": true,
    "motion_state": false,
    "pose": [
      [
        0.6999948512616796,
        -0.713929598200179,
        0.017656076032637018,
        -90.23875010973359
      ],
      [
        0.7138766555716146,
        0.7001964390077722,
        0.010250240520185276,
        -0.9347556477823673
      ],
      [
        -0.019680671660933978,
        0.005429144920373522,
        0.9997915760539334,
        0.776632834562136
      ],
      [
        0.0,
        0.0,
        0.0,
        1.0
      ]
    ],
    "location": [
      -90.23875010973359,
      -0.9347556477823673,
      0.776632834562136
    ],
    "rotation": [
      0.005430223345191619,
      0.01968194236437186,
      0.7952161406359878
    ]
  },
  {
    "label_id": "EgtFEsx4l9DBrLJkyWWFvw",
    "size": [
      0.9646012918194148,
      0.8322323455397932,
      1.8800000000000026
    ],
    "obj_class": "pedestrian",
    "point_num_in_lidar": 29,
    "speed": 0.03438973131719764,
    "if_vehicle": false,
    "motion_state": false,
    "pose": [
      [
        0.7069534761367618,
        0.707039635068133,
        0.017656076032637018,
        -59.74487071241333
      ],
      [
        -0.7072406879339839,
        0.7068985372031432,
        0.010250240520185276,
        31.523224454345836
      ],
      [
        -0.005233728003466196,
        -0.0197335385265198,
        0.9997915760539334,
        1.0183907128100813
      ],
      [
        0.0,
        0.0,
        0.0,
        1.0
      ]
    ],
    "location": [
      -59.74487071241333,
      31.523224454345836,
      1.0183907128100813
    ],
    "rotation": [
      -0.01973508982674397,
      0.005233751897394094,
      -0.7856012555898574
    ]
  },
  {
    "label_id": "F7Bt39aSBBq_9EfdYbJu_g",
    "size": [
      0.9771451001652199,
      0.10328031173047941,
      0.937241433467932
    ],
    "obj_class": "sign",
    "point_num_in_lidar": 115,
    "speed": 0.007212606803675345,
    "if_vehicle": false,
    "motion_state": false,
    "pose": [
      [
        0.10182870996073992,
        -0.9946452517389612,
        0.017656076032637018,
        -37.945146146816
      ],
      [
        0.994729609034804,
        0.10201929954054968,
        0.010250240520185276,
        4.231372227768588
      ],
      [
        -0.011996613572068897,
        0.016519252840076024,
        0.9997915760539334,
        1.9333629785646451
      ],
      [
        0.0,
        0.0,
        0.0,
        1.0
      ]
    ],
    "location": [
      -37.945146146816,
      4.231372227768588,
      1.9333629785646451
    ],
    "rotation": [
      0.016521193249285384,
      0.011996901346952565,
      1.4687834455387403
    ]
  },
  {
    "label_id": "HA5PLwFMuobFWkWpC5lNrg",
    "size": [
      2.071786670937813,
      4.6109109994821855,
      1.8599999999999994
    ],
    "obj_class": "vehicle",
    "point_num_in_lidar": 539,
    "speed": 0.004824886525694069,
    "if_vehicle": true,
    "motion_state": false,
    "pose": [
      [
        0.3478917434053286,
        -0.93736844295588,
        0.017656076032637018,
        -40.028016515243735
      ],
      [
        0.9374023348284299,
        0.34809739330751444,
        0.010250240520185276,
        7.6702431270077795
      ],
      [
        -0.015754286039329563,
        0.012984872852011024,
        0.9997915760539334,
        1.0244622596561825
      ],
      [
        0.0,
        0.0,
        0.0,
        1.0
      ]
    ],
    "location": [
      -40.028016515243735,
      7.6702431270077795,
      1.0244622596561825
    ],
    "rotation": [
      0.012986849612213134,
      0.01575493780793749,
      1.215428829420468
    ]
  },
  {
    "label_id": "IXOFIGIoE_Axs4Lvc4Rteg",
    "size": [
      1.2165606554986559,
      1.2453114029931163,
      1.8999999999999986
    ],
    "obj_class": "pedestrian",
    "point_num_in_lidar": 38,
    "speed": 1.280722080194491,
    "if_vehicle": false,
    "motion_state": true,
    "pose": [
      [
        -0.7918916555133997,
        -0.6104063146031311,
        0.017656076032637018,
        -65.92927613169377
      ],
      [
        0.6106127576928205,
        -0.7918629885984363,
        0.010250240520185276,
        44.53682393224335
      ],
      [
        0.007724381594403195,
        0.018898105211262648,
        0.9997915760539334,
        1.3486871238811915
      ],
      [
        0.0,
        0.0,
        0.0,
        1.0
      ]
    ],
    "location": [
      -65.92927613169377,
      44.53682393224335,
      1.3486871238811915
    ],
    "rotation": [
      0.01889979417898112,
      -0.007724458410382495,
      2.484735536428748
    ]
  },
  {
    "label_id": "IwWISx28NLErylVGWpUHvQ",
    "size": [
      2.989107492389703,
      13.851028361303396,
      4.359999999999957
    ],
    "obj_class": "vehicle",
    "point_num_in_lidar": 682,
    "speed": 3.1264385016200963e-12,
    "if_vehicle": true,
    "motion_state": false,
    "pose": [
      [
        -0.00849413782384633,
        -0.9998080378761511,
        0.017656076032637018,
        -51.914943464690054
      ],
      [
        0.9999129010692869,
        -0.008314014943513593,
        0.010250240520185276,
        -20.56836624179232
      ],
      [
        -0.010101479982265902,
        0.01774160516300001,
        0.9997915760539334,
        3.6403842217050624
      ],
      [
        0.0,
        0.0,
        0.0,
        1.0
      ]
    ],
    "location": [
      -51.914943464690054,
      -20.56836624179232,
      3.6403842217050624
    ],
    "rotation": [
      0.017743441420508717,
      0.010101651782485625,
      1.5792910001838842
    ]
  },
  {
    "label_id": "JpL6P0gAOoixkeBIrZJTfg",
    "size": [
      2.013886120242965,
      4.439900271844769,
      1.8999999999999986
    ],
    "obj_class": "vehicle",
    "point_num_in_lidar": 111,
    "speed": 0.02220460218728977,
    "if_vehicle": true,
    "motion_state": false,
    "pose": [
      [
        0.33335673590107884,
        -0.9426354277282963,
        0.017656076032637018,
        -44.11259433365092
      ],
      [
        0.9426724952707127,
        0.33356183718969795,
        0.010250240520185276,
        5.940197098292629
      ],
      [
        -0.015551633016070156,
        0.013226910528365422,
        0.9997915760539334,
        1.1260910992488746
      ],
      [
        0.0,
        0.0,
        0.0,
        1.0
      ]
    ],
    "location": [
      -44.11259433365092,
      5.940197098292629,
      1.1260910992488746
    ],
    "rotation": [
      0.01322889615203644,
      0.015552259953238206,
      1.230891829577484
    ]
  },
  {
    "label_id": "KFIIXmnpykGXgpEsf1ym6A",
    "size": [
      1.624965091478377,
      4.310575270180273,
      1.6097596117493822
    ],
    "obj_class": "vehicle",
    "point_num_in_lidar": 80,
    "speed": 0.009288756906564926,
    "if_vehicle": true,
    "motion_state": false,
    "pose": [
      [
        0.7194794881584695,
        -0.6942892258262089,
        0.017656076032637018,
        -73.85929899274504
      ],
      [
        0.6942307260474077,
        0.7196795339461638,
        0.010250240520185276,
        15.528525733898277
      ],
      [
        -0.019823348125778108,
        0.0048825526803217235,
        0.9997915760539334,
        0.6761801066973163
      ],
      [
        0.0,
        0.0,
        0.0,
        1.0
      ]
    ],
    "location": [
      -73.85929899274504,
      15.528525733898277,
      0.6761801066973163
    ],
    "rotation": [
      0.004883531710735709,
      0.019824646669516874,
      0.7675401343760401
    ]
  },
  {
    "label_id": "R02j7hrIj7vZK3LuWkAaDQ",
    "size": [
      0.895969706460622,
      0.1253559028273384,
      0.930247678744081
    ],
    "obj_class": "sign",
    "point_num_in_lidar": 250,
    "speed": 0.0020201004594036917,
    "if_vehicle": false,
    "motion_state": false,
    "pose": [
      [
        -0.47975690570905594,
        0.8772237880972003,
        0.017656076032637018,
        -36.23851035380028
      ],
      [
        -0.8772275920323659,
        -0.47996529493951484,
        0.010250240520185276,
        9.906722351526696
      ],
      [
        0.017466058558503465,
        -0.010570773388112867,
        0.9997915760539334,
        2.682130922630776
      ],
      [
        0.0,
        0.0,
        0.0,
        1.0
      ]
    ],
    "location": [
      -36.23851035380028,
      9.906722351526696,
      2.682130922630776
    ],
    "rotation": [
      -0.010572583099365613,
      -0.01746694672239173,
      -2.071257380750057
    ]
  },
  {
    "label_id": "RJUwInzO-ofbO9AmW0nbvw",
    "size": [
      2.0153183468891918,
      4.83248746209714,
      1.5454156079225427
    ],
    "obj_class": "vehicle",
    "point_num_in_lidar": 54,
    "speed": 9.745048083399912,
    "if_vehicle": true,
    "motion_state": true,
    "pose": [
      [
        0.7009235617899711,
        -0.7130178283232408,
        0.017656076032637018,
        -61.144095124577916
      ],
      [
        0.7129646233380138,
        0.7011250804512433,
        0.010250240520185276,
        6.908842110660771
      ],
      [
        -0.01968772196432929,
        0.005403522503624235,
        0.9997915760539334,
        0.8545662923510733
      ],
      [
        0.0,
        0.0,
        0.0,
        1.0
      ]
    ],
    "location": [
      -61.144095124577916,
      6.908842110660771,
      0.8545662923510733
    ],
    "rotation": [
      0.005404596339129776,
      0.019688994034046323,
      0.7939142331877374
    ]
  },
  {
    "label_id": "Tc_grduMpPFzotyj6WiPYw",
    "size": [
      0.8046151891179216,
      0.889443332664063,
      1.7230060925525095
    ],
    "obj_class": "pedestrian",
    "point_num_in_lidar": 391,
    "speed": 1.188150522171278,
    "if_vehicle": false,
    "motion_state": true,
    "pose": [
      [
        0.3922802833664876,
        -0.9196762703587811,
        0.017656076032637018,
        -27.2463751425596
      ],
      [
        0.9197002979287852,
        0.39248731770463874,
        0.010250240520185276,
        23.492923734753276
      ],
      [
        -0.016356688895123307,
        0.012217331131636614,
        0.9997915760539334,
        1.0647133655968446
      ],
      [
        0.0,
        0.0,
        0.0,
        1.0
      ]
    ],
    "location": [
      -27.2463751425596,
      23.492923734753276,
      1.0647133655968446
    ],
    "rotation": [
      0.012219269855191298,
      0.016357418331170524,
      1.1676299956293128
    ]
  },
  {
    "label_id": "U1dH0uDhaeGUHpknIe9pRQ",
    "size": [
      1.9809537790329173,
      4.634512657984047,
      1.75
    ],
    "obj_class": "vehicle",
    "point_num_in_lidar": 585,
    "speed": 12.35487008701299,
    "if_vehicle": true,
    "motion_state": true,
    "pose": [
      [
        0.6938895208695779,
        -0.7198649844286895,
        0.017656076032637018,
        -33.234830159441344
      ],
      [
        0.7198137604756489,
        0.6940915521739068,
        0.010250240520185276,
        47.13233235390362
      ],
      [
        -0.019633722451247036,
        0.005596552000947134,
        0.9997915760539334,
        1.2393567626741486
      ],
      [
        0.0,
        0.0,
        0.0,
        1.0
      ]
    ],
    "location": [
      -33.234830159441344,
      47.13233235390362,
      1.2393567626741486
    ],
    "rotation": [
      0.00559766023351244,
      0.019634984081337042,
      0.8037339306244008
    ]
  },
  {
    "label_id": "U2p8B_zSFJocUfJk_cR9kA",
    "size": [
      2.0861832129476032,
      5.130968474483823,
      1.9329169092128993
    ],
    "obj_class": "vehicle",
    "point_num_in_lidar": 656,
    "speed": 7.264364250984023,
    "if_vehicle": true,
    "motion_state": true,
    "pose": [
      [
        0.7059214469933118,
        -0.7080700344273853,
        0.017656076032637018,
        -43.39789338102173
      ],
      [
        0.7080154133165026,
        0.7061225864363356,
        0.010250240520185276,
        24.67235014216385
      ],
      [
        -0.019725242232498812,
        0.005264909349756429,
        0.9997915760539334,
        1.169951908238609
      ],
      [
        0.0,
        0.0,
        0.0,
        1.0
      ]
    ],
    "location": [
      -43.39789338102173,
      24.67235014216385,
      1.169951908238609
    ],
    "rotation": [
      0.005265958235594841,
      0.019726521589753146,
      0.7868791098605747
    ]
  },
  {
    "label_id": "UwPT8c60uheFPJfNDq3Ykw",
    "size": [
      1.5806352045828918,
      4.331119770318755,
      1.412534573024331
    ],
    "obj_class": "vehicle",
    "point_num_in_lidar": 42,
    "speed": 0.008719194473872486,
    "if_vehicle": true,
    "motion_state": false,
    "pose": [
      [
        -0.6819372063371442,
        -0.7311975858769099,
        0.017656076032637018,
        -72.4391736385885
      ],
      [
        0.731396606521279,
        -0.6818753086440625,
        0.010250240520185276,
        54.76797752292259
      ],
      [
        0.004544291171180248,
        0.019903614479371345,
        0.9997915760539334,
        1.2295267846337126
      ],
      [
        0.0,
        0.0,
        0.0,
        1.0
      ]
    ],
    "location": [
      -72.4391736385885,
      54.76797752292259,
      1.2295267846337126
    ],
    "rotation": [
      0.019905134417197573,
      -0.004544306811702024,
      2.3212139183121687
    ]
  },
  {
    "label_id": "WkuuNxUfsNcZQTemPqZG0A",
    "size": [
      1.6999910312872626,
      4.453167383139791,
      1.5278147229951173
    ],
    "obj_class": "vehicle",
    "point_num_in_lidar": 40,
    "speed": 0.009321697913202231,
    "if_vehicle": true,
    "motion_state": false,
    "pose": [
      [
        0.6799347800841103,
        -0.7330599960515526,
        0.017656076032637018,
        -65.09433107118718
      ],
      [
        0.73301266204377,
        0.6801377579967048,
        0.010250240520185276,
        23.96887108599003
      ],
      [
        -0.019522605243111574,
        0.005972632260029053,
        0.9997915760539334,
        0.8933270216714533
      ],
      [
        0.0,
        0.0,
        0.0,
        1.0
      ]
    ],
    "location": [
      -65.09433107118718,
      23.96887108599003,
      0.8933270216714533
    ],
    "rotation": [
      0.0059738062969698184,
      0.019523845571157328,
      0.8229458700081412
    ]
  },
  {
    "label_id": "WlEHwQxLUOF-q1IUwMFeSA",
    "size": [
      1.7846216690549992,
      4.090804423523513,
      1.6600000000000037
    ],
    "obj_class": "vehicle",
    "point_num_in_lidar": 611,
    "speed": 7.245607667185156,
    "if_vehicle": true,
    "motion_state": true,
    "pose": [
      [
        0.7075134054345806,
        -0.7064793302776046,
        0.017656076032637018,
        -34.102905954264884
      ],
      [
        0.7064242565740071,
        0.7077144214251536,
        0.010250240520185276,
        37.86271321989807
      ],
      [
        -0.019737042691961085,
        0.005220497808409938,
        0.9997915760539334,
        1.2283557594376617
      ],
      [
        0.0,
        0.0,
        0.0,
        1.0
      ]
    ],
    "location": [
      -34.102905954264884,
      37.86271321989807,
      1.2283557594376617
    ],
    "rotation": [
      0.005221538657320285,
      0.01973832434695196,
      0.7846278687271661
    ]
  },
  {
    "label_id": "YC3_X2Acqy93ylt39sAhfw",
    "size": [
      2.1263744226868644,
      4.678871084775954,
      1.740000000000002
    ],
    "obj_class": "vehicle",
    "point_num_in_lidar": 573,
    "speed": 4.4434306645438655,
    "if_vehicle": true,
    "motion_state": true,
    "pose": [
      [
        0.6915761404806051,
        -0.7220877404423094,
        0.017656076032637018,
        -25.40198355689006
      ],
      [
        0.722037165004523,
        0.6917783351056244,
        0.010250240520185276,
        41.922108211398154
      ],
      [
        -0.01961566389856674,
        0.005659521305761894,
        0.9997915760539334,
        1.0655013769986894
      ],
      [
        0.0,
        0.0,
        0.0,
        1.0
      ]
    ],
    "location": [
      -25.40198355689006,
      41.922108211398154,
      1.0655013769986894
    ],
    "rotation": [
      0.005660640669629037,
      0.019616922050219338,
      0.8069431722424365
    ]
  },
  {
    "label_id": "Yu9T0CbqX3V1hXpU4AZnkA",
    "size": [
      1.8800152373358305,
      4.5456553702554165,
      1.5399999999999991
    ],
    "obj_class": "vehicle",
    "point_num_in_lidar": 849,
    "speed": 5.421265308434876,
    "if_vehicle": true,
    "motion_state": true,
    "pose": [
      [
        0.710778761071413,
        -0.703194010063309,
        0.017656076032637018,
        -34.06832386699398
      ],
      [
        0.7031380056921722,
        0.7109795197616547,
        0.010250240520185276,
        33.19380955009001
      ],
      [
        -0.019761016194062026,
        0.005129004832316467,
        0.9997915760539334,
        1.0330186593396107
      ],
      [
        0.0,
        0.0,
        0.0,
        1.0
      ]
    ],
    "location": [
      -34.06832386699398,
      33.19380955009001,
      1.0330186593396107
    ],
    "rotation": [
      0.005130029059458705,
      0.019762302525544034,
      0.7799942519488183
    ]
  },
  {
    "label_id": "cGy-7JZfWzadYOxbpSdAYQ",
    "size": [
      0.9696665606968466,
      0.9278091775285798,
      1.9399999999999977
    ],
    "obj_class": "pedestrian",
    "point_num_in_lidar": 538,
    "speed": 1.0149754002633409,
    "if_vehicle": false,
    "motion_state": true,
    "pose": [
      [
        0.3046760482384291,
        -0.9522923755911019,
        0.017656076032637018,
        -26.50863671594186
      ],
      [
        0.9523356333551339,
        0.30487993376303774,
        0.010250240520185276,
        26.36661882815133
      ],
      [
        -0.015144209186692936,
        0.013691507575924303,
        0.9997915760539334,
        1.0941051191726956
      ],
      [
        0.0,
        0.0,
        0.0,
        1.0
      ]
    ],
    "location": [
      -26.50863671594186,
      26.36661882815133,
      1.0941051191726956
    ],
    "rotation": [
      0.013693505845293438,
      0.015144788126450598,
      1.2611613497341185
    ]
  },
  {
    "label_id": "cv9oyKZbR5OEysJKx0Ipiw",
    "size": [
      1.4535229738680226,
      0.1300954602712818,
      0.4602476787440821
    ],
    "obj_class": "sign",
    "point_num_in_lidar": 74,
    "speed": 0.02322594646993372,
    "if_vehicle": false,
    "motion_state": false,
    "pose": [
      [
        0.5336734844819456,
        -0.8455062832055291,
        0.017656076032637018,
        -36.33031948170833
      ],
      [
        0.8454970484731935,
        0.5338817037438133,
        0.010250240520185276,
        9.980217161544715
      ],
      [
        -0.018092898717919116,
        0.009457878598027583,
        0.9997915760539334,
        0.7878363313147645
      ],
      [
        0.0,
        0.0,
        0.0,
        1.0
      ]
    ],
    "location": [
      -36.33031948170833,
      9.980217161544715,
      0.7878363313147645
    ],
    "rotation": [
      0.009459568089052963,
      0.01809388599075752,
      1.0077545993973858
    ]
  },
  {
    "label_id": "eqtBmTwRgy_EzvD2hRrPgw",
    "size": [
      0.9945838042625245,
      0.12124330171716347,
      0.9600000000000009
    ],
    "obj_class": "sign",
    "point_num_in_lidar": 42,
    "speed": 0.00015949349713175875,
    "if_vehicle": false,
    "motion_state": false,
    "pose": [
      [
        0.44224689720580423,
        -0.8967195463972939,
        0.017656076032637018,
        -55.84764463327383
      ],
      [
        0.896732155768979,
        0.4424549393771054,
        0.010250240520185276,
        2.1818289327457023
      ],
      [
        -0.017003609080381673,
        0.011299634057502447,
        0.9997915760539334,
        2.0288572347208174
      ],
      [
        0.0,
        0.0,
        0.0,
        1.0
      ]
    ],
    "location": [
      -55.84764463327383,
      2.1818289327457023,
      2.0288572347208174
    ],
    "rotation": [
      0.011301508479892714,
      0.017004428541958556,
      1.1126226980964802
    ]
  },
  {
    "label_id": "fGU9Sr0Kb4t6a-Bm1yxzCA",
    "size": [
      2.2511169924667045,
      4.929714534152837,
      1.509999999999998
    ],
    "obj_class": "vehicle",
    "point_num_in_lidar": 144,
    "speed": 9.459669249875024,
    "if_vehicle": true,
    "motion_state": true,
    "pose": [
      [
        -0.5699429146801799,
        -0.8214945751403299,
        0.017656076032637018,
        -60.34402795901144
      ],
      [
        0.8216826526150952,
        -0.5698530959472794,
        0.010250240520185276,
        50.27882289945774
      ],
      [
        0.0016408526082629655,
        0.020349743347518268,
        0.9997915760539334,
        1.1458676771609362
      ],
      [
        0.0,
        0.0,
        0.0,
        1.0
      ]
    ],
    "location": [
      -60.34402795901144,
      50.27882289945774,
      1.1458676771609362
    ],
    "rotation": [
      0.020351175522177523,
      -0.0016408533445683748,
      2.1772336405525694
    ]
  },
  {
    "label_id": "fm4vUhcFchzvNSDaSv-h3Q",
    "size": [
      2.0753022216049652,
      4.447160908047483,
      1.5899999999999963
    ],
    "obj_class": "vehicle",
    "point_num_in_lidar": 112,
    "speed": 5.3290705182007514e-14,
    "if_vehicle": true,
    "motion_state": false,
    "pose": [
      [
        0.4169034664525484,
        -0.9087792705816845,
        0.017656076032637018,
        -49.95175581959609
      ],
      [
        0.9087977143287598,
        0.41711107273734677,
        0.010250240520185276,
        -1.1964104116395902
      ],
      [
        -0.016679750917526184,
        0.011772440737637705,
        0.9997915760539334,
        1.3387872537514056
      ],
      [
        0.0,
        0.0,
        0.0,
        1.0
      ]
    ],
    "location": [
      -49.95175581959609,
      -1.1964104116395902,
      1.3387872537514056
    ],
    "rotation": [
      0.011774350763832752,
      0.016680524437994382,
      1.140696573409331
    ]
  },
  {
    "label_id": "gpjixMPWFS6iGvBmsDByCw",
    "size": [
      1.9570612401654486,
      4.52179090021459,
      1.490000000000002
    ],
    "obj_class": "vehicle",
    "point_num_in_lidar": 282,
    "speed": 4.30318916654146,
    "if_vehicle": true,
    "motion_state": true,
    "pose": [
      [
        0.2705793586338476,
        -0.9625357518868718,
        0.017656076032637018,
        -55.243139884629045
      ],
      [
        0.9625862409655475,
        0.2707815748404891,
        0.010250240520185276,
        34.22083726836536
      ],
      [
        -0.014647163039738675,
        0.014221992352663554,
        0.9997915760539334,
        0.8896070597613388
      ],
      [
        0.0,
        0.0,
        0.0,
        1.0
      ]
    ],
    "location": [
      -55.243139884629045,
      34.22083726836536,
      0.8896070597613388
    ],
    "rotation": [
      0.014223997820294832,
      0.014647686822533035,
      1.2967713841320856
    ]
  },
  {
    "label_id": "i3o11qKaljOZ3lMjZ7qZjg",
    "size": [
      2.0989436661454537,
      4.611355298180513,
      1.5157792543394564
    ],
    "obj_class": "vehicle",
    "point_num_in_lidar": 4140,
    "speed": 0.6676430526009036,
    "if_vehicle": true,
    "motion_state": false,
    "pose": [
      [
        -0.6972427236298188,
        -0.7166176437434415,
        0.017656076032637018,
        -22.437061116252266
      ],
      [
        0.7168179284608285,
        -0.6971850471764329,
        0.010250240520185276,
        17.63654889803911
      ],
      [
        0.0049640489923860045,
        0.01980309746461646,
        0.9997915760539334,
        0.8766202247696739
      ],
      [
        0.0,
        0.0,
        0.0,
        1.0
      ]
    ],
    "location": [
      -22.437061116252266,
      17.63654889803911,
      0.8766202247696739
    ],
    "rotation": [
      0.019804636076522438,
      -0.004964069379781258,
      2.3423521175123576
    ]
  },
  {
    "label_id": "kZ-5_neVIe_QvFiX_W9zbw",
    "size": [
      0.9999999999981988,
      1.0,
      1.8800000000000026
    ],
    "obj_class": "pedestrian",
    "point_num_in_lidar": 26,
    "speed": 1.179973496153617,
    "if_vehicle": false,
    "motion_state": true,
    "pose": [
      [
        -0.706598087270769,
        0.7073948021044686,
        0.017656076032637018,
        -36.15952605182804
      ],
      [
        -0.70733998871562,
        -0.7067991744003843,
        0.010250240520185276,
        56.88296957023522
      ],
      [
        0.019730266827317922,
        -0.005246048276059348,
        0.9997915760539334,
        1.0272124237280167
      ],
      [
        0.0,
        0.0,
        0.0,
        1.0
      ]
    ],
    "location": [
      -36.15952605182804,
      56.88296957023522,
      1.0272124237280167
    ],
    "rotation": [
      -0.005247093751234812,
      -0.019731547162604453,
      -2.355669784486087
    ]
  },
  {
    "label_id": "kt38cGopRoo7r_UIYR3sFw",
    "size": [
      0.7165647637054029,
      1.15292320642138,
      1.8846460176991258
    ],
    "obj_class": "pedestrian",
    "point_num_in_lidar": 68,
    "speed": 1.5307806964963744,
    "if_vehicle": false,
    "motion_state": true,
    "pose": [
      [
        0.4526178262448042,
        -0.8915297899366896,
        0.017656076032637018,
        -23.559443803690556
      ],
      [
        0.8915399854655572,
        0.4528260006728329,
        0.010250240520185276,
        35.71844686320037
      ],
      [
        -0.0171335250751958,
        0.011101656186783307,
        0.9997915760539334,
        1.1408036675597657
      ],
      [
        0.0,
        0.0,
        0.0,
        1.0
      ]
    ],
    "location": [
      -23.559443803690556,
      35.71844686320037,
      1.1408036675597657
    ],
    "rotation": [
      0.01110351418751183,
      0.017134363465602202,
      1.1010228917868563
    ]
  },
  {
    "label_id": "l3xS3YkgkvGjtw43tFm6rQ",
    "size": [
      2.3695743119442456,
      5.118608991722786,
      1.8900000000000006
    ],
    "obj_class": "vehicle",
    "point_num_in_lidar": 337,
    "speed": 1.7056726000188582e-12,
    "if_vehicle": true,
    "motion_state": false,
    "pose": [
      [
        0.2812678815922233,
        -0.9594668528739035,
        0.017656076032637018,
        -48.90372994643894
      ],
      [
        0.9595150897946308,
        0.2814706468278352,
        0.010250240520185276,
        -8.654192696063546
      ],
      [
        -0.014804433154450507,
        0.014058207942953253,
        0.9997915760539334,
        1.8758094929751863
      ],
      [
        0.0,
        0.0,
        0.0,
        1.0
      ]
    ],
    "location": [
      -48.90372994643894,
      -8.654192696063546,
      1.8758094929751863
    ],
    "rotation": [
      0.01406021202862582,
      0.014804973992124621,
      1.2856491277003714
    ]
  },
  {
    "label_id": "p_-q0upnS--pDSRP2-WGZQ",
    "size": [
      1.9018685744882198,
      4.648856578040061,
      1.7800000000000011
    ],
    "obj_class": "vehicle",
    "point_num_in_lidar": 44,
    "speed": 6.072858227640946,
    "if_vehicle": true,
    "motion_state": true,
    "pose": [
      [
        0.7028809573455291,
        -0.7110883368331689,
        0.017656076032637018,
        -24.873245300484086
      ],
      [
        0.7110345780860741,
        0.7030823289880332,
        0.010250240520185276,
        46.88141628738049
      ],
      [
        -0.01970250154145473,
        0.005349381702671945,
        0.9997915760539334,
        1.2143064888077504
      ],
      [
        0.0,
        0.0,
        0.0,
        1.0
      ]
    ],
    "location": [
      -24.873245300484086,
      46.88141628738049,
      1.2143064888077504
    ],
    "rotation": [
      0.005350445817539457,
      0.019703776478486066,
      0.7911647952476112
    ]
  },
  {
    "label_id": "qqtlWI89nAPB5R9a65QLWQ",
    "size": [
      0.7219228465572017,
      0.9605874422248267,
      1.6599999999999966
    ],
    "obj_class": "pedestrian",
    "point_num_in_lidar": 429,
    "speed": 1.2592621466133753,
    "if_vehicle": false,
    "motion_state": true,
    "pose": [
      [
        0.38629347861397184,
        -0.9222069243718823,
        0.017656076032637018,
        -28.17292680078731
      ],
      [
        0.9222322972970235,
        0.3865003523821586,
        0.010250240520185276,
        22.441997828922467
      ],
      [
        -0.016276922392492496,
        0.012323402493657494,
        0.9997915760539334,
        1.0214676058435472
      ],
      [
        0.0,
        0.0,
        0.0,
        1.0
      ]
    ],
    "location": [
      -28.17292680078731,
      22.441997828922467,
      1.0214676058435472
    ],
    "rotation": [
      0.012325347351644082,
      0.016277641207954892,
      1.1741310918053465
    ]
  },
  {
    "label_id": "qtdDGxCsGHPBehUbqu5xcg",
    "size": [
      0.9748487835276548,
      0.10736751885132706,
      0.6372414334679277
    ],
    "obj_class": "sign",
    "point_num_in_lidar": 48,
    "speed": 0.007307763471413461,
    "if_vehicle": false,
    "motion_state": false,
    "pose": [
      [
        0.10182870996402534,
        -0.9946452517386247,
        0.017656076032637018,
        -37.945099403587164
      ],
      [
        0.994729609034467,
        0.10201929954383541,
        0.010250240520185276,
        4.2304188136149605
      ],
      [
        -0.011996613572123461,
        0.016519252840036396,
        0.9997915760539334,
        1.123362978564593
      ],
      [
        0.0,
        0.0,
        0.0,
        1.0
      ]
    ],
    "location": [
