[
  {
    "label_id": "2m4G_1FvlVHMqTBFExLTsQ",
    "size": [
      2.3729798440708363,
      6.136064268284593,
      2.1000000000000014
    ],
    "obj_class": "vehicle",
    "point_num_in_lidar": 71,
    "speed": 2.1515130471543253,
    "if_vehicle": true,
    "motion_state": true,
    "pose": [
      [
        0.7111108831941418,
        -0.7028041312925826,
        0.019689206203555864,
        -79.67839015255879
      ],
      [
        0.702807359418941,
        0.7113361011916662,
        0.007922543027036103,
        5.505716191588363
      ],
      [
        -0.019573639146140413,
        0.008203912451876893,
        0.9997747588687457,
        1.2554747474746861
      ],
      [
        0.0,
        0.0,
        0.0,
        1.0
      ]
    ],
    "location": [
      -79.67839015255879,
      5.505716191588363,
      1.2554747474746861
    ],
    "rotation": [
      0.008205576557189514,
      0.019574889227756385,
      0.7795255265873416
    ]
  },
  {
    "label_id": "5zhamXYExjfy-r5noa4I-w",
    "size": [
      2.3211440729208896,
      5.242010731245653,
      2.1488031328796637
    ],
    "obj_class": "vehicle",
    "point_num_in_lidar": 2824,
    "speed": 0.024915084700840213,
    "if_vehicle": true,
    "motion_state": false,
    "pose": [
      [
        -0.7099488264589099,
        -0.7039779818777647,
        0.019689206203555864,
        -23.216084941330678
      ],
      [
        0.7042031557967862,
        -0.7099543285858831,
        0.007922543027036103,
        13.850041084864642
      ],
      [
        0.008401141319121872,
        0.0194898012682922,
        0.9997747588687457,
        1.269818570693353
      ],
      [
        0.0,
        0.0,
        0.0,
        1.0
      ]
    ],
    "location": [
      -23.216084941330678,
      13.850041084864642,
      1.269818570693353
    ],
    "rotation": [
      0.01949172330786953,
      -0.008401240146531935,
      2.360257447440503
    ]
  },
  {
    "label_id": "68xsQWcIHjMMfTHtOcaoIw",
    "size": [
      1.0573433360676205,
      0.09741873349442347,
      0.4299999999999997
    ],
    "obj_class": "sign",
    "point_num_in_lidar": 24,
    "speed": 0.0179870087344072,
    "if_vehicle": false,
    "motion_state": false,
    "pose": [
      [
        0.6687132950290001,
        0.7432596210009873,
        0.019689206203555864,
        -57.43470231972208
      ],
      [
        -0.7434847428972597,
        0.6687059670669766,
        0.007922543027036103,
        37.046118068612486
      ],
      [
        -0.007277783347491068,
        -0.019936534264720203,
        0.9997747588687457,
        3.1817093980412423
      ],
      [
        0.0,
        0.0,
        0.0,
        1.0
      ]
    ],
    "location": [
      -57.43470231972208,
      37.046118068612486,
      3.1817093980412423
    ],
    "rotation": [
      -0.019938383287892218,
      0.0072778475950261035,
      -0.8382956271249529
    ]
  },
  {
    "label_id": "6djyJkS4AhgaIy3jTcAkaA",
    "size": [
      1.9900645623144761,
      4.61873044206499,
      1.730000000000004
    ],
    "obj_class": "vehicle",
    "point_num_in_lidar": 214,
    "speed": 7.690145841014636,
    "if_vehicle": true,
    "motion_state": true,
    "pose": [
      [
        0.7183631720614685,
        -0.6953895945330639,
        0.019689206203555864,
        -45.708887113559626
      ],
      [
        0.6953904861828204,
        0.7185884114278533,
        0.007922543027036103,
        39.025759592284885
      ],
      [
        -0.01965768939133003,
        0.008000423534749387,
        0.9997747588687457,
        1.3406501625138034
      ],
      [
        0.0,
        0.0,
        0.0,
        1.0
      ]
    ],
    "location": [
      -45.708887113559626,
      39.025759592284885,
      1.3406501625138034
    ],
    "rotation": [
      0.008002055162572677,
      0.019658955647825174,
      0.7691501670560906
    ]
  },
  {
    "label_id": "6hxt5zygbQRvmtThpAKlzg",
    "size": [
      2.0933483852658523,
      5.475322394370159,
      1.8000000000000043
    ],
    "obj_class": "vehicle",
    "point_num_in_lidar": 393,
    "speed": 0.003719350474295811,
    "if_vehicle": true,
    "motion_state": false,
    "pose": [
      [
        0.3226843350136394,
        -0.9463018308636411,
        0.019689206203555864,
        -46.602554272623706
      ],
      [
        0.9464052377324096,
        0.3228844364546642,
        0.007922543027036103,
        -2.057165978834746
      ],
      [
        -0.013854455220855051,
        0.01607748734954263,
        0.9997747588687457,
        1.5356322280106482
      ],
      [
        0.0,
        0.0,
        0.0,
        1.0
      ]
    ],
    "location": [
      -46.602554272623706,
      -2.057165978834746,
      1.5356322280106482
    ],
    "rotation": [
      0.016079723489081026,
      0.013854898476856755,
      1.2421994367296958
    ]
  },
  {
    "label_id": "7VCe0--NDlntifOpFryrQg",
    "size": [
      0.6912153101396948,
      1.066362559770647,
      1.7299999999999969
    ],
    "obj_class": "pedestrian",
    "point_num_in_lidar": 135,
    "speed": 1.0516049627144661,
    "if_vehicle": false,
    "motion_state": true,
    "pose": [
      [
        0.3935865648761643,
        -0.9190766840193776,
        0.019689206203555864,
        -29.32881673723398
      ],
      [
        0.9191646029362748,
        0.3937939385274808,
        0.007922543027036103,
        18.247087518753688
      ],
      [
        -0.015034914631667154,
        0.014979414907127111,
        0.9997747588687457,
        1.049868694443525
      ],
      [
        0.0,
        0.0,
        0.0,
        1.0
      ]
    ],
    "location": [
      -29.32881673723398,
      18.247087518753688,
      1.049868694443525
    ],
    "rotation": [
      0.014981668666486241,
      0.015035481126339852,
      1.1662181166383365
    ]
  },
  {
    "label_id": "8QH4-FA-LZhwmwdY8LqCTA",
    "size": [
      1.8404066570531303,
      3.9550662015733886,
      1.4162410855741498
    ],
    "obj_class": "vehicle",
    "point_num_in_lidar": 37,
    "speed": 0.011583174395410909,
    "if_vehicle": true,
    "motion_state": false,
    "pose": [
      [
        -0.6833105074111566,
        -0.7298623744382098,
        0.019689206203555864,
        -68.68862042494561
      ],
      [
        0.7300875973416329,
        -0.6833076419299777,
        0.007922543027036103,
        50.93821623207805
      ],
      [
        0.00767141899712339,
        0.019788402146508833,
        0.9997747588687457,
        1.1194441126372325
      ],
      [
        0.0,
        0.0,
        0.0,
        1.0
      ]
    ],
    "location": [
      -68.68862042494561,
      50.93821623207805,
      1.1194441126372325
    ],
    "rotation": [
      0.01979027625415737,
      -0.007671494243806726,
      2.3231110846723815
    ]
  },
  {
    "label_id": "8hZwpu_QOehwpCU39N1TMA",
    "size": [
      1.0352487740629503,
      2.0287232664821753,
      1.3900000000000006
    ],
    "obj_class": "vehicle",
    "point_num_in_lidar": 308,
    "speed": 0.002983933194414266,
    "if_vehicle": true,
    "motion_state": false,
    "pose": [
      [
        -0.8278642892941677,
        0.5605827803906721,
        0.019689206203555864,
        -18.859030111456605
      ],
      [
        -0.5605446801776637,
        -0.828086284656681,
        0.007922543027036103,
        25.263884693596992
      ],
      [
        0.02074560281080248,
        -0.004477889341844582,
        0.9997747588687457,
        0.8369899721221472
      ],
      [
        0.0,
        0.0,
        0.0,
        1.0
      ]
    ],
    "location": [
      -18.859030111456605,
      25.263884693596992,
      0.8369899721221472
    ],
    "rotation": [
      -0.004478868224607849,
      -0.02074709118128876,
      -2.546403559157665
    ]
  },
  {
    "label_id": "9GOp9QAQoR3n_l4KYwu1hQ",
    "size": [
      0.8074269342862676,
      0.08924921455650353,
      0.7712386422860718
    ],
    "obj_class": "sign",
    "point_num_in_lidar": 98,
    "speed": 0.013529901735116786,
    "if_vehicle": false,
    "motion_state": false,
    "pose": [
      [
        0.7967325750616812,
        0.60401120767305,
        0.019689206203555864,
        -30.44084992865112
      ],
      [
        -0.6042336808447759,
        0.796767778116534,
        0.007922543027036103,
        10.03924578258011
      ],
      [
        -0.0109024202980837,
        -0.018209029644253794,
        0.9997747588687457,
        2.962003969211743
      ],
      [
        0.0,
        0.0,
        0.0,
        1.0
      ]
    ],
    "location": [
      -30.44084992865112,
      10.03924578258011,
      2.962003969211743
    ],
    "rotation": [
      -0.018211118515789014,
      0.010902636291613416,
      -0.6488488517531981
    ]
  },
  {
    "label_id": "F7Bt39aSBBq_9EfdYbJu_g",
    "size": [
      0.9771451001470118,
      0.10328031173047941,
      0.937241433467932
    ],
    "obj_class": "sign",
    "point_num_in_lidar": 49,
    "speed": 0.016549942143498687,
    "if_vehicle": false,
    "motion_state": false,
    "pose": [
      [
        0.10347680623845029,
        -0.9944369692090917,
        0.019689206203555864,
        -37.97080698438424
      ],
      [
        0.994582404530415,
        0.10364880081545874,
        0.007922543027036103,
        4.246834873631087
      ],
      [
        -0.009919232288241263,
        0.01876273859950335,
        0.9997747588687457,
        1.983757759167183
      ],
      [
        0.0,
        0.0,
        0.0,
        1.0
      ]
    ],
    "location": [
      -37.97080698438424,
      4.246834873631087,
      1.983757759167183
    ],
    "rotation": [
      0.01876476292203071,
      0.00991939495625404,
      1.4671288445095638
    ]
  },
  {
    "label_id": "FHzBwE7eKp7LHnQlmrMUuQ",
    "size": [
      2.082778756602677,
      4.920507422140986,
      1.4399999999999977
    ],
    "obj_class": "vehicle",
    "point_num_in_lidar": 79,
    "speed": 8.684202702522677,
    "if_vehicle": true,
    "motion_state": true,
    "pose": [
      [
        0.7176248038153853,
        -0.6961515467971061,
        0.019689206203555864,
        -51.709724360355494
      ],
      [
        0.6961526774756557,
        0.7178500421086987,
        0.007922543027036103,
        16.08742584317406
      ],
      [
        -0.019649188085147238,
        0.008021280230479969,
        0.9997747588687457,
        1.0348636329727512
      ],
      [
        0.0,
        0.0,
        0.0,
        1.0
      ]
    ],
    "location": [
      -51.709724360355494,
      16.08742584317406,
      1.0348636329727512
    ],
    "rotation": [
      0.008022915217875437,
      0.019650452699319275,
      0.770211561635565
    ]
  },
  {
    "label_id": "FoYJ89RoPhxC2s7oyR-IYw",
    "size": [
      2.0645031847095874,
      4.8697259209348065,
      1.8100000000000023
    ],
    "obj_class": "vehicle",
    "point_num_in_lidar": 46,
    "speed": 6.518921212363988,
    "if_vehicle": true,
    "motion_state": true,
    "pose": [
      [
        0.7007774910269583,
        -0.7131081567539634,
        0.019689206203555864,
        -69.0738442833541
      ],
      [
        0.7131146716637373,
        0.7010026379193628,
        0.007922543027036103,
        11.505873469946891
      ],
      [
        -0.019451815542044622,
        0.008488721992128872,
        0.9997747588687457,
        1.1562936198973617
      ],
      [
        0.0,
        0.0,
        0.0,
        1.0
      ]
    ],
    "location": [
      -69.0738442833541,
      11.505873469946891,
      1.1562936198973617
    ],
    "rotation": [
      0.00849043040864197,
      0.01945304242500317,
      0.7941236290791907
    ]
  },
  {
    "label_id": "HA5PLwFMuobFWkWpC5lNrg",
    "size": [
      2.0717866709391584,
      4.6109109994821855,
      1.8599999999999994
    ],
    "obj_class": "vehicle",
    "point_num_in_lidar": 468,
    "speed": 0.005055022729319898,
    "if_vehicle": true,
    "motion_state": false,
    "pose": [
      [
        0.3352913493891748,
        -0.9419087249749097,
        0.019689206203555864,
        -40.06609064071972
      ],
      [
        0.9420094507094291,
        0.3354928137622392,
        0.007922543027036103,
        7.683874796093733
      ],
      [
        -0.01406789959113033,
        0.015891058178587606,
        0.9997747588687457,
        1.0569549005898367
      ],
      [
        0.0,
        0.0,
        0.0,
        1.0
      ]
    ],
    "location": [
      -40.06609064071972,
      7.683874796093733,
      1.0569549005898367
    ],
    "rotation": [
      0.015893299969797332,
      0.014068363652277614,
      1.2288466411615253
    ]
  },
  {
    "label_id": "I3rWao3BUZoXJ4ofYXC1qQ",
    "size": [
      1.959980379785032,
      4.190208464208446,
      1.740000000000002
    ],
    "obj_class": "vehicle",
    "point_num_in_lidar": 46,
    "speed": 5.959657510344614,
    "if_vehicle": true,
    "motion_state": true,
    "pose": [
      [
        0.7092226681081205,
        -0.7047095445647609,
        0.019689206203555864,
        -57.34740651751497
      ],
      [
        0.7047133769496575,
        0.709447876633791,
        0.007922543027036103,
        15.176453860007314
      ],
      [
        -0.019551557222094906,
        0.008256399889330064,
        0.9997747588687457,
        1.2384603069887916
      ],
      [
        0.0,
        0.0,
        0.0,
        1.0
      ]
    ],
    "location": [
      -57.34740651751497,
      15.176453860007314,
      1.2384603069887916
    ],
    "rotation": [
      0.008258072262200235,
      0.019552803077173588,
      0.7822089980270971
    ]
  },
  {
    "label_id": "IwWISx28NLErylVGWpUHvQ",
    "size": [
      2.98910749238938,
      13.851028361303396,
      4.359999999999957
    ],
    "obj_class": "vehicle",
    "point_num_in_lidar": 542,
    "speed": 0.8960980761934854,
    "if_vehicle": true,
    "motion_state": false,
    "pose": [
      [
        -0.02151798138917218,
        -0.9995745653206713,
        0.019689206203555864,
        -52.06846596234789
      ],
      [
        0.9997403407544043,
        -0.021365495085592517,
        0.007922543027036103,
        -22.534013941376543
      ],
      [
        -0.007498502864102639,
        0.019854570852537345,
        0.9997747588687457,
        3.640384221705098
      ],
      [
        0.0,
        0.0,
        0.0,
        1.0
      ]
    ],
    "location": [
      -52.06846596234789,
      -22.534013941376543,
      3.640384221705098
    ],
    "rotation": [
      0.01985643386296975,
      0.007498573136282166,
      1.592316574202677
    ]
  },
  {
    "label_id": "JpL6P0gAOoixkeBIrZJTfg",
    "size": [
      2.013886120242531,
      4.439900271844769,
      1.8999999999999986
    ],
    "obj_class": "vehicle",
    "point_num_in_lidar": 189,
    "speed": 0.024934600616607457,
    "if_vehicle": true,
    "motion_state": false,
    "pose": [
      [
        0.3467820737530455,
        -0.9377390513797594,
        0.019689206203555864,
        -43.94866998888915
      ],
      [
        0.9378373064808329,
        0.3469847545422727,
        0.007922543027036103,
        5.896689196630177
      ],
      [
        -0.014261132364361188,
        0.015717876212375224,
        0.9997747588687457,
        1.2001645894731965
      ],
      [
        0.0,
        0.0,
        0.0,
        1.0
      ]
    ],
    "location": [
      -43.94866998888915,
      5.896689196630177,
      1.2001645894731965
    ],
    "rotation": [
      0.015720122263552717,
      0.014261615813211793,
      1.2166206287671042
    ]
  },
  {
    "label_id": "R02j7hrIj7vZK3LuWkAaDQ",
    "size": [
      0.8959697064606231,
      0.1253559028273384,
      0.930247678744081
    ],
    "obj_class": "sign",
    "point_num_in_lidar": 30,
    "speed": 0.007228001250990295,
    "if_vehicle": false,
    "motion_state": false,
    "pose": [
      [
        -0.47973868623550103,
        0.8771904742347065,
        0.019689206203555864,
        -36.282330405440916
      ],
      [
        -0.8772581432404873,
        -0.47995352215629955,
        0.007922543027036103,
        9.903673861033894
      ],
      [
        0.016399483140888967,
        -0.013471766092575967,
        0.9997747588687457,
        2.75457273295185
      ],
      [
        0.0,
        0.0,
        0.0,
        1.0
      ]
    ],
    "location": [
      -36.282330405440916,
      9.903673861033894,
      2.75457273295185
    ],
    "rotation": [
      -0.013473985719790157,
      -0.016400218317695062,
      -2.071226732175822
    ]
  },
  {
    "label_id": "S05vGIC4FhivaSi6jovxRw",
    "size": [
      0.43156983445312913,
      0.05222533530636376,
      0.46000000000000085
    ],
    "obj_class": "sign",
    "point_num_in_lidar": 38,
    "speed": 0.005573137117216595,
    "if_vehicle": false,
    "motion_state": false,
    "pose": [
      [
        0.7339279771670257,
        0.6789418675340265,
        0.019689206203555864,
        -24.129561204555785
      ],
      [
        -0.6791667153418067,
        0.7339412824496291,
        0.007922543027036103,
        3.3172265657758544
      ],
      [
        -0.009071775093058409,
        -0.01918682948280789,
        0.9997747588687457,
        2.0361863046740325
      ],
      [
        0.0,
        0.0,
        0.0,
        1.0
      ]
    ],
    "location": [
      -24.129561204555785,
      3.3172265657758544,
      2.0361863046740325
    ],
    "rotation": [
      -0.019188796604301492,
      0.009071899527802126,
      -0.746664825999413
    ]
  },
  {
    "label_id": "ZmziQnEdI8xuJyU5ilrbOA",
    "size": [
      1.8884170131179308,
      4.729583791090963,
      1.7000000000000028
    ],
    "obj_class": "vehicle",
    "point_num_in_lidar": 22,
    "speed": 1.421529491362787e-12,
    "if_vehicle": true,
    "motion_state": false,
    "pose": [
      [
        0.28134658879816504,
        -0.9594042068548116,
        0.019689206203555864,
        -47.931303329585376
      ],
      [
        0.9595161934026036,
        0.2815420180189135,
        0.007922543027036103,
        4.156217756191836
      ],
      [
        -0.013144259956866319,
        0.01666313173229155,
        0.9997747588687457,
        1.0657286521100175
      ],
      [
        0.0,
        0.0,
        0.0,
        1.0
      ]
    ],
    "location": [
      -47.931303329585376,
      4.156217756191836,
      1.0657286521100175
    ],
    "rotation": [
      0.01666534278692342,
      0.013144638478700538,
      1.2855739026160147
    ]
  },
  {
    "label_id": "ZsyBJwkjmXg_HWQWoC8eqg",
    "size": [
      1.5108059809531413,
      0.1677651106228818,
      0.5300000000000011
    ],
    "obj_class": "sign",
    "point_num_in_lidar": 45,
    "speed": 0.010071693025849758,
    "if_vehicle": false,
    "motion_state": false,
    "pose": [
      [
        0.9264098143850706,
        0.37600158373349013,
        0.019689206203555864,
        -55.84074580515778
      ],
      [
        -0.37620724438748315,
        0.926501668958217,
        0.007922543027036103,
        2.092297885012158
      ],
      [
        -0.015263193682694689,
        -0.014746743625150941,
        0.9997747588687457,
        3.1317878088297064
      ],
      [
        0.0,
        0.0,
        0.0,
        1.0
      ]
    ],
    "location": [
      -55.84074580515778,
      2.092297885012158,
      3.1317878088297064
    ],
    "rotation": [
      -0.014748996389666669,
      0.015263786376691216,
      -0.38574670134586414
    ]
  },
  {
    "label_id": "cGy-7JZfWzadYOxbpSdAYQ",
    "size": [
      0.9696665606979774,
      0.9278091775285798,
      1.9399999999999977
    ],
    "obj_class": "pedestrian",
    "point_num_in_lidar": 71,
    "speed": 1.109056887548389,
    "if_vehicle": false,
    "motion_state": true,
    "pose": [
      [
        0.46000766961566286,
        -0.8876966143079745,
        0.019689206203555864,
        -29.868322390241474
      ],
      [
        0.8877690694287388,
        0.4602209389821545,
        0.007922543027036103,
        18.369053045784312
      ],
      [
        -0.016094199588622942,
        0.01383503771382464,
        0.9997747588687457,
        1.1281679898601027
      ],
      [
        0.0,
        0.0,
        0.0,
        1.0
      ]
    ],
    "location": [
      -29.868322390241474,
      18.369053045784312,
      1.1281679898601027
    ],
    "rotation": [
      0.013837271426627768,
      0.016094894464962924,
      1.0927253794054919
    ]
  },
  {
    "label_id": "cv9oyKZbR5OEysJKx0Ipiw",
    "size": [
      1.4535229738680238,
      0.1300954602712818,
      0.4602476787440821
    ],
    "obj_class": "sign",
    "point_num_in_lidar": 34,
    "speed": 0.009185690065906388,
    "if_vehicle": false,
    "motion_state": false,
    "pose": [
      [
        0.533653217447104,
        -0.8454741738618796,
        0.019689206203555864,
        -36.35266148661981
      ],
      [
        0.8455282760777856,
        0.5338718644627314,
        0.007922543027036103,
        9.969964175952555
      ],
      [
        -0.01720981874635209,
        0.012419890001891691,
        0.9997747588687457,
        0.7777099825825289
      ],
      [
        0.0,
        0.0,
        0.0,
        1.0
      ]
    ],
    "location": [
      -36.35266148661981,
      9.969964175952555,
      0.7777099825825289
    ],
    "rotation": [
      0.012422049125134673,
      0.017210668387482055,
      1.00778841100138
    ]
  },
  {
    "label_id": "eqtBmTwRgy_EzvD2hRrPgw",
    "size": [
      0.9945838042625242,
      0.12124330171716347,
      0.9600000000000009
    ],
    "obj_class": "sign",
    "point_num_in_lidar": 29,
    "speed": 0.00469516990238685,
    "if_vehicle": false,
    "motion_state": false,
    "pose": [
      [
        0.44223010222996745,
        -0.8966854921547167,
        0.019689206203555864,
        -55.85899187921336
      ],
      [
        0.8967621820215801,
        0.44244188568430043,
        0.007922543027036103,
        2.1893361661404924
      ],
      [
        -0.01581535891364307,
        0.014152948504606092,
        0.9997747588687457,
        2.139012524273646
      ],
      [
        0.0,
        0.0,
        0.0,
        1.0
      ]
    ],
    "location": [
      -55.85899187921336,
      2.1893361661404924,
      2.139012524273646
    ],
    "rotation": [
      0.014155191550511204,
      0.015816018292160228,
      1.1126510453515297
    ]
  },
  {
    "label_id": "j-H8U138OD0NXEsmYayzMg",
    "size": [
      1.8756840949257434,
      4.349050361401292,
      1.6400000000000077
    ],
    "obj_class": "vehicle",
    "point_num_in_lidar": 236,
    "speed": 8.031984323880053,
    "if_vehicle": true,
    "motion_state": true,
    "pose": [
      [
        0.7174137957089878,
        -0.6963689976481553,
        0.019689206203555864,
        -47.56928764077429
      ],
      [
        0.6963701965871966,
        0.7176390336492952,
        0.007922543027036103,
        33.30547942753219
      ],
      [
        -0.01964675625980305,
        0.008027234729922299,
        0.9997747588687457,
        1.2390139623838863
      ],
      [
        0.0,
        0.0,
        0.0,
        1.0
      ]
    ],
    "location": [
      -47.56928764077429,
      33.30547942753219,
      1.2390139623838863
    ],
    "rotation": [
      0.008028870675181097,
      0.019648020404444792,
      0.7705146696208469
    ]
  },
  {
    "label_id": "kt38cGopRoo7r_UIYR3sFw",
    "size": [
      0.7165647637060225,
      1.15292320642138,
      1.8846460176991258
    ],
    "obj_class": "pedestrian",
    "point_num_in_lidar": 144,
    "speed": 1.5116072034532164,
    "if_vehicle": false,
    "motion_state": true,
    "pose": [
      [
        0.40554022579747495,
        -0.9138651215683893,
        0.019689206203555864,
        -27.818600618543655
      ],
      [
        0.9139503283179355,
        0.4057487285001924,
        0.007922543027036103,
        24.78737672625539
      ],
      [
        -0.015229006128804035,
        0.01478204658598498,
        0.9997747588687457,
        1.1668027378982444
      ],
      [
        0.0,
        0.0,
        0.0,
        1.0
      ]
    ],
    "location": [
      -27.818600618543655,
      24.78737672625539,
      1.1668027378982444
    ],
    "rotation": [
      0.014784299604844623,
      0.015229594848767673,
      1.153175109822304
    ]
  },
  {
    "label_id": "l3xS3YkgkvGjtw43tFm6rQ",
    "size": [
      2.369574311944251,
      5.118608991722786,
      1.8900000000000006
    ],
    "obj_class": "vehicle",
    "point_num_in_lidar": 340,
    "speed": 1.7056726000188582e-12,
    "if_vehicle": true,
    "motion_state": false,
    "pose": [
      [
        0.28125720003106847,
        -0.9594304157101532,
        0.019689206203555864,
        -48.903729946436556
      ],
      [
        0.9595424204655704,
        0.2814526188171988,
        0.007922543027036103,
        -8.654192696063546
      ],
      [
        -0.013142707398333458,
        0.016664356308695876,
        0.9997747588687457,
        1.875809492975172
      ],
      [
        0.0,
        0.0,
        0.0,
        1.0
      ]
    ],
    "location": [
      -48.903729946436556,
      -8.654192696063546,
      1.875809492975172
    ],
    "rotation": [
      0.016666567299038662,
      0.013143085786047153,
      1.2856670675747417
    ]
  },
  {
    "label_id": "lAuBfm95khsh0xYjKmh7Kg",
    "size": [
      1.9833384206109865,
      4.5542189467166345,
      1.4299999999999997
    ],
    "obj_class": "vehicle",
    "point_num_in_lidar": 5372,
    "speed": 0.0626146033722928,
    "if_vehicle": true,
    "motion_state": false,
    "pose": [
      [
        -0.718726125784321,
        -0.6950144540037525,
        0.019689206203555864,
        -8.832061651577874
      ],
      [
        0.6952395411581764,
        -0.7187344528559579,
        0.007922543027036103,
        14.928449766402991
      ],
      [
        0.00864502893162412,
        0.019382853342910143,
        0.9997747588687457,
        0.7761274410368557
      ],
      [
        0.0,
        0.0,
        0.0,
        1.0
      ]
    ],
    "location": [
      -8.832061651577874,
      14.928449766402991,
      0.7761274410368557
    ],
    "rotation": [
      0.019384791701934554,
      -0.008645136618482966,
      2.3728033976775484
    ]
  },
  {
    "label_id": "lqyaWmILjgHu5xP35J44Ew",
    "size": [
      2.0723531833160984,
      4.758763841333344,
      1.4699999999999989
    ],
    "obj_class": "vehicle",
    "point_num_in_lidar": 435,
    "speed": 11.939844489780958,
    "if_vehicle": true,
    "motion_state": true,
    "pose": [
      [
        0.6555935533319621,
        -0.7548572235785026,
        0.019689206203555864,
        -34.19020736801701
      ],
      [
        0.7548775730681954,
        0.6558178733388228,
        0.007922543027036103,
        34.33025030473982
      ],
      [
        -0.01889292217321526,
        0.009668972060059546,
        0.9997747588687457,
        1.1132856813852001
      ],
      [
        0.0,
        0.0,
        0.0,
        1.0
      ]
    ],
    "location": [
      -34.19020736801701,
      34.33025030473982,
      1.1132856813852001
    ],
    "rotation": [
      0.009670848899896185,
      0.01889404630162486,
      0.8556729280442348
    ]
  },
  {
    "label_id": "rgmY_QECrtLgzEVHHJqCdg",
    "size": [
      2.1965088060133,
      4.671838545906206,
      1.8500000000000014
    ],
    "obj_class": "vehicle",
    "point_num_in_lidar": 27,
    "speed": 1.421529491362787e-12,
    "if_vehicle": true,
    "motion_state": false,
    "pose": [
      [
        0.2825560865597341,
        -0.9590486917290081,
        0.019689206203555864,
        -50.88574746385768
      ],
      [
        0.9591604317693099,
        0.2827516568299748,
        0.007922543027036103,
        5.965728055451109
      ],
      [
        -0.01316526020096819,
        0.016646544770077182,
        0.9997747588687457,
        1.2815795055392343
      ],
      [
        0.0,
        0.0,
        0.0,
        1.0
      ]
    ],
    "location": [
      -50.88574746385768,
      5.965728055451109,
      1.2815795055392343
    ],
    "rotation": [
      0.016648756690586557,
      0.013165640540060758,
      1.2843130590857161
    ]
  },
  {
    "label_id": "s1PT2DTm5fMcubSyUwcq0A",
    "size": [
      1.7949461076305198,
      4.477463430629167,
      1.5
    ],
    "obj_class": "vehicle",
    "point_num_in_lidar": 258,
    "speed": 8.92955601719613,
    "if_vehicle": true,
    "motion_state": true,
    "pose": [
      [
        0.7040457108739748,
        -0.7098816606724204,
        0.019689206203555864,
        -47.97006900171016
      ],
      [
        0.7098871413167992,
        0.7042708853168983,
        0.007922543027036103,
        28.292024866186694
      ],
      [
        -0.019490602684946345,
        0.008399281869239973,
        0.9997747588687457,
        1.1642872053187503
      ],
      [
        0.0,
        0.0,
        0.0,
        1.0
      ]
    ],
    "location": [
      -47.97006900171016,
      28.292024866186694,
      1.1642872053187503
    ],
    "rotation": [
      0.008400976516720868,
      0.019491836922644334,
      0.7895294750084669
    ]
  },
  {
    "label_id": "sgqcjcLMcNqQ6bf9oi3l_Q",
    "size": [
      2.052716975729592,
      4.312467707037239,
      1.6907197922451331
    ],
    "obj_class": "vehicle",
    "point_num_in_lidar": 35,
    "speed": 0.006090285116158621,
    "if_vehicle": true,
    "motion_state": false,
    "pose": [
      [
        -0.6998638073588712,
        -0.7140048923559408,
        0.019689206203555864,
        -61.190064379798855
      ],
      [
        0.7142301217566249,
        -0.699866106114235,
        0.007922543027036103,
        67.51490700663999
      ],
      [
        0.008123073596958658,
        0.01960732527092296,
        0.9997747588687457,
        1.4298548972161669
      ],
      [
        0.0,
        0.0,
        0.0,
        1.0
      ]
    ],
    "location": [
      -61.190064379798855,
      67.51490700663999,
      1.4298548972161669
    ],
    "rotation": [
      0.01960922886301664,
      -0.008123162932198889,
      2.346035461948665
    ]
  },
  {
    "label_id": "tNAXS9zubELloIY6hHtPCQ",
    "size": [
      1.9885890296641464,
      3.994765911614828,
      1.5
    ],
    "obj_class": "vehicle",
    "point_num_in_lidar": 30,
    "speed": 8.592868015318675e-13,
    "if_vehicle": true,
    "motion_state": false,
    "pose": [
      [
        0.2688556135524763,
        -0.962979228343164,
        0.019689206203555864,
        -52.93730490284929
      ],
      [
        0.9630937449895715,
        0.26904957103468385,
        0.007922543027036103,
        -0.9764183971874445
      ],
      [
        -0.012926616853770882,
        0.01683253117202483,
        0.9997747588687457,
        1.4617533337971125
      ],
      [
        0.0,
        0.0,
        0.0,
        1.0
      ]
    ],
    "location": [
      -52.93730490284929,
      -0.9764183971874445,
      1.4617533337971125
    ],
    "rotation": [
      0.016834732856962124,
      0.012926976881571422,
      1.2985683013958904
    ]
  },
  {
    "label_id": "tzldZS4tFoBkVHJ-c1DwQw",
    "size": [
      1.0002759330194881,
      0.9240270082794113,
      1.740000000000002
    ],
    "obj_class": "pedestrian",
    "point_num_in_lidar": 196,
    "speed": 0.5605440943628773,
    "if_vehicle": false,
    "motion_state": false,
    "pose": [
      [
        0.6906497625314,
        0.7229213239865004,
        0.019689206203555864,
        -16.781386430349926
      ],
      [
        -0.7231465643455359,
        0.69064917272609,
        0.007922543027036103,
        -5.535388662383411
      ],
      [
        -0.0078709586816743,
        -0.019709884281059516,
        0.9997747588687457,
        0.7050072604414979
      ],
      [
        0.0,
        0.0,
        0.0,
        1.0
      ]
    ],
    "location": [
      -16.781386430349926,
      -5.535388662383411,
      0.7050072604414979
    ],
    "rotation": [
      -0.01971177133227847,
      0.007871039954199736,
      -0.8083796070242648
    ]
  }
]