[
  {
    "label_id": "2m4G_1FvlVHMqTBFExLTsQ",
    "size": [
      2.3729798440719745,
      6.136064268284593,
      2.1000000000000014
    ],
    "obj_class": "vehicle",
    "point_num_in_lidar": 172,
    "speed": 3.0059996714436186,
    "if_vehicle": true,
    "motion_state": true,
    "pose": [
      [
        0.7111165908181573,
        -0.7028817324444449,
        0.01644580369143411,
        -72.74313598473509
      ],
      [
        0.7027800779112026,
        0.7113011307950012,
        0.012282647144524135,
        12.36157371283116
      ],
      [
        -0.02033116706649662,
        0.002823389035942027,
        0.9997893138657094,
        1.2554747474747217
      ],
      [
        0.0,
        0.0,
        0.0,
        1.0
      ]
    ],
    "location": [
      -72.74313598473509,
      12.36157371283116,
      1.2554747474747217
    ],
    "rotation": [
      0.0028239765032691344,
      0.02033256799661595,
      0.7795021057229428
    ]
  },
  {
    "label_id": "2q1az4vBCKBYmYg-0yqbfw",
    "size": [
      1.822284811790201,
      4.642363821151301,
      1.5700000000000003
    ],
    "obj_class": "vehicle",
    "point_num_in_lidar": 336,
    "speed": 4.199941320117651,
    "if_vehicle": true,
    "motion_state": true,
    "pose": [
      [
        0.08303951178562018,
        -0.9964105454195819,
        0.01644580369143411,
        -53.52483430323764
      ],
      [
        0.9964533469334421,
        0.08324580448445744,
        0.012282647144524135,
        36.66373715086411
      ],
      [
        -0.013607603299158454,
        0.015367531109023547,
        0.9997893138657094,
        0.9524721965196861
      ],
      [
        0.0,
        0.0,
        0.0,
        1.0
      ]
    ],
    "location": [
      -53.52483430323764,
      36.66373715086411,
      0.9524721965196861
    ],
    "rotation": [
      0.015369559186419808,
      0.013608023280367323,
      1.4876533678578194
    ]
  },
  {
    "label_id": "3plNn4EcFthBCzoPgxogzQ",
    "size": [
      0.7108828532909992,
      0.7730393517247112,
      1.1052173913043362
    ],
    "obj_class": "pedestrian",
    "point_num_in_lidar": 188,
    "speed": 1.6400861204164645,
    "if_vehicle": false,
    "motion_state": true,
    "pose": [
      [
        0.5674947070864951,
        -0.8232127871758043,
        0.01644580369143411,
        -29.614535412605278
      ],
      [
        0.8231473469599254,
        0.5676949724737391,
        0.012282647144524135,
        19.558647908997955
      ],
      [
        -0.019447432263657846,
        0.006566982433699234,
        0.9997893138657094,
        0.6966094333564712
      ],
      [
        0.0,
        0.0,
        0.0,
        1.0
      ]
    ],
    "location": [
      -29.614535412605278,
      19.558647908997955,
      0.6966094333564712
    ],
    "rotation": [
      0.006568271839218253,
      0.019448658317310574,
      0.9672060010081559
    ]
  },
  {
    "label_id": "5zhamXYExjfy-r5noa4I-w",
    "size": [
      2.3211440729211907,
      5.242010731245653,
      2.1488031328796637
    ],
    "obj_class": "vehicle",
    "point_num_in_lidar": 9011,
    "speed": 0.0018659415083999158,
    "if_vehicle": true,
    "motion_state": false,
    "pose": [
      [
        -0.7152794057517031,
        -0.6986450509725474,
        0.01644580369143411,
        -23.15872037662257
      ],
      [
        0.6988313502027067,
        -0.7151810124387987,
        0.012282647144524135,
        13.880505387185622
      ],
      [
        0.0031805158940457013,
        0.020278367749446632,
        0.9997893138657094,
        1.248242478357973
      ],
      [
        0.0,
        0.0,
        0.0,
        1.0
      ]
    ],
    "location": [
      -23.15872037662257,
      13.880505387185622,
      1.248242478357973
    ],
    "rotation": [
      0.02027986037867353,
      -0.0031805212562509974,
      2.367825342863049
    ]
  },
  {
    "label_id": "68xsQWcIHjMMfTHtOcaoIw",
    "size": [
      1.0573433360676234,
      0.09741873349442347,
      0.4299999999999997
    ],
    "obj_class": "sign",
    "point_num_in_lidar": 30,
    "speed": 0.00698496825139184,
    "if_vehicle": false,
    "motion_state": false,
    "pose": [
      [
        0.6687524958039694,
        0.7433031917709655,
        0.01644580369143411,
        -57.40538568407089
      ],
      [
        -0.7434827604266577,
        0.668642297142112,
        0.012282647144524135,
        37.01886445042328
      ],
      [
        -0.0018666291326674025,
        -0.020441222458922357,
        0.9997893138657094,
        3.156312560005766
      ],
      [
        0.0,
        0.0,
        0.0,
        1.0
      ]
    ],
    "location": [
      -57.40538568407089,
      37.01886445042328,
      3.156312560005766
    ],
    "rotation": [
      -0.02044268188482545,
      0.0018666302166530937,
      -0.8382651553823193
    ]
  },
  {
    "label_id": "6hxt5zygbQRvmtThpAKlzg",
    "size": [
      2.093348385265854,
      5.475322394370159,
      1.8000000000000043
    ],
    "obj_class": "vehicle",
    "point_num_in_lidar": 348,
    "speed": 0.0037193504739441658,
    "if_vehicle": true,
    "motion_state": false,
    "pose": [
      [
        0.32270325115617843,
        -0.9463573042113508,
        0.01644580369143411,
        -46.58825584020883
      ],
      [
        0.9463486881227444,
        0.3229137610376553,
        0.012282647144524135,
        -2.06127642572028
      ],
      [
        -0.016934349163559046,
        0.011599814582170765,
        0.9997893138657094,
        1.5151598657182035
      ],
      [
        0.0,
        0.0,
        0.0,
        1.0
      ]
    ],
    "location": [
      -46.58825584020883,
      -2.06127642572028,
      1.5151598657182035
    ],
    "rotation": [
      0.01160173845661663,
      0.01693515865140135,
      1.2421632780651768
    ]
  },
  {
    "label_id": "7VCe0--NDlntifOpFryrQg",
    "size": [
      0.6912153101397858,
      1.066362559770647,
      1.7299999999999969
    ],
    "obj_class": "pedestrian",
    "point_num_in_lidar": 498,
    "speed": 1.076906516248528,
    "if_vehicle": false,
    "motion_state": true,
    "pose": [
      [
        0.39736380483377326,
        -0.9175137830839218,
        0.01644580369143411,
        -27.566946211996537
      ],
      [
        0.9174883569486201,
        0.39757295109557567,
        0.012282647144524135,
        22.345275241399577
      ],
      [
        -0.017807904754599237,
        0.010208154004774638,
        0.9997893138657094,
        1.045475440615263
      ],
      [
        0.0,
        0.0,
        0.0,
        1.0
      ]
    ],
    "location": [
      -27.566946211996537,
      22.345275241399577,
      1.045475440615263
    ],
    "rotation": [
      0.010209950387459591,
      0.017808846100433956,
      1.1620853293033195
    ]
  },
  {
    "label_id": "8QH4-FA-LZhwmwdY8LqCTA",
    "size": [
      1.8404066570531323,
      3.9550662015733886,
      1.4162410855741498
    ],
    "obj_class": "vehicle",
    "point_num_in_lidar": 66,
    "speed": 0.00564488458772899,
    "if_vehicle": true,
    "motion_state": false,
    "pose": [
      [
        -0.6833505638922196,
        -0.7299051598455297,
        0.01644580369143411,
        -68.68292405764475
      ],
      [
        0.73008687695101,
        -0.6832439452223811,
        0.012282647144524135,
        50.93691825240239
      ],
      [
        0.0022713282691381098,
        0.02040021930832825,
        0.9997893138657094,
        1.113585070379905
      ],
      [
        0.0,
        0.0,
        0.0,
        1.0
      ]
    ],
    "location": [
      -68.68292405764475,
      50.93691825240239,
      1.113585070379905
    ],
    "rotation": [
      0.020401687195851746,
      -0.0022713302220806987,
      2.323140822614653
    ]
  },
  {
    "label_id": "8hZwpu_QOehwpCU39N1TMA",
    "size": [
      1.0352487740629506,
      2.0287232664821753,
      1.3900000000000006
    ],
    "obj_class": "vehicle",
    "point_num_in_lidar": 1308,
    "speed": 0.0034319672318060936,
    "if_vehicle": true,
    "motion_state": false,
    "pose": [
      [
        -0.8279128196912127,
        0.5606156424252613,
        0.01644580369143411,
        -18.86964746225067
      ],
      [
        -0.5604818821749531,
        -0.8280755981990686,
        0.012282647144524135,
        25.25518242220278
      ],
      [
        0.020504212849258945,
        0.0009513860238404174,
        0.9997893138657094,
        0.8001039423053342
      ],
      [
        0.0,
        0.0,
        0.0,
        1.0
      ]
    ],
    "location": [
      -18.86964746225067,
      25.25518242220278,
      0.8001039423053342
    ],
    "rotation": [
      0.000951586222697908,
      -0.020505649860717633,
      -2.5464827845401103
    ]
  },
  {
    "label_id": "93yNYArzBE1VbqBqZKLbvw",
    "size": [
      0.7367201090567194,
      1.9115626414961573,
      1.4200000000000017
    ],
    "obj_class": "vehicle",
    "point_num_in_lidar": 36,
    "speed": 0.010051453404491944,
    "if_vehicle": true,
    "motion_state": false,
    "pose": [
      [
        0.6348276066453751,
        -0.7724787669456346,
        0.01644580369143411,
        -65.13557785800526
      ],
      [
        0.7723966883236225,
        0.6350216472261588,
        0.012282647144524135,
        47.063419362073546
      ],
      [
        -0.01993152547112285,
        0.004905320818056204,
        0.9997893138657094,
        0.95380498970421
      ],
      [
        0.0,
        0.0,
        0.0,
        1.0
      ]
    ],
    "location": [
      -65.13557785800526,
      47.063419362073546,
      0.95380498970421
    ],
    "rotation": [
      0.004906315150388589,
      0.019932845392359875,
      0.8828476854487233
    ]
  },
  {
    "label_id": "9GOp9QAQoR3n_l4KYwu1hQ",
    "size": [
      0.8074269342862656,
      0.08924921455650353,
      0.7712386422860718
    ],
    "obj_class": "sign",
    "point_num_in_lidar": 107,
    "speed": 0.0038647887588870718,
    "if_vehicle": false,
    "motion_state": false,
    "pose": [
      [
        0.7967792804803155,
        0.6040466155341104,
        0.01644580369143411,
        -30.391582238006663
      ],
      [
        -0.6042437255642119,
        0.7967048742761679,
        0.012282647144524135,
        10.039451954937249
      ],
      [
        -0.005683160524905039,
        -0.019723832446617354,
        0.9997893138657094,
        2.9007275035920017
      ],
      [
        0.0,
        0.0,
        0.0,
        1.0
      ]
    ],
    "location": [
      -30.391582238006663,
      10.039451954937249,
      2.9007275035920017
    ],
    "rotation": [
      -0.019725430122504346,
      0.00568319111809979,
      -0.6488286321931376
    ]
  },
  {
    "label_id": "EgtFEsx4l9DBrLJkyWWFvw",
    "size": [
      0.964601291819861,
      0.8322323455397932,
      1.8800000000000026
    ],
    "obj_class": "pedestrian",
    "point_num_in_lidar": 24,
    "speed": 0.034389731319571515,
    "if_vehicle": false,
    "motion_state": false,
    "pose": [
      [
        0.7014298051802658,
        0.7125487800464732,
        0.01644580369143411,
        -59.68998463430967
      ],
      [
        -0.7127331122945977,
        0.7013277744521313,
        0.012282647144524135,
        31.39708613185394
      ],
      [
        -0.0027819136634181603,
        -0.020336883642863325,
        0.9997893138657094,
        1.0665452319904958
      ],
      [
        0.0,
        0.0,
        0.0,
        1.0
      ]
    ],
    "location": [
      -59.68998463430967,
      31.39708613185394,
      1.0665452319904958
    ],
    "rotation": [
      -0.020338364465923454,
      0.0027819172516558594,
      -0.7933909245373482
    ]
  },
  {
    "label_id": "F7Bt39aSBBq_9EfdYbJu_g",
    "size": [
      0.9771451001468245,
      0.10328031173047941,
      0.937241433467932
    ],
    "obj_class": "sign",
    "point_num_in_lidar": 118,
    "speed": 0.007212606804951175,
    "if_vehicle": false,
    "motion_state": false,
    "pose": [
      [
        0.10265688370252385,
        -0.9945808663801197,
        0.01644580369143411,
        -37.97167299090961
      ],
      [
        0.9946195947472245,
        0.10286397972074644,
        0.012282647144524135,
        4.242717416067535
      ],
      [
        -0.01390776665584917,
        0.01509642032339205,
        0.9997893138657094,
        1.9495790938172632
      ],
      [
        0.0,
        0.0,
        0.0,
        1.0
      ]
    ],
    "location": [
      -37.97167299090961,
      4.242717416067535,
      1.9495790938172632
    ],
    "rotation": [
      0.015098454197545115,
      0.013908215048762907,
      1.4679482930189154
    ]
  },
  {
    "label_id": "FHzBwE7eKp7LHnQlmrMUuQ",
    "size": [
      2.0827787566045655,
      4.920507422140986,
      1.4399999999999977
    ],
    "obj_class": "vehicle",
    "point_num_in_lidar": 832,
    "speed": 6.046223640294166,
    "if_vehicle": true,
    "motion_state": true,
    "pose": [
      [
        0.676366640056301,
        -0.7363814933578199,
        0.01644580369143411,
        -27.61824508219422
      ],
      [
        0.7362888632456345,
        0.6765558708928441,
        0.012282647144524135,
        40.059594937656584
      ],
      [
        -0.020171219085662793,
        0.0038012893249879695,
        0.9997893138657094,
        1.0161910545574884
      ],
      [
        0.0,
        0.0,
        0.0,
        1.0
      ]
    ],
    "location": [
      -27.61824508219422,
      40.059594937656584,
      1.0161910545574884
    ],
    "rotation": [
      0.0038020720520014683,
      0.020172587207320816,
      0.8277908928843366
    ]
  },
  {
    "label_id": "FoYJ89RoPhxC2s7oyR-IYw",
    "size": [
      2.064503184711584,
      4.8697259209348065,
      1.8100000000000023
    ],
    "obj_class": "vehicle",
    "point_num_in_lidar": 177,
    "speed": 11.084993381964116,
    "if_vehicle": true,
    "motion_state": true,
    "pose": [
      [
        0.6693895264142269,
        -0.7427295587681157,
        0.01644580369143411,
        -40.63235809432126
      ],
      [
        0.7426387179796221,
        0.669579622701219,
        0.012282647144524135,
        40.407982009493935
      ],
      [
        -0.02013446012488563,
        0.003991415214365095,
        0.9997893138657094,
        1.3395760505753032
      ],
      [
        0.0,
        0.0,
        0.0,
        1.0
      ]
    ],
    "location": [
      -40.63235809432126,
      40.407982009493935,
      1.3395760505753032
    ],
    "rotation": [
      0.003992235117946364,
      0.020135820779681075,
      0.8372268661369617
    ]
  },
  {
    "label_id": "HA5PLwFMuobFWkWpC5lNrg",
    "size": [
      2.0717866709383195,
      4.6109109994821855,
      1.8599999999999994
    ],
    "obj_class": "vehicle",
    "point_num_in_lidar": 555,
    "speed": 0.005055022729465873,
    "if_vehicle": true,
    "motion_state": false,
    "pose": [
      [
        0.34161257989741295,
        -0.9396969622153604,
        0.01644580369143411,
        -40.04705372151875
      ],
      [
        0.939684127194938,
        0.3418228747129292,
        0.012282647144524135,
        7.677059012945392
      ],
      [
        -0.01716351810444301,
        0.011257953908794065,
        0.9997893138657094,
        1.0407087026180406
      ],
      [
        0.0,
        0.0,
        0.0,
        1.0
      ]
    ],
    "location": [
      -40.04705372151875,
      7.677059012945392,
      1.0407087026180406
    ],
    "rotation": [
      0.011259850422119105,
      0.01716436090587537,
      1.2221106117674883
    ]
  },
  {
    "label_id": "I3rWao3BUZoXJ4ofYXC1qQ",
    "size": [
      1.9599803797852116,
      4.190208464208446,
      1.740000000000002
    ],
    "obj_class": "vehicle",
    "point_num_in_lidar": 825,
    "speed": 7.782959175344325,
    "if_vehicle": true,
    "motion_state": true,
    "pose": [
      [
        0.7040133837949258,
        -0.709996261242664,
        0.01644580369143411,
        -36.06742358125314
      ],
      [
        0.7098964673409083,
        0.7041989365484884,
        0.012282647144524135,
        36.38392142057455
      ],
      [
        -0.02030175102096812,
        0.003027669964955622,
        0.9997893138657094,
        1.2884603069887888
      ],
      [
        0.0,
        0.0,
        0.0,
        1.0
      ]
    ],
    "location": [
      -36.06742358125314,
      36.38392142057455,
      1.2884603069887888
    ],
    "rotation": [
      0.0030282987303264027,
      0.020303145878344853,
      0.7895590012265238
    ]
  },
  {
    "label_id": "IXOFIGIoE_Axs4Lvc4Rteg",
    "size": [
      1.2165606554990434,
      1.2453114029931163,
      1.8999999999999986
    ],
    "obj_class": "pedestrian",
    "point_num_in_lidar": 40,
    "speed": 1.3648351330876363,
    "if_vehicle": false,
    "motion_state": true,
    "pose": [
      [
        -0.9939046771047941,
        -0.10900930405317578,
        0.01644580369143411,
        -60.947400063053465
      ],
      [
        0.1092166432853422,
        -0.9939420815161242,
        0.012282647144524135,
        42.94929539163968
      ],
      [
        0.015007253536114271,
        0.014003935919478502,
        0.9997893138657094,
        1.197602812895596
      ],
      [
        0.0,
        0.0,
        0.0,
        1.0
      ]
    ],
    "location": [
      -60.947400063053465,
      42.94929539163968,
      1.197602812895596
    ],
    "rotation": [
      0.01400597106698535,
      -0.015007816909630368,
      3.0321453339129736
    ]
  },
  {
    "label_id": "IwWISx28NLErylVGWpUHvQ",
    "size": [
      2.9891074923897043,
      13.851028361303396,
      4.359999999999957
    ],
    "obj_class": "vehicle",
    "point_num_in_lidar": 679,
    "speed": 3.1264385016200963e-12,
    "if_vehicle": true,
    "motion_state": false,
    "pose": [
      [
        -0.008494313164111901,
        -0.9998286764165213,
        0.01644580369143411,
        -51.91494346469074
      ],
      [
        0.9998901769678669,
        -0.008292803041868697,
        0.012282647144524135,
        -20.56836624178868
      ],
      [
        -0.012144161026522429,
        0.016548330214736718,
        0.9997893138657094,
        3.6403842217050766
      ],
      [
        0.0,
        0.0,
        0.0,
        1.0
      ]
    ],
    "location": [
      -51.91494346469074,
      -20.56836624178868,
      3.6403842217050766
    ],
    "rotation": [
      0.016550306174932618,
      0.012144459551122479,
      1.579291368576488
    ]
  },
  {
    "label_id": "JpL6P0gAOoixkeBIrZJTfg",
    "size": [
      2.0138861202420437,
      4.439900271844769,
      1.8999999999999986
    ],
    "obj_class": "vehicle",
    "point_num_in_lidar": 110,
    "speed": 0.022204602186736977,
    "if_vehicle": true,
    "motion_state": false,
    "pose": [
      [
        0.3396496914742106,
        -0.9404082212647953,
        0.01644580369143411,
        -44.025529022660294
      ],
      [
        0.9403958253805612,
        0.3398600126315779,
        0.012282647144524135,
        5.922626762107029
      ],
      [
        -0.017139973403912302,
        0.011293767823328641,
        0.9997893138657094,
        1.1631281236130633
      ],
      [
        0.0,
        0.0,
        0.0,
        1.0
      ]
    ],
    "location": [
      -44.025529022660294,
      5.922626762107029,
      1.1631281236130633
    ],
    "rotation": [
      0.011295667327873763,
      0.017140812741361772,
      1.2241988477553114
    ]
  },
  {
    "label_id": "KrhsovjxBcR6nVUHaHguGQ",
    "size": [
      1.7925252567130079,
      4.234691331167228,
      1.5799999999999983
    ],
    "obj_class": "vehicle",
    "point_num_in_lidar": 101,
    "speed": 10.22279896969091,
    "if_vehicle": true,
    "motion_state": true,
    "pose": [
      [
        0.6955016599945473,
        -0.7183362558619549,
        0.01644580369143411,
        -32.01125484834222
      ],
      [
        0.7182386804623483,
        0.6956883889118951,
        0.012282647144524135,
        48.69668406900564
      ],
      [
        -0.02026422543632609,
        0.003269410864334628,
        0.9997893138657094,
        1.1226634709654917
      ],
      [
        0.0,
        0.0,
        0.0,
        1.0
      ]
    ],
    "location": [
      -32.01125484834222,
      48.69668406900564,
      1.1226634709654917
    ],
    "rotation": [
      0.003270088172772644,
      0.020265612572312634,
      0.8014796599368801
    ]
  },
  {
    "label_id": "R02j7hrIj7vZK3LuWkAaDQ",
    "size": [
      0.895969706460623,
      0.1253559028273384,
      0.930247678744081
    ],
    "obj_class": "sign",
    "point_num_in_lidar": 238,
    "speed": 0.002020100458446056,
    "if_vehicle": false,
    "motion_state": false,
    "pose": [
      [
        -0.4797668090923762,
        0.8772418961918442,
        0.01644580369143411,
        -36.24572884848101
      ],
      [
        -0.8771974122737928,
        -0.47997274555883385,
        0.012282647144524135,
        9.903090639103539
      ],
      [
        0.018668390222016922,
        -0.008533410013152857,
        0.9997893138657094,
        2.6888473953975023
      ],
      [
        0.0,
        0.0,
        0.0,
        1.0
      ]
    ],
    "location": [
      -36.24572884848101,
      9.903090639103539,
      2.6888473953975023
    ],
    "rotation": [
      -0.008535001009564464,
      -0.018669474741801726,
      -2.071280554791708
    ]
  },
  {
    "label_id": "Tc_grduMpPFzotyj6WiPYw",
    "size": [
      0.8046151891166355,
      0.889443332664063,
      1.7230060925525095
    ],
    "obj_class": "pedestrian",
    "point_num_in_lidar": 361,
    "speed": 1.4190477079415242,
    "if_vehicle": false,
    "motion_state": true,
    "pose": [
      [
        0.5601207871376364,
        -0.8282476920325571,
        0.01644580369143411,
        -29.477946587841302
      ],
      [
        0.8281840427963618,
        0.5603216289209237,
        0.012282647144524135,
        18.806405282952255
      ],
      [
        -0.01938801366280049,
        0.0067403862014825296,
        0.9997893138657094,
        1.0261502140557965
      ],
      [
        0.0,
        0.0,
        0.0,
        1.0
      ]
    ],
    "location": [
      -29.477946587841302,
      18.806405282952255,
      1.0261502140557965
    ],
    "rotation": [
      0.006741704466673612,
      0.019389228511444475,
      0.9761376082371961
    ]
  },
  {
    "label_id": "U1dH0uDhaeGUHpknIe9pRQ",
    "size": [
      1.9809537790344531,
      4.634512657984047,
      1.75
    ],
    "obj_class": "vehicle",
    "point_num_in_lidar": 60,
    "speed": 8.505034744292733,
    "if_vehicle": true,
    "motion_state": true,
    "pose": [
      [
        0.7074386004224319,
        -0.7065834431780111,
        0.01644580369143411,
        -63.58891106318674
      ],
      [
        0.706482753134413,
        0.7076236684161599,
        0.012282647144524135,
        16.52728061761627
      ],
      [
        -0.020316155048903054,
        0.002929457964027728,
        0.9997893138657094,
        1.0628395240860442
      ],
      [
        0.0,
        0.0,
        0.0,
        1.0
      ]
    ],
    "location": [
      -63.58891106318674,
      16.52728061761627,
      1.0628395240860442
    ],
    "rotation": [
      0.0029300669050749658,
      0.02031755287769552,
      0.7847221377189312
    ]
  },
  {
    "label_id": "U2p8B_zSFJocUfJk_cR9kA",
    "size": [
      2.086183212947191,
      5.130968474483823,
      1.9329169092128993
    ],
    "obj_class": "vehicle",
    "point_num_in_lidar": 80,
    "speed": 7.1241272917137115,
    "if_vehicle": true,
    "motion_state": true,
    "pose": [
      [
        0.711594267359349,
        -0.7023981308362474,
        0.01644580369143411,
        -64.51902944259427
      ],
      [
        0.7022963508704781,
        0.7117787381856341,
        0.012282647144524135,
        3.613392278282845
      ],
      [
        -0.020333081795972534,
        0.00280956662358536,
        0.9997893138657094,
        1.0406728523331097
      ],
      [
        0.0,
        0.0,
        0.0,
        1.0
      ]
    ],
    "location": [
      -64.51902944259427,
      3.613392278282845,
      1.0406728523331097
    ],
    "rotation": [
      0.0028101512878237764,
      0.020334483121984676,
      0.7788221366936542
    ]
  },
  {
    "label_id": "UwPT8c60uheFPJfNDq3Ykw",
    "size": [
      1.5806352045828924,
      4.331119770318755,
      1.412534573024331
    ],
    "obj_class": "vehicle",
    "point_num_in_lidar": 42,
    "speed": 0.014142582188358921,
    "if_vehicle": true,
    "motion_state": false,
    "pose": [
      [
        -0.6819512832279386,
        -0.731212679625231,
        0.01644580369143411,
        -72.46792613435173
      ],
      [
        0.73139419218483,
        -0.6818443167009778,
        0.012282647144524135,
        54.74546967119022
      ],
      [
        0.002232250449145622,
        0.020404532287370953,
        0.9997893138657094,
        1.2295267846336841
      ],
      [
        0.0,
        0.0,
        0.0,
        1.0
      ]
    ],
    "location": [
      -72.46792613435173,
      54.74546967119022,
      1.2295267846336841
    ],
    "rotation": [
      0.02040599928807593,
      -0.002232252303012224,
      2.321225860681243
    ]
  },
  {
    "label_id": "WkuuNxUfsNcZQTemPqZG0A",
    "size": [
      1.69999103128642,
      4.453167383139791,
      1.5278147229951173
    ],
    "obj_class": "vehicle",
    "point_num_in_lidar": 115,
    "speed": 0.013786237833599396,
    "if_vehicle": true,
    "motion_state": false,
    "pose": [
      [
        0.6856305524600244,
        -0.7277638910211915,
        0.01644580369143411,
        -65.13047123610647
      ],
      [
        0.7276688738257412,
        0.685818596018146,
        0.012282647144524135,
        23.999665321482098
      ],
      [
        -0.020217705075988593,
        0.003545741303933452,
        0.9997893138657094,
        0.9448298285796781
      ],
      [
        0.0,
        0.0,
        0.0,
        1.0
      ]
    ],
    "location": [
      -65.13047123610647,
      23.999665321482098,
      0.9448298285796781
    ],
    "rotation": [
      0.0035464736312495935,
      0.02021908267942328,
      0.8151342046838869
    ]
  },
  {
    "label_id": "WlEHwQxLUOF-q1IUwMFeSA",
    "size": [
      1.7846216690568475,
      4.090804423523513,
      1.6600000000000037
    ],
    "obj_class": "vehicle",
    "point_num_in_lidar": 244,
    "speed": 7.761902580476188,
    "if_vehicle": true,
    "motion_state": true,
    "pose": [
      [
        0.7125851849246828,
        -0.7013928212968809,
        0.01644580369143411,
        -55.90692193766802
      ],
      [
        0.7012907810016117,
        0.712769511876927,
        0.012282647144524135,
        15.635340744882342
      ],
      [
        -0.020337028003259112,
        0.002780858128119655,
        0.9997893138657094,
        1.0656189549192518
      ],
      [
        0.0,
        0.0,
        0.0,
        1.0
      ]
    ],
    "location": [
      -55.90692193766802,
      15.635340744882342,
      1.0656189549192518
    ],
    "rotation": [
      0.0027814369670491608,
      0.02033843014543127,
      0.7774100767731342
    ]
  },
  {
    "label_id": "YC3_X2Acqy93ylt39sAhfw",
    "size": [
      2.126374422685749,
      4.678871084775954,
      1.740000000000002
    ],
    "obj_class": "vehicle",
    "point_num_in_lidar": 799,
    "speed": 8.3441624689532,
    "if_vehicle": true,
    "motion_state": true,
    "pose": [
      [
        0.7174859718885344,
        -0.696378787502971,
        0.01644580369143411,
        -43.094913934321085
      ],
      [
        0.6962754571790709,
        0.717669578782046,
        0.012282647144524135,
        24.304612321020613
      ],
      [
        -0.020356027933794277,
        0.002638182460077705,
        0.9997893138657094,
        1.1205002463785334
      ],
      [
        0.0,
        0.0,
        0.0,
        1.0
      ]
    ],
    "location": [
      -43.094913934321085,
      24.304612321020613,
      1.1205002463785334
    ],
    "rotation": [
      0.0026387322812379934,
      0.02035743400999525,
      0.770396393589959
    ]
  },
  {
    "label_id": "Yu9T0CbqX3V1hXpU4AZnkA",
    "size": [
      1.880015237335648,
      4.5456553702554165,
      1.5399999999999991
    ],
    "obj_class": "vehicle",
    "point_num_in_lidar": 165,
    "speed": 7.877724422139988,
    "if_vehicle": true,
    "motion_state": true,
    "pose": [
      [
        0.7029595367927214,
        -0.7110396790426717,
        0.01644580369143411,
        -55.84913570348658
      ],
      [
        0.7109401604641399,
        0.7031452373573659,
        0.012282647144524135,
        11.518607315998452
      ],
      [
        -0.020297238023582905,
        0.0030577783680467816,
        0.9997893138657094,
        0.9235701968642545
      ],
      [
        0.0,
        0.0,
        0.0,
        1.0
      ]
    ],
    "location": [
      -55.84913570348658,
      11.518607315998452,
      0.9235701968642545
    ],
    "rotation": [
      0.003058413199252695,
      0.02029863195083793,
      0.7910425092701544
    ]
  },
  {
    "label_id": "cGy-7JZfWzadYOxbpSdAYQ",
    "size": [
      0.9696665606995636,
      0.9278091775285798,
      1.9399999999999977
    ],
    "obj_class": "pedestrian",
    "point_num_in_lidar": 329,
    "speed": 1.1283448988562705,
    "if_vehicle": false,
    "motion_state": true,
    "pose": [
      [
        0.3613601794131781,
        -0.9322812645738509,
        0.01644580369143411,
        -28.235688758304264
      ],
      [
        0.9322639960806687,
        0.361570156665102,
        0.012282647144524135,
        22.37173112013079
      ],
      [
        -0.0173971936294067,
        0.01089337109232057,
        0.9997893138657094,
        1.1268107138124464
      ],
      [
        0.0,
        0.0,
        0.0,
        1.0
      ]
    ],
    "location": [
      -28.235688758304264,
      22.37173112013079,
      1.1268107138124464
    ],
    "rotation": [
      0.010895235527224417,
      0.017398071328192957,
      1.201011430118941
    ]
  },
  {
    "label_id": "cv9oyKZbR5OEysJKx0Ipiw",
    "size": [
      1.4535229738680226,
      0.1300954602712818,
      0.4602476787440821
    ],
    "obj_class": "sign",
    "point_num_in_lidar": 79,
    "speed": 0.005775190452572103,
    "if_vehicle": false,
    "motion_state": false,
    "pose": [
      [
        0.5336845008384155,
        -0.8455237365714781,
        0.01644580369143411,
        -36.24866616933855
      ],
      [
        0.8454664618694279,
        0.5338872525478715,
        0.012282647144524135,
        9.935897185678186
      ],
      [
        -0.019165474657388437,
        0.007349317049296219,
        0.9997893138657094,
        0.782773118773008
      ],
      [
        0.0,
        0.0,
        0.0,
        1.0
      ]
    ],
    "location": [
      -36.24866616933855,
      9.935897185678186,
      0.782773118773008
    ],
    "rotation": [
      0.007350733377180625,
      0.019166648147092357,
      1.0077289529331934
    ]
  },
  {
    "label_id": "eqtBmTwRgy_EzvD2hRrPgw",
    "size": [
      0.9945838042625235,
      0.12124330171716347,
      0.9600000000000009
    ],
    "obj_class": "sign",
    "point_num_in_lidar": 25,
    "speed": 0.0001594934965594235,
    "if_vehicle": false,
    "motion_state": false,
    "pose": [
      [
        0.4422560262886528,
        -0.89673805693319,
        0.01644580369143411,
        -55.84766323138956
      ],
      [
        0.8967023179314015,
        0.4424636590676966,
        0.012282647144524135,
        2.182466650754577
      ],
      [
        -0.018290987611997534,
        0.009314915571910852,
        0.9997893138657094,
        2.0688565593424713
      ],
      [
        0.0,
        0.0,
        0.0,
        1.0
      ]
    ],
    "location": [
      -55.84766323138956,
      2.182466650754577,
      2.0688565593424713
    ],
    "rotation": [
      0.00931660894159392,
      0.018292007671740898,
      1.1126013093933573
    ]
  },
  {
    "label_id": "fGU9Sr0Kb4t6a-Bm1yxzCA",
    "size": [
      2.25111699246598,
      4.929714534152837,
      1.509999999999998
    ],
    "obj_class": "vehicle",
    "point_num_in_lidar": 70,
    "speed": 3.2589359074182127,
    "if_vehicle": true,
    "motion_state": true,
    "pose": [
      [
        0.607908671759795,
        -0.7938366219444556,
        0.01644580369143411,
        -56.88363213582102
      ],
      [
        0.793761259446819,
        0.6081054181476457,
        0.012282647144524135,
        29.358901418665482
      ],
      [
        -0.019751197448298383,
        0.005587314139405977,
        0.9997893138657094,
        0.8818263810584952
      ],
      [
        0.0,
        0.0,
        0.0,
        1.0
      ]
    ],
    "location": [
      -56.88363213582102,
      29.358901418665482,
      0.8818263810584952
    ],
    "rotation": [
      0.005588433379675747,
      0.01975248186307258,
      0.9172229011408263
    ]
  },
  {
    "label_id": "fm4vUhcFchzvNSDaSv-h3Q",
    "size": [
      2.0753022216049666,
      4.447160908047483,
      1.5899999999999963
    ],
    "obj_class": "vehicle",
    "point_num_in_lidar": 113,
    "speed": 5.3290705182007514e-14,
    "if_vehicle": true,
    "motion_state": false,
    "pose": [
      [
        0.4169120723835828,
        -0.9087980300604579,
        0.01644580369143411,
        -49.95175581959563
      ],
      [
        0.908768132991791,
        0.41712062648320064,
        0.012282647144524135,
        -1.1964104116359522
      ],
      [
        -0.01802232946766197,
        0.009824638440834225,
        0.9997893138657094,
        1.3387872537513843
      ],
      [
        0.0,
        0.0,
        0.0,
        1.0
      ]
    ],
    "location": [
      -49.95175581959563,
      -1.1964104116359522,
      1.3387872537513843
    ],
    "rotation": [
      0.009826392507670952,
      0.018023305232151413,
      1.1406764137186132
    ]
  },
  {
    "label_id": "gpjixMPWFS6iGvBmsDByCw",
    "size": [
      1.9570612401670215,
      4.52179090021459,
      1.490000000000002
    ],
    "obj_class": "vehicle",
    "point_num_in_lidar": 172,
    "speed": 3.7395043627056985,
    "if_vehicle": true,
    "motion_state": true,
    "pose": [
      [
        0.6997794721990859,
        -0.7141696057868269,
        0.01644580369143411,
        -64.08347527939725
      ],
      [
        0.7140709169011746,
        0.6999656150233661,
        0.012282647144524135,
        21.297579372954715
      ],
      [
        -0.020283390364651713,
        0.003148325785116367,
        0.9997893138657094,
        0.8833567512589511
      ],
      [
        0.0,
        0.0,
        0.0,
        1.0
      ]
    ],
    "location": [
      -64.08347527939725,
      21.297579372954715,
      0.8833567512589511
    ],
    "rotation": [
      0.003148978824947933,
      0.020284781440507382,
      0.7955059924142364
    ]
  },
  {
    "label_id": "kt38cGopRoo7r_UIYR3sFw",
    "size": [
      0.7165647637070304,
      1.15292320642138,
      1.8846460176991258
    ],
    "obj_class": "pedestrian",
    "point_num_in_lidar": 327,
    "speed": 1.5194592045973052,
    "if_vehicle": false,
    "motion_state": true,
    "pose": [
      [
        0.35718778746677543,
        -0.9338877984134564,
        0.01644580369143411,
        -25.544177336844655
      ],
      [
        0.9338714690250143,
        0.3573978398370439,
        0.012282647144524135,
        30.202807211046093
      ],
      [
        -0.017348309014191602,
        0.010971055294828887,
        0.9997893138657094,
        1.0731942193092792
      ],
      [
        0.0,
        0.0,
        0.0,
        1.0
      ]
    ],
    "location": [
      -25.544177336844655,
      30.202807211046093,
      1.0731942193092792
    ],
    "rotation": [
      0.0109729268110727,
      0.01734917933430903,
      1.2054834422328253
    ]
  },
  {
    "label_id": "l3xS3YkgkvGjtw43tFm6rQ",
    "size": [
      2.3695743119442527,
      5.118608991722786,
      1.8900000000000006
    ],
    "obj_class": "vehicle",
    "point_num_in_lidar": 338,
    "speed": 1.7056726000188582e-12,
    "if_vehicle": true,
    "motion_state": false,
    "pose": [
      [
        0.28127368766529337,
        -0.9594866586712448,
        0.01644580369143411,
        -48.90372994643894
      ],
      [
        0.9594871985989516,
        0.28148437310774344,
        0.012282647144524135,
        -8.654192696061727
      ],
      [
        -0.01641427281067371,
        0.012324752655970519,
        0.9997893138657094,
        1.8758094929751863
      ],
      [
        0.0,
        0.0,
        0.0,
        1.0
      ]
    ],
    "location": [
      -48.90372994643894,
      -8.654192696061727,
      1.8758094929751863
    ],
    "rotation": [
      0.012326725478619438,
      0.01641500997846531,
      1.2856357085098142
    ]
  },
  {
    "label_id": "m7Zig1vxyIMbVf23v0kejQ",
    "size": [
      1.9549620465079272,
      4.652521910785289,
      1.5
    ],
    "obj_class": "vehicle",
    "point_num_in_lidar": 113,
    "speed": 8.91595011187466,
    "if_vehicle": true,
    "motion_state": true,
    "pose": [
      [
        0.712957651911886,
        -0.7010142096428807,
        0.01644580369143411,
        -26.25635551820858
      ],
      [
        0.7009120714507756,
        0.7131419246361177,
        0.012282647144524135,
        45.700376041510026
      ],
      [
        -0.020338502277038057,
        0.0027700550646137345,
        0.9997893138657094,
        1.084636552243225
      ],
      [
        0.0,
        0.0,
        0.0,
        1.0
      ]
    ],
    "location": [
      -26.25635551820858,
      45.700376041510026,
      1.084636552243225
    ],
    "rotation": [
      0.002770631710277721,
      0.020339904724202853,
      0.7768787865137121
    ]
  },
  {
    "label_id": "mShdQlwq1vFW4EzzyC_VbA",
    "size": [
      1.8359970286195006,
      4.395001319836361,
      1.4400000000000048
    ],
    "obj_class": "vehicle",
    "point_num_in_lidar": 383,
    "speed": 9.515258892933131,
    "if_vehicle": true,
    "motion_state": true,
    "pose": [
      [
        0.6995885901138842,
        -0.7143565917127178,
        0.01644580369143411,
        -32.977627344627535
      ],
      [
        0.7142579525760265,
        0.6997747593054682,
        0.012282647144524135,
        43.50780927071719
      ],
      [
        -0.02028254827113049,
        0.0031537462744070204,
        0.9997893138657094,
        1.1391100194876884
      ],
      [
        0.0,
        0.0,
        0.0,
        1.0
      ]
    ],
    "location": [
      -32.977627344627535,
      43.50780927071719,
      1.1391100194876884
    ],
    "rotation": [
      0.0031544004026474795,
      0.020283939173714544,
      0.7957732894545417
    ]
  },
  {
    "label_id": "p_-q0upnS--pDSRP2-WGZQ",
    "size": [
      1.9018685744861614,
      4.648856578040061,
      1.7800000000000011
    ],
    "obj_class": "vehicle",
    "point_num_in_lidar": 118,
    "speed": 8.553005542754796,
    "if_vehicle": true,
    "motion_state": true,
    "pose": [
      [
        0.7192838457916176,
        -0.6945216229349258,
        0.01644580369143411,
        -46.539333884474104
      ],
      [
        0.6944178182976145,
        0.7194671849430693,
        0.012282647144524135,
        25.578226147963505
      ],
      [
        -0.020362780114754363,
        0.002585549444941778,
        0.9997893138657094,
        1.1543064888077268
      ],
      [
        0.0,
        0.0,
        0.0,
        1.0
      ]
    ],
    "location": [
      -46.539333884474104,
      25.578226147963505,
      1.1543064888077268
    ],
