[
  {
    "label_id": "2m4G_1FvlVHMqTBFExLTsQ",
    "size": [
      2.372979844070153,
      6.136064268284593,
      2.1000000000000014
    ],
    "obj_class": "vehicle",
    "point_num_in_lidar": 127,
    "speed": 3.4026715448051763,
    "if_vehicle": true,
    "motion_state": true,
    "pose": [
      [
        0.716078651426847,
        -0.6977962446052485,
        0.017656896259548936,
        -66.36214191016745
      ],
      [
        0.6977333319048039,
        0.7162803210448715,
        0.010521370294619876,
        18.689724814583315
      ],
      [
        -0.01998906000113267,
        0.004785676406538659,
        0.9997887450764802,
        1.255474747474743
      ],
      [
        0.0,
        0.0,
        0.0,
        1.0
      ]
    ],
    "location": [
      -66.36214191016745,
      18.689724814583315,
      1.255474747474743
    ],
    "rotation": [
      0.004786651060235273,
      0.019990391387064103,
      0.7724231071411486
    ]
  },
  {
    "label_id": "3plNn4EcFthBCzoPgxogzQ",
    "size": [
      0.7108828532898167,
      0.7730393517247112,
      1.1052173913043362
    ],
    "obj_class": "pedestrian",
    "point_num_in_lidar": 246,
    "speed": 1.2285337740216231,
    "if_vehicle": false,
    "motion_state": true,
    "pose": [
      [
        0.568379316870177,
        -0.8225771612248122,
        0.017656896259548936,
        -27.560107654781064
      ],
      [
        0.822554241661351,
        0.5685893248136508,
        0.010521370294619876,
        23.146798255460453
      ],
      [
        -0.01869416163166509,
        0.008543625652272202,
        0.9997887450764802,
        0.729705506622615
      ],
      [
        0.0,
        0.0,
        0.0,
        1.0
      ]
    ],
    "location": [
      -27.560107654781064,
      23.146798255460453,
      0.729705506622615
    ],
    "rotation": [
      0.008545222917448225,
      0.01869525064961103,
      0.9661408649564329
    ]
  },
  {
    "label_id": "5zhamXYExjfy-r5noa4I-w",
    "size": [
      2.3211440729211907,
      5.242010731245653,
      2.1488031328796637
    ],
    "obj_class": "vehicle",
    "point_num_in_lidar": 5886,
    "speed": 0.0018659415118688042,
    "if_vehicle": true,
    "motion_state": false,
    "pose": [
      [
        -0.7152646305373189,
        -0.6986306193667668,
        0.017656896259548936,
        -23.16237119443963
      ],
      [
        0.6988337809146133,
        -0.715206716565015,
        0.010521370294619876,
        13.876767645409927
      ],
      [
        0.0052777793530037025,
        0.019864799608805283,
        0.9997887450764802,
        1.2538525119113757
      ],
      [
        0.0,
        0.0,
        0.0,
        1.0
      ]
    ],
    "location": [
      -23.16237119443963,
      13.876767645409927,
      1.2538525119113757
    ],
    "rotation": [
      0.01986638304342578,
      -0.0052778038553618085,
      2.3678132786128185
    ]
  },
  {
    "label_id": "68xsQWcIHjMMfTHtOcaoIw",
    "size": [
      1.0573433360676205,
      0.09741873349442347,
      0.4299999999999997
    ],
    "obj_class": "sign",
    "point_num_in_lidar": 31,
    "speed": 0.00409511023662828,
    "if_vehicle": false,
    "motion_state": false,
    "pose": [
      [
        0.6687386816756428,
        0.7432878376814751,
        0.017656896259548936,
        -57.39369647975866
      ],
      [
        -0.7434868431318008,
        0.668667791101854,
        0.010521370294619876,
        37.01252489888975
      ],
      [
        -0.003986191243853063,
        -0.020163717359763102,
        0.9997887450764802,
        3.1385341594014307
      ],
      [
        0.0,
        0.0,
        0.0,
        1.0
      ]
    ],
    "location": [
      -57.39369647975866,
      37.01252489888975,
      3.1385341594014307
    ],
    "rotation": [
      -0.020165244187783076,
      0.003986201800506089,
      -0.8382781563937761
    ]
  },
  {
    "label_id": "6hxt5zygbQRvmtThpAKlzg",
    "size": [
      2.093348385265854,
      5.475322394370159,
      1.8000000000000043
    ],
    "obj_class": "vehicle",
    "point_num_in_lidar": 348,
    "speed": 0.0037193505041856123,
    "if_vehicle": true,
    "motion_state": false,
    "pose": [
      [
        0.3226965852160161,
        -0.9463377557217095,
        0.017656896259548936,
        -46.57824659184871
      ],
      [
        0.9463729352268777,
        0.32290489038908554,
        0.010521370294619876,
        -2.0641538379150006
      ],
      [
        -0.015658268103028738,
        0.01331479847427874,
        0.9997887450764802,
        1.5008287171853212
      ],
      [
        0.0,
        0.0,
        0.0,
        1.0
      ]
    ],
    "location": [
      -46.57824659184871,
      -2.0641538379150006,
      1.5008287171853212
    ],
    "rotation": [
      0.013316824637305637,
      0.015658908026213097,
      1.2421774147482723
    ]
  },
  {
    "label_id": "7VCe0--NDlntifOpFryrQg",
    "size": [
      0.6912153101376082,
      1.066362559770647,
      1.7299999999999969
    ],
    "obj_class": "pedestrian",
    "point_num_in_lidar": 594,
    "speed": 1.0734586804926465,
    "if_vehicle": false,
    "motion_state": true,
    "pose": [
      [
        0.444513886708521,
        -0.8955979223612366,
        0.017656896259548936,
        -26.372776679184994
      ],
      [
        0.8956053627257723,
        0.44472501056716074,
        0.010521370294619876,
        25.086920426128927
      ],
      [
        -0.017275380751865955,
        0.011136715775983599,
        0.9997887450764802,
        1.0593646436941668
      ],
      [
        0.0,
        0.0,
        0.0,
        1.0
      ]
    ],
    "location": [
      -26.372776679184994,
      25.086920426128927,
      1.0593646436941668
    ],
    "rotation": [
      0.011138608285790861,
      0.017276240141211045,
      1.1100907484428588
    ]
  },
  {
    "label_id": "8hZwpu_QOehwpCU39N1TMA",
    "size": [
      1.0352487740629512,
      2.0287232664821753,
      1.3900000000000006
    ],
    "obj_class": "vehicle",
    "point_num_in_lidar": 1245,
    "speed": 0.0034319672037526664,
    "if_vehicle": true,
    "motion_state": false,
    "pose": [
      [
        -0.8278957178575737,
        0.5606040620327082,
        0.017656896259548936,
        -18.877079864485836
      ],
      [
        -0.560506576434773,
        -0.8280831350417018,
        0.010521370294619876,
        25.249090621844516
      ],
      [
        0.020519700935027557,
        -0.0011862090599940496,
        0.9997887450764802,
        0.7742828296978246
      ],
      [
        0.0,
        0.0,
        0.0,
        1.0
      ]
    ],
    "location": [
      -18.877079864485836,
      25.249090621844516,
      0.7742828296978246
    ],
    "rotation": [
      -0.0011864591487276979,
      -0.020521141205746423,
      -2.5464527419377836
    ]
  },
  {
    "label_id": "9GOp9QAQoR3n_l4KYwu1hQ",
    "size": [
      0.8074269342862682,
      0.08924921455650353,
      0.7712386422860718
    ],
    "obj_class": "sign",
    "point_num_in_lidar": 95,
    "speed": 0.0014568758660165888,
    "if_vehicle": false,
    "motion_state": false,
    "pose": [
      [
        0.7967628217585914,
        0.6040341380069232,
        0.017656896259548936,
        -30.38764327953197
      ],
      [
        -0.6042429336240721,
        0.7967306809283163,
        0.010521370294619876,
        10.038390660658479
      ],
      [
        -0.007712524143388702,
        -0.019052091479274107,
        0.9997887450764802,
        2.90072750359203
      ],
      [
        0.0,
        0.0,
        0.0,
        1.0
      ]
    ],
    "location": [
      -30.38764327953197,
      10.038390660658479,
      2.90072750359203
    ],
    "rotation": [
      -0.01905381102877009,
      0.0077126006061512065,
      -0.6488379466984253
    ]
  },
  {
    "label_id": "AMadp0L1pJzOnnBOXCTnTQ",
    "size": [
      1.8919297222542857,
      4.847085383399303,
      1.4399999999999977
    ],
    "obj_class": "vehicle",
    "point_num_in_lidar": 63,
    "speed": 1.7053950819000347e-12,
    "if_vehicle": true,
    "motion_state": false,
    "pose": [
      [
        0.6999948411209708,
        -0.7139295878575886,
        0.017656896259548936,
        -90.2387501097345
      ],
      [
        0.7138712861398946,
        0.7001978917363978,
        0.010521370294619876,
        -0.9347556477805483
      ],
      [
        -0.019874839093679496,
        0.005239846314285551,
        0.9997887450764802,
        0.7738743222787505
      ],
      [
        0.0,
        0.0,
        0.0,
        1.0
      ]
    ],
    "location": [
      -90.2387501097345,
      -0.9347556477805483,
      0.7738743222787505
    ],
    "rotation": [
      0.005240905506845364,
      0.01987614778379576,
      0.7952123878326643
    ]
  },
  {
    "label_id": "EgtFEsx4l9DBrLJkyWWFvw",
    "size": [
      0.9646012918192974,
      0.8322323455397932,
      1.8800000000000026
    ],
    "obj_class": "pedestrian",
    "point_num_in_lidar": 28,
    "speed": 0.0343897313208675,
    "if_vehicle": false,
    "motion_state": false,
    "pose": [
      [
        0.7052966000111983,
        0.7086924156692543,
        0.017656896259548936,
        -59.72840563649572
      ],
      [
        -0.7088947364684988,
        0.7052358140185317,
        0.010521370294619876,
        31.485384675519526
      ],
      [
        -0.004995860276398867,
        -0.019937567517018782,
        0.9997887450764802,
        1.0328364127315766
      ],
      [
        0.0,
        0.0,
        0.0,
        1.0
      ]
    ],
    "location": [
      -59.72840563649572,
      31.485384675519526,
      1.0328364127315766
    ],
    "rotation": [
      -0.01993913750033613,
      0.004995881058261897,
      -0.7879424645824017
    ]
  },
  {
    "label_id": "F7Bt39aSBBq_9EfdYbJu_g",
    "size": [
      0.9771451001696192,
      0.10328031173047941,
      0.937241433467932
    ],
    "obj_class": "sign",
    "point_num_in_lidar": 124,
    "speed": 0.007212606985723096,
    "if_vehicle": false,
    "motion_state": false,
    "pose": [
      [
        0.10207652103975653,
        -0.994619835850311,
        0.017656896259548936,
        -37.95310383876597
      ],
      [
        0.994700868169876,
        0.1022716169287375,
        0.010521370294619876,
        4.2347756297422166
      ],
      [
        -0.012270562925762207,
        0.016489345162312926,
        0.9997887450764802,
        1.9382275922876886
      ],
      [
        0.0,
        0.0,
        0.0,
        1.0
      ]
    ],
    "location": [
      -37.95310383876597,
      4.2347756297422166,
      1.9382275922876886
    ],
    "rotation": [
      0.016491334174094614,
      0.012270870869684907,
      1.4685339771408012
    ]
  },
  {
    "label_id": "HA5PLwFMuobFWkWpC5lNrg",
    "size": [
      2.0717866709386206,
      4.6109109994821855,
      1.8599999999999994
    ],
    "obj_class": "vehicle",
    "point_num_in_lidar": 544,
    "speed": 0.005055022687496845,
    "if_vehicle": true,
    "motion_state": false,
    "pose": [
      [
        0.3460075853842497,
        -0.9380655546767723,
        0.017656896259548936,
        -40.03372741785495
      ],
      [
        0.9380955705292933,
        0.34621669705611147,
        0.010521370294619876,
        7.67228779996185
      ],
      [
        -0.01598284736462575,
        0.012923382239803107,
        0.9997887450764802,
        1.0293359712790107
      ],
      [
        0.0,
        0.0,
        0.0,
        1.0
      ]
    ],
    "location": [
      -40.03372741785495,
      7.67228779996185,
      1.0293359712790107
    ],
    "rotation": [
      0.012925393099710813,
      0.01598352791634241,
      1.21743672151039
    ]
  },
  {
    "label_id": "IXOFIGIoE_Axs4Lvc4Rteg",
    "size": [
      1.2165606554994326,
      1.2453114029931163,
      1.8999999999999986
    ],
    "obj_class": "pedestrian",
    "point_num_in_lidar": 38,
    "speed": 1.3555784598054037,
    "if_vehicle": false,
    "motion_state": true,
    "pose": [
      [
        -0.9343109202412864,
        -0.35602154194986607,
        0.017656896259548936,
        -64.59185959094577
      ],
      [
        0.3562309627152515,
        -0.9343386976734339,
        0.010521370294619876,
        43.86808686582299
      ],
      [
        0.012751686980385795,
        0.01612016431526807,
        0.9997887450764802,
        1.3011909762759188
      ],
      [
        0.0,
        0.0,
        0.0,
        1.0
      ]
    ],
    "location": [
      -64.59185959094577,
      43.86808686582299,
      1.3011909762759188
    ],
    "rotation": [
      0.01612217350449509,
      -0.012752032588125886,
      2.7773305307179497
    ]
  },
  {
    "label_id": "IwWISx28NLErylVGWpUHvQ",
    "size": [
      2.9891074923896994,
      13.851028361303396,
      4.359999999999957
    ],
    "obj_class": "vehicle",
    "point_num_in_lidar": 686,
    "speed": 3.1264385016200963e-12,
    "if_vehicle": true,
    "motion_state": false,
    "pose": [
      [
        -0.008494137700791864,
        -0.9998080233920908,
        0.017656896259548936,
        -51.91494346469358
      ],
      [
        0.999910124986378,
        -0.008309194717266141,
        0.010521370294619876,
        -20.56836624178868
      ],
      [
        -0.010372635848516998,
        0.01774467931384061,
        0.9997887450764802,
        3.6403842217051476
      ],
      [
        0.0,
        0.0,
        0.0,
        1.0
      ]
    ],
    "location": [
      -51.91494346469358,
      -20.56836624178868,
      3.6403842217051476
    ],
    "rotation": [
      0.017746565484157917,
      0.010372821858893405,
      1.5792910236437303
    ]
  },
  {
    "label_id": "JpL6P0gAOoixkeBIrZJTfg",
    "size": [
      2.013886120241797,
      4.439900271844769,
      1.8999999999999986
    ],
    "obj_class": "vehicle",
    "point_num_in_lidar": 112,
    "speed": 0.022204602372579273,
    "if_vehicle": true,
    "motion_state": false,
    "pose": [
      [
        0.3352440017137371,
        -0.9419658663292632,
        0.017656896259548936,
        -44.086475926127605
      ],
      [
        0.9419982745541094,
        0.33545275599434876,
        0.010521370294619876,
        5.934926236732281
      ],
      [
        -0.015833826197114584,
        0.013105539529395598,
        0.9997887450764802,
        1.1372017021384977
      ],
      [
        0.0,
        0.0,
        0.0,
        1.0
      ]
    ],
    "location": [
      -44.086475926127605,
      5.934926236732281,
      1.1372017021384977
    ],
    "rotation": [
      0.013107558011115709,
      0.01583448788833397,
      1.228887505017171
    ]
  },
  {
    "label_id": "OBunr8MDJUw4r1wEt-KEgw",
    "size": [
      1.9855224064854928,
      4.485896431860159,
      1.3100000000000023
    ],
    "obj_class": "vehicle",
    "point_num_in_lidar": 27,
    "speed": 2.864289338439558e-13,
    "if_vehicle": true,
    "motion_state": false,
    "pose": [
      [
        0.7194794777360827,
        -0.6942892157675311,
        0.017656896259548936,
        -77.82543886097585
      ],
      [
        0.6942253184772956,
        0.7196808375608043,
        0.010521370294619876,
        11.795438802271747
      ],
      [
        -0.020012203819447842,
        0.004687954424464888,
        0.9997887450764802,
        0.6012395325011326
      ],
      [
        0.0,
        0.0,
        0.0,
        1.0
      ]
    ],
    "location": [
      -77.82543886097585,
      11.795438802271747,
      0.6012395325011326
    ],
    "rotation": [
      0.0046889106235974715,
      0.020013539835825225,
      0.7675362494345448
    ]
  },
  {
    "label_id": "R02j7hrIj7vZK3LuWkAaDQ",
    "size": [
      0.8959697064606246,
      0.1253559028273384,
      0.930247678744081
    ],
    "obj_class": "sign",
    "point_num_in_lidar": 252,
    "speed": 0.0020201004764692845,
    "if_vehicle": false,
    "motion_state": false,
    "pose": [
      [
        -0.4797568987588688,
        0.8772237753890122,
        0.017656896259548936,
        -36.24067580389362
      ],
      [
        -0.8772228190691873,
        -0.47996815151781824,
        0.010521370294619876,
        9.905632887261163
      ],
      [
        0.017704344031349833,
        -0.01044133232957319,
        0.9997887450764802,
        2.6826730857940504
      ],
      [
        0.0,
        0.0,
        0.0,
        1.0
      ]
    ],
    "location": [
      -36.24067580389362,
      9.905632887261163,
      2.6826730857940504
    ],
    "rotation": [
      -0.010443158919820464,
      -0.017705269047966907,
      -2.0712596652216875
    ]
  },
  {
    "label_id": "Tc_grduMpPFzotyj6WiPYw",
    "size": [
      0.8046151891177855,
      0.889443332664063,
      1.7230060925525095
    ],
    "obj_class": "pedestrian",
    "point_num_in_lidar": 383,
    "speed": 1.2688135122957325,
    "if_vehicle": false,
    "motion_state": true,
    "pose": [
      [
        0.3494546824218838,
        -0.9367868802176406,
        0.017656896259548936,
        -27.802812123832382
      ],
      [
        0.9368161269258715,
        0.3496639030536796,
        0.010521370294619876,
        22.11061217331735
      ],
      [
        -0.016030260915839308,
        0.012864523052453109,
        0.9997887450764802,
        1.0601442700033985
      ],
      [
        0.0,
        0.0,
        0.0,
        1.0
      ]
    ],
    "location": [
      -27.802812123832382,
      22.11061217331735,
      1.0601442700033985
    ],
    "rotation": [
      0.012866531265609561,
      0.01603094754263546,
      1.2137593673942322
    ]
  },
  {
    "label_id": "U1dH0uDhaeGUHpknIe9pRQ",
    "size": [
      1.9809537790345988,
      4.634512657984047,
      1.75
    ],
    "obj_class": "vehicle",
    "point_num_in_lidar": 394,
    "speed": 11.526588254062633,
    "if_vehicle": true,
    "motion_state": true,
    "pose": [
      [
        0.7009908770262522,
        -0.7129516283314355,
        0.017656896259548936,
        -43.33722209035045
      ],
      [
        0.7128930431913143,
        0.7011938460486874,
        0.010521370294619876,
        36.926475494714396
      ],
      [
        -0.01988213508134304,
        0.005212093917439631,
        0.9997887450764802,
        1.255307081569427
      ],
      [
        0.0,
        0.0,
        0.0,
        1.0
      ]
    ],
    "location": [
      -43.33722209035045,
      36.926475494714396,
      1.255307081569427
    ],
    "rotation": [
      0.005213148004330928,
      0.01988344521340694,
      0.7938160291518714
    ]
  },
  {
    "label_id": "U2p8B_zSFJocUfJk_cR9kA",
    "size": [
      2.086183212946865,
      5.130968474483823,
      1.9329169092128993
    ],
    "obj_class": "vehicle",
    "point_num_in_lidar": 382,
    "speed": 7.509928361112591,
    "if_vehicle": true,
    "motion_state": true,
    "pose": [
      [
        0.7102659938604159,
        -0.7037119097897627,
        0.017656896259548936,
        -49.70617999458386
      ],
      [
        0.7036506720462732,
        0.7104681783837694,
        0.010521370294619876,
        18.497452731387966
      ],
      [
        -0.019948676505065155,
        0.004951315390201292,
        0.9997887450764802,
        1.1566189277726409
      ],
      [
        0.0,
        0.0,
        0.0,
        1.0
      ]
    ],
    "location": [
      -49.70617999458386,
      18.497452731387966,
      1.1566189277726409
    ],
    "rotation": [
      0.004952321114550586,
      0.019949999837010474,
      0.780719476383186
    ]
  },
  {
    "label_id": "WkuuNxUfsNcZQTemPqZG0A",
    "size": [
      1.6999910312863187,
      4.453167383139791,
      1.5278147229951173
    ],
    "obj_class": "vehicle",
    "point_num_in_lidar": 192,
    "speed": 0.010119283262459157,
    "if_vehicle": true,
    "motion_state": false,
    "pose": [
      [
        0.6816435141059826,
        -0.7314713621815463,
        0.017656896259548936,
        -65.10105237420066
      ],
      [
        0.7314182344323608,
        0.6818479794697434,
        0.010521370294619876,
        23.977812345030543
      ],
      [
        -0.019735400099702368,
        0.005742752066879648,
        0.9997887450764802,
        0.9242719034541977
      ],
      [
        0.0,
        0.0,
        0.0,
        1.0
      ]
    ],
    "location": [
      -65.10105237420066,
      23.977812345030543,
      0.9242719034541977
    ],
    "rotation": [
      0.005743902338638616,
      0.019736681434689773,
      0.8206083367460244
    ]
  },
  {
    "label_id": "WlEHwQxLUOF-q1IUwMFeSA",
    "size": [
      1.7846216690559547,
      4.090804423523513,
      1.6600000000000037
    ],
    "obj_class": "vehicle",
    "point_num_in_lidar": 594,
    "speed": 7.332650279185893,
    "if_vehicle": true,
    "motion_state": true,
    "pose": [
      [
        0.6987123211551289,
        -0.715184819665862,
        0.017656896259548936,
        -40.10995125499994
      ],
      [
        0.7151268824863186,
        0.6989154760860017,
        0.010521370294619876,
        31.767642342021645
      ],
      [
        -0.019865402372239258,
        0.0052755101161890946,
        0.9997887450764802,
        1.1858875580045591
      ],
      [
        0.0,
        0.0,
        0.0,
        1.0
      ]
    ],
    "location": [
      -40.10995125499994,
      31.767642342021645,
      1.1858875580045591
    ],
    "rotation": [
      0.005276575858032141,
      0.01986670919889248,
      0.7970075627130649
    ]
  },
  {
    "label_id": "YC3_X2Acqy93ylt39sAhfw",
    "size": [
      2.1263744226854113,
      4.678871084775954,
      1.740000000000002
    ],
    "obj_class": "vehicle",
    "point_num_in_lidar": 1241,
    "speed": 5.038341328113345,
    "if_vehicle": true,
    "motion_state": true,
    "pose": [
      [
        0.7013435362175483,
        -0.7126047138634042,
        0.017656896259548936,
        -29.438328578176197
      ],
      [
        0.7125460283080643,
        0.7015464762291423,
        0.010521370294619876,
        37.77235097352241
      ],
      [
        -0.019884711420278596,
        0.00520225625370614,
        0.9997887450764802,
        1.139503811405426
      ],
      [
        0.0,
        0.0,
        0.0,
        1.0
      ]
    ],
    "location": [
      -29.438328578176197,
      37.77235097352241,
      1.139503811405426
    ],
    "rotation": [
      0.005203308528810396,
      0.019886022061772025,
      0.793321170937786
    ]
  },
  {
    "label_id": "Yu9T0CbqX3V1hXpU4AZnkA",
    "size": [
      1.8800152373340198,
      4.5456553702554165,
      1.5399999999999991
    ],
    "obj_class": "vehicle",
    "point_num_in_lidar": 833,
    "speed": 7.248269402836395,
    "if_vehicle": true,
    "motion_state": true,
    "pose": [
      [
        0.7094898237100329,
        -0.7044944457313953,
        0.017656896259548936,
        -39.24105820845375
      ],
      [
        0.7044334309037327,
        0.709692075616122,
        0.010521370294619876,
        27.92816208173099
      ],
      [
        -0.019943206289420822,
        0.004973302855707509,
        0.9997887450764802,
        0.9754747474747845
      ],
      [
        0.0,
        0.0,
        0.0,
        1.0
      ]
    ],
    "location": [
      -39.24105820845375,
      27.92816208173099,
      0.9754747474747845
    ],
    "rotation": [
      0.004974312684237196,
      0.01994452853290447,
      0.7818220348947917
    ]
  },
  {
    "label_id": "ZmziQnEdI8xuJyU5ilrbOA",
    "size": [
      1.8884170131179283,
      4.729583791090963,
      1.7000000000000028
    ],
    "obj_class": "vehicle",
    "point_num_in_lidar": 20,
    "speed": 1.421529491362787e-12,
    "if_vehicle": true,
    "motion_state": false,
    "pose": [
      [
        0.28135726967813396,
        -0.9594406291239418,
        0.017656896259548936,
        -47.93130332958924
      ],
      [
        0.95948480821935,
        0.2815638534389679,
        0.010521370294619876,
        4.156217756191836
      ],
      [
        -0.015066173885326743,
        0.013981259701975396,
        0.9997887450764802,
        1.0657286521100815
      ],
      [
        0.0,
        0.0,
        0.0,
        1.0
      ]
    ],
    "location": [
      -47.93130332958924,
      4.156217756191836,
      1.0657286521100815
    ],
    "rotation": [
      0.013983302466880112,
      0.015066743921007908,
      1.285554820210267
    ]
  },
  {
    "label_id": "cGy-7JZfWzadYOxbpSdAYQ",
    "size": [
      0.9696665606989002,
      0.9278091775285798,
      1.9399999999999977
    ],
    "obj_class": "pedestrian",
    "point_num_in_lidar": 386,
    "speed": 1.089435795488641,
    "if_vehicle": false,
    "motion_state": true,
    "pose": [
      [
        0.36577142401501683,
        -0.9305372101041992,
        0.017656896259548936,
        -26.948972809649263
      ],
      [
        0.9305627962717287,
        0.3659811237783513,
        0.010521370294619876,
        25.20516104885246
      ],
      [
        -0.01625261729593626,
        0.012582434161513275,
        0.9997887450764802,
        1.1007897278251662
      ],
      [
        0.0,
        0.0,
        0.0,
        1.0
      ]
    ],
    "location": [
      -26.948972809649263,
      25.20516104885246,
      1.1007897278251662
    ],
    "rotation": [
      0.012584428459333614,
      0.016253332895891665,
      1.196282882019662
    ]
  },
  {
    "label_id": "cv9oyKZbR5OEysJKx0Ipiw",
    "size": [
      1.4535229738680215,
      0.1300954602712818,
      0.4602476787440821
    ],
    "obj_class": "sign",
    "point_num_in_lidar": 69,
    "speed": 0.023225945886992685,
    "if_vehicle": false,
    "motion_state": false,
    "pose": [
      [
        0.5336734767507015,
        -0.8455062709568144,
        0.017656896259548936,
        -36.305824600062465
      ],
      [
        0.845492106220537,
        0.5338842562633624,
        0.010521370294619876,
        9.966921772396745
      ],
      [
        -0.01832262349060848,
        0.009313790142492208,
        0.9997887450764802,
        0.7863174365098402
      ],
      [
        0.0,
        0.0,
        0.0,
        1.0
      ]
    ],
    "location": [
      -36.305824600062465,
      9.966921772396745,
      0.7863174365098402
    ],
    "rotation": [
      0.009315488672064862,
      0.01832364885289643,
      1.0077519675123694
    ]
  },
  {
    "label_id": "eqtBmTwRgy_EzvD2hRrPgw",
    "size": [
      0.9945838042625235,
      0.12124330171716347,
      0.9600000000000009
    ],
    "obj_class": "sign",
    "point_num_in_lidar": 45,
    "speed": 0.00015949349030982258,
    "if_vehicle": false,
    "motion_state": false,
    "pose": [
      [
        0.44224689079903157,
        -0.8967195334066662,
        0.017656896259548936,
        -55.84765021245528
      ],
      [
        0.8967275078226025,
        0.44245799516043094,
        0.010521370294619876,
        2.1820202394646913
      ],
      [
        -0.017247153181146026,
        0.011180381278966617,
        0.9997887450764802,
        2.040856487343042
      ],
      [
        0.0,
        0.0,
        0.0,
        1.0
      ]
    ],
    "location": [
      -55.84765021245528,
      2.1820202394646913,
      2.040856487343042
    ],
    "rotation": [
      0.011182277575567253,
      0.01724800836432901,
      1.112620647700408
    ]
  },
  {
    "label_id": "fGU9Sr0Kb4t6a-Bm1yxzCA",
    "size": [
      2.2511169924660166,
      4.929714534152837,
      1.509999999999998
    ],
    "obj_class": "vehicle",
    "point_num_in_lidar": 37,
    "speed": 7.002359668590808,
    "if_vehicle": true,
    "motion_state": true,
    "pose": [
      [
        -0.31366857155282146,
        -0.9493683485531272,
        0.017656896259548936,
        -55.4526392658895
      ],
      [
        0.9495220902040058,
        -0.31352368488160387,
        0.010521370294619876,
        41.8540092946223
      ],
      [
        -0.00445280076225321,
        0.0200658362339739,
        0.9997887450764802,
        1.0113486393107607
      ],
      [
        0.0,
        0.0,
        0.0,
        1.0
      ]
    ],
    "location": [
      -55.4526392658895,
      41.8540092946223,
      1.0113486393107607
    ],
    "rotation": [
      0.0200673819920276,
      0.004452815476987172,
      1.8898537368234665
    ]
  },
  {
    "label_id": "fm4vUhcFchzvNSDaSv-h3Q",
    "size": [
      2.075302221604967,
      4.447160908047483,
      1.5899999999999963
    ],
    "obj_class": "vehicle",
    "point_num_in_lidar": 111,
    "speed": 5.3290705182007514e-14,
    "if_vehicle": true,
    "motion_state": false,
    "pose": [
      [
        0.4169034604129322,
        -0.9087792574163444,
        0.017656896259548936,
        -49.95175581959563
      ],
      [
        0.9087931539835606,
        0.4171142577756552,
        0.010521370294619876,
        -1.1964104116359522
      ],
      [
        -0.01692654626127053,
        0.011660070757163153,
        0.9997887450764802,
        1.3387872537514411
      ],
      [
        0.0,
        0.0,
        0.0,
        1.0
      ]
    ],
    "location": [
      -49.95175581959563,
      -1.1964104116359522,
      1.3387872537514411
    ],
    "rotation": [
      0.011662005809393028,
      0.01692735463056015,
      1.1406946771389657
    ]
  },
  {
    "label_id": "gpjixMPWFS6iGvBmsDByCw",
    "size": [
      1.957061240164981,
      4.52179090021459,
      1.490000000000002
    ],
    "obj_class": "vehicle",
    "point_num_in_lidar": 259,
    "speed": 4.263469868027864,
    "if_vehicle": true,
    "motion_state": true,
    "pose": [
      [
        0.5457410557668527,
        -0.8377678282584982,
        0.017656896259548936,
        -57.19656250703076
      ],
      [
        0.837750642930009,
        0.5459516105274165,
        0.010521370294619876,
        29.414352065188723
      ],
      [
        -0.018454276491843426,
        0.009050132460885738,
        0.9997887450764802,
        0.8833567512589653
      ],
      [
        0.0,
        0.0,
        0.0,
        1.0
      ]
    ],
    "location": [
      -57.19656250703076,
      29.414352065188723,
      0.8833567512589653
    ],
    "rotation": [
      0.009051797522011967,
      0.018455324118122823,
      0.9934121709560679
    ]
  },
  {
    "label_id": "i3o11qKaljOZ3lMjZ7qZjg",
    "size": [
      2.0989436661446272,
      4.611355298180513,
      1.5157792543394493
    ],
    "obj_class": "vehicle",
    "point_num_in_lidar": 3989,
    "speed": 1.8417377341552947,
    "if_vehicle": true,
    "motion_state": true,
    "pose": [
      [
        -0.6991975432422517,
        -0.7147104515385787,
        0.017656896259548936,
        -21.40018787539941
      ],
      [
        0.7149122440015736,
        -0.6991350256879982,
        0.010521370294619876,
        16.56230196776778
      ],
      [
        0.0048248213059177035,
        0.019979647588557345,
        0.9997887450764802,
        0.8632864101271807
      ],
      [
        0.0,
        0.0,
        0.0,
        1.0
      ]
    ],
    "location": [
      -21.40018787539941,
      16.56230196776778,
      0.8632864101271807
    ],
    "rotation": [
      0.01998120969699405,
      -0.0048248400255364275,
      2.3450821606841217
    ]
  },
  {
    "label_id": "kZ-5_neVIe_QvFiX_W9zbw",
    "size": [
      1.0000000000006979,
      1.0,
      1.8800000000000026
    ],
    "obj_class": "pedestrian",
    "point_num_in_lidar": 47,
    "speed": 1.2843717012832088,
    "if_vehicle": false,
    "motion_state": true,
    "pose": [
      [
        -0.6626396946829383,
        0.7487301710529514,
        0.017656896259548936,
        -35.14355851915184
      ],
      [
        -0.7486823100766596,
        -0.6628454566076468,
        0.010521370294619876,
        58.029480218147
      ],
      [
        0.019581460843836745,
        -0.0062475282807099766,
        0.9997887450764802,
        1.0711391628661175
      ],
      [
        0.0,
        0.0,
        0.0,
        1.0
      ]
    ],
    "location": [
      -35.14355851915184,
      58.029480218147,
      1.0711391628661175
    ],
    "rotation": [
      -0.006248767047370774,
      -0.019582712424835724,
      -2.295303885691822
    ]
  },
  {
    "label_id": "kt38cGopRoo7r_UIYR3sFw",
    "size": [
      0.7165647637065328,
      1.15292320642138,
      1.8846460176991258
    ],
    "obj_class": "pedestrian",
    "point_num_in_lidar": 148,
    "speed": 1.3979309411271663,
    "if_vehicle": false,
    "motion_state": true,
    "pose": [
      [
        0.3440741843695083,
        -0.9387764322057394,
        0.017656896259548936,
        -24.1463355890877
      ],
      [
        0.9388068788206908,
        0.3442832337568535,
        0.010521370294619876,
        34.23626981093912
      ],
      [
        -0.015956187809445493,
        0.012956283764516957,
        0.9997887450764802,
        1.1136486790051237
      ],
      [
        0.0,
        0.0,
        0.0,
        1.0
      ]
    ],
    "location": [
      -24.1463355890877,
      34.23626981093912,
      1.1136486790051237
    ],
    "rotation": [
      0.012958296064922251,
      0.015956864961077927,
      1.219497081404769
    ]
  },
  {
    "label_id": "l3xS3YkgkvGjtw43tFm6rQ",
    "size": [
      2.3695743119442496,
      5.118608991722786,
      1.8900000000000006
    ],
    "obj_class": "vehicle",
    "point_num_in_lidar": 340,
    "speed": 1.7056726000188582e-12,
    "if_vehicle": true,
    "motion_state": false,
    "pose": [
      [
        0.281267877517538,
        -0.9594668389742602,
        0.017656896259548936,
        -48.90372994644065
      ],
      [
        0.9595110373168546,
        0.2814744571613155,
        0.010521370294619876,
        -8.654192696061727
      ],
      [
        -0.015064871188066813,
        0.013982663354452082,
        0.9997887450764802,
        1.8758094929752431
      ],
      [
        0.0,
        0.0,
        0.0,
        1.0
      ]
    ],
    "location": [
      -48.90372994644065,
      -8.654192696061727,
      1.8758094929752431
    ],
    "rotation": [
      0.013984706141420269,
      0.015065441075886228,
      1.2856479915248178
    ]
  },
  {
    "label_id": "p_-q0upnS--pDSRP2-WGZQ",
    "size": [
      1.9018685744875565,
      4.648856578040061,
      1.7800000000000011
    ],
    "obj_class": "vehicle",
    "point_num_in_lidar": 306,
    "speed": 7.08148815185177,
    "if_vehicle": true,
    "motion_state": true,
    "pose": [
      [
        0.7065162408284399,
        -0.7074765264375416,
        0.017656896259548936,
        -30.412716915772762
      ],
      [
        0.7074163640243295,
        0.7067187479313966,
        0.010521370294619876,
        41.26674423908298
      ],
      [
        -0.019922082126303784,
        0.005057258362966041,
        0.9997887450764802,
        1.214306488807793
      ],
      [
        0.0,
        0.0,
        0.0,
        1.0
      ]
    ],
    "location": [
      -30.412716915772762,
      41.26674423908298,
      1.214306488807793
    ],
    "rotation": [
      0.005058283818186331,
      0.019923400172112315,
      0.7860347730004817
    ]
  },
  {
    "label_id": "qqtlWI89nAPB5R9a65QLWQ",
    "size": [
      0.7219228465590006,
      0.9605874422248267,
      1.6599999999999966
    ],
    "obj_class": "pedestrian",
    "point_num_in_lidar": 468,
    "speed": 1.2461921067592134,
    "if_vehicle": false,
    "motion_state": true,
    "pose": [
      [
        0.4256326904829357,
        -0.9047237406008185,
        0.017656896259548936,
        -28.632423951384794
      ],
      [
        0.9047356072403905,
        0.42584361185590835,
        0.010521370294619876,
        20.932972767837782
      ],
      [
        -0.017038009966526223,
        0.01149658361329729,
        0.9997887450764802,
        1.0017588869610137
      ],
      [
        0.0,
        0.0,
        0.0,
        1.0
      ]
    ],
    "location": [
      -28.632423951384794,
      20.932972767837782,
      1.0017588869610137
    ],
    "rotation": [
      0.011498506048788524,
      0.01703883441229302,
      1.1310670820392492
    ]
  },
  {
    "label_id": "qtdDGxCsGHPBehUbqu5xcg",
    "size": [
      0.974848783517929,
      0.10736751885132706,
      0.6372414334679277
    ],
    "obj_class": "sign",
    "point_num_in_lidar": 52,
    "speed": 0.0073077634111760005,
    "if_vehicle": false,
    "motion_state": false,
    "pose": [
      [
        0.1020765210420936,
        -0.9946198358500712,
        0.017656896259548936,
        -37.953184863259025
      ],
      [
        0.9947008681696357,
        0.10227161693107484,
        0.010521370294619876,
        4.233813356788232
      ],
      [
        -0.012270562925800952,
        0.016489345162284095,
        0.9997887450764802,
        1.1282275922877147
      ],
      [
        0.0,
        0.0,
        0.0,
        1.0
      ]
    ],
    "location": [
      -37.953184863259025,
      4.233813356788232,
      1.1282275922877147
    ],
    "rotation": [
      0.016491334174065782,
      0.012270870869723656,
      1.4685339771384518
    ]
  },
  {
    "label_id": "rgmY_QECrtLgzEVHHJqCdg",
    "size": [
      2.1965088060132976,
      4.671838545906206,
      1.8500000000000014
    ],
    "obj_class": "vehicle",
    "point_num_in_lidar": 370,
    "speed": 1.421529491362787e-12,
    "if_vehicle": true,
    "motion_state": false,
    "pose": [
      [
        0.2825668133563808,
        -0.9590851005015665,
        0.017656896259548936,
        -50.88574746386041
      ],
      [
        0.9591290190785274,
        0.28277345265881165,
        0.010521370294619876,
        5.965728055451109
      ],
      [
        -0.015083791004980807,
        0.013962251513099266,
        0.9997887450764802,
        1.2253021507934179
      ],
      [
        0.0,
        0.0,
        0.0,
        1.0
      ]
    ],
    "location": [
      -50.88574746386041,
      5.965728055451109,
      1.2253021507934179
    ],
    "rotation": [
      0.013964293973797936,
      0.015084363042793559,
      1.2842938906780506
    ]
  },
  {
    "label_id": "sgqcjcLMcNqQ6bf9oi3l_Q",
    "size": [
      2.052716975729591,
      4.312467707037239,
      1.6907197922451331
    ],
    "obj_class": "vehicle",
    "point_num_in_lidar": 68,
    "speed": 0.006869035995205972,
    "if_vehicle": true,
    "motion_state": false,
    "pose": [
      [
        -0.6998903765856528,
        -0.7140319984267319,
        0.017656896259548936,
        -61.210517789253004
      ],
      [
        0.7142338514274944,
        -0.699828054769292,
        0.010521370294619876,
        67.47291259823032
      ],
      [
        0.004844196304928237,
        0.019974958837411964,
        0.9997887450764802,
        1.340944869588938
      ],
      [
        0.0,
        0.0,
        0.0,
        1.0
      ]
    ],
    "location": [
      -61.210517789253004,
      67.47291259823032,
      1.340944869588938
    ],
    "rotation": [
      0.019976521826802845,
      -0.004844215250972077,
      2.346051828961113
    ]
  },
  {
    "label_id": "tNAXS9zubELloIY6hHtPCQ",
    "size": [
      1.988589029664145,
      3.994765911614828,
      1.5
    ],
    "obj_class": "vehicle",
    "point_num_in_lidar": 29,
    "speed": 8.592868015318675e-13,
    "if_vehicle": true,
    "motion_state": false,
    "pose": [
      [
        0.26886582023224836,
        -0.9630157863323529,
        0.017656896259548936,
        -52.93730490285509
      ],
      [
        0.9630626462022036,
        0.2690718124537252,
        0.010521370294619876,
        -0.9764183971874445
      ],
      [
        -0.014883218766431451,
        0.014175860381208803,
        0.9997887450764802,
        1.461753333797219
      ],
      [
        0.0,
        0.0,
        0.0,
        1.0
      ]
    ],
    "location": [
      -52.93730490285509,
