[
  {
    "label_id": "2m4G_1FvlVHMqTBFExLTsQ",
    "size": [
      2.3729798440705645,
      6.136064268284593,
      2.1000000000000014
    ],
    "obj_class": "vehicle",
    "point_num_in_lidar": 76,
    "speed": 2.77483210043645,
    "if_vehicle": true,
    "motion_state": true,
    "pose": [
      [
        0.7108805994476524,
        -0.7031449693531314,
        0.015359863356492504,
        -73.81320850857514
      ],
      [
        0.7030352634744855,
        0.7110440609004844,
        0.01256032521508058,
        11.304586590218605
      ],
      [
        -0.019753269104300177,
        0.0018696340636098552,
        0.9998031370365674,
        1.255474747474743
      ],
      [
        0.0,
        0.0,
        0.0,
        1.0
      ]
    ],
    "location": [
      -73.81320850857514,
      11.304586590218605,
      1.255474747474743
    ],
    "rotation": [
      0.001870000018046691,
      0.01975455392332171,
      0.7798495620504097
    ]
  },
  {
    "label_id": "2q1az4vBCKBYmYg-0yqbfw",
    "size": [
      1.82228481179015,
      4.642363821151301,
      1.5700000000000003
    ],
    "obj_class": "vehicle",
    "point_num_in_lidar": 345,
    "speed": 3.670316469059558,
    "if_vehicle": true,
    "motion_state": true,
    "pose": [
      [
        0.29507069847712336,
        -0.9553519547778674,
        0.015359863356492504,
        -53.597147776173074
      ],
      [
        0.9553323420492806,
        0.2952665820324536,
        0.01256032521508058,
        34.72361970880593
      ],
      [
        -0.016534785600630045,
        0.010967590299601256,
        0.9998031370365674,
        0.95247219651975
      ],
      [
        0.0,
        0.0,
        0.0,
        1.0
      ]
    ],
    "location": [
      -53.597147776173074,
      34.72361970880593,
      0.95247219651975
    ],
    "rotation": [
      0.010969309852375781,
      0.016535539126019377,
      1.2712245913812614
    ]
  },
  {
    "label_id": "3plNn4EcFthBCzoPgxogzQ",
    "size": [
      0.71088285328991,
      0.7730393517247112,
      1.1052173913043362
    ],
    "obj_class": "pedestrian",
    "point_num_in_lidar": 209,
    "speed": 1.5530289141608038,
    "if_vehicle": false,
    "motion_state": true,
    "pose": [
      [
        0.5796097604705501,
        -0.8147494094290229,
        0.015359863356492504,
        -30.054794282984517
      ],
      [
        0.8146693955078131,
        0.5797896293082738,
        0.01256032521508058,
        18.883921179340177
      ],
      [
        -0.019139007032909897,
        0.005233123506371291,
        0.9998031370365674,
        0.6858798367528607
      ],
      [
        0.0,
        0.0,
        0.0,
        1.0
      ]
    ],
    "location": [
      -30.054794282984517,
      18.883921179340177,
      0.6858798367528607
    ],
    "rotation": [
      0.005234106119273944,
      0.019140175667004634,
      0.9524162899134139
    ]
  },
  {
    "label_id": "5zhamXYExjfy-r5noa4I-w",
    "size": [
      2.32114407292119,
      5.242010731245653,
      2.1488031328796637
    ],
    "obj_class": "vehicle",
    "point_num_in_lidar": 9084,
    "speed": 0.0014634586274603996,
    "if_vehicle": true,
    "motion_state": false,
    "pose": [
      [
        -0.7152917615247977,
        -0.6986571194029455,
        0.015359863356492504,
        -23.158068246446533
      ],
      [
        0.6988224472355717,
        -0.7151848890113506,
        0.01256032521508058,
        13.881173044219395
      ],
      [
        0.0022097815363102194,
        0.0197181144484074,
        0.9998031370365674,
        1.2472403817445255
      ],
      [
        0.0,
        0.0,
        0.0,
        1.0
      ]
    ],
    "location": [
      -23.158068246446533,
      13.881173044219395,
      1.2472403817445255
    ],
    "rotation": [
      0.019719440571740764,
      -0.0022097833347575584,
      2.3678403456861976
    ]
  },
  {
    "label_id": "68xsQWcIHjMMfTHtOcaoIw",
    "size": [
      1.057343336067623,
      0.09741873349442347,
      0.4299999999999997
    ],
    "obj_class": "sign",
    "point_num_in_lidar": 34,
    "speed": 0.006984968252648851,
    "if_vehicle": false,
    "motion_state": false,
    "pose": [
      [
        0.6687640478688412,
        0.7433160316283727,
        0.015359863356492504,
        -57.4078809583757
      ],
      [
        -0.7434741258869171,
        0.6686467395921225,
        0.01256032521508058,
        37.021309758705684
      ],
      [
        -0.0009340314590637426,
        -0.019819554916097118,
        0.9998031370365674,
        3.159488240662533
      ],
      [
        0.0,
        0.0,
        0.0,
        1.0
      ]
    ],
    "location": [
      -57.4078809583757,
      37.021309758705684,
      3.159488240662533
    ],
    "rotation": [
      -0.019820861361599648,
      0.0009340315948742688,
      -0.8382507922199495
    ]
  },
  {
    "label_id": "6hxt5zygbQRvmtThpAKlzg",
    "size": [
      2.093348385265855,
      5.475322394370159,
      1.8000000000000043
    ],
    "obj_class": "vehicle",
    "point_num_in_lidar": 344,
    "speed": 0.0037193504749001376,
    "if_vehicle": true,
    "motion_state": false,
    "pose": [
      [
        0.3227088255486688,
        -0.9463736516359004,
        0.015359863356492504,
        -46.59004374999461
      ],
      [
        0.9463483547695417,
        0.3229040564246179,
        0.01256032521508058,
        -2.060762445726141
      ],
      [
        -0.016846523023469565,
        0.010482453618233667,
        0.9998031370365674,
        1.5177197782884093
      ],
      [
        0.0,
        0.0,
        0.0,
        1.0
      ]
    ],
    "location": [
      -46.59004374999461,
      -2.060762445726141,
      1.5177197782884093
    ],
    "rotation": [
      0.010484133486196243,
      0.01684731998078184,
      1.242157893635877
    ]
  },
  {
    "label_id": "7VCe0--NDlntifOpFryrQg",
    "size": [
      0.6912153101385871,
      1.066362559770647,
      1.7299999999999969
    ],
    "obj_class": "pedestrian",
    "point_num_in_lidar": 441,
    "speed": 1.1167004790961725,
    "if_vehicle": false,
    "motion_state": true,
    "pose": [
      [
        0.38674179749742366,
        -0.9220601155380985,
        0.015359863356492504,
        -27.80168798537227
      ],
      [
        0.9220215122330284,
        0.38693483845475934,
        0.01256032521508058,
        21.83891045256314
      ],
      [
        -0.0175246411655449,
        0.009304521688813419,
        0.9998031370365674,
        1.0704747474748189
      ],
      [
        0.0,
        0.0,
        0.0,
        1.0
      ]
    ],
    "location": [
      -27.80168798537227,
      21.83891045256314,
      1.0704747474748189
    ],
    "rotation": [
      0.009306085110242205,
      0.017525538297195328,
      1.1736360711470137
    ]
  },
  {
    "label_id": "8hZwpu_QOehwpCU39N1TMA",
    "size": [
      1.0352487740629512,
      2.0287232664821753,
      1.3900000000000006
    ],
    "obj_class": "vehicle",
    "point_num_in_lidar": 1315,
    "speed": 0.0034319672332886473,
    "if_vehicle": true,
    "motion_state": false,
    "pose": [
      [
        -0.827927121099669,
        0.5606253265285859,
        0.015359863356492504,
        -18.86831984361288
      ],
      [
        -0.5604874656565935,
        -0.8280676536807486,
        0.01256032521508058,
        25.256270574785958
      ],
      [
        0.01976064243547744,
        0.0017900230098851899,
        0.9998031370365674,
        0.8047162586586651
      ],
      [
        0.0,
        0.0,
        0.0,
        1.0
      ]
    ],
    "location": [
      -18.86831984361288,
      25.256270574785958,
      0.8047162586586651
    ],
    "rotation": [
      0.0017903735555262984,
      -0.019761928693963506,
      -2.5464861789606887
    ]
  },
  {
    "label_id": "9GOp9QAQoR3n_l4KYwu1hQ",
    "size": [
      0.8074269342862688,
      0.08924921455650353,
      0.7712386422860718
    ],
    "obj_class": "sign",
    "point_num_in_lidar": 114,
    "speed": 0.008427963097740786,
    "if_vehicle": false,
    "motion_state": false,
    "pose": [
      [
        0.7967930440864146,
        0.6040570498662976,
        0.015359863356492504,
        -30.393498431183275
      ],
      [
        -0.6042344088530207,
        0.7967076109769079,
        0.01256032521508058,
        10.03959367526113
      ],
      [
        -0.004650167044900045,
        -0.019288937718112832,
        0.9998031370365674,
        2.902430117903151
      ],
      [
        0.0,
        0.0,
        0.0,
        1.0
      ]
    ],
    "location": [
      -30.393498431183275,
      10.03959367526113,
      2.902430117903151
    ],
    "rotation": [
      -0.01929034263017645,
      0.004650183804306657,
      -0.6488128918336922
    ]
  },
  {
    "label_id": "EgtFEsx4l9DBrLJkyWWFvw",
    "size": [
      0.9646012918206108,
      0.8322323455397932,
      1.8800000000000026
    ],
    "obj_class": "pedestrian",
    "point_num_in_lidar": 36,
    "speed": 0.030301900105329856,
    "if_vehicle": false,
    "motion_state": false,
    "pose": [
      [
        0.700746391961107,
        0.7132450972499988,
        0.015359863356492504,
        -59.68312165286375
      ],
      [
        -0.7134081882332255,
        0.7006361360879683,
        0.01256032521508058,
        31.381313735708318
      ],
      [
        -0.0018030849334103153,
        -0.019759454864991064,
        0.9998031370365674,
        1.0491738250270402
      ],
      [
        0.0,
        0.0,
        0.0,
        1.0
      ]
    ],
    "location": [
      -59.68312165286375,
      31.381313735708318,
      1.0491738250270402
    ],
    "rotation": [
      -0.01976077301804351,
      0.001803085910417907,
      -0.7943515395785332
    ]
  },
  {
    "label_id": "F7Bt39aSBBq_9EfdYbJu_g",
    "size": [
      0.9771451001577969,
      0.10328031173047941,
      0.937241433467932
    ],
    "obj_class": "sign",
    "point_num_in_lidar": 109,
    "speed": 0.007212606805144601,
    "if_vehicle": false,
    "motion_state": false,
    "pose": [
      [
        0.10276194622076847,
        -0.9945873802771629,
        0.015359863356492504,
        -37.97498992017802
      ],
      [
        0.9946064104395897,
        0.10295788723048678,
        0.01256032521508058,
        4.244136023829924
      ],
      [
        -0.01407376003042963,
        0.013986295093576125,
        0.9998031370365674,
        1.9516067646205641
      ],
      [
        0.0,
        0.0,
        0.0,
        1.0
      ]
    ],
    "location": [
      -37.97498992017802,
      4.244136023829924,
      1.9516067646205641
    ],
    "rotation": [
      0.01398813660439851,
      0.014074224671812149,
      1.467842421595306
    ]
  },
  {
    "label_id": "FHzBwE7eKp7LHnQlmrMUuQ",
    "size": [
      2.082778756602986,
      4.920507422140986,
      1.4399999999999977
    ],
    "obj_class": "vehicle",
    "point_num_in_lidar": 829,
    "speed": 6.724894334765046,
    "if_vehicle": true,
    "motion_state": true,
    "pose": [
      [
        0.6859570895658779,
        -0.7274798594270359,
        0.015359863356492504,
        -29.797412660646387
      ],
      [
        0.7273759138526774,
        0.686124273129492,
        0.01256032521508058,
        37.70119100310512
      ],
      [
        -0.019676158702666417,
        0.002556550517043402,
        0.9998031370365674,
        1.0585738246947614
      ],
      [
        0.0,
        0.0,
        0.0,
        1.0
      ]
    ],
    "location": [
      -29.797412660646387,
      37.70119100310512,
      1.0585738246947614
    ],
    "rotation": [
      0.002557048333154883,
      0.019677428532051403,
      0.8146955569121643
    ]
  },
  {
    "label_id": "FoYJ89RoPhxC2s7oyR-IYw",
    "size": [
      2.0645031847104214,
      4.8697259209348065,
      1.8100000000000023
    ],
    "obj_class": "vehicle",
    "point_num_in_lidar": 141,
    "speed": 11.10983322826169,
    "if_vehicle": true,
    "motion_state": true,
    "pose": [
      [
        0.6935380594522684,
        -0.7202562284970894,
        0.015359863356492504,
        -44.320754549865455
      ],
      [
        0.7201505377806676,
        0.6937041452699461,
        0.01256032521508058,
        36.426786178297334
      ],
      [
        -0.019701853349289634,
        0.0023503502806592625,
        0.9998031370365674,
        1.2703357570313543
      ],
      [
        0.0,
        0.0,
        0.0,
        1.0
      ]
    ],
    "location": [
      -44.320754549865455,
      36.426786178297334,
      1.2703357570313543
    ],
    "rotation": [
      0.0023508087382507403,
      0.019703128160478076,
      0.8042207919800927
    ]
  },
  {
    "label_id": "HA5PLwFMuobFWkWpC5lNrg",
    "size": [
      2.071786670937827,
      4.6109109994821855,
      1.8599999999999994
    ],
    "obj_class": "vehicle",
    "point_num_in_lidar": 548,
    "speed": 0.005055022729315357,
    "if_vehicle": true,
    "motion_state": false,
    "pose": [
      [
        0.3408313360049861,
        -0.9399989760604668,
        0.015359863356492504,
        -40.049434142892665
      ],
      [
        0.9399699330167773,
        0.3410260448337142,
        0.01256032521508058,
        7.677911274578946
      ],
      [
        -0.01704480629081315,
        0.010156857306636083,
        0.9998031370365674,
        1.0427401656125213
      ],
      [
        0.0,
        0.0,
        0.0,
        1.0
      ]
    ],
    "location": [
      -40.049434142892665,
      7.677911274578946,
      1.0427401656125213
    ],
    "rotation": [
      0.010158507758262977,
      0.017045631723653833,
      1.222942612619528
    ]
  },
  {
    "label_id": "I3rWao3BUZoXJ4ofYXC1qQ",
    "size": [
      1.9599803797847275,
      4.190208464208446,
      1.740000000000002
    ],
    "obj_class": "vehicle",
    "point_num_in_lidar": 825,
    "speed": 7.985535196275721,
    "if_vehicle": true,
    "motion_state": true,
    "pose": [
      [
        0.7085548383325363,
        -0.705488565232083,
        0.015359863356492504,
        -38.88222338280593
      ],
      [
        0.7053793997246771,
        0.7087186611586754,
        0.01256032521508058,
        33.571827298970675
      ],
      [
        -0.019746987608429124,
        0.0019348519920802446,
        0.9998031370365674,
        1.248460306988882
      ],
      [
        0.0,
        0.0,
        0.0,
        1.0
      ]
    ],
    "location": [
      -38.88222338280593,
      33.571827298970675,
      1.248460306988882
    ],
    "rotation": [
      0.0019352305518851285,
      0.019748271201988205,
      0.7831523494240997
    ]
  },
  {
    "label_id": "IXOFIGIoE_Axs4Lvc4Rteg",
    "size": [
      1.2165606554980508,
      1.2453114029931163,
      1.8999999999999986
    ],
    "obj_class": "pedestrian",
    "point_num_in_lidar": 39,
    "speed": 1.458311110598498,
    "if_vehicle": false,
    "motion_state": true,
    "pose": [
      [
        -0.9984201645895843,
        -0.05404858498219144,
        0.015359863356492504,
        -60.27124767078567
      ],
      [
        0.05424336229411674,
        -0.9984487447423229,
        0.01256032521508058,
        42.856804915554676
      ],
      [
        0.0146571684829123,
        0.013373652601373813,
        0.9998031370365674,
        1.2020725738851112
      ],
      [
        0.0,
        0.0,
        0.0,
        1.0
      ]
    ],
    "location": [
      -60.27124767078567,
      42.856804915554676,
      1.2020725738851112
    ],
    "rotation": [
      0.013375488198196898,
      -0.014657693339893758,
      3.087316819436603
    ]
  },
  {
    "label_id": "IwWISx28NLErylVGWpUHvQ",
    "size": [
      2.9891074923896963,
      13.851028361303396,
      4.359999999999957
    ],
    "obj_class": "vehicle",
    "point_num_in_lidar": 660,
    "speed": 3.1264385016200963e-12,
    "if_vehicle": true,
    "motion_state": false,
    "pose": [
      [
        -0.008494459895310806,
        -0.9998459475082933,
        0.015359863356492504,
        -51.914943464692215
      ],
      [
        0.9998866523254728,
        -0.008301851109867824,
        0.01256032521508058,
        -20.5683662417905
      ],
      [
        -0.012430874967031038,
        0.015464815530511553,
        0.9998031370365674,
        3.640384221705119
      ],
      [
        0.0,
        0.0,
        0.0,
        1.0
      ]
    ],
    "location": [
      -51.914943464692215,
      -20.5683662417905,
      3.640384221705119
    ],
    "rotation": [
      0.015466627170267292,
      0.012431195139544644,
      1.5792915452576683
    ]
  },
  {
    "label_id": "JpL6P0gAOoixkeBIrZJTfg",
    "size": [
      2.013886120241624,
      4.439900271844769,
      1.8999999999999986
    ],
    "obj_class": "vehicle",
    "point_num_in_lidar": 104,
    "speed": 0.022204602186636488,
    "if_vehicle": true,
    "motion_state": false,
    "pose": [
      [
        0.3404405267411317,
        -0.9401405864815593,
        0.015359863356492504,
        -44.01464233455488
      ],
      [
        0.9401116243854458,
        0.34063524762691477,
        0.01256032521508058,
        5.920429758869432
      ],
      [
        -0.01704058237205938,
        0.010163942358148702,
        0.9998031370365674,
        1.1677592508448669
      ],
      [
        0.0,
        0.0,
        0.0,
        1.0
      ]
    ],
    "location": [
      -44.01464233455488,
      5.920429758869432,
      1.1677592508448669
    ],
    "rotation": [
      0.01016559347306162,
      0.017041407191340553,
      1.2233583752072255
    ]
  },
  {
    "label_id": "KFIIXmnpykGXgpEsf1ym6A",
    "size": [
      1.624965091478367,
      4.310575270180273,
      1.6097596117493822
    ],
    "obj_class": "vehicle",
    "point_num_in_lidar": 75,
    "speed": 0.10945771257248206,
    "if_vehicle": true,
    "motion_state": false,
    "pose": [
      [
        0.7195067685980133,
        -0.6943155511288182,
        0.015359863356492504,
        -73.81767180120096
      ],
      [
        0.6942038356748129,
        0.7196688632731505,
        0.01256032521508058,
        15.53234360571696
      ],
      [
        -0.019774844525863748,
        0.0016256370494753254,
        0.9998031370365674,
        0.6761801066973021
      ],
      [
        0.0,
        0.0,
        0.0,
        1.0
      ]
    ],
    "location": [
      -73.81767180120096,
      15.53234360571696,
      0.6761801066973021
    ],
    "rotation": [
      0.0016259557073511565,
      0.019776133559993993,
      0.7675018333709905
    ]
  },
  {
    "label_id": "KrhsovjxBcR6nVUHaHguGQ",
    "size": [
      1.7925252567123326,
      4.234691331167228,
      1.5799999999999983
    ],
    "obj_class": "vehicle",
    "point_num_in_lidar": 104,
    "speed": 9.853815831671653,
    "if_vehicle": true,
    "motion_state": true,
    "pose": [
      [
        0.698559607086505,
        -0.7153869931336587,
        0.015359863356492504,
        -35.45398199181329
      ],
      [
        0.7152801431580595,
        0.6987249494860458,
        0.01256032521508058,
        45.18766137755483
      ],
      [
        -0.019717813036275164,
        0.0022124694133947775,
        0.9998031370365674,
        1.1440867331140936
      ],
      [
        0.0,
        0.0,
        0.0,
        1.0
      ]
    ],
    "location": [
      -35.45398199181329,
      45.18766137755483,
      1.1440867331140936
    ],
    "rotation": [
      0.0022129014402909168,
      0.01971909094835712,
      0.7972239425290805
    ]
  },
  {
    "label_id": "R02j7hrIj7vZK3LuWkAaDQ",
    "size": [
      0.8959697064606241,
      0.1253559028273384,
      0.930247678744081
    ],
    "obj_class": "sign",
    "point_num_in_lidar": 238,
    "speed": 0.002020100458653135,
    "if_vehicle": false,
    "motion_state": false,
    "pose": [
      [
        -0.47977509660881873,
        0.8772570497132914,
        0.015359863356492504,
        -36.24663145250679
      ],
      [
        -0.8771987432047383,
        -0.47996312686551107,
        0.01256032521508058,
        9.90263652804424
      ],
      [
        0.018390801886430184,
        -0.00744752158860827,
        0.9998031370365674,
        2.701343719022873
      ],
      [
        0.0,
        0.0,
        0.0,
        1.0
      ]
    ],
    "location": [
      -36.24663145250679,
      9.90263652804424,
      2.701343719022873
    ],
    "rotation": [
      -0.0074488502480023885,
      -0.018391838738634793,
      -2.0712871883209156
    ]
  },
  {
    "label_id": "Tc_grduMpPFzotyj6WiPYw",
    "size": [
      0.8046151891156825,
      0.889443332664063,
      1.7230060925525095
    ],
    "obj_class": "pedestrian",
    "point_num_in_lidar": 357,
    "speed": 1.455216939019161,
    "if_vehicle": false,
    "motion_state": true,
    "pose": [
      [
        0.5843872260922971,
        -0.8113295536203647,
        0.015359863356492504,
        -29.896996726291718
      ],
      [
        0.8112484841702434,
        0.5845666216625559,
        0.01256032521508058,
        18.216463747761736
      ],
      [
        -0.01916942648158125,
        0.0051205722537585345,
        0.9998031370365674,
        1.0171020580674508
      ],
      [
        0.0,
        0.0,
        0.0,
        1.0
      ]
    ],
    "location": [
      -29.896996726291718,
      18.216463747761736,
      1.0171020580674508
    ],
    "rotation": [
      0.0051215357232912255,
      0.0191706006974179,
      0.9465392512701314
    ]
  },
  {
    "label_id": "U1dH0uDhaeGUHpknIe9pRQ",
    "size": [
      1.980953779033829,
      4.634512657984047,
      1.75
    ],
    "obj_class": "vehicle",
    "point_num_in_lidar": 56,
    "speed": 7.7324500547818,
    "if_vehicle": true,
    "motion_state": true,
    "pose": [
      [
        0.7112889326220457,
        -0.7027319040196345,
        0.015359863356492504,
        -66.48377482017224
      ],
      [
        0.7026221032056233,
        0.7114523303197465,
        0.01256032521508058,
        13.644926086701162
      ],
      [
        -0.01975435183186888,
        0.0018581591808693122,
        0.9998031370365674,
        1.1585099330635629
      ],
      [
        0.0,
        0.0,
        0.0,
        1.0
      ]
    ],
    "location": [
      -66.48377482017224,
      13.644926086701162,
      1.1585099330635629
    ],
    "rotation": [
      0.0018585229157704823,
      0.019755636862199454,
      0.7792685550607955
    ]
  },
  {
    "label_id": "WlEHwQxLUOF-q1IUwMFeSA",
    "size": [
      1.7846216690575767,
      4.090804423523513,
      1.6600000000000037
    ],
    "obj_class": "vehicle",
    "point_num_in_lidar": 203,
    "speed": 7.373689654664765,
    "if_vehicle": true,
    "motion_state": true,
    "pose": [
      [
        0.7139856222233326,
        -0.6999918612784226,
        0.015359863356492504,
        -58.587009797637506
      ],
      [
        0.6998814330251154,
        0.714148596538005,
        0.01256032521508058,
        12.985127764124627
      ],
      [
        -0.019761350284621216,
        0.001782191562995209,
        0.9998031370365674,
        1.0406175278026382
      ],
      [
        0.0,
        0.0,
        0.0,
        1.0
      ]
    ],
    "location": [
      -58.587009797637506,
      12.985127764124627,
      1.0406175278026382
    ],
    "rotation": [
      0.0017825405916093477,
      0.019762636681354247,
      0.7754228822530795
    ]
  },
  {
    "label_id": "YC3_X2Acqy93ylt39sAhfw",
    "size": [
      2.12637442268442,
      4.678871084775954,
      1.740000000000002
    ],
    "obj_class": "vehicle",
    "point_num_in_lidar": 639,
    "speed": 8.194840095928532,
    "if_vehicle": true,
    "motion_state": true,
    "pose": [
      [
        0.7202194306576267,
        -0.6935762728791071,
        0.015359863356492504,
        -46.0993982051192
      ],
      [
        0.6934643910175889,
        0.7203814105188276,
        0.01256032521508058,
        21.432275591259895
      ],
      [
        -0.019776503578951585,
        0.0016053280133434835,
        0.9998031370365674,
        1.1080000802860042
      ],
      [
        0.0,
        0.0,
        0.0,
        1.0
      ]
    ],
    "location": [
      -46.0993982051192,
      21.432275591259895,
      1.1080000802860042
    ],
    "rotation": [
      0.0016056427253691135,
      0.019777792937586004,
      0.766474663316361
    ]
  },
  {
    "label_id": "Yu9T0CbqX3V1hXpU4AZnkA",
    "size": [
      1.8800152373353067,
      4.5456553702554165,
      1.5399999999999991
    ],
    "obj_class": "vehicle",
    "point_num_in_lidar": 104,
    "speed": 7.436918102157436,
    "if_vehicle": true,
    "motion_state": true,
    "pose": [
      [
        0.6996252715315637,
        -0.7143448425179925,
        0.015359863356492504,
        -58.58008621578017
      ],
      [
        0.7142377461821418,
        0.699790454464153,
        0.01256032521508058,
        8.739663410020512
      ],
      [
        -0.01972108929648869,
        0.0021830732462813723,
        0.9998031370365674,
        0.9154747474748461
      ],
      [
        0.0,
        0.0,
        0.0,
        1.0
      ]
    ],
    "location": [
      -58.58008621578017,
      8.739663410020512,
      0.9154747474748461
    ],
    "rotation": [
      0.00218349962709612,
      0.01972236784575444,
      0.7957329371505922
    ]
  },
  {
    "label_id": "cGy-7JZfWzadYOxbpSdAYQ",
    "size": [
      0.969666560697965,
      0.9278091775285798,
      1.9399999999999977
    ],
    "obj_class": "pedestrian",
    "point_num_in_lidar": 297,
    "speed": 1.1558541427307398,
    "if_vehicle": false,
    "motion_state": true,
    "pose": [
      [
        0.3465591794028691,
        -0.937902345539918,
        0.015359863356492504,
        -28.436046421162928
      ],
      [
        0.9378721152731363,
        0.3467537074402873,
        0.01256032521508058,
        21.839192214582
      ],
      [
        -0.017106448044608244,
        0.010052691536888467,
        0.9998031370365674,
        1.1316106296461683
      ],
      [
        0.0,
        0.0,
        0.0,
        1.0
      ]
    ],
    "location": [
      -28.436046421162928,
      21.839192214582,
      1.1316106296461683
    ],
    "rotation": [
      0.010054332119385338,
      0.01710728246608456,
      1.216841793321272
    ]
  },
  {
    "label_id": "cv9oyKZbR5OEysJKx0Ipiw",
    "size": [
      1.4535229738680215,
      0.1300954602712818,
      0.4602476787440821
    ],
    "obj_class": "sign",
    "point_num_in_lidar": 78,
    "speed": 0.032638071766155,
    "if_vehicle": false,
    "motion_state": false,
    "pose": [
      [
        0.5336937197318282,
        -0.8455383421918101,
        0.015359863356492504,
        -36.26013022750817
      ],
      [
        0.8454683916822241,
        0.5338777359066067,
        0.01256032521508058,
        9.936794447990906
      ],
      [
        -0.0188205256323483,
        0.006282912283394614,
        0.9998031370365674,
        0.7821400122563986
      ],
      [
        0.0,
        0.0,
        0.0,
        1.0
      ]
    ],
    "location": [
      -36.26013022750817,
      9.936794447990906,
      0.7821400122563986
    ],
    "rotation": [
      0.006284066680156892,
      0.018821636886070997,
      1.0077221861379613
    ]
  },
  {
    "label_id": "eqtBmTwRgy_EzvD2hRrPgw",
    "size": [
      0.9945838042625251,
      0.12124330171716347,
      0.9600000000000009
    ],
    "obj_class": "sign",
    "point_num_in_lidar": 22,
    "speed": 0.00032225493941873465,
    "if_vehicle": false,
    "motion_state": false,
    "pose": [
      [
        0.44226366584192556,
        -0.8967535472323104,
        0.015359863356492504,
        -55.847665556905554
      ],
      [
        0.89670324108023,
        0.4424539927119001,
        0.01256032521508058,
        2.1825463913173735
      ],
      [
        -0.018059549060604262,
        0.008218263780527979,
        0.9998031370365674,
        2.0738580940145397
      ],
      [
        0.0,
        0.0,
        0.0,
        1.0
      ]
    ],
    "location": [
      -55.847665556905554,
      2.1825463913173735,
      2.0738580940145397
    ],
    "rotation": [
      0.008219696848915516,
      0.018060530883607435,
      1.1125948651274746
    ]
  },
  {
    "label_id": "fGU9Sr0Kb4t6a-Bm1yxzCA",
    "size": [
      2.2511169924657466,
      4.929714534152837,
      1.509999999999998
    ],
    "obj_class": "vehicle",
    "point_num_in_lidar": 284,
    "speed": 3.1779029390639186,
    "if_vehicle": true,
    "motion_state": true,
    "pose": [
      [
        0.6338947029952209,
        -0.773266823361943,
        0.015359863356492504,
        -57.84018227448928
      ],
      [
        0.7731747132599845,
        0.6340686879241333,
        0.01256032521508058,
        28.111300863523866
      ],
      [
        -0.019451691184603454,
        0.003913934324631744,
        0.9998031370365674,
        0.8876229419895623
      ],
      [
        0.0,
        0.0,
        0.0,
        1.0
      ]
    ],
    "location": [
      -57.84018227448928,
      28.111300863523866,
      0.8876229419895623
    ],
    "rotation": [
      0.003914684987732736,
      0.019452918044028714,
      0.8840626403258832
    ]
  },
  {
    "label_id": "fm4vUhcFchzvNSDaSv-h3Q",
    "size": [
      2.075302221604968,
      4.447160908047483,
      1.5899999999999963
    ],
    "obj_class": "vehicle",
    "point_num_in_lidar": 124,
    "speed": 5.3290705182007514e-14,
    "if_vehicle": true,
    "motion_state": false,
    "pose": [
      [
        0.41691927414407537,
        -0.9088137286841826,
        0.015359863356492504,
        -49.95175581959745
      ],
      [
        0.9087687844609207,
        0.4171109380247801,
        0.01256032521508058,
        -1.1964104116395902
      ],
      [
        -0.017821763004762382,
        0.008721922680280606,
        0.9998031370365674,
        1.3387872537514554
      ],
      [
        0.0,
        0.0,
        0.0,
        1.0
      ]
    ],
    "location": [
      -49.95175581959745,
      -1.1964104116395902,
      1.3387872537514554
    ],
    "rotation": [
      0.008723418756834031,
      0.01782270655020548,
      1.1406701385778841
    ]
  },
  {
    "label_id": "gpjixMPWFS6iGvBmsDByCw",
    "size": [
      1.9570612401651002,
      4.52179090021459,
      1.490000000000002
    ],
    "obj_class": "vehicle",
    "point_num_in_lidar": 98,
    "speed": 3.7025613125152965,
    "if_vehicle": true,
    "motion_state": true,
    "pose": [
      [
        0.7025064426376344,
        -0.7115116110438998,
        0.015359863356492504,
        -65.42860545230667
      ],
      [
        0.7114038480282441,
        0.7026711914125257,
        0.01256032521508058,
        19.93007491812932
      ],
      [
        -0.019729750713657488,
        0.002103356511778747,
        0.9998031370365674,
        0.8833567512589653
      ],
      [
        0.0,
        0.0,
        0.0,
        1.0
      ]
    ],
    "location": [
      -65.42860545230667,
      19.93007491812932,
      0.8833567512589653
    ],
    "rotation": [
      0.002103767562656226,
      0.01973103094846006,
      0.7916908454789553
    ]
  },
  {
    "label_id": "kt38cGopRoo7r_UIYR3sFw",
    "size": [
      0.7165647637058109,
      1.15292320642138,
      1.8846460176991258
    ],
    "obj_class": "pedestrian",
    "point_num_in_lidar": 360,
    "speed": 1.4923554793314862,
    "if_vehicle": false,
    "motion_state": true,
    "pose": [
      [
        0.3719218779582086,
        -0.9281369464113091,
        0.015359863356492504,
        -25.817361640733793
      ],
      [
        0.9281014403439748,
        0.37211551252525144,
        0.01256032521508058,
        29.51359221266648
      ],
      [
        -0.0173733453162769,
        0.009584051562888721,
        0.9998031370365674,
        1.080919833799662
      ],
      [
        0.0,
        0.0,
        0.0,
        1.0
      ]
    ],
    "location": [
      -25.817361640733793,
      29.51359221266648,
      1.080919833799662
    ],
    "rotation": [
      0.009585645077365835,
      0.01737421941019776,
      1.1896572812930846
    ]
  },
  {
    "label_id": "l3xS3YkgkvGjtw43tFm6rQ",
    "size": [
      2.3695743119442496,
      5.118608991722786,
      1.8900000000000006
    ],
    "obj_class": "vehicle",
    "point_num_in_lidar": 353,
    "speed": 1.7056726000188582e-12,
    "if_vehicle": true,
    "motion_state": false,
    "pose": [
      [
        0.28127854640138344,
        -0.9595032328929354,
        0.015359863356492504,
        -48.90372994643997
      ],
      [
        0.9594864438388434,
        0.28147469214830173,
        0.01256032521508058,
        -8.654192696067184
      ],
      [
        -0.016375085459765182,
        0.011204630650945045,
        0.9998031370365674,
        1.8758094929752716
      ],
      [
        0.0,
        0.0,
        0.0,
        1.0
      ]
    ],
    "location": [
      -48.90372994643997,
      -8.654192696067184,
      1.8758094929752716
    ],
    "rotation": [
      0.011206367729938854,
      0.016375817359996433,
      1.28563083301011
    ]
  },
  {
    "label_id": "m7Zig1vxyIMbVf23v0kejQ",
    "size": [
      1.954962046507931,
      4.652521910785289,
      1.5
    ],
    "obj_class": "vehicle",
    "point_num_in_lidar": 259,
    "speed": 8.536466332787,
    "if_vehicle": true,
    "motion_state": true,
    "pose": [
      [
        0.7129699675788854,
        -0.7010263189982476,
        0.015359863356492504,
        -29.34825973463171
      ],
      [
        0.7009161271542063,
        0.7131331018299738,
        0.01256032521508058,
        42.598924406751394
      ],
      [
        -0.01975874555004887,
        0.001810841276074272,
        0.9998031370365674,
        1.1073907524221411
      ],
      [
        0.0,
        0.0,
        0.0,
        1.0
      ]
    ],
    "location": [
      -29.34825973463171,
      42.598924406751394,
      1.1073907524221411
    ],
    "rotation": [
      0.0018111958533439496,
      0.01976003143811126,
      0.7768730435499871
    ]
  },
  {
    "label_id": "mShdQlwq1vFW4EzzyC_VbA",
    "size": [
      1.835997028617331,
      4.395001319836361,
      1.4400000000000048
    ],
    "obj_class": "vehicle",
    "point_num_in_lidar": 519,
    "speed": 9.344267320617861,
    "if_vehicle": true,
    "motion_state": true,
    "pose": [
      [
        0.6988714101185122,
        -0.715082391558226,
        0.015359863356492504,
        -36.31465841711315
      ],
      [
        0.7149754695125811,
        0.6990367059216244,
        0.01256032521508058,
        40.087062599932324
      ],
      [
        -0.0197187756776777,
        0.0022038733203468444,
        0.9998031370365674,
        1.1660272224503458
      ],
      [
        0.0,
        0.0,
        0.0,
        1.0
      ]
    ],
    "location": [
      -36.31465841711315,
      40.087062599932324,
      1.1660272224503458
    ],
    "rotation": [
      0.002204303696596766,
      0.019720053776957094,
      0.7967879137629849
    ]
  },
  {
    "label_id": "p_-q0upnS--pDSRP2-WGZQ",
    "size": [
      1.901868574485703,
      4.648856578040061,
      1.7800000000000011
    ],
    "obj_class": "vehicle",
    "point_num_in_lidar": 135,
    "speed": 8.440067373959382,
    "if_vehicle": true,
    "motion_state": true,
    "pose": [
      [
        0.7172832974373711,
        -0.6966123353882283,
        0.015359863356492504,
        -49.624078551132925
      ],
      [
        0.6965011387375214,
        0.7174457484491961,
        0.01256032521508058,
        22.61578908697993
      ],
      [
        -0.019769546143189085,
        0.0016888508314909993,
        0.9998031370365674,
        1.1543064888077694
      ],
      [
        0.0,
        0.0,
        0.0,
        1.0
      ]
    ],
    "location": [
      -49.624078551132925,
      22.61578908697993,
      1.1543064888077694
    ],
    "rotation": [
      0.001689181762532498,
      0.01977083414134147,
      0.7706995562467808
    ]
  },
  {
    "label_id": "qqtlWI89nAPB5R9a65QLWQ",
    "size": [
      0.7219228465574025,
      0.9605874422248267,
      1.6599999999999966
    ],
    "obj_class": "pedestrian",
    "point_num_in_lidar": 339,
    "speed": 1.225269230111763,
    "if_vehicle": false,
    "motion_state": true,
    "pose": [
      [
        0.5205370431606777,
        -0.8537009202848551,
        0.015359863356492504,
        -29.855832850898082
      ],
      [
        0.8536338275499346,
        0.520722120418309,
        0.01256032521508058,
        17.07967593043213
      ],
      [
        -0.018720981811519627,
        0.006573584399052131,
        0.9998031370365674,
        0.9267564628145593
      ],
      [
        0.0,
        0.0,
        0.0,
        1.0
      ]
    ],
    "location": [
      -29.855832850898082,
      17.07967593043213,
      0.9267564628145593
    ],
    "rotation": [
      0.006574784009746047,
      0.018722075523871215,
      1.0232096579891945
    ]
  },
  {
    "label_id": "qtdDGxCsGHPBehUbqu5xcg",
    "size": [
      0.9748487835258667,
      0.10736751885132706,
      0.6372414334679277
    ],
    "obj_class": "sign",
    "point_num_in_lidar": 52,
    "speed": 0.007307763472745461,
    "if_vehicle": false,
    "motion_state": false,
    "pose": [
      [
        0.10276194622013855,
        -0.9945873802772279,
        0.015359863356492504,
        -37.97542234488799
      ],
      [
        0.994606410439655,
        0.10295788722985683,
        0.01256032521508058,
        4.243149386462392
      ],
      [
        -0.014073760030420775,
        0.01398629509358504,
        0.9998031370365674,
        1.1416067646205477
      ],
      [
        0.0,
        0.0,
        0.0,
        1.0
      ]
    ],
    "location": [
      -37.97542234488799,
      4.243149386462392,
      1.1416067646205477
    ],
    "rotation": [
      0.013988136604407425,
      0.014074224671803293,
      1.4678424215959394
    ]
  },
  {
    "label_id": "rgmY_QECrtLgzEVHHJqCdg",
    "size": [
      2.1965088060132976,
      4.671838545906206,
      1.8500000000000014
    ],
    "obj_class": "vehicle",
    "point_num_in_lidar": 343,
    "speed": 1.421529491362787e-12,
    "if_vehicle": true,
    "motion_state": false,
    "pose": [
      [
        0.28257753151068177,
        -0.9591214799403668,
        0.015359863356492504,
        -50.88574746385791
      ],
      [
        0.959104425304871,
        0.28277365434407836,
        0.01256032521508058,
        5.965728055451109
      ],
      [
        -0.016390242400361483,
        0.011182447223041247,
        0.9998031370365674,
        1.2526150343270004
      ],
      [
        0.0,
        0.0,
        0.0,
        1.0
      ]
    ],
    "location": [
      -50.88574746385791,
      5.965728055451109,
      1.2526150343270004
    ],
    "rotation": [
      0.011184182714853904,
      0.016390976335000758,
      1.2842766569256183
    ]
  },
  {
    "label_id": "sgqcjcLMcNqQ6bf9oi3l_Q",
    "size": [
      2.0527169757295916,
      4.312467707037239,
      1.6907197922451331
    ],
    "obj_class": "vehicle",
    "point_num_in_lidar": 36,
    "speed": 0.006869036053708017,
    "if_vehicle": true,
    "motion_state": false,
    "pose": [
      [
        -0.6999169244061837,
        -0.714059082658752,
        0.015359863356492504,
        -61.20059121056431
      ],
      [
        0.7142220453830467,
        -0.6998064790492787,
        0.01256032521508058,
        67.49329359145486
      ],
      [
        0.0017801175932090222,
        0.019761537217358825,
        0.9998031370365674,
        1.3840952493557168
      ],
      [
        0.0,
        0.0,
        0.0,
        1.0
      ]
    ],
    "location": [
      -61.20059121056431,
      67.49329359145486,
      1.3840952493557168
    ],
    "rotation": [
