[
  {
    "label_id": "2m4G_1FvlVHMqTBFExLTsQ",
    "size": [
      2.3729798440713394,
      6.136064268284593,
      2.1000000000000014
    ],
    "obj_class": "vehicle",
    "point_num_in_lidar": 90,
    "speed": 2.5105026316898713,
    "if_vehicle": true,
    "motion_state": true,
    "pose": [
      [
        0.7104575353187416,
        -0.7036381182001354,
        0.011978694611318307,
        -76.13945379965242
      ],
      [
        0.7034892609312327,
        0.7105558411258222,
        0.014603300873546143,
        9.003884448397002
      ],
      [
        -0.018786970571307036,
        -0.0019481421271003634,
        0.9998216113282437,
        1.2554747474747145
      ],
      [
        0.0,
        0.0,
        0.0,
        1.0
      ]
    ],
    "location": [
      -76.13945379965242,
      9.003884448397002,
      1.2554747474747145
    ],
    "rotation": [
      -0.0019484872497116858,
      0.018788075891239497,
      0.7804699595975428
    ]
  },
  {
    "label_id": "2q1az4vBCKBYmYg-0yqbfw",
    "size": [
      1.8222848117901762,
      4.642363821151301,
      1.5700000000000003
    ],
    "obj_class": "vehicle",
    "point_num_in_lidar": 147,
    "speed": 3.200632238230091,
    "if_vehicle": true,
    "motion_state": true,
    "pose": [
      [
        0.5896098622617069,
        -0.807599356859043,
        0.011978694611318307,
        -55.257825937880284
      ],
      [
        0.8074680136029971,
        0.5897305745945574,
        0.014603300873546143,
        30.810181600501892
      ],
      [
        -0.01885781884952044,
        0.001062162526740315,
        0.9998216113282437,
        0.9524721965197429
      ],
      [
        0.0,
        0.0,
        0.0,
        1.0
      ]
    ],
    "location": [
      -55.257825937880284,
      30.810181600501892,
      0.9524721965197429
    ],
    "rotation": [
      0.0010623516386556854,
      0.018858936722957523,
      0.9400907608101288
    ]
  },
  {
    "label_id": "3plNn4EcFthBCzoPgxogzQ",
    "size": [
      0.7108828532893172,
      0.7730393517247112,
      1.1052173913043362
    ],
    "obj_class": "pedestrian",
    "point_num_in_lidar": 144,
    "speed": 1.6211201269926105,
    "if_vehicle": false,
    "motion_state": true,
    "pose": [
      [
        0.6121490171036065,
        -0.7906516879982598,
        0.011978694611318307,
        -31.224196011153822
      ],
      [
        0.7905169929871118,
        0.6122659776618422,
        0.014603300873546143,
        17.25160495271666
      ],
      [
        -0.018880271653327164,
        0.000529965367840759,
        0.9998216113282437,
        0.678465263352173
      ],
      [
        0.0,
        0.0,
        0.0,
        1.0
      ]
    ],
    "location": [
      -31.224196011153822,
      17.25160495271666,
      0.678465263352173
    ],
    "rotation": [
      0.0005300598748841536,
      0.018881393524890263,
      0.9118828428193418
    ]
  },
  {
    "label_id": "5zhamXYExjfy-r5noa4I-w",
    "size": [
      2.3211440729219546,
      5.242010731245653,
      2.1488031328796637
    ],
    "obj_class": "vehicle",
    "point_num_in_lidar": 8706,
    "speed": 0.02117089670685389,
    "if_vehicle": true,
    "motion_state": false,
    "pose": [
      [
        -0.7143484137577443,
        -0.699687683639782,
        0.011978694611318307,
        -23.167961909910446
      ],
      [
        0.6997882391683579,
        -0.7142010668749003,
        0.014603300873546143,
        13.876278143950913
      ],
      [
        -0.001662553290534151,
        0.0188143944242347,
        0.9998216113282437,
        1.2501154293865184
      ],
      [
        0.0,
        0.0,
        0.0,
        1.0
      ]
    ],
    "location": [
      -23.167961909910446,
      13.876278143950913,
      1.2501154293865184
    ],
    "rotation": [
      0.018815530599083797,
      0.0016625540564411078,
      2.366490284505939
    ]
  },
  {
    "label_id": "68xsQWcIHjMMfTHtOcaoIw",
    "size": [
      1.0573433360676197,
      0.09741873349442347,
      0.4299999999999997
    ],
    "obj_class": "sign",
    "point_num_in_lidar": 23,
    "speed": 0.006984968078994169,
    "if_vehicle": false,
    "motion_state": false,
    "pose": [
      [
        0.6687949634778356,
        0.7433503936247625,
        0.011978694611318307,
        -57.414366227775645
      ],
      [
        -0.7434414553863959,
        0.6686415676702684,
        0.014603300873546143,
        37.027665165374856
      ],
      [
        0.002845916309016094,
        -0.0186720722298468,
        0.9998216113282437,
        3.167741900206387
      ],
      [
        0.0,
        0.0,
        0.0,
        1.0
      ]
    ],
    "location": [
      -57.414366227775645,
      37.027665165374856,
      3.167741900206387
    ],
    "rotation": [
      -0.0186732330199701,
      -0.0028459201506564583,
      -0.8382059582072687
    ]
  },
  {
    "label_id": "6djyJkS4AhgaIy3jTcAkaA",
    "size": [
      1.990064562314003,
      4.61873044206499,
      1.730000000000004
    ],
    "obj_class": "vehicle",
    "point_num_in_lidar": 311,
    "speed": 9.9725083207976,
    "if_vehicle": true,
    "motion_state": true,
    "pose": [
      [
        0.7154492534384276,
        -0.6985620062884937,
        0.011978694611318307,
        -31.82397814257888
      ],
      [
        0.6984124528800388,
        0.7155464969278267,
        0.014603300873546143,
        52.80594723754257
      ],
      [
        -0.018772624123555955,
        -0.0020818512219236028,
        0.9998216113282437,
        1.1766319819989661
      ],
      [
        0.0,
        0.0,
        0.0,
        1.0
      ]
    ],
    "location": [
      -31.82397814257888,
      52.80594723754257,
      1.1766319819989661
    ],
    "rotation": [
      -0.0020822196576035143,
      0.01877372691296067,
      0.7733489113515836
    ]
  },
  {
    "label_id": "6hxt5zygbQRvmtThpAKlzg",
    "size": [
      2.0933483852658523,
      5.475322394370159,
      1.8000000000000043
    ],
    "obj_class": "vehicle",
    "point_num_in_lidar": 300,
    "speed": 0.0037193505671334927,
    "if_vehicle": true,
    "motion_state": false,
    "pose": [
      [
        0.32272374372482454,
        -0.9464174005752656,
        0.011978694611318307,
        -46.59469056441378
      ],
      [
        0.9463279046204321,
        0.32287805831350447,
        0.014603300873546143,
        -2.0594266011194122
      ],
      [
        -0.01768847570979294,
        0.006622941042966104,
        0.9998216113282437,
        1.5243730438714778
      ],
      [
        0.0,
        0.0,
        0.0,
        1.0
      ]
    ],
    "location": [
      -46.59469056441378,
      -2.0594266011194122,
      1.5243730438714778
    ],
    "rotation": [
      0.0066240258273382755,
      0.017689398241141133,
      1.2421371702181083
    ]
  },
  {
    "label_id": "7VCe0--NDlntifOpFryrQg",
    "size": [
      0.6912153101385252,
      1.066362559770647,
      1.7299999999999969
    ],
    "obj_class": "pedestrian",
    "point_num_in_lidar": 372,
    "speed": 1.1964491521168183,
    "if_vehicle": false,
    "motion_state": true,
    "pose": [
      [
        0.35703482671800935,
        -0.9340142629456201,
        0.011978694611318307,
        -28.418690907122254
      ],
      [
        0.9339191970698044,
        0.3571857737201869,
        0.014603300873546143,
        20.498784242437978
      ],
      [
        -0.017918310604879892,
        0.005973245856449284,
        0.9998216113282437,
        1.1138078900685713
      ],
      [
        0.0,
        0.0,
        0.0,
        1.0
      ]
    ],
    "location": [
      -28.418690907122254,
      20.498784242437978,
      1.1138078900685713
    ],
    "rotation": [
      0.005974240528311957,
      0.017919269569722795,
      1.205643385532127
    ]
  },
  {
    "label_id": "8hZwpu_QOehwpCU39N1TMA",
    "size": [
      1.03524877406295,
      2.0287232664821753,
      1.3900000000000006
    ],
    "obj_class": "vehicle",
    "point_num_in_lidar": 983,
    "speed": 0.00343196723295579,
    "if_vehicle": true,
    "motion_state": false,
    "pose": [
      [
        -0.8279653944955507,
        0.5606512431032646,
        0.011978694611318307,
        -18.864869335380604
      ],
      [
        -0.5604868183064143,
        -0.8280345826765625,
        0.014603300873546143,
        25.25909870579926
      ],
      [
        0.01810613218165758,
        0.0053771273385408635,
        0.9998216113282437,
        0.8167037640168502
      ],
      [
        0.0,
        0.0,
        0.0,
        1.0
      ]
    ],
    "location": [
      -18.864869335380604,
      25.25909870579926,
      0.8167037640168502
    ],
    "rotation": [
      0.0053780348775902195,
      -0.01810712162262026,
      -2.5465081745780225
    ]
  },
  {
    "label_id": "9GOp9QAQoR3n_l4KYwu1hQ",
    "size": [
      0.8074269342862673,
      0.08924921455650353,
      0.7712386422860718
    ],
    "obj_class": "sign",
    "point_num_in_lidar": 151,
    "speed": 0.013529901621877094,
    "if_vehicle": false,
    "motion_state": false,
    "pose": [
      [
        0.7968298782169029,
        0.6040849742016803,
        0.011978694611318307,
        -30.411086315212174
      ],
      [
        -0.60420329712828,
        0.7966963783919895,
        0.014603300873546143,
        10.03946445661677
      ],
      [
        -0.0007217479832454386,
        -0.018873913236083843,
        0.9998216113282437,
        2.9245577811042054
      ],
      [
        0.0,
        0.0,
        0.0,
        1.0
      ]
    ],
    "location": [
      -30.411086315212174,
      10.03946445661677,
      2.9245577811042054
    ],
    "rotation": [
      -0.018875038891228785,
      0.0007217480459076315,
      -0.6487658452578254
    ]
  },
  {
    "label_id": "F7Bt39aSBBq_9EfdYbJu_g",
    "size": [
      0.9771451001727376,
      0.10328031173047941,
      0.937241433467932
    ],
    "obj_class": "sign",
    "point_num_in_lidar": 116,
    "speed": 0.0075479354352736925,
    "if_vehicle": false,
    "motion_state": false,
    "pose": [
      [
        0.1030351547356278,
        -0.9946055840201251,
        0.011978694611318307,
        -37.98018817709658
      ],
      [
        0.9945528413844831,
        0.10320556815234296,
        0.014603300873546143,
        4.245133744683699
      ],
      [
        -0.015760792577039478,
        0.010408791396606863,
        0.9998216113282437,
        1.9583736988598517
      ],
      [
        0.0,
        0.0,
        0.0,
        1.0
      ]
    ],
    "location": [
      -37.98018817709658,
      4.245133744683699,
      1.9583736988598517
    ],
    "rotation": [
      0.010410272455235488,
      0.015761445153584682,
      1.4675651198871345
    ]
  },
  {
    "label_id": "FHzBwE7eKp7LHnQlmrMUuQ",
    "size": [
      2.082778756602727,
      4.920507422140986,
      1.4399999999999977
    ],
    "obj_class": "vehicle",
    "point_num_in_lidar": 839,
    "speed": 8.82150397992685,
    "if_vehicle": true,
    "motion_state": true,
    "pose": [
      [
        0.7135969161307624,
        -0.7004541042524304,
        0.011978694611318307,
        -36.80320268476805
      ],
      [
        0.7003048088741902,
        0.7136945553044948,
        0.014603300873546143,
        30.552403902374863
      ],
      [
        -0.018778071156261664,
        -0.002032133028350636,
        0.9998216113282437,
        1.0845739782661923
      ],
      [
        0.0,
        0.0,
        0.0,
        1.0
      ]
    ],
    "location": [
      -36.80320268476805,
      30.552403902374863,
      1.0845739782661923
    ],
    "rotation": [
      -0.002032492803776018,
      0.018779174905997058,
      0.7759974282111951
    ]
  },
  {
    "label_id": "FoYJ89RoPhxC2s7oyR-IYw",
    "size": [
      2.0645031847102673,
      4.8697259209348065,
      1.8100000000000023
    ],
    "obj_class": "vehicle",
    "point_num_in_lidar": 89,
    "speed": 10.821114166577372,
    "if_vehicle": true,
    "motion_state": true,
    "pose": [
      [
        0.6961877446123714,
        -0.7177598032259458,
        0.011978694611318307,
        -54.454896492895955
      ],
      [
        0.7176129495969502,
        0.6962890191395823,
        0.014603300873546143,
        26.031796452474737
      ],
      [
        -0.018822295882933188,
        -0.0015705727267007381,
        0.9998216113282437,
        1.2051304803318246
      ],
      [
        0.0,
        0.0,
        0.0,
        1.0
      ]
    ],
    "location": [
      -54.454896492895955,
      26.031796452474737,
      1.2051304803318246
    ],
    "rotation": [
      -0.0015708516570058506,
      0.018823407450290867,
      0.8005513353911231
    ]
  },
  {
    "label_id": "HA5PLwFMuobFWkWpC5lNrg",
    "size": [
      2.0717866709381965,
      4.6109109994821855,
      1.8599999999999994
    ],
    "obj_class": "vehicle",
    "point_num_in_lidar": 414,
    "speed": 0.0050550227298536265,
    "if_vehicle": true,
    "motion_state": false,
    "pose": [
      [
        0.3388000746727943,
        -0.9407821322054952,
        0.011978694611318307,
        -40.055620907151365
      ],
      [
        0.9406900203354602,
        0.338952842213881,
        0.014603300873546143,
        7.68012632015234
      ],
      [
        -0.01779873711757155,
        0.00632063905108657,
        0.9998216113282437,
        1.0480199798458258
      ],
      [
        0.0,
        0.0,
        0.0,
        1.0
      ]
    ],
    "location": [
      -40.055620907151365,
      7.68012632015234,
      1.0480199798458258
    ],
    "rotation": [
      0.00632168256877349,
      0.017799677010181737,
      1.2250980217013852
    ]
  },
  {
    "label_id": "I3rWao3BUZoXJ4ofYXC1qQ",
    "size": [
      1.959980379784576,
      4.190208464208446,
      1.740000000000002
    ],
    "obj_class": "vehicle",
    "point_num_in_lidar": 446,
    "speed": 8.021706437223747,
    "if_vehicle": true,
    "motion_state": true,
    "pose": [
      [
        0.7078784429117961,
        -0.7062326960260193,
        0.011978694611318307,
        -46.367090655866946
      ],
      [
        0.7060841994159942,
        0.7079772926716443,
        0.014603300873546143,
        26.11829412145198
      ],
      [
        -0.018793972327465165,
        -0.0018793948890569445,
        0.9998216113282437,
        1.2184593612868397
      ],
      [
        0.0,
        0.0,
        0.0,
        1.0
      ]
    ],
    "location": [
      -46.367090655866946,
      26.11829412145198,
      1.2184593612868397
    ],
    "rotation": [
      -0.001879727997700088,
      0.018795078883821464,
      0.7841292171897868
    ]
  },
  {
    "label_id": "IXOFIGIoE_Axs4Lvc4Rteg",
    "size": [
      1.2165606555011372,
      1.2453114029931163,
      1.8999999999999986
    ],
    "obj_class": "pedestrian",
    "point_num_in_lidar": 34,
    "speed": 1.4873520356149763,
    "if_vehicle": false,
    "motion_state": true,
    "pose": [
      [
        -0.9774686843800995,
        0.2107403187139245,
        0.011978694611318307,
        -58.27018006046046
      ],
      [
        -0.21056195126578867,
        -0.9774714360444198,
        0.014603300873546143,
        42.97459542249271
      ],
      [
        0.014786336104029303,
        0.011752011981495733,
        0.9998216113282437,
        1.3203506215816674
      ],
      [
        0.0,
        0.0,
        0.0,
        1.0
      ]
    ],
    "location": [
      -58.27018006046046,
      42.97459542249271,
      1.3203506215816674
    ],
    "rotation": [
      0.01175356751395813,
      -0.014786874960624925,
      -2.9294193405301727
    ]
  },
  {
    "label_id": "IwWISx28NLErylVGWpUHvQ",
    "size": [
      2.989107492389345,
      13.851028361303396,
      4.359999999999957
    ],
    "obj_class": "vehicle",
    "point_num_in_lidar": 716,
    "speed": 0.46449947399808056,
    "if_vehicle": true,
    "motion_state": false,
    "pose": [
      [
        -0.007064095658187562,
        -0.9999033000385292,
        0.011978694611318307,
        -51.926373776452806
      ],
      [
        0.9998696347470721,
        -0.006888912421654786,
        0.014603300873546143,
        -20.734849512307846
      ],
      [
        -0.014519368556811203,
        0.012080292120061582,
        0.9998216113282437,
        3.640384221705162
      ],
      [
        0.0,
        0.0,
        0.0,
        1.0
      ]
    ],
    "location": [
      -51.926373776452806,
      -20.734849512307846,
      3.640384221705162
    ],
    "rotation": [
      0.012081859589118825,
      0.014519878748219396,
      1.5778612259404594
    ]
  },
  {
    "label_id": "JpL6P0gAOoixkeBIrZJTfg",
    "size": [
      2.01388612024274,
      4.439900271844769,
      1.8999999999999986
    ],
    "obj_class": "vehicle",
    "point_num_in_lidar": 114,
    "speed": 0.022204602744289672,
    "if_vehicle": true,
    "motion_state": false,
    "pose": [
      [
        0.3424953962410891,
        -0.9394431406046182,
        0.011978694611318307,
        -43.986347607562834
      ],
      [
        0.9393504289617323,
        0.3426478005372372,
        0.014603300873546143,
        5.914719702130242
      ],
      [
        -0.017823444197713825,
        0.006250628602430415,
        0.9998216113282437,
        1.1797956460641146
      ],
      [
        0.0,
        0.0,
        0.0,
        1.0
      ]
    ],
    "location": [
      -43.986347607562834,
      5.914719702130242,
      1.1797956460641146
    ],
    "rotation": [
      0.006251662396274438,
      0.017824388010231985,
      1.221166758665129
    ]
  },
  {
    "label_id": "KrhsovjxBcR6nVUHaHguGQ",
    "size": [
      1.7925252567132102,
      4.234691331167228,
      1.5799999999999983
    ],
    "obj_class": "vehicle",
    "point_num_in_lidar": 62,
    "speed": 8.974246774387654,
    "if_vehicle": true,
    "motion_state": true,
    "pose": [
      [
        0.7054137749882811,
        -0.7086945159461809,
        0.011978694611318307,
        -43.97869971039495
      ],
      [
        0.7085463646099156,
        0.7055131414804895,
        0.014603300873546143,
        36.5057998594184
      ],
      [
        -0.01880040570986081,
        -0.0018139090768758742,
        0.9998216113282437,
        1.0856873176652542
      ],
      [
        0.0,
        0.0,
        0.0,
        1.0
      ]
    ],
    "location": [
      -43.97869971039495,
      36.5057998594184,
      1.0856873176652542
    ],
    "rotation": [
      -0.001814230724964584,
      0.018801513403085782,
      0.7876136321427634
    ]
  },
  {
    "label_id": "R02j7hrIj7vZK3LuWkAaDQ",
    "size": [
      0.8959697064606237,
      0.1253559028273384,
      0.930247678744081
    ],
    "obj_class": "sign",
    "point_num_in_lidar": 191,
    "speed": 0.022749431154851306,
    "if_vehicle": false,
    "motion_state": false,
    "pose": [
      [
        -0.4797972756409338,
        0.8772976035319752,
        0.011978694611318307,
        -36.2489773389907
      ],
      [
        -0.877183039595357,
        -0.47993401489147125,
        0.014603300873546143,
        9.901456284038431
      ],
      [
        0.018560423857987257,
        -0.003500883775048409,
        0.9998216113282437,
        2.7338219219345206
      ],
      [
        0.0,
        0.0,
        0.0,
        1.0
      ]
    ],
    "location": [
      -36.2489773389907,
      9.901456284038431,
      2.7338219219345206
    ],
    "rotation": [
      -0.0035014940944345114,
      -0.018561489667892533,
      -2.0713141871569243
    ]
  },
  {
    "label_id": "S05vGIC4FhivaSi6jovxRw",
    "size": [
      0.4315698344531306,
      0.05222533530636376,
      0.46000000000000085
    ],
    "obj_class": "sign",
    "point_num_in_lidar": 29,
    "speed": 0.005239506183998683,
    "if_vehicle": false,
    "motion_state": false,
    "pose": [
      [
        0.7340176101381075,
        0.6790247851754382,
        0.011978694611318307,
        -24.11995627021497
      ],
      [
        -0.6791295031297312,
        0.7338731917588767,
        0.014603300873546143,
        3.3239492738339322
      ],
      [
        0.001125160390998936,
        -0.018854164926855467,
        0.9998216113282437,
        1.9881860723456128
      ],
      [
        0.0,
        0.0,
        0.0,
        1.0
      ]
    ],
    "location": [
      -24.11995627021497,
      3.3239492738339322,
      1.9881860723456128
    ],
    "rotation": [
      -0.018855294087232723,
      -0.0011251606284052706,
      -0.7465766355004005
    ]
  },
  {
    "label_id": "Tc_grduMpPFzotyj6WiPYw",
    "size": [
      0.8046151891148646,
      0.889443332664063,
      1.7230060925525095
    ],
    "obj_class": "pedestrian",
    "point_num_in_lidar": 247,
    "speed": 1.529607411165459,
    "if_vehicle": false,
    "motion_state": true,
    "pose": [
      [
        0.7071395143565931,
        -0.706972572389432,
        0.011978694611318307,
        -31.117907720211747
      ],
      [
        0.7068241792325514,
        0.7072385193524366,
        0.014603300873546143,
        16.652269309757685
      ],
      [
        -0.018795927424631525,
        -0.0018597401008001817,
        0.9998216113282437,
        0.993585713982732
      ],
      [
        0.0,
        0.0,
        0.0,
        1.0
      ]
    ],
    "location": [
      -31.117907720211747,
      16.652269309757685,
      0.993585713982732
    ],
    "rotation": [
      -0.0018600697713623891,
      0.018797034326398513,
      0.7851751483934255
    ]
  },
  {
    "label_id": "U1dH0uDhaeGUHpknIe9pRQ",
    "size": [
      1.9809537790342313,
      4.634512657984047,
      1.75
    ],
    "obj_class": "vehicle",
    "point_num_in_lidar": 42,
    "speed": 5.731373756537101,
    "if_vehicle": true,
    "motion_state": true,
    "pose": [
      [
        0.7083596711830391,
        -0.7057500174402164,
        0.011978694611318307,
        -72.68616481240747
      ],
      [
        0.7056014534852613,
        0.7084584196994792,
        0.014603300873546143,
        7.5430408614356566
      ],
      [
        -0.01879268690058715,
        -0.0018922050763698682,
        0.9998216113282437,
        1.0798865679757625
      ],
      [
        0.0,
        0.0,
        0.0,
        1.0
      ]
    ],
    "location": [
      -72.68616481240747,
      7.5430408614356566,
      1.0798865679757625
    ],
    "rotation": [
      -0.001892540425032514,
      0.01879379322988383,
      0.7834474632324264
    ]
  },
  {
    "label_id": "WkuuNxUfsNcZQTemPqZG0A",
    "size": [
      1.699991031284811,
      4.453167383139791,
      1.5278147229951173
    ],
    "obj_class": "vehicle",
    "point_num_in_lidar": 75,
    "speed": 0.013786237947798997,
    "if_vehicle": true,
    "motion_state": false,
    "pose": [
      [
        0.6882176519410517,
        -0.7254053862718103,
        0.011978694611318307,
        -65.15085583083066
      ],
      [
        0.7252596601734251,
        0.6883205422829719,
        0.014603300873546143,
        24.013820066578774
      ],
      [
        -0.018838494681722932,
        -0.0013625854546546808,
        0.9998216113282437,
        0.9525109478896141
      ],
      [
        0.0,
        0.0,
        0.0,
        1.0
      ]
    ],
    "location": [
      -65.15085583083066,
      24.013820066578774,
      0.9525109478896141
    ],
    "rotation": [
      -0.0013628277241057273,
      0.018839609121760473,
      0.8115984650411426
    ]
  },
  {
    "label_id": "WlEHwQxLUOF-q1IUwMFeSA",
    "size": [
      1.7846216690559946,
      4.090804423523513,
      1.6600000000000037
    ],
    "obj_class": "vehicle",
    "point_num_in_lidar": 143,
    "speed": 6.180226762899718,
    "if_vehicle": true,
    "motion_state": true,
    "pose": [
      [
        0.721482669912038,
        -0.6923288726407459,
        0.011978694611318307,
        -64.96725421709493
      ],
      [
        0.6921784812292064,
        0.7215786122986363,
        0.014603300873546143,
        6.781707832557004
      ],
      [
        -0.018753856665400036,
        -0.002244633860604083,
        0.9998216113282437,
        1.0170413786417711
      ],
      [
        0.0,
        0.0,
        0.0,
        1.0
      ]
    ],
    "location": [
      -64.96725421709493,
      6.781707832557004,
      1.0170413786417711
    ],
    "rotation": [
      -0.0022450305775192757,
      0.018754956150303856,
      0.7646718441012729
    ]
  },
  {
    "label_id": "YC3_X2Acqy93ylt39sAhfw",
    "size": [
      2.1263744226855237,
      4.678871084775954,
      1.740000000000002
    ],
    "obj_class": "vehicle",
    "point_num_in_lidar": 319,
    "speed": 7.366954147266688,
    "if_vehicle": true,
    "motion_state": true,
    "pose": [
      [
        0.7176958332323119,
        -0.6962536907165278,
        0.011978694611318307,
        -53.417794034205144
      ],
      [
        0.6961038248316122,
        0.7177925944577561,
        0.014603300873546143,
        14.375021130315872
      ],
      [
        -0.018765820413125706,
        -0.0021423130529533516,
        0.9998216113282437,
        1.1143904763375048
      ],
      [
        0.0,
        0.0,
        0.0,
        1.0
      ]
    ],
    "location": [
      -53.417794034205144,
      14.375021130315872,
      1.1143904763375048
    ],
    "rotation": [
      -0.002142692006388131,
      0.018766922003795518,
      0.7701270252432292
    ]
  },
  {
    "label_id": "cGy-7JZfWzadYOxbpSdAYQ",
    "size": [
      0.9696665606995433,
      0.9278091775285798,
      1.9399999999999977
    ],
    "obj_class": "pedestrian",
    "point_num_in_lidar": 279,
    "speed": 1.065797765170846,
    "if_vehicle": false,
    "motion_state": true,
    "pose": [
      [
        0.3340392962571199,
        -0.9424830287233066,
        0.011978694611318307,
        -28.947132964497655
      ],
      [
        0.9423916903994877,
        0.33419252754900564,
        0.014603300873546143,
        20.413268257401796
      ],
      [
        -0.017766553465551595,
        0.006410545916709155,
        0.9998216113282437,
        1.135519528969894
      ],
      [
        0.0,
        0.0,
        0.0,
        1.0
      ]
    ],
    "location": [
      -28.947132964497655,
      20.413268257401796,
      1.135519528969894
    ],
    "rotation": [
      0.006411601830665584,
      0.0177674882683562,
      1.2301545849326032
    ]
  },
  {
    "label_id": "cv9oyKZbR5OEysJKx0Ipiw",
    "size": [
      1.453522973868023,
      0.1300954602712818,
      0.4602476787440821
    ],
    "obj_class": "sign",
    "point_num_in_lidar": 61,
    "speed": 0.048040893701764495,
    "if_vehicle": false,
    "motion_state": false,
    "pose": [
      [
        0.5337183913128108,
        -0.8455774297188131,
        0.011978694611318307,
        -36.327493932602124
      ],
      [
        0.8454545392682485,
        0.5338476989126303,
        0.014603300873546143,
        9.950287496933015
      ],
      [
        -0.018743020172293047,
        0.0023333914835611588,
        0.9998216113282437,
        0.7804945553581533
      ],
      [
        0.0,
        0.0,
        0.0,
        1.0
      ]
    ],
    "location": [
      -36.327493932602124,
      9.950287496933015,
      0.7804945553581533
    ],
    "rotation": [
      0.002333803571298407,
      0.018744117752159548,
      1.0076939241801328
    ]
  },
  {
    "label_id": "eqtBmTwRgy_EzvD2hRrPgw",
    "size": [
      0.9945838042625216,
      0.12124330171716347,
      0.9600000000000009
    ],
    "obj_class": "sign",
    "point_num_in_lidar": 27,
    "speed": 0.004290897176388139,
    "if_vehicle": false,
    "motion_state": false,
    "pose": [
      [
        0.44228411079649715,
        -0.8967950023346254,
        0.011978694611318307,
        -55.850095078067284
      ],
      [
        0.8966863209126568,
        0.44242557056720916,
        0.014603300873546143,
        2.18408896802066
      ],
      [
        -0.018395848039047903,
        0.004282323658809214,
        0.9998216113282437,
        2.0933191721759457
      ],
      [
        0.0,
        0.0,
        0.0,
        1.0
      ]
    ],
    "location": [
      -55.850095078067284,
      2.18408896802066,
      2.0933191721759457
    ],
    "rotation": [
      0.004283061522572206,
      0.01839688574506222,
      1.112569040314107
    ]
  },
  {
    "label_id": "fGU9Sr0Kb4t6a-Bm1yxzCA",
    "size": [
      2.251116992466118,
      4.929714534152837,
      1.509999999999998
    ],
    "obj_class": "vehicle",
    "point_num_in_lidar": 149,
    "speed": 3.4927527287471802,
    "if_vehicle": true,
    "motion_state": true,
    "pose": [
      [
        0.6875413764052337,
        -0.726046394251914,
        0.011978694611318307,
        -60.71672879069865
      ],
      [
        0.7259007640962599,
        0.6876444024988954,
        0.014603300873546143,
        24.873964059908758
      ],
      [
        -0.018839756242130717,
        -0.0013450300114259547,
        0.9998216113282437,
        0.8834181936009315
      ],
      [
        0.0,
        0.0,
        0.0,
        1.0
      ]
    ],
    "location": [
      -60.71672879069865,
      24.873964059908758,
      0.8834181936009315
    ],
    "rotation": [
      -0.001345269180819196,
      0.01884087090609974,
      0.8125304903653229
    ]
  },
  {
    "label_id": "fm4vUhcFchzvNSDaSv-h3Q",
    "size": [
      2.0753022216049692,
      4.447160908047483,
      1.5899999999999963
    ],
    "obj_class": "vehicle",
    "point_num_in_lidar": 115,
    "speed": 5.3290705182007514e-14,
    "if_vehicle": true,
    "motion_state": false,
    "pose": [
      [
        0.41693854747867454,
        -0.9088557413042964,
        0.011978694611318307,
        -49.951755819595405
      ],
      [
        0.9087510732047708,
        0.4170830019945359,
        0.014603300873546143,
        -1.1964104116414092
      ],
      [
        -0.018268403749380865,
        0.004796972529017328,
        0.9998216113282437,
        1.3387872537514767
      ],
      [
        0.0,
        0.0,
        0.0,
        1.0
      ]
    ],
    "location": [
      -49.951755819595405,
      -1.1964104116414092,
      1.3387872537514767
    ],
    "rotation": [
      0.004797791593773525,
      0.018269420035009823,
      1.1406452312972901
    ]
  },
  {
    "label_id": "gpjixMPWFS6iGvBmsDByCw",
    "size": [
      1.957061240165194,
      4.52179090021459,
      1.490000000000002
    ],
    "obj_class": "vehicle",
    "point_num_in_lidar": 46,
    "speed": 3.2335174760610665,
    "if_vehicle": true,
    "motion_state": true,
    "pose": [
      [
        0.7014608027334466,
        -0.7126073625103502,
        0.011978694611318307,
        -68.65708260551025
      ],
      [
        0.7124597661845835,
        0.7015609917689304,
        0.014603300873546143,
        16.686852058768636
      ],
      [
        -0.018810204591056423,
        -0.0017093051913393466,
        0.9998216113282437,
        0.8833567512589937
      ],
      [
        0.0,
        0.0,
        0.0,
        1.0
      ]
    ],
    "location": [
      -68.65708260551025,
      16.686852058768636,
      0.8833567512589937
    ],
    "rotation": [
      -0.0017096085008317299,
      0.018811314017376846,
      0.7931770597784947
    ]
  },
  {
    "label_id": "j-H8U138OD0NXEsmYayzMg",
    "size": [
      1.875684094925714,
      4.349050361401292,
      1.6400000000000006
    ],
    "obj_class": "vehicle",
    "point_num_in_lidar": 80,
    "speed": 10.28242778505594,
    "if_vehicle": true,
    "motion_state": true,
    "pose": [
      [
        0.7006152721479303,
        -0.7134386808328312,
        0.011978694611318307,
        -32.82700481340851
      ],
      [
        0.7132912034188754,
        0.7007156361384046,
        0.014603300873546143,
        47.71334456770455
      ],
      [
        -0.018812218325705277,
        -0.0016869981210832056,
        0.9998216113282437,
        1.205686631019688
      ],
      [
        0.0,
        0.0,
        0.0,
        1.0
      ]
    ],
    "location": [
      -32.82700481340851,
      47.71334456770455,
      1.205686631019688
    ],
    "rotation": [
      -0.0016872975148994626,
      0.018813328108412047,
      0.7943631069061405
    ]
  },
  {
    "label_id": "kt38cGopRoo7r_UIYR3sFw",
    "size": [
      0.7165647637058544,
      1.15292320642138,
      1.8846460176991258
    ],
    "obj_class": "pedestrian",
    "point_num_in_lidar": 335,
    "speed": 1.491712935840986,
    "if_vehicle": false,
    "motion_state": true,
    "pose": [
      [
        0.3896645578525953,
        -0.920878951452877,
        0.011978694611318307,
        -26.575869038340556
      ],
      [
        0.9207786353708183,
        0.3898120678586674,
        0.014603300873546143,
        27.680100697592934
      ],
      [
        -0.018117312112867517,
        0.005339337299654669,
        0.9998216113282437,
        1.123419790466265
      ],
      [
        0.0,
        0.0,
        0.0,
        1.0
      ]
    ],
    "location": [
      -26.575869038340556,
      27.680100697592934,
      1.123419790466265
    ],
    "rotation": [
      0.00534023918171728,
      0.01811830338798297,
      1.1704595363463706
    ]
  },
  {
    "label_id": "l3xS3YkgkvGjtw43tFm6rQ",
    "size": [
      2.3695743119442465,
      5.118608991722786,
      1.8900000000000006
    ],
    "obj_class": "vehicle",
    "point_num_in_lidar": 289,
    "speed": 1.7056726000188582e-12,
    "if_vehicle": true,
    "motion_state": false,
    "pose": [
      [
        0.2812915493395493,
        -0.9595475887862804,
        0.011978694611318307,
        -48.90372994643849
      ],
      [
        0.9594648832390222,
        0.28144960727406615,
        0.014603300873546143,
        -8.654192696065365
      ],
      [
        -0.017383961035543294,
        0.007385351698413036,
        0.9998216113282437,
        1.8758094929752431
      ],
      [
        0.0,
        0.0,
        0.0,
        1.0
      ]
    ],
    "location": [
      -48.90372994643849,
      -8.654192696065365,
      1.8758094929752431
    ],
    "rotation": [
      0.007386535054956353,
      0.017384836732894367,
      1.2856122870442246
    ]
  },
  {
    "label_id": "m7Zig1vxyIMbVf23v0kejQ",
    "size": [
      1.9549620465079274,
      4.652521910785289,
      1.5
    ],
    "obj_class": "vehicle",
    "point_num_in_lidar": 420,
    "speed": 8.216730845674938,
    "if_vehicle": true,
    "motion_state": true,
    "pose": [
      [
        0.7130029267381225,
        -0.7010587260267719,
        0.011978694611318307,
        -36.87442748078013
      ],
      [
        0.7009095134650514,
        0.7131006924255379,
        0.014603300873546143,
        35.06584531190492
      ],
      [
        -0.018779786927879048,
        -0.0020162152509102336,
        0.9998216113282437,
        1.1549771084031875
      ],
      [
        0.0,
        0.0,
        0.0,
        1.0
      ]
    ],
    "location": [
      -36.87442748078013,
      35.06584531190492,
      1.1549771084031875
    ],
    "rotation": [
      -0.0020165722515323972,
      0.018780890980226346,
      0.7768452162429147
    ]
  },
  {
    "label_id": "mShdQlwq1vFW4EzzyC_VbA",
    "size": [
      1.8359970286186678,
      4.395001319836361,
      1.4400000000000048
    ],
    "obj_class": "vehicle",
    "point_num_in_lidar": 307,
    "speed": 9.333356128165414,
    "if_vehicle": true,
    "motion_state": true,
    "pose": [
      [
        0.7083592350466567,
        -0.7057504551890308,
        0.011978694611318307,
        -44.70850926613605
      ],
      [
        0.7056018912951,
        0.7084579836549056,
        0.014603300873546143,
        31.632410222702674
      ],
      [
        -0.018792688069920013,
        -0.0018921934629486988,
        0.9998216113282437,
        1.103524651368268
      ],
      [
        0.0,
        0.0,
        0.0,
        1.0
      ]
    ],
    "location": [
      -44.70850926613605,
      31.632410222702674,
      1.103524651368268
    ],
    "rotation": [
      -0.0018925288095808753,
      0.01879379439942323,
      0.7834480813160107
    ]
  },
  {
    "label_id": "p_-q0upnS--pDSRP2-WGZQ",
    "size": [
      1.9018685744862232,
      4.648856578040061,
      1.7800000000000011
    ],
    "obj_class": "vehicle",
    "point_num_in_lidar": 96,
    "speed": 7.292176338187816,
    "if_vehicle": true,
    "motion_state": true,
    "pose": [
      [
        0.6978595263525309,
        -0.7161344792386625,
        0.011978694611318307,
        -56.98791169543165
      ],
      [
        0.7159873898566688,
        0.6979604581706842,
        0.014603300873546143,
        15.258862452476023
      ],
      [
        -0.0188185824454449,
        -0.001614458342148474,
        0.9998216113282437,
        1.1543064888077552
      ],
      [
        0.0,
        0.0,
        0.0,
        1.0
      ]
    ],
    "location": [
      -56.98791169543165,
      15.258862452476023,
      1.1543064888077552
    ],
    "rotation": [
      -0.0016147449911821257,
      0.018819693354961455,
      0.7982191201912143
    ]
  },
  {
    "label_id": "qqtlWI89nAPB5R9a65QLWQ",
    "size": [
      0.721922846559486,
      0.9605874422248267,
      1.6599999999999966
    ],
    "obj_class": "pedestrian",
    "point_num_in_lidar": 255,
    "speed": 1.1305421607805792,
    "if_vehicle": false,
    "motion_state": true,
    "pose": [
      [
        0.6394086874636283,
        -0.7687737256640922,
        0.011978694611318307,
        -30.391366227541084
      ],
      [
        0.7686350251164298,
        0.6395208689072327,
        0.014603300873546143,
        15.768786115091643
      ],
      [
        -0.018887259205754427,
        -0.00013023321075790673,
        0.9998216113282437,
        0.9225459319308484
      ],
      [
        0.0,
        0.0,
        0.0,
        1.0
      ]
    ],
    "location": [
      -30.391366227541084,
      15.768786115091643,
      0.9225459319308484
    ],
    "rotation": [
      -0.0001302564462958047,
      0.01888838232351955,
      0.8769189963264633
    ]
  },
  {
    "label_id": "rgmY_QECrtLgzEVHHJqCdg",
    "size": [
      2.1965088060132985,
      4.671838545906206,
      1.8500000000000014
    ],
    "obj_class": "vehicle",
    "point_num_in_lidar": 272,
    "speed": 1.421529491362787e-12,
    "if_vehicle": true,
    "motion_state": false,
    "pose": [
      [
        0.2825905944982966,
        -0.9591658181860465,
        0.011978694611318307,
        -50.885747463858706
      ],
      [
        0.9590828986917134,
        0.2827485402980842,
        0.014603300873546143,
        5.96572805544929
      ],
      [
        -0.01739394544661867,
        0.00736180567487307,
        0.9998216113282437,
        1.2633733796363202
      ],
      [
        0.0,
        0.0,
        0.0,
        1.0
      ]
    ],
    "location": [
      -50.885747463858706,
      5.96572805544929,
      1.2633733796363202
    ],
    "rotation": [
      0.007362986111129236,
      0.01739482265383382,
      1.2842580399022545
    ]
  },
  {
    "label_id": "s1PT2DTm5fMcubSyUwcq0A",
    "size": [
      1.7949461076294777,
      4.477463430629167,
      1.5
    ],
    "obj_class": "vehicle",
    "point_num_in_lidar": 616,
    "speed": 11.468305065394189,
    "if_vehicle": true,
    "motion_state": true,
    "pose": [
      [
        0.7070274745991816,
        -0.7070846208462694,
        0.011978694611318307,
        -31.88148090659581
      ],
      [
        0.7069362433801444,
        0.7071265031090024,
        0.014603300873546143,
        44.42545561943189
      ],
      [
        -0.018796221893587532,
        -0.001856761568312009,
        0.9998216113282437,
        1.1907867759891317
      ],
      [
        0.0,
        0.0,
        0.0,
        1.0
      ]
    ],
    "location": [
