[
  {
    "label_id": "2m4G_1FvlVHMqTBFExLTsQ",
    "size": [
      2.3729798440718937,
      6.136064268284593,
      2.1000000000000014
    ],
    "obj_class": "vehicle",
    "point_num_in_lidar": 543,
    "speed": 3.8984188454311957,
    "if_vehicle": true,
    "motion_state": true,
    "pose": [
      [
        0.7004220660459696,
        -0.7135104812540769,
        0.017655665846155466,
        -59.97745162636534
      ],
      [
        0.7134600781604818,
        0.7006228730311473,
        0.010114675319554279,
        25.070944008723018
      ],
      [
        -0.01958689018539525,
        0.005512070949867039,
        0.9997929639713959,
        1.2554747474747359
      ],
      [
        0.0,
        0.0,
        0.0,
        1.0
      ]
    ],
    "location": [
      -59.97745162636534,
      25.070944008723018,
      1.2554747474747359
    ],
    "rotation": [
      0.005513156525513636,
      0.019588142807878475,
      0.7946193298330714
    ]
  },
  {
    "label_id": "2q1az4vBCKBYmYg-0yqbfw",
    "size": [
      1.8222848117915644,
      4.642363821151301,
      1.5700000000000003
    ],
    "obj_class": "vehicle",
    "point_num_in_lidar": 32,
    "speed": 10.021157266460849,
    "if_vehicle": true,
    "motion_state": true,
    "pose": [
      [
        -0.7065667533445231,
        -0.7074261095914602,
        0.017655665846155466,
        -79.67876297323437
      ],
      [
        0.7076264096273217,
        -0.7065143719282191,
        0.010114675319554279,
        66.62339258425163
      ],
      [
        0.005318596255177992,
        0.01964030873396616,
        0.9997929639713959,
        1.3984706880870235
      ],
      [
        0.0,
        0.0,
        0.0,
        1.0
      ]
    ],
    "location": [
      -79.67876297323437,
      66.62339258425163,
      1.3984706880870235
    ],
    "rotation": [
      0.01964184948107168,
      -0.005318621330432418,
      2.3554451893809505
    ]
  },
  {
    "label_id": "3plNn4EcFthBCzoPgxogzQ",
    "size": [
      0.7108828532912266,
      0.7730393517247112,
      1.1052173913043362
    ],
    "obj_class": "pedestrian",
    "point_num_in_lidar": 234,
    "speed": 1.0271042981592506,
    "if_vehicle": false,
    "motion_state": true,
    "pose": [
      [
        0.3241702375989711,
        -0.9458339888788918,
        0.017655665846155466,
        -26.511145318150966
      ],
      [
        0.9458751270084979,
        0.32437314538943923,
        0.010114675319554279,
        25.617533083413946
      ],
      [
        -0.015293827568171244,
        0.013421178473075536,
        0.9997929639713959,
        0.7177653142786937
      ],
      [
        0.0,
        0.0,
        0.0,
        1.0
      ]
    ],
    "location": [
      -26.511145318150966,
      25.617533083413946,
      0.7177653142786937
    ],
    "rotation": [
      0.013423151458931236,
      0.01529442383827323,
      1.2406217757378988
    ]
  },
  {
    "label_id": "4oV1QytD6GueoXPKqtxn8A",
    "size": [
      1.940940582982923,
      4.784551849271409,
      1.3754247240770567
    ],
    "obj_class": "vehicle",
    "point_num_in_lidar": 40,
    "speed": 12.722431810325524,
    "if_vehicle": true,
    "motion_state": true,
    "pose": [
      [
        0.7005091860149587,
        -0.7134249489415049,
        0.017655665846155466,
        -66.34354684549362
      ],
      [
        0.7133745213281877,
        0.700709986844029,
        0.010114675319554279,
        9.589518511325878
      ],
      [
        -0.019587563106195076,
        0.005509679196825025,
        0.9997929639713959,
        0.9177454350288841
      ],
      [
        0.0,
        0.0,
        0.0,
        1.0
      ]
    ],
    "location": [
      -66.34354684549362,
      9.589518511325878,
      0.9177454350288841
    ],
    "rotation": [
      0.005510764349869884,
      0.019588815857801666,
      0.7944972004635573
    ]
  },
  {
    "label_id": "4zAq00ObjmduW1zejlYD1g",
    "size": [
      2.107047960554694,
      4.723021708333123,
      1.750000000000007
    ],
    "obj_class": "vehicle",
    "point_num_in_lidar": 29,
    "speed": 7.045793578580522,
    "if_vehicle": true,
    "motion_state": true,
    "pose": [
      [
        0.7105812182247822,
        -0.7033936378513197,
        0.017655665846155466,
        -88.07702441476943
      ],
      [
        0.7033403605298735,
        0.7107812818250687,
        0.010114675319554279,
        -2.832608562463065
      ],
      [
        -0.01966391507031171,
        0.005230644071112939,
        0.9997929639713959,
        1.04047474747464
      ],
      [
        0.0,
        0.0,
        0.0,
        1.0
      ]
    ],
    "location": [
      -88.07702441476943,
      -2.832608562463065,
      1.04047474747464
    ],
    "rotation": [
      0.005231679495442052,
      0.019665182530415024,
      0.780277091263381
    ]
  },
  {
    "label_id": "5zhamXYExjfy-r5noa4I-w",
    "size": [
      2.32114407292119,
      5.242010731245653,
      2.1488031328796637
    ],
    "obj_class": "vehicle",
    "point_num_in_lidar": 7100,
    "speed": 0.0018659415082910495,
    "if_vehicle": true,
    "motion_state": false,
    "pose": [
      [
        -0.7152646460809488,
        -0.6986306345489182,
        0.017655665846155466,
        -23.165500094181198
      ],
      [
        0.6988315672956747,
        -0.7152147466979767,
        0.010114675319554279,
        13.873564248282491
      ],
      [
        0.005561170539185711,
        0.019573006297582234,
        0.9997929639713959,
        1.2586605394408394
      ],
      [
        0.0,
        0.0,
        0.0,
        1.0
      ]
    ],
    "location": [
      -23.165500094181198,
      13.873564248282491,
      1.2586605394408394
    ],
    "rotation": [
      0.01957455898639356,
      -0.005561199204283909,
      2.36781487284542
    ]
  },
  {
    "label_id": "68xsQWcIHjMMfTHtOcaoIw",
    "size": [
      1.0573433360676219,
      0.09741873349442347,
      0.4299999999999997
    ],
    "obj_class": "sign",
    "point_num_in_lidar": 30,
    "speed": 0.004095528799536202,
    "if_vehicle": false,
    "motion_state": false,
    "pose": [
      [
        0.6687386962082053,
        0.743287853834084,
        0.017655665846155466,
        -57.38780408972252
      ],
      [
        -0.7434851517902371,
        0.6686759472350029,
        0.010114675319554279,
        37.02039125852389
      ],
      [
        -0.004287803773242615,
        -0.01989080018735464,
        0.9997929639713959,
        3.1232973450895116
      ],
      [
        0.0,
        0.0,
        0.0,
        1.0
      ]
    ],
    "location": [
      -57.38780408972252,
      37.02039125852389,
      3.1232973450895116
    ],
    "rotation": [
      -0.01989229492081143,
      0.004287816912083373,
      -0.8382770145039105
    ]
  },
  {
    "label_id": "6hxt5zygbQRvmtThpAKlzg",
    "size": [
      2.093348385265857,
      5.475322394370159,
      1.8000000000000043
    ],
    "obj_class": "vehicle",
    "point_num_in_lidar": 345,
    "speed": 0.0037193505051690014,
    "if_vehicle": true,
    "motion_state": false,
    "pose": [
      [
        0.32269659222862973,
        -0.9463377762868597,
        0.017655665846155466,
        -46.569668257826834
      ],
      [
        0.9463792304202623,
        0.32289943569528323,
        0.010114675319554279,
        -2.0666198975031875
      ],
      [
        -0.01527290388831866,
        0.013444984198922722,
        0.9997929639713959,
        1.4885463384757358
      ],
      [
        0.0,
        0.0,
        0.0,
        1.0
      ]
    ],
    "location": [
      -46.569668257826834,
      -2.0666198975031875,
      1.4885463384757358
    ],
    "rotation": [
      0.01344695781685961,
      0.015273497714302246,
      1.2421794400336248
    ]
  },
  {
    "label_id": "7VCe0--NDlntifOpFryrQg",
    "size": [
      0.6912153101387283,
      1.066362559770647,
      1.7299999999999969
    ],
    "obj_class": "pedestrian",
    "point_num_in_lidar": 413,
    "speed": 1.0709788542794916,
    "if_vehicle": false,
    "motion_state": true,
    "pose": [
      [
        0.20027633995141247,
        -0.9795803515379405,
        0.017655665846155466,
        -25.503117241751625
      ],
      [
        0.9796471555937757,
        0.20047230202749894,
        0.010114675319554279,
        27.69783108770025
      ],
      [
        -0.013447609181228186,
        0.015270592673503157,
        0.9997929639713959,
        1.020474747474772
      ],
      [
        0.0,
        0.0,
        0.0,
        1.0
      ]
    ],
    "location": [
      -25.503117241751625,
      27.69783108770025,
      1.020474747474772
    ],
    "rotation": [
      0.015272567331463842,
      0.013448014521104529,
      1.3691378737704591
    ]
  },
  {
    "label_id": "8hZwpu_QOehwpCU39N1TMA",
    "size": [
      1.03524877406295,
      2.0287232664821753,
      1.3900000000000006
    ],
    "obj_class": "vehicle",
    "point_num_in_lidar": 1235,
    "speed": 0.0034319672320025046,
    "if_vehicle": true,
    "motion_state": false,
    "pose": [
      [
        -0.8278957358488244,
        0.5606040742153614,
        0.017655665846155466,
        -18.883449736284433
      ],
      [
        -0.5605148873770304,
        -0.8280825770247162,
        0.010114675319554279,
        25.24386970051455
      ],
      [
        0.020290677466479373,
        -0.001522366986769978,
        0.9997929639713959,
        0.7521530832215504
      ],
      [
        0.0,
        0.0,
        0.0,
        1.0
      ]
    ],
    "location": [
      -18.883449736284433,
      25.24386970051455,
      0.7521530832215504
    ],
    "rotation": [
      -0.0015226810600441106,
      -0.020292070042351548,
      -2.546445868566524
    ]
  },
  {
    "label_id": "9GOp9QAQoR3n_l4KYwu1hQ",
    "size": [
      0.8074269342862684,
      0.08924921455650353,
      0.7712386422860718
    ],
    "obj_class": "sign",
    "point_num_in_lidar": 96,
    "speed": 0.0014568758669755942,
    "if_vehicle": false,
    "motion_state": false,
    "pose": [
      [
        0.7967628390732833,
        0.6040341511333697,
        0.017655665846155466,
        -30.384267431487956
      ],
      [
        -0.6042397364104198,
        0.7967383725451201,
        0.010114675319554279,
        10.037481088180357
      ],
      [
        -0.007957337151829752,
        -0.01872725230094396,
        0.9997929639713959,
        2.9007275035920372
      ],
      [
        0.0,
        0.0,
        0.0,
        1.0
      ]
    ],
    "location": [
      -30.384267431487956,
      10.037481088180357,
      2.9007275035920372
    ],
    "rotation": [
      -0.018728940142392257,
      0.00795742112961233,
      -0.6488353886581072
    ]
  },
  {
    "label_id": "AMadp0L1pJzOnnBOXCTnTQ",
    "size": [
      1.8919297222542903,
      4.847085383399303,
      1.4399999999999977
    ],
    "obj_class": "vehicle",
    "point_num_in_lidar": 59,
    "speed": 0.0,
    "if_vehicle": true,
    "motion_state": false,
    "pose": [
      [
        0.6999948563327703,
        -0.7139296033722046,
        0.017655665846155466,
        -90.23875010973302
      ],
      [
        0.713879320484189,
        0.7001956934516326,
        0.010114675319554279,
        -0.9347556477823673
      ],
      [
        -0.01958358732962714,
        0.0055237940397853515,
        0.9997929639713959,
        0.7793910475944159
      ],
      [
        0.0,
        0.0,
        0.0,
        1.0
      ]
    ],
    "location": [
      -90.23875010973302,
      -0.9347556477823673,
      0.7793910475944159
    ],
    "rotation": [
      0.005524881685885778,
      0.019584839318470756,
      0.7952180031587945
    ]
  },
  {
    "label_id": "EgtFEsx4l9DBrLJkyWWFvw",
    "size": [
      0.9646012918203288,
      0.8322323455397932,
      1.8800000000000026
    ],
    "obj_class": "pedestrian",
    "point_num_in_lidar": 40,
    "speed": 0.03438973131856342,
    "if_vehicle": false,
    "motion_state": false,
    "pose": [
      [
        0.7086062949345068,
        0.7053831556272943,
        0.017655665846155466,
        -59.76133400215383
      ],
      [
        -0.7055836060643678,
        0.7085544920444603,
        0.010114675319554279,
        31.561060128207828
      ],
      [
        -0.005375279750276701,
        -0.019624870977852725,
        0.9997929639713959,
        1.0039465799985337
      ],
      [
        0.0,
        0.0,
        0.0,
        1.0
      ]
    ],
    "location": [
      -59.76133400215383,
      31.561060128207828,
      1.0039465799985337
    ],
    "rotation": [
      -0.01962641447983418,
      0.005375305635839456,
      -0.7832607670937493
    ]
  },
  {
    "label_id": "F7Bt39aSBBq_9EfdYbJu_g",
    "size": [
      0.9771451001642971,
      0.10328031173047941,
      0.937241433467932
    ],
    "obj_class": "sign",
    "point_num_in_lidar": 117,
    "speed": 0.00721260686448102,
    "if_vehicle": false,
    "motion_state": false,
    "pose": [
      [
        0.10158091870523141,
        -0.9946705959354234,
        0.017655665846155466,
        -37.937189318135324
      ],
      [
        0.9947566108840682,
        0.10176924115676003,
        0.010114675319554279,
        4.227969195002515
      ],
      [
        -0.01185757384307494,
        0.016535632308657747,
        0.9997929639713959,
        1.9284988925684416
      ],
      [
        0.0,
        0.0,
        0.0,
        1.0
      ]
    ],
    "location": [
      -37.937189318135324,
      4.227969195002515,
      1.9284988925684416
    ],
    "rotation": [
      0.016537548703368293,
      0.011857851727203722,
      1.4690327158648087
    ]
  },
  {
    "label_id": "HA5PLwFMuobFWkWpC5lNrg",
    "size": [
      2.071786670937919,
      4.6109109994821855,
      1.8599999999999994
    ],
    "obj_class": "vehicle",
    "point_num_in_lidar": 543,
    "speed": 0.00036185803180625934,
    "if_vehicle": true,
    "motion_state": false,
    "pose": [
      [
        0.34528615338358254,
        -0.9383313645749555,
        0.017655665846155466,
        -40.02468574806744
      ],
      [
        0.9383679449519952,
        0.34548993216843454,
        0.010114675319554279,
        7.669050613314539
      ],
      [
        -0.015590771890406786,
        0.013075053543003274,
        0.9997929639713959,
        1.009737491702296
      ],
      [
        0.0,
        0.0,
        0.0,
        1.0
      ]
    ],
    "location": [
      -40.02468574806744,
      7.669050613314539,
      1.009737491702296
    ],
    "rotation": [
      0.013077015633497535,
      0.015591403573291989,
      1.218207929600125
    ]
  },
  {
    "label_id": "IwWISx28NLErylVGWpUHvQ",
    "size": [
      2.9891074923897025,
      13.851028361303396,
      4.359999999999957
    ],
    "obj_class": "vehicle",
    "point_num_in_lidar": 693,
    "speed": 4.562656775665407e-27,
    "if_vehicle": true,
    "motion_state": false,
    "pose": [
      [
        -0.008494137885381763,
        -0.9998080451192184,
        0.017655665846155466,
        -51.9149434646896
      ],
      [
        0.9999142615364706,
        -0.008316424661770697,
        0.010114675319554279,
        -20.56836624179232
      ],
      [
        -0.009965901743396219,
        0.017740067523323386,
        0.9997929639713959,
        3.640384221705091
      ],
      [
        0.0,
        0.0,
        0.0,
        1.0
      ]
    ],
    "location": [
      -51.9149434646896,
      -20.56836624179232,
      3.640384221705091
    ],
    "rotation": [
      0.017741879320157847,
      0.009966066718330339,
      1.5792909886882611
    ]
  },
  {
    "label_id": "JpL6P0gAOoixkeBIrZJTfg",
    "size": [
      2.0138861202416316,
      4.439900271844769,
      1.8999999999999986
    ],
    "obj_class": "vehicle",
    "point_num_in_lidar": 115,
    "speed": 0.02220460237275131,
    "if_vehicle": true,
    "motion_state": false,
    "pose": [
      [
        0.33146833538084874,
        -0.9433011290692799,
        0.017655665846155466,
        -44.138709907777525
      ],
      [
        0.9433406982495699,
        0.33167155495941175,
        0.010114675319554279,
        5.9454673880536575
      ],
      [
        -0.01539706679414289,
        0.013302613556282967,
        0.9997929639713959,
        1.114981701668718
      ],
      [
        0.0,
        0.0,
        0.0,
        1.0
      ]
    ],
    "location": [
      -44.138709907777525,
      5.9454673880536575,
      1.114981701668718
    ],
    "rotation": [
      0.013304583167967215,
      0.015397675221966384,
      1.2328952038426506
    ]
  },
  {
    "label_id": "R02j7hrIj7vZK3LuWkAaDQ",
    "size": [
      0.8959697064606235,
      0.1253559028273384,
      0.930247678744081
    ],
    "obj_class": "sign",
    "point_num_in_lidar": 254,
    "speed": 0.002020100475857733,
    "if_vehicle": false,
    "motion_state": false,
    "pose": [
      [
        -0.47975690918462216,
        0.877223794452218,
        0.017655665846155466,
        -36.236345138618276
      ],
      [
        -0.8772299542422625,
        -0.4799638535590969,
        0.010114675319554279,
        9.907811697601574
      ],
      [
        0.017346915280144114,
        -0.010635493573624291,
        0.9997929639713959,
        2.681588818282883
      ],
      [
        0.0,
        0.0,
        0.0,
        1.0
      ]
    ],
    "location": [
      -36.236345138618276,
      9.907811697601574,
      2.681588818282883
    ],
    "rotation": [
      -0.010637294731259253,
      -0.01734778539049928,
      -2.071256250169855
    ]
  },
  {
    "label_id": "RJUwInzO-ofbO9AmW0nbvw",
    "size": [
      2.0153183468903464,
      4.83248746209714,
      1.5454156079225427
    ],
    "obj_class": "vehicle",
    "point_num_in_lidar": 157,
    "speed": 9.73997450541382,
    "if_vehicle": true,
    "motion_state": true,
    "pose": [
      [
        0.707713036089183,
        -0.7062793611687658,
        0.017655665846155466,
        -52.959353733228795
      ],
      [
        0.7062268984013046,
        0.7079133148328639,
        0.010114675319554279,
        15.193381575398234
      ],
      [
        -0.019642467357857574,
        0.005310618550282133,
        0.9997929639713959,
        0.9400339227862702
      ],
      [
        0.0,
        0.0,
        0.0,
        1.0
      ]
    ],
    "location": [
      -52.959353733228795,
      15.193381575398234,
      0.9400339227862702
    ],
    "rotation": [
      0.005311668312621811,
      0.019643730674692977,
      0.7843471023839167
    ]
  },
  {
    "label_id": "Tc_grduMpPFzotyj6WiPYw",
    "size": [
      0.8046151891152608,
      0.889443332664063,
      1.7230060925525095
    ],
    "obj_class": "pedestrian",
    "point_num_in_lidar": 450,
    "speed": 1.2196303898818135,
    "if_vehicle": false,
    "motion_state": true,
    "pose": [
      [
        0.4630614133629428,
        -0.8861503286225441,
        0.017655665846155466,
        -26.717712527327308
      ],
      [
        0.8861604056251702,
        0.463268204008665,
        0.010114675319554279,
        24.69471355996575
      ],
      [
        -0.017142431465458928,
        0.010962036158631509,
        0.9997929639713959,
        1.0454747474747563
      ],
      [
        0.0,
        0.0,
        0.0,
        1.0
      ]
    ],
    "location": [
      -26.717712527327308,
      24.69471355996575,
      1.0454747474747563
    ],
    "rotation": [
      0.010963866835012557,
      0.017143271164102823,
      1.0892734013433338
    ]
  },
  {
    "label_id": "U2p8B_zSFJocUfJk_cR9kA",
    "size": [
      2.086183212946922,
      5.130968474483823,
      1.9329169092128993
    ],
    "obj_class": "vehicle",
    "point_num_in_lidar": 1151,
    "speed": 6.990765423887631,
    "if_vehicle": true,
    "motion_state": true,
    "pose": [
      [
        0.608021075770525,
        -0.7937245421948237,
        0.017655665846155466,
        -37.81232543407464
      ],
      [
        0.7936990452864832,
        0.6082265358026607,
        0.010114675319554279,
        31.23690872518273
      ],
      [
        -0.01876691051235899,
        0.007863349357125788,
        0.9997929639713959,
        1.2830735360742622
      ],
      [
        0.0,
        0.0,
        0.0,
        1.0
      ]
    ],
    "location": [
      -37.81232543407464,
      31.23690872518273,
      1.2830735360742622
    ],
    "rotation": [
      0.007864815526624061,
      0.01876801229503317,
      0.9170958114940131
    ]
  },
  {
    "label_id": "UwPT8c60uheFPJfNDq3Ykw",
    "size": [
      1.5806352045828933,
      4.331119770318755,
      1.412534573024331
    ],
    "obj_class": "vehicle",
    "point_num_in_lidar": 22,
    "speed": 0.008719194546724601,
    "if_vehicle": true,
    "motion_state": false,
    "pose": [
      [
        -0.6819372112774195,
        -0.7311975911740308,
        0.017655665846155466,
        -72.4310080056963
      ],
      [
        0.7313959807914455,
        -0.6818780042099171,
        0.010114675319554279,
        54.77451732610825
      ],
      [
        0.0046431839610081745,
        0.019810856518468284,
        0.9997929639713959,
        1.2295267846336912
      ],
      [
        0.0,
        0.0,
        0.0,
        1.0
      ]
    ],
    "location": [
      -72.4310080056963,
      54.77451732610825,
      1.2295267846336912
    ],
    "rotation": [
      0.019812366206706584,
      -0.004643200645025598,
      2.321214348643006
    ]
  },
  {
    "label_id": "WkuuNxUfsNcZQTemPqZG0A",
    "size": [
      1.699991031285226,
      4.453167383139791,
      1.5278147229951173
    ],
    "obj_class": "vehicle",
    "point_num_in_lidar": 23,
    "speed": 0.009321697992157367,
    "if_vehicle": true,
    "motion_state": false,
    "pose": [
      [
        0.6782225246712268,
        -0.7346444612818613,
        0.017655665846155466,
        -65.08761049731868
      ],
      [
        0.734600236980472,
        0.678424782250335,
        0.010114675319554279,
        23.959930796920162
      ],
      [
        -0.01940873145833759,
        0.006109855683175979,
        0.9997929639713959,
        0.862385496876108
      ],
      [
        0.0,
        0.0,
        0.0,
        1.0
      ]
    ],
    "location": [
      -65.08761049731868,
      23.959930796920162,
      0.862385496876108
    ],
    "rotation": [
      0.006111044832186054,
      0.019409950206103078,
      0.8252813093782586
    ]
  },
  {
    "label_id": "WlEHwQxLUOF-q1IUwMFeSA",
    "size": [
      1.7846216690550702,
      4.090804423523513,
      1.6600000000000037
    ],
    "obj_class": "vehicle",
    "point_num_in_lidar": 578,
    "speed": 7.591184322343384,
    "if_vehicle": true,
    "motion_state": true,
    "pose": [
      [
        0.7041084946812871,
        -0.709872879592664,
        0.017655665846155466,
        -27.78072500773544
      ],
      [
        0.7098214370399115,
        0.7043090378958481,
        0.010114675319554279,
        44.27606618917889
      ],
      [
        -0.019615178720753183,
        0.005410541289373225,
        0.9997929639713959,
        1.202974859952242
      ],
      [
        0.0,
        0.0,
        0.0,
        1.0
      ]
    ],
    "location": [
      -27.78072500773544,
      44.27606618917889,
      1.202974859952242
    ],
    "rotation": [
      0.0054116088704576374,
      0.019616436779039178,
      0.7894386120378412
    ]
  },
  {
    "label_id": "Yu9T0CbqX3V1hXpU4AZnkA",
    "size": [
      1.8800152373351744,
      4.5456553702554165,
      1.5400000000000063
    ],
    "obj_class": "vehicle",
    "point_num_in_lidar": 1024,
    "speed": 4.825835844517265,
    "if_vehicle": true,
    "motion_state": true,
    "pose": [
      [
        0.6988088479088859,
        -0.7150905338121772,
        0.017655665846155466,
        -29.73924861340629
      ],
      [
        0.7150405843608139,
        0.6990097682150986,
        0.010114675319554279,
        37.48027793559231
      ],
      [
        -0.019574391464401285,
        0.005556293016884098,
        0.9997929639713959,
        0.9991166590923655
      ],
      [
        0.0,
        0.0,
        0.0,
        1.0
      ]
    ],
    "location": [
      -29.73924861340629,
      37.48027793559231,
      0.9991166590923655
    ],
    "rotation": [
      0.0055573863947837145,
      0.019575641690181073,
      0.7968781859585901
    ]
  },
  {
    "label_id": "cGy-7JZfWzadYOxbpSdAYQ",
    "size": [
      0.9696665606987628,
      0.9278091775285798,
      1.9399999999999977
    ],
    "obj_class": "pedestrian",
    "point_num_in_lidar": 571,
    "speed": 1.1113588905632072,
    "if_vehicle": false,
    "motion_state": true,
    "pose": [
      [
        0.21139390325515342,
        -0.977241472272887,
        0.017655665846155466,
        -26.10321268422865
      ],
      [
        0.977306045394973,
        0.2115906117426272,
        0.010114675319554279,
        27.568361989227924
      ],
      [
        -0.0136202533379549,
        0.015116808270962139,
        0.9997929639713959,
        1.0926045649007037
      ],
      [
        0.0,
        0.0,
        0.0,
        1.0
      ]
    ],
    "location": [
      -26.10321268422865,
      27.568361989227924,
      1.0926045649007037
    ],
    "rotation": [
      0.01511878659848153,
      0.013620674491599878,
      1.35777538975275
    ]
  },
  {
    "label_id": "cv9oyKZbR5OEysJKx0Ipiw",
    "size": [
      1.4535229738680226,
      0.1300954602712818,
      0.4602476787440821
    ],
    "obj_class": "sign",
    "point_num_in_lidar": 74,
    "speed": 0.02322594608152023,
    "if_vehicle": false,
    "motion_state": false,
    "pose": [
      [
        0.5336734883481098,
        -0.8455062893307707,
        0.017655665846155466,
        -36.354811706081705
      ],
      [
        0.8454994961939607,
        0.533880412900622,
        0.010114675319554279,
        9.99351110837415
      ],
      [
        -0.017978035769202753,
        0.009529922516598299,
        0.9997929639713959,
        0.789355061345745
      ],
      [
        0.0,
        0.0,
        0.0,
        1.0
      ]
    ],
    "location": [
      -36.354811706081705,
      9.99351110837415,
      0.789355061345745
    ],
    "rotation": [
      0.009531607298266635,
      0.017979004356219613,
      1.0077559028362106
    ]
  },
  {
    "label_id": "eqtBmTwRgy_EzvD2hRrPgw",
    "size": [
      0.9945838042625232,
      0.12124330171716347,
      0.9600000000000009
    ],
    "obj_class": "sign",
    "point_num_in_lidar": 37,
    "speed": 0.00015949349240107426,
    "if_vehicle": false,
    "motion_state": false,
    "pose": [
      [
        0.44224690040961495,
        -0.8967195528935551,
        0.017655665846155466,
        -55.84763905469515
      ],
      [
        0.8967344549387917,
        0.44245339943185935,
        0.010114675319554279,
        2.1816376467795635
      ],
      [
        -0.01688183650307865,
        0.011359260080411148,
        0.9997929639713959,
        2.0168592838110726
      ],
      [
        0.0,
        0.0,
        0.0,
        1.0
      ]
    ],
    "location": [
      -55.84763905469515,
      2.1816376467795635,
      2.0168592838110726
    ],
    "rotation": [
      0.011361123505449601,
      0.01688263848305079,
      1.112623712315377
    ]
  },
  {
    "label_id": "fGU9Sr0Kb4t6a-Bm1yxzCA",
    "size": [
      2.2511169924649486,
      4.929714534152837,
      1.509999999999998
    ],
    "obj_class": "vehicle",
    "point_num_in_lidar": 84,
    "speed": 11.564550636489463,
    "if_vehicle": true,
    "motion_state": true,
    "pose": [
      [
        -0.6725575712862485,
        -0.7398341643700106,
        0.017655665846155466,
        -68.89641239864966
      ],
      [
        0.7400317828511705,
        -0.6724958391791714,
        0.010114675319554279,
        59.88807717537202
      ],
      [
        0.004390179456560945,
        0.01986845534082333,
        0.9997929639713959,
        1.2960000369659141
      ],
      [
        0.0,
        0.0,
        0.0,
        1.0
      ]
    ],
    "location": [
      -68.89641239864966,
      59.88807717537202,
      1.2960000369659141
    ],
    "rotation": [
      0.01986995427980415,
      -0.00439019355916575,
      2.30846443714267
    ]
  },
  {
    "label_id": "fm4vUhcFchzvNSDaSv-h3Q",
    "size": [
      2.0753022216049675,
      4.447160908047483,
      1.5899999999999963
    ],
    "obj_class": "vehicle",
    "point_num_in_lidar": 112,
    "speed": 0.0,
    "if_vehicle": true,
    "motion_state": false,
    "pose": [
      [
        0.41690346947278656,
        -0.9087792771652984,
        0.017655665846155466,
        -49.951755819593814
      ],
      [
        0.9087999693694202,
        0.4171094688655738,
        0.010114675319554279,
        -1.1964104116377712
      ],
      [
        -0.016556352729224177,
        0.011828625346869858,
        0.9997929639713959,
        1.3387872537513843
      ],
      [
        0.0,
        0.0,
        0.0,
        1.0
      ]
    ],
    "location": [
      -49.951755819593814,
      -1.1964104116377712,
      1.3387872537513843
    ],
    "rotation": [
      0.011830522836374039,
      0.01655710920728408,
      1.140697511057758
    ]
  },
  {
    "label_id": "i3o11qKaljOZ3lMjZ7qZjg",
    "size": [
      2.0989436661452197,
      4.611355298180513,
      1.5157792543394564
    ],
    "obj_class": "vehicle",
    "point_num_in_lidar": 4268,
    "speed": 0.008921321700796266,
    "if_vehicle": true,
    "motion_state": false,
    "pose": [
      [
        -0.699333338483333,
        -0.7145776089056282,
        0.017655665846155466,
        -22.59255377076238
      ],
      [
        0.7147773656848047,
        -0.6992789220674903,
        0.010114675319554279,
        17.8237538746871
      ],
      [
        0.005118514476579529,
        0.019693399981825045,
        0.9997929639713959,
        0.8766202247697166
      ],
      [
        0.0,
        0.0,
        0.0,
        1.0
      ]
    ],
    "location": [
      -22.59255377076238,
      17.8237538746871,
      0.8766202247697166
    ],
    "rotation": [
      0.019694931183276646,
      -0.005118536826998962,
      2.3452735536884184
    ]
  },
  {
    "label_id": "kZ-5_neVIe_QvFiX_W9zbw",
    "size": [
      0.9999999999999954,
      1.0,
      1.8800000000000026
    ],
    "obj_class": "pedestrian",
    "point_num_in_lidar": 54,
    "speed": 1.1026362243493417,
    "if_vehicle": false,
    "motion_state": true,
    "pose": [
      [
        -0.7403012640599318,
        0.6720433884019663,
        0.017655665846155466,
        -37.160526708952034
      ],
      [
        -0.671981519008801,
        -0.7404988396032803,
        0.010114675319554279,
        56.01792405557171
      ],
      [
        0.019871500745840386,
        -0.004376374229789529,
        0.9997929639713959,
        1.1093080621803537
      ],
      [
        0.0,
        0.0,
        0.0,
        1.0
      ]
    ],
    "location": [
      -37.160526708952034,
      56.01792405557171,
      1.1093080621803537
    ],
    "rotation": [
      -0.0043772525277944235,
      -0.019872808776532958,
      -2.4045322077434874
    ]
  },
  {
    "label_id": "l3xS3YkgkvGjtw43tFm6rQ",
    "size": [
      2.3695743119442483,
      5.118608991722786,
      1.8900000000000006
    ],
    "obj_class": "vehicle",
    "point_num_in_lidar": 334,
    "speed": 2.5348045458401387e-28,
    "if_vehicle": true,
    "motion_state": false,
    "pose": [
      [
        0.2812678836298549,
        -0.9594668598247214,
        0.017655665846155466,
        -48.90372994643735
      ],
      [
        0.9595170895253547,
        0.28146873405757267,
        0.010114675319554279,
        -8.654192696063546
      ],
      [
        -0.014674213681660253,
        0.014095979785601141,
        0.9997929639713959,
        1.8758094929751863
      ],
      [
        0.0,
        0.0,
        0.0,
        1.0
      ]
    ],
    "location": [
      -48.90372994643735,
      -8.654192696063546,
      1.8758094929751863
    ],
    "rotation": [
      0.01409796468893091,
      0.014674740371999598,
      1.2856496883270547
    ]
  },
  {
    "label_id": "lVIFZCiMNzJgCGEzHbZ6yg",
    "size": [
      1.8452801560116567,
      3.5772829602206295,
      1.5
    ],
    "obj_class": "vehicle",
    "point_num_in_lidar": 20,
    "speed": 4.2226162801592787e-29,
    "if_vehicle": true,
    "motion_state": false,
    "pose": [
      [
        0.1430651829937947,
        -0.9895557745162629,
        0.017655665846155466,
        -54.74522884874466
      ],
      [
        0.9896338432201008,
        0.14325693594584804,
        0.010114675319554279,
        -7.752492224180969
      ],
      [
        -0.012538331961026054,
        0.016025586570425854,
        0.9997929639713959,
        1.7200155907408643
      ],
      [
        0.0,
        0.0,
        0.0,
        1.0
      ]
    ],
    "location": [
      -54.74522884874466,
      -7.752492224180969,
      1.7200155907408643
    ],
    "rotation": [
      0.016027532596441563,
      0.012538660508980056,
      1.427227194794312
    ]
  },
  {
    "label_id": "qqtlWI89nAPB5R9a65QLWQ",
    "size": [
      0.7219228465593652,
      0.9605874422248267,
      1.6599999999999966
    ],
    "obj_class": "pedestrian",
    "point_num_in_lidar": 450,
    "speed": 1.2294329206156744,
    "if_vehicle": false,
    "motion_state": true,
    "pose": [
      [
        0.3579724043615502,
        -0.933565228133064,
        0.017655665846155466,
        -27.682140544411595
      ],
      [
        0.9335990431703631,
        0.35817666023146005,
        0.010114675319554279,
        23.811499402771005
      ],
      [
        -0.01576655659913018,
        0.012862538097029122,
        0.9997929639713959,
        1.0129273155872909
      ],
      [
        0.0,
        0.0,
        0.0,
        1.0
      ]
    ],
    "location": [
      -27.682140544411595,
      23.811499402771005,
      1.0129273155872909
    ],
    "rotation": [
      0.012864491939952077,
      0.01576720989196972,
      1.2046531754809886
    ]
  },
  {
    "label_id": "qtdDGxCsGHPBehUbqu5xcg",
    "size": [
      0.9748487835225974,
      0.10736751885132706,
      0.6372414334679277
    ],
    "obj_class": "sign",
    "point_num_in_lidar": 49,
    "speed": 0.0073077634725816215,
    "if_vehicle": false,
    "motion_state": false,
    "pose": [
      [
        0.10158091870391862,
        -0.9946705959355573,
        0.017655665846155466,
        -37.93701482105098
      ],
      [
        0.9947566108842024,
        0.10176924115544712,
        0.010114675319554279,
        4.2270246386906365
      ],
      [
        -0.011857573843053115,
        0.016535632308673397,
        0.9997929639713959,
        1.1184988925684607
      ],
      [
        0.0,
        0.0,
        0.0,
        1.0
      ]
    ],
    "location": [
      -37.93701482105098,
      4.2270246386906365,
      1.1184988925684607
    ],
    "rotation": [
      0.016537548703383944,
      0.011857851727181895,
      1.4690327158661285
    ]
  },
  {
    "label_id": "rgmY_QECrtLgzEVHHJqCdg",
    "size": [
      2.1965088060132985,
      4.671838545906206,
      1.8500000000000014
    ],
    "obj_class": "vehicle",
    "point_num_in_lidar": 373,
    "speed": 6.205252325959635e-28,
    "if_vehicle": true,
    "motion_state": false,
    "pose": [
      [
        0.2825668194969265,
        -0.9590851213437315,
        0.017655665846155466,
        -50.88574746385734
      ],
      [
        0.9591350790310121,
        0.2827677377554838,
        0.010114675319554279,
        5.96572805544929
      ],
      [
        -0.014693287296091302,
        0.014076096821406951,
        0.9997929639713959,
        1.2054415169847132
      ],
      [
        0.0,
        0.0,
        0.0,
        1.0
      ]
    ],
    "location": [
      -50.88574746385734,
      5.96572805544929,
      1.2054415169847132
    ],
    "rotation": [
      0.014078081554170585,
      0.014693816043018629,
      1.2842955975083534
    ]
  },
  {
    "label_id": "sgqcjcLMcNqQ6bf9oi3l_Q",
    "size": [
      2.052716975729591,
      4.312467707037239,
      1.6907197922451331
    ],
    "obj_class": "vehicle",
    "point_num_in_lidar": 66,
    "speed": 0.0068690360551247375,
    "if_vehicle": true,
    "motion_state": false,
    "pose": [
      [
        -0.6998903917951788,
        -0.7140320139435767,
        0.017655665846155466,
        -61.217735926580644
      ],
      [
        0.7142318130988515,
        -0.6998361311769402,
        0.010114675319554279,
        67.4580925063583
      ],
      [
        0.005133870890319545,
        0.019689402301050953,
        0.9997929639713959,
        1.3095679594871754
      ],
      [
        0.0,
        0.0,
        0.0,
        1.0
      ]
    ],
    "location": [
      -61.217735926580644,
      67.4580925063583,
      1.3095679594871754
    ],
    "rotation": [
      0.01969093422513479,
      -0.005133893442509885,
      2.3460532664666833
    ]
  },
  {
    "label_id": "tNAXS9zubELloIY6hHtPCQ",
    "size": [
      1.9885890296641426,
      3.994765911614828,
      1.5
    ],
    "obj_class": "vehicle",
    "point_num_in_lidar": 29,
    "speed": 6.769346638232248e-28,
    "if_vehicle": true,
    "motion_state": false,
    "pose": [
      [
        0.2688658260750555,
        -0.9630158072599364,
        0.017655665846155466,
        -52.937304902851906
      ],
      [
        0.9630686240698466,
        0.2690660117432014,
        0.010114675319554279,
        -0.9764183971892635
      ],
      [
        -0.014491131811928423,
        0.014284127278220989,
        0.9997929639713959,
        1.4617533337971977
      ],
      [
        0.0,
        0.0,
        0.0,
        1.0
      ]
    ],
    "location": [
      -52.937304902851906,
      -0.9764183971892635,
      1.4617533337971977
    ],
    "rotation": [
      0.014286113241535349,
      0.014491639032329046,
      1.2985517087505207
    ]
  },
  {
    "label_id": "ufytjmuEuhrrxe0sKm5b_g",
    "size": [
      2.2353656259618027,
      3.2404490286817196,
      1.9600000000000009
    ],
    "obj_class": "vehicle",
    "point_num_in_lidar": 155,
    "speed": 3.857154191481927,
    "if_vehicle": true,
    "motion_state": true,
    "pose": [
      [
        0.7189710410213601,
        -0.6948157450980732,
        0.017655665846155466,
        -63.79367569511942
      ],
      [
        0.6947600707740968,
        0.7191704508676313,
        0.010114675319554279,
        21.145703825020973
      ],
      [
        -0.01972526883552906,
        0.004994293008745775,
        0.9997929639713959,
        1.1409096892349382
      ],
      [
        0.0,
        0.0,
        0.0,
        1.0
      ]
    ],
    "location": [
      -63.79367569511942,
      21.145703825020973,
      1.1409096892349382
    ],
    "rotation": [
      0.004995285672121014,
      0.019726548197960332,
      0.768274253799673
    ]
  },
  {
    "label_id": "vGkTdoReF-lSHlebDjrfGw",
    "size": [
      2.1183706325683294,
      4.5900969794211495,
      1.6400000000000006
    ],
    "obj_class": "vehicle",
    "point_num_in_lidar": 50,
    "speed": 3.7526890585865478,
    "if_vehicle": true,
    "motion_state": true,
    "pose": [
      [
        0.7192802997605954,
        -0.6944955923833044,
        0.017655665846155466,
        -69.91408390196216
      ],
      [
        0.6944398292881502,
        0.7194796848010547,
        0.010114675319554279,
        15.412245092134981
      ],
      [
        -0.019727490325763316,
        0.004985510880342724,
        0.9997929639713959,
        0.9416198433000318
      ],
      [
        0.0,
        0.0,
        0.0,
        1.0
      ]
    ],
    "location": [
      -69.91408390196216,
      15.412245092134981,
