[
  {
    "label_id": "2m4G_1FvlVHMqTBFExLTsQ",
    "size": [
      2.3729798440708043,
      6.136064268284593,
      2.1000000000000014
    ],
    "obj_class": "vehicle",
    "point_num_in_lidar": 326,
    "speed": 3.286964035381273,
    "if_vehicle": true,
    "motion_state": true,
    "pose": [
      [
        0.7150108621876237,
        -0.6988902992655414,
        0.017658327956885524,
        -67.99639996393341
      ],
      [
        0.6988250199285742,
        0.7152132949945418,
        0.010655242131381363,
        17.06854037028279
      ],
      [
        -0.020076316284086255,
        0.004721467523198943,
        0.9997873020142278,
        1.2554747474747643
      ],
      [
        0.0,
        0.0,
        0.0,
        1.0
      ]
    ],
    "location": [
      -67.99639996393341,
      17.06854037028279,
      1.2554747474747643
    ],
    "rotation": [
      0.004722436877497431,
      0.020077665183664994,
      0.7739504873199762
    ]
  },
  {
    "label_id": "2q1az4vBCKBYmYg-0yqbfw",
    "size": [
      1.8222848117911554,
      4.642363821151301,
      1.5700000000000003
    ],
    "obj_class": "vehicle",
    "point_num_in_lidar": 107,
    "speed": 7.421819866830581,
    "if_vehicle": true,
    "motion_state": true,
    "pose": [
      [
        -0.6841481500434154,
        -0.729129269914423,
        0.017658327956885524,
        -59.50673510251215
      ],
      [
        0.7293303278980913,
        -0.6840787517699874,
        0.010655242131381363,
        46.6009752819773
      ],
      [
        0.0043106380310758315,
        0.02016851831137657,
        0.9997873020142278,
        1.0224721965197645
      ],
      [
        0.0,
        0.0,
        0.0,
        1.0
      ]
    ],
    "location": [
      -59.50673510251215,
      46.6009752819773,
      1.0224721965197645
    ],
    "rotation": [
      0.02017007330590433,
      -0.004310651380946234,
      2.324240131289327
    ]
  },
  {
    "label_id": "3plNn4EcFthBCzoPgxogzQ",
    "size": [
      0.7108828532907315,
      0.7730393517247112,
      1.1052173913043362
    ],
    "obj_class": "pedestrian",
    "point_num_in_lidar": 225,
    "speed": 1.2980541409369817,
    "if_vehicle": false,
    "motion_state": true,
    "pose": [
      [
        0.5046603218633324,
        -0.8631373836131563,
        0.017658327956885524,
        -27.817778311567054
      ],
      [
        0.8631279798787703,
        0.5048728118699944,
        0.010655242131381363,
        22.3303253375816
      ],
      [
        -0.018112147503560508,
        0.009864119013908757,
        0.9997873020142278,
        0.7257125086869678
      ],
      [
        0.0,
        0.0,
        0.0,
        1.0
      ]
    ],
    "location": [
      -27.817778311567054,
      22.3303253375816,
      0.7257125086869678
    ],
    "rotation": [
      0.009865897423936064,
      0.018113137931101034,
      1.041711954764527
    ]
  },
  {
    "label_id": "5zhamXYExjfy-r5noa4I-w",
    "size": [
      2.3211440729211916,
      5.242010731245653,
      2.1488031328796637
    ],
    "obj_class": "vehicle",
    "point_num_in_lidar": 7414,
    "speed": 0.001865941492878871,
    "if_vehicle": true,
    "motion_state": false,
    "pose": [
      [
        -0.7152646124495348,
        -0.6986306016996278,
        0.017658327956885524,
        -23.161458496745126
      ],
      [
        0.6988344922618518,
        -0.7152040395860759,
        0.010655242131381363,
        13.877702073928958
      ],
      [
        0.00518522926559808,
        0.0199615662856018,
        0.9997873020142278,
        1.252450013912373
      ],
      [
        0.0,
        0.0,
        0.0,
        1.0
      ]
    ],
    "location": [
      -23.161458496745126,
      13.877702073928958,
      1.252450013912373
    ],
    "rotation": [
      0.019963160592955824,
      -0.0051852525014122654,
      2.3678127571566714
    ]
  },
  {
    "label_id": "68xsQWcIHjMMfTHtOcaoIw",
    "size": [
      1.0573433360676219,
      0.09741873349442347,
      0.4299999999999997
    ],
    "obj_class": "sign",
    "point_num_in_lidar": 29,
    "speed": 0.0033600561042837324,
    "if_vehicle": false,
    "motion_state": false,
    "pose": [
      [
        0.6687386647644236,
        0.7432878188850285,
        0.017658327956885524,
        -57.39541528547943
      ],
      [
        -0.7434873804244779,
        0.6686650738334321,
        0.010655242131381363,
        37.01023028772579
      ],
      [
        -0.0038875954835395016,
        -0.020254316391022743,
        0.9997873020142278,
        3.1429787266283
      ],
      [
        0.0,
        0.0,
        0.0,
        1.0
      ]
    ],
    "location": [
      -57.39541528547943,
      37.01023028772579,
      3.1429787266283
    ],
    "rotation": [
      -0.020255854581777106,
      0.003887605276069485,
      -0.8382785282812065
    ]
  },
  {
    "label_id": "6hxt5zygbQRvmtThpAKlzg",
    "size": [
      2.0933483852658505,
      5.475322394370159,
      1.8000000000000043
    ],
    "obj_class": "vehicle",
    "point_num_in_lidar": 349,
    "speed": 0.0037193505047865044,
    "if_vehicle": true,
    "motion_state": false,
    "pose": [
      [
        0.32269657705558946,
        -0.946337731790492,
        0.017658327956885524,
        -46.58074888540273
      ],
      [
        0.9463708251689222,
        0.3229066847933234,
        0.010655242131381363,
        -2.0634344901955046
      ],
      [
        -0.01578544980984109,
        0.013272916236165933,
        0.9997873020142278,
        1.5044114777783903
      ],
      [
        0.0,
        0.0,
        0.0,
        1.0
      ]
    ],
    "location": [
      -46.58074888540273,
      -2.0634344901955046,
      1.5044114777783903
    ],
    "rotation": [
      0.013274960112982105,
      0.015786105454212513,
      1.2421767413961426
    ]
  },
  {
    "label_id": "7VCe0--NDlntifOpFryrQg",
    "size": [
      0.6912153101384666,
      1.066362559770647,
      1.7299999999999969
    ],
    "obj_class": "pedestrian",
    "point_num_in_lidar": 529,
    "speed": 1.111842072364504,
    "if_vehicle": false,
    "motion_state": true,
    "pose": [
      [
        0.39826561974758357,
        -0.9171001469746041,
        0.017658327956885524,
        -26.68748888139112
      ],
      [
        0.9171161184272929,
        0.3984777172389658,
        0.010655242131381363,
        24.402256989924354
      ],
      [
        -0.016808374339256592,
        0.011951120582719839,
        0.9997873020142278,
        1.0838076780611274
      ],
      [
        0.0,
        0.0,
        0.0,
        1.0
      ]
    ],
    "location": [
      -26.68748888139112,
      24.402256989924354,
      1.0838076780611274
    ],
    "rotation": [
      0.011953093798373435,
      0.016809165894270735,
      1.1611097178405156
    ]
  },
  {
    "label_id": "8QH4-FA-LZhwmwdY8LqCTA",
    "size": [
      1.8404066570531326,
      3.9550662015733886,
      1.4162410855741498
    ],
    "obj_class": "vehicle",
    "point_num_in_lidar": 38,
    "speed": 0.005644884541719856,
    "if_vehicle": true,
    "motion_state": false,
    "pose": [
      [
        -0.6833364309376015,
        -0.7298900640556957,
        0.017658327956885524,
        -68.68119927883026
      ],
      [
        0.7300910446960654,
        -0.6832668089917212,
        0.010655242131381363,
        50.94864690997747
      ],
      [
        0.004288194033427582,
        0.020173302234462395,
        0.9997873020142278,
        1.1037579478318804
      ],
      [
        0.0,
        0.0,
        0.0,
        1.0
      ]
    ],
    "location": [
      -68.68119927883026,
      50.94864690997747,
      1.1037579478318804
    ],
    "rotation": [
      0.02017485629987351,
      -0.0042882071758562346,
      2.323127656144
    ]
  },
  {
    "label_id": "8hZwpu_QOehwpCU39N1TMA",
    "size": [
      1.0352487740629501,
      2.0287232664821753,
      1.3900000000000006
    ],
    "obj_class": "vehicle",
    "point_num_in_lidar": 1239,
    "speed": 0.003431967290322248,
    "if_vehicle": true,
    "motion_state": false,
    "pose": [
      [
        -0.8278956969215479,
        0.5606040478560174,
        0.017658327956885524,
        -18.87522177769324
      ],
      [
        -0.5605038111784977,
        -0.8280832950069097,
        0.010655242131381363,
        25.25061356065089
      ],
      [
        0.020595938268588763,
        -0.0010761310086463388,
        0.9997873020142278,
        0.7807380600310694
      ],
      [
        0.0,
        0.0,
        0.0,
        1.0
      ]
    ],
    "location": [
      -18.87522177769324,
      25.25061356065089,
      0.7807380600310694
    ],
    "rotation": [
      -0.0010763595325670465,
      -0.020597394654295637,
      -2.546455020509815
    ]
  },
  {
    "label_id": "93yNYArzBE1VbqBqZKLbvw",
    "size": [
      0.7367201090567205,
      1.9115626414961573,
      1.4200000000000017
    ],
    "obj_class": "vehicle",
    "point_num_in_lidar": 38,
    "speed": 0.010051453237308449,
    "if_vehicle": true,
    "motion_state": false,
    "pose": [
      [
        0.6348144772353357,
        -0.7724627906547956,
        0.017658327956885524,
        -65.11564733893522
      ],
      [
        0.7724198999497788,
        0.6350228058713288,
        0.010655242131381363,
        47.056464867717295
      ],
      [
        -0.019444219038086973,
        0.006875541950289115,
        0.9997873020142278,
        0.9421373433481932
      ],
      [
        0.0,
        0.0,
        0.0,
        1.0
      ]
    ],
    "location": [
      -65.11564733893522,
      47.056464867717295,
      0.9421373433481932
    ],
    "rotation": [
      0.00687689626657073,
      0.01944544448404257,
      0.8828725715902925
    ]
  },
  {
    "label_id": "9GOp9QAQoR3n_l4KYwu1hQ",
    "size": [
      0.8074269342862658,
      0.08924921455650353,
      0.7712386422860718
    ],
    "obj_class": "sign",
    "point_num_in_lidar": 96,
    "speed": 0.001456875854252687,
    "if_vehicle": false,
    "motion_state": false,
    "pose": [
      [
        0.7967628016098702,
        0.604034122731951,
        0.017658327956885524,
        -30.388628011856326
      ],
      [
        -0.6042439730764387,
        0.7967281134840928,
        0.010655242131381363,
        10.038655982258206
      ],
      [
        -0.007632756487047353,
        -0.0191596388149862,
        0.9997873020142278,
        2.9007275035920728
      ],
      [
        0.0,
        0.0,
        0.0,
        1.0
      ]
    ],
    "location": [
      -30.388628011856326,
      10.038655982258206,
      2.9007275035920728
    ],
    "rotation": [
      -0.01916136947021246,
      0.007632830601747622,
      -0.6488387871196248
    ]
  },
  {
    "label_id": "AMadp0L1pJzOnnBOXCTnTQ",
    "size": [
      1.8919297222542841,
      4.847085383399303,
      1.4399999999999977
    ],
    "obj_class": "vehicle",
    "point_num_in_lidar": 68,
    "speed": 1.7053950819000347e-12,
    "if_vehicle": true,
    "motion_state": false,
    "pose": [
      [
        0.699994823419333,
        -0.7139295698035655,
        0.017658327956885524,
        -90.23875010973518
      ],
      [
        0.7138686078078176,
        0.7001985979717825,
        0.010655242131381363,
        -0.9347556477805483
      ],
      [
        -0.019971428908947098,
        0.005147111660549199,
        0.9997873020142278,
        0.7722650976707826
      ],
      [
        0.0,
        0.0,
        0.0,
        1.0
      ]
    ],
    "location": [
      -90.23875010973518,
      -0.9347556477805483,
      0.7722650976707826
    ],
    "rotation": [
      0.005148161191717583,
      0.01997275677456862,
      0.7952105249112625
    ]
  },
  {
    "label_id": "EgtFEsx4l9DBrLJkyWWFvw",
    "size": [
      0.9646012918227425,
      0.8322323455397932,
      1.8800000000000026
    ],
    "obj_class": "pedestrian",
    "point_num_in_lidar": 20,
    "speed": 0.03438973103112603,
    "if_vehicle": false,
    "motion_state": false,
    "pose": [
      [
        0.7043282364068972,
        0.7096547885089742,
        0.017658327956885524,
        -59.718800457101906
      ],
      [
        -0.709857713751449,
        0.7042645043182905,
        0.010655242131381363,
        31.46331020312573
      ],
      [
        -0.004874589984388442,
        -0.020039688211032355,
        0.9997873020142278,
        1.0412635551202172
      ],
      [
        0.0,
        0.0,
        0.0,
        1.0
      ]
    ],
    "location": [
      -59.718800457101906,
      31.46331020312573,
      1.0412635551202172
    ],
    "rotation": [
      -0.020041267880087633,
      0.004874609289293448,
      -0.789308150740828
    ]
  },
  {
    "label_id": "F7Bt39aSBBq_9EfdYbJu_g",
    "size": [
      0.977145100146084,
      0.10328031173047941,
      0.937241433467932
    ],
    "obj_class": "sign",
    "point_num_in_lidar": 118,
    "speed": 0.007212606803004765,
    "if_vehicle": false,
    "motion_state": false,
    "pose": [
      [
        0.10222108115981549,
        -0.9946049638023557,
        0.017658327956885524,
        -37.95774609241528
      ],
      [
        0.9946843390843481,
        0.10241841336134438,
        0.010655242131381363,
        4.236761061614743
      ],
      [
        -0.012406294646346381,
        0.016475271902439925,
        0.9997873020142278,
        1.9410654466480395
      ],
      [
        0.0,
        0.0,
        0.0,
        1.0
      ]
    ],
    "location": [
      -37.95774609241528,
      4.236761061614743,
      1.9410654466480395
    ],
    "rotation": [
      0.016477285543634538,
      0.012406612923236231,
      1.4683884736801607
    ]
  },
  {
    "label_id": "HA5PLwFMuobFWkWpC5lNrg",
    "size": [
      2.071786670937986,
      4.6109109994821855,
      1.8599999999999994
    ],
    "obj_class": "vehicle",
    "point_num_in_lidar": 536,
    "speed": 0.005055022814177994,
    "if_vehicle": true,
    "motion_state": false,
    "pose": [
      [
        0.3449077786328783,
        -0.9384704618112925,
        0.017658327956885524,
        -40.03705896908912
      ],
      [
        0.9384985947294028,
        0.34511860788149,
        0.010655242131381363,
        7.673480594370631
      ],
      [
        -0.016093847565743735,
        0.01289724007847779,
        0.9997873020142278,
        1.0321791330523524
      ],
      [
        0.0,
        0.0,
        0.0,
        1.0
      ]
    ],
    "location": [
      -40.03705896908912,
      7.673480594370631,
      1.0321791330523524
    ],
    "rotation": [
      0.012899268390185207,
      0.016094542396484796,
      1.2186081963909399
    ]
  },
  {
    "label_id": "I3rWao3BUZoXJ4ofYXC1qQ",
    "size": [
      1.959980379784361,
      4.190208464208446,
      1.740000000000002
    ],
    "obj_class": "vehicle",
    "point_num_in_lidar": 109,
    "speed": 7.545785304258991,
    "if_vehicle": true,
    "motion_state": true,
    "pose": [
      [
        0.6656154408337128,
        -0.7460859658092419,
        0.017658327956885524,
        -25.27472339145868
      ],
      [
        0.7460346627310865,
        0.6658218589223663,
        0.010655242131381363,
        48.04594194913989
      ],
      [
        -0.0197070273622373,
        0.006081431053240653,
        0.9997873020142278,
        1.2426270961971682
      ],
      [
        0.0,
        0.0,
        0.0,
        1.0
      ]
    ],
    "location": [
      -25.27472339145868,
      48.04594194913989,
      1.2426270961971682
    ],
    "rotation": [
      0.006082649818883547,
      0.019708303178162325,
      0.8423048952552836
    ]
  },
  {
    "label_id": "IXOFIGIoE_Axs4Lvc4Rteg",
    "size": [
      1.2165606554980155,
      1.2453114029931163,
      1.8999999999999986
    ],
    "obj_class": "pedestrian",
    "point_num_in_lidar": 27,
    "speed": 1.3598786118846702,
    "if_vehicle": false,
    "motion_state": true,
    "pose": [
      [
        -0.9498688554839064,
        -0.3121495488311027,
        0.017658327956885524,
        -63.63581954799395
      ],
      [
        0.31235927543793895,
        -0.9499042840534025,
        0.010655242131381363,
        43.53935679859751
      ],
      [
        0.013447692351468678,
        0.015636825174297375,
        0.9997873020142278,
        1.2444849604511816
      ],
      [
        0.0,
        0.0,
        0.0,
        1.0
      ]
    ],
    "location": [
      -63.63581954799395,
      43.53935679859751,
      1.2444849604511816
    ],
    "rotation": [
      0.015638876721705566,
      -0.013448097698866266,
      2.8238873545938796
    ]
  },
  {
    "label_id": "IwWISx28NLErylVGWpUHvQ",
    "size": [
      2.9891074923897016,
      13.851028361303396,
      4.359999999999957
    ],
    "obj_class": "vehicle",
    "point_num_in_lidar": 689,
    "speed": 3.1264385016200963e-12,
    "if_vehicle": true,
    "motion_state": false,
    "pose": [
      [
        -0.008494137485990776,
        -0.9998079981087049,
        0.017658327956885524,
        -51.9149434646929
      ],
      [
        0.9999087272511339,
        -0.008306803364653713,
        0.010655242131381363,
        -20.5683662417905
      ],
      [
        -0.010506512046653513,
        0.017747223324362994,
        0.9997873020142278,
        3.640384221705119
      ],
      [
        0.0,
        0.0,
        0.0,
        1.0
      ]
    ],
    "location": [
      -51.9149434646929,
      -20.5683662417905,
      3.640384221705119
    ],
    "rotation": [
      0.01774913484395489,
      0.01050670535295523,
      1.579291035302775
    ]
  },
  {
    "label_id": "JpL6P0gAOoixkeBIrZJTfg",
    "size": [
      2.0138861202426823,
      4.439900271844769,
      1.8999999999999986
    ],
    "obj_class": "vehicle",
    "point_num_in_lidar": 115,
    "speed": 0.022204602372666336,
    "if_vehicle": true,
    "motion_state": false,
    "pose": [
      [
        0.3363443437400477,
        -0.9415735053026099,
        0.017658327956885524,
        -44.07123931312981
      ],
      [
        0.9416035576309016,
        0.3365549079599804,
        0.010655242131381363,
        5.9318513908547175
      ],
      [
        -0.015975690623749556,
        0.013043314003945847,
        0.9997873020142278,
        1.1436832594934287
      ],
      [
        0.0,
        0.0,
        0.0,
        1.0
      ]
    ],
    "location": [
      -44.07123931312981,
      5.9318513908547175,
      1.1436832594934287
    ],
    "rotation": [
      0.013045348806346894,
      0.01597637026160068,
      1.2277183622259924
    ]
  },
  {
    "label_id": "R02j7hrIj7vZK3LuWkAaDQ",
    "size": [
      0.8959697064606235,
      0.1253559028273384,
      0.930247678744081
    ],
    "obj_class": "sign",
    "point_num_in_lidar": 257,
    "speed": 0.0020201004749205663,
    "if_vehicle": false,
    "motion_state": false,
    "pose": [
      [
        -0.4797568866266771,
        0.8772237532055576,
        0.017658327956885524,
        -36.24193905568359
      ],
      [
        -0.8772204332638519,
        -0.4799695587008633,
        0.010655242131381363,
        9.904997329929756
      ],
      [
        0.017822491370665803,
        -0.010378320309849387,
        0.9997873020142278,
        2.682989365808112
      ],
      [
        0.0,
        0.0,
        0.0,
        1.0
      ]
    ],
    "location": [
      -36.24193905568359,
      9.904997329929756,
      2.682989365808112
    ],
    "rotation": [
      -0.010380155398858417,
      -0.017823435031811243,
      -2.0712607995435475
    ]
  },
  {
    "label_id": "Tc_grduMpPFzotyj6WiPYw",
    "size": [
      0.8046151891178966,
      0.889443332664063,
      1.7230060925525095
    ],
    "obj_class": "pedestrian",
    "point_num_in_lidar": 405,
    "speed": 1.30805860697226,
    "if_vehicle": false,
    "motion_state": true,
    "pose": [
      [
        0.39209473245776755,
        -0.9197553502060419,
        0.017658327956885524,
        -28.138549913400652
      ],
      [
        0.9197727463585441,
        0.39230671785120236,
        0.010655242131381363,
        21.2036230366175
      ],
      [
        -0.016727696641584727,
        0.01206378448822775,
        0.9997873020142278,
        1.0574788120297782
      ],
      [
        0.0,
        0.0,
        0.0,
        1.0
      ]
    ],
    "location": [
      -28.138549913400652,
      21.2036230366175,
      1.0574788120297782
    ],
    "rotation": [
      0.012065765420460913,
      0.01672847685223098,
      1.167829121443683
    ]
  },
  {
    "label_id": "U1dH0uDhaeGUHpknIe9pRQ",
    "size": [
      1.9809537790357556,
      4.634512657984047,
      1.75
    ],
    "obj_class": "vehicle",
    "point_num_in_lidar": 185,
    "speed": 11.040563135131277,
    "if_vehicle": true,
    "motion_state": true,
    "pose": [
      [
        0.7045195426023821,
        -0.7094648670266186,
        0.017658327956885524,
        -48.87670521305438
      ],
      [
        0.7094026107494528,
        0.7047229254657337,
        0.010655242131381363,
        31.29675685760776
      ],
      [
        -0.020003748478486617,
        0.005020037641366214,
        0.9997873020142278,
        1.223427639568051
      ],
      [
        0.0,
        0.0,
        0.0,
        1.0
      ]
    ],
    "location": [
      -48.87670521305438,
      31.29675685760776,
      1.223427639568051
    ],
    "rotation": [
      0.005021063424518771,
      0.02000508280193839,
      0.7888517118987096
    ]
  },
  {
    "label_id": "U2p8B_zSFJocUfJk_cR9kA",
    "size": [
      2.0861832129460303,
      5.130968474483823,
      1.9329169092128993
    ],
    "obj_class": "vehicle",
    "point_num_in_lidar": 255,
    "speed": 7.624977537606185,
    "if_vehicle": true,
    "motion_state": true,
    "pose": [
      [
        0.7027902810775811,
        -0.7111778991761919,
        0.017658327956885524,
        -53.43221355768685
      ],
      [
        0.711116138213812,
        0.7029938148995309,
        0.010655242131381363,
        14.729737725036102
      ],
      [
        -0.01999146804936744,
        0.005068721371550237,
        0.9997873020142278,
        1.1466166498612225
      ],
      [
        0.0,
        0.0,
        0.0,
        1.0
      ]
    ],
    "location": [
      -53.43221355768685,
      14.729737725036102,
      1.1466166498612225
    ],
    "rotation": [
      0.005069756272273477,
      0.019992799916583988,
      0.7912866442697184
    ]
  },
  {
    "label_id": "WkuuNxUfsNcZQTemPqZG0A",
    "size": [
      1.699991031287006,
      4.453167383139791,
      1.5278147229951173
    ],
    "obj_class": "vehicle",
    "point_num_in_lidar": 159,
    "speed": 0.012477370352882078,
    "if_vehicle": true,
    "motion_state": false,
    "pose": [
      [
        0.6826386077419933,
        -0.7305427534880079,
        0.017658327956885524,
        -65.10668991673685
      ],
      [
        0.7304867053365687,
        0.6828437882427039,
        0.010655242131381363,
        23.98315194368479
      ],
      [
        -0.019841989481852524,
        0.005625494157257927,
        0.9997873020142278,
        0.9358687894268058
      ],
      [
        0.0,
        0.0,
        0.0,
        1.0
      ]
    ],
    "location": [
      -65.10668991673685,
      23.98315194368479,
      0.9358687894268058
    ],
    "rotation": [
      0.005626631564525567,
      0.019843291692820012,
      0.8192450020517252
    ]
  },
  {
    "label_id": "WlEHwQxLUOF-q1IUwMFeSA",
    "size": [
      1.7846216690564973,
      4.090804423523513,
      1.6600000000000037
    ],
    "obj_class": "vehicle",
    "point_num_in_lidar": 570,
    "speed": 7.906403957179773,
    "if_vehicle": true,
    "motion_state": true,
    "pose": [
      [
        0.6917542466360626,
        -0.7219170629059412,
        0.017658327956885524,
        -43.76216350151492
      ],
      [
        0.7218584438450836,
        0.691958707485263,
        0.010655242131381363,
        28.012403789343807
      ],
      [
        -0.019911034893435865,
        0.005376004146544971,
        0.9997873020142278,
        1.119118113784289
      ],
      [
        0.0,
        0.0,
        0.0,
        1.0
      ]
    ],
    "location": [
      -43.76216350151492,
      28.012403789343807,
      1.119118113784289
    ],
    "rotation": [
      0.005377096031514519,
      0.019912350747543203,
      0.8066908751363085
    ]
  },
  {
    "label_id": "YC3_X2Acqy93ylt39sAhfw",
    "size": [
      2.1263744226839862,
      4.678871084775954,
      1.740000000000002
    ],
    "obj_class": "vehicle",
    "point_num_in_lidar": 1316,
    "speed": 5.711787101712642,
    "if_vehicle": true,
    "motion_state": true,
    "pose": [
      [
        0.7117094370478757,
        -0.702251992286788,
        0.017658327956885524,
        -31.97936985672891
      ],
      [
        0.7021876676292321,
        0.7119121752326902,
        0.010655242131381363,
        35.22197762833275
      ],
      [
        -0.020053843681819283,
        0.004816023743343274,
        0.9997873020142278,
        1.1821683139223254
      ],
      [
        0.0,
        0.0,
        0.0,
        1.0
      ]
    ],
    "location": [
      -31.97936985672891,
      35.22197762833275,
      1.1821683139223254
    ],
    "rotation": [
      0.004817011062146943,
      0.020055188056212724,
      0.7786638505212012
    ]
  },
  {
    "label_id": "Yu9T0CbqX3V1hXpU4AZnkA",
    "size": [
      1.8800152373360068,
      4.5456553702554165,
      1.5400000000000063
    ],
    "obj_class": "vehicle",
    "point_num_in_lidar": 539,
    "speed": 8.310936815157763,
    "if_vehicle": true,
    "motion_state": true,
    "pose": [
      [
        0.709287959810345,
        -0.7046976468825802,
        0.017658327956885524,
        -43.18557509609457
      ],
      [
        0.7046340204625561,
        0.709490918209596,
        0.010655242131381363,
        24.007390100823613
      ],
      [
        -0.020037147373125463,
        0.004885023670253882,
        0.9997873020142278,
        0.9760763826605938
      ],
      [
        0.0,
        0.0,
        0.0,
        1.0
      ]
    ],
    "location": [
      -43.18557509609457,
      24.007390100823613,
      0.9760763826605938
    ],
    "rotation": [
      0.00488602404389848,
      0.02003848839203628,
      0.782106664569481
    ]
  },
  {
    "label_id": "cGy-7JZfWzadYOxbpSdAYQ",
    "size": [
      0.9696665606988557,
      0.9278091775285798,
      1.9399999999999977
    ],
    "obj_class": "pedestrian",
    "point_num_in_lidar": 394,
    "speed": 1.1145218972311528,
    "if_vehicle": false,
    "motion_state": true,
    "pose": [
      [
        0.3818649895770136,
        -0.9240494105777647,
        0.017658327956885524,
        -27.29635959792654
      ],
      [
        0.9240691578490542,
        0.3820767688924063,
        0.010655242131381363,
        24.506573919890798
      ],
      [
        -0.01659280710087558,
        0.012248652318701115,
        0.9997873020142278,
        1.1051672460282589
      ],
      [
        0.0,
        0.0,
        0.0,
        1.0
      ]
    ],
    "location": [
      -27.29635959792654,
      24.506573919890798,
      1.1051672460282589
    ],
    "rotation": [
      0.012250645247796465,
      0.016593568587281764,
      1.1789260683107827
    ]
  },
  {
    "label_id": "cv9oyKZbR5OEysJKx0Ipiw",
    "size": [
      1.4535229738680226,
      0.1300954602712818,
      0.4602476787440821
    ],
    "obj_class": "sign",
    "point_num_in_lidar": 70,
    "speed": 0.0232259460826118,
    "if_vehicle": false,
    "motion_state": false,
    "pose": [
      [
        0.5336734632550355,
        -0.8455062495754501,
        0.017658327956885524,
        -36.2915350982355
      ],
      [
        0.845489637088988,
        0.5338855115005957,
        0.010655242131381363,
        9.959165683168976
      ],
      [
        -0.01843659926632968,
        0.009243513325790216,
        0.9997873020142278,
        0.7854313636395034
      ],
      [
        0.0,
        0.0,
        0.0,
        1.0
      ]
    ],
    "location": [
      -36.2915350982355,
      9.959165683168976,
      0.7854313636395034
    ],
    "rotation": [
      0.009245216403095979,
      0.018437643884643112,
      1.0077506607713957
    ]
  },
  {
    "label_id": "eqtBmTwRgy_EzvD2hRrPgw",
    "size": [
      0.9945838042625212,
      0.12124330171716347,
      0.9600000000000009
    ],
    "obj_class": "sign",
    "point_num_in_lidar": 42,
    "speed": 0.0001594934903134474,
    "if_vehicle": false,
    "motion_state": false,
    "pose": [
      [
        0.44224687961537057,
        -0.8967195107302145,
        0.017658327956885524,
        -55.84765346716483
      ],
      [
        0.8967251836329049,
        0.4424595019362277,
        0.010655242131381363,
        2.182131841456794
      ],
      [
        -0.017367858503594395,
        0.011122419795638591,
        0.9997873020142278,
        2.0478564534890182
      ],
      [
        0.0,
        0.0,
        0.0,
        1.0
      ]
    ],
    "location": [
      -55.84765346716483,
      2.182131841456794,
      2.0478564534890182
    ],
    "rotation": [
      0.01112432711158302,
      0.017368731769538445,
      1.1126196295584492
    ]
  },
  {
    "label_id": "fGU9Sr0Kb4t6a-Bm1yxzCA",
    "size": [
      2.2511169924653367,
      4.929714534152837,
      1.509999999999998
    ],
    "obj_class": "vehicle",
    "point_num_in_lidar": 265,
    "speed": 5.5986626650569296,
    "if_vehicle": true,
    "motion_state": true,
    "pose": [
      [
        0.004431312399070691,
        -0.9998342597271754,
        0.017658327956885524,
        -54.246135525623345
      ],
      [
        0.9999325587428687,
        0.004619933014766181,
        0.010655242131381363,
        37.48041929479223
      ],
      [
        -0.01073505642095708,
        0.017609920350477384,
        0.9997873020142278,
        0.8983555525054143
      ],
      [
        0.0,
        0.0,
        0.0,
        1.0
      ]
    ],
    "location": [
      -54.246135525623345,
      37.48041929479223,
      0.8983555525054143
    ],
    "rotation": [
      0.01761184558553732,
      0.01073526261887063,
      1.566364744533117
    ]
  },
  {
    "label_id": "fm4vUhcFchzvNSDaSv-h3Q",
    "size": [
      2.0753022216049657,
      4.447160908047483,
      1.5899999999999963
    ],
    "obj_class": "vehicle",
    "point_num_in_lidar": 113,
    "speed": 5.3290705182007514e-14,
    "if_vehicle": true,
    "motion_state": false,
    "pose": [
      [
        0.41690344987017913,
        -0.908779234434915,
        0.017658327956885524,
        -49.95175581959711
      ],
      [
        0.9087908730018498,
        0.41711582919335183,
        0.010655242131381363,
        -1.1964104116377712
      ],
      [
        -0.01704883089477986,
        0.011605520075915995,
        0.9997873020142278,
        1.3387872537514411
      ],
      [
        0.0,
        0.0,
        0.0,
        1.0
      ]
    ],
    "location": [
      -49.95175581959711,
      -1.1964104116377712,
      1.3387872537514411
    ],
    "rotation": [
      0.011607467739541352,
      0.017049656912510952,
      1.1406937354992357
    ]
  },
  {
    "label_id": "gpjixMPWFS6iGvBmsDByCw",
    "size": [
      1.9570612401656315,
      4.52179090021459,
      1.490000000000002
    ],
    "obj_class": "vehicle",
    "point_num_in_lidar": 45,
    "speed": 3.9572884501299987,
    "if_vehicle": true,
    "motion_state": true,
    "pose": [
      [
        0.6417270758763644,
        -0.76672977217592,
        0.017658327956885524,
        -58.758318323680214
      ],
      [
        0.7666850120080091,
        0.6419350108674557,
        0.010655242131381363,
        26.88302185776047
      ],
      [
        -0.0195051903207777,
        0.006700618005940138,
        0.9997873020142278,
        0.8833567512589866
      ],
      [
        0.0,
        0.0,
        0.0,
        1.0
      ]
    ],
    "location": [
      -58.758318323680214,
      26.88302185776047,
      0.8833567512589866
    ],
    "rotation": [
      0.006701943173706268,
      0.019506427332142626,
      0.8738890250150376
    ]
  },
  {
    "label_id": "i3o11qKaljOZ3lMjZ7qZjg",
    "size": [
      2.0989436661426857,
      4.611355298180513,
      1.5157792543394564
    ],
    "obj_class": "vehicle",
    "point_num_in_lidar": 4457,
    "speed": 2.722287346728793,
    "if_vehicle": true,
    "motion_state": true,
    "pose": [
      [
        -0.7026599310408728,
        -0.711306688259996,
        0.017658327956885524,
        -20.326247018554454
      ],
      [
        0.7115094632916303,
        -0.702595722632566,
        0.010655242131381363,
        15.463278712193642
      ],
      [
        0.00482752069826957,
        0.02005107914849144,
        0.9997873020142278,
        0.8462951464923449
      ],
      [
        0.0,
        0.0,
        0.0,
        1.0
      ]
    ],
    "location": [
      -20.326247018554454,
      15.463278712193642,
      0.8462951464923449
    ],
    "rotation": [
      0.020052656662733058,
      -0.004827539449325868,
      2.3499368121699304
    ]
  },
  {
    "label_id": "kZ-5_neVIe_QvFiX_W9zbw",
    "size": [
      0.9999999999986202,
      1.0,
      1.8800000000000026
    ],
    "obj_class": "pedestrian",
    "point_num_in_lidar": 51,
    "speed": 1.2682703655205998,
    "if_vehicle": false,
    "motion_state": true,
    "pose": [
      [
        -0.6613647600426271,
        0.7498565446987346,
        0.017658327956885524,
        -34.55922298085045
      ],
      [
        -0.7498064155025401,
        -0.661571466348386,
        0.010655242131381363,
        58.70385791604713
      ],
      [
        0.019672148967263464,
        -0.006193325933703503,
        0.9997873020142278,
        1.0803714277529508
      ],
      [
        0.0,
        0.0,
        0.0,
        1.0
      ]
    ],
    "location": [
      -34.55922298085045,
      58.70385791604713,
      1.0803714277529508
    ],
    "rotation": [
      -0.006194564286786016,
      -0.019673418020394278,
      -2.293603832101683
    ]
  },
  {
    "label_id": "kt38cGopRoo7r_UIYR3sFw",
    "size": [
      0.7165647637073677,
      1.15292320642138,
      1.8846460176991258
    ],
    "obj_class": "pedestrian",
    "point_num_in_lidar": 275,
    "speed": 1.5112021509865419,
    "if_vehicle": false,
    "motion_state": true,
    "pose": [
      [
        0.294127403193478,
        -0.9556030839969221,
        0.017658327956885524,
        -24.45088443742543
      ],
      [
        0.9556424731043204,
        0.29433642216718603,
        0.010655242131381363,
        33.35305873706966
      ],
      [
        -0.015379671313766448,
        0.013741049501104302,
        0.9997873020142278,
        1.098813527283376
      ],
      [
        0.0,
        0.0,
        0.0,
        1.0
      ]
    ],
    "location": [
      -24.45088443742543,
      33.35305873706966,
      1.098813527283376
    ],
    "rotation": [
      0.01374310751706475,
      0.015380277681582436,
      1.2722175157868127
    ]
  },
  {
    "label_id": "l3xS3YkgkvGjtw43tFm6rQ",
    "size": [
      2.3695743119442483,
      5.118608991722786,
      1.8900000000000006
    ],
    "obj_class": "vehicle",
    "point_num_in_lidar": 335,
    "speed": 1.7056726000188582e-12,
    "if_vehicle": true,
    "motion_state": false,
    "pose": [
      [
        0.2812678704047687,
        -0.9594668147110318,
        0.017658327956885524,
        -48.9037299464394
      ],
      [
        0.9595090072294526,
        0.2814763415647427,
        0.010655242131381363,
        -8.654192696063546
      ],
      [
        -0.015193752779225815,
        0.013946347464302513,
        0.9997873020142278,
        1.8758094929752076
      ],
      [
        0.0,
        0.0,
        0.0,
        1.0
      ]
    ],
    "location": [
      -48.9037299464394,
      -8.654192696063546,
      1.8758094929752076
    ],
    "rotation": [
      0.013948409792784248,
      0.01519433741991278,
      1.2856474272220548
    ]
  },
  {
    "label_id": "lVIFZCiMNzJgCGEzHbZ6yg",
    "size": [
      1.8452801560110748,
      3.5772829602206295,
      1.5
    ],
    "obj_class": "vehicle",
    "point_num_in_lidar": 55,
    "speed": 3.0051551694844902,
    "if_vehicle": true,
    "motion_state": true,
    "pose": [
      [
        0.15171522616987496,
        -0.9882664992814392,
        0.017658327956885524,
        -55.08967264087448
      ],
      [
        0.9883359306938071,
        0.15191627271206898,
        0.010655242131381363,
        -10.63136049964669
      ],
      [
        -0.013212806205713733,
        0.015835797525907625,
        0.9997873020142278,
        1.9793069043940505
      ],
      [
        0.0,
        0.0,
        0.0,
        1.0
      ]
    ],
    "location": [
      -55.08967264087448,
      -10.63136049964669,
      1.9793069043940505
    ],
    "rotation": [
      0.01583784211161876,
      0.013213190680678317,
      1.4184795705062885
    ]
  },
  {
    "label_id": "p_-q0upnS--pDSRP2-WGZQ",
    "size": [
      1.9018685744863297,
      4.648856578040061,
      1.7800000000000011
    ],
    "obj_class": "vehicle",
    "point_num_in_lidar": 123,
    "speed": 7.664906678526446,
    "if_vehicle": true,
    "motion_state": true,
    "pose": [
      [
        0.7084963637245696,
        -0.7054935053158388,
        0.017658327956885524,
        -34.040400310176324
      ],
      [
        0.7054301067929991,
        0.7086993934279465,
        0.010655242131381363,
        37.656179770265226
      ],
      [
        -0.020031650433253768,
        0.004907515871723028,
        0.9997873020142278,
        1.2143064888077504
      ],
      [
        0.0,
        0.0,
        0.0,
        1.0
      ]
    ],
    "location": [
      -34.040400310176324,
      37.656179770265226,
      1.2143064888077504
    ],
    "rotation": [
      0.004908520490883282,
      0.020032990348659376,
      0.7832295554897679
    ]
  },
  {
    "label_id": "qqtlWI89nAPB5R9a65QLWQ",
    "size": [
      0.7219228465591588,
      0.9605874422248267,
      1.6599999999999966
    ],
    "obj_class": "pedestrian",
    "point_num_in_lidar": 446,
    "speed": 1.2259035049337337,
    "if_vehicle": false,
    "motion_state": true,
    "pose": [
      [
        0.42280686038162896,
        -0.9060477593747456,
        0.017658327956885524,
        -28.878015930351808
      ],
      [
        0.9060580160220143,
        0.4230193109272587,
        0.010655242131381363,
        20.10399819954
      ],
      [
        -0.017123971983182735,
        0.011494360122706356,
        0.9997873020142278,
        1.0008642474666871
      ],
      [
        0.0,
        0.0,
        0.0,
        1.0
      ]
    ],
    "location": [
      -28.878015930351808,
      20.10399819954,
      1.0008642474666871
    ],
    "rotation": [
      0.011496298974266067,
      0.01712480897187059,
      1.1341874870378523
    ]
  },
  {
    "label_id": "qtdDGxCsGHPBehUbqu5xcg",
    "size": [
      0.97484878352242,
      0.10736751885132706,
      0.6372414334679277
    ],
    "obj_class": "sign",
    "point_num_in_lidar": 50,
    "speed": 0.007307763595575328,
    "if_vehicle": false,
    "motion_state": false,
    "pose": [
      [
        0.10222108115611458,
        -0.9946049638027362,
        0.017658327956885524,
        -37.95790165235621
      ],
      [
        0.9946843390847292,
        0.10241841335764322,
        0.010655242131381363,
        4.2357936207263265
      ],
      [
        -0.012406294646285078,
        0.01647527190248609,
        0.9997873020142278,
        1.1310654466480372
      ],
      [
        0.0,
        0.0,
        0.0,
        1.0
      ]
    ],
    "location": [
      -37.95790165235621,
      4.2357936207263265,
      1.1310654466480372
