[
  {
    "label_id": "2m4G_1FvlVHMqTBFExLTsQ",
    "size": [
      2.3729798440719314,
      6.136064268284593,
      2.1000000000000014
    ],
    "obj_class": "vehicle",
    "point_num_in_lidar": 260,
    "speed": 3.1939347395551185,
    "if_vehicle": true,
    "motion_state": true,
    "pose": [
      [
        0.7106582476414905,
        -0.7032966933218908,
        0.018401527697993074,
        -69.84706794454439
      ],
      [
        0.703251659017504,
        0.710871963862073,
        0.009907324765432731,
        15.220458094836431
      ],
      [
        -0.020048918879929583,
        0.005900182825452613,
        0.9997815904958304,
        1.2554747474746861
      ],
      [
        0.0,
        0.0,
        0.0,
        1.0
      ]
    ],
    "location": [
      -69.84706794454439,
      15.220458094836431,
      1.2554747474746861
    ],
    "rotation": [
      0.005901403253494315,
      0.02005026226399665,
      0.7801598375018309
    ]
  },
  {
    "label_id": "3plNn4EcFthBCzoPgxogzQ",
    "size": [
      0.7108828532894927,
      0.7730393517247112,
      1.1052173913043362
    ],
    "obj_class": "pedestrian",
    "point_num_in_lidar": 229,
    "speed": 1.524400408193665,
    "if_vehicle": false,
    "motion_state": true,
    "pose": [
      [
        0.5352314907775473,
        -0.8445049644960202,
        0.018401527697993074,
        -28.456464137411672
      ],
      [
        0.8445089029938189,
        0.5354498647680926,
        0.009907324765432731,
        21.40839353838055
      ],
      [
        -0.018219880466699014,
        0.010237541765822629,
        0.9997815904958304,
        0.7339293280026169
      ],
      [
        0.0,
        0.0,
        0.0,
        1.0
      ]
    ],
    "location": [
      -28.456464137411672,
      21.40839353838055,
      0.7339293280026169
    ],
    "rotation": [
      0.010239420362535038,
      0.01822088867485042,
      1.005909353283891
    ]
  },
  {
    "label_id": "5zhamXYExjfy-r5noa4I-w",
    "size": [
      2.3211440729211907,
      5.242010731245653,
      2.1488031328796637
    ],
    "obj_class": "vehicle",
    "point_num_in_lidar": 8995,
    "speed": 0.0018659415101305182,
    "if_vehicle": true,
    "motion_state": false,
    "pose": [
      [
        -0.7152550249660483,
        -0.6986212371802031,
        0.018401527697993074,
        -23.16041568206481
      ],
      [
        0.6988356868420038,
        -0.7152136238300112,
        0.009907324765432731,
        13.878769717452087
      ],
      [
        0.006239555824117272,
        0.019945908070215485,
        0.9997815904958304,
        1.2508475714910148
      ],
      [
        0.0,
        0.0,
        0.0,
        1.0
      ]
    ],
    "location": [
      -23.16041568206481,
      13.878769717452087,
      1.2508475714910148
    ],
    "rotation": [
      0.019947619207435978,
      -0.006239596311283632,
      2.3678052024029856
    ]
  },
  {
    "label_id": "68xsQWcIHjMMfTHtOcaoIw",
    "size": [
      1.0573433360676237,
      0.09741873349442347,
      0.4299999999999997
    ],
    "obj_class": "sign",
    "point_num_in_lidar": 30,
    "speed": 0.006336468749420297,
    "if_vehicle": false,
    "motion_state": false,
    "pose": [
      [
        0.6687297009197216,
        0.7432778557754829,
        0.018401527697993074,
        -57.3988988624709
      ],
      [
        -0.7434891903803186,
        0.6686745611309065,
        0.009907324765432731,
        37.012507522629676
      ],
      [
        -0.00494073834947156,
        -0.02030665925724426,
        0.9997815904958304,
        3.1480569250100316
      ],
      [
        0.0,
        0.0,
        0.0,
        1.0
      ]
    ],
    "location": [
      -57.3988988624709,
      37.012507522629676,
      3.1480569250100316
    ],
    "rotation": [
      -0.020308303034195743,
      0.004940758451000247,
      -0.8382864033297027
    ]
  },
  {
    "label_id": "6hxt5zygbQRvmtThpAKlzg",
    "size": [
      2.0933483852658568,
      5.475322394370159,
      1.8000000000000043
    ],
    "obj_class": "vehicle",
    "point_num_in_lidar": 349,
    "speed": 0.003719350505257655,
    "if_vehicle": true,
    "motion_state": false,
    "pose": [
      [
        0.322692251596098,
        -0.9463250469781621,
        0.018401527697993074,
        -46.5836079136094
      ],
      [
        0.9463799902146754,
        0.3229036373862379,
        0.009907324765432731,
        -2.062612590054414
      ],
      [
        -0.015317469801221605,
        0.014217820666910493,
        0.9997815904958304,
        1.5085050077255744
      ],
      [
        0.0,
        0.0,
        0.0,
        1.0
      ]
    ],
    "location": [
      -46.5836079136094,
      -2.062612590054414,
      1.5085050077255744
    ],
    "rotation": [
      0.014219968113551607,
      0.01531806884105961,
      1.2421837941197766
    ]
  },
  {
    "label_id": "7VCe0--NDlntifOpFryrQg",
    "size": [
      0.691215310139313,
      1.066362559770647,
      1.7299999999999969
    ],
    "obj_class": "pedestrian",
    "point_num_in_lidar": 482,
    "speed": 1.0693090329445014,
    "if_vehicle": false,
    "motion_state": true,
    "pose": [
      [
        0.421394950434101,
        -0.9066905092295946,
        0.018401527697993074,
        -27.057514227847605
      ],
      [
        0.9067226859390632,
        0.4216109767539776,
        0.009907324765432731,
        23.576888144572877
      ],
      [
        -0.016741163403189405,
        0.012510185991242281,
        0.9997815904958304,
        1.0661903197461342
      ],
      [
        0.0,
        0.0,
        0.0,
        1.0
      ]
    ],
    "location": [
      -27.057514227847605,
      23.576888144572877,
      1.0661903197461342
    ],
    "rotation": [
      0.012512265930669519,
      0.01674194549985558,
      1.1357482345400063
    ]
  },
  {
    "label_id": "8hZwpu_QOehwpCU39N1TMA",
    "size": [
      1.035248774062951,
      2.0287232664821753,
      1.3900000000000006
    ],
    "obj_class": "vehicle",
    "point_num_in_lidar": 1236,
    "speed": 0.003431967203421376,
    "if_vehicle": true,
    "motion_state": false,
    "pose": [
      [
        -0.8278845997189392,
        0.5605965334593068,
        0.018401527697993074,
        -18.873098796336308
      ],
      [
        -0.5605129610616757,
        -0.8280863876419322,
        0.009907324765432731,
        25.252353614292588
      ],
      [
        0.020792066517881173,
        -0.002112173180344729,
        0.9997815904958304,
        0.7881135678269899
      ],
      [
        0.0,
        0.0,
        0.0,
        1.0
      ]
    ],
    "location": [
      -18.873098796336308,
      25.252353614292588,
      0.7881135678269899
    ],
    "rotation": [
      -0.002112631456774097,
      -0.020793564912546757,
      -2.546441219426216
    ]
  },
  {
    "label_id": "9GOp9QAQoR3n_l4KYwu1hQ",
    "size": [
      0.8074269342862659,
      0.08924921455650353,
      0.7712386422860718
    ],
    "obj_class": "sign",
    "point_num_in_lidar": 99,
    "speed": 0.001456875866932854,
    "if_vehicle": false,
    "motion_state": false,
    "pose": [
      [
        0.796752121715927,
        0.6040260261938624,
        0.018401527697993074,
        -30.38975313064111
      ],
      [
        -0.6042439637853956,
        0.7967377718828859,
        0.009907324765432731,
        10.038959128925853
      ],
      [
        -0.00867691016906384,
        -0.01901269406332936,
        0.9997815904958304,
        2.9007275035919733
      ],
      [
        0.0,
        0.0,
        0.0,
        1.0
      ]
    ],
    "location": [
      -30.38975313064111,
      10.038959128925853,
      2.9007275035919733
    ],
    "rotation": [
      -0.0190145556001748,
      0.008677019051735277,
      -0.6488452334088596
    ]
  },
  {
    "label_id": "AMadp0L1pJzOnnBOXCTnTQ",
    "size": [
      1.8919297222542837,
      4.847085383399303,
      1.4399999999999977
    ],
    "obj_class": "vehicle",
    "point_num_in_lidar": 46,
    "speed": 1.7053950819000347e-12,
    "if_vehicle": true,
    "motion_state": false,
    "pose": [
      [
        0.6999854406137327,
        -0.7139200002151351,
        0.018401527697993074,
        -90.23875010973154
      ],
      [
        0.7138781897537442,
        0.7001998108468107,
        0.009907324765432731,
        -0.9347556477823673
      ],
      [
        -0.019957783512096247,
        0.0062014661905119015,
        0.9997815904958304,
        0.7704264570600969
      ],
      [
        0.0,
        0.0,
        0.0,
        1.0
      ]
    ],
    "location": [
      -90.23875010973154,
      -0.9347556477823673,
      0.7704264570600969
    ],
    "rotation": [
      0.006202741396242302,
      0.01995910865747578,
      0.7952239356595114
    ]
  },
  {
    "label_id": "EgtFEsx4l9DBrLJkyWWFvw",
    "size": [
      0.9646012918207275,
      0.8322323455397932,
      1.8800000000000026
    ],
    "obj_class": "pedestrian",
    "point_num_in_lidar": 39,
    "speed": 0.03438973131692285,
    "if_vehicle": false,
    "motion_state": false,
    "pose": [
      [
        0.7032108069948818,
        0.7107432340191409,
        0.018401527697993074,
        -59.70782593383012
      ],
      [
        -0.7109569447958847,
        0.7031657468637771,
        0.009907324765432731,
        31.438088726144997
      ],
      [
        -0.005897759922932196,
        -0.020049631755202333,
        0.9997815904958304,
        1.050892096810685
      ],
      [
        0.0,
        0.0,
        0.0,
        1.0
      ]
    ],
    "location": [
      -59.70782593383012,
      31.438088726144997,
      1.050892096810685
    ],
    "rotation": [
      -0.020051324060704565,
      0.005897794114326976,
      -0.7908756326176094
    ]
  },
  {
    "label_id": "F7Bt39aSBBq_9EfdYbJu_g",
    "size": [
      0.9771451001673042,
      0.10328031173047941,
      0.937241433467932
    ],
    "obj_class": "sign",
    "point_num_in_lidar": 112,
    "speed": 0.007212606985704199,
    "if_vehicle": false,
    "motion_state": false,
    "pose": [
      [
        0.1023848781189658,
        -0.9945746430062172,
        0.018401527697993074,
        -37.96305015999633
      ],
      [
        0.9946755659554338,
        0.10257857187166078,
        0.009907324765432731,
        4.239029542752178
      ],
      [
        -0.011741176423243852,
        0.01728918973885201,
        0.9997815904958304,
        1.944307874242
      ],
      [
        0.0,
        0.0,
        0.0,
        1.0
      ]
    ],
    "location": [
      -37.96305015999633,
      4.239029542752178,
      1.944307874242
    ],
    "rotation": [
      0.017291243194841877,
      0.011741446203730566,
      1.4682246267077153
    ]
  },
  {
    "label_id": "FoYJ89RoPhxC2s7oyR-IYw",
    "size": [
      2.0645031847102264,
      4.8697259209348065,
      1.8100000000000023
    ],
    "obj_class": "vehicle",
    "point_num_in_lidar": 61,
    "speed": 10.672333433198684,
    "if_vehicle": true,
    "motion_state": true,
    "pose": [
      [
        0.6316067031947886,
        -0.7750705492132893,
        0.018401527697993074,
        -31.35755119468331
      ],
      [
        0.7750485622927751,
        0.6318240031875129,
        0.009907324765432731,
        51.31966209260463
      ],
      [
        -0.01930540254209025,
        0.008004544853745162,
        0.9997815904958304,
        1.2084134755166502
      ],
      [
        0.0,
        0.0,
        0.0,
        1.0
      ]
    ],
    "location": [
      -31.35755119468331,
      51.31966209260463,
      1.2084134755166502
    ],
    "rotation": [
      0.008006122441150905,
      0.019306601925899825,
      0.8870206020169717
    ]
  },
  {
    "label_id": "HA5PLwFMuobFWkWpC5lNrg",
    "size": [
      2.071786670937749,
      4.6109109994821855,
      1.8599999999999994
    ],
    "obj_class": "vehicle",
    "point_num_in_lidar": 539,
    "speed": 0.005055022687288516,
    "if_vehicle": true,
    "motion_state": false,
    "pose": [
      [
        0.3436460037676544,
        -0.9389189570313836,
        0.018401527697993074,
        -40.0408654765032
      ],
      [
        0.9389691883339029,
        0.343858558531795,
        0.009907324765432731,
        7.674843437211166
      ],
      [
        -0.015629697824746096,
        0.013873854963019116,
        0.9997815904958304,
        1.0354276247005743
      ],
      [
        0.0,
        0.0,
        0.0,
        1.0
      ]
    ],
    "location": [
      -40.0408654765032,
      7.674843437211166,
      1.0354276247005743
    ],
    "rotation": [
      0.013875995161808896,
      0.015630334251225505,
      1.2199550210587065
    ]
  },
  {
    "label_id": "I3rWao3BUZoXJ4ofYXC1qQ",
    "size": [
      1.9599803797847535,
      4.190208464208446,
      1.740000000000002
    ],
    "obj_class": "vehicle",
    "point_num_in_lidar": 624,
    "speed": 7.559693030816085,
    "if_vehicle": true,
    "motion_state": true,
    "pose": [
      [
        0.6760260921789605,
        -0.7366478849977266,
        0.018401527697993074,
        -29.280049779283445
      ],
      [
        0.7366131770124563,
        0.6762417262840322,
        0.009907324765432731,
        43.52450354619032
      ],
      [
        -0.01974209069119589,
        0.006857197734378065,
        0.9997815904958304,
        1.2759587470671718
      ],
      [
        0.0,
        0.0,
        0.0,
        1.0
      ]
    ],
    "location": [
      -29.280049779283445,
      43.52450354619032,
      1.2759587470671718
    ],
    "rotation": [
      0.0068585881934967365,
      0.019743373329951967,
      0.8282611768446974
    ]
  },
  {
    "label_id": "IXOFIGIoE_Axs4Lvc4Rteg",
    "size": [
      1.2165606554992792,
      1.2453114029931163,
      1.8999999999999986
    ],
    "obj_class": "pedestrian",
    "point_num_in_lidar": 54,
    "speed": 1.3092685258613497,
    "if_vehicle": false,
    "motion_state": true,
    "pose": [
      [
        -0.9728053685649881,
        -0.23089196319819738,
        0.018401527697993074,
        -62.63395210612214
      ],
      [
        0.23109713949944824,
        -0.9728802377637057,
        0.009907324765432731,
        43.255548022201765
      ],
      [
        0.015614960976906036,
        0.013890439133355888,
        0.9997815904958304,
        1.2140004007583158
      ],
      [
        0.0,
        0.0,
        0.0,
        1.0
      ]
    ],
    "location": [
      -62.63395210612214,
      43.255548022201765,
      1.2140004007583158
    ],
    "rotation": [
      0.01389257975759652,
      -0.015615595604739341,
      2.908358493735283
    ]
  },
  {
    "label_id": "IwWISx28NLErylVGWpUHvQ",
    "size": [
      2.9891074923896985,
      13.851028361303396,
      4.359999999999957
    ],
    "obj_class": "vehicle",
    "point_num_in_lidar": 693,
    "speed": 3.1264385016200963e-12,
    "if_vehicle": true,
    "motion_state": false,
    "pose": [
      [
        -0.008494023629661358,
        -0.999794596575196,
        0.018401527697993074,
        -51.91494346468971
      ],
      [
        0.999916368380376,
        -0.008312710808893443,
        0.009907324765432731,
        -20.56836624179232
      ],
      [
        -0.009752323188800005,
        0.01848414179909245,
        0.9997815904958304,
        3.640384221705098
      ],
      [
        0.0,
        0.0,
        0.0,
        1.0
      ]
    ],
    "location": [
      -51.91494346468971,
      -20.56836624179232,
      3.640384221705098
    ],
    "rotation": [
      0.018486073726400452,
      0.009752477782429355,
      1.579290856533667
    ]
  },
  {
    "label_id": "JpL6P0gAOoixkeBIrZJTfg",
    "size": [
      2.0138861202425975,
      4.439900271844769,
      1.8999999999999986
    ],
    "obj_class": "vehicle",
    "point_num_in_lidar": 115,
    "speed": 0.02220460237270116,
    "if_vehicle": true,
    "motion_state": false,
    "pose": [
      [
        0.33759647625826017,
        -0.9411110471120748,
        0.018401527697993074,
        -44.053830521782515
      ],
      [
        0.9411626452702088,
        0.33780870335735175,
        0.009907324765432731,
        5.928338185500252
      ],
      [
        -0.015540088995529222,
        0.013974152555299893,
        0.9997815904958304,
        1.1510888475721757
      ],
      [
        0.0,
        0.0,
        0.0,
        1.0
      ]
    ],
    "location": [
      -44.053830521782515,
      5.928338185500252,
      1.1510888475721757
    ],
    "rotation": [
      0.013976295210280553,
      0.01554071453750069,
      1.2263907212927079
    ]
  },
  {
    "label_id": "R02j7hrIj7vZK3LuWkAaDQ",
    "size": [
      0.8959697064606219,
      0.1253559028273384,
      0.930247678744081
    ],
    "obj_class": "sign",
    "point_num_in_lidar": 258,
    "speed": 0.00202010047600594,
    "if_vehicle": false,
    "motion_state": false,
    "pose": [
      [
        -0.47975045591397514,
        0.877211994804399,
        0.018401527697993074,
        -36.24338240052441
      ],
      [
        -0.8772299844074136,
        -0.47996812328795435,
        0.009907324765432731,
        9.904271165591126
      ],
      [
        0.017522970835497316,
        -0.011389328282478885,
        0.9997815904958304,
        2.6833507356724056
      ],
      [
        0.0,
        0.0,
        0.0,
        1.0
      ]
    ],
    "location": [
      -36.24338240052441,
      9.904271165591126,
      2.6833507356724056
    ],
    "rotation": [
      -0.01139132361659124,
      -0.01752386771062303,
      -2.0712505729698174
    ]
  },
  {
    "label_id": "Tc_grduMpPFzotyj6WiPYw",
    "size": [
      0.8046151891173355,
      0.889443332664063,
      1.7230060925525095
    ],
    "obj_class": "pedestrian",
    "point_num_in_lidar": 378,
    "speed": 1.283832474979344,
    "if_vehicle": false,
    "motion_state": true,
    "pose": [
      [
        0.45892743412599685,
        -0.8882831721837968,
        0.018401527697993074,
        -28.561282740364277
      ],
      [
        0.8883062905966513,
        0.4591446166540664,
        0.009907324765432731,
        20.311053868033923
      ],
      [
        -0.017249472251237893,
        0.011799449677062777,
        0.9997815904958304,
        1.0456742220218658
      ],
      [
        0.0,
        0.0,
        0.0,
        1.0
      ]
    ],
    "location": [
      -28.561282740364277,
      20.311053868033923,
      1.0456742220218658
    ],
    "rotation": [
      0.011801479438124514,
      0.01725032777946452,
      1.093931840949931
    ]
  },
  {
    "label_id": "U1dH0uDhaeGUHpknIe9pRQ",
    "size": [
      1.980953779033954,
      4.634512657984047,
      1.75
    ],
    "obj_class": "vehicle",
    "point_num_in_lidar": 74,
    "speed": 10.257159904357088,
    "if_vehicle": true,
    "motion_state": true,
    "pose": [
      [
        0.704685917829213,
        -0.7092807208655679,
        0.018401527697993074,
        -54.92613472612652
      ],
      [
        0.7092374953088776,
        0.7049000072095204,
        0.009907324765432731,
        25.19822381325139
      ],
      [
        -0.01999831145845693,
        0.006069501168820487,
        0.9997815904958304,
        1.2054747474747245
      ],
      [
        0.0,
        0.0,
        0.0,
        1.0
      ]
    ],
    "location": [
      -54.92613472612652,
      25.19822381325139,
      1.2054747474747245
    ],
    "rotation": [
      0.0060707525168126565,
      0.019999644694066294,
      0.788617264032807
    ]
  },
  {
    "label_id": "U2p8B_zSFJocUfJk_cR9kA",
    "size": [
      2.0861832129468167,
      5.130968474483823,
      1.9329169092128993
    ],
    "obj_class": "vehicle",
    "point_num_in_lidar": 182,
    "speed": 7.583535239031397,
    "if_vehicle": true,
    "motion_state": true,
    "pose": [
      [
        0.7043631020319385,
        -0.7096012995156681,
        0.018401527697993074,
        -57.7408172080568
      ],
      [
        0.7095581713801926,
        0.7045772110589364,
        0.009907324765432731,
        10.36363854227966
      ],
      [
        -0.01999554759295056,
        0.006078600339371885,
        0.9997815904958304,
        1.0732242564341092
      ],
      [
        0.0,
        0.0,
        0.0,
        1.0
      ]
    ],
    "location": [
      -57.7408172080568,
      10.36363854227966,
      1.0732242564341092
    ],
    "rotation": [
      0.006079853339230168,
      0.01999688027579075,
      0.7890723750161593
    ]
  },
  {
    "label_id": "WkuuNxUfsNcZQTemPqZG0A",
    "size": [
      1.6999910312862117,
      4.453167383139791,
      1.5278147229951173
    ],
    "obj_class": "vehicle",
    "point_num_in_lidar": 53,
    "speed": 0.013786238179527881,
    "if_vehicle": true,
    "motion_state": false,
    "pose": [
      [
        0.6837648708204366,
        -0.7294703456688914,
        0.018401527697993074,
        -65.11574704637803
      ],
      [
        0.7294333632689792,
        0.6839801265139926,
        0.009907324765432731,
        23.989441073452326
      ],
      [
        -0.019813378864218224,
        0.006648407599622141,
        0.9997815904958304,
        0.9392816065241831
      ],
      [
        0.0,
        0.0,
        0.0,
        1.0
      ]
    ],
    "location": [
      -65.11574704637803,
      23.989441073452326,
      0.9392816065241831
    ],
    "rotation": [
      0.006649761974496173,
      0.01981467544957891,
      0.8177026229057017
    ]
  },
  {
    "label_id": "WlEHwQxLUOF-q1IUwMFeSA",
    "size": [
      1.7846216690576753,
      4.090804423523513,
      1.6600000000000037
    ],
    "obj_class": "vehicle",
    "point_num_in_lidar": 398,
    "speed": 8.36594545786875,
    "if_vehicle": true,
    "motion_state": true,
    "pose": [
      [
        0.6964445561966734,
        -0.7173746328958102,
        0.018401527697993074,
        -48.36312858319991
      ],
      [
        0.7173338836021256,
        0.6966591306745962,
        0.009907324765432731,
        23.19265863758119
      ],
      [
        -0.019926855755750233,
        0.006300136928455344,
        0.9997815904958304,
        1.120620072181815
      ],
      [
        0.0,
        0.0,
        0.0,
        1.0
      ]
    ],
    "location": [
      -48.36312858319991,
      23.19265863758119,
      1.120620072181815
    ],
    "rotation": [
      0.006301429831749682,
      0.01992817474936934,
      0.8001726194622526
    ]
  },
  {
    "label_id": "YC3_X2Acqy93ylt39sAhfw",
    "size": [
      2.1263744226859713,
      4.678871084775954,
      1.740000000000002
    ],
    "obj_class": "vehicle",
    "point_num_in_lidar": 1257,
    "speed": 7.080287219906958,
    "if_vehicle": true,
    "motion_state": true,
    "pose": [
      [
        0.7114675577568232,
        -0.7024779697883212,
        0.018401527697993074,
        -35.620597376020896
      ],
      [
        0.7024326894392959,
        0.7116812219828972,
        0.009907324765432731,
        31.678687991401603
      ],
      [
        -0.02005569910571458,
        0.005877094435926855,
        0.9997815904958304,
        1.2205028165508693
      ],
      [
        0.0,
        0.0,
        0.0,
        1.0
      ]
    ],
    "location": [
      -35.620597376020896,
      31.678687991401603,
      1.2205028165508693
    ],
    "rotation": [
      0.005878310621255773,
      0.02005704385334065,
      0.7790082180202342
    ]
  },
  {
    "label_id": "Yu9T0CbqX3V1hXpU4AZnkA",
    "size": [
      1.8800152373356798,
      4.5456553702554165,
      1.5400000000000063
    ],
    "obj_class": "vehicle",
    "point_num_in_lidar": 339,
    "speed": 8.632161512555006,
    "if_vehicle": true,
    "motion_state": true,
    "pose": [
      [
        0.7126561485575044,
        -0.7012721281368341,
        0.018401527697993074,
        -48.158963550771546
      ],
      [
        0.7012264860231596,
        0.7128697357972238,
        0.009907324765432731,
        19.140275115127224
      ],
      [
        -0.020065622910731388,
        0.005843122695279855,
        0.9997815904958304,
        0.929678077223933
      ],
      [
        0.0,
        0.0,
        0.0,
        1.0
      ]
    ],
    "location": [
      -48.158963550771546,
      19.140275115127224,
      0.929678077223933
    ],
    "rotation": [
      0.005844332626583955,
      0.02006696965577941,
      0.7773144559583943
    ]
  },
  {
    "label_id": "ZmziQnEdI8xuJyU5ilrbOA",
    "size": [
      1.8884170131179305,
      4.729583791090963,
      1.7000000000000028
    ],
    "obj_class": "vehicle",
    "point_num_in_lidar": 20,
    "speed": 1.421529491362787e-12,
    "if_vehicle": true,
    "motion_state": false,
    "pose": [
      [
        0.28135349122021636,
        -0.9594277444167308,
        0.018401527697993074,
        -47.93130332958776
      ],
      [
        0.9594918022375675,
        0.2815622956911964,
        0.009907324765432731,
        4.156217756188198
      ],
      [
        -0.014686538635775208,
        0.014868654563464881,
        0.9997815904958304,
        1.0657286521101028
      ],
      [
        0.0,
        0.0,
        0.0,
        1.0
      ]
    ],
    "location": [
      -47.93130332958776,
      4.156217756188198,
      1.0657286521101028
    ],
    "rotation": [
      0.014870806450295851,
      0.014687066654425995,
      1.2855604146393893
    ]
  },
  {
    "label_id": "cGy-7JZfWzadYOxbpSdAYQ",
    "size": [
      0.969666560698726,
      0.9278091775285798,
      1.9399999999999977
    ],
    "obj_class": "pedestrian",
    "point_num_in_lidar": 354,
    "speed": 1.1116652840716312,
    "if_vehicle": false,
    "motion_state": true,
    "pose": [
      [
        0.4001064933196223,
        -0.9162838958433436,
        0.018401527697993074,
        -27.69327091369655
      ],
      [
        0.9163211085443183,
        0.4003217093190224,
        0.009907324765432731,
        23.70839406419691
      ],
      [
        -0.016444453155597862,
        0.012897723289058052,
        0.9997815904958304,
        1.1101688366713702
      ],
      [
        0.0,
        0.0,
        0.0,
        1.0
      ]
    ],
    "location": [
      -27.69327091369655,
      23.70839406419691,
      1.1101688366713702
    ],
    "rotation": [
      0.012899825308236657,
      0.016445194397414615,
      1.159104242112518
    ]
  },
  {
    "label_id": "cv9oyKZbR5OEysJKx0Ipiw",
    "size": [
      1.4535229738680222,
      0.1300954602712818,
      0.4602476787440821
    ],
    "obj_class": "sign",
    "point_num_in_lidar": 68,
    "speed": 0.023225945886267932,
    "if_vehicle": false,
    "motion_state": false,
    "pose": [
      [
        0.5336663098387667,
        -0.8454949163191068,
        0.018401527697993074,
        -36.27520844113735
      ],
      [
        0.8454992593007271,
        0.5338846761594809,
        0.009907324765432731,
        9.950303862042347
      ],
      [
        -0.01820088637937851,
        0.010271272590712248,
        0.9997815904958304,
        0.7844189694991996
      ],
      [
        0.0,
        0.0,
        0.0,
        1.0
      ]
    ],
    "location": [
      -36.27520844113735,
      9.950303862042347,
      0.7844189694991996
    ],
    "rotation": [
      0.010273155007318966,
      0.01820189143735488,
      1.0077618477840362
    ]
  },
  {
    "label_id": "eqtBmTwRgy_EzvD2hRrPgw",
    "size": [
      0.99458380426252,
      0.12124330171716347,
      0.9600000000000009
    ],
    "obj_class": "sign",
    "point_num_in_lidar": 43,
    "speed": 0.0001594934914477613,
    "if_vehicle": false,
    "motion_state": false,
    "pose": [
      [
        0.4422409516908344,
        -0.8967074910058269,
        0.018401527697993074,
        -55.84765718587175
      ],
      [
        0.8967346655629991,
        0.44245766406923975,
        0.009907324765432731,
        2.182259353774498
      ],
      [
        -0.017025869293550506,
        0.01211986305313294,
        0.9997815904958304,
        2.05585435630816
      ],
      [
        0.0,
        0.0,
        0.0,
        1.0
      ]
    ],
    "location": [
      -55.84765718587175,
      2.182259353774498,
      2.05585435630816
    ],
    "rotation": [
      0.012121916954779497,
      0.017026691978008514,
      1.1126291414449132
    ]
  },
  {
    "label_id": "fGU9Sr0Kb4t6a-Bm1yxzCA",
    "size": [
      2.251116992464546,
      4.929714534152837,
      1.509999999999998
    ],
    "obj_class": "vehicle",
    "point_num_in_lidar": 317,
    "speed": 4.388041139816049,
    "if_vehicle": true,
    "motion_state": true,
    "pose": [
      [
        0.36942165477403643,
        -0.9290796654552249,
        0.018401527697993074,
        -54.65087709415661
      ],
      [
        0.9291240128597752,
        0.3696355145861126,
        0.009907324765432731,
        33.595275245703306
      ],
      [
        -0.016006552138442782,
        0.013437320948279676,
        0.9997815904958304,
        0.8986194662227192
      ],
      [
        0.0,
        0.0,
        0.0,
        1.0
      ]
    ],
    "location": [
      -54.65087709415661,
      33.595275245703306,
      0.8986194662227192
    ],
    "rotation": [
      0.013439447230876084,
      0.016007235722943037,
      1.1923588161939065
    ]
  },
  {
    "label_id": "fm4vUhcFchzvNSDaSv-h3Q",
    "size": [
      2.0753022216049666,
      4.447160908047483,
      1.5899999999999963
    ],
    "obj_class": "vehicle",
    "point_num_in_lidar": 111,
    "speed": 5.3290705182007514e-14,
    "if_vehicle": true,
    "motion_state": false,
    "pose": [
      [
        0.41689786165167547,
        -0.9087670530607063,
        0.018401527697993074,
        -49.951755819595405
      ],
      [
        0.9088002996108139,
        0.4171137259109161,
        0.009907324765432731,
        -1.1964104116395902
      ],
      [
        -0.01667898011136047,
        0.012592971375835203,
        0.9997815904958304,
        1.338787253751427
      ],
      [
        0.0,
        0.0,
        0.0,
        1.0
      ]
    ],
    "location": [
      -49.951755819595405,
      -1.1964104116395902,
      1.338787253751427
    ],
    "rotation": [
      0.012595056351601585,
      0.016679753524586678,
      1.1407027465699846
    ]
  },
  {
    "label_id": "kt38cGopRoo7r_UIYR3sFw",
    "size": [
      0.7165647637080496,
      1.15292320642138,
      1.8846460176991258
    ],
    "obj_class": "pedestrian",
    "point_num_in_lidar": 313,
    "speed": 1.5959241592497002,
    "if_vehicle": false,
    "motion_state": true,
    "pose": [
      [
        0.3172260037054889,
        -0.9481714224502998,
        0.018401527697993074,
        -24.862610966206717
      ],
      [
        0.9482275845974577,
        0.3174370689199092,
        0.009907324765432731,
        32.09538934898592
      ],
      [
        -0.01523516923161688,
        0.014305975119220543,
        0.9997815904958304,
        1.0823233703315864
      ],
      [
        0.0,
        0.0,
        0.0,
        1.0
      ]
    ],
    "location": [
      -24.862610966206717,
      32.09538934898592,
      1.0823233703315864
    ],
    "rotation": [
      0.014308123884909213,
      0.015235758666675722,
      1.247954524859497
    ]
  },
  {
    "label_id": "l3xS3YkgkvGjtw43tFm6rQ",
    "size": [
      2.369574311944247,
      5.118608991722786,
      1.8900000000000006
    ],
    "obj_class": "vehicle",
    "point_num_in_lidar": 341,
    "speed": 1.7056726000188582e-12,
    "if_vehicle": true,
    "motion_state": false,
    "pose": [
      [
        0.2812641002601055,
        -0.9594539539150658,
        0.018401527697993074,
        -48.90372994643633
      ],
      [
        0.9595180311899058,
        0.2814728987619217,
        0.009907324765432731,
        -8.654192696065365
      ],
      [
        -0.01468515326171699,
        0.014870022841530736,
        0.9997815904958304,
        1.8758094929752005
      ],
      [
        0.0,
        0.0,
        0.0,
        1.0
      ]
    ],
    "location": [
      -48.90372994643633,
      -8.654192696065365,
      1.8758094929752005
    ],
    "rotation": [
      0.014872174724618067,
      0.014685681130948973,
      1.285653584234522
    ]
  },
  {
    "label_id": "lVIFZCiMNzJgCGEzHbZ6yg",
    "size": [
      1.84528015601104,
      3.5772829602206295,
      1.5
    ],
    "obj_class": "vehicle",
    "point_num_in_lidar": 32,
    "speed": 4.233918680880417,
    "if_vehicle": true,
    "motion_state": true,
    "pose": [
      [
        0.1475924332701742,
        -0.9888770689118892,
        0.018401527697993074,
        -55.506396963800285
      ],
      [
        0.9889690621653265,
        0.14779052403935247,
        0.009907324765432731,
        -13.448239754636234
      ],
      [
        -0.012516697696410343,
        0.016736295420565418,
        0.9997815904958304,
        2.095474842858458
      ],
      [
        0.0,
        0.0,
        0.0,
        1.0
      ]
    ],
    "location": [
      -55.506396963800285,
      -13.448239754636234,
      2.095474842858458
    ],
    "rotation": [
      0.016738388191503778,
      0.01251702454653818,
      1.4226510335345888
    ]
  },
  {
    "label_id": "p_-q0upnS--pDSRP2-WGZQ",
    "size": [
      1.901868574488336,
      4.648856578040061,
      1.7800000000000011
    ],
    "obj_class": "vehicle",
    "point_num_in_lidar": 121,
    "speed": 8.146646500439658,
    "if_vehicle": true,
    "motion_state": true,
    "pose": [
      [
        0.7203117688911163,
        -0.6934063306426695,
        0.018401527697993074,
        -38.65043666191116
      ],
      [
        0.6933583465187932,
        0.7205248422009591,
        0.009907324765432731,
        33.16899511273368
      ],
      [
        -0.020128559552936996,
        0.00562249019133264,
        0.9997815904958304,
        1.2043064888077524
      ],
      [
        0.0,
        0.0,
        0.0,
        1.0
      ]
    ],
    "location": [
      -38.65043666191116,
      33.16899511273368,
      1.2043064888077524
    ],
    "rotation": [
      0.005623659180386569,
      0.02012991901168379,
      0.7663341988067268
    ]
  },
  {
    "label_id": "qqtlWI89nAPB5R9a65QLWQ",
    "size": [
      0.7219228465587607,
      0.9605874422248267,
      1.6599999999999966
    ],
    "obj_class": "pedestrian",
    "point_num_in_lidar": 398,
    "speed": 1.1800066549052433,
    "if_vehicle": false,
    "motion_state": true,
    "pose": [
      [
        0.41082685369345984,
        -0.9115276628071759,
        0.018401527697993074,
        -29.162343028464193
      ],
      [
        0.9115623484933553,
        0.41104249138656074,
        0.009907324765432731,
        19.17781977181221
      ],
      [
        -0.016594610378408425,
        0.012703944742346068,
        0.9997815904958304,
        0.9998420654182141
      ],
      [
        0.0,
        0.0,
        0.0,
        1.0
      ]
    ],
    "location": [
      -29.162343028464193,
      19.17781977181221,
      0.9998420654182141
    ],
    "rotation": [
      0.012706036198229858,
      0.01659537211313318,
      1.1473734685073582
    ]
  },
  {
    "label_id": "qtdDGxCsGHPBehUbqu5xcg",
    "size": [
      0.9748487835131506,
      0.10736751885132706,
      0.6372414334679277
    ],
    "obj_class": "sign",
    "point_num_in_lidar": 48,
    "speed": 0.007307763410918572,
    "if_vehicle": false,
    "motion_state": false,
    "pose": [
      [
        0.10238487811944817,
        -0.9945746430061676,
        0.018401527697993074,
        -37.963290881392595
      ],
      [
        0.994675565955384,
        0.10257857187214317,
        0.009907324765432731,
        4.238056197174956
      ],
      [
        -0.011741176423252236,
        0.017289189738846314,
        0.9997815904958304,
        1.1343078742420047
      ],
      [
        0.0,
        0.0,
        0.0,
        1.0
      ]
    ],
    "location": [
      -37.963290881392595,
      4.238056197174956,
      1.1343078742420047
    ],
    "rotation": [
      0.01729124319483618,
      0.01174144620373895,
      1.4682246267072303
    ]
  },
  {
    "label_id": "rgmY_QECrtLgzEVHHJqCdg",
    "size": [
      2.1965088060132985,
      4.671838545906206,
      1.8500000000000014
    ],
    "obj_class": "vehicle",
    "point_num_in_lidar": 372,
    "speed": 1.421529491362787e-12,
    "if_vehicle": true,
    "motion_state": false,
    "pose": [
      [
        0.2825630186550258,
        -0.9590722205688889,
        0.018401527697993074,
        -50.88574746385791
      ],
      [
        0.9591360150553625,
        0.2827719037311016,
        0.009907324765432731,
        5.965728055451109
      ],
      [
        -0.014705274981402812,
        0.014850124354667588,
        0.9997815904958304,
        1.2377147297437006
      ],
      [
        0.0,
        0.0,
        0.0,
        1.0
      ]
    ],
    "location": [
      -50.88574746385791,
      5.965728055451109,
      1.2377147297437006
    ],
    "rotation": [
      0.014852276286716147,
      0.014705805023622906,
      1.284299508363588
    ]
  },
  {
    "label_id": "sgqcjcLMcNqQ6bf9oi3l_Q",
    "size": [
      2.0527169757295907,
      4.312467707037239,
      1.6907197922451331
    ],
    "obj_class": "vehicle",
    "point_num_in_lidar": 69,
    "speed": 0.006869035996483578,
    "if_vehicle": true,
    "motion_state": false,
    "pose": [
      [
        -0.6998809774813095,
        -0.7140224094089673,
        0.018401527697993074,
        -61.2060065686926
      ],
      [
        0.7142359072315884,
        -0.6998349189180703,
        0.009907324765432731,
        67.48217491896321
      ],
      [
        0.005803979744682196,
        0.02007697997087913,
        0.9997815904958304,
        1.3605549373040944
      ],
      [
        0.0,
        0.0,
        0.0,
        1.0
      ]
    ],
    "location": [
      -61.2060065686926,
      67.48217491896321,
      1.3605549373040944
    ],
    "rotation": [
      0.02007866723936489,
      -0.005804012330828078,
      2.3460436767321564
    ]
  },
  {
    "label_id": "tNAXS9zubELloIY6hHtPCQ",
    "size": [
      1.9885890296641444,
      3.994765911614828,
      1.5
    ],
    "obj_class": "vehicle",
    "point_num_in_lidar": 30,
    "speed": 8.592868015318675e-13,
    "if_vehicle": true,
    "motion_state": false,
    "pose": [
      [
        0.26886220952693973,
        -0.9630028536129432,
        0.018401527697993074,
        -52.937304902852134
      ],
      [
        0.9630696193873328,
        0.269070163951951,
        0.009907324765432731,
        -0.9764183971892635
      ],
      [
        -0.014492084095447267,
        0.015058247049316438,
        0.9997815904958304,
        1.4617533337971693
      ],
      [
        0.0,
        0.0,
        0.0,
        1.0
      ]
    ],
    "location": [
      -52.937304902852134,
      -0.9764183971892635,
      1.4617533337971693
    ],
    "rotation": [
      0.015060397884433878,
      0.014492591415856603,
      1.298555460129211
    ]
  },
  {
    "label_id": "ufytjmuEuhrrxe0sKm5b_g",
    "size": [
      2.2353656259630945,
      3.2404490286817196,
      1.9600000000000009
    ],
    "obj_class": "vehicle",
    "point_num_in_lidar": 74,
    "speed": 3.212367595910597,
    "if_vehicle": true,
    "motion_state": true,
    "pose": [
      [
        0.695677035999302,
        -0.7181189632377117,
        0.018401527697993074,
        -73.68744703386358
      ],
      [
        0.7180784434217781,
        0.6958916539296534,
        0.009907324765432731,
        11.386553436732356
      ],
      [
        -0.019920107333600584,
        0.006321442038458879,
        0.9997815904958304,
        1.1227306623811728
      ],
      [
        0.0,
        0.0,
        0.0,
        1.0
      ]
    ],
    "location": [
      -73.68744703386358,
      11.386553436732356,
