[
  {
    "label_id": "Epgsupn8EYYShv3D2Ns2xg",
    "size": [
      1.0117485065928384,
      1.0472548432567341,
      1.8199410029498218
    ],
    "obj_class": "pedestrian",
    "point_num_in_lidar": 1,
    "speed": 0.04743653990129638,
    "if_vehicle": false,
    "motion_state": false,
    "pose": [
      [
        -0.05483277516404648,
        -0.9983934880862355,
        -0.014276193988908843,
        10.600556692741293
      ],
      [
        0.9976315367792927,
        -0.054185058995887166,
        -0.0423709358522902,
        3.68614041138062
      ],
      [
        0.04152931002552039,
        -0.016565697347593295,
        0.9989999469870817,
        0.8283935380073579
      ],
      [
        0.0,
        0.0,
        0.0,
        1.0
      ]
    ],
    "location": [
      10.600556692741293,
      3.68614041138062,
      0.8283935380073579
    ],
    "rotation": [
      -0.016580760870122172,
      -0.04154125678640947,
      1.625704033452432
    ]
  },
  {
    "label_id": "KEXkbxDlTHzrbM_KCkyZuw",
    "size": [
      0.877798865461898,
      1.036695723580972,
      1.4900000000000038
    ],
    "obj_class": "pedestrian",
    "point_num_in_lidar": 1,
    "speed": 1.2140860768819437,
    "if_vehicle": false,
    "motion_state": true,
    "pose": [
      [
        -0.06922643270460765,
        0.9974988176936279,
        -0.014276193988908843,
        10.822590460551055
      ],
      [
        -0.9966625207282716,
        -0.06977480613064373,
        -0.0423709358522902,
        -12.117802680042587
      ],
      [
        -0.0432610770850916,
        0.01129535874798187,
        0.9989999469870817,
        0.923515180324296
      ],
      [
        0.0,
        0.0,
        0.0,
        1.0
      ]
    ],
    "location": [
      10.822590460551055,
      -12.117802680042587,
      0.923515180324296
    ],
    "rotation": [
      0.011306184232996631,
      0.04327458246306864,
      -1.64014319794428
    ]
  },
  {
    "label_id": "e2kCF-ImQeQ5Fr3lsqfRUw",
    "size": [
      2.308492001766679,
      5.048858220044428,
      1.88
    ],
    "obj_class": "vehicle",
    "point_num_in_lidar": 0,
    "speed": 0.0,
    "if_vehicle": true,
    "motion_state": false,
    "pose": [
      [
        -0.11624019293944957,
        -0.99311852657706,
        -0.014276193988908843,
        -9.975860609878737
      ],
      [
        0.9923979289340883,
        -0.11554676301105701,
        -0.0423709358522902,
        26.16543341587385
      ],
      [
        0.04042979337978124,
        -0.01909287110614967,
        0.9989999469870817,
        1.2935842120120657
      ],
      [
        0.0,
        0.0,
        0.0,
        1.0
      ]
    ],
    "location": [
      -9.975860609878737,
      26.16543341587385,
      1.2935842120120657
    ],
    "rotation": [
      -0.01910965761495773,
      -0.04044081569828615,
      1.6873956606006248
    ]
  }
]