[
  {
    "label_id": "0lfvlVD0dFVDDeo9EHj4ow",
    "size": [
      2.7020385210726316,
      6.172892319005234,
      2.7499999999999885
    ],
    "obj_class": "vehicle",
    "point_num_in_lidar": 0,
    "speed": 0.011173272621668734,
    "if_vehicle": true,
    "motion_state": false,
    "pose": [
      [
        0.9857343638279047,
        -0.16805129413185727,
        -0.00930196266407669,
        38.89917603160325
      ],
      [
        0.16756831321505614,
        0.9850767720982146,
        -0.03930157094599,
        7.274257063270852
      ],
      [
        0.0157678272141954,
        0.03718219484067396,
        0.9991840971571623,
        0.9892191368306209
      ],
      [
        0.0,
        0.0,
        0.0,
        1.0
      ]
    ],
    "location": [
      38.89917603160325,
      7.274257063270852,
      0.9892191368306209
    ],
    "rotation": [
      0.03719539393082013,
      -0.015768480665004605,
      0.1683837200536074
    ]
  },
  {
    "label_id": "cJ1yFwsi9QWBCLEzA9wGaA",
    "size": [
      1.060574055108069,
      1.1092602042635058,
      2.0800000000000027
    ],
    "obj_class": "pedestrian",
    "point_num_in_lidar": 5,
    "speed": 0.042856807681908075,
    "if_vehicle": false,
    "motion_state": false,
    "pose": [
      [
        0.9653882162877827,
        -0.2606512331512919,
        -0.00930196266407669,
        3.9848114866874766
      ],
      [
        0.26010814500975776,
        0.9647793216175189,
        -0.03930157094599,
        21.86324364489701
      ],
      [
        0.01921834416061468,
        0.03552175721935403,
        0.9991840971571623,
        1.8401305148794735
      ],
      [
        0.0,
        0.0,
        0.0,
        1.0
      ]
    ],
    "location": [
      3.9848114866874766,
      21.86324364489701,
      1.8401305148794735
    ],
    "rotation": [
      0.03553579751098471,
      -0.019219527389711177,
      0.2631839625580123
    ]
  },
  {
    "label_id": "vA2sjSjQ9SCkeTeyoMQSNg",
    "size": [
      0.8203241280238216,
      0.7199006764841347,
      1.8600000000000048
    ],
    "obj_class": "pedestrian",
    "point_num_in_lidar": 5,
    "speed": 0.052412318588397525,
    "if_vehicle": false,
    "motion_state": false,
    "pose": [
      [
        0.4093899979966395,
        0.912312064499263,
        -0.00930196266407669,
        17.060315604714788
      ],
      [
        -0.9117962665506053,
        0.40875781928368626,
        -0.03930157094599,
        -11.286164090015518
      ],
      [
        -0.03205304735417414,
        0.024571164879541883,
        0.9991840971571623,
        1.0925602192010677
      ],
      [
        0.0,
        0.0,
        0.0,
        1.0
      ]
    ],
    "location": [
      17.060315604714788,
      -11.286164090015518,
      1.0925602192010677
    ],
    "rotation": [
      0.0245862737249531,
      0.03205853843186567,
      -1.1487802688184288
    ]
  }
]