{
  "3DGCEQS1fQrrltlr7Y0QFA": {
    "label_id": "3DGCEQS1fQrrltlr7Y0QFA",
    "size": [
      2.238866904400892,
      4.778130853572724,
      1.8000000000000043
    ],
    "obj_class": "vehicle",
    "point_num_in_lidar": 62,
    "speed": 0.03266157591743981,
    "if_vehicle": true,
    "motion_state": false,
    "pose": [
      [
        0.17663001243404627,
        0.983303720986442,
        -0.04376792206360679,
        6.929881133916297
      ],
      [
        -0.9842634602196872,
        0.17668877547455913,
        -0.002552939025672306,
        14.812815146980938
      ],
      [
        0.005222986111089542,
        0.04353009206879907,
        0.9990384634740372,
        1.0640042116809525
      ],
      [
        0.0,
        0.0,
        0.0,
        1.0
      ]
    ],
    "location": [
      6.929881133916297,
      14.812815146980938,
      1.0640042116809525
    ],
    "rotation": [
      0.04354444542419659,
      -0.00522300985819571,
      -1.3932323061619556
    ]
  },
  "3nT8tDOtD-Z4SicFOMGd2Q": {
    "label_id": "3nT8tDOtD-Z4SicFOMGd2Q",
    "size": [
      2.089455089021549,
      4.8468502346614635,
      1.4700000000000024
    ],
    "obj_class": "vehicle",
    "point_num_in_lidar": 20,
    "speed": 0.1371928245317733,
    "if_vehicle": true,
    "motion_state": false,
    "pose": [
      [
        0.14465225769657844,
        0.9885140835322058,
        -0.04376792206360679,
        7.989927349313575
      ],
      [
        -0.9894752235337815,
        0.14467986907342817,
        -0.002552939025672306,
        7.810014154354576
      ],
      [
        0.003808721052502575,
        0.043676562861321655,
        0.9990384634740372,
        0.7400571969127867
      ],
      [
        0.0,
        0.0,
        0.0,
        1.0
      ]
    ],
    "location": [
      7.989927349313575,
      7.810014154354576,
      0.7400571969127867
    ],
    "rotation": [
      0.043690778437558656,
      -0.0038087302610066375,
      -1.4256337415131384
    ]
  },
  "HvXo3bcZJiBtcXJw3euZyA": {
    "label_id": "HvXo3bcZJiBtcXJw3euZyA",
    "size": [
      2.1355814538903752,
      4.745719360965725,
      1.7100000000000044
    ],
    "obj_class": "vehicle",
    "point_num_in_lidar": 379,
    "speed": 0.015091435658142034,
    "if_vehicle": true,
    "motion_state": false,
    "pose": [
      [
        0.12755984229678338,
        0.9908647009715574,
        -0.04376792206360679,
        -2.890558064201514
      ],
      [
        -0.9918261744706833,
        0.12757085144021293,
        -0.002552939025672306,
        2.6814736185533548
      ],
      [
        0.0030538939191517905,
        0.043735823204386196,
        0.9990384634740372,
        0.8678839694967522
      ],
      [
        0.0,
        0.0,
        0.0,
        1.0
      ]
    ],
    "location": [
      -2.890558064201514,
      2.6814736185533548,
      0.8678839694967522
    ],
    "rotation": [
      0.04374998250516773,
      -0.00305389866607727,
      -1.4428873950352532
    ]
  },
  "UKPPRkSzxShd_vfgFE0sew": {
    "label_id": "UKPPRkSzxShd_vfgFE0sew",
    "size": [
      2.184045092450516,
      5.292964081439663,
      1.8599999999999994
    ],
    "obj_class": "vehicle",
    "point_num_in_lidar": 965,
    "speed": 0.006105825374081829,
    "if_vehicle": true,
    "motion_state": false,
    "pose": [
      [
        0.1589001440973922,
        0.9863240406702364,
        -0.04376792206360679,
        6.073187283524021
      ],
      [
        -0.9872846822229221,
        0.15894162057282227,
        -0.002552939025672306,
        20.995984184773988
      ],
      [
        0.0044385193265088,
        0.043617061405176835,
        0.9990384634740372,
        1.015110178091092
      ],
      [
        0.0,
        0.0,
        0.0,
        1.0
      ]
    ],
    "location": [
      6.073187283524021,
      20.995984184773988,
      1.015110178091092
    ],
    "rotation": [
      0.0436313331774857,
      -0.0044385339001121625,
      -1.411218198367169
    ]
  },
  "tFlmliGB17ftCtEQhPYBeA": {
    "label_id": "tFlmliGB17ftCtEQhPYBeA",
    "size": [
      2.223148486985493,
      4.761291906445937,
      1.7500000000000036
    ],
    "obj_class": "vehicle",
    "point_num_in_lidar": 87,
    "speed": 3.605056787328335e-27,
    "if_vehicle": true,
    "motion_state": false,
    "pose": [
      [
        0.1421248623888014,
        0.9888806260055852,
        -0.04376792206360679,
        10.096989451479203
      ],
      [
        -0.9898418334493486,
        0.14215001672867725,
        -0.002552939025672306,
        -4.436113977655623
      ],
      [
        0.0036970589116602274,
        0.04368615632941941,
        0.9990384634740372,
        0.7071545569650333
      ],
      [
        0.0,
        0.0,
        0.0,
        1.0
      ]
    ],
    "location": [
      10.096989451479203,
      -4.436113977655623,
      0.7071545569650333
    ],
    "rotation": [
      0.043700362816204597,
      -0.003697067333762945,
      -1.4281876062554066
    ]
  },
  "LwSqmBnMVv6Bxt4JdUirjw": {
    "label_id": "LwSqmBnMVv6Bxt4JdUirjw",
    "size": [
      1.9169959747088936,
      4.186827698229656,
      1.6000000000000014
    ],
    "obj_class": "vehicle",
    "point_num_in_lidar": 26,
    "speed": 3.552713678800501e-14,
    "if_vehicle": true,
    "motion_state": false,
    "pose": [
      [
        0.6217753661217565,
        -0.7825633780142196,
        -0.03146352610769274,
        16.107481360191514
      ],
      [
        0.7826289580077145,
        0.6223518422419333,
        -0.013042183323004754,
        -60.886474600671136
      ],
      [
        0.02978771847448106,
        -0.01651495834222374,
        0.9994198056767936,
        0.6310538454489638
      ],
      [
        0.0,
        0.0,
        0.0,
        1.0
      ]
    ],
    "location": [
      16.107481360191514,
      -60.886474600671136,
      0.6310538454489638
    ],
    "rotation": [
      -0.0165230419687201,
      -0.02979212538200705,
      0.8994363355708671
    ]
  },
  "-u6v7A9TrXDu-9EE_fzpuA": {
    "label_id": "-u6v7A9TrXDu-9EE_fzpuA",
    "size": [
      2.0399475097394575,
      4.415591832276201,
      1.7400000000000055
    ],
    "obj_class": "vehicle",
    "point_num_in_lidar": 1653,
    "speed": 0.9295032158654187,
    "if_vehicle": true,
    "motion_state": false,
    "pose": [
      [
        0.3090710824788133,
        0.950916113838627,
        -0.015284319331211839,
        6.096756690059692
      ],
      [
        -0.9509816732282934,
        0.30883619375030424,
        -0.01593934169719598,
        -15.905025495174414
      ],
      [
        -0.010436625857527923,
        0.019461497164103433,
        0.9997561337490466,
        0.8268747748401459
      ],
      [
        0.0,
        0.0,
        0.0,
        1.0
      ]
    ],
    "location": [
      6.096756690059692,
      -15.905025495174414,
      0.8268747748401459
    ],
    "rotation": [
      0.01946378607140239,
      0.01043681533185869,
      -1.2565624887511848
    ]
  },
  "cQMK4mtRLeoZsJRnE6fk1w": {
    "label_id": "cQMK4mtRLeoZsJRnE6fk1w",
    "size": [
      1.7278477201687117,
      4.052860373494523,
      1.4200000000000053
    ],
    "obj_class": "vehicle",
    "point_num_in_lidar": 26,
    "speed": 0.0243293651135068,
    "if_vehicle": true,
    "motion_state": false,
    "pose": [
      [
        -0.667025282252419,
        0.7448377504793461,
        -0.017146378537403268,
        36.066360708718776
      ],
      [
        -0.7445467658142145,
        -0.6672446510450276,
        -0.020849200641563856,
        -18.47360732260131
      ],
      [
        -0.02697010106903056,
        -0.001140663257226578,
        0.9996355898704586,
        0.2730844025682728
      ],
      [
        0.0,
        0.0,
        0.0,
        1.0
      ]
    ],
    "location": [
      36.066360708718776,
      -18.47360732260131,
      0.2730844025682728
    ],
    "rotation": [
      -0.0011410785827498987,
      0.02697337175362028,
      -2.301331057423285
    ]
  },
  "MMRb3jHqGvp6u3_L3aIsDw": {
    "label_id": "MMRb3jHqGvp6u3_L3aIsDw",
    "size": [
      2.18711160822148,
      5.576670239505544,
      2.0900000000000034
    ],
    "obj_class": "vehicle",
    "point_num_in_lidar": 11869,
    "speed": 0.9430946218617605,
    "if_vehicle": true,
    "motion_state": false,
    "pose": [
      [
        0.1380614355974493,
        0.9903078258500618,
        -0.015147609081805355,
        4.484317100587532
      ],
      [
        -0.9902683410053226,
        0.1377527861560224,
        -0.01981874639878797,
        -8.086696948526878
      ],
      [
        -0.017540034302636502,
        0.017736402295194992,
        0.9996888352033773,
        1.0240525425848652
      ],
      [
        0.0,
        0.0,
        0.0,
        1.0
      ]
    ],
    "location": [
      4.484317100587532,
      -8.086696948526878,
      1.0240525425848652
    ],
    "rotation": [
      0.017740061732375967,
      0.01754093380062593,
      -1.4322710408455392
    ]
  },
  "OGAaBVDVAhjJMcaKvP7EOw": {
    "label_id": "OGAaBVDVAhjJMcaKvP7EOw",
    "size": [
      1.865710799476488,
      4.3588581548173195,
      1.8999999999999986
    ],
    "obj_class": "vehicle",
    "point_num_in_lidar": 63,
    "speed": 6.808764216585409e-28,
    "if_vehicle": true,
    "motion_state": false,
    "pose": [
      [
        -0.9854110235959849,
        0.16910749753036572,
        -0.01917730050164987,
        -14.718374578381827
      ],
      [
        -0.1686983576922926,
        -0.9854383294136326,
        -0.02126412552615876,
        -21.546047176552747
      ],
      [
        -0.022493970023909345,
        -0.017718724601005705,
        0.9995899499850311,
        0.9295871176626598
      ],
      [
        0.0,
        0.0,
        0.0,
        1.0
      ]
    ],
    "location": [
      -14.718374578381827,
      -21.546047176552747,
      0.9295871176626598
    ],
    "rotation": [
      -0.017724136928336406,
      0.02249586736751937,
      -2.972040387115189
    ]
  },
  "2hG8b9thgwMFUB5DUm0BBA": {
    "label_id": "2hG8b9thgwMFUB5DUm0BBA",
    "size": [
      2.009110343804713,
      4.430774636678162,
      1.4100000000000001
    ],
    "obj_class": "vehicle",
    "point_num_in_lidar": 20,
    "speed": 1.4228607195221901e-12,
    "if_vehicle": true,
    "motion_state": false,
    "pose": [
      [
        0.6856859428243641,
        -0.7274859430965066,
        -0.02447428058286572,
        12.116101720405368
      ],
      [
        0.7274554734697265,
        0.6860536842173072,
        -0.01178458700146329,
        -65.62938108120761
      ],
      [
        0.02536379175120549,
        -0.009723423720345415,
        0.9996309984685129,
        0.4933694238172244
      ],
      [
        0.0,
        0.0,
        0.0,
        1.0
      ]
    ],
    "location": [
      12.116101720405368,
      -65.62938108120761,
      0.4933694238172244
    ],
    "rotation": [
      -0.009726706247382843,
      -0.025366512052711124,
      0.8149474868126497
    ]
  },
  "-Dzbj8ej64m1E-fNNfo-Ww": {
    "label_id": "-Dzbj8ej64m1E-fNNfo-Ww",
    "size": [
      2.609142809786028,
      6.207139029641827,
      2.6000000000000014
    ],
    "obj_class": "vehicle",
    "point_num_in_lidar": 32,
    "speed": 1.4210854715202004e-12,
    "if_vehicle": true,
    "motion_state": false,
    "pose": [
      [
        0.7266625185965847,
        -0.6868445769568338,
        -0.014356572427161856,
        -8.701875333534645
      ],
      [
        0.68675411232618,
        0.7268024092297471,
        -0.011271519015455932,
        -86.55934551248538
      ],
      [
        0.01817617313817433,
        -0.0016688447570815477,
        0.9998334069669947,
        1.5759752053911633
      ],
      [
        0.0,
        0.0,
        0.0,
        1.0
      ]
    ],
    "location": [
      -8.701875333534645,
      -86.55934551248538,
      1.5759752053911633
    ],
    "rotation": [
      -0.001669121271274812,
      -0.018177174107285986,
      0.7571702474673606
    ]
  },
  "J3L10LSZhOaAERyZECqKyA": {
    "label_id": "J3L10LSZhOaAERyZECqKyA",
    "size": [
      2.00095248608597,
      4.516471889621558,
      1.4899999999999984
    ],
    "obj_class": "vehicle",
    "point_num_in_lidar": 21,
    "speed": 1.718573603063735e-12,
    "if_vehicle": true,
    "motion_state": false,
    "pose": [
      [
        -0.9931190771214937,
        0.11404908585722164,
        -0.026595200177563446,
        -21.19598657696656
      ],
      [
        -0.1137462720953104,
        -0.993429439292475,
        -0.01263862063116238,
        -22.443894325220754
      ],
      [
        -0.02786187792974828,
        -0.009526550381482276,
        0.9995663862876025,
        0.811986388032583
      ],
      [
        0.0,
        0.0,
        0.0,
        1.0
      ]
    ],
    "location": [
      -21.19598657696656,
      -22.443894325220754,
      0.811986388032583
    ],
    "rotation": [
      -0.009530394462290532,
      0.027865483979047864,
      -3.027555199261016
    ]
  },
  "1rDkIQm97fn96_z7MlfEFA": {
    "label_id": "1rDkIQm97fn96_z7MlfEFA",
    "size": [
      2.05683018920335,
      4.3471459235386005,
      1.509999999999998
    ],
    "obj_class": "vehicle",
    "point_num_in_lidar": 32,
    "speed": 3.482056165831975e-28,
    "if_vehicle": true,
    "motion_state": false,
    "pose": [
      [
        0.9848019391980571,
        -0.17167561730987294,
        -0.026317731152589213,
        -57.41395462616538
      ],
      [
        0.17145092536133386,
        0.9851357894353704,
        -0.010585677412993499,
        -41.357983510170016
      ],
      [
        0.027743841559672654,
        0.005912596284518849,
        0.9995975792591177,
        1.4667695830536758
      ],
      [
        0.0,
        0.0,
        0.0,
        1.0
      ]
    ],
    "location": [
      -57.41395462616538,
      -41.357983510170016,
      1.4667695830536758
    ],
    "rotation": [
      0.005914907612903695,
      -0.02774740196143908,
      0.17236922908299224
    ]
  },
  "GiHYRbxhmvNPKbWHFSSQLQ": {
    "label_id": "GiHYRbxhmvNPKbWHFSSQLQ",
    "size": [
      2.194729265619492,
      4.8705239665823665,
      1.8399999999999999
    ],
    "obj_class": "vehicle",
    "point_num_in_lidar": 34,
    "speed": 3.603297793914359e-27,
    "if_vehicle": true,
    "motion_state": false,
    "pose": [
      [
        0.9852473943353753,
        -0.17004930181841232,
        -0.01925634717240234,
        -63.78842972119992
      ],
      [
        0.16990129183305228,
        0.9854191632207248,
        -0.009089762968664601,
        -42.585904923407725
      ],
      [
        0.020521281363832754,
        0.005683987019426081,
        0.9997732589456219,
        1.80872978813699
      ],
      [
        0.0,
        0.0,
        0.0,
        1.0
      ]
    ],
    "location": [
      -63.78842972119992,
      -42.585904923407725,
      1.80872978813699
    ],
    "rotation": [
      0.005685214852257131,
      -0.02052272196740857,
      0.17076581786669107
    ]
  },
  "MhxUH3Qh4-q6ZeQGrgjZog": {
    "label_id": "MhxUH3Qh4-q6ZeQGrgjZog",
    "size": [
      1.8095717427191167,
      4.104413323080284,
      1.5700000000000003
    ],
    "obj_class": "vehicle",
    "point_num_in_lidar": 24,
    "speed": 3.4043797142335004e-28,
    "if_vehicle": true,
    "motion_state": false,
    "pose": [
      [
        -0.9818640376349552,
        0.18839294414849958,
        -0.021239354845276823,
        -27.310558694842257
      ],
      [
        -0.18827479168073474,
        -0.9820881345411783,
        -0.007449752412288986,
        -23.575675562624383
      ],
      [
        -0.022262399168984558,
        -0.0033158088739831137,
        0.9997466634076615,
        0.9219863880325789
      ],
      [
        0.0,
        0.0,
        0.0,
        1.0
      ]
    ],
    "location": [
      -27.310558694842257,
      -23.575675562624383,
      0.9219863880325789
    ],
    "rotation": [
      -0.0033166369414200036,
      0.02226423850689847,
      -2.9521399036150093
    ]
  },
  "xfS8VoC0AfB3m7ZdKCuApA": {
    "label_id": "xfS8VoC0AfB3m7ZdKCuApA",
    "size": [
      2.317314649714001,
      5.728274035621146,
      2.450000000000003
    ],
    "obj_class": "vehicle",
    "point_num_in_lidar": 2958,
    "speed": 0.9401871101833025,
    "if_vehicle": true,
    "motion_state": false,
    "pose": [
      [
        0.6647561182924256,
        0.7467357716253267,
        -0.02202250140002984,
        8.567936401603674
      ],
      [
        -0.7470150830399612,
        0.6647517145959019,
        -0.00858042263576117,
        -26.140490948606384
      ],
      [
        0.008232187047573948,
        0.022155029156748014,
        0.9997206538726093,
        1.0250167717602636
      ],
      [
        0.0,
        0.0,
        0.0,
        1.0
      ]
    ],
    "location": [
      8.567936401603674,
      -26.140490948606384,
      1.0250167717602636
    ],
    "rotation": [
      0.022157592939418134,
      -0.008232280031458001,
      -0.8435988580426746
    ]
  },
  "7qaAcL3WFHPDh_NixTan-A": {
    "label_id": "7qaAcL3WFHPDh_NixTan-A",
    "size": [
      2.0450077495448324,
      4.144237317604301,
      1.6999999999999993
    ],
    "obj_class": "vehicle",
    "point_num_in_lidar": 29,
    "speed": 0.998362116894051,
    "if_vehicle": true,
    "motion_state": false,
    "pose": [
      [
        0.7126890286443789,
        0.7012851379078721,
        -0.016537950280141593,
        38.13865855551717
      ],
      [
        -0.701446663250437,
        0.7126871943519777,
        -0.00703858093185105,
        -54.43459651910416
      ],
      [
        0.006850333186017733,
        0.016616809448362725,
        0.9998384642425983,
        0.5572475573101237
      ],
      [
        0.0,
        0.0,
        0.0,
        1.0
      ]
    ],
    "location": [
      38.13865855551717,
      -54.43459651910416,
      0.5572475573101237
    ],
    "rotation": [
      0.016617964201024828,
      -0.006850386764820681,
      -0.7774483403222033
    ]
  },
  "c1T2ewj30YC7QSMo1n8rSg": {
    "label_id": "c1T2ewj30YC7QSMo1n8rSg",
    "size": [
      2.1395061148060046,
      4.899611174664626,
      2.0600000000000023
    ],
    "obj_class": "vehicle",
    "point_num_in_lidar": 3870,
    "speed": 0.975819812134752,
    "if_vehicle": true,
    "motion_state": false,
    "pose": [
      [
        0.9998401128760583,
        0.005886395014356485,
        -0.01688487600564228,
        1.8419638366883646
      ],
      [
        -0.0060002616534050104,
        0.9999595459713073,
        -0.0067009910422106,
        -25.299534864754605
      ],
      [
        0.016844748264121755,
        0.006801233314044455,
        0.9998349852257253,
        0.8972319723593642
      ],
      [
        0.0,
        0.0,
        0.0,
        1.0
      ]
    ],
    "location": [
      1.8419638366883646,
      -25.299534864754605,
      0.8972319723593642
    ],
    "rotation": [
      0.006802250886527923,
      -0.016845544969563864,
      -0.006001149128983868
    ]
  },
  "gQjZBd_hlRqXBS0N6kPWxA": {
    "label_id": "gQjZBd_hlRqXBS0N6kPWxA",
    "size": [
      2.1251868973046615,
      4.436043072953224,
      1.880000000000006
    ],
    "obj_class": "vehicle",
    "point_num_in_lidar": 1880,
    "speed": 0.9549043943449093,
    "if_vehicle": true,
    "motion_state": false,
    "pose": [
      [
        0.442028301107542,
        0.8968204985995853,
        -0.01799928641840027,
        10.71807158053889
      ],
      [
        -0.896987669019372,
        0.44204250721658483,
        -0.0033975639609991727,
        -16.294909521337104
      ],
      [
        0.004909444690971817,
        0.01764695739403757,
        0.9998322270498983,
        0.8255610624673402
      ],
      [
        0.0,
        0.0,
        0.0,
        1.0
      ]
    ],
    "location": [
      10.71807158053889,
      -16.294909521337104,
      0.8255610624673402
    ],
    "rotation": [
      0.017648086150092737,
      -0.004909464412954593,
      -1.112931768601094
    ]
  },
  "BrpalxtMlwqR7rQyfylZ8g": {
    "label_id": "BrpalxtMlwqR7rQyfylZ8g",
    "size": [
      2.338097194635429,
      6.178880489167328,
      2.219999999999999
    ],
    "obj_class": "vehicle",
    "point_num_in_lidar": 1725,
    "speed": 0.6614781256346851,
    "if_vehicle": true,
    "motion_state": false,
    "pose": [
      [
        0.9799067339381856,
        -0.19863384167246542,
        -0.01809391403306281,
        -15.8859288749818
      ],
      [
        0.19860467637599263,
        0.9800737394820365,
        -0.0034128725854360186,
        -28.07073863799269
      ],
      [
        0.01841128198103416,
        -0.0002492391123696909,
        0.9998304669171066,
        1.1243180869161762
      ],
      [
        0.0,
        0.0,
        0.0,
        1.0
      ]
    ],
    "location": [
      -15.8859288749818,
      -28.07073863799269,
      1.1243180869161762
    ],
    "rotation": [
      -0.00024928136864595275,
      -0.018412322301382945,
      0.19996838508721618
    ]
  },
  "DNJU6vLPoCqw-LexqChKbQ": {
    "label_id": "DNJU6vLPoCqw-LexqChKbQ",
    "size": [
      2.4830097227194616,
      5.749171203661658,
      2.2116833098079987
    ],
    "obj_class": "vehicle",
    "point_num_in_lidar": 385,
    "speed": 0.9690654446351837,
    "if_vehicle": true,
    "motion_state": false,
    "pose": [
      [
        0.7159370427582357,
        -0.6979324711692568,
        -0.01801156556679866,
        6.748699761391663
      ],
      [
        0.698008016331216,
        0.7160847729670199,
        -0.0027215918379588436,
        -59.95014751409508
      ],
      [
        0.014797295156662305,
        -0.01062372874023756,
        0.9998340744562072,
        0.9707348631209456
      ],
      [
        0.0,
        0.0,
        0.0,
        1.0
      ]
    ],
    "location": [
      6.748699761391663,
      -59.95014751409508,
      0.9707348631209456
    ],
    "rotation": [
      -0.010625091931341505,
      -0.014797835212363114,
      0.7727186993036635
    ]
  },
  "g-YeB1sjSHLIezYRQZN9xQ": {
    "label_id": "g-YeB1sjSHLIezYRQZN9xQ",
    "size": [
      2.1880910344203444,
      4.760646480541269,
      1.5200000000000031
    ],
    "obj_class": "vehicle",
    "point_num_in_lidar": 4899,
    "speed": 0.9996930782158213,
    "if_vehicle": true,
    "motion_state": false,
    "pose": [
      [
        0.26213148911197665,
        0.9648652629147657,
        -0.017947335076758525,
        8.760724731928576
      ],
      [
        -0.9650294866397794,
        0.2621292541108378,
        -0.002518740768669343,
        -11.652885311228601
      ],
      [
        0.0022742760829717033,
        0.017979948824054726,
        0.9998357610670778,
        0.6399661876293905
      ],
      [
        0.0,
        0.0,
        0.0,
        1.0
      ]
    ],
    "location": [
      8.760724731928576,
      -11.652885311228601,
      0.6399661876293905
    ],
    "rotation": [
      0.01798096422716646,
      -0.00227427804352798,
      -1.3055653583972309
    ]
  }
}