[
  {
    "label_id": "1_4ZBy1m-wCtaSSd8Ksj0A",
    "size": [
      1.9620133201231256,
      4.630825083069572,
      1.6299999999999955
    ],
    "obj_class": "vehicle",
    "point_num_in_lidar": 39,
    "speed": 8.94601837599307,
    "if_vehicle": true,
    "motion_state": true,
    "pose": [
      [
        -0.03145300739733038,
        0.9994002396164126,
        -0.01448686923805869,
        -1.0418155241481486
      ],
      [
        -0.9993746075647348,
        -0.031211273207731448,
        0.016620775541002684,
        -47.485627431273315
      ],
      [
        0.01615865342457496,
        0.015000582635667059,
        0.9997569106738373,
        2.5220492841097553
      ],
      [
        0.0,
        0.0,
        0.0,
        1.0
      ]
    ],
    "location": [
      -1.0418155241481486,
      -47.485627431273315,
      2.5220492841097553
    ],
    "rotation": [
      0.015003104203873812,
      -0.016159356683546025,
      -1.6022586315957859
    ]
  },
  {
    "label_id": "EeFaWFjuMPt_17dy4Of2rA",
    "size": [
      2.5123438266038893,
      2.9421579336446992,
      4.109999999999985
    ],
    "obj_class": "vehicle",
    "point_num_in_lidar": 1923,
    "speed": 4.876044005027837,
    "if_vehicle": true,
    "motion_state": true,
    "pose": [
      [
        0.003350573944197572,
        0.9998894460258714,
        -0.01448686923805869,
        -3.146347502603703
      ],
      [
        -0.9998554158494818,
        0.0035912695353270243,
        0.016620775541002684,
        1.2618550352344755
      ],
      [
        0.016670964300370433,
        0.014429085528916199,
        0.9997569106738373,
        1.8195306145659913
      ],
      [
        0.0,
        0.0,
        0.0,
        1.0
      ]
    ],
    "location": [
      -3.146347502603703,
      1.2618550352344755,
      1.8195306145659913
    ],
    "rotation": [
      0.01443159196168674,
      -0.016671736598947214,
      -1.5674452808843484
    ]
  },
  {
    "label_id": "HJX9xEjYqIUiksAPsIux4g",
    "size": [
      1.9348097246703497,
      4.492646533559332,
      1.6100000000000136
    ],
    "obj_class": "vehicle",
    "point_num_in_lidar": 2818,
    "speed": 1.216346958222341,
    "if_vehicle": true,
    "motion_state": true,
    "pose": [
      [
        0.012924044820705397,
        -0.999811532082498,
        -0.01448686923805869,
        11.170502370158317
      ],
      [
        0.9997814239690872,
        0.012682827238425187,
        0.016620775541002684,
        14.240953093842109
      ],
      [
        -0.016433908598277244,
        -0.014698510403727086,
        0.9997569106738373,
        0.42156373334037767
      ],
      [
        0.0,
        0.0,
        0.0,
        1.0
      ]
    ],
    "location": [
      11.170502370158317,
      14.240953093842109,
      0.42156373334037767
    ],
    "rotation": [
      -0.01470102516939226,
      0.01643464841498935,
      1.55787017644181
    ]
  },
  {
    "label_id": "HS59FNaZnMQl80b3j8UCng",
    "size": [
      2.299530825323076,
      5.110397286919652,
      1.960000000000008
    ],
    "obj_class": "vehicle",
    "point_num_in_lidar": 210,
    "speed": 1.3004792652563064,
    "if_vehicle": true,
    "motion_state": true,
    "pose": [
      [
        0.09691874734846616,
        -0.9951868603594421,
        -0.01448686923805869,
        8.547257014636784
      ],
      [
        0.9951771346516366,
        0.09667585265708337,
        0.016620775541002684,
        -33.536177451216645
      ],
      [
        -0.015140246991468473,
        -0.01602786576379819,
        0.9997569106738373,
        2.0274040441581462
      ],
      [
        0.0,
        0.0,
        0.0,
        1.0
      ]
    ],
    "location": [
      8.547257014636784,
      -33.536177451216645,
      2.0274040441581462
    ],
    "rotation": [
      -0.016030389645216248,
      0.015140825476907935,
      1.473714041578806
    ]
  },
  {
    "label_id": "WHju9fOcjusHm3P1uTtS6g",
    "size": [
      3.2310600574075323,
      10.43725668466636,
      4.17999999999995
    ],
    "obj_class": "vehicle",
    "point_num_in_lidar": 10188,
    "speed": 0.01382387110017273,
    "if_vehicle": true,
    "motion_state": false,
    "pose": [
      [
        0.008821203644820405,
        -0.9998561481462901,
        -0.01448686923805869,
        11.529452536039571
      ],
      [
        0.9998250504486381,
        0.008580111642267423,
        0.016620775541002684,
        2.4113337724356825
      ],
      [
        -0.016494085656221538,
        -0.014630950012566889,
        0.9997569106738373,
        1.818190621000241
      ],
      [
        0.0,
        0.0,
        0.0,
        1.0
      ]
    ],
    "location": [
      11.529452536039571,
      2.4113337724356825,
      1.818190621000241
    ],
    "rotation": [
      -0.014633462887681066,
      0.01649483363049417,
      1.5619738085271564
    ]
  },
  {
    "label_id": "WKhKiEG1jQxE7N9ko5HnHA",
    "size": [
      3.12717898695053,
      9.644629742415633,
      3.9199999999999875
    ],
    "obj_class": "vehicle",
    "point_num_in_lidar": 2359,
    "speed": 4.8863613230455,
    "if_vehicle": true,
    "motion_state": true,
    "pose": [
      [
        -0.011592999941034665,
        0.9998278516684993,
        -0.01448686923805869,
        -3.1006246164908475
      ],
      [
        -0.9997974224525815,
        -0.011351822654971304,
        0.016620775541002684,
        -5.046698410573299
      ],
      [
        0.01645346193180885,
        0.014676619173485467,
        0.9997569106738373,
        1.810792812755352
      ],
      [
        0.0,
        0.0,
        0.0,
        1.0
      ]
    ],
    "location": [
      -3.1006246164908475,
      -5.046698410573299,
      1.810792812755352
    ],
    "rotation": [
      0.014679133341235039,
      -0.016454204392617203,
      -1.582391156062126
    ]
  },
  {
    "label_id": "WkaPV3nHauk6ZFYDD2hSzw",
    "size": [
      0.9737357452728261,
      0.10007973052051267,
      0.8571206859613767
    ],
    "obj_class": "sign",
    "point_num_in_lidar": 34,
    "speed": 0.011842286560700015,
    "if_vehicle": false,
    "motion_state": false,
    "pose": [
      [
        -0.12402448797745452,
        0.9921734006722865,
        -0.01448686923805869,
        14.31534163949351
      ],
      [
        -0.992170303064081,
        -0.12378141838799984,
        0.016620775541002684,
        13.276752406645755
      ],
      [
        0.014697486168039009,
        0.016434824618635463,
        0.9997569106738373,
        2.181753220278466
      ],
      [
        0.0,
        0.0,
        0.0,
        1.0
      ]
    ],
    "location": [
      14.31534163949351,
      13.276752406645755,
      2.181753220278466
    ],
    "rotation": [
      0.016437340179913336,
      -0.014698015368422204,
      -1.6951544970676011
    ]
  },
  {
    "label_id": "exz0T3CAHGeErNksjdAS4g",
    "size": [
      0.6642698848227496,
      0.5895306633282683,
      1.3400000000000034
    ],
    "obj_class": "pedestrian",
    "point_num_in_lidar": 61,
    "speed": 0.940925292362204,
    "if_vehicle": false,
    "motion_state": false,
    "pose": [
      [
        -0.028114926484662586,
        -0.9994997156219912,
        -0.01448686923805869,
        -6.373658196343399
      ],
      [
        0.9994597343083185,
        -0.028354705372497294,
        0.016620775541002684,
        -6.712916012796995
      ],
      [
        -0.01702323133566418,
        -0.014011750597176123,
        0.9997569106738373,
        0.5673716594778284
      ],
      [
        0.0,
        0.0,
        0.0,
        1.0
      ]
    ],
    "location": [
      -6.373658196343399,
      -6.712916012796995,
      0.5673716594778284
    ],
    "rotation": [
      -0.01401423999974923,
      0.01702405363775239,
      1.5989190347158277
    ]
  },
  {
    "label_id": "uEKUg6y3uDGTsgLjXlD1EQ",
    "size": [
      2.180664209012693,
      4.893024923547331,
      1.8199999999999932
    ],
    "obj_class": "vehicle",
    "point_num_in_lidar": 540,
    "speed": 0.0022089458811417506,
    "if_vehicle": true,
    "motion_state": false,
    "pose": [
      [
        0.07924293225386192,
        -0.9967500631088464,
        -0.01448686923805869,
        11.288667240662676
      ],
      [
        0.9967360285314109,
        0.07900024840369782,
        0.016620775541002684,
        -7.940353329224308
      ],
      [
        -0.01542229280101387,
        -0.015756663500398806,
        0.9997569106738373,
        0.7807107438054288
      ],
      [
        0.0,
        0.0,
        0.0,
        1.0
      ]
    ],
    "location": [
      11.288667240662676,
      -7.940353329224308,
      0.7807107438054288
    ],
    "rotation": [
      -0.015759189969681203,
      0.01542290422443303,
      1.49146077047155
    ]
  },
  {
    "label_id": "xBOeeizcDX75aMoJsrC9rw",
    "size": [
      2.198729066010659,
      4.698014836784155,
      2.1100000000000136
    ],
    "obj_class": "vehicle",
    "point_num_in_lidar": 305,
    "speed": 1.8444260264164702,
    "if_vehicle": true,
    "motion_state": true,
    "pose": [
      [
        0.025401911892207446,
        -0.9995723453016795,
        -0.01448686923805869,
        11.896047678027514
      ],
      [
        0.9995452502246756,
        0.02516033731304728,
        0.016620775541002684,
        -26.75241032483973
      ],
      [
        -0.01624917307161328,
        -0.014902480813400235,
        0.9997569106738373,
        1.725110952463524
      ],
      [
        0.0,
        0.0,
        0.0,
        1.0
      ]
    ],
    "location": [
      11.896047678027514,
      -26.75241032483973,
      1.725110952463524
    ],
    "rotation": [
      -0.014905000469970543,
      0.016249888216683238,
      1.5453883270631519
    ]
  },
  {
    "label_id": "xtJIQ43inVnI9UjifhxpOw",
    "size": [
      2.123033838920097,
      4.519668445347049,
      1.509999999999991
    ],
    "obj_class": "vehicle",
    "point_num_in_lidar": 193,
    "speed": 0.39123747946589527,
    "if_vehicle": true,
    "motion_state": false,
    "pose": [
      [
        0.07621857647439417,
        -0.9969858871718779,
        -0.01448686923805869,
        11.312232547595443
      ],
      [
        0.9969711163924101,
        0.07597593631990984,
        0.016620775541002684,
        -14.437301690313689
      ],
      [
        -0.015470025193525602,
        -0.01570980204893389,
        0.9997569106738373,
        0.8441034690782772
      ],
      [
        0.0,
        0.0,
        0.0,
        1.0
      ]
    ],
    "location": [
      11.312232547595443,
      -14.437301690313689,
      0.8441034690782772
    ],
    "rotation": [
      -0.015712328729357003,
      0.015470642312056847,
      1.4944946123717282
    ]
  }
]