[
  {
    "label_id": "0TTUJAOkghTqJ3kT1-uk4g",
    "size": [
      2.287043511541051,
      4.8276475017163385,
      1.5600000000000023
    ],
    "obj_class": "vehicle",
    "point_num_in_lidar": 1498,
    "speed": 0.03364462048543501,
    "if_vehicle": true,
    "motion_state": false,
    "pose": [
      [
        0.9995266261624743,
        -0.01871637179902185,
        -0.024417637456189332,
        -16.193787335883087
      ],
      [
        0.020907451785457762,
        0.9954648239760598,
        0.0928044324703894,
        41.61797302548257
      ],
      [
        0.02256993690952373,
        -0.09327101185788159,
        0.9953849086131993,
        -0.2866127499349318
      ],
      [
        0.0,
        0.0,
        0.0,
        1.0
      ]
    ],
    "location": [
      -16.193787335883087,
      41.61797302548257,
      -0.2866127499349318
    ],
    "rotation": [
      -0.09343064831955247,
      -0.022571853544271107,
      0.020914303617833602
    ]
  },
  {
    "label_id": "1_4ZBy1m-wCtaSSd8Ksj0A",
    "size": [
      1.962013320124101,
      4.630825083069572,
      1.6299999999999955
    ],
    "obj_class": "vehicle",
    "point_num_in_lidar": 49,
    "speed": 8.822575652831302,
    "if_vehicle": true,
    "motion_state": true,
    "pose": [
      [
        -0.02505521522024133,
        0.999387820203611,
        -0.024417637456189332,
        0.19101236494253726
      ],
      [
        -0.9954258246278936,
        -0.02268843268555048,
        0.0928044324703894,
        -6.30390102176716
      ],
      [
        0.09219362154805077,
        0.026631181929230165,
        0.9953849086131993,
        0.6760276237547487
      ],
      [
        0.0,
        0.0,
        0.0,
        1.0
      ]
    ],
    "location": [
      0.19101236494253726,
      -6.30390102176716,
      0.6760276237547487
    ],
    "rotation": [
      0.026748276091860087,
      -0.0923247260901868,
      -1.5959613620959827
    ]
  },
  {
    "label_id": "6ue5cue9GBK5s46ywhQPSQ",
    "size": [
      1.9507320738010248,
      4.503888640101378,
      1.789999999999992
    ],
    "obj_class": "vehicle",
    "point_num_in_lidar": 23,
    "speed": 9.739392787255296,
    "if_vehicle": true,
    "motion_state": true,
    "pose": [
      [
        -0.01023661713130103,
        0.9996494338770793,
        -0.024417637456189332,
        -0.44512910690940544
      ],
      [
        -0.9956527863434194,
        -0.007928830962651129,
        0.0928044324703894,
        -23.19710506876436
      ],
      [
        0.09257829506041097,
        0.025261492212465406,
        0.9953849086131993,
        1.5300609144067607
      ],
      [
        0.0,
        0.0,
        0.0,
        1.0
      ]
    ],
    "location": [
      -0.44512910690940544,
      -23.19710506876436,
      1.5300609144067607
    ],
    "rotation": [
      0.02537317038237063,
      -0.09271105181498597,
      -1.5810772767466021
    ]
  },
  {
    "label_id": "C06qYvS2D3ctsdIQfPd88g",
    "size": [
      2.125840092292491,
      4.799342205057069,
      1.75
    ],
    "obj_class": "vehicle",
    "point_num_in_lidar": 1299,
    "speed": 0.06692096018357455,
    "if_vehicle": true,
    "motion_state": false,
    "pose": [
      [
        0.9997018450423396,
        1.706987019148559e-15,
        -0.024417637456189332,
        -17.8311891327931
      ],
      [
        0.002266740826402826,
        0.995681776070987,
        0.0928044324703894,
        37.69464621995212
      ],
      [
        0.024312196629836205,
        -0.09283211082446174,
        0.9953849086131993,
        -0.2553204767769728
      ],
      [
        0.0,
        0.0,
        0.0,
        1.0
      ]
    ],
    "location": [
      -17.8311891327931,
      37.69464621995212,
      -0.2553204767769728
    ],
    "rotation": [
      -0.0929935323204438,
      -0.024314592354424944,
      0.0022674129822628977
    ]
  },
  {
    "label_id": "EH0YitwejPPhshjpOdSLLA",
    "size": [
      2.0037203302381386,
      4.245259448762596,
      1.4399999999999977
    ],
    "obj_class": "vehicle",
    "point_num_in_lidar": 1168,
    "speed": 0.05227284046005627,
    "if_vehicle": true,
    "motion_state": false,
    "pose": [
      [
        0.9997018450423396,
        -4.7883045054656765e-17,
        -0.024417637456189332,
        -16.153705501674153
      ],
      [
        0.0022667408264045313,
        0.9956817760709868,
        0.0928044324703894,
        44.844461645263436
      ],
      [
        0.024312196629836046,
        -0.09283211082446179,
        0.9953849086131993,
        -0.25525229562904883
      ],
      [
        0.0,
        0.0,
        0.0,
        1.0
      ]
    ],
    "location": [
      -16.153705501674153,
      44.844461645263436,
      -0.25525229562904883
    ],
    "rotation": [
      -0.09299353232044384,
      -0.024314592354424784,
      0.0022674129822646033
    ]
  },
  {
    "label_id": "EeFaWFjuMPt_17dy4Of2rA",
    "size": [
      2.512343826604911,
      2.9421579336446992,
      4.109999999999985
    ],
    "obj_class": "vehicle",
    "point_num_in_lidar": 3419,
    "speed": 4.239065057677285,
    "if_vehicle": true,
    "motion_state": true,
    "pose": [
      [
        -0.0008225673849446747,
        0.9997015066328324,
        -0.024417637456189332,
        -3.113991617675822
      ],
      [
        -0.9956833041254788,
        0.001447480437991684,
        0.0928044324703894,
        22.784269326188223
      ],
      [
        0.09281207501541305,
        0.024388571840645086,
        0.9953849086131993,
        1.4503138167345355
      ],
      [
        0.0,
        0.0,
        0.0,
        1.0
      ]
    ],
    "location": [
      -3.113991617675822,
      22.784269326188223,
      1.4503138167345355
    ],
    "rotation": [
      0.024496747924435472,
      -0.09294584265479595,
      -1.5716224601591937
    ]
  },
  {
    "label_id": "HJX9xEjYqIUiksAPsIux4g",
    "size": [
      1.9348097246703508,
      4.492646533559332,
      1.6100000000000136
    ],
    "obj_class": "vehicle",
    "point_num_in_lidar": 437,
    "speed": 0.5448433481946073,
    "if_vehicle": true,
    "motion_state": false,
    "pose": [
      [
        0.012921547442394614,
        -0.9996183334617027,
        -0.024417637456189332,
        11.21471814145849
      ],
      [
        0.9956278988474224,
        0.010603034967190629,
        0.0928044324703894,
        13.170740558773105
      ],
      [
        -0.09251011106014563,
        -0.025510057952354552,
        0.9953849086131993,
        0.42156373334046293
      ],
      [
        0.0,
        0.0,
        0.0,
        1.0
      ]
    ],
    "location": [
      11.21471814145849,
      13.170740558773105,
      0.42156373334046293
    ],
    "rotation": [
      -0.025622726275374697,
      0.09264257394721602,
      1.5578187655533493
    ]
  },
  {
    "label_id": "MfFBGlpuMxvaVLmCuq_KHg",
    "size": [
      2.0790977779697837,
      4.821764774800598,
      2.0
    ],
    "obj_class": "vehicle",
    "point_num_in_lidar": 836,
    "speed": 0.017190276750124838,
    "if_vehicle": true,
    "motion_state": false,
    "pose": [
      [
        0.9996677603454385,
        0.00825517455860529,
        -0.024417637456189332,
        -15.138070489359905
      ],
      [
        -0.0059553147476892375,
        0.9956665463598268,
        0.0928044324703894,
        51.14376333541077
      ],
      [
        0.02507794154612574,
        -0.09262818444135709,
        0.9953849086131993,
        0.1620305929631911
      ],
      [
        0.0,
        0.0,
        0.0,
        1.0
      ]
    ],
    "location": [
      -15.138070489359905,
      51.14376333541077,
      0.1620305929631911
    ],
    "rotation": [
      -0.09279042317964145,
      -0.02508057088972965,
      -0.0059572235249887705
    ]
  },
  {
    "label_id": "SBu-nqQx6dSzud7GDxeaMg",
    "size": [
      2.0893037280475255,
      4.607007212172799,
      1.5800000000000125
    ],
    "obj_class": "vehicle",
    "point_num_in_lidar": 187,
    "speed": 0.010407134655072323,
    "if_vehicle": true,
    "motion_state": false,
    "pose": [
      [
        0.9997018450423396,
        -4.7883045054656765e-17,
        -0.024417637456189332,
        -22.517413976900343
      ],
      [
        0.0022667408264045313,
        0.9956817760709868,
        0.0928044324703894,
        44.52876022262353
      ],
      [
        0.024312196629836046,
        -0.09283211082446179,
        0.9953849086131993,
        -0.23398176238865176
      ],
      [
        0.0,
        0.0,
        0.0,
        1.0
      ]
    ],
    "location": [
      -22.517413976900343,
      44.52876022262353,
      -0.23398176238865176
    ],
    "rotation": [
      -0.09299353232044384,
      -0.024314592354424784,
      0.0022674129822646033
    ]
  },
  {
    "label_id": "T029RyK_YRfegBz4vxVzTA",
    "size": [
      0.434581057445031,
      0.07242949621070238,
      0.6800000000000068
    ],
    "obj_class": "sign",
    "point_num_in_lidar": 42,
    "speed": 0.04107192488052352,
    "if_vehicle": false,
    "motion_state": false,
    "pose": [
      [
        0.9997018450423395,
        -1.7800351177851907e-14,
        -0.024417637456189332,
        -22.084035581393437
      ],
      [
        0.0022667408264222554,
        0.9956817760709868,
        0.0928044324703894,
        32.7006942285243
      ],
      [
        0.02431219662983439,
        -0.09283211082446222,
        0.9953849086131993,
        1.3914191025993716
      ],
      [
        0.0,
        0.0,
        0.0,
        1.0
      ]
    ],
    "location": [
      -22.084035581393437,
      32.7006942285243,
      1.3914191025993716
    ],
    "rotation": [
      -0.09299353232044427,
      -0.02431459235442313,
      0.002267412982282333
    ]
  },
  {
    "label_id": "VwktFOlpSbn6bFT5_0tZdA",
    "size": [
      2.058998268865255,
      4.741440509841366,
      1.7700000000000102
    ],
    "obj_class": "vehicle",
    "point_num_in_lidar": 45,
    "speed": 0.023498952746847157,
    "if_vehicle": true,
    "motion_state": false,
    "pose": [
      [
        0.9997018450423396,
        -1.798183830717888e-15,
        -0.024417637456189332,
        -36.09565560495105
      ],
      [
        0.002266740826406347,
        0.995681776070987,
        0.0928044324703894,
        37.81922452116851
      ],
      [
        0.024312196629835876,
        -0.09283211082446184,
        0.9953849086131993,
        -0.3336874639830967
      ],
      [
        0.0,
        0.0,
        0.0,
        1.0
      ]
    ],
    "location": [
      -36.09565560495105,
      37.81922452116851,
      -0.3336874639830967
    ],
    "rotation": [
      -0.0929935323204439,
      -0.024314592354424614,
      0.0022674129822664196
    ]
  },
  {
    "label_id": "WHju9fOcjusHm3P1uTtS6g",
    "size": [
      3.231060057407795,
      10.43725668466636,
      4.17999999999995
    ],
    "obj_class": "vehicle",
    "point_num_in_lidar": 1413,
    "speed": 0.8285713964461223,
    "if_vehicle": true,
    "motion_state": false,
    "pose": [
      [
        0.017836241028469917,
        -0.9995427191906469,
        -0.024417637456189332,
        11.612981369881197
      ],
      [
        0.9955637323007481,
        0.0154981367026247,
        0.0928044324703894,
        1.6018357750490395
      ],
      [
        -0.09238356690114663,
        -0.02596459650590262,
        0.9953849086131993,
        1.7831902037315785
      ],
      [
        0.0,
        0.0,
        0.0,
        1.0
      ]
    ],
    "location": [
      11.612981369881197,
      1.6018357750490395,
      1.7831902037315785
    ],
    "rotation": [
      -0.02607906718974276,
      0.09251548554751174,
      1.5528825232885262
    ]
  },
  {
    "label_id": "WKhKiEG1jQxE7N9ko5HnHA",
    "size": [
      3.1271789869502036,
      9.644629742415633,
      3.9199999999999875
    ],
    "obj_class": "vehicle",
    "point_num_in_lidar": 3826,
    "speed": 4.249809300809639,
    "if_vehicle": true,
    "motion_state": true,
    "pose": [
      [
        0.008972222077620324,
        0.9996615818425993,
        -0.024417637456189332,
        -3.1407751900632093
      ],
      [
        -0.9956213310126786,
        0.011202791901644173,
        0.0928044324703894,
        16.489876701418325
      ],
      [
        0.09304657147650565,
        0.0234780587264044,
        0.9953849086131993,
        1.3994595451925136
      ],
      [
        0.0,
        0.0,
        0.0,
        1.0
      ]
    ],
    "location": [
      -3.1407751900632093,
      16.489876701418325,
      1.3994595451925136
    ],
    "rotation": [
      0.023582541817246807,
      -0.09318135826131263,
      -1.5617848894836008
    ]
  },
  {
    "label_id": "WkaPV3nHauk6ZFYDD2hSzw",
    "size": [
      0.9737357452728274,
      0.10007973052051267,
      0.8571206859613767
    ],
    "obj_class": "sign",
    "point_num_in_lidar": 21,
    "speed": 0.024009943061309085,
    "if_vehicle": false,
    "motion_state": false,
    "pose": [
      [
        -0.12400052210060962,
        0.9919816780061184,
        -0.024417637456189332,
        14.369815196040406
      ],
      [
        -0.9882738147703504,
        -0.1212526467880522,
        0.0928044324703894,
        13.199615995770728
      ],
      [
        0.08909959347850833,
        0.03563910979608668,
        0.9953849086131993,
        2.076650551982766
      ],
      [
        0.0,
        0.0,
        0.0,
        1.0
      ]
    ],
    "location": [
      14.369815196040406,
      13.199615995770728,
      2.076650551982766
    ],
    "rotation": [
      0.035789062088122964,
      -0.08921790634729358,
      -1.6956158634362963
    ]
  },
  {
    "label_id": "YjbB6crmRp1C_LmKYBIhvg",
    "size": [
      2.0289695349492822,
      4.760505423394875,
      1.3600000000000136
    ],
    "obj_class": "vehicle",
    "point_num_in_lidar": 361,
    "speed": 0.016335000308028005,
    "if_vehicle": true,
    "motion_state": false,
    "pose": [
      [
        0.9997018450423396,
        1.706987019148559e-15,
        -0.024417637456189332,
        -31.888870839364643
      ],
      [
        0.002266740826402826,
        0.995681776070987,
        0.0928044324703894,
        45.03092261994061
      ],
      [
        0.024312196629836205,
        -0.09283211082446174,
        0.9953849086131993,
        -0.26117964101496227
      ],
      [
        0.0,
        0.0,
        0.0,
        1.0
      ]
    ],
    "location": [
      -31.888870839364643,
      45.03092261994061,
      -0.26117964101496227
    ],
    "rotation": [
      -0.0929935323204438,
      -0.024314592354424944,
      0.0022674129822628977
    ]
  },
  {
    "label_id": "c8mWTSp8LrWSFDmHyrNTcw",
    "size": [
      2.1407561516240436,
      4.830876528431807,
      1.5200000000000102
    ],
    "obj_class": "vehicle",
    "point_num_in_lidar": 3379,
    "speed": 0.01031816253536514,
    "if_vehicle": true,
    "motion_state": false,
    "pose": [
      [
        0.014871995952748449,
        -0.9995912178072791,
        -0.024417637456189332,
        8.641806929183076
      ],
      [
        0.9956053147121631,
        0.012545701683988329,
        0.0928044324703894,
        27.346840904265264
      ],
      [
        -0.09246015927563682,
        -0.02569051676819363,
        0.9953849086131993,
        0.16486107972264108
      ],
      [
        0.0,
        0.0,
        0.0,
        1.0
      ]
    ],
    "location": [
      8.641806929183076,
      27.346840904265264,
      0.16486107972264108
    ],
    "rotation": [
      -0.02580390194451188,
      0.09259240715108794,
      1.5558597954848032
    ]
  },
  {
    "label_id": "gSeI0P9RmRxi0sh-bR19Fg",
    "size": [
      3.0181403275849292,
      10.899184640474555,
      4.0099999999999625
    ],
    "obj_class": "vehicle",
    "point_num_in_lidar": 11593,
    "speed": 0.05088623816724975,
    "if_vehicle": true,
    "motion_state": false,
    "pose": [
      [
        0.05175455652788494,
        -0.9983612797277647,
        -0.024417637456189332,
        11.790374507132185
      ],
      [
        0.994463950683189,
        0.04928273638337015,
        0.0928044324703894,
        24.391223767455813
      ],
      [
        -0.09144898397568879,
        -0.029085512457358905,
        0.9953849086131993,
        1.2581725878558245
      ],
      [
        0.0,
        0.0,
        0.0,
        1.0
      ]
    ],
    "location": [
      11.790374507132185,
      24.391223767455813,
      1.2581725878558245
    ],
    "rotation": [
      -0.02921205497259239,
      0.09157692943379278,
      1.51880056808878
    ]
  },
  {
    "label_id": "hZF2QD_4uBAhH55xdwQHPw",
    "size": [
      2.7227616780910457,
      6.1603544370873085,
      2.4499999999999886
    ],
    "obj_class": "vehicle",
    "point_num_in_lidar": 179,
    "speed": 0.047067398383403306,
    "if_vehicle": true,
    "motion_state": false,
    "pose": [
      [
        0.9997018450423396,
        -4.7883045054656765e-17,
        -0.024417637456189332,
        -48.65946439881145
      ],
      [
        0.0022667408264045313,
        0.9956817760709868,
        0.0928044324703894,
        44.65567977969113
      ],
      [
        0.024312196629836046,
        -0.09283211082446179,
        0.9953849086131993,
        0.2657123365840448
      ],
      [
        0.0,
        0.0,
        0.0,
        1.0
      ]
    ],
    "location": [
      -48.65946439881145,
      44.65567977969113,
      0.2657123365840448
    ],
    "rotation": [
      -0.09299353232044384,
      -0.024314592354424784,
      0.0022674129822646033
    ]
  },
  {
    "label_id": "iZ_A_Hu4rrUZSIH7_2d-_w",
    "size": [
      2.722507889702775,
      9.16070932312228,
      3.4399999999999693
    ],
    "obj_class": "vehicle",
    "point_num_in_lidar": 138,
    "speed": 2.020006083387423,
    "if_vehicle": true,
    "motion_state": true,
    "pose": [
      [
        0.9996366228178559,
        0.011419338963774044,
        -0.024417637456189332,
        -65.75441323520658
      ],
      [
        -0.009106825801758135,
        0.9956427085243308,
        0.0928044324703894,
        44.77894366328837
      ],
      [
        0.025371007964365547,
        -0.09254834228642383,
        0.9953849086131993,
        0.7414191025988544
      ],
      [
        0.0,
        0.0,
        0.0,
        1.0
      ]
    ],
    "location": [
      -65.75441323520658,
      44.77894366328837,
      0.7414191025988544
    ],
    "rotation": [
      -0.09271089890251627,
      -0.025373730588826915,
      -0.009109884199286516
    ]
  },
  {
    "label_id": "lGzAkHBG4fc-rLQU76ZUZg",
    "size": [
      0.25770729987562063,
      0.05868224213042095,
      0.3499999999999943
    ],
    "obj_class": "sign",
    "point_num_in_lidar": 25,
    "speed": 0.026342323451232438,
    "if_vehicle": false,
    "motion_state": false,
    "pose": [
      [
        0.9997018450423396,
        8.883862172575227e-15,
        -0.024417637456189332,
        -14.556778760078828
      ],
      [
        0.002266740826395697,
        0.9956817760709868,
        0.0928044324703894,
        34.24393714943653
      ],
      [
        0.024312196629836868,
        -0.09283211082446158,
        0.9953849086131993,
        0.037128864547071316
      ],
      [
        0.0,
        0.0,
        0.0,
        1.0
      ]
    ],
    "location": [
      -14.556778760078828,
      34.24393714943653,
      0.037128864547071316
    ],
    "rotation": [
      -0.09299353232044363,
      -0.024314592354425606,
      0.002267412982255766
    ]
  },
  {
    "label_id": "qkmrz-gkat-9LhZ2vn-TvQ",
    "size": [
      2.315441994564027,
      4.973904103928079,
      1.8600000000000136
    ],
    "obj_class": "vehicle",
    "point_num_in_lidar": 508,
    "speed": 5.685035733124714e-13,
    "if_vehicle": true,
    "motion_state": false,
    "pose": [
      [
        0.9997018450423396,
        -4.7883045054656765e-17,
        -0.024417637456189332,
        -26.52154313302583
      ],
      [
        0.0022667408264045313,
        0.9956817760709868,
        0.0928044324703894,
        37.601516926337354
      ],
      [
        0.024312196629836046,
        -0.09283211082446179,
        0.9953849086131993,
        -0.20796940703596078
      ],
      [
        0.0,
        0.0,
        0.0,
        1.0
      ]
    ],
    "location": [
      -26.52154313302583,
      37.601516926337354,
      -0.20796940703596078
    ],
    "rotation": [
      -0.09299353232044384,
      -0.024314592354424784,
      0.0022674129822646033
    ]
  },
  {
    "label_id": "uEKUg6y3uDGTsgLjXlD1EQ",
    "size": [
      2.1806642090129076,
      4.893024923547331,
      1.8199999999999932
    ],
    "obj_class": "vehicle",
    "point_num_in_lidar": 33,
    "speed": 1.2320735776494984,
    "if_vehicle": true,
    "motion_state": true,
    "pose": [
      [
        0.07468576964034454,
        -0.9969081275595496,
        -0.024417637456189332,
        11.074040300025729
      ],
      [
        0.9930686366486035,
        0.07212503184562935,
        0.0928044324703894,
        -9.908064182380258
      ],
      [
        -0.0907563701241599,
        -0.031179560403884227,
        0.9953849086131993,
        0.7907107438055618
      ],
      [
        0.0,
        0.0,
        0.0,
        1.0
      ]
    ],
    "location": [
      11.074040300025729,
      -9.908064182380258,
      0.7907107438055618
    ],
    "rotation": [
      -0.03131388504178796,
      0.09088142330891519,
      1.4957305833683174
    ]
  },
  {
    "label_id": "vmp0DDYMcgxMY4-o6NBGbA",
    "size": [
      0.8965980705394143,
      0.954150722206018,
      1.8899999999999864
    ],
    "obj_class": "pedestrian",
    "point_num_in_lidar": 30,
    "speed": 1.0145893785972158,
    "if_vehicle": false,
    "motion_state": true,
    "pose": [
      [
        -0.036629523044983354,
        -0.9990305586029663,
        -0.024417637456189332,
        -5.612521528185766
      ],
      [
        0.9949301346558272,
        -0.03874744465879496,
        0.0928044324703894,
        -11.905184417710188
      ],
      [
        -0.09366058506775661,
        -0.02089446122441289,
        0.9953849086131993,
        0.9545281815776718
      ],
      [
        0.0,
        0.0,
        0.0,
        1.0
      ]
    ],
    "location": [
      -5.612521528185766,
      -11.905184417710188,
      0.9545281815776718
    ],
    "rotation": [
      -0.020988255801564194,
      0.09379806500892089,
      1.6075958824831753
    ]
  },
  {
    "label_id": "xtJIQ43inVnI9UjifhxpOw",
    "size": [
      2.1230338389195276,
      4.519668445347049,
      1.509999999999991
    ],
    "obj_class": "vehicle",
    "point_num_in_lidar": 20,
    "speed": 4.739739316788855,
    "if_vehicle": true,
    "motion_state": true,
    "pose": [
      [
        0.23413641233430751,
        -0.9718970724311691,
        -0.024417637456189332,
        9.932233047768705
      ],
      [
        0.9685196987510194,
        0.230991191271623,
        0.0928044324703894,
        -21.990494961457443
      ],
      [
        -0.08455609706256381,
        -0.045377859740618594,
        0.9953849086131993,
        1.1541067710666653
      ],
      [
        0.0,
        0.0,
        0.0,
        1.0
      ]
    ],
    "location": [
      9.932233047768705,
      -21.990494961457443,
      1.1541067710666653
    ],
    "rotation": [
      -0.04555671116745923,
      0.08465718155606608,
      1.3336004603865437
    ]
  },
  {
    "label_id": "zqDKarYYvCT0KnxA5zho_Q",
    "size": [
      1.9985473231645299,
      4.637057661683984,
      1.5900000000000034
    ],
    "obj_class": "vehicle",
    "point_num_in_lidar": 132,
    "speed": 0.014115583510785106,
    "if_vehicle": true,
    "motion_state": false,
    "pose": [
      [
        0.9997018450423396,
        -4.7883045054656765e-17,
        -0.024417637456189332,
        -40.36775927113456
      ],
      [
        0.0022667408264045313,
        0.9956817760709868,
        0.0928044324703894,
        44.954813739279416
      ],
      [
        0.024312196629836046,
        -0.09283211082446179,
        0.9953849086131993,
        -0.17680937899768878
      ],
      [
        0.0,
        0.0,
        0.0,
        1.0
      ]
    ],
    "location": [
      -40.36775927113456,
      44.954813739279416,
      -0.17680937899768878
    ],
    "rotation": [
      -0.09299353232044384,
      -0.024314592354424784,
      0.0022674129822646033
    ]
  }
]