[
  {
    "label_id": "3s9mSj6nOjtOLAebYkQzww",
    "size": [
      2.1835700787296375,
      5.419258701191131,
      2.0500000000000114
    ],
    "obj_class": "vehicle",
    "point_num_in_lidar": 73,
    "speed": 3.5959966046062584,
    "if_vehicle": true,
    "motion_state": true,
    "pose": [
      [
        0.024856227053650547,
        -0.9995787791855095,
        -0.014981060665514894,
        10.363416150946591
      ],
      [
        0.9995236771560304,
        0.02457507649204355,
        0.018667737407028658,
        -56.82919041604873
      ],
      [
        -0.0182917134556864,
        -0.015437934363660047,
        0.9997135006597833,
        2.263612570871146
      ],
      [
        0.0,
        0.0,
        0.0,
        1.0
      ]
    ],
    "location": [
      10.363416150946591,
      -56.82919041604873,
      2.263612570871146
    ],
    "rotation": [
      -0.015441131270053981,
      0.018292733636884273,
      1.5459333789219083
    ]
  },
  {
    "label_id": "EeFaWFjuMPt_17dy4Of2rA",
    "size": [
      2.5123438266033773,
      2.9421579336446992,
      4.109999999999985
    ],
    "obj_class": "vehicle",
    "point_num_in_lidar": 1715,
    "speed": 5.234202697834246,
    "if_vehicle": true,
    "motion_state": true,
    "pose": [
      [
        -0.017328179324292238,
        0.9997376165887935,
        -0.014981060665514894,
        -3.1748050676462753
      ],
      [
        -0.9996803989132107,
        -0.017047451681290036,
        0.018667737407028658,
        -6.71928064811982
      ],
      [
        0.01840745039457845,
        0.015299750603612732,
        0.9997135006597833,
        1.9370332807221473
      ],
      [
        0.0,
        0.0,
        0.0,
        1.0
      ]
    ],
    "location": [
      -3.1748050676462753,
      -6.71928064811982,
      1.9370332807221473
    ],
    "rotation": [
      0.01530294056886189,
      -0.0184084900654907,
      -1.5881283102904074
    ]
  },
  {
    "label_id": "HS59FNaZnMQl80b3j8UCng",
    "size": [
      2.299530825322287,
      5.110397286919652,
      1.960000000000008
    ],
    "obj_class": "vehicle",
    "point_num_in_lidar": 337,
    "speed": 0.9567084949177247,
    "if_vehicle": true,
    "motion_state": false,
    "pose": [
      [
        0.1268619105928449,
        -0.9918072511642921,
        -0.014981060665514894,
        8.91989299107371
      ],
      [
        0.9917811651687741,
        0.12657660129965154,
        0.018667737407028658,
        -31.572592080539835
      ],
      [
        -0.016618545580217147,
        -0.01722615863620963,
        0.9997135006597833,
        2.0274040441581747
      ],
      [
        0.0,
        0.0,
        0.0,
        1.0
      ]
    ],
    "location": [
      8.91989299107371,
      -31.572592080539835,
      2.0274040441581747
    ],
    "rotation": [
      -0.017229390272176286,
      0.01661931061603148,
      1.443573978658416
    ]
  },
  {
    "label_id": "WHju9fOcjusHm3P1uTtS6g",
    "size": [
      3.2310600574076487,
      10.43725668466636,
      4.17999999999995
    ],
    "obj_class": "vehicle",
    "point_num_in_lidar": 17751,
    "speed": 1.4196261932417378,
    "if_vehicle": true,
    "motion_state": true,
    "pose": [
      [
        -0.005415815111195895,
        -0.999873110333515,
        -0.014981060665514894,
        11.529709912427336
      ],
      [
        0.9998095221759855,
        -0.005695168683155629,
        0.018667737407028658,
        3.1192849825911253
      ],
      [
        -0.01875068833159774,
        -0.014877106091337076,
        0.9997135006597833,
        1.818190621000241
      ],
      [
        0.0,
        0.0,
        0.0,
        1.0
      ]
    ],
    "location": [
      11.529709912427336,
      3.1192849825911253,
      1.818190621000241
    ],
    "rotation": [
      -0.014880271221148022,
      0.01875178725928591,
      1.576213120715446
    ]
  },
  {
    "label_id": "WKhKiEG1jQxE7N9ko5HnHA",
    "size": [
      3.1271789869503785,
      9.644629742415633,
      3.9199999999999875
    ],
    "obj_class": "vehicle",
    "point_num_in_lidar": 2007,
    "speed": 5.23515298436726,
    "if_vehicle": true,
    "motion_state": true,
    "pose": [
      [
        -0.01773745405136238,
        0.9997304389409737,
        -0.014981060665514894,
        -3.2672603858983393
      ],
      [
        -0.9996733361954774,
        -0.017456703007906738,
        0.018667737407028658,
        -13.030349904416653
      ],
      [
        0.018401185385182265,
        0.015307285029742183,
        0.9997135006597833,
        1.8594629748749867
      ],
      [
        0.0,
        0.0,
        0.0,
        1.0
      ]
    ],
    "location": [
      -3.2672603858983393,
      -13.030349904416653,
      1.8594629748749867
    ],
    "rotation": [
      0.015310475388569342,
      -0.018402223994786283,
      -1.5885377152815217
    ]
  },
  {
    "label_id": "WkaPV3nHauk6ZFYDD2hSzw",
    "size": [
      0.9737357452728255,
      0.10007973052051267,
      0.8571206859613767
    ],
    "obj_class": "sign",
    "point_num_in_lidar": 239,
    "speed": 0.04548042650601129,
    "if_vehicle": false,
    "motion_state": false,
    "pose": [
      [
        -0.12402358471278611,
        0.9921661747188959,
        -0.014981060665514894,
        14.295507006064724
      ],
      [
        -0.9921392724894923,
        -0.12373835122597614,
        0.018667737407028658,
        13.31004395416312
      ],
      [
        0.01666776586742132,
        0.017178538341501563,
        0.9997135006597833,
        2.2175820885865107
      ],
      [
        0.0,
        0.0,
        0.0,
        1.0
      ]
    ],
    "location": [
      14.295507006064724,
      13.31004395416312,
      2.2175820885865107
    ],
    "rotation": [
      0.01718177043016375,
      -0.016668537721534815,
      -1.6951574501555102
    ]
  },
  {
    "label_id": "exz0T3CAHGeErNksjdAS4g",
    "size": [
      0.6642698848229114,
      0.5895306633282683,
      1.3400000000000034
    ],
    "obj_class": "pedestrian",
    "point_num_in_lidar": 154,
    "speed": 1.0978153834776616,
    "if_vehicle": false,
    "motion_state": true,
    "pose": [
      [
        0.042464968261778445,
        -0.9989856326753965,
        -0.014981060665514894,
        -6.247202260068491
      ],
      [
        0.9989354930792714,
        0.04218289044832078,
        0.018667737407028658,
        -5.128716488858117
      ],
      [
        -0.018016857023325623,
        -0.015757838099265287,
        0.9997135006597833,
        0.5542000699820164
      ],
      [
        0.0,
        0.0,
        0.0,
        1.0
      ]
    ],
    "location": [
      -6.247202260068491,
      -5.128716488858117,
      0.5542000699820164
    ],
    "rotation": [
      -0.015761048802755268,
      0.018017831899131587,
      1.5283116853870622
    ]
  },
  {
    "label_id": "uEKUg6y3uDGTsgLjXlD1EQ",
    "size": [
      2.1806642090126935,
      4.893024923547331,
      1.8199999999999932
    ],
    "obj_class": "vehicle",
    "point_num_in_lidar": 1086,
    "speed": 0.31950826146421984,
    "if_vehicle": true,
    "motion_state": false,
    "pose": [
      [
        0.07924235513121748,
        -0.9967428038238321,
        -0.014981060665514894,
        11.291154204593568
      ],
      [
        0.996703091030035,
        0.07895862151327014,
        0.018667737407028658,
        -7.898609835634488
      ],
      [
        -0.01742404902517304,
        -0.016410944949331246,
        0.9997135006597833,
        0.7807107438054004
      ],
      [
        0.0,
        0.0,
        0.0,
        1.0
      ]
    ],
    "location": [
      11.291154204593568,
      -7.898609835634488,
      0.7807107438054004
    ],
    "rotation": [
      -0.016414173732644873,
      0.01742493079522022,
      1.4914587350952695
    ]
  },
  {
    "label_id": "vmp0DDYMcgxMY4-o6NBGbA",
    "size": [
      0.8965980705405878,
      0.954150722206018,
      1.8899999999999864
    ],
    "obj_class": "pedestrian",
    "point_num_in_lidar": 360,
    "speed": 1.1211177623747623,
    "if_vehicle": false,
    "motion_state": true,
    "pose": [
      [
        0.0725013822441941,
        -0.9972557933619727,
        -0.014981060665514894,
        -5.660917649104874
      ],
      [
        0.9972141631006552,
        0.07221792361707666,
        0.018667737407028658,
        -5.470710658531971
      ],
      [
        -0.01753460818327439,
        -0.016292762639302807,
        0.9997135006597833,
        0.8519285538735915
      ],
      [
        0.0,
        0.0,
        0.0,
        1.0
      ]
    ],
    "location": [
      -5.660917649104874,
      -5.470710658531971,
      0.8519285538735915
    ],
    "rotation": [
      -0.016295989172568234,
      0.01753550684664906,
      1.4982200994636805
    ]
  },
  {
    "label_id": "xBOeeizcDX75aMoJsrC9rw",
    "size": [
      2.198729066010334,
      4.698014836784155,
      2.1100000000000136
    ],
    "obj_class": "vehicle",
    "point_num_in_lidar": 476,
    "speed": 1.0509232667203907,
    "if_vehicle": true,
    "motion_state": true,
    "pose": [
      [
        -0.0074175171258763235,
        -0.9998602643674883,
        -0.014981060665514894,
        11.90511194815332
      ],
      [
        0.999796117080782,
        -0.007696742836642502,
        0.018667737407028658,
        -24.417374234290037
      ],
      [
        -0.018780434230297127,
        -0.014839538021215432,
        0.9997135006597833,
        1.565110952463698
      ],
      [
        0.0,
        0.0,
        0.0,
        1.0
      ]
    ],
    "location": [
      11.90511194815332,
      -24.417374234290037,
      1.565110952463698
    ],
    "rotation": [
      -0.01484270068391122,
      0.018781538396824,
      1.5782152204192919
    ]
  },
  {
    "label_id": "xtJIQ43inVnI9UjifhxpOw",
    "size": [
      2.1230338389196834,
      4.519668445347049,
      1.509999999999991
    ],
    "obj_class": "vehicle",
    "point_num_in_lidar": 411,
    "speed": 0.048416174108141294,
    "if_vehicle": true,
    "motion_state": false,
    "pose": [
      [
        0.07270370014054811,
        -0.9972410640397884,
        -0.014981060665514894,
        11.303167353731226
      ],
      [
        0.9971994912863148,
        0.0724202330734781,
        0.018667737407028658,
        -14.248273679149861
      ],
      [
        -0.01753130240991611,
        -0.01629631965732398,
        0.9997135006597833,
        0.8441034690782203
      ],
      [
        0.0,
        0.0,
        0.0,
        1.0
      ]
    ],
    "location": [
      11.303167353731226,
      -14.248273679149861,
      0.8441034690782203
    ],
    "rotation": [
      -0.016299546264972396,
      0.017532200565068764,
      1.498017219097434
    ]
  }
]