[
  {
    "label_id": "0TTUJAOkghTqJ3kT1-uk4g",
    "size": [
      2.287043511541053,
      4.8276475017163385,
      1.5600000000000023
    ],
    "obj_class": "vehicle",
    "point_num_in_lidar": 550,
    "speed": 0.05199470751193628,
    "if_vehicle": true,
    "motion_state": false,
    "pose": [
      [
        0.9998247221600588,
        -0.01872195371687731,
        0.00011578680512371216,
        -16.14274115224731
      ],
      [
        0.018719951544245265,
        0.9995813653460464,
        -0.022060314302269065,
        41.619602038632365
      ],
      [
        0.0002972738505922297,
        0.022058615141411123,
        0.9997566349498767,
        -0.28661274993498864
      ],
      [
        0.0,
        0.0,
        0.0,
        1.0
      ]
    ],
    "location": [
      -16.14274115224731,
      41.619602038632365,
      -0.28661274993498864
    ],
    "rotation": [
      0.022060405397497568,
      -0.00029727385497066455,
      0.018721045903320174
    ]
  },
  {
    "label_id": "1_4ZBy1m-wCtaSSd8Ksj0A",
    "size": [
      1.9620133201241667,
      4.630825083069572,
      1.6299999999999955
    ],
    "obj_class": "vehicle",
    "point_num_in_lidar": 486,
    "speed": 7.611966053620452,
    "if_vehicle": true,
    "motion_state": true,
    "pose": [
      [
        -0.00889748414859992,
        0.9999604099009326,
        0.00011578680512371216,
        0.5175071520496317
      ],
      [
        -0.9997170906152314,
        -0.008892764738957412,
        -0.022060314302269065,
        14.553712946231826
      ],
      [
        -0.022058411267422542,
        -0.0003120353447674849,
        0.9997566349498767,
        0.42846166045575274
      ],
      [
        0.0,
        0.0,
        0.0,
        1.0
      ]
    ],
    "location": [
      0.5175071520496317,
      14.553712946231826,
      0.42846166045575274
    ],
    "rotation": [
      -0.00031211129161546556,
      0.022060200498974173,
      -1.579696093858938
    ]
  },
  {
    "label_id": "6U3azSfEichQun94n9af1w",
    "size": [
      1.7866309621413679,
      4.172554542098261,
      1.4300000000000068
    ],
    "obj_class": "vehicle",
    "point_num_in_lidar": 42,
    "speed": 8.748045595904259,
    "if_vehicle": true,
    "motion_state": true,
    "pose": [
      [
        -0.03421090933161862,
        0.9994146288083438,
        0.00011578680512371216,
        -0.5268175365332013
      ],
      [
        -0.9991715069972837,
        -0.0342000312523566,
        -0.022060314302269065,
        -18.551254474969028
      ],
      [
        -0.022043440917443795,
        -0.0008703942889877981,
        0.9997566349498767,
        1.1336991108609311
      ],
      [
        0.0,
        0.0,
        0.0,
        1.0
      ]
    ],
    "location": [
      -0.5268175365332013,
      -18.551254474969028,
      1.1336991108609311
    ],
    "rotation": [
      -0.0008706059441405368,
      0.022045226508050943,
      -1.6050222326429242
    ]
  },
  {
    "label_id": "6ue5cue9GBK5s46ywhQPSQ",
    "size": [
      1.9507320738018228,
      4.503888640101378,
      1.789999999999992
    ],
    "obj_class": "vehicle",
    "point_num_in_lidar": 265,
    "speed": 9.291051029943771,
    "if_vehicle": true,
    "motion_state": true,
    "pose": [
      [
        -0.011562713683425546,
        0.9999331428879087,
        0.00011578680512371216,
        -0.16916023537550018
      ],
      [
        -0.999689837045458,
        -0.011557345755434531,
        -0.022060314302269065,
        0.968322241336864
      ],
      [
        -0.022057501225222258,
        -0.00037082799038965435,
        0.9997566349498767,
        0.7870310949559496
      ],
      [
        0.0,
        0.0,
        0.0,
        1.0
      ]
    ],
    "location": [
      -0.16916023537550018,
      0.968322241336864,
      0.7870310949559496
    ],
    "rotation": [
      -0.00037091824191997676,
      0.022059290235300986,
      -1.5823621121805413
    ]
  },
  {
    "label_id": "C06qYvS2D3ctsdIQfPd88g",
    "size": [
      2.125840092292492,
      4.799342205057069,
      1.75
    ],
    "obj_class": "vehicle",
    "point_num_in_lidar": 528,
    "speed": 0.049746266759497226,
    "if_vehicle": true,
    "motion_state": false,
    "pose": [
      [
        0.9999999932967079,
        6.231157685514442e-17,
        0.00011578680512371216,
        -17.84342365348141
      ],
      [
        2.5542933300978624e-06,
        0.9997566416515374,
        -0.022060314302269065,
        37.69434209284009
      ],
      [
        -0.00011575862743804675,
        0.0220603144501458,
        0.9997566349498767,
        -0.25858089740020773
      ],
      [
        0.0,
        0.0,
        0.0,
        1.0
      ]
    ],
    "location": [
      -17.84342365348141,
      37.69434209284009,
      -0.25858089740020773
    ],
    "rotation": [
      0.02206210429276634,
      0.0001157586276965755,
      2.554293347214482e-06
    ]
  },
  {
    "label_id": "CaPfkK3l0WWDZ1fjj_ZeZA",
    "size": [
      1.9276299435020166,
      4.201148693690454,
      1.740000000000009
    ],
    "obj_class": "vehicle",
    "point_num_in_lidar": 29,
    "speed": 9.373443023019137,
    "if_vehicle": true,
    "motion_state": true,
    "pose": [
      [
        0.010102552674303104,
        0.9999489612089603,
        0.00011578680512371216,
        -0.43304099390320516
      ],
      [
        -0.9997055961776494,
        0.010102648364452184,
        -0.022060314302269065,
        -32.19783211425238
      ],
      [
        -0.02206035812387453,
        0.00010711277020464766,
        0.9997566349498767,
        2.0220305929626647
      ],
      [
        0.0,
        0.0,
        0.0,
        1.0
      ]
    ],
    "location": [
      -0.43304099390320516,
      -32.19783211425238,
      2.0220305929626647
    ],
    "rotation": [
      0.00010713884364486186,
      0.022062147829285297,
      -1.5606911429913761
    ]
  },
  {
    "label_id": "EH0YitwejPPhshjpOdSLLA",
    "size": [
      2.0037203302381354,
      4.245259448762596,
      1.4399999999999977
    ],
    "obj_class": "vehicle",
    "point_num_in_lidar": 523,
    "speed": 0.048014089447770275,
    "if_vehicle": true,
    "motion_state": false,
    "pose": [
      [
        0.999999993296708,
        9.355785418721126e-16,
        0.00011578680512371216,
        -16.09097291954953
      ],
      [
        2.554293329272299e-06,
        0.9997566416515374,
        -0.022060314302269065,
        44.884245983970686
      ],
      [
        -0.00011575862743806635,
        0.0220603144501458,
        0.9997566349498767,
        -0.2721933646400032
      ],
      [
        0.0,
        0.0,
        0.0,
        1.0
      ]
    ],
    "location": [
      -16.09097291954953,
      44.884245983970686,
      -0.2721933646400032
    ],
    "rotation": [
      0.02206210429276634,
      0.0001157586276965951,
      2.554293346388918e-06
    ]
  },
  {
    "label_id": "EeFaWFjuMPt_17dy4Of2rA",
    "size": [
      2.512343826603541,
      2.9421579336446992,
      4.109999999999985
    ],
    "obj_class": "vehicle",
    "point_num_in_lidar": 2803,
    "speed": 3.6542546296656964,
    "if_vehicle": true,
    "motion_state": true,
    "pose": [
      [
        -0.1029393124428903,
        0.9946876316448299,
        0.00011578680512371216,
        -2.090085720229297
      ],
      [
        -0.9944458357088168,
        -0.1029117212676866,
        -0.022060314302269065,
        32.61457321366106
      ],
      [
        -0.021931205967249217,
        -0.002386017292734944,
        0.9997566349498767,
        1.0303158298469555
      ],
      [
        0.0,
        0.0,
        0.0,
        1.0
      ]
    ],
    "location": [
      -2.090085720229297,
      32.61457321366106,
      1.0303158298469555
    ],
    "rotation": [
      -0.0023865935760830764,
      0.021932964418390273,
      -1.673943208071041
    ]
  },
  {
    "label_id": "HJX9xEjYqIUiksAPsIux4g",
    "size": [
      1.934809724671143,
      4.492646533559332,
      1.6100000000000136
    ],
    "obj_class": "vehicle",
    "point_num_in_lidar": 139,
    "speed": 1.2184161277529024,
    "if_vehicle": true,
    "motion_state": true,
    "pose": [
      [
        0.03934936081564232,
        -0.9992255072789206,
        0.00011578680512371216,
        11.176756177836296
      ],
      [
        0.9989824446160086,
        0.03933723276882151,
        -0.022060314302269065,
        10.595535090389603
      ],
      [
        0.022038674016912525,
        0.000983728252823225,
        0.9997566349498767,
        0.42031349500996384
      ],
      [
        0.0,
        0.0,
        0.0,
        1.0
      ]
    ],
    "location": [
      11.176756177836296,
      10.595535090389603,
      0.42031349500996384
    ],
    "rotation": [
      0.0009839673986192662,
      -0.022040458449197893,
      1.5314272373732787
    ]
  },
  {
    "label_id": "JOJCszo35poBUv2sXBvEmg",
    "size": [
      0.6920336665746649,
      0.6965462230006415,
      1.25
    ],
    "obj_class": "pedestrian",
    "point_num_in_lidar": 49,
    "speed": 3.379739730200515e-28,
    "if_vehicle": false,
    "motion_state": false,
    "pose": [
      [
        -0.06617168896751115,
        -0.9978082451917315,
        0.00011578680512371216,
        -29.72356331319537
      ],
      [
        0.997565257890167,
        -0.06615813467299188,
        -0.022060314302269065,
        32.58786931520444
      ],
      [
        0.022019623741371886,
        -0.001344263362421771,
        0.9997566349498767,
        -0.3879694070363371
      ],
      [
        0.0,
        0.0,
        0.0,
        1.0
      ]
    ],
    "location": [
      -29.72356331319537,
      32.58786931520444,
      -0.3879694070363371
    ],
    "rotation": [
      -0.0013445897784728847,
      -0.022021403549582663,
      1.6370324853005296
    ]
  },
  {
    "label_id": "MfFBGlpuMxvaVLmCuq_KHg",
    "size": [
      2.0790977779697815,
      4.821764774800598,
      2.0
    ],
    "obj_class": "vehicle",
    "point_num_in_lidar": 864,
    "speed": 0.005040789108420024,
    "if_vehicle": true,
    "motion_state": false,
    "pose": [
      [
        0.999965898434483,
        0.008257636558546068,
        0.00011578680512371216,
        -15.121539720586327
      ],
      [
        -0.008253072842848952,
        0.9997225761787796,
        -0.022060314302269065,
        51.155907723623386
      ],
      [
        -0.0002979207409812229,
        0.022058606414078634,
        0.9997566349498767,
        0.1620305929631627
      ],
      [
        0.0,
        0.0,
        0.0,
        1.0
      ]
    ],
    "location": [
      -15.121539720586327,
      51.155907723623386,
      0.1620305929631627
    ],
    "rotation": [
      0.022060396672288235,
      0.0002979207453883034,
      -0.008253166902540444
    ]
  },
  {
    "label_id": "N12XykLHYSLLeFMBLVMMJw",
    "size": [
      0.29929945333189883,
      0.09497249704318644,
      0.3599999999999852
    ],
    "obj_class": "sign",
    "point_num_in_lidar": 23,
    "speed": 0.025397999440762264,
    "if_vehicle": false,
    "motion_state": false,
    "pose": [
      [
        -0.9999949130578302,
        -0.0031875463727683746,
        0.00011578680512371216,
        22.892601305622065
      ],
      [
        0.0031842163977555404,
        -0.9997515707908727,
        -0.022060314302269065,
        30.687035468448812
      ],
      [
        0.00018607631513561817,
        -0.022059833392482443,
        0.9997566349498767,
        0.478478671126112
      ],
      [
        0.0,
        0.0,
        0.0,
        1.0
      ]
    ],
    "location": [
      22.892601305622065,
      30.687035468448812,
      0.478478671126112
    ],
    "rotation": [
      -0.022061623352164057,
      -0.0001860763162094148,
      3.138408431755968
    ]
  },
  {
    "label_id": "SBu-nqQx6dSzud7GDxeaMg",
    "size": [
      2.089303728047522,
      4.607007212172799,
      1.5800000000000125
    ],
    "obj_class": "vehicle",
    "point_num_in_lidar": 265,
    "speed": 0.003987300040688171,
    "if_vehicle": true,
    "motion_state": false,
    "pose": [
      [
        0.9999999932967079,
        6.231157685514442e-17,
        0.00011578680512371216,
        -22.51276573328181
      ],
      [
        2.5542933300978624e-06,
        0.9997566416515374,
        -0.022060314302269065,
        44.54549318841964
      ],
      [
        -0.00011575862743804675,
        0.0220603144501458,
        0.9997566349498767,
        -0.24296940703646897
      ],
      [
        0.0,
        0.0,
        0.0,
        1.0
      ]
    ],
    "location": [
      -22.51276573328181,
      44.54549318841964,
      -0.24296940703646897
    ],
    "rotation": [
      0.02206210429276634,
      0.0001157586276965755,
      2.554293347214482e-06
    ]
  },
  {
    "label_id": "T029RyK_YRfegBz4vxVzTA",
    "size": [
      0.43458105744502745,
      0.07242949621070238,
      0.6800000000000068
    ],
    "obj_class": "sign",
    "point_num_in_lidar": 32,
    "speed": 0.015372968385454319,
    "if_vehicle": false,
    "motion_state": false,
    "pose": [
      [
        0.9999999932967079,
        -2.6514448085387613e-15,
        0.00011578680512371216,
        -22.07739793337828
      ],
      [
        2.5542933328521073e-06,
        0.9997566416515375,
        -0.022060314302269065,
        32.73551217547356
      ],
      [
        -0.00011575862743798624,
        0.0220603144501458,
        0.9997566349498767,
        1.3914191025993148
      ],
      [
        0.0,
        0.0,
        0.0,
        1.0
      ]
    ],
    "location": [
      -22.07739793337828,
      32.73551217547356,
      1.3914191025993148
    ],
    "rotation": [
      0.02206210429276634,
      0.00011575862769651499,
      2.5542933499687268e-06
    ]
  },
  {
    "label_id": "VwktFOlpSbn6bFT5_0tZdA",
    "size": [
      2.058998268865256,
      4.741440509841366,
      1.7700000000000102
    ],
    "obj_class": "vehicle",
    "point_num_in_lidar": 27,
    "speed": 0.023498952746793884,
    "if_vehicle": true,
    "motion_state": false,
    "pose": [
      [
        0.999999993296708,
        3.630112757710146e-15,
        0.00011578680512371216,
        -36.15422398648434
      ],
      [
        2.554293326573565e-06,
        0.9997566416515375,
        -0.022060314302269065,
        37.817806483482855
      ],
      [
        -0.00011575862743812512,
        0.0220603144501458,
        0.9997566349498767,
        -0.31234117802057426
      ],
      [
        0.0,
        0.0,
        0.0,
        1.0
      ]
    ],
    "location": [
      -36.15422398648434,
      37.817806483482855,
      -0.31234117802057426
    ],
    "rotation": [
      0.02206210429276634,
      0.00011575862769665388,
      2.554293343690184e-06
    ]
  },
  {
    "label_id": "WHju9fOcjusHm3P1uTtS6g",
    "size": [
      3.2310600574080675,
      10.43725668466636,
      4.17999999999995
    ],
    "obj_class": "vehicle",
    "point_num_in_lidar": 438,
    "speed": 3.1889868984728995,
    "if_vehicle": true,
    "motion_state": true,
    "pose": [
      [
        0.02646347309729007,
        -0.9996497742634891,
        0.00011578680512371216,
        11.531705029200111
      ],
      [
        0.9994065754401705,
        0.02645447976876368,
        -0.022060314302269065,
        -3.023122014328692
      ],
      [
        0.02204952513275126,
        0.0006995106284457096,
        0.9997566349498767,
        1.8281906210002603
      ],
      [
        0.0,
        0.0,
        0.0,
        1.0
      ]
    ],
    "location": [
      11.531705029200111,
      -3.023122014328692,
      1.8281906210002603
    ],
    "rotation": [
      0.0006996807921475325,
      -0.022051312202506196,
      1.544323326299372
    ]
  },
  {
    "label_id": "WKhKiEG1jQxE7N9ko5HnHA",
    "size": [
      3.1271789869504825,
      9.644629742415633,
      3.9199999999999875
    ],
    "obj_class": "vehicle",
    "point_num_in_lidar": 5515,
    "speed": 3.5934783143121303,
    "if_vehicle": true,
    "motion_state": true,
    "pose": [
      [
        -0.0779771481301937,
        0.9969551398949191,
        0.00011578680512371216,
        -2.846055373766717
      ],
      [
        -0.9967127283963491,
        -0.07795562574690189,
        -0.022060314302269065,
        26.356012522812307
      ],
      [
        -0.02198411749849789,
        -0.001835606578593818,
        0.9997566349498767,
        1.2354602665884897
      ],
      [
        0.0,
        0.0,
        0.0,
        1.0
      ]
    ],
    "location": [
      -2.846055373766717,
      26.356012522812307,
      1.2354602665884897
    ],
    "rotation": [
      -0.001836051346659706,
      0.021985888709613346,
      -1.6488716220881876
    ]
  },
  {
    "label_id": "XjlbPIQPt7PD7uTzPBTjrg",
    "size": [
      2.098954274992159,
      4.792414920455413,
      1.9000000000000057
    ],
    "obj_class": "vehicle",
    "point_num_in_lidar": 117,
    "speed": 16.011193676154026,
    "if_vehicle": true,
    "motion_state": true,
    "pose": [
      [
        -0.9999998764264647,
        0.0004834671354678108,
        0.00011578680512371216,
        -46.49596181149934
      ],
      [
        -0.0004859037759758975,
        -0.999756523574818,
        -0.022060314302269065,
        61.040486831379894
      ],
      [
        0.00010509317680308142,
        -0.022060367837443858,
        0.9997566349498767,
        -0.08575660714356559
      ],
      [
        0.0,
        0.0,
        0.0,
        1.0
      ]
    ],
    "location": [
      -46.49596181149934,
      61.040486831379894,
      -0.08575660714356559
    ],
    "rotation": [
      -0.02206215766707245,
      -0.00010509317699653301,
      -3.1411067497920135
    ]
  },
  {
    "label_id": "YjbB6crmRp1C_LmKYBIhvg",
    "size": [
      2.0289695349492827,
      4.760505423394875,
      1.3600000000000136
    ],
    "obj_class": "vehicle",
    "point_num_in_lidar": 48,
    "speed": 0.016335000307985948,
    "if_vehicle": true,
    "motion_state": false,
    "pose": [
      [
        0.999999993296708,
        1.8088455068890807e-15,
        0.00011578680512371216,
        -31.85099239020809
      ],
      [
        2.554293328391225e-06,
        0.9997566416515375,
        -0.022060314302269065,
        45.015964381373124
      ],
      [
        -0.00011575862743808593,
        0.0220603144501458,
        0.9997566349498767,
        -0.2611796410151328
      ],
      [
        0.0,
        0.0,
        0.0,
        1.0
      ]
    ],
    "location": [
      -31.85099239020809,
      45.015964381373124,
      -0.2611796410151328
    ],
    "rotation": [
      0.02206210429276634,
      0.00011575862769661468,
      2.554293345507844e-06
    ]
  },
  {
    "label_id": "c8mWTSp8LrWSFDmHyrNTcw",
    "size": [
      2.1407561516240423,
      4.830876528431807,
      1.5200000000000102
    ],
    "obj_class": "vehicle",
    "point_num_in_lidar": 1800,
    "speed": 0.012632435330027886,
    "if_vehicle": true,
    "motion_state": false,
    "pose": [
      [
        0.01487643133481158,
        -0.9998893330684934,
        0.00011578680512371216,
        8.64821736759228
      ],
      [
        0.9996460463514413,
        0.014870257120076197,
        -0.022060314302269065,
        27.347724684230343
      ],
      [
        0.02205615117541386,
        0.00044392457290365236,
        0.9997566349498767,
        0.16909165883595279
      ],
      [
        0.0,
        0.0,
        0.0,
        1.0
      ]
    ],
    "location": [
      8.64821736759228,
      27.347724684230343,
      0.16909165883595279
    ],
    "rotation": [
      0.0004440326057455495,
      -0.02205793985697068,
      1.5559157264741517
    ]
  },
  {
    "label_id": "gSeI0P9RmRxi0sh-bR19Fg",
    "size": [
      3.018140327584928,
      10.899184640474555,
      4.0099999999999625
    ],
    "obj_class": "vehicle",
    "point_num_in_lidar": 5241,
    "speed": 0.48232136727460284,
    "if_vehicle": true,
    "motion_state": false,
    "pose": [
      [
        0.051769991660630336,
        -0.9986590281757202,
        0.00011578680512371216,
        11.7813981985704
      ],
      [
        0.9984161350923657,
        0.051754842479792944,
        -0.022060314302269065,
        23.817193460123235
      ],
      [
        0.022024739514494553,
        0.0012576657019256652,
        0.9997566349498767,
        1.368172587855554
      ],
      [
        0.0,
        0.0,
        0.0,
        1.0
      ]
    ],
    "location": [
      11.7813981985704,
      23.817193460123235,
      1.368172587855554
    ],
    "rotation": [
      0.001257971184730926,
      -0.02202652056367156,
      1.5189906041591366
    ]
  },
  {
    "label_id": "hZF2QD_4uBAhH55xdwQHPw",
    "size": [
      2.7227616780910555,
      6.1603544370873085,
      2.4499999999999886
    ],
    "obj_class": "vehicle",
    "point_num_in_lidar": 114,
    "speed": 0.08723356735385655,
    "if_vehicle": true,
    "motion_state": false,
    "pose": [
      [
        0.9999999932967079,
        6.231157685514442e-17,
        0.00011578680512371216,
        -48.81274477937404
      ],
      [
        2.5542933300978624e-06,
        0.9997566416515374,
        -0.022060314302269065,
        44.65917591424477
      ],
      [
        -0.00011575862743804675,
        0.0220603144501458,
        0.9997566349498767,
        0.2657123365840164
      ],
      [
        0.0,
        0.0,
        0.0,
        1.0
      ]
    ],
    "location": [
      -48.81274477937404,
      44.65917591424477,
      0.2657123365840164
    ],
    "rotation": [
      0.02206210429276634,
      0.0001157586276965755,
      2.554293347214482e-06
    ]
  },
  {
    "label_id": "iZ_A_Hu4rrUZSIH7_2d-_w",
    "size": [
      2.7225078897012414,
      9.16070932312228,
      3.4399999999999693
    ],
    "obj_class": "vehicle",
    "point_num_in_lidar": 30,
    "speed": 2.4100387784397395,
    "if_vehicle": true,
    "motion_state": true,
    "pose": [
      [
        0.9999965274553382,
        0.002632806616681942,
        0.00011578680512371216,
        -71.7527765742293
      ],
      [
        -0.002629611634378636,
        0.9997531833785465,
        -0.022060314302269065,
        44.812676818564796
      ],
      [
        -0.00017383876847676052,
        0.022059933222512536,
        0.9997566349498767,
        0.7571359751628961
      ],
      [
        0.0,
        0.0,
        0.0,
        1.0
      ]
    ],
    "location": [
      -71.7527765742293,
      44.812676818564796,
      0.7571359751628961
    ],
    "rotation": [
      0.022061723157902245,
      0.00017383876935232607,
      -0.002629614704686416
    ]
  },
  {
    "label_id": "qkmrz-gkat-9LhZ2vn-TvQ",
    "size": [
      2.315441994564029,
      4.973904103928079,
      1.8600000000000136
    ],
    "obj_class": "vehicle",
    "point_num_in_lidar": 146,
    "speed": 0.13817128281543775,
    "if_vehicle": true,
    "motion_state": false,
    "pose": [
      [
        0.9999999932967079,
        6.231157685514442e-17,
        0.00011578680512371216,
        -26.596522371132096
      ],
      [
        2.5542933300978624e-06,
        0.9997566416515374,
        -0.022060314302269065,
        37.59980648569035
      ],
      [
        -0.00011575862743804675,
        0.0220603144501458,
        0.9997566349498767,
        -0.20796940703630185
      ],
      [
        0.0,
        0.0,
        0.0,
        1.0
      ]
    ],
    "location": [
      -26.596522371132096,
      37.59980648569035,
      -0.20796940703630185
    ],
    "rotation": [
      0.02206210429276634,
      0.0001157586276965755,
      2.554293347214482e-06
    ]
  },
  {
    "label_id": "uEKUg6y3uDGTsgLjXlD1EQ",
    "size": [
      2.1806642090137185,
      4.893024923547331,
      1.8199999999999932
    ],
    "obj_class": "vehicle",
    "point_num_in_lidar": 39,
    "speed": 4.88359775909182,
    "if_vehicle": true,
    "motion_state": true,
    "pose": [
      [
        0.09278295077618366,
        -0.9956863515378124,
        0.00011578680512371216,
        10.39774102582976
      ],
      [
        0.9954442866193416,
        0.09275782861729338,
        -0.022060314302269065,
        -17.39265866085225
      ],
      [
        0.021954413728777898,
        0.002162080369640878,
        0.9997566349498767,
        1.0307107438052014
      ],
      [
        0.0,
        0.0,
        0.0,
        1.0
      ]
    ],
    "location": [
      10.39774102582976,
      -17.39265866085225,
      1.0307107438052014
    ],
    "rotation": [
      0.00216260330112322,
      -0.021956177769054504,
      1.4778572690581413
    ]
  },
  {
    "label_id": "vmp0DDYMcgxMY4-o6NBGbA",
    "size": [
      0.8965980705395744,
      0.954150722206018,
      1.8899999999999864
    ],
    "obj_class": "pedestrian",
    "point_num_in_lidar": 30,
    "speed": 0.7130514740907092,
    "if_vehicle": false,
    "motion_state": false,
    "pose": [
      [
        -0.12032410240774274,
        -0.9927346558739586,
        0.00011578680512371216,
        -5.4791924837730335
      ],
      [
        0.9924927649175602,
        -0.120297357074799,
        -0.022060314302269065,
        -14.15417148011693
      ],
      [
        0.021913967373974965,
        -0.0025394699508950102,
        0.9997566349498767,
        1.1409494636804425
      ],
      [
        0.0,
        0.0,
        0.0,
        1.0
      ]
    ],
    "location": [
      -5.4791924837730335,
      -14.15417148011693,
      1.1409494636804425
    ],
    "rotation": [
      -0.002540082656665496,
      -0.021915721681189777,
      1.6914417902063785
    ]
  },
  {
    "label_id": "zqDKarYYvCT0KnxA5zho_Q",
    "size": [
      1.9985473231645285,
      4.637057661683984,
      1.5900000000000034
    ],
    "obj_class": "vehicle",
    "point_num_in_lidar": 36,
    "speed": 0.14900970808990796,
    "if_vehicle": true,
    "motion_state": false,
    "pose": [
      [
        0.999999993296708,
        3.630112757710146e-15,
        0.00011578680512371216,
        -40.54453448407605
      ],
      [
        2.554293326573565e-06,
        0.9997566416515375,
        -0.022060314302269065,
        44.95323079476839
      ],
      [
        -0.00011575862743812512,
        0.0220603144501458,
        0.9997566349498767,
        -0.17680937899791616
      ],
      [
        0.0,
        0.0,
        0.0,
        1.0
      ]
    ],
    "location": [
      -40.54453448407605,
      44.95323079476839,
      -0.17680937899791616
    ],
    "rotation": [
      0.02206210429276634,
      0.00011575862769665388,
      2.554293343690184e-06
    ]
  }
]