[
  {
    "label_id": "1_4ZBy1m-wCtaSSd8Ksj0A",
    "size": [
      1.9620133201232717,
      4.630825083069572,
      1.6299999999999955
    ],
    "obj_class": "vehicle",
    "point_num_in_lidar": 50,
    "speed": 8.478069151067812,
    "if_vehicle": true,
    "motion_state": true,
    "pose": [
      [
        -0.0261939220244331,
        0.9995203747343002,
        -0.016519653143506063,
        -0.7702076700181806
      ],
      [
        -0.9994520477210835,
        -0.025850462763207245,
        0.020672636045286328,
        -38.895244405668564
      ],
      [
        0.02023568024828309,
        0.017052098578528886,
        0.9996498102730562,
        2.102015649134785
      ],
      [
        0.0,
        0.0,
        0.0,
        1.0
      ]
    ],
    "location": [
      -0.7702076700181806,
      -38.895244405668564,
      2.102015649134785
    ],
    "rotation": [
      0.017056417922037905,
      -0.020237061529839773,
      -1.5969986115826047
    ]
  },
  {
    "label_id": "EeFaWFjuMPt_17dy4Of2rA",
    "size": [
      2.5123438266062044,
      2.9421579336446992,
      4.109999999999985
    ],
    "obj_class": "vehicle",
    "point_num_in_lidar": 1885,
    "speed": 4.83363051614913,
    "if_vehicle": true,
    "motion_state": true,
    "pose": [
      [
        0.007994279614425956,
        0.9998315820944367,
        -0.016519653143506063,
        -3.177390218246387
      ],
      [
        -0.9997515523999312,
        0.00833520202913974,
        0.020672636045286328,
        6.1920847886704
      ],
      [
        0.020806849049623547,
        0.016350286042415313,
        0.9996498102730562,
        1.7503639792586512
      ],
      [
        0.0,
        0.0,
        0.0,
        1.0
      ]
    ],
    "location": [
      -3.177390218246387,
      6.1920847886704,
      1.7503639792586512
    ],
    "rotation": [
      0.016354555468641143,
      -0.02080835064291769,
      -1.5628002309485882
    ]
  },
  {
    "label_id": "HJX9xEjYqIUiksAPsIux4g",
    "size": [
      1.934809724670351,
      4.492646533559332,
      1.6100000000000136
    ],
    "obj_class": "vehicle",
    "point_num_in_lidar": 2346,
    "speed": 0.16556253065803436,
    "if_vehicle": true,
    "motion_state": false,
    "pose": [
      [
        0.012923637430360957,
        -0.999780016131342,
        -0.016519653143506063,
        11.208909169639298
      ],
      [
        0.9997071359420993,
        0.012581115426873827,
        0.020672636045286328,
        13.798300621292583
      ],
      [
        -0.020460252735823362,
        -0.016781980783830436,
        0.9996498102730562,
        0.4215637333404345
      ],
      [
        0.0,
        0.0,
        0.0,
        1.0
      ]
    ],
    "location": [
      11.208909169639298,
      13.798300621292583,
      0.4215637333404345
    ],
    "rotation": [
      -0.01678628286647515,
      0.020461680523261864,
      1.5578696234508955
    ]
  },
  {
    "label_id": "HS59FNaZnMQl80b3j8UCng",
    "size": [
      2.299530825323497,
      5.110397286919652,
      1.960000000000008
    ],
    "obj_class": "vehicle",
    "point_num_in_lidar": 155,
    "speed": 1.367199553631401,
    "if_vehicle": true,
    "motion_state": true,
    "pose": [
      [
        0.07329149931502149,
        -0.9971737347063321,
        -0.016519653143506063,
        8.421580777335066
      ],
      [
        0.997121677554429,
        0.07294520045883991,
        0.020672636045286328,
        -34.74303799412701
      ],
      [
        -0.019409180281439353,
        -0.017987232745622857,
        0.9996498102730562,
        2.0274040441581462
      ],
      [
        0.0,
        0.0,
        0.0,
        1.0
      ]
    ],
    "location": [
      8.421580777335066,
      -34.74303799412701,
      2.0274040441581462
    ],
    "rotation": [
      -0.01799159236775794,
      0.019410399113766266,
      1.4974252061914992
    ]
  },
  {
    "label_id": "WHju9fOcjusHm3P1uTtS6g",
    "size": [
      3.231060057407091,
      10.43725668466636,
      4.17999999999995
    ],
    "obj_class": "vehicle",
    "point_num_in_lidar": 6826,
    "speed": 2.847716647714797e-13,
    "if_vehicle": true,
    "motion_state": false,
    "pose": [
      [
        0.009893239145705566,
        -0.9998145952521517,
        -0.016519653143506063,
        11.529452536039457
      ],
      [
        0.9997406772115423,
        0.009550939615864543,
        0.020672636045286328,
        2.4113337724320445
      ],
      [
        -0.02051102503076434,
        -0.016719888553156686,
        0.9996498102730562,
        1.8181906210003262
      ],
      [
        0.0,
        0.0,
        0.0,
        1.0
      ]
    ],
    "location": [
      11.529452536039457,
      2.4113337724320445,
      1.8181906210003262
    ],
    "rotation": [
      -0.016724186320259217,
      0.020512463475148856,
      1.5609008444444314
    ]
  },
  {
    "label_id": "WKhKiEG1jQxE7N9ko5HnHA",
    "size": [
      3.1271789869499393,
      9.644629742415633,
      3.9199999999999875
    ],
    "obj_class": "vehicle",
    "point_num_in_lidar": 2755,
    "speed": 4.836081630969965,
    "if_vehicle": true,
    "motion_state": true,
    "pose": [
      [
        0.002279065358616825,
        0.9998609437922401,
        -0.016519653143506063,
        -3.0855273996863843
      ],
      [
        -0.9997828641334786,
        0.0026204396572167884,
        0.020672636045286328,
        -0.14493713474439573
      ],
      [
        0.02071305014113418,
        0.016468951845624014,
        0.9996498102730562,
        1.7294586751721113
      ],
      [
        0.0,
        0.0,
        0.0,
        1.0
      ]
    ],
    "location": [
      -3.0855273996863843,
      -0.14493713474439573,
      1.7294586751721113
    ],
    "rotation": [
      0.01647323086303262,
      -0.02071453151534212,
      -1.5685167704104581
    ]
  },
  {
    "label_id": "WkaPV3nHauk6ZFYDD2hSzw",
    "size": [
      0.9737357452728257,
      0.10007973052051267,
      0.8571206859613767
    ],
    "obj_class": "sign",
    "point_num_in_lidar": 80,
    "speed": 0.013483014989047205,
    "if_vehicle": false,
    "motion_state": false,
    "pose": [
      [
        -0.12402057849093209,
        0.9921421254894848,
        -0.016519653143506063,
        14.321786563276873
      ],
      [
        -0.9921077862927019,
        -0.12367207646163926,
        0.020672636045286328,
        13.2668127113011
      ],
      [
        0.018467173258757474,
        0.018953108791795983,
        0.9996498102730562,
        2.159355435891399
      ],
      [
        0.0,
        0.0,
        0.0,
        1.0
      ]
    ],
    "location": [
      14.321786563276873,
      13.2668127113011,
      2.159355435891399
    ],
    "rotation": [
      0.01895747695751495,
      -0.01846822308319735,
      -1.6951583728812571
    ]
  },
  {
    "label_id": "gSeI0P9RmRxi0sh-bR19Fg",
    "size": [
      3.018140327584927,
      10.899184640474555,
      4.0099999999999625
    ],
    "obj_class": "vehicle",
    "point_num_in_lidar": 13817,
    "speed": 1.7934686691194057,
    "if_vehicle": true,
    "motion_state": true,
    "pose": [
      [
        0.051762927537684224,
        -0.9985227590759995,
        -0.016519653143506063,
        11.850469591826709
      ],
      [
        0.9984632435114438,
        0.051417832271949473,
        0.020672636045286328,
        26.21189924535065
      ],
      [
        -0.019792692826789686,
        -0.01756434262097416,
        0.9996498102730562,
        1.2581725878557108
      ],
      [
        0.0,
        0.0,
        0.0,
        1.0
      ]
    ],
    "location": [
      11.850469591826709,
      26.21189924535065,
      1.2581725878557108
    ],
    "rotation": [
      -0.017568687828188705,
      0.019793985354836043,
      1.519000100059131
    ]
  },
  {
    "label_id": "uEKUg6y3uDGTsgLjXlD1EQ",
    "size": [
      2.180664209012694,
      4.893024923547331,
      1.8199999999999932
    ],
    "obj_class": "vehicle",
    "point_num_in_lidar": 338,
    "speed": 0.08703481065784953,
    "if_vehicle": true,
    "motion_state": false,
    "pose": [
      [
        0.07924043436670708,
        -0.9967186436609851,
        -0.016519653143506063,
        11.283744199081696
      ],
      [
        0.9966686538373372,
        0.07889383104533151,
        0.020672636045286328,
        -7.9501007024045975
      ],
      [
        -0.019301503035923734,
        -0.01810272912013126,
        0.9996498102730562,
        0.7807107438054857
      ],
      [
        0.0,
        0.0,
        0.0,
        1.0
      ]
    ],
    "location": [
      11.283744199081696,
      -7.9501007024045975,
      0.7807107438054857
    ],
    "rotation": [
      -0.018107091566592546,
      0.019302701693006796,
      1.491457920367503
    ]
  },
  {
    "label_id": "xBOeeizcDX75aMoJsrC9rw",
    "size": [
      2.1987290660098906,
      4.698014836784155,
      2.1100000000000136
    ],
    "obj_class": "vehicle",
    "point_num_in_lidar": 221,
    "speed": 1.9754009253310005,
    "if_vehicle": true,
    "motion_state": true,
    "pose": [
      [
        0.0286289380810524,
        -0.9994535932019901,
        -0.016519653143506063,
        11.830958828738346
      ],
      [
        0.9993861031483916,
        0.028285313376582282,
        0.020672636045286328,
        -28.76079918650794
      ],
      [
        -0.020194076810381892,
        -0.017101347397764238,
        0.9996498102730562,
        1.8126116115935247
      ],
      [
        0.0,
        0.0,
        0.0,
        1.0
      ]
    ],
    "location": [
      11.830958828738346,
      -28.76079918650794,
      1.8126116115935247
    ],
    "rotation": [
      -0.017105669621162976,
      0.020195449588887693,
      1.5421576348490287
    ]
  },
  {
    "label_id": "xtJIQ43inVnI9UjifhxpOw",
    "size": [
      2.12303383891938,
      4.519668445347049,
      1.509999999999991
    ],
    "obj_class": "vehicle",
    "point_num_in_lidar": 140,
    "speed": 0.6079247107609622,
    "if_vehicle": true,
    "motion_state": false,
    "pose": [
      [
        0.07841255753917188,
        -0.9967841149818671,
        -0.016519653143506063,
        11.2968282946552
      ],
      [
        0.9967338372954405,
        0.07806599585764246,
        0.020672636045286328,
        -15.011879288287673
      ],
      [
        -0.019316532050872345,
        -0.01808669153190386,
        0.9996498102730562,
        0.8441034690782487
      ],
      [
        0.0,
        0.0,
        0.0,
        1.0
      ]
    ],
    "location": [
      11.2968282946552,
      -15.011879288287673,
      0.8441034690782487
    ],
    "rotation": [
      -0.018091053615001858,
      0.019317733510434358,
      1.492288514188864
    ]
  }
]