[
  {
    "label_id": "0TTUJAOkghTqJ3kT1-uk4g",
    "size": [
      2.2870435115410515,
      4.8276475017163385,
      1.5600000000000023
    ],
    "obj_class": "vehicle",
    "point_num_in_lidar": 1061,
    "speed": 0.04914429229974305,
    "if_vehicle": true,
    "motion_state": false,
    "pose": [
      [
        0.999788691368912,
        -0.018721279031815752,
        0.008490366437960598,
        -16.155707906565794
      ],
      [
        0.01809419461114856,
        0.997471037293635,
        0.06873230595384922,
        41.61951503262935
      ],
      [
        -0.009755651296137768,
        -0.06856415588171819,
        0.9975990095203662,
        -0.2866127499350739
      ],
      [
        0.0,
        0.0,
        0.0,
        1.0
      ]
    ],
    "location": [
      -16.155707906565794,
      41.61951503262935,
      -0.2866127499350739
    ],
    "rotation": [
      -0.06862126100684174,
      0.009755806048096928,
      0.018096043335599075
    ]
  },
  {
    "label_id": "1_4ZBy1m-wCtaSSd8Ksj0A",
    "size": [
      1.9620133201232521,
      4.630825083069572,
      1.6299999999999955
    ],
    "obj_class": "vehicle",
    "point_num_in_lidar": 114,
    "speed": 8.601899798311091,
    "if_vehicle": true,
    "motion_state": true,
    "pose": [
      [
        -0.01807374726130351,
        0.9998006067900156,
        0.008490366437960598,
        0.29951903999358365
      ],
      [
        -0.9974614512187064,
        -0.01861514036848644,
        0.06873230595384922,
        -0.28661724716221215
      ],
      [
        0.06887665056175798,
        -0.007226562902090328,
        0.9975990095203662,
        0.5820305929626102
      ],
      [
        0.0,
        0.0,
        0.0,
        1.0
      ]
    ],
    "location": [
      0.29951903999358365,
      -0.28661724716221215,
      0.5820305929626102
    ],
    "rotation": [
      -0.007243828865842987,
      -0.06893122553998227,
      -1.5889140892475573
    ]
  },
  {
    "label_id": "C06qYvS2D3ctsdIQfPd88g",
    "size": [
      2.125840092292491,
      4.799342205057069,
      1.75
    ],
    "obj_class": "vehicle",
    "point_num_in_lidar": 841,
    "speed": 0.031677192458943834,
    "if_vehicle": true,
    "motion_state": false,
    "pose": [
      [
        0.9999639561892962,
        9.251872558091493e-17,
        0.008490366437960598,
        -17.768507730877843
      ],
      [
        -0.0005835834982473553,
        0.997634968086307,
        0.06873230595384922,
        37.69503572573012
      ],
      [
        -0.008470286450375874,
        -0.06873478341737146,
        0.9975990095203662,
        -0.25817309379704056
      ],
      [
        0.0,
        0.0,
        0.0,
        1.0
      ]
    ],
    "location": [
      -17.768507730877843,
      37.69503572573012,
      -0.25817309379704056
    ],
    "rotation": [
      -0.06879149307567964,
      0.008470387738158662,
      -0.0005836044673212532
    ]
  },
  {
    "label_id": "EH0YitwejPPhshjpOdSLLA",
    "size": [
      2.0037203302381377,
      4.245259448762596,
      1.4399999999999977
    ],
    "obj_class": "vehicle",
    "point_num_in_lidar": 988,
    "speed": 0.05327187513605346,
    "if_vehicle": true,
    "motion_state": false,
    "pose": [
      [
        0.9999639561892962,
        9.251872558091493e-17,
        0.008490366437960598,
        -16.118311068448463
      ],
      [
        -0.0005835834982473553,
        0.997634968086307,
        0.06873230595384922,
        44.85579814450102
      ],
      [
        -0.008470286450375874,
        -0.06873478341737146,
        0.9975990095203662,
        -0.2599929910311971
      ],
      [
        0.0,
        0.0,
        0.0,
        1.0
      ]
    ],
    "location": [
      -16.118311068448463,
      44.85579814450102,
      -0.2599929910311971
    ],
    "rotation": [
      -0.06879149307567964,
      0.008470387738158662,
      -0.0005836044673212532
    ]
  },
  {
    "label_id": "EeFaWFjuMPt_17dy4Of2rA",
    "size": [
      2.5123438266038276,
      2.9421579336446992,
      4.109999999999985
    ],
    "obj_class": "vehicle",
    "point_num_in_lidar": 3772,
    "speed": 4.114830082156426,
    "if_vehicle": true,
    "motion_state": true,
    "pose": [
      [
        -0.020715386041432464,
        0.999749361819703,
        0.008490366437960598,
        -2.925829504577223
      ],
      [
        -0.9974087839292537,
        -0.021250596674765147,
        0.06873230595384922,
        25.699833796126768
      ],
      [
        0.0688955043665514,
        -0.007044549812648204,
        0.9975990095203662,
        1.3494937273010237
      ],
      [
        0.0,
        0.0,
        0.0,
        1.0
      ]
    ],
    "location": [
      -2.925829504577223,
      25.699833796126768,
      1.3494937273010237
    ],
    "rotation": [
      -0.0070613870474312435,
      -0.06895012423801432,
      -1.5915625447697108
    ]
  },
  {
    "label_id": "HJX9xEjYqIUiksAPsIux4g",
    "size": [
      1.9348097246698273,
      4.492646533559332,
      1.6100000000000136
    ],
    "obj_class": "vehicle",
    "point_num_in_lidar": 432,
    "speed": 0.8792009460601802,
    "if_vehicle": true,
    "motion_state": false,
    "pose": [
      [
        0.029828114024478585,
        -0.999518982957048,
        0.008490366437960598,
        11.216063786077768
      ],
      [
        0.9971736234062049,
        0.030341966007603215,
        0.06873230595384922,
        12.69105724268411
      ],
      [
        -0.06895685895313673,
        0.006416214405830849,
        0.9975990095203662,
        0.4215637333404061
      ],
      [
        0.0,
        0.0,
        0.0,
        1.0
      ]
    ],
    "location": [
      11.216063786077768,
      12.69105724268411,
      0.4215637333404061
    ],
    "rotation": [
      0.006431568070244591,
      0.06901162508822328,
      1.5408925851673274
    ]
  },
  {
    "label_id": "JOJCszo35poBUv2sXBvEmg",
    "size": [
      0.6920336665746655,
      0.6965462230006415,
      1.25
    ],
    "obj_class": "pedestrian",
    "point_num_in_lidar": 25,
    "speed": 0.0,
    "if_vehicle": false,
    "motion_state": false,
    "pose": [
      [
        -0.06616930433123216,
        -0.9977722870685825,
        0.008490366437960598,
        -29.723563313195427
      ],
      [
        0.9954870202268801,
        -0.06543288682362672,
        0.06873230595384922,
        32.58786931520444
      ],
      [
        -0.0680236409208435,
        0.013000018456007323,
        0.9975990095203662,
        -0.3879694070364508
      ],
      [
        0.0,
        0.0,
        0.0,
        1.0
      ]
    ],
    "location": [
      -29.723563313195427,
      32.58786931520444,
      -0.3879694070364508
    ],
    "rotation": [
      0.013030568937113069,
      0.0680762104675084,
      1.637167973571656
    ]
  },
  {
    "label_id": "MfFBGlpuMxvaVLmCuq_KHg",
    "size": [
      2.0790977779697815,
      4.821764774800598,
      2.0
    ],
    "obj_class": "vehicle",
    "point_num_in_lidar": 1495,
    "speed": 0.010688807232244428,
    "if_vehicle": true,
    "motion_state": false,
    "pose": [
      [
        0.9999298625557517,
        0.008257338977208527,
        0.008490366437960598,
        -15.128833498333222
      ],
      [
        -0.00882167064082412,
        0.997596134838829,
        0.06873230595384922,
        51.15054932380008
      ],
      [
        -0.007902410792928674,
        -0.06880238446190792,
        0.9975990095203662,
        0.16203059296327638
      ],
      [
        0.0,
        0.0,
        0.0,
        1.0
      ]
    ],
    "location": [
      -15.128833498333222,
      51.15054932380008,
      0.16203059296327638
    ],
    "rotation": [
      -0.06885893633603896,
      0.007902493043658495,
      -0.008822060536543188
    ]
  },
  {
    "label_id": "N12XykLHYSLLeFMBLVMMJw",
    "size": [
      0.29929945333190033,
      0.09497249704318644,
      0.3599999999999852
    ],
    "obj_class": "sign",
    "point_num_in_lidar": 21,
    "speed": 0.004142534195456744,
    "if_vehicle": false,
    "motion_state": false,
    "pose": [
      [
        -0.9999588761334957,
        -0.00318743150283748,
        0.008490366437960598,
        22.93606912483824
      ],
      [
        0.0037635882787114363,
        -0.9976280396628469,
        0.06873230595384922,
        30.673251600936055
      ],
      [
        0.008251148108261908,
        0.06876143365928251,
        0.9975990095203662,
        0.41526658364952596
      ],
      [
        0.0,
        0.0,
        0.0,
        1.0
      ]
    ],
    "location": [
      22.93606912483824,
      30.673251600936055,
      0.41526658364952596
    ],
    "rotation": [
      0.06881808118948748,
      -0.008251241736144879,
      3.1378289283033594
    ]
  },
  {
    "label_id": "SBu-nqQx6dSzud7GDxeaMg",
    "size": [
      2.0893037280475273,
      4.607007212172799,
      1.5800000000000125
    ],
    "obj_class": "vehicle",
    "point_num_in_lidar": 221,
    "speed": 0.012505265913726984,
    "if_vehicle": true,
    "motion_state": false,
    "pose": [
      [
        0.9999639561892963,
        -1.7272172683455496e-15,
        0.008490366437960598,
        -22.51470361256213
      ],
      [
        -0.0005835834982456105,
        0.9976349680863071,
        0.06873230595384922,
        44.5385171195303
      ],
      [
        -0.008470286450375997,
        -0.06873478341737145,
        0.9975990095203662,
        -0.2392224067154416
      ],
      [
        0.0,
        0.0,
        0.0,
        1.0
      ]
    ],
    "location": [
      -22.51470361256213,
      44.5385171195303,
      -0.2392224067154416
    ],
    "rotation": [
      -0.06879149307567962,
      0.008470387738158785,
      -0.0005836044673195083
    ]
  },
  {
    "label_id": "T029RyK_YRfegBz4vxVzTA",
    "size": [
      0.4345810574450307,
      0.07242949621070238,
      0.6800000000000068
    ],
    "obj_class": "sign",
    "point_num_in_lidar": 56,
    "speed": 0.013122963077994895,
    "if_vehicle": false,
    "motion_state": false,
    "pose": [
      [
        0.9999639561892963,
        -1.7272172683455496e-15,
        0.008490366437960598,
        -22.05765886588796
      ],
      [
        -0.0005835834982456105,
        0.9976349680863071,
        0.06873230595384922,
        32.72417732080612
      ],
      [
        -0.008470286450375997,
        -0.06873478341737145,
        0.9975990095203662,
        1.391419102599201
      ],
      [
        0.0,
        0.0,
        0.0,
        1.0
      ]
    ],
    "location": [
      -22.05765886588796,
      32.72417732080612,
      1.391419102599201
    ],
    "rotation": [
      -0.06879149307567962,
      0.008470387738158785,
      -0.0005836044673195083
    ]
  },
  {
    "label_id": "VwktFOlpSbn6bFT5_0tZdA",
    "size": [
      2.05899826886525,
      4.741440509841366,
      1.7700000000000102
    ],
    "obj_class": "vehicle",
    "point_num_in_lidar": 26,
    "speed": 0.02349895274663741,
    "if_vehicle": true,
    "motion_state": false,
    "pose": [
      [
        0.9999639561892963,
        -8.451048469979463e-16,
        0.008490366437960598,
        -36.11204505811236
      ],
      [
        -0.0005835834982464551,
        0.997634968086307,
        0.06873230595384922,
        37.818827705317744
      ],
      [
        -0.008470286450375935,
        -0.06873478341737146,
        0.9975990095203662,
        -0.3277140369432914
      ],
      [
        0.0,
        0.0,
        0.0,
        1.0
      ]
    ],
    "location": [
      -36.11204505811236,
      37.818827705317744,
      -0.3277140369432914
    ],
    "rotation": [
      -0.06879149307567964,
      0.008470387738158723,
      -0.0005836044673203529
    ]
  },
  {
    "label_id": "WHju9fOcjusHm3P1uTtS6g",
    "size": [
      3.231060057407342,
      10.43725668466636,
      4.17999999999995
    ],
    "obj_class": "vehicle",
    "point_num_in_lidar": 1647,
    "speed": 1.2933822513365587,
    "if_vehicle": true,
    "motion_state": true,
    "pose": [
      [
        -0.000674364340522035,
        -0.9999637287974426,
        0.008490366437960598,
        11.637417145566644
      ],
      [
        0.9976351347861516,
        -8.921033184351726e-05,
        0.06873230595384922,
        0.899068308302958
      ],
      [
        -0.06872905552205033,
        0.008516638481895773,
        0.9975990095203662,
        1.8221886949089594
      ],
      [
        0.0,
        0.0,
        0.0,
        1.0
      ]
    ],
    "location": [
      11.637417145566644,
      0.899068308302958,
      1.8221886949089594
    ],
    "rotation": [
      0.008536928670225414,
      0.06878327990981434,
      1.5714722895936157
    ]
  },
  {
    "label_id": "WKhKiEG1jQxE7N9ko5HnHA",
    "size": [
      3.127178986950636,
      9.644629742415633,
      3.9199999999999875
    ],
    "obj_class": "vehicle",
    "point_num_in_lidar": 4720,
    "speed": 4.121380603034162,
    "if_vehicle": true,
    "motion_state": true,
    "pose": [
      [
        0.0037960849204765664,
        0.999956750773265,
        0.008490366437960598,
        -3.1755265128632004
      ],
      [
        -0.9976299948645782,
        0.003203664272048862,
        0.06873230595384922,
        19.431508770512664
      ],
      [
        0.0687021330511511,
        -0.008731157896082016,
        0.9975990095203662,
        1.3361319083598744
      ],
      [
        0.0,
        0.0,
        0.0,
        1.0
      ]
    ],
    "location": [
      -3.1755265128632004,
      19.431508770512664,
      1.3361319083598744
    ],
    "rotation": [
      -0.008751948313855902,
      -0.06875629365122467,
      -1.566991242124982
    ]
  },
  {
    "label_id": "YjbB6crmRp1C_LmKYBIhvg",
    "size": [
      2.028969534949285,
      4.760505423394875,
      1.3600000000000136
    ],
    "obj_class": "vehicle",
    "point_num_in_lidar": 215,
    "speed": 0.016335000307506044,
    "if_vehicle": true,
    "motion_state": false,
    "pose": [
      [
        0.9999639561892963,
        -1.7272172683455496e-15,
        0.008490366437960598,
        -31.87827114287404
      ],
      [
        -0.0005835834982456105,
        0.9976349680863071,
        0.06873230595384922,
        45.02673678888277
      ],
      [
        -0.008470286450375997,
        -0.06873478341737145,
        0.9975990095203662,
        -0.2611796410151612
      ],
      [
        0.0,
        0.0,
        0.0,
        1.0
      ]
    ],
    "location": [
      -31.87827114287404,
      45.02673678888277,
      -0.2611796410151612
    ],
    "rotation": [
      -0.06879149307567962,
      0.008470387738158785,
      -0.0005836044673195083
    ]
  },
  {
    "label_id": "c8mWTSp8LrWSFDmHyrNTcw",
    "size": [
      2.140756151624045,
      4.830876528431807,
      1.5200000000000102
    ],
    "obj_class": "vehicle",
    "point_num_in_lidar": 3299,
    "speed": 0.00887252077580893,
    "if_vehicle": true,
    "motion_state": false,
    "pose": [
      [
        0.014875895231254087,
        -0.9998532999489563,
        0.008490366437960598,
        8.64752387880975
      ],
      [
        0.9975158879324258,
        0.015424767118191868,
        0.06873230595384922,
        27.35121534598511
      ],
      [
        -0.0688531848461111,
        0.007446820833861975,
        0.9975990095203662,
        0.16216825376352517
      ],
      [
        0.0,
        0.0,
        0.0,
        1.0
      ]
    ],
    "location": [
      8.64752387880975,
      27.35121534598511,
      0.16216825376352517
    ],
    "rotation": [
      0.0074646049657070175,
      0.06890770398401044,
      1.5558844915254386
    ]
  },
  {
    "label_id": "gSeI0P9RmRxi0sh-bR19Fg",
    "size": [
      3.0181403275849275,
      10.899184640474555,
      4.0099999999999625
    ],
    "obj_class": "vehicle",
    "point_num_in_lidar": 10581,
    "speed": 0.10996624706697251,
    "if_vehicle": true,
    "motion_state": false,
    "pose": [
      [
        0.051768126019868195,
        -0.9986230393928132,
        0.008490366437960598,
        11.8246562284437
      ],
      [
        0.996266962268618,
        0.0522303552575162,
        0.06873230595384922,
        24.3819987023453
      ],
      [
        -0.06908111913143083,
        0.004900528903439437,
        0.9975990095203662,
        1.258172587855512
      ],
      [
        0.0,
        0.0,
        0.0,
        1.0
      ]
    ],
    "location": [
      11.8246562284437,
      24.3819987023453,
      1.258172587855512
    ],
    "rotation": [
      0.004912283832634194,
      0.06913618229239801,
      1.5188809156006386
    ]
  },
  {
    "label_id": "hZF2QD_4uBAhH55xdwQHPw",
    "size": [
      2.722761678091048,
      6.1603544370873085,
      2.4499999999999886
    ],
    "obj_class": "vehicle",
    "point_num_in_lidar": 243,
    "speed": 0.04966070493180221,
    "if_vehicle": true,
    "motion_state": false,
    "pose": [
      [
        0.9999639561892963,
        1.9122547195073794e-15,
        0.008490366437960598,
        -48.69229285542144
      ],
      [
        -0.0005835834982492143,
        0.997634968086307,
        0.06873230595384922,
        44.65642855589613
      ],
      [
        -0.008470286450375748,
        -0.06873478341737148,
        0.9975990095203662,
        0.2657123365839027
      ],
      [
        0.0,
        0.0,
        0.0,
        1.0
      ]
    ],
    "location": [
      -48.69229285542144,
      44.65642855589613,
      0.2657123365839027
    ],
    "rotation": [
      -0.06879149307567965,
      0.008470387738158535,
      -0.0005836044673231122
    ]
  },
  {
    "label_id": "iZ_A_Hu4rrUZSIH7_2d-_w",
    "size": [
      2.7225078897036803,
      9.16070932312228,
      3.4399999999999693
    ],
    "obj_class": "vehicle",
    "point_num_in_lidar": 232,
    "speed": 2.3978262681915776,
    "if_vehicle": true,
    "motion_state": true,
    "pose": [
      [
        0.9999320820491936,
        0.007984044495963159,
        0.008490366437960598,
        -67.42526899460654
      ],
      [
        -0.008549013977423312,
        0.9975985086588092,
        0.06873230595384922,
        44.78296673645855
      ],
      [
        -0.007921215107430624,
        -0.06880022205782621,
        0.9975990095203662,
        0.7414191025988544
      ],
      [
        0.0,
        0.0,
        0.0,
        1.0
      ]
    ],
    "location": [
      -67.42526899460654,
      44.78296673645855,
      0.7414191025988544
    ],
    "rotation": [
      -0.06885677898882567,
      0.007921297946733163,
      -0.008549386345013423
    ]
  },
  {
    "label_id": "lGzAkHBG4fc-rLQU76ZUZg",
    "size": [
      0.2577072998756192,
      0.05868224213042095,
      0.3499999999999943
    ],
    "obj_class": "sign",
    "point_num_in_lidar": 22,
    "speed": 0.018213491257130832,
    "if_vehicle": false,
    "motion_state": false,
    "pose": [
      [
        0.9999639561892963,
        2.843720450951926e-14,
        0.008490366437960598,
        -14.530133081049712
      ],
      [
        -0.0005835834982756828,
        0.997634968086307,
        0.06873230595384922,
        34.245712956559146
      ],
      [
        -0.008470286450373924,
        -0.0687347834173717,
        0.9975990095203662,
        0.037128864547042895
      ],
      [
        0.0,
        0.0,
        0.0,
        1.0
      ]
    ],
    "location": [
      -14.530133081049712,
      34.245712956559146,
      0.037128864547042895
    ],
    "rotation": [
      -0.06879149307567987,
      0.008470387738156712,
      -0.0005836044673495817
    ]
  },
  {
    "label_id": "qkmrz-gkat-9LhZ2vn-TvQ",
    "size": [
      2.315441994564027,
      4.973904103928079,
      1.8600000000000136
    ],
    "obj_class": "vehicle",
    "point_num_in_lidar": 240,
    "speed": 5.685035733124714e-13,
    "if_vehicle": true,
    "motion_state": false,
    "pose": [
      [
        0.9999639561892963,
        -1.7272172683455496e-15,
        0.008490366437960598,
        -26.521543133025602
      ],
      [
        -0.0005835834982456105,
        0.9976349680863071,
        0.06873230595384922,
        37.60151692633917
      ],
      [
        -0.008470286450375997,
        -0.06873478341737145,
        0.9975990095203662,
        -0.207969407036245
      ],
      [
        0.0,
        0.0,
        0.0,
        1.0
      ]
    ],
    "location": [
      -26.521543133025602,
      37.60151692633917,
      -0.207969407036245
    ],
    "rotation": [
      -0.06879149307567962,
      0.008470387738158785,
      -0.0005836044673195083
    ]
  },
  {
    "label_id": "uEKUg6y3uDGTsgLjXlD1EQ",
    "size": [
      2.1806642090135617,
      4.893024923547331,
      1.8199999999999932
    ],
    "obj_class": "vehicle",
    "point_num_in_lidar": 28,
    "speed": 2.12268223143782,
    "if_vehicle": true,
    "motion_state": true,
    "pose": [
      [
        0.08704410133679646,
        -0.9961682780033795,
        0.008490366437960598,
        10.99310045466251
      ],
      [
        0.9937973309762086,
        0.0874227376763644,
        0.06873230595384922,
        -10.902056231985625
      ],
      [
        -0.06921119394312945,
        0.002454961700496679,
        0.9975990095203662,
        0.8307107438054686
      ],
      [
        0.0,
        0.0,
        0.0,
        1.0
      ]
    ],
    "location": [
      10.99310045466251,
      -10.902056231985625,
      0.8307107438054686
    ],
    "rotation": [
      0.002460865258920001,
      0.06926656917996483,
      1.4834319015535609
    ]
  },
  {
    "label_id": "vmp0DDYMcgxMY4-o6NBGbA",
    "size": [
      0.8965980705410698,
      0.954150722206018,
      1.8899999999999864
    ],
    "obj_class": "pedestrian",
    "point_num_in_lidar": 37,
    "speed": 0.9945013740712252,
    "if_vehicle": false,
    "motion_state": false,
    "pose": [
      [
        -0.04996805848080312,
        -0.9987147274419297,
        0.008490366437960598,
        -5.604199373804249
      ],
      [
        0.9964178104681656,
        -0.04926882482963483,
        0.06873230595384922,
        -12.612972920755055
      ],
      [
        -0.06822565583038256,
        0.011894372219607497,
        0.9975990095203662,
        0.9669681765939799
      ],
      [
        0.0,
        0.0,
        0.0,
        1.0
      ]
    ],
    "location": [
      -5.604199373804249,
      -12.612972920755055,
      0.9669681765939799
    ],
    "rotation": [
      0.011922434292539995,
      0.06827869578773905,
      1.6209020501448796
    ]
  },
  {
    "label_id": "xBOeeizcDX75aMoJsrC9rw",
    "size": [
      2.1987290660111287,
      4.698014836784155,
      2.1100000000000136
    ],
    "obj_class": "vehicle",
    "point_num_in_lidar": 29,
    "speed": 0.7656589082587106,
    "if_vehicle": true,
    "motion_state": false,
    "pose": [
      [
        0.047068003346350404,
        -0.9988556035477485,
        0.008490366437960598,
        11.636405142831052
      ],
      [
        0.9965017277777806,
        0.04754131523385171,
        0.06873230595384922,
        -34.957208610790985
      ],
      [
        -0.06905729213403856,
        0.0052255724182560664,
        0.9975990095203662,
        2.0351109524632136
      ],
      [
        0.0,
        0.0,
        0.0,
        1.0
      ]
    ],
    "location": [
      11.636405142831052,
      -34.957208610790985,
      2.0351109524632136
    ],
    "rotation": [
      0.005238101256846591,
      0.06911229825684331,
      1.5235981672307475
    ]
  },
  {
    "label_id": "zqDKarYYvCT0KnxA5zho_Q",
    "size": [
      1.9985473231645268,
      4.637057661683984,
      1.5900000000000034
    ],
    "obj_class": "vehicle",
    "point_num_in_lidar": 156,
    "speed": 0.04826506089121611,
    "if_vehicle": true,
    "motion_state": false,
    "pose": [
      [
        0.9999639561892963,
        3.637695311087763e-15,
        0.008490366437960598,
        -40.401422239186445
      ],
      [
        -0.0005835834982509036,
        0.997634968086307,
        0.06873230595384922,
        44.954010288247446
      ],
      [
        -0.008470286450375631,
        -0.06873478341737149,
        0.9975990095203662,
        -0.176809378997973
      ],
      [
        0.0,
        0.0,
        0.0,
        1.0
      ]
    ],
    "location": [
      -40.401422239186445,
      44.954010288247446,
      -0.176809378997973
    ],
    "rotation": [
      -0.06879149307567967,
      0.00847038773815842,
      -0.0005836044673248015
    ]
  }
]