[
  {
    "label_id": "0TTUJAOkghTqJ3kT1-uk4g",
    "size": [
      2.2870435115410497,
      4.8276475017163385,
      1.5600000000000023
    ],
    "obj_class": "vehicle",
    "point_num_in_lidar": 628,
    "speed": 0.026907536104872332,
    "if_vehicle": true,
    "motion_state": false,
    "pose": [
      [
        0.9998218316304948,
        -0.018721899591028737,
        -0.002407378396928712,
        -16.133592706791035
      ],
      [
        0.018658017675937947,
        0.9995312755965844,
        -0.024271536429928083,
        41.62013181629118
      ],
      [
        0.0028606592678869234,
        0.02422229510117441,
        0.9997025042724385,
        -0.2866127499349602
      ],
      [
        0.0,
        0.0,
        0.0,
        1.0
      ]
    ],
    "location": [
      -16.133592706791035,
      41.62013181629118,
      -0.2866127499349602
    ],
    "rotation": [
      0.024224763482280483,
      -0.0028606631695408534,
      0.018659176745298017
    ]
  },
  {
    "label_id": "1_4ZBy1m-wCtaSSd8Ksj0A",
    "size": [
      1.9620133201228438,
      4.630825083069572,
      1.6299999999999955
    ],
    "obj_class": "vehicle",
    "point_num_in_lidar": 426,
    "speed": 7.9310587776346475,
    "if_vehicle": true,
    "motion_state": true,
    "pose": [
      [
        -0.009578519939788626,
        0.9999512270531083,
        -0.002407378396928712,
        0.4881947089788241
      ],
      [
        -0.9996589796493435,
        -0.009634154128109374,
        -0.024271536429928083,
        11.484041307810912
      ],
      [
        -0.0242935456900915,
        0.002174072036240252,
        0.9997025042724385,
        0.4941820814272546
      ],
      [
        0.0,
        0.0,
        0.0,
        1.0
      ]
    ],
    "location": [
      0.4881947089788241,
      11.484041307810912,
      0.4941820814272546
    ],
    "rotation": [
      0.00217471557748885,
      0.024295935904340878,
      -1.5803778210986585
    ]
  },
  {
    "label_id": "6U3azSfEichQun94n9af1w",
    "size": [
      1.7866309621414043,
      4.172554542098261,
      1.4300000000000068
    ],
    "obj_class": "vehicle",
    "point_num_in_lidar": 44,
    "speed": 9.061835269584153,
    "if_vehicle": true,
    "motion_state": true,
    "pose": [
      [
        -0.03223868701446241,
        0.9994772991863485,
        -0.002407378396928712,
        -0.646261200110473
      ],
      [
        -0.9991838659695255,
        -0.032287683495788026,
        -0.024271536429928083,
        -22.12214571693403
      ],
      [
        -0.024336578349822217,
        0.0016229311871701717,
        0.9997025042724385,
        1.3070305929634856
      ],
      [
        0.0,
        0.0,
        0.0,
        1.0
      ]
    ],
    "location": [
      -0.646261200110473,
      -22.12214571693403,
      1.3070305929634856
    ],
    "rotation": [
      0.0016234127197899265,
      0.02433898129065114,
      -1.6030501570776003
    ]
  },
  {
    "label_id": "6ue5cue9GBK5s46ywhQPSQ",
    "size": [
      1.9507320738015377,
      4.503888640101378,
      1.789999999999992
    ],
    "obj_class": "vehicle",
    "point_num_in_lidar": 188,
    "speed": 9.474748893096994,
    "if_vehicle": true,
    "motion_state": true,
    "pose": [
      [
        -0.005012579212452184,
        0.9999845391699278,
        -0.002407378396928712,
        -0.18941425989942218
      ],
      [
        -0.9996925488419436,
        -0.005069547241038518,
        -0.024271536429928083,
        -2.7363586435640173
      ],
      [
        -0.024283365490338035,
        0.0022849752466897605,
        0.9997025042724385,
        0.8320337489556664
      ],
      [
        0.0,
        0.0,
        0.0,
        1.0
      ]
    ],
    "location": [
      -0.18941425989942218,
      -2.7363586435640173,
      0.8320337489556664
    ],
    "rotation": [
      0.0022856512391096024,
      0.024285752700460222,
      -1.5758104055845474
    ]
  },
  {
    "label_id": "C06qYvS2D3ctsdIQfPd88g",
    "size": [
      2.125840092292494,
      4.799342205057069,
      1.75
    ],
    "obj_class": "vehicle",
    "point_num_in_lidar": 602,
    "speed": 0.0495561188473436,
    "if_vehicle": true,
    "motion_state": false,
    "pose": [
      [
        0.9999971022604286,
        7.7623349336804e-16,
        -0.002407378396928712,
        -17.823690055611905
      ],
      [
        -5.843094178011483e-05,
        0.9997054011583392,
        -0.024271536429928083,
        37.69451838367604
      ],
      [
        0.0024066691860415157,
        0.024271606762723465,
        0.9997025042724385,
        -0.25858089740012247
      ],
      [
        0.0,
        0.0,
        0.0,
        1.0
      ]
    ],
    "location": [
      -17.823690055611905,
      37.69451838367604,
      -0.25858089740012247
    ],
    "rotation": [
      0.0242740608183166,
      -0.0024066715093082496,
      -5.8431111031759264e-05
    ]
  },
  {
    "label_id": "CaPfkK3l0WWDZ1fjj_ZeZA",
    "size": [
      1.9276299435019186,
      4.201148693690454,
      1.740000000000009
    ],
    "obj_class": "vehicle",
    "point_num_in_lidar": 32,
    "speed": 9.449376061303429,
    "if_vehicle": true,
    "motion_state": true,
    "pose": [
      [
        -0.0047856349360399205,
        0.9999856510108098,
        -0.002407378396928712,
        -0.4072187543649193
      ],
      [
        -0.9996936736191055,
        -0.00484266922967981,
        -0.024271536429928083,
        -35.92890654420444
      ],
      [
        -0.024282846295201225,
        0.0022904862407265043,
        0.9997025042724385,
        2.082033055681194
      ],
      [
        0.0,
        0.0,
        0.0,
        1.0
      ]
    ],
    "location": [
      -0.4072187543649193,
      -35.92890654420444,
      2.082033055681194
    ],
    "rotation": [
      0.00229116384426284,
      0.024285233352178984,
      -1.5755833915792583
    ]
  },
  {
    "label_id": "EH0YitwejPPhshjpOdSLLA",
    "size": [
      2.0037203302381386,
      4.245259448762596,
      1.4399999999999977
    ],
    "obj_class": "vehicle",
    "point_num_in_lidar": 597,
    "speed": 0.023655270784167404,
    "if_vehicle": true,
    "motion_state": false,
    "pose": [
      [
        0.9999971022604286,
        -1.0232404911479935e-15,
        -0.002407378396928712,
        -16.082875708705558
      ],
      [
        -5.843094177833109e-05,
        0.9997054011583392,
        -0.024271536429928083,
        44.87808650533407
      ],
      [
        0.00240666918604156,
        0.024271606762723462,
        0.9997025042724385,
        -0.26948244015949285
      ],
      [
        0.0,
        0.0,
        0.0,
        1.0
      ]
    ],
    "location": [
      -16.082875708705558,
      44.87808650533407,
      -0.26948244015949285
    ],
    "rotation": [
      0.024274060818316595,
      -0.002406671509308294,
      -5.843111102997552e-05
    ]
  },
  {
    "label_id": "EeFaWFjuMPt_17dy4Of2rA",
    "size": [
      2.5123438266034825,
      2.9421579336446992,
      4.109999999999985
    ],
    "obj_class": "vehicle",
    "point_num_in_lidar": 3078,
    "speed": 3.7488809049438014,
    "if_vehicle": true,
    "motion_state": true,
    "pose": [
      [
        -0.10530220895126678,
        0.994437353139572,
        -0.002407378396928712,
        -2.3080836269219276
      ],
      [
        -0.9941411209020579,
        -0.10532959817131458,
        -0.024271536429928083,
        31.14537763676526
      ],
      [
        -0.024390090643203185,
        -0.0001625725427544646,
        0.9997025042724385,
        1.1368203598920843
      ],
      [
        0.0,
        0.0,
        0.0,
        1.0
      ]
    ],
    "location": [
      -2.3080836269219276,
      31.14537763676526,
      1.1368203598920843
    ],
    "rotation": [
      -0.00016262092035037345,
      0.024392509472813528,
      -1.6763256316234394
    ]
  },
  {
    "label_id": "HJX9xEjYqIUiksAPsIux4g",
    "size": [
      1.9348097246711486,
      4.492646533559332,
      1.6100000000000136
    ],
    "obj_class": "vehicle",
    "point_num_in_lidar": 242,
    "speed": 1.2203999741617566,
    "if_vehicle": true,
    "motion_state": true,
    "pose": [
      [
        0.030539243383782357,
        -0.9995306694358109,
        -0.002407378396928712,
        11.194436080083221
      ],
      [
        0.9992373199511616,
        0.03058873871460737,
        -0.024271536429928083,
        11.095742540994252
      ],
      [
        0.02433378372481253,
        -0.001664307979123453,
        0.9997025042724385,
        0.4153128345581649
      ],
      [
        0.0,
        0.0,
        0.0,
        1.0
      ]
    ],
    "location": [
      11.194436080083221,
      11.095742540994252,
      0.4153128345581649
    ],
    "rotation": [
      -0.0016648017129409002,
      -0.024336185837783825,
      1.5402432844831655
    ]
  },
  {
    "label_id": "JOJCszo35poBUv2sXBvEmg",
    "size": [
      0.6920336665746653,
      0.6965462230006415,
      1.25
    ],
    "obj_class": "pedestrian",
    "point_num_in_lidar": 51,
    "speed": 1.6898693614797623e-28,
    "if_vehicle": false,
    "motion_state": false,
    "pose": [
      [
        -0.06617149766275965,
        -0.9978053604918754,
        -0.002407378396928712,
        -29.72356331319577
      ],
      [
        0.9975181651992594,
        -0.06609389243215875,
        -0.024271536429928083,
        32.58786931520444
      ],
      [
        0.02405915614834597,
        -0.004007487597589233,
        0.9997025042724385,
        -0.3879694070363371
      ],
      [
        0.0,
        0.0,
        0.0,
        1.0
      ]
    ],
    "location": [
      -29.72356331319577,
      32.58786931520444,
      -0.3879694070363371
    ],
    "rotation": [
      -0.004008658690500322,
      -0.02406147783214613,
      1.637035412221147
    ]
  },
  {
    "label_id": "MfFBGlpuMxvaVLmCuq_KHg",
    "size": [
      2.0790977779697846,
      4.821764774800598,
      2.0
    ],
    "obj_class": "vehicle",
    "point_num_in_lidar": 963,
    "speed": 0.005040789108595385,
    "if_vehicle": true,
    "motion_state": false,
    "pose": [
      [
        0.9999630074967732,
        0.008257612685417162,
        -0.002407378396928712,
        -15.123160398877133
      ],
      [
        -0.008313632873300692,
        0.9996708338387085,
        -0.024271536429928083,
        51.15471708653968
      ],
      [
        0.002206161022304677,
        0.02429065262521756,
        0.9997025042724385,
        0.16203059296324795
      ],
      [
        0.0,
        0.0,
        0.0,
        1.0
      ]
    ],
    "location": [
      -15.123160398877133,
      51.15471708653968,
      0.16203059296324795
    ],
    "rotation": [
      0.024293101116226325,
      -0.00220616281192673,
      -0.008313748877076272
    ]
  },
  {
    "label_id": "N12XykLHYSLLeFMBLVMMJw",
    "size": [
      0.2992994533319011,
      0.09497249704318644,
      0.3599999999999852
    ],
    "obj_class": "sign",
    "point_num_in_lidar": 28,
    "speed": 0.025397999440702278,
    "if_vehicle": false,
    "motion_state": false,
    "pose": [
      [
        -0.9999920220362379,
        -0.0031875371574563017,
        -0.002407378396928712,
        22.902259858986497
      ],
      [
        0.0032450379915963884,
        -0.9997001361647221,
        -0.024271536429928083,
        30.68397269183879
      ],
      [
        -0.0023292900869706914,
        -0.02427915482684818,
        0.9997025042724385,
        0.48387758124994207
      ],
      [
        0.0,
        0.0,
        0.0,
        1.0
      ]
    ],
    "location": [
      22.902259858986497,
      30.68397269183879,
      0.48387758124994207
    ],
    "rotation": [
      -0.024281606679247964,
      0.002329292193272231,
      3.1383476010997726
    ]
  },
  {
    "label_id": "SBu-nqQx6dSzud7GDxeaMg",
    "size": [
      2.0893037280475237,
      4.607007212172799,
      1.5800000000000125
    ],
    "obj_class": "vehicle",
    "point_num_in_lidar": 303,
    "speed": 0.0009589344007905606,
    "if_vehicle": true,
    "motion_state": false,
    "pose": [
      [
        0.9999971022604286,
        -1.0232404911479935e-15,
        -0.002407378396928712,
        -22.512765733281356
      ],
      [
        -5.843094177833109e-05,
        0.9997054011583392,
        -0.024271536429928083,
        44.54549318841964
      ],
      [
        0.00240666918604156,
        0.024271606762723462,
        0.9997025042724385,
        -0.24296940703641212
      ],
      [
        0.0,
        0.0,
        0.0,
        1.0
      ]
    ],
    "location": [
      -22.512765733281356,
      44.54549318841964,
      -0.24296940703641212
    ],
    "rotation": [
      0.024274060818316595,
      -0.002406671509308294,
      -5.843111102997552e-05
    ]
  },
  {
    "label_id": "T029RyK_YRfegBz4vxVzTA",
    "size": [
      0.43458105744502734,
      0.07242949621070238,
      0.6800000000000068
    ],
    "obj_class": "sign",
    "point_num_in_lidar": 27,
    "speed": 0.01518314067095034,
    "if_vehicle": false,
    "motion_state": false,
    "pose": [
      [
        0.9999971022604286,
        -9.574792327434784e-17,
        -0.002407378396928712,
        -22.07670828153391
      ],
      [
        -5.843094177923339e-05,
        0.9997054011583392,
        -0.024271536429928083,
        32.72952988606812
      ],
      [
        0.002406669186041536,
        0.024271606762723462,
        0.9997025042724385,
        1.3914191025993432
      ],
      [
        0.0,
        0.0,
        0.0,
        1.0
      ]
    ],
    "location": [
      -22.07670828153391,
      32.72952988606812,
      1.3914191025993432
    ],
    "rotation": [
      0.024274060818316595,
      -0.00240667150930827,
      -5.843111103087782e-05
    ]
  },
  {
    "label_id": "WHju9fOcjusHm3P1uTtS6g",
    "size": [
      3.231060057407815,
      10.43725668466636,
      4.17999999999995
    ],
    "obj_class": "vehicle",
    "point_num_in_lidar": 577,
    "speed": 2.7463559706909813,
    "if_vehicle": true,
    "motion_state": true,
    "pose": [
      [
        0.015486426370096496,
        -0.9998771800213953,
        -0.002407378396928712,
        11.564648862985848
      ],
      [
        0.9995846090117568,
        0.015540332883956337,
        -0.024271536429928083,
        -1.889526934877722
      ],
      [
        0.024305966862008973,
        -0.002030499031826137,
        0.9997025042724385,
        1.8281906210003172
      ],
      [
        0.0,
        0.0,
        0.0,
        1.0
      ]
    ],
    "location": [
      11.564648862985848,
      -1.889526934877722,
      1.8281906210003172
    ],
    "rotation": [
      -0.002031100483355378,
      -0.024308360745098626,
      1.5553047042286112
    ]
  },
  {
    "label_id": "WKhKiEG1jQxE7N9ko5HnHA",
    "size": [
      3.1271789869502844,
      9.644629742415633,
      3.9199999999999875
    ],
    "obj_class": "vehicle",
    "point_num_in_lidar": 5374,
    "speed": 3.7150294300218656,
    "if_vehicle": true,
    "motion_state": true,
    "pose": [
      [
        -0.08145294754043944,
        0.9966742807287788,
        -0.002407378396928712,
        -2.955199930781987
      ],
      [
        -0.996378789513974,
        -0.08148742434264847,
        -0.024271536429928083,
        24.94474919082677
      ],
      [
        -0.02438698717846478,
        0.0004216725894811212,
        0.9997025042724385,
        1.2994595092992824
      ],
      [
        0.0,
        0.0,
        0.0,
        1.0
      ]
    ],
    "location": [
      -2.955199930781987,
      24.94474919082677,
      1.2994595092992824
    ],
    "rotation": [
      0.0004217980475910779,
      0.024389405084691475,
      -1.6523639247013084
    ]
  },
  {
    "label_id": "XjlbPIQPt7PD7uTzPBTjrg",
    "size": [
      2.098954274992171,
      4.792414920455413,
      1.9000000000000057
    ],
    "obj_class": "vehicle",
    "point_num_in_lidar": 97,
    "speed": 16.087783895850986,
    "if_vehicle": true,
    "motion_state": true,
    "pose": [
      [
        -0.9999886657790124,
        0.00410765660259953,
        -0.002407378396928712,
        -52.91680422732168
      ],
      [
        -0.004048027942343138,
        -0.9996972071528002,
        -0.024271536429928083,
        61.02924816759514
      ],
      [
        -0.002506348596841246,
        -0.024261516195951915,
        0.9997025042724385,
        -0.025756607143563315
      ],
      [
        0.0,
        0.0,
        0.0,
        1.0
      ]
    ],
    "location": [
      -52.91680422732168,
      61.02924816759514,
      -0.025756607143563315
    ],
    "rotation": [
      -0.024263973192547188,
      0.002506351220905119,
      -3.1375446018772655
    ]
  },
  {
    "label_id": "YjbB6crmRp1C_LmKYBIhvg",
    "size": [
      2.0289695349492796,
      4.760505423394875,
      1.3600000000000136
    ],
    "obj_class": "vehicle",
    "point_num_in_lidar": 49,
    "speed": 0.016335000307855636,
    "if_vehicle": true,
    "motion_state": false,
    "pose": [
      [
        0.9999971022604286,
        7.7623349336804e-16,
        -0.002407378396928712,
        -31.85705373232588
      ],
      [
        -5.843094178011483e-05,
        0.9997054011583392,
        -0.024271536429928083,
        45.0183580116136
      ],
      [
        0.0024066691860415157,
        0.024271606762723465,
        0.9997025042724385,
        -0.2611796410151328
      ],
      [
        0.0,
        0.0,
        0.0,
        1.0
      ]
    ],
    "location": [
      -31.85705373232588,
      45.0183580116136,
      -0.2611796410151328
    ],
    "rotation": [
      0.0242740608183166,
      -0.0024066715093082496,
      -5.8431111031759264e-05
    ]
  },
  {
    "label_id": "c8mWTSp8LrWSFDmHyrNTcw",
    "size": [
      2.1407561516240445,
      4.830876528431807,
      1.5200000000000102
    ],
    "obj_class": "vehicle",
    "point_num_in_lidar": 2324,
    "speed": 0.008098450068878509,
    "if_vehicle": true,
    "motion_state": false,
    "pose": [
      [
        0.014876388326508852,
        -0.9998864423521368,
        -0.002407378396928712,
        8.649621404987954
      ],
      [
        0.999593904285859,
        0.014930473330862181,
        -0.024271536429928083,
        27.350139479523932
      ],
      [
        0.024304723510293714,
        -0.002045327969666784,
        0.9997025042724385,
        0.1660135753591021
      ],
      [
        0.0,
        0.0,
        0.0,
        1.0
      ]
    ],
    "location": [
      8.649621404987954,
      27.350139479523932,
      0.1660135753591021
    ],
    "rotation": [
      -0.0020459337724135353,
      -0.024307117025965677,
      1.5559149933845324
    ]
  },
  {
    "label_id": "gSeI0P9RmRxi0sh-bR19Fg",
    "size": [
      3.018140327584928,
      10.899184640474555,
      4.0099999999999625
    ],
    "obj_class": "vehicle",
    "point_num_in_lidar": 5989,
    "speed": 0.40973344501075093,
    "if_vehicle": true,
    "motion_state": false,
    "pose": [
      [
        0.051769841991705604,
        -0.9986561410162198,
        -0.002407378396928712,
        11.786486714365765
      ],
      [
        0.9983618061057478,
        0.0518130932159057,
        -0.024271536429928083,
        24.02929090169164
      ],
      [
        0.024363652628932603,
        -0.001146901038464403,
        0.9997025042724385,
        1.3681725878555824
      ],
      [
        0.0,
        0.0,
        0.0,
        1.0
      ]
    ],
    "location": [
      11.786486714365765,
      24.02929090169164,
      1.3681725878555824
    ],
    "rotation": [
      -0.0011472418348388164,
      -0.02436606359988426,
      1.518987939542688
    ]
  },
  {
    "label_id": "hZF2QD_4uBAhH55xdwQHPw",
    "size": [
      2.7227616780910497,
      6.1603544370873085,
      2.4499999999999886
    ],
    "obj_class": "vehicle",
    "point_num_in_lidar": 137,
    "speed": 0.07911260346045637,
    "if_vehicle": true,
    "motion_state": false,
    "pose": [
      [
        0.9999971022604286,
        2.5757074778840738e-15,
        -0.002407378396928712,
        -48.78198296371454
      ],
      [
        -5.843094178195409e-05,
        0.9997054011583391,
        -0.024271536429928083,
        44.65847427554763
      ],
      [
        0.0024066691860414715,
        0.02427160676272347,
        0.9997025042724385,
        0.2657123365840164
      ],
      [
        0.0,
        0.0,
        0.0,
        1.0
      ]
    ],
    "location": [
      -48.78198296371454,
      44.65847427554763,
      0.2657123365840164
    ],
    "rotation": [
      0.024274060818316602,
      -0.0024066715093082054,
      -5.8431111033598525e-05
    ]
  },
  {
    "label_id": "iZ_A_Hu4rrUZSIH7_2d-_w",
    "size": [
      2.7225078897029142,
      9.16070932312228,
      3.4399999999999693
    ],
    "obj_class": "vehicle",
    "point_num_in_lidar": 98,
    "speed": 2.40932912436792,
    "if_vehicle": true,
    "motion_state": true,
    "pose": [
      [
        0.9999957134210464,
        -0.001666633968952786,
        -0.002407378396928712,
        -70.79143083280223
      ],
      [
        0.0016077169479505743,
        0.9997041101073587,
        -0.024271536429928083,
        44.80312736915221
      ],
      [
        0.0024471178450860874,
        0.02426756200502198,
        0.9997025042724385,
        0.8199997837200215
      ],
      [
        0.0,
        0.0,
        0.0,
        1.0
      ]
    ],
    "location": [
      -70.79143083280223,
      44.80312736915221,
      0.8199997837200215
    ],
    "rotation": [
      0.024270017240095663,
      -0.0024471202874736067,
      0.001607722454385928
    ]
  },
  {
    "label_id": "lGzAkHBG4fc-rLQU76ZUZg",
    "size": [
      0.2577072998756216,
      0.05868224213042095,
      0.3499999999999943
    ],
    "obj_class": "sign",
    "point_num_in_lidar": 20,
    "speed": 0.013919855647355199,
    "if_vehicle": false,
    "motion_state": false,
    "pose": [
      [
        0.9999971022604286,
        -1.8146546814531176e-15,
        -0.002407378396928712,
        -14.591526137678784
      ],
      [
        -5.843094177750516e-05,
        0.9997054011583392,
        -0.024271536429928083,
        34.24300725079229
      ],
      [
        0.0024066691860415786,
        0.02427160676272346,
        0.9997025042724385,
        0.06462981989983518
      ],
      [
        0.0,
        0.0,
        0.0,
        1.0
      ]
    ],
    "location": [
      -14.591526137678784,
      34.24300725079229,
      0.06462981989983518
    ],
    "rotation": [
      0.02427406081831659,
      -0.0024066715093083125,
      -5.843111102914958e-05
    ]
  },
  {
    "label_id": "qkmrz-gkat-9LhZ2vn-TvQ",
    "size": [
      2.31544199456403,
      4.973904103928079,
      1.8600000000000136
    ],
    "obj_class": "vehicle",
    "point_num_in_lidar": 120,
    "speed": 0.08660648463049501,
    "if_vehicle": true,
    "motion_state": false,
    "pose": [
      [
        0.9999971022604286,
        -9.574792327434784e-17,
        -0.002407378396928712,
        -26.521543133025602
      ],
      [
        -5.843094177923339e-05,
        0.9997054011583392,
        -0.024271536429928083,
        37.60151692633917
      ],
      [
        0.002406669186041536,
        0.024271606762723462,
        0.9997025042724385,
        -0.20796940703627342
      ],
      [
        0.0,
        0.0,
        0.0,
        1.0
      ]
    ],
    "location": [
      -26.521543133025602,
      37.60151692633917,
      -0.20796940703627342
    ],
    "rotation": [
      0.024274060818316595,
      -0.00240667150930827,
      -5.843111103087782e-05
    ]
  },
  {
    "label_id": "uEKUg6y3uDGTsgLjXlD1EQ",
    "size": [
      2.180664209014058,
      4.893024923547331,
      1.8199999999999932
    ],
    "obj_class": "vehicle",
    "point_num_in_lidar": 43,
    "speed": 4.331915921978515,
    "if_vehicle": true,
    "motion_state": true,
    "pose": [
      [
        0.09278268253895726,
        -0.995683472972274,
        -0.002407378396928712,
        10.570802934728874
      ],
      [
        0.9953876087690168,
        0.09281379654140597,
        -0.024271536429928083,
        -15.518422903787723
      ],
      [
        0.02439020561565458,
        -0.00014429636661030538,
        0.9997025042724385,
        1.0307107438052583
      ],
      [
        0.0,
        0.0,
        0.0,
        1.0
      ]
    ],
    "location": [
      10.570802934728874,
      -15.518422903787723,
      1.0307107438052583
    ],
    "rotation": [
      -0.00014433930593505802,
      -0.024392624479477553,
      1.4778522746459637
    ]
  },
  {
    "label_id": "vmp0DDYMcgxMY4-o6NBGbA",
    "size": [
      0.8965980705397381,
      0.954150722206018,
      1.8899999999999864
    ],
    "obj_class": "pedestrian",
    "point_num_in_lidar": 41,
    "speed": 0.7718886253013212,
    "if_vehicle": false,
    "motion_state": false,
    "pose": [
      [
        -0.10071868870005325,
        -0.9949120314257919,
        -0.002407378396928712,
        -5.518482142568587
      ],
      [
        0.9946276987536564,
        -0.10063117504698284,
        -0.024271536429928083,
        -13.842872677665582
      ],
      [
        0.023905786298459204,
        -0.004839042556924397,
        0.9997025042724385,
        1.1295196803064584
      ],
      [
        0.0,
        0.0,
        0.0,
        1.0
      ]
    ],
    "location": [
      -5.518482142568587,
      -13.842872677665582,
      1.1295196803064584
    ],
    "rotation": [
      -0.0048404447757354994,
      -0.023908063857054487,
      1.6717150227925848
    ]
  },
  {
    "label_id": "xBOeeizcDX75aMoJsrC9rw",
    "size": [
      2.19872906601027,
      4.698014836784155,
      2.1100000000000136
    ],
    "obj_class": "vehicle",
    "point_num_in_lidar": 25,
    "speed": 1.078360744820602,
    "if_vehicle": true,
    "motion_state": true,
    "pose": [
      [
        0.054711208719301525,
        -0.9984993180617235,
        -0.002407378396928712,
        11.590679865590403
      ],
      [
        0.9982048570294866,
        0.05475359277775985,
        -0.024271536429928083,
        -35.93968842032882
      ],
      [
        0.024366925190000884,
        -0.00107513171296617,
        0.9997025042724385,
        2.0351109524632705
      ],
      [
        0.0,
        0.0,
        0.0,
        1.0
      ]
    ],
    "location": [
      11.590679865590403,
      -35.93968842032882,
      2.0351109524632705
    ],
    "rotation": [
      -0.0010754512406179685,
      -0.024369337132791526,
      1.516041512657247
    ]
  },
  {
    "label_id": "zqDKarYYvCT0KnxA5zho_Q",
    "size": [
      1.998547323164524,
      4.637057661683984,
      1.5900000000000034
    ],
    "obj_class": "vehicle",
    "point_num_in_lidar": 45,
    "speed": 0.11479127931474851,
    "if_vehicle": true,
    "motion_state": false,
    "pose": [
      [
        0.9999971022604286,
        7.7623349336804e-16,
        -0.002407378396928712,
        -40.48762677651655
      ],
      [
        -5.843094178011483e-05,
        0.9997054011583392,
        -0.024271536429928083,
        44.95283131269571
      ],
      [
        0.0024066691860415157,
        0.024271606762723465,
        0.9997025042724385,
        -0.17680937899788773
      ],
      [
        0.0,
        0.0,
        0.0,
        1.0
      ]
    ],
    "location": [
      -40.48762677651655,
      44.95283131269571,
      -0.17680937899788773
    ],
    "rotation": [
      0.0242740608183166,
      -0.0024066715093082496,
      -5.8431111031759264e-05
    ]
  }
]