[
  {
    "label_id": "0TTUJAOkghTqJ3kT1-uk4g",
    "size": [
      2.2870435115410475,
      4.8276475017163385,
      1.5600000000000023
    ],
    "obj_class": "vehicle",
    "point_num_in_lidar": 872,
    "speed": 0.01603048292210078,
    "if_vehicle": true,
    "motion_state": false,
    "pose": [
      [
        0.9997902980269586,
        -0.018721309116865932,
        -0.008298949097100456,
        -16.117585390238162
      ],
      [
        0.01854228004786767,
        0.9996043825616858,
        -0.021148574753339238,
        41.62105878456168
      ],
      [
        0.00869159489345637,
        0.020990258417225013,
        0.9997418993069093,
        -0.28661274993501706
      ],
      [
        0.0,
        0.0,
        0.0,
        1.0
      ]
    ],
    "location": [
      -16.117585390238162,
      41.62105878456168,
      -0.28661274993501706
    ],
    "rotation": [
      0.020992593137708206,
      -0.008691704329892625,
      0.018544043272323462
    ]
  },
  {
    "label_id": "1_4ZBy1m-wCtaSSd8Ksj0A",
    "size": [
      1.9620133201231136,
      4.630825083069572,
      1.6299999999999955
    ],
    "obj_class": "vehicle",
    "point_num_in_lidar": 342,
    "speed": 8.426619436114894,
    "if_vehicle": true,
    "motion_state": true,
    "pose": [
      [
        -0.015878904105625837,
        0.999839481040976,
        -0.008298949097100456,
        0.4018070782819336
      ],
      [
        -0.9996474831338477,
        -0.016051394022526245,
        -0.021148574753339238,
        5.707505647527796
      ],
      [
        -0.021278389708065434,
        0.007960207387093451,
        0.9997418993069093,
        0.5520305929627796
      ],
      [
        0.0,
        0.0,
        0.0,
        1.0
      ]
    ],
    "location": [
      0.4018070782819336,
      5.707505647527796,
      0.5520305929627796
    ],
    "rotation": [
      0.007962094196112518,
      0.021279995737595002,
      -1.586679494679004
    ]
  },
  {
    "label_id": "6ue5cue9GBK5s46ywhQPSQ",
    "size": [
      1.9507320738015606,
      4.503888640101378,
      1.789999999999992
    ],
    "obj_class": "vehicle",
    "point_num_in_lidar": 67,
    "speed": 9.763698650897187,
    "if_vehicle": true,
    "motion_state": true,
    "pose": [
      [
        -0.013868672832282387,
        0.9998693851487579,
        -0.008298949097100456,
        -0.2553163036733963
      ],
      [
        -0.9996777344244334,
        -0.014041548416561645,
        -0.021148574753339238,
        -9.512449502788513
      ],
      [
        -0.021262342530947363,
        0.008002971967369949,
        0.9997418993069093,
        0.9370305929634242
      ],
      [
        0.0,
        0.0,
        0.0,
        1.0
      ]
    ],
    "location": [
      -0.2553163036733963,
      -9.512449502788513,
      0.9370305929634242
    ],
    "rotation": [
      0.008004867090512378,
      0.021263944929144588,
      -1.5846685805391325
    ]
  },
  {
    "label_id": "C06qYvS2D3ctsdIQfPd88g",
    "size": [
      2.1258400922924925,
      4.799342205057069,
      1.75
    ],
    "obj_class": "vehicle",
    "point_num_in_lidar": 699,
    "speed": 0.03691264650867023,
    "if_vehicle": true,
    "motion_state": false,
    "pose": [
      [
        0.9999655631289929,
        -1.073867440342161e-15,
        -0.008298949097100456,
        -17.789161595713097
      ],
      [
        -0.0001755169896091396,
        0.999776328475369,
        -0.021148574753339238,
        37.694826844961426
      ],
      [
        0.008297092858503092,
        0.02114930306916091,
        0.9997418993069093,
        -0.2585808974001509
      ],
      [
        0.0,
        0.0,
        0.0,
        1.0
      ]
    ],
    "location": [
      -17.789161595713097,
      37.694826844961426,
      -0.2585808974001509
    ],
    "rotation": [
      0.02115160822052201,
      -0.008297188059184238,
      -0.00017552303227069864
    ]
  },
  {
    "label_id": "EH0YitwejPPhshjpOdSLLA",
    "size": [
      2.003720330238139,
      4.245259448762596,
      1.4399999999999977
    ],
    "obj_class": "vehicle",
    "point_num_in_lidar": 776,
    "speed": 0.03090010416041996,
    "if_vehicle": true,
    "motion_state": false,
    "pose": [
      [
        0.9999655631289929,
        -1.073867440342161e-15,
        -0.008298949097100456,
        -16.082876549993046
      ],
      [
        -0.0001755169896091396,
        0.999776328475369,
        -0.021148574753339238,
        44.86714748265513
      ],
      [
        0.008297092858503092,
        0.02114930306916091,
        0.9997418993069093,
        -0.26473905540913734
      ],
      [
        0.0,
        0.0,
        0.0,
        1.0
      ]
    ],
    "location": [
      -16.082876549993046,
      44.86714748265513,
      -0.26473905540913734
    ],
    "rotation": [
      0.02115160822052201,
      -0.008297188059184238,
      -0.00017552303227069864
    ]
  },
  {
    "label_id": "EeFaWFjuMPt_17dy4Of2rA",
    "size": [
      2.512343826605543,
      2.9421579336446992,
      4.109999999999985
    ],
    "obj_class": "vehicle",
    "point_num_in_lidar": 3159,
    "speed": 3.924883161520682,
    "if_vehicle": true,
    "motion_state": true,
    "pose": [
      [
        -0.06053149796297648,
        0.9981317874901301,
        -0.008298949097100456,
        -2.6800778523511894
      ],
      [
        -0.9979322751901749,
        -0.06069523803119625,
        -0.021148574753339238,
        28.512534660747406
      ],
      [
        -0.021612771412276417,
        0.007001634244555293,
        0.9997418993069093,
        1.2628095791220062
      ],
      [
        0.0,
        0.0,
        0.0,
        1.0
      ]
    ],
    "location": [
      -2.6800778523511894,
      28.512534660747406,
      1.2628095791220062
    ],
    "rotation": [
      0.00700332733905087,
      0.02161445436313426,
      -1.6313790194692757
    ]
  },
  {
    "label_id": "HJX9xEjYqIUiksAPsIux4g",
    "size": [
      1.9348097246708948,
      4.492646533559332,
      1.6100000000000136
    ],
    "obj_class": "vehicle",
    "point_num_in_lidar": 632,
    "speed": 1.1535233434431122,
    "if_vehicle": true,
    "motion_state": true,
    "pose": [
      [
        0.0155429496267918,
        -0.9998447600306674,
        -0.008298949097100456,
        11.211218033335342
      ],
      [
        0.9996528200922863,
        0.01571550404669528,
        -0.021148574753339238,
        11.914486639190727
      ],
      [
        0.021275713817361895,
        -0.007967356636649207,
        0.9997418993069093,
        0.411563733340472
      ],
      [
        0.0,
        0.0,
        0.0,
        1.0
      ]
    ],
    "location": [
      11.211218033335342,
      11.914486639190727,
      0.411563733340472
    ],
    "rotation": [
      -0.007969244837629967,
      -0.02127731924098056,
      1.5552492318559468
    ]
  },
  {
    "label_id": "JOJCszo35poBUv2sXBvEmg",
    "size": [
      0.6920336665746637,
      0.6965462230006415,
      1.25
    ],
    "obj_class": "pedestrian",
    "point_num_in_lidar": 27,
    "speed": 0.0,
    "if_vehicle": false,
    "motion_state": false,
    "pose": [
      [
        -0.06616941066515102,
        -0.9977738904862716,
        -0.008298949097100456,
        -29.723563313194973
      ],
      [
        0.9975966848430668,
        -0.06598175638784731,
        -0.021148574753339238,
        32.58786931520444
      ],
      [
        0.020553916472279003,
        -0.009678392834785124,
        0.9997418993069093,
        -0.3879694070363371
      ],
      [
        0.0,
        0.0,
        0.0,
        1.0
      ]
    ],
    "location": [
      -29.723563313194973,
      32.58786931520444,
      -0.3879694070363371
    ],
    "rotation": [
      -0.009680589066638646,
      -0.020555363960663965,
      1.6370281309953034
    ]
  },
  {
    "label_id": "MfFBGlpuMxvaVLmCuq_KHg",
    "size": [
      2.079097777969782,
      4.821764774800598,
      2.0
    ],
    "obj_class": "vehicle",
    "point_num_in_lidar": 1132,
    "speed": 0.005270899001692813,
    "if_vehicle": true,
    "motion_state": false,
    "pose": [
      [
        0.9999314694406598,
        0.008257352246732292,
        -0.008298949097100456,
        -15.125996147621834
      ],
      [
        -0.008431300621110499,
        0.9997407918834457,
        -0.021148574753339238,
        51.1526337936175
      ],
      [
        0.008122166710880941,
        0.02121709636435909,
        0.9997418993069093,
        0.1620305929631911
      ],
      [
        0.0,
        0.0,
        0.0,
        1.0
      ]
    ],
    "location": [
      -15.125996147621834,
      51.1526337936175,
      0.1620305929631911
    ],
    "rotation": [
      0.021219388587056763,
      -0.008122256016202898,
      -0.008431678645090054
    ]
  },
  {
    "label_id": "N12XykLHYSLLeFMBLVMMJw",
    "size": [
      0.2992994533319001,
      0.09497249704318644,
      0.3599999999999852
    ],
    "obj_class": "sign",
    "point_num_in_lidar": 21,
    "speed": 0.023061306977180968,
    "if_vehicle": false,
    "motion_state": false,
    "pose": [
      [
        -0.9999604830650286,
        -0.003187436625022715,
        -0.008298949097100456,
        22.919159715503156
      ],
      [
        0.0033623495287268593,
        -0.9997706899042146,
        -0.021148574753339238,
        30.678613661013515
      ],
      [
        -0.008229636322552254,
        -0.02117564299407153,
        0.9997418993069093,
        0.47388366393093406
      ],
      [
        0.0,
        0.0,
        0.0,
        1.0
      ]
    ],
    "location": [
      22.919159715503156,
      30.678613661013515,
      0.47388366393093406
    ],
    "rotation": [
      -0.021177943145345553,
      0.008229729220028775,
      3.13823018385838
    ]
  },
  {
    "label_id": "SBu-nqQx6dSzud7GDxeaMg",
    "size": [
      2.089303728047525,
      4.607007212172799,
      1.5800000000000125
    ],
    "obj_class": "vehicle",
    "point_num_in_lidar": 273,
    "speed": 0.005031610661866142,
    "if_vehicle": true,
    "motion_state": false,
    "pose": [
      [
        0.9999655631289929,
        6.993950839945142e-16,
        -0.008298949097100456,
        -22.51276573328198
      ],
      [
        -0.00017551698961089737,
        0.9997763284753689,
        -0.021148574753339238,
        44.54549318841964
      ],
      [
        0.008297092858503054,
        0.021149303069160925,
        0.9997418993069093,
        -0.24296940703644054
      ],
      [
        0.0,
        0.0,
        0.0,
        1.0
      ]
    ],
    "location": [
      -22.51276573328198,
      44.54549318841964,
      -0.24296940703644054
    ],
    "rotation": [
      0.021151608220522023,
      -0.0082971880591842,
      -0.00017552303227245646
    ]
  },
  {
    "label_id": "WHju9fOcjusHm3P1uTtS6g",
    "size": [
      3.2310600574071344,
      10.43725668466636,
      4.17999999999995
    ],
    "obj_class": "vehicle",
    "point_num_in_lidar": 872,
    "speed": 1.9815422575174921,
    "if_vehicle": true,
    "motion_state": true,
    "pose": [
      [
        0.00334129183556534,
        -0.9999599808056088,
        -0.008298949097100456,
        11.613128941594368
      ],
      [
        0.9997701607347096,
        0.0035161755353712446,
        -0.021148574753339238,
        -0.2252962117563584
      ],
      [
        0.0211769089661996,
        -0.008226378112580118,
        0.9997418993069093,
        1.8281906210003172
      ],
      [
        0.0,
        0.0,
        0.0,
        1.0
      ]
    ],
    "location": [
      11.613128941594368,
      -0.2252962117563584,
      1.8281906210003172
    ],
    "rotation": [
      -0.008228316189696631,
      -0.021178492123679768,
      1.567454279265535
    ]
  },
  {
    "label_id": "WKhKiEG1jQxE7N9ko5HnHA",
    "size": [
      3.127178986950566,
      9.644629742415633,
      3.9199999999999875
    ],
    "obj_class": "vehicle",
    "point_num_in_lidar": 4855,
    "speed": 3.937451373907973,
    "if_vehicle": true,
    "motion_state": true,
    "pose": [
      [
        -0.04117300049924074,
        0.9991175663923507,
        -0.008298949097100456,
        -3.158643183311085
      ],
      [
        -0.9989212654046523,
        -0.04134057701908349,
        -0.021148574753339238,
        22.241990739792527
      ],
      [
        -0.02147299588454914,
        0.007419246454726915,
        0.9997418993069093,
        1.3444619444219654
      ],
      [
        0.0,
        0.0,
        0.0,
        1.0
      ]
    ],
    "location": [
      -3.158643183311085,
      22.241990739792527,
      1.3444619444219654
    ],
    "rotation": [
      0.007421025629441353,
      0.021474646389378828,
      -1.6119904725964471
    ]
  },
  {
    "label_id": "XjlbPIQPt7PD7uTzPBTjrg",
    "size": [
      2.098954274992577,
      4.792414920455413,
      1.9000000000000057
    ],
    "obj_class": "vehicle",
    "point_num_in_lidar": 58,
    "speed": 16.22820673134347,
    "if_vehicle": true,
    "motion_state": true,
    "pose": [
      [
        -0.9999287898713141,
        0.008575699993202868,
        -0.008298949097100456,
        -64.18684652440322
      ],
      [
        -0.008398566582641882,
        -0.9997410674095865,
        -0.021148574753339238,
        60.98810792882068
      ],
      [
        -0.008478164061081494,
        -0.02107736948405157,
        0.9997418993069093,
        -0.025756607143534893
      ],
      [
        0.0,
        0.0,
        0.0,
        1.0
      ]
    ],
    "location": [
      -64.18684652440322,
      60.98810792882068,
      -0.025756607143534893
    ],
    "rotation": [
      -0.02107968814112545,
      0.008478265631734972,
      -3.13319368640226
    ]
  },
  {
    "label_id": "YjbB6crmRp1C_LmKYBIhvg",
    "size": [
      2.0289695349492836,
      4.760505423394875,
      1.3600000000000136
    ],
    "obj_class": "vehicle",
    "point_num_in_lidar": 49,
    "speed": 0.016335000170517356,
    "if_vehicle": true,
    "motion_state": false,
    "pose": [
      [
        0.9999655631289929,
        -1.073867440342161e-15,
        -0.008298949097100456,
        -31.86765944191785
      ],
      [
        -0.0001755169896091396,
        0.999776328475369,
        -0.021148574753339238,
        45.022546217252966
      ],
      [
        0.008297092858503092,
        0.02114930306916091,
        0.9997418993069093,
        -0.2611796410151044
      ],
      [
        0.0,
        0.0,
        0.0,
        1.0
      ]
    ],
    "location": [
      -31.86765944191785,
      45.022546217252966,
      -0.2611796410151044
    ],
    "rotation": [
      0.02115160822052201,
      -0.008297188059184238,
      -0.00017552303227069864
    ]
  },
  {
    "label_id": "c8mWTSp8LrWSFDmHyrNTcw",
    "size": [
      2.140756151624046,
      4.830876528431807,
      1.5200000000000102
    ],
    "obj_class": "vehicle",
    "point_num_in_lidar": 3292,
    "speed": 0.001666440323887565,
    "if_vehicle": true,
    "motion_state": false,
    "pose": [
      [
        0.014875919136782084,
        -0.9998549067108287,
        -0.008298949097100456,
        8.65207809074792
      ],
      [
        0.9996630819314933,
        0.015048601567292335,
        -0.021148574753339238,
        27.354364718275974
      ],
      [
        0.02127039381545649,
        -0.007981548543311158,
        0.9997418993069093,
        0.16062776165225046
      ],
      [
        0.0,
        0.0,
        0.0,
        1.0
      ]
    ],
    "location": [
      8.65207809074792,
      27.354364718275974,
      0.16062776165225046
    ],
    "rotation": [
      -0.007983439505046352,
      -0.021271998034902102,
      1.555916492279032
    ]
  },
  {
    "label_id": "exz0T3CAHGeErNksjdAS4g",
    "size": [
      0.6642698848221675,
      0.5895306633282683,
      1.3400000000000034
    ],
    "obj_class": "pedestrian",
    "point_num_in_lidar": 27,
    "speed": 1.0380144825228144,
    "if_vehicle": false,
    "motion_state": true,
    "pose": [
      [
        -0.053701111938312,
        -0.9985225676069984,
        -0.008298949097100456,
        -6.199546356411645
      ],
      [
        0.9983430318096367,
        -0.05351568576637371,
        -0.021148574753339238,
        -13.032277496206007
      ],
      [
        0.02067320521186128,
        -0.009420899982597942,
        0.9997418993069093,
        0.7720703733199912
      ],
      [
        0.0,
        0.0,
        0.0,
        1.0
      ]
    ],
    "location": [
      -6.199546356411645,
      -13.032277496206007,
      0.7720703733199912
    ],
    "rotation": [
      -0.009423053237933887,
      -0.02067467805241627,
      1.6245347786138018
    ]
  },
  {
    "label_id": "gSeI0P9RmRxi0sh-bR19Fg",
    "size": [
      3.018140327584927,
      10.899184640474555,
      4.0099999999999625
    ],
    "obj_class": "vehicle",
    "point_num_in_lidar": 7504,
    "speed": 0.26463199354969275,
    "if_vehicle": true,
    "motion_state": false,
    "pose": [
      [
        0.051768209211122664,
        -0.9986246441776597,
        -0.008298949097100456,
        11.814461589571636
      ],
      [
        0.9984265767679583,
        0.05193369416206442,
        -0.021148574753339238,
        24.233436745043946
      ],
      [
        0.021550483022193385,
        -0.007191067495441612,
        0.9997418993069093,
        1.3040253218778162
      ],
      [
        0.0,
        0.0,
        0.0,
        1.0
      ]
    ],
    "location": [
      11.814461589571636,
      24.233436745043946,
      1.3040253218778162
    ],
    "rotation": [
      -0.007192799948420315,
      -0.021552151462045012,
      1.5189929254529921
    ]
  },
  {
    "label_id": "hZF2QD_4uBAhH55xdwQHPw",
    "size": [
      2.7227616780910444,
      6.1603544370873085,
      2.4499999999999886
    ],
    "obj_class": "vehicle",
    "point_num_in_lidar": 196,
    "speed": 0.06438875287459196,
    "if_vehicle": true,
    "motion_state": false,
    "pose": [
      [
        0.9999655631289929,
        -1.073867440342161e-15,
        -0.008298949097100456,
        -48.72815810494308
      ],
      [
        -0.0001755169896091396,
        0.999776328475369,
        -0.021148574753339238,
        44.657246597562335
      ],
      [
        0.008297092858503092,
        0.02114930306916091,
        0.9997418993069093,
        0.26571233658398796
      ],
      [
        0.0,
        0.0,
        0.0,
        1.0
      ]
    ],
    "location": [
      -48.72815810494308,
      44.657246597562335,
      0.26571233658398796
    ],
    "rotation": [
      0.02115160822052201,
      -0.008297188059184238,
      -0.00017552303227069864
    ]
  },
  {
    "label_id": "iZ_A_Hu4rrUZSIH7_2d-_w",
    "size": [
      2.722507889703345,
      9.16070932312228,
      3.4399999999999693
    ],
    "obj_class": "vehicle",
    "point_num_in_lidar": 178,
    "speed": 2.4110344074264503,
    "if_vehicle": true,
    "motion_state": true,
    "pose": [
      [
        0.9999647817200762,
        0.0012501053572565987,
        -0.008298949097100456,
        -69.11017800218576
      ],
      [
        -0.0014253856383104858,
        0.9997753277920418,
        -0.021148574753339238,
        44.78851491610112
      ],
      [
        0.008270646607285584,
        0.02115965913976966,
        0.9997418993069093,
        0.7414191025989112
      ],
      [
        0.0,
        0.0,
        0.0,
        1.0
      ]
    ],
    "location": [
      -69.11017800218576,
      44.78851491610112,
      0.7414191025989112
    ],
    "rotation": [
      0.02116196232874852,
      -0.008270740900515347,
      -0.0014254348742779063
    ]
  },
  {
    "label_id": "qkmrz-gkat-9LhZ2vn-TvQ",
    "size": [
      2.315441994564025,
      4.973904103928079,
      1.8600000000000136
    ],
    "obj_class": "vehicle",
    "point_num_in_lidar": 116,
    "speed": 0.0039163052803426485,
    "if_vehicle": true,
    "motion_state": false,
    "pose": [
      [
        0.9999655631289929,
        -1.073867440342161e-15,
        -0.008298949097100456,
        -26.521543133025318
      ],
      [
        -0.0001755169896091396,
        0.999776328475369,
        -0.021148574753339238,
        37.60151692633917
      ],
      [
        0.008297092858503092,
        0.02114930306916091,
        0.9997418993069093,
        -0.20796940703627342
      ],
      [
        0.0,
        0.0,
        0.0,
        1.0
      ]
    ],
    "location": [
      -26.521543133025318,
      37.60151692633917,
      -0.20796940703627342
    ],
    "rotation": [
      0.02115160822052201,
      -0.008297188059184238,
      -0.00017552303227069864
    ]
  },
  {
    "label_id": "uEKUg6y3uDGTsgLjXlD1EQ",
    "size": [
      2.1806642090129276,
      4.893024923547331,
      1.8199999999999932
    ],
    "obj_class": "vehicle",
    "point_num_in_lidar": 64,
    "speed": 3.3128141188349103,
    "if_vehicle": true,
    "motion_state": true,
    "pose": [
      [
        0.09137848189926925,
        -0.9957816530192093,
        -0.008298949097100456,
        10.812275860560703
      ],
      [
        0.9955771711052398,
        0.09153597194540977,
        -0.021148574753339238,
        -12.89623417283292
      ],
      [
        0.02181901509860903,
        -0.006329719609944301,
        0.9997418993069093,
        0.9707226673180003
      ],
      [
        0.0,
        0.0,
        0.0,
        1.0
      ]
    ],
    "location": [
      10.812275860560703,
      -12.89623417283292,
      0.9707226673180003
    ],
    "rotation": [
      -0.006331269139133311,
      -0.021820746697240573,
      1.4792683454120994
    ]
  },
  {
    "label_id": "vmp0DDYMcgxMY4-o6NBGbA",
    "size": [
      0.8965980705391281,
      0.954150722206018,
      1.8899999999999864
    ],
    "obj_class": "pedestrian",
    "point_num_in_lidar": 65,
    "speed": 0.8817200389450852,
    "if_vehicle": false,
    "motion_state": false,
    "pose": [
      [
        -0.06632334847669091,
        -0.9977636698591121,
        -0.008298949097100456,
        -5.587228420717565
      ],
      [
        0.9975864931697024,
        -0.0661356668619711,
        -0.021148574753339238,
        -13.298183955052082
      ],
      [
        0.02055242302539123,
        -0.009681563819921375,
        0.9997418993069093,
        1.0020201121387515
      ],
      [
        0.0,
        0.0,
        0.0,
        1.0
      ]
    ],
    "location": [
      -5.587228420717565,
      -13.298183955052082,
      1.0020201121387515
    ],
    "rotation": [
      -0.00968376057308975,
      -0.020553870198235756,
      1.6371824384079103
    ]
  },
  {
    "label_id": "xBOeeizcDX75aMoJsrC9rw",
    "size": [
      2.198729066010241,
      4.698014836784155,
      2.1100000000000136
    ],
    "obj_class": "vehicle",
    "point_num_in_lidar": 64,
    "speed": 0.746201586292759,
    "if_vehicle": true,
    "motion_state": false,
    "pose": [
      [
        0.05089023239253146,
        -0.9986697710909838,
        -0.008298949097100456,
        11.613536048269282
      ],
      [
        0.9984718492465675,
        0.05105589141364674,
        -0.021148574753339238,
        -35.448587231678175
      ],
      [
        0.021544152551766792,
        -0.007210011167816765,
        0.9997418993069093,
        2.035110952463242
      ],
      [
        0.0,
        0.0,
        0.0,
        1.0
      ]
    ],
    "location": [
      11.613536048269282,
      -35.448587231678175,
      2.035110952463242
    ],
    "rotation": [
      -0.007211747528535129,
      -0.021545819521529227,
      1.51987227290039
    ]
  },
  {
    "label_id": "xtJIQ43inVnI9UjifhxpOw",
    "size": [
      2.1230338389207346,
      4.519668445347049,
      1.509999999999991
    ],
    "obj_class": "vehicle",
    "point_num_in_lidar": 24,
    "speed": 6.961287468381442,
    "if_vehicle": true,
    "motion_state": true,
    "pose": [
      [
        0.04341456538730272,
        -0.9990226738949,
        -0.008298949097100456,
        8.62739000391548
      ],
      [
        0.9988259974184985,
        0.04358170105496317,
        -0.021148574753339238,
        -30.383349925350558
      ],
      [
        0.021489588017767323,
        -0.007371049927959603,
        0.9997418993069093,
        1.7121293117849063
      ],
      [
        0.0,
        0.0,
        0.0,
        1.0
      ]
    ],
    "location": [
      8.62739000391548,
      -30.383349925350558,
      1.7121293117849063
    ],
    "rotation": [
      -0.007372819297594649,
      -0.021491242352108537,
      1.527358074273337
    ]
  },
  {
    "label_id": "zqDKarYYvCT0KnxA5zho_Q",
    "size": [
      1.9985473231645288,
      4.637057661683984,
      1.5900000000000034
    ],
    "obj_class": "vehicle",
    "point_num_in_lidar": 108,
    "speed": 0.06141031811593702,
    "if_vehicle": true,
    "motion_state": false,
    "pose": [
      [
        0.9999655631289929,
        2.5281687595624473e-15,
        -0.008298949097100456,
        -40.435123331530576
      ],
      [
        -0.00017551698961272092,
        0.999776328475369,
        -0.021148574753339238,
        44.95320592728058
      ],
      [
        0.008297092858503016,
        0.021149303069160942,
        0.9997418993069093,
        -0.17680937899788773
      ],
      [
        0.0,
        0.0,
        0.0,
        1.0
      ]
    ],
    "location": [
      -40.435123331530576,
      44.95320592728058,
      -0.17680937899788773
    ],
    "rotation": [
      0.02115160822052204,
      -0.008297188059184162,
      -0.00017552303227428006
    ]
  }
]