[
  {
    "label_id": "1_4ZBy1m-wCtaSSd8Ksj0A",
    "size": [
      1.962013320124364,
      4.630825083069572,
      1.6299999999999955
    ],
    "obj_class": "vehicle",
    "point_num_in_lidar": 24,
    "speed": 9.480940192248442,
    "if_vehicle": true,
    "motion_state": true,
    "pose": [
      [
        -0.030995198457343352,
        0.9993991587404278,
        -0.015511904509603304,
        -1.3306265471935035
      ],
      [
        -0.999361431237817,
        -0.03071054066543504,
        0.018264513306921998,
        -56.758471353368805
      ],
      [
        0.017777160259500675,
        0.016068111306616336,
        0.9997128529593616,
        2.34703059296109
      ],
      [
        0.0,
        0.0,
        0.0,
        1.0
      ]
    ],
    "location": [
      -1.3306265471935035,
      -56.758471353368805,
      2.34703059296109
    ],
    "rotation": [
      0.016071342720880528,
      -0.01777809673772126,
      -1.601801391441662
    ]
  },
  {
    "label_id": "3s9mSj6nOjtOLAebYkQzww",
    "size": [
      2.1835700787282617,
      5.419258701191131,
      2.0500000000000114
    ],
    "obj_class": "vehicle",
    "point_num_in_lidar": 61,
    "speed": 4.285227337692361,
    "if_vehicle": true,
    "motion_state": true,
    "pose": [
      [
        0.01865303777173054,
        -0.9997056791878154,
        -0.015511904509603304,
        10.320634531444625
      ],
      [
        0.9996644398297374,
        0.018368867508872715,
        0.018264513306921998,
        -59.16263277471444
      ],
      [
        -0.017974201561784156,
        -0.015847387988881252,
        0.9997128529593616,
        2.2316101978240113
      ],
      [
        0.0,
        0.0,
        0.0,
        1.0
      ]
    ],
    "location": [
      10.320634531444625,
      -59.16263277471444,
      2.2316101978240113
    ],
    "rotation": [
      -0.0158506122470487,
      0.01797516952915633,
      1.552139192785903
    ]
  },
  {
    "label_id": "EeFaWFjuMPt_17dy4Of2rA",
    "size": [
      2.51234382660531,
      2.9421579336446992,
      4.109999999999985
    ],
    "obj_class": "vehicle",
    "point_num_in_lidar": 1867,
    "speed": 5.037680726674567,
    "if_vehicle": true,
    "motion_state": true,
    "pose": [
      [
        -0.011668150055223868,
        0.9998115997990691,
        -0.015511904509603304,
        -3.1378726797422587
      ],
      [
        -0.9997683760951284,
        -0.011384274846082554,
        0.018264513306921998,
        -3.64684383108397
      ],
      [
        0.018084480484621555,
        0.01572142466365959,
        0.9997128529593616,
        1.872743485429595
      ],
      [
        0.0,
        0.0,
        0.0,
        1.0
      ]
    ],
    "location": [
      -3.1378726797422587,
      -3.64684383108397,
      1.872743485429595
    ],
    "rotation": [
      0.0157246441442759,
      -0.018085466379895995,
      -1.5824666502509972
    ]
  },
  {
    "label_id": "HJX9xEjYqIUiksAPsIux4g",
    "size": [
      1.9348097246699747,
      4.492646533559332,
      1.6100000000000136
    ],
    "obj_class": "vehicle",
    "point_num_in_lidar": 2057,
    "speed": 2.868236349155461,
    "if_vehicle": true,
    "motion_state": true,
    "pose": [
      [
        0.02009529862595884,
        -0.9996777279661774,
        -0.015511904509603304,
        11.234860988843593
      ],
      [
        0.9996368986248433,
        0.01981106916261346,
        0.018264513306921998,
        16.32856691689267
      ],
      [
        -0.017951319751988187,
        -0.015873302964904964,
        0.9997128529593616,
        0.4215637333404345
      ],
      [
        0.0,
        0.0,
        0.0,
        1.0
      ]
    ],
    "location": [
      11.234860988843593,
      16.32856691689267,
      0.4215637333404345
    ],
    "rotation": [
      -0.015876528143713216,
      0.017952284026935095,
      1.5506964361483142
    ]
  },
  {
    "label_id": "HS59FNaZnMQl80b3j8UCng",
    "size": [
      2.2995308253229036,
      5.110397286919652,
      1.960000000000008
    ],
    "obj_class": "vehicle",
    "point_num_in_lidar": 281,
    "speed": 1.1746888447308328,
    "if_vehicle": true,
    "motion_state": true,
    "pose": [
      [
        0.1156445273398485,
        -0.993169534427445,
        -0.015511904509603304,
        8.788151220090867
      ],
      [
        0.9931560852443596,
        0.11535769543363564,
        0.018264513306921998,
        -32.24752003662434
      ],
      [
        -0.016350340621565138,
        -0.01751793336591331,
        0.9997128529593616,
        2.0274040441581747
      ],
      [
        0.0,
        0.0,
        0.0,
        1.0
      ]
    ],
    "location": [
      8.788151220090867,
      -32.24752003662434,
      2.0274040441581747
    ],
    "rotation": [
      -0.017521171863206432,
      0.01635106920855901,
      1.4548769053069341
    ]
  },
  {
    "label_id": "WHju9fOcjusHm3P1uTtS6g",
    "size": [
      3.231060057407124,
      10.43725668466636,
      4.17999999999995
    ],
    "obj_class": "vehicle",
    "point_num_in_lidar": 14635,
    "speed": 0.6225336713448735,
    "if_vehicle": true,
    "motion_state": false,
    "pose": [
      [
        0.0029000818096278223,
        -0.9998754774190546,
        -0.015511904509603304,
        11.530453380158349
      ],
      [
        0.9998297659982542,
        0.002616596556121089,
        0.018264513306921998,
        2.5521673061412002
      ],
      [
        -0.0182216505666666,
        -0.015562232438827043,
        0.9997128529593616,
        1.8181906210002978
      ],
      [
        0.0,
        0.0,
        0.0,
        1.0
      ]
    ],
    "location": [
      11.530453380158349,
      2.5521673061412002,
      1.8181906210002978
    ],
    "rotation": [
      -0.01556544516815637,
      0.018222659068724507,
      1.5678957593431466
    ]
  },
  {
    "label_id": "WKhKiEG1jQxE7N9ko5HnHA",
    "size": [
      3.127178986949572,
      9.644629742415633,
      3.9199999999999875
    ],
    "obj_class": "vehicle",
    "point_num_in_lidar": 2172,
    "speed": 5.031018758513747,
    "if_vehicle": true,
    "motion_state": true,
    "pose": [
      [
        -0.01590066734629156,
        0.9997532443540393,
        -0.015511904509603304,
        -3.2143423441091272
      ],
      [
        -0.9997112228002496,
        -0.015616611696876767,
        0.018264513306921998,
        -9.95340500169732
      ],
      [
        0.01801776304573728,
        0.015797842975591503,
        0.9997128529593616,
        1.8174593570545596
      ],
      [
        0.0,
        0.0,
        0.0,
        1.0
      ]
    ],
    "location": [
      -3.2143423441091272,
      -9.95340500169732,
      1.8174593570545596
    ],
    "rotation": [
      0.015801065414410845,
      -0.018018738068637123,
      -1.5867002461979696
    ]
  },
  {
    "label_id": "WkaPV3nHauk6ZFYDD2hSzw",
    "size": [
      0.9737357452728261,
      0.10007973052051267,
      0.8571206859613767
    ],
    "obj_class": "sign",
    "point_num_in_lidar": 179,
    "speed": 0.02881445563105637,
    "if_vehicle": false,
    "motion_state": false,
    "pose": [
      [
        -0.1240225806983078,
        0.9921581427854214,
        -0.015511904509603304,
        14.308897921525386
      ],
      [
        -0.9921471148910124,
        -0.12373564549919086,
        0.018264513306921998,
        13.286690242321129
      ],
      [
        0.01620191008405777,
        0.01765530338119085,
        0.9997128529593616,
        2.2041468141446785
      ],
      [
        0.0,
        0.0,
        0.0,
        1.0
      ]
    ],
    "location": [
      14.308897921525386,
      13.286690242321129,
      2.2041468141446785
    ],
    "rotation": [
      0.017658538824471194,
      -0.01620261900647381,
      -1.6951554808585452
    ]
  },
  {
    "label_id": "exz0T3CAHGeErNksjdAS4g",
    "size": [
      0.6642698848230698,
      0.5895306633282683,
      1.3400000000000034
    ],
    "obj_class": "pedestrian",
    "point_num_in_lidar": 99,
    "speed": 1.0642400633923252,
    "if_vehicle": false,
    "motion_state": true,
    "pose": [
      [
        0.01440823623371726,
        -0.9997758666556811,
        -0.015511904509603304,
        -6.309623153646783
      ],
      [
        0.9997334211156227,
        0.014124243629805602,
        0.018264513306921998,
        -5.784497803990234
      ],
      [
        -0.01804132570201624,
        -0.01577092878582457,
        0.9997128529593616,
        0.5542000699820164
      ],
      [
        0.0,
        0.0,
        0.0,
        1.0
      ]
    ],
    "location": [
      -6.309623153646783,
      -5.784497803990234,
      0.5542000699820164
    ],
    "rotation": [
      -0.01577415020378818,
      0.018042304555541747,
      1.5563852463157521
    ]
  },
  {
    "label_id": "uEKUg6y3uDGTsgLjXlD1EQ",
    "size": [
      2.1806642090126944,
      4.893024923547331,
      1.8199999999999932
    ],
    "obj_class": "vehicle",
    "point_num_in_lidar": 857,
    "speed": 0.06200658143957734,
    "if_vehicle": true,
    "motion_state": false,
    "pose": [
      [
        0.07924171363653701,
        -0.9967347348409356,
        -0.015511904509603304,
        11.288211826340103
      ],
      [
        0.996710803704515,
        0.07895556555659064,
        0.018264513306921998,
        -7.935995571810054
      ],
      [
        -0.016980123634558072,
        -0.01690819414393223,
        0.9997128529593616,
        0.7807107438055141
      ],
      [
        0.0,
        0.0,
        0.0,
        1.0
      ]
    ],
    "location": [
      11.288211826340103,
      -7.935995571810054,
      0.7807107438055141
    ],
    "rotation": [
      -0.016911438286492626,
      0.01698093970499975,
      1.4914599860157145
    ]
  },
  {
    "label_id": "vmp0DDYMcgxMY4-o6NBGbA",
    "size": [
      0.8965980705398118,
      0.954150722206018,
      1.8899999999999864
    ],
    "obj_class": "pedestrian",
    "point_num_in_lidar": 264,
    "speed": 1.0600347592799078,
    "if_vehicle": false,
    "motion_state": true,
    "pose": [
      [
        0.07217730269428836,
        -0.9972711856833436,
        -0.015511904509603304,
        -5.680446857191043
      ],
      [
        0.9972452276288544,
        0.07189133136293764,
        0.018264513306921998,
        -6.128222741421268
      ],
      [
        -0.01709950137435317,
        -0.016787456049153965,
        0.9997128529593616,
        0.8529930843664317
      ],
      [
        0.0,
        0.0,
        0.0,
        1.0
      ]
    ],
    "location": [
      -5.680446857191043,
      -6.128222741421268,
      0.8529930843664317
    ],
    "rotation": [
      -0.016790699803529693,
      0.01710033477961521,
      1.4985456260422507
    ]
  },
  {
    "label_id": "xBOeeizcDX75aMoJsrC9rw",
    "size": [
      2.1987290660100203,
      4.698014836784155,
      2.1100000000000136
    ],
    "obj_class": "vehicle",
    "point_num_in_lidar": 402,
    "speed": 1.341131256858688,
    "if_vehicle": true,
    "motion_state": true,
    "pose": [
      [
        -0.0018276097044944096,
        -0.9998780128901991,
        -0.015511904509603304,
        11.908071571022333
      ],
      [
        0.9998309615918253,
        -0.002110875654210756,
        0.018264513306921998,
        -25.134251889934603
      ],
      [
        -0.018295028973311526,
        -0.015475902000189641,
        0.9997128529593616,
        1.5979702493772265
      ],
      [
        0.0,
        0.0,
        0.0,
        1.0
      ]
    ],
    "location": [
      11.908071571022333,
      -25.134251889934603,
      1.5979702493772265
    ],
    "rotation": [
      -0.01547911073777787,
      0.018296049709413405,
      1.5726242434519944
    ]
  },
  {
    "label_id": "xtJIQ43inVnI9UjifhxpOw",
    "size": [
      2.123033838919424,
      4.519668445347049,
      1.509999999999991
    ],
    "obj_class": "vehicle",
    "point_num_in_lidar": 312,
    "speed": 0.07285697823499018,
    "if_vehicle": true,
    "motion_state": false,
    "pose": [
      [
        0.07402102529459638,
        -0.9971360331633902,
        -0.015511904509603304,
        11.303302362408147
      ],
      [
        0.9971106038831599,
        0.07373500645840839,
        0.018264513306921998,
        -14.266900931017517
      ],
      [
        -0.017068433967326338,
        -0.016819042474433624,
        0.9997128529593616,
        0.844103469078334
      ],
      [
        0.0,
        0.0,
        0.0,
        1.0
      ]
    ],
    "location": [
      11.303302362408147,
      -14.266900931017517,
      0.844103469078334
    ],
    "rotation": [
      -0.016822286377792886,
      0.017069262837897458,
      1.4966967250217895
    ]
  }
]