[
  {
    "label_id": "3s9mSj6nOjtOLAebYkQzww",
    "size": [
      2.1835700787283563,
      5.419258701191131,
      2.0500000000000114
    ],
    "obj_class": "vehicle",
    "point_num_in_lidar": 116,
    "speed": 2.0345584336542464,
    "if_vehicle": true,
    "motion_state": true,
    "pose": [
      [
        0.030099123507023675,
        -0.9994562738781502,
        -0.013461031524846139,
        10.462471190727001
      ],
      [
        0.9994240924046517,
        0.029881579721602526,
        0.01608025853274096,
        -53.408269160821874
      ],
      [
        -0.015669278389485914,
        -0.013937280902151598,
        0.9997800887774307,
        2.3036107661685605
      ],
      [
        0.0,
        0.0,
        0.0,
        1.0
      ]
    ],
    "location": [
      10.462471190727001,
      -53.408269160821874,
      2.3036107661685605
    ],
    "rotation": [
      -0.013939443621743014,
      0.0156699196636267,
      1.5406889592619477
    ]
  },
  {
    "label_id": "EeFaWFjuMPt_17dy4Of2rA",
    "size": [
      2.5123438266044924,
      2.9421579336446992,
      4.109999999999985
    ],
    "obj_class": "vehicle",
    "point_num_in_lidar": 1684,
    "speed": 5.67943791699164,
    "if_vehicle": true,
    "motion_state": true,
    "pose": [
      [
        -0.02675531779431818,
        0.9995513761683348,
        -0.013461031524846139,
        -3.3061685660072158
      ],
      [
        -0.9995184670917007,
        -0.026537882887996807,
        0.01608025853274096,
        -13.249500816333239
      ],
      [
        0.015715817267385836,
        0.013884782022445552,
        0.9997800887774307,
        2.039021607957693
      ],
      [
        0.0,
        0.0,
        0.0,
        1.0
      ]
    ],
    "location": [
      -3.3061685660072158,
      -13.249500816333239,
      2.039021607957693
    ],
    "rotation": [
      0.013886943358569416,
      -0.015716464272829665,
      -1.597558143639529
    ]
  },
  {
    "label_id": "HS59FNaZnMQl80b3j8UCng",
    "size": [
      2.2995308253228868,
      5.110397286919652,
      1.960000000000008
    ],
    "obj_class": "vehicle",
    "point_num_in_lidar": 509,
    "speed": 0.5396594737257129,
    "if_vehicle": true,
    "motion_state": false,
    "pose": [
      [
        0.14924293784263276,
        -0.9887089289241738,
        -0.013461031524846139,
        9.057162544422795
      ],
      [
        0.9887029577463788,
        0.14902310770173385,
        0.01608025853274096,
        -30.73783242236459
      ],
      [
        -0.013892690440026542,
        -0.01570882670762795,
        0.9997800887774307,
        1.9174040441582179
      ],
      [
        0.0,
        0.0,
        0.0,
        1.0
      ]
    ],
    "location": [
      9.057162544422795,
      -30.73783242236459,
      1.9174040441582179
    ],
    "rotation": [
      -0.0157109892121707,
      0.013893137376243314,
      1.420979167493261
    ]
  },
  {
    "label_id": "WHju9fOcjusHm3P1uTtS6g",
    "size": [
      3.231060057407021,
      10.43725668466636,
      4.17999999999995
    ],
    "obj_class": "vehicle",
    "point_num_in_lidar": 18998,
    "speed": 3.310705144073108,
    "if_vehicle": true,
    "motion_state": true,
    "pose": [
      [
        -0.009980294912475499,
        -0.9998595873140124,
        -0.013461031524846139,
        11.521885482763196
      ],
      [
        0.9998187131870564,
        -0.010196374183941984,
        0.01608025853274096,
        5.951522895316884
      ],
      [
        -0.016215254374778172,
        -0.013298105494916461,
        0.9997800887774307,
        1.8181906210002694
      ],
      [
        0.0,
        0.0,
        0.0,
        1.0
      ]
    ],
    "location": [
      11.521885482763196,
      5.951522895316884,
      1.8181906210002694
    ],
    "rotation": [
      -0.013300246229417622,
      0.01621596505043338,
      1.5807780998041228
    ]
  },
  {
    "label_id": "WKhKiEG1jQxE7N9ko5HnHA",
    "size": [
      3.1271789869503435,
      9.644629742415633,
      3.9199999999999875
    ],
    "obj_class": "vehicle",
    "point_num_in_lidar": 1678,
    "speed": 5.6883630033644845,
    "if_vehicle": true,
    "motion_state": true,
    "pose": [
      [
        -0.016589715967059566,
        0.9997717649315864,
        -0.013461031524846139,
        -3.369582221563064
      ],
      [
        -0.9997366465086396,
        -0.016372626948033656,
        0.01608025853274096,
        -19.579822270112345
      ],
      [
        0.015856196006342606,
        0.01372425343693182,
        0.9997800887774307,
        2.0754354905140815
      ],
      [
        0.0,
        0.0,
        0.0,
        1.0
      ]
    ],
    "location": [
      -3.369582221563064,
      -19.579822270112345,
      2.0754354905140815
    ],
    "rotation": [
      0.013726410069036993,
      -0.015856860506222443,
      -1.5873888899877877
    ]
  },
  {
    "label_id": "exz0T3CAHGeErNksjdAS4g",
    "size": [
      0.6642698848216214,
      0.5895306633282683,
      1.3400000000000034
    ],
    "obj_class": "pedestrian",
    "point_num_in_lidar": 352,
    "speed": 1.1679736599279449,
    "if_vehicle": false,
    "motion_state": true,
    "pose": [
      [
        0.09844521882256727,
        -0.9950514255661683,
        -0.013461031524846139,
        -6.122388722070582
      ],
      [
        0.9950342113062255,
        0.09822598238611904,
        0.01608025853274096,
        -3.817450638554874
      ],
      [
        -0.014678461131017905,
        -0.014977211456672654,
        0.9997800887774307,
        0.554200069981988
      ],
      [
        0.0,
        0.0,
        0.0,
        1.0
      ]
    ],
    "location": [
      -6.122388722070582,
      -3.817450638554874,
      0.554200069981988
    ],
    "rotation": [
      -0.014979385369381265,
      0.014678988278870589,
      1.4721807386008912
    ]
  },
  {
    "label_id": "uEKUg6y3uDGTsgLjXlD1EQ",
    "size": [
      2.180664209013445,
      4.893024923547331,
      1.8199999999999932
    ],
    "obj_class": "vehicle",
    "point_num_in_lidar": 1912,
    "speed": 1.4851002698325784,
    "if_vehicle": true,
    "motion_state": true,
    "pose": [
      [
        0.07068810526182788,
        -0.9974076360269053,
        -0.013461031524846139,
        11.285463054924833
      ],
      [
        0.9973843212304371,
        0.07046943343904877,
        0.01608025853274096,
        -7.015125052450458
      ],
      [
        -0.015089981384781553,
        -0.01456250479826998,
        0.9997800887774307,
        0.7807107438054004
      ],
      [
        0.0,
        0.0,
        0.0,
        1.0
      ]
    ],
    "location": [
      11.285463054924833,
      -7.015125052450458,
      0.7807107438054004
    ],
    "rotation": [
      -0.014564678005890178,
      0.015090554127223576,
      1.5000411499452242
    ]
  },
  {
    "label_id": "vmp0DDYMcgxMY4-o6NBGbA",
    "size": [
      0.8965980705394273,
      0.954150722206018,
      1.8899999999999864
    ],
    "obj_class": "pedestrian",
    "point_num_in_lidar": 814,
    "speed": 1.136257138378092,
    "if_vehicle": false,
    "motion_state": true,
    "pose": [
      [
        0.11287674837752244,
        -0.9935178107643589,
        -0.013461031524846139,
        -5.538514739924096
      ],
      [
        0.993503780254054,
        0.11265728519019373,
        0.01608025853274096,
        -4.107303505412347
      ],
      [
        -0.014459539986524923,
        -0.015188673002299343,
        0.9997800887774307,
        0.8120190158888079
      ],
      [
        0.0,
        0.0,
        0.0,
        1.0
      ]
    ],
    "location": [
      -5.538514739924096,
      -4.107303505412347,
      0.8120190158888079
    ],
    "rotation": [
      -0.015190845299943143,
      0.014460043896601913,
      1.4576666189962952
    ]
  },
  {
    "label_id": "xBOeeizcDX75aMoJsrC9rw",
    "size": [
      2.198729066009707,
      4.698014836784155,
      2.1100000000000136
    ],
    "obj_class": "vehicle",
    "point_num_in_lidar": 668,
    "speed": 0.8327107484960921,
    "if_vehicle": true,
    "motion_state": false,
    "pose": [
      [
        -0.008160436101511164,
        -0.9998760962803942,
        -0.013461031524846139,
        11.89836282556439
      ],
      [
        0.9998356155065576,
        -0.008376589409978756,
        0.01608025853274096,
        -23.404440497222822
      ],
      [
        -0.016191023663014947,
        -0.013327596817745504,
        0.9997800887774307,
        1.568748634367438
      ],
      [
        0.0,
        0.0,
        0.0,
        1.0
      ]
    ],
    "location": [
      11.89836282556439,
      -23.404440497222822,
      1.568748634367438
    ],
    "rotation": [
      -0.013329738809815021,
      0.016191731157256806,
      1.5789579233421238
    ]
  },
  {
    "label_id": "xtJIQ43inVnI9UjifhxpOw",
    "size": [
      2.12303383891976,
      4.519668445347049,
      1.509999999999991
    ],
    "obj_class": "vehicle",
    "point_num_in_lidar": 781,
    "speed": 0.09330153466097404,
    "if_vehicle": true,
    "motion_state": false,
    "pose": [
      [
        0.07006958422011339,
        -0.9974512790094098,
        -0.013461031524846139,
        11.309153989641004
      ],
      [
        0.9974278286157438,
        0.06985092689723395,
        0.01608025853274096,
        -14.155220483529774
      ],
      [
        -0.015099008911281058,
        -0.01455314447429645,
        0.9997800887774307,
        0.8400135056338627
      ],
      [
        0.0,
        0.0,
        0.0,
        1.0
      ]
    ],
    "location": [
      11.309153989641004,
      -14.155220483529774,
      0.8400135056338627
    ],
    "rotation": [
      -0.014555317607648057,
      0.015099582682331785,
      1.5006612699194428
    ]
  }
]