[
  {
    "label_id": "3s9mSj6nOjtOLAebYkQzww",
    "size": [
      2.18357007872846,
      5.419258701191131,
      2.0500000000000114
    ],
    "obj_class": "vehicle",
    "point_num_in_lidar": 161,
    "speed": 1.335679462942548,
    "if_vehicle": true,
    "motion_state": true,
    "pose": [
      [
        0.015679611938249398,
        -0.9998344821005803,
        -0.009228118558514443,
        10.502667910005812
      ],
      [
        0.9997649879299612,
        0.015539002246437023,
        0.015116491609825863,
        -51.91670166773656
      ],
      [
        -0.014970593804876867,
        -0.009462970561579315,
        0.9998431544543774,
        2.3658965494233826
      ],
      [
        0.0,
        0.0,
        0.0,
        1.0
      ]
    ],
    "location": [
      10.502667910005812,
      -51.91670166773656,
      2.3658965494233826
    ],
    "rotation": [
      -0.009464172438658196,
      0.014971153059565687,
      1.5551143147544193
    ]
  },
  {
    "label_id": "EeFaWFjuMPt_17dy4Of2rA",
    "size": [
      2.5123438266048894,
      2.9421579336446992,
      4.109999999999985
    ],
    "obj_class": "vehicle",
    "point_num_in_lidar": 1507,
    "speed": 6.021581546678592,
    "if_vehicle": true,
    "motion_state": true,
    "pose": [
      [
        -0.020947521894624503,
        0.999737987251832,
        -0.009228118558514443,
        -3.4206237991837156
      ],
      [
        -0.9996692349183077,
        -0.02080654798988823,
        0.015116491609825863,
        -19.071296959980828
      ],
      [
        0.014920525604672405,
        0.009541719258092305,
        0.9998431544543774,
        2.247030354543625
      ],
      [
        0.0,
        0.0,
        0.0,
        1.0
      ]
    ],
    "location": [
      -3.4206237991837156,
      -19.071296959980828,
      2.247030354543625
    ],
    "rotation": [
      0.009542926375167177,
      -0.01492107926655822,
      -1.5917477135413314
    ]
  },
  {
    "label_id": "HS59FNaZnMQl80b3j8UCng",
    "size": [
      2.2995308253230267,
      5.110397286919652,
      1.960000000000008
    ],
    "obj_class": "vehicle",
    "point_num_in_lidar": 736,
    "speed": 0.2162534172932195,
    "if_vehicle": true,
    "motion_state": false,
    "pose": [
      [
        0.1534015256243093,
        -0.9881208497769919,
        -0.009228118558514443,
        9.123920788817031
      ],
      [
        0.98807140879665,
        0.15325267632251566,
        0.015116491609825863,
        -30.37600484052564
      ],
      [
        -0.013522686668634086,
        -0.011436932979688235,
        0.9998431544543774,
        1.900736703863231
      ],
      [
        0.0,
        0.0,
        0.0,
        1.0
      ]
    ],
    "location": [
      9.123920788817031,
      -30.37600484052564,
      1.900736703863231
    ],
    "rotation": [
      -0.011438228234153596,
      0.013523098835850305,
      1.416772502248801
    ]
  },
  {
    "label_id": "WKhKiEG1jQxE7N9ko5HnHA",
    "size": [
      3.127178986949548,
      9.644629742415633,
      3.9199999999999875
    ],
    "obj_class": "vehicle",
    "point_num_in_lidar": 1399,
    "speed": 6.011658801205349,
    "if_vehicle": true,
    "motion_state": true,
    "pose": [
      [
        -0.009543006350805521,
        0.9999118825464864,
        -0.009228118558514443,
        -3.46682246420238
      ],
      [
        -0.9998415267171555,
        -0.009402825815563329,
        0.015116491609825863,
        -25.45797046709413
      ],
      [
        0.015028389191668068,
        0.009370912923706466,
        0.9998431544543774,
        2.3924343346354533
      ],
      [
        0.0,
        0.0,
        0.0,
        1.0
      ]
    ],
    "location": [
      -3.46682246420238,
      -25.45797046709413,
      2.3924343346354533
    ],
    "rotation": [
      0.009372108526433016,
      -0.015028954949002393,
      -1.580340555884431
    ]
  },
  {
    "label_id": "exz0T3CAHGeErNksjdAS4g",
    "size": [
      0.6642698848209343,
      0.5895306633282683,
      1.3400000000000034
    ],
    "obj_class": "pedestrian",
    "point_num_in_lidar": 407,
    "speed": 1.1532538045046838,
    "if_vehicle": false,
    "motion_state": true,
    "pose": [
      [
        0.11746726787168939,
        -0.9930338779752839,
        -0.009228118558514443,
        -5.984251127558878
      ],
      [
        0.9929790716228174,
        0.11732030941187524,
        0.015116491609825863,
        -2.6083726420438325
      ],
      [
        -0.013928542560111834,
        -0.010939021568270523,
        0.9998431544543774,
        0.5954500042464304
      ],
      [
        0.0,
        0.0,
        0.0,
        1.0
      ]
    ],
    "location": [
      -5.984251127558878,
      -2.6083726420438325,
      0.5954500042464304
    ],
    "rotation": [
      -0.010940301071097867,
      0.013928992965620786,
      1.453045745383196
    ]
  },
  {
    "label_id": "uEKUg6y3uDGTsgLjXlD1EQ",
    "size": [
      2.1806642090128783,
      4.893024923547331,
      1.8199999999999932
    ],
    "obj_class": "vehicle",
    "point_num_in_lidar": 2931,
    "speed": 2.8603889356651924,
    "if_vehicle": true,
    "motion_state": true,
    "pose": [
      [
        0.05641420097279472,
        -0.9983648029435288,
        -0.009228118558514443,
        11.37569189370322
      ],
      [
        0.9983010969671333,
        0.05627087590955338,
        0.015116491609825863,
        -4.81394678342258
      ],
      [
        -0.014572498852956492,
        -0.010065225675588011,
        0.9998431544543774,
        0.7807107438054857
      ],
      [
        0.0,
        0.0,
        0.0,
        1.0
      ]
    ],
    "location": [
      11.37569189370322,
      -4.81394678342258,
      0.7807107438054857
    ],
    "rotation": [
      -0.010066464571202952,
      0.014573014666028315,
      1.5143461587625666
    ]
  },
  {
    "label_id": "vmp0DDYMcgxMY4-o6NBGbA",
    "size": [
      0.8965980705398429,
      0.954150722206018,
      1.8899999999999864
    ],
    "obj_class": "pedestrian",
    "point_num_in_lidar": 1824,
    "speed": 1.1457968332058328,
    "if_vehicle": false,
    "motion_state": true,
    "pose": [
      [
        0.109423643400463,
        -0.9939523671146613,
        -0.009228118558514443,
        -5.353891835510808
      ],
      [
        0.9938963727572652,
        0.10927713347888282,
        0.015116491609825863,
        -2.97618833051456
      ],
      [
        -0.014016650274577595,
        -0.010825895150061184,
        0.9998431544543774,
        0.7932696598083737
      ],
      [
        0.0,
        0.0,
        0.0,
        1.0
      ]
    ],
    "location": [
      -5.353891835510808,
      -2.97618833051456,
      0.7932696598083737
    ],
    "rotation": [
      -0.010827170308893321,
      0.01401710928216121,
      1.461142318182319
    ]
  },
  {
    "label_id": "xBOeeizcDX75aMoJsrC9rw",
    "size": [
      2.198729066011139,
      4.698014836784155,
      2.1100000000000136
    ],
    "obj_class": "vehicle",
    "point_num_in_lidar": 1040,
    "speed": 1.0309503968873726,
    "if_vehicle": true,
    "motion_state": true,
    "pose": [
      [
        -0.01765420785234965,
        -0.999801565698402,
        -0.009228118558514443,
        11.889823560235925
      ],
      [
        0.9997274235312402,
        -0.01779242313453722,
        0.015116491609825863,
        -22.52842241140206
      ],
      [
        -0.01527768256949942,
        -0.008958733505666302,
        0.9998431544543774,
        1.5308247633329017
      ],
      [
        0.0,
        0.0,
        0.0,
        1.0
      ]
    ],
    "location": [
      11.889823560235925,
      -22.52842241140206,
      1.5308247633329017
    ],
    "rotation": [
      -0.008959899089558096,
      0.015278276953096389,
      1.588453512821805
    ]
  },
  {
    "label_id": "xtJIQ43inVnI9UjifhxpOw",
    "size": [
      2.1230338389195738,
      4.519668445347049,
      1.509999999999991
    ],
    "obj_class": "vehicle",
    "point_num_in_lidar": 1271,
    "speed": 0.30030237740974547,
    "if_vehicle": true,
    "motion_state": false,
    "pose": [
      [
        0.0678752034513643,
        -0.9976511407221995,
        -0.009228118558514443,
        11.31588334042533
      ],
      [
        0.9975890848197958,
        0.06773115627104309,
        0.015116491609825863,
        -14.062138545965354
      ],
      [
        -0.014455953958085875,
        -0.010231905290884769,
        0.9998431544543774,
        0.8354673804325614
      ],
      [
        0.0,
        0.0,
        0.0,
        1.0
      ]
    ],
    "location": [
      11.31588334042533,
      -14.062138545965354,
      0.8354673804325614
    ],
    "rotation": [
      -0.010233153159962038,
      0.014456457493316706,
      1.5028617880589192
    ]
  }
]