[
  {
    "label_id": "2le8ah-E4K_1pHJel303Lw",
    "size": [
      2.118022810886006,
      4.690659923111895,
      1.6599999999999966
    ],
    "obj_class": "vehicle",
    "point_num_in_lidar": 29,
    "speed": 0.4297772584683711,
    "if_vehicle": true,
    "motion_state": false,
    "pose": [
      [
        0.008644330782472754,
        -0.9999273386737066,
        -0.008401959190659612,
        11.185710681471107
      ],
      [
        0.9998459187084467,
        0.008514642757065607,
        0.015350560275819342,
        -38.384981032832
      ],
      [
        -0.015277905202782447,
        -0.008533359926656407,
        0.9998468719663912,
        2.1134024962398428
      ],
      [
        0.0,
        0.0,
        0.0,
        1.0
      ]
    ],
    "location": [
      11.185710681471107,
      -38.384981032832,
      2.1134024962398428
    ],
    "rotation": [
      -0.008534459609220247,
      0.015278499612366488,
      1.5621508792817145
    ]
  },
  {
    "label_id": "3s9mSj6nOjtOLAebYkQzww",
    "size": [
      2.183570078729249,
      5.419258701191131,
      2.0500000000000114
    ],
    "obj_class": "vehicle",
    "point_num_in_lidar": 216,
    "speed": 1.2717903090689247,
    "if_vehicle": true,
    "motion_state": true,
    "pose": [
      [
        0.017737793751602882,
        -0.999807370324196,
        -0.008401959190659612,
        10.516787733482545
      ],
      [
        0.9997271331714308,
        0.0176073706171786,
        0.015350560275819342,
        -51.02624448202914
      ],
      [
        -0.01519966689298965,
        -0.00867195164684552,
        0.9998468719663912,
        2.41590790674411
      ],
      [
        0.0,
        0.0,
        0.0,
        1.0
      ]
    ],
    "location": [
      10.516787733482545,
      -51.02624448202914,
      2.41590790674411
    ],
    "rotation": [
      -0.008673062294186342,
      0.015200252216697614,
      1.5530555531154961
    ]
  },
  {
    "label_id": "EeFaWFjuMPt_17dy4Of2rA",
    "size": [
      2.512343826603969,
      2.9421579336446992,
      4.109999999999985
    ],
    "obj_class": "vehicle",
    "point_num_in_lidar": 1573,
    "speed": 6.155227005568613,
    "if_vehicle": true,
    "motion_state": true,
    "pose": [
      [
        -0.022240622715237572,
        0.9997173409434273,
        -0.008401959190659612,
        -3.517608241215328
      ],
      [
        -0.9996376920141512,
        -0.022109839525407612,
        0.015350560275819342,
        -23.412601571892083
      ],
      [
        0.01516045533152941,
        0.008740321113310072,
        0.9998468719663912,
        2.3970305929617837
      ],
      [
        0.0,
        0.0,
        0.0,
        1.0
      ]
    ],
    "location": [
      -3.517608241215328,
      -23.412601571892083,
      2.3970305929617837
    ],
    "rotation": [
      0.008741437047333822,
      -0.015161036136610425,
      -1.593041340413927
    ]
  },
  {
    "label_id": "HS59FNaZnMQl80b3j8UCng",
    "size": [
      2.2995308253236932,
      5.110397286919652,
      1.960000000000008
    ],
    "obj_class": "vehicle",
    "point_num_in_lidar": 938,
    "speed": 0.1458722156623188,
    "if_vehicle": true,
    "motion_state": false,
    "pose": [
      [
        0.1537759845414492,
        -0.9880700145536582,
        -0.008401959190659612,
        9.13671647290954
      ],
      [
        0.9880082929478357,
        0.15363584661634822,
        0.015350560275819342,
        -30.27858119218763
      ],
      [
        -0.01387658620164263,
        -0.010661752877057961,
        0.9998468719663912,
        1.9085159177733146
      ],
      [
        0.0,
        0.0,
        0.0,
        1.0
      ]
    ],
    "location": [
      9.13671647290954,
      -30.27858119218763,
      1.9085159177733146
    ],
    "rotation": [
      -0.010662981597891943,
      0.013877031585321591,
      1.4163927567398351
    ]
  },
  {
    "label_id": "WKhKiEG1jQxE7N9ko5HnHA",
    "size": [
      3.127178986950652,
      9.644629742415633,
      3.9199999999999875
    ],
    "obj_class": "vehicle",
    "point_num_in_lidar": 1436,
    "speed": 6.10505622103654,
    "if_vehicle": true,
    "motion_state": true,
    "pose": [
      [
        -0.00824448290528917,
        0.9999307153915129,
        -0.008401959190659612,
        -3.4435554543700277
      ],
      [
        -0.9998492435736025,
        -0.008114827448160354,
        0.015350560275819342,
        -29.72228687248935
      ],
      [
        0.015281316269201888,
        0.008527249973097895,
        0.9998468719663912,
        2.609459509298034
      ],
      [
        0.0,
        0.0,
        0.0,
        1.0
      ]
    ],
    "location": [
      -3.4435554543700277,
      -29.72228687248935,
      2.609459509298034
    ],
    "rotation": [
      0.008528349164682727,
      -0.015281911077040543,
      -1.5790418659228675
    ]
  },
  {
    "label_id": "uEKUg6y3uDGTsgLjXlD1EQ",
    "size": [
      2.1806642090138877,
      4.893024923547331,
      1.8199999999999932
    ],
    "obj_class": "vehicle",
    "point_num_in_lidar": 2664,
    "speed": 3.908130174277183,
    "if_vehicle": true,
    "motion_state": true,
    "pose": [
      [
        0.04641218044767098,
        -0.9988870389527793,
        -0.008401959190659612,
        11.464227081116917
      ],
      [
        0.9988105762988672,
        0.046279509210269576,
        0.015350560275819342,
        -2.494231127513558
      ],
      [
        -0.014944637152430903,
        -0.009104418674756467,
        0.9998468719663912,
        0.7807107438054572
      ],
      [
        0.0,
        0.0,
        0.0,
        1.0
      ]
    ],
    "location": [
      11.464227081116917,
      -2.494231127513558,
      0.7807107438054572
    ],
    "rotation": [
      -0.009105561370502061,
      0.014945193502987366,
      1.524362278141978
    ]
  },
  {
    "label_id": "xBOeeizcDX75aMoJsrC9rw",
    "size": [
      2.198729066009932,
      4.698014836784155,
      2.1100000000000136
    ],
    "obj_class": "vehicle",
    "point_num_in_lidar": 1493,
    "speed": 1.3501161926469436,
    "if_vehicle": true,
    "motion_state": true,
    "pose": [
      [
        -0.022546154237895556,
        -0.9997104970994549,
        -0.008401959190659612,
        11.87268275061075
      ],
      [
        0.9996250719625283,
        -0.022673239802213304,
        0.015350560275819342,
        -21.7452444812061
      ],
      [
        -0.015536615879632737,
        -0.008052712960972604,
        0.9998468719663912,
        1.5151109524638287
      ],
      [
        0.0,
        0.0,
        0.0,
        1.0
      ]
    ],
    "location": [
      11.87268275061075,
      -21.7452444812061,
      1.5151109524638287
    ],
    "rotation": [
      -0.008053772110140967,
      0.015537241002253026,
      1.5933471139668496
    ]
  },
  {
    "label_id": "xtJIQ43inVnI9UjifhxpOw",
    "size": [
      2.1230338389200907,
      4.519668445347049,
      1.509999999999991
    ],
    "obj_class": "vehicle",
    "point_num_in_lidar": 1857,
    "speed": 1.1615898874219837,
    "if_vehicle": true,
    "motion_state": true,
    "pose": [
      [
        0.05280319423840342,
        -0.9985695918462467,
        -0.008401959190659612,
        11.314581809071171
      ],
      [
        0.9984939797325142,
        0.05267003642626379,
        0.015350560275819342,
        -13.735888487808552
      ],
      [
        -0.014886071212612107,
        -0.009199864285744298,
        0.9998468719663912,
        0.8241034690783806
      ],
      [
        0.0,
        0.0,
        0.0,
        1.0
      ]
    ],
    "location": [
      11.314581809071171,
      -13.735888487808552,
      0.8241034690783806
    ],
    "rotation": [
      -0.009201013601364853,
      0.014886621047555424,
      1.5179627046609694
    ]
  }
]