[
  {
    "label_id": "-1nJs-MPlHbUNSDA2bcepA",
    "size": [
      2.0842334821925688,
      4.750774199973192,
      1.5800000000000125
    ],
    "obj_class": "vehicle",
    "point_num_in_lidar": 207,
    "speed": 0.07651725341126242,
    "if_vehicle": true,
    "motion_state": false,
    "pose": [
      [
        -0.019123521511672185,
        0.9997507964746233,
        -0.011516764882068379,
        -40.88217877943816
      ],
      [
        -0.9987775552257795,
        -0.018577225043565543,
        0.045807006962863675,
        -34.683763476083186
      ],
      [
        0.04558164216225356,
        0.012378677556062008,
        0.9988839183006979,
        0.43167303948328595
      ],
      [
        0.0,
        0.0,
        0.0,
        1.0
      ]
    ],
    "location": [
      -40.88217877943816,
      -34.683763476083186,
      0.43167303948328595
    ],
    "rotation": [
      0.012391874276424497,
      -0.045597440995378775,
      -1.5899409150972432
    ]
  },
  {
    "label_id": "0QeRQuJwoVh-lYetugJHKA",
    "size": [
      2.4252143671360105,
      6.144650785503405,
      1.7700000000000102
    ],
    "obj_class": "vehicle",
    "point_num_in_lidar": 56,
    "speed": 8.543149943144391e-13,
    "if_vehicle": true,
    "motion_state": false,
    "pose": [
      [
        0.020322721499913914,
        0.999727138331999,
        -0.011516764882068379,
        -51.706677784186695
      ],
      [
        -0.9987331077847692,
        0.02083020709644909,
        0.045807006962863675,
        -34.39125538407461
      ],
      [
        0.04603440458411226,
        0.010571251337043746,
        0.9988839183006979,
        0.36341283423757886
      ],
      [
        0.0,
        0.0,
        0.0,
        1.0
      ]
    ],
    "location": [
      -51.706677784186695,
      -34.39125538407461,
      0.36341283423757886
    ],
    "rotation": [
      0.01058266782109818,
      -0.04605067920272328,
      -1.5504506337502992
    ]
  },
  {
    "label_id": "2le8ah-E4K_1pHJel303Lw",
    "size": [
      2.1180228108860084,
      4.690659923111895,
      1.6599999999999966
    ],
    "obj_class": "vehicle",
    "point_num_in_lidar": 730,
    "speed": 0.045534861799450856,
    "if_vehicle": true,
    "motion_state": false,
    "pose": [
      [
        0.008644062599464571,
        -0.9998963167791087,
        -0.011516764882068379,
        11.185008784749641
      ],
      [
        0.9989174032434448,
        0.008107996699401121,
        0.045807006962863675,
        -38.09678349392016
      ],
      [
        -0.04570887965319079,
        -0.011900255505442145,
        0.9988839183006979,
        2.1134024962398428
      ],
      [
        0.0,
        0.0,
        0.0,
        1.0
      ]
    ],
    "location": [
      11.185008784749641,
      -38.09678349392016,
      2.1134024962398428
    ],
    "rotation": [
      -0.011912988409848623,
      0.045724811242896325,
      1.5621431120046467
    ]
  },
  {
    "label_id": "3s9mSj6nOjtOLAebYkQzww",
    "size": [
      2.183570078728836,
      5.419258701191131,
      2.0500000000000114
    ],
    "obj_class": "vehicle",
    "point_num_in_lidar": 390,
    "speed": 1.1569890569416392,
    "if_vehicle": true,
    "motion_state": true,
    "pose": [
      [
        0.023656707872859905,
        -0.9996538022231842,
        -0.011516764882068379,
        10.56548066848677
      ],
      [
        0.9986830481686206,
        0.02310600384612238,
        0.045807006962863675,
        -48.348618299600275
      ],
      [
        -0.045525042265230596,
        -0.012585240839715897,
        0.9988839183006979,
        2.591609804249316
      ],
      [
        0.0,
        0.0,
        0.0,
        1.0
      ]
    ],
    "location": [
      10.56548066848677,
      -48.348618299600275,
      2.591609804249316
    ],
    "rotation": [
      -0.012598636073062984,
      0.045540782281372816,
      1.5471128521629338
    ]
  },
  {
    "label_id": "80HNtVH9w9Tos3cE-EHyUQ",
    "size": [
      2.065537071684651,
      4.654357226363143,
      1.5900000000000034
    ],
    "obj_class": "vehicle",
    "point_num_in_lidar": 45,
    "speed": 5.684341886080801e-13,
    "if_vehicle": true,
    "motion_state": false,
    "pose": [
      [
        -0.06589760459973451,
        -0.9977599259514626,
        -0.011516764882068379,
        -61.39040488285616
      ],
      [
        0.9967437841557472,
        -0.06635922588446595,
        0.045807006962863675,
        -65.66464561684734
      ],
      [
        -0.04646863947759246,
        -0.008460691777048777,
        0.9988839183006979,
        2.162276883410186
      ],
      [
        0.0,
        0.0,
        0.0,
        1.0
      ]
    ],
    "location": [
      -61.39040488285616,
      -65.66464561684734,
      2.162276883410186
    ],
    "rotation": [
      -0.008469942600873416,
      0.046485379304513554,
      1.6368131364823333
    ]
  },
  {
    "label_id": "EeFaWFjuMPt_17dy4Of2rA",
    "size": [
      2.512343826605339,
      2.9421579336446992,
      4.109999999999985
    ],
    "obj_class": "vehicle",
    "point_num_in_lidar": 1583,
    "speed": 6.189793996289923,
    "if_vehicle": true,
    "motion_state": true,
    "pose": [
      [
        0.003778062598538079,
        0.9999265424868231,
        -0.011516764882068379,
        -3.5574183399231742
      ],
      [
        -0.9989410450786784,
        0.004301926338509573,
        0.045807006962863675,
        -36.374577377397145
      ],
      [
        0.0458531863682267,
        0.01133150740746144,
        0.9988839183006979,
        3.2020305929611084
      ],
      [
        0.0,
        0.0,
        0.0,
        1.0
      ]
    ],
    "location": [
      -3.5574183399231742,
      -36.374577377397145,
      3.2020305929611084
    ],
    "rotation": [
      0.011343681836200482,
      -0.04586926942262884,
      -1.5670142771900095
    ]
  },
  {
    "label_id": "HS59FNaZnMQl80b3j8UCng",
    "size": [
      2.2995308253222606,
      5.110397286919652,
      1.960000000000008
    ],
    "obj_class": "vehicle",
    "point_num_in_lidar": 2590,
    "speed": 1.2559590671943694,
    "if_vehicle": true,
    "motion_state": true,
    "pose": [
      [
        0.1581767807089246,
        -0.9873436434044692,
        -0.011516764882068379,
        9.294343730982177
      ],
      [
        0.9864559726105984,
        0.15750026099655454,
        0.045807006962863675,
        -29.08467478261082
      ],
      [
        -0.043413363673406,
        -0.018606386398365416,
        0.9988839183006979,
        1.8274069782206936
      ],
      [
        0.0,
        0.0,
        0.0,
        1.0
      ]
    ],
    "location": [
      9.294343730982177,
      -29.08467478261082,
      1.8274069782206936
    ],
    "rotation": [
      -0.01862502192933131,
      0.04342701225912104,
      1.411801237345932
    ]
  },
  {
    "label_id": "KUqreWuvc61gWQj3MCTMew",
    "size": [
      0.7013338769961626,
      0.11091285316667145,
      0.5200000000000102
    ],
    "obj_class": "sign",
    "point_num_in_lidar": 29,
    "speed": 0.018497760755872658,
    "if_vehicle": false,
    "motion_state": false,
    "pose": [
      [
        0.5258322966367623,
        0.8505102938473813,
        -0.011516764882068379,
        -22.79152894622638
      ],
      [
        -0.8493963132405099,
        0.5257638454349385,
        0.045807006962863675,
        -24.13017791142738
      ],
      [
        0.04501442954362056,
        -0.014304506042052117,
        0.9988839183006979,
        1.5016730394826823
      ],
      [
        0.0,
        0.0,
        0.0,
        1.0
      ]
    ],
    "location": [
      -22.79152894622638,
      -24.13017791142738,
      1.5016730394826823
    ],
    "rotation": [
      -0.014319510066606108,
      -0.0450296455367734,
      -1.0164756114727478
    ]
  },
  {
    "label_id": "WKhKiEG1jQxE7N9ko5HnHA",
    "size": [
      3.1271789869501756,
      9.644629742415633,
      3.9199999999999875
    ],
    "obj_class": "vehicle",
    "point_num_in_lidar": 1516,
    "speed": 6.191397394697373,
    "if_vehicle": true,
    "motion_state": true,
    "pose": [
      [
        0.005597431596986109,
        0.9999180130821567,
        -0.011516764882068379,
        -3.434698903644346
      ],
      [
        -0.9989315641305715,
        0.006119501348488092,
        0.045807006962863675,
        -42.66328960457031
      ],
      [
        0.0458737282457732,
        0.011248058369231305,
        0.9988839183006979,
        3.2094595092974885
      ],
      [
        0.0,
        0.0,
        0.0,
        1.0
      ]
    ],
    "location": [
      -3.434698903644346,
      -42.66328960457031,
      3.2094595092974885
    ],
    "rotation": [
      0.01126015022868812,
      -0.04588983293879376,
      -1.5651929669494353
    ]
  },
  {
    "label_id": "ce5JhEDD_EgpxGxtYgpHFQ",
    "size": [
      2.282185484437926,
      5.6263102873202175,
      2.0600000000000023
    ],
    "obj_class": "vehicle",
    "point_num_in_lidar": 157,
    "speed": 0.029078920001616174,
    "if_vehicle": true,
    "motion_state": false,
    "pose": [
      [
        0.013219250991683215,
        0.9998462959524679,
        -0.011516764882068379,
        -44.04337606274123
      ],
      [
        -0.998855896127156,
        0.013733786263106687,
        0.045807006962863675,
        -34.71612078628095
      ],
      [
        0.04595813502782094,
        0.010898054184544294,
        0.9988839183006979,
        0.6644858602109025
      ],
      [
        0.0,
        0.0,
        0.0,
        1.0
      ]
    ],
    "location": [
      -44.04337606274123,
      -34.71612078628095,
      0.6644858602109025
    ],
    "rotation": [
      0.010909798031487245,
      -0.045974328838064536,
      -1.557562706866476
    ]
  },
  {
    "label_id": "hhEQD1JiGW7rnolGYsUXPQ",
    "size": [
      2.238320229463767,
      5.063683531040397,
      1.5
    ],
    "obj_class": "vehicle",
    "point_num_in_lidar": 27,
    "speed": 0.03137254814656677,
    "if_vehicle": true,
    "motion_state": false,
    "pose": [
      [
        -0.014036899353661817,
        0.9998351512040303,
        -0.011516764882068379,
        -69.78877164021492
      ],
      [
        -0.9988591431898699,
        -0.013495561459356011,
        0.045807006962863675,
        -34.22922563022621
      ],
      [
        0.04564403052463997,
        0.012146614248852206,
        0.9988839183006979,
        0.5884128342373742
      ],
      [
        0.0,
        0.0,
        0.0,
        1.0
      ]
    ],
    "location": [
      -69.78877164021492,
      -34.22922563022621,
      0.5884128342373742
    ],
    "rotation": [
      0.012159586687020035,
      -0.04565989435967782,
      -1.5848483335604693
    ]
  },
  {
    "label_id": "mkOyL2Y6Gth-33tHEMdWzw",
    "size": [
      2.4339727188631306,
      5.181064631960396,
      1.8499999999999943
    ],
    "obj_class": "vehicle",
    "point_num_in_lidar": 113,
    "speed": 0.038331343973154255,
    "if_vehicle": true,
    "motion_state": false,
    "pose": [
      [
        -0.014036899354480582,
        0.9998351512040189,
        -0.011516764882068379,
        -56.34939208874664
      ],
      [
        -0.9988591431898589,
        -0.013495561460173977,
        0.045807006962863675,
        -34.74315748279696
      ],
      [
        0.04564403052463002,
        0.012146614248889584,
        0.9988839183006979,
        0.6134128342373515
      ],
      [
        0.0,
        0.0,
        0.0,
        1.0
      ]
    ],
    "location": [
      -56.34939208874664,
      -34.74315748279696,
      0.6134128342373515
    ],
    "rotation": [
      0.01215958668705745,
      -0.045659894359667864,
      -1.584848333561289
    ]
  },
  {
    "label_id": "xBOeeizcDX75aMoJsrC9rw",
    "size": [
      2.19872906600966,
      4.698014836784155,
      2.1100000000000136
    ],
    "obj_class": "vehicle",
    "point_num_in_lidar": 2684,
    "speed": 3.6674633731158406,
    "if_vehicle": true,
    "motion_state": true,
    "pose": [
      [
        -0.004321555450818515,
        -0.9999243412804474,
        -0.011516764882068379,
        11.812683334356848
      ],
      [
        0.998938559280468,
        -0.0048448834627130505,
        0.045807006962863675,
        -16.955414021205797
      ],
      [
        -0.04585933864709142,
        -0.01130658299823923,
        0.9988839183006979,
        1.2651109524639423
      ],
      [
        0.0,
        0.0,
        0.0,
        1.0
      ]
    ],
    "location": [
      11.812683334356848,
      -16.955414021205797,
      1.2651109524639423
    ],
    "rotation": [
      -0.011318732781860541,
      0.04587542818020912,
      1.5751224472062826
    ]
  }
]