[
  {
    "label_id": "-37Tr49YQag_EecI_gdFqA",
    "size": [
      2.061484407524052,
      4.778170597256613,
      1.470000000000006
    ],
    "obj_class": "vehicle",
    "point_num_in_lidar": 27,
    "speed": 3.1776437161565096e-13,
    "if_vehicle": true,
    "motion_state": false,
    "pose": [
      [
        0.6660397956340067,
        0.7459021287044255,
        -0.004583124045621018,
        -38.09545921678364
      ],
      [
        -0.7454085304238472,
        0.6658005713815807,
        0.032798199940261105,
        -12.743632632787921
      ],
      [
        0.027515693761401245,
        -0.01842860662577823,
        0.9994514860935779,
        0.6283750035707456
      ],
      [
        0.0,
        0.0,
        0.0,
        1.0
      ]
    ],
    "location": [
      -38.09545921678364,
      -12.743632632787921,
      0.6283750035707456
    ],
    "rotation": [
      -0.018436631308407163,
      -0.027519167028301077,
      -0.8415711281971124
    ]
  },
  {
    "label_id": "5TfIhDaGwG7wy8E9HfiYNA",
    "size": [
      2.0753455018054594,
      4.400591282594326,
      1.4400000000000048
    ],
    "obj_class": "vehicle",
    "point_num_in_lidar": 134,
    "speed": 0.006058246430343932,
    "if_vehicle": true,
    "motion_state": false,
    "pose": [
      [
        -0.9998452369289379,
        -0.016985204281926694,
        -0.004583124045621018,
        -35.26499879418952
      ],
      [
        0.016825946135520867,
        -0.9993203518478563,
        0.032798199940261105,
        -1.3966011691391031
      ],
      [
        -0.005137093259897176,
        0.032716008591789005,
        0.9994514860935779,
        0.7756740602292496
      ],
      [
        0.0,
        0.0,
        0.0,
        1.0
      ]
    ],
    "location": [
      -35.26499879418952,
      -1.3966011691391031,
      0.7756740602292496
    ],
    "rotation": [
      0.03272227952122945,
      0.005137115854580418,
      3.124765691362037
    ]
  },
  {
    "label_id": "7WhMfgaFj6HkR53LFyZ3dA",
    "size": [
      2.203293674702208,
      5.843094606045561,
      1.9500000000000028
    ],
    "obj_class": "vehicle",
    "point_num_in_lidar": 12307,
    "speed": 1.034565839472708e-12,
    "if_vehicle": true,
    "motion_state": false,
    "pose": [
      [
        -0.998972693577621,
        0.0450838381269291,
        -0.004583124045621018,
        7.643763335587209
      ],
      [
        -0.04521022245258819,
        -0.9984389384766934,
        0.032798199940261105,
        3.782125265453942
      ],
      [
        -0.0030973007700554702,
        0.03297171019645033,
        0.9994514860935779,
        0.9779275506471024
      ],
      [
        0.0,
        0.0,
        0.0,
        1.0
      ]
    ],
    "location": [
      7.643763335587209,
      3.782125265453942,
      0.9779275506471024
    ],
    "rotation": [
      0.03297784547081037,
      0.003097305722285005,
      -3.096366798527392
    ]
  },
  {
    "label_id": "9s8YOLhpbgSWdr7GIkOUUQ",
    "size": [
      1.9175413712082325,
      4.427614966261043,
      1.4400000000000048
    ],
    "obj_class": "vehicle",
    "point_num_in_lidar": 397,
    "speed": 1.449228509952941e-12,
    "if_vehicle": true,
    "motion_state": false,
    "pose": [
      [
        -0.04823772863217541,
        -0.9988253683754689,
        -0.004583124045621018,
        -18.65247102392823
      ],
      [
        0.9982912168943647,
        -0.0483624270715111,
        0.032798199940261105,
        9.999034006290458
      ],
      [
        -0.03298132513979961,
        -0.0029931818123386826,
        0.9994514860935779,
        0.5761387631606993
      ],
      [
        0.0,
        0.0,
        0.0,
        1.0
      ]
    ],
    "location": [
      -18.65247102392823,
      9.999034006290458,
      0.5761387631606993
    ],
    "rotation": [
      -0.0029948155617798154,
      0.03298730740584679,
      1.6190790700305426
    ]
  },
  {
    "label_id": "DQe9EgHTvbMojU92WrDD-w",
    "size": [
      2.2950943813680476,
      6.332258661657688,
      2.200000000000003
    ],
    "obj_class": "vehicle",
    "point_num_in_lidar": 96,
    "speed": 0.19109958534427404,
    "if_vehicle": true,
    "motion_state": false,
    "pose": [
      [
        -0.9730219175336259,
        0.23066716925728373,
        -0.004583124045621018,
        -43.34711609628812
      ],
      [
        -0.2306917537149762,
        -0.9724739548433097,
        0.032798199940261105,
        0.6927341941900522
      ],
      [
        0.003108499170771899,
        0.032970656321101695,
        0.9994514860935779,
        1.1383750035709284
      ],
      [
        0.0,
        0.0,
        0.0,
        1.0
      ]
    ],
    "location": [
      -43.34711609628812,
      0.6927341941900522,
      1.1383750035709284
    ],
    "rotation": [
      0.032976792163385754,
      -0.0031085041769109167,
      -2.908802955400893
    ]
  },
  {
    "label_id": "DRWDacxgi2UUnlkU8Pb7_A",
    "size": [
      2.115628600379043,
      4.90184441837974,
      1.720000000000006
    ],
    "obj_class": "vehicle",
    "point_num_in_lidar": 1800,
    "speed": 0.02285939833524604,
    "if_vehicle": true,
    "motion_state": false,
    "pose": [
      [
        0.7282272200039874,
        0.6853204440400467,
        -0.004583124045621018,
        7.029857244933737
      ],
      [
        -0.6848494557081783,
        0.727946083921667,
        0.032798199940261105,
        -10.310602880248553
      ],
      [
        0.025813544147911014,
        -0.020745791955544667,
        0.9994514860935779,
        0.9033334256479222
      ],
      [
        0.0,
        0.0,
        0.0,
        1.0
      ]
    ],
    "location": [
      7.029857244933737,
      -10.310602880248553,
      0.9033334256479222
    ],
    "rotation": [
      -0.020754197177783287,
      -0.025816411769988272,
      -0.754710411377537
    ]
  },
  {
    "label_id": "Go_3rbTk6d2Upk1krZLsKw",
    "size": [
      2.102583894566865,
      4.719586221317513,
      1.8100000000000023
    ],
    "obj_class": "vehicle",
    "point_num_in_lidar": 149,
    "speed": 0.012656333674795864,
    "if_vehicle": true,
    "motion_state": false,
    "pose": [
      [
        -0.9981449532843256,
        0.0607095314346445,
        -0.004583124045621018,
        -36.697231740730786
      ],
      [
        -0.06082754846811958,
        -0.9976092859572014,
        0.032798199940261105,
        1.2011751783938962
      ],
      [
        -0.0025810037563322274,
        0.0330161379472023,
        0.9994514860935779,
        0.9431113298017522
      ],
      [
        0.0,
        0.0,
        0.0,
        1.0
      ]
    ],
    "location": [
      -36.697231740730786,
      1.2011751783938962,
      0.9431113298017522
    ],
    "rotation": [
      0.033022249213225996,
      0.002581006621934819,
      -3.080727329321939
    ]
  },
  {
    "label_id": "HILMjKmKIoQMgeZ6T8zTSg",
    "size": [
      0.7527797330444933,
      0.1029191474772233,
      0.7700000000000031
    ],
    "obj_class": "sign",
    "point_num_in_lidar": 173,
    "speed": 0.015464467725543316,
    "if_vehicle": false,
    "motion_state": false,
    "pose": [
      [
        0.9905502964500723,
        0.13707335691758732,
        -0.004583124045621018,
        -12.300432337371603
      ],
      [
        -0.136852147101835,
        0.9900483664520116,
        0.032798199940261105,
        4.227647835436073
      ],
      [
        0.009033273841279823,
        -0.031861056307777094,
        0.9994514860935779,
        2.5201482576148635
      ],
      [
        0.0,
        0.0,
        0.0,
        1.0
      ]
    ],
    "location": [
      -12.300432337371603,
      4.227647835436073,
      2.5201482576148635
    ],
    "rotation": [
      -0.03186774994589209,
      -0.00903339669837007,
      -0.13728859764824447
    ]
  },
  {
    "label_id": "ISEQHFwDwMdTSWtovFFxdA",
    "size": [
      2.0672801656256636,
      4.46258473180494,
      1.4600000000000009
    ],
    "obj_class": "vehicle",
    "point_num_in_lidar": 2211,
    "speed": 6.355287432313019e-13,
    "if_vehicle": true,
    "motion_state": false,
    "pose": [
      [
        0.68045542473075,
        0.7327751428156369,
        -0.004583124045621018,
        2.834508153366187
      ],
      [
        -0.7322863023049364,
        0.6802066226796399,
        0.032798199940261105,
        -9.840283151150288
      ],
      [
        0.02715117697371436,
        -0.018961554110381768,
        0.9994514860935779,
        0.7563474026452255
      ],
      [
        0.0,
        0.0,
        0.0,
        1.0
      ]
    ],
    "location": [
      2.834508153366187,
      -9.840283151150288,
      0.7563474026452255
    ],
    "rotation": [
      -0.01896968475999262,
      -0.027154513993953824,
      -0.822069863687528
    ]
  },
  {
    "label_id": "NHPW81G5lMyXru_I2sGKqA",
    "size": [
      2.074204117123491,
      4.576080974769498,
      1.4400000000000048
    ],
    "obj_class": "vehicle",
    "point_num_in_lidar": 1128,
    "speed": 2.2781733181718378e-12,
    "if_vehicle": true,
    "motion_state": false,
    "pose": [
      [
        0.6994623711773451,
        0.7146547322175574,
        -0.004583124045621018,
        -0.4596637214972361
      ],
      [
        -0.7141725934347992,
        0.6992008186975269,
        0.032798199940261105,
        -10.377844018274118
      ],
      [
        0.02664391288041574,
        -0.019667965114869134,
        0.9994514860935779,
        0.7640203971370383
      ],
      [
        0.0,
        0.0,
        0.0,
        1.0
      ]
    ],
    "location": [
      -0.4596637214972361,
      -10.377844018274118,
      0.7640203971370383
    ],
    "rotation": [
      -0.019676219554803122,
      -0.026647066298385286,
      -0.7958037431263545
    ]
  },
  {
    "label_id": "OXd0i5MfXfgVle65_zBBXw",
    "size": [
      2.0389075321438384,
      4.734929776064892,
      1.470000000000006
    ],
    "obj_class": "vehicle",
    "point_num_in_lidar": 285,
    "speed": 5.123796534383003e-13,
    "if_vehicle": true,
    "motion_state": false,
    "pose": [
      [
        -0.6583230080294302,
        0.7527216032990321,
        -0.004583124045621018,
        -29.42500382864455
      ],
      [
        -0.752423487648854,
        -0.6578625793545441,
        0.032798199940261105,
        10.160813417951431
      ],
      [
        0.02167284783820148,
        0.025040259821356856,
        0.9994514860935779,
        0.7245554768821307
      ],
      [
        0.0,
        0.0,
        0.0,
        1.0
      ]
    ],
    "location": [
      -29.42500382864455,
      10.160813417951431,
      0.7245554768821307
    ],
    "rotation": [
      0.025048762105727394,
      -0.02167454486424893,
      -2.2895905377573453
    ]
  },
  {
    "label_id": "RqRoUISiOVfgjg-WLH6oig",
    "size": [
      1.8839428583990807,
      4.431572760151295,
      1.5400000000000063
    ],
    "obj_class": "vehicle",
    "point_num_in_lidar": 246,
    "speed": 0.0065788256289240855,
    "if_vehicle": true,
    "motion_state": false,
    "pose": [
      [
        0.07709603223970898,
        0.9970131377202992,
        -0.004583124045621018,
        -27.186682111684604
      ],
      [
        -0.9964756042071234,
        0.07720523493084556,
        0.032798199940261105,
        -22.526957111984302
      ],
      [
        0.033054077402676824,
        0.002038360222517609,
        0.9994514860935779,
        0.8831124419232879
      ],
      [
        0.0,
        0.0,
        0.0,
        1.0
      ]
    ],
    "location": [
      -27.186682111684604,
      -22.526957111984302,
      0.8831124419232879
    ],
    "rotation": [
      0.00203947607734598,
      -0.033060099357309684,
      -1.4935814387493185
    ]
  },
  {
    "label_id": "TgdBnuHVxPOTzl8OMUYiRg",
    "size": [
      0.8323629950249488,
      0.11670498628292902,
      0.7900000000000063
    ],
    "obj_class": "sign",
    "point_num_in_lidar": 44,
    "speed": 0.0037496803059657337,
    "if_vehicle": false,
    "motion_state": false,
    "pose": [
      [
        0.11622472334540461,
        0.9932123683569727,
        -0.004583124045621018,
        -15.46678017785598
      ],
      [
        -0.9926709579468032,
        0.11631271353405438,
        0.032798199940261105,
        -18.300338612236374
      ],
      [
        0.0331086534347216,
        0.0007375724224715311,
        0.9994514860935779,
        2.8787672786422576
      ],
      [
        0.0,
        0.0,
        0.0,
        1.0
      ]
    ],
    "location": [
      -15.46678017785598,
      -18.300338612236374,
      2.8787672786422576
    ],
    "rotation": [
      0.0007379770792656435,
      -0.033114705277264934,
      -1.4542441463110978
    ]
  },
  {
    "label_id": "XvVgKHrB7eBfiBwcpoWd3g",
    "size": [
      0.7460676117658187,
      0.8228660025952748,
      1.5900000000000034
    ],
    "obj_class": "pedestrian",
    "point_num_in_lidar": 54,
    "speed": 1.4270179711685231,
    "if_vehicle": false,
    "motion_state": true,
    "pose": [
      [
        0.9996067833397517,
        -0.027663580302219274,
        -0.004583124045621018,
        -2.3323366853337575
      ],
      [
        0.027799249478851977,
        0.9990753123809493,
        0.032798199940261105,
        -15.59251408502314
      ],
      [
        0.003671570449743802,
        -0.032912710550355176,
        0.9994514860935779,
        0.8540949721973163
      ],
      [
        0.0,
        0.0,
        0.0,
        1.0
      ]
    ],
    "location": [
      -2.3323366853337575,
      -15.59251408502314,
      0.8540949721973163
    ],
    "rotation": [
      -0.03291887750650268,
      -0.0036715786988516506,
      0.027803018707164687
    ]
  },
  {
    "label_id": "cvsSzEWkCO_fUj4Y4e3xgA",
    "size": [
      0.7530615077669899,
      0.8484543407193996,
      1.7100000000000009
    ],
    "obj_class": "pedestrian",
    "point_num_in_lidar": 79,
    "speed": 0.029921520582151945,
    "if_vehicle": false,
    "motion_state": false,
    "pose": [
      [
        0.14918892251916252,
        0.9887980887782672,
        -0.004583124045621018,
        -7.0652252778909315
      ],
      [
        -0.9882540517649002,
        0.14925885987416893,
        0.032798199940261105,
        -16.91147841482234
      ],
      [
        0.03311486928600893,
        -0.0003638372018295018,
        0.9994514860935779,
        0.962051051634873
      ],
      [
        0.0,
        0.0,
        0.0,
        1.0
      ]
    ],
    "location": [
      -7.0652252778909315,
      -16.91147841482234,
      0.962051051634873
    ],
    "rotation": [
      -0.00036403686504018015,
      -0.03312092453885147,
      -1.4209655677853583
    ]
  },
  {
    "label_id": "h14DkRFx53Pkx5pEtWdarQ",
    "size": [
      0.8347280264472842,
      0.12141330286285525,
      0.7900000000000063
    ],
    "obj_class": "sign",
    "point_num_in_lidar": 41,
    "speed": 0.017148635494614588,
    "if_vehicle": false,
    "motion_state": false,
    "pose": [
      [
        -0.9973425613037448,
        0.07271045582355189,
        -0.004583124045621018,
        -33.099016625405966
      ],
      [
        -0.0728220215131948,
        -0.9968055132589358,
        0.032798199940261105,
        -15.202647981321206
      ],
      [
        -0.0021837112487762527,
        0.033044793092420185,
        0.9994514860935779,
        2.5903869525272185
      ],
      [
        0.0,
        0.0,
        0.0,
        1.0
      ]
    ],
    "location": [
      -33.099016625405966,
      -15.202647981321206,
      2.5903869525272185
    ],
    "rotation": [
      0.033050888804379945,
      0.0021837129843190004,
      -3.0687059408053368
    ]
  },
  {
    "label_id": "iMUAR45EX3cmZKOzXxFuBQ",
    "size": [
      2.1973917554267413,
      4.821743567278267,
      1.8300000000000054
    ],
    "obj_class": "vehicle",
    "point_num_in_lidar": 1139,
    "speed": 0.017324888346726807,
    "if_vehicle": true,
    "motion_state": false,
    "pose": [
      [
        0.9984878041302754,
        -0.054782296201267934,
        -0.004583124045621018,
        -6.623112580781708
      ],
      [
        0.05490349150745305,
        0.9979528469326443,
        0.032798199940261105,
        -6.833119312870622
      ],
      [
        0.0027769809851771613,
        -0.03300023214989339,
        0.9994514860935779,
        1.0090531020619693
      ],
      [
        0.0,
        0.0,
        0.0,
        1.0
      ]
    ],
    "location": [
      -6.623112580781708,
      -6.833119312870622,
      1.0090531020619693
    ],
    "rotation": [
      -0.03300635202622068,
      -0.0027769845543614675,
      0.05493132446314641
    ]
  },
  {
    "label_id": "jMGHvd_g07NfKjTg9VxCWQ",
    "size": [
      0.8940892438934344,
      0.9789737546767773,
      1.7464521148686387
    ],
    "obj_class": "pedestrian",
    "point_num_in_lidar": 33,
    "speed": 1.4190199814412163,
    "if_vehicle": false,
    "motion_state": true,
    "pose": [
      [
        -0.9985340794885986,
        -0.05393224521415599,
        -0.004583124045621018,
        -39.98940209147804
      ],
      [
        0.05375369386115043,
        -0.9980154399992821,
        0.032798199940261105,
        -17.423353420004787
      ],
      [
        -0.006342909122722827,
        0.032503760539355636,
        0.9994514860935779,
        0.9458667354513324
      ],
      [
        0.0,
        0.0,
        0.0,
        1.0
      ]
    ],
    "location": [
      -39.98940209147804,
      -17.423353420004787,
      0.9458667354513324
    ],
    "rotation": [
      0.03251014082163237,
      0.006342951655337333,
      3.0878119565693907
    ]
  },
  {
    "label_id": "k2lGwS9hat1VWw7Gs3kL-g",
    "size": [
      2.0645598613166882,
      4.688562644750567,
      1.6000000000000014
    ],
    "obj_class": "vehicle",
    "point_num_in_lidar": 5737,
    "speed": 0.008700593749857058,
    "if_vehicle": true,
    "motion_state": false,
    "pose": [
      [
        -0.9961386480119319,
        0.08767433439121806,
        -0.004583124045621018,
        1.8771288439465934
      ],
      [
        -0.08777782536231997,
        -0.9955999856645946,
        0.032798199940261105,
        3.3303621397608367
      ],
      [
        -0.0016873978851268635,
        0.033073851207807085,
        0.9994514860935779,
        0.8197916491776098
      ],
      [
        0.0,
        0.0,
        0.0,
        1.0
      ]
    ],
    "location": [
      1.8771288439465934,
      3.3303621397608367,
      0.8197916491776098
    ],
    "rotation": [
      0.03307993109158223,
      0.0016873986858858242,
      -3.053701589571408
    ]
  },
  {
    "label_id": "kj0_f_xDpwHjzq-hnWZI7Q",
    "size": [
      2.056599742999722,
      4.515148634566527,
      1.4600000000000009
    ],
    "obj_class": "vehicle",
    "point_num_in_lidar": 2158,
    "speed": 7.105427357601002e-13,
    "if_vehicle": true,
    "motion_state": false,
    "pose": [
      [
        0.640038982101187,
        0.7683287684089795,
        -0.004583124045621018,
        10.327161204779259
      ],
      [
        -0.7678272481063747,
        0.6398168450002474,
        0.032798199940261105,
        -9.809972486596962
      ],
      [
        0.02813216053324628,
        -0.01747307898083658,
        0.9994514860935779,
        0.7272999069275983
      ],
      [
        0.0,
        0.0,
        0.0,
        1.0
      ]
    ],
    "location": [
      10.327161204779259,
      -9.809972486596962,
      0.7272999069275983
    ],
    "rotation": [
      -0.017480887638374076,
      -0.02813587257390828,
      -0.8759174550047779
    ]
  },
  {
    "label_id": "l4IU7hYAbEicJJhcNV-PYQ",
    "size": [
      1.7797335311146547,
      3.629981180814881,
      1.4200000000000017
    ],
    "obj_class": "vehicle",
    "point_num_in_lidar": 234,
    "speed": 6.355287432313019e-13,
    "if_vehicle": true,
    "motion_state": false,
    "pose": [
      [
        0.708769060654311,
        0.7054256967485579,
        -0.004583124045621018,
        -7.661596939419724
      ],
      [
        -0.7049470274718592,
        0.7085012113887094,
        0.032798199940261105,
        -10.27648014171973
      ],
      [
        0.02638384198322441,
        -0.020015489690315795,
        0.9994514860935779,
        0.6691102604513688
      ],
      [
        0.0,
        0.0,
        0.0,
        1.0
      ]
    ],
    "location": [
      -7.661596939419724,
      -10.27648014171973,
      0.6691102604513688
    ],
    "rotation": [
      -0.020023797863646,
      -0.026386903939173496,
      -0.7826946333869274
    ]
  },
  {
    "label_id": "lbLwsu8SH-0HdB69pypZYw",
    "size": [
      2.317356257481388,
      5.409726554449852,
      1.8200000000000074
    ],
    "obj_class": "vehicle",
    "point_num_in_lidar": 144,
    "speed": 0.0003020394725394752,
    "if_vehicle": true,
    "motion_state": false,
    "pose": [
      [
        -0.7345842080836075,
        0.6785020532085086,
        -0.004583124045621018,
        -29.727344026919127
      ],
      [
        -0.6782545535410486,
        -0.7340947068883631,
        0.032798199940261105,
        13.39256230455976
      ],
      [
        0.018889198898107168,
        0.02720156448307045,
        0.9994514860935779,
        0.91973148071488
      ],
      [
        0.0,
        0.0,
        0.0,
        1.0
      ]
    ],
    "location": [
      -29.727344026919127,
      13.39256230455976,
      0.91973148071488
    ],
    "rotation": [
      0.0272097760008113,
      -0.01889032236197226,
      -2.396043223978202
    ]
  },
  {
    "label_id": "oGhYcNPyTUhm8059vJgk7Q",
    "size": [
      1.9637128907575974,
      4.522243896407982,
      1.5799999999999983
    ],
    "obj_class": "vehicle",
    "point_num_in_lidar": 481,
    "speed": 1.9072184539887107,
    "if_vehicle": true,
    "motion_state": true,
    "pose": [
      [
        -0.5737437261769881,
        -0.8190220580952188,
        -0.004583124045621018,
        -24.56195987805131
      ],
      [
        0.8185037616645301,
        -0.5735641814319414,
        0.032798199940261105,
        -6.754096851820577
      ],
      [
        -0.029491165008518793,
        0.015066457174107309,
        0.9994514860935779,
        0.9183750035709366
      ],
      [
        0.0,
        0.0,
        0.0,
        1.0
      ]
    ],
    "location": [
      -24.56195987805131,
      -6.754096851820577,
      0.9183750035709366
    ],
    "rotation": [
      0.015073584129334223,
      0.029495441568473866,
      2.1821706618915684
    ]
  },
  {
    "label_id": "pMXk7LpwD_NwMqmzuEArMQ",
    "size": [
      1.906810356710233,
      4.170273321995732,
      2.020000000000003
    ],
    "obj_class": "vehicle",
    "point_num_in_lidar": 121,
    "speed": 0.020441153286471923,
    "if_vehicle": true,
    "motion_state": false,
    "pose": [
      [
        0.04994424103840153,
        0.9987414919592961,
        -0.004583124045621018,
        -26.594081062448822
      ],
      [
        -0.9982071281993821,
        0.050068026649960976,
        0.032798199940261105,
        -29.5837785706226
      ],
      [
        0.03298639111877189,
        0.0029368258883188023,
        0.9994514860935779,
        1.3617270300471844
      ],
      [
        0.0,
        0.0,
        0.0,
        1.0
      ]
    ],
    "location": [
      -26.594081062448822,
      -29.5837785706226,
      1.3617270300471844
    ],
    "rotation": [
      0.0029384292050525567,
      -0.03299237614279731,
      -1.520804070294044
    ]
  },
  {
    "label_id": "pgI18KkKJl2QaGwb8uesjQ",
    "size": [
      2.1390806501433524,
      4.556199328982984,
      1.730000000000004
    ],
    "obj_class": "vehicle",
    "point_num_in_lidar": 102,
    "speed": 2.271001771911964,
    "if_vehicle": true,
    "motion_state": true,
    "pose": [
      [
        0.9985894402226405,
        -0.05289730475001764,
        -0.004583124045621018,
        -38.64577882376034
      ],
      [
        0.05301950970489684,
        0.9980547127644512,
        0.032798199940261105,
        -5.754658108622607
      ],
      [
        0.002839272175424133,
        -0.03299493110847112,
        0.9994514860935779,
        0.89837500357077
      ],
      [
        0.0,
        0.0,
        0.0,
        1.0
      ]
    ],
    "location": [
      -38.64577882376034,
      -5.754658108622607,
      0.89837500357077
    ],
    "rotation": [
      -0.033001053850709026,
      -0.002839275990220886,
      0.05304459543461288
    ]
  },
  {
    "label_id": "qOk43BSYT2QZ29ws6A_thw",
    "size": [
      1.1151197425473387,
      1.3341153754663537,
      1.8800000000000026
    ],
    "obj_class": "pedestrian",
    "point_num_in_lidar": 63,
    "speed": 1.6701141065553589,
    "if_vehicle": false,
    "motion_state": true,
    "pose": [
      [
        0.9809551865958462,
        -0.1941801144934542,
        -0.004583124045621018,
        -22.372743808748055
      ],
      [
        0.19422513914077583,
        0.9804085237320334,
        0.032798199940261105,
        -17.069983582774512
      ],
      [
        -0.0018754243399310166,
        -0.03306372224786688,
        0.9994514860935779,
        1.1155777606411874
      ],
      [
        0.0,
        0.0,
        0.0,
        1.0
      ]
    ],
    "location": [
      -22.372743808748055,
      -17.069983582774512,
      1.1155777606411874
    ],
    "rotation": [
      -0.033069807655301785,
      0.0018754254393116476,
      0.19546783350170951
    ]
  },
  {
    "label_id": "t8XzvTv7TV6G03bn5R6WcA",
    "size": [
      0.7511716528416524,
      1.15743233501867,
      1.6400000000000006
    ],
    "obj_class": "pedestrian",
    "point_num_in_lidar": 187,
    "speed": 1.3935474969279855,
    "if_vehicle": false,
    "motion_state": true,
    "pose": [
      [
        -0.999915939808369,
        0.01212882068169452,
        -0.004583124045621018,
        -2.2671436943328445
      ],
      [
        -0.012272731226941856,
        -0.9993866409698051,
        0.032798199940261105,
        7.087181881768629
      ],
      [
        -0.004182509459343342,
        0.03285169036688061,
        0.9994514860935779,
        0.9111142477245195
      ],
      [
        0.0,
        0.0,
        0.0,
        1.0
      ]
    ],
    "location": [
      -2.2671436943328445,
      7.087181881768629,
      0.9111142477245195
    ],
    "rotation": [
      0.03285788984889919,
      0.004182521653814306,
      -3.1293195069003423
    ]
  },
  {
    "label_id": "utUGhFL-R1s-OBA6Xo3RDQ",
    "size": [
      2.1325482430775824,
      4.870659034134611,
      1.490000000000002
    ],
    "obj_class": "vehicle",
    "point_num_in_lidar": 1615,
    "speed": 8.038873388460929e-13,
    "if_vehicle": true,
    "motion_state": false,
    "pose": [
      [
        -0.9963872540451112,
        0.08480232868515915,
        -0.004583124045621018,
        -4.112056127808501
      ],
      [
        -0.0849073720674001,
        -0.9958488922769795,
        0.032798199940261105,
        3.237235064392735
      ],
      [
        -0.0017827352723840898,
        0.033068849394671876,
        0.9994514860935779,
        0.6254996425745176
      ],
      [
        0.0,
        0.0,
        0.0,
        1.0
      ]
    ],
    "location": [
      -4.112056127808501,
      3.237235064392735,
      0.6254996425745176
    ],
    "rotation": [
      0.03307493200695018,
      0.0017827362166839874,
      -3.0565827937993357
    ]
  },
  {
    "label_id": "v44dcr8KRiDCUB5WxhWz-A",
    "size": [
      1.9555931691389545,
      4.405898393964798,
      1.5100000000000051
    ],
    "obj_class": "vehicle",
    "point_num_in_lidar": 1657,
    "speed": 0.010418504400913181,
    "if_vehicle": true,
    "motion_state": false,
    "pose": [
      [
        0.6847135285700595,
        0.7287978998097628,
        -0.004583124045621018,
        13.265971651318068
      ],
      [
        -0.7283105172901079,
        0.6844618824195358,
        0.032798199940261105,
        -8.957637353427344
      ],
      [
        0.027040232945630974,
        -0.019119433767371515,
        0.9994514860935779,
        0.7553941690622068
      ],
      [
        0.0,
        0.0,
        0.0,
        1.0
      ]
    ],
    "location": [
      13.265971651318068,
      -8.957637353427344,
      0.7553941690622068
    ],
    "rotation": [
      -0.019127593752123362,
      -0.027043529217084923,
      -0.8162420564656453
    ]
  },
  {
    "label_id": "wAkzx5aXp8ha5mzB6NAV1g",
    "size": [
      2.319244151233405,
      4.606269919017848,
      1.9500000000000028
    ],
    "obj_class": "vehicle",
    "point_num_in_lidar": 1416,
    "speed": 0.039542468033339544,
    "if_vehicle": true,
    "motion_state": false,
    "pose": [
      [
        0.680896139547526,
        0.732365647831231,
        -0.004583124045621018,
        -4.076946341499024
      ],
      [
        -0.7318769570884509,
        0.6806470434547033,
        0.032798199940261105,
        -10.43577001416088
      ],
      [
        0.027139764778385665,
        -0.018977884842963654,
        0.9994514860935779,
        0.9549520787639807
      ],
      [
        0.0,
        0.0,
        0.0,
        1.0
      ]
    ],
    "location": [
      -4.076946341499024,
      -10.43577001416088,
      0.9549520787639807
    ],
    "rotation": [
      -0.018986018570944747,
      -0.027143097591610096,
      -0.8214681496655566
    ]
  }
]